target_id,rank,funny,somewhat_funny,unfunny,count,score,precision,contest,caption
672,1,27,48,65,140,1.7285714285714286,0.06478905381807194,645,"If we time it right, I can get you in this house today."
7229,2,26,38,65,129,1.697674418604651,0.0692609196841412,645,"Sure, location is important, but timing is everything."
2661,3,32,39,78,149,1.691275167785235,0.06591066904628158,645,"Location is important,
but here,
timing is everything"
234,4,23,39,69,131,1.6488549618320612,0.0667364067695215,645,"The previous owners were a sweet elderly couple, but a tad slow on their feet."
6401,5,25,45,77,147,1.6462585034013606,0.0624140233081533,645,If you want to get into this property you will have to move fast.
1756,6,21,37,65,123,1.6422764227642277,0.06842614986183597,645,I'm afraid this IS the only retirement community you can afford that is on a golf course.
1149,7,22,38,69,129,1.6356589147286822,0.0668885459512493,645,Perhaps I misunderstood you when you said you don't want a long drive.
3325,8,22,30,66,118,1.6271186440677967,0.07201152603983652,645,Getting into a house like this is all about timing.
4445,9,22,24,63,109,1.6238532110091743,0.07687954183471886,645,"On the count of three, whaddya say we take a look inside?"
5872,10,20,32,64,116,1.6206896551724137,0.07103346384329134,645,I'm afraid your offer didn't go through.
3893,11,22,41,76,139,1.6115107913669064,0.06336643524715808,645,"If we time this right, I can get you folks in here today."
3475,12,20,46,75,141,1.6099290780141844,0.06103883664575265,645,Can I show you something in a shoe?
5899,13,19,47,74,140,1.6071428571428572,0.06056977542392989,645,"Shall we go in and have a look... 
on the count of three."
7430,14,22,36,74,132,1.606060606060606,0.06608371288153447,645,And it has five security speeds - off for kids to high for unwanted relatives.
5713,15,18,38,67,123,1.6016260162601625,0.06605729502958688,645,"Trust me, as your broker, this one is all about timing."
7009,16,26,41,88,155,1.6,0.06113025644504761,645,It’s not your typical run of the mill house.
1675,17,16,37,63,116,1.5948275862068966,0.06704118123503355,645,"It's pricier than the clown's mouth, but you save on energy costs."
5426,18,21,43,79,143,1.5944055944055944,0.061368999230538936,645,"On the other hand, it really cuts down on door-to-door salesmen."
567,19,23,28,74,125,1.592,0.07011143204375309,645,The previous owner died of a stroke.
211,20,24,36,82,142,1.591549295774648,0.06411685339883529,645,she's selling because she lost her husband in a terrible accident
778,21,20,41,76,137,1.5912408759124088,0.0626407770711443,645,Forget location. Timing is everything.
6339,22,19,28,65,112,1.5892857142857142,0.07236754134715692,645,"Three words: rotation, rotation, rotation."
6033,23,21,28,70,119,1.588235294117647,0.071018958398836,645,You're going to want to move quickly on this one.
3149,24,27,39,93,159,1.5849056603773586,0.060713774965323895,645,"With this house, timing is everything."
571,25,18,45,76,139,1.5827338129496402,0.060322077696397476,645,"Great, let’s go sign the papers now...no...now! Wait, ok now..."
3486,26,23,39,84,146,1.582191780821918,0.06205186953286892,645,Timing is everything if you want to get into this unique property.
1081,27,20,36,75,131,1.5801526717557253,0.06498041483997613,645,"On my count of three, we can begin our walkthrough."
4190,28,16,37,66,119,1.5798319327731092,0.06590532664970566,645,This came on the market suddenly. The owner just peeked out  the door for the morning paper.
4317,29,20,37,76,133,1.5789473684210527,0.0642272948160175,645,I’ve got 17 others that I think you’ll love
2007,29,14,38,62,114,1.5789473684210527,0.06580887774706697,645,"Geez, you've said no to the igloo, the lighthouse, the old woman's shoe and now this.  What ARE you looking for?"
6065,31,17,40,71,128,1.578125,0.06334019412607712,645,"Listen, we only have a short time to get our foot in the door on this one."
5485,32,16,35,65,116,1.5775862068965518,0.06723369040727972,645,"By far, the most important feature: Rotation. Rotation. Rotation."
6949,33,17,37,69,123,1.5772357723577235,0.06531496199036521,645,Act fast -- this kind of opening only presents itself every eight seconds.
248,34,23,27,77,127,1.5748031496062993,0.06938558088729153,645,"Well, given your budget, this is what 'living on a golf course' looks like."
4821,34,17,39,71,127,1.5748031496062993,0.0637530593254127,645,"I don’t show this to most people, but you look like a fun couple"
2485,36,21,40,82,143,1.5734265734265733,0.06157068719184099,645,"You did say energy efficient, two story property on the golf course."
3457,37,18,43,78,139,1.5683453237410072,0.060452503962605104,645,"If you'll wait just a moment, we can have a look inside."
4358,38,15,38,67,120,1.5666666666666667,0.06453163874896185,645,You don’t want to get the newspaper until after you’ve had at least one cup of coffee.
6782,39,25,32,88,145,1.5655172413793104,0.06403856679165111,645,The only other listing I have in this price range is a shoe.
7284,40,16,37,70,123,1.5609756097560976,0.06442969078331443,645,"If you aren’t ready to decide, we can let that other couple play through."
5618,41,16,44,76,136,1.5588235294117647,0.05974228045806742,645,"It's a four bed, two bath, par three house."
1401,42,16,37,71,124,1.5564516129032258,0.06406790931742781,645,"Usually it's about location, location, location, but in this case, it's all about timing, timing, timing."
3636,43,21,24,74,119,1.5546218487394958,0.0713048854978031,645,Not a huge fan?
6583,44,16,37,72,125,1.552,0.06370901592143312,645,The seller's are disclosing that the floor breaks a little left to right
6485,44,21,27,77,125,1.552,0.06858571279792898,645,Just remember timing is everything.
4647,46,17,30,69,116,1.5517241379310345,0.06855198356507039,645,"This one's is a little different - location, location, timing!"
6769,47,22,26,79,127,1.5511811023622046,0.06865124582242652,645,"I’ll level with you, sir. You need balls to live here."
7544,47,21,28,78,127,1.5511811023622046,0.0677348446223829,645,"Remember, location, location, location. Also, timing, timing, timing."
2613,49,19,44,86,149,1.5503355704697988,0.05826894120720327,645,What obstacles do we need to overcome to put you in this house?
105,50,15,32,66,113,1.5486725663716814,0.06768609973795732,645,"Location, location, timing."
4831,51,20,29,77,126,1.5476190476190477,0.06724241184039563,645,"Forget location,location,location.  Here it's all about timing,timing,timing."
3643,52,14,36,67,117,1.547008547008547,0.06480118372591027,645,It’s all about timing in this market.
560,53,18,37,79,134,1.544776119402985,0.062326560284606404,645,"You understand of course, timing is everything."
6185,53,18,37,79,134,1.544776119402985,0.062326560284606404,645,Timing is everything on this deal.
6897,55,17,33,73,123,1.5447154471544715,0.0655633402297137,645,I finally found a house on a golf course that is in your price range.
748,56,14,33,65,112,1.5446428571428572,0.06698171158937748,645,It's perfect if you want to putter around the house.
4324,57,15,38,72,125,1.544,0.06273754856543248,645,You'll have to get in quickly on this one.
747,58,20,22,72,114,1.543859649122807,0.07280435196569005,645,"In this real estate market, if you want to get in the front door, your timing has to be just right."
5257,59,17,38,78,133,1.5413533834586466,0.061787085258196636,645,It comes with a revolving mortgage.
6303,60,18,43,85,146,1.5410958904109588,0.05842097345734687,645,"Once you get the timing down, the doors are a breeze."
950,61,16,38,76,130,1.5384615384615385,0.06192484543599165,645,It’s perfect for someone who likes to putter around.
4599,62,13,31,62,106,1.5377358490566038,0.06858147914386922,645,"Okay, follow me inside, one at a time."
2125,63,14,30,64,108,1.537037037037037,0.06889566248888937,645,"It hits all three: location, location, timing."
5649,64,16,35,74,125,1.536,0.06379806853179099,645,"So, this is your first time doing AirB&B?"
2155,65,19,39,87,145,1.5310344827586206,0.0595763880799,645,You did say “golf course” and “affordable.”
1087,66,21,30,85,136,1.5294117647058822,0.06428861298335295,645,"It’s a two bed, one bath, three par."
3697,66,16,31,72,119,1.5294117647058822,0.06625851471487382,645,It's a new listing – the last owner died unexpectedly of a stroke.
3240,68,14,38,73,125,1.528,0.061775869597409376,645,Of course you could go solar.
1302,69,17,33,77,127,1.5275590551181102,0.06405336527062885,645,Timing is everything with this one.
1069,70,20,28,81,129,1.5271317829457365,0.06610487558453698,645,You'll want to move quick on this one.
5916,70,15,38,76,129,1.5271317829457365,0.06135335704758423,645,Once you get the timing down it’s a piece of cake.
98,72,17,35,79,131,1.5267175572519085,0.06256247074031838,645,"If you have a small pencil and a score card, I can get you signed today."
834,73,21,31,87,139,1.525179856115108,0.063218292632642,645,If you want to get in on the ground floor timing is everything.
6581,73,15,43,81,139,1.525179856115108,0.058060020978763734,645,The only other thing in your price range is the clown mouth
2877,75,19,25,76,120,1.525,0.0689684903493213,645,It's the only thing on a golf course within your price range.
2188,76,18,38,85,141,1.524822695035461,0.06004182963016858,645,"As with most real estate, timing is everything."
4341,76,19,36,86,141,1.524822695035461,0.060879704565083986,645,It's Quixotic in a nice way.
4087,78,18,28,76,122,1.5245901639344261,0.06708064044665812,645,"On your budget, this is all we could find in a golf community."
6728,79,22,32,91,145,1.5241379310344827,0.061962445848016336,645,What whirring sound?
5739,80,14,41,77,132,1.5227272727272727,0.05936076037014754,645,"My real estate colleagues say, “location, location, location,” but I say, “timing, timing, timing!”"
6086,81,20,32,86,138,1.5217391304347827,0.06274630199192698,645,It’s all about timing folks.
6177,82,10,41,66,117,1.5213675213675213,0.06020679878915464,645,I have one more place to show you.  It is owned by a little old lady who has a of lot kids.
1325,83,16,30,73,119,1.5210084033613445,0.06628560507977332,645,"Of course in this market, timing is everything."
103,84,14,36,73,123,1.5203252032520325,0.06254370029837156,645,"Now with this listing, timing is everything."
1653,85,17,31,77,125,1.52,0.0648571631579984,645,"Trust me, this is the right time to get you into this house.  No wait!  Okay, now this is the right time..."
433,86,15,37,77,129,1.5193798449612403,0.06137630861284154,645,"It has an open, closed, and open again floor plan."
7481,87,22,25,86,133,1.518796992481203,0.06631386234386343,645,This is the only golf course community in your price range.
2663,88,12,46,77,135,1.5185185185185186,0.05647842292056724,645,Sorry the pirate ship is over your budget.
2050,89,19,34,86,139,1.5179856115107915,0.06156520125347796,645,Great! I'll contact the owner with your offer and get ball rolling.
5653,90,20,37,92,149,1.516778523489933,0.05917078219981547,645,It fell into foreclosure after the previous owner suffered from multiple strokes
3437,91,16,32,76,124,1.5161290322580645,0.06425333311701377,645,It sounds like we need to refine what you meant by wanting to live on a golf course.
718,92,16,33,77,126,1.5158730158730158,0.063480157613878,645,This is a two bedroom two bath par 3.
7206,93,19,29,82,130,1.5153846153846153,0.06482361314415645,645,"This property is available, but you'll have to move quickly."
4023,94,21,26,85,132,1.5151515151515151,0.06584461524700556,645,Of course this is a Trump property.  Didn’t you see the huge clown with the round mouth on the 18th hole!
5413,95,18,35,85,138,1.5144927536231885,0.06105277872941203,645,"Location, location, location? No, it's timing, timing, timing."
71,96,19,34,87,140,1.5142857142857142,0.06123574506243826,645,This is the only option next to a golf course in your price range.
44,97,14,46,84,144,1.5138888888888888,0.055737367612050136,645,"Rotation, rotation, rotation."
5462,98,16,31,76,123,1.5121951219512195,0.06465633491376092,645,"If your timing is right, I can get you into this home."
6914,99,13,38,74,125,1.512,0.06076501540174408,645,Here we just call it “golf.”
6707,100,15,36,78,129,1.5116279069767442,0.061391604889368824,645,"""Yes, this is the open house, but we'll have to be quick."
6164,101,17,36,84,137,1.510948905109489,0.060515876864151705,645,"This is a Dutch-style, three-bedroom, two-bath, par-3."
270,102,17,40,88,145,1.5103448275862068,0.05799758993812811,645,"It's not your average, run-of-the-mill property."
1673,103,15,28,71,114,1.5087719298245614,0.06738352441576667,645,It's very energy efficient and its location is above par.
3101,103,11,36,67,114,1.5087719298245614,0.06260605228083224,645,It’s all a matter of timing.
5048,103,16,26,72,114,1.5087719298245614,0.06852586925982919,645,"I really think you should put in an offer now, you already lost the alligator and the castle is out of your price range."
7290,106,15,30,73,118,1.5084745762711864,0.06564378552893928,645,It's a nice place to putter around in.
4510,107,19,25,80,124,1.5080645161290323,0.06725673275952695,645,"Just one thing. If It's windy,use the back door."
2899,108,18,28,80,126,1.507936507936508,0.06546151831762288,645,"Of course, you would have to let people play through."
6768,108,14,36,76,126,1.507936507936508,0.06145953036358127,645,"With this purchase, timing is everything."
334,110,22,23,87,132,1.5075757575757576,0.06672696681999027,645,I'll be honest. You need balls to live here.
5550,110,15,37,80,132,1.5075757575757576,0.06035615257758363,645,"Yes,the listing did say ""Small Dutch Traditional on a golf course."""
963,112,16,37,83,136,1.5073529411764706,0.059953071271102394,645,Timing is everything in this market.
1901,113,25,21,94,140,1.5071428571428571,0.06608757198409693,645,You wanted to live on a golf course and this is in your price range.
4891,114,22,30,94,146,1.5068493150684932,0.06166220269068828,645,"I can probably get you in here, but it's going to take good timing."""
1631,115,20,35,93,148,1.5067567567567568,0.05948901553602059,645,I think we'd like to putt in an offer!
3550,116,11,35,67,113,1.5044247787610618,0.06301011021622707,645,"As promised, a home on a golf course."
5458,117,13,34,72,119,1.504201680672269,0.06300859107669712,645,This is the only Dutch Colonial at your price point.
7349,118,15,31,75,121,1.5041322314049588,0.0644151126781814,645,"With this model, it’s not so much “location, location, location” as “timing, timing, timing.”"
542,119,19,31,87,137,1.5036496350364963,0.062270693639203366,645,"Let me explain the ""intermittent egress"" clause."
5770,120,18,37,90,145,1.5034482758620689,0.05882317968700683,645,How quickly do you think you can move in?
5067,121,17,33,84,134,1.5,0.06154229203482036,645,Timing is important.
4200,121,18,33,87,138,1.5,0.061065333279972336,645,"I know you said solar, but it was just outside your budget."
2910,121,15,29,74,118,1.5,0.06564846084574509,645,What did you think “Easy access to Holland tunnel” meant?
2847,121,16,37,85,138,1.5,0.05930768822842537,645,It's priced to move.
2788,121,14,35,77,126,1.5,0.06146362971528592,645,"Why yes, it was a fore closure."
4902,121,13,27,66,106,1.5,0.06868028197434452,645,"If you like this, I have 17 others to show you."
2333,121,18,31,85,134,1.5,0.062447374320568204,645,"Everyone talks about location, but timing is everything."
1320,121,14,35,77,126,1.5,0.06146362971528592,645,"‘You know what they say – rotation, rotation, rotation’"
1243,121,11,45,78,134,1.5,0.055804378010106216,645,"It's the only 4-blade, 1-bath you'll find at this price."
862,121,11,40,73,124,1.5,0.058948741329902486,645,It is just a matter of timing.
2678,121,16,39,87,142,1.5,0.058062824416857395,645,Golf is big around here.
115,121,13,36,75,124,1.5,0.0611327636501308,645,"Let's hop on the next blade to see the view from
the top."
2772,133,17,38,90,145,1.4965517241379311,0.05800328463006958,645,The previous owners?  Never got the timing down.
6989,133,15,42,88,145,1.4965517241379311,0.05632770318991191,645,Timing is everything on this one !
1145,135,19,33,91,143,1.4965034965034965,0.060264793648563804,645,"If you love it I think we can get you in, but you'll have to move fast."
2271,136,14,39,82,135,1.4962962962962962,0.05842418802316631,645,"Yes, it is only a par-3.  All the par-4 properties have already been sold."
3674,137,14,38,81,133,1.4962406015037595,0.059065460777956144,645,"Remember, with real estate it's all in the timing."
369,138,16,32,81,129,1.496124031007752,0.062377817594694115,645,"And the best part is, it keeps the Jehovah's Witnesses away."
5917,138,15,34,80,129,1.496124031007752,0.061399251598608096,645,It's everything you wanted in your dream house:  a Dutch Colonial on a golf course with a lawn you can putter around on!
4307,140,17,29,81,127,1.4960629921259843,0.06409944130963163,645,The current owners are retiring to a green dinosaur in Florida.
3267,141,11,38,72,121,1.4958677685950412,0.05998618635998609,645,And there are only 17 other homes on this development.
6952,142,15,28,74,117,1.4957264957264957,0.06607153865654862,645,My advice is to move quickly.
5444,143,14,29,72,115,1.4956521739130435,0.06579202727773907,645,"If you want in, you'll have to move fast."""
1265,144,21,30,95,146,1.4931506849315068,0.06089132885212774,645,Yes they do always say location location location but with this property I think you’ll see what I mean when I say that timing is everything.
888,145,20,30,92,142,1.4929577464788732,0.06140439998040282,645,"With your income, this is the only way you can own a house on a golf course."
4536,146,17,35,88,140,1.4928571428571429,0.05954299108545632,645,This really cuts down on the trick or treaters.
4926,147,13,41,82,136,1.4926470588235294,0.05716269210960037,645,The price is on par with others in the neighborhood.
609,148,15,35,82,132,1.4924242424242424,0.06035615257758363,645,You must be the Mulligans.
1032,149,14,36,80,130,1.4923076923076923,0.06005975343643049,645,You should act fast before someone else putts in an offer.
6261,150,14,35,79,128,1.4921875,0.060749191682756304,645,You're getting in at just the right time.
2469,151,12,38,76,126,1.492063492063492,0.05935743945407108,645,"I have 17 other models to show you, so let's get started."
6308,151,12,38,76,126,1.492063492063492,0.05935743945407108,645,"A place like this, you need to move fast."
6456,151,13,36,77,126,1.492063492063492,0.06041762777143638,645,"Think of it more as an ""intermittently gated community."""
1227,154,14,32,76,122,1.4918032786885247,0.0629469808701725,645,"We said we'd like to find something ""under a 'mil"", not live in one"
5835,154,12,36,74,122,1.4918032786885247,0.06075653386181671,645,The Quixotes are motivated to sell.
4562,156,10,37,69,116,1.4913793103448276,0.06060129693068476,645,"It's move-in ready... now. Wait, now! Ok go now!"
27,157,13,30,71,114,1.4912280701754386,0.06503866982373073,645,"In this market, timing is everything."
106,158,10,31,63,104,1.4903846153846154,0.06552367367974135,645,It was slightly misleading to say that it was “near” a golf course.
6641,159,17,38,92,147,1.489795918367347,0.05740915359002901,645,"Okay then, we can look at the one with the water hazard again."
4236,160,18,31,88,137,1.489051094890511,0.061396364384163224,645,"Now, you'll need to time your entries and exits, but otherwise, it's the perfect house"
3640,161,18,29,86,133,1.4887218045112782,0.0627977449674652,645,"If you're not sure, we have seventeen other locations we can look at."
5098,161,13,39,81,133,1.4887218045112782,0.05808572062249958,645,"Believe me, you'll never find another home on a golf course that's this affordable."
3163,163,18,28,85,131,1.4885496183206106,0.06352940258498967,645,"Not only do you qualify for the wind energy tax credit, but we also waive your greens fee."
171,164,15,33,81,129,1.4883720930232558,0.061391604889368824,645,"If you want this place, the timing is...now"
1093,165,11,38,74,123,1.4878048780487805,0.059279351699022514,645,"Yes, it's true what they say about location. 
But timing's important, too."
1148,165,17,26,80,123,1.4878048780487805,0.06567892862863418,645,"It hits every item on your wish-list, large front yard, natural lighting, and you're on a golf course."
455,167,9,41,71,121,1.487603305785124,0.05763438300695277,645,... and an old woman lives in a shoe just down the block.
3464,168,14,30,75,119,1.4873949579831933,0.06411954080656053,645,"Like so much in life,timing is everything."
6922,169,16,25,76,117,1.4871794871794872,0.06716807970047285,645,"Don't worry, almost no one gets the ball through the living room."
2174,170,16,36,88,140,1.4857142857142858,0.05866422849228913,645,"As you know, timing is everything."
5957,170,12,44,84,140,1.4857142857142858,0.055048996475142734,645,"This is a 2 bed, 2 bath, par 3."
5666,172,13,41,84,138,1.4855072463768115,0.05655536381809924,645,This is the closest you’re going to get to a golf course at your price range.
907,173,13,39,82,134,1.4850746268656716,0.0577658668098537,645,"Location may be important, but here, timing is everything"
3648,174,19,42,104,165,1.4848484848484849,0.0541043178189723,645,"You said, ""Find us a house on a golf course."""
1005,175,12,39,79,130,1.4846153846153847,0.05802824080071021,645,I just sold an old woman a shoe who would kill for this kind of light...
6653,176,10,42,76,128,1.484375,0.05654110478679923,645,"It'll cut your energy costs by 80 percent and eliminate, and I mean eliminate, solicitors."
374,177,15,31,80,126,1.4841269841269842,0.06247196398144263,645,You’ll find this an ideal mother-in-law apartment.
3165,177,13,35,78,126,1.4841269841269842,0.06040511592349121,645,I wouldn't worry too much. Most people miss.
5572,177,15,31,80,126,1.4841269841269842,0.06247196398144263,645,"Like I said,"" in this market timing is everything"""
6238,177,15,31,80,126,1.4841269841269842,0.06247196398144263,645,"If you'd like to make an offer, I'll get the ball rolling right away."
2328,181,18,24,82,124,1.4838709677419355,0.06626274597214439,645,It also has a 3 par garage.
6584,181,12,36,76,124,1.4838709677419355,0.06003306957336046,645,"Yes, the blade speed is adjustable."
7045,181,14,32,78,124,1.4838709677419355,0.06217901679443748,645,"Would you like to try and go through the house again?"""
776,184,17,24,79,120,1.4833333333333334,0.06692875652547778,645,Of course timing is everything!
5541,185,12,33,73,118,1.4830508474576272,0.06223079161555708,645,"Location, location, location... and timing. Timing is critical."
5217,186,13,30,73,116,1.4827586206896552,0.06418998065348906,645,You may call it a Quixotic investment.
1630,187,13,42,86,141,1.4822695035460993,0.05568295408676735,645,'You did say you wanted to go Dutch...'
6660,187,15,38,88,141,1.4822695035460993,0.05747369503535054,645,There is a 'play through' clause in the deed.
3521,189,9,36,67,112,1.4821428571428572,0.06080506499789953,645,"Eventually, you don't even notice them."
6779,190,17,32,88,137,1.4817518248175183,0.060502928136740367,645,If you don’t like this .. I have 17 others to choose from
491,191,8,36,64,108,1.4814814814814814,0.060973811799991784,645,"It's a two bedroom, two bathroom, par 3."
559,191,13,39,83,135,1.4814814814814814,0.05744885181714251,645,"Work with me, Mr. Sterling.  You said you wanted a place on a golf course..."
1168,191,20,25,90,135,1.4814814814814814,0.06383007764136593,645,"In real estate, timing is everything."
1720,194,15,34,84,133,1.481203007518797,0.060000668105377374,645,"It checks all your boxes: off-the-grid wind power, plenty of play opportunities for the kids, and it’s golf course adjacent!"
1831,195,18,26,85,129,1.4806201550387597,0.0642683697627536,645,"Like I told you, timing is everything on this house."
3623,195,14,34,81,129,1.4806201550387597,0.06038151395858682,645,Now this little Dutch-influenced charmer affords you sweeping fairway views while putting you right in the middle of the action.
7297,197,14,32,79,125,1.48,0.06180092910878992,645,3 bedrooms. 2 baths. Par 3.
5740,198,15,29,79,123,1.4796747967479675,0.06360027097691742,645,Here is the only golf course option I could find you within your budget.
6731,199,15,28,78,121,1.4793388429752066,0.06438859894473538,645,We also have the same unit in gingerbread.
5851,200,19,30,93,142,1.4788732394366197,0.060562334910938195,645,I just wanted you to see the kind of houses that are available in your budget.
4747,201,11,34,72,117,1.4786324786324787,0.06141840796345578,645,This just came on the market—the previous tenant walked outside while texting.
7278,202,15,37,88,140,1.4785714285714286,0.05776574690243352,645,Once you get the timing down it's a very welcoming space.
5707,203,15,36,87,138,1.4782608695652173,0.0583794981108704,645,"Where else are you going to find an energy efficient house, in a gated community with only 18 homes?"
451,203,11,33,71,115,1.4782608695652173,0.062184766992507995,645,"If this isn't your style, I also have a clown's mouth available."
1994,205,11,41,80,132,1.4772727272727273,0.05636238647103475,645,"We've got a very motivated seller, he moved to a lighthouse."
2920,205,15,33,84,132,1.4772727272727273,0.06032711076063573,645,"Like I said on the phone, it's an authentic Dutch Revival right next to the ninth hole."
6464,205,16,31,85,132,1.4772727272727273,0.06127822381343917,645,"They've rejected a lot of offers, but we time it right, I think we can get you into this house."
3599,208,13,35,80,128,1.4765625,0.059695795997652186,645,"I'm not going to lie, you're going to need balls to move here."
3794,209,17,36,94,147,1.4761904761904763,0.05738154108610372,645,And everything is just a short drive away.
5014,209,9,32,64,105,1.4761904761904763,0.06361404643543564,645,The price is par for the course.
7209,211,17,35,93,145,1.4758620689655173,0.05796910808700806,645,"It's a 2 bed, 1 bath, Par 3."
611,212,11,37,76,124,1.4758064516129032,0.058908363938508734,645,"I am willing to waive the greens fees, but I have a very motivated couple on the 15th hole."
2503,213,15,38,90,143,1.4755244755244756,0.05686598766186658,645,I should probably tell you about the easement.
3990,214,16,35,90,141,1.475177304964539,0.05832998422896027,645,"Manicured lawn, right on the green, powered by renewable wind energy, this listing won't last long!"
4408,214,16,35,90,141,1.475177304964539,0.05832998422896027,645,"No, no, no... your entrance would be around back. This is what we in the business refer to as the Mother-in-law Door."
5923,216,13,31,76,120,1.475,0.06258048039613187,645,"With interest rates rising, you won't see a par three at this price again."
1242,217,12,32,74,118,1.4745762711864407,0.0622061271971591,645,It's perfect for the couple that wants to putter around the house.
4078,218,15,34,86,135,1.474074074074074,0.059321415716335875,645,A lowball offer might get through if you time it right.
3218,218,14,36,85,135,1.474074074074074,0.0583821209196514,645,I am happy to show you a par 4 if you would like a little more space
5224,220,21,21,91,133,1.4736842105263157,0.06542963794821693,645,The prior owners were recently separated.
5802,221,13,36,82,131,1.4732824427480915,0.05868818873289575,645,But it's your choice. Clockwise. Or counterclockwise.
4268,222,17,27,85,129,1.4728682170542635,0.06329678098469035,645,"I suggest that if you want to get into  this house now, timing is everything."
4369,222,12,37,80,129,1.4728682170542635,0.05831691288112822,645,"You know what we say in real estate,  rotation, rotation, rotation."
3919,224,11,38,78,127,1.4724409448818898,0.05790446736457661,645,"This neighborhood checks all your boxes -- a volcano, a waterfall, and a giant clown head."
6705,224,10,40,77,127,1.4724409448818898,0.056814988901014815,645,"Each of the 18 properties is unique while still sharing our signature feature of ""the large round hole in the yard."""
6005,226,13,33,79,125,1.472,0.06072253129153636,645,How's your timing?
62,227,14,39,89,142,1.471830985915493,0.05626618633855954,645,"Well, as with buying any new home, it's all about timing."
5470,228,18,22,83,123,1.4715447154471544,0.06664520838053026,645,"It’s a fast moving market, but if you time the entrance right this could be a hole in one."
5948,228,12,34,77,123,1.4715447154471544,0.0603481869830029,645,Any questions?
7506,228,15,28,80,123,1.4715447154471544,0.06357470987829901,645,"Three words: timing, timing, timing."
4679,231,15,27,79,121,1.4710743801652892,0.0643620742890497,645,You did ask for a Dutch Colonial on a golf course.
2528,232,18,29,91,138,1.4710144927536233,0.061015099578283855,645,"It's a one bedroom, one bath, par five."
711,233,13,38,85,136,1.4705882352941178,0.05711012225809213,645,"...and it is indeed on a golf course, as you requested."
6592,233,12,40,84,136,1.4705882352941178,0.05614831789520138,645,A par 3 seemed to be more within your budget.
387,233,11,34,74,119,1.4705882352941178,0.06064685899314898,645,You asked to see a house on a golf course.
391,236,19,25,90,134,1.4701492537313432,0.06328661515589652,645,This is Trump golf. He hates the word 'miniature.'
5927,236,17,29,88,134,1.4701492537313432,0.06148783584272954,645,Now this is not your run-of-the-mill house!
4540,238,13,21,66,100,1.47,0.07171069824248151,645,"“You’re in luck, this dude from La Mancha is anxious to sell”"
119,239,16,36,93,145,1.4689655172413794,0.0571138310289878,645,"I'm sorry, for the budget that you gave me, this is the only listing available with old world charm, in a gated community, on a course!"
2487,239,13,42,90,145,1.4689655172413794,0.054540199605141615,645,Did I mention it's the only par 3 left in the neighborhood?
6853,241,15,30,83,128,1.46875,0.0616951125248088,645,"Of course, on windy days, we suggest using the back door."
4770,242,10,32,69,111,1.4684684684684686,0.06246351245468729,645,"The good news is, it’s $300k less than the Clown’s Mouth."
2966,243,14,37,88,139,1.4676258992805755,0.057128812404003526,645,Of course the neighbors will want to play through
3958,243,13,39,87,139,1.4676258992805755,0.056208867557855265,645,We also have hole 8 available with a waterfall view.
5515,245,13,31,78,122,1.4672131147540983,0.06179409786562725,645,I can also show you something in a par 3.
2499,246,15,34,88,137,1.467153284671533,0.0586552236454385,645,I think you may have misunderstood the golf membership
7043,247,19,31,98,148,1.4662162162162162,0.058647767482490946,645,"It's hit or miss, really."
28,248,16,30,87,133,1.4661654135338347,0.060893394459277744,645,It's not your run-of-the-mill house.
450,249,16,36,94,146,1.4657534246575343,0.05681216809130882,645,It's a 3 bedroom 2 bath par 3
1970,250,12,37,82,131,1.465648854961832,0.05764787711781533,645,It gets great light...then not so great...then great again...then not so great...
5981,251,16,35,93,144,1.4652777777777777,0.05739183133721185,645,I'll draft the offer and get the ball rolling but timing is everything.
1023,252,13,34,82,129,1.4651162790697674,0.059314674196910416,645,Timing is everything.
160,253,16,33,91,140,1.4642857142857142,0.058598494736440083,645,Three things. Rotation. Rotation. Rotation.
4114,253,12,41,87,140,1.4642857142857142,0.05497894045633623,645,And then there's the 2 par garage...
4246,253,11,30,71,112,1.4642857142857142,0.06332762382214706,645,What you need is a house that says ‘We’re the Johnsons! We’re fun...We’re whimsical...We’re a little bit dangerous...’”
4976,256,17,30,91,138,1.463768115942029,0.060113278842739135,645,I think the 7th hole is more in your price range.
1380,257,9,39,75,123,1.4634146341463414,0.05690104830778156,645,"This is a charming 2-bedroom, 2-bath, par 4."
1878,257,10,37,76,123,1.4634146341463414,0.058060393727990635,645,"Oh, once you get the timing right, you'll never even notice..."
1922,257,13,31,79,123,1.4634146341463414,0.06140724211217847,645,There's a castle on the next green if you want something more upscale.
1564,260,19,31,99,149,1.4630872483221478,0.058336802035189574,645,Would you like to take a look at the lighthouse before making up your mind ?
319,261,14,27,78,119,1.4621848739495797,0.06403548631448523,645,"Well, you said you wanted a house on a golf course..."
4303,262,16,29,87,132,1.4621212121212122,0.06122100122706959,645,"After this, we'll go visit a wonderful 3 bed, 2 bath shoe."
2072,263,15,37,93,145,1.4620689655172414,0.05623967734586239,645,Location isn’ t everything..it’s timing.
6482,264,14,32,84,130,1.4615384615384615,0.059968035765045107,645,"You have to admit, it is not your run of the mill type place"
2440,264,16,34,93,143,1.4615384615384615,0.05767178465523402,645,"Yes, the clown's mouth is cheaper, but it lacks curb appeal."
3912,264,15,30,85,130,1.4615384615384615,0.06095429351485089,645,It’s not your run-of-the-mill rental.
682,267,18,29,94,141,1.4609929078014185,0.05998795091482846,645,"Of course, like life, timing is everthing"
5478,268,14,31,83,128,1.4609375,0.060654184417502165,645,"Location certainly matters, but so does timing!"
1810,269,12,29,74,115,1.4608695652173913,0.06332625500017898,645,"Not to worry, it's actually a very tricky shot."
4148,269,13,27,75,115,1.4608695652173913,0.06451953094718228,645,"Well, just a quick warning, with this place timing is everything!"
1740,271,17,30,92,139,1.460431654676259,0.059772434548448654,645,"Now, timing is critical for this open house."
3670,271,15,34,90,139,1.460431654676259,0.05800185430430612,645,You said you wanted something reasonably priced on a golf course....
2334,273,13,32,81,126,1.4603174603174602,0.06031746031746031,645,Timing is the key.
2370,274,10,37,77,124,1.4596774193548387,0.0577113938159965,645,And it has excellent ventilation.
6631,275,15,32,88,135,1.4592592592592593,0.05925925925925927,645,"Sure, let's talk about the elephant in the corner."
6029,276,8,40,74,122,1.459016393442623,0.05600087698377327,645,We think it might be gophers.
3042,276,9,38,75,122,1.459016393442623,0.05719773789089563,645,"It's a two bed, two bath, par three..."
7109,276,14,28,80,122,1.459016393442623,0.06284103917230406,645,"Well you did say you always wanted to live on a golf course, Harold."
4814,279,15,25,80,120,1.4583333333333333,0.06470773912962786,645,"If you like the property, I think the timing is perfect to get in now."
1957,279,9,37,74,120,1.4583333333333333,0.05785114837938994,645,"Tiny house, green energy source, located next to the fairway... I think you'll find this listing checks all the boxes!"
4485,281,15,30,86,131,1.4580152671755726,0.0605897246808685,645,"Well of course you've heard the three most important words 
in real estate-rotation, rotation, rotation."
1617,282,11,27,69,107,1.4579439252336448,0.06543315494563329,645,Sustainable power and a golf course - seems to check all your boxes
7200,283,16,33,93,142,1.4577464788732395,0.057953683672960596,645,"When we said we wanted to live on a golf course, I don’t think this is quite what we had in mind."
4943,284,9,36,73,118,1.4576271186440677,0.05852509957617586,645,"And, as you can see, it truly is right on the golf course."
6818,284,17,20,81,118,1.4576271186440677,0.06770600928687942,645,"If you have one of those small pencils, I'll write up the contract now."
1154,286,15,34,91,140,1.457142857142857,0.057679901839377844,645,The previous owner died in a freak accident.
3658,287,12,29,75,116,1.456896551724138,0.06290355934291436,645,"On windy days, I suggest working at home..."
435,288,14,30,83,127,1.4566929133858268,0.06098379547931151,645,Follow me in on the count of three.
5197,288,11,36,80,127,1.4566929133858268,0.05782793598429614,645,"It's a charming three-bedroom, three-bath par-three."
74,288,13,32,82,127,1.4566929133858268,0.05995030387003567,645,This Dutch charmer overlooks the seventh hole.
281,288,10,38,79,127,1.4566929133858268,0.05673698796421054,645,"Unfortunately, the house by the waterfall is out of your price range."
3576,288,10,38,79,127,1.4566929133858268,0.05673698796421054,645,I know the tiny house craze is over but the mini-golf house market is just heating up.
6946,293,13,31,81,125,1.456,0.06064598489488786,645,Salesmen and missionaries think twice before ringing your doorbell.
2850,293,11,35,79,125,1.456,0.058479662855918844,645,An opportunity like this only comes around every so often.
6845,293,13,31,81,125,1.456,0.06064598489488786,645,Make sure you look both ways before you walk out of the door.
1593,296,15,37,95,147,1.4557823129251701,0.05564850727255052,645,So. . .would you like to putt in an offer?
426,297,15,26,82,123,1.4552845528455285,0.06349796484476955,645,"And the best part is, that hole leads straight to the parking garage."
1496,297,12,32,79,123,1.4552845528455285,0.0602673334025422,645,I would argue it’s EXACTLY  what the listing said: “Green energy home with European feel. On the course.”
7001,297,16,24,83,123,1.4552845528455285,0.06453891508812643,645,"As I was saying, timing is everything."
1492,300,12,37,85,134,1.455223880597015,0.05666811284228891,645,"I'd act fast, the foot traffic on this property has been unbelievable."
4807,300,13,35,86,134,1.455223880597015,0.05764976898254179,645,And the location is great. I just sold the shoe next door to a little old woman.
5483,300,15,31,88,134,1.455223880597015,0.05956456635457471,645,"If you don’t like this floor plan, we have 17 more to choose from."
3603,303,16,34,95,145,1.4551724137931035,0.05705018153438331,645,"As we say in the real estate business, it's all about ""timing, timing, timing."""
624,304,15,30,87,132,1.4545454545454546,0.060228991242029184,645,"Two bed, one bath, par 4"
1778,304,13,24,73,110,1.4545454545454546,0.06665655646541553,645,"Before we get to the showing, remember that timing is key."
3622,304,14,37,92,143,1.4545454545454546,0.05590094862392177,645,"Your mortgage statements will be written with a stubby pencil on a little card, and will probably not be accurate."
5951,307,13,38,90,141,1.4539007092198581,0.05556669213721828,645,If you are a drinking man we should look elsewhere
547,307,15,34,92,141,1.4539007092198581,0.05736106275392596,645,"It tends to get a bit noisy in the summer months, but that's par for the course around here."
163,309,9,30,67,106,1.4528301886792452,0.06306356050349456,645,"You hated the clown on hole 6, and you hate the windmill. Do you want to live on a golf course or not?"
3769,309,8,32,66,106,1.4528301886792452,0.06162238346624348,645,"What we're offering is a lifestyle that's high on whimsy and low on maintenance."""
4183,311,13,41,94,148,1.4527027027027026,0.05367061556503306,645,"On a windy day, use the back door."
6077,311,19,29,100,148,1.4527027027027026,0.058584186904598906,645,"It’s a three bedroom, two bath, par three."
3478,313,12,33,81,126,1.4523809523809523,0.05920868968521735,645,90% of the balls never make it this far. It's safer than a bocce ball court.
2124,314,12,28,75,115,1.4521739130434783,0.0632738629543106,645,This is the only golf retirement community you can afford.
6622,314,11,30,74,115,1.4521739130434783,0.06205663890241043,645,"If you want in, we gotta act fast. In this neighborhood, timing is everything."
7014,314,14,24,77,115,1.4521739130434783,0.06564063022057542,645,"And the best part is, you can charge your Tesla for free."
453,317,13,35,87,135,1.451851851851852,0.0573204105519101,645,"It's a 2 bath, 3 bed, 4 par."
4287,317,12,37,86,135,1.451851851851852,0.056347769665941384,645,Ready to get swept off your feet?
1532,319,11,34,79,124,1.4516129032258065,0.05878706536737415,645,You could putter around the yard to your heart's content.
4946,319,11,34,79,124,1.4516129032258065,0.05878706536737415,645,"If you're interested in this house, know that timing is everything."
3187,321,11,29,73,113,1.4513274336283186,0.06284343120928731,645,It looked different on Zillow ?
2825,322,16,28,89,133,1.4511278195488722,0.06081598011546122,645,I’ll see what I can do but no one gets this property on their first shot.
3607,323,14,27,81,122,1.4508196721311475,0.06279242282498423,645,You said you wanted a house on a golf course.
7089,323,13,29,80,122,1.4508196721311475,0.061704176255320924,645,"Yes, indeed. Timing is everything."
2599,325,15,29,87,131,1.450381679389313,0.060545320332887925,645,"Location? No, no, no.  In real estate, it's timing, timing, timing."
2223,326,12,39,89,140,1.45,0.05489876696788406,645,This one's gonna sell fast.  It's the only par-3 in the neighborhood.
3023,326,10,34,76,120,1.45,0.05899484856207993,645,To get you into this one timing's everything.
5059,326,12,39,89,140,1.45,0.05489876696788406,645,"Oh, there are a couple of easements that I should probably mention."
2376,329,13,32,84,129,1.449612403100775,0.05922754569742685,645,"I can get you into this house, but timing is everything"
6481,329,10,38,81,129,1.449612403100775,0.056076109675311195,645,"In this business, timing is everything."
6667,331,16,30,92,138,1.4492753623188406,0.05914914151835688,645,"On the bright side, very few people can make this shot."
1964,332,13,40,94,147,1.4489795918367347,0.05390679845364344,645,We can't keep going round and round on the price. There's a foursome waiting.
6396,333,13,31,83,127,1.4488188976377954,0.05990103638832392,645,Just some parting words of advice - don’t text and walk.
3132,333,16,25,86,127,1.4488188976377954,0.06295305625030408,645,...and the Hubbards are just two streets over in the shoe
1270,333,16,25,86,127,1.4488188976377954,0.06295305625030408,645,Your timing will be crucial for this property.
3013,336,14,33,89,136,1.4485294117647058,0.05794206119448846,645,Once you get the timing down I think you’ll really like it here.
4766,336,17,27,92,136,1.4485294117647058,0.06069662133172456,645,"Well yes, there is no driveway, but that's kind of the point."
6279,336,15,31,90,136,1.4485294117647058,0.05887456936011918,645,"It's on a golf course, it's close to church, and it's eco-friendly. What else could you want?"
6530,339,17,31,97,145,1.4482758620689655,0.05784362133372935,645,Mexico will pay for the windmill.
1072,340,13,30,82,125,1.448,0.060594900243204214,645,"It's 2 bedrooms, 1 1/2 baths and a par 3."
3876,340,12,32,81,125,1.448,0.05952066596921907,645,And of course any late rent payments will result in a two stroke penalty.
133,342,14,32,88,134,1.4477611940298507,0.05856853392095196,645,This house perfectly fits your criteria - a traditional design near a golf course.
2057,342,13,34,87,134,1.4477611940298507,0.05760253740084418,645,"This offer should go through easily, but we’ll have to time it just right."
3956,342,17,26,91,134,1.4477611940298507,0.06137536735166514,645,"In this case, it’s “timing, timing, timing.”"
1876,345,9,29,67,105,1.4476190476190476,0.06344931405765457,645,"Now I have to warn you,the front door is a little tricky."
2202,346,15,34,94,143,1.4475524475524475,0.056732598872928044,645,"As with all real estate, timing is crucial."
2567,347,19,30,103,152,1.4473684210526316,0.05738391200447327,645,"Good news, Mr. and Mrs. Quixote!  Your dream home is no longer impossible!"
6048,347,10,31,73,114,1.4473684210526316,0.061159049387839594,645,"Trust me folks, around here below par is a good thing."
3208,349,14,27,82,123,1.4471544715447155,0.06238757932191246,645,"Listen, real estate is all about timing."
3126,349,11,33,79,123,1.4471544715447155,0.059096277291158614,645,...And you never have to worry about door-to-door salesmen.
7516,349,8,39,76,123,1.4471544715447155,0.055610519919338096,645,Did I mention proximity to recreational activities?
6982,352,13,37,91,141,1.446808510638298,0.0555214134096059,645,You said you were looking for a Dutch colonial?
2593,353,11,32,78,121,1.4462809917355373,0.05978659618239864,645,The pirate ship is taken. This is the best we have
2460,354,14,38,96,148,1.445945945945946,0.05447756502779116,645,I also have something on the back-nine with a water feature.
7459,355,17,36,104,157,1.4458598726114649,0.0545158972439311,645,Let’s get the ball rolling if you think the timing’s right.
6118,356,13,27,79,119,1.4453781512605042,0.06280881999748765,645,This is the only Dutch colonial I could find in your price range.
2776,357,12,33,83,128,1.4453125,0.058492160948886755,645,"It's a great deal, quite a bit less than you usually pay for a place on a golf course."
6713,357,10,37,81,128,1.4453125,0.05634953327530307,645,It’s perfect.  You’ll be downsizing... and living on a golf course.
4650,359,18,25,94,137,1.4452554744525548,0.061223839524365914,645,It depends on how much you putt down.
5171,359,16,29,92,137,1.4452554744525548,0.05944471475407852,645,"On a windy day, it generates its own power AND keeps away Jehovah's Witnesses."
6783,361,16,32,96,144,1.4444444444444444,0.05727713284842925,645,"Compared to other houses in the neighborhood, it's above par."""
5346,361,15,30,90,135,1.4444444444444444,0.05916936243751665,645,It wasn’t easy finding something in your price range that was in a family friendly neighborhood and on a golf course.
6849,361,13,38,93,144,1.4444444444444444,0.05467444243850432,645,The seller is very motivated.
1372,361,16,28,91,135,1.4444444444444444,0.06009635405559766,645,Gotta move fast on this one. shall we get the ball rolling?
516,361,13,34,88,135,1.4444444444444444,0.057270383377755724,645,"It's the original air bnb."""
4310,361,13,30,83,126,1.4444444444444444,0.06021712624136889,645,"This particular tiny house is exotic, quixotic, and a step up from your current shoe."
5661,367,13,37,92,142,1.443661971830986,0.055218753760736185,645,I was told they were very happy here before the accident.
3471,368,12,31,81,124,1.4435483870967742,0.05983456885497005,645,"When you're thinking of getting into a home, timing is everything."
87,369,14,38,97,149,1.4429530201342282,0.05419341644813102,645,The owner recently relocated the hole to the front yard to cut down on through traffic.
2855,370,10,42,88,140,1.4428571428571428,0.05294165627664424,645,...I'm telling you ...in this neighborhood timing is everything
4082,370,10,42,88,140,1.4428571428571428,0.05294165627664424,645,The timing was off for the last couple who were interested in this property.
1068,372,11,36,84,131,1.4427480916030535,0.056477439354313284,645,It's no ordinary run-of-a-mill home.
585,372,13,32,86,131,1.4427480916030535,0.05851991780763825,645,Amazon delivery is hit or miss.
7050,374,16,22,84,122,1.4426229508196722,0.06485858464080162,645,"Just remember the three R's--Rotation, rotation, rotation."
505,375,10,30,73,113,1.4424778761061947,0.06150510690942254,645,"In your price range, this is the closest you'll come to golf course living."
1784,375,9,32,72,113,1.4424778761061947,0.0602067302138592,645,"I usually tell my clients that it's all about ""location, location, location."" In this case, the timing is key."
417,377,12,37,89,138,1.4420289855072463,0.055405104310228624,645,"Yes, didn't I say it was on a golf course?"
985,378,15,23,82,120,1.4416666666666667,0.06459942647599186,645,"I understand. The timing has to be right."""
7356,378,8,37,75,120,1.4416666666666667,0.056503926803049116,645,"The rent is reasonable, and the electric bill is practically nil"
6686,380,14,36,95,145,1.4413793103448276,0.05525616249067547,645,"I mean, you said you were in the market for a Dutch colonial..."
2011,380,11,42,92,145,1.4413793103448276,0.05259170249532573,645,"It's small, but it's right on the golf course."
3402,382,9,42,85,136,1.4411764705882353,0.052977474847475656,645,"It's a par 4, but I think I can get them down to 3."
1191,383,13,30,84,127,1.4409448818897639,0.05984350639567011,645,"It's in great shape. The seller is a little old lady 
who downsized to a shoe."
2308,383,15,26,86,127,1.4409448818897639,0.06189680130373759,645,I think we preferred the 7th hole - better schools...
5609,383,13,30,84,127,1.4409448818897639,0.05984350639567011,645,This isn't just your run of the mill home....
1051,386,9,34,75,118,1.4406779661016949,0.058399103521359796,645,"I admit, ‘central air’ may have been a little misleading."
136,387,14,31,89,134,1.4402985074626866,0.05851488825837687,645,"No, that's old news.  The neighborhood association has taken care of Mr. Quixote."
349,388,12,31,82,125,1.44,0.05945993500642044,645,"I understand your skepticism, but I sense the developer is serious about limiting this subdivision to just the 18 units."
2089,388,13,29,83,125,1.44,0.06053524699736724,645,Timing will be everything.
5785,388,12,31,82,125,1.44,0.05945993500642044,645,... and don't forget to have your key ready.
1645,391,16,30,95,141,1.4397163120567376,0.05814490713343986,645,"At the end of the day, there's risk involved in any home purchase."
5080,392,13,25,78,116,1.4396551724137931,0.06396306222229213,645,"If you wanna get in on the ground floor, timing is everything."
7280,393,11,32,80,123,1.4390243902439024,0.05903206711448866,645,"Please understand Mr. and Mrs. Quixote, the entire neighborhood has a vivid imagination."
4994,393,9,36,78,123,1.4390243902439024,0.05672940071215178,645,This is no run-of-the-mill property.
3515,395,9,32,73,114,1.4385964912280702,0.05980235484994079,645,"Of course, the property values are on par with the neighbors'."
6804,395,10,30,74,114,1.4385964912280702,0.06108663553284972,645,There are only 17 other homes in this neighborhood.
1790,397,12,33,85,130,1.4384615384615385,0.05779061391876256,645,A windmill at this price is par for the course.
112,398,9,31,72,112,1.4375,0.06053872528132104,645,I'll show you the inside when the wind dies down.
257,398,13,23,76,112,1.4375,0.06563869211210643,645,The seller is willing to throw in a lifetime supply of tiny pencils.
1579,398,12,32,84,128,1.4375,0.05843050586592616,645,The previous owner had 4 strokes before he finally moved on.
4767,398,13,30,85,128,1.4375,0.059473990212621716,645,Timing is critical.
4963,398,10,43,91,144,1.4375,0.05188628225202,645,It’s only dangerous to leave the house in windy days
1860,403,17,25,93,135,1.4370370370370371,0.06095554516342195,645,"If you don’t like this one, there’s a gorgeous clown’s mouth in foreclosure just across from the waterfall."
4778,403,14,31,90,135,1.4370370370370371,0.05817132908597966,645,You said an original home on a golf course
6509,403,15,29,91,135,1.4370370370370371,0.059113973366226084,645,"Remember: It's all about rotation, rotation, rotation."
2530,406,14,24,81,119,1.4369747899159664,0.06386704546250367,645,Really don't know what happened to the former owner but I heard that it had something to do with bad timing.
4323,406,14,24,81,119,1.4369747899159664,0.06386704546250367,645,"Well, if you decide to purchase the place, just remember-Timing is everything."
6162,408,14,34,94,142,1.4366197183098592,0.05606265735349109,645,The only downside is that your neighbor is kind of a clown.
475,408,15,32,95,142,1.4366197183098592,0.05694656855686736,645,"I assure you, this is no run-of-the-mill house."
55,410,13,29,84,126,1.4365079365079365,0.060154332460611755,645,We call this model the “Home-in-one!”
3403,410,10,35,81,126,1.4365079365079365,0.05689983596487277,645,"I know it's at the upper end of your price range, but it is a Par 4."
4107,410,8,39,79,126,1.4365079365079365,0.054622551010193345,645,This unit is on par with other houses in the market.
5584,410,10,35,81,126,1.4365079365079365,0.05689983596487277,645,Don’t worry.  They usually miss.
858,414,15,18,77,110,1.4363636363636363,0.06898196054244198,645,It's the latest thing in mixed-use development.
481,415,13,32,88,133,1.4360902255639099,0.057827084362598515,645,If you want to get in this place we have to act right now.
1247,415,12,34,87,133,1.4360902255639099,0.05683353340525592,645,"In Real Estate timing is everything, especially with this house."
6104,415,17,24,92,133,1.4360902255639099,0.0616413526140534,645,"It became available when the last owner, and his horse, moved to Spain"
7487,415,14,30,89,133,1.4360902255639099,0.058803850659900084,645,I’d recommend moving quickly — timing is critical.
1056,419,13,25,79,117,1.435897435897436,0.06352525180083486,645,"It’s energy efficient, Dutch inspired, and has a path to a lovely water feature."
2351,419,11,29,77,117,1.435897435897436,0.06116153352969501,645,I can only think of one drawback.
5405,421,12,37,91,140,1.4357142857142857,0.054791686496380124,645,You just have to time it.
5730,421,13,35,92,140,1.4357142857142857,0.05572166393815257,645,"Some say location, location, location. But this place is all about timing, timing, timing."
407,421,10,41,89,140,1.4357142857142857,0.05288269152832511,645,First question I always ask: How are your reflexes?
1167,424,14,36,97,147,1.435374149659864,0.05466583979701001,645,Do you like to putter around the house?
1863,424,12,40,95,147,1.435374149659864,0.05293371440283835,645,"Oh, and one more thing. Please, PLEASE remember to answer the doorbell within 27 seconds."
2949,424,15,34,98,147,1.435374149659864,0.05551163842680124,645,Not ON the 18th hole. It IS the 18th hole.
5591,424,18,28,101,147,1.435374149659864,0.057975045331371454,645,I also have a charming 3 bedroom inside a clown's mouth.
6111,428,12,23,73,108,1.4351851851851851,0.06613645353363717,645,I also have a very nice castle with a moat and draw bridge.
3081,429,11,35,85,131,1.4351145038167938,0.05641391015607963,645,Maybe the merry-go-round is closer to your price range.
3781,429,12,33,86,131,1.4351145038167938,0.05744535726405159,645,It's a time share. You can enter at 10 second intervals.
4882,429,9,39,83,131,1.4351145038167938,0.054292261280090584,645,"Of course price is always important, but with this property timing is everything."
5599,429,12,33,86,131,1.4351145038167938,0.05744535726405159,645,It's a gated community...but only in 3-second intervals.
2868,433,11,38,89,138,1.434782608695652,0.05438219583909082,645,"On the bright side, it could be a shoe."
1958,434,17,29,99,145,1.4344827586206896,0.05774646752680675,645,I can even give you a sub-par loan.
6678,434,16,31,98,145,1.4344827586206896,0.05691106281920519,645,It’s really only an issue when it’s windy.
3516,436,8,37,77,122,1.4344262295081966,0.055807196254404716,645,There is one easement in the deed that I think you should read.
683,436,10,33,79,122,1.4344262295081966,0.058184268901013324,645,This is about as close as you can get to the 9th green in your price range.
235,436,13,27,82,122,1.4344262295081966,0.06157806539829828,645,Think of it as Dutch Revival meets Maralago.
1521,436,8,37,77,122,1.4344262295081966,0.055807196254404716,645,The Quixotes are very motivated sellers.
1852,440,12,35,89,136,1.4338235294117647,0.05591602585993329,645,You've got to move fast.
2574,440,11,37,88,136,1.4338235294117647,0.05493331854253018,645,I have another property I'd like to show you. An old lady is moving our of her shoe.
1392,442,14,21,78,113,1.4336283185840708,0.06637168141592921,645,"We'll,there's this lovely old shoe we could look at."
7223,443,12,38,93,143,1.4335664335664335,0.05395738727394215,645,"It’s downsizing and on the golf course.
Best of both worlds!"
1123,444,11,30,79,120,1.4333333333333333,0.06003422615467499,645,"You’ll hear ‘location, location, location,’ a lot, but with this one it’s all about timing."
3662,445,12,31,84,127,1.4330708661417322,0.05872297547942076,645,Getting through the door will be easy once you get the timing down.
5181,445,11,33,83,127,1.4330708661417322,0.05764896765948,645,"Golf course view, miniature price."
170,447,8,42,84,134,1.4328358208955223,0.052378894196919566,645,The window of opportunity is closing fast.
912,447,14,30,90,134,1.4328358208955223,0.05845403032380557,645,"In real estate, everything is timing."
347,449,16,29,96,141,1.4326241134751774,0.058089269019140057,645,This is not your run-of-the-mill place.
4587,450,12,33,87,132,1.4318181818181819,0.05710372385870577,645,"It's not just a game, it's a lifestyle"
7423,450,16,25,91,132,1.4318181818181819,0.06102029959404536,645,"Actually no, it's coal powered."
4539,450,12,33,87,132,1.4318181818181819,0.05710372385870577,645,Its definitely above par for this neighborhood.
5650,453,15,30,94,139,1.4316546762589928,0.05780754268850086,645,Don't let the door hit you on your way in.
6808,454,16,34,103,153,1.4313725490196079,0.05467852218152982,645,Why not just putt in an offer and see where it goes?
7269,455,13,21,75,109,1.4311926605504588,0.0669298734808541,645,"An open concept, energy efficient and steps to a golf course; this is everything you’re looking for."
503,456,8,34,74,116,1.4310344827586208,0.05772308647585489,645,I'd also recommend hazard insurance.
1771,457,12,29,82,123,1.4308943089430894,0.06007825188752698,645,"As far as rentals go, this one is par for the course."
4576,457,9,35,79,123,1.4308943089430894,0.05665294595947089,645,We'll view the interior once the wind dies down.
1285,459,16,24,90,130,1.4307692307692308,0.06171709315234231,645,We made Holland pay for it
6692,459,10,36,84,130,1.4307692307692308,0.05561866665889895,645,Right on the golf course as you requested.
6122,461,16,27,94,137,1.4306569343065694,0.059332573484504623,645,It's crazy but timing is everything if you want to get into a place like this...
2929,462,18,26,100,144,1.4305555555555556,0.05884538643297511,645,Built in renewable energy. Built in pet door.  Small in ground pool.  This won't be on the market long.
6030,463,9,31,74,114,1.4298245614035088,0.05971689438397087,645,And the yard is great for just puttering around!
226,464,10,35,83,128,1.4296875,0.05621290744425709,645,"For a par three, this is an absolute steal."
4144,465,10,38,87,135,1.4296296296296296,0.05416917661309736,645,"On the plus side, the ball rarely lands in your living room."
6023,465,11,36,88,135,1.4296296296296296,0.05518023209859195,645,This is a very exclusive development with only 17 other neighbors.
4839,467,15,30,95,140,1.4285714285714286,0.057475905084195006,645,It does require balls to live here.
5031,467,9,33,77,119,1.4285714285714286,0.05794199783779641,645,Not exactly what I had in mind when I said I wanted a house with a white picket fence.
2597,467,10,34,82,126,1.4285714285714286,0.056824510057814456,645,"The seller, Mr. Gulliver, will still maintain play through privileges."
5505,467,7,43,83,133,1.4285714285714286,0.05150471566218477,645,And the value is well above par for the neighborhood.
316,467,13,31,89,133,1.4285714285714286,0.057760390708157215,645,The last owners died suddenly.
279,467,11,32,83,126,1.4285714285714286,0.05793107171712589,645,"It comes with a fenced-in yard, but that's par for the course in this neighborhood"
1435,467,17,29,101,147,1.4285714285714286,0.05711023204334191,645,"We could probably low ball them, but we'll need to time it perfectly."
7208,474,13,36,96,145,1.4275862068965517,0.054266996018909774,645,"In this market, timing is key."
64,475,11,34,86,131,1.4274809160305344,0.05634235418458367,645,You're in luck - this gem is definitely not your run-of-the-mill property...
2152,475,10,36,85,131,1.4274809160305344,0.055290334263456684,645,I can show you the inside but we're gonna have to make a run for it.
7161,475,8,40,83,131,1.4274809160305344,0.05312383117558608,645,I think I can get you into this complex if we time it right.
2802,478,14,25,85,124,1.4274193548387097,0.061850758062069335,645,"With your budget, this is the best place I can find you on a golf course."
3470,478,12,29,83,124,1.4274193548387097,0.05969301119670237,645,With this model you have no unsightly solar panels and you naturally repel solicitors.
3529,478,13,27,84,124,1.4274193548387097,0.060781460407686276,645,"Yes, we can install Dutch Doors."
4763,478,12,29,83,124,1.4274193548387097,0.05969301119670237,645,"And at a par-3, it's right in your range!"
2053,482,11,36,89,136,1.4264705882352942,0.054864015832270456,645,"It's a 3 bedroom, 2 bathroom, par 4."
5333,482,14,30,92,136,1.4264705882352942,0.057765540063817795,645,I can promise you this: All your Prius-driving friends are going to be insanely jealous.
4275,484,11,33,85,129,1.426356589147287,0.05694839246091129,645,"Nearby you have a Covered Bridge, a Paddle Wheel, and there's a Loop de Loop just down the street."
7122,485,9,34,79,122,1.4262295081967213,0.05692527348668936,645,You asked for Dutch doors.
1219,485,14,24,84,122,1.4262295081967213,0.06259314456035768,645,You might want to use the back entrance during tee times.
1605,485,7,38,77,122,1.4262295081967213,0.05449330938534195,645,"Before we go in, I have to ask if you have good reflexes."
186,488,10,37,87,134,1.4253731343283582,0.05440619728240208,645,"I know you were looking for a par 3, but this just came on the market and it is loaded with Old World charm""."
2408,488,10,37,87,134,1.4253731343283582,0.05440619728240208,645,"The property is fully carpeted, but that's par for the course."
4822,488,12,33,89,134,1.4253731343283582,0.05643116163964509,645,It's not your typical 'run of the mill' type establishment.
6134,491,11,29,80,120,1.425,0.059951544392701235,645,And it is more reasonably priced than the Gingerbread House.
6493,491,10,31,79,120,1.425,0.05877186106174505,645,"As promised, an affordable home on a golf course..."
5689,493,10,28,75,113,1.424778761061947,0.06133433812013333,645,"For your price range, this is a real hole-in-one."
607,494,12,38,96,146,1.4246575342465753,0.05309114313420607,645,"Noisy, sure. But way less creepy than the Clown's Head walk up we saw earlier."
6576,495,12,35,92,139,1.4244604316546763,0.0549674240891689,645,I'm sensing you're concerned with more than just the size of the property.
7275,495,16,27,96,139,1.4244604316546763,0.0586385143844879,645,"Yes, life on a golf course has its challenges. 
But in this case they are miniature."
804,497,9,38,85,132,1.4242424242424243,0.05390296810073157,645,"Well, you said you wanted to go dutch!"
2146,497,12,32,88,132,1.4242424242424243,0.05703079197311118,645,Solar panels just seemed too obtrusive.
2300,499,11,31,83,125,1.424,0.0582142871278731,645,The only negative is trying to get into the house on a windy day.
4583,499,7,39,79,125,1.424,0.053598266702836454,645,It's a great place to putter around.
5491,501,14,36,101,151,1.423841059602649,0.053518238596682255,645,"Don't worry, hardly anybody makes that shot. But just be careful how you arrange your furniture."
1839,502,12,26,80,118,1.423728813559322,0.06184986900520271,645,"Yes, but do you really want to deal with the draw bridge on hole 3 everyday?"
4855,502,13,24,81,118,1.423728813559322,0.06301008528485696,645,"If you want something a bit nicer, there's a par four right on the water."
1238,504,11,39,94,144,1.4236111111111112,0.05268606823666436,645,It’s a green home. And on a golf course. What more could you want?
1690,505,11,33,86,130,1.4230769230769231,0.05660372309963335,645,"Any house can have a little white fence, but this one will be earning you a massive carbon credit."
3021,505,14,27,89,130,1.4230769230769231,0.059680509564434485,645,As a home it’s pretty run of the mill
4700,507,14,35,100,149,1.4228187919463087,0.05402467680723152,645,And the view of the clown's mouth from the master bedroom is amazing.
2167,508,21,29,118,168,1.4226190476190477,0.05438894019578299,645,I'm pleased to meet you on behalf of Quixote Realty.
3807,509,12,36,94,142,1.4225352112676057,0.05412182809821581,645,You did say you wanted something near a golf course.
2419,510,9,31,76,116,1.4224137931034482,0.05891429252238477,645,"To get into this house, timing is everything."
6270,511,9,36,83,128,1.421875,0.05502479644146988,645,Of course in real estate...timing is everything
3059,512,14,34,99,147,1.4217687074829932,0.05454394077238614,645,"Look, in your price range, this the the best retirement home on a golf course you’re gonna find.”"
4043,512,14,34,99,147,1.4217687074829932,0.05454394077238614,645,"Oh, yes, timing IS everything."
4499,512,15,32,100,147,1.4217687074829932,0.055391600763086093,645,It's a great fixer-upper if you're on the ball and like to putter around the house.
1757,515,8,35,78,121,1.421487603305785,0.055981187950656534,645,"Frankly, this is the only place within your handicap."
6269,516,14,31,95,140,1.4214285714285715,0.056506606897863514,645,What's makes this property unique is the timed entrance.
5327,516,15,29,96,140,1.4214285714285715,0.05740881070034881,645,It's vintage Dutch colonial.
1229,518,12,40,100,152,1.4210526315789473,0.05157531943906594,645,"Yes Maam, but, in my professional opinion, timing is everything."
3118,518,12,24,78,114,1.4210526315789473,0.06340581676848303,645,Waterfront? Let me show you something on the back nine.
3877,518,13,30,90,133,1.4210526315789473,0.05768619621291049,645,"The former owner?  Sadly, just a freak accident that could have been prevented by good timing."
3942,521,10,41,94,145,1.4206896551724137,0.051480909601284354,645,I'm legally obligated to tell you the old owner was killed by a golf ball.
1110,522,11,31,84,126,1.4206349206349207,0.05784837828534517,645,"Well, we call that the mother-in-law hole"
1592,522,11,31,84,126,1.4206349206349207,0.05784837828534517,645,It's on par with the rest of the homes in this neighborhood.
5294,524,11,23,73,107,1.4205607476635513,0.06510491401212239,645,with your budget this is the closest you’ll get to your dream of living on a golf course
575,525,12,42,103,157,1.4203821656050954,0.05041667678434835,645,I think you'll find everything's up to par.
232,526,8,42,88,138,1.4202898550724639,0.051232141042266956,645,"It is a great house, but you will have to get the timing right."
1649,526,12,34,92,138,1.4202898550724639,0.055207593381370254,645,I’ve been studying the cycle and now is the perfect opportunity to move in.
6207,526,10,38,90,138,1.4202898550724639,0.05325697439179891,645,You said you would be open to real estate alternatives so long as there was a golf course nearby…
6277,526,6,46,86,138,1.4202898550724639,0.04912391708914043,645,"If you want this house, timing is everything"
6567,530,10,30,79,119,1.4201680672268908,0.05906719022453073,645,You're not going to find anything else on the course at this price.
5565,530,11,28,80,119,1.4201680672268908,0.06026079002401272,645,"In light of your budget, this is the best home we could find on a golf course."
3490,530,10,30,79,119,1.4201680672268908,0.05906719022453073,645,"No? Then let's look at #18, the one with the water view."
4300,530,13,24,82,119,1.4201680672268908,0.06257972931319417,645,"On your budget I could not get you that 'tiny house' on the golf course, but I may have a compromise...."
2182,534,17,29,104,150,1.42,0.05617964155527911,645,"It really is all about rotation, rotation, rotation."
1344,535,14,27,90,131,1.4198473282442747,0.05931117466546743,645,Yeah. it's off the grid.
2794,535,12,31,88,131,1.4198473282442747,0.05729690930586906,645,The previous owner stayed remarkably nimble and was never bothered by solicitations.
6129,537,15,30,98,143,1.4195804195804196,0.05650145834309783,645,Timing is everything with this particular property.
2874,538,10,32,82,124,1.4193548387096775,0.05736679023865106,645,"You said “show me something affordable on a golf course,” so here we are."
5433,538,13,26,85,124,1.4193548387096775,0.060698761543954836,645,"With this new home, timing is everything."
2941,540,16,25,95,136,1.4191176470588236,0.05955092203967949,645,"And your mortgage rate is obviously variable, depending on the winds..."
4214,540,12,33,91,136,1.4191176470588236,0.05577259603319027,645,The key to getting into the right house is timing.
2014,542,7,35,75,117,1.4188034188034189,0.0559452653431125,645,"If you'd prefer a beachfront property, I can show you Hole 9."
5082,542,11,27,79,117,1.4188034188034189,0.06098624090417607,645,The other houses only have solar.
421,542,11,27,79,117,1.4188034188034189,0.06098624090417607,645,"Well, you asked for a home on a golf course"
602,542,11,27,79,117,1.4188034188034189,0.06098624090417607,645,"The insurance policy covers fire, water damage and group events like middle school birthday parties."
599,546,10,26,74,110,1.4181818181818182,0.06245174040972116,645,What will it take to putt you into this baby?
4031,546,8,30,72,110,1.4181818181818182,0.059721089553168266,645,This looks like a wind-wind situation for everybody.
2059,548,10,31,81,122,1.4180327868852458,0.05801223882012495,645,I’m really afraid if you don’t time this right you’ll lose out.
3939,548,10,31,81,122,1.4180327868852458,0.05801223882012495,645,The asking price is about par for the course in this neighborhood.
4712,550,10,41,95,146,1.417808219178082,0.05120821677973074,645,The yard is too big? Then I’ll show you a Par 2.
6049,550,16,29,101,146,1.417808219178082,0.056472305898531014,645,It’s just a run of the mill house.
6412,552,13,22,80,115,1.4173913043478261,0.06415870945816099,645,My hand to God.  The moment I laid eyes on you folks I said to myself.....Windmill.
2511,553,11,31,85,127,1.4173228346456692,0.057486563839809185,645,"Run of the mill? Yes, I have heard that one."
2842,553,12,29,86,127,1.4173228346456692,0.05856355008929477,645,Basement access is tricky.
6173,553,15,23,89,127,1.4173228346456692,0.061681784425549654,645,"Now, when you say this one is below par, is that a good or bad thing?"
5063,556,11,36,92,139,1.4172661870503598,0.05393423917812347,645,You might qualify for a revolving mortgage.
3281,557,11,28,81,120,1.4166666666666667,0.059859000214080735,645,I like that it's right on a golf course but the guy next door seems like a clown with a big mouth
2637,557,14,27,91,132,1.4166666666666667,0.05894600761990985,645,"Dutch Colonial, off the grid, lovely breezes."
2562,557,13,34,97,144,1.4166666666666667,0.05442715739697842,645,Its just a short drive to the office
428,557,8,44,92,144,1.4166666666666667,0.04976635386172044,645,We'll have access in four seconds.
39,557,8,44,92,144,1.4166666666666667,0.04976635386172044,645,"While I understand you're concerned, keep in mind that the paint color can be changed."
728,557,10,35,87,132,1.4166666666666667,0.05488160101810752,645,This is just what you wanted--something directly on the golf course with lovely breezes all year.
3070,563,16,30,103,149,1.4161073825503356,0.055612506456572626,645,The previous owner forgot the importance of timing his exit out the door
4711,563,12,38,99,149,1.4161073825503356,0.05224913385036649,645,"Sure its small, but it feels like a par 5 inside."
5383,563,9,44,96,149,1.4161073825503356,0.04957708970292527,645,It could be worse. You could be living in a shoe!
6113,563,10,42,97,149,1.4161073825503356,0.050483487844830054,645,Your timing must be impeccable to get into this one.
7361,563,10,42,97,149,1.4161073825503356,0.050483487844830054,645,"Coming and going is dicey, but the energy savings are fantastic!"
2879,568,10,37,90,137,1.416058394160584,0.05347753845891433,645,We'll just have to time your closing carefully.
117,569,10,32,83,125,1.416,0.05700481021016362,645,I can also show you one with a moat.
1597,569,11,30,84,125,1.416,0.0581255593105244,645,Getting through the front door requires a little timing!
2889,569,14,24,87,125,1.416,0.06136511565502699,645,It's on a par with other houses in the neighborhood.
1906,572,15,34,105,154,1.4155844155844155,0.05348502960257234,645,"The description ""on a miniature gulf"" might have a typo."
5926,573,11,37,94,142,1.4154929577464788,0.05311489869084432,645,Good timing helps
3374,573,13,33,96,142,1.4154929577464788,0.05496337603052371,645,I like to think of it as a quixotic little place.
5496,575,13,28,89,130,1.4153846153846155,0.058590699362889374,645,There's just a couple things to watch out for...
4211,576,10,24,72,106,1.4150943396226414,0.06410335955232237,645,"Well, you did say  'energy-efficient' and 'green' ."""
1976,577,11,29,83,123,1.4146341463414633,0.05878374229123717,645,"Yes, it is a rather unusual take on mixed-use development..."
6445,577,7,37,79,123,1.4146341463414633,0.05405930329243406,645,Scoring on a place like this is all about the timing.
6699,577,7,37,79,123,1.4146341463414633,0.05405930329243406,645,"Let's just duck in and see the inside, shall we?"
3889,580,12,34,94,140,1.4142857142857144,0.054580257891117305,645,"I'm not gonna fight you on the price, Mr. Quixote"
4111,580,13,32,95,140,1.4142857142857144,0.05551377733842006,645,This next house will knock you out!
4673,580,16,26,98,140,1.4142857142857144,0.05822460170010701,645,"You see, they say it’s all about location but with places like these... it’s all about timing."
7038,580,12,34,94,140,1.4142857142857144,0.054580257891117305,645,"No running water, but hole 17 has a huge wishing well."
1407,584,9,35,84,128,1.4140625,0.05493301189643418,645,It’s all in the timing.
3665,584,11,31,86,128,1.4140625,0.05712879123646643,645,"And best of all, green fees are included."
23,584,8,37,83,128,1.4140625,0.05380152692954716,645,"Free electric, and door-to-door salesmen are never a problem."
1487,587,10,28,78,116,1.4137931034482758,0.060071129149596926,645,Decapitation insurance included the first year
7068,588,15,25,93,133,1.413533834586466,0.059549286437797666,645,"At his behest, everything is exaggerated at the Trump Miniature Golf Course."
5419,588,11,33,89,133,1.413533834586466,0.05559166168626273,645,I was pretty clear that this was an open house.
3829,588,13,29,91,133,1.413533834586466,0.05760447189364192,645,"Yes, it is on the expensive side, but you know what they say: Rotation, rotation, rotation."
4571,588,11,33,89,133,1.413533834586466,0.05559166168626273,645,Perfect for the man who likes to putter around.
2411,592,13,24,84,121,1.4132231404958677,0.06173503932886974,645,And you thought a Dutch Colonial on a golf course was impossible!
3356,592,10,30,81,121,1.4132231404958677,0.05829229743663588,645,"If you’re ready to sign, shall we get the ball rolling?"
6955,594,10,37,91,138,1.4130434782608696,0.053174145764669396,645,"With 10% down, we can get the ball rolling immediately."
1497,595,11,23,75,109,1.4128440366972477,0.06413517989704841,645,"Just a moment before we start the open house, we have to time our entrance just right."
7521,596,7,38,81,126,1.4126984126984128,0.05317815671613557,645,"We can check out the interior, but we have to be quick."""
179,597,8,31,75,114,1.412280701754386,0.0581922509444752,645,"As you can see, it's centrally located: Pirate Ship-adjacent and steps from the Castle Moat, the Dinosaur, and the Krazy Klown."
372,597,7,33,74,114,1.412280701754386,0.05684261319520588,645,It just needs someone with a little imagination. And quick reflexes.
549,597,9,29,76,114,1.412280701754386,0.05951128855191891,645,On a windy day....you have to be quick.
3183,597,14,19,81,114,1.412280701754386,0.06571050479744207,645,So when do you want to get the ball rolling?
4306,597,8,31,75,114,1.412280701754386,0.0581922509444752,645,We'll need to act fast on this one.
7381,597,9,29,76,114,1.412280701754386,0.05951128855191891,645,We're big fans of renewable energy housing.
7006,603,9,36,86,131,1.4122137404580153,0.054044010042265125,645,And after 9pm you have the course to yourself!
4159,603,9,36,86,131,1.4122137404580153,0.054044010042265125,645,Why yes . . . Don Quixote did once live in this neighborhood.
2744,603,14,26,91,131,1.4122137404580153,0.05922798394281167,645,"Trust me, it's not a trap."
1464,603,11,32,88,131,1.4122137404580153,0.05617503578673586,645,This is not what we had in mind when we said we were looking for a Dutch Colonial style home
336,607,11,34,91,136,1.411764705882353,0.054703188257976286,645,"Sure, but it's a miniature mortgage too."
3227,607,10,29,80,119,1.411764705882353,0.05896578724808001,645,"For this property, timing is everything."
4815,607,10,36,90,136,1.411764705882353,0.05369828995148687,645,"If you like the neighborhood, I have 17 other unique homes to show you--all with front door views of the fairway."
6638,607,9,38,89,136,1.411764705882353,0.05267422407440206,645,"Not sure if we can afford this, it’s a big step up from the clown’s mouth."
6741,607,13,30,93,136,1.411764705882353,0.05665954226196035,645,When we said we were into Dutch Colonial...
1903,612,10,33,86,129,1.4108527131782946,0.055698092493022926,645,If price is your prime concern I can get you a great deal on a shoe that's about to go into foreclosure.
1832,613,9,28,75,112,1.4107142857142858,0.060235449959976727,645,"And if you sink this putt, your first month's rent is free."
6418,614,11,33,90,134,1.4104477611940298,0.05526147694918125,645,The good news is that we have a shot.
137,615,11,26,80,117,1.4102564102564104,0.060882891836686,645,This is the only property on a golf course I could find in your budget.
2343,615,12,24,81,117,1.4102564102564104,0.06208130745019261,645,"It’s priced to move quickly, so timing is key"
329,617,13,31,95,139,1.410071942446043,0.05575329353869251,645,"Security system? You try getting in."""
4513,617,12,33,94,139,1.410071942446043,0.054810266609972805,645,I realize that but imagine the feeling of acomplishment you would have every time you left the house.
2768,619,10,30,82,122,1.4098360655737705,0.057911651945530385,645,"Yes, access to the golf course in included."
84,620,10,32,85,127,1.4094488188976377,0.056292941179861465,645,"If it gets really windy, you may want to stay inside."
5677,620,13,26,88,127,1.4094488188976377,0.05953023061888796,645,"To be honest with you,  this is not what I  meant when I said"" an environmentally friendly house on a golf course. """
6645,620,13,26,88,127,1.4094488188976377,0.05953023061888796,645,"...and it offers luxurious views of the Eiffel Tower, the Taj Mahal, and the hot dog stand."
2354,623,10,43,101,154,1.4090909090909092,0.04928280845836481,645,"With only 17 other units, it's a very exclusive development."
3160,623,10,25,75,110,1.4090909090909092,0.06233629709772339,645,Think Don Quixote meets suburbia.
3173,623,9,36,87,132,1.4090909090909092,0.05372386093007927,645,This one's perfect for people who like to putter around in the yard.
6241,623,10,25,75,110,1.4090909090909092,0.06233629709772339,645,That big hole in the ground is just par for the course.
3154,627,11,25,79,115,1.4086956521739131,0.061627621391464146,645,For another 50 thousand I could put you in a nice two-bedroom replica of the Eiffel Tower.
338,628,16,26,100,142,1.408450704225352,0.057548674379444796,645,"And now, we're going to see a house in a golf course community which fits your budget."
6160,628,14,30,98,142,1.408450704225352,0.05578592726752216,645,The timing on this is most important
2322,630,9,31,80,120,1.4083333333333334,0.05736491052769635,645,"And if this Dutch Farmhouse isn't your style, there are 17 other homes in the development, including one with a front entry shaped like a clown's mouth."
5912,630,11,27,82,120,1.4083333333333334,0.05975654779744672,645,Look at it this way: you WILL know what hit you.
3416,632,14,32,101,147,1.4081632653061225,0.054398466728805044,645,...and the drive couldn't be shorter!
6011,633,7,37,81,125,1.408,0.05339566250355499,645,"On the bright side, the grass is green year-round"
187,633,10,31,84,125,1.408,0.056905127610674046,645,"And it's only a five minute walk to the miniature railway."""
40,633,13,25,87,125,1.408,0.060210383843492025,645,"You don't have to be crazy to live here, but it helps."
1382,636,9,35,86,130,1.4076923076923078,0.05427041311389872,645,This one's all about timing
379,637,10,35,90,135,1.4074074074074074,0.0539191462093822,645,The green carpeting is standard.
4086,637,12,31,92,135,1.4074074074074074,0.0559320209448561,645,Location and timing are equally important here.
4350,637,9,37,89,135,1.4074074074074074,0.05288398631377169,645,This is about par for the neighborhood.
4526,637,13,29,93,135,1.4074074074074074,0.056911767557240436,645,You'll be the envy of the Old Woman who lives in a shoe.
814,641,12,35,98,145,1.4068965517241379,0.05315392933228443,645,"When I say run, you run. The last buyer dodged the mill but was taken out by the ball."
2368,642,7,34,77,118,1.4067796610169492,0.05546647838020428,645,"Yes, the front door's a little tricky, but you're just across from the church and there's no mowing."
6276,642,11,26,81,118,1.4067796610169492,0.060464770159808924,645,"In this market, it's all about location... and timing."
7096,642,9,30,79,118,1.4067796610169492,0.058019473689357906,645,"There are two beautiful yards, but there is a hole in one."
1287,645,12,37,101,150,1.4066666666666667,0.051896185017672694,645,What will it take for me to putt you into this home today?
4204,645,12,37,101,150,1.4066666666666667,0.051896185017672694,645,This one may be a little out of your range.
6550,647,10,30,83,123,1.4065040650406504,0.05753545850114685,645,This home is one of the 18 properties in this golf community.
3001,648,11,30,87,128,1.40625,0.05703196627475993,645,"Best of all, it's right on the golf course!"
2142,648,11,30,87,128,1.40625,0.05703196627475993,645,"No,we didn't mislead you. We said we have a beautiful,low maintenance community with year-round golfing."
2093,650,13,28,92,133,1.406015037593985,0.05751518565259007,645,It won’t last long at this price...I already have a foursome asking to play through.
3954,650,13,28,92,133,1.406015037593985,0.05751518565259007,645,"Well, you're paying for that fairway view."
5448,650,12,30,91,133,1.406015037593985,0.056516151798394386,645,It’s either this one or the giant clowns mouth
6231,650,10,34,89,133,1.406015037593985,0.05446313506394638,645,What can I do to get the ball rolling?
6871,654,14,28,96,138,1.4057971014492754,0.056930253437149726,645,"In this market, it's all about the timing."
6961,654,12,32,94,138,1.4057971014492754,0.0550407186619516,645,Think of it as your impossible dream.
4879,656,6,31,69,106,1.4056603773584906,0.05808922388136808,645,I understand your concern about the constant breeze.  Can I take you to 14 to see the Brontosaurus?
1760,657,15,28,100,143,1.4055944055944056,0.05634887513624986,645,"Or, I can put you in a clown face tri-level on the 13th hole."
3125,658,15,30,103,148,1.4054054054054055,0.05494304814964365,645,"Of course, there is occasional through traffic."
6716,658,14,32,102,148,1.4054054054054055,0.05409999885967491,645,It's a good fit if you like to putter around the house.
5885,660,11,25,80,116,1.4051724137931034,0.06119554554036036,645,"The key to prime real estate in this neighborhood is, ‘Rotation, rotation, rotation.’"
4081,661,7,35,79,121,1.4049586776859504,0.0545183169824326,645,"It's available immediately, the previous tenants had to duck and run."
7547,661,12,25,84,121,1.4049586776859504,0.06050580237263843,645,"Well, it never floods and your utility bills would be miniature."
5674,663,12,27,87,126,1.4047619047619047,0.05874731624110909,645,"I guarantee that most of the time, you'll have a ball in your new house."
5832,663,7,37,82,126,1.4047619047619047,0.053069073202876314,645,Think of it as the perfect house with the white picket fence--some of the time.
2706,665,15,23,93,131,1.4045801526717556,0.06012184335699789,645,The owner assures me that only one out of ten balls makes it into the house.
5834,665,7,39,85,131,1.4045801526717556,0.051721538568308134,645,"In that unlikely event, your homeowner's insurance should cover it."""
26,667,14,27,95,136,1.4044117647058822,0.05752585519924017,645,"This is a younger area, lots of families with kids. And it’s much safer than the driving range."
265,667,13,29,94,136,1.4044117647058822,0.05657111943854663,645,"And on a deal like this, timing is everything."
2006,667,9,37,90,136,1.4044117647058822,0.052579099526672717,645,You said you wanted a house right on the golf course.
3263,667,6,43,87,136,1.4044117647058822,0.04937372095978629,645,And who doesn't want to stay home on a windy day?
3914,671,10,37,94,141,1.4042553191489362,0.05228199141741784,645,We're tilting toward this one.
7543,671,11,35,95,141,1.4042553191489362,0.05324212382282164,645,"If you’re ready to make an offer, let’s get the ball rolling."
1558,671,12,33,96,141,1.4042553191489362,0.05418524588629629,645,"On the plus side, you do get the renewable energy tax credit."
6265,674,17,29,110,156,1.4038461538461537,0.05440013969494282,645,You gotta have balls to live here.
709,675,10,24,75,109,1.4036697247706422,0.06267248174898836,645,Well yes but is a matter of timing.
6090,676,12,22,80,114,1.4035087719298245,0.06319066237554428,645,The previous owners are still inside...
97,677,9,30,80,119,1.403361344537815,0.057631314645165056,645,It's presently a par 2 but you could change that once you buy it.
576,677,8,32,79,119,1.403361344537815,0.05638207671266433,645,Utilities are included.
5297,677,14,20,85,119,1.403361344537815,0.06350998105980092,645,I can also show you the solar model.
5810,677,9,30,80,119,1.403361344537815,0.057631314645165056,645,"The seller won't budge on the price, but they are willing to throw in two free games and all the miniature pencils you can use."
3798,681,12,26,86,124,1.403225806451613,0.059413333928116936,645,Most timeshares put you in a house by the fairway.  Our dutch colonial model puts you right on the green!
1598,681,13,24,87,124,1.403225806451613,0.06050681442627294,645,We just think the condo over the bowling alley is a better fit.
2325,681,11,28,85,124,1.403225806451613,0.058299347379644234,645,"It’s practical, sure, but there’s a shoe down the block that I think you’ll absolutely love."
7142,684,10,32,87,129,1.4031007751937985,0.055596853828608725,645,"Unfortunately, a few buyers have already putt in an offer."
1774,684,11,30,88,129,1.4031007751937985,0.05667569308484402,645,I can let you have it for a mill.
207,684,11,30,88,129,1.4031007751937985,0.05667569308484402,645,"In real estate it's ""Rotation, rotation, rotation."""
3383,687,15,24,95,134,1.4029850746268657,0.059095227169449156,645,"Of course, you'll need to time your entrances and exits precisely."
4534,687,14,26,94,134,1.4029850746268657,0.058137982623881555,645,"Picket fence going around the house"" is what you asked for - isn't it"
5645,687,11,32,91,134,1.4029850746268657,0.05516667899803839,645,Wait till you see the ballroom.
6523,687,9,36,89,134,1.4029850746268657,0.05309350968248863,645,Trust me. Solar is dead.
2444,691,13,30,96,139,1.4028776978417266,0.055665773975466605,645,"Perfect for you, if your timing is right."
5248,691,12,32,95,139,1.4028776978417266,0.05472123881759643,645,If you don't like this place I've got 17 other unique condos too look at.
7324,693,12,40,107,159,1.4025157232704402,0.049774187048204833,645,There is an easement; the neighbours are allowed to play through.
4392,694,10,27,80,117,1.4017094017094016,0.05954418304690073,645,"Folks, getting into the right real estate is all about timing."
7542,694,12,23,82,117,1.4017094017094016,0.0619696229404237,645,There's one covenant with your home purchase I forgot to mention -- the front and back doors must remain open at all times.
1469,694,8,31,78,117,1.4017094017094016,0.057015658393702276,645,"""In the interest of full disclosure, the previous owner was decapitated."""
7156,697,7,35,80,122,1.401639344262295,0.05417139007056882,645,"Okay, so you are a sleepwalker.  Is that a problem?"
384,697,11,27,84,122,1.401639344262295,0.058961610304615046,645,"In the real-estate timing is everything"""
712,697,7,35,80,122,1.401639344262295,0.05417139007056882,645,"Yes, this is well within budget, but I see you're pre-qualified for a Par 5"
3141,697,10,29,83,122,1.401639344262295,0.05780128452577327,645,"'Round these parts, 'subpar' is a good thing."
411,701,13,25,89,127,1.4015748031496063,0.05943095834755961,645,Feel free to putter around.
5501,701,10,31,86,127,1.4015748031496063,0.056187949591088686,645,It doesn't take long to figure out when not to open the front door.
6176,701,13,25,89,127,1.4015748031496063,0.05943095834755961,645,And if you feel like privacy you can simply turn it on high.
6757,701,6,39,82,127,1.4015748031496063,0.05154753312661237,645,"Plus, the front door opens automatically every 5 seconds!"
6865,701,10,31,86,127,1.4015748031496063,0.056187949591088686,645,"On the bright side, very few golf balls will make it into the house."
4473,706,10,33,89,132,1.4015151515151516,0.05468967875984903,645,"This is the perfect place for you, if you like to putter around the house."
7374,706,15,23,94,132,1.4015151515151516,0.05974330981687526,645,Solar? That’s so last week.
3732,706,7,39,86,132,1.4015151515151516,0.05141964313220858,645,"Forget solar, wind is the way to go!"
4075,706,8,37,87,132,1.4015151515151516,0.05253227694330046,645,"If you get inside, you're gonna love it!"
5178,710,12,31,94,137,1.4014598540145986,0.05527154366910861,645,"Oxymoronically, the “Miniature” refers to you and not the course."
7496,710,10,35,92,137,1.4014598540145986,0.05329408152557496,645,The view is fantastic every other second.
978,712,9,39,94,142,1.4014084507042253,0.05102080439158242,645,I suggest we use the back door.
6451,712,13,31,98,142,1.4014084507042253,0.054796742277550596,645,"I think you'll like this one, Mr. Quixote."
2819,714,19,25,113,157,1.4012738853503184,0.055602260310002954,645,Mm..yes we do have a clown’s mouth.  But that’s in D.C.
7394,715,13,32,100,145,1.4,0.05396181422669197,645,You said you wanted to downsize and watch a lot of golf.
7182,715,9,36,90,135,1.4,0.05278323267611877,645,The energy efficiency is above par.
6484,715,15,26,99,140,1.4,0.05716854509971449,645,"“...but you said you wanted to downsize, to a low maintenance property, near a golf course.“"
6337,715,10,34,91,135,1.4,0.05382033046400622,645,The timing is key.
6070,715,8,30,77,115,1.4,0.05766893070162214,645,"I'm legally required to inform you that yes, this IS the infamous Dutch Windmill Putt-Putt Mini-Golf Funland Murder House..."
6012,715,12,24,84,120,1.4,0.060806899210506034,645,You just need to get the timing down.
5994,715,9,34,87,130,1.4,0.0541646598408117,645,I realize it may not be run of the mill
5685,715,13,22,85,120,1.4,0.061947841076228014,645,Timing in this market is everything.
5682,715,12,34,99,145,1.4,0.053066863050523244,645,We call it the Kitsch and Sink.
4038,715,9,28,78,115,1.4,0.05897678246195885,645,I'm pretty sure they will accept a low-ball offer
3647,715,11,22,77,110,1.4,0.06353500804836985,645,You asked for something right on the golf course.
2605,715,12,30,93,135,1.4,0.055836767548649545,645,The previous occupants moved up to a pitch-and-putt
1726,715,14,24,92,130,1.4,0.05941475656396446,645,"This one's more about timing, timing, timing."
1635,715,11,26,83,120,1.4,0.05964413608384043,645,"To enter, timing is of the essence."
1349,715,9,28,78,115,1.4,0.05897678246195885,645,but you said you wanted to be on the golf course
181,715,9,32,84,125,1.4,0.055648667491220195,645,"...and it overlooks a castle, a bridge, and a glow-in-the-dark clown."
5281,715,12,22,81,115,1.4,0.06273696496847275,645,It’s the most affordable place you’ll find at Pebble Beach.
205,732,11,37,100,148,1.3986486486486487,0.05140055799400024,645,"Yes, I'd say this home is on par with others in the area."
6689,732,12,35,101,148,1.3986486486486487,0.052287149716271755,645,It's a fun neighborhood!
410,734,13,31,99,143,1.3986013986013985,0.05448455689282025,645,It was the only Dutch Colonial in your price range.
6055,734,10,37,96,143,1.3986013986013985,0.051701912644392195,645,I can get it for you for well under par
6643,736,12,31,95,138,1.3985507246376812,0.05494662891612316,645,You did say you like to putter around the house.
5746,736,9,37,92,138,1.3985507246376812,0.05197857694142035,645,"It's not Mar a Lago, but you said golf property on a budget."
3508,736,11,33,94,138,1.3985507246376812,0.05397541575985447,645,would you like to see something in a single blade?
1373,736,10,35,93,138,1.3985507246376812,0.05298640376221197,645,I must warn you....there's a weird right-of-way associated with the property.
6929,740,8,37,88,133,1.3984962406015038,0.05222313276959012,645,As homeowners you’ll enjoy being lulled to sleep by the gentle humming of blades—and you’ll quickly learn to time your entrances and exits.
3061,741,9,31,83,123,1.3983739837398375,0.05624985364161092,645,You also get a carbon credit.
4705,741,13,23,87,123,1.3983739837398375,0.06080432649081694,645,"Remember, If you want to get into this one,
in this market, timing is everything."
5415,741,8,33,82,123,1.3983739837398375,0.055052393348317255,645,"Location, schmocation . . . it's all about timing!"
2535,744,11,25,82,118,1.3983050847457628,0.0603479102788296,645,Your next door neighbor is the woman who lives in a shoe with her family
5150,744,13,21,84,118,1.3983050847457628,0.06270246708312276,645,Shall we putt in a bid?
6057,744,11,25,82,118,1.3983050847457628,0.0603479102788296,645,"Before you make this decision, I should mention the size of the gopher."
3761,747,7,31,75,113,1.3982300884955752,0.05697247850796313,645,"It's a great location, but the security features are kind of on and off."
5262,747,9,27,77,113,1.3982300884955752,0.05968181409047869,645,Detached or semi-detached? Depends how quick you are.
6434,747,8,29,76,113,1.3982300884955752,0.058342875488232415,645,Just remember: Never hesitate at the doorway and you'll be fine.
7397,750,15,32,109,156,1.3974358974358974,0.052780024152160654,645,"Unfortunately, your scorecard is too high to qualify for a loan."
5454,751,13,34,104,151,1.3973509933774835,0.05238629667530665,645,"It needs a bit of work, but that's par for the course."
5232,752,11,34,96,141,1.3971631205673758,0.05314756714112711,645,"No, you don't get many trick or treaters around here"
488,753,12,30,94,136,1.3970588235294117,0.05550266609693397,645,The original owner liked to putter around the house.
6039,753,12,30,94,136,1.3970588235294117,0.05550266609693397,645,The prior owners?  They died in a freak accident while leaving the house.
566,755,11,30,90,131,1.3969465648854962,0.05597519511140699,645,I’ll be frank...You’ll need some balls to buy this place.
4240,755,7,38,86,131,1.3969465648854962,0.05160875138360624,645,"Yes, but electricity savings are phenomenal."
7331,755,9,34,88,131,1.3969465648854962,0.05383625956144687,645,"With this type of house ,timing is everything ."
7386,755,11,30,90,131,1.3969465648854962,0.05597519511140699,645,Real estate is all about perfect timing.
5545,759,10,30,86,126,1.3968253968253967,0.05643298042740056,645,"In this real estate market, your timing has to be perfect."
3017,760,14,20,87,121,1.396694214876033,0.06263205206053359,645,"Well, you said you wanted golf course property..."
3272,760,8,32,81,121,1.396694214876033,0.055644655307780046,645,The Open House is four times per minute.
7121,760,12,24,85,121,1.396694214876033,0.06039281291386814,645,It's a great home if you like puttering around the house.
4338,763,8,28,75,111,1.3963963963963963,0.05903854191539098,645,"No air conditioning, but wait til you see the Dutch oven!"
3691,764,11,20,75,106,1.3962264150943395,0.06523059557389634,645,Getting in and out is just a matter of timing.
1201,765,7,45,97,149,1.395973154362416,0.04744400304785478,645,It keeps the house cool in the summer and the front door cleared of snow in the winter!
6254,766,8,41,95,144,1.3958333333333333,0.04949114610840552,645,"Plus, any balls that make it inside are yours to keep!"
867,766,11,35,98,144,1.3958333333333333,0.05235216169843261,645,It's perfect for people who like to putter around the house.
1658,766,10,37,97,144,1.3958333333333333,0.05141618166855389,645,"I've also got a lovely little par 3 to show you, if that's more within your handicap."
3389,769,15,23,96,134,1.3955223880597014,0.05899949188121826,645,"Some say it's a miniature golf course, others say it's classical dutch architecture. You know what I call this property? A god damn hole-in-one!"
3780,769,12,29,93,134,1.3955223880597014,0.05607385745906729,645,Real estate is all about timing your entry.
3944,769,8,37,89,134,1.3955223880597014,0.05191718489867883,645,There’s always some downside to living with renewable energy.
5526,769,9,35,90,134,1.3955223880597014,0.05298693177036818,645,You said that you wanted something overlooking a golf course.
563,773,10,31,88,129,1.3953488372093024,0.055486970163645,645,This one's right on the green and completely off the grid.
1418,773,10,31,88,129,1.3953488372093024,0.055486970163645,645,"Great location, too. Within walking distance is a schoolhouse, a church, and a giant clown head."
4633,773,14,23,92,129,1.3953488372093024,0.05969338306690481,645,"When I said, ""On the golf course,"" I meant on the golf course."
5158,773,7,37,85,129,1.3953488372093024,0.05210980488274711,645,Ready to get the ball rolling?
1085,777,14,21,89,124,1.3951612903225807,0.0614734589147521,645,It's energy efficient and keeps those Jehovah Witnesses from coming by.
359,777,11,27,86,124,1.3951612903225807,0.05818586701475896,645,"If you sink the putt into the dragon's mouth, we'll waive the HOA fees for a year."
5211,777,12,25,87,124,1.3951612903225807,0.059301985327817774,645,"It's not the golf that's miniature, it's us."
73,777,7,35,82,124,1.3951612903225807,0.05348900584244592,645,"When the timing is right, we'll take a look inside."
202,777,10,29,85,124,1.3951612903225807,0.05704791649742972,645,"Well, I'm not going to lie to you. It's not the safest neighborhood."
5443,782,9,29,81,119,1.3949579831932772,0.057506571393606314,645,"Best of all, it’s nowhere near the clown head."
5756,782,11,25,83,119,1.3949579831932772,0.059932173830443046,645,The price is on par with the rest of the neighborhood.
2159,784,6,33,75,114,1.394736842105263,0.05518936231063513,645,It’s a rather unique home security system and alternative power source all in one.
2901,784,9,27,78,114,1.394736842105263,0.05925902376541057,645,"The good news,you will save on electrical bills ,the bad news do not come home drunk on a windy night!!"
3802,786,12,32,98,142,1.3943661971830985,0.05378282993495165,645,"If you're serious about buying, you have to move quickly."
4608,786,12,32,98,142,1.3943661971830985,0.05378282993495165,645,"We can close escrow later this week, if we time it right."
3198,788,11,30,91,132,1.393939393939394,0.055630859036741725,645,"Well, you asked to see a place on a golf course."
3397,788,13,26,93,132,1.393939393939394,0.05767246586694289,645,"Dear, this is not what I meant when I said I wanted to live on a golf course."
6421,788,11,30,91,132,1.393939393939394,0.055630859036741725,645,"Yes, but this one has a REAL Dutch door..."
6607,788,12,28,92,132,1.393939393939394,0.0566608586077705,645,Timing is everything with this property.
3483,792,10,30,87,127,1.3937007874015748,0.05607398686440729,645,Is privacy important to you?
2721,793,12,37,106,155,1.3935483870967742,0.05054936919383162,645,"I think you'll like this one, Mr. & Mrs. Quixote."
1974,794,10,28,84,122,1.3934426229508197,0.05768108041837147,645,"Yes, you can go Dutch on the mortgage."
3604,795,13,20,84,117,1.393162393162393,0.06302763132338474,645,"Well, you know the market. You’ve got to hit it at the right time."
2217,795,13,20,84,117,1.393162393162393,0.06302763132338474,645,What an awesome opportunity. The seller just told me he will accept Monopoly money as a down payment.
5187,797,11,35,99,145,1.393103448275862,0.05206147975927938,645,"In your price range, this is the only house with wind power and a picket fence."
6045,797,11,35,99,145,1.393103448275862,0.05206147975927938,645,Decide soon.  Timing is everything to get into one of these.
6390,799,11,33,96,140,1.3928571428571428,0.05335258486291774,645,"I know they all have something wrong with them, but this is the 18th one we've seen today and I'm running out of patience."
5364,800,12,29,94,135,1.3925925925925926,0.055734004907893625,645,You enter by the rhythm method.
4964,801,8,26,73,107,1.3925233644859814,0.06049960884786703,645,We'll just have to wait for the family on 7 to come through before we can take a look inside.
5506,801,7,28,72,107,1.3925233644859814,0.059024290995231384,645,"Energy costs are low, but healthcare can be a little high."
5678,803,9,44,105,158,1.3924050632911393,0.04737352456250957,645,Is this on par with the other properties you’ve looked at?
213,804,12,27,91,130,1.3923076923076922,0.0572643639256427,645,It's not as quixotic as you think.
7339,805,10,29,86,125,1.392,0.05667792424546081,645,As requested... On a Fairway and under budget.
3079,805,7,35,83,125,1.392,0.05315346011860982,645,And you're eligible for a sub-par loan!
5621,805,13,23,89,125,1.392,0.05999569877055973,645,"Yes, she’s such a sweet old lady.  As a matter of fact, that shoe was my first listing."
931,805,11,27,87,125,1.392,0.05780501150279887,645,"500 years ago it was just a windmill.  Now it’s considered a state of the art, sustainable, zero-energy eco-house."
752,805,13,23,89,125,1.392,0.05999569877055973,645,"There are three things that matter in buying property: 
rotation, rotation, rotation...."
1847,805,9,31,85,125,1.392,0.05552796447475522,645,"It's nice,but we were really looking for something with a water hazard view."
2446,811,11,25,84,120,1.3916666666666666,0.05952170864639843,645,Then there's the cachet of being on the golf course.
2833,811,11,25,84,120,1.3916666666666666,0.05952170864639843,645,"Real estate is all about timing. The markets, the rates, the front door.."
5978,811,10,27,83,120,1.3916666666666666,0.058333333333333334,645,And it comes with a lifetime supply of stubby little pencils.
6959,811,11,25,84,120,1.3916666666666666,0.05952170864639843,645,"I like it, but I feel like the clown's mouth had a bigger green for the kids."
6796,815,13,30,100,143,1.3916083916083917,0.05438966354318881,645,You won't find golf course real estate at a lower price.
7127,815,15,26,102,143,1.3916083916083917,0.05617135936418446,645,What's it gonna take to putt you into this house?
496,817,14,26,98,138,1.391304347826087,0.056741429522496084,645,The yard is perfect for puttering around.
1665,817,11,32,95,138,1.391304347826087,0.05387235149745557,645,"People say the key to real estate is location, location, location, but in truth, it's timing, timing, timing, and this property proves it."
6618,817,9,27,79,115,1.391304347826087,0.05884166938077866,645,"Well you do love to putter around the house, Bill."
7319,817,10,34,94,138,1.391304347826087,0.052881411980661104,645,This is a great retirement community if you love golf.
4755,821,12,37,107,156,1.391025641025641,0.05028760784516313,645,"If you don’t like this one, there is a White House that may be coming on the market soon."
4662,822,11,30,92,133,1.3909774436090225,0.05529039151774998,645,"Despite the obstacles, the neighbors say they love green living."
5642,822,11,30,92,133,1.3909774436090225,0.05529039151774998,645,Our security system stops thieves 30% of the time.
2063,822,14,24,95,133,1.3909774436090225,0.05829915002677411,645,"Yes, golf course membership is included with the lease"
2372,825,10,30,88,128,1.390625,0.055719143105979,645,"And after a while, you won't even hear the trains going by either."
6132,826,11,26,86,123,1.3902439024390243,0.058451001454495,645,"It has central air, and a one ball garage."
7076,827,14,34,111,159,1.389937106918239,0.0511875917332629,645,It's hard to find another property on a par with this one.
1925,828,7,32,79,118,1.3898305084745763,0.05520023774673499,645,"I'd describe this unique home by two words, timing and opportunity."
4843,828,7,32,79,118,1.3898305084745763,0.05520023774673499,645,And the school system is actually above par.
5778,828,9,28,81,118,1.3898305084745763,0.05776500108702926,645,You can't beat this price for a home on the golf course.
7191,828,11,24,83,118,1.3898305084745763,0.060220631463584945,645,"Once you get the timing right, it's lovely inside."
4723,832,12,29,95,136,1.3897058823529411,0.055397940585318266,645,"If this doesn't interest you, we have a house of cards that's going for practically nothing while it's standing."
6433,832,8,37,91,136,1.3897058823529411,0.05131473446876539,645,Now I have to ask.  Does loud cursing offend you?
1796,834,9,26,78,113,1.3893805309734513,0.05954105489900844,645,"The previous owner mistimed exiting the front door, but fortunately landed on top of the miniature hospital on Hole #7."""
2388,834,11,22,80,113,1.3893805309734513,0.062138497280485275,645,"Our listing said, ""located on a beautiful 18-hole golf course."" How's that fraud?"
3170,834,9,26,78,113,1.3893805309734513,0.05954105489900844,645,Central air...? In a way.
6554,834,7,30,76,113,1.3893805309734513,0.056825008514707655,645,"True, there is an easement issue."
1141,838,10,31,90,131,1.3893129770992367,0.05480175030097521,645,"I'm sorry, but 'a home for a mil, near a golf course' is what I heard you say!"
7466,838,14,23,94,131,1.3893129770992367,0.058932088749981015,645,And there is an upstairs room where you can let down your hair
6488,840,13,30,101,144,1.3888888888888888,0.054079058712326517,645,"In this market, timing is critical."
3762,840,10,36,98,144,1.3888888888888888,0.05131441610148133,645,You're Miniature People...what did you expect?
3539,840,11,27,88,126,1.3888888888888888,0.0574287381432557,645,"This neighborhood has a fantastic school, and it’s only three holes away"
1103,840,7,35,84,126,1.3888888888888888,0.05282161921779873,645,This whole community is green.
1045,840,10,29,87,126,1.3888888888888888,0.05631230627263019,645,"It just came back on the market, now with a permanent restraining order against Mr. Quixote!"
3518,840,9,31,86,126,1.3888888888888888,0.05517328801837333,645,"Up next is a par 3 with 2 bedrooms, 1 bathroom, and ample parking."
2315,846,10,34,95,139,1.3884892086330936,0.05257501442005063,645,"Yes, the neighborhood is a little busy; but that's par for the course..."
1033,847,12,23,86,121,1.3884297520661157,0.06027016863078478,645,It’s what we like to call a semi-gated community.
5892,847,9,29,83,121,1.3884297520661157,0.0567386119524206,645,The trick is to start running for the doorway while the blade is covering it.
486,849,11,37,104,152,1.388157894736842,0.05031215049456608,645,Green fees are included.
2233,850,11,30,93,134,1.3880597014925373,0.05495373816861144,645,"It's got two bathrooms; three, if you're not too picky."
522,851,8,29,79,116,1.3879310344827587,0.057132308795169104,645,This energy efficient Dutch colonial will pay for itself.
1075,851,7,31,78,116,1.3879310344827587,0.05580479971100423,645,It’s a great place to putter around in.
5791,851,11,23,82,116,1.3879310344827587,0.06094157711046159,645,It is the latest in green housing.
237,854,10,30,89,129,1.3875968992248062,0.05536839002775835,645,"This one has everything you want: a wonderful view of the water, easy access to the golf course...but timing is critical."
7301,854,11,28,90,129,1.3875968992248062,0.056451595595463214,645,"Good price, great neighborhood you just have to time your entrance."
3098,856,9,25,77,111,1.3873873873873874,0.060263102056559506,645,"I  have two words for you, ""feng shui."""
1371,857,12,24,88,124,1.3870967741935485,0.059181493529792246,645,It's a steal. The previous owner got out at the wrong time.
3202,858,9,35,93,137,1.3868613138686132,0.0520595317467764,645,And it's within walking distance of the Snack Bar.
6311,858,10,33,94,137,1.3868613138686132,0.053080477132834765,645,"Highly motivated seller, he's in the hospital."
6736,858,7,39,91,137,1.3868613138686132,0.049955084143479024,645,You'd enjoy golf course living without the high green fees.
919,861,9,23,74,106,1.3867924528301887,0.06225870541680339,645,This is a very exclusive new development. There are only 18 custom-built homes.
3943,862,11,36,103,150,1.3866666666666667,0.05075419262096007,645,We're calling it the home-in-one.
210,863,12,22,85,119,1.3865546218487395,0.060981437745711686,645,"Turns out, the HOA had no rules against it"
1633,864,10,31,91,132,1.3863636363636365,0.05446491470807309,645,"In this hot market, timing is everything, when to buy, when to get in and out of the front door."
2955,864,11,29,92,132,1.3863636363636365,0.05551655028152964,645,"'You're very observant madam, they do look like giant waffle fries."
582,866,10,36,99,145,1.3862068965517242,0.05102982271361636,645,"I agree, you shouldn’t move in on a windy day."
201,867,10,29,88,127,1.3858267716535433,0.05595099818176912,645,Kids just love this place
1569,868,11,32,97,140,1.3857142857142857,0.053245841709701064,645,The Windmill Par 4 has more space than the Clown Face Par 3 and none of the screaming children.
2933,868,14,26,100,140,1.3857142857142857,0.05606642870855041,645,So how recently did you folks move to Lilliputtputt?
5000,868,13,28,99,140,1.3857142857142857,0.05514226605075418,645,There is some 'through' traffic.
2439,871,14,31,108,153,1.3856209150326797,0.05256098969103411,645,It's only a problem when it's windy!
353,872,7,33,82,122,1.3852459016393444,0.05390423060031841,645,"Well yes, people have questioned the access issue before, but you're the first to mention the sinkhole and the elephant."
1953,872,11,25,86,122,1.3852459016393444,0.05871625042650346,645,If you don’t get in now you’ll have to wait a full cycle
3191,872,9,29,84,122,1.3852459016393444,0.05636161877004675,645,Do you have a sense of rhythm?
3308,872,9,29,84,122,1.3852459016393444,0.05636161877004675,645,"Believe me,Mr. and Mrs. Quixote,it's real."
4157,872,10,27,85,122,1.3852459016393444,0.057550977987033174,645,The listing clearly states the house is situated on a golf course.
5070,872,9,29,84,122,1.3852459016393444,0.05636161877004675,645,"I can assure you, if you time your leaving, you won't have any trouble."
7195,872,13,21,88,122,1.3852459016393444,0.06098002999274148,645,"Just between us, the seller is very motivated."
1979,879,10,32,93,135,1.385185185185185,0.053599238859542556,645,"You wanted something on a golf course, and this is definitely not your run of the mill house!"
4053,879,8,36,91,135,1.385185185185185,0.05149525965848905,645,Two words...carbon offsets
7071,879,18,16,101,135,1.385185185185185,0.06129718559959049,645,"Now, let's address the elephant in the neighborhood."
65,882,9,39,100,148,1.385135135135135,0.04937897900551607,645,"You’ll have a ball. Lots of them, actually."
7134,883,8,29,80,117,1.3846153846153846,0.05673885484397681,645,You may want to stay home on windy days!
6529,883,14,27,102,143,1.3846153846153846,0.0551879366753649,645,Just think of what you could get on Airbnb
6517,883,11,28,91,130,1.3846153846153846,0.05609496099765123,645,"I could show you a shoe, or I have 3 little pigs interested in selling"
4206,883,9,27,81,117,1.3846153846153846,0.05802292534277813,645,It's a par 3 but I think we can get you in.
2668,883,9,27,81,117,1.3846153846153846,0.05802292534277813,645,Timing is a bit of an issue with this seller. I say we make an offer when the blade is in front of the door.
2514,883,15,25,103,143,1.3846153846153846,0.05607317906739034,645,"Listen, a property like this only comes around once a round."
1864,883,12,26,92,130,1.3846153846153846,0.05714809912591036,645,"As with all real estate here location, timing, location.."
1591,883,13,24,93,130,1.3846153846153846,0.058182177838937414,645,"I shouldn't tell you this, but the owner is anxious to sell."
3279,883,13,24,93,130,1.3846153846153846,0.058182177838937414,645,Surely you joust
478,892,9,40,102,151,1.3841059602649006,0.04870139420092778,645,"Within the neighborhood, this place is about par for the course."
2423,892,12,34,105,151,1.3841059602649006,0.05134906483438445,645,As advertised… overlooking the 3rd hole of a popular golfing destination.
3651,894,9,35,94,138,1.3840579710144927,0.05175688737435718,645,On the plus side - zero solicitors
2030,895,7,34,84,125,1.384,0.053017343480010574,645,The owner’s relocating to Disneyland
3052,895,10,28,87,125,1.384,0.05655029163382774,645,This one is totally off the grid.
285,897,15,31,113,159,1.3836477987421383,0.05187261725779657,645,Add solar panels to the arms and you pretty much are the grid.
695,898,14,28,104,146,1.3835616438356164,0.054343919567976046,645,It is perfect if you like to putter around the house.
1719,898,13,30,103,146,1.3835616438356164,0.053467637714051754,645,"Yes indeed, buying a house on a golf course can be a great investment, but there are some risks."
4239,900,8,35,90,133,1.3834586466165413,0.05198476356261508,645,The house comes with a beautiful view of the 9th hole.
4447,900,10,31,92,133,1.3834586466165413,0.05413185730941147,645,"Of course, your in-laws will need a good sense of timing."
3026,902,9,28,83,120,1.3833333333333333,0.05698215030031603,645,Most people don't even make it this far.
2099,902,10,26,84,120,1.3833333333333333,0.05819812260938294,645,"Timing is very important, if you want to buy this place."
3629,904,10,34,97,141,1.3829787234042554,0.05197183251223053,645,Trust me. 3.2 seconds is plenty of time to clear the doorway.
3931,904,12,30,99,141,1.3829787234042554,0.053886042904139654,645,"It's offered at a variable rate, depending on how the wind is blowing."
449,906,13,23,92,128,1.3828125,0.05881989659112091,645,"Trust me, if you like to putter around the house, you'll love living here"
3758,906,8,33,87,128,1.3828125,0.05333500496554956,645,It's on par with other properties in the area and you've got great neighbors who are just a short drive from here.
3955,906,10,29,89,128,1.3828125,0.055593936241295064,645,Prepare to get blown away.
6636,906,10,29,89,128,1.3828125,0.055593936241295064,645,"Yes, you may enter, but timing is critical."
289,910,11,22,82,115,1.382608695652174,0.0612389359494806,645,The previous owner moved on after having several strokes.
5356,911,11,35,103,149,1.3825503355704698,0.05092765026053589,645,"Now,you've heard that timing is everything in real estate?"
6679,912,12,28,96,136,1.3823529411764706,0.05528577325439877,645,"To get into a deal like this, your timing has to be perfect."
6228,912,14,24,98,136,1.3823529411764706,0.05722221289048572,645,We felt this house was subpar
1909,912,12,28,96,136,1.3823529411764706,0.05528577325439877,645,You said something on a golf course.
4108,912,8,36,92,136,1.3823529411764706,0.05119362144683887,645,This is not exactly what we had in mind when we said we wanted to live on a golf course
3582,916,13,21,89,123,1.3821138211382114,0.060563268818277595,645,"The homes you saw at Pebble Beach and Augusta National are out of your price range, but I think we can get you into this energy efficient bungalow if we act now."
3417,916,11,25,87,123,1.3821138211382114,0.05832108955862663,645,"And if the ball doesn’t go in the hole, you’ll want to be upstairs."
3246,916,7,33,83,123,1.3821138211382114,0.05355585310688398,645,I hear you like to putter around the house?
2044,916,12,23,88,123,1.3821138211382114,0.05945275021922999,645,It comes with a crazy old man on horseback
3128,916,8,31,84,123,1.3821138211382114,0.05478603310453256,645,"True, you could be decapitated by the windmill or disappear in a sinkhole, but the public schools are great!"
2346,916,6,35,82,123,1.3821138211382114,0.05229674349977569,645,"It's more affordable than the castle, without the worry of upkeep on the moat."
3192,916,8,31,84,123,1.3821138211382114,0.05478603310453256,645,"Well, sure, but if you time it right, this could be the home of your dreams."
269,923,8,39,97,144,1.3819444444444444,0.04927261093352832,645,This very affordable charmer is perfect for an agile young couple.
3406,923,14,27,103,144,1.3819444444444444,0.0548683950098546,645,"When buying real estate,timing is everything."
5019,925,7,28,75,110,1.3818181818181818,0.057732838120670864,645,Besides the down payment you'll have to pass an agility test.
7504,926,9,32,90,131,1.381679389312977,0.05359426011454539,645,"It's not actually a golf course community, but this is what's in your price range."
6833,926,10,30,91,131,1.381679389312977,0.054678922166789753,645,"Look, only one in a dozen shots or so actually go through. But maybe keep your valuables on the second floor."
2610,926,12,26,93,131,1.381679389312977,0.056786126417589476,645,"Actually, the LOWER your credit score the better."
6404,926,10,30,91,131,1.381679389312977,0.054678922166789753,645,It’s nothing to worry about once you get the timing down.
1065,926,9,32,90,131,1.381679389312977,0.05359426011454539,645,Real estate. It’s all about timing.
1,926,7,36,88,131,1.381679389312977,0.05135625661039704,645,"And there's plenty of room in the front yard, for puttering around."
2105,926,10,30,91,131,1.381679389312977,0.054678922166789753,645,So can I putt-putt you down as a maybe?
1374,933,11,23,84,118,1.38135593220339,0.060082867500080794,645,"We had something a little different in mind when we said we wanted a wind powered home_Claudia Dezwick, Venetia,Pa"
6002,933,9,27,82,118,1.38135593220339,0.05762136638213154,645,The best part is how it cuts down on door-to door salesmen!
7465,933,6,33,79,118,1.38135593220339,0.053718043605581925,645,You'll definitely want to go with the hazard insurance!
1565,936,10,33,96,139,1.381294964028777,0.0524607518249514,645,"How many bedrooms?""

""FORE!"
5410,936,12,29,98,139,1.381294964028777,0.05441194088754569,645,As long as you can count to four no problem in getting getting in and out
5681,936,7,39,93,139,1.381294964028777,0.04938964707682375,645,Well technically the ad didn’t lie... the house is next to a golf course.
6514,936,9,35,95,139,1.381294964028777,0.05145741994585261,645,People like putting around this house.
3400,940,10,28,88,126,1.380952380952381,0.056182404585724294,645,Don't worry about the golf balls. Nobody ever gets through the windmill.
3418,941,13,25,96,134,1.3805970149253732,0.05684517807111144,645,You'll like the open door plan.
4158,941,8,35,91,134,1.3805970149253732,0.05167465545861075,645,"The electricity is free, but there is a whooshing sound you have to get used to."
2080,941,7,37,90,134,1.3805970149253732,0.05057716051867762,645,It's from Frank Lloyd Wright's early miniature golf period.
2459,941,7,37,90,134,1.3805970149253732,0.05057716051867762,645,This home is sure to increase your reaction time and agility.
7012,945,7,29,77,113,1.3805309734513274,0.05666481626046769,645,Did I mention it's in walking distance of a golf course?
5312,945,10,23,80,113,1.3805309734513274,0.06070407597944122,645,There's nothing like a crosswind on a warm night.
2078,945,12,19,82,113,1.3805309734513274,0.06325377827693704,645,Don't worry about it. Nobody gets the ball through.
1806,948,9,28,84,121,1.3801652892561984,0.05659799559756672,645,"When you get an opening like this, you take it."
3104,948,10,26,85,121,1.3801652892561984,0.0578020255051165,645,"Now remember folks, timing is everything!"
1995,950,6,45,99,150,1.38,0.04602304645902014,645,It's a classic par 3 bedroom.
145,951,10,29,90,129,1.37984496124031,0.05524105741759389,645,Timing is everything when entering the market and this house.
2622,951,10,29,90,129,1.37984496124031,0.05524105741759389,645,The only downside is you won’t be able to leave the house when it’s windy.
5395,951,8,33,88,129,1.37984496124031,0.05300307880301296,645,Of course green fees are included.
6136,951,8,33,88,129,1.37984496124031,0.05300307880301296,645,It’s a timed share: you can only move in every 5 minutes.
1788,955,11,38,109,158,1.379746835443038,0.04885828217628529,645,This is great honey.  All you do is putter around the house.
2179,956,12,28,97,137,1.3795620437956204,0.054951661944113425,645,Will you be going dutch on the sale?
4041,956,9,34,94,137,1.3795620437956204,0.05193898853032083,645,You said you wanted a house with a picket fence that goes all around it.
5492,956,10,32,95,137,1.3795620437956204,0.052962257660607456,645,"It's a fixer upper, but it's nice if you like to putter around the house."
6209,959,14,27,104,145,1.3793103448275863,0.054552310230272565,645,"With the budget you provided, this is the only home we could find with a golf course."
6559,959,5,34,77,116,1.3793103448275863,0.05288551241462342,645,"Look, this is what it takes to live in the city on 40 grand a year."
2777,959,10,24,82,116,1.3793103448275863,0.05955251976838247,645,"Of course, you do get golf privileges."
1427,962,15,28,110,153,1.3790849673202614,0.0532779446224064,645,"As they say in real estate, “timing is everything”"
3588,962,12,34,107,153,1.3790849673202614,0.05079902998258619,645,"On the plus side, the power bill is really low."
4203,962,11,36,106,153,1.3790849673202614,0.0499453915308128,645,The front door has somewhat intermittent access
6820,962,5,48,100,153,1.3790849673202614,0.04448085276985102,645,How fast are you?
1101,966,10,27,87,124,1.3790322580645162,0.056787804140671895,645,Are you golfers?
3351,966,5,37,82,124,1.3790322580645162,0.05068730591885715,645,"Well, I'll be honest...the turnover's pretty high."
4498,966,12,23,89,124,1.3790322580645162,0.05905180256556367,645,It works really well on insistent salesmen and Jehovah's Witnesses.
3928,969,12,26,94,132,1.378787878787879,0.056428418716553505,645,Your quixotic dream of living on a golf course is fulfilled.
5323,969,12,26,94,132,1.378787878787879,0.056428418716553505,645,Hazard insurance is a must.
6009,969,9,32,91,132,1.378787878787879,0.05326523421368659,645,It's a great place to relax and putter around the house.
6341,972,6,41,93,140,1.3785714285714286,0.04805343157369648,645,It's a great yard for puttering around!
551,972,8,37,95,140,1.3785714285714286,0.050146606384136753,645,"Yes, but think of how much you’ll save on your energy bills!"
3167,972,10,33,97,140,1.3785714285714286,0.052155843178719304,645,First time on acid for you folks?
6862,972,8,37,95,140,1.3785714285714286,0.050146606384136753,645,You said you were looking for Dutch-contemporary.
6913,976,16,24,108,148,1.3783783783783783,0.055415830480337165,645,"If you move fast and your timing is right, I think you can get in on the ground floor for under a mill. And though I agree with you that the front yard pool is a bit small, it's par for the course in this neighborhood."
1985,976,10,22,79,111,1.3783783783783783,0.061451263862608095,645,Are you ready to putt in an offer?
154,978,12,38,114,164,1.3780487804878048,0.04837667664690832,645,"If you time it right, I think you'll be in."
337,979,11,26,90,127,1.3779527559055118,0.05692746823988785,645,Sign on the dotted line with this really small pencil.”
656,979,12,24,91,127,1.3779527559055118,0.05801483445771711,645,"If you like it, we need to get in fast; it's all about timing for this house."
991,979,7,34,86,127,1.3779527559055118,0.05235264207651717,645,The home offers close access to recreational facilities.
1486,979,6,36,85,127,1.3779527559055118,0.051145036469231644,645,It's an Escher.
5469,979,12,24,91,127,1.3779527559055118,0.05801483445771711,645,This next property is a much more affordable par 2
5508,979,8,32,87,127,1.3779527559055118,0.053533013266065986,645,It’s really not that bad if you time it right.
5818,979,12,24,91,127,1.3779527559055118,0.05801483445771711,645,But everyone dreams of living on a golf course.
6846,979,5,38,84,127,1.3779527559055118,0.04990821954834849,645,The housing market is really all about timing.
3638,987,10,34,99,143,1.3776223776223777,0.051381194661064174,645,The owner is a little old lady who's selling so she can downsize to a Shoe.
5929,987,10,34,99,143,1.3776223776223777,0.051381194661064174,645,"With this one, you pay a little more to be right on the green."
6795,987,9,36,98,143,1.3776223776223777,0.05041363018627635,645,I suggest you try to always use the side door.
2526,990,14,29,108,151,1.3774834437086092,0.05294148700912845,645,The hole in the front yard takes to directly to the pool in the back!
7021,991,16,28,115,159,1.3773584905660377,0.05254394916319507,645,I can assure you that this one is above par
4253,991,4,32,70,106,1.3773584905660377,0.05437355434548664,645,No problem!  There’ s an  app for your smart phone that tells you when you can go in and out the door.
630,993,12,19,83,114,1.3771929824561404,0.06278526067319061,645,It's a fourclosure.
3361,993,10,23,81,114,1.3771929824561404,0.060261747133239785,645,You’re in luck. Finding a Dutch Colonial in this neighbourhood is a hole in one.
4591,993,9,25,80,114,1.3771929824561404,0.058959501120901224,645,We can add a water hazard for an additional 10K.
3611,996,7,32,83,122,1.3770491803278688,0.05375466109350651,645,Your grandchildren will love it!
1752,997,7,35,88,130,1.376923076923077,0.05153040636950571,645,And it comes with a garden to putter around in.
2915,997,12,25,93,130,1.376923076923077,0.05702355392722126,645,"Aside from the occasional giant golf ball, this neighborhood is ideal."
4947,997,8,33,89,130,1.376923076923077,0.05267488362572108,645,It's all about the timing.
5474,997,7,35,88,130,1.376923076923077,0.05153040636950571,645,The secret is to anticipate
5555,997,9,31,90,130,1.376923076923077,0.05379501788604705,645,"Really, it's a great house; only a few balls make it through each day."
1240,1002,11,33,102,146,1.3767123287671232,0.051560816560026604,645,The only thing is ... we don’t recommend that you ever come home drunk.
5285,1003,9,20,72,101,1.3762376237623761,0.06425734946371467,645,"To be honest, the Home Owners' Association is a little idiosyncratic."
4841,1004,7,33,85,125,1.376,0.052871115353373035,645,"I know, but around here, it's par for the course."
4578,1004,11,25,89,125,1.376,0.057545493924092285,645,A bathroom fan? The owners didn't think that was necessary.
7215,1004,6,35,84,125,1.376,0.05163644624337699,645,It's a terrific starter hole.
4194,1004,7,33,85,125,1.376,0.052871115353373035,645,"I know it's a bit more than you wanted to spend, but that's because it's so close to a golf course."
3172,1004,5,37,83,125,1.376,0.050371522932909675,645,It comes with a fantastic view of the first hole
3598,1004,12,23,90,125,1.376,0.058655912992913666,645,"OK, it's not actually off the grid, but it beats the hell out of that waterfall on 18."
3920,1004,10,27,88,125,1.376,0.05641322196881885,645,...not to mention the view of the lighthouse!
2594,1004,7,33,85,125,1.376,0.052871115353373035,645,It's a great place to wind down
1619,1012,10,30,93,133,1.3759398496240602,0.054005121736509176,645,Yes it's a fixer-upper. Hope you like to putter around.
2554,1012,8,34,91,133,1.3759398496240602,0.05185278045264,645,"No, it's definitely not your run-of-the-mill entrance..."
3718,1012,11,28,94,133,1.3759398496240602,0.055049744234900146,645,. . . And did I mention this one is on the golf course.
6107,1012,11,28,94,133,1.3759398496240602,0.055049744234900146,645,"Folks, I'll need you to keep an open mind on this one."
6625,1016,12,29,100,141,1.375886524822695,0.053772577400225854,645,This neighborhoods above par.
6349,1016,10,33,98,141,1.375886524822695,0.05185417856909744,645,What can I do to get you into this house?
4910,1016,8,37,96,141,1.375886524822695,0.04986202552933852,645,"Honey, I know you said that after you retired your dream was live in a house by a golf course, but this isn't quite what I had imagined."
3275,1016,9,35,97,141,1.375886524822695,0.05086785539495571,645,"Again, I apologize for not noticing the 20 x 1 scale notation on the blueprints..."
457,1016,14,25,102,141,1.375886524822695,0.0556248534870045,645,I think you'll find that sub par is a postitive description when discussing properties in this neighborhood
6299,1021,17,25,115,157,1.375796178343949,0.05377624107450861,645,"Actually, we were thinking something in a Mid Century Clown's Mouth."
6274,1022,12,21,87,120,1.375,0.06041696851078854,645,"If we want to get you into this house, timing will be the most important thing."
5922,1022,13,22,93,128,1.375,0.05869311620423454,645,It’s the Mar-a-Lago of tiny homes!
5390,1022,10,22,80,112,1.375,0.060993754559283325,645,"In this hot market, timing is everything."
5260,1022,10,31,95,136,1.375,0.053154827907232416,645,You can come and go every 2-5 seconds
4975,1022,5,32,75,112,1.375,0.05399872490033714,645,And the church is on the very next hole.
4681,1022,9,30,89,128,1.375,0.05433926670016638,645,"Zillow rates it at Par 3, but down the road when you go to sell,  trust me, it'll be no less than a 4."
3836,1022,11,29,96,136,1.375,0.054169808858081946,645,"Real estate 101 - Rotation, rotation, rotation."
6427,1022,9,27,84,120,1.375,0.056833458603244645,645,The plusses include wind energy and a low criminal break-in rate.
2931,1022,13,19,88,120,1.375,0.06156513710244278,645,"We don't recommend flipping these properties, but yes, they do rotate."
2733,1022,11,20,81,112,1.375,0.06229858149358825,645,Much less maintenance than gingerbread.
2285,1022,13,25,98,136,1.375,0.056144751450767055,645,I’ve got something a little less ostentatious over on 18 if you’d like...
2067,1022,15,24,105,144,1.375,0.05564047511355803,645,"Well, yes, it can be a bit of a challenge to get in and out on windy days."
1071,1022,10,37,105,152,1.375,0.049229422861613525,645,Just wait until you see the water feature.
476,1022,13,28,103,144,1.375,0.05386661560384388,645,"You did tell me you wanted to putter around in the yard, correct....?"
3602,1022,8,29,83,120,1.375,0.05558764246123197,645,"Actually, missing a payment is a two-stroke penalty."
4175,1037,11,33,103,147,1.3741496598639455,0.051272943800614215,645,"Can't beat the location, and-, 5-4-3-2-1, ok, let's go inside."
3575,1037,9,37,101,147,1.3741496598639455,0.049422048174370896,645,We're not your typical retirement community on a golf course.
2881,1039,7,35,89,131,1.3740458015267176,0.05121641630560584,645,It's a great place to unwind.
2909,1039,10,29,92,131,1.3740458015267176,0.0545476006390568,645,"As they say, “timing is everything”!"
4677,1039,10,29,92,131,1.3740458015267176,0.0545476006390568,645,I’ll show you the inside as soon as the next group plays through
6430,1039,13,23,95,131,1.3740458015267176,0.05768674173297476,645,"Well, if you love golf, you're going to love this place.  We'll just go in one at at time ok?"
3075,1043,13,20,90,123,1.3739837398373984,0.06042893238191275,645,No electric bill and no Jehovah's Witnesses.
1021,1043,10,26,87,123,1.3739837398373984,0.057024694693118466,645,It's a great house for someone that likes to putter around.
2923,1043,7,32,84,123,1.3739837398373984,0.053403892562892484,645,"The house may not have air conditioning, but check out the fan."
6975,1043,14,18,91,123,1.3739837398373984,0.061521832629909415,645,"It’s a two bed, two bath, with a fore car garage"
7288,1047,11,21,83,115,1.373913043478261,0.06108711260570031,645,"Now, tell me how can I putt you into this home?"
469,1048,10,20,77,107,1.3738317757009346,0.06302122037252483,645,"If our neo-Dutch Revivalist isn’t to your liking, we also have a giant clown head on 18."
6706,1048,8,24,75,107,1.3738317757009346,0.06015814766706188,645,"...and best of all, it's just a short put from all the good schools in the area!"
275,1050,12,29,101,142,1.3732394366197183,0.05345813262563093,645,I've got another in this neighborhood we can look at. How do you feel about clowns?
3752,1050,14,25,103,142,1.3732394366197183,0.05529513708775518,645,Air BNB  advises to just count to 5 and run in between the blades
4280,1050,11,31,100,142,1.3732394366197183,0.05251553887139024,645,The next one will sweep you off your feet.
4331,1050,9,35,98,142,1.3732394366197183,0.05057767868554672,645,Rare chance to really live right on the golf course!
4463,1050,11,31,100,142,1.3732394366197183,0.05251553887139024,645,The weather is great except for the occasional golf-ball-size hail.
4648,1055,12,26,96,134,1.373134328358209,0.05572553436470314,645,"It's new. If our timing is right, I can get you in on the ground floor."
3155,1055,11,28,95,134,1.373134328358209,0.05470936235780548,645,The last occupant died of a mini-stroke.
2534,1055,11,28,95,134,1.373134328358209,0.05470936235780548,645,Unfortunately the previous owner is deceased . He lost his sense of timing
2951,1058,9,29,88,126,1.373015873015873,0.05489861013550139,645,"Think of your bragging rights , this is the toughest hole on the course."
2985,1058,8,31,87,126,1.373015873015873,0.05372963119011379,645,It's a great starter hole for a couple with your budget.
3372,1058,9,29,88,126,1.373015873015873,0.05489861013550139,645,"I know you are looking for a house with solar, but keep an open mind, this one has wind and geothermal."
3467,1058,11,25,90,126,1.373015873015873,0.05716489874720352,645,"You said you wanted to downsize, go carbon-free, and host the grand kids, right?"
4415,1058,8,31,87,126,1.373015873015873,0.05372963119011379,645,It comes completely furnished and includes green fees.
7059,1058,8,31,87,126,1.373015873015873,0.05372963119011379,645,One highlight is the novel front door security system!
4813,1064,9,26,83,118,1.3728813559322033,0.057466692189574384,645,Now I know you asked for something near a golf course...
1531,1064,10,24,84,118,1.3728813559322033,0.05871358669725008,645,"We said Cape Cod, not Dutch colonial."
993,1064,11,22,85,118,1.3728813559322033,0.059934546085706815,645,You have two more wishes.
494,1067,8,25,77,110,1.3727272727272728,0.05898656341689123,645,The little old lady who lives in a shoe is your neighbor.
1273,1068,11,29,97,137,1.3722627737226278,0.05384257708881259,645,We also have a lighthouse and a loop-de-loop I could show you.
3228,1068,10,31,96,137,1.3722627737226278,0.052836359645692395,645,It's a golfing community with 18 available units.
4220,1068,5,41,91,137,1.3722627737226278,0.04748652299158232,645,This place is not as easy as it looks.
4701,1068,15,21,101,137,1.3722627737226278,0.05769221728611084,645,"As you can see, the home sits beautifully overlooking the 16th hole."
5143,1068,10,31,96,137,1.3722627737226278,0.052836359645692395,645,"Actually, hazards are par for the course in this neighborhood."
6024,1068,13,25,99,137,1.3722627737226278,0.055800605027869335,645,Just stand on the dot and sprint to the doorway as soon as one blade clears.
223,1074,8,32,89,129,1.372093023255814,0.05286116936816223,645,"The Quixote family has owned it for generations,
which means there's no wear and tear."
441,1074,10,28,91,129,1.372093023255814,0.05510491165935244,645,"Yes, his departure WAS rather sudden.  Let's just say the previous owner couldn't figure out which way the wind was blowing!  Gabeesh?!"
964,1074,9,30,90,129,1.372093023255814,0.05399469657269392,645,"Green carpets, green energy, and no greens fees!"
2173,1074,13,22,94,129,1.372093023255814,0.05830886195089296,645,Resale value? Just walk out the door and you’re on the golf course!
3601,1074,7,34,88,129,1.372093023255814,0.05170279679051976,645,"Now, let's talk about the elephant in the yard."
6681,1074,6,36,87,129,1.372093023255814,0.05051786975867083,645,And the yard is great to putter around in.
4656,1080,10,25,86,121,1.371900826446281,0.0576541309544252,645,"By law, I must inform you of the children’s parties"
1412,1080,12,21,88,121,1.371900826446281,0.05999567409217036,645,"As owners, you'd get to keep all the balls."
3932,1082,8,26,79,113,1.3716814159292035,0.05787357382815829,645,"Sure, leaving the house requires lightning reflexes and exquisite timing, but on the plus side, it IS right on the golf course..."
4015,1083,9,37,102,148,1.3716216216216217,0.04915203496708115,645,The past tenant paid his mortgage by selling balls back to the course.
239,1084,8,33,91,132,1.371212121212121,0.052029483970240036,645,"It may not be what you had in mind, but it's definitely above par for the neighborhood."
4046,1084,9,31,92,132,1.371212121212121,0.053129348040545324,645,I think you'll find it well priced considering it's on a golf course.
6548,1084,14,21,97,132,1.371212121212121,0.05831834812675218,645,Of course in this market your timing has to be just right.
7559,1084,7,35,90,132,1.371212121212121,0.05090586195327147,645,"It's Dutch Colonial, of course, and the electric bills are practically nothing!"
2743,1088,11,34,106,151,1.3708609271523178,0.050267183735345784,645,"And yes, it is carbon neutral."
1725,1089,8,34,93,135,1.3703703703703705,0.05123218129557839,645,The timing is right to get into this one.
2725,1089,9,32,94,135,1.3703703703703705,0.05230004512250975,645,Good news. Hardly anyone has been through so far.
3653,1089,10,30,95,135,1.3703703703703705,0.05334653727591041,645,It’s equipped with a wind powered security system
3970,1089,11,28,96,135,1.3703703703703705,0.05437289176458838,645,"In your price range, I'm afraid this is the closest we can come to your living on a fareway."
6165,1093,7,33,87,127,1.3700787401574803,0.05220204085238198,645,"Wind-powered, this is for the family that wants to live green."
6301,1093,11,25,91,127,1.3700787401574803,0.05678900049274755,645,I guarantee that “Dutch Modern Sustainable” will become the new American dream house.
6221,1093,11,25,91,127,1.3700787401574803,0.05678900049274755,645,You said you wanted a place that was right on the 18th hole.
5223,1093,6,35,86,127,1.3700787401574803,0.050990868713926385,645,"I know you two like to putter around the house, so I think this place will be a perfect fit."
1713,1093,7,33,87,127,1.3700787401574803,0.05220204085238198,645,"And best of all, you don't have to worry about door-to-door solicitations."
4274,1093,6,35,86,127,1.3700787401574803,0.050990868713926385,645,The sellers are highly motivated to sell under par.
772,1093,10,27,90,127,1.3700787401574803,0.05567769930602737,645,It’s a nice little extra...you can grind your own wheat
4981,1093,7,33,87,127,1.3700787401574803,0.05220204085238198,645,"Yeah, a little pricey for a par 2, but I also have a lovely par 3 church."
5056,1101,6,25,69,100,1.37,0.05972157622389639,645,Solar panels are overrated.
2289,1102,11,32,103,146,1.36986301369863,0.051444600018436065,645,So.. what's the price without the windmill?
3689,1102,11,32,103,146,1.36986301369863,0.051444600018436065,645,"I’m not gonna lie to ya: it gets drafty in the winter, spring, summer, and fall."
4393,1102,12,30,104,146,1.36986301369863,0.05235475319726407,645,"I’m sure I can find a small pencil somewhere around here, just sign on the dotted line and it’s all yours."
1853,1105,13,18,88,119,1.3697478991596639,0.061858352763791556,645,"You mentioned Dutch architecture and giant golf course. Two birdie's with one stone, eh?"""
3840,1105,10,24,85,119,1.3697478991596639,0.05830236913503538,645,"It marries the tiny house concept with golf course amenities, and even features green energy as a bonus!"
4575,1105,9,26,84,119,1.3697478991596639,0.0570678227503089,645,Weren’t you the folks that wanted to be on a golf course?
5200,1105,9,26,84,119,1.3697478991596639,0.0570678227503089,645,"On the plus side, it's completely energy efficient."
6507,1109,7,37,94,138,1.3695652173913044,0.04940788397504534,645,Did you find the place alright?
6492,1109,11,29,98,138,1.3695652173913044,0.053519016153882396,645,"There’s no points on the mortgage, but there will be a one stroke penalty if your monthly payment is late."
4215,1109,12,27,99,138,1.3695652173913044,0.05449836339631238,645,The house is perfect for people that like to putter around.
2565,1109,5,41,92,138,1.3695652173913044,0.04721827986381493,645,The neighborhood is very kid friendly.
4271,1113,11,19,81,111,1.3693693693693694,0.06260509974429486,645,...and the best feature is it fronts on a golf course.
178,1114,9,30,91,130,1.3692307692307693,0.05365414270152274,645,"So, would you like to take it for a spin?"
1867,1115,10,35,104,149,1.3691275167785235,0.04980370800906372,645,"It's a great location, and hardly anyone makes that putt."
397,1116,11,23,88,122,1.3688524590163935,0.05843186265310088,645,The window is closing fast
2688,1116,11,23,88,122,1.3688524590163935,0.05843186265310088,645,Our whale's mouth model is another great option.
4201,1116,7,31,84,122,1.3688524590163935,0.05359431486244862,645,I must disclose the strong wind advisory
677,1119,8,36,97,141,1.3687943262411348,0.04973215749524408,645,"It needs some improvements, but that's par for the course."
2996,1119,8,36,97,141,1.3687943262411348,0.04973215749524408,645,Think of it as a house to putter around in.
6483,1119,11,30,100,141,1.3687943262411348,0.05269951476923594,645,I should tell you the last occupant died in a water hazard.
6758,1122,9,31,93,133,1.368421052631579,0.05280218418878774,645,And this one is right on the green.
5601,1122,10,29,94,133,1.368421052631579,0.053870138496753574,645,Now there are some reciprocal easements you should know about....
5500,1122,9,31,93,133,1.368421052631579,0.05280218418878774,645,"Don’t worry, the golf ball hardly ever makes it through."
3375,1122,9,31,93,133,1.368421052631579,0.05280218418878774,645,I suggest you take it for a spin.
1522,1122,10,29,94,133,1.368421052631579,0.053870138496753574,645,"I love the big windows and natural light, but I think the lighthouse is more in our budget."
3966,1122,11,27,95,133,1.368421052631579,0.054917328669666345,645,You have to wait for it! wait for it! wait for it! . And then run like hell !  You’ll get use to it !
4112,1128,9,35,100,144,1.3680555555555556,0.05000633970858772,645,Picture yourself puttering around this place.
477,1129,10,26,89,125,1.368,0.056266646282419994,645,"I've spoken to the owners, and they're willing to throw in the clubs, too."
2608,1129,11,24,90,125,1.368,0.057401809570217247,645,I think you'll find the neighborhood above par
4056,1131,10,37,108,155,1.367741935483871,0.048452685612710676,645,Maintenance is a breeze.
480,1132,14,22,100,136,1.3676470588235294,0.05698375674361652,645,I also have 17 more different models for you to choose from.
2273,1133,8,27,82,117,1.3675213675213675,0.05641606128980074,645,Not to worry. The golf ball only gets through every twenty strokes.
4733,1133,10,23,84,117,1.3675213675213675,0.058970301034588765,645,I do have one Clown's Mouth model available.
6168,1135,10,27,91,128,1.3671875,0.055316614798679005,645,I guarantee you'll have a ball living here.
4829,1135,8,31,89,128,1.3671875,0.053045875246426545,645,"So, I know a door was on your list, but I think I can get them to lower the price."
217,1135,7,33,88,128,1.3671875,0.05187324343625003,645,Could I interest you in a lighthouse?
370,1135,8,31,89,128,1.3671875,0.053045875246426545,645,"With a market like this, it's all about timing."
2980,1139,9,33,97,139,1.3669064748201438,0.05120168393636622,645,Don't ever leave the house in a rush.
4328,1139,7,37,95,139,1.3669064748201438,0.049123147382969246,645,A great place to live! Timing is everything!
4735,1139,12,27,100,139,1.3669064748201438,0.05417015489718928,645,"""We'd recommend the back door for slower guests, especially when the fall breezes kick up"""
689,1142,14,27,109,150,1.3666666666666667,0.05302202207345211,645,"And there's a school nearby, just through the alligator's mouth."
6866,1142,11,22,87,120,1.3666666666666667,0.05909368402852789,645,It's just like miniature golf but the stakes are higher.
4697,1144,11,37,113,161,1.3664596273291925,0.0480112572476407,645,It's listed as a par 3 but the comps run closer to 4.
3721,1145,12,24,95,131,1.366412213740458,0.056525039395931155,645,It's all about timing.
5047,1145,9,30,92,131,1.366412213740458,0.053317545352563514,645,"If you're willing to stretch, we can look at some par-4s."
6046,1145,13,22,96,131,1.366412213740458,0.057554494966143774,645,I guarantee you'll have a ball in this  house.
6321,1145,11,26,94,131,1.366412213740458,0.055476483906383864,645,"The asking price, Mr and Mrs Jones, is well below par""."
2386,1149,8,36,98,142,1.3661971830985915,0.049448939387780874,645,"Golf course view, low maintenance, fun neighborhood- I really think this property checks all the boxes!"
3298,1150,7,27,78,112,1.3660714285714286,0.05671670851539904,645,"It's priced to move and, trust me, you'll have a ball in this house!"
3759,1151,10,25,88,123,1.3658536585365855,0.056872476351017616,645,"How about your kids, do they love running as well?"
3511,1151,8,29,86,123,1.3658536585365855,0.05447860610962299,645,I thought you said you wanted to live on golf course.
3120,1151,9,27,87,123,1.3658536585365855,0.055688405839745984,645,"No utility bill, it's a wind-wind deal"
783,1151,13,19,91,123,1.3658536585365855,0.0602853102361717,645,It's the perfect location to putter around the house.
5741,1155,9,31,94,134,1.3656716417910448,0.052478728264167905,645,"It grinds your coffee and provides 50% of your electricity
we got a deal?"
321,1156,9,35,101,145,1.3655172413793104,0.049725099761662665,645,The sellers are downsizing to the clown's mouth
4436,1157,11,35,110,156,1.3653846153846154,0.04904930628232548,645,I forgot to ask -- do you play golf?
4527,1158,6,30,79,115,1.3652173913043477,0.05430433042085563,645,I know it’s a little out of your driving range...
1404,1159,8,30,88,126,1.3650793650793651,0.05357466186597838,645,"So, should I get the ball rolling on this?"
2826,1159,10,26,90,126,1.3650793650793651,0.0558946567036794,645,...and this place is perfect for puttering around the house.
3237,1159,9,28,89,126,1.3650793650793651,0.05474694987885668,645,At this price where else are you going to find three bedrooms with a view all in a gated community right on the course?
4825,1159,8,30,88,126,1.3650793650793651,0.05357466186597838,645,A hole-in-one gets you free electricity for a year.
5471,1159,11,24,91,126,1.3650793650793651,0.057019266700005004,645,It's actually harder leaving than entering.
2481,1164,10,30,97,137,1.364963503649635,0.05270272805985026,645,"Yes, in this price range, thats par for the course."
6647,1164,9,32,96,137,1.364963503649635,0.051674319908391185,645,According to Zillow this place is a rating of Par 4
7473,1166,11,32,105,148,1.364864864864865,0.0508691227129258,645,It's literally right on the course.
7255,1167,10,23,85,118,1.3644067796610169,0.058551314627692606,645,"I'm telling you, after a couple weeks you won't even notice"
6255,1167,8,27,83,118,1.3644067796610169,0.056022561003069335,645,"Yes, the place is wheelchair accessible, as long as you have it synchronized."
5955,1167,4,35,79,118,1.3644067796610169,0.050587242806519654,645,"It’s our premium property.  A putting green in the front yard, and absolutely no need for central air."
6062,1167,9,25,84,118,1.3644067796610169,0.057300889111660716,645,Very reasonably priced and it’ll do wonders for your sense of timing.
282,1171,12,23,94,129,1.3643410852713178,0.057121250593757736,645,"Timing is everything in real estate, and I want to bring you into this home at just the right moment."
1627,1171,7,33,89,129,1.3643410852713178,0.05154820185376119,645,Welcome to Lilliputt.
3731,1171,8,31,90,129,1.3643410852713178,0.05270997197270987,645,"Actually, no-one discusses the elephant in the neighborhood."
4311,1171,9,29,91,129,1.3643410852713178,0.0538466821296504,645,I told you it was located right on a golf course.
1309,1175,9,33,98,140,1.3642857142857143,0.0509021533674399,645,"Solar panels are so yesterday.
Wind power is the future"
3193,1175,11,29,100,140,1.3642857142857143,0.05288269152832511,645,"It's a steal at that price, but there are two hazards if either of you is a sleepwalker."
5400,1175,11,29,100,140,1.3642857142857143,0.05288269152832511,645,Timing is everything folks.
6726,1178,10,35,106,151,1.3642384105960266,0.04926250243801632,645,I also have a castle I can show you.
5522,1179,9,26,86,121,1.3636363636363635,0.056285380669717305,645,Have I mentioned the unique selling point?
7116,1179,10,28,94,132,1.3636363636363635,0.0540652779173584,645,"It’s got European charm, country quiet, and none of the problems of Pirate Cove."
4922,1179,11,30,102,143,1.3636363636363635,0.05208681218589799,645,If this is not working for you I can show you a lovely clown head that just came on the market.
7467,1179,14,20,98,132,1.3636363636363635,0.058186733542079254,645,And there are strict association rules
7318,1179,8,32,92,132,1.3636363636363635,0.05188191818228521,645,It's a semi-gated community with just a few water hazards.
4909,1179,11,26,95,132,1.3636363636363635,0.055124538068678036,645,"The best part, it slices, dices, and filets your solicitors"
2162,1179,9,34,100,143,1.3636363636363635,0.05016024213667575,645,"Of course, novelty architecture is tricky to get into."
3884,1179,9,30,93,132,1.3636363636363635,0.05298484552470894,645,"And not just energy savings, you'll never have to mow the lawn again."
30,1179,7,34,91,132,1.3636363636363635,0.05075502943816902,645,It’s early Dutch.
91,1179,9,26,86,121,1.3636363636363635,0.056285380669717305,645,How's your sense of timing?
4385,1179,5,38,89,132,1.3636363636363635,0.04842264110167411,645,The last couple to live here didn’t quite get the timing right.
214,1179,12,28,103,143,1.3636363636363635,0.05302385368801995,645,This house will sweep you right off your feet!
4876,1191,7,39,100,146,1.3630136986301369,0.04749774326369835,645,"I know you like the Castle, but the Windmill's fun factor is so much greater."
6811,1191,13,27,106,146,1.3630136986301369,0.053130739528841175,645,It’ s great for someone who likes to putter around the house!
730,1193,7,35,93,135,1.362962962962963,0.04999436939817319,645,Maybe you’d like The Gingerbread House better?
1440,1193,7,35,93,135,1.362962962962963,0.04999436939817319,645,"There are three things I keep my eye out for: location, location, location, mostly of balls."
1975,1193,10,29,96,135,1.362962962962963,0.05320819420034499,645,You get a front door a quarter of the time.
2492,1193,5,39,91,135,1.362962962962963,0.047731753922246656,645,"Look, you said you wanted a house on a golf course..."""
3777,1193,10,29,96,135,1.362962962962963,0.05320819420034499,645,"The incessant ‘whoosh, whoosh’ is actually quite soothing. Just be vigilant when entering and exiting."
6662,1193,11,27,97,135,1.362962962962963,0.05423716668093172,645,I promise you the price of this one is on par with the rest of the neighborhood.
7205,1193,7,35,93,135,1.362962962962963,0.04999436939817319,645,"Sure, I have other properties but none as challenging."
5306,1200,10,25,89,124,1.3629032258064515,0.05648906629125922,645,You seem like a couple of people with really good timing...
7070,1200,10,25,89,124,1.3629032258064515,0.05648906629125922,645,"It’s super-charming, and you simply cannot get closer to the golf course"
3499,1200,6,33,85,124,1.3629032258064515,0.05163809868897458,645,Make sure the area between the front and back doors is kept clear.
3579,1200,9,27,88,124,1.3629032258064515,0.05531622064907163,645,My client would like to play through.
741,1204,10,34,105,149,1.3624161073825503,0.049681339991210494,645,Do either of you golf?
1758,1205,9,32,97,138,1.3623188405797102,0.051366628445700904,645,Or would you prefer the more traditional clown’s mouth entrance?
2479,1205,7,36,95,138,1.3623188405797102,0.04926416011955038,645,"Fairway views in your price range don't come without a few trade-offs."""
5055,1205,7,36,95,138,1.3623188405797102,0.04926416011955038,645,Just use the back door and you'll be fine.
827,1208,9,28,90,127,1.3622047244094488,0.05439017954437158,645,It's golf course frontage on a Lilliputian budget.
1061,1208,10,26,91,127,1.3622047244094488,0.05552725463969795,645,"With this one, it's all about the timing."
1077,1208,6,34,87,127,1.3622047244094488,0.05082655309983487,645,You’ll find this home very energy efficient
1488,1208,13,20,94,127,1.3622047244094488,0.0588067099800737,645,Your cats will love it.
3661,1208,10,26,91,127,1.3622047244094488,0.05552725463969795,645,Do you golf?
724,1213,8,26,82,116,1.3620689655172413,0.05663813926331871,645,I would advise timing your exits. The previous tenant landed in Sweden.
2722,1214,10,31,100,141,1.3617021276595744,0.051597180857188396,645,"I suggest you get flood, fire, and golf ball insurance."
5210,1214,13,25,103,141,1.3617021276595744,0.054463019014654,645,The asking price is ten million tickets.
3842,1216,10,27,93,130,1.3615384615384616,0.05460744733071563,645,It makes as much sense as anything else these days.
3189,1216,9,29,92,130,1.3615384615384616,0.053504324307480214,645,It will turn quickly.
1709,1216,8,31,91,130,1.3615384615384616,0.05237797376019003,645,"You’ll love the open floor plan, but you’ve gotta be fast in and out!"
4935,1219,4,35,80,119,1.361344537815126,0.050253725181306885,645,you'll save a bundle on your electric bill in the summer.
5968,1219,8,27,84,119,1.361344537815126,0.05563412898381103,645,The asking price is on Par with similar places in this neighborhood.
6564,1219,7,29,83,119,1.361344537815126,0.05433899570741137,645,"Open floor plan, maintenance-free fenced-in yard, and the commuters are, at worst, heavy foot traffic."
7245,1219,5,33,81,119,1.361344537815126,0.05165139637895155,645,We're lucky to have found something this size on your budget.
794,1223,13,26,105,144,1.3611111111111112,0.053628183286856826,645,This house is really cool.
3108,1223,11,30,103,144,1.3611111111111112,0.05178544050598117,645,"Are you kidding, if you got to keep the balls I would have bought the place."
6466,1225,10,28,95,133,1.3609022556390977,0.05372684542590594,645,"If not to your taste, I also have a giant clown's mouth up the street."
4468,1225,13,22,98,133,1.3609022556390977,0.05681846019629031,645,Our last tenent walked in his sleep.
6145,1225,6,36,91,133,1.3609022556390977,0.04930404905490225,645,Most folks who buy this model tend to be fairly agile.
2828,1225,8,32,93,133,1.3609022556390977,0.05156288962338804,645,But in real estate timing is everything.
3412,1225,10,28,95,133,1.3609022556390977,0.05372684542590594,645,Have I mentioned the easement?
156,1230,6,32,84,122,1.360655737704918,0.05213965926836335,645,"And don't forget, there's a great school on the fifth hole."
1315,1230,6,32,84,122,1.360655737704918,0.05213965926836335,645,"You mentioned solar panels before, and well, I think you’re gonna love this."
1944,1230,9,26,87,122,1.360655737704918,0.05590163735770806,645,This is the only par 5 on the market
7017,1230,7,30,85,122,1.360655737704918,0.053423094870148805,645,"1t has 144 square ft. on the main floor, it's on a golf course, and, oh, watch your head."
2506,1234,12,29,106,147,1.3605442176870748,0.051936301271262184,645,Thrill seekers can set it for FIFTY revolutions per minute!
6150,1235,10,20,81,111,1.3603603603603605,0.06110207192004746,645,I've also got some lovely properties on the front 9.
1182,1235,9,22,80,111,1.3603603603603605,0.05974665705395147,645,"There is that, but on the other hand your electric bill will be very low and you will have lots of fresh flour."
2309,1235,7,26,78,111,1.3603603603603605,0.05693911398610064,645,You do need to schedule your exits a bit
2974,1238,11,27,98,136,1.3602941176470589,0.05390299739610028,645,"And best of all, the school district is ranked sub-par."
3207,1238,14,21,101,136,1.3602941176470589,0.05685358839954527,645,"The neighbors are generally nice, but the guy at the end of the block is a real clown."
99,1238,7,35,94,136,1.3602941176470589,0.04969711541718935,645,"It's 2 bedroom, 2 bath, and 2 par"
2493,1241,8,29,88,125,1.36,0.053761720402579774,645,We call it the heads up house
6596,1241,9,18,73,100,1.36,0.06438520439863918,645,"As you can imagine, there are pros and cons to golf course living."
545,1241,6,33,86,125,1.36,0.051305536392441405,645,"Don’t worry, they are used to low ball offers."
7271,1241,12,21,92,125,1.36,0.05836481485367041,645,What will it take to putt putt you in this house?
4950,1245,7,27,80,114,1.3596491228070176,0.05590040517964037,645,It's a fine example of pre-industrial air conditioning.
1750,1246,8,30,90,128,1.359375,0.05288708886209456,645,Your offer is about on par.
3559,1246,9,28,91,128,1.359375,0.054037724455884326,645,It's a unique opportunity to live within the golf course instead of just nearby
3881,1246,9,28,91,128,1.359375,0.054037724455884326,645,Noise?  What noise?
4446,1249,8,35,99,142,1.3591549295774648,0.049310042600327314,645,"Good news its discounted , bad news, when you hear the swish 
sound you have 3 seconds to enter or exit."
5725,1249,9,33,100,142,1.3591549295774648,0.05031272624409396,645,You have to make up you mind now - there is another interested party about to tee off.
636,1251,11,20,86,117,1.358974358974359,0.060039208209955654,645,"Before we go inside, I’ll need you to sign this liability waiver using a tiny, unsharpened pencil."
1328,1251,9,24,84,117,1.358974358974359,0.05753244380193613,645,So it’s a choice between this one or the clown’s mouth colonial?
3938,1251,10,22,85,117,1.358974358974359,0.058799186271160875,645,"You wanted a dream home on a golf course, what do you think?"
5054,1251,10,22,85,117,1.358974358974359,0.058799186271160875,645,This is the perfect home for a family of fore.
6836,1251,8,26,83,117,1.358974358974359,0.056237175191284336,645,The good news is you don't have intruders on a windy day.
7518,1251,4,34,79,117,1.358974358974359,0.050726433032338,645,Entering the front door is all in the timing.
7520,1251,9,24,84,117,1.358974358974359,0.05753244380193613,645,"In golf as in real-estate, timing is everything.”"
4799,1258,7,33,91,131,1.3587786259541985,0.05090917648278907,645,"Mr and Mrs Quixote, your dream home awaits."
212,1258,9,29,93,131,1.3587786259541985,0.05316600299390923,645,"It's a buyer's market. 
If you time it right you won't end up in the hole."""
2658,1258,6,35,90,131,1.3587786259541985,0.049742380703575735,645,You are the first people to notice the hole in the back yard.
67,1261,11,35,113,159,1.3584905660377358,0.048283174466304826,645,"All the lawns are AstroTurf, that's par for the course these days."
2579,1262,12,19,89,120,1.3583333333333334,0.06010708619947588,645,"Everything seems to be in order, now how's your sense of timing."
3086,1262,9,25,86,120,1.3583333333333334,0.056503926803049116,645,"With this house you do have to deal with the occasional odd ball coming in, but that is just life these days."
5074,1262,6,31,83,120,1.3583333333333334,0.052654778291598966,645,"Okay, you're probably asking why is the hole in FRONT of the windmill..."
6687,1262,10,23,87,120,1.3583333333333334,0.057729972861359426,645,"The elephant is not in the room, sir. He is in the backyard."
6747,1266,10,28,96,134,1.3582089552238805,0.05339236456384609,645,Minor problem; timing your exits
1755,1266,12,24,98,134,1.3582089552238805,0.055454362271932615,645,"With four revolving white picket fences, this beauty won't be on the market for very long."
2480,1266,8,32,94,134,1.3582089552238805,0.051247467180832965,645,"Yes, this is especially known as a 'kid-friendly neighborhood'"
4060,1266,12,24,98,134,1.3582089552238805,0.055454362271932615,645,"In this market, your timing has to be juuust right."
4616,1266,9,30,95,134,1.3582089552238805,0.052330906193994005,645,You'll love the in-home renewable energy and free golf balls.
7178,1266,9,30,95,134,1.3582089552238805,0.052330906193994005,645,"Sure it's risky, but renewable energy is the future."
7185,1272,9,35,104,148,1.3581081081081081,0.04889863962028005,645,"Of course, the hole location is negotiable."
557,1272,8,37,103,148,1.3581081081081081,0.04794943475534187,645,The closest grocery store is three holes over.
872,1274,7,30,86,123,1.3577235772357723,0.05306804769696344,645,Welcome to the most unique Airbnb in the city!
1124,1274,11,22,90,123,1.3577235772357723,0.057873463449722794,645,Me. Quixote will see you now.
1748,1274,7,30,86,123,1.3577235772357723,0.05306804769696344,645,"Energy self-sufficiency, low-maintenance lawn, and a surprisingly fun neighborhood."
5751,1274,13,18,92,123,1.3577235772357723,0.06013233584616522,645,"The good news is that your electricity won't go out during a windstorm. The bad news is that you won't,either"
3033,1278,9,31,97,137,1.3576642335766422,0.05153007338028473,645,A light breeze will recharge your Tesla.
673,1278,4,41,92,137,1.3576642335766422,0.046028658766019394,645,The home security system is a bit unusual but effective.
1865,1278,16,17,104,137,1.3576642335766422,0.058367318863109974,645,"It has a faster speed, for religious solicitors!"
2101,1278,10,29,98,137,1.3576642335766422,0.0525613039177426,645,"In this market, it’s all about timing."
4772,1278,10,29,98,137,1.3576642335766422,0.0525613039177426,645,It's a huge kid friendly neighborhood.
6990,1278,11,27,99,137,1.3576642335766422,0.05357268778481325,645,The clown next door never shuts his mouth.
1417,1284,9,36,106,151,1.3576158940397351,0.04823083829412747,645,Built-in 24/7 security--and fresh-ground flour. What's not to like?
6986,1285,7,31,88,126,1.3571428571428572,0.05220750504253616,645,I think you're timing's gonna be just right to get into this little starter.
5201,1285,9,32,99,140,1.3571428571428572,0.050761344927936734,645,We should make an offer before the next foresome plays through.
4537,1285,13,24,103,140,1.3571428571428572,0.05466089855251375,645,It's a nice little place where you can putter around.
7458,1285,9,22,81,112,1.3571428571428572,0.059298156576863596,645,"This one here is more eco-friendly, but the clowns mouth has a much nicer kitchen."
4261,1285,13,24,103,140,1.3571428571428572,0.05466089855251375,645,"The previous tenant moved on, after six strokes."
1715,1285,9,32,99,140,1.3571428571428572,0.050761344927936734,645,But on the plus side: no lawn care.
3503,1285,6,38,96,140,1.3571428571428572,0.04762761142590026,645,"Trust me, it’s a home in one"
1150,1285,8,29,89,126,1.3571428571428572,0.05340980911546648,645,"And, you will love your electric bill!"
596,1285,11,23,92,126,1.3571428571428572,0.056864400908678774,645,And it's only a short drive to the water!
3748,1285,11,18,83,112,1.3571428571428572,0.06195176910439728,645,"Well, I could show you seventeen more properties, but honestly they're holes too."
2727,1295,7,37,99,143,1.3566433566433567,0.04801342027089882,645,But you said you were looking for a house on a golf course.
2687,1295,10,31,102,143,1.3566433566433567,0.050997722447463895,645,"I hate to say I told you so, but the name on the wall did say Putt-Putt Acres."
4444,1295,6,39,98,143,1.3566433566433567,0.04697654169764333,645,It's the quietest street in the neighborhood. Hardly anyone ever makes it.
1600,1295,9,33,101,143,1.3566433566433567,0.05002274121426201,645,Perfect for someone who wants to putter around the house.
1541,1295,5,41,97,143,1.3566433566433567,0.045916254351056195,645,"So, it's a little tricky getting into the house, but you get as many chances as you need."
2313,1295,8,35,100,143,1.3566433566433567,0.04902837527748082,645,"Well,at least it's on a golf course"
7373,1301,8,30,91,129,1.3565891472868217,0.052549406445566854,645,I think the Gingerbread House might fit your tastes better.
2418,1301,9,28,92,129,1.3565891472868217,0.05368951619067856,645,There's a lot of room to putz around
4277,1303,5,31,79,115,1.3565217391304347,0.05267997642143495,645,"Keep in mind, it is a seller’s market."
550,1304,14,24,108,146,1.356164383561644,0.05388955099035538,645,Best to stay indoors on windy days
1082,1304,8,36,102,146,1.356164383561644,0.04834504977973183,645,And its the only property on the course with an alternative energy system.
1981,1304,12,28,106,146,1.356164383561644,0.05210697730019456,645,You just have to time your entrance
1744,1307,5,37,90,132,1.356060606060606,0.04825497060422663,645,"Well, no, there's no DOOR. But it does stop roughly two-thirds of golf balls that attempt to enter."
5765,1307,12,23,97,132,1.356060606060606,0.05601932822733867,645,Now let’s address the elephant in the room
6502,1307,10,27,95,132,1.356060606060606,0.05391515828627825,645,If you don't like your caller....take your time answering the door
2363,1310,8,26,84,118,1.3559322033898304,0.05584147972095898,645,"Sure solar is hot these days, but this is time tested technology."
5091,1310,6,30,82,118,1.3559322033898304,0.05318403664764314,645,"It has great cross-ventilation, and waterfall views from every room."
7203,1312,12,24,99,135,1.3555555555555556,0.05510597525954264,645,So... your husband was telling me your mother is in a wheelchair.
5123,1312,9,30,96,135,1.3555555555555556,0.052009552495332005,645,This model features an open floor plan and central air conditioning.
5049,1312,11,26,98,135,1.3555555555555556,0.05409353186649751,645,Forget solar. RetroWind Estates is the way to go!
4894,1312,11,26,98,135,1.3555555555555556,0.05409353186649751,645,"The Holland features keyless entry, utilizing a state-of-the-art timing pattern."
4356,1312,7,34,94,135,1.3555555555555556,0.04983850832175466,645,Good news! The owners are tilting towards your offer.
1144,1312,12,24,99,135,1.3555555555555556,0.05510597525954264,645,It's a lovely par 3 with a European flair and a fantastic view of the lighthouse.
725,1312,5,38,92,135,1.3555555555555556,0.04756847982341376,645,Manicured lawn.Pool out the front door.Continuous  air flow throughout the House. What's not to like?
325,1312,9,30,96,135,1.3555555555555556,0.052009552495332005,645,And you'll find that the asking price is par for the course.
1120,1320,6,31,84,121,1.3553719008264462,0.05230171018941072,645,You're in easy putting distance to great local schools and houses of worship.
1724,1320,9,25,87,121,1.3553719008264462,0.05611320726204283,645,What do you say we get the ball rolling on this one?
2064,1320,8,27,86,121,1.3553719008264462,0.05487213302215452,645,"It’s great exercise, and folks usually miss the door."
2292,1320,11,21,89,121,1.3553719008264462,0.058516443183919575,645,This house just came onto the market. Your timing is impeccable. As it must be with this property.
1759,1324,10,29,99,138,1.355072463768116,0.05224336268908296,645,'You know that golf course property always appreciates in value.'
4720,1324,10,29,99,138,1.355072463768116,0.05224336268908296,645,"``Step this way,and you'll be able to inspect the rooftop momentarily.''"
6927,1324,13,23,102,138,1.355072463768116,0.05519717849178572,645,Tulips included.
7441,1324,8,33,97,138,1.355072463768116,0.05017764342283398,645,"Before 10 am, you can putter around the yard as much as you like."
7450,1324,13,23,102,138,1.355072463768116,0.05519717849178572,645,The real estate market is all about timing.
1322,1329,6,32,86,124,1.3548387096774193,0.051458594400991715,645,Only one of us can enter at a time
66,1329,9,26,89,124,1.3548387096774193,0.05514868963457134,645,"You stipulated off-the-grid, close to church and near the zoo. 
Looks like a no-brainer to me."
114,1331,9,32,100,141,1.3546099290780143,0.05046365748489453,645,The seller is motivated and willing to throw in some wooden shoes...
855,1331,9,32,100,141,1.3546099290780143,0.05046365748489453,645,Sure you could go with solar panels but these babies work day AND night.
7362,1331,8,34,99,141,1.3546099290780143,0.049449606713896456,645,"Look, you weren’t excited about the bounce house; didn’t even want to enter the escape room... Frankly, I’m beginning to think you two aren’t as into entertaining as you originally led me to believe."
31,1334,6,33,88,127,1.3543307086614174,0.05065199086775765,645,You said you were looking for a place to putter around.
357,1334,10,25,92,127,1.3543307086614174,0.05536751472369812,645,"And every 3 seconds, it keeps intruders from entering."
958,1334,10,25,92,127,1.3543307086614174,0.05536751472369812,645,It’s got great cross ventilation!
1360,1334,10,25,92,127,1.3543307086614174,0.05536751472369812,645,solar panels are so last year
5117,1334,6,33,88,127,1.3543307086614174,0.05065199086775765,645,The ad said golf course with wind turbines
5141,1334,7,31,89,127,1.3543307086614174,0.05187107629325119,645,"It's all about ''Timing, Timing, Timing.'"
5633,1334,6,33,88,127,1.3543307086614174,0.05065199086775765,645,"Yes, old world charm meets wind energy efficient...but do take care entering the front door..."
5759,1334,8,29,90,127,1.3543307086614174,0.053062161026226275,645,"Dont worry, almost no one makes it in."
6021,1342,7,37,100,144,1.3541666666666667,0.04774311074023794,645,When we said located on a golf course we really meant it.
3096,1343,10,20,83,113,1.3539823008849559,0.06018349782626302,645,"To the left is a beautiful sandy park, behind you is a water feature and here we have a Dutch revival inspired home perfect for puttering around in your retirement."
1185,1343,8,24,81,113,1.3539823008849559,0.05749780678263882,645,This was his first miniature golf course. That's why the windmill is so bigly.
1779,1343,8,24,81,113,1.3539823008849559,0.05749780678263882,645,I wouldn't worry about it. The golf balls rarely make it in the door.
880,1346,13,20,97,130,1.353846153846154,0.057643589049967504,645,This would serve nicely for a family of 'fore'.
1333,1346,11,24,95,130,1.353846153846154,0.05553613409130857,645,Timing is everything in today's housing market.
1430,1346,9,28,93,130,1.353846153846154,0.05334548735417158,645,"Look the time to buy is now, before they put in the Hole Foods."
2846,1346,8,30,92,130,1.353846153846154,0.052215710630778706,645,This new listing is above par.
5170,1346,6,34,90,130,1.353846153846154,0.04987944734982024,645,"When I said Dutch Colonial, this isn't what I wanted"
6923,1346,8,30,92,130,1.353846153846154,0.052215710630778706,645,"Perhaps, you could show us something with solar panels?"
7093,1346,9,28,93,130,1.353846153846154,0.05334548735417158,645,"In no time at all, you'll be hearing the putter-patter of little feet."
7334,1346,8,30,92,130,1.353846153846154,0.052215710630778706,645,The property value will skyrocket once they finish the castle down the street.
7291,1354,8,36,103,147,1.3537414965986394,0.048076137360922644,645,"It's a one bedroom, two par hole in the wall."
6234,1355,6,29,81,116,1.353448275862069,0.053728048541930834,645,No electric bill for the next couple of centuries
6163,1356,11,25,97,133,1.3533834586466165,0.05462802059023609,645,It was cheaper to install than solar panels.
5378,1356,9,29,95,133,1.3533834586466165,0.05250122189532132,645,This is a rare opportunity to get into this neighborhood.  Timing is everything!
6752,1356,8,31,94,133,1.3533834586466165,0.051404835705884916,645,"Listen, we all know that timing is everything in real estate!"
1248,1356,5,37,91,133,1.3533834586466165,0.04796554632536551,645,The listing did say it was a green community.
2058,1356,7,33,93,133,1.3533834586466165,0.05028454998701167,645,"Admittedly, it's not quite on par with the others"".."
3294,1361,7,39,104,150,1.3533333333333333,0.04647451652309233,645,"Yea, you're gonna want to spend most of your time upstairs."
5585,1361,12,29,109,150,1.3533333333333333,0.051061805482376536,645,This property is right on par with your budget.
14,1363,8,26,85,119,1.3529411764705883,0.05545096199244622,645,I’m gonna be honest with you; I don’t know what’s down there.
434,1363,9,24,86,119,1.3529411764705883,0.05672071084872762,645,...and don't you worry about that giant gaping hole. That's just where Billy lives.
2409,1363,12,18,89,119,1.3529411764705883,0.060369931249560985,645,I think you'll find this is much better than the clown's mouth neighborhood.
2800,1363,7,34,95,136,1.3529411764705883,0.04953972434414954,645,"Now, I know you wanted something that felt a little more 'authentic'..."
4431,1363,7,34,95,136,1.3529411764705883,0.04953972434414954,645,It's like a revolving door. You just have to be careful when you enter and exit.
4786,1363,7,34,95,136,1.3529411764705883,0.04953972434414954,645,The entryway is a little tricky.
5463,1363,5,26,71,102,1.3529411764705883,0.056849019959717806,645,You can get in most of the time.
6397,1363,8,26,85,119,1.3529411764705883,0.05545096199244622,645,"The other buzzword in real estate is “Timing timing, timing!”"
6085,1371,12,25,102,139,1.3525179856115108,0.053899458598522534,645,... and wait until you see the clubhouse.
5762,1372,8,27,87,122,1.3524590163934427,0.054498403884430835,645,"This is the best property I found, with a golf course view, that is within your price range"
4104,1372,10,23,89,122,1.3524590163934427,0.05693015035741894,645,"Yes, it has Central Air."
5133,1374,6,38,98,142,1.352112676056338,0.047087995313309594,645,"It’s perfect, for those that like to putter around the house."
2797,1374,10,30,102,142,1.352112676056338,0.05115505631014838,645,"yes, the front door is a little tricky"
1414,1376,7,30,88,125,1.352,0.052370885780358485,645,The savings on your electric bill will make up for the inconvenience
2591,1376,7,30,88,125,1.352,0.052370885780358485,645,"Negative electric bill, grind your own flour, and zero solicitors."
3302,1376,9,26,90,125,1.352,0.05477932268245371,645,"On the plus side, you'll never have to cut the grass."
4503,1376,7,30,88,125,1.352,0.052370885780358485,645,Let's face it. All real estate is timing.
5036,1376,9,26,90,125,1.352,0.05477932268245371,645,"Mulberry, the elephant, anxiously waits while his parents learn if exotic pets are allowed."
5040,1376,6,32,87,125,1.352,0.05112413734582559,645,Other than the ingress and egress issue the house is very nice!
6489,1376,7,30,88,125,1.352,0.052370885780358485,645,"It’s resort living, without all the pretense."
2110,1383,8,22,78,108,1.3518518518518519,0.05929494425725719,645,And you'll be right on the golf course!
1703,1384,9,33,103,145,1.3517241379310345,0.04945201095241139,645,"If you like to putter around, look no further."
3433,1384,9,33,103,145,1.3517241379310345,0.04945201095241139,645,I hope you don’t mind temporarily obstructed views.
4493,1386,9,27,92,128,1.3515625,0.05387294096719358,645,This is the only Dutch Revival you'll find in such a family-friendly neighborhood.
6171,1386,8,29,91,128,1.3515625,0.05271870894086588,645,What it lacks in privacy it makes up for in schadenfreude.
4709,1386,9,27,92,128,1.3515625,0.05387294096719358,645,We can take a look inside if you feel ready.
4419,1386,7,31,90,128,1.3515625,0.05153863382287835,645,"Yes, the previous owners... split up, shall we say"
2815,1386,7,31,90,128,1.3515625,0.05153863382287835,645,"It is a bit unconventional, but the energy savings are outstanding!"
4177,1386,11,23,94,128,1.3515625,0.0561102197516701,645,"It's a bit over your budget, however it has everything on your checklist - vaulted ceiling, open concept living-dining room, granite counter tops and intermittent river views."
2425,1392,10,32,106,148,1.3513513513513513,0.04969558449500083,645,You wanted a 'green' home close to the golf course?  Mission accomplished.
3455,1392,9,21,81,111,1.3513513513513513,0.05954873797739833,645,Occasionally a golf ball will roll through the front door
5473,1392,5,42,101,148,1.3513513513513513,0.04483311054916437,645,"There's a birdie nesting on the roof, and a hole in one of the  floorboards but that's par for the course."
3150,1395,10,26,95,131,1.3511450381679388,0.054102037219083784,645,It's a par 4 at a par 2 price.
3797,1395,8,30,93,131,1.3511450381679388,0.05188594036020284,645,"It's not really the blades, it's the giant golf balls that make it hard to sell."
4340,1395,4,38,89,131,1.3511450381679388,0.047142248129224,645,The last couple I showed this to were bowled over once they got inside.
4016,1398,10,33,108,151,1.3509933774834437,0.049006622516556284,645,I'd highly recommend you stay upstairs.
4169,1398,9,35,107,151,1.3509933774834437,0.04809728505570444,645,Now this little baby is a golfer’s dream!
2781,1400,10,20,84,114,1.3508771929824561,0.05973399625851858,645,"Now, the only drawback is that you will have to time your exits and entrances carefully!"""
3084,1400,7,26,81,114,1.3508771929824561,0.05569904957571332,645,"And to top it off, it has a very low carbon footprint."
4962,1400,4,32,78,114,1.3508771929824561,0.05134800812361496,645,Could be worse. We could be in a Whac-A-Mole game.
4816,1403,7,33,94,134,1.3507462686567164,0.04997750889792474,645,"Ever since Old Man Quixote moved, the neighborhood's been pretty quiet."
1165,1403,7,33,94,134,1.3507462686567164,0.04997750889792474,645,"But on the other hand, you get a huge energy tax credit."
2543,1403,10,27,97,134,1.3507462686567164,0.05323921437760225,645,This one comes with its own security system
104,1406,8,25,84,117,1.3504273504273505,0.056046483113692314,645,It's the perfect Starter Hole.
1526,1406,9,23,85,117,1.3504273504273505,0.057346059025369225,645,It's more efficient than solar.
3757,1406,8,25,84,117,1.3504273504273505,0.056046483113692314,645,Fore!Closure!
7140,1406,6,29,82,117,1.3504273504273505,0.05335244921049015,645,This is the last one left. I already sold the other seventeen.
7237,1406,9,23,85,117,1.3504273504273505,0.057346059025369225,645,This one offers a view of the Eiffel Tower AND the Sphinx.
6506,1411,10,28,99,137,1.3503649635036497,0.05241202413909692,645,"Yes there’s a minor easement, but utilities are included!"
1173,1411,8,32,97,137,1.3503649635036497,0.050322319704537946,645,Let me show you a sweet castle on #18.
1875,1411,9,30,98,137,1.3503649635036497,0.05137779741679769,645,And here's your new backyard: perfect for just puttering around.
2667,1411,9,30,98,137,1.3503649635036497,0.05137779741679769,645,Yes...but it also makes break-ins difficult.
5050,1411,12,24,101,137,1.3503649635036497,0.054421546176756395,645,And you save a ton on your electric bill.
5701,1411,8,32,97,137,1.3503649635036497,0.050322319704537946,645,I also have something easier in this neighborhood
6743,1411,9,30,98,137,1.3503649635036497,0.05137779741679769,645,Real estate rule #2: Timing is everything
4611,1418,10,35,112,157,1.3503184713375795,0.04770260266841387,645,Your timing couldn't be better.
1874,1418,11,33,113,157,1.3503184713375795,0.048550979585057524,645,"As with every goal, timing is everything."
3,1420,8,26,86,120,1.35,0.055065532642062605,645,"If you don't like this, I can show you something on the 15th hole."
144,1420,9,24,87,120,1.35,0.056322898607609195,645,Let's not make this more difficult than it already is.
1506,1420,8,33,99,140,1.35,0.04958719623887276,645,I was finally able to find something in the neighborhood in your price range.
2468,1420,9,24,87,120,1.35,0.056322898607609195,645,"Before he was President, he combined his love of real estate with his passion for golf."
3031,1420,9,31,100,140,1.35,0.05061289315729031,645,"And now for the elephant in the room . . ."""
3185,1420,9,38,113,160,1.35,0.046242456464532816,645,"Yes, the door does swing inward._"
5938,1420,5,39,96,140,1.35,0.04637418745461804,645,Do you want to hear the short or long winded version?
6824,1420,7,35,98,140,1.35,0.04853983011830252,645,Financing is a breeze
7490,1420,13,16,91,120,1.35,0.061094132264881876,645,Don Quixote has a vacation home here.
7196,1429,8,34,101,143,1.3496503496503496,0.04888064614034406,645,If this one doesn't appeal I have a bridge I could sell you on the 8th hole
1535,1430,7,29,87,123,1.3495934959349594,0.05288396064027904,645,Surviving the home-buying process is all about timing.
3358,1430,11,21,91,123,1.3495934959349594,0.05770470845868469,645,You'll have a ball in this house.
5267,1430,7,29,87,123,1.3495934959349594,0.05288396064027904,645,"The upside is that if someone gets a hole-in-one, your rent is paid for the month!"
5536,1430,9,25,89,123,1.3495934959349594,0.05534684576064104,645,"Classic European architecture, adjoining a golf course--I feel I've hit a home run finding this property for you."
6183,1430,9,25,89,123,1.3495934959349594,0.05534684576064104,645,"I've reviewed your case, and I'm afraid you will not be able to take a mulligan."
6688,1430,8,27,88,123,1.3495934959349594,0.05412941265455765,645,"It's a bit of a fixer-upper, but in this neighborhood - - that's par for the course."
7364,1436,9,26,91,126,1.3492063492063493,0.054414587583659246,645,"Regarding your homeowner's policy, I should point out that a large, white ball coming through your door is considered an ""act-of-God..."""
4869,1436,11,22,93,126,1.3492063492063493,0.05670022571267223,645,When I count to three; run through the door.
4585,1436,9,26,91,126,1.3492063492063493,0.054414587583659246,645,The lot is perfect for a tear-down and rebuild: were you thinking volcano or clown's mouth?
4545,1436,10,24,92,126,1.3492063492063493,0.05556915933216778,645,I recommend taking the hole-in-one insurance.
4103,1436,12,20,94,126,1.3492063492063493,0.05780916642585416,645,"In our business, timing matters."
5607,1436,8,28,90,126,1.3492063492063493,0.05323498112064656,645,Look at it this way....your kids won't want to be living with you after college.
3130,1436,10,24,92,126,1.3492063492063493,0.05556915933216778,645,It gives true meaning to putter-ing  around the house.
1375,1436,8,28,90,126,1.3492063492063493,0.05323498112064656,645,Of course it's a little dicey on windy days but that's why you're getting such a great price.
568,1436,8,28,90,126,1.3492063492063493,0.05323498112064656,645,"Of course, you will need to be a bit careful when coming in or going out."
3933,1436,10,24,92,126,1.3492063492063493,0.05556915933216778,645,It’s got a great view of the 18th hole.
524,1436,8,28,90,126,1.3492063492063493,0.05323498112064656,645,Now this is something less run-of-the-mill.
1295,1447,8,36,105,149,1.348993288590604,0.047546529376061894,645,I'm going to be honest with you. The groundhogs around here are the size of Vespas.
5102,1447,9,34,106,149,1.348993288590604,0.048490897880694286,645,The good news is the windmill is solar-powered.
439,1449,7,31,91,129,1.3488372093023255,0.05121011729350314,645,"Once you get around the hazards, this place is a real hole-in-one."
1027,1449,10,25,94,129,1.3488372093023255,0.05464291542585924,645,Not only does this offer sustainable living; if you exit the house without getting hit by the windmill and jump in the hole you are delivered right to the street.
1508,1449,10,25,94,129,1.3488372093023255,0.05464291542585924,645,It's zoned as a drive-through
1528,1449,6,33,90,129,1.3488372093023255,0.05001351899443387,645,"Easements? Yeah, a couple."
3423,1449,10,25,94,129,1.3488372093023255,0.05464291542585924,645,"The deal on this one is incredible, but you'll have to move fast."
3446,1449,9,27,93,129,1.3488372093023255,0.053523118138145254,645,With good timing and a little hustle you’ll make it inside unscathed every time.
4247,1449,4,37,88,129,1.3488372093023255,0.04753003282337488,645,And there's easy access to the beach over the bridge obstacle.
5118,1449,11,23,95,129,1.3488372093023255,0.05574022100104517,645,So that’s what you meant by revolving doors.
1326,1457,7,24,78,109,1.348623853211009,0.057375116328115344,645,"The last owners told us that slow, turning creaking sound helped them sleep like babies."
790,1458,9,28,95,132,1.3484848484848484,0.052669703563558316,645,"Yes, but you'll be fine---it's a really tough shot."
3392,1458,12,22,98,132,1.3484848484848484,0.05586661737106431,645,"I'd show you the interior, but I hear the guy up next is pretty good."
3946,1458,8,30,94,132,1.3484848484848484,0.051560035419588056,645,Here we have a motivated seller.  You can get this for 20% less than the Gingerbread House we looked at yesterday
4077,1458,12,22,98,132,1.3484848484848484,0.05586661737106431,645,No unfortunately the windmill doesn't actually create electricity for the house thanks to the new EPA regulations the whole thing has to be run on coal
5004,1458,6,34,92,132,1.3484848484848484,0.04926577321489342,645,I did promise you a view of the 18th hole
5913,1458,8,30,94,132,1.3484848484848484,0.051560035419588056,645,Would you be interested in something off the grid?
2109,1464,6,27,79,112,1.3482142857142858,0.05486297050166862,645,What goes around comes around.
1511,1465,5,37,93,135,1.348148148148148,0.04739600470938683,645,What on earth makes you think this is a white elephant property?
2381,1465,8,31,96,135,1.348148148148148,0.05077456273522056,645,This house is par for the course.
4048,1465,9,29,97,135,1.348148148148148,0.05185185185185185,645,It's cheaper than a solar panel.
4119,1465,12,23,100,135,1.348148148148148,0.05495716057991917,645,"This dream, totally green house can be yours. Keep in mind, timing is everything."
5828,1465,7,33,95,135,1.348148148148148,0.04967391570471675,645,"In real estate time is of the essence, in this case it's par for the course too."
3322,1470,6,36,96,138,1.3478260869565217,0.047859253956332094,645,"Of course, on windy days, you're in or you're out. Period."
2666,1470,9,22,84,115,1.3478260869565217,0.05799008077003045,645,I’m also going to recommend you get hazard insurance for the golf-ball sized hail they get here
1357,1470,6,28,81,115,1.3478260869565217,0.053899754765903106,645,"Best of all,  green fees are included in your rent"
3343,1470,8,32,98,138,1.3478260869565217,0.05002080801877035,645,It's a great deal just don't come out the front door without looking.
903,1470,11,26,101,138,1.3478260869565217,0.05309840678628378,645,And you live off the grid.
1257,1470,11,26,101,138,1.3478260869565217,0.05309840678628378,645,"A taste of Holland, with stunning views of the ninth hole. Tell me, are you golfers?"
896,1470,11,26,101,138,1.3478260869565217,0.05309840678628378,645,Best not to lock the door when you leave.
4973,1477,10,29,102,141,1.3475177304964538,0.05131089616378166,645,"I think it’s just perfect for you, Mr and Mrs. Quixote, and it sits right on the fairway overlooking the 9th hole..."
5033,1477,10,29,102,141,1.3475177304964538,0.05131089616378166,645,"Don't worry, this is an extremely safe neighbourhood. The most dangerous things you'll come across are teens on their first date."
6194,1477,9,31,101,141,1.3475177304964538,0.05031392394294709,645,Is this place a dream or what?
6609,1477,11,27,103,141,1.3475177304964538,0.0522888629415873,645,"Before deciding, you need to know about Don..."
192,1481,9,23,86,118,1.347457627118644,0.05693550087126865,645,Just let them play through.
754,1481,8,25,85,118,1.347457627118644,0.05564877993108223,645,You'll never buy another golf ball as long as you live.
1843,1481,4,33,81,118,1.347457627118644,0.0501729857716398,645,This is par for the course in this neighborhood
4342,1481,6,29,83,118,1.347457627118644,0.052981672345534685,645,"I don't understand. You wanted ""charming"" and ""on a golf course."""
5850,1481,9,23,86,118,1.347457627118644,0.05693550087126865,645,This home offers plenty of space to putter around in.
6114,1481,6,29,83,118,1.347457627118644,0.052981672345534685,645,"You’ll need to maintain the lawn, but that’s par for the course."
3839,1487,5,32,84,121,1.3471074380165289,0.05076649917262565,645,Great privacy except for the occasional miniature golfer.
4315,1487,9,24,88,121,1.3471074380165289,0.05593032831632606,645,This property is ideal if you like to putter around in the garden.
2074,1487,9,24,88,121,1.3471074380165289,0.05593032831632606,645,"It's not just a house, it's a hole."
1648,1487,8,26,87,121,1.3471074380165289,0.054685103810270565,645,"If you don't like this, I've got a castle with a draw bridge one block over..."
68,1491,9,26,92,127,1.3464566929133859,0.05405440647746246,645,Sign the contract with a very short pencil and call it home.
775,1491,11,22,94,127,1.3464566929133859,0.056319158494570004,645,They say this is where little Donald first learned to cheat.
1616,1491,10,24,93,127,1.3464566929133859,0.05519839885887648,645,"Why yes, the neighbourhood is very kid friendly"
2371,1491,7,30,90,127,1.3464566929133859,0.05169052239748573,645,"I've been doing this for a while, it's all about timing"
2538,1491,10,24,93,127,1.3464566929133859,0.05519839885887648,645,"You're a golfing man, aren't you Bob?"
2987,1491,8,28,91,127,1.3464566929133859,0.05288567369976348,645,"Before we continue, can I get either one you a tee?"
6928,1491,4,36,87,127,1.3464566929133859,0.04792657900232741,645,"Lastly, let's discuss the easement."
7219,1491,7,30,90,127,1.3464566929133859,0.05169052239748573,645,"“Yeah, it’s a little pricey, but it’s par for the course.”"
6457,1499,9,27,94,130,1.3461538461538463,0.05317755102858302,645,"It's nice, but we'd still like to see the one shaped like a clown's mouth."
6117,1499,10,25,95,130,1.3461538461538463,0.05428731451982511,645,"850 is a fine credit score, but this neighborhood requires a 3-handicap or less."
4664,1499,7,31,92,130,1.3461538461538463,0.05088546712612378,645,and we can keep the golf balls?
4448,1499,9,27,94,130,1.3461538461538463,0.05317755102858302,645,"On the plus side, the grass is much greener than the last house."
7187,1499,7,31,92,130,1.3461538461538463,0.05088546712612378,645,It's all in the disclosures.
2759,1499,11,23,96,130,1.3461538461538463,0.05537484177992094,645,And you get to keep any balls that land in your yard.
2561,1499,10,25,95,130,1.3461538461538463,0.05428731451982511,645,And you can charge your Tesla for free...
1515,1499,7,31,92,130,1.3461538461538463,0.05088546712612378,645,The homeowners association does require that you keep the center aisle free of obstruction so that giant balls can occasionally roll through.
832,1499,8,29,93,130,1.3461538461538463,0.05204412886215589,645,This is right on par with your price point.
544,1499,6,33,91,130,1.3461538461538463,0.04969980060590747,645,"Perhaps, instead, I could show you something in a cozy 3-bedroom plastic dinosaur?"
3672,1499,8,29,93,130,1.3461538461538463,0.05204412886215589,645,Windmill?  Pshaw. It’a a zero carbon footprint home.
373,1510,7,32,94,133,1.3458646616541354,0.05011391987169973,645,"I know you said modern, but
how do you feel about Dutch Colonial?"
1448,1510,10,26,97,133,1.3458646616541354,0.05341505840645854,645,I'd add a water hazard plus a loop-de-loop and flip it.
2680,1510,9,28,96,133,1.3458646616541354,0.052337819003208684,645,"Think of the positives. There’s fresh air, constant guests and endless entertainment."
5010,1510,6,34,93,133,1.3458646616541354,0.04896410724555688,645,I'm afraid high casualty insurance is par for the course when you buy in this neigbborhood.
7224,1510,11,24,98,133,1.3458646616541354,0.05447099807345302,645,"Folks, the time to buy is now!...Aaanddd, now!"
7279,1510,7,32,94,133,1.3458646616541354,0.05011391987169973,645,"Sure, on a windy day, you have  to time your exit"
6675,1516,9,29,98,136,1.3455882352941178,0.05153279776183432,645,I recommend keeping your good furniture away from the front door.
5710,1516,7,33,96,136,1.3455882352941178,0.04937372095978629,645,"Don't worry, wind is very rare in this neighborhood."""
5617,1516,10,27,99,136,1.3455882352941178,0.052579099526672717,645,We said we wanted to live on a golf course NOT in a golf course.
3091,1516,9,29,98,136,1.3455882352941178,0.05153279776183432,645,"The downside is that if you miss the putt three times in a row, you will automatically be locked out of the house for 5 minutes."
1160,1516,9,29,98,136,1.3455882352941178,0.05153279776183432,645,One negative: you need good timing to get in or out.
4381,1516,7,33,96,136,1.3455882352941178,0.04937372095978629,645,Financing will be a breeze.
3995,1522,8,22,80,110,1.3454545454545455,0.05838579756406175,645,Its the only gated community in your price range.
2251,1523,10,28,101,139,1.3453237410071943,0.05177712458571495,645,"There are solar panels on the roof, too!"""
3434,1523,7,34,98,139,1.3453237410071943,0.048662895379320684,645,You said you wanted a home with an alternative energy source.
2231,1525,10,19,84,113,1.345132743362832,0.05998565924334358,645,It has that Old Dutch charm and right on the golf course.
4461,1525,10,19,84,113,1.345132743362832,0.05998565924334358,645,So you're planning to go Dutch?
6103,1525,8,23,82,113,1.345132743362832,0.05729069461150207,645,"This house is not just a steal, it's a hole in one!"
3039,1528,11,27,104,142,1.3450704225352113,0.051976972771799246,645,The ad was not misleading. This is an airy house in a gated community.
5159,1528,10,29,103,142,1.3450704225352113,0.051007014984738266,645,"True, it is a bit airy, but wait until you get wind of the price."
4817,1530,6,28,82,116,1.3448275862068966,0.0535171486420934,645,You'll get used to the golf balls coming through your living room in no time.
5777,1530,6,38,101,145,1.3448275862068966,0.046299158761201914,645,Its a 3 bedroom 2 bath par 3 and priced to sell quickly.
378,1532,7,27,85,119,1.3445378151260505,0.053952157706317456,645,Rent is on par with the rest of the neighborhood
4116,1533,6,30,86,122,1.3442622950819672,0.051754859475962256,645,"But on the other hand, you never have to mow the lawn."
2928,1533,5,32,85,122,1.3442622950819672,0.05042898454750709,645,It was a typo.  I meant it to say Movin'  Condition.
2699,1533,9,24,89,122,1.3442622950819672,0.05554290656806028,645,Make it through and it's all yours!
1340,1533,8,26,88,122,1.3442622950819672,0.054309589145420556,645,The market's really tight these days.  It's this or the clown's face.
2856,1537,11,31,112,154,1.344155844155844,0.04908108150541256,645,.... and in the summer there’s a nice breeze.
7404,1538,7,29,89,125,1.344,0.052183299763368246,645,"The good news is, the course shuts down at night."
6127,1539,10,24,94,128,1.34375,0.054832309681786796,645,What’s better than living on a golf course?  Living in a golf course!
4618,1539,6,32,90,128,1.34375,0.05014435362817434,645,And it's great for puttering around!
3472,1539,8,28,92,128,1.34375,0.052540643247997884,645,"...and I agree but on the plus side, with even a slight breeze, you’ll get incredible water pressure."
3347,1539,10,24,94,128,1.34375,0.054832309681786796,645,"It's generally regarded as a very safe neighborhood, but the proof is in the putting."
2557,1539,8,28,92,128,1.34375,0.052540643247997884,645,It's energy efficient.
2033,1539,9,26,93,128,1.34375,0.05369870286120865,645,"Sorry, I should have added ""postmodern"" when I said the house had the classic white picket fence."
1672,1539,6,32,90,128,1.34375,0.05014435362817434,645,"But on the upside, it runs on renewable energy."
529,1539,10,24,94,128,1.34375,0.054832309681786796,645,"With every hole in one, there’s a 10% reduction in your closing costs."
518,1539,7,30,91,128,1.34375,0.05135647667870523,645,This neighborhood has features you won't find anywhere else.
7410,1548,10,25,96,131,1.3435114503816794,0.05393607965870664,645,"In this neighborhood, a property like this is par for the course"
7247,1548,12,21,98,131,1.3435114503816794,0.05607120752349596,645,"And with this house, Mr. Quixote, you will also get your exercise."
5870,1548,5,35,91,131,1.3435114503816794,0.04818611447781243,645,"Between 10 p.m. and 10 a.m., you'll have full use of every room in the house."
4199,1548,9,27,95,131,1.3435114503816794,0.05283617015694881,645,It really is a miniature golfer’s paradise.
1438,1548,9,27,95,131,1.3435114503816794,0.05283617015694881,645,"By law, I’m obligated to tell you the previous owners were crushed by a golf ball."
1618,1548,7,31,93,131,1.3435114503816794,0.050564624518149505,645,This model supports off grid living and built-in rotating security.
1609,1548,9,27,95,131,1.3435114503816794,0.05283617015694881,645,Electricity is free but the front lawn can be busy during playing hours.
561,1548,8,29,94,131,1.3435114503816794,0.05171287136446542,645,You'll also have access to the community waterfall
2010,1548,10,25,96,131,1.3435114503816794,0.05393607965870664,645,"Now this model is not your classic white-picket-fence situation."""
1873,1557,9,28,97,134,1.3432835820895523,0.05200985465949026,645,Timing is of the essence when you consider both making an offer or touring the interior.
2256,1557,8,30,96,134,1.3432835820895523,0.05091958494594446,645,In Manhattan you take what you can get.
2852,1557,5,36,93,134,1.3432835820895523,0.047498858714342916,645,"Leslie, you wanted a tiny house; John, you were looking for something with style and adventure, amiright? I think I’ve found you the perfect property"
4141,1557,10,26,98,134,1.3432835820895523,0.05307773386586271,645,The last owner was a sleepwalker and things didn't work out.
7472,1557,9,28,97,134,1.3432835820895523,0.05200985465949026,645,The wind is free but hazard insurance will cost an arm and a leg.
2278,1562,10,27,100,137,1.3430656934306568,0.052254821398818804,645,"No problem, the front entrance is free every 30 seconds."
4002,1562,8,31,98,137,1.3430656934306568,0.050158568016949026,645,You said you wanted to be off the grid.
3289,1564,9,41,122,172,1.3430232558139534,0.04393039847073926,645,"You'd think the wind mill blades are the biggest thing; but, there is one other issue."
1002,1565,10,28,102,140,1.3428571428571427,0.0514651006502089,645,We can offer you a great mortgage rate. It's just par for the course.
1927,1565,10,16,79,105,1.3428571428571427,0.06322900327420725,645,"The thing is, most players miss."
3600,1565,8,32,100,140,1.3428571428571427,0.04942779318458915,645,"Your timing is excellent — which in this case is a very good thing, indeed."
7510,1565,6,24,75,105,1.3428571428571427,0.057142857142857134,645,"Unlike the clown's mouth, it's chic and energy efficient."
1177,1569,11,27,105,143,1.3426573426573427,0.05166859740628859,645,There's just one thing before we go inside.
1458,1570,9,19,80,108,1.3425925925925926,0.060518752385354584,645,"With some quick, agile action, this home could be yours."
1926,1571,11,28,107,146,1.3424657534246576,0.050913577395343614,645,Think about it...no solicitors!
6257,1571,6,38,102,146,1.3424657534246576,0.04604156607614298,645,But think of what you’ll save on electricity.
984,1573,5,28,78,111,1.3423423423423424,0.05353284064877549,645,"It may seem like a lot at first, but the energy savings will make it very affordable in the long run."
1952,1574,8,35,106,149,1.342281879194631,0.04739907804334821,645,You have to move quickly to keep from getting injured but the electric bill is very low.
6184,1575,13,26,113,152,1.3421052631578947,0.051218392524800774,645,"You are going to have to be quick, but I have a good feeling about getting you into this house."
4458,1575,8,23,83,114,1.3421052631578947,0.05686656709984906,645,"No, there aren't any ceiling fans."
6342,1575,7,38,107,152,1.3421052631578947,0.04583114092383595,645,It is very well ventilated.
1984,1575,10,19,85,114,1.3421052631578947,0.0595341687098392,645,"You know, life can be quixotic..."
4405,1575,7,25,82,114,1.3421052631578947,0.055484692110497065,645,"The seller is really motivated....he's discovered tennis."""
699,1580,5,30,82,117,1.3418803418803418,0.051734422875160495,645,We heard you were going Dutch.
3616,1580,10,20,87,117,1.3418803418803418,0.058423125488667564,645,"As you can see, this house has a great front yard for just putting around in."
4696,1580,8,24,85,117,1.3418803418803418,0.055843864114234885,645,"Ted, I realize it's a bit out of your price range. Maybe you and Debra could go Dutch."
5099,1580,9,22,86,117,1.3418803418803418,0.05714804787161906,645,"Remember, timing is of the essence when entering”"
5578,1580,9,22,86,117,1.3418803418803418,0.05714804787161906,645,"Welcome to Lilli Putt Estates, the biggest name in miniature, golf course living!"
474,1585,8,25,87,120,1.3416666666666666,0.054869125335043206,645,I assure you the foundation is up to par.
2389,1585,8,25,87,120,1.3416666666666666,0.054869125335043206,645,"There's no bathroom, kitchen, or front door, but it has great curb appeal."
2751,1585,5,31,84,120,1.3416666666666666,0.050896491507821925,645,"You get it all, quaint bucolic village, loft, neat garden wall, arched windows, free grain grinding, elephant trap..."
3112,1585,10,21,89,120,1.3416666666666666,0.05736491052769635,645,I think we should make a low-ball offer.
4388,1585,7,27,86,120,1.3416666666666666,0.053577652921938605,645,"Apart from the energy efficiency, it’s got a fabulous front lawn, which you can stroll at your leisure, as long as you exit the front door at five second intervals."
7181,1590,7,28,88,123,1.3414634146341464,0.05268894876754358,645,"On the upside, it's totally off the grid!"
60,1590,8,26,89,123,1.3414634146341464,0.053938903803781885,645,Once you’re in you’ll stay putt
3315,1590,8,26,89,123,1.3414634146341464,0.053938903803781885,645,Forget ADT - check out THIS security system!
4948,1593,11,21,94,126,1.3412698412698412,0.05652665999775139,645,Don't drink and arrive.
1662,1593,7,29,90,126,1.3412698412698412,0.051839432699103474,645,"Lots of places claim fairway views, but how many are actually on the fairway?"
1991,1593,8,27,91,126,1.3412698412698412,0.05305007926053462,645,"I'm telling you, wind power is SO much better than solar."
1475,1596,5,34,90,129,1.3410852713178294,0.048594743868681525,645,On the other hand it discourages home invaders.
2160,1596,9,26,94,129,1.3410852713178294,0.05334740158333645,645,"The clown's face was the first to sell, but this hole is still available."
2618,1596,10,24,95,129,1.3410852713178294,0.05447081132773332,645,Yes it's expensive. It's the only house right on the course.
4167,1596,6,32,91,129,1.3410852713178294,0.04982542686892419,645,"It’s in a great neighborhood, and just down the street from the loop the loop and the fake pond"
5517,1596,9,26,94,129,1.3410852713178294,0.05334740158333645,645,"As you consider this for your new home, timing is everything."
5634,1596,10,24,95,129,1.3410852713178294,0.05447081132773332,645,"It also shreds, chops and dices."
678,1602,11,23,98,132,1.3409090909090908,0.05465762619811564,645,Going Dutch?
1524,1602,4,37,91,132,1.3409090909090908,0.046667259985833855,645,"Open floor plan, built-in theft deterrent system, zero lawn maintenance."
1982,1602,8,29,95,132,1.3409090909090908,0.05138555087377326,645,It's solar powered.
2132,1602,7,31,94,132,1.3409090909090908,0.05024753145774633,645,"Trust me, the ball never makes it in."
2552,1602,9,27,96,132,1.3409090909090908,0.05249890722296105,645,If you two go Dutch it'll be cheaper
2851,1602,8,29,95,132,1.3409090909090908,0.05138555087377326,645,"Yes, the electricity is free!"
7552,1608,8,30,97,135,1.3407407407407408,0.050604923279653644,645,...and did I tell you how energy efficient it is?
5659,1608,7,32,96,135,1.3407407407407408,0.04950050444819818,645,"On the other hand, it's a steady source of income."
1083,1608,10,26,99,135,1.3407407407407408,0.052744430029783414,645,A single stroke and it’s all yours.
4435,1608,5,36,94,135,1.3407407407407408,0.04721422774544767,645,Could you show us something a little more 'Clowns Mouth'-y?
86,1612,10,27,101,138,1.3405797101449275,0.05193431473332927,645,"When that happens, I strongly recommend you let them play through."
3868,1612,12,23,103,138,1.3405797101449275,0.05393279236618936,645,"Yes, this neighbourood is quite above par."
4225,1612,12,23,103,138,1.3405797101449275,0.05393279236618936,645,This is the best house on Quixote Court.
4773,1612,8,31,99,138,1.3405797101449275,0.049855792052945165,645,It's a very walkable neighborhood
5662,1612,11,25,102,138,1.3405797101449275,0.05294298413970918,645,The plus on this house is free electricity and the negative it can get very tricky getting in and out of the front door.
4968,1617,8,32,101,141,1.3404255319148937,0.04913619312252135,645,That’s true but the rent is miniature as well.
5166,1617,9,30,102,141,1.3404255319148937,0.05015658079621688,645,"You said you wanted the grandkids to visit, right?"
5737,1617,6,36,99,141,1.3404255319148937,0.047029046656149404,645,"Technically, it qualifies for the wind energy tax rebate"
4930,1620,7,35,102,144,1.3402777777777777,0.04743129252027798,645,The covenant requires you to keep you the grass cut and the back door open
2884,1621,6,38,103,147,1.3401360544217686,0.04578659341716974,645,This one's a bit too quixotic. Is the castle still available?
402,1621,13,24,110,147,1.3401360544217686,0.052428311603160395,645,I'm sorry but the  homeowners association will  not let you fill the hole.
2032,1623,10,31,109,150,1.34,0.048998927075866984,645,"On the plus side, it does have wind power and a semi-reliable security system."
2491,1623,7,37,106,150,1.34,0.0461783334340598,645,"You might want to make an offer, golf course properties often go quickly."""
717,1625,6,24,76,106,1.3396226415094339,0.056693549650177505,645,The previous owners upgraded to the castle.
3105,1625,7,22,77,106,1.3396226415094339,0.05825678579577063,645,It’s quite peaceful at night.
4372,1625,4,28,74,106,1.3396226415094339,0.053430043358608834,645,HOA fees include turf maintenance and access to the waterfall on the 13th Hole
41,1628,6,25,78,109,1.3394495412844036,0.055637325378165896,645,It’s a once-in-a-lifetime opportunity Mr. and Mrs. Felps. What do you say we go inside and get the ball rolling?
5700,1628,5,27,77,109,1.3394495412844036,0.05408897586318671,645,"This isn't exactly what we had in mind when you said ""view of the ninth green""."
6799,1628,10,17,82,109,1.3394495412844036,0.06144176622189453,645,Don’t forget to look before you leave.
3353,1631,8,22,82,112,1.3392857142857142,0.05750268785135647,645,"Well honey, it's either this or the giant clown."
4960,1631,10,18,84,112,1.3392857142857142,0.060235449959976727,645,"Oddly, it runs completely on solar."
2734,1631,7,24,81,112,1.3392857142857142,0.05608639718555095,645,"This is our most coveted model home, the Manse of La Mancha."
3428,1634,8,23,84,115,1.3391304347826087,0.05644834758737767,645,It’s all about the timing on this one.
4297,1634,9,21,85,115,1.3391304347826087,0.057783832052245604,645,"An architect misplaces a decimal point and, voila, your dream home."
4333,1634,8,23,84,115,1.3391304347826087,0.05644834758737767,645,"Yes, on breezy days getting in or out can be a bit dicey."
4442,1634,9,21,85,115,1.3391304347826087,0.057783832052245604,645,"On the upside, the homeowners association has a strict no solar panels rule."
6714,1634,10,19,86,115,1.3391304347826087,0.059089140693860544,645,What would it take to putt putt you in this house today?
1960,1639,7,26,85,118,1.3389830508474576,0.05412217974983691,645,"It's actually far more efficient than solar panels, and, even better, a windy day keeps unwelcomed visitors away."
859,1640,4,33,84,121,1.3388429752066116,0.04917181745667279,645,Did I mention the recreational easement?
937,1640,11,19,91,121,1.3388429752066116,0.05815543792128163,645,"Yes, in real estate timing is very important."
5831,1642,7,28,89,124,1.3387096774193548,0.0523348084548162,645,Here you are—a home on the 18th green in your price reange.
5198,1642,7,28,89,124,1.3387096774193548,0.0523348084548162,645,I am required to disclose that there is a volcano in the neighborhood.
6144,1642,8,26,90,124,1.3387096774193548,0.05357296444629326,645,...It's listed as a Par-Two but they're motivated so I think we can bump them to a Par-Three...
2926,1642,8,26,90,124,1.3387096774193548,0.05357296444629326,645,...and the best part is you never have to mow the grass.
618,1642,7,28,89,124,1.3387096774193548,0.0523348084548162,645,You've got to hurry....the little old lady who lived in a shoe put an offer on it this morning.
3012,1642,6,30,88,124,1.3387096774193548,0.05106664109221206,645,"Remember, the value of a great home is “Timing, Timing, Timing”."
6992,1642,6,30,88,124,1.3387096774193548,0.05106664109221206,645,Miniature  Golf is a religion around here.
6154,1649,10,23,94,127,1.3385826771653544,0.05501982058800191,645,"Just remember, utilities are included."
2702,1649,7,29,91,127,1.3385826771653544,0.051499781811938546,645,It's our latest project-- Maximum Golf. Miniature Golf is so last century.
6823,1649,7,29,91,127,1.3385826771653544,0.051499781811938546,645,"And the best part, the course is only open on weekends."
7095,1652,9,26,95,130,1.3384615384615384,0.05300042883440123,645,"And your down payment is only 5,000 tickets."
6097,1652,9,26,95,130,1.3384615384615384,0.05300042883440123,645,"Believe me, this house is way above par"
4546,1652,8,28,94,130,1.3384615384615384,0.05186313596624838,645,This isn’t exactly what I had in mind when I said we were looking for a sustainably powered home.
5692,1652,5,34,91,130,1.3384615384615384,0.04829081816580638,645,"...and drying laundry out here is a breeze!"""
2414,1656,9,27,97,133,1.3383458646616542,0.05216569510127361,645,"Not only does this property feature both wind and solar, but it has exceptional access to recreational activities."
4555,1656,10,25,98,133,1.3383458646616542,0.05324641689308105,645,"If you don't answer the door immediately, an unwelcome guest will be gone."
5579,1656,10,25,98,133,1.3383458646616542,0.05324641689308105,645,"If you’re interested, we can putt an offer in"
6296,1656,7,31,95,133,1.3383458646616542,0.04993413073533523,645,"Getting in and out is a little like Russian Roulette, but you get use to it."
1230,1660,7,32,97,136,1.338235294117647,0.04919901808726464,645,"Sure, coming and going could be tricky, but it's a great location!"
4938,1660,8,30,98,136,1.338235294117647,0.05029389468538534,645,And the neighborhood tends to draw young families.
7379,1660,10,26,100,136,1.338235294117647,0.05241508147825307,645,"...and it’s a steal at 400,000 tokens"
7154,1663,8,31,100,139,1.3381294964028776,0.049556427633694645,645,I know we talked about solar panels but wind energy really is the next big thing
6801,1663,7,33,99,139,1.3381294964028776,0.04849304182311418,645,"Well, solar wasn’t available in this area."
4019,1663,7,33,99,139,1.3381294964028776,0.04849304182311418,645,"There's a lot of foot traffic, but if you get a hole in one, your next month's rent is free."
716,1663,9,29,101,139,1.3381294964028776,0.05059746964393502,645,"On windy days, you can even sell electricity back to the power company."
2745,1663,7,33,99,139,1.3381294964028776,0.04849304182311418,645,The Windmill has the same floorplan as the Old Lady's Shoe
3137,1663,7,33,99,139,1.3381294964028776,0.04849304182311418,645,"Are you thinking what I'm thinkin? A home not 'near' the golf course, but literally ON the golf course!"
6306,1669,6,36,100,142,1.3380281690140845,0.046758180398606075,645,You know what? I’ll throw in a couple of free rounds.. do we have a deal?
6443,1669,8,32,102,142,1.3380281690140845,0.04884780113702849,645,Its got sweeping views of the 9th hole.
5402,1669,12,24,106,142,1.3380281690140845,0.052779429320435695,645,"Keeps the bad guys out about 60% of the time, depending on the wind."
452,1669,12,24,106,142,1.3380281690140845,0.052779429320435695,645,You also get access to the community moat.
3355,1669,8,32,102,142,1.3380281690140845,0.04884780113702849,645,Don Quixote had his eye on this place...
3986,1669,9,30,103,142,1.3380281690140845,0.04985978135521382,645,What makes you ask if the previous owner was Dutch?
3015,1675,7,35,103,145,1.3379310344827586,0.047161467215927906,645,"Of course, there will be no utility bills."
2195,1676,6,38,104,148,1.337837837837838,0.04553420738824837,645,You'll get used to the timing.
7243,1676,8,34,106,148,1.337837837837838,0.047510223838564285,645,The latest in Condo design. Did I mention it has a putting green?
734,1678,12,27,112,151,1.3377483443708609,0.05050510189387449,645,This is a much better location than the clown face.
1718,1678,5,41,105,151,1.3377483443708609,0.043962071971834785,645,It's listed at Par 4.
3715,1680,13,29,121,163,1.3374233128834356,0.04862796680848483,645,"Since you're going 'Dutch', this would be perfect!"
4070,1681,7,23,80,110,1.3363636363636364,0.056705894048990776,645,"If you like Little Italy, you're going to love Little Holland."
3546,1681,8,21,81,110,1.3363636363636364,0.05815809566421682,645,Windmill-on-the-Ninth is an enviable address in a premier minigolf community.
7317,1683,7,24,82,113,1.336283185840708,0.05566887195019973,645,The developers have taken mixed use zoning in an interesting direction.
774,1683,10,18,85,113,1.336283185840708,0.05977546940754998,645,And it has solar on the other side.
7199,1683,9,20,84,113,1.336283185840708,0.05843867666193232,645,"Unfortunately Mr. and Mrs. Putney, there is nothing miniature about the liability premium for your homeowners insurance."
2891,1686,7,25,84,116,1.3362068965517242,0.054681804813825945,645,‘Beutiful European styling and right on the golf course!”
3424,1686,9,21,86,116,1.3362068965517242,0.057358084457728165,645,"With this set up, you'll never pay an electric bill again.  And the old lady in the shoe lives right next door!"
5007,1686,5,29,82,116,1.3362068965517242,0.05186761709134939,645,And you never have to cut the grass.
5097,1689,10,20,89,119,1.3361344537815125,0.05757937113335368,645,Can we please discuss the elephant outside the room?
7190,1689,8,24,87,119,1.3361344537815125,0.055050197760934345,645,Well...this is the 18th. I'm afraid I don't have any more to show.
3827,1691,5,31,86,122,1.3360655737704918,0.05021381695627852,645,You must admit that it isn't a run-of-the-mill home.
6216,1691,5,31,86,122,1.3360655737704918,0.05021381695627852,645,You’ll absolutely love the second story view. On a clear day you see Clownmouth!
6577,1691,10,21,91,122,1.3360655737704918,0.05655830971429486,645,It’s a desirable neighborhood and great house so getting in is going to be all about timing.
5350,1694,8,26,91,125,1.336,0.053211689232420936,645,"Two bedrooms, one bath, no heat, but has a killer AC."
7298,1694,4,34,87,125,1.336,0.04811813419813447,645,"And, as you can imagine, it's a really fun neighborhood."
5528,1694,4,34,87,125,1.336,0.04811813419813447,645,"When you leave, use the remote to increase the blade speed to keep out the thieves."
5066,1694,8,26,91,125,1.336,0.053211689232420936,645,It has wonderful cross ventilation.
3204,1694,9,24,92,125,1.336,0.05441062514833163,645,"Year-round air conditioning, clothes drying, free water supply, and a zoo  and a church just across the street: you'll love it."
2139,1694,9,24,92,125,1.336,0.05441062514833163,645,"Welcome to Trump Tower, Holland."
366,1694,10,22,93,125,1.336,0.0555837061295554,645,Don't forget the Trump family doesn't add its name to just any property.
1237,1701,9,25,94,128,1.3359375,0.05351491778873475,645,"After a few months, you'll hardly notice it anymore."
1312,1701,6,31,91,128,1.3359375,0.04994749180635663,645,Just carry your groceries sideways. You will get used to it. Its a small price to pay for carbon neutrality.
1442,1701,8,27,93,128,1.3359375,0.05235279295197198,645,"It breaks hard right-to-left, but otherwise the place is a gem."
1601,1701,8,27,93,128,1.3359375,0.05235279295197198,645,I suggest online newspaper delivery.
2218,1701,6,31,91,128,1.3359375,0.04994749180635663,645,"There are only three of the original eighteen left, this one won't last long..."
2681,1701,9,25,94,128,1.3359375,0.05351491778873475,645,The timing is right.
3220,1701,10,23,95,128,1.3359375,0.054652336839315765,645,"No, that's an in-ground pool."
6223,1701,5,33,90,128,1.3359375,0.048700312541944436,645,"It's a one hole, one shot home. Nobody can play through."
6377,1701,7,29,92,128,1.3359375,0.05116427888487294,645,My only concern is that the appliances aren't stainless steel.
6348,1710,6,32,93,131,1.3358778625954197,0.04919873180423585,645,It’s a fine unit. I’d say it’s at par with any other house in the neighborhood.
7177,1710,6,32,93,131,1.3358778625954197,0.04919873180423585,645,Yup..Real estate is timing.
4626,1710,6,32,93,131,1.3358778625954197,0.04919873180423585,645,Panoramic views. Great ventilation. Central location. I think that covers it.
2170,1710,8,28,95,131,1.3358778625954197,0.051530523336540346,645,It's a two story with one ball garage.
2180,1710,6,32,93,131,1.3358778625954197,0.04919873180423585,645,"Not only is it on the fairway, it also qualifies for renewable energy credits!"
4241,1710,6,32,93,131,1.3358778625954197,0.04919873180423585,645,Timing is everything when you want to get into a new house.
2096,1710,9,26,96,131,1.3358778625954197,0.05265771213634361,645,"The present owners are in fore closure, I'm sure they'll accept your offer!"
555,1717,10,25,99,134,1.335820895522388,0.052907846753499875,645,You won't find a better deal this side of the pirate ship water hazard.
2473,1717,10,25,99,134,1.335820895522388,0.052907846753499875,645,Quixotic golf course living at its finest.
2576,1717,10,25,99,134,1.335820895522388,0.052907846753499875,645,"It helps to close your eyes
when you run."
5603,1717,11,23,100,134,1.335820895522388,0.05395795676937624,645,The sellers are in the hole.
7201,1717,10,25,99,134,1.335820895522388,0.052907846753499875,645,"Yes, you can live here free. Just collect the golf balls and put them in the big bucket."
7265,1717,9,27,98,134,1.335820895522388,0.051836467833541476,645,The nice thing is it's on a cul-de sac.
2536,1723,6,34,97,137,1.3357664233576643,0.047790795106439944,645,And all 18 of these units are free of the noise of lawnmowers.
5749,1723,10,26,101,137,1.3357664233576643,0.05208962396417183,645,You'll really love the privacy on windy days!
1296,1723,7,32,98,137,1.3357664233576643,0.04890094379315699,645,The sellers are moving back to Holland.
1743,1723,11,24,102,137,1.3357664233576643,0.05310999088386854,645,Tilting is permitted daily from 4 to 7 PM.
2035,1727,5,37,98,140,1.3357142857142856,0.04602460833093375,645,It's perfect for augmenting your timing and decision-making skills.
5002,1727,10,27,103,140,1.3357142857142856,0.05130437785033452,645,"It's not a Trump golf course, but for many people that's a plus."
7409,1727,6,35,99,140,1.3357142857142856,0.047127905692218745,645,"Okay? Now, on three!"
1209,1730,11,26,106,143,1.3356643356643356,0.05151506980893147,645,And the unique feature is the revolving door.
2088,1730,9,30,104,143,1.3356643356643356,0.04956628193580806,645,"Other than occasional acts of Quixotism, there were never any complaints about this property."
3460,1730,9,30,104,143,1.3356643356643356,0.04956628193580806,645,The former tenant forgot to use the exit tunnel. It was a windy day.
5108,1730,3,42,98,143,1.3356643356643356,0.04319557810126867,645,Wait 'til you see the pool.
2297,1734,13,23,110,146,1.3356164383561644,0.052592135011976786,645,Here at Trump Mini Golf Estates every  day is below par.
6901,1734,7,35,104,146,1.3356164383561644,0.046894485788636496,645,Not only that. Just one hurricane and you’re good for six months.
4806,1736,7,36,106,149,1.3355704697986577,0.04627493200466555,645,"Now I know it seems like we have been tilting at windmills with those other houses in the neighborhood, but I think this house is a real hole in one."
2836,1736,7,36,106,149,1.3355704697986577,0.04627493200466555,645,Time is of the essence.
3869,1736,8,34,107,149,1.3355704697986577,0.04724472514052362,645,It's a great yard for just puttering around.
5009,1736,8,34,107,149,1.3355704697986577,0.04724472514052362,645,it's our model for those who like to putter
4354,1740,14,23,115,152,1.3355263157894737,0.05192703321262381,645,A bit tricky to get in on a windy day
7524,1741,12,22,104,138,1.3333333333333333,0.053772653735747016,645,It's perfect if you enjoy puttering around the house.
4717,1741,5,30,85,120,1.3333333333333333,0.05067241600875502,645,It’s just a matter of practice.
4729,1741,6,29,88,123,1.3333333333333333,0.05119739986289474,645,"The electric bills are quite low, but some of the rooms can be a little drafty."
4740,1741,9,25,95,129,1.3333333333333333,0.053162274125368995,645,"Admittedly, access and egress can be a little dicey."
4776,1741,8,28,96,132,1.3333333333333333,0.051201916071788464,645,This hybrid home keeps pesky birds away while lowering your electric bill!”
4903,1741,10,22,94,126,1.3333333333333333,0.05520524474738834,645,"Yes, it is expensive, but you can always go Dutch."
4906,1741,10,23,96,129,1.3333333333333333,0.05428951483655596,645,"This house is a mill, but the owners are willing to sell for half."
5180,1741,6,25,80,111,1.3333333333333333,0.054799662435119086,645,"It needs a little work, but it’s a great buy if you don’t mind a little puttering around."
5222,1741,7,32,99,138,1.3333333333333333,0.04860623083308938,645,"Par 4 sounds high, i know, but i think we can get them down to a par 3"
5525,1741,7,33,101,141,1.3333333333333333,0.04792203507216295,645,The front door security system either keeps ‘em out or it wipes ‘em out.
5567,1741,5,32,89,126,1.3333333333333333,0.049119226507533816,645,It's in a walkable neighborhood.
5620,1741,8,23,86,117,1.3333333333333333,0.05562918786826215,645,You can have it for a breeze.
4630,1741,6,32,94,132,1.3333333333333333,0.04889085157178799,645,"It's energy-efficient, near a church, and it backs up onto a golf course."
5753,1741,3,33,81,117,1.3333333333333333,0.048557136048615314,645,"Don't worry, they'll yell fore."
5822,1741,12,25,110,147,1.3333333333333333,0.05138409809082317,645,The price of this home is par for the course.
5984,1741,7,34,103,144,1.3333333333333333,0.04726391048016693,645,"Actually, it’s a fantastic price for a par 3."
6038,1741,8,27,94,129,1.3333333333333333,0.0520106081407738,645,I have one more to show you.  It’s down three hills and around a bend.
6159,1741,7,28,91,126,1.3333333333333333,0.051639777949432225,645,Neighborhood is very child-friendly.
6212,1741,7,34,103,144,1.3333333333333333,0.04726391048016693,645,"Ok, so it’s not the 18th hole, but..."
6319,1741,8,26,92,126,1.3333333333333333,0.05285499781147279,645,"It’s usually pretty quiet, except when someone gets a hole-in-one."
6439,1741,5,35,95,135,1.3333333333333333,0.04702304105723988,645,This satisfies both your requirements: Historic and Green
6462,1741,12,19,98,129,1.3333333333333333,0.056476539228286056,645,It also comes with solar.
6578,1741,8,23,86,117,1.3333333333333333,0.05562918786826215,645,"You did say you were looking for something right on the golf course, did you not?"
6593,1741,10,21,92,123,1.3333333333333333,0.056163100324148306,645,"It’s not that bad, you just have to time yourself."
6943,1741,8,26,92,126,1.3333333333333333,0.05285499781147279,645,But the schools are very good.....
5754,1741,10,21,92,123,1.3333333333333333,0.056163100324148306,645,The timing for entry and exit is a little tricky - especially on windy days- but the utility bills are near zero!
4588,1741,9,30,105,144,1.3333333333333333,0.04927603299909022,645,You can generate your own power but I wouldn’t go outside when it is windy.
4429,1741,8,25,90,123,1.3333333333333333,0.053737638535487776,645,"We like the Scandinavian styling, but could we see something a little more clown mouthy?"
15,1741,9,26,97,132,1.3333333333333333,0.052319180330223085,645,"The wind power saves on electricity bills, plus it has a ballroom in the basement."
4403,1741,6,30,90,126,1.3333333333333333,0.05039526306789696,645,This model has the best security system in the complex.
152,1741,9,23,91,123,1.3333333333333333,0.054963750023952554,645,The previous owner was an avid golfer and  a big fan of renewable energy.
290,1741,14,14,98,126,1.3333333333333333,0.05962847939999439,645,"Sorry, we don't do sub par mortgages."
750,1741,6,27,84,117,1.3333333333333333,0.05291391225591752,645,Timing is everything in getting into the housing market
863,1741,8,28,96,132,1.3333333333333333,0.051201916071788464,645,"Now you do understand, the wind is not included."
1166,1741,4,43,106,153,1.3333333333333333,0.04249688873453659,645,This is a little more open concept than we're looking for.
1180,1741,9,22,89,120,1.3333333333333333,0.05592779124728766,645,Two words: Big Balls.
1222,1741,8,31,102,141,1.3333333333333333,0.04896772986418029,645,I wish I could tell you it has a miniature price.
1224,1741,10,29,108,147,1.3333333333333333,0.04953735576689809,645,I say we let them play through.
1350,1741,8,23,86,117,1.3333333333333333,0.05562918786826215,645,"But if you can get the car into the garage in one attempt, the local carwash will give you a free pass."
1420,1741,11,21,97,129,1.3333333333333333,0.05539382142618779,645,"I SAID, IT'S ENERGY EFFICIENT, BUT YOU HAVE TO GET USED TO THE REVOLVING DOORS."
1613,1741,10,23,96,129,1.3333333333333333,0.05428951483655596,645,A Quixotic Home at a Sancho Price!
1798,1741,13,19,103,135,1.3333333333333333,0.05563841250772002,645,And we have walk and don't walk signs in the living room.
78,1741,5,34,93,132,1.3333333333333333,0.047693342789226593,645,Getting in or out can be a little iffy .
2336,1741,9,20,85,114,1.3333333333333333,0.05799885252636107,645,"Full disclosure: There is a volcano nearby, but it is dormant."
4250,1741,9,22,89,120,1.3333333333333333,0.05592779124728766,645,I can let you have it for five under par
3894,1741,10,18,86,114,1.3333333333333333,0.05932219053187063,645,"Oh yes, this is a tremendous kids' neighborhood!"
3803,1741,8,26,92,126,1.3333333333333333,0.05285499781147279,645,The owner wants to move back to Spain to pursue new adventures.
3750,1741,9,26,97,132,1.3333333333333333,0.052319180330223085,645,You mentioned you wanted to live on a golf course.
3660,1741,8,29,98,135,1.3333333333333333,0.05042659366655156,645,"Except for the wind, it's the perfect place if you like small towns and golf."""
3826,1741,4,27,74,105,1.3333333333333333,0.05356634082474619,645,I hope it's up to par with your standards.
3366,1741,10,25,100,135,1.3333333333333333,0.05257335815637598,645,"Well Mr. Smith, is this anything like the windmills in your mind"""
3284,1741,11,21,97,129,1.3333333333333333,0.05539382142618779,645,The master looks right on to hole 18.
3166,1741,7,29,93,129,1.3333333333333333,0.05083285677753488,645,"Full disclosure: It's a bit drafty, and the neighbors live in a shoe."
3152,1741,11,19,93,123,1.3333333333333333,0.05733736878637832,645,This place has 24/7 security provided by the gator on hole 7 and that clown on hole 18.
3627,1741,11,23,101,135,1.3333333333333333,0.0536145158268927,645,And you'll be living right on the golf course!
2272,1741,6,29,88,123,1.3333333333333333,0.05119739986289474,645,This way you don’t need solar.
945,1797,6,40,111,157,1.3312101910828025,0.04370230890931458,645,Think of it more as being where the action is.
5088,1798,8,34,109,151,1.3311258278145695,0.046721999020400654,645,"Yes, it might be a bit drafty, but I think you'll appreciate the freshly ground flour each day."
375,1799,9,30,106,145,1.3310344827586207,0.048988985795692164,645,"This golf community is perfect for those who don't like to drive, hate to weed, and understand the importance of good timing."""
3344,1799,6,36,103,145,1.3310344827586207,0.04596264143248784,645,It's an Elon Musk design.  Jump in that hole and you're at work in 3 minutes.
3180,1801,7,33,102,142,1.3309859154929577,0.04764122630142611,645,"The place is great, but I'd add a side entrance."
4565,1801,10,27,105,142,1.3309859154929577,0.05068882328585695,645,And this back yard is a great place to putter!
942,1801,7,33,102,142,1.3309859154929577,0.04764122630142611,645,We only provide the best housing for our customers. Ever heard of the lady who lived in a shoe?
853,1801,9,29,104,142,1.3309859154929577,0.04969372883209497,645,". . . and, if someone actually makes the putt, you get to keep the ball."
2619,1801,5,37,100,142,1.3309859154929577,0.045496221840605644,645,Wait 'til you see how low the monthly electric bill is!
4332,1806,7,32,100,139,1.330935251798561,0.048314829194731256,645,It's a matter of timing.
6721,1806,6,34,99,139,1.330935251798561,0.047223493152886764,645,"""This Dutch Modern needs minimal landscaping and it generates its own electricity."
873,1808,5,35,96,136,1.3308823529411764,0.04674030960911048,645,"As you can see, this house comes with its own security system."
4161,1808,6,33,97,136,1.3308823529411764,0.047891429340009714,645,This prime site on the 18th hole suddenly became available.  The previous owners had an unfortunate accident.
5228,1808,8,29,99,136,1.3308823529411764,0.0501144083869741,645,Just use the back door if the wind is blowing more than 5 mph.
6623,1808,5,35,96,136,1.3308823529411764,0.04674030960911048,645,"It's a great starter home, only a par 2!"
7040,1812,8,28,97,133,1.330827067669173,0.05087724910122644,645,The neighborhood is perfect for kids.
6797,1812,9,26,98,133,1.330827067669173,0.05198476356261508,645,"Yes, it is a bit of a hole."
6573,1812,7,30,96,133,1.330827067669173,0.04974508327016351,645,"It’s walking distance to a school, a loopty-loop, a T-rex and a snack bar. And no one in this neighborhood ever locks their doors!"
6531,1812,10,24,99,133,1.330827067669173,0.05306917004451585,645,"Bob...as requested, your home comes with your very own private golf course!"
482,1812,8,28,97,133,1.330827067669173,0.05087724910122644,645,And a hole-in-one takes a full point off your interest rate!
3695,1812,9,26,98,133,1.330827067669173,0.05198476356261508,645,I'm telling you... Putt putt is the new oceanfront.
1181,1812,9,26,98,133,1.330827067669173,0.05198476356261508,645,OK when I say go we are going to run to the dot then when I say go we are going to run inside. Got that?
7119,1812,9,26,98,133,1.330827067669173,0.05198476356261508,645,Are you going Dutch?
5728,1812,4,36,93,133,1.330827067669173,0.046182353879996904,645,The former tenant forgot to look both ways before exiting!
7431,1812,8,28,97,133,1.330827067669173,0.05087724910122644,645,"Some people worry about security, but trust me, it’s much harder to get in than it looks like."
5658,1822,8,27,95,130,1.3307692307692307,0.05167263305054093,645,"Rest assured, most people miss their shots."
5884,1822,10,23,97,130,1.3307692307692307,0.05393127270081415,645,"Yes, and it's right on the golf course."
4391,1822,8,27,95,130,1.3307692307692307,0.05167263305054093,645,Timing. Timing. Timing.
4160,1822,9,25,96,130,1.3307692307692307,0.05281402835187558,645,And no electric bill.
3782,1822,6,31,93,130,1.3307692307692307,0.049310646290858205,645,And it's got superb ventilation.
1711,1822,6,31,93,130,1.3307692307692307,0.049310646290858205,645,"Well, there are 18 units in the association, and it is strongly recommended that owners do summer elsewhere."
262,1828,10,22,95,127,1.330708661417323,0.054831687458401605,645,Now let's talk about the elephant in the room.
390,1828,5,32,90,127,1.330708661417323,0.048801558015819854,645,"This one has it all - 100% green energy, low maintenance yard, and a kitschy curb appeal."
940,1828,8,26,93,127,1.330708661417323,0.05250281131168191,645,"Nothing to worry about! This is Amsterdam, not La Mancha."
1451,1828,10,22,95,127,1.330708661417323,0.054831687458401605,645,"On three, I say we run for it!"
2404,1828,7,28,92,127,1.330708661417323,0.05129874090732825,645,It practically pays for itself.
2778,1828,5,32,90,127,1.330708661417323,0.048801558015819854,645,You don't need a gardener but you may want a caddy.
2814,1828,6,30,91,127,1.330708661417323,0.05006572122444969,645,"And as you can see, it uses the latest in wind power generation.  You just need to go in the front door quickly."
4872,1828,8,26,93,127,1.330708661417323,0.05250281131168191,645,"Naturally, going in or out, timing is essential"
5902,1828,9,24,94,127,1.330708661417323,0.05367988051945491,645,Try to time your entries and exits according to prevailing winds.
6525,1837,9,23,92,124,1.3306451612903225,0.05458492517469294,645,This next house is best for a couple with a very regular schedule.
3502,1837,10,21,93,124,1.3306451612903225,0.05577315124581296,645,Great natural light. Outstanding rooftop views. And a knockout foyer.
2652,1837,11,19,94,124,1.3306451612903225,0.056936585280905526,645,"You have a nutty neighbor you'll have to keep an eye out for, a Mr. Quixote."
1306,1837,11,19,94,124,1.3306451612903225,0.056936585280905526,645,The previous owners were the Millers.
1731,1841,8,24,89,121,1.3305785123966942,0.05427766303131831,645,Heating this place will be a breeze
1902,1841,7,26,88,121,1.3305785123966942,0.052993619024457865,645,Just one thing before I show you the interior--we won't be able to all go in together.
4602,1841,7,26,88,121,1.3305785123966942,0.052993619024457865,645,"And the electric bills, ZIP!"
6051,1841,9,22,90,121,1.3305785123966942,0.05553202455316476,645,"If this is out of your price range, I have a nice place next to the clown."
6226,1841,9,22,90,121,1.3305785123966942,0.05553202455316476,645,"I think this is the perfect fit for you two! It's on a golf course, it's got Old World charm, and the rotating windmill keeps solicitors away."
6730,1841,9,22,90,121,1.3305785123966942,0.05553202455316476,645,"The walls are structurally sound, but there's a hole in one."
6995,1841,7,26,88,121,1.3305785123966942,0.052993619024457865,645,Your comings and goings must be carefully timed.
4908,1848,8,23,87,118,1.3305084745762712,0.05522803103068058,645,"Not to worry, when there's no wind, there's no problem."
5160,1848,9,21,88,118,1.3305084745762712,0.05652433071846167,645,This home is on par with your budget.
6025,1848,8,23,87,118,1.3305084745762712,0.05522803103068058,645,"In the housing market, timing is everything."
2215,1851,7,24,84,115,1.3304347826086957,0.05485121562134054,645,Trust me.  It really doesn’t matter.  No one plays minature golf today.
4216,1851,4,30,81,115,1.3304347826086957,0.050507325718638404,645,You will just love living on the golf course and not having to mow the grass!
587,1851,6,26,83,115,1.3304347826086957,0.0534424976385093,645,It's loaded with charm.  You just have to be a little careful when you step out on a windy day.
820,1854,12,27,116,155,1.3290322580645162,0.04938641309124241,645,"With cash up front, I can get you in the door of this place, although it might take a few tries."
5898,1854,14,23,118,155,1.3290322580645162,0.05105479565272579,645,I think you are going to love it here. But I also think you might want to reconsider buying that dachshund.
1000,1856,8,34,110,152,1.3289473684210527,0.04646469535822661,645,"If you're alert and nimble and stick close to the walls, I'm sure you'll be very happy here."
2782,1857,3,43,103,149,1.3288590604026846,0.041992537558539114,645,"Yes, it’s expensive.  But you save a lot on electricity."
1203,1858,10,28,108,146,1.3287671232876712,0.049665474256488824,645,Hole 7 is the most sought after address on any course.
7514,1858,10,28,108,146,1.3287671232876712,0.049665474256488824,645,The lawns are fake but that’s par for the course.
6966,1860,12,22,106,140,1.3285714285714285,0.053107791589643384,645,If you like golf you're going to LOVE this next place
7048,1861,6,33,98,137,1.3284671532846715,0.047601881711265316,645,You'll learn to time your entrances and exits.
4998,1861,11,23,103,137,1.3284671532846715,0.05294006211964782,645,I strongly advise against making a quixotic decision.
6389,1861,7,31,99,137,1.3284671532846715,0.04871633554988583,645,On the fairway AND a tax credit for energy efficiency!
1620,1861,9,27,101,137,1.3284671532846715,0.05087205287110615,645,It's ideal for a couple that likes to putter around the house.
1323,1861,11,23,103,137,1.3284671532846715,0.05294006211964782,645,Access is slightly trickier on windy days.
3701,1861,9,27,101,137,1.3284671532846715,0.05087205287110615,645,"Well, it fits your budget and has a breathtaking view of the back nine."
892,1867,8,28,98,134,1.328358208955224,0.05055645847511103,645,Entering into a new home like this is really all about timing.
3785,1867,9,26,99,134,1.328358208955224,0.05165439327085039,645,You said you always wanted to live on a golf course....
7151,1867,6,32,96,134,1.328358208955224,0.04828575144157467,645,"Okay, here we are at house number three. Try not to get swept away by this option, folks!"
629,1870,5,33,93,131,1.3282442748091603,0.04778443975305738,645,"It’s like living near the airport, you just get used to it eventually."
4020,1870,4,35,92,131,1.3282442748091603,0.046539369037592995,645,And you get to keep all the balls lost on your property.
5734,1870,9,25,97,131,1.3282442748091603,0.05247010511613992,645,"The average savings in electricity is $3,600 a year, which you can put toward medical bills."
6511,1870,12,19,100,131,1.3282442748091603,0.0557263974000444,645,It's right on the golf course.
5329,1874,8,26,94,128,1.328125,0.05215505232734137,645,"Three bedrooms, 2 baths.  Well priced.  And it comes with a life time supply of whole wheat flour..."
846,1874,10,22,96,128,1.328125,0.054462945893457695,645,The Mulligans are willing to concede that.”
1052,1874,8,26,94,128,1.328125,0.05215505232734137,645,And it backs on to a golf course.
1789,1874,8,26,94,128,1.328125,0.05215505232734137,645,The membership fees are very affordable.
6022,1874,8,26,94,128,1.328125,0.05215505232734137,645,"...and not a penny ever for greens fees!"""
4143,1879,6,29,90,125,1.328,0.05051476947867693,645,Do you play golf?
3590,1879,10,21,94,125,1.328,0.055388364913056744,645,And we also offer hole-in-one insurance!
5552,1879,5,31,89,125,1.328,0.04922102881309323,645,"First, let me explain the security system to you."
1365,1879,11,19,95,125,1.328,0.056541163994088865,645,"If you prefer solar, I'll show you the home on hole 3."
3473,1879,9,23,93,125,1.328,0.054211057079505645,645,You'll never again pay an electric bill.
7383,1879,7,27,91,125,1.328,0.051776193308782234,645,"Three beds, two baths, par four."
7274,1885,9,22,91,122,1.3278688524590163,0.05514157973174366,645,"Like I said, it's a risky investment. I don't know if  you have the balls to buy it."
4692,1885,4,32,86,122,1.3278688524590163,0.04861253779523127,645,It's a wind generator to power your solar panels.
7392,1885,7,26,89,122,1.3278688524590163,0.05262725360062466,645,The Tudor on the back nine was not in your price range.
1898,1885,8,24,90,122,1.3278688524590163,0.05389907994046236,645,"On the bright side, you won't be bothered by solicitors on windy days"
1871,1885,6,28,88,122,1.3278688524590163,0.051323920589337,645,Your condo fees are already included in the green fees.
3692,1885,9,22,91,122,1.3278688524590163,0.05514157973174366,645,True. But with the hole in FRONT of the door the risk is substantially reduced.
6058,1891,8,23,88,119,1.3277310924369747,0.05483234887407118,645,Your front door security system works even better when there's a gale force wind blowing.
1137,1891,4,31,84,119,1.3277310924369747,0.049364633796462526,645,"Trust me, you’re far more likely to go underwater with the castle."
1674,1891,11,17,91,119,1.3277310924369747,0.0585992836384508,645,I understand you folks are open to Dutch Revival ?
883,1894,8,22,86,116,1.3275862068965518,0.055810589491557344,645,Solar power is so yesterday.
5311,1894,6,26,84,116,1.3275862068965518,0.05305630805505235,645,"Not to put any pressure on you, but golf course views tend to sell quickly”"
1249,1896,7,23,83,113,1.3274336283185841,0.0554297055379319,645,This one’s got central air!
2026,1896,7,23,83,113,1.3274336283185841,0.0554297055379319,645,"On the upside, you'll get free air conditioning and golf privileges."
3270,1896,7,23,83,113,1.3274336283185841,0.0554297055379319,645,"Yes, there's a reason they placed the door on that side."
5983,1896,6,25,82,113,1.3274336283185841,0.05398540953930765,645,"Real estate, it’s just hit or miss."
4694,1900,5,25,77,107,1.3271028037383177,0.05438892987479447,645,It's a great neighborhood!  Have you ever played dodge ball?
7148,1900,9,17,81,107,1.3271028037383177,0.06052684252417221,645,"To live in this house, you've got to have some pretty big balls."
383,1902,6,22,76,104,1.3269230769230769,0.05706655917051207,645,Great neighborhood and everything's close enough that you'll never have to drive.
5680,1903,12,26,115,153,1.326797385620915,0.04979323032289373,645,"Look Steve, I'm going to level with you... This place is a hole."
6867,1904,11,27,112,150,1.3266666666666667,0.049603949711638694,645,"If you want to stretch the budget, we can get you into a clown’s mouth."
6091,1904,9,31,110,150,1.3266666666666667,0.04776589693252739,645,Named the most challenging house in Mini Golf Estates.
5934,1906,8,32,107,147,1.3265306122448979,0.04745234876809013,645,"The front entrance is a little tricky, but it generates its own electricity."
25,1907,8,31,105,144,1.3263888888888888,0.048109017604751,645,And there's a good breeze year-round.
3282,1907,6,35,103,144,1.3263888888888888,0.04604592686268838,645,"You're lucky it's still available.  The last couple I showed it to, put a bid in, but then tried to enter on the count of ""2"" instead of ""3""."
1215,1909,8,30,103,141,1.326241134751773,0.04879132197815311,645,The front nine already sold out so I'd make an offer fast.
4595,1909,7,32,102,141,1.326241134751773,0.0477417634548839,645,I guarantee you. There’s nothing miniature about it.
4893,1909,9,28,104,141,1.326241134751773,0.049818773800340825,645,I really think you'll like this Dutch-style charmer overlooking the 9th fairway.
744,1912,5,35,98,138,1.326086956521739,0.04618417757814746,645,"Trust me, it's a better deal than the laughing clown house."
3694,1912,7,31,100,138,1.326086956521739,0.0484205669541761,645,and you'll notice it is quite convenient to the course
6007,1914,5,34,96,135,1.325925925925926,0.04682232937849013,645,"It takes a little getting used to, but it's great for deterring the in-laws!"
7533,1914,7,30,98,135,1.325925925925926,0.049126847725606285,645,Just think of all the electricity you can sell.
6071,1914,11,22,102,135,1.325925925925926,0.0534385670233501,645,The owner built this part of the Mar-a-Lago resort for when he was feeling inadequate.
5672,1914,10,24,101,135,1.325925925925926,0.0523939130624497,645,And the electricity is included.
7166,1914,2,40,93,135,1.325925925925926,0.04313531696750576,645,It's open concept and energy efficient.
4808,1914,9,26,100,135,1.325925925925926,0.05132800216725753,645,And of course there's plenty of room to just mill about.
2355,1914,8,28,99,135,1.325925925925926,0.05023948135648348,645,"I'm tellin' ya, this property's a hole in one!"
4914,1914,6,32,97,135,1.325925925925926,0.04798842410354151,645,...and you can say good-bye to uninvited guests.
1079,1914,9,26,100,135,1.325925925925926,0.05132800216725753,645,Tilting at windmills on your bucket list?
4609,1923,9,25,98,132,1.3257575757575757,0.05213043051747314,645,This place is perfect if you like puttering around the house.
4290,1923,8,27,97,132,1.3257575757575757,0.05100903218973246,645,You get to keep all the stray balls AND it has a Dutch oven.
4925,1923,11,21,100,132,1.3257575757575757,0.05430379938774966,645,"Green technology, but the security system's a little tricky."
2720,1923,11,21,100,132,1.3257575757575757,0.05430379938774966,645,"Maxi golf, it's the next big thing."
4117,1923,6,31,95,132,1.3257575757575757,0.048688813118880785,645,But you said you wanted a golf community.
797,1928,11,20,98,129,1.3255813953488371,0.05520705245443456,645,So if you time it right you'll have plenty of money for retirement. I suggest a combination of term and hole life.
2052,1928,6,30,93,129,1.3255813953488371,0.049418604651162795,645,"Sure, it's a quirky house, but it's right on the fairway."
3696,1928,6,30,93,129,1.3255813953488371,0.049418604651162795,645,"Each time you get through the door, a bell rings and you get a free game."
4363,1928,5,32,92,129,1.3255813953488371,0.048177530599442075,645,The Will states it's yours now. Consider it a windfall
5347,1928,6,30,93,129,1.3255813953488371,0.049418604651162795,645,Par 4 quality at par 3 pricing. Wind power. And quiet — most people quit before the 18th hole.
5925,1928,6,30,93,129,1.3255813953488371,0.049418604651162795,645,"You're kidding, right? Your name really isn't Don Quixote."
6947,1934,6,29,91,126,1.3253968253968254,0.050179822770240114,645,This IS mid-century modern
6945,1934,7,27,92,126,1.3253968253968254,0.05142955123503252,645,The market here is all about timing.
430,1934,9,23,94,126,1.3253968253968254,0.05384205599905235,645,Falling into the cup. Seen it. Covered it.
647,1934,5,31,90,126,1.3253968253968254,0.04889816444682337,645,This place is as green as they come.
5172,1934,9,23,94,126,1.3253968253968254,0.05384205599905235,645,Imagine your weekends puttering around the house.
2584,1939,5,30,88,123,1.3252032520325203,0.04965016219313177,645,Perfect place to putter around
2704,1939,10,20,93,123,1.3252032520325203,0.05596015289854298,645,It's easy once you get the timing right and it's entirely green
2741,1939,4,32,87,123,1.3252032520325203,0.048289321640291115,645,"Yes indeed, when it comes to buying houses, timing is everything!"
2811,1939,5,30,88,123,1.3252032520325203,0.04965016219313177,645,The sellers are downsizing to a pinball machine.
5162,1939,7,26,90,123,1.3252032520325203,0.05226565457787646,645,Just don't go in or out when the wind's blowing.
5980,1939,8,24,91,123,1.3252032520325203,0.053525495511753104,645,...... with the added benefit of discouraging Jehovah's witnesses.
4272,1945,8,23,89,120,1.325,0.054442038667097056,645,I haven't told anyone else but...it also grinds corn!
1727,1945,3,33,84,120,1.325,0.04757788837458923,645,"It's quite obvious why the price was dropped, but the location is fantastic""..."
2600,1945,7,25,88,120,1.325,0.053140187728504755,645,You did say you wanted a home on the 18th green.
2824,1945,7,25,88,120,1.325,0.053140187728504755,645,"The balls are bigger too, but you’ll get used to it"
3520,1945,9,21,90,120,1.325,0.05571347769291246,645,Imagine how much money you can save grinding your own corn!
6495,1945,4,31,85,120,1.325,0.04902766040301981,645,Resort living with a view of the eighteenth hole.
6856,1951,8,35,114,157,1.3248407643312101,0.04537804663681654,645,Look both ways when crossing the living room.
5046,1952,7,24,86,117,1.3247863247863247,0.05405602837894666,645,"It's charming, and you save a ton on your electric bill."
6133,1952,6,26,85,117,1.3247863247863247,0.052675345160499445,645,"You asked for a house on a golf course, but with your budget........"
4364,1954,9,32,113,154,1.3246753246753247,0.04687240189613191,645,"And if you decide to buy it, I'd avoid taking Ambien."
4137,1955,6,25,83,114,1.3245614035087718,0.0535867881580589,645,Each unit in our Mini Golf Retirement Village is unique. This one offers plenty of fresh air and ventilation.
5551,1955,6,25,83,114,1.3245614035087718,0.0535867881580589,645,Typical summertime traffic but really quiet in the winter. And it certainly beats the clown you’re liv’n in now.
850,1957,9,30,109,148,1.3243243243243243,0.048146578815984276,645,It's a seller's market. Timing is everything.
5207,1957,7,22,82,111,1.3243243243243243,0.05602468474634608,645,There are no HSA fees and the golf is free
3277,1959,9,29,107,145,1.3241379310344827,0.048820139268035176,645,"Yes, off the grid and with a golf course view!"
306,1960,8,30,104,142,1.323943661971831,0.04850094845735905,645,It will be great once you get into the swing of things.
479,1960,7,32,103,142,1.323943661971831,0.047460002954028066,645,The last owner got a hole in one on the first try
6648,1960,10,26,106,142,1.323943661971831,0.050518533658425714,645,Tiny houses are all the rage right now and this one is a real hole-in-one.
2728,1963,6,33,100,139,1.3237410071942446,0.04703249745353378,645,The wooden shoes are optional.
4640,1963,7,31,101,139,1.3237410071942446,0.04812816463643688,645,It's really only a problem in the summer months.
5846,1965,8,28,100,136,1.3235294117647058,0.049926256011680284,645,And the decapitation insurance is quite reasonable
5844,1965,7,30,99,136,1.3235294117647058,0.04882313567838718,645,Central air?  I don't think so.
4971,1965,7,30,99,136,1.3235294117647058,0.04882313567838718,645,You might say that we’ve made child’s play out of home security.
856,1965,7,30,99,136,1.3235294117647058,0.04882313567838718,645,You'll be off the grid.
1128,1965,6,32,98,136,1.3235294117647058,0.04769450823309288,645,"Yes, but think about the low energy costs."
130,1965,8,28,100,136,1.3235294117647058,0.049926256011680284,645,"It's a great neighborhood, and you only have to risk death twice a day."
2682,1965,4,36,96,136,1.3235294117647058,0.045353072573413235,645,Upgrading from the hole to a moat would be surprisingly affordable.
185,1972,8,27,98,133,1.3233082706766917,0.05068326965819927,645,"It's just the one room, but there is a lake and ferris wheel right around the corner."
3007,1972,10,23,100,133,1.3233082706766917,0.052883231334244635,645,Wait till you see the security system.
4834,1972,8,27,98,133,1.3233082706766917,0.05068326965819927,645,Don Quixote Realtors at your service.
4924,1972,5,33,95,133,1.3233082706766917,0.04719142213991337,645,The best part is you never have to cut the lawn.
5023,1972,9,25,99,133,1.3233082706766917,0.05179493208604958,645,"It's perfect -- a quaint village on a golf course, where the President plays twice a week."
5606,1972,6,31,96,133,1.3233082706766917,0.04838338030915421,645,"And this is our premium home, where almost no balls go through!"
3866,1978,4,24,71,99,1.3232323232323233,0.055287861646949536,645,"Have you decided which of you is going to pay, or are you going Dutch"
3917,1979,6,30,94,130,1.323076923076923,0.04910090205519472,645,"So you're looking for a home closer to the fairway."""
7264,1979,8,26,96,130,1.323076923076923,0.05147251452365186,645,The Millers? What a coincidence!
2254,1979,8,26,96,130,1.323076923076923,0.05147251452365186,645,It's called oscillating Feng Shui.
2098,1979,7,28,95,130,1.323076923076923,0.05030068754013894,645,"Off the grid, what's not to like?"
2061,1979,7,28,95,130,1.323076923076923,0.05030068754013894,645,"... and if you like the beach, you'll love to hear that it's only a two-minute walk to a sand bunker near the water hazard"
721,1979,10,22,98,130,1.323076923076923,0.05373956568619883,645,Let's wait for the wind to die down and this putt before I show you the beautiful interior?
1300,1985,6,29,92,127,1.3228346456692914,0.04984902812264091,645,Of course we can lubricate the windmill and fill in the hole in the front yard before we close.
1643,1985,6,29,92,127,1.3228346456692914,0.04984902812264091,645,It's everything you wanted: kid-friendly; renewable-ready; fun part of town.
1824,1985,6,29,92,127,1.3228346456692914,0.04984902812264091,645,"Now that we are clear on the sustainability features of the house, we can address the elephant in the room."
1973,1985,8,25,94,127,1.3228346456692914,0.05229621744139442,645,Just think of how much you’ll save on your electric bill...
7495,1985,8,25,94,127,1.3228346456692914,0.05229621744139442,645,This is one of the more challenging properties I am listing ....
5962,1990,7,26,91,124,1.3225806451612903,0.05190873779658581,645,Make ‘em a low ball offer.
5771,1990,6,28,90,124,1.3225806451612903,0.050629899427840026,645,This is as close to a lighthouse as it is possible to purchase in Iowa
5221,1990,10,20,94,124,1.3225806451612903,0.055568948976197095,645,You'll get in on the bottom floor of the small house movement.
5089,1990,7,26,91,124,1.3225806451612903,0.05190873779658581,645,Why yes.  It was listed as golf course living.
5192,1990,7,26,91,124,1.3225806451612903,0.05190873779658581,645,"The sellers are very motivated, they're moving to hole 12."
3419,1990,6,28,90,124,1.3225806451612903,0.050629899427840026,645,As you can see this part of Lilliput has become gentrified.
2709,1990,8,24,92,124,1.3225806451612903,0.05315681897175748,645,"To get in on this deal, it's all in the timing."
461,1990,6,28,90,124,1.3225806451612903,0.050629899427840026,645,"Out of personal experience, I suggest you watch your step."
176,1990,4,32,88,124,1.3225806451612903,0.04797005345994723,645,"True, Mrs. Van Dyke, but only on windy days...."
3716,1990,10,20,94,124,1.3225806451612903,0.055568948976197095,645,It'd be perfect should one of you develop a handicap.
1009,2000,6,27,88,121,1.322314049586777,0.05144586610739145,645,"Yes, it's a fixer. But the energy credits are amazing!"
3051,2000,6,27,88,121,1.322314049586777,0.05144586610739145,645,"Besides being energy-independent, your home is now 25% more secure!"
7173,2000,9,21,91,121,1.322314049586777,0.05531636539068268,645,It comes with a par 3 garage.
6016,2003,2,44,103,149,1.3221476510067114,0.040704453865263175,645,The good news is that you are surrounded by other par 3 properties.
4864,2004,7,24,87,118,1.3220338983050848,0.05366659774196285,645,...And it's perfect for someone who likes to putter around the house.
541,2004,6,26,86,118,1.3220338983050848,0.052299513970527865,645,"The monotonous creaking will help you sleep, and you'll never have to worry about unwanted sales and church people."
1854,2004,8,22,88,118,1.3220338983050848,0.054999711497805734,645,Since you’re just dating you can go Dutch on it.
2448,2004,8,22,88,118,1.3220338983050848,0.054999711497805734,645,"This model is called ""The Impossible Dream House""."
3776,2004,7,24,87,118,1.3220338983050848,0.05366659774196285,645,The energy savings will sweep you off your feet.
4558,2004,4,30,84,118,1.3220338983050848,0.04945209862346606,645,"This house has everything on your wish list--light and airy with an open floor plan, a fun-filled design for entertaining, and a distinctive and welcoming front entryway."
2025,2004,4,30,84,118,1.3220338983050848,0.04945209862346606,645,"Not only is it energy efficient, but the location is right on the 14th hole."
2410,2011,9,29,108,146,1.321917808219178,0.048535405079492736,645,"And if this isn’t what you’re after, I also have a castle with an uncontrollable drawbridge over on the 7th."
1291,2011,5,37,104,146,1.321917808219178,0.04447237683182907,645,"Sure, it's a little tricky getting in and out, but your utility bills will be practically nothing!"
2341,2013,7,23,85,115,1.3217391304347825,0.05460883168857887,645,"It's a little cozy, but the neighborhood's nice and quiet since they moved the pirate ship to hole 18."
4353,2013,7,23,85,115,1.3217391304347825,0.05460883168857887,645,"In the interest of disclosure, I must tell you this house is a par four"
7420,2013,6,25,84,115,1.3217391304347825,0.05319369508780919,645,"So, Mr. Quixote, you mention there is a bit of family history involved here."
5987,2016,7,32,104,143,1.3216783216783217,0.047181360975916145,645,"Giant golf balls do roll in every once in a while, but you get used to it"
4868,2017,6,24,82,112,1.3214285714285714,0.05413156329270251,645,"Lucky for you, it has the highest hole in one rating on the course."
5554,2017,4,28,80,112,1.3214285714285714,0.05107323979112287,645,You want to use the back door.
5735,2017,11,23,106,140,1.3214285714285714,0.05195841599875229,645,"It's a windmill, just like the President"
6061,2017,13,19,108,140,1.3214285714285714,0.05390015620512628,645,It’s also haunted.
7216,2017,5,35,100,140,1.3214285714285714,0.04564019561293039,645,Utilities included for life.
7342,2017,9,27,104,140,1.3214285714285714,0.04994123694164755,645,"Yes, you're right, but the big paddles keep most of them out."
7370,2023,5,34,98,137,1.3211678832116789,0.046257890800233084,645,"Great buy! Master suite, two additional bedrooms, two full baths, upgraded kitchen and fully off the grid."
5020,2023,10,24,103,137,1.3211678832116789,0.05173493496724591,645,"You guys wanted a gated community with a golf course, so at seven million this is a steal in San Francisco!"
4553,2023,7,30,100,137,1.3211678832116789,0.04852295204537579,645,I will say the architecture here strongly favors the nimble.
444,2023,8,28,101,137,1.3211678832116789,0.04961672179974825,645,Thanks for coming to this open house.
24,2023,6,32,99,137,1.3211678832116789,0.04740395203189354,645,I know you said green was important.
315,2028,4,35,95,134,1.3208955223880596,0.04568798057144513,645,"This one goes for three hundred, but if you're looking for something a little cheaper, we have the clown's mouth for two-seventy-five."
409,2028,4,35,95,134,1.3208955223880596,0.04568798057144513,645,"Look, this is the only one in town!"
1100,2028,7,29,98,134,1.3208955223880596,0.04923468412205862,645,"To be honest ,it can get a little breezy ."
3722,2028,8,27,99,134,1.3208955223880596,0.05036144329974012,645,We lovingly refer to this model as the 'Don Qui-Hole-in-One'
5044,2028,7,29,98,134,1.3208955223880596,0.04923468412205862,645,"It's quaint, charming, and you can work on your short game."
7193,2028,5,33,96,134,1.3208955223880596,0.0469000257924321,645,But the ball almost never makes it in the front door.
7557,2028,11,21,102,134,1.3208955223880596,0.053599790327342536,645,"Tulips, always plant tulips."
6738,2035,7,28,96,131,1.3206106870229009,0.04997612533055835,645,"One bedroom, air conditioned...Charming old world facade and a yard to putter in...Those were your criteria, no?"
6423,2035,9,24,98,131,1.3206106870229009,0.05227325059003197,645,I said we wanted a place ON a golf course not IN a golf course.
7078,2035,5,32,94,131,1.3206106870229009,0.04756819818810751,645,This house is a steal.  Electricity from wind power and a golf course view.
3465,2035,8,26,97,131,1.3206106870229009,0.051137588085008234,645,I cannot emphasize enough how important it is to have a good exit strategy in place before you invest in this property.
2775,2035,8,26,97,131,1.3206106870229009,0.051137588085008234,645,"But, Don Quixote is your neighbor."
1801,2035,9,24,98,131,1.3206106870229009,0.05227325059003197,645,"It’s a bit over budget, but you are on the first hole."
6014,2035,6,30,95,131,1.3206106870229009,0.04878701969745001,645,We’ve managed to reduce the possibility of home invasion robbery by 25 percent.
1670,2042,8,34,114,156,1.3205128205128205,0.045461678648870386,645,Of course you can ‘Go Dutch’ with the payments
3874,2042,6,38,112,156,1.3205128205128205,0.04360433755597685,645,"Just what you asked for, an affordable, active community."
2841,2044,7,27,94,128,1.3203125,0.05074929907927204,645,It’s the latest in green living.
4088,2044,7,27,94,128,1.3203125,0.05074929907927204,645,…And your electricity bills would be quite low…
5529,2044,9,23,96,128,1.3203125,0.053118305217348435,645,One pill makes you larger
5848,2044,7,27,94,128,1.3203125,0.05074929907927204,645,"You’ ve been looking for a sweet deal on golf course property, right? How about this cottage right on the green?"
7110,2044,7,27,94,128,1.3203125,0.05074929907927204,645,I know this isn’t as nice as the water-hazard-front property but that was way out of your budget.
7186,2044,8,25,95,128,1.3203125,0.05194730842979638,645,"You DO know the windmill house is the best property on this golf course, right?"
5804,2050,9,22,94,125,1.32,0.05400119472991374,645,How do you feel about letting 'em play through?
3668,2050,6,28,91,125,1.32,0.05028948456749697,645,You get the whole white picket fence thing without feeling so trapped.
4489,2050,11,18,96,125,1.32,0.0563399817925698,645,"Because it’s a World Heritage Site, you couldn’t make exterior alterations."
2572,2050,9,22,94,125,1.32,0.05400119472991374,645,"As you can see, there is nothing miniature about it."
1292,2050,4,32,89,125,1.32,0.04765467177450164,645,"Believe me, it is better than solar and forces you to exercise"
2986,2050,10,20,95,125,1.32,0.05518298007830476,645,Did I mention it comes with a pool?
7079,2056,7,25,90,122,1.319672131147541,0.05239992098882017,645,"And the commute is easy, except for the last part."
6429,2056,5,29,88,122,1.319672131147541,0.04974721827265133,645,"You're in luck, because in the windy season this place will cost you and arm and a leg."
5905,2056,6,27,89,122,1.319672131147541,0.051090789020631744,645,But you said you wanted a golf view.
6658,2056,6,27,89,122,1.319672131147541,0.051090789020631744,645,"Or, if you prefer, I can show you a lovely ""angry gorilla"" property just around the corner."
4756,2056,7,25,90,122,1.319672131147541,0.05239992098882017,645,The housing crisis has affected every industry.
4425,2056,8,23,91,122,1.319672131147541,0.053677134019231014,645,WHEN IT'S WINDY IT'LL BE GOOD TO STAY INDOORS.
2626,2056,7,25,90,122,1.319672131147541,0.05239992098882017,645,It's the only wind powered unit in the Hole neighborhood.
5337,2056,7,25,90,122,1.319672131147541,0.05239992098882017,645,"Neighborhood's a little under par, but it's a short drive to work."
273,2064,5,36,103,144,1.3194444444444444,0.044787309001208295,645,"Don't worry, no one ever gets it into the windmill."
1108,2064,10,26,108,144,1.3194444444444444,0.049915213444351805,645,"If this isn't your thing, I've got a clown's mouth listing that's priced to move."
2443,2064,6,34,104,144,1.3194444444444444,0.04585878481485102,645,People love the open floor plan.
3053,2064,9,28,107,144,1.3194444444444444,0.04893264182598465,645,The ball hardly ever comes through.
6189,2064,10,26,108,144,1.3194444444444444,0.049915213444351805,645,"In this neighborhood, a fixer-upper is par for the course."
6788,2069,6,26,87,119,1.319327731092437,0.05192872130584115,645,It is completely powered by sustainable energy and it has a great view of the 18th hole.
5709,2069,4,30,85,119,1.319327731092437,0.049109392073871355,645,The current owners are motivated to sell.  Consider it a guaranteed hole in one.
1555,2069,2,34,83,119,1.319327731092437,0.04611802991532397,645,Think of it this way. It's like you're always on vacation.
1348,2069,7,24,88,119,1.319327731092437,0.05328247319482244,645,Think of it as a challenge every day.
631,2073,8,29,104,141,1.3191489361702127,0.04860688296473179,645,If this isn't your style I can show you a 3 bedroom with a loop-the-loop.
1264,2073,10,25,106,141,1.3191489361702127,0.05064842857122588,645,"The white picket fence? The current owner, uh, repurposed it."
3093,2073,6,33,102,141,1.3191489361702127,0.04647574449494808,645,This cute home is part of an exclusive miniature golf course community
3482,2073,7,31,103,141,1.3191489361702127,0.04755325382088396,645,I hear you like to golf
4248,2073,5,35,101,141,1.3191489361702127,0.045372653699844126,645,You'll be the first on your block with renewable energy.
4873,2073,12,21,108,141,1.3191489361702127,0.05261081221500013,645,"No garage, but you won't be driving on this course."
6557,2073,6,33,102,141,1.3191489361702127,0.04647574449494808,645,"Yes...it's a bit smaller but, it's right on the golf course."
2284,2080,7,23,86,116,1.3189655172413792,0.054207024350269556,645,Please remember that the covenant requires that you always leave the doors open
2890,2080,9,19,88,116,1.3189655172413792,0.05690563736461648,645,And wait till you see the keyless entry!
5776,2080,6,25,85,116,1.3189655172413792,0.05280602665822772,645,In your price range this was the best option with a golf course view.
6447,2083,10,24,104,138,1.318840579710145,0.0514113794009978,645,With the right timing you can make it right to the second floor.
5309,2083,11,22,105,138,1.318840579710145,0.052430110191666934,645,"As I mentioned at your first visit, there may occasionally be times were you may not want to leave the house"
3578,2083,8,28,102,138,1.318840579710145,0.04931081916090372,645,"To be honest, we're not entirely sure where it leads."
676,2083,6,32,100,138,1.318840579710145,0.04711670447649494,645,And the power generation alone will provide you a guaranteed income for life.
3148,2083,5,34,99,138,1.318840579710145,0.04598040145462372,645,This is one of the newest models from Don Quixote modular homes.
1413,2083,10,24,104,138,1.318840579710145,0.0514113794009978,645,"This is great starter home while you are young, fit, and childless."
127,2083,6,32,100,138,1.318840579710145,0.04711670447649494,645,The pirate's cove might be more in your price range.
3299,2083,4,36,98,138,1.318840579710145,0.04481529644140901,645,You'd never have to mow again.
727,2091,4,28,81,113,1.3185840707964602,0.050699105445070954,645,And it’s got the very latest in sustainably-sourced energy.
4737,2091,7,22,84,113,1.3185840707964602,0.05517683147495543,645,"For windy days, there is a backdoor"
6199,2093,5,33,97,135,1.3185185185185184,0.04661196966520355,645,The kids will love it.
7220,2093,5,33,97,135,1.3185185185185184,0.04661196966520355,645,"If balls are a problem, and the blades aren’t cutting it, you could always add a drawbridge or a metal loop-de-loop."
6719,2093,4,35,96,135,1.3185185185185184,0.04541054279081359,645,". . . however, the seller retains playing privileges."
5808,2093,7,29,99,135,1.3185185185185184,0.04892639732390831,645,The area is zoned for both residential and comical.
6476,2093,7,29,99,135,1.3185185185185184,0.04892639732390831,645,"Yes, but you get to keep all the golf balls that come through the door"
3739,2093,7,29,99,135,1.3185185185185184,0.04892639732390831,645,Real estate is about being at the right place at the right time.
2546,2093,9,25,101,135,1.3185185185185184,0.051136180871512386,645,You're only a par from the church and a birdie from the zoo.
10,2093,12,19,104,135,1.3185185185185184,0.0542824460821789,645,I don't know... I'm just not a fan of those granite counter tops
1660,2093,9,25,101,135,1.3185185185185184,0.051136180871512386,645,It's only a par 3 now but with a little TLC you'll have a par 4 before you know it.
132,2093,5,33,97,135,1.3185185185185184,0.04661196966520355,645,It has the latest green energy features.
5549,2093,5,33,97,135,1.3185185185185184,0.04661196966520355,645,"You know what they say, “rotation, rotation, rotation”"
764,2104,8,33,113,154,1.3181818181818181,0.045792816505496894,645,This House has all the charm of a Dutch Colonial and is on a golf course.
2176,2104,9,24,99,132,1.3181818181818181,0.051932559402913615,645,"See, in this neighbourhood you'd just call it regular golf"
3800,2104,8,33,113,154,1.3181818181818181,0.045792816505496894,645,Welcome to the open house.
4993,2104,7,14,67,88,1.3181818181818181,0.06574358566249164,645,The windmill? It's par for the course.
5482,2104,5,25,80,110,1.3181818181818181,0.053144362821652726,645,Security is intermittent
2863,2109,9,30,112,151,1.3178807947019868,0.047331306980677175,645,Be careful with the front door. Especially on a windy day.
7421,2110,5,31,93,129,1.317829457364341,0.04795287996766908,645,...and its Energy Star rating is 'off the charts!'
7022,2110,10,21,98,129,1.317829457364341,0.05389896893478054,645,...and the lease includes free insurance against blunt trauma and dismemberment.
6245,2110,7,27,95,129,1.317829457364341,0.05041554085011072,645,I don't know why they call it mini golf. Everything is huge.
5408,2110,8,25,96,129,1.317829457364341,0.05160281765773003,645,Did I mention that any balls that make it in belong to you?
3719,2110,9,23,97,129,1.317829457364341,0.05276338523279839,645,"If parking is that important, we can show you
the Fire Station at #7."
3291,2110,6,29,94,129,1.317829457364341,0.04919962122010118,645,And there are no green fees.
2646,2110,8,25,96,129,1.317829457364341,0.05160281765773003,645,What did you expect? A castle?
4292,2110,7,27,95,129,1.317829457364341,0.05041554085011072,645,"When you hear ""Fore!""  you run upstairs now, okay ?"
527,2118,4,32,90,126,1.3174603174603174,0.04734311589157396,645,"Of course, nothing says you have to let them play through."
2120,2118,7,26,93,126,1.3174603174603174,0.05120862235283609,645,Just think of the money you’ll save on electricity
6088,2118,9,22,95,126,1.3174603174603174,0.05363106615799874,645,you said we should go dutch
389,2121,8,30,107,145,1.3172413793103448,0.047649189260170415,645,Drafty? No. Why do you ask?
2490,2121,8,30,107,145,1.3172413793103448,0.047649189260170415,645,The right time to enter the market changes by the second.
2516,2121,8,30,107,145,1.3172413793103448,0.047649189260170415,645,Fairway view!
4139,2121,8,30,107,145,1.3172413793103448,0.047649189260170415,645,"Are you interested in this as a home, investment property, or guillotine?"
6759,2121,7,32,106,145,1.3172413793103448,0.04663324775885241,645,"It has a couple of drawbacks, but think what you'll save on electricity."
7378,2121,8,30,107,145,1.3172413793103448,0.047649189260170415,645,"You asked for something ""above par"" --this is it, on your budget!"
7513,2121,7,32,106,145,1.3172413793103448,0.04663324775885241,645,Houses don’t get any greener than this one.
5379,2128,7,25,91,123,1.3170731707317074,0.05203710162425183,645,"In this neighborhood when anyone says'""get outta' the way"", just  do it."
3910,2128,9,21,93,123,1.3170731707317074,0.0545382433536534,645,"When the golf ball comes through the doorway,you stand here."
2129,2128,17,18,129,164,1.3170731707317074,0.05099349461123584,645,"With your budget, this is the best I could do regarding listings on a golf course."
2807,2128,5,29,89,123,1.3170731707317074,0.04940951227044349,645,This timeshare unit includes unlimited rounds of golf.
3195,2128,8,23,92,123,1.3170731707317074,0.05330234485252516,645,"I would suggest buying both properties, in case you get a hole in one."
928,2128,6,27,90,123,1.3170731707317074,0.05074031852607854,645,The grandkids will love it.
6893,2134,9,27,106,142,1.3169014084507042,0.0493385661269934,645,"Actually, it's a FOOORE!-Closure"
6620,2134,5,35,102,142,1.3169014084507042,0.04510802172562565,645,"Good schools, close to shopping...oh there’s one other thing you need to know."
6499,2134,10,25,107,142,1.3169014084507042,0.05034068164352512,645,"As I said, it’s A somewhat gated community"
2590,2134,7,31,104,142,1.3169014084507042,0.04727064486267993,645,It's all about the second floor.
5445,2134,7,31,104,142,1.3169014084507042,0.04727064486267993,645,"And, you can apply for energy efficient financing."
3062,2134,5,35,102,142,1.3169014084507042,0.04510802172562565,645,We can get you out of your Pirate Ship and into this “classic” within the month !!
6316,2134,7,31,104,142,1.3169014084507042,0.04727064486267993,645,Let me show you the interior. Immediately.
806,2141,5,28,87,120,1.3166666666666667,0.05018639393621737,645,I know it's not on the course of your dreams but the price is right.
817,2141,8,22,90,120,1.3166666666666667,0.05421108930420128,645,"With our windmill home, you save on electricity, speed up your reflexes AND discourage unwanted visitors."
1820,2143,4,36,99,139,1.316546762589928,0.044550806895724306,645,It livens up around here in the summer.
1835,2143,11,22,106,139,1.316546762589928,0.05210206614854446,645,Just let me know. The timing is crucial.
2068,2143,12,20,107,139,1.316546762589928,0.05309321718922874,645,"For an extra 20 grand, I can get you on a water hazard."
5594,2143,10,24,105,139,1.316546762589928,0.05109169093298822,645,Elephant?  What elephant?
7457,2143,6,32,101,139,1.316546762589928,0.04683271531921612,645,And you'll be happy to know the mortgage rate is way under par.
7435,2148,6,25,86,117,1.3162393162393162,0.052423681282471074,645,This one comes with club membership and utilities included.
6546,2148,6,25,86,117,1.3162393162393162,0.052423681282471074,645,It's not a run-of-the-mill golf course community.
3656,2148,8,21,88,117,1.3162393162393162,0.05516309266041539,645,It's expensive but you could always go Dutch.
286,2151,7,29,100,136,1.3161764705882353,0.048621751458100125,645,"Well, it's on a golf course, just like I promised. And I wouldn't worry too much. They almost never make it into the windmill."
2294,2151,8,27,101,136,1.3161764705882353,0.04972933919455295,645,"It's only a Par 3, but the view is fantastic!"
2596,2151,4,35,97,136,1.3161764705882353,0.04513620862713601,645,And you have a lovely view of the golf course.
2908,2151,5,33,98,136,1.3161764705882353,0.04632720357528593,645,Let me hazard a guess.
4054,2151,7,29,100,136,1.3161764705882353,0.048621751458100125,645,You might want to be a bit  careful when you are going in or out.
7351,2151,7,29,100,136,1.3161764705882353,0.048621751458100125,645,Don't be indecisive. There are a lot of people lined up to go through this house.
6500,2157,10,22,101,133,1.3157894736842106,0.05268850874113132,645,This is truly the most exclusive golf course real estate there is! NOBODY gets Windmill. Nobody!
5247,2157,5,26,83,114,1.3157894736842106,0.05184949118976792,645,"Inspired by Mr. Swift’s book, we call this subdivision “Lilliputt”"
7447,2157,9,24,100,133,1.3157894736842106,0.05159610243818351,645,I think you'll find that this property is well above par.
3487,2157,7,28,98,133,1.3157894736842106,0.04933878245058379,645,On Sunday afternoons you can expect a little more traffic in the neighborhood.
2927,2157,8,26,99,133,1.3157894736842106,0.05048006161108345,645,If you time it just right you'll have no problem going in and out.
2708,2157,9,24,100,133,1.3157894736842106,0.05159610243818351,645,A hole-in-one no longer qualifies for a zero down mortgage.
43,2157,7,34,111,152,1.3157894736842106,0.04517601669528512,645,... but I can't recommend the neighborhood. Everybody seems pretty teed off.
3004,2157,7,22,85,114,1.3157894736842106,0.05476203545238053,645,Buy it today and I'll throw in free club membership.
1656,2165,9,29,111,149,1.3154362416107384,0.04769990567563531,645,OK - let me address the elephant in the room.  There is a black hole in the front yard of this property.
574,2166,6,29,95,130,1.3153846153846154,0.04888087497718232,645,There is a very small easement with the property.
1236,2166,8,25,97,130,1.3153846153846154,0.05126266777381622,645,Why hold out for a dream home when you could move into a family-sized fantasy?
1685,2166,7,27,96,130,1.3153846153846154,0.05008593138708506,645,This little gem was once owned by the Quixote family.
2083,2166,7,27,96,130,1.3153846153846154,0.05008593138708506,645,It's energy self sufficient and the old woman in the shoe next door loves kids.
2134,2166,9,23,98,130,1.3153846153846154,0.052412991630563496,645,It's a starter. You can move up to the 18th later.
2420,2166,6,29,95,130,1.3153846153846154,0.04888087497718232,645,"I like to think the blades add a unique level of excitement to the entryway. And you'll never need another table fan. That, folks, is what we call a wind-win."
6885,2166,8,25,97,130,1.3153846153846154,0.05126266777381622,645,Are you feeling nimble today?
7507,2166,6,29,95,130,1.3153846153846154,0.04888087497718232,645,Relax. It comes with a Don Quixote restraining order.
1777,2174,7,32,107,146,1.3150684931506849,0.04636368590367681,645,At least coming home drunk will be an adventure.
1764,2174,11,24,111,146,1.3150684931506849,0.050274094877312735,645,"This coveted home has a view of the 4th, 5th, 6th, 9th, 10th and 12th greens."
1258,2176,7,26,94,127,1.31496062992126,0.050865263351523825,645,You'll love the neighbours – Mr Quixote is quite a character.
1641,2176,6,28,93,127,1.31496062992126,0.04962147356605799,645,Could we see one with a lower par?
3178,2176,8,24,95,127,1.31496062992126,0.05207935668547331,645,"Technically, it's on the green. And it's certainly in your price range."
3314,2176,8,24,95,127,1.31496062992126,0.05207935668547331,645,Irony is always a good investment.
4810,2176,7,26,94,127,1.31496062992126,0.050865263351523825,645,You’ll only get your key deposit back when you return the balls
6958,2176,5,30,92,127,1.31496062992126,0.048345695381430916,645,"The golf balls will be an adjustment, but think of what you'll save on your electric bill."
7211,2176,7,26,94,127,1.31496062992126,0.050865263351523825,645,"And for every 'hole-in-one', you get a free month of rent"""
1785,2183,6,22,80,108,1.3148148148148149,0.05526635236497289,645,Is this the windmill of your mind?
6229,2183,7,20,81,108,1.3148148148148149,0.05681056213643335,645,And as a bonus you will enjoy reduced electric bills
592,2185,11,23,109,143,1.3146853146853146,0.05101122641233647,645,"Well, nuclear just isn't practical."
5452,2185,8,29,106,143,1.3146853146853146,0.04802776333926085,645,Past tenants have increased their cardio by more than 40%!
7100,2187,8,23,93,124,1.314516129032258,0.0529325381108483,645,"Sure, it does get a little drafty, but the curb appeal's a hole-in-one."
5376,2187,3,33,88,124,1.314516129032258,0.046327118117242154,645,A home on a golf course always keeps its value.
5100,2187,7,25,92,124,1.314516129032258,0.051679040696349106,645,"Oh, don't listen to Mr. Quixote and his nonsense. This house is perfectly safe."
3494,2187,7,25,92,124,1.314516129032258,0.051679040696349106,645,And it comes with a charming legend about an elephant who thinks he’s Don Quixote.
204,2187,7,25,92,124,1.314516129032258,0.051679040696349106,645,It's perfect for those who like to putter around the house.
5060,2187,9,21,94,124,1.314516129032258,0.05415703033233919,645,You'll love it! Much more room than the Clown Face.
3201,2187,4,31,89,124,1.314516129032258,0.04772140208135556,645,"Sure, your neighbors are a giant clown head and a mechanical  alligator, but you wouldn’t be living on the back nine anymore."
875,2194,8,28,104,140,1.3142857142857143,0.04870967569425921,645,"Besides the occasional golf ball, you have to watch out for a crazy Spaniard with a lance."
1604,2194,6,32,102,140,1.3142857142857143,0.04655193508762327,645,The view of the Clown's Mouth is to die for.
3124,2194,7,30,103,140,1.3142857142857143,0.04764302239909952,645,And it has a unique drainage system in case of floods
5017,2194,7,30,103,140,1.3142857142857143,0.04764302239909952,645,My commission is par for the course.
5539,2194,7,30,103,140,1.3142857142857143,0.04764302239909952,645,"And also remember, no more electric bills."
5921,2194,9,15,81,105,1.3142857142857143,0.06099643554451832,645,Mr. Trump doesn't believe in miniature golf.
6879,2194,7,30,103,140,1.3142857142857143,0.04764302239909952,645,"In addition to the club membership, it comes with a two-stroke handicap."
595,2201,8,22,91,121,1.3140495867768596,0.05382485862969677,645,"In a small market like this, timing is everything."
2267,2201,8,22,91,121,1.3140495867768596,0.05382485862969677,645,"The mortgage?  Oh, it's not bad.  APR for the course."
3562,2201,7,24,90,121,1.3140495867768596,0.05252974737874613,645,Any extra power gets sold back to the grid.
4245,2201,8,22,91,121,1.3140495867768596,0.05382485862969677,645,"Living on a golf course, your dream come true!"
6161,2201,8,22,91,121,1.3140495867768596,0.05382485862969677,645,You can speed up the windmill when say your parents visit...it's hysterical watching them try to time the entrance.
5291,2206,8,27,102,137,1.313868613138686,0.04941893451080853,645,"I think we can reduce the price, it’s only a par 2."
1834,2206,6,31,100,137,1.313868613138686,0.04719689263364732,645,"Listen, the other 17 homes you want us to look at...are they...similar to this one?"
2077,2206,5,33,99,137,1.313868613138686,0.0460456780525193,645,It's a three story colonial with great curb appeal and a beautiful view of the tee.
1355,2209,6,20,76,102,1.3137254901960784,0.0574153587811545,645,They tee off at 6am but that's what makes it affordable.
697,2210,10,17,91,118,1.3135593220338984,0.057343722897579975,645,"So finally, you pop out of the hole, dodge the blade, somersault through the door, and Voila, you're at your polling place. Please don't forget to present your photo ID."
1363,2210,6,25,87,118,1.3135593220338984,0.05204655943650442,645,"No, the previous tenants had not considered solar."
4466,2210,8,21,89,118,1.3135593220338984,0.05475923166431403,645,"And like all the homes at Trump-Crest Village, it was designed by the President himself."
1893,2213,7,28,99,134,1.3134328358208955,0.04902587203968554,645,"The housing market, much like the entry and exit of this home, is all about timing!"
7535,2213,8,26,100,134,1.3134328358208955,0.05015732229580909,645,You said you wanted to be in a neighborhood with kids.
4453,2215,6,24,85,115,1.3130434782608695,0.05293119375670831,645,"All wind power, not to mention you'll have a great view of the alligator on hole #5"
4802,2215,6,24,85,115,1.3130434782608695,0.05293119375670831,645,"I've got just the place for you, Mr. and Mrs. Quixote"
5206,2215,5,26,84,115,1.3130434782608695,0.05146995211979002,645,You'll have a ball here in Lilli-putt
6324,2215,5,26,84,115,1.3130434782608695,0.05146995211979002,645,"In this property, it’s not about location—it’s about timing your entrance."
7512,2219,7,27,97,131,1.3129770992366412,0.04976040004149827,645,"Frankly, folks, living in Putt-Putt Village takes balls."
5428,2219,8,25,98,131,1.3129770992366412,0.05092678297699789,645,"I don’t know what else you want - two bedrooms, on the golf course, close to downtown, and a hole in one wins a free game."
5127,2219,3,35,93,131,1.3129770992366412,0.04479216632297146,645,"Odd, I know, but the electric bill is low."
2967,2219,7,27,97,131,1.3129770992366412,0.04976040004149827,645,"Before we get into the specifics of this place, let me ask you a question Bob and Helen- Do you like golf?"
3841,2219,11,19,101,131,1.3129770992366412,0.05427574652342558,645,This gorgeous Dutch Colonial Revival is only moments from the course.
4266,2219,6,29,96,131,1.3129770992366412,0.04856601280930565,645,"What with the income from the milled grain and the local giants` miniature golf fees, this place will pay for itself."
1849,2219,7,27,97,131,1.3129770992366412,0.04976040004149827,645,I'm concerned about a draft.
2225,2219,7,27,97,131,1.3129770992366412,0.04976040004149827,645,"No one even makes it to this round, and if they do, we cover your utilities for the month. Hole-in-one if you ask me."
578,2227,8,29,107,144,1.3125,0.04774311074023794,645,There may be a zoning issue.
908,2227,10,20,98,128,1.3125,0.05405550879879,645,Your neighbors have longer par and more distractions.
1636,2227,5,30,93,128,1.3125,0.048029579960489996,645,I wouldn’t put anything breakable in the foyer.
1828,2227,9,22,97,128,1.3125,0.0529052599977835,645,"And if you get a hole in one, they will take 10% off the purchase price!"
2433,2227,8,24,96,128,1.3125,0.051729440740936675,645,Think of it as buying a small carbon footprint.
4917,2227,7,26,95,128,1.3125,0.050526265875355234,645,"If you like this, let me also show you our signature waterfall hole."
6139,2227,6,28,94,128,1.3125,0.04929373233225594,645,"True, the insurance is expensive, but the house is very ""green."""
6934,2227,4,37,103,144,1.3125,0.04348452868152344,645,And the best part is you can buy it with revolving credit
7371,2235,3,38,100,141,1.3120567375886525,0.04286444760634064,645,It's a par four fixer-upper.
4420,2235,11,22,108,141,1.3120567375886525,0.05145772876202824,645,And the windmill can be voice activated with Alexa.
5339,2235,7,30,104,141,1.3120567375886525,0.04735640779209921,645,It'll pay for itself in 11 years.
2510,2238,9,21,95,125,1.312,0.053780917589552085,645,"Yes, coming and going can be tricky... but it's rent controlled!"
4604,2238,5,29,91,125,1.312,0.048746877484779766,645,"Yes, it is a little more expensive than the Dinosaur and Volcano models we saw but you’ll save a whole lot on electricity."
4678,2238,7,25,93,125,1.312,0.051325652267118445,645,Think you can swing it?
6843,2238,7,25,93,125,1.312,0.051325652267118445,645,The buyer’s have agreed to throw in a clown’s mouth at closing.
6951,2238,4,31,90,125,1.312,0.04740491331551628,645,You can adjust the blade speed to deter all kinds of intruders.
7226,2238,6,27,92,125,1.312,0.05005287526786693,645,The security system is considered on par with the best.
57,2244,5,24,80,109,1.311926605504587,0.053261367900563225,645,And it has a great view of the golf course!
1378,2245,11,21,106,138,1.3115942028985508,0.05224336268908296,645,This baby won’t last... It’s all about the timing.
1518,2245,8,27,103,138,1.3115942028985508,0.049112212093043395,645,"I’m sorry, this house just isn’t up to par."
4589,2247,7,24,91,122,1.3114754098360655,0.05216095380029806,645,You just have to time your mother-in- law's exit just right.
3028,2247,4,30,88,122,1.3114754098360655,0.048107339468163854,645,It’s got great airflow.
1596,2247,8,22,92,122,1.3114754098360655,0.05344387802396753,645,This place boasts renewable energy and proximity to a golf course!
3558,2250,8,31,112,151,1.3112582781456954,0.04621232356072238,645,This was early wind power ...
2391,2251,6,30,99,135,1.3111111111111111,0.04756847982341376,645,"See?  It says so right here: ""Central Air included."""
2795,2251,5,32,98,135,1.3111111111111111,0.04639183067305038,645,"The entrance is a bit hinky,but once you're inside the rest is a breeze"
3589,2251,11,20,104,135,1.3111111111111111,0.053061774096596494,645,The prior owner was a miniature golf enthusiast before his untimely death.
4716,2251,8,26,101,135,1.3111111111111111,0.04983850832175466,645,It can be a little tricky getting in and out.
1170,2251,6,30,99,135,1.3111111111111111,0.04756847982341376,645,"Oh. Yes, there's also a back door."
420,2256,5,27,87,119,1.3109243697478992,0.05027753647152304,645,"Homeowner's liability insurance is not required, but I strongly recommend it."
2045,2256,6,25,88,119,1.3109243697478992,0.05167456363572488,645,Not only does this home produce it's own clean energy but it has a great view of the 7th hole.
2620,2256,6,25,88,119,1.3109243697478992,0.05167456363572488,645,"Built by Gulliver himself, Lilliput-put is a truly exclusive location!"
3006,2256,6,25,88,119,1.3109243697478992,0.05167456363572488,645,Don't look at me!  You should have planned better for retirement.
3680,2256,8,21,90,119,1.3109243697478992,0.054361017591074236,645,"Sorry. This one is under contract. But, I've got an open house today on the loop de loop next door."
4163,2256,4,29,86,119,1.3109243697478992,0.04884056531560706,645,And here's another plus - you'll be completely off the grid!
6244,2262,9,28,111,148,1.3108108108108107,0.04779698225150559,645,Think of it as a whole house fan.
4794,2262,9,28,111,148,1.3108108108108107,0.04779698225150559,645,It is a good buy if you both have a strong short game.
2240,2262,6,34,108,148,1.3108108108108107,0.04481925392372162,645,"If you waive the inspection, I can throw in a free game."
1228,2265,7,27,98,132,1.3106060606060606,0.04943887750565043,645,"Not only does it have a great view of the 18th hole, you get to keep all of the golf balls that get stuck in the living room."
1582,2265,7,27,98,132,1.3106060606060606,0.04943887750565043,645,"This isn’t what you had in mind when you said, you wanted a house that was “green?”"
1682,2265,6,29,97,132,1.3106060606060606,0.04825497060422663,645,And you’ll save on air conditioning.
1987,2265,6,29,97,132,1.3106060606060606,0.04825497060422663,645,"In addition, you'll get home exchange privileges with Chuck's Bowling Pin Estates and Harold's Splash Lagoon Condos."
2548,2265,10,21,101,132,1.3106060606060606,0.05283165596524971,645,"We are the largest mini golf community on the East Coast"""
3241,2265,8,25,99,132,1.3106060606060606,0.0505950889911525,645,Of course all your home appliances are connected and you're finally off the grid.
3707,2265,7,27,98,132,1.3106060606060606,0.04943887750565043,645,"Yes, it needs a few upgrades, but with a classic like this that’s par for the course."
5093,2265,2,37,93,132,1.3106060606060606,0.04319607046941939,645,I feel freer now to mention that it’s a tiny bit drafty.
4346,2273,9,27,109,145,1.3103448275862069,0.04846023904329379,645,"remember,  you did ask for a surreal estate agent."
7235,2273,5,26,85,116,1.3103448275862069,0.05109563174798192,645,"Yes, the windy days are why it's marked down."
1608,2273,5,26,85,116,1.3103448275862069,0.05109563174798192,645,"This fine home  has a unique security system. You don't need a front door, just turn on the windmill when you leave the house."
3360,2273,10,16,90,116,1.3103448275862069,0.057968860357364926,645,The owners say they'll accept below asking price if you get a hole-in-one.
1559,2273,10,25,110,145,1.3103448275862069,0.0494386509600151,645,The bedroom gets morning sun. A staccato effect of course.
7531,2278,6,28,95,129,1.310077519379845,0.04897007274609798,645,Now why would you need solar?
7332,2278,7,26,96,129,1.310077519379845,0.05019155362972818,645,We do suggest avoiding outdoor activities between 10 AM and 7 PM daily.
6988,2278,5,30,94,129,1.310077519379845,0.04771733431102764,645,"Dont worry, it's not a real windmill."
5798,2278,8,24,97,129,1.310077519379845,0.05138400613784052,645,"If you buy today, Mr. and Mrs. Quixote, I'll throw in a complementary round of golf."
653,2278,8,24,97,129,1.310077519379845,0.05138400613784052,645,It came on the market after the last owners mysteriously disappeared.
4683,2278,6,28,95,129,1.310077519379845,0.04897007274609798,645,"Well, you said you could not afford that place on the golf course"
3994,2278,9,22,98,129,1.310077519379845,0.052549406445566854,645,"My name's Bob, and I'l be your guide today. Will this be your first acid trip?"
1303,2278,7,26,96,129,1.310077519379845,0.05019155362972818,645,"In this market, this is the best course I can get you on."
1232,2278,7,26,96,129,1.310077519379845,0.05019155362972818,645,"Yeah, no, it’s a tiny house, sure, but it’s right on the darned golf course!"
5354,2278,6,28,95,129,1.310077519379845,0.04897007274609798,645,"It's not a sink hole, it's a Par Three."
4367,2288,3,25,72,100,1.31,0.052599112793531654,645,The Wind energy credits make this place almost free !
7063,2289,9,26,107,142,1.3098591549295775,0.04914928932598675,645,This run-of-the-mill home falls well within your budget.
7135,2290,10,19,97,126,1.3095238095238095,0.054585637641550847,645,And there's a golf course.
6651,2290,10,19,97,126,1.3095238095238095,0.054585637641550847,645,Mind if I play through?
5632,2290,5,29,92,126,1.3095238095238095,0.048421805024328225,645,Just set the speed to high at night.
4213,2290,11,17,98,126,1.3095238095238095,0.055736666241522015,645,"If you want to go Dutch, it's yours."
1260,2290,7,25,94,126,1.3095238095238095,0.050976852156467176,645,This will  look great with our other yard art!
1134,2290,10,19,97,126,1.3095238095238095,0.054585637641550847,645,"You'll have to putt some work into this one, but it's worth it."
1913,2290,8,23,95,126,1.3095238095238095,0.05220750504253616,645,"What's more, it qualifies your full home purchase price for renewable energy tax credit."
819,2290,5,29,92,126,1.3095238095238095,0.048421805024328225,645,"If it's windy, it's one at a time"
2115,2298,6,31,102,139,1.3093525179856116,0.046624033801495386,645,The 18th hole is extremely desirable.
4745,2298,8,27,104,139,1.3093525179856116,0.04880911141409572,645,"As is often the case in these negotiations, timing is everything."
5914,2298,6,31,102,139,1.3093525179856116,0.046624033801495386,645,...and you won't need central air conditioning.
6213,2298,7,29,103,139,1.3093525179856116,0.0477290785840068,645,A certain Spanish knight expressed interest until he found the dragon on 18.
7113,2298,7,29,103,139,1.3093525179856116,0.0477290785840068,645,"I hear you. But on the plus side, it’s 100% energy efficient."
7023,2303,9,29,114,152,1.3092105263157894,0.046891478868581825,645,Think of it as your impossible dream house.
6471,2304,8,22,93,123,1.3089430894308942,0.05306804769696344,645,"""The previous owners loved it, but they lost a step."
5318,2304,6,26,91,123,1.3089430894308942,0.05049413474570665,645,Access is an on again off again arrangement.
1366,2304,5,28,90,123,1.3089430894308942,0.049156664069002654,645,"Location, location, location. Am I right, folks?"
252,2304,6,26,91,123,1.3089430894308942,0.05049413474570665,645,And it's the only one with a hole in the front.
3147,2304,4,30,89,123,1.3089430894308942,0.04778177059368953,645,"Great views, and it's right on the golf course!"
1369,2309,8,26,102,136,1.3088235294117647,0.0495235533875104,645,This property is going to move fast.
1637,2309,5,32,99,136,1.3088235294117647,0.046106235527363086,645,The only other lot I have available is the Clown's Mouth property.
2060,2309,3,36,97,136,1.3088235294117647,0.04367974394106954,645,"....and you will never need air conditioning!"""
2630,2309,7,28,101,136,1.3088235294117647,0.04841125776358175,645,The only downside is you cannot close the doors until 9pm.
3066,2309,7,28,101,136,1.3088235294117647,0.04841125776358175,645,"True, it could drive you nuts, but your energy costs are zero!"
4593,2309,7,28,101,136,1.3088235294117647,0.04841125776358175,645,This place is meant for the couple who like to putter around the house on weekends.
5630,2309,10,22,104,136,1.3088235294117647,0.051676370459552104,645,Just think of it as the original energy-efficient tiny house
6382,2309,7,28,101,136,1.3088235294117647,0.04841125776358175,645,"Fads may come and go, but high ceilings last forever."
6908,2309,8,26,102,136,1.3088235294117647,0.0495235533875104,645,Bad news. The castle on the beach is already gone.
7244,2309,8,26,102,136,1.3088235294117647,0.0495235533875104,645,"I know you said the last property was a hole, but this one will be different, I promise."
5641,2319,6,34,109,149,1.308724832214765,0.044566282472079,645,No-Cervantes never actually slept here.
2246,2320,8,21,91,120,1.3083333333333333,0.05396833978682692,645,"Just one word of caution: watch out when you're comin' out the door."""
3210,2320,5,27,88,120,1.3083333333333333,0.04992407868072794,645,We like to call it the golf resort for the little guy.
3950,2320,9,19,92,120,1.3083333333333333,0.05525068073567392,645,"At par four, this is on the most desirable units in the neighborhood."
4182,2320,6,25,89,120,1.3083333333333333,0.05130759840928513,645,You're gonna love the open floor plan!
4559,2320,6,25,89,120,1.3083333333333333,0.05130759840928513,645,Magnificent view! Overlooks the dinosaur!
5420,2320,5,27,88,120,1.3083333333333333,0.04992407868072794,645,Right on the course!
6777,2320,6,25,89,120,1.3083333333333333,0.05130759840928513,645,And you are allowed to keep any golf ball that makes its way in.
2198,2320,6,25,89,120,1.3083333333333333,0.05130759840928513,645,Abandoned theme park living will become the new rage.
6803,2328,6,29,98,133,1.3082706766917294,0.047947685387741835,645,Tell Alexa to control the speed and which family members get in.
5605,2328,8,25,100,133,1.3082706766917294,0.05026751303921214,645,But its in a great school district
4597,2328,6,29,98,133,1.3082706766917294,0.047947685387741835,645,The only downside is that your comings and goings have to be timed.
6740,2328,9,23,101,133,1.3082706766917294,0.05138817017271687,645,"It generates its own power, but the security system is tricky."
3902,2328,9,23,101,133,1.3082706766917294,0.05138817017271687,645,Everywhere is just a short drive away!
3655,2328,8,25,100,133,1.3082706766917294,0.05026751303921214,645,I’ve got another on 14 I think you’re gonna love.
2236,2328,8,25,100,133,1.3082706766917294,0.05026751303921214,645,"It's a steal for the price, and all you have to do is time your entries and exits."
1347,2328,6,29,98,133,1.3082706766917294,0.047947685387741835,645,Of  course you need big balls to live here.
4368,2328,9,23,101,133,1.3082706766917294,0.05138817017271687,645,Perfect for puttering around the yard.
997,2337,9,27,110,146,1.3082191780821917,0.048174094310145625,645,Don Quixote once lived here.
4457,2337,2,41,103,146,1.3082191780821917,0.040736104177693286,645,You must time your entrances and exits with great precision.
6036,2337,7,31,108,146,1.3082191780821917,0.04617138442827639,645,Can we see now the next hole with the little pond?
6263,2340,8,33,118,159,1.3081761006289307,0.04456772136472309,645,"I'm afraid that's correct, if someone gets a hole in one they do obtain legal title to your house."
7282,2341,7,26,97,130,1.3076923076923077,0.04986105183108662,645,"Full discloser,this property has experienced  Quixotes."
5657,2341,9,22,99,130,1.3076923076923077,0.05219813845776527,645,It's the architect's vision of a mixed-use development. He's the developer's kid and he's going to be 11 in November.
5219,2341,8,28,107,143,1.3076923076923077,0.04783376903750963,645,"In your price range, this is the only course side real estate you can afford"
5129,2341,8,28,107,143,1.3076923076923077,0.04783376903750963,645,You just have to remember to duck every 27 seconds.
4061,2341,9,26,108,143,1.3076923076923077,0.04885245660735344,645,Not to worry!  You can control the rotation speed with our app.  And we expect to have a solution for the giant white balls any day now.
3930,2341,5,26,86,117,1.3076923076923077,0.050726433032338,645,"Well, you did mention you loved golf."
3645,2341,8,28,107,143,1.3076923076923077,0.04783376903750963,645,"Way cheaper than solar, and architecturally—much more stylish."
1692,2341,5,30,95,130,1.3076923076923077,0.04740889495599512,645,Just stay upstairs when the course is open.
1499,2341,6,24,87,117,1.3076923076923077,0.052158731047754654,645,"European elegance with the original sustainable energy. 
I advise you either get in fast or wait for the next one."
1447,2341,4,28,85,117,1.3076923076923077,0.049252500361469345,645,"There's interest from other buyers, but I'm tilting towards you."
669,2341,7,30,106,143,1.3076923076923077,0.04679290976306432,645,This property is protected by an inexpensive but very effective security system.
603,2341,6,36,114,156,1.3076923076923077,0.0432502715562884,645,And the kitchen has granite millstone
395,2341,7,26,97,130,1.3076923076923077,0.04986105183108662,645,"The location is amazing. We are right next to a barn, a bridge, and a very unique Clown's head."
293,2341,5,26,86,117,1.3076923076923077,0.050726433032338,645,And look at all the room to putter around in this backyard!
274,2341,10,24,109,143,1.3076923076923077,0.049850331722195045,645,What if they did pay you to live here?
3377,2341,4,28,85,117,1.3076923076923077,0.049252500361469345,645,"Just avoid poking your head out on the front of the window and you'll be fine."""
1284,2357,8,27,105,140,1.3071428571428572,0.04850957309175747,645,a house with a white picket fence around it not ON it!
3158,2357,5,33,102,140,1.3071428571428572,0.045220060955157244,645,You'll get the hang of it in no time.
3741,2357,9,25,106,140,1.3071428571428572,0.0495575786783754,645,"Once you get the timing right you really appreciate the green aspects."""
4440,2357,6,31,103,140,1.3071428571428572,0.0463425165016634,645,"You're right, the feng shui isn't perfect but that has brought the price point in line with our budget."
5101,2357,7,29,104,140,1.3071428571428572,0.047438420701218044,645,Timing is everything for the real estate market in this neighborhood.
6682,2362,6,27,94,127,1.3070866141732282,0.049382907407419366,645,I think you'll like the home security system on this one.
5877,2362,4,31,92,127,1.3070866141732282,0.04678357393470482,645,This one's within your budget and it overlooks a golf course.
558,2362,5,29,93,127,1.3070866141732282,0.048100802145669815,645,You have to putt the ball into the black hole from the living room to get the wind mill to stop.
3863,2362,7,25,95,127,1.3070866141732282,0.050632557914474706,645,You'll never go back to central AC again.
4467,2362,6,27,94,127,1.3070866141732282,0.049382907407419366,645,It's the latest in golf course community living
1490,2362,11,17,99,127,1.3070866141732282,0.05534973738667744,645,Homes on golf courses always sell at a premium.
110,2368,8,19,87,114,1.3070175438596492,0.05590040517964037,645,And it’s right on the golf course
1179,2368,3,29,82,114,1.3070175438596492,0.04846213288355209,645,"The President claims to hate windmills, but he golfs here regularly."
3633,2368,7,21,86,114,1.3070175438596492,0.05449403549126256,645,"For a Par 4 property, the asking price is very reasonable."
4969,2371,7,36,120,163,1.3067484662576687,0.04292855213042614,645,Our home security features harken back to a simpler time.
194,2372,9,28,113,150,1.3066666666666666,0.04724789844566308,645,The architect was inspired by Russian roulette.
6486,2373,7,28,102,137,1.3065693430656935,0.04810943116997928,645,And that includes the club fee.
5824,2373,7,28,102,137,1.3065693430656935,0.04810943116997928,645,Great location listed as a par four
5107,2373,6,30,101,137,1.3065693430656935,0.04698058280335823,645,Why yes as a matter of fact this house does run on wind power.
4977,2373,7,28,102,137,1.3065693430656935,0.04810943116997928,645,The size of the hole is relative. You should see the golf ball.
1477,2373,7,28,102,137,1.3065693430656935,0.04810943116997928,645,"It is literally the only listing for ""tiny house on a golf course"""
679,2373,8,26,103,137,1.3065693430656935,0.049212392488627785,645,"After a while, you never notice the foot traffic."
377,2373,6,30,101,137,1.3065693430656935,0.04698058280335823,645,The mortgage interest rate is only 2 points above par.
260,2373,8,26,103,137,1.3065693430656935,0.049212392488627785,645,You won't find everything you're looking for with your current budget.
1650,2373,11,20,106,137,1.3065693430656935,0.05238211713287345,645,"The market in this neighborhood is a little different.  It's timing, timing, timing."
2257,2373,8,26,103,137,1.3065693430656935,0.049212392488627785,645,And it comes with solar too!
6634,2383,4,30,90,124,1.3064516129032258,0.047460308695792965,645,"Yes, you are correct, timing with this real estate is big consideration..."
531,2383,7,24,93,124,1.3064516129032258,0.051438039738937,645,And this is the exact spot where the previous owners were decapitated.
894,2383,6,26,92,124,1.3064516129032258,0.05014719921015491,645,Mind you the utilities are  next to nothing and it is certified Green.
1241,2383,6,26,92,124,1.3064516129032258,0.05014719921015491,645,This one is perfect for people who live their lives on a schedule.
4233,2383,7,24,93,124,1.3064516129032258,0.051438039738937,645,"It's only one bedroom and one bath, but it's only $5.00 for a bucket of balls.

David Ardao, New York, New York"
4684,2383,6,26,92,124,1.3064516129032258,0.05014719921015491,645,"With this model, I required to ask; how good are you at Dodgeball?"
5574,2383,6,26,92,124,1.3064516129032258,0.05014719921015491,645,"Multi-level single family home with great views, fresh air, and local church. Wouldn’t you say this is a hole-in-one?"
5945,2390,4,26,81,111,1.3063063063063063,0.05086120374432271,645,"Of course, the clothes dryer is included."
2627,2390,4,26,81,111,1.3063063063063063,0.05086120374432271,645,This place has a beautiful view of a lighthouse and a dragon's lair.
6020,2392,5,35,107,147,1.3061224489795917,0.04382708130189635,645,"Yes, but I guarantee that you will have almost no solicitations."
6515,2392,3,39,105,147,1.3061224489795917,0.041646574111347104,645,....and the upkeep will be a breeze
158,2394,8,25,101,134,1.3059701492537314,0.049943983816910474,645,"So, can we put-put pen to paper?"
688,2394,8,25,101,134,1.3059701492537314,0.049943983816910474,645,You see balls rolling through your living room. I see your own personal aerobics workout.
5058,2394,5,31,98,134,1.3059701492537314,0.046451468949880066,645,Solar panels are so yesterday.
6180,2394,6,29,99,134,1.3059701492537314,0.047644095313435435,645,"I know what you're thinking. Yes,there's a sex dungeon."
6717,2394,8,25,101,134,1.3059701492537314,0.049943983816910474,645,"By any chance, were you good at jump rope?"
6790,2394,6,29,99,134,1.3059701492537314,0.047644095313435435,645,You wanted a house on the 18th green - you got it!
7452,2394,5,31,98,134,1.3059701492537314,0.046451468949880066,645,You won't ever have to mow the lawn.
3222,2401,6,25,90,121,1.3057851239669422,0.05094557027247088,645,I told you we only had one home available with electricity from wind power.
2993,2401,5,27,89,121,1.3057851239669422,0.04957529711010628,645,You said that you wanted something in your ball park.
254,2401,3,31,87,121,1.3057851239669422,0.04671432317706638,645,This will save big-time on your electric bills!
29,2401,5,27,89,121,1.3057851239669422,0.04957529711010628,645,"It can get windy sometimes but, on the other hand, grinding flour can be a breeze."
2279,2401,9,19,93,121,1.3057851239669422,0.05485138349105824,645,Would you like to see the ballroom?
2040,2406,7,34,116,157,1.305732484076433,0.043957446408297324,645,"Trust me, it doesn't get greener than this"
714,2407,8,28,108,144,1.3055555555555556,0.047548463987000605,645,Our windmill is just one of 18 models inspired by the designers love of miniature golf.
1449,2407,4,36,104,144,1.3055555555555556,0.04327072958736315,645,Just think of it as a turnstile
1479,2407,7,19,82,108,1.3055555555555556,0.05652069240257545,645,This model comes with a 'whole-house' fan!
3705,2407,5,23,80,108,1.3055555555555556,0.05337085474873088,645,"We need a quick offer...everybody's shooting for this deal, and timing is everything."
7539,2407,7,30,107,144,1.3055555555555556,0.04651592555671656,645,"We like the idea of no utility bills, but are concerned about the recurring green fees."
6364,2412,6,28,97,131,1.3053435114503817,0.04833472273958615,645,Tell me you haven't always dreamed of a picket-powered eco-house.
7065,2412,5,30,96,131,1.3053435114503817,0.04710419949660929,645,It boasts a periodically open-concept design.
6437,2412,7,26,98,131,1.3053435114503817,0.04953468718392161,645,Why don’t you each come up with money to buy this home. You can go Dutch.
6383,2412,6,28,97,131,1.3053435114503817,0.04833472273958615,645,"Yes, the ball would be rather large"
5878,2412,6,28,97,131,1.3053435114503817,0.04833472273958615,645,Wind power is the new solar.  You just have to be more careful leaving your house on a windy day.
4674,2412,9,22,100,131,1.3053435114503817,0.051851372774513585,645,Forget solar power!  This is the future!
4570,2412,6,28,97,131,1.3053435114503817,0.04833472273958615,645,"Savings on your electric bill?"" Hell, this thing lights up half the town."
4568,2412,5,30,96,131,1.3053435114503817,0.04710419949660929,645,Well it is a bit breezy but but you won't need an air conditioner.
4217,2412,7,26,98,131,1.3053435114503817,0.04953468718392161,645,And the beauty part: all that juice without those ugly solar panels.
3948,2412,7,26,98,131,1.3053435114503817,0.04953468718392161,645,"Of course, a discerning buyer such as yourself might consider upgrading to one of our clown head units."
3382,2412,6,28,97,131,1.3053435114503817,0.04833472273958615,645,"Aside from your concerns about gigantic white balls rolling through from time-to-time, how do you like the house?"
1680,2412,7,26,98,131,1.3053435114503817,0.04953468718392161,645,"With the current roll back, windmills will be trendy anytime now"
1587,2412,7,26,98,131,1.3053435114503817,0.04953468718392161,645,"Yes, this is suitable for tilting at."
2821,2425,9,29,116,154,1.3051948051948052,0.04636696853343518,645,I can also show you a lovely two bedroom condo in Clown Nose Court.
4965,2425,4,39,111,154,1.3051948051948052,0.041538940548147066,645,"For another 50 grand, we’ll get you on the clown hole."
7258,2427,6,24,88,118,1.305084745762712,0.051780516327184625,645,This is par for the course if you want to stay within your current driving range.
3895,2427,6,24,88,118,1.305084745762712,0.051780516327184625,645,Just be careful going in and out.
5847,2427,9,18,91,118,1.305084745762712,0.05581949055699516,645,A bargain for the punctual family
2154,2427,5,26,87,118,1.305084745762712,0.05036226086531086,645,I know what you are saying... but I think you should strongly consider hazard insurance.
1668,2427,6,24,88,118,1.305084745762712,0.051780516327184625,645,You’ll love the open floor plan
3565,2427,5,26,87,118,1.305084745762712,0.05036226086531086,645,"Thing is, the neighbour is a bit of a clown."
539,2433,6,31,104,141,1.3049645390070923,0.046064206117580164,645,"Not only does it have a great view, it's extremely fuel efficient."
1938,2433,7,29,105,141,1.3049645390070923,0.04715112096055223,645,It’s really a quiet neighborhood until tourist season
2350,2433,9,25,107,141,1.3049645390070923,0.049253045114226846,645,"Okay, next I’ll show you a property in the village of a model train set."
2862,2433,9,25,107,141,1.3049645390070923,0.049253045114226846,645,"When you run out between the blades, jump down the rabbit 
hole, it will take you directly to the front door"
3852,2433,6,31,104,141,1.3049645390070923,0.046064206117580164,645,Now this one is par for the course.
5286,2438,4,24,77,105,1.3047619047619048,0.05263011005322143,645,It's what we call 'a Winder Upper'.
5635,2438,3,26,76,105,1.3047619047619048,0.05086038046519133,645,Course membership is included with your HOA
6288,2440,6,27,95,128,1.3046875,0.04905428676426544,645,"It's just for show, unless the wind is really strong. It doesn't do anything then, either."
3819,2440,8,23,97,128,1.3046875,0.051501320779925364,645,Well it does come with an option for club membership.
5317,2440,5,29,94,128,1.3046875,0.04778380011978741,645,Absolutely! Off the grid!
5939,2440,10,19,99,128,1.3046875,0.053837245789534555,645,"For a limited time, you can have this as a par 3."
3466,2444,8,30,113,151,1.304635761589404,0.04602847519024936,645,"On the other hand, it makes solicitors exit quickly."""
2269,2444,10,26,115,151,1.304635761589404,0.047908464490531356,645,"We'll be standing in front during the actual ceremony, so remember to say 'I do' before the next vane comes around."
828,2446,6,23,86,115,1.3043478260869565,0.05265478876691291,645,"If this doesn't fit your needs, we are also offering a medieval castle with a lifting drawbridge."""
1092,2446,8,26,104,138,1.3043478260869565,0.04890496189569144,645,Solar panels? Er.....no.
2004,2446,11,20,107,138,1.3043478260869565,0.05204858179057349,645,"It's got three bedrooms, two and a half baths, free electricity, and it's a par 3."
2517,2446,6,23,86,115,1.3043478260869565,0.05265478876691291,645,There used to be a lot of Jehovah's Witnesses in the neighbourhood.
3368,2446,4,34,100,138,1.3043478260869565,0.044368335632870536,645,Electricity is included in the rent.
5028,2446,5,25,85,115,1.3043478260869565,0.05118565696356253,645,Comes with a lifetime supply of milled grain.
5353,2446,5,32,101,138,1.3043478260869565,0.045544875997504314,645,And they pay YOU for the golfball easement.
6101,2446,3,36,99,138,1.3043478260869565,0.043159734522284235,645,The property taxes are miniscule.
6463,2446,8,26,104,138,1.3043478260869565,0.04890496189569144,645,depending on the wind you have up to a three second window.
6821,2446,6,30,102,138,1.3043478260869565,0.046691779280993786,645,It's a great deal! Wind powered and right on the golf course.
6920,2456,9,27,112,148,1.304054054054054,0.0476114380507279,645,Think of the money you'll save grinding your own coffee beans.
90,2456,10,25,113,148,1.304054054054054,0.04856724921812574,645,"Is hole number 14 the ""Giant Gorilla"" still on the market?"
382,2456,10,25,113,148,1.304054054054054,0.04856724921812574,645,All homes include free outdoor carpeting.
1934,2459,6,26,93,125,1.304,0.04980478018255134,645,It does require some dexterity
2183,2459,7,24,94,125,1.304,0.05108373896942915,645,...And you could also rent it out on AirBnB!
2645,2459,7,24,94,125,1.304,0.05108373896942915,645,Now this next place is really gonna sweep you off your feet.
5423,2459,10,18,97,125,1.304,0.05474162183649954,645,The previous owners made a killing on airBNB.
5800,2459,6,26,93,125,1.304,0.04980478018255134,645,It's a front door and a hall in one.
6329,2459,6,26,93,125,1.304,0.04980478018255134,645,"Just look at it this way, when the ball comes rolling in your front door you can pretend to be Indiana Jones."
7456,2459,6,26,93,125,1.304,0.04980478018255134,645,The security system is almost foolproof!
5738,2466,6,29,100,135,1.3037037037037038,0.04734413965130984,645,You don’t need to be crazy about golf to live here but it helps!
6610,2466,9,23,103,135,1.3037037037037038,0.05072615220833686,645,"If you don't like this one, we also have a waterfront  property on hole 16."
5723,2466,6,29,100,135,1.3037037037037038,0.04734413965130984,645,It's a green neighborhood.
7368,2466,8,25,102,135,1.3037037037037038,0.04962443146626282,645,"Don’t think wind MILL ...
think wind SLATS!"
6829,2466,9,23,103,135,1.3037037037037038,0.05072615220833686,645,The neighbours? There's a giant disembodied clown head next door and across the street there's a 20ft witch that lives in the gingerbread house....but they mostly keep themselves to themselves.
4592,2466,8,25,102,135,1.3037037037037038,0.04962443146626282,645,"3 bedrooms, 2 bathrooms, plus it’s the only Dutch colonial on the property with a view of the first hole."
6098,2466,7,27,101,135,1.3037037037037038,0.048497689417499795,645,"Not only are the energy costs low, but no Jehovah's Witnesses on Sunday mornings"
3474,2466,7,27,101,135,1.3037037037037038,0.048497689417499795,645,This is our sustainable model.
2785,2466,5,31,99,135,1.3037037037037038,0.046161772494231465,645,"You can hook it up to generate your own power, and none of those ugly solar panels on the roof!"
1411,2466,7,27,101,135,1.3037037037037038,0.048497689417499795,645,Ideal for the couple that likes to putter around the house.
4099,2466,6,29,100,135,1.3037037037037038,0.04734413965130984,645,Once you get the timing down it’s really easy to go in or out.
1031,2466,3,35,97,135,1.3037037037037038,0.043701173906224744,645,"On the upside, you wouldn’t need ceiling fans."
917,2466,7,27,101,135,1.3037037037037038,0.048497689417499795,645,"And as a bonus, you'll be saving big-time on air conditioning."
484,2466,7,27,101,135,1.3037037037037038,0.048497689417499795,645,The house comes with two putters and miniature golf instructions.
4154,2480,5,24,83,112,1.3035714285714286,0.052048273730341064,645,Solar!  Artificial turf!  Cul-de-sac!  That cute little church next door!  What more could you want?
1481,2480,6,22,84,112,1.3035714285714286,0.05357142857142856,645,But you wanted something with a picket fence.
2539,2482,8,28,109,145,1.303448275862069,0.0472664027470163,645,Your kids will love this place!
3778,2482,6,32,107,145,1.303448275862069,0.04519449023295977,645,And you can have freshly milled oats every morning.
5005,2482,6,32,107,145,1.303448275862069,0.04519449023295977,645,"It's affordable, and you can work on your short game."
5142,2485,7,23,92,122,1.3032786885245902,0.051910191356911425,645,"Have you seen the film, ""Blade Runner"""
6725,2485,6,25,91,122,1.3032786885245902,0.050588387697447626,645,...and that's when it hit me--Mega Golf!
6384,2485,4,29,89,122,1.3032786885245902,0.0478353318798928,645,It comes with sub-par schools but a world-class trauma center.
5969,2485,4,29,89,122,1.3032786885245902,0.0478353318798928,645,You said you wanted a green home...
4991,2485,6,25,91,122,1.3032786885245902,0.050588387697447626,645,"Only 18 homes in the community, each with a unique hole."
3307,2485,7,23,92,122,1.3032786885245902,0.051910191356911425,645,"The other one in your price range is that scary, clown face with tongue thing, over on the 18th hole."
2624,2485,2,33,87,122,1.3032786885245902,0.04491383954074408,645,"If you keep the reasonable rent in mind, the occasional golfer passing thru shouldn’t be a dealbreaker."
1968,2485,6,25,91,122,1.3032786885245902,0.050588387697447626,645,"Of course, golf club membership is included."
1162,2485,7,23,92,122,1.3032786885245902,0.051910191356911425,645,This is the perfect house for couples who can't stand their in-laws.
4101,2485,7,23,92,122,1.3032786885245902,0.051910191356911425,645,THE LADY WHO ONCE LIVED HERE MOVED INTO A SHOE
4857,2495,9,29,117,155,1.303225806451613,0.0461089160188999,645,Mr and Mrs Mulligan? I'm here to take one of you.
3663,2496,4,22,73,99,1.303030303030303,0.05458666758839174,645,We take mini golfing to the next level.
7153,2496,8,24,100,132,1.303030303030303,0.05037379814547864,645,You folks will only have six seconds to get inside that doorway.
7115,2496,6,28,98,132,1.303030303030303,0.04802289763845537,645,And the electric bills will be almost nothing!
6568,2496,6,28,98,132,1.303030303030303,0.04802289763845537,645,"The price has dropped significantly. The windmill should have been on the other side."""
6405,2496,4,32,96,132,1.303030303030303,0.045550827166865995,645,"There's a lot of rumbling and, occasionally, a big ball rolls through it."
6376,2496,6,28,98,132,1.303030303030303,0.04802289763845537,645,...plus utilities are free.
5935,2496,8,24,100,132,1.303030303030303,0.05037379814547864,645,I thought my husband's golf obsession would get him OUT of the house.
4883,2496,7,26,99,132,1.303030303030303,0.049212387857098486,645,"I know, I know; it's not ideal, but most of these 'tiny houses' only have the single half-bath. You just can't fit a whole in one."
3530,2496,8,24,100,132,1.303030303030303,0.05037379814547864,645,"A beautiful house on the fairway, what could be wrong with that?"
1734,2496,6,28,98,132,1.303030303030303,0.04802289763845537,645,You can pick your ball color after closing.
2477,2496,5,30,97,132,1.303030303030303,0.04680318660721329,645,"Don't worry, there's a par five I'd like to show you that might be a bit more in your price range!"
2150,2496,6,28,98,132,1.303030303030303,0.04802289763845537,645,It's got your white picket fans.
960,2496,6,28,98,132,1.303030303030303,0.04802289763845537,645,It's listed as a classic farmhouse cottage with two bedrooms and an option of three or four par.
933,2496,7,26,99,132,1.303030303030303,0.049212387857098486,645,Life is fraught with near-misses.
897,2496,10,20,102,132,1.303030303030303,0.05261977177458386,645,Watch those annoying salespeople just disappear!
781,2496,7,26,99,132,1.303030303030303,0.049212387857098486,645,"It's good for the environment, it's near the church, and you get a dollar off the rent for every hole in one."
756,2496,6,28,98,132,1.303030303030303,0.04802289763845537,645,Does anyone want to talk about the elephant in the room?
3214,2496,8,24,100,132,1.303030303030303,0.05037379814547864,645,You can control it from your phone.
7130,2514,6,31,105,142,1.3028169014084507,0.04578905284972455,645,"Putter around if you like, but do watch your step."
5732,2514,9,25,108,142,1.3028169014084507,0.048952096211255416,645,The next place to see is just off the Holland Tunnel
3808,2514,7,29,106,142,1.3028169014084507,0.04686712581054992,645,"Barb, I know you’ve always been nostalgic for Danish windmills. And Dave, I know how much you love ‘Indiana Jones and the Last Crusade.’ So when I saw this listing, I knew I had to drop what I was doing and call you right away."
1246,2514,5,33,104,142,1.3028169014084507,0.044684977789049216,645,But you said “golf-course-close.” Should we give the ocean-view property a try?
63,2514,3,37,102,142,1.3028169014084507,0.04239064753307891,645,"Now this, this is downsizing!"
3484,2514,9,25,108,142,1.3028169014084507,0.048952096211255416,645,Really it's a wonderful home. I will say that getting in and out is a little dicey. But as they say timing is everything
2382,2520,7,19,83,109,1.3027522935779816,0.05606987285089937,645,"Putt in an offer, see what happens."
3332,2520,5,23,81,109,1.3027522935779816,0.05295319925085739,645,Your timing is perfect
769,2522,6,24,89,119,1.3025210084033614,0.05140750983953548,645,"As an added bonus, the electricity bill is very low."
1267,2522,9,18,92,119,1.3025210084033614,0.055407775878424236,645,Two words. Fore play.
6704,2522,6,24,89,119,1.3025210084033614,0.05140750983953548,645,"Livingroom, dining room, kitchen, two bedrooms, and one bath...it's what we call a classic par six"
5284,2525,6,27,96,129,1.302325581395349,0.04872980992511689,645,On most days they're purely decorative.
3934,2525,7,25,97,129,1.302325581395349,0.049957165715698616,645,They'll throw in the fridge but won't budge on the fan.
4543,2525,9,21,99,129,1.302325581395349,0.05232558139534884,645,Perfect for minigolf and tiny home enthusiasts like yourselves.
5057,2525,5,29,95,129,1.302325581395349,0.0474707314492864,645,"Hey, you'll really save on your electric bill..."
7448,2525,10,19,100,129,1.302325581395349,0.0534704638035713,645,You have to be really fast or really slow.
3898,2530,6,33,110,149,1.3020134228187918,0.044367798464572124,645,"I'm sure you'll both love it, but I would recommend keeping any breakables out of the central hallway"""
7101,2531,5,22,79,106,1.3018867924528301,0.05390386324496793,645,"Look, to find real estate like this is a hole-in-one"
1218,2532,6,23,87,116,1.3017241379310345,0.05226479057419202,645,"Don't worry, it still allows animals to follow their natural migration patterns."
1523,2532,7,21,88,116,1.3017241379310345,0.053679915901996444,645,"It's fore-closed, but in this area that's par for the course."
1602,2532,7,21,88,116,1.3017241379310345,0.053679915901996444,645,"Did I mention this deters porch pirates as well?"""
7083,2532,6,23,87,116,1.3017241379310345,0.05226479057419202,645,The neighborhood is very diverse.
7388,2532,10,15,91,116,1.3017241379310345,0.057717488542808136,645,Putting down a miniature mortgage won't put you in the hole.
7414,2532,5,25,86,116,1.3017241379310345,0.05081026762656237,645,The owner sort of fell into a black hole which is why it's going for peanuts.
7133,2538,5,28,93,126,1.3015873015873016,0.04816616907944171,645,It has 100% renewable energy.
6099,2538,6,26,94,126,1.3015873015873016,0.04946679664960623,645,You have to time your entry just right.
6040,2538,5,28,93,126,1.3015873015873016,0.04816616907944171,645,"I assure you, this is the most advanced home security system on the market."
536,2538,6,26,94,126,1.3015873015873016,0.04946679664960623,645,This unit is a bit more expensive but it's right on the course
1623,2538,4,30,92,126,1.3015873015873016,0.04682943216402736,645,"It's not easy getting in but once you're there, you're pretty safe."
229,2538,7,24,95,126,1.3015873015873016,0.05073409206596311,645,"Don't worry, no one ever actually hits the ball through the hole."
2625,2538,6,26,94,126,1.3015873015873016,0.04946679664960623,645,"They're asking Par 3, but I think I can get them to budge."
7303,2545,9,23,104,136,1.3014705882352942,0.050401279660476465,645,It's off the grid.
7515,2545,8,25,103,136,1.3014705882352942,0.04930878754887327,645,"One last disclosure. . . 
There’s an interesting easement attached to this property."
7051,2545,9,23,104,136,1.3014705882352942,0.050401279660476465,645,We don't have enough balls to buy this place.
3122,2545,5,31,100,136,1.3014705882352942,0.045875474318191035,645,"Net zero, but be careful exiting and entering."
4223,2545,6,29,101,136,1.3014705882352942,0.047047758775446924,645,Think of it - your own  wind turbine!  You'll be the envy of your friends.
3407,2545,7,27,102,136,1.3014705882352942,0.04819153522836019,645,It is vintage sustainable!
6334,2545,9,23,104,136,1.3014705882352942,0.050401279660476465,645,You need balls to live in a house like this.
5,2552,5,34,107,146,1.3013698630136987,0.04386807961854337,645,"If timing your exit is not to your liking, we're showing one with a moat and a slanted bridge"
49,2552,11,22,113,146,1.3013698630136987,0.04991240604455193,645,"Tell you one thing, it takes huge balls to play this game."""
1316,2552,6,32,108,146,1.3013698630136987,0.04493196769237266,645,Kids love it!
5252,2552,12,20,114,146,1.3013698630136987,0.05084999103683092,645,"half solar, half wind, very European..."
7056,2552,7,30,109,146,1.3013698630136987,0.045971241358027104,645,"On the bright side, it’s energy efficient."
2149,2557,4,23,76,103,1.3009708737864079,0.05314217979021598,645,HOA fees are free if you get a hole-in-one.
7485,2558,4,26,83,113,1.3008849557522124,0.05010254300389431,645,The last owners died mysteriously.
5422,2558,6,22,85,113,1.3008849557522124,0.05316314927886814,645,you're going to want to spend most of your time on the 2nd floor
3493,2558,5,24,84,113,1.3008849557522124,0.051655518856673466,645,Just be careful going in and out when it’s in green energy mode.
995,2558,7,20,86,113,1.3008849557522124,0.05462918866450688,645,I have it on inside information that this maxi golf property is being eyed for a Presidential Library.
5038,2558,5,24,84,113,1.3008849557522124,0.051655518856673466,645,"Yes, you're right. People without imagination will only see a really big miniature golf course, but for you it will always be 'my little old home on the range.'"
1200,2563,3,31,89,123,1.3008130081300813,0.0460848317988001,645,Miniature golf...well that all depends on your perspective.
3060,2563,8,21,94,123,1.3008130081300813,0.05282245572242655,645,It's an up and coming neighborhood. They just put in a Whole Foods and a giant whale.
4243,2563,6,25,92,123,1.3008130081300813,0.05023596108265579,645,It's close to shopping and restaurants and when you walk out your front door you're practically on the golf course.
5960,2563,7,23,93,123,1.3008130081300813,0.05154543439746056,645,Now Hole #17 has what we call ‘an open door concept’...
6148,2563,7,23,93,123,1.3008130081300813,0.05154543439746056,645,Fore sale!!!
7267,2563,7,23,93,123,1.3008130081300813,0.05154543439746056,645,"This model comes with the very desirable four-stroke limit, and any golf ball damage is covered by your Homeowners Association!"
7313,2569,6,28,99,133,1.300751879699248,0.04771488479296578,645,"Our Homeowners Insurance Policy covers damage caused by fire, windstorms, and golf balls."
7359,2569,3,34,96,133,1.300751879699248,0.04398802940741675,645,I told you this one was “hard to show”
7194,2569,8,24,101,133,1.300751879699248,0.0500455049321264,645,But did you see that gorgeous kitchen island?
2445,2569,7,26,100,133,1.300751879699248,0.04889408345964512,645,I would suggest you use the window.
1836,2569,7,26,100,133,1.300751879699248,0.04889408345964512,645,Best not to hesitate
1610,2569,8,24,101,133,1.300751879699248,0.0500455049321264,645,"Other than the occasional giant golf ball, it's a safe neighborhood."
3642,2569,5,30,98,133,1.300751879699248,0.04650579602859467,645,The whole-house fan really cools things down in the hot summer weather.
6060,2576,6,31,106,143,1.3006993006993006,0.04551700774639592,645,I can offer whatever energy source you’d like as long as there is wind.
6411,2576,9,25,109,143,1.3006993006993006,0.048654672570104425,645,"Don’t listen to Mr. Quixote, this is the perfect home for you."
142,2578,10,26,117,153,1.3006535947712419,0.04736337449156824,645,"I suppose it's time to bring up the elephant in the room."""
5711,2578,5,36,112,153,1.3006535947712419,0.04258277448923469,645,You won't believe the utility bills!
5139,2580,8,23,99,130,1.3,0.05081330191750084,645,Overall this property is sub-par.
4987,2580,7,28,105,140,1.3,0.047225160956190816,645,"..and of course, membership is inclusive.."
5341,2580,8,26,106,140,1.3,0.048301042952061994,645,Think of it as your own little Mar-a-Lago.
4762,2580,3,30,87,120,1.3,0.04674263524428026,645,"Mr. and Mrs. Miller, I think this house was made for you."
6215,2580,4,31,95,130,1.3,0.04587972661483109,645,It only gets busy on the weekends
7189,2580,5,29,96,130,1.3,0.04716152985886383,645,"Runs on renewable energy and in a kid-friendly neighborhood, too."
6828,2580,6,24,90,120,1.3,0.05103961223213517,645,So you're interested in putting in solar.
5495,2580,7,31,112,150,1.3,0.04511977596847296,645,It’s the latest in security systems. It keeps burglars and large rodents away.
4456,2580,5,38,117,160,1.3,0.04139850816137488,645,"You may get bonked occasionally, but wait 'til you see the electric bill."
6562,2580,5,26,89,120,1.3,0.04964862530219501,645,"Well, what do you think?  I know that you also liked the shoe the little old lady lived in."
3581,2580,5,26,89,120,1.3,0.04964862530219501,645,"This is one of the most prestigious housing estates in town, folks - only 18 properties."
3064,2580,4,34,102,140,1.3,0.04383937794473943,645,Who doesn't like a white picket fence?
2507,2580,7,31,112,150,1.3,0.04511977596847296,645,The seller has agreed to throw in the washer and dryer and a pair of those silly wooden shoes.
2119,2580,5,26,89,120,1.3,0.04964862530219501,645,"And this listing has that fun, we live on a putt putt golf course kinda feel.  Very desirable right now."
2001,2580,3,27,80,110,1.3,0.04926482029567993,645,"Every now and then you’ll get a disturbance but otherwise, I think this deal is a hole-in-one."
1553,2580,8,23,99,130,1.3,0.05081330191750084,645,What's it going to take to get you folks to tilt?
1505,2580,9,24,107,140,1.3,0.04935347680939759,645,It has a commanding view of the golf course AND you can practice putting from your living room.
760,2580,6,24,90,120,1.3,0.05103961223213517,645,It's a very hot property -- recently renovated and the only par 5 in the neighborhood.
322,2580,6,30,104,140,1.3,0.0461241900136937,645,"As your real estate agent, I'm obliged to help you find a home, but as a friend, I must say; this is one of the dumbest purchases I've ever seen."
3859,2580,4,28,88,120,1.3,0.048217527642847834,645,"After a week, you won't even notice the putting."
6387,2600,9,26,112,147,1.2993197278911566,0.04769885613474102,645,I'm sure you'll be a big fan of the house.
6344,2601,6,29,102,137,1.2992700729927007,0.046754894150832636,645,Let's just call the center hallway a shared living space...
4708,2601,8,25,104,137,1.2992700729927007,0.04899698501915311,645,You' ll just have to tip the pizza guy extra.
4652,2601,6,29,102,137,1.2992700729927007,0.046754894150832636,645,This is not just a run-of-the-mill windmill.
5853,2601,8,25,104,137,1.2992700729927007,0.04899698501915311,645,"....and best of all, it's on the 18th hole."
3506,2601,9,23,105,137,1.2992700729927007,0.050080402833073225,645,"It's quaint, and it will keep your mother-in-law occupied."
3338,2601,10,21,106,137,1.2992700729927007,0.051140873622560104,645,Now the security system is a little different but it will keep you nimble through-out your years here.
4309,2601,8,25,104,137,1.2992700729927007,0.04899698501915311,645,"Sure it's a fairly dangerous, but it's entirely carbon neutral."
7159,2608,4,30,93,127,1.2992125984251968,0.046519883558478206,645,It has more square footage than living in the Clown Face.
5614,2608,6,26,95,127,1.2992125984251968,0.0491331692464483,645,"If you buy this house, you will be helping to fight climate change."
4941,2608,8,22,97,127,1.2992125984251968,0.05161431074911196,645,It's a fixer-putter.
6305,2608,7,24,96,127,1.2992125984251968,0.05038901365529011,645,"Unique features include low energy costs
and really healthy flour"
3566,2608,8,22,97,127,1.2992125984251968,0.05161431074911196,645,"In this property market, timing is everything."
1813,2608,7,24,96,127,1.2992125984251968,0.05038901365529011,645,It might be considered a rotating picket fence.
1436,2608,4,30,93,127,1.2992125984251968,0.046519883558478206,645,"'And when it comes to renewable energy, I'm a BIG FAN'"
3639,2608,4,30,93,127,1.2992125984251968,0.046519883558478206,645,You said you wanted a view of the 18th hole.  This is the best you can get on mini-budget.
1769,2616,7,21,89,117,1.2991452991452992,0.05328158030711152,645,"Solar is great too, but why not throw caution to the wind?"
1858,2616,5,25,87,117,1.2991452991452992,0.05044008690880406,645,Our artist didn't realize that it would hit the ground.
3918,2616,4,27,86,117,1.2991452991452992,0.04895753416012671,645,"Don't worry, it's not that windy around here."
889,2619,4,24,79,107,1.2990654205607477,0.05179710507006375,645,"That's right, you can't go out at six o'clock or half past any hour."
2015,2619,8,16,83,107,1.2990654205607477,0.05820896036401831,645,And it’s hooked up to a coffee grinder.
13,2621,8,30,116,154,1.2987012987012987,0.04525706796723126,645,"I think you will love it here,the ball doesn't come in more than once,maybe twice a day"
7385,2622,5,33,106,144,1.2986111111111112,0.04416173072554027,645,"You can’t cover the hole, but it’s the only house in Lilli-Putt-Putt with renewable energy."
4791,2622,9,25,110,144,1.2986111111111112,0.048360715970460114,645,We call it 'Dutch Doors'
996,2622,5,33,106,144,1.2986111111111112,0.04416173072554027,645,"It's a wonderful home for a young couple. You DO need to time your exits and entrances, though."
801,2622,9,25,110,144,1.2986111111111112,0.048360715970460114,645,"Its airy, its bright and you have a major golf course on your front yard"
4037,2622,8,27,109,144,1.2986111111111112,0.0473458947750533,645,"Oh, the balls are dangerous for sure, but what you really have to watch out for is the crazy guy in the Spanish helmet."
141,2627,5,30,99,134,1.2985074626865671,0.04621196855994383,645,And who doesn't love Tulips!
330,2627,5,30,99,134,1.2985074626865671,0.04621196855994383,645,It's a small community and very kid-friendly.
5486,2627,5,30,99,134,1.2985074626865671,0.04621196855994383,645,Sorry  but the 18th hole was sold on Sunday.
6540,2627,4,32,98,134,1.2985074626865671,0.04498138712346685,645,"Oh, well. Perhaps you'll prefer the back nine."
7055,2627,8,24,102,134,1.2985074626865671,0.04972130921533926,645,I comes with two sets of wooden shoes and non-stop tulips.
7221,2627,8,24,102,134,1.2985074626865671,0.04972130921533926,645,The interest is sub par.
6345,2633,6,25,93,124,1.2983870967741935,0.04988820272110291,645,We see the occasional giant golf ball through your front door as part of the charm.
5157,2633,7,23,94,124,1.2983870967741935,0.05118557525615357,645,"Location, location, location -- am I right?"
4811,2633,7,23,94,124,1.2983870967741935,0.05118557525615357,645,When no giants showed up he had to put the whole course on the market.
5144,2633,5,27,92,124,1.2983870967741935,0.04855617805367675,645,Lots of folks love living in a golf course community.
2948,2633,9,19,96,124,1.2983870967741935,0.053686346508459305,645,"Don’t forget, doors close quickly!"
2329,2633,5,27,92,124,1.2983870967741935,0.04855617805367675,645,The owners are moving down the road to some waterfront property.
2220,2633,5,27,92,124,1.2983870967741935,0.04855617805367675,645,And it is entirely powered by renewable energy.
4646,2633,5,27,92,124,1.2983870967741935,0.04855617805367675,645,Yes there is air conditioning but only on certain days.
3649,2641,6,22,86,114,1.2982456140350878,0.05276079981200326,645,This is our finest par 3 home.
5451,2641,4,26,84,114,1.2982456140350878,0.049731189474537224,645,"A home on a golf course, self-powered​, permanent green lawn, what more could you want?"
2365,2643,6,19,79,104,1.2980769230769231,0.05613884368939095,645,This hole will go fast.
5277,2644,5,35,111,151,1.2980132450331126,0.042850633319385184,645,This house is totally green!
6287,2644,8,29,114,151,1.2980132450331126,0.04583751125578329,645,Think of it as a wind fall.
6366,2644,8,29,114,151,1.2980132450331126,0.04583751125578329,645,"Well, we got all the paperwork signed and filed- as soon as you make the hole, the place is yours."
253,2647,6,30,105,141,1.297872340425532,0.0458452982644327,645,"Fall in love with it? 
It will sweep you off your feet"
5527,2647,9,24,108,141,1.297872340425532,0.04904837143816246,645,"Yeah, I guess we should talk about the elephant in the driveway."
6926,2647,6,16,72,94,1.297872340425532,0.060179300526514684,645,"On the plus side, the ventilation is superb."
5001,2650,3,33,95,131,1.297709923664122,0.04427885862381225,645,The good news is that the HOA dues includes turf maintenance.
5954,2650,12,15,104,131,1.297709923664122,0.054932464261984996,645,You're a winner every time you get in the door.
4365,2650,9,21,101,131,1.297709923664122,0.05162611929639256,645,"On the minus side: giants. On the plus side: fairway views, free electric."
6210,2650,6,27,98,131,1.297709923664122,0.04809300112611454,645,"At 600,000 sacks of whole wheat flour, it’s a steal."
7091,2650,4,31,96,131,1.297709923664122,0.04558571194051765,645,Given you're both crazy golf fanatics the location is perfect
6018,2650,5,29,97,131,1.297709923664122,0.04685613028430916,645,And you’ll be totally off the grid
3979,2650,7,25,99,131,1.297709923664122,0.04929884957494196,645,I'm sure you'll like it and it's significantly less expensive than the Pyramid or the Bozo face house.
758,2650,5,29,97,131,1.297709923664122,0.04685613028430916,645,It meets your budget AND only a fraction of the balls actually make it through to your living room !
2296,2650,6,27,98,131,1.297709923664122,0.04809300112611454,645,The cost is par for others in the same neighborhood.
2009,2650,6,27,98,131,1.297709923664122,0.04809300112611454,645,The blades are equipped with solar panels just in case!
1879,2650,9,21,101,131,1.297709923664122,0.05162611929639256,645,"Going in isn't too hard, but you'd better be careful on your way out"
1345,2650,5,29,97,131,1.297709923664122,0.04685613028430916,645,"Like many new couples, you may find the more difficult part is getting out."
3067,2650,7,25,99,131,1.297709923664122,0.04929884957494196,645,And no need for those ugly solar panels.
722,2650,4,31,96,131,1.297709923664122,0.04558571194051765,645,And it’s perfect for entertaining.
1549,2664,6,24,91,121,1.2975206611570247,0.05067672633638312,645,"3 bed, 2 baths, and it runs completely on renewable energy"
3947,2664,2,32,87,121,1.2975206611570247,0.04491287571337247,645,"Plus, you get 20% of the weekend take!"
4269,2664,7,22,92,121,1.2975206611570247,0.05201799341578472,645,"Hazard's are par for the course in this neighborhood."""
6491,2664,8,20,93,121,1.2975206611570247,0.05332553502625715,645,After the unfortunate pizza-delivery-boy-incident I’m sure you can now get it at a very attractive price”
7057,2664,6,24,91,121,1.2975206611570247,0.05067672633638312,645,And there's a stunning volcano over by seven next to the giant frog.
7511,2664,4,28,89,121,1.2975206611570247,0.047881609188797684,645,"Even gated golf communities present some hazards, of course."
829,2670,7,33,118,158,1.2974683544303798,0.043536976558959106,645,This house has a security system. It works best if you wait a minute before answering the door.
4252,2671,4,25,82,111,1.2972972972972974,0.050541044201636194,645,"You know, when it's windy you'll want to stay indoors."
4836,2671,3,27,81,111,1.2972972972972974,0.04889373155315086,645,And this property is a nice 3 par 2 1/2 bath
5909,2671,10,13,88,111,1.2972972972972974,0.059474348519279525,645,Its affordable..if you go dutch!
335,2674,8,25,105,138,1.2971014492753623,0.04868895819752371,645,"Don't let the door hit you on the way out!"""
666,2674,6,29,103,138,1.2971014492753623,0.046465488319463726,645,Downsizing?
3393,2674,6,29,103,138,1.2971014492753623,0.046465488319463726,645,"Plus, at a dollar a pop you could pay the mortgage off in no time."
4777,2674,10,21,107,138,1.2971014492753623,0.0508152309446115,645,And of course you would have a private view of the 18th hole.
5385,2674,6,29,103,138,1.2971014492753623,0.046465488319463726,645,"I agree, it IS a unique development! Unfortunately, the other seventeen homes are sold, but let's see about getting you into this one. Ready?"
6851,2674,6,29,103,138,1.2971014492753623,0.046465488319463726,645,It's like living on the 18th hole at a fraction of the price!
6918,2680,8,22,98,128,1.296875,0.051262811678842515,645,Do you guys swing?
7272,2680,5,28,95,128,1.296875,0.047526638562299946,645,"In the real estate biz, we call this “going Dutch.”"
5676,2680,3,32,93,128,1.296875,0.04486333002470405,645,"The windmill speed is actually overseen by the homeowners' association, but I believe you'll find all the other amenities to be well above par."
6898,2680,7,24,97,128,1.296875,0.05004842020641091,645,Look at it this way -- nobody from that church will come calling.
5176,2680,9,20,99,128,1.296875,0.052449093007252895,645,I know it’s garish but solar panels are SO last year.
2102,2680,4,30,94,128,1.296875,0.046214173983405826,645,I promise you won't need a driver.
1480,2680,9,20,99,128,1.296875,0.052449093007252895,645,If I were you I wouldn't keep anything of value in the living room.
5314,2680,8,22,98,128,1.296875,0.051262811678842515,645,"Unfortunately there is the occasional
golf ball issue..."
2848,2688,6,34,115,155,1.2967741935483872,0.043103516778118786,645,It does wonders for your utility bills and vastly improves your short game.
588,2689,6,23,89,118,1.2966101694915255,0.05150118180537397,645,In a market like this timing is everything.
655,2689,5,25,88,118,1.2966101694915255,0.05007501548383156,645,It's great if you like to putt around.
866,2689,7,21,90,118,1.2966101694915255,0.05288890506518731,645,Just imagine the putz this was built for!
1931,2689,5,25,88,118,1.2966101694915255,0.05007501548383156,645,"He is very skinny, has a lance, but he is completely harmless."
4472,2689,3,29,86,118,1.2966101694915255,0.04709329116145467,645,It comes with free electricity.
6603,2689,9,17,92,118,1.2966101694915255,0.05556046600131087,645,If you want to fill in the hole you will need permission from the city. This is a historic home.
1053,2695,9,25,111,145,1.296551724137931,0.04807016934787697,645,They say Don Quixote used  to tilt here.
2763,2695,6,31,108,145,1.296551724137931,0.04498205041229769,645,"It's a great neighborhood, very colorful. Trust me, you'll have a ball...frequently."
5251,2695,3,37,105,145,1.296551724137931,0.041665675771015764,645,And it's a no-driving community
5546,2698,7,26,102,135,1.2962962962962963,0.04826918494167436,645,We just putted it on the market.
876,2698,5,30,100,135,1.2962962962962963,0.04592164604961887,645,The price is right. But how do we enter when the wind is blowing?
4375,2698,6,28,101,135,1.2962962962962963,0.047110040282513234,645,As you can see it's an exclusive gated community.
988,2701,5,27,93,125,1.296,0.04822527780484877,645,It’s a real challenge to get into this place.
2946,2701,9,19,97,125,1.296,0.053308596413832766,645,Golf is a big game around here.
3666,2701,9,19,97,125,1.296,0.053308596413832766,645,"This isn't what I meant by ""central AC"", Todd."
6381,2701,3,31,91,125,1.296,0.04547101168025412,645,There are no condo fees and the lawn is maintenance free.
2617,2705,6,22,87,115,1.2956521739130435,0.05236425994730445,645,The asking price is pretty par for the course
7444,2705,3,28,84,115,1.2956521739130435,0.047794872276623074,645,The seller is highly motivated and will throw in a year of green fees.
4471,2707,5,29,98,132,1.2954545454545454,0.04655446886022629,645,"Miniature? No, no- quite the opposite!"
6756,2707,3,20,65,88,1.2954545454545454,0.05635916994471799,645,It’s a Dutch Colonial retrofit to save on energy costs.
6586,2707,8,23,101,132,1.2954545454545454,0.05014279443618571,645,"I think you'll be a big fan of this next home, it's on a golf course!"
5631,2707,5,29,98,132,1.2954545454545454,0.04655446886022629,645,It meets all state renewable energy requirements.
6953,2707,6,27,99,132,1.2954545454545454,0.04778052942215806,645,Don Quixote?
5398,2707,6,27,99,132,1.2954545454545454,0.04778052942215806,645,I think that offer will be below par.
4412,2707,6,27,99,132,1.2954545454545454,0.04778052942215806,645,"And when the wind blows, it runs your electric meter in reverse."
2990,2707,5,29,98,132,1.2954545454545454,0.04655446886022629,645,"*.The house has a large fan to keep you cool..."""
3569,2707,7,25,100,132,1.2954545454545454,0.04897590645272065,645,"You time it right, this baby can be all yours."
3216,2707,6,27,99,132,1.2954545454545454,0.04778052942215806,645,"Hole location, location, location."
1738,2707,8,23,101,132,1.2954545454545454,0.05014279443618571,645,There is also a lighthouse available nearby.
1513,2707,7,25,100,132,1.2954545454545454,0.04897590645272065,645,"Honey, this isn't the 9th hole home I was expecting!"
1338,2707,8,23,101,132,1.2954545454545454,0.05014279443618571,645,"Then again, entry and exit can be reframed  as an exciting daily challenge."
4370,2707,8,23,101,132,1.2954545454545454,0.05014279443618571,645,You said you wanted to be ‘on the golf course’.  You didn’t specify ‘miniature’.
1272,2721,6,32,111,149,1.2953020134228188,0.04416153143175798,645,"Once you know the hole's there, it's not that hard to avoid."
1494,2721,8,28,113,149,1.2953020134228188,0.04616958199434513,645,...and it has central air-conditioning!
7424,2723,4,23,78,105,1.2952380952380953,0.052280956835009836,645,Golf course views!
2796,2724,10,29,127,166,1.2951807228915662,0.04462170904158254,645,"No, no, no, no ... This isn't a mini putt, not at all. It's a mini-golf course community!"
5328,2725,3,30,89,122,1.2950819672131149,0.046103452453824204,645,"Look at this way, it comes with two years of free miniature golf lessons."
7415,2725,6,24,92,122,1.2950819672131149,0.050318757127076404,645,"The nice thing is, you won't have to mow the lawn."
3421,2727,9,23,107,139,1.2949640287769784,0.04945035963456586,645,I’m from the HOA. You’re going to have to fill in that hole in your front yard.
3413,2727,7,27,105,139,1.2949640287769784,0.047294917685490004,645,"No, no, no, I'm telling you Mr. and Mrs, Musk, Wind power is the future."
311,2727,5,31,103,139,1.2949640287769784,0.04503643424791367,645,I’d welcome you indoors but I’m afraid we’re safer out here
729,2727,6,29,104,139,1.2949640287769784,0.046179484885844745,645,"Sorry, it's this or that Clown's Mouth on No. 18."
737,2727,7,27,105,139,1.2949640287769784,0.047294917685490004,645,What about our downsizing promotion didn’t you understand?
3867,2732,3,27,82,112,1.2946428571428572,0.04852786628161868,645,"On the count of three, two, ....."
6695,2733,5,28,96,129,1.2945736434108528,0.04721289812046446,645,Trump just tweeted about tax breaks on golf properties.
793,2733,4,30,95,129,1.2945736434108528,0.04591223930419431,645,"With this charming cottage, you’re downsizing AND generating your own electricity!"
1153,2733,9,20,100,129,1.2945736434108528,0.052091783161688415,645,"I know, you’re wondering, ‘is it equipped for solar’?"
3324,2733,10,18,101,129,1.2945736434108528,0.053241693286109115,645,So you've made a decision...you wish to go Dutch?
3749,2733,6,26,97,129,1.2945736434108528,0.04847867345484103,645,"The best part is, the property taxes cover your green fees!"
4985,2733,9,20,100,129,1.2945736434108528,0.052091783161688415,645,"sure, there's an obstacle; but that's why you'll never want to leave once you're home!"
5518,2739,8,27,111,146,1.2945205479452055,0.046783966888104454,645,We could add solar later.
6338,2739,8,27,111,146,1.2945205479452055,0.046783966888104454,645,There's a bidding war on this one so we'll need to move quickly if you think it's up to par
1453,2739,6,31,109,146,1.2945205479452055,0.044719044435320085,645,"Three bedrooms, two baths, most people can't break in on the first try."
2656,2739,11,21,114,146,1.2945205479452055,0.04972081547657818,645,"Since downsizing, your housing options have increased tremendously."
7505,2743,5,30,101,136,1.2941176470588236,0.04563477138486583,645,"...it’s a calm neighbourhood, except for the occasional golf ball storming through your front door..."
7085,2743,7,31,115,153,1.2941176470588236,0.044360642578847934,645,"The landlord's kind of a clown, but the neighborhood is really up and coming."
6167,2743,4,32,100,136,1.2941176470588236,0.04442521690971616,645,"You do know what ""Fore"" means?"
5351,2743,8,24,104,136,1.2941176470588236,0.04908492380527736,645,Too close to the golf course?
4284,2743,5,25,89,119,1.2941176470588236,0.04971495616050098,645,Yes! You would be the proud owner of the toughest hole in the neighborhood.
3885,2743,5,25,89,119,1.2941176470588236,0.04971495616050098,645,"Yes, but on calm days it's easy to enter and exit."
2476,2743,5,30,101,136,1.2941176470588236,0.04563477138486583,645,This home on hole #5 not only has three bedrooms but it's completely off the grid.
1912,2743,7,21,91,119,1.2941176470588236,0.05250177685216984,645,It comes with wooden shoes and tulips but the turbine is extra.
1683,2743,7,26,103,136,1.2941176470588236,0.04796245701688192,645,"They're asking five-fifty, but I'm pretty sure we can get them down to FORE!"
1527,2743,7,26,103,136,1.2941176470588236,0.04796245701688192,645,Just remember you have to take an immediate left or right when you come out the front door.
38,2743,8,24,104,136,1.2941176470588236,0.04908492380527736,645,"You're lucky, this is the last house listed on a golf course."
3791,2743,5,25,89,119,1.2941176470588236,0.04971495616050098,645,And it comes with central air!
3271,2755,10,22,111,143,1.2937062937062938,0.049454990676809155,645,"Of course our units are accessible, every member scores some handicap."
5993,2755,4,34,105,143,1.2937062937062938,0.04306782749809967,645,The white boulders with the dimples can be a problem sometimes.
3254,2755,5,32,106,143,1.2937062937062938,0.044196502368916084,645,Just wait until you see the ball room inside.
193,2755,9,24,110,143,1.2937062937062938,0.04844897363829027,645,"Wow, you can hardly hear the freeway."
1152,2755,8,26,109,143,1.2937062937062938,0.04742161944054853,645,This neighborhood is great for swingers
1721,2755,6,30,107,143,1.2937062937062938,0.045297062574576955,645,"On the positive side, it's the only place in town that is totally off the grid."
628,2761,9,19,98,126,1.2936507936507937,0.052935972487237484,645,Sure beats that home on the range.
2151,2761,7,23,96,126,1.2936507936507937,0.05048018352979028,645,Don't let the fan hit you on the way in.
2495,2761,9,19,98,126,1.2936507936507937,0.052935972487237484,645,Wait…THE SPHINX just came on the market!!
4329,2761,4,29,93,126,1.2936507936507937,0.04655423233443903,645,It's got that small town charm and even has a well!
7102,2765,5,22,82,109,1.2935779816513762,0.0526284205017466,645,Points taken...but on the other hand you’ll only be paying a miniature mortgage.
7474,2765,4,24,81,109,1.2935779816513762,0.05098878287624791,645,“I’m not sure it’s quite up to par”
1577,2767,10,24,116,150,1.2933333333333332,0.047812709426463984,645,"If you're interested in gardening, tulips are par for the course."
6874,2768,4,31,98,133,1.2932330827067668,0.04500823307285206,645,Don't worry — the arms usually keep the balls out of the living room.
6112,2768,6,27,100,133,1.2932330827067668,0.04747192199022139,645,"Well, yes, its in probate. The previous owner had an fatal accident, as he was stepping out one night."
3498,2768,7,25,101,133,1.2932330827067668,0.048657009197015086,645,We wanted to reimagine the home with the white picket fence.
4614,2768,6,27,100,133,1.2932330827067668,0.04747192199022139,645,"As you can see, unit 12 has a Dutch-inspired architecture."
703,2768,9,21,103,133,1.2932330827067668,0.05094454707919094,645,Before we go in there...I am advising you not to ask whether there are hardwood shoes throughout or whether we can go dutch on the closing costs...
951,2768,5,29,99,133,1.2932330827067668,0.046256482906646926,645,Bonus feature -- you really CAN leave the door open and air condition the whole neighborhood!
358,2768,8,23,102,133,1.2932330827067668,0.04981391081365883,645,And you won’t need those ugly solar panels.
2136,2775,9,16,91,116,1.293103448275862,0.05613386412448175,645,NO Carbon footprint!
2192,2775,6,22,88,116,1.293103448275862,0.05197341232882445,645,It'll be your home away from home.  Your own...Lilli-putt.
5817,2775,8,18,90,116,1.293103448275862,0.054782165565670365,645,This little baby comes with a wooden lattice framework that can generate enough kilowatts to fire up that toaster in the morning.
6083,2775,7,20,89,116,1.293103448275862,0.05339626041759161,645,"The furniture doesn't come with it, but the fan does."
6976,2775,7,20,89,116,1.293103448275862,0.05339626041759161,645,"Windy days, it’s best to stay home."
7198,2775,5,24,87,116,1.293103448275862,0.05051049941963296,645,"On the bright side, your electricity bill should be very low."
2127,2781,2,25,72,99,1.292929292929293,0.050257070035405464,645,Timing is everything and you can play all the golf you want!
5722,2781,5,19,75,99,1.292929292929293,0.05607318680440244,645,I don't like that there's an alligator next door.
5021,2783,7,27,106,140,1.292857142857143,0.04700312531585776,645,Did I mention the fee for the hole owners association?
1036,2784,5,26,92,123,1.2926829268292683,0.048613602307838545,645,"Mid-century Dutch is all the rage."""
5308,2784,6,24,93,123,1.2926829268292683,0.04996561168113014,645,"As you can see, the prior owners put in central air...."
4520,2784,5,26,92,123,1.2926829268292683,0.048613602307838545,645,I know it’s a little out of your budget but that’s just par for the course.
1534,2784,4,28,91,123,1.2926829268292683,0.04722290024998339,645,"Not only is it right on the golf course, it's conveniently located near a church, the zoo, and it has its own renewable power source!"
726,2784,5,26,92,123,1.2926829268292683,0.048613602307838545,645,"Trust me, living here is a ball!"
354,2784,9,18,96,123,1.2926829268292683,0.053818234964033325,645,And you're the envy of the town during the miniature PGA tour event!
12,2784,8,20,95,123,1.2926829268292683,0.05256541061685997,645,An easement? What makes you ask that?
80,2791,5,28,97,130,1.2923076923076924,0.04690308185181263,645,"The occasional appearance of small bright balls is considered a 
'pop of color' for the front yard."
188,2791,7,24,99,130,1.2923076923076924,0.04938036306014327,645,Now we've also got a pirate ship that may be inside your budget.
686,2791,6,26,98,130,1.2923076923076924,0.04815765434045453,645,"Yes, I'm sorry, it was all in the fine print."
847,2791,6,26,98,130,1.2923076923076924,0.04815765434045453,645,You both seem nimble enough to get in and out.
1223,2791,8,22,100,130,1.2923076923076924,0.05057351916100387,645,"On the plus side, any time one of your kids falls in the hole, you get a free pizza."
1329,2791,8,22,100,130,1.2923076923076924,0.05057351916100387,645,Don't worry. There's very rarely a hole in one.
2633,2791,4,30,96,130,1.2923076923076924,0.04561401651708575,645,"An inconvenience? Maybe, but just wait until you get the first light bill."
7242,2791,5,28,97,130,1.2923076923076924,0.04690308185181263,645,Now I understand the windmill but what's with the hole in the yard.
3545,2799,7,31,116,154,1.2922077922077921,0.0441130076773214,645,There is a little problem with the front door.
5461,2799,6,33,115,154,1.2922077922077921,0.0431401785869716,645,"Painting the fence IS tricky, but you never have to mow!"
7005,2801,6,21,86,113,1.2920353982300885,0.05285977192705318,645,"Ok, we’ll drop the price $5000 and move the hole to the backyard, where it belongs."
3217,2801,5,23,85,113,1.2920353982300885,0.05134323397766262,645,"My point is, you need life insurance."
5185,2801,5,23,85,113,1.2920353982300885,0.05134323397766262,645,The condo fees are offset by your 1/18th share of the green fees.
1891,2804,5,30,102,137,1.2919708029197081,0.045351288480630324,645,It has wind power potential!
2019,2804,7,26,104,137,1.2919708029197081,0.04765945636245658,645,Just look out for Mr Quixote. He has a thing about windmills.
2939,2804,4,32,101,137,1.2919708029197081,0.04415197798397687,645,But the club fees are much more affordable!
3005,2804,6,28,103,137,1.2919708029197081,0.04651969017318503,645,Buy this one and you'll never lack for flour..
4068,2804,7,26,104,137,1.2919708029197081,0.04765945636245658,645,Golfcourse property is very valuable.
6984,2804,8,24,105,137,1.2919708029197081,0.048772594637979616,645,"Don't worry, Mr. Quixote has been served."
5407,2810,4,34,106,144,1.2916666666666667,0.0428163077370785,645,"And you'll be producing your own electricity,and be able to grind your own flour if you like."
7029,2810,9,24,111,144,1.2916666666666667,0.0481545604679525,645,"I can also show you the T-Rex. It's a little outdated, but the waterfall views are out of this world."
6307,2810,6,23,91,120,1.2916666666666667,0.05075871595662061,645,It's off-grid and on-fairway.
6095,2810,7,28,109,144,1.2916666666666667,0.0460935082154906,645,... And you’re not going to find a better golf course community.
6026,2810,6,30,108,144,1.2916666666666667,0.04502761821911528,645,We said we wanted to feel big in a small city but I'm not so sure this counts
5973,2810,7,21,92,120,1.2916666666666667,0.05212008507258843,645,Love it or List it!
5269,2810,6,23,91,120,1.2916666666666667,0.05075871595662061,645,"Wheelchair accessible?  The door is 36"" wide and your timing has to be just right!"
4073,2810,4,27,89,120,1.2916666666666667,0.047920091827405385,645,And this little gem used to be Stuart Little's summer home.
3959,2810,7,21,92,120,1.2916666666666667,0.05212008507258843,645,The recent upgrades to this home will absolutely blow you away.
1514,2810,6,23,91,120,1.2916666666666667,0.05075871595662061,645,It’s great if you like puttering around the house.
1381,2810,10,29,129,168,1.2916666666666667,0.04415845456308731,645,"Tiny house, big balls.... downsize  
without destroying your ego."
351,2810,5,32,107,144,1.2916666666666667,0.04393587720031666,645,"Not so much ""Moulin Rouge"" as ""Raiders of the Lost Ark."""
1370,2822,6,32,113,151,1.2913907284768211,0.043661758287244556,645,We need to move quickly - the ball is about to be in your court again.
3714,2823,4,29,94,127,1.2913385826771653,0.04624405057445081,645,"Now I know what you're thinking, but that pothole in the driveway will be fixed by the time you move in."
4090,2823,5,27,95,127,1.2913385826771653,0.047576218749342036,645,It’s a kid-friendly neighborhood.
4469,2823,8,21,98,127,1.2913385826771653,0.05136584197055362,645,The putters are required to yell 'fore' to warn residents.
5417,2823,4,29,94,127,1.2913385826771653,0.04624405057445081,645,The HOA keeps the grass very short.
7020,2823,6,25,96,127,1.2913385826771653,0.04887208781542002,645,"If the windmill is a problem I have another listing, kind of a ""clown's mouth"" look."
5295,2828,6,27,101,134,1.291044776119403,0.047167112381067695,645,"Well, no bathrooms actually, but excellent access to the concession stand"
7120,2828,9,21,104,134,1.291044776119403,0.05061026617466473,645,"You got wind power, solar power, plenty of water, and the whooshing at night puts you to sleep like a baby."
4244,2828,9,21,104,134,1.291044776119403,0.05061026617466473,645,It keeps the elephant out of the room.
7320,2828,6,27,101,134,1.291044776119403,0.047167112381067695,645,Any golf balls that get past the blades are yours to keep.
2820,2828,7,25,102,134,1.291044776119403,0.04834208664303101,645,You don' t need to know how to play golf. Just be careful stepping outside in a high wind.
1043,2828,4,31,99,134,1.291044776119403,0.04472465527089252,645,"Great location, easy maintenance... and the lowest electric bills on the planet."
548,2828,9,21,104,134,1.291044776119403,0.05061026617466473,645,I really think this one's going to blow you away.
3625,2828,6,27,101,134,1.291044776119403,0.047167112381067695,645,And there’s no lawncare!
2028,2836,5,22,83,110,1.290909090909091,0.05221603699703269,645,"Yes I understand,But you'll save so much on your electric bill."
7443,2837,5,31,105,141,1.2907801418439717,0.04449310032937485,645,"The purchase includes off-course parking and occasionally, free electricity."
4923,2837,6,29,106,141,1.2907801418439717,0.04561746485189126,645,The best part is you never have to cut the grass.
96,2837,8,25,108,141,1.2907801418439717,0.04778689511467523,645,"You only have a few seconds to decide, there's a long line behind us."
1695,2837,7,27,107,141,1.2907801418439717,0.04671477520129208,645,And the kids will love the chute to the backyard.
3677,2837,6,29,106,141,1.2907801418439717,0.04561746485189126,645,This is a the Golf Course Home I promised.
1019,2842,8,18,91,117,1.2905982905982907,0.05436966865276894,645,In this neighborhood subpar is actually a good thing.
2449,2842,6,22,89,117,1.2905982905982907,0.051588142404591565,645,There is also an open house for a dinosaur and another for a pirate ship. Both are classic styles and great for kids.
2786,2842,7,20,90,117,1.2905982905982907,0.05299715702831759,645,"When you consider how scarce housing is for little people like us, it really does make a lot of sense."""
4051,2842,8,18,91,117,1.2905982905982907,0.05436966865276894,645,AND you get free use of the crescent-moon outhouse on Hole 11!
4732,2842,5,24,88,117,1.2905982905982907,0.0501395474693249,645,Your electric bill is practically zero.
6460,2842,8,18,91,117,1.2905982905982907,0.05436966865276894,645,What do you take us for: a couple of putts?
6556,2842,11,12,94,117,1.2905982905982907,0.05829363188543914,645,"Yes, we’re removing the TRUMP sign."
7233,2842,3,28,86,117,1.2905982905982907,0.047108914100976874,645,"""The upper floor is smaller, but safer."
7316,2850,4,28,92,124,1.2903225806451613,0.04689995482905181,645,Think of it as Central Air...
5997,2850,2,32,90,124,1.2903225806451613,0.044015282298811846,645,"The rent is equally  ""miniature""."
5807,2850,5,26,93,124,1.2903225806451613,0.048277697817197124,645,Your timing on this deal is perfect.
5316,2850,8,20,96,124,1.2903225806451613,0.05219317136573615,645,"If you don't mind the elephant lurking in the background and the giant mole in the front yard, it can be quite a nice neighbourhood.....when it's not windy."
3317,2850,6,24,94,124,1.2903225806451613,0.04961719913588533,645,"If you're able to stretch your budget, I think you'd be much safer in a par 1."
1595,2850,4,28,92,124,1.2903225806451613,0.04689995482905181,645,"Once you adjust to the timing, it's easy, and it discourages annoying tourists, the Three Bears, and large inflated Disney characters!"
1476,2850,4,28,92,124,1.2903225806451613,0.04689995482905181,645,"A low price, and you can get back at the big people. Every now and then, hide their ball in the corner."
1351,2850,8,20,96,124,1.2903225806451613,0.05219317136573615,645,This will put you on the grid.
1116,2850,4,28,92,124,1.2903225806451613,0.04689995482905181,645,People say they have a ball living in this neighborhood.
1651,2850,4,28,92,124,1.2903225806451613,0.04689995482905181,645,The HVAC has its drawbacks.
139,2860,5,28,98,131,1.2900763358778626,0.04659712215479302,645,It would give your life an excitement you have heretofore only dreamed about.
708,2860,8,22,101,131,1.2900763358778626,0.050235557420990215,645,"Depending on the weather, it can be a bit tricky to get in and out."
1354,2860,6,26,99,131,1.2900763358778626,0.04784068984875744,645,"Lovely air circulation, amusement ride for the kiddies, and occasional security."
2925,2860,5,28,98,131,1.2900763358778626,0.04659712215479302,645,The next home I want to show you will save a lot in energy bills. You just need to time your entrance and exit very carefully.
3799,2860,6,26,99,131,1.2900763358778626,0.04784068984875744,645,"Best of all, I can get you the mortgage at par."
7132,2860,4,30,97,131,1.2900763358778626,0.045319443741206736,645,"It's a two-putt, tops."
7541,2860,7,24,100,131,1.2900763358778626,0.04905274118029801,645,Very near. The schoolhouse is just up the anthill and over the drawbridge.
5965,2867,6,28,104,138,1.289855072463768,0.04622979978435579,645,Prime fairway location
7433,2867,9,22,107,138,1.289855072463768,0.049543455233689644,645,Just think of the energy tax credits!
5991,2867,4,32,102,138,1.289855072463768,0.043881902220706336,645,"For this home, we would strongly recommend the fixed rate over the variable."
2239,2867,6,28,104,138,1.289855072463768,0.04622979978435579,645,It’s kinda like part-time security.
1286,2867,10,20,108,138,1.289855072463768,0.05059980710723713,645,"It was decapitation, but we still can't find the murder weapon"
259,2867,4,32,102,138,1.289855072463768,0.043881902220706336,645,"Of course, the giant golf ball is included with the price."
83,2867,6,28,104,138,1.289855072463768,0.04622979978435579,645,You would own the very first unit on Don Quixote Dr.
2043,2867,12,16,110,138,1.289855072463768,0.05264896508843832,645,It’s a short sale.
3830,2875,6,19,82,107,1.2897196261682242,0.05476637319503821,645,"Of course, on very windy days, you should stay in a motel."
4552,2875,4,23,80,107,1.2897196261682242,0.05144593420696998,645,And you said sustainability powered homes weren’t affordable!
540,2877,9,24,112,145,1.289655172413793,0.04786359267507359,645,There'll be no shortage of play dates
5970,2878,6,21,87,114,1.2894736842105263,0.05245662584627077,645,It's right on a golf course. And you should have no problem with solicitors.
1111,2878,7,19,88,114,1.2894736842105263,0.053916166316798,645,The listing did say 'Unsuitable for sleepwalkers'
2960,2878,5,34,113,152,1.2894736842105263,0.04240049856356897,645,I won't lie to you folks this house will put you pretty deep in the hole.
3439,2878,5,23,86,114,1.2894736842105263,0.05095529609423011,645,There’s a lot of action on this one. We must act quickly if you want to get in this house.
4235,2878,6,21,87,114,1.2894736842105263,0.05245662584627077,645,I like you two so I'll give you a hint - submit your bid when the blade is covering doorway.
7365,2878,4,25,85,114,1.2894736842105263,0.049408367762208874,645,I can assure you everything is up to par.
4254,2884,4,27,90,121,1.2892561983471074,0.047583501390032326,645,"With all you save on energy costs, you can quickly tackle those little door, window and landscaping projects."
3875,2884,6,23,92,121,1.2892561983471074,0.05039515550327353,645,And the yard is great for entertaining.
3452,2884,4,27,90,121,1.2892561983471074,0.047583501390032326,645,"Yes, it is a bit old fashioned, but it has a great view of the first hole."
2407,2884,5,25,91,121,1.2892561983471074,0.04900949552247161,645,Yess indeed...this is the very latest solar panel blade so your hot water bills are obsolete.
1398,2884,4,27,90,121,1.2892561983471074,0.047583501390032326,645,You guys will have a ball here.
1483,2884,3,29,89,121,1.2892561983471074,0.04611343142407918,645,May I interest you in a mini-mortgage?
11,2884,2,31,88,121,1.2892561983471074,0.04459492696340355,645,...no windows to clean and the lawn never needs mowing.
1615,2884,5,25,91,121,1.2892561983471074,0.04900949552247161,645,"No, you're wrong. Revolving doors are all the rage now."
6260,2892,6,25,97,128,1.2890625,0.048542162134326036,645,Your kids will love it and you get one-eighteenth of the profits.
6272,2892,11,15,102,128,1.2890625,0.054511457373566496,645,This house is on par with the others we’ve seen today.
5845,2892,6,25,97,128,1.2890625,0.048542162134326036,645,Generates a nice amount of power and keeps pigeons off the roof.
7168,2892,5,27,96,128,1.2890625,0.047257909482034906,645,"Well, beyond the occasional ball rolling through the middle of the house.....It is a quiet neighborhood ."
7413,2892,5,27,96,128,1.2890625,0.047257909482034906,645,"If windmills don't appeal to you, we expect a White House to be available in the near future."
6526,2892,5,27,96,128,1.2890625,0.047257909482034906,645,It has a lovely open floor plan.
5006,2892,8,21,99,128,1.2890625,0.051013767718148216,645,and  it's  much more dependable than solar.
2237,2892,7,23,98,128,1.2890625,0.04979330276993271,645,It's a good time to buy a house. And speaking of good timing....
4155,2892,5,27,96,128,1.2890625,0.047257909482034906,645,"On the bright side, it’s a par-2 and only open during the summer. . ."
538,2892,7,23,98,128,1.2890625,0.04979330276993271,645,Dutch is the new Mid-Century Modern!
955,2892,5,27,96,128,1.2890625,0.047257909482034906,645,"Properties on the course go for a premium, but with the wind power credit..."
4487,2892,9,19,100,128,1.2890625,0.05220570843178142,645,"Believe it or not, the whole thing is powered by solar."
3945,2892,6,25,97,128,1.2890625,0.048542162134326036,645,"Our first floor apartments are referred to as the 'ricochet units'. I think you'll find them very exciting, particularly during the summer months."
1910,2892,4,29,95,128,1.2890625,0.045937767822884175,645,Brooklyn’s changing
1548,2906,8,23,104,135,1.288888888888889,0.049168505367048546,645,At least you'll know when it's windy
2527,2906,4,31,100,135,1.288888888888889,0.04444444444444443,645,The neighbourhood is very quiet during the week.
3288,2906,6,27,102,135,1.288888888888889,0.0468660354734897,645,You're gonna lose your head when you find out how much you save by being off the grid.
4481,2906,6,27,102,135,1.288888888888889,0.0468660354734897,645,"We used to have a welcome mat and mailbox, but that only lasted a few seconds."
5301,2906,4,31,100,135,1.288888888888889,0.04444444444444443,645,...and fresh stone ground bread.
6266,2906,6,27,102,135,1.288888888888889,0.0468660354734897,645,Yes! You can keep the ball.
6006,2912,3,35,104,142,1.2887323943661972,0.041906643960837875,645,It's kind of like a revolving door but the door stands still.
1419,2912,4,33,105,142,1.2887323943661972,0.04308197916678708,645,"Now, if you like giant white boulders just rolling through your house unexpectedly, and who doesn't, then I've got the house for you."
5189,2912,7,27,108,142,1.2887323943661972,0.04642981037575552,645,"Well, it's either this one or the clown house"
4118,2915,12,19,118,149,1.2885906040268456,0.049754796916479785,645,"Frankly, I'd worry less about the golf ball racket and more about getting split in half by the windmill."
3812,2916,6,20,85,111,1.2882882882882882,0.05336718937803411,645,You said you wanted to live on a golf course...
7538,2917,5,24,89,118,1.2881355932203389,0.04977378191633038,645,The mortgage will put you in a miniature hole.
696,2917,5,24,89,118,1.2881355932203389,0.04977378191633038,645,It produces its own electricity while grinding your bread.
751,2917,4,26,88,118,1.2881355932203389,0.04829663357430002,645,"It’s energy efficient, and comes with a terrific view of the 18th hole"
1143,2917,6,22,90,118,1.2881355932203389,0.051208338362991525,645,But it does tic all your boxes.
2321,2917,10,14,94,118,1.2881355932203389,0.05658402711433219,645,It’s the finest and most challenging property on the entire mini golf course.
4584,2917,7,20,91,118,1.2881355932203389,0.0526037875969292,645,All the former owners say they've had a ball!
4837,2917,4,26,88,118,1.2881355932203389,0.04829663357430002,645,It might be hard to get into it at first.
6742,2917,2,30,86,118,1.2881355932203389,0.045197740112994364,645,"Yes, it does  require very large balls."
4582,2925,9,18,98,125,1.288,0.05305626958178915,645,Guaranteed to discourage religious proselytizers!
2690,2925,7,22,96,125,1.288,0.05056583061521339,645,"Oh,did I forget to mention no electricity bills and no ugly solar panels on the roof ?"
2892,2925,4,28,93,125,1.288,0.04658118130332145,645,Putt-Putt Acres is a development where every  home has a view of the golf course.
941,2928,5,28,99,132,1.2878787878787878,0.046294952746657965,645,You'll need to stay upstairs only from noon until 6 p.m. (until 8 on weekends).
1012,2928,6,26,100,132,1.2878787878787878,0.04752770845327204,645,"On the bright side, you won’t need air conditioning."
1074,2928,4,30,98,132,1.2878787878787878,0.04502846020919837,645,But the best part is: your new house IS the view.
4042,2928,3,32,97,132,1.2878787878787878,0.043725299402147366,645,"Oh... no, no, no... there's no danger...
 just make sure the front door is always closed"
5403,2928,11,16,105,132,1.2878787878787878,0.05326523421368659,645,...but do not try to go outside on a very windy day!
6438,2928,7,24,101,132,1.2878787878787878,0.04872928782388635,645,We now have an architectural control committee.
6555,2928,5,28,99,132,1.2878787878787878,0.046294952746657965,645,And you'll love the rotating picket fences
7548,2928,6,26,100,132,1.2878787878787878,0.04752770845327204,645,It runs on renewable energy and the astroturf is very low maintenance
2601,2936,7,26,106,139,1.2877697841726619,0.04706438389614813,645,I think you'll be happy here at Quixote Heights.
7476,2936,7,26,106,139,1.2877697841726619,0.04706438389614813,645,If you love kids this is the neighborhood for you.
6458,2936,5,30,104,139,1.2877697841726619,0.04479427867946288,645,"Once you're in, it's sustainable."
5465,2936,10,20,109,139,1.2877697841726619,0.05027772344875953,645,"It'll be just like you're living in Sweden except for the free healthcare, child care and payed sick leave."
5105,2936,6,28,105,139,1.2877697841726619,0.04594335443748851,645,You’ll have to clear it with the hole owners association before you repaint.
1809,2936,5,30,104,139,1.2877697841726619,0.04479427867946288,645,This two-bedroom one bath is good for homebodies who don’t come and go often.
3415,2936,4,32,103,139,1.2877697841726619,0.043614939961646976,645,It's a playful second floor walk up that is priced right.  Do you like kids?
1020,2936,9,22,108,139,1.2877697841726619,0.049229920380137036,645,"If it's windy, get out fast. Everyone does."
4378,2936,7,26,106,139,1.2877697841726619,0.04706438389614813,645,"Let's be honest, a house on an actual golf course these days are overpriced for what they are! In the meantime, I've prepared you some more economical alternative choices."
5881,2945,7,28,111,146,1.2876712328767124,0.04554701289352375,645,"Needless to say, the lease includes full collision insurance."
2177,2946,7,32,121,160,1.2875,0.04287936493357752,645,You will love the ball room on the ground floor!
905,2947,5,23,87,115,1.2869565217391303,0.05057294524185284,645,"""Plus, the equity secures a revolving line of credit."""
6351,2947,7,19,89,115,1.2869565217391303,0.05350451750113149,645,This deal is a hole in one
4785,2949,8,19,95,122,1.2868852459016393,0.05267471067979411,645,"This costs more than the parcel with the clown's head, but location is everything."
3426,2949,7,21,94,122,1.2868852459016393,0.05137258167851918,645,Do you enjoy Indiana Jones movies?
7536,2949,7,21,94,122,1.2868852459016393,0.05137258167851918,645,That giant hole is perfectly normal. Just par for the course.
1928,2949,7,21,94,122,1.2868852459016393,0.05137258167851918,645,"When you're both retired , you can putter around the house all day."
891,2949,7,21,94,122,1.2868852459016393,0.05137258167851918,645,"They're calling it, Mar-a-Lego."
2917,2949,7,21,94,122,1.2868852459016393,0.05137258167851918,645,Stand on my shoulders and l’ll show you the inside.
1452,2955,8,21,100,129,1.2868217054263567,0.050666342877524695,645,You won't even know what hit you
1782,2955,5,27,97,129,1.2868217054263567,0.046943649278253195,645,Debra and Peter are seeking a house on the green with the appearance of alternative energy close to church and wildlife.
3773,2955,5,27,97,129,1.2868217054263567,0.046943649278253195,645,"When you say that the schools are subpar, is that good or bad?"
4285,2955,6,25,98,129,1.2868217054263567,0.04821649342877802,645,Wind is more reliable than solar in this area.
5705,2955,4,29,96,129,1.2868217054263567,0.04563531720665355,645,It’s a two bedroom condo with a beautiful view of the dragon and the steamboat. Easy access to downtown as well.
6426,2955,5,27,97,129,1.2868217054263567,0.046943649278253195,645,Above par neighborhood where everyone leaves their doors open...you can bank on that.
3522,2961,7,25,104,136,1.286764705882353,0.04772388840551284,645,I know you'll have a ball here.
3040,2961,10,19,107,136,1.286764705882353,0.05103299824782743,645,So if the hole is outside then what's the point of the windmill?
2804,2961,5,29,102,136,1.286764705882353,0.04538396854390949,645,"And on a really windy day, you can grind wheat and use the internet simultaneously!"
2589,2961,6,27,103,136,1.286764705882353,0.04656862745098039,645,There’s only one caveat.
3333,2961,7,25,104,136,1.286764705882353,0.04772388840551284,645,"Remember, it's  location, location, location."
2412,2961,6,27,103,136,1.286764705882353,0.04656862745098039,645,The owner is in a hurry to get to the next hole.
2364,2961,6,27,103,136,1.286764705882353,0.04656862745098039,645,"Yes, it is income producing property."
513,2961,4,31,101,136,1.286764705882353,0.044167546218019944,645,"It's a exceptional opportunity to be overlooking the green, in a gated community."
2513,2961,4,31,101,136,1.286764705882353,0.044167546218019944,645,It's charming. The only drawback is that occasionally a golf  ball comes flying through your front door.
5891,2970,9,23,111,143,1.2867132867132867,0.04823525855297528,645,I feel confident THIS house will sweep you off your feet!!
3142,2971,9,25,116,150,1.2866666666666666,0.046666666666666676,645,The great thing is this house comes with a life insurance policy.
4025,2972,5,28,100,133,1.2857142857142858,0.04599650864368002,645,Puttering around the house will be a breeze.
4519,2972,5,22,85,112,1.2857142857142858,0.05140962041797722,645,"This is the 18th hole, so most of the other offers have disappeared."
7550,2972,7,20,92,119,1.2857142857142858,0.05221603522431953,645,"This 'Par 3' model is a steal, but you have to act fast."
4654,2972,6,26,101,133,1.2857142857142858,0.047218640111304305,645,The sellers will even throw in free tulip bulbs and their bicycles.
4749,2972,2,32,92,126,1.2857142857142858,0.04343525428949098,645,We offer the security of a gated community with our traditional model right on the course.
6467,2972,5,20,80,105,1.2857142857142858,0.053647686871343615,645,You get used to the elephant.
5464,2972,6,28,106,140,1.2857142857142858,0.04566029699933242,645,"On the plus side, you'll never have to do yard work."
6957,2972,3,30,93,126,1.2857142857142858,0.04487321519767523,645,"If you think this one's big, just wait till you see the next hole."
7112,2972,5,24,90,119,1.2857142857142858,0.049413101784373706,645,"With the exception of Saturday, when the Giant plays put-put, this place is off the grid."
7341,2972,6,20,86,112,1.2857142857142858,0.05295114949078689,645,As long as it is not windy your Spanish neighbor won’t bother you.
3751,2972,11,18,111,140,1.2857142857142858,0.050977812199635285,645,The folks in the condo below had them thrown out for wearing wooden shoes.
5436,2972,4,32,104,140,1.2857142857142858,0.04335104238919324,645,Fantastic circulation - all year round.
3712,2972,6,22,91,119,1.2857142857142858,0.05083389106934592,645,This is the house for sale that I was talking about that matches your credit score.
2972,2972,7,20,92,119,1.2857142857142858,0.05221603522431953,645,It's a little fixer putter.
3555,2972,8,22,103,133,1.2857142857142858,0.049572596331706964,645,So what if it's miniature golf. You can say that your house is next to a golf course.
3626,2972,9,24,114,147,1.2857142857142858,0.04729176506299245,645,It comes with a commemorative set of little pencils.
981,2972,3,28,88,119,1.2857142857142858,0.046441306197805995,645,Great energy savings. You just have to time your entrance right.
1047,2972,5,26,95,126,1.2857142857142858,0.04761904761904762,645,We’d advise keeping the first floor sparsely furnished.
1868,2972,5,26,95,126,1.2857142857142858,0.04761904761904762,645,Solid construction. Great neighborhood for kids. But sometimes the front door is a little tricky
2392,2972,4,28,94,126,1.2857142857142858,0.04626650591044237,645,And you'll be glad to hear there are no HOAs and green fees are included.
299,2972,9,28,124,161,1.2857142857142858,0.04443273532044575,645,"Think of it like having a home on the 18th green. Only, you know, smaller."
2523,2972,6,30,111,147,1.2857142857142858,0.04423739552038088,645,Say goodbye to that pesky air conditioner!
2639,2972,6,24,96,126,1.2857142857142858,0.048934219347295735,645,The ad clearly stated that you will have a ball living here.
2977,2972,4,34,109,147,1.2857142857142858,0.04207815635452091,645,"As I told you, lots of character..."
3089,2972,6,26,101,133,1.2857142857142858,0.047218640111304305,645,It a mix of childhood fun with extreme sports.
3431,2972,5,22,85,112,1.2857142857142858,0.05140962041797722,645,"A totally sustainable green house, generates power, pumps water, and  propels natural breezes through all the rooms."
2502,2972,4,28,94,126,1.2857142857142858,0.04626650591044237,645,"Careful on this hole, it has a sharp break to the left"
2773,2999,4,35,112,151,1.2847682119205297,0.04136467170992216,645,"Simply tell your guests to use the back door, and you retain all the charm -- with none of the hazard."
1098,3000,7,27,110,144,1.2847222222222223,0.04586981430588673,645,"Yes, they are a green method of drying your clothes."
5502,3000,6,29,109,144,1.2847222222222223,0.04479860229216347,645,The view of the snack bar from the top floor is spectacular
5882,3000,3,35,106,144,1.2847222222222223,0.04141907140383693,645,And disturbances would be minimal since people usually get a hole in one.
532,3003,4,31,102,137,1.2846715328467153,0.04389390717277673,645,"It's wind-powered, but there are green fees."
910,3003,6,27,104,137,1.2846715328467153,0.04627482577821218,645,"Oh, that crazy rumor! Giants wielding clubs, rolling huge white boulders around.  Really?"
5733,3003,8,23,106,137,1.2846715328467153,0.04853909676452005,645,But just think how much you'll save in utility bills!
5953,3003,7,25,105,137,1.2846715328467153,0.047420477725974734,645,The neighborhood’s great for kids.
7049,3007,7,23,100,130,1.2846153846153847,0.04912425119439789,645,"The windmill feature is just for show, but there's a clean coal burning fireplace in the family room."
5307,3007,8,21,101,130,1.2846153846153847,0.050323480004737006,645,Ironic isn't it?
6380,3007,5,27,98,130,1.2846153846153847,0.04663336666654655,645,What makes you think it's a white elephant?
1290,3007,7,23,100,130,1.2846153846153847,0.04912425119439789,645,"Sure it’s pricey, but it comes with a classic look, good curb appeal, and reduced greens fees."
4669,3007,6,25,99,130,1.2846153846153847,0.04789500465636723,645,"If they time it right, your guests get a great send-off when they leave."
416,3012,8,19,96,123,1.2845528455284554,0.05229674349977569,645,You'll find the HOA fees are par for the course.
446,3012,6,23,94,123,1.2845528455284554,0.049682887778708315,645,It is a little small but has the best air flow on the market.
1206,3012,5,25,93,123,1.2845528455284554,0.048322968831673835,645,"Don""t worry! You just have to time it right. It's a great house!"
2157,3012,6,23,94,123,1.2845528455284554,0.049682887778708315,645,And of course the cross ventilation is excellent.
2357,3012,5,25,93,123,1.2845528455284554,0.048322968831673835,645,"The Windmill"" is the most popular option in our mini-golf retirement village"
2686,3012,7,21,95,123,1.2845528455284554,0.05100656192448701,645,Wind energy and it’s right next to the golf course.
2905,3012,2,31,90,123,1.2845528455284554,0.04399169527004513,645,We'll just pause here while Pink plays through.
4193,3012,9,17,97,123,1.2845528455284554,0.05355585310688398,645,"Forget about a fairway view.  In this little gem, you’re on the green."
4727,3012,5,25,93,123,1.2845528455284554,0.048322968831673835,645,I wouldn't hesitate on this one!
5540,3012,3,29,91,123,1.2845528455284554,0.04548130686399979,645,Comes with a space for your bumper car.
3306,3022,4,25,87,116,1.2844827586206897,0.048679773132767,645,"Pricey?  This is no run of the mill home!""
Murray Block, Albany. N"
5974,3022,3,27,86,116,1.2844827586206897,0.047114703382027195,645,The entrance to your garage is in the Wishing Well building in back.
7090,3024,5,21,83,109,1.2844036697247707,0.05228672213346447,645,"I'm A Little Worried About 
People Playing Through"
7018,3024,6,19,84,109,1.2844036697247707,0.05388688130491161,645,"Let’s look at the positives, low  utility cost, great lawn drainage"
4793,3024,2,27,80,109,1.2844036697247707,0.047161608491861205,645,We only provide the best housing for our clients. Ever heard of the old lady who lived in a shoe?
4781,3024,5,21,83,109,1.2844036697247707,0.05228672213346447,645,Drone proof and you won’t be bothered by birds if you like to leave the windows open
4377,3028,9,26,120,155,1.2838709677419355,0.045542706778752565,645,It's close to the snack bar and has a high difficulty rating.
2793,3029,5,32,111,148,1.2837837837837838,0.04292202354093255,645,"As you can see, it has that old world, Dutch ambience.  There's really no reason to look at the rest of the property."
3385,3029,9,24,115,148,1.2837837837837838,0.047010794061335605,645,"And plus, it's got a built-in air conditioning unit."
499,3031,9,22,110,141,1.2836879432624113,0.048614273960435536,645,Oh yes.....you may encounter a large ball now and then.
732,3031,4,32,105,141,1.2836879432624113,0.04309016151897889,645,I'd say the only drawback is mild claustrophobia on especially windy days.
5039,3031,10,20,111,141,1.2836879432624113,0.04964539007092198,645,"Yes, it is a big ass fan . . ."
552,3034,3,32,99,134,1.2835820895522387,0.04317645273734892,645,Solar optional.
869,3034,6,26,102,134,1.2835820895522387,0.046913416235472225,645,Our architect started his career in miniature golf design.
2405,3034,7,24,103,134,1.2835820895522387,0.04809458881742017,645,"Best of all, it comes with a pair of wooden shoes"
2655,3034,5,28,101,134,1.2835820895522387,0.045701726140799336,645,You guys will have a ball in this neighborhood .
5952,3038,6,24,97,127,1.2834645669291338,0.04859948030302107,645,"Oh yes, this house is Quixote proof."
3832,3038,7,22,98,127,1.2834645669291338,0.04986876640419947,645,Yes!!  A new concept:semi-gated domicile
2222,3038,5,26,96,127,1.2834645669291338,0.04729614264156065,645,"The real estate developer has a ton of experience with miniature golf  courses,  but he wanted to get into some residential stuff."
796,3038,5,26,96,127,1.2834645669291338,0.04729614264156065,645,"I also have a 3BR 1BA shoe, just vacated by an old woman who had trouble making decisions about her kids."
371,3038,6,24,97,127,1.2834645669291338,0.04859948030302107,645,"As you know, after the closing the ball will be in your court often."
2075,3038,6,24,97,127,1.2834645669291338,0.04859948030302107,645,"Maybe I could interest you in a nice, split level grinning skull."
1754,3044,6,22,92,120,1.2833333333333334,0.05046469400286688,645,Not to worry going in and out if there's no wind
816,3045,6,20,87,113,1.2831858407079646,0.05254133666830936,645,"Sure, it's more expensive, but the others we looked at were only par 2. The windmill blades make this one AT LEAST par 3."
1478,3045,5,22,86,113,1.2831858407079646,0.051015333440031146,645,"I would reconsider buying this house if either one of you is a sleepwalker . """
1702,3045,7,18,88,113,1.2831858407079646,0.054024252625905884,645,"There's an easement through the first floor, but the traffic is only one-way."
2748,3048,10,25,124,159,1.2830188679245282,0.04561155137981816,645,It's a distressed seller deal. They lost everything when the tulip market crashed.
1561,3049,7,29,116,152,1.2828947368421053,0.04419782199744824,645,A sinkhole or two is just par for the course around here.
7002,3049,7,29,116,152,1.2828947368421053,0.04419782199744824,645,"In addition to the prime location on the 7th green, you have economical wind power!"
7256,3049,7,29,116,152,1.2828947368421053,0.04419782199744824,645,I know you had your heart set on a Par 3 property but these windmill holes are usually Par 2.
5396,3052,6,29,110,145,1.282758620689655,0.04453188650071384,645,lawn stays green and you never have to mow.
7500,3053,6,27,105,138,1.2826086956521738,0.045984569177401784,645,"This energy efficient house is run on wind power, there is well water, has a solar composting toilet, and a no maintenance, AstroSurf lawn."
7066,3053,12,15,111,138,1.2826086956521738,0.05243376525878362,645,You need Big Balls to live in this neighborhood.
7047,3053,6,27,105,138,1.2826086956521738,0.045984569177401784,645,And just think of the money you’ll save on electric!
6475,3053,3,33,102,138,1.2826086956521738,0.042393643792911495,645,This property has the best view of the golf course
6331,3053,3,33,102,138,1.2826086956521738,0.042393643792911495,645,"Yes, it needs some modernization. On the other hand, think of the savings on the electric bill."
3077,3053,5,29,104,138,1.2826086956521738,0.04481957250615243,645,"It's not dated, it's Retro."
4094,3053,5,29,104,138,1.2826086956521738,0.04481957250615243,645,It's too cloudy here for solar.
3594,3053,4,31,103,138,1.2826086956521738,0.04362347483680385,645,The price reflects the whole ball comming through the living room thing.
2885,3053,7,25,106,138,1.2826086956521738,0.04712077169601795,645,"No, it does not have central air conditioning."
959,3053,5,29,104,138,1.2826086956521738,0.04481957250615243,645,"No yard work, a built in pool, AND its the 18th hole."
4718,3053,8,23,107,138,1.2826086956521738,0.04823021509412167,645,"If you make a quick move, this could be yours."
4824,3064,6,25,100,131,1.282442748091603,0.04757762043207198,645,...and that's the hole story.
7470,3064,6,25,100,131,1.282442748091603,0.04757762043207198,645,"You can tell it is a fixer upper by the vanes, there’s a hole in one."
6727,3064,6,25,100,131,1.282442748091603,0.04757762043207198,645,My wife thinks I'm overcompensating for something.
5946,3064,5,27,99,131,1.282442748091603,0.04632699163427313,645,It's got its quirks but it is 100% wind-powered.
4956,3064,9,19,103,131,1.282442748091603,0.05114635277580617,645,"Great air circulation, and it's less noise than the par 2."
4265,3064,4,29,98,131,1.282442748091603,0.04504165118849121,645,This kind of design is par for the course around here.
7389,3064,7,23,101,131,1.282442748091603,0.04879620659513006,645,"I know it's over your budget, but the electric bill is really low."
3032,3064,3,31,97,131,1.282442748091603,0.04371853759779039,645,Only wind-powered home on the market today!
2937,3064,4,29,98,131,1.282442748091603,0.04504165118849121,645,A bit unwieldy but think of the electric company buy backs.
2801,3064,4,29,98,131,1.282442748091603,0.04504165118849121,645,Plus there's no carbon footprint!
851,3064,4,29,98,131,1.282442748091603,0.04504165118849121,645,Lawn maintenance is provided by the association and the hole doubles as a swimming pool when it rains.
3114,3064,5,27,99,131,1.282442748091603,0.04632699163427313,645,"You know what they say... location, location, location."
613,3064,6,25,100,131,1.282442748091603,0.04757762043207198,645,And get this - the bylaws limit them to six strokes!
7337,3077,8,19,97,124,1.282258064516129,0.05192401480808935,645,Why not? Is it because there's only one bathroom?
5985,3077,4,27,93,124,1.282258064516129,0.04660023540224536,645,You'd reduce your carbon footprint and never have or turn on the air conditioner.
5671,3077,6,23,95,124,1.282258064516129,0.049333990581217756,645,"Wind powered, breezeway and did I mention the hot tub?"
5651,3077,6,23,95,124,1.282258064516129,0.049333990581217756,645,This one has much more curb appeal than that split-level par-four.
5175,3077,6,23,95,124,1.282258064516129,0.049333990581217756,645,I'm sorry did you say par or subpar housing?
6773,3077,5,25,94,124,1.282258064516129,0.04798658440758398,645,You can’t miss this deal: Sustainable and vintage at once!
4093,3077,5,25,94,124,1.282258064516129,0.04798658440758398,645,"It not only comes with 100% wind energy credits, but it's got a revolving mortgage and 4 continually-changing views of a beautiful white-picket fence!"
3553,3077,7,21,96,124,1.282258064516129,0.050645562196792546,645,Did I mention this is golf club community?
2845,3077,5,25,94,124,1.282258064516129,0.04798658440758398,645,"We've installed an alarm to let you know when the big ball is coming through. Otherwise, it's comfortable and attractively priced."
1980,3077,5,25,94,124,1.282258064516129,0.04798658440758398,645,I’d buy now. The market is on the upswing
4861,3077,4,27,93,124,1.282258064516129,0.04660023540224536,645,"Well, if the windows had glass in them, that would be something to be worry about."
4262,3088,5,23,89,117,1.2820512820512822,0.049824557874277246,645,"Listen, this is the only way you're going to get into this neighborhood. Have you seen the reflecting pool in the back?"
2434,3088,5,23,89,117,1.2820512820512822,0.049824557874277246,645,"On the bright side, lawn maintenance is handled for you."
4029,3088,6,21,90,117,1.2820512820512822,0.05128205128205127,645,"Why, yes, of course.  When the wind is blowing you would have to time your entrances and exits very carefully."
2324,3088,7,30,119,156,1.2820512820512822,0.043421560430802184,645,Shall we write the offer? You've always wanted to live on a golf course!
1113,3088,8,17,92,117,1.2820512820512822,0.05407932337178789,645,"On the other hand, your short game will improve."
2432,3088,7,19,91,117,1.2820512820512822,0.05269925046926825,645,"Yes, it has an authentic Dutch door!"
7,3094,9,24,116,149,1.2818791946308725,0.04673304602196192,645,"Ironically, the asking price should not put you in a hole."
4136,3094,11,20,118,149,1.2818791946308725,0.0486350391551731,645,"As I said on the phone, I can offer this house at a steal. The only setback is that from 3pm to 6pm it's the 5th hole."
1130,3096,6,19,85,110,1.2818181818181817,0.05345731413004237,645,"Oddly enough, property inflation doesn't happen here."
2736,3096,9,13,88,110,1.2818181818181817,0.05794912810540388,645,Just watch your head going in when the wind is blowing.
6121,3096,4,23,83,110,1.2818181818181817,0.05024015417186111,645,Beautiful view of the fairway and the electric is 100% renewable.
7094,3096,3,25,82,110,1.2818181818181817,0.04855169842363442,645,Children who make it past the windmill feature all say they love it.
5812,3100,5,30,107,142,1.2816901408450705,0.043982857767029745,645,"On the plus side, look at all the money you would save on air conditioning bills."
7167,3100,5,30,107,142,1.2816901408450705,0.043982857767029745,645,"Yes, it's generally pretty quiet but things do get rolling in summer"
5731,3100,5,30,107,142,1.2816901408450705,0.043982857767029745,645,"Of course, you’ll want to spend most of your time on the second floor."
2893,3100,5,30,107,142,1.2816901408450705,0.043982857767029745,645,"This one might seem over your head, but timing is everything"
5266,3100,9,22,111,142,1.2816901408450705,0.0483120301873452,645,Yes Sir.  This is the builder's first job.
562,3100,7,26,109,142,1.2816901408450705,0.04619818198900105,645,The seller will take arcade tokens for a deposit.
5282,3100,4,32,106,142,1.2816901408450705,0.04283225019173897,645,You'll enjoy the cool breeze on warm summer nights
37,3107,7,24,104,135,1.2814814814814814,0.04778319825611717,645,"So, I will just go ahead and mention the elephant in the room."
2189,3107,7,24,104,135,1.2814814814814814,0.04778319825611717,645,"When you're four inches tall, this is a golf resort."
601,3109,6,24,98,128,1.28125,0.04826913047376049,645,Full Disclosure: Occasionally a giant golf ball will roll through the living room.
1463,3109,7,22,99,128,1.28125,0.04952716883444788,645,"In the interest of full disclosure, the dike leaks."
2750,3109,4,28,96,128,1.28125,0.04564916170716533,645,Chances of a hole in one are very slim...
3628,3109,4,28,96,128,1.28125,0.04564916170716533,645,...And it's got a golf course view.
4059,3109,9,18,101,128,1.28125,0.05195193398596331,645,"It's a bit of a hole in the ground, but the price is a gimme."
4335,3109,6,24,98,128,1.28125,0.04826913047376049,645,"...yes, wearing wooden shoes is totally optional."
5041,3109,4,28,96,128,1.28125,0.04564916170716533,645,Small wind turbine program incentives are definitely an advantage.
7384,3109,5,26,97,128,1.28125,0.04697741436722461,645,This house features an active theft-deterrent system.
6617,3117,7,29,117,153,1.2810457516339868,0.043946910637508094,645,"Yes, utilities are included."
4179,3117,9,25,119,153,1.2810457516339868,0.045862071241845694,645,The developer is all about green building.
445,3119,7,20,94,121,1.28099173553719,0.05145692854512977,645,The prospective buyers were somewhat concerned about the elephant in the room.
803,3119,5,24,92,121,1.28099173553719,0.04870660531832083,645,This cozy one bedroom with a breezeway is par for the course
1332,3119,7,20,94,121,1.28099173553719,0.05145692854512977,645,Wind is extra
1691,3119,2,30,89,121,1.28099173553719,0.04426183752555706,645,"Well sure it can kill ya, but fossil fuels are even worse."
5873,3119,8,18,95,121,1.28099173553719,0.05277837191625511,645,Timing couldn’t be better to exit this property.
6408,3119,7,20,94,121,1.28099173553719,0.05145692854512977,645,Just be sure not to touch their balls.
2737,3125,8,25,113,146,1.2808219178082192,0.04635321730325652,645,It just goes to show that luxurious golf course living AND being environmentally friendly don't have to be mutually exclusive.
3846,3125,5,31,110,146,1.2808219178082192,0.04318797078463212,645,Just check for wind before you leave the house
7387,3125,6,29,111,146,1.2808219178082192,0.04426820678301526,645,Timing is everything with these sorts of things.
189,3128,2,28,84,114,1.280701754385965,0.045796394220704306,645,"You've grown up, now. So has miniature golf."
6309,3128,4,24,86,114,1.280701754385965,0.04906954772430779,645,Sure it looks a little dangerous. But think about not having to deal with door-to-door salesmen anymore.
7169,3128,7,18,89,114,1.280701754385965,0.053605845756251824,645,"Well, it's not your run of the mill cottages!"
2209,3131,10,19,110,139,1.2805755395683454,0.05005343508826184,645,If this isn't to your liking the property by the pirate is still available over at putters cove.
228,3131,6,27,106,139,1.2805755395683454,0.04569779760462853,645,"The monthly electricity bills will be low, but you have to be really careful when you come out of the house."
2205,3131,8,23,108,139,1.2805755395683454,0.04792512425674259,645,It even comes with an insurance against any kind of Quixotes.
537,3134,5,27,100,132,1.2803030303030303,0.046024455602018496,645,My mistake. I thought you said Miniature Golf  Course Property “.
1529,3134,6,25,101,132,1.2803030303030303,0.04726426699385176,645,This breezy model is the 16th hole...
3507,3134,6,25,101,132,1.2803030303030303,0.04726426699385176,645,Yes!  The golf course membership is included!
4258,3134,5,27,100,132,1.2803030303030303,0.046024455602018496,645,"Don’t worry, you’ll get it cheap, this property is way under par"
4430,3134,5,27,100,132,1.2803030303030303,0.046024455602018496,645,And the best part is that it revolves even when there isn't any wind!
4892,3134,7,23,102,132,1.2803030303030303,0.04847237724178624,645,"Sorry, but the ad said ""windmill"", not ""gin mill""."
5602,3134,7,23,102,132,1.2803030303030303,0.04847237724178624,645,"Electricity is 100% free on windy days, what more could you want?!"
6597,3134,5,27,100,132,1.2803030303030303,0.046024455602018496,645,"And it's close to the beanstalk, so you'll have an easy commute."
7277,3134,6,25,101,132,1.2803030303030303,0.04726426699385176,645,It’s the very best we offer in the Witness Protection Program.
5365,3143,4,27,94,125,1.28,0.046281048863125035,645,"No question about it, your timing will improve."
3536,3143,7,21,97,125,1.28,0.05028948456749697,645,I think we can lowball this one.
2659,3143,4,20,76,100,1.28,0.05333333333333333,645,"You might want to consider the history, legend has it ""Gulliver"" used to play here."
2316,3143,5,25,95,125,1.28,0.04765467177450164,645,"I think you'll find this a very good starter home, Mr. and Mrs. Escher"
1310,3143,5,25,95,125,1.28,0.04765467177450164,645,We’d prefer something with a banked driveway and a few obstructions.
1140,3143,6,23,96,125,1.28,0.04898979485566356,645,"And if you speed up the windmills, you’ll rarely have those little golf balls rolling into your living room."
612,3143,6,23,96,125,1.28,0.04898979485566356,645,So you've been thinking about downsizing!
427,3150,6,28,109,143,1.2797202797202798,0.044830897352064594,645,"Like they say, it's all about location,"
2458,3150,7,26,110,143,1.2797202797202798,0.045916254351056195,645,"It's a great location, right on the 17th green."
5030,3152,4,25,89,118,1.2796610169491525,0.04797144295793855,645,Think about it. This would place miniature golf on a major scale.
5078,3152,8,17,93,118,1.2796610169491525,0.0536723163841808,645,"This is an established neighborhood, just look at the 9th hole's moat."
5182,3152,8,17,93,118,1.2796610169491525,0.0536723163841808,645,"If you put the setting on ""superfast,"" few balls get through."
5532,3152,4,25,89,118,1.2796610169491525,0.04797144295793855,645,It has that 'green meets fairy tale' vibe.
5977,3152,6,21,91,118,1.2796610169491525,0.050901752845606184,645,.  .  .  and the air-conditioning is even more eneregy-efficient than solar.
6978,3152,6,21,91,118,1.2796610169491525,0.050901752845606184,645,And there are no electric bills.
691,3158,7,24,105,136,1.2794117647058822,0.04747568632471863,645,State law requires that I inform you that energy efficiency and near certainty of accidental death - high.
1594,3158,8,22,106,136,1.2794117647058822,0.048609394707985344,645,It's usually a par three - but for you - a par two!
3463,3158,4,30,102,136,1.2794117647058822,0.043899241523996296,645,You’ll save on electric
3030,3161,5,21,85,111,1.2792792792792793,0.051466887283750935,645,add some solar pannels and you are energy independent
4515,3162,6,24,99,129,1.2790697674418605,0.04794308866997281,645,Think of it--'Ernie and Ethel de la Mancha'.
4573,3162,3,30,96,129,1.2790697674418605,0.04399054055355104,645,It's the latest innovation in gated communities.
6737,3162,8,20,101,129,1.2790697674418605,0.050406227921085095,645,Tiger lost it in the divorce.
4263,3162,5,26,98,129,1.2790697674418605,0.046662787317188016,645,Renewable energy? Let's acknowledge that elephant in the room!
151,3162,3,30,96,129,1.2790697674418605,0.04399054055355104,645,Of course you will have to time any entrance or exit.
1321,3162,6,24,99,129,1.2790697674418605,0.04794308866997281,645,It’s a time share.
1279,3162,4,28,97,129,1.2790697674418605,0.0453463525457271,645,And the money you save on electric bills  will more than pay for the windows and doors.
438,3162,5,26,98,129,1.2790697674418605,0.046662787317188016,645,This listing is a real hole-in-one.
2581,3162,5,26,98,129,1.2790697674418605,0.046662787317188016,645,You'll find the second floor to be the most relaxing spot in the house.
650,3171,9,23,115,147,1.2789115646258504,0.04707680138163968,645,Don't worry about getting hit by a massive golf ball. Nobody ever makes it through the windmill blades in one shot.
2013,3171,7,27,113,147,1.2789115646258504,0.04505384898202644,645,You’ll be first with renewable energy
3795,3171,8,25,114,147,1.2789115646258504,0.04607642855312028,645,"You better get in today, this one's gonna move fast."
1394,3174,5,24,93,122,1.278688524590164,0.048360598329621314,645,"Quixotic Dream"" is one of our last available properties with a view of the ninth fairway"
2086,3174,5,24,93,122,1.278688524590164,0.048360598329621314,645,"Green energy. Reduced green fees. It's a gimme, right?"
3978,3174,6,22,94,122,1.278688524590164,0.04974163716327462,645,"Don't even attempt this unless you're stone, cold sober"
6320,3177,8,23,109,140,1.2785714285714285,0.04762375790338688,645,All in all it's a great house with low energy costs in a low crime neighborhood.  And wait til you meet your neighbors Don and Sancho.
5879,3177,9,21,110,140,1.2785714285714285,0.04869083322104082,645,The giant naps between 2 and 4 pm.  That’s when you’re welcome to use the course.
5670,3177,3,33,104,140,1.2785714285714285,0.04188254651100343,645,And it's much more eco-friendly than the lighthouse.
5370,3177,5,29,106,140,1.2785714285714285,0.04426847126436581,645,"In the end, it's all about location, location, loation."
5270,3177,3,33,104,140,1.2785714285714285,0.04188254651100343,645,"Sure, but it's a very difficult shot."
2375,3177,8,23,109,140,1.2785714285714285,0.04762375790338688,645,Tiger just moved in next door.
2965,3177,6,27,107,140,1.2785714285714285,0.04541445222616682,645,"You'll like the views, just watch your step 
coming out."
2540,3177,5,29,106,140,1.2785714285714285,0.04426847126436581,645,You'll save a fortune on air conditioning.
1766,3177,5,29,106,140,1.2785714285714285,0.04426847126436581,645,"Let's throw caution to the wind and make an offer, shall we?"
3858,3177,8,23,109,140,1.2785714285714285,0.04762375790338688,645,"And, it has non-electric Dutch style air conditioning."
3256,3187,6,20,89,115,1.2782608695652173,0.05173986756649167,645,"Yes, the seller's disclosure does mention that, but I assure you it's only seasonal..."
1560,3187,6,20,89,115,1.2782608695652173,0.05173986756649167,645,"Where you see sinkholes, we see opportunities."
7475,3189,8,21,104,133,1.2781954887218046,0.04932141881026054,645,"That's about it...low crime, good schools...oh, did I mention the golf balls?"
3352,3189,7,23,103,133,1.2781954887218046,0.04815268618576098,645,"I would't say ""mini"" but it’s very cozy."
4483,3189,7,23,103,133,1.2781954887218046,0.04815268618576098,645,And... 20% down will putt you right into this Dutch style beauty!
2934,3189,4,29,100,133,1.2781954887218046,0.04446254251891293,645,There’s nothing miniature about the kitchen.
148,3189,3,31,99,133,1.2781954887218046,0.043162443405041315,645,"It's a good thing you're young, there's a six stroke limit."
674,3189,2,33,98,133,1.2781954887218046,0.041821948234636905,645,It works better if you wear wooden shoes
128,3189,7,23,103,133,1.2781954887218046,0.04815268618576098,645,You will find that the ventilation is excellent.
1304,3189,5,27,101,133,1.2781954887218046,0.04572569139771301,645,Location is great... between the dinosaur hole and the elephant house.
556,3189,7,23,103,133,1.2781954887218046,0.04815268618576098,645,I can only consider your loan if your credit is below par.
6968,3198,6,23,97,126,1.2777777777777777,0.04865021103252996,645,I'm assuming your wife doesn't have a problem with large white balls... eh? eh?
412,3198,7,21,98,126,1.2777777777777777,0.04993823345387607,645,"So, how do you feel about foursomes?"
1006,3198,4,22,82,108,1.2777777777777777,0.050667632207374635,645,"The open house? Well, it was more of an open, then blocked, then open, then blocked house."
1384,3198,5,25,96,126,1.2777777777777777,0.04732714766944626,645,This is the home for Wind Energy.
1489,3198,8,19,99,126,1.2777777777777777,0.051193859861100074,645,This is a great place for someone who likes to putter a round.
1571,3198,7,21,98,126,1.2777777777777777,0.04993823345387607,645,This unit is much cheaper than the Clown's Nose model.
4256,3198,6,28,110,144,1.2777777777777777,0.04456084214122663,645,It's a good choice for a couple used to the daily grind.
4273,3198,7,16,85,108,1.2777777777777777,0.05555555555555555,645,"His concept of the world's largest miniature golf course was misunderstood, but it could be a perfect starter home with a couple of windows & a new door!"
4279,3198,3,24,81,108,1.2777777777777777,0.04892993651103154,645,It’s close to the church and school plus it’s totally powered by wind.
5148,3198,7,26,111,144,1.2777777777777777,0.04563763523080941,645,Miniature golf is bigger than ever
5568,3198,4,27,95,126,1.2777777777777777,0.04596601766023946,645,We're gunna wanna time this one carefully.
6147,3198,5,25,96,126,1.2777777777777777,0.04732714766944626,645,This is your dream of a house on a golf course and yes they will play through.
6766,3210,7,24,106,137,1.2773722627737227,0.04717198442927356,645,It's more cozy than miniature
6280,3210,4,30,103,137,1.2773722627737227,0.04362533087700657,645,Front door? It has one. It's just intermittent.
3435,3210,5,28,104,137,1.2773722627737227,0.04483872992273619,645,"I say let’s go put in an offer, after this foursome plays through."
2090,3210,8,22,107,137,1.2773722627737227,0.048296359303278774,645,The guy on the horse with the spear is harmless.
710,3210,5,28,104,137,1.2773722627737227,0.04483872992273619,645,"That shot is almost impossible to make. Plus you'll have a great view of the back 9."""
1294,3210,5,28,104,137,1.2773722627737227,0.04483872992273619,645,"Some neighborhoods have a lot of crime; some have giant golf balls. Also, this artificial turf never needs cutting."
7035,3216,6,21,92,119,1.2773109243697478,0.050526877536999686,645,Just one small drawback. A golf ball comes through every 8 minutes.
584,3216,2,29,88,119,1.2773109243697478,0.044533649529877505,645,This area has really  gentrified since Don Quixote left town.
1064,3216,5,23,91,119,1.2773109243697478,0.04909720460822299,645,"After we wrap this up, there's a bridge I want you to see!"
2598,3216,8,17,94,119,1.2773109243697478,0.053271240460810235,645,This house is perfect for kid's birthday parties.
2900,3216,3,27,89,119,1.2773109243697478,0.046105051716132044,645,Once owned by Don Quixote..Man of  La Mancha ..before the housing crunch
3580,3216,4,25,90,119,1.2773109243697478,0.047624632775953885,645,Let’s move on to the ninth hole
7494,3216,4,25,90,119,1.2773109243697478,0.047624632775953885,645,"Yes, it’s very well ventilated"
2710,3223,4,33,111,148,1.277027027027027,0.041595485379180015,645,"When times get rough, you can tilt it."
6569,3224,7,22,101,130,1.2769230769230768,0.04885740952771086,645,We're proud to say that President Trump golfs here often but he does struggle with the windmills.
6694,3224,6,24,100,130,1.2769230769230768,0.04762127551191367,645,This is the future in retirement living. You can putt about the house all day long.
7212,3224,4,28,98,130,1.2769230769230768,0.04504736077316696,645,Off the grid in the heart of town.
4702,3224,6,24,100,130,1.2769230769230768,0.04762127551191367,645,"Except for windy days that present a few issues,  this place is a steal for the price,"
833,3224,4,28,98,130,1.2769230769230768,0.04504736077316696,645,"And, it's only open to the public on weekends."
4659,3224,4,28,98,130,1.2769230769230768,0.04504736077316696,645,This house blows me away
4482,3224,5,26,99,130,1.2769230769230768,0.04635218761832849,645,"This is different.....ALL the energy is yours.
None goes back to the grid."
1059,3224,5,26,99,130,1.2769230769230768,0.04635218761832849,645,FABULOUS circulation.
4676,3224,5,26,99,130,1.2769230769230768,0.04635218761832849,645,You said gated and low maintenance
4875,3233,4,23,85,112,1.2767857142857142,0.04946597284198399,645,"In-ground hot tub?  Why, yes!  That's exactly what that is."
6882,3233,4,23,85,112,1.2767857142857142,0.04946597284198399,645,"And as you can see, it comes with the original security System."
7144,3233,6,19,87,112,1.2767857142857142,0.05261779918387142,645,...and solar panels on the roof ... it’s our most eco-friendly option on the front-nine
5708,3236,8,23,110,141,1.2765957446808511,0.047326051117318114,645,It's Tiger Woods favorite.
5654,3236,5,29,107,141,1.2765957446808511,0.04399776979095477,645,Are you sure? I don't feel a draft at all.
5338,3236,6,27,108,141,1.2765957446808511,0.045134475394886006,645,"This one's on par with the others, though you may see Don Quixote from time to time."
5037,3236,5,29,107,141,1.2765957446808511,0.04399776979095477,645,"It has wind powered energy, a fenced in artificial turf yard and an in ground wading pool for toddlers or perhaps goldfish. What's not to like?"
3513,3236,4,31,106,141,1.2765957446808511,0.04283090734486177,645,It’s very energy efficient - the paddles provide cooling air movement in summer AND generate energy for heat in the winter.
3280,3236,4,31,106,141,1.2765957446808511,0.04283090734486177,645,The dike is an optional upgrade.
2401,3236,6,27,108,141,1.2765957446808511,0.045134475394886006,645,This place comes with passive wind energy and a good life insurance policy.
3703,3236,4,31,106,141,1.2765957446808511,0.04283090734486177,645,"Yes, there’s the whirring. But remember — free electricity."
2344,3244,7,20,96,123,1.2764227642276422,0.05071895867729956,645,"Trust me when I say, this investment is a hole in one."
3211,3244,8,18,97,123,1.2764227642276422,0.05201627428636564,645,I  have just the policy for you.  It includes an extra benefit for death or dismemberment by windmill.
159,3246,9,24,119,152,1.2763157894736843,0.04591861693702519,645,Have you considered the 'grandkid bait' factor?
3865,3246,3,36,113,152,1.2763157894736843,0.03982071228601015,645,"A little tricky getting in and out, but other than that it's a great buy."
4492,3248,7,23,104,134,1.2761194029850746,0.04783705819755782,645,And the best thing is you never need to water the lawn
6239,3248,4,29,101,134,1.2761194029850746,0.04417829314374187,645,Its got central air and it's right across the street from the church.
5018,3248,6,25,103,134,1.2761194029850746,0.04664936533718852,645,You signed the insurance papers right?
4885,3248,3,31,100,134,1.2761194029850746,0.04288940119027477,645,...and your low monthly rent includes collision insurance.
6642,3248,8,21,105,134,1.2761194029850746,0.0489959690957387,645,"I know it’s outside of your budget, but you’ll save big on electric."
4278,3248,4,29,101,134,1.2761194029850746,0.04417829314374187,645,"And, as you can see, it comes with a rotatable white picket fence."
1252,3248,5,27,102,134,1.2761194029850746,0.045430633230546524,645,The good news is that it is only noisy when it is windy.
948,3248,8,21,105,134,1.2761194029850746,0.0489959690957387,645,And you can generate your own electricity!
454,3248,4,29,101,134,1.2761194029850746,0.04417829314374187,645,Windmills are the new shiplap.
1677,3248,2,33,99,134,1.2761194029850746,0.0415605568276737,645,"In the spirit of energy efficiency, the builder decided to combine picket fences with wind power for that Dutch, gated-community feeling."
56,3258,5,22,89,116,1.2758620689655173,0.049866699215382615,645,I believe there are holes in your story.
1525,3258,6,20,90,116,1.2758620689655173,0.051347957389936166,645,"Location, location, location!"
3046,3258,7,18,91,116,1.2758620689655173,0.052787666794431816,645,"Let me ask you this, did you love the Indiana Jones movies?"
4313,3258,5,22,89,116,1.2758620689655173,0.049866699215382615,645,"Comes with friend, neighbor, and family speeds."
4434,3258,6,20,90,116,1.2758620689655173,0.051347957389936166,645,The property value is through the roof since that hole-in-one last month.
4690,3258,5,22,89,116,1.2758620689655173,0.049866699215382615,645,The closing costs are fairly high but that's par for the course on a house like this.
5280,3258,3,26,87,116,1.2758620689655173,0.046763635612245995,645,This one is a steal-number nine is a highly desirable hole because most families call it quits at eight.
6044,3258,4,32,109,145,1.2758620689655173,0.042075874063731325,645,Iy's ecologically correct and kind of Quixotic at the same time.
3897,3266,4,35,117,156,1.2756410256410255,0.040236807247372344,645,You won't find many other energy efficient homes with country club views.
2691,3266,6,31,119,156,1.2756410256410255,0.04224247423316703,645,The goods news is that  your association dues include green fees.
1343,3266,2,39,115,156,1.2756410256410255,0.03812577455717602,645,You’re gonna need a fast car for the loop-de-loop driveway.
1584,3269,5,25,97,127,1.2755905511811023,0.04700393066653124,645,"It's a beautiful spot, but I don't know if the timing is right."
2660,3269,5,25,97,127,1.2755905511811023,0.04700393066653124,645,Don Quixote tilted here
2677,3269,4,27,96,127,1.2755905511811023,0.04565506676318845,645,"And when the wind blows, you get free air-conditioning!"
2880,3269,3,29,95,127,1.2755905511811023,0.044265118820560216,645,You must be be a big fan of renewable energy to wind up here.
3901,3269,6,23,98,127,1.2755905511811023,0.04831515160958265,645,Your window of opportunity will close quickly on this fantastic property!
6664,3269,9,17,101,127,1.2755905511811023,0.05205100388960428,645,"Solar, Schmolar -- THIS is proven technology!"
6896,3269,3,29,95,127,1.2755905511811023,0.044265118820560216,645,It's the perfect adrenaline rush while you're running late in the morning.
7417,3269,9,17,101,127,1.2755905511811023,0.05205100388960428,645,Moving into this gem will require big balls.
2651,3277,6,15,77,98,1.2755102040816326,0.05762063196499162,645,"Well, there are houses on the fairway, and there are houses on the fairway. . ."
7033,3278,8,22,108,138,1.2753623188405796,0.047987220104410026,645,Neither Mrs. Miller nor I play golf.
5647,3278,9,20,109,138,1.2753623188405796,0.04907708035474492,645,You're worried about the hole out in front?
4792,3278,8,22,108,138,1.2753623188405796,0.047987220104410026,645,"Well, a tree house at the paintball range would cost less."
5229,3278,5,28,105,138,1.2753623188405796,0.044557981607767055,645,The wind power savings alone make this deal a no brainer.
1255,3278,4,30,104,138,1.2753623188405796,0.04335466759371027,645,"It's an amazing property, and please do not worry, we got restraining order from Don Quixote."
623,3278,5,28,105,138,1.2753623188405796,0.044557981607767055,645,Sustainability with just a hint of danger
2470,3278,5,28,105,138,1.2753623188405796,0.044557981607767055,645,"Don Quixote called this his ""dream"" house..."
4072,3285,7,27,115,149,1.2751677852348993,0.044525289408853794,645,"Yes, it has its drawbacks, but the appliances have been recently updated."
1969,3286,5,23,92,120,1.275,0.04874115591686399,645,It's all about your timing.
1983,3286,4,25,91,120,1.275,0.047282599946524534,645,"Of course, this is just the scale model. The real thing will be much bigger."
3737,3286,4,36,120,160,1.275,0.03960298254443841,645,The first owner LIVED for mini golf.
6591,3286,6,21,93,120,1.275,0.05015731554340811,645,"Yes, lattice is back bigly this year!"
6701,3286,3,27,90,120,1.275,0.045777595341980545,645,I recommend going into this deal with your eyes wide open.
715,3291,6,24,101,131,1.2748091603053435,0.047303613388792874,645,I saw on your Facebook page that you like golf and tiny houses and put two and two together
1503,3291,8,20,103,131,1.2748091603053435,0.04972435483572397,645,It's a pleasant place to live. Great for kids. Lots of friendly folks puttering about.
4130,3291,6,24,101,131,1.2748091603053435,0.047303613388792874,645,This house is well above par.
6822,3291,8,20,103,131,1.2748091603053435,0.04972435483572397,645,"At this price point, let's please not start the Netherlands/Holland quibble."
3927,3295,7,25,110,142,1.2746478873239437,0.04595773378979546,645,This price is outrageous! We'd wind up in the hole!
3342,3295,4,31,107,142,1.2746478873239437,0.04257279568565551,645,They'll accept cash if their agent doesn't get wind of it.
1693,3295,9,21,112,142,1.2746478873239437,0.04808215403689606,645,"The timing on the doors is tricky at first, but it is right on the course."
1671,3298,5,18,79,102,1.2745098039215685,0.05424489638436364,645,"Solar, schmolar!"
6066,3298,4,20,78,102,1.2745098039215685,0.05242491509755116,645,I've learned to wait for the wind to die down before I use that door.
2265,3300,3,25,85,113,1.2743362831858407,0.04745046590603366,645,"The lawn is low maintenance, too."
4380,3300,2,27,84,113,1.2743362831858407,0.04575498772598014,645,And this is one of  our model  homes...powered entirely by wind energy.
1626,3302,9,16,99,124,1.2741935483870968,0.0528975645106569,645,This was the final hole at the former Trump National.
2349,3302,6,22,96,124,1.2741935483870968,0.04903836559750547,645,"So it's not the quietest neighborhood, but the windmill generates so much electricity, it practically pays for your entire mortgage."
3144,3302,6,22,96,124,1.2741935483870968,0.04903836559750547,645,Prime location and you'll save a bunch on your electricity bills.
5862,3302,6,22,96,124,1.2741935483870968,0.04903836559750547,645,"This is called our ""Putt Hut"""
6008,3302,6,22,96,124,1.2741935483870968,0.04903836559750547,645,"I know, but you know what they say: Location, location, location!"
4441,3307,3,31,101,135,1.2740740740740741,0.04261962273509436,645,It also keeps the solicitors and loiterers away.
6652,3307,7,23,105,135,1.2740740740740741,0.04752541972603657,645,You can't beat the price and it's only a short drive to the Eiffel Tower!
7228,3307,5,27,103,135,1.2740740740740741,0.04513921666476789,645,...forget location - here it´s  all timing..... and dimples
3184,3307,6,25,104,135,1.2740740740740741,0.046347677402674696,645,This fixer-up is a real win/wind! Power to the people who will own this beauty!
1171,3307,9,19,107,135,1.2740740740740741,0.04979741116928703,645,It's Green
1262,3307,5,27,103,135,1.2740740740740741,0.04513921666476789,645,"It's perfect if you ignore the location, location, location."
2886,3307,5,27,103,135,1.2740740740740741,0.04513921666476789,645,"You will never find water & electric this cheap
anywhere!"
586,3307,6,25,104,135,1.2740740740740741,0.046347677402674696,645,"This house is on the market, but please note timing is most important feature."
292,3315,8,24,114,146,1.273972602739726,0.04612581420895325,645,And a hole in one gets you a two percent mortgage rate.
3090,3315,8,24,114,146,1.273972602739726,0.04612581420895325,645,Our  windmill  unit has ceilings  high enough to accommodate any sized elephant in the room.
6561,3315,7,26,113,146,1.273972602739726,0.04509010340583965,645,Remember to watch your head.
4780,3318,4,18,73,95,1.2736842105263158,0.05486847811781201,645,"To seal the deal, Mr. Quixote will throw in his horse."
1212,3319,4,21,81,106,1.2735849056603774,0.051102875062944614,645,The only drawback is a large golf ball will roll through on occasion.
165,3320,5,22,90,117,1.2735042735042734,0.04949484223818946,645,"Plus, free golf balls!"
3871,3320,6,20,91,117,1.2735042735042734,0.050961766300933846,645,Humor the guy on horseback with the lance.
4192,3320,6,20,91,117,1.2735042735042734,0.050961766300933846,645,No - sorry the Solar version was sold last week.
6608,3320,3,26,88,117,1.2735042735042734,0.046422138851282976,645,"No, the black hole isn't part of the deal. But I might get you 10% off."
6654,3320,6,20,91,117,1.2735042735042734,0.050961766300933846,645,"It's off the grid, completely wind-powered, and balls rarely reach the second floor."
7460,3325,3,29,96,128,1.2734375,0.04397068042410376,645,"In the interest of full disclosure, the wind will not meet all your energy needs."
7179,3325,6,23,99,128,1.2734375,0.047984531102717234,645,Eagles are common around here.
3848,3325,6,23,99,128,1.2734375,0.047984531102717234,645,This listing boasts a white picket fence and reliable home security!
3624,3325,3,29,96,128,1.2734375,0.04397068042410376,645,Amenities include an abundance of stubby pencils.
2194,3325,5,25,98,128,1.2734375,0.046684941138279756,645,"It's a great location for the price, just expect the occasional golf ball coming through."
2957,3325,7,21,100,128,1.2734375,0.04924983980898445,645,"I know, I know, it’s the impossible dream house, right?"
1885,3325,5,25,98,128,1.2734375,0.046684941138279756,645,. . . a low-maintenance lawn and so easy to play through!
1198,3325,9,17,102,128,1.2734375,0.05168761663432175,645,The previous owners? They were gone with the wind.
3283,3325,7,21,100,128,1.2734375,0.04924983980898445,645,It's the next best thing to clean coal...
6930,3334,11,16,112,139,1.2733812949640289,0.050856244099748586,645,Your son will never find you here.
815,3334,8,22,109,139,1.2733812949640289,0.04768190768276031,645,"This unit does have golf access, but the central hallway throws a lot of people off."
3445,3334,3,32,104,139,1.2733812949640289,0.04185979273110075,645,"Quite frequently, you'll have a ball here."
4427,3334,8,22,109,139,1.2733812949640289,0.04768190768276031,645,It’s eco-friendly and has great views of the T-Rex on Hole 12.
4764,3334,4,30,105,139,1.2733812949640289,0.043087198354569624,645,The time is now.
4800,3334,4,30,105,139,1.2733812949640289,0.043087198354569624,645,"Its prime real estate, with easy access to the underground"
7396,3334,6,26,107,139,1.2733812949640289,0.04544266157650377,645,"We also have dollhouses and shoes, if you're interested."
2327,3341,6,29,115,150,1.2733333333333334,0.04324289305942818,645,Honey it's between this and the Crazy Clown
713,3341,3,35,112,150,1.2733333333333334,0.04001863846147462,645,"Yes, you could break your neck stepping out for a breath of fresh air but you'll save a ton on energy bills."
7293,3343,2,32,98,132,1.2727272727272727,0.04177823474952738,645,"Granted the house is unusual, but, come now...a 'white elephant'?"
1949,3343,7,19,95,121,1.2727272727272727,0.051157403079194336,645,You said you were looking for something that would blow you away!
2500,3343,7,19,95,121,1.2727272727272727,0.051157403079194336,645,You'll notice you would have a prime view of the 9th hole green.
2636,3343,3,27,91,121,1.2727272727272727,0.045454545454545456,645,I know the up front cost is high.  But in the long run you will save on your electric bill with wind power.
3551,3343,6,24,102,132,1.2727272727272727,0.04699002641840444,645,You just set a timer for going in & out !
3564,3343,7,25,111,143,1.2727272727272727,0.04567561723105038,645,"On the plus side, green fees are included."
4005,3343,5,29,109,143,1.2727272727272727,0.04346580146458082,645,Make an offer before the Fed raises par.
5186,3343,4,22,84,110,1.2727272727272727,0.049869037678178706,645,This location has the tax rebate and the school district you wanted.
5857,3343,5,26,101,132,1.2727272727272727,0.04574278261975778,645,"The price has been reduced, only you gotta be quick to access the front door."
5883,3343,1,37,105,143,1.2727272727272727,0.03866915659799442,645,"Not to worry, the golf course is only open in daylight hours."
6300,3343,6,27,110,143,1.2727272727272727,0.04458440257755946,645,...It's a beautiful property! I have the paperwork here if you want to get the ball rolling.
6883,3343,2,32,98,132,1.2727272727272727,0.04177823474952738,645,We also have a nuclear option.
7123,3343,4,28,100,132,1.2727272727272727,0.04446056388300178,645,The only downside are the occasional white boulders.
5404,3356,6,25,105,136,1.2720588235294117,0.046049740755039065,645,Don't let the door hit you in the ass on the way out
3937,3356,4,29,103,136,1.2720588235294117,0.04362010660072977,645,The elephant can't find us here.
3547,3356,6,25,105,136,1.2720588235294117,0.046049740755039065,645,"What do you mean ""miniature"" golf?"
3620,3356,6,25,105,136,1.2720588235294117,0.046049740755039065,645,There’s another model home that runs on solar power.
6293,3360,4,26,95,125,1.272,0.04596773061686336,645,"But on the plus side,he only plays on Wednesdays and he's got a terrible short game."
922,3360,5,24,96,125,1.272,0.04735044367404632,645,Don't worry about it.  Nobody gets the timing right...
1216,3360,4,26,95,125,1.272,0.04596773061686336,645,"And if this isn’t your dream house, I can show you a castle down the street with three bedrooms and a moat."
1421,3360,4,26,95,125,1.272,0.04596773061686336,645,The unique charm of this unique Dutch colonial more than makes up for the VERY occasional golf ball through your front door.
1929,3360,4,26,95,125,1.272,0.04596773061686336,645,"Right, no stairs, but grab hold as it swings by and then don't forget to jump off at the top"
2353,3360,6,22,97,125,1.272,0.04869390900506499,645,You like puttering around the house?
2586,3360,6,22,97,125,1.272,0.04869390900506499,645,The noise level? About par for the course.
2780,3360,1,32,92,125,1.272,0.04154437969053056,645,"This home, at this price, in this neighborhood? It's
like we just shot a hole in one"
3965,3360,7,20,98,125,1.272,0.050001290305931756,645,The HOA doesn’t allow solar.
6302,3360,4,26,95,125,1.272,0.04596773061686336,645,Why live on a golf course when you can live IN one.
7075,3370,3,25,86,114,1.2719298245614035,0.047093916149059604,645,"Today it might look like just an ordinary over sized mini golf course, though in five years it will be a global startup and innovation hub."
5024,3370,5,21,88,114,1.2719298245614035,0.050282678215312064,645,"Well, on our first date, we went Dutch, so yes our home means a lot to us."
468,3370,7,17,90,114,1.2719298245614035,0.05328093954459305,645,Windmill accidents are not covered by our insurance policiy
3008,3373,4,30,106,140,1.2714285714285714,0.042822870846178,645,"It's marked way down, but you should probably avoid the front yard."
6566,3373,8,22,110,140,1.2714285714285714,0.04738035414793428,645,"Miniature"" is not in Mr. Trump's vocabulary"
7402,3373,4,30,106,140,1.2714285714285714,0.042822870846178,645,It's a great neighborhood for families.
514,3376,7,21,101,129,1.2713178294573644,0.048912517302806054,645,"Our premier model features a stunning view of the 18th hole and a high efficiency, wind powered security system."
1812,3376,7,21,101,129,1.2713178294573644,0.048912517302806054,645,"The spartan death pit is just a bonus, dont you love it."
1917,3376,7,21,101,129,1.2713178294573644,0.048912517302806054,645,Are you ready for the reveal?
2264,3376,5,25,99,129,1.2713178294573644,0.04637010121707519,645,Solar is so yesterday. Wind power on your house is the future.
2595,3376,5,25,99,129,1.2713178294573644,0.04637010121707519,645,"If you want it for a good price, we’ve got to get the timing right."
3973,3376,8,19,102,129,1.2713178294573644,0.0501354004661881,645,Take your time
5961,3376,6,23,100,129,1.2713178294573644,0.047658265997511384,645,Trust me folks: this house will BLOW you away.
7292,3383,6,20,92,118,1.271186440677966,0.05058117537107875,645,"The original owner wanted to express the fickle precariousness of day-to-day existence, while still maintaining optimism that some days life will just let you get through and sink one."
6135,3383,5,22,91,118,1.271186440677966,0.04912830905166196,645,Your short game will thank you.
6037,3383,5,22,91,118,1.271186440677966,0.04912830905166196,645,The quick dash in and out -- consider how it helps your cardio exercise routine.
6355,3383,4,24,90,118,1.271186440677966,0.04763114735791484,645,"This one's a little above your budget, but what you're really paying for are the amenities."
4581,3383,7,18,93,118,1.271186440677966,0.05199345971912271,645,You're probably wondering why this house has a hole in the yard.
3993,3383,5,22,91,118,1.271186440677966,0.04912830905166196,645,"you asked for something ""off the grid"""
5290,3383,5,22,91,118,1.271186440677966,0.04912830905166196,645,"And if you time it right, you can enter and exit without getting hit by the ball..."
6218,3390,5,32,118,155,1.270967741935484,0.04125155280809132,645,Don't worry. You only have to dodge a golf ball about once every half hour.
6441,3390,7,28,120,155,1.270967741935484,0.043234997053330476,645,"No, we don't talk about it."
6700,3392,9,21,114,144,1.2708333333333333,0.04748813903358763,645,I admit it takes a bit of practice to get through the door at the right timing.
3742,3392,7,25,112,144,1.2708333333333333,0.045396840800028745,645,It’s an excellent real estate value.  The key is to not get stepped on.
3951,3392,6,27,111,144,1.2708333333333333,0.04431419701966919,645,Maxi Golf! It’s the new extreme sport.
392,3392,6,27,111,144,1.2708333333333333,0.04431419701966919,645,These wind-mill condos save hundreds on air conditioning.
487,3392,7,25,112,144,1.2708333333333333,0.045396840800028745,645,The good news is you won't have a power bill. The bad news is the septic situation.
3371,3397,3,30,100,133,1.2706766917293233,0.04286373778568188,645,"A quaint little house, with windows, doors, and the occasional golf ball."
6935,3397,6,24,103,133,1.2706766917293233,0.046680440407283315,645,"As you can see, the open floor plan makes the place feel airy, and the strategic placement of the windows offers tons of sporadic natural light."
6388,3397,7,22,104,133,1.2706766917293233,0.047885119642438766,645,This next house is a real hole-in-one.
6128,3397,7,22,104,133,1.2706766917293233,0.047885119642438766,645,"Next is a charming, move in ready, par-3."
5933,3397,6,24,103,133,1.2706766917293233,0.046680440407283315,645,We'd put in an offer... but the neighborhoods just too run off the mill.
5562,3397,5,26,102,133,1.2706766917293233,0.04544383731668337,645,Golf membership included with house purchase.
2719,3397,5,26,102,133,1.2706766917293233,0.04544383731668337,645,"...And here we have our latest “wind-energy” design, submitted by a Dutchman of course."
989,3397,8,20,105,133,1.2706766917293233,0.04906022675980432,645,Don Quixote slept here.
2472,3397,7,22,104,133,1.2706766917293233,0.047885119642438766,645,"The neighborhood is extremely walkable and sees plenty of foot traffic, despite some sidewalk connectivity issues and the relatively high hazard-to-home ratio."
2314,3397,5,26,102,133,1.2706766917293233,0.04544383731668337,645,It's a great location if you love to putt around the yard.
2165,3397,4,28,101,133,1.2706766917293233,0.044172629347962046,645,Wind power means big savings on the energy bills.
2525,3397,6,24,103,133,1.2706766917293233,0.046680440407283315,645,This is the latest model of green energy housing
456,3397,7,22,104,133,1.2706766917293233,0.047885119642438766,645,"Trust me, you'll have a ball."
386,3397,6,24,103,133,1.2706766917293233,0.046680440407283315,645,"And, if you like puttering around the house..."
1918,3411,5,23,94,122,1.2704918032786885,0.048043816154440755,645,You wanted a house on the golf course.  The Association requires you allow members to play through.
1536,3411,6,21,95,122,1.2704918032786885,0.04943370578426822,645,"As your realtor, I agree, it is pricy, but you can always go Dutch...."
4688,3411,5,23,94,122,1.2704918032786885,0.048043816154440755,645,Let's go Dutch.
974,3411,4,25,93,122,1.2704918032786885,0.04661250126090437,645,"If you want it, don't play a round"
1086,3411,6,21,95,122,1.2704918032786885,0.04943370578426822,645,AND...there’s a bill in Congress giving yearly tax credits to homeowners that have this distinctive wind device!
4049,3416,5,20,86,111,1.2702702702702702,0.05110722608295724,645,Great location.  The zoo is just two holes down.
4940,3416,7,26,115,148,1.2702702702702702,0.04455515926155409,645,"Not too worry, the prior owners said no one's ever gotten a house-in-one."
5008,3416,4,22,85,111,1.2702702702702702,0.04947876710362073,645,And you never have to cut the lawn.
5787,3416,6,18,87,111,1.2702702702702702,0.05268537483680522,645,Designed and created for the true mini-golfer.
6201,3420,6,25,106,137,1.27007299270073,0.04575548923918324,645,"Even cranking it up to 45 rpm, it’s still cheaper than a burglar alarm."
994,3420,10,17,110,137,1.27007299270073,0.0502288126809714,645,"The weather around here is fine, except for the occasional golf ball-sized hailstorms."
2417,3420,6,25,106,137,1.27007299270073,0.04575548923918324,645,It's a golfer's paradise!
2689,3420,8,21,108,137,1.27007299270073,0.048044242208911604,645,"Sure there's no front door, but it's still not too easy to break in."
2897,3420,1,35,101,137,1.27007299270073,0.03945698620951857,645,We didn't receive permits for solar power in this neighborhood yet.
5387,3420,4,29,104,137,1.27007299270073,0.04334605381814431,645,You need to always have the windmill moving.  It keeps the local elephant from barging in.
7060,3420,3,31,103,137,1.27007299270073,0.04208964450609779,645,Your handicap will probably come down by at least five strokes.
3401,3427,6,22,98,126,1.2698412698412698,0.04835411495786609,645,"But it has potential, especially if you like to putter around the house."
6864,3427,4,26,96,126,1.2698412698412698,0.04565251558666045,645,"When we said house overlooking golf course in Dutchess county, this is not what we were expecting"
4579,3427,7,20,99,126,1.2698412698412698,0.049649819338469466,645,... comfortable abode but not so good if you're a sleep-walker.
1551,3427,5,24,97,126,1.2698412698412698,0.047022721171518796,645,There's a very unique elevator as well.
3700,3427,7,20,99,126,1.2698412698412698,0.049649819338469466,645,"If you like baking bread this one will grind flour for you, too."
4218,3427,3,28,95,126,1.2698412698412698,0.04423989209306628,645,And the large dimpled balls will seldom bother you at night!
2754,3433,9,23,120,152,1.269736842105263,0.04570274896799179,645,We like to think we put the 'putt' into Lilliput
238,3434,7,17,91,115,1.2695652173913043,0.05286850133419126,645,"Well yes, you'll have to time your comings and goings."""
1862,3434,3,25,87,115,1.2695652173913043,0.04674245637679414,645,It comes with central air and your own pair of wooden shoes!
2742,3434,5,21,89,115,1.2695652173913043,0.049899577460434906,645,"A golf community, in a wind power unit.  Definitely up to par.  Lawn compacting included."
3157,3434,4,23,88,115,1.2695652173913043,0.048346794407005136,645,It's the best par 4 investment you'll ever make.
5736,3434,5,21,89,115,1.2695652173913043,0.049899577460434906,645,Ducking the spinning blades and hurtling golf balls:  a built-in fitness program in your  own home.
6291,3434,2,27,86,115,1.2695652173913043,0.04508105951327878,645,This Dutch Provincial is only a Par Three.
2994,3440,6,26,109,141,1.2695035460992907,0.04487902530437653,645,"In the Summer, its best to stay indoors, and upstairs."
3560,3440,8,22,111,141,1.2695035460992907,0.04708249311005425,645,The purchase agreement? Like a circle in a spiral. Like a wheel within a wheel. Never ending. No beginning.
5493,3440,5,28,108,141,1.2695035460992907,0.04373568096734234,645,"You might occasionally get hit by the blade or whacked by a ball, but who can say no to free electric?"
7348,3443,5,25,100,130,1.2692307692307692,0.04605933475683601,645,Yard maintenance is included
6956,3443,7,21,102,130,1.2692307692307692,0.04857966124826323,645,The savings in your electric bill more than makes up for the inconvenience.
6711,3443,7,21,102,130,1.2692307692307692,0.04857966124826323,645,"The landlord? Well, he speaks softly, but carries a big putter."
6371,3443,3,29,98,130,1.2692307692307692,0.04339286980010143,645,"When you factor in the low HOA fees, you'll
 find it a better buy than the country club!"
6340,3443,5,25,100,130,1.2692307692307692,0.04605933475683601,645,And it's a wonderful view of the 5th hole!
2726,3443,4,20,80,104,1.2692307692307692,0.05154587353209697,645,"Sure, it's dangerous, especially on windy days. But the door to number nine is a whale's blowhole."
553,3443,7,21,102,130,1.2692307692307692,0.04857966124826323,645,This place is a hole in one.
2662,3443,6,23,101,130,1.2692307692307692,0.047336274701534606,645,I would jump on this before the hipsters gentrify the neighborhood.
1542,3443,5,25,100,130,1.2692307692307692,0.04605933475683601,645,I can putt-putt you into this unit today with no money down.
510,3443,3,22,79,104,1.2692307692307692,0.049701816675055514,645,Are we just going to ignore the elephant in the room?
320,3443,4,27,99,130,1.2692307692307692,0.04474596891190779,645,It's a little drafty but the school district is fantastic.
2698,3443,6,23,101,130,1.2692307692307692,0.047336274701534606,645,"As for an investment, well, just between you and me--Tulips!"
4765,3455,4,31,110,145,1.2689655172413794,0.04181602244501436,645,"Since the loop-de-loop property closed yesterday and with a bidding war here on the windmill lot, may I suggest we look at the waterwheel parcel?"
5755,3455,7,25,113,145,1.2689655172413794,0.04512134810664488,645,"It does not have air conditioning, but you won't need it!"
7074,3457,7,18,94,119,1.26890756302521,0.05160503066370123,645,"Well, Mr. and Mrs. Peawe, there are a few issues, but let's get you insured."
5932,3457,6,20,93,119,1.26890756302521,0.05020606872186163,645,This little Dutch reproduction is a hole in one.
4330,3457,7,18,94,119,1.26890756302521,0.05160503066370123,645,"If we enter at exactly 3.5 second intervals, we should all be fine and we win a free game!"
4132,3457,2,28,89,119,1.26890756302521,0.04416933238475864,645,Enter quickly
2268,3457,4,24,91,119,1.26890756302521,0.04728413719113198,645,"Of course, the condo fees will be based on par value."
6835,3462,3,30,101,134,1.2686567164179106,0.04259058497961232,645,It is a quiet neighborhood except for the occasional putt putts.
6621,3462,5,26,103,134,1.2686567164179106,0.045148639294819,645,and you'll fill in the hole?
6571,3462,5,26,103,134,1.2686567164179106,0.045148639294819,645,"It gets you the alternative energy credit, and it keeps the elephants away."
6459,3462,6,24,104,134,1.2686567164179106,0.04637478281143451,645,Wind power is the next big thing! Alternatively you could  trellis some climber roses.
5629,3462,3,30,101,134,1.2686567164179106,0.04259058497961232,645,"Well you did say you were looking for something on the golf course. Sadly, the castle and the 'Skull House"" are no loner on the market."
6794,3462,8,20,106,134,1.2686567164179106,0.04873460969450579,645,"Don't  quote me, but I think they're flexible."
2650,3462,4,28,102,134,1.2686567164179106,0.043888253320673705,645,"Sure you have to mind your head, but you’ll be self sufficient in flour"
1639,3462,8,20,106,134,1.2686567164179106,0.04873460969450579,645,1.2 million is par for the course in this town.”
1251,3462,3,30,101,134,1.2686567164179106,0.04259058497961232,645,When the wind eases I'll show you the inside.
1132,3462,5,26,103,134,1.2686567164179106,0.045148639294819,645,"It's much busier in the summer. You'll have a ball, I assure you."
396,3462,5,26,103,134,1.2686567164179106,0.045148639294819,645,On the plus side your energy bill would be very low.
5253,3462,8,20,106,134,1.2686567164179106,0.04873460969450579,645,"By next year, it will have practically paid for itself."
4110,3474,2,25,81,108,1.2685185185185186,0.046709818132625494,645,"The choice is yours, the windmill, the church or the white elephant!"
7482,3475,5,23,95,123,1.2682926829268293,0.04770233284865596,645,"Now, obviously, the seller has already factored in the gigantic, club-swinging children into the asking price."
6202,3475,8,28,128,164,1.2682926829268293,0.04246056957046764,645,"It’s a lovely property, but first there’s an existential crisis I need you to go through."
5694,3475,5,23,95,123,1.2682926829268293,0.04770233284865596,645,"I mean, let's talk the elephant in the room!"
5174,3475,4,25,94,123,1.2682926829268293,0.04628425799209876,645,It’s a dream home: pink elephants and on a golf course.
2214,3475,7,19,97,123,1.2682926829268293,0.05041897065444284,645,"When I said we wanted to live on the fairway, this wasn’t what we had in mind.”"
2457,3475,2,29,92,123,1.2682926829268293,0.043309034799098804,645,From ten a.m. to ten p.m. it has a great home security system.
2320,3475,6,21,96,123,1.2682926829268293,0.049079451713815676,645,"With your budget and desired location,​ this is the best match"
1978,3475,3,27,93,123,1.2682926829268293,0.04482133996830477,645,"The up side is your energy is free, the down side, time your entry and exit to and from the building."
3693,3475,7,19,97,123,1.2682926829268293,0.05041897065444284,645,"If you don’t like this, I also have a condo I can show you inside a nuclear reactor."
7503,3475,4,25,94,123,1.2682926829268293,0.04628425799209876,645,"It's a little outside your budget, but the school district is above-par."
7062,3485,7,23,108,138,1.2681159420289856,0.04661373023981427,645,I don't think you have the balls for this.
6734,3485,6,25,107,138,1.2681159420289856,0.04546485812221544,645,So you're from Chicago you say?
1937,3485,5,27,106,138,1.2681159420289856,0.044286191993398845,645,"It has no AC, but there is a steady breeze, and pets are welcome."
4074,3485,4,29,105,138,1.2681159420289856,0.04307528616827969,645,"It will go fast, it’s the only house in Minitown with air conditioning."
4634,3489,8,25,120,153,1.2679738562091503,0.04448085276985102,645,The perk of this home is that you can play golf with giants.
5729,3490,4,22,86,112,1.2678571428571428,0.04909434430153335,645,"I'll just wait out here. Trust me, you'll want to pace yourself
going through this one."
7439,3490,7,16,89,112,1.2678571428571428,0.05378550106695096,645,"Your friends will envy you for those lovely vistas, your enemies will fear the awesome power of those rotating blades."
6615,3492,4,26,97,127,1.2677165354330708,0.04534143118089715,645,Last question: how is your short game?
6428,3492,5,24,98,127,1.2677165354330708,0.04669935501144436,645,"These unique homes on a former mini-golf
estate will not last long, so act fast."
5768,3492,4,26,97,127,1.2677165354330708,0.04534143118089715,645,The good news is that your electricity bill is always low!
5612,3492,7,20,100,127,1.2677165354330708,0.049303128829625766,645,It comes furnished but you do share the lawn
5245,3492,6,22,99,127,1.2677165354330708,0.04801889352575499,645,You might find the parking's a little tight. Most of our tenants drive a putt-putt.
3186,3492,5,24,98,127,1.2677165354330708,0.04669935501144436,645,"Now, I should tell you..."
4298,3492,7,20,100,127,1.2677165354330708,0.049303128829625766,645,"Before you make a decision, I say you take it for a spin."
3102,3492,3,28,96,127,1.2677165354330708,0.04394156351996537,645,Your wind will be my sales!
1838,3492,7,20,100,127,1.2677165354330708,0.049303128829625766,645,"Yeah, it's a winter rental. Trust me, you do not want to be here in the summer."
1539,3492,6,22,99,127,1.2677165354330708,0.04801889352575499,645,This property will come on the market as soon as the President stops tilting.
236,3492,6,22,99,127,1.2677165354330708,0.04801889352575499,645,"One thing, for windy days you'll need a good sense of timing"
161,3492,7,20,100,127,1.2677165354330708,0.049303128829625766,645,"Not to worry, the answer is blowing in the wind."
3123,3492,3,28,96,127,1.2677165354330708,0.04394156351996537,645,"You couldn't agree on white picket fences, so this is a good compromise"
93,3505,8,22,112,142,1.267605633802817,0.046788259642886874,645,You said you wanted to live on the course.
3429,3505,7,24,111,142,1.267605633802817,0.04570832658874256,645,Lastly I could almost guarantee lower miniature golf scores.
6000,3505,5,28,109,142,1.267605633802817,0.04346804432924327,645,No worries. They’ll swing by a couple of times a minute
7104,3505,5,28,109,142,1.267605633802817,0.04346804432924327,645,And it comes with a matching pair of his and her wooden shoes.
7484,3505,5,28,109,142,1.267605633802817,0.04346804432924327,645,"Sure, you have to be quick getting through the door, but home windmills really are the next generation of energy technology. Solar panels are so run-of-the-mill these days."
4743,3510,5,32,120,157,1.267515923566879,0.040796981861168695,645,If you’re concerned that the safety issue I also have a pirate’s head on  the 9th hole that’s available.
305,3510,9,24,124,157,1.267515923566879,0.04462097038717284,645,"It's a great location, Mr. Trump. You can golf all day like you already do."
1632,3512,6,19,91,116,1.2672413793103448,0.05101335719002964,645,The best part? It's handicap accessible.
4470,3512,4,23,89,116,1.2672413793103448,0.04798450309042525,645,"No, I said there is a tiger and woods nearby."
348,3512,5,21,90,116,1.2672413793103448,0.04952209178050024,645,"If the golf ball thing is an issue for you, then there's really no point in looking at the home that's shaped like a clown's head."
900,3512,2,27,87,116,1.2672413793103448,0.04475111687849267,645,It's a bit of a challenge getting in and out.
70,3516,9,17,105,131,1.2671755725190839,0.050626639849669246,645,"Sorry, it's not handicap-accessible."
283,3516,4,27,100,131,1.2671755725190839,0.04445061981555055,645,Old World charm tempered with New World kitsch.
1062,3516,3,29,99,131,1.2671755725190839,0.04310937009387071,645,"Trust me, you will not be think 'Miniature' when you see inside"
2887,3516,3,29,99,131,1.2671755725190839,0.04310937009387071,645,"You not only get your electricity for free, you also provide it for 20 of your paying neighbors"
6363,3516,3,29,99,131,1.2671755725190839,0.04310937009387071,645,"This one is very green...completely off the grid, in fact."
6616,3516,5,25,101,131,1.2671755725190839,0.04575256729499358,645,The HOA fee includes an annual mini golf membership.
7455,3516,7,21,103,131,1.2671755725190839,0.04825118691053638,645,"The windmill also helps to disperse unexpected elephant odors."""
5588,3523,4,31,111,146,1.2671232876712328,0.04156946470526171,645,This house's cost is par for the area.
3646,3523,6,27,113,146,1.2671232876712328,0.04378318191339136,645,"Complete with a view of the ninth hole, right out your front door."
877,3523,4,31,111,146,1.2671232876712328,0.04156946470526171,645,"The previous owner was a sleepwalker, and after several mishaps, he just had to give it up but  he loved the breeze and the steady entertainment."
2097,3523,6,27,113,146,1.2671232876712328,0.04378318191339136,645,It's a sweet little par four bungalow.
6470,3527,10,16,109,135,1.2666666666666666,0.05064536516517782,645,The dike? Don't worry about it.
7360,3527,7,22,106,135,1.2666666666666666,0.04725757139521219,645,"Well it’s this or an alligator mouth so pick your poison, Debra"
7403,3527,4,24,92,120,1.2666666666666666,0.04694196508350526,645,You're going to love it here. Just try to ignore the clown next door
6907,3527,7,22,106,135,1.2666666666666666,0.04725757139521219,645,The asking price is fairly low; especially considering its proximity to the school.
6712,3527,9,18,108,135,1.2666666666666666,0.04954184789852578,645,"The plumbing is a bit odd, but it's in a great neighborhood."
6612,3527,7,22,106,135,1.2666666666666666,0.04725757139521219,645,We can move the black hole.
6359,3527,5,26,104,135,1.2666666666666666,0.04485712223433967,645,"I have no idea why they call it Mini Golf. Those golf balls seem awfully big to me!"""
2483,3527,7,22,106,135,1.2666666666666666,0.04725757139521219,645,"Best of all, it's a kid friendly neighborhood and nobody can play through after 8 PM."
5613,3527,5,22,93,120,1.2666666666666666,0.04841078504124872,645,"No children, no pets...."
3556,3527,3,34,113,150,1.2666666666666666,0.039760656041232925,645,"Now, state laws mandate that I inform you there have been multiple fatalities in the house, usually followed by shrieks of joy."
2882,3527,8,20,107,135,1.2666666666666666,0.04841318388297882,645,"But it DOES meet your ""dyke-front"" and ""elephant-view"" requirements"
2770,3527,5,18,82,105,1.2666666666666666,0.0528780937259731,645,"The Elephant 's part of deal, he works the treadmill when the winds not blowing."
1646,3527,3,26,91,120,1.2666666666666666,0.0454256762579498,645,"This state-of-the-art Dutch cooling system works in three speeds: churn, butter churn and brew."
6155,3527,6,24,105,135,1.2666666666666666,0.04607298269767254,645,The price is low because it's zoned as a miniature golf course.
3534,3541,5,27,107,139,1.2661870503597121,0.04400872365954917,645,And the sole covenant is you must fill the yard with tulips.
3890,3541,7,23,109,139,1.2661870503597121,0.04631734650488074,645,The previous renter was heedless. After three days he was headless.
6052,3541,5,27,107,139,1.2661870503597121,0.04400872365954917,645,Just steer clear of the living room when they play through.
2100,3541,6,25,108,139,1.2661870503597121,0.045177784061393216,645,Solar power is last year's model.
288,3541,8,21,110,139,1.2661870503597121,0.047429537229541886,645,The previous owner designed miniature golf courses and enjoyed a great sense of irony.
263,3541,6,25,108,139,1.2661870503597121,0.045177784061393216,645,The original owner was Don Quixote
1732,3541,6,25,108,139,1.2661870503597121,0.045177784061393216,645,...and it's got a putting green in the front!
7155,3548,6,21,97,124,1.2661290322580645,0.04873009820953448,645,"Sandra, this deal is a hole in one."
4929,3548,4,25,95,124,1.2661290322580645,0.045960437164890795,645,"""Don't worry. 90% putt to the hole, and 8% are blocked by the windmill."""
3953,3548,4,25,95,124,1.2661290322580645,0.045960437164890795,645,It has a state-of-the-art security system.
6469,3548,3,27,94,124,1.2661290322580645,0.044511026059015704,645,This neighborhood is known for its immaculate landscaping.
3688,3548,8,17,99,124,1.2661290322580645,0.051350590635686706,645,I really see you guys here more than I see you in our Skee-Ball community.
3414,3548,5,23,96,124,1.2661290322580645,0.047365516232269395,645,The only real issue is the climate: hail the size of golf balls!
838,3548,5,23,96,124,1.2661290322580645,0.047365516232269395,645,Hail the size of golf balls is just a myth.
3855,3548,8,17,99,124,1.2661290322580645,0.051350590635686706,645,"Honestly, Don, I'm not a fan."
2870,3556,5,19,85,109,1.2660550458715596,0.05155120411209087,645,"Sorry, this is the only golf course country club available for your wedding."
6663,3556,4,21,84,109,1.2660550458715596,0.049876166453517105,645,It's the most energy efficient property on the market. Just be very careful entering and leaving.
2827,3558,6,30,122,158,1.2658227848101267,0.04155499762800144,645,"The house is nice,but it can be a little windy."
6251,3559,5,28,110,143,1.2657342657342658,0.04320354997142997,645,Deal of the century!...two bedrooms...den...updated kitchen and motivated seller...
6222,3560,2,30,96,128,1.265625,0.04221414840770096,645,"It's got three bedrooms, two baths, and the most challenging pass-through in the neighborhood."
7369,3560,6,22,100,128,1.265625,0.04768815691594056,645,"None of the neighbours wanted to chip in for a doorman, so they went Dutch."
6722,3560,4,26,98,128,1.265625,0.04503440149389559,645,"Yeah, it's a bit of a white elephant but we're thinking green here: you've got your wind power and a whole lot more."
5673,3560,5,24,99,128,1.265625,0.04638026319434138,645,We are playing with the big boys now.
2367,3560,4,26,98,128,1.265625,0.04503440149389559,645,"Members assume all risks and dangers, including specifically, but not exclusively, any damages or injuries resulting from windmills, elephants, errant golf balls, or random acts of God."
3461,3560,7,20,101,128,1.265625,0.04896112545788099,645,You don’t have to pay for miniature golf anymore and you have a real chance of getting it in on the first try.
2508,3560,6,22,100,128,1.265625,0.04768815691594056,645,Is this on par for your budget?
501,3560,2,30,96,128,1.265625,0.04221414840770096,645,and just think how much you will save on electricity
5563,3560,4,26,98,128,1.265625,0.04503440149389559,645,It’s great for kids and your short game.
1502,3569,6,18,89,113,1.2654867256637168,0.05185816976771166,645,"Par on this unit is a little above your budget, but it does has high ceilings and it's only 1 hole away from the alligator."
1817,3569,6,18,89,113,1.2654867256637168,0.05185816976771166,645,Our social media research said you were titling at windmills..
2070,3569,4,22,87,113,1.2654867256637168,0.048715645801597096,645,"I can. have you in this, up top beauty ,for 1000 down and
 of course free electric"
608,3572,5,29,113,147,1.2653061224489797,0.04243818992211959,645,It's definitely an under 55 and younger community!
4437,3572,5,29,113,147,1.2653061224489797,0.04243818992211959,645,The best part is when they miss from an inch away.
5147,3574,7,21,104,132,1.2651515151515151,0.04792701155749111,645,"Best of all, the purchase price includes free lifetime membership to the miniature golf course!"
7084,3574,10,15,107,132,1.2651515151515151,0.051419643132208565,645,Timed entry provides great security.
5332,3574,7,21,104,132,1.2651515151515151,0.04792701155749111,645,Reduced for a quick sail.
4459,3574,3,29,100,132,1.2651515151515151,0.042829391226308085,645,"When we told you we wanted to downsize, this is not what we meant"
808,3574,7,21,104,132,1.2651515151515151,0.04792701155749111,645,"The lease is for one year, but you'll need to be out on weekends for the miniature golf and on Wednesdays when that guy from La Mancha drops by!"
3278,3574,8,19,105,132,1.2651515151515151,0.04911882386454116,645,"The President heard Holland had big windmills and, well, we ended up with this.”"
2916,3574,7,21,104,132,1.2651515151515151,0.04792701155749111,645,You gotta admit... it really makes you feel like we are in one of those Hitchcock movies.
162,3574,5,25,102,132,1.2651515151515151,0.045449726014839965,645,And...best of all!  It's like having the Golf Channel in your living room.
3549,3574,4,27,101,132,1.2651515151515151,0.044158998786431834,645,This is too run-of-the-mill for you? Even with the elephant over there in the churchyard??
1003,3583,4,23,90,117,1.264957264957265,0.04762741360339789,645,It's true: Don Quixote DID spend time here...
3592,3583,5,21,91,117,1.264957264957265,0.0491501042000611,645,Utilities are included in the purchase price!
2295,3585,4,32,115,151,1.2649006622516556,0.040637292711713374,645,It's a fore ever home.
6802,3586,7,22,107,136,1.2647058823529411,0.04694976469560254,645,"If you’ve got the balls for it, this could be a nice fixer upper rental property."
5237,3586,5,26,105,136,1.2647058823529411,0.04456922123197992,645,This house has old school security features.
4918,3586,2,32,102,136,1.2647058823529411,0.040738410567967114,645,"The one advantage to the 18th hole, is the possibility of replay"""
4286,3586,5,26,105,136,1.2647058823529411,0.04456922123197992,645,I'd recommend making a strong offer because in the current climate these properties move very fast.
4535,3586,6,24,106,136,1.2647058823529411,0.04577497070560295,645,"It was the winner in the Tiny House contest! There are a few hazards, tho . . ."
3704,3586,3,30,103,136,1.2647058823529411,0.04205413841083768,645,"Since we canceled the Trump branding license, sales are up 30 percent."
2783,3586,6,24,106,136,1.2647058823529411,0.04577497070560295,645,"There’s only one thing about this listing, folks...you have to be quick when you go in and out."
2263,3586,4,28,104,136,1.2647058823529411,0.04332993214109077,645,"Wind power is the key to your future. 
So is a front door."
2094,3586,8,20,108,136,1.2647058823529411,0.04809587161956923,645,It's gonna take a lot of balls to live at this property.
4039,3586,6,15,81,102,1.2647058823529411,0.05560501945291115,645,"With a strong wind, you don't need a front door."
126,3596,6,20,95,121,1.2644628099173554,0.04947185949330019,645,"And you’re going to love your neighbors, the clown mouths."
2108,3596,5,22,94,121,1.2644628099173554,0.048059586295481994,645,"Umm, yes. The UPS guy does leave packages ...somewhere else."
2181,3596,2,28,91,121,1.2644628099173554,0.043548831148459234,645,"No need for air conditioning, and best yet, it's off the grid!"
2435,3596,4,24,93,121,1.2644628099173554,0.04660453613180722,645,"You said you both can still sprint, correct?"
2859,3596,6,20,95,121,1.2644628099173554,0.04947185949330019,645,This beautiful home is energy efficient and literally on the golf course!
2912,3596,6,20,95,121,1.2644628099173554,0.04947185949330019,645,If you sign now I can throw in a lifetime supply of stubby pencils.
6116,3596,6,20,95,121,1.2644628099173554,0.04947185949330019,645,"Here, at our safest property, you’ll be neighbors with the lighthouse and the school district is far from the volcano."
6253,3596,5,22,94,121,1.2644628099173554,0.048059586295481994,645,"As far as houses on a golf course, I've also got a clown head I really think you'd like."
6448,3604,4,29,107,140,1.2642857142857142,0.04254338730354498,645,You understand that you leave your condo at your own risk during business hours.
7000,3604,7,23,110,140,1.2642857142857142,0.04602460833093375,645,"You said you're an ornithologist, Mr Smith? Well you'll like this place - we get a lot of birdies around here."
5814,3604,5,27,108,140,1.2642857142857142,0.04373459415815174,645,"Trust me, no one misses this shot"
810,3604,5,27,108,140,1.2642857142857142,0.04373459415815174,645,"Based on our estimates, 70% of the energy bill is covered, and only one in three will be playing through."
3339,3604,6,25,109,140,1.2642857142857142,0.044894205072559736,645,And it's surprisingly affordable if you're willing to go dutch.
3652,3604,5,27,108,140,1.2642857142857142,0.04373459415815174,645,This is another feature of the Nine Hole Estates plan! All of your electricity and flour needs are taken care of right here.
1678,3604,7,23,110,140,1.2642857142857142,0.04602460833093375,645,"No, I'm afraid it doesn't come with a golf cart."
3164,3611,2,24,80,106,1.2641509433962264,0.047016822881431934,645,The developer is a huge fan of miniature golf.
5292,3611,4,20,82,106,1.2641509433962264,0.050694878168294905,645,"Giant balls rolling through?
That almost never happens."
7509,3613,4,25,96,125,1.264,0.04564095500965716,645,"Unfortunately..
No home delivery’s"
7158,3613,7,19,99,125,1.264,0.049701041723359256,645,I am available anytime before 30 mph.
5334,3613,8,17,100,125,1.264,0.050982602978384826,645,"You do realize that this house is equiped with renewable clean energy ,right?"
4995,3613,3,27,95,125,1.264,0.04420480195780808,645,"Now that you have downsized, this is the perfect place for you."
7426,3613,6,21,98,125,1.264,0.0483855483623218,645,Who puts the hole in front of the windmill?  Who cares?  This place is a steal!
2512,3613,6,21,98,125,1.264,0.0483855483623218,645,...and excess electricity can be sold back to the grid
878,3613,7,19,99,125,1.264,0.049701041723359256,645,"No, no, the children aren't the worst part. It's the middle aged men."
333,3613,6,21,98,125,1.264,0.0483855483623218,645,"Believe me, this is the hardest one to get on the block."
3879,3613,8,17,100,125,1.264,0.050982602978384826,645,"After running the comps, this place is on par with the neighborhood."
77,3613,3,27,95,125,1.264,0.04420480195780808,645,You said you were interested in a property near a golf range.
5077,3623,3,32,109,144,1.2638888888888888,0.040617455501845,645,....and we partner with a local bank that specializes in miniature loans.
5446,3623,7,24,113,144,1.2638888888888888,0.0451472931629876,645,"He practices his putting early, before you'll even be getting up.  So you can forget about all that ""Fe, Fi, Fo, Fum"" stuff."
3136,3623,7,24,113,144,1.2638888888888888,0.0451472931629876,645,"Some would call it 'multiple beheadings'. I call it ""motivated seller""."
3941,3623,5,28,111,144,1.2638888888888888,0.04294214579750938,645,Trust me. The pros of living on a golf course outweigh the cons.
3035,3627,6,17,87,110,1.2636363636363637,0.05274337564352528,645,"If you want to be off the grid, this is the home for you."
5896,3627,4,21,85,110,1.2636363636363637,0.04947981741567324,645,Watch out for Don Quixote.
7019,3629,5,24,100,129,1.2635658914728682,0.046065365596917485,645,I'm required to tell you that the previous owners were not fleet of foot.
1614,3629,10,14,105,129,1.2635658914728682,0.05222679448919327,645,On windy days your electricity is free.
3420,3629,6,22,101,129,1.2635658914728682,0.047361819418023005,645,Getting a mortgage should be a breeze.
3596,3629,4,26,99,129,1.2635658914728682,0.044731352277456546,645,It’s the perfect place for folks who hate door to door cable salespeople.
4475,3629,7,20,102,129,1.2635658914728682,0.04862371817943557,645,It's very ecological: wind power and a garbage disposal unit right out front.
4862,3634,8,23,117,148,1.2635135135135136,0.045339404091624,645,Do you want it?  I have another couple coming in 2 seconds.
3822,3634,6,27,115,148,1.2635135135135136,0.043264352955627354,645,You asked for​ a house with a picket fence.
1431,3634,8,23,117,148,1.2635135135135136,0.045339404091624,645,And you can Airbnb with your Dutch friends!”
983,3637,5,20,89,114,1.263157894736842,0.04992251654900036,645,"If  mini golf  isn’t your thing, we also have Chuck E. Cheese condos."
1467,3637,6,23,104,133,1.263157894736842,0.046395155595813774,645,"And,don't forget,there's a 7,500 Euro renewable energy tax credit if you settle by the end of the year."
1588,3637,8,14,92,114,1.263157894736842,0.05438771776752686,645,"I know the housing market is tough these days, but I can assure you: this is a hole-in-one!"
2478,3637,5,20,89,114,1.263157894736842,0.04992251654900036,645,"Yeah, the huge hole is a bit off-putting."
3726,3637,6,23,104,133,1.263157894736842,0.046395155595813774,645,We're so glad we found you - there's not many people qualified to play the part of terrified citizens on the President's new miniature golf course
4512,3637,6,23,104,133,1.263157894736842,0.046395155595813774,645,I told you you t was near a golf course”
5625,3637,5,25,103,133,1.263157894736842,0.045150739708304057,645,You will have a ball living here.
6406,3637,6,23,104,133,1.263157894736842,0.046395155595813774,645,"It's fine, after a day or two you won't even hear it."
4699,3645,6,24,107,137,1.2627737226277371,0.045480679010271745,645,There's also room on the roof for two solar panels!
6661,3645,7,22,108,137,1.2627737226277371,0.04664583979511086,645,"The golfers aren't really a problem, the Don Quixote wannabe can be a bit of pain, but hey, where are you going to find a price like this?"
5825,3645,6,24,107,137,1.2627737226277371,0.045480679010271745,645,At least you won't have to worry about maintaining the lawn.
5573,3645,9,18,110,137,1.2627737226277371,0.04889293184196156,645,This house has a revolutionary design concept.
5016,3645,6,24,107,137,1.2627737226277371,0.045480679010271745,645,The home owners association states one has to play through .
2037,3645,4,28,105,137,1.2627737226277371,0.0430558677687934,645,Just don't tilt at it and you'll be fine.
1946,3645,6,24,107,137,1.2627737226277371,0.045480679010271745,645,The upside is you get to keep the golf balls.
1389,3645,6,24,107,137,1.2627737226277371,0.045480679010271745,645,Coming and going here will be more fun than ever.
739,3645,4,28,105,137,1.2627737226277371,0.0430558677687934,645,Do you like golf?
276,3654,3,25,90,118,1.2627118644067796,0.04571762067802669,645,How about those vaulted ceilings?
364,3654,5,21,92,118,1.2627118644067796,0.04878350073281292,645,And you don't need to furnish the ground floor.
502,3654,6,19,93,118,1.2627118644067796,0.0502463381291868,645,This house definitely puts you on par with the Joneses.
2944,3654,4,23,91,118,1.2627118644067796,0.04727542059150977,645,"Before we look at the inside, are you familiar with the golf term ""fore""?"
3442,3654,4,23,91,118,1.2627118644067796,0.04727542059150977,645,You don't get this close to the action at Pitch and Putt Estate.
3831,3654,4,23,91,118,1.2627118644067796,0.04727542059150977,645,"So, love it or list it ?"
7024,3654,2,27,89,118,1.2627118644067796,0.04410483294170516,645,Just don't put any furniture in the foyer and you'll be fine.
4486,3661,6,25,110,141,1.2624113475177305,0.04461406049909625,645,"Picket fence, church, your kind of neighbors. Trust me: No one notices the black hole."
7137,3661,8,21,112,141,1.2624113475177305,0.04682999721764306,645,"Don't worry, we don't have much wind around here."
3082,3661,7,23,111,141,1.2624113475177305,0.04573545142240031,645,It comes with a turnkey security system.
1736,3661,7,23,111,141,1.2624113475177305,0.04573545142240031,645,Well it's better than living in the clowns mouth.
1892,3661,5,27,109,141,1.2624113475177305,0.0434637466358263,645,"Not to worry, it's a par four."
1818,3661,5,27,109,141,1.2624113475177305,0.0434637466358263,645,... and it's near the golf course.
2020,3661,3,31,107,141,1.2624113475177305,0.041066568233002684,645,And the putt putt balls only come through the first floor.
362,3668,6,20,96,122,1.2622950819672132,0.0491125396521135,645,And it even has a yard you can putter around in!!
2054,3668,4,24,94,122,1.2622950819672132,0.0462717576639643,645,... but there's nothing miniature about the deal you'll be getting!
3345,3668,4,24,94,122,1.2622950819672132,0.0462717576639643,645,"Before you decide to buy, perhaps we should take a putt around the neighborhood."
3735,3668,5,22,95,122,1.2622950819672132,0.04771329536090051,645,Get ready. The kid just pulled his finger out of the dike.
3818,3668,2,28,92,122,1.2622950819672132,0.04324476342338869,645,Electricity is included!
4151,3668,5,22,95,122,1.2622950819672132,0.04771329536090051,645,Getting inside is a little tricky. It’s all about timing.
4530,3668,4,24,94,122,1.2622950819672132,0.0462717576639643,645,The Church is 650.  Elephant is 720. This is a steal at 680 plus you get to keep all the misses.
6595,3668,5,22,95,122,1.2622950819672132,0.04771329536090051,645,Does it come with tulips?
7257,3668,5,22,95,122,1.2622950819672132,0.04771329536090051,645,Next up is an energy-efficient fore bedroom
3964,3677,4,30,111,145,1.2620689655172415,0.041546596717075446,645,You should bid higher.  Tiny houses are very hot now.
3541,3677,12,14,119,145,1.2620689655172415,0.04992397443789425,645,You might even consider adding a wing.
2302,3677,7,24,114,145,1.2620689655172415,0.04487177309412216,645,It's a natural setting and you'll see eagles out the window all the time.
914,3677,2,34,109,145,1.2620689655172415,0.03917331767345282,645,It's a 100% green community.
2587,3677,8,22,115,145,1.2620689655172415,0.04592669660691276,645,That IS the elevator.
6626,3682,6,21,99,126,1.2619047619047619,0.0480457076404931,645,Because global warming is the elephant in the room.
222,3682,5,23,98,126,1.2619047619047619,0.04670552318186373,645,"If you buy this hole, timing is everything."
811,3682,6,21,99,126,1.2619047619047619,0.0480457076404931,645,"I'm not going to lie to you, this is the most difficult house in the neighborhood."
1151,3682,6,21,99,126,1.2619047619047619,0.0480457076404931,645,"Don't worry about large golf balls rolling through your living room, Mr. and Mrs. Panza.  It'll never happen.  The President not only can't read, but he can't read greens either."
1825,3682,8,17,101,126,1.2619047619047619,0.050619741965403094,645,This next showing will blow you away.
2488,3682,7,19,100,126,1.2619047619047619,0.049349510125834724,645,This place should fit you just fine and you qualify for a sub-par loan.
2830,3682,2,29,95,126,1.2619047619047619,0.042431751257038984,645,"""We will see much of the neighbors?""
""No. They tend to just play through."
2958,3682,5,23,98,126,1.2619047619047619,0.04670552318186373,645,This one is not exactly par for the course.
5637,3682,4,25,97,126,1.2619047619047619,0.04532572965444112,645,May I interest you in some solar panels?
6289,3682,5,23,98,126,1.2619047619047619,0.04670552318186373,645,"You’ll love this beautiful Tudor complete with its own green energy source.  Plus, every time someone hits a hole-in-one, balloons drop and you get a certificate for a free hot dog!"
7174,3682,4,25,97,126,1.2619047619047619,0.04532572965444112,645,The neighborhood is absolutely quiet after 7:00 p.m. on weekdays and 9:00 p.m. on weekends.  Absolutely...!
2211,3693,7,25,117,149,1.261744966442953,0.04405112743045617,645,They say it takes a lot of balls to live in this club.
852,3693,5,29,115,149,1.261744966442953,0.04194177374360649,645,"Not only a retirement home on a golf course, 
but also a free round every time you fall in the hole."
2919,3695,9,16,105,130,1.2615384615384615,0.050700338143613036,645,"OK, the seller agreed to remove the 'bob' !"
3169,3695,5,24,101,130,1.2615384615384615,0.04575458392739736,645,The Air Conditioning bills are really low.
4123,3695,5,24,101,130,1.2615384615384615,0.04575458392739736,645,Sally and John wondered why the realtor would only meet them when the mini golf course was closed.
4374,3695,3,28,99,130,1.2615384615384615,0.043069255642691595,645,Mini golf is for kids. This is mega golf!
6271,3695,5,24,101,130,1.2615384615384615,0.04575458392739736,645,"Yes. But, it is powered by clean energy."
6343,3695,6,22,102,130,1.2615384615384615,0.04703979735018118,645,"Don't worry, there aren't any security problems in the neighborhood. As you can see, it's a fence, not a wall."
6798,3695,3,28,99,130,1.2615384615384615,0.043069255642691595,645,I'm going to be frank...it's a seller's market.
1485,3702,5,30,118,153,1.261437908496732,0.04123485412706176,645,"Don't sweat, only one every ten gets through"
3615,3702,8,24,121,153,1.261437908496732,0.044252809299484865,645,"And if it's windy, of course, you'll have to be careful coming out the front door."
2716,3704,4,21,86,111,1.2612612612612613,0.04908951810885056,645,"Any golfballs you catch, you keep."
7072,3704,5,19,87,111,1.2612612612612613,0.05073047360275016,645,Yes. This house on the golf course is within your budget.
1484,3704,4,21,86,111,1.2612612612612613,0.04908951810885056,645,this windmill is up to par
7463,3707,5,25,104,134,1.2611940298507462,0.04485553873920508,645,"Now market value for this Dutch-inspired cottage is Par 4, but if you time it right, you'll find yourselves rolling right through that door in under 4."
7325,3707,5,25,104,134,1.2611940298507462,0.04485553873920508,645,And the lawn requires no mowing
4076,3707,4,27,103,134,1.2611940298507462,0.043586678067389806,645,...and removing lingering dinner guests is a breeze...
6004,3707,7,21,106,134,1.2611940298507462,0.04729123657563231,645,Airconditioned?!
4047,3707,7,21,106,134,1.2611940298507462,0.04729123657563231,645,"People into fitness, like you folks, love it here..you have to run fast to avoid the paddles and then jump over the hole."
642,3707,7,21,106,134,1.2611940298507462,0.04729123657563231,645,"No, the elephant doesn’t come with it."
2330,3707,4,27,103,134,1.2611940298507462,0.043586678067389806,645,The spinning trunk slicer and foot trap offer double protection from the marauding churchyard elephant
1819,3707,5,25,104,134,1.2611940298507462,0.04485553873920508,645,Just think how it will keep solicitors from coming to your door.
169,3707,7,21,106,134,1.2611940298507462,0.04729123657563231,645,It’s perfect for flipping.
3631,3707,6,23,105,134,1.2611940298507462,0.04608948042903473,645,It's a revolutionary architecture.
2362,3717,6,29,122,157,1.2611464968152866,0.0415548853183028,645,Energy & protection... it's a hole in one!
5743,3718,5,26,107,138,1.2608695652173914,0.04400401468716787,645,"No, the sixth hole is the hardest."
3968,3718,8,20,110,138,1.2608695652173914,0.04747328592987294,645,Consider what a great place this is to dry laundry!
3676,3718,6,24,108,138,1.2608695652173914,0.04519004128550317,645,After a few days you won’ even notice them.
5255,3718,5,26,107,138,1.2608695652173914,0.04400401468716787,645,Maybe you two can go Dutch on this one!
5193,3718,7,22,109,138,1.2608695652173914,0.046345726385314936,645,What a hole.
2913,3718,3,24,88,115,1.2608695652173914,0.04635773825940722,645,It's a great location if you like clubbing.
1688,3718,6,24,108,138,1.2608695652173914,0.04519004128550317,645,The air-conditioning is included.
1888,3718,6,24,108,138,1.2608695652173914,0.04519004128550317,645,The electric bill savings will blow you away.
1391,3718,5,26,107,138,1.2608695652173914,0.04400401468716787,645,"Well, you wind some, you lose some."
921,3718,5,26,107,138,1.2608695652173914,0.04400401468716787,645,"No, you must bring your own putters"
121,3718,8,20,110,138,1.2608695652173914,0.04747328592987294,645,"The ""Quixote"" model is equipped with energy-saving features."
2106,3718,3,24,88,115,1.2608695652173914,0.04635773825940722,645,The real estate market here is certainly turning around.
1361,3730,3,31,108,142,1.2605633802816902,0.04081819458242865,645,"This quaint, vintage, family home is within walking distance of many children's entertainment opportunities."
4165,3730,7,23,112,142,1.2605633802816902,0.04544981289771381,645,Is it a bit drafty?
4351,3730,7,23,112,142,1.2605633802816902,0.04544981289771381,645,Green energy! Within your budget!
4754,3730,9,19,114,142,1.2605633802816902,0.04759690887201905,645,Good news; the inspection report indicates the building is Don Quixote proof.
5406,3730,3,31,108,142,1.2605633802816902,0.04081819458242865,645,"We are waiting for Solar Panels to Come Around.......
Then the value of this Property will Go Sky High...."
6644,3730,3,31,108,142,1.2605633802816902,0.04081819458242865,645,"We are offering this home at a great price!
Are you both fast runners?"
7129,3730,7,23,112,142,1.2605633802816902,0.04544981289771381,645,"If you can putt down a miniature deposit, we can swing a deal."
6720,3737,5,21,93,119,1.2605042016806722,0.04842217029986229,645,"Believe me, you're going to have a ball living here."
6200,3737,4,23,92,119,1.2605042016806722,0.046928421273803936,645,The balls crashing through your living room are very rarely an issue.
5449,3737,4,23,92,119,1.2605042016806722,0.046928421273803936,645,"The golf is just miniature. You will, of course, stay at your normal size."
2247,3737,3,25,91,119,1.2605042016806722,0.04538553591128305,645,"You both clearly have a keen sensing of timing, getting into this market now."
3287,3737,4,23,92,119,1.2605042016806722,0.046928421273803936,645,"Occasionally , a large white rabbit will come out of the hole ."
2298,3737,5,21,93,119,1.2605042016806722,0.04842217029986229,645,"Pros: You'll get a great cross breeze. 
Cons: It's a windmill."
5013,3737,4,23,92,119,1.2605042016806722,0.046928421273803936,645,"Given the tricky lies, my commission is par for the course."
6761,3744,4,30,112,146,1.2602739726027397,0.04130007533902064,645,The south-facing ball chute brings in great natural light.
113,3744,7,24,115,146,1.2602739726027397,0.044599508482464946,645,You should see our tennis courts.
3300,3744,7,24,115,146,1.2602739726027397,0.044599508482464946,645,It's a miniature golfer's dream house!
4361,3744,4,30,112,146,1.2602739726027397,0.04130007533902064,645,"And with just the addition of a flowing stream, you could have electricity."
6646,3744,6,26,114,146,1.2602739726027397,0.04352749528272793,645,It's very reasonable and it's on the fourteenth green!
6313,3749,5,22,96,123,1.2601626016260163,0.04737181455611305,645,"Let's not putter around...the odds are a million-to-one that they'll even hit the hole in one, so the house may light up once...perhaps twice a season, right?"
7367,3749,5,22,96,123,1.2601626016260163,0.04737181455611305,645,"You’ve chosen this hole to sponsor, Mr. Quixote. May I ask why"
6035,3749,4,24,95,123,1.2601626016260163,0.04594353918685369,645,I think we’re in a bad spot here!!!
2369,3752,7,25,118,150,1.26,0.0437912477337203,645,Depends on your timing . . . you can go in or you can hitch a ride on a blade for a great view.
18,3753,3,27,97,127,1.2598425196850394,0.04360432473972742,645,It is a very competitive market.
2635,3753,5,23,99,127,1.2598425196850394,0.04638217211292898,645,"Yes,it's totally open concept."
3477,3753,5,23,99,127,1.2598425196850394,0.04638217211292898,645,I assure you it is not subpar. It's par 3.
5272,3753,3,27,97,127,1.2598425196850394,0.04360432473972742,645,"Well, look at it this way.  Aside from the occasional inconvenient golfer, your income from the milling operation should amply cover your mortgage payments."
7227,3753,7,19,101,127,1.2598425196850394,0.04900280240781264,645,"Confidentially, I think the sellers might entertain an offer of two under par."
7529,3753,2,29,96,127,1.2598425196850394,0.04214680010457168,645,It's the most mega property in Mini-golf Estates.
7545,3753,7,19,101,127,1.2598425196850394,0.04900280240781264,645,"We want to live **on** a golf course, not **in** a golf course."
2429,3760,5,30,119,154,1.2597402597402598,0.04100138066744237,645,"Well, curb appeal isn't everything."
4120,3761,5,17,82,104,1.2596153846153846,0.05291218983750678,645,"What comes around, goes around."
2695,3762,6,22,103,131,1.2595419847328244,0.046722009006535774,645,The zoning will have to change from miniature golf to residential
5992,3762,7,20,104,131,1.2595419847328244,0.047962338743050364,645,"Yes, the price may be rough, but try finding another Dutch Colonial that comes with its own club!"
5767,3762,3,28,100,131,1.2595419847328244,0.04278582346195884,645,"We like to say it's green energy and intruder control, all rolled into one."
5447,3762,5,24,102,131,1.2595419847328244,0.045447841681542034,645,This next one has that open-floor plan you’re looking for.
2378,3762,3,28,100,131,1.2595419847328244,0.04278582346195884,645,Its a great house... you just need to be careful when you're walking your dog.
812,3762,4,26,101,131,1.2595419847328244,0.04413690634167973,645,"Don’t worry, residents get to putter around the house for free."
5086,3762,3,28,100,131,1.2595419847328244,0.04278582346195884,645,"It won’t keep out all intruders, but let’s just say they’re not getting very far."
6358,3769,6,23,106,135,1.2592592592592593,0.04578769832807442,645,It's in the homeowner's guidelines; you can only tilt at your own windmill.
664,3769,5,25,105,135,1.2592592592592593,0.04456405500702562,645,you cant imagine the fun of living in a golf course resort.
1205,3769,3,22,83,108,1.2592592592592593,0.04810419486469852,645,The previous owners didn't last long.
4566,3769,3,29,103,135,1.2592592592592593,0.0420099792863805,645,There is one thing I should disclose: You will need to carefully time your ingress and egress.
5359,3769,5,25,105,135,1.2592592592592593,0.04456405500702562,645,Buying this house will be a breeze.
5690,3769,6,23,106,135,1.2592592592592593,0.04578769832807442,645,"Bill, is he not going to bring up the elephant in the room?"
7493,3769,4,27,104,135,1.2592592592592593,0.04330585040333075,645,"With all the tax write-offs, this thing just might work."
4079,3776,8,20,111,139,1.2589928057553956,0.047167865964530195,645,and the Sump pump is amaaaazing...
1935,3776,3,30,106,139,1.2589928057553956,0.04127330259224871,645,It's your ultimate eco-home.  Not much sun but all the wind power you'll ever want.
6948,3776,5,26,108,139,1.2589928057553956,0.043726586145981586,645,"Ironically, sub-par homes go fast and for a premium in this neighborhood .  Shall we get the ball rolling?"
431,3776,5,26,108,139,1.2589928057553956,0.043726586145981586,645,"Technically, it is adjacent to the fourth green."
164,3776,4,28,107,139,1.2589928057553956,0.042517642472585854,645,But it's reinforced gingerbread.
1095,3776,4,28,107,139,1.2589928057553956,0.042517642472585854,645,The air conditioning is extraordinary!
4980,3782,8,13,91,112,1.2589285714285714,0.054915308191129976,645,Just think of what you'll save on your electric bill.
2553,3782,4,21,87,112,1.2589285714285714,0.04870513761633513,645,The previous owners led a very competitive lifestyle.
2544,3782,6,17,89,112,1.2589285714285714,0.051903186337415405,645,You should see the putter.
1791,3785,7,23,113,143,1.2587412587412588,0.0451676312546647,645,They didn't tell you the land's been rezoned?
2752,3785,6,25,112,143,1.2587412587412588,0.044063838426966706,645,This property is already generating a lot of buzz.
3320,3785,8,21,114,143,1.2587412587412588,0.046245085894578014,645,You did say you wanted to downsize.
6895,3785,7,23,113,143,1.2587412587412588,0.0451676312546647,645,Mr. Trump believes this is going to be HUGE with the Dutch golfers.
1795,3789,6,18,92,116,1.2586206896551724,0.05066379415575519,645,This place is better value because they put the hole in the wrong location.
1217,3790,7,24,116,147,1.2585034013605443,0.04433044410499038,645,No electric bills with this model.
4928,3790,6,26,115,147,1.2585034013605443,0.04326661893920212,645,It's handicap accessible.
6912,3790,5,28,114,147,1.2585034013605443,0.04217596891968897,645,The last owner lost his head.
6236,3793,6,19,95,120,1.2583333333333333,0.04950148306259951,645,Don Quixote slept here. Joust kidding!
5790,3793,5,21,94,120,1.2583333333333333,0.04806600464972997,645,These babies used to be a hard sell but now they're considered sustainable.
5757,3793,5,21,94,120,1.2583333333333333,0.04806600464972997,645,"This one's on the upper edge of your budget, but it has a nice view overlooking Hole #7."
5490,3793,3,25,92,120,1.2583333333333333,0.04505805985803134,645,"Look on the bright side.  
The artificial turf keeps the maintenance costs very low."
5322,3793,6,19,95,120,1.2583333333333333,0.04950148306259951,645,"But, you'll save a bundle on your electric bill!"
4887,3793,2,27,91,120,1.2583333333333333,0.043476116843170015,645,The location isn't the best but you'll save a ton on energy costs!
2266,3793,4,23,93,120,1.2583333333333333,0.046586315378863125,645,You should see the balls on this one.
3305,3793,4,23,93,120,1.2583333333333333,0.046586315378863125,645,It includes an avant-garde security system that is shockingly effective.
1346,3793,5,21,94,120,1.2583333333333333,0.04806600464972997,645,"Of course the water views are better over near the clowns mouth, but the kids are gonna love being so close to the pirates ship."
1058,3793,3,25,92,120,1.2583333333333333,0.04505805985803134,645,"It only makes noise when someone gets a hole in one, which never happens past ten."
525,3793,4,23,93,120,1.2583333333333333,0.046586315378863125,645,And an added benefit is that you don’t have to cut the AstroTurf.
4746,3793,6,19,95,120,1.2583333333333333,0.04950148306259951,645,It's perfect for people who like to be on the go.
4222,3805,6,27,118,151,1.2582781456953642,0.04250809678379129,645,You’ll save a bundle on electric.
6318,3806,6,20,98,124,1.2580645161290323,0.04840894689803205,645,Wind power is the eco-friendly alternative to unsightly solar panels
7393,3806,7,18,99,124,1.2580645161290323,0.04974491414544795,645,This is the Dutch treat you won on the quiz show.
6314,3806,2,28,94,124,1.2580645161290323,0.04264861973769475,645,"Inconvenient, you say? I say, the energy  savings alone are worth any minor inconvenience!"
7399,3806,5,22,97,124,1.2580645161290323,0.047035048593734724,645,"Granted, it is a bit quixotic - reducing your carbon footprint and keeping your husband close to home for golf."
3838,3806,5,22,97,124,1.2580645161290323,0.047035048593734724,645,You'll never have to mow the lawn.
1999,3806,3,26,95,124,1.2580645161290323,0.04415920186203535,645,Watch out for the giant putts.
102,3806,4,24,96,124,1.2580645161290323,0.04561979233461597,645,My advice is simply to ignore that elephant in the corner....
5683,3806,5,22,97,124,1.2580645161290323,0.047035048593734724,645,The club action here is to die for.
7497,3814,5,23,100,128,1.2578125,0.04606313835709762,645,"Sure, there's the occasional golf ball, but remember there's no crab grass, no gophers, no dandelions, and no grass to be cut every week."
7028,3814,4,25,99,128,1.2578125,0.04470773109029495,645,The minor annoyance of golf balls occasionally passing through the ground floor is reflected in the price.
6861,3814,5,23,100,128,1.2578125,0.04606313835709762,645,That? It doubles as a clothes dryer.
6109,3814,8,17,103,128,1.2578125,0.049908989205293415,645,Lets talk about the giant windmill in the room.
5455,3814,5,23,100,128,1.2578125,0.04606313835709762,645,There is a clause in the deed which allows for an annual celebration involving a man on horseback wearing a tin helmet to charge through your living room.
5425,3814,3,27,98,128,1.2578125,0.043309926381594484,645,...and the best part is you'll never mow again.
5140,3814,5,23,100,128,1.2578125,0.04606313835709762,645,"And if you get a hole-in-one, we offer an extra night’s stay!"
4528,3814,4,25,99,128,1.2578125,0.04470773109029495,645,"At this price, it's a hole-in-one!"
4373,3814,2,29,97,128,1.2578125,0.04186547774857158,645,"The homeowners association dues include golf privileges!"""
2128,3814,6,21,101,128,1.2578125,0.04737978694937442,645,".and as you know, mini houses are all the rage."
1735,3814,5,23,100,128,1.2578125,0.04606313835709762,645,"Of course, you'll never need air conditioning."
1244,3814,7,19,102,128,1.2578125,0.048660823127348575,645,"No, Mr. and Mrs. Vanderbeek, solar may be overkill."
5595,3826,6,22,104,132,1.2575757575757576,0.046408374605699396,645,"As you can see it's a traditional Danish floorpan, but if you really want it, your timing has to be just right."
5115,3826,11,12,109,132,1.2575757575757576,0.05226891369219937,645,"If you're not seeing yourself in this home, I can show you a great oil rig in the same school district."
4134,3826,5,24,103,132,1.2575757575757576,0.04514506409940063,645,This was one of Tiger Woods' holiday homes!
4121,3826,3,28,101,132,1.2575757575757576,0.04250595217767891,645,"If you buy today, I am prepared to throw in a giant scorecard and pencil, free of charge."
659,3826,4,26,102,132,1.2575757575757576,0.04384536910022607,645,And it comes with your own putting green
1855,3826,3,28,101,132,1.2575757575757576,0.04250595217767891,645,The garage only fits a VW Golf.
1364,3826,5,24,103,132,1.2575757575757576,0.04514506409940063,645,It's the latest ultimate renewable energy house.
3481,3826,9,16,107,132,1.2575757575757576,0.05000718444938409,645,And the leaves and other debris are frequently removed by giants with metal clubs.
3238,3834,4,18,79,101,1.2574257425742574,0.051996697051488655,645,"On windy days, every time you go in or out, you'll get a free haircut."
344,3835,3,29,104,136,1.2573529411764706,0.04174348934847243,645,How about we take this baby for a spin?
1054,3835,8,19,109,136,1.2573529411764706,0.047824483398717685,645,"It gets a little tricky with the big balls rolling through, but you get used to it."
4362,3835,2,31,103,136,1.2573529411764706,0.04041765011863496,645,The neighborhood is subpar but you can get it for a great price.
6516,3835,5,25,106,136,1.2573529411764706,0.04427622191123931,645,We'll take it. Putt 'er there.
2092,3839,6,24,110,140,1.2571428571428571,0.04461946972181272,645,And you never have to mow the artificial grass.
5149,3839,3,30,107,140,1.2571428571428571,0.041019170024506085,645,"Of course, you must time your entrance carefully, especially in windy days."
2861,3839,4,28,108,140,1.2571428571428571,0.04225336948005622,645,And the utilities are all off the grid!
1972,3839,8,20,112,140,1.2571428571428571,0.04686626637671682,645,This is what's called 'renewable' chic.
705,3839,5,26,109,140,1.2571428571428571,0.043452527605847675,645,Condo dues include access to the snack bar.
1135,3839,8,20,112,140,1.2571428571428571,0.04686626637671682,645,Let's address it now; before the elephant's in the room.
1948,3839,6,24,110,140,1.2571428571428571,0.04461946972181272,645,"In real estate timing is everything, and in this property especially, the race is to the swift."
583,3839,6,24,110,140,1.2571428571428571,0.04461946972181272,645,"Exactly what DID you have in mind for ""Downsizing in Holland""?"
1195,3847,3,31,110,144,1.2569444444444444,0.04032999053960716,645,"Yes, you can enter the house through the backdoor anytime."
1943,3847,6,25,113,144,1.2569444444444444,0.04379364598089652,645,Do you have anything more in the style of clown's face?
2746,3847,7,23,114,144,1.2569444444444444,0.04488884633653656,645,"This is prime corner real estate, although you do have to learn to beat the blade to the door."
2792,3847,5,27,112,144,1.2569444444444444,0.042670344868245405,645,"If you move quickly, the owners are willing to throw in a couple of putters at the closing"
2849,3847,5,27,112,144,1.2569444444444444,0.042670344868245405,645,It's a par three!
3235,3847,4,29,111,144,1.2569444444444444,0.04151666212558399,645,"Finally, if you're snagged by a blade just hang on until it comes around again, then jump off."
3708,3847,7,23,114,144,1.2569444444444444,0.04488884633653656,645,We pictured something different when you said gold course home.
6710,3847,6,25,113,144,1.2569444444444444,0.04379364598089652,645,"Oh heavens no, the mortgage isn’t miniature at all."
231,3855,3,22,84,109,1.2568807339449541,0.047720142306811104,645,Let's see if your insurance covers falling objects.
3552,3855,5,18,86,109,1.2568807339449541,0.05115663507696066,645,"Oh, yes, 'move in ready' is par for the course."
5944,3857,1,27,85,113,1.2566371681415929,0.04314361887038542,645,And salesmen really avoid this place.
3297,3857,5,19,89,113,1.2566371681415929,0.04993478848271368,645,Just putt-putt your name on the dotted line and this duplex is yours.
2697,3857,4,21,88,113,1.2566371681415929,0.04832654847926019,645,"Granted the listing is a little misleading, but it has great income potential."
634,3857,4,21,88,113,1.2566371681415929,0.04832654847926019,645,"Think of it less as a wind mill, and more of a wind house..."
1445,3861,5,29,118,152,1.256578947368421,0.041217856416234246,645,"If you buy the church and the windmill together, the elephant is free."
4644,3861,7,25,120,152,1.256578947368421,0.04328034702992404,645,"Honey, you've always said you wanted a house by a golf course"
5714,3861,8,23,121,152,1.256578947368421,0.04427557808511744,645,"Don't worry, most people get a hole-in-one."
1745,3864,3,24,90,117,1.2564102564102564,0.04566992597752418,645,"No, Don Quijote never came."
2628,3864,4,22,91,117,1.2564102564102564,0.047255733568745614,645,"The 19th Hole Club has hot pretzels, a claw machine, and Donkey Kong."
3319,3864,6,18,93,117,1.2564102564102564,0.05027751771692531,645,"It was originally designed for a miniature golf course, but the contractor misread the specs."
4818,3864,5,20,92,117,1.2564102564102564,0.04879002532739663,645,You're timing is right.
5386,3864,4,22,91,117,1.2564102564102564,0.047255733568745614,645,You'll no longer be tilting at windmills.
6604,3864,5,20,92,117,1.2564102564102564,0.04879002532739663,645,"And once you're out the door, don't forget about the hole."
6965,3870,8,15,98,121,1.256198347107438,0.05186457999810118,645,The energy savings more than make up for the few injuries and one death we disclosed.
5720,3870,3,25,93,121,1.256198347107438,0.0447351028189235,645,Just keep an open mind to possibility during this walkthrough. Each home has it’s quirks.
4957,3870,8,15,98,121,1.256198347107438,0.05186457999810118,645,"No, no, no. It's not the last hole, so your guests can just climb right out."
4529,3870,6,19,96,121,1.256198347107438,0.049137079326263634,645,The schools aren't very good but the go-kart tack is nationally ranked.
2049,3870,6,19,96,121,1.256198347107438,0.049137079326263634,645,Don't worry. The giants rarely come around anymore.
3043,3870,6,19,96,121,1.256198347107438,0.049137079326263634,645,"And 3,... 2,... 1..."
2924,3870,3,25,93,121,1.256198347107438,0.0447351028189235,645,"Or, you can just sell rides."
2130,3870,6,19,96,121,1.256198347107438,0.049137079326263634,645,"Not to worry, the the cloud-elephant will be swallowed by the mock-hole, and the gentleman charging windmills on horse was shown to be pure fiction."
3891,3870,6,19,96,121,1.256198347107438,0.049137079326263634,645,This is our par three plan. The down-payment is miniature.
2938,3879,4,24,97,125,1.256,0.04530043081757682,645,Electric? Cheap...very cheap.
3436,3879,6,20,99,125,1.256,0.04806447282959729,645,"It's a quiet neighborhood, except when the giant spheres roll through."
4125,3879,8,16,101,125,1.256,0.05067798402182282,645,And the trip to the Church on Sunday is only a par four.
5349,3879,5,22,98,125,1.256,0.0467029045169846,645,"As a bonus if they hit a hole in one, everyone gets ice cream."
6501,3879,7,18,100,125,1.256,0.04938851897406534,645,"Actually, it is a Par 3."
6125,3884,7,19,103,129,1.255813953488372,0.048323479223998766,645,"Sure, but what are our chances of actually getting the windmill when we book our week?"
5717,3884,3,27,99,129,1.255813953488372,0.043019327287641684,645,Want an exotic golf course property without the hefty price? - then let me show you this lovely Quixotic mini golf course alternative.
4899,3884,6,21,102,129,1.255813953488372,0.047053529233251866,645,"OK, well, ""The Clown's Mouth"" is getting a lot of attention of late."
1722,3884,4,25,100,129,1.255813953488372,0.044404803245696116,645,YOU HAVE TO HAVE BALLS TO LIVE HERE!
2403,3888,4,26,103,133,1.255639097744361,0.043557531216445955,645,"Yes. You'll have to be very careful going in and out on very windy days. But, at least it's energy efficient!"
3969,3888,3,28,102,133,1.255639097744361,0.04222957919656456,645,I think you'll find this place comfortable except during times of play-through.
6082,3888,5,24,104,133,1.255639097744361,0.044846178122827915,645,The only problem is storage.
6732,3888,8,18,107,133,1.255639097744361,0.04850714578165413,645,"and after the closing, we can all go get ice cream."
7025,3888,6,22,105,133,1.255639097744361,0.04609881624051918,645,You should act fast. I have a putt-putt champion who is going to put an offer in this afternoon.
2968,3893,5,25,107,137,1.2554744525547445,0.04399197431622221,645,Of course you can mill your own grain but the real kicker is that you don't have to address the elephant in the room.
6784,3893,6,23,108,137,1.2554744525547445,0.04519553087634805,645,Remember the wind is Free.
5543,3893,8,19,110,137,1.2554744525547445,0.04751126629660043,645,There is a slight chance you'll be struck by a large wooden ball.
2522,3893,5,25,107,137,1.2554744525547445,0.04399197431622221,645,"It's newly remodeled and well within your price range. In the interest of full disclosure, however, we do need to discuss the 'giant ball' issue…"
2332,3893,8,19,110,137,1.2554744525547445,0.04751126629660043,645,"In addition to title insurance, you would also need gnome insurance."
1687,3893,10,15,112,137,1.2554744525547445,0.04971926024206343,645,"We don’t talk about the elephant, Frank."
1044,3893,6,23,108,137,1.2554744525547445,0.04519553087634805,645,"Don, no Quix necessary, just tilt the windmill."
1040,3893,2,31,104,137,1.2554744525547445,0.04016549742467818,645,Great location.  A real adventure every time you enter or exit
934,3893,6,23,108,137,1.2554744525547445,0.04519553087634805,645,"A great golf community, and this unit is energy neutral."
138,3893,9,17,111,137,1.2554744525547445,0.0486277969073477,645,Charming  northwestern european architecture with a terrific front hole.
1923,3903,7,22,112,141,1.2553191489361701,0.04546757567326129,645,The reason it's priced so low is that part of it is used as a miniature golf course during the day.
2358,3903,5,26,110,141,1.2553191489361701,0.043181780792555385,645,Imagine the money you will save on AC!
2832,3903,6,24,111,141,1.2553191489361701,0.04433941040440235,645,The previous owner installed a putting green.
4187,3903,3,30,108,141,1.2553191489361701,0.04076802604037714,645,"Well, yes. But there's a strict 9 PM curfew."
5843,3903,5,26,110,141,1.2553191489361701,0.043181780792555385,645,It also crushes Ice.
272,3908,6,26,117,149,1.25503355704698,0.04275388038170801,645,You said you wanted a gated community.
3872,3908,6,26,117,149,1.25503355704698,0.04275388038170801,645,"Now this house, has a real thrill factor to it."
5900,3910,4,33,124,161,1.2546583850931676,0.03868922112396879,645,"Original hardwood frame, quartz movement, very quiet September to July and most quit before the chapel anyway."
3801,3911,5,18,87,110,1.2545454545454546,0.050743206444089264,645,"Don Quixote may swing by once in awhile, but other than that it's a steal."
4339,3911,2,24,84,110,1.2545454545454546,0.04554619617541053,645,We rarely see eagles here but it’s possible
8,3911,3,22,85,110,1.2545454545454546,0.04734196507794969,645,Green fees are fully paid by the Home Owners Association
1399,3914,3,23,88,114,1.2543859649122806,0.046306532033665936,645,"At the present asking price, I'd have to say this looks like a ""hole in one."""
2147,3914,4,21,89,114,1.2543859649122806,0.047953626600184374,645,"With your handicap, I’m afraid the Eiffel Tower is out of the question."
5196,3914,2,25,87,114,1.2543859649122806,0.044598649238064926,645,"As a bonus, you can sell power to the entire neighborhood!"
5964,3914,7,15,92,114,1.2543859649122806,0.05258627662693806,645,The foundation tilts.
4133,3918,6,18,94,118,1.2542372881355932,0.04989695404704999,645,"I'll say it, you want me to say it?  It'll sweep you off your feet, this place!"
565,3918,3,24,91,118,1.2542372881355932,0.04533334719873197,645,The architect is known for his whimsicality and flair for humor.
1647,3918,4,22,92,118,1.2542372881355932,0.04690391156273635,645,"What's more, you can tilt at it any time you wish."
2857,3918,2,26,90,118,1.2542372881355932,0.04370638187492265,645,"This is a popular weekend spot, so you won't be the only one puttering around your house."
4556,3918,5,20,93,118,1.2542372881355932,0.04842356318497437,645,"And best of all, the air conditioning is free."
5326,3918,7,16,95,118,1.2542372881355932,0.05132806809940961,645,"Of course, if this one's not to your liking I've got this little beauty with a clown's nose that you're just gonna die for."
7197,3918,4,22,92,118,1.2542372881355932,0.04690391156273635,645,"I wouldn’t say it’s MINIATURE golf, but...."
6015,3925,3,25,94,122,1.2540983606557377,0.044416577170868034,645,What do people in this area like to do for fun?
5003,3925,7,17,98,122,1.2540983606557377,0.05014742580742545,645,"What's more important to you: a condo with a view
of the golf course, or the ability to get in and out
without the prospect of dying?"
7309,3925,5,21,96,122,1.2540983606557377,0.04736874836158813,645,"I'm not gonna lie, it would be a ballsy move."
6156,3925,4,23,95,122,1.2540983606557377,0.045916394941889406,645,The real trick shot is coming up with a caption for this loser.
4853,3925,4,23,95,122,1.2540983606557377,0.045916394941889406,645,..and it's a very kid friendly neighborhood
591,3925,5,21,96,122,1.2540983606557377,0.04736874836158813,645,Now this property is my ace in the hole. It’s been generating a lot of interest.
2570,3925,5,21,96,122,1.2540983606557377,0.04736874836158813,645,"Don't worry, if you don't make it into the front door, you'll end up in the attic"
2235,3925,5,21,96,122,1.2540983606557377,0.04736874836158813,645,An added benefit to this home is that is comes with a clean Titleist
1022,3925,5,21,96,122,1.2540983606557377,0.04736874836158813,645,"And you get the solar credit tax write-off,"
4671,3925,1,29,92,122,1.2540983606557377,0.04125368266964652,645,"And to answer your question: no,it doesn't generate power but it does generate fun."
7554,3935,5,22,99,126,1.253968253968254,0.04637529163765117,645,The sellers are willing to throw in windows and a front door but they refuse to go under asking.
7011,3935,5,22,99,126,1.253968253968254,0.04637529163765117,645,The Co-Op Board does allow the tilting of windmills
5841,3935,5,22,99,126,1.253968253968254,0.04637529163765117,645,It's the original air conditioning
4752,3935,5,22,99,126,1.253968253968254,0.04637529163765117,645,"If you can overlook the roaming elephants, the lack of windowpanes and the risk of getting hit by the windmill, I think going Dutch on this property is a good option."
6205,3935,4,24,98,126,1.253968253968254,0.04498537037185613,645,"Close escrow in thirty days, and before you know it you’ll be golfing with the big boys.”"
3111,3935,5,22,99,126,1.253968253968254,0.04637529163765117,645,"Well, unless you are a pirate, alien or a dinosaur, this listing is the closest available to the beach right now."
1501,3935,3,26,97,126,1.253968253968254,0.04355111273560004,645,"yes, this historic home is the birthplace of Don Quixote and is also carbon neutral"
651,3935,3,26,97,126,1.253968253968254,0.04355111273560004,645,I never said the picket fence was on the boundary line.
124,3935,4,24,98,126,1.253968253968254,0.04498537037185613,645,Insurance rates are actually low.  The golf balls rarely hit the windmill blades.
4055,3935,3,26,97,126,1.253968253968254,0.04355111273560004,645,"Ready - 3, 2, 1 then go!"
401,3945,5,23,102,130,1.2538461538461538,0.04543769573146975,645,Welcome to the open house. Please leave your info in the 18th hole
1844,3945,5,23,102,130,1.2538461538461538,0.04543769573146975,645,What's your handicap?
2201,3945,5,23,102,130,1.2538461538461538,0.04543769573146975,645,It's a hole in 2 if you count the loft.
5764,3945,5,23,102,130,1.2538461538461538,0.04543769573146975,645,The school scores a bit above par.
6674,3949,3,28,103,134,1.2537313432835822,0.041956643224789834,645,"No, you don't have to do the wooden shoes."
243,3949,5,24,105,134,1.2537313432835822,0.04455111235379425,645,.......and of course you'd have to be in Dutch costumes........
1857,3949,3,28,103,134,1.2537313432835822,0.041956643224789834,645,The HOA can be a little strict but as long as you stay out of the way during birthday parties you shouldn't have a problem.
2606,3949,2,30,102,134,1.2537313432835822,0.040597278973574756,645,And it creates enough energy to light at least 3 lightbulbs continually.
7446,3953,8,19,111,138,1.2536231884057971,0.04720204249061685,645,Listen!...Are you green or are you Not!
946,3953,5,25,108,138,1.2536231884057971,0.04371124851677211,645,"We prefer the term ""Tiny Golf"""
3765,3953,3,29,106,138,1.2536231884057971,0.041220143149933636,645,You never have to mow the grass and you are within walking distance of the Magic Castle and goldfish pond.
2184,3956,4,28,110,142,1.2535211267605635,0.041734231167887756,645,I know it's a little older than you'd like.  But it has a terrific renewable energy system.
4205,3956,4,28,110,142,1.2535211267605635,0.041734231167887756,645,"Look, in this neighborhood it's either this or a barn with three doorways."
6931,3956,6,24,112,142,1.2535211267605635,0.04406275403227522,645,"If you survive Tilting at Windmills, pop down the Rabbit Hole, then the Pink Elephant awaits ..."
1877,3959,6,25,115,146,1.2534246575342465,0.04326282001025936,645,You'll be fine as long as you stay off the ground floor.
3540,3959,3,31,112,146,1.2534246575342465,0.03985287519579254,645,"Home security is sporadic but like your electricity, its free."
6126,3959,3,31,112,146,1.2534246575342465,0.03985287519579254,645,"Other than the occasional large white ball, this one's a bargain."
6178,3959,4,29,113,146,1.2534246575342465,0.04102103085809737,645,"Sure, it's in a floodplain. But the energy bills are practically non-existent."
2867,3963,4,31,119,154,1.2532467532467533,0.03969334143175895,645,"That Clown is on the back nine now, which helps your property value."
4164,3964,3,21,83,107,1.2523364485981308,0.048050438482101346,645,"I'll be honest, not a fan of the open-concept floor plan."
458,3964,5,17,85,107,1.2523364485981308,0.05158988393893246,645,This property is right on the 18th green. And there is no electricity bill; it's completely wind powered!
6764,3964,3,21,83,107,1.2523364485981308,0.048050438482101346,645,And best of all your neighbors are all very quiet.
3864,3967,4,20,87,111,1.2522522522522523,0.04868200391389657,645,You don't need air conditioning.  It has natural ventilation.
7418,3967,6,16,89,111,1.2522522522522523,0.05193782660713643,645,"Also on this street we have the lighthouse, and on the next block over, the laughing clown."
943,3967,4,20,87,111,1.2522522522522523,0.04868200391389657,645,"This model is selling like crazy, the underground entrance puts you smack in the middle of the family room."
1661,3970,4,21,90,115,1.2521739130434784,0.04758625114860667,645,Just think what you'll save on electric.
3099,3970,5,19,91,115,1.2521739130434784,0.04916306133343397,645,"Now, before you sign, there is one thing..The Giant does love his miniature golf..."
4344,3970,4,21,90,115,1.2521739130434784,0.04758625114860667,645,Did I mention that this is a tilt free neighborhood?
4726,3970,4,21,90,115,1.2521739130434784,0.04758625114860667,645,"Sinkhole or black hole, you folks just think of it as a “hole in one”."
6854,3974,7,16,96,119,1.2521008403361344,0.05093973387211289,645,Commit now.  Timing is everything.
3998,3974,2,26,91,119,1.2521008403361344,0.04339017423882312,645,"I promise you, this is a family friendly neighborhood."
6915,3974,3,24,92,119,1.2521008403361344,0.04500152301614558,645,"Yes,yes you do have to dodge the sails,but the utility bills are terrific."
1563,3974,7,16,96,119,1.2521008403361344,0.05093973387211289,645,The security in intermittent.
464,3974,7,16,96,119,1.2521008403361344,0.05093973387211289,645,The previous owner was an avid miniature golfer.
3571,3974,3,24,92,119,1.2521008403361344,0.04500152301614558,645,It’s discounted because of the intermittent access.
7335,3980,5,21,97,123,1.2520325203252032,0.04702745466282882,645,"I know it's a little dangerous, but you will be able to get the wind energy tax credit."
6505,3980,4,23,96,123,1.2520325203252032,0.04558839184199874,645,"This one is a bit quixotic, but wait until you see the schools!"
6290,3980,6,19,98,123,1.2520325203252032,0.048423770127791824,645,"You would have ample electric power throughout a hurricane, but you might not be able to exit."
5856,3980,7,17,99,123,1.2520325203252032,0.04978093545438884,645,"Now, I’m not supposed to say, but I’ve heard rumors that Jack has some magic beans which could lead to a significant de-giantification of the neighborhood."
5440,3980,2,27,94,123,1.2520325203252032,0.042564556007199356,645,"No, I'm sorry. The giant golf ball is not included with the listing."
2197,3980,1,29,93,123,1.2520325203252032,0.04096902984896283,645,"You could be among the lucky ones to become part of an all-inclusive, themed golf community."
3194,3980,5,21,97,123,1.2520325203252032,0.04702745466282882,645,It's a great investment property - just sit back and watch those balls roll in.
2039,3980,5,21,97,123,1.2520325203252032,0.04702745466282882,645,You'll find this much more attractive than those ugly solar panels.
1042,3980,3,25,95,123,1.2520325203252032,0.04410239732049511,645,Well the previous tenants said they were only bonked twice — both times drunk.
3335,3980,4,23,96,123,1.2520325203252032,0.04558839184199874,645,Just don't tilt and you will be covered for everything.
6503,3990,6,20,101,127,1.2519685039370079,0.047389685263170035,645,You'll have a ball here.
4984,3990,6,20,101,127,1.2519685039370079,0.047389685263170035,645,"Three bedrooms, two bath, Eat-in-Kitchen and a Grist Mill!"
4561,3990,5,22,100,127,1.2519685039370079,0.046052121475448175,645,"As you requested, a white picket fence"
3845,3990,5,22,100,127,1.2519685039370079,0.046052121475448175,645,This is the only property available close to a golf course.
3501,3990,5,22,100,127,1.2519685039370079,0.046052121475448175,645,I believe you said you wanted a house that was “up to par.”
3262,3990,8,16,103,127,1.2519685039370079,0.04995749216331898,645,Holland Tunnel? You’re way off.
1705,3990,4,24,99,127,1.2519685039370079,0.04467452870973071,645,Did I mention it's LEED certified?
999,3990,4,24,99,127,1.2519685039370079,0.04467452870973071,645,This one’s gonna go quick!  People love the idea of being off the grid but still downtown.
658,3990,7,18,102,127,1.2519685039370079,0.048690519059619776,645,"With Trump as President, this is our latest house plan, when you wind up the propellers, they take off like a helicopter
so you can flee this country."
2238,3990,4,24,99,127,1.2519685039370079,0.04467452870973071,645,"Yes, this is a safe neighborhood, but you also have a built in security system."
3675,4000,5,23,103,131,1.251908396946565,0.0451311281248637,645,This is your basic windmill  floor plan.  Would you like to see the   wind farm model?
7157,4000,5,23,103,131,1.251908396946565,0.0451311281248637,645,"Your life is full of contradictions, your retirement should be too."
5716,4000,5,23,103,131,1.251908396946565,0.0451311281248637,645,I think every day you’re gonna be bowled over anew by this place.
3057,4000,4,25,102,131,1.251908396946565,0.043810716882134705,645,The one stroke penalty deters a lot of intruders.
7407,4000,3,27,101,131,1.251908396946565,0.042449253251738865,645,"Of course, your furnishings are safer upstairs."
1933,4000,7,19,105,131,1.251908396946565,0.047662336808170294,645,"Other than a periodic influx of brightly colored golf balls, it is a very quiet neighborhood."
1114,4000,4,25,102,131,1.251908396946565,0.043810716882134705,645,You'll understand why we'll need to adjust the premiums seasonally.
969,4000,8,17,106,131,1.251908396946565,0.048878810972769846,645,Unfortunately we can't file a restraining order unless the elephant actually acts against you.
2537,4000,4,25,102,131,1.251908396946565,0.043810716882134705,645,"No, I'm afraid the loop de loop driveway cannot be replaced."""
6465,4009,6,22,107,135,1.2518518518518518,0.04549162506649493,645,It's only noisy when he misses.
5919,4009,3,28,104,135,1.2518518518518518,0.041687084242603485,645,There aren't a lot of Miniature Golf Movement houses on the market right now.  Wanna take a look-see?
6762,4009,6,22,107,135,1.2518518518518518,0.04549162506649493,645,"Yes, a giant boulder rolls through every once in a while. But honestly - small price to pay for prime real estate in the city these days."
5560,4009,0,34,101,135,1.2518518518518518,0.03749850709174019,645,Features a unique elevator lift.
7286,4009,6,22,107,135,1.2518518518518518,0.04549162506649493,645,It's the only par 3 hole on the course
4034,4009,4,26,105,135,1.2518518518518518,0.042992689054808644,645,"If you like golf, this place is perfect for you."
3444,4009,4,26,105,135,1.2518518518518518,0.042992689054808644,645,"It's cozy, and you won't have any problem with thieves pilfering your Amazon packages."
2843,4009,5,24,106,135,1.2518518518518518,0.04425979701350884,645,"Now, I know the listing says ""a little hole in the wall."""
1261,4009,6,22,107,135,1.2518518518518518,0.04549162506649493,645,Take ‘er for a spin
5352,4009,5,24,106,135,1.2518518518518518,0.04425979701350884,645,"Remember, you get free electric."
670,4019,7,21,111,139,1.2517985611510791,0.045771602978594964,645,When someone makes a hole in one they have to buy you free drinks.
1030,4019,7,21,111,139,1.2517985611510791,0.045771602978594964,645,Getting you an affordable mortgage will be a breeze.
2187,4019,6,23,110,139,1.2517985611510791,0.04461810422546896,645,Youb cant believe what happens when someone gets a hole in one...
3754,4022,7,22,114,143,1.2517482517482517,0.044899980190093225,645,"It's a lovely Cape Cod, with a splendid view of that little hill no one can ever putt across."
3045,4022,5,26,112,143,1.2517482517482517,0.04264999541139124,645,"Four bedrooms, two baths and it doubles as the 18th hole of the mini-golf course."
2749,4022,3,30,110,143,1.2517482517482517,0.0402745080182567,645,The picket fencing adds New England charm to this cottage qua mill.
735,4022,7,22,114,143,1.2517482517482517,0.044899980190093225,645,"So before we move on, there is the issue regarding the elephant in the room..."
7160,4026,7,24,120,151,1.2516556291390728,0.043285124869849506,645,I take it that you're looking to downsize.
5684,4027,4,20,88,112,1.25,0.048297927830185765,645,"If you want it, I’d move quickly because there’s two Dutch couples in a bidding war for this place."
5638,4027,4,22,94,120,1.25,0.04621530419392146,645,No need to drive anywhere
5587,4027,3,28,105,136,1.25,0.0414208434789757,645,"if you pay your rent on time the windmill continues to rotate, otherwise it stops over the windows and door"
5553,4027,5,27,116,148,1.25,0.04165517399877003,645,Of course you'll have to take care about your comings and goings
5511,4027,5,16,83,104,1.25,0.052477812801650835,645,"Don,t you love the quaint wind turbine?"
5135,4027,8,11,89,108,1.25,0.05600802246842692,645,This is miniature golf for people with big balls.
4501,4027,4,19,85,108,1.25,0.04944307347557363,645,"Not to worry, the elephant is very quiet."
4916,4027,7,25,124,156,1.25,0.04229265090918735,645,"If you've always pined for low electricity bills, this is the place for you."
4859,4027,2,26,92,120,1.25,0.043078327461947355,645,There might be some kind of easement. Don't worry about it.
4739,4027,4,23,97,124,1.25,0.04526490492808352,645,"The landscaping is sub-par, but it's a great house if you like to putter around."
4645,4027,4,26,106,136,1.25,0.042715556140397404,645,"So if you'd like to purchase the property, the ball is now in your course."
4607,4027,4,26,106,136,1.25,0.042715556140397404,645,"You need to make an offer, it’s par for the course"
5793,4027,5,25,110,140,1.25,0.04316011443339083,645,"This house is the ultimate artistic representation of modern times. Your neighbors are good Christian republicans who place bets on which will get you first when you’re leaving: the giant blade or the bottomless pit. Either way, you’re on your own!"
5051,4027,5,24,107,136,1.25,0.04397216390237215,645,"It's win-win. With the wind power you save the planet, and when Amazon moves here your equity skyrockets."
5813,4027,4,25,103,132,1.25,0.04351941398892446,645,"Sure, the pool's small but you get a wonderful view of the greens"
6332,4027,7,20,109,136,1.25,0.04638336040008698,645,It’s just that you may not be able to get in at certain times.
5880,4027,5,25,110,140,1.25,0.04316011443339083,645,It’s a little pricey so I hope that you still have the balls to do it.
7564,4027,4,18,82,104,1.25,0.050667685353280145,645,"It will pay for itself in no time, believe me!"
7375,4027,3,32,117,152,1.25,0.03877031056783869,645,"If you don't mind dodging the occasional giant golf ball, it really is a wonderful neighborhood."
7128,4027,5,20,95,120,1.25,0.04770650232563333,645,So it's a one bedroom... Great schools... And I hear Don Quixote raved about it.
6997,4027,2,26,92,120,1.25,0.043078327461947355,645,"No, no, it's not drafty at all."
6933,4027,3,26,99,128,1.25,0.042958962288966916,645,"I’ll give it a shot, but it might be tough to score on this one"
6813,4027,4,24,100,128,1.25,0.044367825470805686,645,"Sure, it might require a little downsizing--but people are paying a premium for the location."
5837,4027,3,29,108,140,1.25,0.040709281890814235,645,Think of it as your own wind-farm home security system.
6455,4027,8,17,107,132,1.25,0.04854462975402247,645,"So that's the extent of the property -- the church, elephant, windmill and pit of despair. No one says it makes sense. I mean, Christians. Go figure, am I right?"
6352,4027,4,21,91,116,1.25,0.047224304468501524,645,"I promise you, there's nothing to fear.  It's been decades since anyone has heard from Don Quixote."
4371,4027,2,29,101,132,1.25,0.04077521982689399,645,It’s pretty straight forward about timing the vanes.  Just watch out for the golf balls.
6249,4027,4,23,97,124,1.25,0.04526490492808352,645,...and when you're home it's a par 5.
6158,4027,6,22,108,136,1.25,0.0451938453788867,645,This house is very secure once the wind hits 120mph.
5959,4027,3,23,90,116,1.25,0.04560931807265346,645,It's ideal for couples who vacation all summer.
5886,4027,6,21,105,132,1.25,0.046100544855210326,645,"You might call it a ""guillotine door""."
6425,4027,7,21,112,140,1.25,0.04547906467530975,645,It has an open floor plan.
4091,4027,4,25,103,132,1.25,0.04351941398892446,645,You'll be surprised by your low electric bill in addition to the fresh air.
5381,4027,5,27,116,148,1.25,0.04165517399877003,645,You don’t need Solar if you are nimble.
3833,4027,4,21,91,116,1.25,0.047224304468501524,645,"You won't find something better in this neighborhood, plus you can keep all the golf balls."
131,4027,4,24,100,128,1.25,0.044367825470805686,645,It’ s definitely a fixer upper but it has energy production potential
246,4027,7,19,106,132,1.25,0.0473383634798584,645,This house comes with a built in fan
318,4027,5,24,107,136,1.25,0.04397216390237215,645,Your gonna need a hole in one to land a deal like this.
355,4027,5,24,107,136,1.25,0.04397216390237215,645,Energy-efficient with no lawn maintenance--plus you'll get this free New Yorker print from Bob.
360,4027,4,23,97,124,1.25,0.04526490492808352,645,It's just come back on the market very unexpectedly
830,4027,4,24,100,128,1.25,0.044367825470805686,645,You’ll get a lot of foot traffic on he weekends.
881,4027,2,25,89,116,1.25,0.04393500719894347,645,Yes but you’ll save a bundle on energy.
890,4027,6,17,93,116,1.25,0.05029895632611329,645,The hole leads directly to the clubhouse.
1017,4027,4,25,103,132,1.25,0.04351941398892446,645,But the real benefit is how low your electricity bill will be.
1136,4027,6,20,102,128,1.25,0.04705918538536189,645,"No home insurance needed, but you might put it towards more life insurance."
1234,4027,7,19,106,132,1.25,0.0473383634798584,645,"This is a lot cheaper than using solar energy, but just be careful going out the back door."
1556,4027,3,24,93,120,1.25,0.04467435863364723,645,"While this house lacks in security, it makes up in air conditioning."
1566,4027,5,21,98,124,1.25,0.04669091947809488,645,It's the absolutely latest thing in miniture golf...we're the miniatures!
1965,4027,5,23,104,132,1.25,0.04482856025954131,645,"Just think, you’ll be making your own unique carbon footprint statement."
94,4027,5,20,95,120,1.25,0.04770650232563333,645,Plus it comes with all the beans you can eat from the stalk over there
1998,4027,4,20,88,112,1.25,0.048297927830185765,645,It’s perfect for a golf lover and right on the ninth hole.
2451,4027,4,25,103,132,1.25,0.04351941398892446,645,"Trust me, there's nothing mini about the storage space in the attic."
2463,4027,4,23,97,124,1.25,0.04526490492808352,645,"It's not just the low maintainance, but the thrill of  trying to make it in alive."
2758,4027,4,26,106,136,1.25,0.042715556140397404,645,"Little people want nice houses too, you will really enjoy living in a golf course community....."
2766,4027,4,25,103,132,1.25,0.04351941398892446,645,"Yes the door is a minus, but if you sink the ball the month’s mortgage is covered."
2771,4027,5,25,110,140,1.25,0.04316011443339083,645,"""The previous owner? He's, um, moved to a farm in upstate New York."""
3883,4027,4,21,91,116,1.25,0.047224304468501524,645,Location. Location. Location. Plus even Quixote would not mess with you.
2864,4027,2,27,95,124,1.25,0.042268793820328485,645,"We love the space, but I’m concerned by all the clubs in the area."
2998,4027,3,24,93,120,1.25,0.04467435863364723,645,. . . and here's the kicker . . . you get to keep all errant golf balls!
3071,4027,7,15,94,116,1.25,0.05176784759846126,645,"Yes, the Solar Cottage had a more open concept but not this view of the par two 9th."
3085,4027,5,22,101,128,1.25,0.045733307698775365,645,It’s 100% wind powered. You said you wanted to be off the grid.
3117,4027,3,24,93,120,1.25,0.04467435863364723,645,The neighborhood is quiet after the tourist season.
3151,4027,8,14,98,120,1.25,0.05192377520339357,645,"I'd avoid investing in a place on a water hazard, they're breeding grounds for mosquitoes."
3225,4027,4,25,103,132,1.25,0.04351941398892446,645,"You may get the occasional giant golf ball knocking around the living room, but it's a small price for a home right on the putting green."
3425,4027,6,18,96,120,1.25,0.049152480980664874,645,This place will sweep you off your feet.
2008,4027,3,23,90,116,1.25,0.04560931807265346,645,"I need to tell you before purchasing,  that golfers will be playing thru at times ""      JF  OC N"
51,4027,5,22,101,128,1.25,0.045733307698775365,645,You guys can swing it if you go Dutch treat.
915,4094,5,29,123,157,1.2484076433121019,0.040063695565756244,645,Drafty but cozy
356,4095,5,28,120,153,1.2483660130718954,0.04072046990626665,645,"Oh, about the size of hailstones I'd say."
398,4095,5,28,120,153,1.2483660130718954,0.04072046990626665,645,"So, are you going to love it or list it?"
1729,4095,6,26,121,153,1.2483660130718954,0.04176309353236026,645,"No, no elevator but the windmill will get you there as fast."
4477,4095,11,16,126,153,1.2483660130718954,0.04662780867057974,645,"You should buy it, it's definitely a hole-in-one"
4840,4095,7,24,122,153,1.2483660130718954,0.042780314320937096,645,Arnold Palmer once lived here.
2672,4100,4,28,113,145,1.2482758620689656,0.04097826085051929,645,It comes with its own grist mill.
3923,4100,3,30,112,145,1.2482758620689656,0.03979236637497417,645,"It's all fun and games until you hit the windmill, Martha."
773,4100,5,26,114,145,1.2482758620689656,0.04213078806462358,645,You'll love living off the grid here at Pirates Cove! Just try to stay on the second floor during daylight hours.
2283,4100,5,26,114,145,1.2482758620689656,0.04213078806462358,645,Our best offering for the eco friendly house hunter.
581,4104,4,27,110,141,1.24822695035461,0.04169171895547657,645,I heard on NPR that Jumbo Golf is the next big thing.
2107,4104,5,25,111,141,1.24822695035461,0.04288958558969954,645,"Clockwise on even days,counter clockwise on odd days."
3543,4104,6,23,112,141,1.24822695035461,0.044054893878545213,645,And you can control the speed of the blades within the pre-established limits.
4366,4104,8,19,114,141,1.24822695035461,0.04629760166398814,645,It sounds just like the comforting thunder of an approaching storm
5537,4104,4,27,110,141,1.24822695035461,0.04169171895547657,645,"Sure, your house is on a mini golf course...but can you really put a price on renewable energy?"
6084,4104,4,27,110,141,1.24822695035461,0.04169171895547657,645,"In addition, homeowners receive a complimentary membership to Putt Putt Country Club."
6096,4104,6,23,112,141,1.24822695035461,0.044054893878545213,645,Golf isn’t my life. It’s much bigger than that.
7285,4111,2,30,105,137,1.2481751824817517,0.039832493162901404,645,"The view of the golf course is so great, you will think you are living on it."
6890,4111,4,26,107,137,1.2481751824817517,0.04244186524511072,645,"Oh just wait, no need to walk, you will be taken up to the second floor."
3041,4111,6,22,109,137,1.2481751824817517,0.04489984787719984,645,It includes an alarm system that warns you whenever a giant thermoplastic ball might come barreling through your living room.
3107,4111,7,20,110,137,1.2481751824817517,0.0460796977675794,645,Let's talk about the elephant in the room.
6010,4111,5,24,108,137,1.2481751824817517,0.043688146360768294,645,"Certainly, we would be glad to install a loop-de-loop driveway ."
1666,4116,5,23,105,133,1.2481203007518797,0.04452991733786778,645,"The added security feature helps your theft insurance, but your health insurance will skyrocket."
1886,4116,3,27,103,133,1.2481203007518797,0.041893569972154994,645,No. Not Solar. Wind is the upcoming renewable energy source.
1977,4116,4,25,104,133,1.2481203007518797,0.04323184441548373,645,"If you’re into Gingerbread men and delayed energy credits, this place is for you."
5697,4116,6,21,106,133,1.2481203007518797,0.045791207722335546,645,This week on House Hunters...
7225,4116,9,15,109,133,1.2481203007518797,0.0493821648404393,645,What moles?
4850,4121,2,28,99,129,1.248062015503876,0.04122489803523768,645,It’s an entry contest...literally
6910,4121,2,28,99,129,1.248062015503876,0.04122489803523768,645,"Welcome, to Windmill House Hunters!"
7125,4121,4,24,101,129,1.248062015503876,0.044065182174039035,645,What makes you think this is a renovated windmill?
5950,4121,8,16,105,129,1.248062015503876,0.04925684119046059,645,Mexico will fix the wall.
5727,4121,3,26,100,129,1.248062015503876,0.042668679954077506,645,You won't get closer to the golf course for the money.
5592,4121,6,20,103,129,1.248062015503876,0.046733161053439894,645,The Old Woman in the Shoe was the last owner.
4533,4121,5,22,102,129,1.248062015503876,0.045418766066891325,645,"You'll be ""blown away"" by this house"
6043,4121,8,16,105,129,1.248062015503876,0.04925684119046059,645,"I mentioned the white picket fence, didn't I? And just look at that border wall!"
3921,4121,5,22,102,129,1.248062015503876,0.045418766066891325,645,I am sorry but your insurance doesn't cover hole-in-ones.
3828,4121,7,18,104,129,1.248062015503876,0.04801158582107555,645,We do things in a big way here at Brobdingnag Acres.
2805,4121,2,28,99,129,1.248062015503876,0.04122489803523768,645,The best part is your guests never stay long.
906,4121,8,16,105,129,1.248062015503876,0.04925684119046059,645,This baby's a real steal.  The last owners were mysteriously decapitated.
437,4121,5,22,102,129,1.248062015503876,0.045418766066891325,645,"Gulliver's Golf and a Lil' puttin', perfect for your retirement"
191,4121,3,26,100,129,1.248062015503876,0.042668679954077506,645,You will have a ball in here!
4428,4121,5,22,102,129,1.248062015503876,0.045418766066891325,645,"Sure it's drafty,but it'll pay for itself in energy bill savings."
7321,4136,4,23,98,125,1.248,0.04494584555059639,645,And it keeps the house cool all year round!
7165,4136,2,27,96,125,1.248,0.04197695220152403,645,This Old World charmer has an open-space floor plan AND a view of the volcano.
6884,4136,6,19,100,125,1.248,0.04773042581401404,645,This next property features a spectacular view of the golf course without any country club snobbery.
6195,4136,4,23,98,125,1.248,0.04494584555059639,645,"The previous tenant? Listen, that's the elephant in the room."
5580,4136,5,21,99,125,1.248,0.04635904755624927,645,It comes with a back-up generator.
6627,4136,6,19,100,125,1.248,0.04773042581401404,645,I think we should discuss the elephant in the room
3857,4136,4,23,98,125,1.248,0.04494584555059639,645,As you can see it’s definitely NOT a miniature golf course!
3234,4136,6,19,100,125,1.248,0.04773042581401404,645,"It is both inexpensive and romantic, though you will have to carefully time your entrances and exits."
625,4136,6,19,100,125,1.248,0.04773042581401404,645,"No ifs, ands, or putts! This baby is ready to move!"
580,4136,4,23,98,125,1.248,0.04494584555059639,645,It can get a little touch-and-go during the vacation season.
5305,4136,7,17,101,125,1.248,0.04906348750804017,645,You get a free month's mortgage payment with every hole-in-one.
7551,4147,3,24,94,121,1.2479338842975207,0.0443517615371859,645,"Sure, the windmill is less creepy.  But the clown’s mouth is less creaky.”"
5745,4147,3,24,94,121,1.2479338842975207,0.0443517615371859,645,This house has the best view of the 18th hole
5393,4147,8,14,99,121,1.2479338842975207,0.05153429911826863,645,It’s an original Nicklaus design.
2385,4147,3,24,94,121,1.2479338842975207,0.0443517615371859,645,This next house here is a hole-in-one!
1805,4147,3,24,94,121,1.2479338842975207,0.0443517615371859,645,"Here, your negative score is good."
3002,4147,5,20,96,121,1.2479338842975207,0.04735568440129775,645,Forget the White Elephant.  You can't beat the price and the location and you never have to mow the lawn.  You can walk to church. The homeowner's warranty I'm throwing in replaces the blades should they ever get damaged or worn out.
2883,4153,6,17,94,117,1.2478632478632479,0.049912955334506286,645,"Not to worry, the Open House will resume once we retrieve your agent from the 18th hole."
3734,4153,5,19,93,117,1.2478632478632479,0.048414263331137096,645,It’s a little drafty but checks all your other boxes including a golf course view.
4989,4153,7,15,95,117,1.2478632478632479,0.05136794064932088,645,And you get the wooden shoes for free.
5195,4153,4,21,92,117,1.2478632478632479,0.046867671987938044,645,Think of it as a round garage.
6749,4157,6,16,91,113,1.247787610619469,0.05111118839882061,645,"The previous owner did try solar power first, but other than the need to time your entrance and exit, this works better."
4521,4157,5,18,90,113,1.247787610619469,0.04954115225390569,645,"The location is killer. Great views of the ocean, desert, north pole, and a giant punching bag."
7041,4157,3,22,88,113,1.247787610619469,0.04624143316177091,645,The golf course lots are going fast.
635,4157,4,20,89,113,1.247787610619469,0.047919703189289425,645,"Powers cheap and you don’t have to worry about flooding
But getting in and out can be tricky"
2069,4157,3,22,88,113,1.247787610619469,0.04624143316177091,645,"The owners are moving to Coney Island,under the Cyclone."
2999,4162,3,33,122,158,1.2468354430379747,0.03776244812202925,645,"If I'm being honest here, you two want no part of the 17th hole. Waterfront views are nice and all, but they never mention the mosquitos"
2306,4163,6,24,116,146,1.2465753424657535,0.04298899007208366,645,"We call this little fixer-upper our ""Hole In One."""
4433,4163,3,30,113,146,1.2465753424657535,0.039555446319679236,645,Mini-golf property: for retirement on a budget.
4826,4163,6,24,116,146,1.2465753424657535,0.04298899007208366,645,The architect has designed a number of miniature golf courses.
5151,4163,2,32,112,146,1.2465753424657535,0.038342665820981524,645,"Once construction on the go cart tracks is finished, your commute will be cut in half!"
6140,4167,3,29,110,142,1.2464788732394365,0.040210488682567457,645,It's a bit drafty.
1204,4168,7,20,111,138,1.2463768115942029,0.045779904562916626,645,I’d knock down this wall and add a sunroom with French doors.
1914,4168,7,20,111,138,1.2463768115942029,0.045779904562916626,645,"Aside from taking care with your entrance and exit timing, watch out for very large golf balls rolling your way."
2303,4168,5,24,109,138,1.2463768115942029,0.04340767923070482,645,"It's on par with your asking price, so what can we do to putt you in this home today?"
3825,4168,5,24,109,138,1.2463768115942029,0.04340767923070482,645,It's not the balls that just bounce off the back of the house. It's the balls that roll through the living room.
4008,4168,2,30,106,138,1.2463768115942029,0.03958367147959845,645,At least you’ll feel the wind on your shoulders.
6146,4168,4,26,108,138,1.2463768115942029,0.04217155550129456,645,This isn't your typical four walls and a picket fence but the neighborhood's a hole in one.
886,4168,6,22,110,138,1.2463768115942029,0.04460956331318161,645,You can go Dutch on it
4728,4175,4,25,105,134,1.2462686567164178,0.042947939981654984,645,"The grass is green, the mortgage is low. However, there are occasional balls that pass through."
5789,4175,8,17,109,134,1.2462686567164178,0.047889549498862795,645,Just as Real Estate this house is all about timing!
2753,4175,3,27,104,134,1.2462686567164178,0.04162096464564211,645,The previous owner had many balls here.
225,4175,2,29,103,134,1.2462686567164178,0.0402502651842164,645,You can always tell guests to come in through the back door.
594,4179,2,28,100,130,1.2461538461538462,0.04095103532465105,645,"I'm sure its Don Quixote, not Don Trump."
2373,4179,1,30,99,130,1.2461538461538462,0.03946804669329298,645,"Just so you know, another couple has expressed interest in playing through too."
2812,4179,6,20,104,130,1.2461538461538462,0.0464115247720679,645,Timing is everything when it comes to snagging this lovely home that features a working windmill.
2962,4179,5,22,103,130,1.2461538461538462,0.0451084143735003,645,The original owner was CEO of a cookie company.
3127,4179,4,24,102,130,1.2461538461538462,0.043766522170656255,645,"The price is very low because of the frequent mild earthquakes and the occasional boulder rolling into, or through, the house."
4237,4179,4,24,102,130,1.2461538461538462,0.043766522170656255,645,"The good news is, it's a putter's market."
4299,4179,8,16,106,130,1.2461538461538462,0.04891370769448988,645,You gotta have big balls to play here.
4531,4179,7,18,105,130,1.2461538461538462,0.04767903329604257,645,Getting on the roof is a breeze!
7053,4179,5,22,103,130,1.2461538461538462,0.0451084143735003,645,you just need to know when to duck
4319,4188,3,25,98,126,1.246031746031746,0.04318510609878031,645,And the Par 3 is our most environmentally friendly model; needs only a mild breeze to generate its own electricity
6809,4188,4,23,99,126,1.246031746031746,0.04463112720677173,645,You'll love the Dutch Doors!
4986,4188,6,19,101,126,1.246031746031746,0.047390988275359834,645,And the historical value alone!  Once owned by Don Quixote.
4805,4188,4,23,99,126,1.246031746031746,0.04463112720677173,645,"You've got the prestige of living on a golf course, no age restriction and a lemonade stand could pay the mortgage."
7008,4188,3,25,98,126,1.246031746031746,0.04318510609878031,645,The seller has offered a 28 handicap.
4140,4188,8,15,103,126,1.246031746031746,0.04999874022096504,645,Be alert for an occasional large golf ball.
1611,4188,5,21,100,126,1.246031746031746,0.046031746031746035,645,You can Go Dutch.
2430,4188,5,21,100,126,1.246031746031746,0.046031746031746035,645,"Look at it this way, you grind a few bushels  of wheat evey day, and you will offset $200 from you're monthly mortgage  payments."
61,4188,1,29,96,126,1.246031746031746,0.040137079300749556,645,"I’d buy before it’s gentrified, the Elephants are already moving in."
153,4188,7,17,102,126,1.246031746031746,0.04871231771019955,645,Local Zoning does not allow Solar Panels
2555,4188,7,17,102,126,1.246031746031746,0.04871231771019955,645,"What price? Who do you think you are, Don Quixote!"
2208,4188,7,17,102,126,1.246031746031746,0.04871231771019955,645,You just need to be careful moving between the kitchen and the bedroom that no one is playing through.
1423,4188,3,25,98,126,1.246031746031746,0.04318510609878031,645,"As you can see, there is plenty of cross-ventilation and it's located in a wonderful school district."
6925,4201,4,22,96,122,1.2459016393442623,0.04554607090890052,645,This neighborhood is a lot safer than it used to be.
5384,4201,4,22,96,122,1.2459016393442623,0.04554607090890052,645,$2500 a month and all the electricity you can handle!
4293,4201,5,20,97,122,1.2459016393442623,0.04700986675286886,645,Sure you can afford it - if you go Dutch.
3497,4201,6,18,98,122,1.2459016393442623,0.048429439073835824,645,Miniature golf living is filled with excitement.
5582,4201,4,22,96,122,1.2459016393442623,0.04554607090890052,645,I expect multiple offers if anyone else makes it through the loop de loop.
2031,4201,4,22,96,122,1.2459016393442623,0.04554607090890052,645,You will have the lowest electric bill in town!
813,4201,9,12,101,122,1.2459016393442623,0.052458169617877914,645,"It was part of Trumpwall, repurposed as a windmill."
3113,4201,1,28,93,122,1.2459016393442623,0.040841101657361316,645,You'll have the freshest flour ever!
675,4201,4,22,96,122,1.2459016393442623,0.04554607090890052,645,And the best part is no electric bills!
6275,4210,3,23,92,118,1.2457627118644068,0.04493212915420019,645,And we offer competitive sub par mortgage rates.
5208,4210,3,23,92,118,1.2457627118644068,0.04493212915420019,645,"The master bedroom is upstairs,
so you won't even notice the golf balls."
2992,4210,2,25,91,118,1.2457627118644068,0.043290087533816725,645,"Look, it's a 'green' house.  You'll never have to pay for electricity again."
4423,4210,4,21,93,118,1.2457627118644068,0.046516242130829305,645,Well yes it is not problem free but it does provide air-conditioning.
824,4214,6,16,92,114,1.2456140350877194,0.05070746735519953,645,No. The white elephant is on the next street.
3886,4214,3,22,89,114,1.2456140350877194,0.04588552124803296,645,You'll need at least a birdie to qualify for financing.
242,4214,3,22,89,114,1.2456140350877194,0.04588552124803296,645,The ventilation is wonderful.
7344,4217,4,19,87,110,1.2454545454545454,0.04864530718359612,645,"Sure it's quixotic, but isn't that what greenside living's all about?"
654,4218,4,17,81,102,1.2450980392156863,0.051073269338898615,645,The rate structure from the public utility commission is very favorable.
2379,4219,9,19,123,151,1.2450331125827814,0.045033112582781455,645,You get a month off your mortgage for every hole-in-one...Oh! And stay upstairs during business hours.
4905,4220,6,24,117,147,1.2448979591836735,0.04272848347675213,645,And you can grind your coffee beans on a windy day.
3810,4220,7,22,118,147,1.2448979591836735,0.0438053793538948,645,"The housing market is pretty cut & dry this year, either you're in or out."
4349,4222,4,27,112,143,1.2447552447552448,0.041179286026284054,645,The view is to die for
3775,4222,7,21,115,143,1.2447552447552448,0.04462300714153091,645,"Everyone in the neighborhood recy- watch your head, Miss"
2145,4222,5,25,113,143,1.2447552447552448,0.04235831268917647,645,I'm sure you could get it for well below asking price.
2274,4222,3,29,111,143,1.2447552447552448,0.0399654918823099,645,"And, of course, our Pure-Green patented forever lawn technology"
2580,4226,7,20,112,139,1.2446043165467626,0.04548390934897567,645,"1). It has a great 360 view
2). it's on the golf course...
3). And it's under a million bucks..."
3348,4226,8,18,113,139,1.2446043165467626,0.04661598893320991,645,"Are there problems?  Sure.  There's no windows or doors, it has a bottomless pit in the front yard, and there's a wild elephant just roaming around the neighborhood, but...the property taxes are mini."
3774,4226,6,22,111,139,1.2446043165467626,0.04432292403610714,645,It's where the president hires and fires his staff.
3796,4226,7,20,112,139,1.2446043165467626,0.04548390934897567,645,Amazon is planning a new headquarters in the neighborhood.
6394,4226,3,28,108,139,1.2446043165467626,0.040641460990527734,645,"And so, this is the house that I promised you and it is on the golf course!"
7537,4231,6,21,108,135,1.2444444444444445,0.04518455082971872,645,You'll have a ball here. I guarantee it.
7162,4231,5,23,107,135,1.2444444444444445,0.04394411580826142,645,"Except for your neighbor Don, it's a relatively quiet neighborhood."
6684,4231,7,19,109,135,1.2444444444444445,0.04639183067305038,645,How did we get this small?
6676,4231,8,17,110,135,1.2444444444444445,0.04756847982341376,645,Now let's talk about the elephant in the community.
7103,4231,4,25,106,135,1.2444444444444445,0.04266763404099585,645,"No, the wooden shoes are extra."
5989,4231,6,21,108,135,1.2444444444444445,0.04518455082971872,645,"I guarantee if we can close on this one, I can get a restraining order on Mr. Quixote!"
3065,4231,4,25,106,135,1.2444444444444445,0.04266763404099585,645,"Yes, the house is a bit expensive, but it comes with a golf club membership."
2731,4231,5,23,107,135,1.2444444444444445,0.04394411580826142,645,We just got wind of the idea of living here.
2657,4231,7,19,109,135,1.2444444444444445,0.04639183067305038,645,Some golf balls will occasionally fly through the door and windows.
6285,4231,4,25,106,135,1.2444444444444445,0.04266763404099585,645,"A ""white elephant""? No, no...this is one of Mr. Quixote's dream properties."
6237,4241,6,20,105,131,1.2442748091603053,0.046094191207963264,645,It's within walking distance of the laughing clown hole
3804,4241,1,30,100,131,1.2442748091603053,0.03921065419799541,645,"Remember, if you're not happy, what goes around comes around."
3870,4241,7,18,106,131,1.2442748091603053,0.04735096910531588,645,"Oh, don't worry about that, it never gets windy here"""
443,4241,6,20,105,131,1.2442748091603053,0.046094191207963264,645,The Jonathan Swift Tournament only happens once a year and you can sell electricity back to the power company all year round.
3621,4241,6,20,105,131,1.2442748091603053,0.046094191207963264,645,It's going to feel like a big upgrade from the volcano hole.
6690,4246,8,15,104,127,1.2440944881889764,0.04964130232751515,645,Mega- Putt Putt will make golf great again.
680,4246,5,21,101,127,1.2440944881889764,0.045708924357428474,645,And you never have to worry about a power failure.
3531,4246,7,17,103,127,1.2440944881889764,0.04836604718000924,645,"It might take some getting used to, but it's the best I could find within your budget."
3671,4246,2,27,98,127,1.2440944881889764,0.041404741697714714,645,And it's completely energy-efficient!
3816,4246,2,27,98,127,1.2440944881889764,0.041404741697714714,645,. . . and it comes with an 'Indiana Jones' theme.
5064,4246,4,23,100,127,1.2440944881889764,0.04432066548417608,645,With a place like this you don't have to feel guilty about climate change.
6407,4246,5,21,101,127,1.2440944881889764,0.045708924357428474,645,No? Let me show you a cute two bedroom with solar
3786,4253,3,24,96,123,1.2439024390243902,0.043719910220988874,645,"Now remember, I told you that this house was well above par."
2143,4253,6,18,99,123,1.2439024390243902,0.04807567590482465,645,"Don't worry, this is Florida, the ball will never even come close to your new home."
1422,4253,3,24,96,123,1.2439024390243902,0.043719910220988874,645,It's all a matter of timing - plus you won't ever need to put in central air.
123,4253,3,24,96,123,1.2439024390243902,0.043719910220988874,645,It's a putt-friendly neighborhood.
326,4257,3,23,93,119,1.2436974789915967,0.044600789096914985,645,"Yes, Sally, it's a very child-friendly neighborhood."""
346,4257,6,17,96,119,1.2436974789915967,0.04915811172084668,645,An added feature is that there hasn't been a Don Quixote wanna be seen in the neighbourhood in over a decade.
1055,4257,1,27,91,119,1.2436974789915967,0.04128402453096098,645,A repurposed charmer with the right size and a bit of foot traffic.
2390,4257,3,23,93,119,1.2436974789915967,0.044600789096914985,645,Welcome to our open house -- I think you'll like the new wind turbine technology
2872,4257,4,21,94,119,1.2436974789915967,0.04616990623084198,645,And it's off the grid.
3771,4257,2,25,92,119,1.2436974789915967,0.04297441721268875,645,You won't have as many visitors on windy days!
5531,4257,7,15,97,119,1.2436974789915967,0.05058606331052551,645,"Yeah, it’s above market rate, but we’re talking 100% renewable energy, a one-hole golf course, and no elephant in the room."
6791,4257,4,21,94,119,1.2436974789915967,0.04616990623084198,645,"Well, it's a bit breezy, but there's free electric."
4259,4265,8,22,126,156,1.2435897435897436,0.04301671715340813,645,"And we can insure you against a hole in one,  for a small additional cost."
5786,4266,2,24,89,115,1.2434782608695651,0.043827733554238336,645,"Well, getting this one off the market should be a breeze!"
6001,4266,6,16,93,115,1.2434782608695651,0.05030995362438918,645,But do you really want to go in or out when it's windy?
2258,4266,7,14,94,115,1.2434782608695651,0.051803925864599386,645,"Sure, it's a gated community, but you'll find it takes a lot of balls to keep this place going."
182,4269,4,29,119,152,1.243421052631579,0.03960055711651401,645,"Now, you're certain you want to go with the crocodile over the windmill?"
3488,4269,4,29,119,152,1.243421052631579,0.03960055711651401,645,It’s a Dutch Auction
2769,4271,6,24,118,148,1.2432432432432432,0.042471042471042476,645,The savings on electricity alone will pay the mortgage.
6819,4271,2,23,86,111,1.2432432432432432,0.04473274211619977,645,"This listing is just your mortgage and taxes, no electricity bills"
6760,4273,3,29,112,144,1.2430555555555556,0.039723363255926035,645,I wouldn't worry about the windmill or the elephant; Bob the graffiti artist is the real problem.
2467,4274,3,20,84,107,1.2429906542056075,0.04758517314361994,645,It's perfect for puttering around.
7526,4274,1,24,82,107,1.2429906542056075,0.0437227311200704,645,"On the contrary. There's nothing ""mini"" about it."
4305,4276,4,26,110,140,1.2428571428571429,0.041640842582238206,645,I’m personally drawn to the historic picket fence “in the round” as an uplifting admonishment to mindfulness.
4549,4276,8,18,114,140,1.2428571428571429,0.04631478665214787,645,"Each resort is different. Ivanka's has a ""Rue de Rivoli"" theme. Donald Jr's. is a big game hunt... and this is Eric's."
6746,4276,6,22,112,140,1.2428571428571429,0.04403986395070219,645,So what exactly were you doing when you got hit by the golf ball?
7098,4276,5,24,111,140,1.2428571428571429,0.04285714285714285,645,We offer all of the joys of downsizing while guaranteeing the best facilities for an active lifestyle.
5782,4280,5,23,108,136,1.2426470588235294,0.04365681614360453,645,"On the plus side, you're well protected by the loop-the-loop out back."
5982,4280,5,23,108,136,1.2426470588235294,0.04365681614360453,645,"It's a prime location, and fantastic view, but I must warn you about the first floor."
5256,4280,4,25,107,136,1.2426470588235294,0.042390861443509856,645,You have .03 seconds to get out the door before...
5476,4280,3,27,106,136,1.2426470588235294,0.041085918172157385,645,Aside from the giant golf balls occasionally hurdling into your living room it's a calm neighborhood.
3313,4280,6,21,109,136,1.2426470588235294,0.044887081189025055,645,"Well,Mr and Mrs Quixote,at least your utility bills will be low!"
393,4280,2,29,105,136,1.2426470588235294,0.03973814553015243,645,"It's move-in ready, and the water hazard is perfect for entertaining."
72,4280,3,27,106,136,1.2426470588235294,0.041085918172157385,645,Downsizing may be the right move for you.
4173,4280,1,31,104,136,1.2426470588235294,0.038343027375286054,645,Guaranteed to be Don Quixote safe.
865,4288,5,22,105,132,1.2424242424242424,0.044499961820624365,645,No worries at 20 Mph you have just a 0.4 chance of being hit
1437,4288,5,22,105,132,1.2424242424242424,0.044499961820624365,645,The good news is you’ll get a break on your flood insurance.
4704,4288,4,24,104,132,1.2424242424242424,0.04318085433421962,645,It’s still your turn.
5769,4288,4,24,104,132,1.2424242424242424,0.04318085433421962,645,"...not to worry, everyone misses this putt. Think of the electricity you will save!"
6373,4288,5,22,105,132,1.2424242424242424,0.044499961820624365,645,The blades are new but the old guy and donkey are original
6888,4288,6,20,106,132,1.2424242424242424,0.04578107712844859,645,It's quieter in the winter.
6691,4294,2,27,99,128,1.2421875,0.0411242322613401,645,Figuring out when to run through the door will keep you in great physical and mental health!
4804,4294,4,23,101,128,1.2421875,0.04401437800549532,645,"Now, the option to take on the role of village miller is open, of course. Or you could provide electricity for the village."
2903,4294,4,23,101,128,1.2421875,0.04401437800549532,645,...and the lower level has an open floor plan.
4939,4294,5,21,102,128,1.2421875,0.04539049423914243,645,"Yes, and the rate varies, just like your mortgage."
1712,4294,6,19,103,128,1.2421875,0.04672610045078247,645,"Yes, membership is included in the condo fee. But you supply the balls."
490,4294,6,19,103,128,1.2421875,0.04672610045078247,645,"Well, this is pretty much what's available here in Brobdingnag."
2017,4294,5,21,102,128,1.2421875,0.04539049423914243,645,"Look at it his way.  Yes, there is noise, but you get to take a renewable  energy credit for the entire purchase price."
7525,4301,5,20,99,124,1.2419354838709677,0.0463328244815081,645,It's a classic eighteen.
6850,4301,8,14,102,124,1.2419354838709677,0.050399619592996305,645,The best time to buy is when the blade is directly in front of the hole.
6282,4301,4,22,98,124,1.2419354838709677,0.04489543719436014,645,I understand....but the fees alone will pay half the mortgage!
4931,4301,8,14,102,124,1.2419354838709677,0.050399619592996305,645,It's powered by political speeches.
4135,4301,2,26,96,124,1.2419354838709677,0.04187289808157224,645,"Don Quixote moved away, so it's very unlikely you'll get tilted at."
3100,4301,6,18,100,124,1.2419354838709677,0.047726941741491634,645,Real Estate - it's all about location and timing!
2945,4301,5,20,99,124,1.2419354838709677,0.0463328244815081,645,So you say that the damage was caused by golf balls the size of hail?
2262,4301,5,20,99,124,1.2419354838709677,0.0463328244815081,645,"It's a new take, so to speak, on ""Going Dutch."""
147,4301,2,26,96,124,1.2419354838709677,0.04187289808157224,645,Your utility bills will be dirt cheap!
3456,4301,2,26,96,124,1.2419354838709677,0.04187289808157224,645,"...And depending on your handicap, you may be eligible for discounts on your closing costs."
1821,4311,6,25,122,153,1.2418300653594772,0.041499814314480576,645,"And, of course, it comes with a view of the seventh fairway..."
6659,4311,4,29,120,153,1.2418300653594772,0.039373036003404145,645,It's a great little house to live in. Don't mind the occasional golf ball through the living room however...
6606,4313,5,19,96,120,1.2416666666666667,0.04733194261577883,645,"The only thing that's a little tricky, is one's timing entering the place."
7030,4313,4,21,95,120,1.2416666666666667,0.04582855844748356,645,No you can't keep the balls.
1997,4313,6,17,97,120,1.2416666666666667,0.04878902350111492,645,"The finance rate is below par, unlike your last round."
640,4313,3,23,94,120,1.2416666666666667,0.04427415439017953,645,"The neighborhood does get a lot of tourist traffic, but birthday party crowds end by 6:00.  It'll be fine."
116,4313,4,21,95,120,1.2416666666666667,0.04582855844748356,645,You said you wanted a large entertainment area...
1845,4313,5,19,96,120,1.2416666666666667,0.04733194261577883,645,"To get the most out of your Airbnb experience, make sure to post a photo from this exact location including the hashtags ‘wanderlust’, ‘liveauthentic’ and ‘windmillvibez’"
6753,4319,7,22,120,149,1.2416107382550337,0.04327744567062331,645,It runs on the hot air from Trump's Twitter feed.
1307,4320,4,27,114,145,1.2413793103448276,0.040678938779738834,645,It's better than solar panels.
1770,4320,3,29,113,145,1.2413793103448276,0.03948405525820154,645,"I mean, who doesn't like charm, right? Plus, the hipster-techies haven't discovered it yet."
4102,4320,5,25,115,145,1.2413793103448276,0.04183971200735931,645,"Yes, the wind-power is an attractive feature, but we really prefer solar paneling."
6323,4320,2,24,90,116,1.2413793103448276,0.04349893526962546,645,...and it comes with its own putting green
3357,4324,4,26,111,141,1.2411347517730495,0.0413803241643798,645,"Granted, the front doorway is a bit tricky, but the home is rated a net zero energy consumption."""
5628,4324,4,26,111,141,1.2411347517730495,0.0413803241643798,645,But what about the gaping hole in the yard?
6891,4326,4,19,89,112,1.2410714285714286,0.04787225553270457,645,want to try running between the blades?
7560,4326,4,19,89,112,1.2410714285714286,0.04787225553270457,645,Moving into this house will requires an accurate split second decision.
7308,4326,5,17,90,112,1.2410714285714286,0.04952401448452785,645,"Solar panels? No need, the turbines on this puppy generate enough mega-putts, err watts to light up the whole back nine.“"
5652,4326,3,21,88,112,1.2410714285714286,0.04616143075028548,645,"Outside of the one tragedy, though, the kids love playing 'Indiana Jones.'"
5315,4326,5,17,90,112,1.2410714285714286,0.04952401448452785,645,"Not only does it come with the wind turbine, it’s located on a par 2 with easy flow through on the first floor."
975,4326,4,19,89,112,1.2410714285714286,0.04787225553270457,645,And the HOA covers any damage from golf  balls.
5806,4326,8,11,93,112,1.2410714285714286,0.05417797978228061,645,This little wind farm fixer-upper is a real steal.  Zero electricity bills. DYI flour grinding offset.  Don't get me started.
6521,4333,4,25,108,137,1.2408759124087592,0.04211755849911165,645,Let me take you around back and show you the in-law suite.
459,4333,3,27,107,137,1.2408759124087592,0.04082335761509968,645,"Downsizing, but still looking to have a ball?"
854,4333,2,29,106,137,1.2408759124087592,0.03948676132597534,645,I know what you're thinking. The Jolly Green Giant used to play miniature golf here. But think of the celebrity value.
932,4333,5,23,109,137,1.2408759124087592,0.04337315922182596,645,I'm sure you can score some points on the mortgage.
1097,4333,4,25,108,137,1.2408759124087592,0.04211755849911165,645,This hose features free electricity - And grinds your Coffee beans
2918,4333,4,25,108,137,1.2408759124087592,0.04211755849911165,645,"The good thing is, very few balls come rolling through."
5377,4333,2,29,106,137,1.2408759124087592,0.03948676132597534,645,Interesting note: all the houses on this block were constructed by the same builder.
7390,4333,3,27,107,137,1.2408759124087592,0.04082335761509968,645,The previous owner reported packages going missing.
5489,4341,5,22,106,133,1.2406015037593985,0.044201706232744095,645,It's just your run of the mill mini-golf course
6047,4341,4,24,105,133,1.2406015037593985,0.042893701954168785,645,"As with any sale, it’s all in the timing."
5191,4341,5,22,106,133,1.2406015037593985,0.044201706232744095,645,It has everything you were looking for... you just have to be quick going in and out.
2276,4341,5,22,106,133,1.2406015037593985,0.044201706232744095,645,"Yeah, bottomless. I would not go near that thing."
1642,4341,6,20,107,133,1.2406015037593985,0.04547210134179587,645,"I would show you the community gardens, but there’s a hole in one."
415,4341,6,20,107,133,1.2406015037593985,0.04547210134179587,645,"No, I agree, it’s weird the hole is that big. It’s like it was designed by somebody who spent his entire life in Manhattan and has no idea what one of these is actually supposed to look like."
4779,4347,2,21,81,104,1.2403846153846154,0.046327390305832834,645,"You get low monthly utility bills, plus the best seats for this short par 4 hole!"
6698,4348,4,23,102,129,1.2403100775193798,0.043712184374573484,645,"And the HOA covers all exterior scrapes and dents, ice cream and soda clean up, and of course the occasional gum removal."
5986,4348,2,27,100,129,1.2403100775193798,0.04084736222549998,645,It's a steal! Half its original value because the previous owners were crushed by a hole in one.
5380,4348,4,23,102,129,1.2403100775193798,0.043712184374573484,645,They can always be retrofitted with solar panels
4949,4348,5,21,103,129,1.2403100775193798,0.04507636957214343,645,"Do not worry about the lack of wind, it runs on oil anyway."
4551,4348,5,21,103,129,1.2403100775193798,0.04507636957214343,645,Full disclosure: You will either get a wonderfully cool breeze on a hot day -- or be sucked right out of the house!
4462,4348,7,17,105,129,1.2403100775193798,0.04768780929986155,645,"The owners wanted me to emphasize that, if you buy, you will automatically be added to the list of plaintiffs in the class action case against the architect and builder.”

George Mesritz, Birmingham M"
5145,4348,2,27,100,129,1.2403100775193798,0.04084736222549998,645,'You did say you wanted a green lifestyle!'
2592,4348,3,25,101,129,1.2403100775193798,0.04230403091655634,645,Most people find it hard to downsize.
2509,4348,5,21,103,129,1.2403100775193798,0.04507636957214343,645,It is a great house and your timing couldn't be better.
1314,4348,3,25,101,129,1.2403100775193798,0.04230403091655634,645,"You'll love it here, but run for cover when you hear them say ""fore""."
860,4348,5,21,103,129,1.2403100775193798,0.04507636957214343,645,"If I did not know you better, I would say you are skeptical."
331,4348,5,21,103,129,1.2403100775193798,0.04507636957214343,645,"Like many in his line of work, Biff found the golf ball damage endorsement to homeowners policy practically sold itself."
3247,4348,3,25,101,129,1.2403100775193798,0.04230403091655634,645,You'll save on electricity
7180,4361,7,23,124,154,1.2402597402597402,0.04227548064677721,645,Are you looking to rent or buy a hole?
5544,4362,7,22,121,150,1.24,0.04301812738969854,645,The price also includes a giant putter.
125,4362,3,24,98,125,1.24,0.04310527248642598,645,It has the old Amsterdam look.
837,4362,5,20,100,125,1.24,0.046001402503163584,645,"It dries your laundry quick and efficiently, it's part of the green alternative!"
1024,4362,5,20,100,125,1.24,0.046001402503163584,645,I think you'll find this strikes the right note of middle aged whimsy.
2191,4362,5,20,100,125,1.24,0.046001402503163584,645,"When the wind blows,you have enter and exit quickly."
3019,4362,6,18,101,125,1.24,0.04738313297284785,645,It's the perfect home for couples whose golf game plays an outsized role in their lives.
3684,4362,8,20,122,150,1.24,0.044045939003832205,645,Yes the homeowners association allows elephants as pets
3860,4362,5,20,100,125,1.24,0.046001402503163584,645,"Waive the inspection, and the house is yours."
7171,4362,5,20,100,125,1.24,0.046001402503163584,645,Welcome to Ministure Golf Estates!  This the famous Hole #9!
4232,4371,3,29,114,146,1.2397260273972603,0.03924752130074012,645,This two bedroom unit  has the best view of the 18th hole.
6513,4371,3,29,114,146,1.2397260273972603,0.03924752130074012,645,This is one of our more 'affordable' properties
4224,4371,7,21,118,146,1.2397260273972603,0.043797958552999845,645,The best part? You’ll have a lifetime supply of golf balls.
825,4371,4,27,115,146,1.2397260273972603,0.04043317004071793,645,Do you want to fight climate change with us?
4127,4371,5,25,116,146,1.2397260273972603,0.041585027964775624,645,I suggest letting a small child check when it's time to exit
768,4371,5,25,116,146,1.2397260273972603,0.041585027964775624,645,"You already know your neighbors...we have Lucy the elephant, the little old lady who lives in a shoe, the pig in a brick house... what more could you possibly want?"
765,4377,4,21,96,121,1.2396694214876034,0.04549209568437318,645,Full disclosure?...giant golf balls are a periodic problem
2399,4377,5,19,97,121,1.2396694214876034,0.04698161147287437,645,The good news is that your house will sell easily when we find a Spanish lunatic with money and a side-kick.
2400,4377,4,21,96,121,1.2396694214876034,0.04549209568437318,645,And it will be such fun on windy days.
5167,4377,2,25,94,121,1.2396694214876034,0.042356211776931295,645,"Utilities are a breeze, and we'll even throw in an elephant for your little girl."
7143,4377,3,23,95,121,1.2396694214876034,0.043952129902021915,645,"So far, everyone I've shown this house to has been bowled over."
7489,4377,2,25,94,121,1.2396694214876034,0.042356211776931295,645,"Of course, it won't turn!"
5788,4383,4,26,112,142,1.2394366197183098,0.04112295635269635,645,"At least, in this one, the bathroom is inside."
4823,4383,2,30,110,142,1.2394366197183098,0.0386175775709932,645,Only you will separate the wheat from the chaff.
2196,4383,6,22,114,142,1.2394366197183098,0.04348422450636393,645,"Did I say it was a Victorian? Well, I lied."
2844,4383,5,24,113,142,1.2394366197183098,0.042320062146136025,645,Only on  VERY windy days does it exceed 40 RPM.
7461,4387,5,18,94,117,1.2393162393162394,0.04802245006476562,645,I’m sorry. I know you’ve been putt through a lot.
606,4387,7,14,96,117,1.2393162393162394,0.050998824916642684,645,It's perfect for entertaining.
2250,4387,5,18,94,117,1.2393162393162394,0.04802245006476562,645,"as I said on the phone guys, this property is an Airbnb cash generator..."
3619,4387,5,18,94,117,1.2393162393162394,0.04802245006476562,645,And they allow putts!
5429,4387,5,18,94,117,1.2393162393162394,0.04802245006476562,645,what elephant?
5721,4387,4,20,93,117,1.2393162393162394,0.046462818402408325,645,We like to think of it as intermittent security.
5936,4387,2,24,91,117,1.2393162393162394,0.04317486608247565,645,At least the elephant isn't in the room.
6580,4387,4,20,93,117,1.2393162393162394,0.046462818402408325,645,"It has granite countertops, stainless steel appliances and it’s energy efficient."
7036,4387,3,22,92,117,1.2393162393162394,0.04484898301597752,645,"Yes, we're a gated community, but we remain open to everyone"
5821,4396,3,27,108,138,1.2391304347826086,0.0405640280408239,645,The neighborhood doesn't like to mention it
4516,4396,2,29,107,138,1.2391304347826086,0.03923842310924015,645,"It's our deluxe Don Quixote model, but I must warn you, the floorboards are tilted."
861,4396,3,27,108,138,1.2391304347826086,0.0405640280408239,645,I’m sorry to say wind is “out” and coal is “in”
1214,4396,8,17,113,138,1.2391304347826086,0.04663017247321444,645,I have to ask you about something that has been known to turn some people away. How do you feel about large dimpled balls rolling through your living room?
251,4400,5,17,91,113,1.238938053097345,0.04913013287439456,645,Classic design and sustainable
2947,4400,4,19,90,113,1.238938053097345,0.047494653839780694,645,And you get a free year of golf privileges.
698,4402,6,20,108,134,1.2388059701492538,0.0451671846393246,645,And on this unit the utilities are included!
1397,4402,5,22,107,134,1.2388059701492538,0.04390733102351806,645,"Full disclosure, there is a knight in the neighborhood in search of a quest."
4490,4402,2,28,104,134,1.2388059701492538,0.03988973759886932,645,And membership to our exclusive golf club comes with the purchase of any home in this fine gated community.
5643,4402,2,28,104,134,1.2388059701492538,0.03988973759886932,645,That's right. They used to use these a long time ago-back when we actually did stuff.
5971,4406,4,29,122,155,1.238709677419355,0.03892552584131375,645,"Well, yes, but it comes with a security system that keeps almost everything out."
7449,4406,5,27,123,155,1.238709677419355,0.03998729476451437,645,"You said your last name was Miller, right?"
7250,4408,5,16,88,109,1.238532110091743,0.05031177443120517,645,"On the bright side, it's free if you get a hole in one."
2219,4408,4,18,87,109,1.238532110091743,0.048594032361072494,645,Don't think of it as mini golf. Think of it as maxi golf.
448,4410,4,23,103,130,1.2384615384615385,0.0434140061237124,645,"On the plus side, it's Castle-adjacent."
1324,4410,3,25,102,130,1.2384615384615385,0.042018035929025456,645,Now this one is definitely in your budget and will save you a good chunk of cash on electric bilks.
1842,4410,6,19,105,130,1.2384615384615385,0.04607924800236506,645,And it includes all the free golf you want!
1932,4410,5,21,104,130,1.2384615384615385,0.044766466379273236,645,"You'll have to update the electrical, of course."
3364,4410,3,25,102,130,1.2384615384615385,0.042018035929025456,645,It's a steal...free AC and and freshly ground millet every day!
5819,4410,4,23,103,130,1.2384615384615385,0.0434140061237124,645,"And other benefit, about every 15 seconds you get a moment of shade from that summer sun!"
6027,4410,4,23,103,130,1.2384615384615385,0.0434140061237124,645,"No, no, no. No handicaps."
7391,4410,4,23,103,130,1.2384615384615385,0.0434140061237124,645,"Here's your white picket fence.  Unfortunately, the carpenter that installed it has astigmatism."
6532,4418,4,28,119,151,1.2384105960264902,0.03954331938344031,645,The golf ball rarely makes it.
6696,4418,6,24,121,151,1.2384105960264902,0.04171659800800959,645,Sure the entrance may be a challenge but the interior is worth it
4757,4420,5,20,101,126,1.2380952380952381,0.045674585936311615,645,Think of it as a Dutch Ante-Colonial
5411,4420,5,25,117,147,1.2380952380952381,0.04133335136970877,645,I see upsides and downsides.
6449,4420,6,18,102,126,1.2380952380952381,0.04704414870563226,645,"On the contrary, the balls help keep the pigeons and mice from nesting in there."
6939,4420,5,20,101,126,1.2380952380952381,0.045674585936311615,645,...and the seller is willing to offer you a mortgage with convenient revolving loan features.
4129,4420,7,16,103,126,1.2380952380952381,0.04837495275885827,645,"The rent is low, but you must provide your own wind"
6528,4420,4,22,100,126,1.2380952380952381,0.044262666813799055,645,"I must say, it does get a little breezy. But, don't worry it's not like a giant ball is going to roll on through."
4071,4420,5,20,101,126,1.2380952380952381,0.045674585936311615,645,This home's energy usage footprint is miniature.
6143,4420,8,14,104,126,1.2380952380952381,0.049670113563448755,645,It's the latest trend in vacation rentals...
2760,4420,6,18,102,126,1.2380952380952381,0.04704414870563226,645,"Energy savings aside, you also get discounts on ALL golf equipment!"
2542,4420,2,21,82,105,1.2380952380952381,0.0459411343446539,645,"It's got a golf course, an open concept, and it runs entirely on renewable energy so forget about paying for air conditioning"""
1410,4420,3,29,115,147,1.2380952380952381,0.039013715732043514,645,"I like to say ""it has character."""
3048,4420,4,22,100,126,1.2380952380952381,0.044262666813799055,645,"Every time there's a hole in one, you get a free mortgage payment."
1318,4420,7,16,103,126,1.2380952380952381,0.04837495275885827,645,"Once we install the door and thermal windows, this baby will create all its own power, every day the wind is over 20 mph!"
533,4420,6,23,118,147,1.2380952380952381,0.042445658147416666,645,The short bursts of high-intensity exercise required to come and go means you won't need to renew that expensive gym membership.
92,4420,5,25,117,147,1.2380952380952381,0.04133335136970877,645,"It's a lovely location near the course, but you can expect a occasional golf ball in your yard."
1585,4435,7,20,116,143,1.2377622377622377,0.04433653740431731,645,"Can you believe they call it ""mini golf""?"
2582,4435,3,28,112,143,1.2377622377622377,0.039645382127636096,645,And it comes with the original grinding wheel!
1256,4437,5,19,98,122,1.2377049180327868,0.04663631960750775,645,An idea this good shouldn't be left just to miniature golf.
2976,4437,1,27,94,122,1.2377049180327868,0.04041057187170267,645,Electric included.
3963,4437,2,25,95,122,1.2377049180327868,0.04205350539350956,645,The neighborhood's got a great club scene. Your kids'll love it.
4115,4437,7,15,100,122,1.2377049180327868,0.04945616544275742,645,The owners are confident that the water problem has been resolved.
4695,4437,5,19,98,122,1.2377049180327868,0.04663631960750775,645,"You said you wanted to live near a golf course. Well, how about in a golf course?"
4997,4437,5,19,98,122,1.2377049180327868,0.04663631960750775,645,Oh and the AstroTurf fees are included!
7416,4437,3,23,96,122,1.2377049180327868,0.04363462286723502,645,"The windmill provides all your electricity, but that’s par for the course in these parts."
5363,4444,2,24,92,118,1.2372881355932204,0.042855429936970196,645,"....and when the wind starts, then is when the fun begin!"
168,4445,3,26,106,135,1.237037037037037,0.04100372430793054,645,It's the green energy of the future.
700,4445,2,28,105,135,1.237037037037037,0.03963265178621323,645,Dutch architecture and comes with two free putters.
953,4445,4,24,107,135,1.237037037037037,0.04233041136859312,645,"If you think about it, it makes perfect sense."
1161,4445,5,22,108,135,1.237037037037037,0.04361676336166934,645,"On a breezy day, you can get all the power you want out of this baby!"
2757,4445,6,20,109,135,1.237037037037037,0.04486624973921271,645,The downside; you have to sync your exits with the wind.
4898,4445,8,16,111,135,1.237037037037037,0.04726623535557376,645,Welcome to maxi-golf
5111,4445,5,22,108,135,1.237037037037037,0.04361676336166934,645,"It is a great investment property, and ironic the previous owners were lost in an unfortunate clean energy accident."
6899,4445,7,18,110,135,1.237037037037037,0.04608186937587219,645,The impossible dream can be yours forever with a small down payment today.
7032,4453,6,15,93,114,1.236842105263158,0.05030975558841903,645,"This is a clean energy Obama-era hole.  I can also show you a Trump-era hole that I am assured is swamp-free and has, what I'm told, the greatest invisible wall to ever exist."
2723,4453,7,13,94,114,1.236842105263158,0.051829787791302415,645,"Just go inside if you see any giants, and be sure not to fall into the hole."
6317,4453,3,21,90,114,1.236842105263158,0.04544563039491826,645,You'll have a ball!  Perhaps many even...
4586,4456,5,21,105,131,1.2366412213740459,0.04446070275087714,645,"Mysteriously , the prior owners had reoccurring concussions 
So they sold  and moved to a facility."
7230,4456,5,21,105,131,1.2366412213740459,0.04446070275087714,645,"When I said golf Course, I meant MINIATURE golf"
7523,4456,6,19,106,131,1.2366412213740459,0.045762363369893325,645,It’s the only lot with air conditioning and a view of the elephant.
6924,4456,4,23,104,131,1.2366412213740459,0.04311976666223454,645,it might not have a view but it's got a breeze
5427,4456,8,15,108,131,1.2366412213740459,0.04826047580982554,645,This location is a real hole in one.
4210,4456,8,15,108,131,1.2366412213740459,0.04826047580982554,645,I think you'll find this a very enthusiastic sports town.
1049,4456,2,27,102,131,1.2366412213740459,0.040304275862654476,645,This isn't exactly what we had in mind when we said we were interested in a course-front property...
3427,4456,3,25,103,131,1.2366412213740459,0.04173576960964363,645,the couple who moved into the clown's mouth were never seen again.
2904,4456,5,21,105,131,1.2366412213740459,0.04446070275087714,645,Wait til you see the breezeway!
2224,4456,4,23,104,131,1.2366412213740459,0.04311976666223454,645,Just think of the environmental impact it would have.
1603,4456,2,27,102,131,1.2366412213740459,0.040304275862654476,645,Just wait until you see the club house.
208,4456,4,23,104,131,1.2366412213740459,0.04311976666223454,645,It's a Par-3-bedroom and you're just a hole away from a waterfall.
4085,4456,3,25,103,131,1.2366412213740459,0.04173576960964363,645,"Unfortunately, we lost the knight to the black hole."
167,4469,6,23,119,148,1.2364864864864864,0.04218857159601243,645,Well I did tell you it was right on the fairway didn't I?
573,4469,3,29,116,148,1.2364864864864864,0.038782593817847745,645,"As your realtor, I have to say it’s a real hole in one."
6264,4469,7,21,120,148,1.2364864864864864,0.043264352955627354,645,It comes with a closet full of wooden shoes!
6979,4469,5,25,118,148,1.2364864864864864,0.04108463106752489,645,Are you easily freightened by giants?
6110,4473,5,20,102,127,1.236220472440945,0.045352282307337274,645,"We found out Mr. Quixote hates putt-putt, so it's really a safe place to live."
5695,4473,4,22,101,127,1.236220472440945,0.04395276024928965,645,I think it is time you putt aside your differences
5512,4473,4,22,101,127,1.236220472440945,0.04395276024928965,645,The architect took inspiration from the most unique golf venues.
5414,4473,2,26,99,127,1.236220472440945,0.04101068616380095,645,"I have no idea why there is an elephant in this neighborhood, but it hasn't at all depressed home values."
4304,4473,3,24,100,127,1.236220472440945,0.04250718476420963,645,And downtown is just a short drive away.
4238,4473,2,26,99,127,1.236220472440945,0.04101068616380095,645,"The place isn't furnished, and occasionally a large golf ball might roll through the middle of the house."
1765,4473,9,12,106,127,1.236220472440945,0.05056448376376388,645,How many baths?  That's yur question
2073,4473,1,28,98,127,1.236220472440945,0.039457470809377705,645,"We'll start the ball rolling and if something goes wrong, you'll take a mulligan."
1930,4473,6,18,103,127,1.236220472440945,0.046709890681067734,645,Church of the Ladder Day Saints
1851,4473,5,20,102,127,1.236220472440945,0.045352282307337274,645,Don Quixote used to imagine living here.
660,4473,3,24,100,127,1.236220472440945,0.04250718476420963,645,It means you can burn all the fossil fuels you want while appearing to reduce your carbon footprint.
495,4473,3,24,100,127,1.236220472440945,0.04250718476420963,645,This neighborhood is zoned for  minigolf. These residential units are accessory.
7346,4473,4,22,101,127,1.236220472440945,0.04395276024928965,645,Financing will be a hole in one
3557,4473,5,20,102,127,1.236220472440945,0.045352282307337274,645,"Plus,you get comped for miniature golf"
1155,4487,3,28,113,144,1.2361111111111112,0.039403712950929655,645,"No the hole doens't count towards the square footage, but that doesn't mean you can fill it in."
4508,4488,4,17,85,106,1.2358490566037736,0.049347743443954886,645,It has more square feet than your home in Lilliput and none of the zoning restrictions of that dollhouse across town.
6602,4489,1,27,95,123,1.2357723577235773,0.04012724797427663,645,"Plus, it boasts the newest in security systems"
4506,4489,3,23,97,123,1.2357723577235773,0.04332154282385029,645,"And of course, the lawn never needs mowing."
4522,4489,4,21,98,123,1.2357723577235773,0.04483342607880306,645,I’d recommend life insurance.
118,4492,6,21,113,140,1.2357142857142858,0.04373459415815174,645,The 17 neighbors make this a real hole-in-one community
436,4492,5,23,112,140,1.2357142857142858,0.04254338730354498,645,Just wait until you see the master bedroom - I guarantee you'll be bowled over.
1676,4492,7,19,114,140,1.2357142857142858,0.044894205072559736,645,Well are you here to buy a home? Or are you just putzing a round?
3274,4492,3,27,110,140,1.2357142857142858,0.040054836879231163,645,They all have central air!
3699,4492,7,19,114,140,1.2357142857142858,0.044894205072559736,645,Nothing beats an investment in Texas mini golf.
6108,4492,4,25,111,140,1.2357142857142858,0.041317851835987615,645,"Quirky yes, but definitely not the white elephant of the neighborhood."
5124,4498,4,24,108,136,1.2352941176470589,0.04205413841083768,645,I'm not the biggest fan of the facade.
5459,4498,7,18,111,136,1.2352941176470589,0.04577497070560295,645,It's an upgrade from the shoe box.
6102,4498,5,26,122,153,1.2352941176470589,0.04017152966801222,645,Think of the money you will save on air conditioning costs!
6220,4498,4,24,108,136,1.2352941176470589,0.04205413841083768,645,"It's a bit drafty in the winter, but the cross breeze in the summer is out of this world!"
6987,4498,4,20,95,119,1.2352941176470589,0.04576632677128508,645,"No no no, it’s a mini swingers club..."
6666,4498,5,18,96,119,1.2352941176470589,0.04729679185138561,645,Now that that's done...should we have the champagne here or by the glow-in-the-dark mermaids?
4911,4498,6,16,97,119,1.2352941176470589,0.04877926170751816,645,"And best of all, the view overlooks the golf course."
7408,4498,5,22,109,136,1.2352941176470589,0.04332993214109077,645,Down size your Golden Years here at Mature Golf Estates
6498,4498,1,26,92,119,1.2352941176470589,0.040832182237106704,645,The advantage of purchasing a new home on a miniature golf course is never having to mow the lawn.
4849,4498,4,24,108,136,1.2352941176470589,0.04205413841083768,645,It's great for couples who like working on a tight schedule.
6909,4498,5,18,96,119,1.2352941176470589,0.04729679185138561,645,"The grass is always very well kept, promise."
4790,4498,4,20,95,119,1.2352941176470589,0.04576632677128508,645,This wasn't what Barbra meant by 'swingers club'
1441,4498,4,24,108,136,1.2352941176470589,0.04205413841083768,645,The price is right. Call me if you're interested; my name is Gulliver.
1742,4498,4,20,95,119,1.2352941176470589,0.04576632677128508,645,One person's heaven is another's hellhole-in-one.
1936,4498,3,22,94,119,1.2352941176470589,0.04418287918231217,645,On the bright side it is completely energy self-sufficient.
2767,4498,4,24,108,136,1.2352941176470589,0.04205413841083768,645,The trades offs here are low energy costs but you have to be nimble.
4809,4498,3,26,107,136,1.2352941176470589,0.040738410567967114,645,"Yes they decapitate, but other than that it's a hole in one!"
2979,4498,6,20,110,136,1.2352941176470589,0.04456922123197992,645,"Yes, a balloon payment at the expiration of the mortgage is par for the course"
3129,4498,4,24,108,136,1.2352941176470589,0.04205413841083768,645,Don't worry. The golf balls are made out of foam rubber.
3268,4498,6,20,110,136,1.2352941176470589,0.04456922123197992,645,With this one you won't need a Security System.
3346,4498,5,18,96,119,1.2352941176470589,0.04729679185138561,645,This home actually comes with your own personal driver.
2823,4498,6,24,123,153,1.2352941176470589,0.04122803788532132,645,"Once you learn to avoid those spinning things, poop in that hole, and avoid the large white ball, it's a winner."
2515,4520,4,27,118,149,1.2348993288590604,0.03971289780687098,645,Hi!  Wecome to Lille-PUTT Homes!!
7556,4521,6,19,107,132,1.2348484848484849,0.045449726014839965,645,"It’s a really nice house, I’m glad you guys are interested. Just one thing, don’t fall down that hole, it’s a gate to hell.  Yeah I know, I was surprised too"
3916,4521,6,19,107,132,1.2348484848484849,0.045449726014839965,645,Unfortunately the hazard insurance does not cover man-made obstacles.
4312,4521,4,23,105,132,1.2348484848484849,0.042829391226308085,645,You won't have to pay a cent for air conditioning.
5624,4521,1,29,102,132,1.2348484848484849,0.03856650735812563,645,"The CC&Rs clearly state all balls are returned, cleaned and cannot be sold to outside parties."
6703,4521,4,23,105,132,1.2348484848484849,0.042829391226308085,645,Just remember this offer will close when the next blade covers the doorway.
6640,4526,4,19,92,115,1.2347826086956522,0.046756644404553516,645,"On the plus side, it will keep your air conditioning bills low"
5268,4526,4,19,92,115,1.2347826086956522,0.046756644404553516,645,Bed by 9? No worries!  They're usually too drunk by 8 to make the shot.
3907,4528,4,26,115,145,1.2344827586206897,0.04036921684789872,645,The kids are going to kill us.
22,4529,2,26,100,128,1.234375,0.04073085844570931,645,"It has wind powered electricity, and  
a putting green"
1390,4529,6,18,104,128,1.234375,0.04638026319434138,645,...and Babar brings the clean coal energy everyday to heat the church and power the windmill.
1400,4529,3,24,101,128,1.234375,0.04221414840770096,645,You’ll get to see a lot of cheating.
2521,4529,2,26,100,128,1.234375,0.04073085844570931,645,"...and because you're on the 18th hole, you'll never hear a ball hit the bottom of the cup."
2932,4529,1,28,99,128,1.234375,0.03919147016458323,645,Plus...the property has the newest tech in wind turbines
3597,4529,4,22,102,128,1.234375,0.0436470597159808,645,You simply need to time this home's entrances and exits and don't forget about the hole.
3887,4529,5,20,103,128,1.234375,0.04503440149389559,645,"You've got your breezes...
You've got your whimsy...
You've got your social consciousness...

Say the word and you'll have you your mortgage"
3976,4529,7,16,105,128,1.234375,0.04768815691594056,645,The renewable energy technology is time tested.
4395,4529,5,20,103,128,1.234375,0.04503440149389559,645,Windmill on the Golf Course !!! Did the listing fail to mention that it's a mini-golf course
7266,4529,4,22,102,128,1.234375,0.0436470597159808,645,I think we prefer the hillside house on the eleventh tee.
7299,4529,4,22,102,128,1.234375,0.0436470597159808,645,"Sure you can afford it if you go ""Dutch treat""!"
3133,4540,5,16,90,111,1.2342342342342343,0.049493677083499193,645,"No doors or windows and a wind generator; we put the ""air"" in Airbnb!"
7013,4540,7,12,92,111,1.2342342342342343,0.052699377594484176,645,Mr. Trump promised the biggest miniature golf course ever.
5924,4542,4,25,112,141,1.2340425531914894,0.041057818564589114,645,"Believe it or not, tiny houses are still in."
5626,4542,3,27,111,141,1.2340425531914894,0.03980486581674406,645,"...and all the excess electricity you generate will be sold to light the castle, so you'll actually end up ahead."
6273,4542,5,23,113,141,1.2340425531914894,0.042273651224804754,645,Just grind flour until the wind stops.
742,4542,5,23,113,141,1.2340425531914894,0.042273651224804754,645,No issues whatsoever 9pm to 9am when you're home from work.
693,4542,5,23,113,141,1.2340425531914894,0.042273651224804754,645,"Aside from the gigantic golf balls, it’s a very safe neighbourhood."
842,4542,3,27,111,141,1.2340425531914894,0.03980486581674406,645,Chances of it stopping in front of the door is roughly 1 in 679. We have wind 55% of the time.
7333,4548,2,25,97,124,1.2338709677419355,0.041460472183796636,645,"This place is a bit out of your price range, but the interior will blow you away"
6639,4548,2,25,97,124,1.2338709677419355,0.041460472183796636,645,"If you can get past the giant rolling balls, and the crazy Spanish neighbor, this is the perfect starter home for you."
6119,4548,4,21,99,124,1.2338709677419355,0.044511026059015704,645,"The home is 100% green, powered by wind."
5161,4548,5,19,100,124,1.2338709677419355,0.045960437164890795,645,We prefer the term ‘cosy golf.’
7314,4548,4,21,99,124,1.2338709677419355,0.044511026059015704,645,Pre-industrial revolution is all the rage these days.
3369,4548,5,19,100,124,1.2338709677419355,0.045960437164890795,645,It's the newest thing in security systems for ungated communities.  We just haven't figured out yet who we're trying to keep out.
2424,4548,3,23,98,124,1.2338709677419355,0.04301280155099031,645,"Okay, it does get a bit drafty..."
1428,4548,4,21,99,124,1.2338709677419355,0.044511026059015704,645,"It's a great location with a lot of foot traffic and, as a bonus, a constant supply of golf balls!"
1386,4548,3,23,98,124,1.2338709677419355,0.04301280155099031,645,It's kind of a 'Whack-a-mole anti theft protection . . .
4389,4548,3,23,98,124,1.2338709677419355,0.04301280155099031,645,It also comes with it's own driving range!
2531,4558,5,22,110,137,1.2335766423357664,0.04304676793401593,645,"Well, we are in Holland......"
2860,4558,5,22,110,137,1.2335766423357664,0.04304676793401593,645,Your brother was likely happy when he met his end; he WAS 3 under par.
3095,4558,3,26,108,137,1.2335766423357664,0.040476410607333646,645,"So this one is LEED certified, carbon neutral."
4314,4558,2,28,107,137,1.2335766423357664,0.03912796453558116,645,"I assure you, you will barely hear the whirring and it will generate enough electricity to take you off the grid."
5520,4558,5,22,110,137,1.2335766423357664,0.04304676793401593,645,And if you close by Dec 31 you get the full 30% renewable tax credit!!!
5852,4558,4,24,109,137,1.2335766423357664,0.04178135975060226,645,It's a great neighborhood as long as you can avoid the sand trap.
4326,4564,4,20,96,120,1.2333333333333334,0.0454256762579498,645,So you're thinking of downsizing?
5513,4564,5,18,97,120,1.2333333333333334,0.04694196508350526,645,It puts out enough power for the whole property.
5027,4564,3,22,95,120,1.2333333333333334,0.0438569953494662,645,It comes with central air conditioning.
4833,4564,3,22,95,120,1.2333333333333334,0.0438569953494662,645,"No air conditioning necessary, as it comes with steady breezes in every room..."
4281,4564,3,22,95,120,1.2333333333333334,0.0438569953494662,645,"Frankly, I don't think you can lift the club!"
7445,4564,6,16,98,120,1.2333333333333334,0.04841078504124872,645,This one keeps the elephants out without cutting off your ventilation.
1961,4564,2,24,94,120,1.2333333333333334,0.04223008428447825,645,The windmill serves as a power generator and a theft deterrent.
1396,4564,4,27,119,150,1.2333333333333334,0.039478328284971595,645,"It's near churches, schools, attractions, 2 parks with covered bridges,  who cares if a golf ball goes through the 1st floor once in a while."
206,4564,2,24,94,120,1.2333333333333334,0.04223008428447825,645,"Admittedly the traffic is a bit annoying, but you do get a large front lawn and complete golf privileges."
36,4564,6,16,98,120,1.2333333333333334,0.04841078504124872,645,Your timing is perfect! You'll have a ball in this place!
3509,4564,2,24,94,120,1.2333333333333334,0.04223008428447825,645,"Well, you just look sharp before you try to go through the doorway."
1211,4575,3,25,105,133,1.2330827067669172,0.04118214718083957,645,And the A/C is free!
3673,4575,5,21,107,133,1.2330827067669172,0.043861276537850824,645,The downside is I won't be able to offer you life insurance if you go with this one.
5604,4575,6,19,108,133,1.2330827067669172,0.045141253262205396,645,I can arrange for a fixed rate mortgage on the volcano.
3399,4578,4,16,83,103,1.233009708737864,0.05013570674702158,645,"No, I don’t think it is a par three."
4322,4579,3,28,115,146,1.2328767123287672,0.038928851068076586,645,...And I’d like to add that this is one of Don Quixote’s personal favorites.
2981,4580,5,17,94,116,1.2327586206896552,0.04798450309042525,645,"That's how we trap elephants here in Holland.
They come to look at the windmills, and then they fall
down the hole."
3131,4580,6,15,95,116,1.2327586206896552,0.04952209178050024,645,"Great schools, church nearby, and a very close-knit community.  This home meets all of your requirements and is well under your max budget, which will allow for occasional repairs from golf ball damage."
4933,4580,2,23,91,116,1.2327586206896552,0.04304343648445431,645,"Don’t worry folks, lots of people tell me they thought it was on the 10th hole."
4255,4583,2,33,124,159,1.2327044025157232,0.03590690285438816,645,"Sure, it’s a little distracting, but the summer cross-breezes are amazing."
6170,4583,5,27,127,159,1.2327044025157232,0.03909143333640367,645,"And the best part, there's an Amazon headquarters opening up right around the corner!"
3710,4585,5,20,104,129,1.2325581395348837,0.044720855655869474,645,You mentioned this is a gated community?
3669,4585,3,24,102,129,1.2325581395348837,0.04192501483097662,645,And you can mill corn.
6393,4585,3,24,102,129,1.2325581395348837,0.04192501483097662,645,You said you like an open concept.
3373,4585,4,22,103,129,1.2325581395348837,0.043345483035552405,645,I guarantee this listing is a hole-in-one.
1403,4585,3,24,102,129,1.2325581395348837,0.04192501483097662,645,The builder of this one liked to putter around.
2340,4585,5,20,104,129,1.2325581395348837,0.044720855655869474,645,"Oh yes, it’s a busy neighborhood. You’ll have a ball."
423,4585,5,20,104,129,1.2325581395348837,0.044720855655869474,645,The ball and club are extra......
76,4585,4,22,103,129,1.2325581395348837,0.043345483035552405,645,"Living in a resort community, you will need a guest house for unwanted guests."
3304,4585,4,22,103,129,1.2325581395348837,0.043345483035552405,645,Living on a golf course isn't all that it's cracked up to be.
85,4594,4,25,113,142,1.232394366197183,0.04080095716840726,645,It's Dutch!
615,4594,6,21,115,142,1.232394366197183,0.043179837280752885,645,"If you're interested, you need to put-put an offer in, right away."
5090,4594,3,27,112,142,1.232394366197183,0.03955790673166564,645,Just think of the savings in air conditioning.
6130,4594,6,21,115,142,1.232394366197183,0.043179837280752885,645,"Naturally, at this price point, some modest, cosmetic remodeling is to be expected."
1573,4598,5,26,124,155,1.232258064516129,0.03970920147673001,645,"After reviewing your policy, I don’t see anything that covers golf balls as big as large hail."
4084,4598,3,30,122,155,1.232258064516129,0.03753992968556,645,And all that electricity you're generating powers the hot tub in the back yard...
2133,4600,7,12,93,112,1.2321428571428572,0.05226858486842572,645,Keeps the elephant out.
2664,4600,5,16,91,112,1.2321428571428572,0.04909434430153335,645,The price is reduced due to the decline in popularity of golf.
7406,4600,5,16,91,112,1.2321428571428572,0.04909434430153335,645,"In real estate, timing is everything.  Don't worry about the elephant, he just putters around the neighborhood."
7352,4603,3,23,99,125,1.232,0.04270831300812524,645,"And the best part is that when the wind dies down, you've got a better than 50/50 shot at getting in to enjoy those amenities."
5366,4603,6,17,102,125,1.232,0.047022300817734855,645,Want to see the 17th hole
4567,4603,4,21,100,125,1.232,0.04419312455647955,645,"I wouldn't worry about the golf balls, but the neighbor's elephant can be quite the nuisance."
4156,4603,4,21,100,125,1.232,0.04419312455647955,645,As first time players you should go Dutch.
4096,4603,7,15,103,125,1.232,0.04837488017822953,645,"No down payment; no maintenance fees; no property taxes. Also no windows, no doors, and no living on the first floor thanks to the whole Giants-with-golf-clubs thingie."""
4006,4603,3,23,99,125,1.232,0.04270831300812524,645,Your timing must be impeccable.
6327,4609,5,22,111,138,1.2318840579710144,0.042767202945480774,645,Since you told me you are swingers...
4229,4609,5,22,111,138,1.2318840579710144,0.042767202945480774,645,It's a great deal! You just need to watch it on the entry and exit.
4033,4609,4,24,110,138,1.2318840579710144,0.04151201181565335,645,"...but who´s to say that you are spoiling your kids too much, anyway?"
3975,4609,6,20,112,138,1.2318840579710144,0.04398659080420913,645,"This place fits you to a tee, has free maintenance, doesn’t take much green, and, it is super quiet at night."
3605,4609,5,22,111,138,1.2318840579710144,0.042767202945480774,645,"You mentioned you were a golfer
This beauty faces the6th hole!!!"
5801,4609,5,22,111,138,1.2318840579710144,0.042767202945480774,645,On-the course properties in your price range sell out quickly...
1939,4609,3,26,109,138,1.2318840579710144,0.040217665300038834,645,"Well yes, the rent is a little high, but you get to keep any golf balls that come in your doorway."
1359,4609,6,20,112,138,1.2318840579710144,0.04398659080420913,645,"Sorry I'm running late, I exited the wrong beanstalk."
1046,4609,5,22,111,138,1.2318840579710144,0.042767202945480774,645,"Hey, what's not to love?!"
2,4609,3,26,109,138,1.2318840579710144,0.040217665300038834,645,This is way nicer than the clown house for sale down the road.
2765,4609,6,20,112,138,1.2318840579710144,0.04398659080420913,645,I'd recommend always using the back entrance to exit your new home.
5203,4620,4,17,87,108,1.2314814814814814,0.0485270787963912,645,You'll find it's all done in mid-century mini-golf.
7376,4621,4,20,97,121,1.2314049586776858,0.04508994772086154,645,"Think of it as a lifestyle choice, living on a golf course."""
5022,4621,6,16,99,121,1.2314049586776858,0.048047741665284735,645,This house has the perfect defense against the one eared elephants that are lurking in the neighborhood.
1706,4621,3,22,96,121,1.2314049586776858,0.043535759309308836,645,Putt down only 5% and the windmill hole can be yours.
267,4621,5,18,98,121,1.2314049586776858,0.046592321602405506,645,Think of your savings living in a home entirely powered by wind energy.
1628,4621,4,20,97,121,1.2314049586776858,0.04508994772086154,645,Haunted by an imaginary elephant? Ludicrous.
5321,4626,4,23,107,134,1.2313432835820894,0.04225994221774406,645,"Utilities are the best,  electricity is included.."
7326,4626,2,27,105,134,1.2313432835820894,0.039515326330159174,645,"Yeah, it is environmental but I was kind of hoping for more of a mid-century modern."
7082,4626,5,21,108,134,1.2313432835820894,0.043567459954432904,645,The elephant ghost is friendly. Not sure who attends the miniature church next door.
6440,4626,5,21,108,134,1.2313432835820894,0.043567459954432904,645,We call this section of the sub-division our Quixotic Line.
6069,4626,6,19,109,134,1.2313432835820894,0.044836864492459355,645,You need to buy now; the timing' is perfect.
4675,4626,3,25,106,134,1.2313432835820894,0.0409106571153901,645,"Please, I’d never suggest you consider living on a MINIATURE golf course."
5758,4626,3,25,106,134,1.2313432835820894,0.0409106571153901,645,I gaurentee this place will blow your socks off
3459,4626,5,21,108,134,1.2313432835820894,0.043567459954432904,645,It used to be a time share.
2339,4626,3,25,106,134,1.2313432835820894,0.0409106571153901,645,It’s below market value and has a great location. What more could you ask for?
1717,4626,4,23,107,134,1.2313432835820894,0.04225994221774406,645,This maxi golf course is included in the association fee ... and wait 'til you see the giraffe.
1383,4626,5,21,108,134,1.2313432835820894,0.043567459954432904,645,Wait until you see the detached garage.
1080,4626,1,29,104,134,1.2313432835820894,0.0380688870909687,645,And the sweetest part about it -- it's a free game every time you get a hole in one.
604,4626,5,21,108,134,1.2313432835820894,0.043567459954432904,645,The prior owner knew what hit him.
4032,4626,3,25,106,134,1.2313432835820894,0.0409106571153901,645,Two custom putters are included in the sales price.
3121,4640,4,26,117,147,1.2312925170068028,0.0398815074812759,645,We're getting a serious offer every 10 seconds
3805,4640,8,18,121,147,1.2312925170068028,0.044308988698020156,645,Think you'd be willing to go Dutch?
6715,4642,6,24,126,156,1.2307692307692308,0.04051585669853265,645,We’re calling it “Maxi-golf.”
4724,4642,2,32,122,156,1.2307692307692308,0.03620335205835039,645,"Just think of the money you'll save on energy"""
4670,4642,4,19,94,117,1.2307692307692308,0.046040729838903914,645,This wind powered home is a real hole in one!
4642,4642,4,19,94,117,1.2307692307692308,0.046040729838903914,645,"TV reception is great! And, you don't have to worry about door-to-door salesmen. If the winds die down, the guy next door—Don Quixote—sells flood insurance."
3491,4642,5,23,115,143,1.2307692307692308,0.041744094870360064,645,There are 17 more just like it...
3405,4642,2,26,102,130,1.2307692307692308,0.04018214571971751,645,Wait till you see the view of the clown!
2997,4642,2,26,102,130,1.2307692307692308,0.04018214571971751,645,"Yes, I know it looks strange for a church, but we are Dutch and it Powers the Christmas lights."
2732,4642,3,24,103,130,1.2307692307692308,0.04163970964136848,645,Big sale was a typo.
2042,4642,4,16,84,104,1.2307692307692308,0.049701816675055514,645,"It's got loads of periodic cross-ventilation and if you get it in the clown's mouth, I'll knock a full point off closing."
1367,4642,6,15,96,117,1.2307692307692308,0.04913728967652168,645,It's on the market because the previous occupant died from a sports injury.
1039,4642,4,19,94,117,1.2307692307692308,0.046040729838903914,645,It's the latest in home security and a wind powered electrical generator.
807,4642,3,21,93,117,1.2307692307692308,0.04441155916843276,645,Here at Tiger Woods Developments we pride ourselves on the presentation and practicality of our wind-powered homes.
707,4642,2,23,92,117,1.2307692307692308,0.04272030397180561,645,You should make an offer today.  The tiny house trend and the 7th hole view means this home will be under contract by tomorrow night.
2082,4642,4,22,104,130,1.2307692307692308,0.04304795004868802,645,It’s quite the bargain if you don’t mind a few golf balls on the weekends.
7184,4656,6,23,123,152,1.230263157894737,0.04119003001210647,645,Puttering around the house?....fuhgeddaboudit
1118,4657,4,24,111,139,1.2302158273381294,0.041246032485147154,645,Free electricity and ninja training.
2117,4657,5,22,112,139,1.2302158273381294,0.04249117096905104,645,It keeps you alert.
2413,4657,6,20,113,139,1.2302158273381294,0.04370084695834211,645,"The hole over there? Well, that's for when you forget the wind is blowing. The Gravestone is extra."
2623,4657,2,28,109,139,1.2302158273381294,0.0386355583194444,645,Elephant?  What elephant?  I don't see any elephant.
3535,4657,4,24,111,139,1.2302158273381294,0.041246032485147154,645,...and the solar power tax credit is the best part of the deal.
4672,4657,5,22,112,139,1.2302158273381294,0.04249117096905104,645,"Look, in a hot market like this you can't get hung up on a little water in the basement."
6718,4663,5,19,102,126,1.2301587301587302,0.045303489353958636,645,Here's a golf community that will bowl you over and sweep you off your feet.
3523,4663,3,23,100,126,1.2301587301587302,0.042407993275749206,645,"Actually, it did get the last occupant."
1896,4663,4,21,101,126,1.2301587301587302,0.04387963104516852,645,"It’s right on a golf course. In fact, its the 6th hole."
4176,4663,3,23,100,126,1.2301587301587302,0.042407993275749206,645,The HOA does have strict covenants but it is a green powered par 2 in your price range.
1063,4667,5,16,92,113,1.2300884955752212,0.048701290225684514,645,How much to spackle up the hole?
5963,4667,6,14,93,113,1.2300884955752212,0.050297549468551875,645,If you buy this we'll throw in a white elephant.
7522,4667,3,20,90,113,1.2300884955752212,0.04534049011486548,645,It nails each of your requirements: sustainable and overlooking the 14th green.
1356,4670,3,17,80,100,1.23,0.04893822120745191,645,You will be creating your own electricity while drying your clothes- all done by the wind!
6508,4671,3,28,117,148,1.2297297297297298,0.03846497846558161,645,"It has everything you want: it's close to a school,there's wildlife nearby,it's a tiny house,and it makes its own power.  You just have to watch for the giant pock-marked boulders that occasionally roll in."
7323,4672,8,15,112,135,1.2296296296296296,0.04695332561333165,645,"So, inclusive of taxes and hole-in-one insurance, the payments are still within your budget!"
6993,4672,4,23,108,135,1.2296296296296296,0.041980727817623326,645,It's all about timing and low price.
4532,4672,3,25,107,135,1.2296296296296296,0.040642627727348404,645,"Personally, I feel location, location, location is very old school."
2023,4672,6,19,110,135,1.2296296296296296,0.044536481081518545,645,There is no elephant in the room!
1457,4672,5,21,109,135,1.2296296296296296,0.043277474829418086,645,"The HOA stipulates no full swings, and the landlord is kind of a clown, but the snack bar is great."
175,4672,3,25,107,135,1.2296296296296296,0.040642627727348404,645,I can't tell you how many people dream of living the mini-putt lifestyle.
4184,4672,5,21,109,135,1.2296296296296296,0.043277474829418086,645,Think of all the money you will save on power bills.
5424,4679,2,24,96,122,1.2295081967213115,0.04162217598738881,645,"Sure, there's a little noise from passing traffic, but you never have to cut the grass."
6970,4679,4,20,98,122,1.2295081967213115,0.044759038502775586,645,"You're not only on the golf course, your house IS the golf course."
6524,4679,4,20,98,122,1.2295081967213115,0.044759038502775586,645,"Well, you did say you were looking for a Spanish-inspired golf villa."
5706,4679,4,20,98,122,1.2295081967213115,0.044759038502775586,645,At least there’s no HOA.
2614,4679,5,18,99,122,1.2295081967213115,0.046247751562393156,645,When there is a windy sermon across the street this baby really turns.
361,4679,5,18,99,122,1.2295081967213115,0.046247751562393156,645,The other eight holes have a much higher cost per square foot.
2441,4679,4,20,98,122,1.2295081967213115,0.044759038502775586,645,"It has that ""Windmills of my Mind""  vibe ."
2095,4679,3,22,97,122,1.2295081967213115,0.04321907600596126,645,These Condos were designed by Gary Player.
2065,4679,4,20,98,122,1.2295081967213115,0.044759038502775586,645,"The  Price is right,       Just be careful going in and out"
1530,4679,3,22,97,122,1.2295081967213115,0.04321907600596126,645,It's more than made up for by the electrical buyback.
2447,4679,4,20,98,122,1.2295081967213115,0.044759038502775586,645,"The house is a bit drafty, but the school's around here are amazing."
6494,4690,2,21,86,109,1.2293577981651376,0.04445660038197049,645,"Yes, but it's putting distance to the new Amazon campus."
2906,4690,4,17,88,109,1.2293577981651376,0.04812669371707594,645,"Now, on the count of 3, we will briskly walk through the front door after the blade passes.  A minor inconvenience living here off the grid!"
3632,4692,6,24,127,157,1.2292993630573248,0.04028379184927872,645,"Sorry, no comps in area to compare this to!"
6235,4693,3,27,114,144,1.2291666666666667,0.03907281817881992,645,This charming house is full of surprises.
3441,4693,3,27,114,144,1.2291666666666667,0.03907281817881992,645,"Now, about the security system!"
5466,4693,5,23,116,144,1.2291666666666667,0.04148415739394154,645,Will the rotating security gates keep the elephant out?
2837,4696,4,22,105,131,1.2290076335877862,0.04275438255865931,645,"Other than a decapitation hazard and marauding elephants, it’s a very nice home.  We can get it for peanuts."
3119,4696,4,22,105,131,1.2290076335877862,0.04275438255865931,645,Amenities include exocentral air conditioning and all the miniature golf balls you can find.
3650,4696,4,22,105,131,1.2290076335877862,0.04275438255865931,645,You've just crossed over into the Twilight Zone.
4478,4696,2,26,103,131,1.2290076335877862,0.03991312570796216,645,"I'm sorry but its either this or the flaming volcano, everything else has been t-d up."
5627,4696,5,20,106,131,1.2290076335877862,0.04410642855716718,645,"No worries, even if liberal climate-changers stop your winds, we’re colluding with a windy American who will blow your blades off."
5931,4696,3,24,104,131,1.2290076335877862,0.041358160209031186,645,The previous owner got in Dutch with his bank.
5112,4702,4,19,95,118,1.228813559322034,0.04569075955897573,645,How would you like to act out the Indiana Jones boulder scene every time you want to sit in the living room?
7327,4702,3,21,94,118,1.228813559322034,0.044076988978739455,645,...quiet neighbors and the HOA fees are much lower than in the Castle and Loop-de-Loop Districts...
6994,4702,3,21,94,118,1.228813559322034,0.044076988978739455,645,Just wait until you see the ballroom!
6582,4702,3,21,94,118,1.228813559322034,0.044076988978739455,645,"Living on a minigolf course has it's perks, and we do offer child kicking windmill insurance."""
3161,4702,3,21,94,118,1.228813559322034,0.044076988978739455,645,It needs a little updating.
2983,4702,2,23,93,118,1.228813559322034,0.0424018443677596,645,"Nah, you're safe. Only the pros can make this putt, and they never play here."
4126,4702,5,17,96,118,1.228813559322034,0.04724944508372923,645,"It's quite a private neighborhood.  You would go through the clown's mouth to visit your closest neighbors,"
4897,4709,4,24,112,140,1.2285714285714286,0.04098336105214201,645,"Never mind that 'fee, fi, fo, fum.'  You're not English, right?"
2461,4709,6,20,114,140,1.2285714285714286,0.04341872555669784,645,He won't come too close for fear of being truncated.
3612,4709,2,28,110,140,1.2285714285714286,0.038393828114589135,645,And the best part of all is that it's all waterfront property.
6330,4709,4,16,85,105,1.2285714285714286,0.049275228485861494,645,"The occasional ball comes through the living room, but the bigger disturbance is the sound of clubs being smashed outside."
4455,4713,5,19,103,127,1.2283464566929134,0.04498187552896535,645,It's really famous.  The Jolly Green Giant once got a hole in one here.
5576,4713,2,25,100,127,1.2283464566929134,0.04060068959075312,645,"This place has everything--wind power and location, location, location--church and exotic wildlife just steps away, and best of all, you can chip into the cup from your front door"
4065,4713,5,19,103,127,1.2283464566929134,0.04498187552896535,645,"It's the perfect dream house: a place to putter, have a cup of tee, and watch the world go 'round.  You'll have a ball!"
6435,4713,6,17,104,127,1.2283464566929134,0.046350334443844225,645,It has fabulous views of the 18th hole and the clubhouse hosts weekly fondues.
2547,4713,3,23,101,127,1.2283464566929134,0.04211176049748538,645,Just make sure to look before you exit the door.
414,4713,6,17,104,127,1.2283464566929134,0.046350334443844225,645,"The one on the lawn is fine, just don't go into the one in the living room."
3725,4713,2,25,100,127,1.2283464566929134,0.04060068959075312,645,Can you believe the last owner didn't know what 'Fore!' meant?
7380,4713,2,25,100,127,1.2283464566929134,0.04060068959075312,645,Just imagine.  The peace and tranquility of your own backyard putting green.
616,4721,5,24,120,149,1.2281879194630871,0.04053962749614911,645,"Free golf and  green energy, a perfect home for the progressive golfer!"
2245,4721,6,22,121,149,1.2281879194630871,0.041643200154331726,645,"The trick is, timing the market just right."
1652,4723,5,16,93,114,1.2280701754385965,0.04831437140849907,645,Don't let the scale of this development intimidate you because all the holes on this course are very reachable.
1829,4723,5,16,93,114,1.2280701754385965,0.04831437140849907,645,One feature of the property is the very convenient access to the 19th hole.
6755,4725,10,11,115,136,1.2279411764705883,0.048917377058570924,645,This is the new Trump miniature golf course.  Its designed to make you feel badder and just look at all the walls.
6904,4725,4,23,109,136,1.2279411764705883,0.04170509569643224,645,You won’t find a better obstacle in this neighborhood!
6420,4725,3,25,108,136,1.2279411764705883,0.04037799580433547,645,Miniature golfers
6093,4725,6,19,111,136,1.2279411764705883,0.04424002634262154,645,"'""What strong winds?"""
5435,4725,2,27,107,136,1.2279411764705883,0.03900576987192144,645,"It's not about protecting your house, it's about supplying power to the entire community."
4761,4725,4,23,109,136,1.2279411764705883,0.04170509569643224,645,It comes with reduced greens fees.
2243,4725,7,17,112,136,1.2279411764705883,0.045454509046622495,645,"Full disclosure, there is a small possibility for giant balls to roll into the livingroom. But we installed a windmill to mitigate that possibility."
300,4732,4,20,99,123,1.2276422764227641,0.04443284865346495,645,You'll love how many kids are in the neighborhood.
2071,4732,5,18,100,123,1.2276422764227641,0.0459081480870937,645,This home has a par 4 security system.
2954,4732,4,20,99,123,1.2276422764227641,0.04443284865346495,645,"Not only will it generate all the power you need, you can sell the excess back to the power company!"
3087,4732,3,22,98,123,1.2276422764227641,0.04290685281090794,645,"There’s a bidding war for the 2nd floor apt, but you can move into the cup right way"
3853,4732,4,20,99,123,1.2276422764227641,0.04443284865346495,645,This is the perfect alternative to the country club properties we visited - these are really popular in Europe.
4768,4732,3,22,98,123,1.2276422764227641,0.04290685281090794,645,It's even better than being on a golf course....you would be in one.
5382,4732,4,20,99,123,1.2276422764227641,0.04443284865346495,645,Congratulations and best wishes. Watch out  for the man hole!
6259,4732,5,18,100,123,1.2276422764227641,0.0459081480870937,645,It is the perfect white noise solution!
6453,4732,5,18,100,123,1.2276422764227641,0.0459081480870937,645,"On the plus-side, it’s air-conditioned."
6594,4732,6,16,101,123,1.2276422764227641,0.047337491295075286,645,"It's like that old punch line, ""Timing."""
6735,4732,4,20,99,123,1.2276422764227641,0.04443284865346495,645,This is completely green and relatively quiet.
3908,4743,7,19,119,145,1.2275862068965517,0.04348869979860371,645,"This place is a steal - utilities included, and you'll never need AC!
What elephant in the room?"
3388,4743,7,19,119,145,1.2275862068965517,0.04348869979860371,645,"Yes, but with global warming you are sure to see more benefits from wind power."
120,4745,8,14,110,132,1.2272727272727273,0.04760139486721281,645,This caretaker job comes with no insurance for obvious reasons.
172,4745,3,19,88,110,1.2272727272727273,0.04595223779440721,645,And this garage is just perfect for puttering around.
1210,4745,3,19,88,110,1.2272727272727273,0.04595223779440721,645,Don't you think a 'No Solicitors'  sign would have been just as effective?
2361,4745,4,22,106,132,1.2272727272727273,0.042464704276476285,645,Think big. Donald believes this will be a US Open venue someday.
2571,4745,6,18,108,132,1.2272727272727273,0.045106229628472036,645,This house is absolutely loved by the wind millennial community.
4417,4745,3,24,105,132,1.2272727272727273,0.04108029562070666,645,"An now, let's discuss the elephant in the room."
4439,4745,4,22,106,132,1.2272727272727273,0.042464704276476285,645,I promise there's mammoth wheel estate in this area.
5065,4745,7,16,109,132,1.2272727272727273,0.0463705981447337,645,It even has a built in security system
5388,4745,2,21,87,110,1.2272727272727273,0.04409991481761522,645,No reason for a front door- another advantage of this property- beautiful yard too!
5890,4745,4,17,89,110,1.2272727272727273,0.04773273331484981,645,It has a no solicitors option.
6297,4745,2,26,104,132,1.2272727272727273,0.039647575805851216,645,The previous owner never realized it’s full tilting potential
7240,4745,6,13,91,110,1.2272727272727273,0.0511079756250649,645,You'll want to keep that sinkhole.
5908,4757,3,26,112,141,1.2269503546099292,0.03946038543741578,645,Our new affordable living space will keep you feeling young AND keep you on your toes.
3447,4757,2,28,111,141,1.2269503546099292,0.03815501141758049,645,"Actually, the only real drawback of this great multi-story home is timing the windmill....and of course avoiding the occasional big white ball."
617,4757,6,20,115,141,1.2269503546099292,0.04314015978934907,645,The architect got the idea while playing miniature golf.
1330,4757,3,26,112,141,1.2269503546099292,0.03946038543741578,645,"If this style isn't for you, I'd be happy to show you our clown face model."
2319,4761,5,17,97,119,1.226890756302521,0.04689014880207883,645,"And  with a good wind, you have nature's own, fossil fuel free, air conditioning!"
2360,4761,6,15,98,119,1.226890756302521,0.048385079394151514,645,"This is the intersection of golf, Manhattan, and your price range!"
2817,4761,2,23,94,119,1.226890756302521,0.04208796139977964,645,"The listing's affordable, but the golf balls make home insurance a bit pricey."
4011,4761,3,21,95,119,1.226890756302521,0.04374730103773937,645,"The best thing about this place is if don't like the weather, wait two seconds."
6733,4761,2,23,94,119,1.226890756302521,0.04208796139977964,645,"This is the best residential property available on this golf course, and a bargain at the asking price."
3290,4766,5,24,121,150,1.2266666666666666,0.040297180905907795,645,An addition benefit is no more unwanted requests for donations.
4153,4767,5,19,104,128,1.2265625,0.04466471185388032,645,"The schools suck, but what are you going to do"
7236,4767,5,19,104,128,1.2265625,0.04466471185388032,645,"Welcome to Miniature Golf Estates.  Ironic, no?"
6826,4767,2,25,101,128,1.2265625,0.040321731073965326,645,"It's all a gamble, my friend."
5226,4767,3,23,102,128,1.2265625,0.04181953482362248,645,But it's easy to fix.  Just stretch on some new sails and dig a long trench.
2549,4767,4,21,103,128,1.2265625,0.04326551731953711,645,This property is self-powered and self-draining.
1339,4767,4,21,103,128,1.2265625,0.04326551731953711,645,"... And the neighbourhood handicap is 12, so there’s plenty of room for improvement."
418,4767,0,29,99,128,1.2265625,0.03714537662583591,645,I would not leave anything breakable in the doorway.
280,4767,1,27,100,128,1.2265625,0.03876609989073171,645,"Now, this place has a beautiful, uninterrupted view of the green."
200,4767,1,27,100,128,1.2265625,0.03876609989073171,645,The good news is this house is a real moneymaker.
1512,4767,5,19,104,128,1.2265625,0.04466471185388032,645,You’ve always wanted to live near a golf course.
3363,4777,3,18,85,106,1.2264150943396226,0.046980753199957474,645,This one comes with green energy and a great view of the golf course.
5863,4777,6,24,129,159,1.2264150943396226,0.039827396390113845,645,"Honestly, this house sucks balls"
4449,4779,6,19,112,137,1.2262773722627738,0.043947425470044876,645,The Heisenbergs loved it.
4988,4779,5,21,111,137,1.2262773722627738,0.042708711037555025,645,"I know it will take some getting used to, but you’ll save a bundle when you cool your house in the summer."
3293,4779,4,23,110,137,1.2262773722627738,0.0414329795155212,645,"So, what’s the elephant in the room?"
6832,4779,2,27,108,137,1.2262773722627738,0.03875573993129339,645,"No, this is just a folly. The white elephant is on the next block."
1667,4779,6,19,112,137,1.2262773722627738,0.043947425470044876,645,Hello there. Do you have a moment to talk about the future of the Republican Party
1138,4779,3,25,109,137,1.2262773722627738,0.04011669957234548,645,It’s a real family-friendly neighborhood.
2416,4779,5,21,111,137,1.2262773722627738,0.042708711037555025,645,"When I saw this listing, it blew me away.  Having toured it, I'm not a fan."
2234,4786,2,22,91,115,1.2260869565217392,0.042894633585358666,645,"It's a little noisy, but you'll love your electric bill!"
2051,4786,1,24,90,115,1.2260869565217392,0.04107790512094622,645,The neighborhood is quiet from 10 p.m. until 9 a.m. every day.
45,4786,3,20,92,115,1.2260869565217392,0.04463748303521268,645,The original owner was a huge golf fan.
1747,4789,5,23,118,146,1.226027397260274,0.0409736806720297,645,"The view is incredible. The home--one of a kind. I will warn you that if you drop anything in that hole, unlike the other homes in this neighborhood...you won't get it back."
777,4790,6,16,102,124,1.2258064516129032,0.04699006049296338,645,You’ll be the first on the block to be off the grid! And it comes with a White Elephant!
1434,4790,6,16,102,124,1.2258064516129032,0.04699006049296338,645,"THIS IS WHERE THE SHIT HITS THE FAN,I DONT THINK IT  QUALIFY 'S FOR TAX CREDITS...."
2638,4790,5,18,101,124,1.2258064516129032,0.04557340717535674,645,We ain’t playin’ here at Put Put Estates.
2675,4790,5,18,101,124,1.2258064516129032,0.04557340717535674,645,"Two Cautions: First, the windmill vane and second, the large, dimpled ball that occasionally come rolling in."
4014,4790,2,24,98,124,1.2258064516129032,0.041031017668178266,645,"Yes, it gets muggy in the summer but if you leave the windows open there is a steady breeze."
5372,4790,5,18,101,124,1.2258064516129032,0.04557340717535674,645,It now appears that the warranty had some holes in it.
7532,4790,4,20,100,124,1.2258064516129032,0.04411128084752649,645,"Sure,  there's that great view of the golf course, but there's more."
7546,4790,4,20,100,124,1.2258064516129032,0.04411128084752649,645,Where's the tulips ?
1716,4798,3,24,106,133,1.2255639097744362,0.04080604663458454,645,"That fifth step is a doozy."""
6017,4798,5,20,108,133,1.2255639097744362,0.043508341442180715,645,This next house is equipped with a rotating entryway and underground tunnel access.
7061,4798,6,18,109,133,1.2255639097744362,0.044798403337642796,645,"Here we have a four-sail, center-hall windmill with great natural light."
4615,4801,5,22,115,142,1.2253521126760563,0.041683633980763767,645,"I gave in on the Tesla, but this time I’m putting my foot down!"
5231,4801,6,20,116,142,1.2253521126760563,0.04286508442438123,645,"Like I said, any fore closure will be temporary."
7138,4803,4,17,90,111,1.2252252252252251,0.04734504824060214,645,That's right -- just like Indiana Jones.
34,4804,6,15,99,120,1.225,0.04801741630812266,645,Buy this one and you can stop chasing them.
1060,4804,2,23,95,120,1.225,0.04177856123984776,645,"Yes, we know it possesses old world charm, and with virtually no utility costs. Its placement on a miniature golf course, however, may pose some problems down the road."
1574,4804,2,23,95,120,1.225,0.04177856123984776,645,That was an isolated accident. He was told to time it right prior to entering or leaving. The view is outstanding as well but please remember to keep your head inside.
1697,4804,2,23,95,120,1.225,0.04177856123984776,645,Entertaining? The whole development was built for entertaining!
2091,4804,4,19,97,120,1.225,0.04500622428164394,645,Mrs. and Mr. Cervantes! It is the most modren hous you can find in the north America.
3011,4804,3,21,96,120,1.225,0.04342239285991357,645,Consider the exercise benefits of having to duck and time the movement of the sails just to get in the front door.
3328,4804,6,15,99,120,1.225,0.04801741630812266,645,...and by the way it's a self sufficient home.
3793,4804,3,21,96,120,1.225,0.04342239285991357,645,The building's former owner was a Dutch visionary net zero traditionalist.
4264,4804,5,17,98,120,1.225,0.046536182122071425,645,But you said you wanted 'open concept.'
7432,4804,1,25,94,120,1.225,0.04006734526846951,645,"I think you've hit a hole in one with this one,Bob."
6315,4814,5,19,105,129,1.2248062015503876,0.0443519088811853,645,You just have to time your exits and entrances carefully so you are not beheaded.
6138,4814,6,17,106,129,1.2248062015503876,0.04569700047500619,645,The app.on your smartphone allows flawless enteries and exits.
4409,4814,6,17,106,129,1.2248062015503876,0.04569700047500619,645,Right to left.
3929,4814,5,19,105,129,1.2248062015503876,0.0443519088811853,645,"""The house itself is pretty par for the course, but it's proximity to the local fire station can't be beat."""
3242,4814,4,21,104,129,1.2248062015503876,0.042964727281773966,645,Our corporate motto is: We have big balls.
1266,4814,2,25,102,129,1.2248062015503876,0.0400464696119609,645,"Well,you are the ones to say you wanted a putting surface in the backyard."
1433,4814,5,19,105,129,1.2248062015503876,0.0443519088811853,645,"The neighborhood is also very walkable, and experiences a lot of foot traffic"
2556,4814,3,23,103,129,1.2248062015503876,0.04153123835607915,645,Just remember to keep your eye on the ball.
639,4814,3,23,103,129,1.2248062015503876,0.04153123835607915,645,Act now and you get a year's supply of tiny pencils.
569,4814,5,19,105,129,1.2248062015503876,0.0443519088811853,645,It'll be worth millions once Amazon moves in.
215,4824,6,19,113,138,1.2246376811594204,0.043658605484604755,645,"No need to continue yoga classes, your agility and reflexes will be tested, coming and going."
1572,4824,4,23,111,138,1.2246376811594204,0.04116431448799274,645,This money you'll save on energy in this Dutch Colonial will more than pay for any landscaping work you might want to do!
2137,4824,5,21,112,138,1.2246376811594204,0.0424297927176573,645,I know the rent sounds high but each month you get 10% off for every hole in one from the previous month!
5577,4824,7,17,114,138,1.2246376811594204,0.04485376634862847,645,"If this one is out of your price range, a spare tire just came on the market"
6442,4824,6,19,113,138,1.2246376811594204,0.043658605484604755,645,"Okay, so this next one has no restrooms or front door, but it's in a reeeeally kid-friendly neighbourhood."
6630,4824,6,19,113,138,1.2246376811594204,0.043658605484604755,645,This is ur Don Quixote model. It's eco friemdly and 100% tilt proof.
6921,4824,7,17,114,138,1.2246376811594204,0.04485376634862847,645,"And here is our property of the week...
good old fashioned wind power, with a view of the 13th hole!"
1172,4831,6,21,120,147,1.2244897959183674,0.04185156258912585,645,Never hire a schizophrenic architect.
5218,4832,2,20,85,107,1.2242990654205608,0.044655090377511794,645,"Also, free air-conditioning for life."
1178,4833,3,20,93,116,1.2241379310344827,0.044293905443672864,645,"To sweeten the pot, lifetime greens fees."
1331,4833,3,20,93,116,1.2241379310344827,0.044293905443672864,645,"It's not in the room anymore, so we can just forget about it."
2380,4833,2,22,92,116,1.2241379310344827,0.04256788721526796,645,"Okay, we're ready to go inside.  Ladies first."
3772,4833,1,24,91,116,1.2241379310344827,0.04076886047574195,645,". . . and with all the exercise you'll get, you can cancel that gym membership!"
4040,4833,2,22,92,116,1.2241379310344827,0.04256788721526796,645,"The golf ball is covered under your insurance policy, however, your dog is another story."""
3378,4838,5,18,102,125,1.224,0.045243427610377675,645,"""Me, too""  doesn't mean we're going
Dutch."
3702,4838,4,20,101,125,1.224,0.04379424030475889,645,"The asking price is on par for this neighborhood, but you get a discount in your HOA fees for every hole-in-one."
5375,4838,3,22,100,125,1.224,0.04229542795393436,645,how much will this reduce my electric bill?
5538,4838,4,20,101,125,1.224,0.04379424030475889,645,You'll love the pet door!
7261,4838,4,20,101,125,1.224,0.04379424030475889,645,"If you can look past, and dodge, the massive blades, this house is perfect for the two of you."
6233,4843,4,22,108,134,1.2238805970149254,0.04189671940002948,645,And it comes with its own built in security system.
5128,4843,4,22,108,134,1.2238805970149254,0.04189671940002948,645,Just wait till you see the air conditioning system.
4639,4843,3,24,107,134,1.2238805970149254,0.040535345636256256,645,plus the top floor offers panoramic views of the medieval castle
2935,4843,7,16,111,134,1.2238805970149254,0.04573836079689509,645,It’s like ‘going Dutch’ with the electric bill!
2141,4843,2,26,106,134,1.2238805970149254,0.0391266328121487,645,The turbine provides all the electricity you need and keeps intruders away!
947,4843,2,26,106,134,1.2238805970149254,0.0391266328121487,645,life is a matter of timing
405,4843,4,22,108,134,1.2238805970149254,0.04189671940002948,645,"Ironically, the ball is least likely to hit you in the hole."
2953,4850,3,26,114,143,1.2237762237762237,0.03897077881510412,645,"Alright, we already took the elephant out of the room"
3016,4850,2,28,113,143,1.2237762237762237,0.03768591972098111,645,....and here you will save on air conditioning!
3153,4850,2,28,113,143,1.2237762237762237,0.03768591972098111,645,"The best part, no water or electric bills because the windmill works year round."
4658,4850,3,26,114,143,1.2237762237762237,0.03897077881510412,645,"Listen, I understand the neighborhood's a bit old-fashioned, but with the windmill, the energy savings are simply unmatched."
4744,4850,3,26,114,143,1.2237762237762237,0.03897077881510412,645,It comes with the putter and two golf balls.
7131,4850,4,24,115,143,1.2237762237762237,0.04021460751636528,645,"You’re right Gerry , I think the kids will love it."
7561,4850,3,26,114,143,1.2237762237762237,0.03897077881510412,645,This is the hottest off-the-grid home on the block.
2288,4857,7,20,125,152,1.2236842105263157,0.041951947254526244,645,"It's nice to meet you, I'm a big fan."
6831,4858,7,11,94,112,1.2232142857142858,0.051847808155375666,645,"I thought you said this was miniature golf?""
""I did. We're the ones who are miniature."
4913,4858,0,25,87,112,1.2232142857142858,0.0395230196770251,645,"If windmills aren’t your thing, then I’ve got a beautiful medieval castle I can show you?"
644,4858,2,21,89,112,1.2232142857142858,0.04340298844712003,645,"Tiny houses are out, mini houses are in!"
2437,4858,2,21,89,112,1.2232142857142858,0.04340298844712003,645,We suggest the second-floor bedroom.
1007,4862,3,21,97,121,1.2231404958677685,0.04310216466249686,645,"I can get you into this little number like a shot, but-but there's lots of competition!"
1540,4862,1,25,95,121,1.2231404958677685,0.03977831701981723,645,Think of all the money you'll save on shoes.
2356,4862,6,15,100,121,1.2231404958677685,0.0476552173333504,645,"Sure it’s a bit of a fixer-upper, but check this out—revolving doors!"
2829,4862,4,19,98,121,1.2231404958677685,0.04467144104934325,645,I can’t over emphasize the care you must take when entering the front.
3755,4862,6,15,100,121,1.2231404958677685,0.0476552173333504,645,"And if you have children, they'll easily be taken care of."
4560,4862,4,19,98,121,1.2231404958677685,0.04467144104934325,645,The owner is a big Miniature Golf fan.
2988,4868,6,17,107,130,1.2230769230769232,0.04537708517216677,645,"Well Pastor, ours was a whirlwind romance."
3014,4868,4,21,105,130,1.2230769230769232,0.04266800546039562,645,"True, there's no front door, but think of all the alternative energy tax credits."
2896,4868,2,25,103,130,1.2230769230769232,0.039774835275769825,645,. . . But you get to keep all the golf balls that get through.
2489,4868,7,15,108,130,1.2230769230769232,0.04667269483433478,645,I can assure you that this is not the same old grind.
1402,4868,2,25,103,130,1.2230769230769232,0.039774835275769825,645,"We don't call them ""tiny."" It's a mini-house neighborhood."
1038,4868,4,21,105,130,1.2230769230769232,0.04266800546039562,645,The weekends are a ball!
909,4868,5,19,106,130,1.2230769230769232,0.0440433794609952,645,Just wait until you see the inground water feature out the back!
1586,4868,3,23,104,130,1.2230769230769232,0.04124679509478872,645,"Oh it's a really fun area, tons of big clubs."
508,4876,6,19,114,139,1.223021582733813,0.04337349518088946,645,Don't let the Wind Mill fool you. This Condo is Oil and Gas.
2200,4876,8,15,116,139,1.223021582733813,0.04571420909648625,645,We love the house... the neighbors just seem like pinheads
3544,4876,4,23,112,139,1.223021582733813,0.04089903733703297,645,"If you can dodge traffic, you can dodge a windmill."
3143,4879,7,19,122,148,1.222972972972973,0.042686216361804814,645,The neighborhood has lots of clubs and balls.
4355,4880,2,31,124,157,1.2229299363057324,0.03569007320965327,645,Think of it this way: no more unsightly window units!
4867,4881,2,24,100,126,1.2222222222222223,0.04045595510367997,645,"Why yes, the previous owners were hole-ly rollers."
4491,4881,3,22,101,126,1.2222222222222223,0.0419960525565808,645,Why don’t you take her for a spin?
3713,4881,3,26,115,144,1.2222222222222223,0.03873039073789255,645,It will generate some solar power as well
3783,4881,1,24,92,117,1.2222222222222223,0.04046428004051277,645,"In this market, this baby is practically a hole-in-one!"
3738,4881,2,22,93,117,1.2222222222222223,0.04224594862853447,645,But rainy days are wonderful.
5179,4881,4,22,109,135,1.2222222222222223,0.04161826929421157,645,"It's a great winter home, and the power bills are next to nothing.
I'm not putting you on."
3806,4881,3,24,108,135,1.2222222222222223,0.04026812659575772,645,You just have to watch out for folks on horseback carrying a lance.
5535,4881,2,30,121,153,1.2222222222222223,0.03618149579973173,645,...and it includes the latest eco-friendly advances in green home design.
6902,4881,6,16,104,126,1.2222222222222223,0.04631005086682023,645,"I can assure you, no one plays mini-golf when it’s windy."
6322,4881,4,18,95,117,1.2222222222222223,0.04560092771183762,645,"Can't beat the view, am I right?  And say goodbye to those electric bills."
6370,4881,6,20,118,144,1.2222222222222223,0.0423251516014429,645,"An occasional putter comes through, but they usually miss!"
6680,4881,3,26,115,144,1.2222222222222223,0.03873039073789255,645,"It's a home-in-one! Also, it's the only property that fits your budget."
6944,4881,3,22,101,126,1.2222222222222223,0.0419960525565808,645,It's all yours when you putt down a one-month deposit
7081,4881,2,24,100,126,1.2222222222222223,0.04045595510367997,645,"On the plus side, you'll be helping the environment."
7468,4881,3,26,115,144,1.2222222222222223,0.03873039073789255,645,This baby's completely carbon neutral!
5949,4881,3,22,101,126,1.2222222222222223,0.0419960525565808,645,The owners couldn’t do solar panels so they did the windmill  thing.
3617,4881,6,16,104,126,1.2222222222222223,0.04631005086682023,645,A little birdie told me that fore-closures are par for the course here.
5104,4881,5,22,117,144,1.2222222222222223,0.04116179491907547,645,And the large golf ball is included in the price!
2940,4881,3,24,108,135,1.2222222222222223,0.04026812659575772,645,Don't be fooled. This place is a real hole.
296,4881,7,12,98,117,1.2222222222222223,0.050214850962274515,645,It's a windmill.
771,4881,6,18,111,135,1.2222222222222223,0.04419498815558842,645,"It’s a great place, you just have to watch out for the golf balls."
1013,4881,6,20,118,144,1.2222222222222223,0.0423251516014429,645,We suggest people not put the kids' bedroom by the front door
1133,4881,4,16,88,108,1.2222222222222223,0.048037522351901875,645,The miller even left behind four sets of wooden shoes!
1686,4881,5,20,110,135,1.2222222222222223,0.042925967182569774,645,"Amenities include the snack bar, arcade and unlimited rounds on weeknights, except holidays"
1884,4881,5,16,96,117,1.2222222222222223,0.04718905407515576,645,"Dulcinea, the tenant on the second floor, is so shy you'll never know she's there."
1956,4881,4,22,109,135,1.2222222222222223,0.04161826929421157,645,We call it the miniature golf model.
874,4881,3,24,108,135,1.2222222222222223,0.04026812659575772,645,"It's cozy; it's priced to sell; and with that antenna, gets great cell coverage"
2135,4881,3,20,94,117,1.2222222222222223,0.04395545918145444,645,"Keep in mind,  this place is for the true golf afficianado..."
3316,4881,4,22,109,135,1.2222222222222223,0.04161826929421157,645,Here's a reno project you can really tilt at.
2352,4881,2,26,107,135,1.2222222222222223,0.03887111652652168,645,"Actually, there's a lot of turnover everywhere in the market."
2438,4881,4,22,109,135,1.2222222222222223,0.04161826929421157,645,Watch for the hole in one ball.
2629,4881,3,18,87,108,1.2222222222222223,0.046201009590497714,645,"And best of all, Matt Damon lived shortly after filming “Downsizing”."
2808,4881,4,18,95,117,1.2222222222222223,0.04560092771183762,645,"And by downsizing, you get your own putting green."
2835,4881,3,24,108,135,1.2222222222222223,0.04026812659575772,645,And it's right on the eighteenth green!
1996,4881,5,20,110,135,1.2222222222222223,0.042925967182569774,645,It comes with free mini golf for life.
1575,4916,3,27,119,149,1.221476510067114,0.03790930873447808,645,"And, there’s a view of the seventh green."
6991,4917,2,27,111,140,1.2214285714285715,0.03802397840166047,645,"Since we slayed all the giants, this stuff is practically free real estate!"
6964,4917,8,15,117,140,1.2214285714285715,0.04541445222616682,645,"As they say, 'Location, Location, Giant Golf ball.'"
4703,4917,4,23,113,140,1.2214285714285715,0.04063708625538447,645,It’s only in your price range because of the shared garage.
4172,4917,7,17,116,140,1.2214285714285715,0.04426847126436581,645,"good question!
We routinely lose 30 to 40 people a year."
1408,4917,3,25,112,140,1.2214285714285715,0.03935222809967372,645,Good news: the sails convey.
4138,4917,6,19,115,140,1.2214285714285715,0.043092025076168945,645,"Were you big fans of ""Raiders of the Lost Ark""?"
2973,4917,3,25,112,140,1.2214285714285715,0.03935222809967372,645,And it even comes with an elephant in the closet!
1883,4917,5,21,114,140,1.2214285714285715,0.04188254651100343,645,I wouldn't put anything breakable between the doorways.
4162,4917,7,17,116,140,1.2214285714285715,0.04426847126436581,645,All you have to do is time your entry carefully; otherwise you may be decapitated.
4035,4926,5,19,107,131,1.2213740458015268,0.043739038671647655,645,You’re right. There is not enough room on the roof for solar panels.
3997,4926,2,25,104,131,1.2213740458015268,0.03950675977134783,645,"This being the toughest hole by far, ball intrusions are rare."
6878,4926,5,19,107,131,1.2213740458015268,0.043739038671647655,645,Welcome to Putt Putt Green Living Community!
1186,4926,4,21,106,131,1.2213740458015268,0.042375272174035514,645,It’s our early solar model.
1293,4926,6,17,108,131,1.2213740458015268,0.04506155030639969,645,The President wants it replaced with a coal mine.
363,4926,5,19,107,131,1.2213740458015268,0.043739038671647655,645,"We call it 'Gargantuan-Golf', it's an offshoot of minigolf and it's gonna be big"
1429,4932,5,17,100,122,1.221311475409836,0.04584378067145163,645,Why would you think you need flood insurance?
2603,4932,3,21,98,122,1.221311475409836,0.042786519284517405,645,The president lives next door.
3245,4932,5,17,100,122,1.221311475409836,0.04584378067145163,645,"NO, actually, that is NOT what we meant by a white picket fence."
5137,4932,3,21,98,122,1.221311475409836,0.042786519284517405,645,The mortgage payments are a breeze in this location.
6268,4932,4,19,99,122,1.221311475409836,0.04434150684593693,645,The outdoor hole doubles as a soaking tub or unwanted guest suite.
7273,4932,0,27,95,122,1.221311475409836,0.0377390678453073,645,Comes with a security system. Just push the button and the blades block the door.
1278,4938,5,15,93,113,1.2212389380530972,0.04825414911504224,645,I don't recommend having furniture inside the front door.
4289,4938,1,23,89,113,1.2212389380530972,0.0411867898146536,645,Keep an eye out for orange golf balls.
4734,4938,3,19,91,113,1.2212389380530972,0.044859862695137545,645,It's a 3/2 par 4.
5412,4938,5,15,93,113,1.2212389380530972,0.04825414911504224,645,"More kid-friendly? I've got #18 - it's a Par 4, but a HUGE yard that dog-legs to a 3 bedroom Clown-head!"
4835,4942,3,17,84,104,1.2211538461538463,0.04724827321830709,645,They got the idea for the pallets from Pinterest.
3396,4943,4,24,117,145,1.2206896551724138,0.039717592053266644,645,Have you considered switching your energy provider?
4026,4943,4,24,117,145,1.2206896551724138,0.039717592053266644,645,entertaining in this backyard? Oh you'll have a ball!
4623,4945,4,22,110,136,1.2205882352941178,0.04134342127394495,645,"It's called Maxi Golf. And if you can sink a hole-in-one, the first month's rent is free."
3450,4945,5,20,111,136,1.2205882352941178,0.04264048480620878,645,And it comes with a set of very large golf clubs
1226,4945,5,20,111,136,1.2205882352941178,0.04264048480620878,645,Use of the go-cart track is included in the HOA dues
465,4945,5,20,111,136,1.2205882352941178,0.04264048480620878,645,No! It does not come with a diesel option!
2573,4945,1,28,107,136,1.2205882352941178,0.037181730688793505,645,"Mr. and Mrs. Jones this might not be the “windmill of your mind” but trust me, in today’s market... it’s a bargain."
2175,4950,4,20,103,127,1.220472440944882,0.043173374153718636,645,"It's blow market."""
2397,4950,3,22,102,127,1.220472440944882,0.04170078966715258,645,It's a little fiddly getting in but that's just this neighbourhood for you.
3820,4950,4,20,103,127,1.220472440944882,0.043173374153718636,645,And it's rent-controlled too!
6368,4950,4,20,103,127,1.220472440944882,0.043173374153718636,645,"Here at Lilliputt Greens downsizing is our motto, literally"
736,4954,5,16,97,118,1.2203389830508475,0.04682532355183029,645,"It's not just on the golf course, it's the thirteenth hole!"
2568,4954,1,24,93,118,1.2203389830508475,0.04016407249217566,645,""".... and air conditioning is included!"""
2876,4954,5,16,97,118,1.2203389830508475,0.04682532355183029,645,Only problem with this house is the biggest mice you have ever seen.
4207,4954,8,10,100,118,1.2203389830508475,0.05125626381883711,645,"Listen, the elephant wasn’t part of the deal."
1723,4958,1,22,86,109,1.2201834862385321,0.041949191322226805,645,"Everyone says this is a great place to raise a family,kids play free."
2261,4958,2,20,87,109,1.2201834862385321,0.043927546231223726,645,Haven't you heard? Renewable energy is IN!
3309,4958,3,18,88,109,1.2201834862385321,0.045820562886151966,645,The previous owner gave up on boundary disputes.
5431,4958,4,16,89,109,1.2201834862385321,0.047638415680113844,645,"No worries, the HOA doesn't allow tilting."
7034,4962,2,29,119,150,1.22,0.036478058741864876,645,"Really, the only downside is the adolescent birthday party."
5792,4962,3,27,120,150,1.22,0.03768466834387587,645,The whole tract is based on a miniature golf course concept.
5134,4962,3,27,120,150,1.22,0.03768466834387587,645,It would be a good idea to keep the back door closed
4990,4962,6,21,123,150,1.22,0.041092464078305725,645,It's not that bad. At least they moved the big hole that used to be right inside the door.
3687,4962,6,21,123,150,1.22,0.041092464078305725,645,Anyone remember where we parked?
2607,4967,7,17,117,141,1.2198581560283688,0.04398143499559284,645,Plus....No more unsolicited menus
3462,4967,3,25,113,141,1.2198581560283688,0.03910368440309283,645,"No, no, not ‘elephant;’ I said ‘elegant!’"
3563,4967,8,15,118,141,1.2198581560283688,0.045118552136180934,645,Everyone wants to reside in the windmill of your mind!
5401,4967,3,25,113,141,1.2198581560283688,0.03910368440309283,645,"The golf balls are rather large, but we recycle them"
5811,4967,6,19,116,141,1.2198581560283688,0.04281412736092889,645,"Crazy thing, the previous owners just up and took off."
5930,4967,3,25,113,141,1.2198581560283688,0.03910368440309283,645,"I'm telling you, if we jump down that hole, we'll get back to the hut."
6188,4967,4,23,114,141,1.2198581560283688,0.04037840086593826,645,A matter of perspective is par for the course.
5972,4974,1,27,104,132,1.2196969696969697,0.03773974016124882,645,"We're working out a few kinks with the safety team.  But meanwhile, if you can make it to your car, you win a free ice cream cone."
2563,4974,3,23,106,132,1.2196969696969697,0.04068917336892508,645,"Sure the house is a bit drafty --  
but consider the savings with NO electric bills"
4451,4974,2,25,105,132,1.2196969696969697,0.039242176397882286,645,We decided to build some excitement into our newest gated community. .  .
668,4974,2,25,105,132,1.2196969696969697,0.039242176397882286,645,"This little charmer has three beds, two baths and low energy bills."
1254,4974,5,19,108,132,1.2196969696969697,0.0434388037525702,645,"'They've accepted your offer, but Barron needs a minute to help Eric stop crying before we go back in.'"
1014,4979,5,17,101,123,1.2195121951219512,0.04550512530337219,645,Some see  giant golf balls . .  some see harassment by some Quixote freak . . . What I want you to see is a Mr Blandings Rehab you'll never forget . . .
4775,4979,4,19,100,123,1.2195121951219512,0.04401631978653827,645,"With this property, you can putt yourself into green energy nirvana."
5254,4979,4,19,100,123,1.2195121951219512,0.04401631978653827,645,All with zero electric bills.
1076,4982,1,32,122,155,1.2193548387096773,0.03457924451139865,645,"Safe?  Sure, but a bit noisy.  The neighbors do like to go bowling."
520,4983,4,17,93,114,1.219298245614035,0.046218216889008214,645,"We’re looking for something even tinier, and maybe with a clown’s-head view."
5698,4983,2,21,91,114,1.219298245614035,0.04272719019722035,645,At this property you're sure to have a ball!
1280,4985,7,18,121,146,1.2191780821917808,0.042913663239950134,645,"Actually, folks, it's like a combination house and food processor."
1520,4985,6,20,120,146,1.2191780821917808,0.04179843515470749,645,"The security system on this unit is fantastic."""
2307,4985,3,26,117,146,1.2191780821917808,0.03825819190073683,645,"In view of ongoing sea level rise, this model is expected to increase considerably in value over the next 30 years...."
4878,4988,3,24,110,137,1.218978102189781,0.03974387794042468,645,We’ve been exploring new forms of renewable energy
5163,4988,4,22,111,137,1.218978102189781,0.0410721078190437,645,"On the bright side, you won't have to buy golf balls anymore."
2166,4988,4,22,111,137,1.218978102189781,0.0410721078190437,645,"Golf course view, wind-energy, big ballroom..."
6563,4988,7,16,114,137,1.218978102189781,0.0448212523426831,645,"The tunnel entrance is right there in the front yard, so this is the windmill of your mine."
1139,4988,4,22,111,137,1.218978102189781,0.0410721078190437,645,This darling wind-powered unit has a thrilling view of the golf course!
788,4988,6,18,113,137,1.218978102189781,0.04360736697635734,645,The previous owner split.
1775,4988,4,22,111,137,1.218978102189781,0.0410721078190437,645,AND IT IS VERY ENERGY EFFICIENT
789,4988,2,26,109,137,1.218978102189781,0.03836969672524922,645,And did you notice the wonderful security system for the front door. Nobody gets past that baby!
1125,4996,4,20,104,128,1.21875,0.042869371029220206,645,End-of-days special.
2318,4996,2,24,102,128,1.21875,0.0398963655025738,645,This is where experienced real estate agents like me distinguish ourselves against the likes of Trulia.
3076,4996,2,24,102,128,1.21875,0.0398963655025738,645,You'll never have to mow the lawn again.
3092,4996,6,16,106,128,1.21875,0.04564916170716533,645,At least there is no elephant in the room
3817,4996,2,24,102,128,1.21875,0.0398963655025738,645,"So, this house guarantees you stay fit?"
4407,4996,3,22,103,128,1.21875,0.04140955779017633,645,"Yes, we've just moved onto a miniature golf course."
5481,4996,3,29,128,160,1.21875,0.03620334234370282,645,"yes, that’s right, exotic pets are allowed - but due to HOA restrictions, the hole in the front yard would have to stay”"
7031,4996,3,22,103,128,1.21875,0.04140955779017633,645,"Minimal noise pollution, 2 and a half bath, an open floor plan, and...Mr. Enslin, do you golf?"
3209,4996,2,24,102,128,1.21875,0.0398963655025738,645,It’s on a golf course and it comes with its own eco-friendly cooling system.
3037,5005,4,25,122,151,1.218543046357616,0.03862314640183871,645,"Well, it’s a little old-fashioned, but all the homes in this area feature a ballroom on the ground floor."
3608,5005,6,21,124,151,1.218543046357616,0.04084541442413053,645,"Well, you will save on electricity, and I really think you'll have a ball."
4784,5005,5,23,123,151,1.218543046357616,0.03974981331690023,645,"I was told you misunderstood what we meant by ""a putting green in your front yard""."
5335,5008,5,16,98,119,1.218487394957983,0.04646707114081311,645,The neighborhood has everything and the golfer doesn’t come by much anymore.
5212,5008,3,20,96,119,1.218487394957983,0.04329352138381544,645,AND...it's got the very latest Amsterdam Security Systems in place.
4406,5008,5,16,98,119,1.218487394957983,0.04646707114081311,645,"I suggest that you act quickly. The last couple dawdled, and wound up in Syracuse."
75,5008,4,18,97,119,1.218487394957983,0.04490833828041443,645,"Yeah, it isn't the ideal office space, but you wouldn't believe the foot traffic!"
4741,5008,7,12,100,119,1.218487394957983,0.049437317959208596,645,"Great Location, not an easy in or out."
857,5013,5,21,116,142,1.2183098591549295,0.04134899037949917,645,"It's the latest in eco-housing: putt-in/putt out."""
976,5013,8,15,119,142,1.2183098591549295,0.04482643603951862,645,"Here in Texas, this is our version of a ""Tiny House""."
2323,5013,5,21,116,142,1.2183098591549295,0.04134899037949917,645,"So by "" cutting edge "" property, we mean that while there is a small chance of a dramatic incursion by a large round object, you have an 82% chance of merely suffering an occasional dent in your alternative energy wind power source."
6553,5013,5,21,116,142,1.2183098591549295,0.04134899037949917,645,What elephant milling around?
6657,5013,3,25,114,142,1.2183098591549295,0.038858187858800394,645,"It's calm now, but generally there's a good breeze."
887,5018,1,22,87,110,1.2181818181818183,0.04161425419368276,645,This property is inspired by your first date.
1543,5018,4,16,90,110,1.2181818181818183,0.0472457740573157,645,"Well, you can certainly install some windows, but I wouldn't recommend it."
2005,5018,4,16,90,110,1.2181818181818183,0.0472457740573157,645,Wind powered and a great place to raise kids I think you’ll have to agree.
4321,5018,7,10,93,110,1.2181818181818183,0.052274087083883224,645,"If you buy this house you won't be just off the grid, you will be the grid!"
4186,5022,4,21,108,133,1.218045112781955,0.04180146234154655,645,You won't have any trouble telling guests how to find your house!
7222,5022,4,21,108,133,1.218045112781955,0.04180146234154655,645,"And yes, the lease is renewable."
6360,5022,5,19,109,133,1.218045112781955,0.043142594039353735,645,You will be at net zero for your electric bill.
5273,5022,4,21,108,133,1.218045112781955,0.04180146234154655,645,"Horse? Lance? Ya, the neighbor is a little eccentric."
3116,5022,1,27,105,133,1.218045112781955,0.03749131571755649,645,Expensive? The 18th hole of any miniature golf course is prime property! Make an offer before next foursome plays thru...
2216,5022,4,21,108,133,1.218045112781955,0.04180146234154655,645,Helluva deal on electricity but don't forget to turn it off when coming and going.
2755,5022,4,21,108,133,1.218045112781955,0.04180146234154655,645,The previous owners didn't go out much. Wait 'til you see the inside.
2853,5022,6,17,110,133,1.218045112781955,0.044443273810524195,645,Zoning
1657,5022,4,21,108,133,1.218045112781955,0.04180146234154655,645,"And you don't have to mow the lawn."""
849,5022,5,19,109,133,1.218045112781955,0.043142594039353735,645,"Well, if you're not into golf, you could always turn it into a Jacuzzi."
7427,5032,5,24,127,156,1.2179487179487178,0.03890017318112145,645,"Frankly,it's a steal:  A unique residence with Old World charm plus its own phantom elephant and private sink hole"
6398,5033,1,25,98,124,1.217741935483871,0.038934948590401156,645,"The schools are good, just time when the kids leave the house."
5830,5033,4,19,101,124,1.217741935483871,0.043695780716468284,645,"Once you move in, I guarantee you'll be bowled over."
3854,5033,3,21,100,124,1.217741935483871,0.042168600982961026,645,"I guarantee you that in 5 years Gigantic Golf will be a multi billion dollar business,if not I will come back and let this windmill spank the Lying Ted out of my ass!"
4063,5033,5,17,102,124,1.217741935483871,0.045171358137465624,645,Think “In a New York Minute...”
2002,5033,3,21,100,124,1.217741935483871,0.042168600982961026,645,It's a hole in one.
929,5033,4,19,101,124,1.217741935483871,0.043695780716468284,645,Youth Sundays are hell.
2206,5033,5,17,102,124,1.217741935483871,0.045171358137465624,645,I recommend you stay mostly on the second floor.
460,5040,4,24,119,147,1.217687074829932,0.03923246323085375,645,...and you're right next to the 19th hole.
3792,5041,4,22,112,138,1.2173913043478262,0.040804263019248596,645,"We recommend running upstairs when you hear, ""Fee fie fo fum""."
4748,5041,5,15,95,115,1.2173913043478262,0.04748858098023914,645,"And of course, when you sink this putt,you receive a free game!"
4422,5041,2,21,92,115,1.2173913043478262,0.04239692700687835,645,You’ll never find a place with lower utilities
4036,5041,5,15,95,115,1.2173913043478262,0.04748858098023914,645,"""I suggest that you put in an offer soon---before the federal subsidy expires."""
3811,5041,2,26,110,138,1.2173913043478262,0.03812367814036347,645,Because you’re on the course it comes with a club membership.
3022,5041,8,9,98,115,1.2173913043478262,0.052084846427794054,645,"And it’s only $3,200 a month."
1142,5041,3,19,93,115,1.2173913043478262,0.044159423919739836,645,"This new pre-war property has no electricity but,when the wind is up,you can ground your own millet."
2717,5041,3,19,93,115,1.2173913043478262,0.044159423919739836,645,Wind power and right on the third hole!
1899,5041,2,21,92,115,1.2173913043478262,0.04239692700687835,645,"Based on the property disclosures, it looks like we’ve got a hole in three here."
1780,5041,2,26,110,138,1.2173913043478262,0.03812367814036347,645,This is a home where you can finally stay put
1334,5041,3,24,111,138,1.2173913043478262,0.039486723816328735,645,This one is on par with all the best real estate on this drive.
1199,5041,4,17,94,115,1.2173913043478262,0.045854225783672445,645,Coming home is like going to work.
5263,5041,5,20,113,138,1.2173913043478262,0.042080570378038064,645,"And on weekends, you can golf until midnight."
2865,5041,0,25,90,115,1.2173913043478262,0.038631448549506016,645,"Oh, yes, it’s perfectly safe....just so long as you aren’t planning on doing any tilting."
6619,5041,1,23,91,115,1.2173913043478262,0.040557910675105675,645,If you're thinking of downsizing we could look at a Par 3 home.
6312,5056,3,27,122,152,1.2171052631578947,0.037243093681966384,645,"When we get inside, you might see a giant golf ball.  Don't worry, I can explain."
16,5057,3,22,104,129,1.2170542635658914,0.04112227746884291,645,"It's the white picket fence home you've always dreamed of, and the golf part makes it even whiter!"
1362,5057,2,24,103,129,1.2170542635658914,0.039622186628412534,645,And no need for wind damage insurance
2402,5057,4,20,105,129,1.2170542635658914,0.042569539993195335,645,"The well out front is dry, and there's a lot of foot traffic on the weekends, but if you stay out of the doorway you should be alright."
3362,5057,6,16,107,129,1.2170542635658914,0.04532564171909496,645,"The good news is, your Uncle Theodore left you his windmill house, in his will._the bad new is that it can be dangerous  getting in and out safely._RIP Uncle Theodore"
3409,5057,5,18,106,129,1.2170542635658914,0.04396919110286211,645,"Yes, at Hole-In-One Homes, we like to say you'll be living right on the fairway."
3453,5057,4,20,105,129,1.2170542635658914,0.042569539993195335,645,"And the Giants will always be there to protect you, Don."
6650,5057,4,20,105,129,1.2170542635658914,0.042569539993195335,645,The amazing thing about this place in NYC is it's at your budget.
7382,5057,3,22,104,129,1.2170542635658914,0.04112227746884291,645,"Post-Post Modern. You'll be one of the first."""
7419,5057,4,20,105,129,1.2170542635658914,0.042569539993195335,645,"Why pay for wind, when you can live in the mill?"
3097,5066,3,17,86,106,1.2169811320754718,0.04644547176488884,645,"Don't worry, don't worry. They only come on between 12 and 2 and 6 and 8!"
3654,5066,1,21,84,106,1.2169811320754718,0.04240038689480044,645,"Don't worry!  The ad says,""greenhouse and environmentally friendly home on a golf course"""
7176,5068,4,23,116,143,1.2167832167832169,0.03987059257715485,645,You'll save a bundle on power!
6677,5068,8,15,120,143,1.2167832167832169,0.044538032931547566,645,"And your new home loan will be carried by ""Titleist"""
6157,5068,5,21,117,143,1.2167832167832169,0.041087190323664265,645,We call it McMansion Meets Tiny House
5250,5068,3,25,115,143,1.2167832167832169,0.03861568458818178,645,I think we can steal this one...the owner just came down with a giant case of the yips.
3679,5068,5,21,117,143,1.2167832167832169,0.041087190323664265,645,On the other side it has solar as well.
2366,5068,4,23,116,143,1.2167832167832169,0.03987059257715485,645,We're not responsible for anything you read on Trip Advisor.
1468,5074,3,20,97,120,1.2166666666666666,0.042969817648649274,645,"Don and Sancho slept here.  But because it's not connected to the grid, we are only asking 3.2 million."
5369,5074,3,20,97,120,1.2166666666666666,0.042969817648649274,645,"If you can get rid of that elephant, we may think about settling here."
6059,5074,2,22,96,120,1.2166666666666666,0.041307979935470175,645,"Sure, it might be tricky to leave the house when it's gusty but at least you won't have to mow the lawn."
7175,5074,4,18,98,120,1.2166666666666666,0.04456973469931287,645,"It's too small for parties, but you CAN host large balls"
3318,5078,3,28,126,157,1.21656050955414,0.03650418098334813,645,"Don’t worry, the Giant stinks at miniature golf."
7150,5078,4,26,127,157,1.21656050955414,0.03760604401679526,645,Yes it's true the last owners did make several claims initially on their health insurance but they said they then quickly adjusted to always looking left first before they came out.
5029,5080,2,25,107,134,1.2164179104477613,0.038723226962894895,645,"Yes, it’s energy efficient. It’s a literal windmill."
4524,5080,4,21,109,134,1.2164179104477613,0.04152023612273858,645,"The kitchen needs refurbishing"""
4484,5080,4,21,109,134,1.2164179104477613,0.04152023612273858,645,'And there's a magnificent view of the golf course from the cupboards.'
3760,5080,3,23,108,134,1.2164179104477613,0.04014609765660815,645,This place is more like through a glass onion.Through the looking glass is two doors down.
3728,5080,5,19,110,134,1.2164179104477613,0.04285033090096287,645,CLOBBERS nighttime house invaders.
511,5080,3,23,108,134,1.2164179104477613,0.04014609765660815,645,Too breezy? Nonsense! Just wait until summer comes around.
1037,5080,1,27,106,134,1.2164179104477613,0.03724603946442927,645,This is the original sustainable housing.
663,5080,5,19,110,134,1.2164179104477613,0.04285033090096287,645,ThE AC NEVER STOPS WORKING!
1070,5080,2,25,107,134,1.2164179104477613,0.038723226962894895,645,"No, it's not a fixer upper, it's a winder upper."
340,5080,5,19,110,134,1.2164179104477613,0.04285033090096287,645,"Don't worry, the golf balls are still normal sized."
59,5080,6,17,111,134,1.2164179104477613,0.04414036371572012,645,"Only broken into on a few, unfortunate windless days."
6246,5091,6,25,140,171,1.2163742690058479,0.037552463952568615,645,I think this listing will be on par to your liking.
4886,5092,4,24,120,148,1.2162162162162162,0.03899422756124355,645,This is where the first rotating door was invented.
6206,5093,4,19,102,125,1.216,0.0433797931255199,645,"Would you believe,  -  this place once belonged to Margaret Mitchell .  .  .  . and then she was gone."
6081,5093,5,17,103,125,1.216,0.044842376271529365,645,"Well, Martha you like the windmill with the food grinder and Paul you like the church with the bell."
4927,5093,5,17,103,125,1.216,0.044842376271529365,645,"And of course, this neighborhood has been designated as a NO TILTING zone."
3577,5093,3,21,101,125,1.216,0.04186614615113729,645,"She never forgets, so I recommend being honest about your score."
3896,5093,7,13,105,125,1.216,0.047633005634816414,645,"This one is an Obama-era clean energy model but I also have a coal model with a black picket fence, if that's more your style."
546,5093,4,19,102,125,1.216,0.0433797931255199,645,Just hook up a few solar panels and you can grind yourself cornmeal and reduce your carbon footprint all at the same time!
323,5093,5,17,103,125,1.216,0.044842376271529365,645,Found the only place of coolness under this hot cynical world.
313,5093,4,19,102,125,1.216,0.0433797931255199,645,Let's just say that living on a golf course is like having a hole in your own backyard..
1319,5093,4,19,102,125,1.216,0.0433797931255199,645,You two will have a ball in this neighborhood!
2310,5102,2,26,111,139,1.2158273381294964,0.03788071252779913,645,The former owner is the mini-golf king of Dubuque. On windy days it's net-zero energy rated.
3657,5102,3,24,112,139,1.2158273381294964,0.0392328025530814,645,It's really cool
3745,5102,3,24,112,139,1.2158273381294964,0.0392328025530814,645,It’s a steal because the area is prone to sink holes.
4113,5102,1,28,110,139,1.2158273381294964,0.036478541185996534,645,"Ah, yes, our Windmill model is the latest in retro-green technology for miniature golf course living!"
7254,5102,3,24,112,139,1.2158273381294964,0.0392328025530814,645,"Yes, when the wind picks up, entering and exiting is a bit challenging. But look at the bright side:  it's protection from the pachyderm next door."
1289,5107,4,25,124,153,1.2156862745098038,0.03816974614841471,645,"And it's very eco-friendly;  wind power, you know.  It'll pay for itself."
4707,5107,2,18,82,102,1.2156862745098038,0.04542226432881113,645,Things can get a little crazy in the summer
7192,5109,3,19,94,116,1.2155172413793103,0.04381717927724109,645,"It's our sportmanteau model, Lilliputt-putt."
3258,5109,4,17,95,116,1.2155172413793103,0.045495826592063866,645,All the meeting rooms were booked.
5775,5109,2,21,93,116,1.2155172413793103,0.042071607555840156,645,"Unlike the one at the White House, your sinkhole isn't necessarily a sign of something deeper."
782,5109,1,23,92,116,1.2155172413793103,0.04025040527561639,645,The  collapse of the macro golf market is your gain!
1799,5109,3,19,94,116,1.2155172413793103,0.04381717927724109,645,"You can call it a cup if you want, but it’s more like the circles that you find in the windmills of your mind."
627,5114,6,16,108,130,1.2153846153846153,0.04500661236069091,645,Welcome to hut hut
1299,5114,3,22,105,130,1.2153846153846153,0.040838871226503135,645,"The condo fee includes this perpetually green lawn and did I mention the recreational water feature? Location, location, location, right?!"
1822,5114,3,22,105,130,1.2153846153846153,0.040838871226503135,645,It's a living!
2226,5114,7,14,109,130,1.2153846153846153,0.046312587279943224,645,I can guarantee free golf balls for a year.
3239,5114,4,20,106,130,1.2153846153846153,0.04227379788275202,645,It's a great alternative to solar panels.
3248,5114,3,22,105,130,1.2153846153846153,0.040838871226503135,645,"I know the outside is rough, but wait until you see the view of the creepy clown's mouth."
4052,5114,4,20,106,130,1.2153846153846153,0.04227379788275202,645,Think of all the money you will save using wind power.”
4476,5114,5,18,107,130,1.2153846153846153,0.043661591494225584,645,It’s for home buyers looking for a heightened experience beyond the average golf community.
5184,5114,2,24,104,130,1.2153846153846153,0.03935165585687649,645,I'd say the offer is par on course with similar windmills.
6304,5114,5,18,107,130,1.2153846153846153,0.043661591494225584,645,This house is energy self-sufficient plus the owner gets well exercised darting in and out of the front door.
956,5124,4,23,117,144,1.2152777777777777,0.03962135573486219,645,I assure you this property’s up to par with the others here.
5279,5124,3,25,116,144,1.2152777777777777,0.038376121913807286,645,"It's location, location, location"
2498,5124,7,17,120,144,1.2152777777777777,0.04314194156089626,645,"After an evening bar-hopping, it is suggested that you sober up in the front yard."
598,5124,7,17,120,144,1.2152777777777777,0.04314194156089626,645,If you can't make it here you can't make it anywhere.
1444,5124,3,25,116,144,1.2152777777777777,0.038376121913807286,645,Largest lot and greens on the course.
6386,5129,0,26,95,121,1.2148760330578512,0.03749492448709696,645,The back nine is a little easier.
1405,5129,6,14,101,121,1.2148760330578512,0.04724738768741441,645,"Good question, well, you remember Miniature Golf when you were a kid, right?"
4337,5129,4,18,99,121,1.2148760330578512,0.04423611137544672,645,"Your house looks too...""cookie cutter"" for this neighborhood."
4900,5129,1,24,96,121,1.2148760330578512,0.0392888076826602,645,The only negative is that you have to move very quickly going in and out on a windy day
5392,5129,3,20,98,121,1.2148760330578512,0.0426508206578604,645,"Green, great views and low utilities"
5589,5129,4,18,99,121,1.2148760330578512,0.04423611137544672,645,It can be a little tricky getting in and out but some windows have a good view and you'll save on electricity.
5838,5129,4,18,99,121,1.2148760330578512,0.04423611137544672,645,... and you'll never have to buy a clothes dryer.
7428,5136,6,17,112,135,1.2148148148148148,0.04384149699207161,645,Well you did say you were looking for something nostalgic”
6558,5136,2,25,108,135,1.2148148148148148,0.038468735103349194,645,Imagine. Your home will generate power for the entire Mini Golf community!
6841,5136,5,19,111,135,1.2148148148148148,0.04256193767901411,645,OUR umbrella policy INCLUDES ball insurance
6409,5136,4,21,110,135,1.2148148148148148,0.04124269898392608,645,"Three bedrooms, good light and great schools. Also, huge and colorful golf balls."
6671,5136,4,21,110,135,1.2148148148148148,0.04124269898392608,645,"At your request, the bathtub that was ""round like a circle in a spiral"" has been replaced."
5854,5136,4,21,110,135,1.2148148148148148,0.04124269898392608,645,"So, you're probably wondering why I asked you to meet me at the 14th hole of the miniature golf course in the Village of the Giants."
3892,5136,6,17,112,135,1.2148148148148148,0.04384149699207161,645,It is a way to go green with a challenging entry
648,5136,4,21,110,135,1.2148148148148148,0.04124269898392608,645,"Why the hell do you want to be insured for ""Attacks from Massive Rolling Dimpled Balls?"""
5895,5136,3,23,109,135,1.2148148148148148,0.03987984327909519,645,We like to call this our starter wind farm home.
2669,5145,4,24,121,149,1.2147651006711409,0.03875881132362739,645,...and it's in an excellent school district.
4783,5145,3,26,120,149,1.2147651006711409,0.03757060997180299,645,This Dutch-inspired tiny home comes with a state-of-the-art security system. HOA includes yard maintenance and ball retrieval.
6894,5147,1,28,111,140,1.2142857142857142,0.0362498386227606,645,"You'll save a fortune on the utility bill, but we also have a lovely cape next to the water wheel."
6838,5147,4,19,103,126,1.2142857142857142,0.04306826306512387,645,"I'm telling you guys, this one's got the 'X' factor..."
6232,5147,3,24,113,140,1.2142857142857142,0.038982055435979795,645,"Well,you said you wanted a a 2 bed/2 bath with a view for $1,400?!"
5507,5147,3,21,102,126,1.2142857142857142,0.04156791017675276,645,The condo fees are highly reasonable since heat and electricity are fully wind generated.
5084,5147,5,20,115,140,1.2142857142857142,0.04153493098406951,645,There's a church next door and a zoo a block away!
4706,5147,4,22,114,140,1.2142857142857142,0.04027872352660409,645,This is an affordable downsize.
4401,5147,5,20,115,140,1.2142857142857142,0.04153493098406951,645,"And most exciting, the house has an almost organic flow-through layout."
4283,5147,4,19,103,126,1.2142857142857142,0.04306826306512387,645,"It chills the cruel, hot wind. Just steer clear of the hole and blades."
3587,5147,5,17,104,126,1.2142857142857142,0.04451807959055331,645,"Most people are done playing by 10 PM, and no pets are allowed on the course."
2642,5147,4,19,103,126,1.2142857142857142,0.04306826306512387,645,To be honest I'm not sure why I keep showing people this house shaped like a miniature golf obstacle. I'm not a very good real estate agent.
1880,5147,4,19,103,126,1.2142857142857142,0.04306826306512387,645,And back here is the servant's entrance.
1517,5147,6,21,127,154,1.2142857142857142,0.04012150050798342,645,You know how fear is the greatest aphrodisiac? Just WAIT until golfing season!
864,5147,4,19,103,126,1.2142857142857142,0.04306826306512387,645,"I'm sorry, but Mr. Q has decided not to sell."
845,5147,0,36,132,168,1.2142857142857142,0.03175197169027795,645,The seller forgot to put in a back door.
519,5147,5,14,93,112,1.2142857142857142,0.04817882055187921,645,"In the tiny house marketplace, this is known as the putt putt manor."
268,5147,4,22,114,140,1.2142857142857142,0.04027872352660409,645,"It’s a little tricky getting in and out, but worth it for the PRICE!”"
249,5147,1,28,111,140,1.2142857142857142,0.0362498386227606,645,"With one room and four windows, this is a homeowner’s dream!"
3398,5147,4,22,114,140,1.2142857142857142,0.04027872352660409,645,"Yes, the architect of this subdivision did have some deep-seated immaturity issues.  Why do you ask?"
4557,5165,6,19,120,145,1.2137931034482758,0.04173696012727657,645,And if you buy now... It’s a guaranteed hole in one!
3991,5165,0,31,114,145,1.2137931034482758,0.034165204477475515,645,This place comes with with a reduced tax for your home electricity generation and a free church membership
3024,5167,7,14,110,131,1.213740458015267,0.045987097156144255,645,Let's address the fact that the elephant doesn't even fit in the room.
3637,5167,2,24,105,131,1.213740458015267,0.03908470345758232,645,The best part about this property is it is heavily subsidized by the Putt-Putt Homeowners Association. The downside is that you need to execute your entries and exits on a timely basis.
746,5167,5,18,108,131,1.213740458015267,0.04335819969343802,645,Too dark? Let’s go see that remodeled loop de loop.
2653,5167,3,22,106,131,1.213740458015267,0.040559263509874634,645,A hole in one gets a free 12 foot hot dog.
763,5171,5,15,97,117,1.2136752136752136,0.04674658407270865,645,Yes. the innovative fire escape system is included in the price.
1638,5171,2,21,94,117,1.2136752136752136,0.04175112541577314,645,Who told you this was a windmill ? I see it as an opportunity for free flour.
1749,5171,3,19,95,117,1.2136752136752136,0.04348009532891287,645,"And, think how much your grandchildren will enjoy the rides!"
3175,5171,6,13,98,117,1.2136752136752136,0.04829705310673263,645,You may have heard of them -- Stuart and Margalo Little - they're only selling because of the divorce.
3495,5171,6,13,98,117,1.2136752136752136,0.04829705310673263,645,The previous owner had Jehovah’s Witnesses in mind when he built this house.
4563,5171,3,19,95,117,1.2136752136752136,0.04348009532891287,645,You won't have a power failure on windy days!
7517,5171,3,19,95,117,1.2136752136752136,0.04348009532891287,645,You're not kidding these don't come on the market often. You know how long Ol' Mother Hubbard has held on to that shoe over there?
3038,5178,2,18,83,103,1.2135922330097086,0.045027828265129306,645,Forget solar.  This is wind power
406,5179,5,22,123,150,1.2133333333333334,0.03967052976883715,645,Well you did specify you wanted a view of a major golf course.......
7479,5180,4,21,111,136,1.213235294117647,0.040968780604709626,645,"The architect was a visionary, but a bit impulsive and rashly unpredictable."
7260,5180,2,25,109,136,1.213235294117647,0.038217483701698036,645,At this picturesque place it's one par tee after another
6068,5180,2,25,109,136,1.213235294117647,0.038217483701698036,645,I kept this house for last. This mansion even has a mini golf course on it's front yard.
4698,5180,2,25,109,136,1.213235294117647,0.038217483701698036,645,"I know it's expensive, but it's a great location. There's only a small chance of the ball making it through the hole, and your neighbors are just fantastic!"
3350,5180,1,27,108,136,1.213235294117647,0.03676470588235294,645,You were Double Dutch champions as kids? Then this is the perfect house for you!
1220,5180,6,17,113,136,1.213235294117647,0.04354659467724323,645,"I'll agree;  solar is nice and quiet, but think of our cloudy and rainy days."
986,5180,5,19,112,136,1.213235294117647,0.04227733962905507,645,"Of course, you’d have to share a walkway."
4649,5180,3,23,110,136,1.213235294117647,0.03961702313858518,645,You just run in before the windmill arm covers the doorway - sort of like playing miniature golf.
626,5188,3,20,99,122,1.2131147540983607,0.04233643133037792,645,There’s a lot of perks that come with living on a golf course.
5204,5188,3,20,99,122,1.2131147540983607,0.04233643133037792,645,Furniture conveys and the appliances are above par.
4666,5190,4,15,89,108,1.212962962962963,0.047526068935268895,645,The previous owners said that the golf balls didn't come through the front  door more than once or twice a week.
5302,5190,3,17,88,108,1.212962962962963,0.04566899344097394,645,This is a par 3. The next one has a water hazard.
7478,5190,2,19,87,108,1.212962962962963,0.0437331304091476,645,You’ll be pleased to hear that the HOA fee includes full use of the water trap.
7555,5193,4,22,115,141,1.2127659574468086,0.040020904666992804,645,How good are you at miniature golf?
720,5193,4,22,115,141,1.2127659574468086,0.040020904666992804,645,"Admittedly, it’s a radical new technology for air conditioning."
1621,5193,7,16,118,141,1.2127659574468086,0.04365345551208611,645,It's like having your own round-the-clock golf channel!
4884,5193,4,22,115,141,1.2127659574468086,0.040020904666992804,645,It's accessable with one caveat.
5827,5193,6,18,117,141,1.2127659574468086,0.04247713567970377,645,"However, there is a monthly wind charge."
5958,5193,3,24,114,141,1.2127659574468086,0.03873442509926807,645,"I thought we made it clear that we wanted a centrally located windmill with three bedrooms, three bathrooms, and NO elephants"
5816,5199,3,21,103,127,1.2125984251968505,0.041273807875918625,645,Lilliputt is an exclusive private mini-golf course community.  We advise our residents to stay upstairs or go out during peak hours.
5261,5199,3,21,103,127,1.2125984251968505,0.041273807875918625,645,"It is unusual, but think of all the exercise you'll get!"
913,5199,4,19,104,127,1.2125984251968505,0.04276109906832521,645,Does it come with air rights?
6399,5202,3,18,92,113,1.2123893805309736,0.044358269149919076,645,Insurance will cover any hazards over par.
6765,5202,2,20,91,113,1.2123893805309736,0.04253972530566686,645,"There's a right of way, but after six you can ask them to leave"
7492,5202,1,22,90,113,1.2123893805309736,0.040639887010011776,645,"Sure, you have to be quick getting through the door, but those solar tax credits are expiring soon."
2229,5205,7,17,122,146,1.2123287671232876,0.04259963353688066,645,"With “Holland Sun” youre in a wind, wind, situation!"
3962,5205,2,27,117,146,1.2123287671232876,0.03663826170861172,645,If you don’t mind the clubbing it’s a great neighborhood
5094,5205,3,25,118,146,1.2123287671232876,0.0379056134671144,645,"Now that you mention it, this room is available."
5173,5205,4,23,119,146,1.2123287671232876,0.039131941475064144,645,I think you'll come to appreciate the ground level open floor plan.
6763,5205,8,15,123,146,1.2123287671232876,0.043694417134985196,645,The safety of this house comes and goes.
7146,5210,4,20,108,132,1.2121212121212122,0.04169425831336409,645,Your own unique Door Dash is another feature of this heritage property.
6369,5210,3,22,107,132,1.2121212121212122,0.040283380633923935,645,It'll require some imagination.
5859,5210,7,14,111,132,1.2121212121212122,0.04566609726387101,645,I'm thinking resale might be an issue.
5699,5210,5,18,109,132,1.2121212121212122,0.04305893167863623,645,"You'll love this place! No ands, ifs or putt putts!"
5087,5210,5,18,109,132,1.2121212121212122,0.04305893167863623,645,"If you like clubbing, then this is the perfect neighborhood for you!"
5113,5210,5,18,109,132,1.2121212121212122,0.04305893167863623,645,"And when the recession hits, you can crawl into your hole and dwell on your losses."
3606,5210,1,26,105,132,1.2121212121212122,0.03730187546611742,645,"Well, it's true that your insurance premiums may go up a tad, but it's priced to sell!"
3276,5210,5,18,109,132,1.2121212121212122,0.04305893167863623,645,"This new Democrat version of the wall, will let anyone though who can get past the fan blades."
2641,5210,4,20,108,132,1.2121212121212122,0.04169425831336409,645,This house right on this golf course will be perfect for a small family like yours!
2640,5210,5,18,109,132,1.2121212121212122,0.04305893167863623,645,It's looking cloudy with a chance of golf balls.
339,5210,4,13,82,99,1.2121212121212122,0.050298485015680724,645,Enjoy your new home.  Just be on the lookout for 400 lb. golf balls!
4474,5210,4,20,108,132,1.2121212121212122,0.04169425831336409,645,The price includes Country Club membership
6198,5222,2,21,95,118,1.2118644067796611,0.041435377036082355,645,... and the 19th hole is right next door!
5072,5222,3,19,96,118,1.2118644067796611,0.043148059304753364,645,"Hi! Do you have time to learn about Jesus Christ, our lord and saviour?!"
4334,5222,3,19,96,118,1.2118644067796611,0.043148059304753364,645,Time to put some roots down and stop chasing wind mills.
3593,5222,5,15,98,118,1.2118644067796611,0.046384093448669866,645,Just think--your jealous neighbors will have to putt-putt or shut up.
1104,5222,2,21,95,118,1.2118644067796611,0.041435377036082355,645,You'd have to be a complete putz not to make an offer.
987,5222,3,19,96,118,1.2118644067796611,0.043148059304753364,645,Full disclosure... there may be an elephant blowing in the wind here.
310,5222,3,19,96,118,1.2118644067796611,0.043148059304753364,645,The neighborhood is well-kept. Someone is always puttering around.
95,5222,1,23,94,118,1.2118644067796611,0.039648782055418656,645,You never have to get up to let the dog out.
1826,5222,1,23,94,118,1.2118644067796611,0.039648782055418656,645,"Oh, come on Bob! You always said you wanted an adventure!"
3764,5231,6,17,114,137,1.2116788321167884,0.0432555798021186,645,"I'm telling you folks, you'll want to get in on the front end of this giant golf craze."
6072,5231,7,15,115,137,1.2116788321167884,0.04447906688514526,645,"No, I don’t know why there is a hole in this cartoon, but there it is."
4548,5231,5,19,113,137,1.2116788321167884,0.04199646386377876,645,"Talk about high tech -- When the wind dies down, it uses solar power to move the windmill."
3159,5231,3,23,111,137,1.2116788321167884,0.03935757313593059,645,"As long as you vacate the house during daylight hours, and when the drunk teenagers are around at night, you should be fine."
957,5231,2,25,110,137,1.2116788321167884,0.037969413429685094,645,"Naturally, the property taxes would reflect any sums raised by the resale of found golf balls."
2207,5231,7,15,115,137,1.2116788321167884,0.04447906688514526,645,The price has been greatly reduced because of the occasional giant golf balls rolling through.
749,5231,4,21,112,137,1.2116788321167884,0.0406984123781985,645,Just be sure you get out of the way when a ball comes through.
3025,5231,3,23,111,137,1.2116788321167884,0.03935757313593059,645,"If you’re a mini golf fan, you’re going to love this listing..."
7046,5239,3,16,85,104,1.2115384615384615,0.046684465360827584,645,"Well, I think a few golf balls in the dining room are a small cost for 'seeing the elephant'."
4009,5240,4,18,101,123,1.2113821138211383,0.043583382133913544,645,"It's appraised at Par 3, but it's a bull market."
4426,5240,3,20,100,123,1.2113821138211383,0.04202655323609029,645,"Sure it's a bit drafty, but it'll pay for itself in energy bill savings."
5052,5240,7,12,104,123,1.2113821138211383,0.04795155119706916,645,"I promise you that one fine day you'll wake up, look each other in the eye and wonder:""How in the world were we lucky enough to end up on the the 6th hole of the biggest putt putt corse in Cedar Rapids, Iowa."""
5430,5240,4,18,101,123,1.2113821138211383,0.043583382133913544,645,"Hans Brinker lives on the next canal, and if you follow the bread crumbs, you'll find the bake shop of Hansel and Gretel."""
6858,5240,3,20,100,123,1.2113821138211383,0.04202655323609029,645,This place is a real hole in one.
1387,5245,3,24,115,142,1.2112676056338028,0.038489855490454264,645,"Oh, well, the occasional, painted golf ball will come through the front door."
5045,5245,2,26,114,142,1.2112676056338028,0.03716959583865563,645,"During the tornado season, you won’t have to worry about the safety of your possessions"
6278,5245,5,20,117,142,1.2112676056338028,0.041003039124071584,645,"Some say it’s mini, but two is about par for the course."
3088,5248,3,17,89,109,1.2110091743119267,0.04529023423348228,645,"This beautiful property is located conveniently near the snack bar and the men’s restroom. Oh, local public schools? I don’t know about those."
7172,5249,2,23,103,128,1.2109375,0.03945423653127441,645,"Come back anytime! Open house is from 12 to 1, 2 to 3, 4 to 5..."
3469,5249,5,17,106,128,1.2109375,0.04388315472313635,645,"Yes, it's better than solar power and there are interesting people in the condo association."
2644,5249,4,19,105,128,1.2109375,0.04245821207248054,645,"That ""hole"" is the entrance to the basement."
302,5249,3,21,104,128,1.2109375,0.04098375624962578,645,Careful by that final hole - it leads to a different universe.”
1439,5249,3,21,104,128,1.2109375,0.04098375624962578,645,And you'll never have to worry about grinding grain or pumping water by hand again.
1841,5249,2,23,103,128,1.2109375,0.03945423653127441,645,"Great place to live if you're not Don Quixote! Homey, natural air conditioning, open door policy! Mr. Potter, you play golf?"
1589,5255,4,23,120,147,1.2108843537414966,0.038891657713431366,645,Quickly now! Move to the front by the door!
3233,5256,3,22,108,133,1.2105263157894737,0.04001115072838613,645,"Actually, it's OK; the people around here are lousy golfers."
7453,5256,2,24,107,133,1.2105263157894737,0.03856126315432223,645,"While offering small town charm, it does come with a rather large teenage problem."
6416,5256,3,22,108,133,1.2105263157894737,0.04001115072838613,645,"What did you expect? The program is called Buying in Holland, not Buying in Hawaii."
6335,5256,3,22,108,133,1.2105263157894737,0.04001115072838613,645,"Not many play here, but when they do, you'll want to get pretty far away."
6252,5256,6,16,111,133,1.2105263157894737,0.0440755678609802,645,"The only problems are, when the wind blows hard you can't get in your front door, and at night the elephant bellows, and on Sunday the church bells are extremely loud."
5235,5256,4,20,109,133,1.2105263157894737,0.0414103048668128,645,"The windjammer fully powers the home and is safe...for an athletic family like yours, entry is under five seconds."
3259,5256,3,18,93,114,1.2105263157894737,0.04400689458220717,645,You said you'd consider a fixer-upper.
3223,5256,2,24,107,133,1.2105263157894737,0.03856126315432223,645,The putter’s included
388,5256,2,24,107,133,1.2105263157894737,0.03856126315432223,645,"This is the Szalinski model; energy efficient, on the golf course."
2729,5256,4,16,94,114,1.2105263157894737,0.0457368797131426,645,"Word in the neighborhood is what goes round ,comes around"
2337,5256,5,14,95,114,1.2105263157894737,0.047403771590659914,645,"The previous owner was a bit of an eccentric, and he left to dig his way to China."""
1783,5256,3,22,108,133,1.2105263157894737,0.04001115072838613,645,"Yes, the asking price does seem a bit low...."
1629,5256,3,22,108,133,1.2105263157894737,0.04001115072838613,645,"Once I got wind of these utilitarian models,I thought of you."
1509,5256,5,18,110,133,1.2105263157894737,0.042763705589145634,645,It's rent controlled and now Quixote free!
1288,5256,3,22,108,133,1.2105263157894737,0.04001115072838613,645,"Between you and me, I'd go ahead and take out hole in one insurance for this one."
1174,5256,6,12,96,114,1.2105263157894737,0.04901400775435974,645,"It's a hobby farm, as long as golf is your hobby."
3181,5256,4,24,124,152,1.2105263157894737,0.03806900019013514,645,"The windmill comes with 3 speeds, so you control difficulty of entry.  You can request an allowance to fill the hole, if it's not your taste."
4628,5273,2,29,126,157,1.2101910828025477,0.03503555872428952,645,"I’m sorry, but this is really the only place with a ballroom you can afford."
7086,5273,6,21,130,157,1.2101910828025477,0.03942242565387837,645,You can't lowball me here. This is a mini golf course!
7304,5275,4,21,113,138,1.210144927536232,0.04043152736189783,645,Oh.... you said you wanted a MINI Golf course?
6723,5275,6,17,115,138,1.210144927536232,0.04296837733042621,645,"It needs some updating, but a classic par 2 on the water hazard? Go in above listing."
240,5275,5,19,114,138,1.210144927536232,0.04171923929810908,645,And the Quixote Penthouse features 2nd-storey views of Pachy-Wacky World to the west.
1117,5275,2,25,111,138,1.210144927536232,0.03772446632123379,645,House Hunters: Holland plays well with our American audience.
2969,5275,4,21,113,138,1.210144927536232,0.04043152736189783,645,"This setting offers many unique home sites, and the Jack Nicklaus Signature Course features unforgettable hazards."
1730,5280,3,19,97,119,1.2100840336134453,0.0428209615727119,645,The side window is the only safe way.
3395,5280,6,13,100,119,1.2100840336134453,0.047549177804704704,645,I was hoping we could remove the sand traps.
5575,5280,3,19,97,119,1.2100840336134453,0.0428209615727119,645,"So if can just get through this Feng Shui thing, I can see you two settled in this little Dutch Colonial on the the 14th green."
4613,5283,3,15,82,100,1.21,0.047768380565162374,645,quixotic mulligans allowed
643,5284,5,24,133,162,1.2098765432098766,0.0375951608226211,645,Challenging?  Perhaps not.  Ego-enhancing?  Big time.
2578,5285,3,24,116,143,1.2097902097902098,0.03824829183559793,645,It comes with a beautiful view of the 13th fairway.
4438,5285,6,18,119,143,1.2097902097902098,0.04193341146460269,645,"Don’t worry, the house is fully powered by hot wind. You are Trump supporters, right?"
472,5285,4,22,117,143,1.2097902097902098,0.03951486915808532,645,"Plus, the local schools are fantastic."
844,5285,4,22,117,143,1.2097902097902098,0.03951486915808532,645,"If you can put up with an occsional golf ball rolling through the hallway, I can let you have it for a good price."
174,5289,3,20,101,124,1.2096774193548387,0.04172109251328217,645,This neighborhood is on the rise - a new snow cone stand is going in soon.
277,5289,0,26,98,124,1.2096774193548387,0.036705020498800284,645,This was the model so you can have it for a breeze!
1905,5289,4,18,102,124,1.2096774193548387,0.04326407174623477,645,Our former defensive coach used to live here.
2034,5289,6,14,104,124,1.2096774193548387,0.04619567719155494,645,"Tempting as it may be, don't try to run out, you'll fall in that hole and startle the elephant."
3176,5289,3,20,101,124,1.2096774193548387,0.04172109251328217,645,Most buyers are intimidated by the double-dutch model.
4018,5289,6,14,104,124,1.2096774193548387,0.04619567719155494,645,The fairway location is only a problem during the larger birthday parties.
5893,5289,5,16,103,124,1.2096774193548387,0.04475388527965868,645,Your offer is right on par”.
6771,5289,4,18,102,124,1.2096774193548387,0.04326407174623477,645,It comes with a time released burglar alarm system.
157,5297,1,20,84,105,1.2095238095238094,0.04213887317937548,645,"Yes, the current owners love golf and believe in climate change."
5183,5297,1,20,84,105,1.2095238095238094,0.04213887317937548,645,"Candidly, it was designed for a miniature golf course, but the contractor was determined to get into the Guinness World Book of Records."
1762,5299,2,27,119,148,1.2094594594594594,0.03619798368209525,645,The sellers are very motivated. They got dizzy.
2431,5300,2,23,104,129,1.2093023255813953,0.039181330657278544,645,Yes; but it comes with all access to the entire miniature golf course!
2871,5300,4,19,106,129,1.2093023255813953,0.04215951534458739,645,It's  the latest in Wind Power Turbine homes.
4443,5300,4,19,106,129,1.2093023255813953,0.04215951534458739,645,Your children must be at least 4 feet tall to take a ride.
4603,5300,2,23,104,129,1.2093023255813953,0.039181330657278544,645,"Believe me, I get it.  But do we really need to be this visible about our energy efficiency?"
6941,5300,2,23,104,129,1.2093023255813953,0.039181330657278544,645,"'Par is $300,000.'"
7232,5300,6,15,108,129,1.2093023255813953,0.04494076986552415,645,Take it for a spin. I’m sure you will love it.
1567,5306,4,15,91,110,1.209090909090909,0.046737523336702363,645,The Millers were its former tenant.
4577,5306,1,21,88,110,1.209090909090909,0.041036314082411394,645,You do have to watch out for a really big golf ball.
6857,5308,2,24,108,134,1.208955223880597,0.03830464395590235,645,"OK, this is my final offer:  if you purchase the windmill, you can keep all the golf balls that make it through the front door!"
3367,5308,3,22,109,134,1.208955223880597,0.03974250368588389,645,The neighborhood is just full of families.
2649,5308,3,22,109,134,1.208955223880597,0.03974250368588389,645,A lot with THE view of this dramatic Putt-Putt hole is priceless.
2079,5308,4,20,110,134,1.208955223880597,0.04113012824994036,645,No one has seen the giant since the bean stalk incident.
7306,5308,3,22,109,134,1.208955223880597,0.03974250368588389,645,"and , the phrase ""going dutch"" originated on this very spot."
1890,5308,2,24,108,134,1.208955223880597,0.03830464395590235,645,Where else can you get a variable home mortgage where the rate goes down with every hole in one.
1274,5308,5,18,111,134,1.208955223880597,0.04247244165915812,645,"I don’t care how you try to spin it, earth-friendly energy is going extinct!"
1988,5308,8,12,114,134,1.208955223880597,0.046266303638746994,645,"All except for Don, the neighbors are great!"
1337,5308,4,20,110,134,1.208955223880597,0.04113012824994036,645,It’s an affordable alternative to oceanfront.
1482,5317,2,20,93,115,1.208695652173913,0.041877472237392736,645,"Guaranteed to keep the Elephant out of the room"""
35,5318,2,25,112,139,1.20863309352518,0.03748258573711648,645,"Nothing to worry about, Bob is a gentle giant."
3010,5318,4,21,114,139,1.20863309352518,0.04016806023012453,645,Really? Most people like the 'Trump' at the top.
3359,5318,6,17,116,139,1.20863309352518,0.04268491410043526,645,The utility is suing you for unfair competition.
4168,5318,5,19,115,139,1.20863309352518,0.04144559659609479,645,"Perfect? Scaffolding on the roof and windows. We won't be able to sleep in Sunday mornings. And I bet you didn't even see the ""elephant in the room."""
5477,5318,5,19,115,139,1.20863309352518,0.04144559659609479,645,Congrats!  You're approved for a bank loan and bank shot.
7366,5318,4,21,114,139,1.20863309352518,0.04016806023012453,645,"Unorthodox, I know; but they do keep large animals from wandering in."
2634,5324,5,15,100,120,1.2083333333333333,0.04567549854280213,645,"Now the elephant's out of the room, let's talk about something else."
6444,5324,4,17,99,120,1.2083333333333333,0.04411570179340408,645,_And the alternate energy tax credits can help with the mortgage payments!
6181,5324,3,19,98,120,1.2083333333333333,0.04249869553663491,645,Welcome to Oxymoron Estates!
6149,5324,0,30,114,144,1.2083333333333333,0.0339611620584533,645,"The owners won't fix that hole, so we can knock 20 grand off our offer."
5570,5324,3,19,98,120,1.2083333333333333,0.04249869553663491,645,How about we drop down to the castle?
5304,5324,2,26,116,144,1.2083333333333333,0.03670981779593468,645,It’s the ultimate ceiling fan AND all the electricity you’ll ever need!
4564,5324,2,21,97,120,1.2083333333333333,0.04081768121668144,645,You’ll love your negative power bill.
1547,5324,4,17,99,120,1.2083333333333333,0.04411570179340408,645,Instead of tilting at windmills just buy one.
2018,5324,7,11,102,120,1.2083333333333333,0.04864527944160098,645,You got alot of balls buying this house!
1471,5324,5,15,100,120,1.2083333333333333,0.04567549854280213,645,It was built from a do-it-yourself  kit by a surgeon.  It's a bargain for a little house next to a church in a Republican neighborhood...and it can be fixed.
1194,5324,3,19,98,120,1.2083333333333333,0.04249869553663491,645,We request a balloon payment and prefer bright colors.
952,5324,5,20,119,144,1.2083333333333333,0.04048439222695598,645,I will put in the contract that a golf ball is only allowed to come through here once a week
4149,5324,4,17,99,120,1.2083333333333333,0.04411570179340408,645,"Now this here is a hole in one! But seriously, it’s got one room and there’s no door..."
3851,5337,5,21,123,149,1.2080536912751678,0.03958240180065663,645,I recommend you install a door.
2519,5338,4,18,103,125,1.208,0.04294933248946162,645,Good point but the door actually opens and closes on a built-in timer.
4398,5338,2,22,101,125,1.208,0.039831904864835316,645,"It's really the ultimate in roll-in,roll-out convenience."
4397,5338,4,18,103,125,1.208,0.04294933248946162,645,The only downside is the giant golf balls ...
3644,5338,3,20,102,125,1.208,0.04141995778879799,645,This is the most sought after prime windmill real estate in the area....
5283,5338,3,20,102,125,1.208,0.04141995778879799,645,"We were going for a miniature golf park, but the builder wanted to make a statement."
2335,5338,3,20,102,125,1.208,0.04141995778879799,645,Trying to get in can feel like tilting at windmills
893,5338,2,22,101,125,1.208,0.039831904864835316,645,And each house comes with it's own set of putters and balls.
792,5338,1,24,100,125,1.208,0.038177852049280814,645,The good news is that passing gas goes unnoticed!
380,5338,4,18,103,125,1.208,0.04294933248946162,645,"I'm telling you, if you're looking for a property to increase in value, this is your best option. You're literally standing on green!"
209,5338,5,16,104,125,1.208,0.04442608939975293,645,"Sure there are obstacles, but I’m sure you could swing the mortgage."
1919,5338,5,16,104,125,1.208,0.04442608939975293,645,"We'll have to move quickly, the elephant is not in the room."
4288,5349,3,26,125,154,1.2077922077922079,0.0364768388449193,645,"Before we enter, how good are you at jump rope?"
4638,5349,2,28,124,154,1.2077922077922079,0.035294154392683776,645,The bad news is that since this is your dream house I can only sell you dream insurance.
3255,5351,1,25,104,130,1.2076923076923076,0.03734822810594911,645,"There are some issues with the entryway, sure, but you won't find a starter home with more features."
3548,5351,3,21,106,130,1.2076923076923076,0.04041548356023634,645,"On the plus side, you get a free game for every hole-in-one."
3899,5351,3,21,106,130,1.2076923076923076,0.04041548356023634,645,Whoosh you be interested in this house?
3961,5351,3,21,106,130,1.2076923076923076,0.04041548356023634,645,"To tell the truth, it's so cheap because the windmill never worked"
4242,5351,5,17,108,130,1.2076923076923076,0.04326583502212179,645,"When you hear the price,you'll be blown away."
5152,5351,4,19,107,130,1.2076923076923076,0.041864924409159,645,The only thing miniature about us is our pricing.
6789,5351,2,23,105,130,1.2076923076923076,0.03891208972839766,645,Beware of the golf balls.
7259,5358,4,25,130,159,1.2075471698113207,0.03687009418329497,645,"If we time it right, I think I can put you in this Olde Dutch style cottage right here."
143,5359,5,18,112,135,1.2074074074074075,0.042185062153688856,645,"I'm sorry, this property is temporarily off the market while the president demonstrates how ""The Wall"" will work."
177,5359,5,18,112,135,1.2074074074074075,0.042185062153688856,645,This one's going to blow you away!
219,5359,5,18,112,135,1.2074074074074075,0.042185062153688856,645,"You not only get this windmill, but we'll throw in the Church, too."
2293,5359,2,24,109,135,1.2074074074074075,0.03805134045431201,645,And it will never turn into a white elephant.
3229,5359,5,18,112,135,1.2074074074074075,0.042185062153688856,645,I know your hearts were set on a Dutch Colonial. But this listing has far more charm and no soffit issues.
5484,5359,5,18,112,135,1.2074074074074075,0.042185062153688856,645,It's a beautiful property.......just step to the sides when the golf ball comes through
5542,5359,4,20,111,135,1.2074074074074075,0.040853655275838514,645,“It’s a tough putt but timing is everything.”
5995,5359,3,22,110,135,1.2074074074074075,0.03947737111160652,645,"Yes, you may experience the occasional wind problem, but living below the 9th hole is treacherous."
6446,5359,3,22,110,135,1.2074074074074075,0.03947737111160652,645,It's great for your timing skills
6632,5359,4,20,111,135,1.2074074074074075,0.040853655275838514,645,The golf schools in the area are great.
3532,5369,6,11,94,111,1.2072072072072073,0.0497612927883716,645,"That's right, there is no A.C on the inside, but you have it big time on the outside."
5990,5370,2,25,113,140,1.207142857142857,0.03724371633051361,645,"If it doesn't hit you, you could win."
5795,5370,5,19,116,140,1.207142857142857,0.041175468119551355,645,"Once you repair the hole in the lawn, your curb appeal will be much better than the loop-de-loop."
6362,5370,6,17,117,140,1.207142857142857,0.042405118768646284,645,"This is a breezy unique charmer of a property, it’s a repurposed location with a great view of a dinosaur."
5264,5370,5,19,116,140,1.207142857142857,0.041175468119551355,645,"AND....the designer was Sancho Ponza at Quijote, Inc.!"
4550,5370,4,21,115,140,1.207142857142857,0.03990794722790665,645,It's designed for people who love Elephants but don't want them as indoor pets.
3681,5370,2,25,113,140,1.207142857142857,0.03724371633051361,645,"Mini Golf Course living is great, but the balls are quite large so be careful."
1837,5370,2,25,113,140,1.207142857142857,0.03724371633051361,645,It's the prime property in the miniature golf community.
4629,5370,3,23,114,140,1.207142857142857,0.03859882548765667,645,"No-maintenance landscaping, terrific third-floor views, and whole-house ventilation.  Any questions?"
7357,5378,1,22,93,116,1.206896551724138,0.03970891345771823,645,There's a hole lot to love here!
6724,5378,3,18,95,116,1.206896551724138,0.043320294123598405,645,Best way to keep the elephants out...and saves on energy costs!
6522,5378,2,20,94,116,1.206896551724138,0.041553854760705604,645,"It's a perfect combination of the old and the new: a quaint windmill providing eco-friendly, sustainable energy!"
6267,5378,0,30,115,145,1.206896551724138,0.03375672449560555,645,"Regarding your concern, this is the hole that would fix that problem."
5750,5378,7,16,122,145,1.206896551724138,0.0425442655708546,645,It gives the song Windmills of Your Mind a whole new meaning.
5799,5378,4,16,96,116,1.206896551724138,0.04501747350125653,645,"And so basically you can either send the golf ball back out or just keep it. Determines their mood for the rest of the day, it really is incredible."
5499,5378,2,26,117,145,1.206896551724138,0.03648406953587099,645,Classic Wind Turbin environmentally friendly Home you will ever Find !
5394,5378,4,16,96,116,1.206896551724138,0.04501747350125653,645,I can see you two love a challenge.  Here's a hint - the easiest way in involves dancing Gangnum-style.
1109,5378,1,22,93,116,1.206896551724138,0.03970891345771823,645,Your variable rate mortgage was approved.
399,5378,4,22,119,145,1.206896551724138,0.03902125332590335,645,You’ll have a ball with this home.
5569,5378,6,18,121,145,1.206896551724138,0.041403249780064086,645,Our best spin is on Sunday morning.
6683,5389,2,21,98,121,1.2066115702479339,0.04051554028263788,645,"Sadly, a course pass is not included in the HOA fees."
7372,5389,2,21,98,121,1.2066115702479339,0.04051554028263788,645,"It's got great schools, nice neighbors, golf at front door, low maintenance yard, lifetime free energy and it's a buyers market!"
7307,5389,4,17,100,121,1.2066115702479339,0.04378345689935829,645,The last occupant sold it for peanuts
7253,5389,3,19,99,121,1.2066115702479339,0.04218115753776808,645,"Face it, Elephant and Castle is declasse. People want local chapels, not tabernacles.  Windmills  are the future."
7234,5389,5,15,101,121,1.2066115702479339,0.04532915336612764,645,The only drawback to this property is exiting and entering on a windy day.
4769,5389,3,19,99,121,1.2066115702479339,0.04218115753776808,645,The big'uns still use it for miniature golf. That's why it's so cheap.
1041,5389,2,21,98,121,1.2066115702479339,0.04051554028263788,645,"Aside from some obvious safety concerns, I think the house has great value and will be loads of fun."
2172,5389,3,19,99,121,1.2066115702479339,0.04218115753776808,645,"Yes, the blades will never turn, but this WAS the model home."
1882,5389,3,19,99,121,1.2066115702479339,0.04218115753776808,645,"And in addition to the renewable energy, there's a plastic recycling receptacle just outside the front door."
1607,5389,6,13,102,121,1.2066115702479339,0.046823852807323284,645,"Frankly, it's a renter's dream."
1443,5389,4,17,100,121,1.2066115702479339,0.04378345689935829,645,"It's really a bargain, but you have to watch out for the little white ball."
2902,5389,2,21,98,121,1.2066115702479339,0.04051554028263788,645,It's got a fantastic front door that'll keep you on your toes.
4098,5401,3,26,126,155,1.206451612903226,0.036265527068911556,645,"Mr & Mrs Escher,  I will let the owner know that you will take the house as is."
6830,5402,3,20,103,126,1.2063492063492063,0.04112306010085403,645,"Frankly, you may have downsized a bit too small."
6589,5402,3,20,103,126,1.2063492063492063,0.04112306010085403,645,If you buy this house you can also practice your putting !
6585,5402,4,18,104,126,1.2063492063492063,0.042639068927951274,645,Nothing Trump is mini.
5596,5402,1,24,101,126,1.2063492063492063,0.03790960060578585,645,"Ideal for a family, it also has no electric bill."
4848,5402,1,24,101,126,1.2063492063492063,0.03790960060578585,645,You won't need air conditioning.
5897,5402,5,16,105,126,1.2063492063492063,0.04410299679190414,645,"No, we do not allow wind farms nearby,"
632,5408,3,21,107,131,1.2061068702290076,0.04013710684745936,645,"It's a waterfront apartment, conveniently located near the hazard on 15"
1317,5408,4,19,108,131,1.2061068702290076,0.04157435697855915,645,"Around the corner, neighbors enter their house by dodging a real elephant's swinging truck."
1472,5408,5,17,109,131,1.2061068702290076,0.04296355397632941,645,We can fix it!
1846,5408,3,21,107,131,1.2061068702290076,0.04013710684745936,645,' And it's authorized for handicap purposes'
1848,5408,4,19,108,131,1.2061068702290076,0.04157435697855915,645,"And energy efficient thanks to  wind power? Why yes, why do you ask?"
3906,5408,1,25,105,131,1.2061068702290076,0.03709592594735664,645,"It’s got a great location, just ignore the occasional white ball that rolls through."
5227,5408,3,21,107,131,1.2061068702290076,0.04013710684745936,645,Just think about how cheap your electricity bill be!
7296,5408,4,19,108,131,1.2061068702290076,0.04157435697855915,645,"Oh, you'll be living the life, here on the 18th green!"
7270,5416,5,18,113,136,1.2058823529411764,0.04190149130673101,645,We never realized assisted living was this handicapped.
5918,5416,2,24,110,136,1.2058823529411764,0.03780129082593793,645,"Just as mentioned in the listing, the front yard has a view that’s to die for!"
5889,5416,6,16,114,136,1.2058823529411764,0.043181795187343615,645,"This home here has some great features, including free energy!"
5656,5416,2,24,110,136,1.2058823529411764,0.03780129082593793,645,. . . and a daily portion of grist included in the purchase price! !
4509,5416,5,18,113,136,1.2058823529411764,0.04190149130673101,645,"It's carbon-neutral and in fact it will generate an income that will be significant. You just have to let some people play through on occasion."""
761,5416,3,22,111,136,1.2058823529411764,0.03921568627450981,645,It gives you green energy and comes with life insurance.
108,5416,4,20,112,136,1.2058823529411764,0.040580814578497756,645,The neighborhood is quite safe. There hasn't been a tilting in these parts for thirty years..
923,5416,5,18,113,136,1.2058823529411764,0.04190149130673101,645,"He is a motivated seller, but he has big balls."
5035,5424,2,25,114,141,1.2056737588652482,0.03700780401345189,645,You just have to run in quick before it hits you.
6064,5425,3,16,88,107,1.205607476635514,0.04549598868304171,645,I hear you're looking to invest in something renewable.
2103,5426,0,30,116,146,1.2054794520547945,0.03355465401072847,645,"I thought it was a great offer, but they said you’re joisting at windmills."
2779,5426,5,20,121,146,1.2054794520547945,0.03997851125576714,645,"I know the entrance is problematic, but if you time it right, you catch the market tilting down."
3768,5426,4,22,120,146,1.2054794520547945,0.038778964026104916,645,You do have to beware of the golf balls coming through.
3996,5426,1,28,117,146,1.2054794520547945,0.034934053831029356,645,"Not only will you be off the grid, but so will all your neighbors."
4432,5426,3,24,119,146,1.2054794520547945,0.03754110733114273,645,"So, are we ready to slay these future clean energy giants?"
6480,5431,0,23,89,112,1.2053571428571428,0.03834241021419074,645,The seller says you can have as many clean Titleists as you want.
5131,5431,3,17,92,112,1.2053571428571428,0.044190110926074416,645,""" This little number is a favorite here at Putt-Putt Estates."""
6628,5431,4,15,93,112,1.2053571428571428,0.04597435224702924,645,"If you can look past the sink hole, I believe we can get this Dutch Modern beauty for a song."
4479,5431,4,15,93,112,1.2053571428571428,0.04597435224702924,645,And you have incomparable views of the golf course.
4514,5431,4,15,93,112,1.2053571428571428,0.04597435224702924,645,Elephants are wary of moving objects so a wimdmill house makes perfect sense Because they’ll not be bothering you as long as the wind blows.
4411,5431,2,19,91,112,1.2053571428571428,0.04233073047779356,645,"When you decide which way the wind blows, give me a yodel."
1190,5437,7,17,127,151,1.205298013245033,0.041301006508377404,645,"This house is a bit above your price range, but it's a hole-in-one."
1802,5438,3,18,96,117,1.205128205128205,0.0429848285055057,645,"This tiny home is not only right on the golf course, it's also off the grid as well!"
1830,5438,2,20,95,117,1.205128205128205,0.04123509749376133,645,"Yes strong wind could create a bit of a problem for toddlers, but the modest price in a wonderful neighborhood with free electricity make this a fantastic buy."
3264,5438,4,16,97,117,1.205128205128205,0.044666068754430015,645,Cars? No need! Our retirement community members rely exclusively on mini-golf carts.
3630,5438,3,18,96,117,1.205128205128205,0.0429848285055057,645,"Now remember, you have only 15 seconds to open the door and get into the house!"
3850,5438,4,16,97,117,1.205128205128205,0.044666068754430015,645,It’s a great school district.
6461,5438,2,20,95,117,1.205128205128205,0.04123509749376133,645,Watch out when the wind blows!
6903,5438,2,20,95,117,1.205128205128205,0.04123509749376133,645,"See, the best thing about this property is that it’s great for kids"
6600,5445,2,21,99,122,1.2049180327868851,0.040217745956821566,645,"No seriously, you can keep all the golf balls..."
5498,5445,2,21,99,122,1.2049180327868851,0.040217745956821566,645,"Being window dressing in a miniature golf game for giants has it's advantages, and we offer training and insurance in the event that you get hit by a golf ball."
5177,5445,0,25,97,122,1.2049180327868851,0.036694701198942276,645,Golf course views inside and out!..and free golf balls!
4858,5445,1,23,98,122,1.2049180327868851,0.03849654650697315,645,This is the par 3 17th. After the next hole I will show you the main house.
3410,5445,7,11,104,122,1.2049180327868851,0.047904927452892494,645,"And as if all this wasn't enough, the Putt-Putt Homeowner Association Agreement offers half-price rounds on weekdays before noon."
4958,5445,0,25,97,122,1.2049180327868851,0.036694701198942276,645,Yes the one next door has a fountain full of chocolate milk.
4803,5451,4,18,105,127,1.204724409448819,0.042333188189562124,645,You may want to buy two; in case you get a hole in one.
6611,5451,0,26,101,127,1.204724409448819,0.03594664538564563,645,"Yes, damage by knights on horseback are covered by your insurance policy but with an excess of  $100"
6487,5451,3,20,104,127,1.204724409448819,0.04083031282442006,645,The commutes a breeze
5675,5451,5,16,106,127,1.204724409448819,0.043784508667401564,645,"I agree with you Mr. Fore. This place is not for everyone. However, based on what you've told me about you and your wife's love for miniature golf I think you'll be very happy living here on the fourth hole at Putter's Paradise."
4896,5451,6,14,107,127,1.204724409448819,0.045189241819249895,645,You'll have a ball!
3391,5451,3,20,104,127,1.204724409448819,0.04083031282442006,645,How are the views of the crying children?
7519,5451,4,18,105,127,1.204724409448819,0.042333188189562124,645,It's the best house on the lot with the lowest likely hood of a giant ball rolling in!
2462,5451,2,22,103,127,1.204724409448819,0.039269963946852816,645,"It's not what you were looking for, but it's got a hole lot of potential."
1859,5451,1,24,102,127,1.204724409448819,0.03764499556958719,645,"If you do decide to accept the offer, we're going to want to make sure that we reserve any wind rights when you sell."
1850,5451,4,18,105,127,1.204724409448819,0.042333188189562124,645,Welcome to miniature golf heaven where golf isn't so miniature.
1112,5451,3,20,104,127,1.204724409448819,0.04083031282442006,645,It comes with its own putting green.
517,5451,2,22,103,127,1.204724409448819,0.039269963946852816,645,It's the most coveted domicile on the giant miniature golf course.
183,5451,3,20,104,127,1.204724409448819,0.04083031282442006,645,The sellers are very motivated. The only downside is you may get golf balls rolling through your living room.
2991,5451,4,18,105,127,1.204724409448819,0.042333188189562124,645,"It’s a cute little place, but be careful: a big, dimpled ball rolls through periodically."
4881,5465,4,19,109,132,1.2045454545454546,0.04128773288571376,645,Its great exercise for those with a do you feel lucky attitude towards life.
4842,5465,4,19,109,132,1.2045454545454546,0.04128773288571376,645,"As you can see Mr and Mrs Gulliver, an investment in our miniature golf project on Brobdingnag is a great opportunity."
4830,5465,5,17,110,132,1.2045454545454546,0.04266541114118065,645,"Sure, you have to dodge a few ball, but you can't beat the location."
3743,5465,2,23,107,132,1.2045454545454546,0.038384320299233964,645,It you're serious about buying the place the owner says he'll throw an elephant in the room
3573,5465,3,21,108,132,1.2045454545454546,0.03986246938961656,645,"Are you ballzy, Bob? If you want to owns this house, you need to be ballzy!"
5012,5465,3,21,108,132,1.2045454545454546,0.03986246938961656,645,"Given the tricky lies, the price is par for the course."
2113,5465,3,21,108,132,1.2045454545454546,0.03986246938961656,645,The air conditioning comes free!
920,5465,3,21,108,132,1.2045454545454546,0.03986246938961656,645,Imagine wowing your friends with the latest in total energy independence
884,5465,4,19,109,132,1.2045454545454546,0.04128773288571376,645,"Well, that's the house, mind if we go Dutch for dinner?"
652,5465,5,17,110,132,1.2045454545454546,0.04266541114118065,645,I'll bet you've never seen a fully-functioning windmill on any of those tiny houses on HGTV.
3232,5465,1,25,106,132,1.2045454545454546,0.036846921497327996,645,Just put an outhouse over it and you have an additional half bath.
1550,5476,5,18,114,137,1.2043795620437956,0.04162165526152972,645,Your new entrance will move you like no other.
2520,5476,4,20,113,137,1.2043795620437956,0.0403115365590776,645,"So, as you can see here, the exterior was damaged last summer by golf ball sized hail..."
3321,5476,2,24,111,137,1.2043795620437956,0.03755443470273916,645,It's the latest concept in air bed-n-breakfasts.
4620,5476,2,24,111,137,1.2043795620437956,0.03755443470273916,645,This one is nicer than the castle on the green on the 17th hole
5239,5480,3,23,116,142,1.204225352112676,0.03810873569310427,645,"It's a very safe community. The only dangers, to speak of, are when the miniature golf course is open. I then suggest you stay on the second floor."
4660,5480,5,19,118,142,1.204225352112676,0.04064549148258601,645,"Sure, i know you want to be green minded; 
but solar is so passe these days.  
One word: Windpower.  
Windpower is the future."
2956,5480,4,21,117,142,1.204225352112676,0.039397536179232404,645,"Luckily for you guys, none of these giants are real golfers"
1869,5480,5,19,118,142,1.204225352112676,0.04064549148258601,645,But how’s the reception
1455,5484,5,20,122,147,1.2040816326530612,0.039730214404797834,645,You just have to be careful going in or out when the wind is blowing.
5300,5485,3,26,128,157,1.2038216560509554,0.03585002137512824,645,And talk about close to the golf course.  This windmill is right on the green.
4912,5486,2,18,88,108,1.2037037037037037,0.043152147891456286,645,"As you see, the term ""miniature golf"" no longer applies."
5480,5486,4,14,90,108,1.2037037037037037,0.04699200358255153,645,"It’s a smart home, equipped with the latest hurrican warning technology."
6063,5486,1,20,87,108,1.2037037037037037,0.04109790263648383,645,Keeps away nosy neighbors.
2501,5489,3,17,93,113,1.2035398230088497,0.043834989753693564,645,"It really is perfect, you just have to make sure you don't fall into the hole when you run out the front door."
2878,5490,2,20,96,118,1.2033898305084745,0.04092109485035496,645,We are 100% off the Grid.
6770,5491,4,17,102,123,1.2032520325203253,0.04313354160628968,645,The title of your new home is written on a Titleist …….
6073,5491,1,23,99,123,1.2032520325203253,0.03821861257982965,645,Rent free if you kick the balls back
2647,5491,5,15,103,123,1.2032520325203253,0.04465179092518381,645,The architect was inspired by society's current problems.
821,5491,5,15,103,123,1.2032520325203253,0.04465179092518381,645,"We are going to have to raise the building to let it spin,"
173,5491,3,19,101,123,1.2032520325203253,0.04155986513665221,645,"It may not have a toilet, but you’ll be at the forefront of wind-energy technology!"
1016,5496,1,24,103,128,1.203125,0.03738396582213491,645,It even doubles as a fire pit in the winter.
1816,5496,3,20,105,128,1.203125,0.0405416315990925,645,"And, there's Central Air Conditioning at no Monthly cost"
2299,5496,3,20,105,128,1.203125,0.0405416315990925,645,It's completly safe in the off season but you'll want to winterize.
3526,5496,3,20,105,128,1.203125,0.0405416315990925,645,"We have asked, but the little mouse insists that the ""clip-clippety-clop""  just isn't the same without his clogs."
4736,5496,4,18,106,128,1.203125,0.04203159988365334,645,And what you'll save in energy!
5026,5496,5,16,107,128,1.203125,0.04347052892296711,645,Just wait until you step inside and see the stunning view of the ball washer.
5888,5496,3,20,105,128,1.203125,0.0405416315990925,645,Wind power is really taking off.  Get in on the ground floor now and generate electricity for yourselves and all your neighbours.
6094,5496,4,18,106,128,1.203125,0.04203159988365334,645,"You've heard of B&B, right? This is B&M, ""bed and mill."" Put in a hot tub and you'll have to beat the farmers off with a stick!"
6598,5496,2,22,104,128,1.203125,0.038994773965924504,645,Thanks for choosing our vacation family package: golf community.
7483,5496,4,18,106,128,1.203125,0.04203159988365334,645,"And you won't have to chase these anymore, Don!"
6685,5506,3,21,109,133,1.2030075187969924,0.03959149817518683,645,Wait til you see the clown's face.
6544,5506,6,15,112,133,1.2030075187969924,0.043694967987333036,645,Burglaries are down by 50%!”
6203,5506,3,21,109,133,1.2030075187969924,0.03959149817518683,645,It's an amusing little cottage that keeps you on the ball!
5259,5506,1,25,107,133,1.2030075187969924,0.03660115291422295,645,You May experience a few side effects.
1235,5506,4,19,110,133,1.2030075187969924,0.04100497401911831,645,"It’s a bit over budget, but think what you’ll save on utility bills !"
4012,5506,5,17,111,133,1.2030075187969924,0.04237132356749448,645,"Yes, the windmill works and there are two escape rooms."
1644,5506,3,21,109,133,1.2030075187969924,0.03959149817518683,645,The blades do cost extra.
258,5506,4,19,110,133,1.2030075187969924,0.04100497401911831,645,You realize all the bird-watchers will be up in arms over this size of Wind Farm?
4045,5506,4,19,110,133,1.2030075187969924,0.04100497401911831,645,"Yes, I know we advertised a house right on the golf course. What's the problem? It's not a white elephant."
6665,5515,4,20,114,138,1.2028985507246377,0.04004575333393034,645,It's something new called Maxiature Golf
466,5515,4,20,114,138,1.2028985507246377,0.04004575333393034,645,I guarantee it's the safest home close to the fairway.
1115,5515,2,24,112,138,1.2028985507246377,0.037310713132932764,645,"‘’You’’ll have the best of both worlds - downsizing and living in golf course community.”   Submitted  by Mark Sappir, Lower Gwynedd, PA."
3109,5515,4,20,114,138,1.2028985507246377,0.04004575333393034,645,"Since the giants don't play here any longer, you can install a normal door and fill in the hole."
4030,5515,1,26,111,138,1.2028985507246377,0.03586506366495124,645,The golfers really won't bother you that much.
5744,5515,3,22,113,138,1.2028985507246377,0.038702400924038254,645,"It’s old fashion, but it’s air-conditioning"
4787,5521,4,21,118,143,1.2027972027972027,0.03914711808136945,645,This our old model.  No oil  No solar. Just wind.
5956,5522,1,28,119,148,1.2027027027027026,0.0345158773021979,645,"Look at the bright side, the floor-to-ceiling air circulation is out of this world!"
2693,5522,5,20,123,148,1.2027027027027026,0.039484939399337046,645,"let's talk about the real  elephant in the room. no, that isn't a functioning hot tub"
1733,5524,6,19,128,153,1.2026143790849673,0.039735404886077685,645,"It's a new ""concept"" design for gated communities."
5693,5524,3,25,125,153,1.2026143790849673,0.03634424941368324,645,Do either one of you have life insurance? The next hole has a shark.
1971,5526,1,19,84,104,1.2019230769230769,0.04184819040754393,645,"Your kids'll love ""Gulliver's Estates""!!!"
7464,5526,1,19,84,104,1.2019230769230769,0.04184819040754393,645,"It does qualify for a discount on your 
homeowner’s insurance"
1654,5528,1,20,88,109,1.201834862385321,0.04076197558232867,645,"This is the Don Quixote penthouse, with exclusive rooftop terrace."
2615,5528,4,14,91,109,1.201834862385321,0.046596380216674414,645,Think of it as a reverse speed-bump.
4146,5528,1,20,88,109,1.201834862385321,0.04076197558232867,645,"Hurry, it’s almost closing time!"
6151,5531,3,17,94,114,1.2017543859649122,0.04348543980269309,645,"You should close on this property today - it’s a hole in one. 

I heard open floor plans are a must have for 2019."
6219,5531,1,21,92,114,1.2017543859649122,0.03975515921969982,645,When we said on the 18th hole this isn’t quite what we had in mind.
7231,5531,0,23,91,114,1.2017543859649122,0.03775205013583637,645,Great neighborhood. Only downside is the massive flying golf balls.
1947,5534,2,20,97,119,1.2016806722689075,0.04061174415599134,645,"Plus, you'll save a ton on energy costs!"
5164,5534,2,20,97,119,1.2016806722689075,0.04061174415599134,645,"...And in addition, the monthly electrical bill is quite reasonable."
5106,5534,2,20,97,119,1.2016806722689075,0.04061174415599134,645,I’m afraid your policy does not cover sprinkler related flooding.
492,5534,6,12,101,119,1.2016806722689075,0.04710661499811573,645,You can't beat the location--faces the ninth hole of hottest golf course in town.
266,5534,5,14,100,119,1.2016806722689075,0.045569763256829085,645,"Included are sixty wonderful neighbors, 600,000 visitors per year, and no fixer-upper expectations."
800,5534,3,18,98,119,1.2016806722689075,0.042328992625491904,645,"Obviously, the elephant in the room is the elephant on the back lawn."
6873,5540,4,17,103,124,1.2016129032258065,0.042815663640008654,645,"Best of all, it's next door to the clown's mouth. Location, location, location."
1221,5540,6,13,105,124,1.2016129032258065,0.04577599523830541,645,"The clown's head buyers had the same concern--not an issue."""
1915,5540,5,15,104,124,1.2016129032258065,0.04432055275485471,645,"It’s all about location, I can get you on the 18th Green."
2989,5540,4,17,103,124,1.2016129032258065,0.042815663640008654,645,You’re going to love you new home! Just think of the money you’ll save on those power bills!
3380,5540,1,23,100,124,1.2016129032258065,0.03794456512136961,645,The house helps you find your tempo for life.
5153,5540,3,19,102,124,1.2016129032258065,0.04125591726495557,645,"I'm not sure about the elephant, but I'm sure that you'll find the air conditioning very satisfactory. Made in Holland, you know."
5836,5540,4,17,103,124,1.2016129032258065,0.042815663640008654,645,....and the price is just cuckoo.
6353,5540,8,9,107,124,1.2016129032258065,0.04855617805367675,645,"Why yes, the yard IS big enough for an elephant."
6541,5548,3,20,106,129,1.2015503875968991,0.04025693425938176,645,"I know this one makes you angry Robert, but it's the only one in your price range."
6227,5548,1,24,104,129,1.2015503875968991,0.03712644197803879,645,best curb appeal you'll find for the price
7107,5548,3,20,106,129,1.2015503875968991,0.04025693425938176,645,"And if you decide to buy instead of rent, this property throws off a 5% cash flow from greens fees."
7092,5548,5,16,108,129,1.2015503875968991,0.0431609640529459,645,"Now I know an en suite was on your list, but consider the walkability here."
7268,5548,3,20,106,129,1.2015503875968991,0.04025693425938176,645,By the way...people might drop by during business hours
6225,5548,3,20,106,129,1.2015503875968991,0.04025693425938176,645,"If you buy here in MinGolf City, you have to be careful of the obstacles."
2671,5548,0,26,103,129,1.2015503875968991,0.0354577024487054,645,We were out of picket fences.
2036,5548,2,22,105,129,1.2015503875968991,0.03872333566412419,645,"Think of it as
“Savings for a windy day ..”"
1950,5548,5,16,108,129,1.2015503875968991,0.0431609640529459,645,The architect was inspired by the golf courses he used to play at as a kid...
671,5548,2,22,105,129,1.2015503875968991,0.03872333566412419,645,"This one is perfect for traveling salesman, but best be on your guard when the wind is strong."
4760,5548,3,20,106,129,1.2015503875968991,0.04025693425938176,645,It does bring a certain charm to the neighborhood.
5815,5559,3,21,110,134,1.2014925373134329,0.03932412201634623,645,You'll never need Roto Rooter. A couple of balls and the entire system is cleaned out.
5600,5559,4,19,111,134,1.2014925373134329,0.04072600426006134,645,"Whatever you do, mind the elephant."
4188,5559,1,25,108,134,1.2014925373134329,0.03635855980492614,645,...and this wind turbine will completely power your house cleanly and efficiently...
2839,5559,1,25,108,134,1.2014925373134329,0.03635855980492614,645,"In case of a fire, the Means of Egress is a little tricky."
1460,5559,2,23,109,134,1.2014925373134329,0.03787038053310844,645,With just a bit of remodeling I think we could achieve that post-modern look you’re after.
1175,5559,5,17,112,134,1.2014925373134329,0.042081210458167456,645,I'm sure the owners simply forgot to turn off the blades - I promise they are VERY motivated to sell.
1102,5559,5,17,112,134,1.2014925373134329,0.042081210458167456,645,The realtor ensured the newlywed couple that the freqency in which giant golfballs rolled freely through their new home would not be a problem.
1099,5559,2,23,109,134,1.2014925373134329,0.03787038053310844,645,"With all the hot air coming our way lately, this is your best choice in energy independence."
702,5559,5,17,112,134,1.2014925373134329,0.042081210458167456,645,Windy season is overrated
1416,5559,6,15,113,134,1.2014925373134329,0.043394113935632216,645,Be very quiet so the elephant doesn't hear you.
2995,5569,5,18,116,139,1.2014388489208634,0.04107290135151053,645,"This is how it works: be quiet, stay in the windmill. It'll be fine. Whatever you do, don't let the elephant see you. I'll deliver the briefcase to him. If I'm not back in five minutes, jump down into the hole without me. We'll rendezvous later."
3448,5569,3,22,114,139,1.2014388489208634,0.03845067484869792,645,What it lacks in energy efficiency it makes up for in charm.
2873,5569,5,18,116,139,1.2014388489208634,0.04107290135151053,645,"While we don't insure against golf balls, we've got your catastrophic clubbing covered."
4828,5569,3,22,114,139,1.2014388489208634,0.03845067484869792,645,Good question.  The sellers own a miniature golf course.
1655,5569,4,20,115,139,1.2014388489208634,0.03978339868432061,645,"It's only in a really high wind you'd find yourself unable to leave the house for several days, otherwise what's not to love!"
786,5569,3,22,114,139,1.2014388489208634,0.03845067484869792,645,"I believe this meets all your criteria: off the grid, a white picket fence, leaning Republican, Christian, multi-level, and a designer black hole in case of a scorched earth scenario."
2398,5569,3,22,114,139,1.2014388489208634,0.03845067484869792,645,"It was when Jack offered them a giant lifestyle at a killer discount, did the Petersons recognized their mistake and came to the realization that they were not interested in a timeshare."
6670,5576,4,21,119,144,1.2013888888888888,0.03889981392773224,645,"You two will have a ball in this place!

Tom Nairn, St. Louis MO"
5439,5577,3,24,122,149,1.2013422818791946,0.036859120381373706,645,"Hey, you’ll save a fortune on your power bills!"
5146,5578,4,24,131,159,1.20125786163522,0.03654956753748931,645,It does come with a P.O. Box in Boca!
3682,5579,5,16,109,130,1.2,0.04285572306476345,645,This green solution perfectly meets your housing needs.  And it’s great you’ll let Airbnb play through.
3686,5579,2,22,106,130,1.2,0.03845557496999762,645,"When the coal smoke blots out the sun, you'll be glad you chose this option."
3746,5579,3,21,111,135,1.2,0.03906027149530451,645,It has a new basement...
3873,5579,6,15,114,135,1.2,0.04309732901036361,645,It's purely decorative but also virtue signaling.
3980,5579,4,19,112,135,1.2,0.040450749421987744,645,The comps for the surrounding holes have scaled up too.
3987,5579,4,20,116,140,1.2,0.03952440800778525,645,It's like the boulder scene from Indiana Jones but with clogs.
4001,5579,2,26,122,150,1.2,0.03539486432495052,645,This large affordable house hits your target.  It features a continuous quiet breeze; a weed-less enclosed yard in which your kids can play; and pristine sand that is strategically situated on the golf.
4017,5579,5,16,109,130,1.2,0.04285572306476345,645,"It's the new Xbox"""
5121,5579,3,22,115,140,1.2,0.03820214529901523,645,At least you get the choice! The next poor couple is gonna be stuck living next door to the clown.
4944,5579,2,20,98,120,1.2,0.040306945554630866,645,"Here at Mini Haven Golf and Retirement Village all our models are replicas of traditional obstacles modified for your comfort and enjoyment."""
5450,5579,5,16,109,130,1.2,0.04285572306476345,645,And this is the Bedminster Miniature Golf Time-Share Condo top of the line -- The Melania.
5794,5579,3,19,103,125,1.2,0.04095631031768743,645,"Sure the locations not perfect, just roll with it."
7425,5579,2,24,114,140,1.2,0.03683244469931725,645,We need to act fast as this is the last remaining house for sale in the Putt-Putt subdivision.
7281,5579,5,20,125,150,1.2,0.03900324084509622,645,It’s really a very nice house. You just have to remember to close the door.
7330,5579,3,21,111,135,1.2,0.03906027149530451,645,It's the romance of the links outside your front door.
3496,5579,4,17,104,125,1.2,0.04250237185032414,645,The sellers say you could apply for a zoning variance to add a back door.
4282,5579,3,20,107,130,1.2,0.03997614076733735,645,"I think it's the best one we've seen so far, we're just worried it would get drafty."
3370,5579,0,25,100,125,1.2,0.03592106040535498,645,It's environment friendly!
6347,5579,2,24,114,140,1.2,0.03683244469931725,645,"Once you get into the rhythm, count to ten an run"
3226,5579,6,15,114,135,1.2,0.04309732901036361,645,Think of it. You'll never need to grate cheese again.
3292,5579,2,20,98,120,1.2,0.040306945554630866,645,It's got great club appeal.
429,5579,3,19,103,125,1.2,0.04095631031768743,645,The greenery around here is unreal!
759,5579,4,20,116,140,1.2,0.03952440800778525,645,And Bob- I hear that you're big into golf.
823,5579,2,22,106,130,1.2,0.03845557496999762,645,I'm afraid Don Quixote doesn't come with it.
1297,5579,4,20,116,140,1.2,0.03952440800778525,645,It's the Dutch way to get you to the church on time.
1495,5579,2,18,90,110,1.2,0.04244409559694416,645,The kitchen is great but the location has some downsides
1538,5579,6,16,118,140,1.2,0.042044365546449795,645,"The sellers have removed the elephant from the room."""
1578,5579,2,16,82,100,1.2,0.044946657497549475,645,Included in the deed is 15% of the revenue from Shaquille O'Neal's miniature golf business.
312,5579,3,22,115,140,1.2,0.03820214529901523,645,"The windmill will not hurt you, I promise."
2331,5579,3,26,131,160,1.2,0.03524398338411641,645,"On the plus side, it is a Zero Net Energy House."
2494,5579,2,23,110,135,1.2,0.0376184328457919,645,All the advantages of living on a golf course AND free cuts whenever you want to play this hole.
2676,5579,2,19,94,115,1.2,0.04133544936883189,645,Welcome to Mar-a-Largo Estates!
2700,5579,4,19,112,135,1.2,0.040450749421987744,645,What elephant?  He isn't actually in the room...
2809,5579,2,19,94,115,1.2,0.04133544936883189,645,This house has a special anti-theft feature: Decapitation of  any intruder.
3103,5579,2,23,110,135,1.2,0.0376184328457919,645,The hole? Imagine it as your future koi pond or wine cave...
3140,5579,4,20,116,140,1.2,0.03952440800778525,645,"If you tilt, you can get through the door just fine!"
3162,5579,2,26,122,150,1.2,0.03539486432495052,645,It's not so bad if you don't mind the giant golf balls.
1803,5579,4,18,108,130,1.2,0.04144095094259825,645,You should see the look on their faces when you send them back!
7358,5617,2,27,127,156,1.1987179487179487,0.03453564322563603,645,It's a steal but you might want to consider large brightly colored rolling golf ball insurance.
4404,5618,4,22,125,151,1.1986754966887416,0.037610608091738745,645,"You have to be a little bit alert, no one yells ""fore!"" at this kind of course. But they close at 9:00 so no golf balls will come through after that."
6074,5619,5,19,122,146,1.1986301369863013,0.03962490999463604,645,And the elephant can't fit through the door.
5849,5619,3,23,120,146,1.1986301369863013,0.03716432253524724,645,Helps if you played a lot of mini-golf!
3500,5619,4,21,121,146,1.1986301369863013,0.038414322599695114,645,"Well, I'm sorry, but I thought this met your criteria for a tiny home."
1767,5619,2,25,119,146,1.1986301369863013,0.035870789762902144,645,"The location is beautiful, but I just don't know about the traffic."
4359,5619,5,19,122,146,1.1986301369863013,0.03962490999463604,645,Don Q has left the room
342,5624,2,24,115,141,1.198581560283688,0.0365977866744137,645,It will take a real stroke of luck to sell it.
6570,5624,4,20,117,141,1.198581560283688,0.03926871827107844,645,This house is a real hole in one.
7163,5624,3,22,116,141,1.198581560283688,0.037956753181214165,645,I think you'll appreciate this next property's open concept design.
762,5627,3,21,112,136,1.1985294117647058,0.03879987891236252,645,I say we stay just here:  elephants are afraid of windmills and golf.
4166,5627,7,13,116,136,1.1985294117647058,0.04405860246431504,645,This is the kind of of wall Jesus would build.
4291,5627,3,21,112,136,1.1985294117647058,0.03879987891236252,645,"One last thing: you may want to consider adding a Golf Ball rider to your homeowner's insurance policy."""
6450,5627,5,17,114,136,1.1985294117647058,0.041512594804002205,645,"When the course sprinklers flow, you'll feel just like you're living in the Netherlands."
4961,5631,1,24,106,131,1.1984732824427482,0.03662164284132333,645,You'll save enough on air conditioning bills to furnish the entire house!
4390,5631,2,22,107,131,1.1984732824427482,0.038191419671095614,645,"It's just a one bedroom, one bath, but I think you'll find it plays long."
4221,5631,2,22,107,131,1.1984732824427482,0.038191419671095614,645,The trick is to put your deposit down when the blade is IN FRONT of the door.
4318,5631,2,22,107,131,1.1984732824427482,0.038191419671095614,645,you should be able to avoid your in-laws handicapped 15 or above
2834,5631,6,14,111,131,1.1984732824427482,0.04391291136874156,645,What is the fee to tilt?
3063,5631,2,22,107,131,1.1984732824427482,0.038191419671095614,645,And it comes with an in-built air-conditioning system!
1470,5631,6,14,111,131,1.1984732824427482,0.04391291136874156,645,We can’t find the ball. That’s why it’s up for sale.
140,5638,4,17,105,126,1.1984126984126984,0.04219356946392219,645,Can you believe not one person has bogied this hole ever?
885,5638,4,17,105,126,1.1984126984126984,0.04219356946392219,645,"When life itself seems lunatic, who knows where madness lies?"
3729,5638,4,17,105,126,1.1984126984126984,0.04219356946392219,645,And in the summertime kids love the built in ferris wheel
5597,5638,4,17,105,126,1.1984126984126984,0.04219356946392219,645,Trust me-you're gonna want an exercise ball.
6472,5638,4,17,105,126,1.1984126984126984,0.04219356946392219,645,The Dutch praise real-estate like this.
7283,5638,1,23,102,126,1.1984126984126984,0.037407819010929336,645,It’s one of the more modern houses in the neighborhood.
6810,5638,2,21,103,126,1.1984126984126984,0.0390682614168915,645,"Yes'm, your policy covers all chivalric medieval knight attacks."
7310,5645,2,20,99,121,1.1983471074380165,0.04000660191858525,645,...and you can pay off the mortgage with the water it pumps.
109,5645,1,22,98,121,1.1983471074380165,0.03824640048736865,645,"You’ll need to act fast. This is a short sale, and the owner has retained stomping rights."
2393,5645,3,18,100,121,1.1983471074380165,0.04169255621695682,645,Your chances of being struck are vanishingly small.
4058,5645,5,14,102,121,1.1983471074380165,0.044874840808274925,645,Actually the Property Brothers Renovated this home
5865,5645,4,16,101,121,1.1983471074380165,0.04331293445076264,645,Because the blades swing in front of the door and because there are elephants in the neighborhood makes this a very affordable area.
7052,5645,4,16,101,121,1.1983471074380165,0.04331293445076264,645,Mr. Quixote is waiting for the government shutdown to end before he can continue to defend the helpless and destroy the wicked.
5220,5651,5,13,98,116,1.1982758620689655,0.046172591261906815,645,Lilliputian Development Inc. is pleased to introduce this new Live-on-the-greens opportunity.
4738,5651,4,15,97,116,1.1982758620689655,0.044519469295554885,645,I can reduce the price if you're not into grinding your own flour.
3083,5651,3,17,96,116,1.1982758620689655,0.04280254792505459,645,"When the wind kicks in, I can show you inside of this property.  Solar energy is the thing of the past, and we stepped onto the next level."
4418,5651,1,21,94,116,1.1982758620689655,0.0391434290004603,645,It's close to good schools. The commute is ideal and it's got an innovative security system.
1776,5655,2,18,91,111,1.1981981981981982,0.042098554117389164,645,I know it's a bit under par but......
1533,5656,5,11,90,106,1.1981132075471699,0.0491066853351966,645,I’m not sure you two will be able to manage the constant ball jams at Windmill Hole Estates.
1202,5657,4,24,134,162,1.1975308641975309,0.035934303230654274,645,Wind power is the coming thing - say goodbye to your electric bill!
4092,5657,2,28,132,162,1.1975308641975309,0.0337329464540167,645,Try and keep an open mind. You'll find it wonderfully breezy.
5075,5659,5,21,131,157,1.197452229299363,0.037737208221581046,645,This view’s gonna kick the crap out of Linda’s beachfront.
5904,5660,4,21,122,147,1.1972789115646258,0.03817602626873484,645,I'll even throw in bogey insurance for free
5389,5661,1,26,115,142,1.1971830985915493,0.03496568036358242,645,You'll never have to flush.
6954,5662,5,17,115,137,1.197080291970803,0.04123394083275054,645,The steep hazard insurance is compensated by its wind-powered energy efficiency.
4541,5662,2,23,112,137,1.197080291970803,0.03712426774673741,645,These new “upscaled” courses are quite the challenge!
899,5662,6,15,116,137,1.197080291970803,0.042515645162158215,645,On the plus side you get to use the express lane on the bean vine.
1245,5662,5,17,115,137,1.197080291970803,0.04123394083275054,645,"It's really a great place to live.  Just make sure you're mindful of the hole, and watch out for the ball when they miss."
3224,5662,3,21,113,137,1.197080291970803,0.03854287823563807,645,"Dammit, Scott, it's meant to generate conversation WHICH CLEARLY IT HAS"
962,5667,0,26,106,132,1.196969696969697,0.034748017181649424,645,It's cheaper than Ring.
3219,5667,2,22,108,132,1.196969696969697,0.03793079935967694,645,You won't be featured in House Beautiful but will be in Eco Ultimate Design!_
4196,5667,5,16,111,132,1.196969696969697,0.04225786084358585,645,"I know it’s a little out of your price range, but it’s got everything you else you are looking for."
5590,5670,2,21,104,127,1.1968503937007875,0.0387908902733167,645,Now the downside is that this is the 18th house on the block so any lost balls will not be returned.
6357,5670,2,21,104,127,1.1968503937007875,0.0387908902733167,645,We prefer to call our community: a mini-golf life style rather than a resort.
5230,5670,2,21,104,127,1.1968503937007875,0.0387908902733167,645,You don't just SAVE money; the power company PAYS you for the electricity you send back to the grid!
4170,5670,2,21,104,127,1.1968503937007875,0.0387908902733167,645,Go Dutch for the financing.
4044,5670,5,15,107,127,1.1968503937007875,0.04335534914004428,645,It was built in the 90s for “The Quick and the Dead.”
2518,5670,5,15,107,127,1.1968503937007875,0.04335534914004428,645,The previous owner was a giant who loved mini-putt
2442,5670,3,19,105,127,1.1968503937007875,0.04036976028104919,645,It’s okay that will only be a concern on blustery days
2326,5670,4,17,106,127,1.1968503937007875,0.0418891623466292,645,Yes this is our Holland -One model .
2048,5678,5,14,103,122,1.1967213114754098,0.04453517972424422,645,Next summer they are looking at adding solar to the community
2674,5678,3,18,101,122,1.1967213114754098,0.04138135134698903,645,You'll both love the circulation of the air in this classic hole.
3492,5678,2,20,100,122,1.1967213114754098,0.03971061876147311,645,Who told you about the golf balls?
6169,5678,2,20,100,122,1.1967213114754098,0.03971061876147311,645,You just have to set up a simple timed schedule to go in and out - easy!
6172,5678,2,20,100,122,1.1967213114754098,0.03971061876147311,645,"Even greener than solar, and you'll get used to the timing of when to head into and out of the house."
6413,5678,3,18,101,122,1.1967213114754098,0.04138135134698903,645,Renewable energy might be dangerous.
6972,5678,5,14,103,122,1.1967213114754098,0.04453517972424422,645,Now this one will surely 'putt' a smile on your face!
7322,5678,2,20,100,122,1.1967213114754098,0.03971061876147311,645,It comes with wooden shoes
7469,5678,2,20,100,122,1.1967213114754098,0.03971061876147311,645,"fully air conditioned,24/7 security,and totally eco-friendly. a dream come true,yes?"
7347,5687,4,15,98,117,1.1965811965811965,0.04416984246846932,645,The mortgage may not miniature
7241,5687,1,21,95,117,1.1965811965811965,0.03884441188518877,645,I wonder why the last owners didn't't like it.
6510,5687,2,19,96,117,1.1965811965811965,0.04069705826019773,645,Sorry folks the seller won’t go Dutch
4343,5687,3,17,97,117,1.1965811965811965,0.042468962400341995,645,"You know the old saying?
In choosing this particular hole for you,
we took in to account your Dutch DNA."
2204,5687,2,19,96,117,1.1965811965811965,0.04069705826019773,645,But think how great it will be for your handicap.
413,5687,2,19,96,117,1.1965811965811965,0.04069705826019773,645,Bob was. great sails-man.
3438,5693,2,18,92,112,1.1964285714285714,0.041758494142599856,645,This high-concept model home harks back to the miniature golf icon
6863,5694,4,21,123,148,1.195945945945946,0.037940625496203764,645,"Thanks to wind power, you'll be surprised at how low your energy bills are."
704,5695,2,24,117,143,1.1958041958041958,0.03613715468133382,645,The price does include utilities and water features
1107,5695,3,22,118,143,1.1958041958041958,0.03747515183027524,645,So..what's your opinion on white balls? Your wife refused to answer.
2178,5695,6,16,121,143,1.1958041958041958,0.04122943333858455,645,"It’s completely wind powered, located in a beautiful neighborhood with rich green expanses and a complete steal at the price. Fully worth any inconvenience caused by the occasional high speed projectile."
4742,5695,1,26,116,143,1.1958041958041958,0.03474767463044271,645,Look at it this way - it's a breeze bigger than 500 sq. feet.
7147,5695,5,18,120,143,1.1958041958041958,0.04001716028382389,645,"Buy one windmill, get one free elephant in your backyard. And don't get me wrong, nothing political."
701,5700,2,23,113,138,1.1956521739130435,0.036881929189622444,645,Look at if this way..... it keeps the children from running around!
2213,5700,6,15,117,138,1.1956521739130435,0.04223059071261384,645,Golf is a lot like taxes. You go for the green and wind up in the hole.
2374,5700,3,21,114,138,1.1956521739130435,0.038289205052407654,645,"With a price like this, it really is a hole in one."
7118,5703,3,20,110,133,1.1954887218045114,0.03915641355866945,645,"It’s a great investment property with highly advanced renewable energy technology and the housing market is rock solid right now”
circa 200"
5062,5703,2,22,109,133,1.1954887218045114,0.03767364538009041,645,"It's got 2 bedrooms, 2 baths, and it's environmentally friendly..."
1570,5703,5,16,112,133,1.1954887218045114,0.04196506947311113,645,"You miss 100% of the shots you don’t take, even the miniature ones."
3736,5703,7,12,114,133,1.1954887218045114,0.04459719037101479,645,And it generates enough electricity to power you Tesla.
3835,5703,4,18,111,133,1.1954887218045114,0.04058504514387409,645,"A great place to sunbathe, it's never windy here."
442,5708,4,17,107,128,1.1953125,0.041589058917031664,645,"No remember before we go in or out, you will need to run like hell!"
543,5708,3,19,106,128,1.1953125,0.0400826436945137,645,Now this unit is slightly above your stated par
1808,5708,3,19,106,128,1.1953125,0.0400826436945137,645,"Isn’t it beautiful? So quaint! And the black hole is perfect for when the depression gets really bad...sorry, going  through a rough time right now. So anyways what are we thinkin guys?"
2694,5708,1,23,104,128,1.1953125,0.03688570635646489,645,Do you want to take another look at the clown's nose before you putt in a lowball offer on this hole?
3698,5708,6,13,109,128,1.1953125,0.04444899114412289,645,But you must consider that you will save a bundle on power with all the hot air coming out of Washington.
6250,5708,3,19,106,128,1.1953125,0.0400826436945137,645,It could really be something with the right touch.
6436,5708,4,17,107,128,1.1953125,0.041589058917031664,645,"It can be removed, although depending on speed can create quite a breeze."
7145,5708,6,13,109,128,1.1953125,0.04444899114412289,645,"Let me show you the Hubbard place, it's in the neighborhood."
278,5716,5,14,104,123,1.1951219512195121,0.044200566384244126,645,"To be long winded about it, it does beat fossil fuels."
1576,5716,4,16,103,123,1.1951219512195121,0.042666263573966356,645,Are you golfers? Because this is the perfect house for golfers.
4682,5716,6,12,105,123,1.1951219512195121,0.04568336776128458,645,You just need to run through the front door when it is not covered by the windmill wings
7073,5719,3,17,98,118,1.194915254237288,0.042140460644533834,645,You'll never find another gated community as secure as this one.
6980,5719,2,19,97,118,1.194915254237288,0.04038506991066491,645,Good neighbourhood. Top of the line security system. It’s just the sink holes that turn people off
6633,5719,2,19,97,118,1.194915254237288,0.04038506991066491,645,"So, is it gonna be windmill one, two, or three?"
802,5719,1,21,96,118,1.194915254237288,0.038549829053383354,645,"I can personally assure you, Mr. Schwackling, that with this world-class facility here you won't just be tilting at your enemies--you'll be crushing them."
2895,5719,3,17,98,118,1.194915254237288,0.042140460644533834,645,It’s a real fixed par upper.
902,5719,4,15,99,118,1.194915254237288,0.043825597257512845,645,The police believe your daughter may have eloped.
3221,5719,2,19,97,118,1.194915254237288,0.04038506991066491,645,Miniature golfing is optional.
7353,5726,1,28,125,154,1.1948051948051948,0.033317951732381355,645,We can insure your new home but the windmill does not qualify as a security system.
1122,5727,4,14,95,113,1.1946902654867257,0.045077554815128755,645,The flour garden is beautiful.
633,5727,2,18,93,113,1.1946902654867257,0.04142378932836539,645,"You've heard of the Pennsylvania Dutch, well this owner is Dutch...Dutch."
649,5727,5,12,96,113,1.1946902654867257,0.046797582854309974,645,The home is totally energy efficient
753,5727,2,18,93,113,1.1946902654867257,0.04142378932836539,645,And of course you will need to get an insurance rider to cover the occasional  giant golf ball.
930,5727,2,18,93,113,1.1946902654867257,0.04142378932836539,645,"Disclosures? Well, the visitors don't say ""fore"", but you'll always hear those pretty colored balls coming."
5559,5727,1,20,92,113,1.1946902654867257,0.03947027374399282,645,Yes.  Quick beats Ambivalence.
3430,5733,4,21,124,149,1.1946308724832215,0.03770806881243978,645,"No, I'm afraid the little man at the top of the tower was a fictional construct on the part of Mr. Hitchcock. But if that's a dealbreaker ..."
1094,5734,2,17,89,108,1.1944444444444444,0.04254440665282414,645,It's conveniently located to the T.
1942,5734,2,24,118,144,1.1944444444444444,0.03591107706922925,645,"CHARM, you got to listen to me, look at the architecture! This is a very active neighborhood! Golf, Did I Say 'Golf!?"
2712,5734,4,13,91,108,1.1944444444444444,0.046434546089062695,645,Actually there is a pretty long waitlist for a 3-putt.
3387,5734,4,20,120,144,1.1944444444444444,0.03852084696008535,645,And there's even a 15% chance that even those who make it past the Pit will be decapitated!
5319,5734,3,15,90,108,1.1944444444444444,0.04453197507374984,645,"They're very predictable, actually, but you do have to watch out for this loony Spanish guy."
5752,5734,1,19,88,108,1.1944444444444444,0.04045931624376092,645,Trust me... this view of the 18th hole makes it very easy to forget about the maniacal laughing clown upstairs.
5858,5734,1,26,117,144,1.1944444444444444,0.03453230891711449,645,"New house, new black hole, new elephant pet. Congratulations! and... Do you play golf casually?"
6781,5734,3,22,119,144,1.1944444444444444,0.03723883125713291,645,"Quixote says it's giant, Trump says it's huge."
6837,5734,4,20,120,144,1.1944444444444444,0.03852084696008535,645,"It's nice, but we were hoping for a pop up feature."
6985,5743,3,21,115,139,1.1942446043165467,0.038038796522013495,645,Apparently he had a Napoleon complex.
6860,5743,4,19,116,139,1.1942446043165467,0.03938545994905301,645,"Sorry, Wind Insurance is not included in your Homeowner's Policy."
6193,5743,3,21,115,139,1.1942446043165467,0.038038796522013495,645,It was previously owned by Harrison Ford.
6187,5743,2,23,114,139,1.1942446043165467,0.03664267493357757,645,An easy walk to church on Sunday; pet friendly too.
5615,5743,4,19,116,139,1.1942446043165467,0.03938545994905301,645,"Although unique the power supply is free, & the rent is low because it offsets the Republican cloud statue."
4838,5743,2,23,114,139,1.1942446043165467,0.03664267493357757,645,Our new patented front door still needs some adjustment.
4574,5743,5,17,117,139,1.1942446043165467,0.04068757635880725,645,"This home comes with cathedral ceilings, an open floor plan, wind power to keep your electricity costs down, and is within walking distance to the church, the elephant, and a pretty decent snack bar if you ask me!  It's also a steal at $227k!"
3940,5743,2,23,114,139,1.1942446043165467,0.03664267493357757,645,"Yeah, but the amenities."
3888,5743,5,17,117,139,1.1942446043165467,0.04068757635880725,645,"Sure, it's just a starter home, but it used to be a non-starter."
690,5743,5,17,117,139,1.1942446043165467,0.04068757635880725,645,We'll throw in solar panels for free.
665,5753,2,22,110,134,1.1940298507462686,0.03741989077779156,645,And if the wind stops you have a pool!
2104,5753,4,18,112,134,1.1940298507462686,0.040307442576898195,645,"So environmentally favorable, even solar cellar are not needed."
3047,5753,4,18,112,134,1.1940298507462686,0.040307442576898195,645,These are examples of our newer fencing.
6031,5753,7,12,115,134,1.1940298507462686,0.0442871593014509,645,"As you can see, there's only a hole in one spot on the property."
5903,5757,3,26,136,165,1.1939393939393939,0.03427743175816525,645,"I understand, you have to go over all your options. But if you ask me, I think this place is a real hole in one."
7149,5758,3,19,107,129,1.193798449612403,0.039799520887428,645,what's security like?
3861,5758,3,19,107,129,1.193798449612403,0.039799520887428,645,"Gulliver only plays once a week, so go out on Wednesday’s."
3635,5758,3,19,107,129,1.193798449612403,0.039799520887428,645,With the slightest breeze you'l generate you own power.
4796,5758,4,17,108,129,1.193798449612403,0.041293170063299446,645,"As you can see, the previous owners were really big on minature golf!"
122,5758,2,21,106,129,1.193798449612403,0.03824758596122199,645,Actually it's a time-share - from sunset to sunrise.
54,5758,3,19,107,129,1.193798449612403,0.039799520887428,645,"Barbie’s Dream House isn’t on the market, but this community hosts lots of fellow golfers."
2453,5758,6,13,110,129,1.193798449612403,0.044129060219905814,645,"You don't qualify for this property, but you do qualify for our Lucky Wheel."
6422,5765,4,23,133,160,1.19375,0.036012832924113676,645,"Whatever you do, don't acknowledge the elephant."
6520,5766,1,22,101,124,1.1935483870967742,0.03741836004356966,645,"Now before you say no, it's in a really great schooling district."
5719,5766,1,22,101,124,1.1935483870967742,0.03741836004356966,645,It's the epitome of today's upscale vacation lifestyle.
5564,5766,1,22,101,124,1.1935483870967742,0.03741836004356966,645,Have I got an insurance plan for you.
4231,5766,2,20,102,124,1.1935483870967742,0.0391313686434772,645,Let me tell you about the elephant in the churchyard.
1684,5766,5,14,105,124,1.1935483870967742,0.043870890606371456,645,Do we have to worry about old guys on horses?
1301,5766,2,20,102,124,1.1935483870967742,0.0391313686434772,645,Now your commute may be a bit more challenging!
1010,5766,2,20,102,124,1.1935483870967742,0.0391313686434772,645,"Now this is considered a ""premium lot""...the windmill house is behind the hole."
779,5766,1,22,101,124,1.1935483870967742,0.03741836004356966,645,No electric bills!
1376,5766,5,14,105,124,1.1935483870967742,0.043870890606371456,645,"just watch out for blades, balls, and holes"
6395,5775,2,25,123,150,1.1933333333333334,0.03500932016100456,645,"Remember, the house is miniature.  The golf balls passing through are regulation size."
5246,5776,3,17,99,119,1.1932773109243697,0.04181692951237239,645,It's an outsize metaphor for home ownership. That hole is your mortgage...
4596,5776,1,21,97,119,1.1932773109243697,0.03825958556033009,645,"So what do you think of the new lay of the land?""
'Well, we'd prefer if you made America small again."
3574,5776,3,17,99,119,1.1932773109243697,0.04181692951237239,645,"I should warn you, its in “fore!”-closure

Ryan Howie, Maple
Glen, PA"
1519,5776,2,19,98,119,1.1932773109243697,0.0400777462009214,645,"Welcome to reverse mini golf, please sign the liability forms here"
2171,5776,5,13,101,119,1.1932773109243697,0.04509451519239588,645,"Think of the amusement park possibilities:  goofy golf, tilt-a-whirl, the whole 9 yards.  And an adjustable white picket fence for the homey look."
1034,5776,3,17,99,119,1.1932773109243697,0.04181692951237239,645,"Sure I can show you some others, but the blades won't be as fashionable."
3479,5776,3,17,99,119,1.1932773109243697,0.04181692951237239,645,"No, there’s no meter. We’re still negotiating with ConEdison"
1544,5783,4,20,121,145,1.193103448275862,0.038277760472061405,645,"Best of all, fan speeds are self-adjusting!"
1546,5783,6,16,123,145,1.193103448275862,0.04070329013707074,645,There are no regulations about this becoming an air bnb site.
5766,5783,5,18,122,145,1.193103448275862,0.03950914308574072,645,"Not much to it. Curl up in a ball and wear a helmet. Oh, and if some kid pulls out a 3-wood, scramble up the inside of the windmill and hold on for dear life."
5842,5783,3,22,120,145,1.193103448275862,0.0370054253609316,645,"this house can be noisy in the wind, but it is very ecologically correct."
2922,5787,3,16,95,114,1.1929824561403508,0.04294180119029562,645,"If you like this, you’re gonna love the full-sized golf course."
3323,5787,1,20,93,114,1.1929824561403508,0.039159768886152954,645,The neighborhood is great. A couple potholes but nothing some concrete can’t fill.”
4606,5787,3,16,95,114,1.1929824561403508,0.04294180119029562,645,The neighborhood doesn't seem very safe.
6624,5787,3,16,95,114,1.1929824561403508,0.04294180119029562,645,The best combo of modern and traditional—solar panels on a rotating windmill design.
7252,5791,2,23,115,140,1.1928571428571428,0.03640644795028049,645,This home only requires one bank.
5557,5791,6,15,119,140,1.1928571428571428,0.041671682759779616,645,"It can be a hassel getting in and out, but at least you don't need to install an alarm system."
2395,5791,2,23,115,140,1.1928571428571428,0.03640644795028049,645,There’s no beach but it’s still a nice bunker.
2569,5791,3,21,116,140,1.1928571428571428,0.037791591330285236,645,The rental application is a breeze
287,5791,2,23,115,140,1.1928571428571428,0.03640644795028049,645,Diversity is one of the greatest strength of this neighborhood.
1568,5796,2,17,90,109,1.1926605504587156,0.042190014447655216,645,Sale before the wind.
394,5797,3,20,112,135,1.1925925925925926,0.0386280705986641,645,"So, you don't think this giant wind mill will be a nuisance?"
954,5797,1,24,110,135,1.1925925925925926,0.035651244005620496,645,Last owner was my Dutch uncle … what do say we give it a whirl.
3960,5797,4,18,113,135,1.1925925925925926,0.04003356289026648,645,"In considering the nostalgic feeling you're looking for, this place is definitely up to par."
5095,5797,2,22,111,135,1.1925925925925926,0.03716947024994888,645,"Funny you should refer to the house as a ""white elephant..."""
5874,5797,7,12,116,135,1.1925925925925926,0.04398137237774137,645,It's a great place to spend menopause
6336,5802,2,21,107,130,1.1923076923076923,0.03798150044962351,645,And try not to call attention to yourselves.
6141,5802,2,21,107,130,1.1923076923076923,0.03798150044962351,645,"Yes, it is very energy efficient. 
Just don't keep your breakables on the ground floor."
5906,5802,5,15,110,130,1.1923076923076923,0.04243083936873441,645,"You might think this Windmill House is a bit of a white elephant, but I can assure you, that's definitely somewhere else."
5073,5802,3,24,129,156,1.1923076923076923,0.0353587131433222,645,Is it a bit drafty in here or is it just me?
3337,5802,1,28,127,156,1.1923076923076923,0.03293649379144905,645,"There IS the pride of living in a home on the National Register, but no, the ""whirly things,"" as you call them, have to stay!"
2456,5802,0,25,105,130,1.1923076923076923,0.034699758034473734,645,"It’s a rave amongst millennials in the City, first month rent free."
535,5802,2,21,107,130,1.1923076923076923,0.03798150044962351,645,This property is golf course adjacent
2126,5809,2,25,124,151,1.1920529801324504,0.03480025854117183,645,Poles and ladders
2464,5809,4,21,126,151,1.1920529801324504,0.03725128770973571,645,Giant bowling is totally going to replace mini golf.
7188,5811,2,20,103,125,1.192,0.03884792517397268,645,People mostly stay on the second floor.
6744,5811,3,18,104,125,1.192,0.040474603745893505,645,You can't beat the greenery.
6565,5811,3,18,104,125,1.192,0.040474603745893505,645,Just one little thing.  You may have to occasionally dodge a giant golf ball as it rolls through the place.
5866,5811,1,22,102,125,1.192,0.03715008791723196,645,Be very careful when you go in or out. It's not a good choice for the inattentive.
5275,5811,2,20,103,125,1.192,0.03884792517397268,645,"As you can see, this is a prime example of one of our tiny houses."
4494,5811,1,22,102,125,1.192,0.03715008791723196,645,I don’t hear it squeaking.
6673,5811,0,24,101,125,1.192,0.03537084638785942,645,"I promise you, the security system is on-par."
2888,5811,2,20,103,125,1.192,0.03884792517397268,645,"No, there’s no upkeep."
2858,5811,6,12,107,125,1.192,0.045003225690839595,645,"I LOVE this place, but sleep walking blows me away!"
1701,5811,3,18,104,125,1.192,0.040474603745893505,645,We recommend the mini-golf package for low budget world travelers
1624,5811,3,18,104,125,1.192,0.040474603745893505,645,"And if you get tired of being knocked down by the windmill, just pick yourself up and throw yourself down that hole out front."
3586,5811,1,22,102,125,1.192,0.03715008791723196,645,Think what it would be like to live ON the fifteenth hole!
1393,5811,3,18,104,125,1.192,0.040474603745893505,645,"Yeah, but if your cable ever goes out you'll still be able to get local channels."
681,5811,3,18,104,125,1.192,0.040474603745893505,645,If this is too much house I do have something miniature that I can show you.
4497,5825,5,18,123,146,1.1917808219178083,0.03925988467206608,645,"If you want the hole in one million, you may take the windmill, but not the course"
904,5825,4,20,122,146,1.1917808219178083,0.03803768175341878,645,Be careful. You might have to dodge obstacles when I show you this next property.
5772,5827,1,21,98,120,1.1916666666666667,0.03797358903306728,645,Just sign our hold harmless agreement and it's yours.
7141,5827,1,21,98,120,1.1916666666666667,0.03797358903306728,645,....and we call this our Lilliputt model.
135,5829,1,25,115,141,1.1914893617021276,0.03474453535862664,645,The apartment even includes a river and dryer.
2685,5829,4,19,118,141,1.1914893617021276,0.038873308388507555,645,Don't you know the difference between a fence and a windmill?
3542,5829,4,19,118,141,1.1914893617021276,0.038873308388507555,645,"Whatever else you can say about it, it's certainly Dutch uber alles."
4610,5832,2,18,95,115,1.191304347826087,0.04076995830529592,645,"Once you get used to it, it makes elevators seem prehistoric and timid."
4399,5832,3,16,96,115,1.191304347826087,0.0425998216136205,645,There is also a shortcut to the roof as you can see
4178,5832,3,16,96,115,1.191304347826087,0.0425998216136205,645,It slices! It dices! It's the new improved Golfamatic!
3678,5832,3,16,96,115,1.191304347826087,0.0425998216136205,645,This historic little gem is the real deal. We just moved it over from Bob's minigolf yesterday!
2961,5832,3,16,96,115,1.191304347826087,0.0425998216136205,645,"Now I understand what they meant 
when they told me you were 
a 'Big miniature golf ' fan..."
1689,5832,2,18,95,115,1.191304347826087,0.04076995830529592,645,"It not only keeps the wolf away from the door, but keeps elephants away, too."
979,5838,4,18,114,136,1.1911764705882353,0.03976333292288872,645,"with the increasing cost of housing, i thought we'd look at mini-golf course facing homes instead"
5110,5838,1,24,111,136,1.1911764705882353,0.035416454643506755,645,"Finally, ownership of this property entails a wealth of rollover possibilities."
5194,5838,4,18,114,136,1.1911764705882353,0.03976333292288872,645,"... and Blunderbore’s handicap is 18, which means your rate would be about 3.4%"
6032,5838,4,18,114,136,1.1911764705882353,0.03976333292288872,645,"Eco-friendly, wildlife friendly & ideal for slutty masquerade parties"
7263,5838,2,22,112,136,1.1911764705882353,0.03692232009759421,645,"I know, but house #1 had better closet space."
2055,5838,3,20,113,136,1.1911764705882353,0.03836913060342712,645,The second bathroom is a portopotty near the hole with the clowns mouth
967,5844,4,17,110,131,1.1908396946564885,0.04071369150638141,645,You can putt no money down.
3260,5844,3,19,109,131,1.1908396946564885,0.03924493424609721,645,The clown house next door would be a better fit!
3723,5844,5,15,111,131,1.1908396946564885,0.04213127684005191,645,"If you stick your head out of the window when they play, you'll get a reduction on your rent."
5547,5844,4,17,110,131,1.1908396946564885,0.04071369150638141,645,I know you'll love the windmill of activity here in our little town.
6780,5844,3,19,109,131,1.1908396946564885,0.03924493424609721,645,Think of it this way: the air conditioning is free.
7434,5844,5,15,111,131,1.1908396946564885,0.04213127684005191,645,Don't worry.  She won't come in.  She just longs to reincarnate as a miniature.
5747,5850,0,24,102,126,1.1904761904761905,0.035122074123020514,645,We've got them over a barrel - they don't even know how wind works!
5805,5850,4,16,106,126,1.1904761904761905,0.04173124247658407,645,And you called me Quixotic for wanting a house near the office!
1763,5850,3,18,105,126,1.1904761904761905,0.040180996399483776,645,"Minus the sinkhole in the front yard, folks, this isn’t your run-of-the-mill family home."
7042,5850,1,22,103,126,1.1904761904761905,0.036885555678165864,645,This housing development was built for the young at heart.
4496,5850,4,16,106,126,1.1904761904761905,0.04173124247658407,645,This house is gonna knock your socks off.
6969,5850,3,22,122,147,1.1904761904761905,0.036547148931067024,645,This is a great buy but you have to watch the traffic.
3984,5850,2,20,104,126,1.1904761904761905,0.03856848901203158,645,It’s golf course adjacent and comes with a security system!
1147,5850,4,16,106,126,1.1904761904761905,0.04173124247658407,645,Your white picket fence doubles as propellers for your flying house.
3145,5850,4,16,106,126,1.1904761904761905,0.04173124247658407,645,Gone with the wind!
3138,5850,1,22,103,126,1.1904761904761905,0.036885555678165864,645,"No. That's not a gopher hole....okay...all deposits are nonrefundable, enjoy your new home!"
2158,5850,3,22,122,147,1.1904761904761905,0.036547148931067024,645,Just think...no electric bill each month!
1814,5850,4,16,106,126,1.1904761904761905,0.04173124247658407,645,The helipad on the roof makes all the difference.
1259,5850,3,14,88,105,1.1904761904761905,0.045078763173336374,645,"It’s modern meets meta, meta meets metaphorical: imaginary envisioned as literal, miniature giganticized!"
3733,5850,4,16,106,126,1.1904761904761905,0.04173124247658407,645,"He tweeted this as his mock-up of the ""Very Great Border Wall?  My God.  No wonder 'mock' is in the lexicon."
485,5864,4,19,119,142,1.1901408450704225,0.038622131262132306,645,"Since you love open concept, I hope you're open to this giant of an opportunity we found in Beanstalk East."
3379,5864,4,19,119,142,1.1901408450704225,0.038622131262132306,645,"One white picket fence is so last year. For God’s sake, be modern for once."
4945,5866,3,17,101,121,1.1900826446280992,0.041184342665912,645,You do realize that you'll be pioneers in this neighborhood.
3094,5866,1,21,99,121,1.1900826446280992,0.03769174959005415,645,It's a time tested home security device to keep people lacking co-ordination from entering your home.
3365,5866,2,19,100,121,1.1900826446280992,0.03947668975473125,645,It’s a swinging place all right.
731,5866,4,15,102,121,1.1900826446280992,0.04282395506787311,645,So all you'd need is a really big battery
1634,5866,5,13,103,121,1.1900826446280992,0.04440306492222323,645,This is a perfect neighborhood for families.
1126,5871,3,20,114,137,1.1897810218978102,0.038113588558643594,645,You’re not just off the grid on a golf course. You are the grid and you are the golf course!
2971,5871,4,18,115,137,1.1897810218978102,0.0394966813767099,645,It's a hole in one-of-a-kind.
5667,5871,3,20,114,137,1.1897810218978102,0.038113588558643594,645,"Don't worry, we offer jumbo financing."
6880,5871,4,18,115,137,1.1897810218978102,0.0394966813767099,645,...and this is the best of the properties-- so many interesting people looking for their balls!
3971,5875,4,14,98,116,1.1896551724137931,0.04400114674709866,645,"Sorry, no pets or tilting allowed"
1507,5876,3,23,127,153,1.1895424836601307,0.03561783786016251,645,Honey... I thought we bought a miniature golf course.
6536,5877,3,19,110,132,1.1893939393939394,0.03897331447269078,645,"We KNOW it’s rent-controlled!!! We’re more concerned with the 200-mph wind, advertised as a ‘light breeze’?!"
5829,5877,2,21,109,132,1.1893939393939394,0.03746009636911411,645,We have the national distinction of our homes being closest to the golf course.
5748,5877,4,17,111,132,1.1893939393939394,0.04042993522120931,645,"It grinds flour so you'll never run out, though it'll grind you if you don't watch out."
5209,5877,3,19,110,132,1.1893939393939394,0.03897331447269078,645,"Personally, I think it’s our most successful attempt at ignoring the elephant in the town."
5234,5877,2,21,109,132,1.1893939393939394,0.03746009636911411,645,"Not only does it have indoor-outdoor carpeting throughout the main floor, it's the only time-share with air-conditioning."
935,5877,3,19,110,132,1.1893939393939394,0.03897331447269078,645,It'll be a great home! You can walk or out every 10 seconds.
868,5877,2,21,109,132,1.1893939393939394,0.03746009636911411,645,Puttputtville comes with its own private putting green. Be the first to buy one of these wonderful and affordable homes.
597,5877,5,15,112,132,1.1893939393939394,0.041835870768935995,645,The neighborhood is mostly tiny elephants.
4866,5877,1,23,108,132,1.1893939393939394,0.03588312136617136,645,You should get in now. My gut is that after the primaries the values in this neighborhood will shoot up.
5432,5886,4,20,124,148,1.1891891891891893,0.03756633080907703,645,"Our developer was at a  miniature golf course last year, came back with some really cool ideas.  One buyer on another lot I recently sold converted the hole to a Jacuzzi."
7080,5887,1,29,134,164,1.1890243902439024,0.031863328931571,645,"No, it's really our makeshift air conditioning unit."
7422,5888,2,20,105,127,1.188976377952756,0.03829297767285126,645,"As your agent, I think you will fit into this neighborhood quite nicely."
5691,5888,3,18,106,127,1.188976377952756,0.03989155945819073,645,I wouldn’t pay anything over a double bogey for it.
5497,5888,4,16,107,127,1.188976377952756,0.041428503387875924,645,The only thing you have to worry about is when the giant wants to play through.
7108,5888,0,24,103,127,1.188976377952756,0.03487668827666588,645,And it’s environmentaly conscious
965,5888,3,18,106,127,1.188976377952756,0.03989155945819073,645,"Just inside the door is a light that turns GREEN when it is safe to exit. And that ""cup"" you see is not a hole, just a circle of black tile"
572,5888,1,22,104,127,1.188976377952756,0.036624687877176564,645,I can also show you an absolute dream house where a young blonde woman used to live
534,5888,2,20,105,127,1.188976377952756,0.03829297767285126,645,Welcome to East Hampton...
2564,5888,4,16,107,127,1.188976377952756,0.041428503387875924,645,"The home is super energy efficient, and the homeowners association let's you choose between a blue, red, yellow or pink mailbox."
365,5896,3,21,119,143,1.1888111888111887,0.03706860462623555,645,Demand for this kind of home is rapidly rising due to the new tech culture.
5418,5896,2,23,118,143,1.1888111888111887,0.035715380338120946,645,[ Insert Don Quixote tilting at windmills joke here ]
6793,5896,5,17,121,143,1.1888111888111887,0.03963669463281773,645,If this 6 hole renewable energy home is not you there is a 9 hole African plains home available
1176,5899,1,18,87,106,1.1886792452830188,0.040467189791560776,645,"Sorry, the building’s covered but you don’t have the wind propeller rider."
5225,5900,1,21,100,122,1.1885245901639345,0.03741397976343723,645,"This is the run-of-the-mill house, add your own doors and window panes."
50,5900,3,17,102,122,1.1885245901639345,0.04087507645872571,645,"You can have the feel of a miniature house but still have the space."""
961,5900,2,19,101,122,1.1885245901639345,0.039182762519031016,645,"The AC is an offshoot of the Paris Accord and, as you can see, you have the start of a very nice sinkhole fir carbon sequestering."
2116,5900,3,17,102,122,1.1885245901639345,0.04087507645872571,645,You might want to lay low when the elephant plays through
2577,5900,2,19,101,122,1.1885245901639345,0.039182762519031016,645,The house comes with a built in security feature that makes it almost impossible to break in.
2764,5900,2,19,101,122,1.1885245901639345,0.039182762519031016,645,I’m not really your agent. I’m hiding out from the elephant
3336,5900,2,19,101,122,1.1885245901639345,0.039182762519031016,645,Price reduced. Turns out no one likes the elevator.
6078,5900,4,15,103,122,1.1885245901639345,0.04250005732220327,645,"I know mini-golf Monday isn't the best time, but I will be asking for full custody Karen."
1277,5908,1,24,113,138,1.1884057971014492,0.034955843505855747,645,"Actually, Mr. and Mrs. Smith, the three most important things in real estate are now rotation, rotation, rotation."" ""Yes, yes, this should help expedite white flight."" ""Dear, I think you mean, national aviation."
1388,5908,0,26,112,138,1.1884057971014492,0.03340844911708536,645,This is no white elephant. It has your white picket fence and overlooks the 7th hole.”
1129,5908,3,20,115,138,1.1884057971014492,0.03786137927756817,645,It actually runs on coal so your neighbors are fine with it.
284,5908,1,24,113,138,1.1884057971014492,0.034955843505855747,645,"Once you own it, you can just patch that up."
661,5908,1,24,113,138,1.1884057971014492,0.034955843505855747,645,And you do not need to pay for air conditioning in the summer!
89,5908,3,20,115,138,1.1884057971014492,0.03786137927756817,645,People leave here happy. You can't miss.
809,5908,0,26,112,138,1.1884057971014492,0.03340844911708536,645,"Great for a B&B, while serving the function of a working windmill; and on prime real estate as well."
5715,5915,1,27,126,154,1.1883116883116882,0.03292270700040717,645,"In this case, I’d recommend fixed-rate over adjustable."
7054,5915,8,13,133,154,1.1883116883116882,0.04096439552831165,645,I'll be blunt. The previous windmill owner saw all kinds o' horrors crawl outta that hole. His loss is your bargain.
6504,5917,3,13,85,101,1.188118811881188,0.04605823108757625,645,...and Your hole is protected by these huge flaps
304,5918,3,16,98,117,1.188034188034188,0.04193173675097573,645,"A one year lease comes with unlimited weekday rounds. Kids, if you plan on having any, can also play for free on weekends."
2212,5918,1,20,96,117,1.188034188034188,0.03825632123319833,645,In Britain this price would be called crazy
3489,5918,1,20,96,117,1.188034188034188,0.03825632123319833,645,"It’s a variation on the Tiny House.  It’s called a Wee Windmill, and it produces its own energy."
7218,5921,2,21,110,133,1.1879699248120301,0.03720463682287573,645,What do you mean by “elephant in the room” with this house? I assure you there’s not.
6775,5921,3,19,111,133,1.1879699248120301,0.03870537646987594,645,And the beauty is the mortgage can't  see you coming or going!
5803,5921,1,23,109,133,1.1879699248120301,0.035640760858451595,645,The community club house also offers a dining option.
4979,5921,1,23,109,133,1.1879699248120301,0.035640760858451595,645,His parents owned a miniature golf course
5809,5921,1,23,109,133,1.1879699248120301,0.035640760858451595,645,We strongly advise you to install a porch light. The previous owner failed to do that and were swept away one night and we haven't seen them since.
2602,5921,2,21,110,133,1.1879699248120301,0.03720463682287573,645,Well this is just sub-PAR!
1311,5921,3,19,111,133,1.1879699248120301,0.03870537646987594,645,You'll appreciate the easy way up to the top floor.
500,5921,3,19,111,133,1.1879699248120301,0.03870537646987594,645,"If you've played Putt-Putt, then you know how this home works!"
4687,5921,3,19,111,133,1.1879699248120301,0.03870537646987594,645,... then you start the sails turning and it drives the elephant into the sink hole.
6361,5930,2,24,123,149,1.1879194630872483,0.03482110420033638,645,Downsizing has its advantages. All the houses in this complex come with w swimming hole.
6414,5930,2,24,123,149,1.1879194630872483,0.03482110420033638,645,It's an above par neighborhood so everyone leaves their doors...you can bank on that.
5205,5932,2,20,106,128,1.1875,0.03802131084983996,645,"Really, the circulating gates will increase your equity."
7069,5932,3,18,107,128,1.1875,0.03960620626622991,645,You should consider sinkhole insurance.
6962,5932,2,26,132,160,1.1875,0.03339714803475509,645,"Look, before we go in, the owner is round, bald, and has the worst cellulite I’ve ever seen."
5688,5932,3,18,107,128,1.1875,0.03960620626622991,645,This house checks everything on your wish list list. It’ll blow you away.
5348,5932,6,15,123,144,1.1875,0.04059669311460592,645,Hole? Elephant? This is golf course living and timing is everything.
5345,5932,4,16,108,128,1.1875,0.041130075016539196,645,Remember to take cover whenever you hear “Fore”
5243,5932,2,20,106,128,1.1875,0.03802131084983996,645,It tilts so that you don’t have to
5238,5932,2,17,93,112,1.1875,0.041160861725266853,645,''well.......make an offer!''
4852,5932,1,25,118,144,1.1875,0.034094955729785104,645,And for this little fixer upper may I recommend Quixote Construction
5199,5932,5,14,109,128,1.1875,0.04259946674465696,645,The HOA requires you keep the pit of death uncovered.
3215,5932,3,18,107,128,1.1875,0.03960620626622991,645,"And this is where one of the Dutch Masters, VerMouse lived."
2545,5932,4,13,95,112,1.1875,0.044899519593386075,645,"Yeah, the elephants don't really come near here much."
2454,5932,1,25,118,144,1.1875,0.034094955729785104,645,It has a one of a kind security system from ten a.m. to ten p.m.
2342,5932,2,17,93,112,1.1875,0.041160861725266853,645,It's a game.  You miss and you go for a spin.
2190,5932,4,19,121,144,1.1875,0.03812927087673324,645,"Well, if you like foursomes, this is the place for you!"
2185,5932,5,14,109,128,1.1875,0.04259946674465696,645,"It's like miniature golf--if you get hit by the windmill and can't get to the hole, it means you shouldn't get married."
1921,5932,5,17,122,144,1.1875,0.03938231068279761,645,It used to be a puppy mill
554,5932,4,16,108,128,1.1875,0.041130075016539196,645,"It's a bit unconventional but you'll love living here, and it's zoned for any type of pet."
3524,5932,1,19,92,112,1.1875,0.03915790312429123,645,We call it slipshod; it's like tilting at shiplap.
1026,5951,5,16,118,139,1.1870503597122302,0.04028925924827596,645,The developer is a very big fan of mini golf.
3813,5951,4,18,117,139,1.1870503597122302,0.03897383732992529,645,The down payment is also very small.
5079,5953,2,19,102,123,1.1869918699186992,0.03889311074169898,645,"State-of-the-art granite kitchen and panoramic golf-course views, on par with our highest-end listings."
6605,5953,2,19,102,123,1.1869918699186992,0.03889311074169898,645,"Stop put-putting around, put an offer in."
4758,5953,3,17,103,123,1.1869918699186992,0.04057035967909163,645,It's the maxy golf house village.
4713,5953,3,17,103,123,1.1869918699186992,0.04057035967909163,645,You will get the hang of dodging golf balls. The vanes are trickier.
4400,5953,2,19,102,123,1.1869918699186992,0.03889311074169898,645,"Alright, we'll cut the price. After all it is a bit...drafty."" 

(submitted by Hattie Korein"
2038,5958,2,21,111,134,1.1865671641791045,0.03695258124795449,645,"Your job is to act scared, and not get hit by the giant golf ball."
2583,5958,3,19,112,134,1.1865671641791045,0.03844104722195697,645,And you will delight your guests when every now and then a colorful golf ball comes rolling through.
4722,5958,3,19,112,134,1.1865671641791045,0.03844104722195697,645,Welcome to Hell.  Tee off’s in ten. They're playing Putt Putt You.
5126,5958,3,19,112,134,1.1865671641791045,0.03844104722195697,645,The people watching is epic!
5214,5958,5,15,114,134,1.1865671641791045,0.04125719104336626,645,As long as the wind keeps up you don't have to worry about the elephants.
6479,5958,4,17,113,134,1.1865671641791045,0.03987398854083666,645,"It's Dutch treat to get in, folks."
1158,5964,3,16,99,118,1.1864406779661016,0.041605391784949604,645,Traditional golf resorts became gauche.
1581,5964,1,20,97,118,1.1864406779661016,0.03796418736507772,645,They double as door and window protectors in any color you choose.
1856,5964,2,18,98,118,1.1864406779661016,0.03982642431771825,645,And four beats to the bar keeps out unwanted guests and the ghosts of elephants past.
4598,5964,1,20,97,118,1.1864406779661016,0.03796418736507772,645,"Think of it as a new concept of revolving door, just enter and exit with caution."
6076,5964,5,12,101,118,1.1864406779661016,0.04495261648522338,645,"If you are serious about downsizing, this is the perfect hole."
7354,5969,2,20,107,129,1.186046511627907,0.03775341034646929,645,"Well,I can show you an electricity bill friendly house too"
2679,5969,3,18,108,129,1.186046511627907,0.03932485249554849,645,Doors and windows are so yesterday!
2253,5969,4,16,109,129,1.186046511627907,0.04083586725911914,645,"Let me work my magic, I think we can negotiate the price, but you can't best the location!"
367,5969,3,18,108,129,1.186046511627907,0.03932485249554849,645,It's more of a sunscreen than a windmill.
6,5969,4,16,109,129,1.186046511627907,0.04083586725911914,645,You could be quite cozy here as long as you don't say 'Beetlejuice' three times.
3814,5974,4,13,96,113,1.1858407079646018,0.04453132920091288,645,"Apparently,​ the elephant still remembers its paddock."
3972,5974,0,21,92,113,1.1858407079646018,0.03675497284477024,645,This neighborhood is ‘up and coming’.
5460,5974,3,15,95,113,1.1858407079646018,0.042720152943370955,645,"...energy efficient, a/c, golf, lawn care, a cinch, hè gezellig ...the place sells itself."
1050,5977,5,16,119,140,1.1857142857142857,0.0400227508343548,645,"May I show you our ""Ring of Fire"" model...?"
1424,5977,5,16,119,140,1.1857142857142857,0.0400227508343548,645,Sorry about that..... The fence installer turned out to be dyslexic.
4089,5977,6,14,120,140,1.1857142857142857,0.04128674735635705,645,Shitter's over there. Mind you don't fall in.
4257,5977,1,24,115,140,1.1857142857142857,0.034506823856646336,645,Did you ever see Raiders of the Lost Ark
4421,5977,6,14,120,140,1.1857142857142857,0.04128674735635705,645,Our development has embraced the sinkhole.
5190,5977,6,14,120,140,1.1857142857142857,0.04128674735635705,645,"So, I'd like you to keep an open mind about your new broker..."
6166,5977,3,20,117,140,1.1857142857142857,0.03736670628395326,645,"We just keep it simple and merely say, Its the opposite of minature."
7471,5984,4,15,105,124,1.185483870967742,0.04186658383919574,645,"""Don't worry, the city paves the potholes."""
7027,5984,3,17,104,124,1.185483870967742,0.04027009434807555,645,You'll find the club membership fees to be quite reasonable.
6974,5984,1,21,102,124,1.185483870967742,0.036870310707667026,645,"I just got wind of  a shady deal: What goes around, comes around -- with energy to spare."
6079,5984,2,19,103,124,1.185483870967742,0.03860764374112212,645,And the homeowner's association rebates the green energy surcharge if you play Don Quixote in the weekly hole-in-one contest.
5487,5984,4,15,105,124,1.185483870967742,0.04186658383919574,645,"-but the ""Garden Church"" comes as a free bonus."
3844,5984,3,17,104,124,1.185483870967742,0.04027009434807555,645,Act swiftly. Brobdingnagian golf is the next big thing.
5061,5984,3,17,104,124,1.185483870967742,0.04027009434807555,645,I call this one the putt- putt hut.
2168,5984,3,17,104,124,1.185483870967742,0.04027009434807555,645,"Well, yes, this is a actually a giant putt putt golf course, but just imagine enjoying the steady breeze from this dutch-style beauty while watching the action from truly right on the 18th green."
622,5984,2,19,103,124,1.185483870967742,0.03860764374112212,645,now heres the thing..simple living comes at a price!
5355,5984,4,15,105,124,1.185483870967742,0.04186658383919574,645,"It’s a two bed, two bath plus den. Only thing is how good are you at dodging a giant ball every now and then?”"
3376,5994,4,17,114,135,1.1851851851851851,0.03960164436058794,645,"Well, maybe, but they're only hail-sized golf balls."
79,5994,3,19,113,135,1.1851851851851851,0.0381802555851705,645,Don't worry ...the church bells will drown out the wind noise.
798,5994,5,15,115,135,1.1851851851851851,0.040973754472540466,645,"Once they find little Timmy and extract him from the hole, where going to get a very nice settlement. Trust me."
2950,5994,6,13,116,135,1.1851851851851851,0.042301381479681884,645,The vanes shouldn’t cause a problem.  There’s no elephant in the room.
6842,5994,3,19,113,135,1.1851851851851851,0.0381802555851705,645,"The price? Well, you do realize that with that elephant and this windmill, that you're not in Kansas anymore."
2465,5999,4,19,123,146,1.1849315068493151,0.037648681359122055,645,You can paint it red if you want to.
3936,6000,1,20,98,119,1.184873949579832,0.037676398114449394,645,It really keeps the elephant out of the room.
6537,6000,2,18,99,119,1.184873949579832,0.039521397092913316,645,"Yes, it's a high traffic neighborhood, but it's in your price range. It has the added benefit of free golf balls."
6547,6000,5,12,102,119,1.184873949579832,0.044600789096914985,645,"I know you were hoping for stainless steel sails, but the other upgrades will blow you away."
6298,6003,4,16,110,130,1.1846153846153846,0.04054579245963177,645,You can move one club length away.
5655,6003,3,18,109,130,1.1846153846153846,0.03904741607075517,645,"If you fill it with hot water, it will make a great hot tub."
4992,6003,2,20,108,130,1.1846153846153846,0.03748920001048042,645,"Now, the elephant may try to sneak into the room ... but it’s hit or miss."
4624,6003,3,18,109,130,1.1846153846153846,0.03904741607075517,645,The rebate for wind power far exceeded that of solar and we thought it gave the place a unique look.
4895,6003,2,20,108,130,1.1846153846153846,0.03748920001048042,645,"And if Quixote returns, don't mention Dulcinea."
3821,6003,2,20,108,130,1.1846153846153846,0.03748920001048042,645,"Hey, it's better than the place on 19th street. That doorbell? Real deal-breaker."
3766,6003,3,18,109,130,1.1846153846153846,0.03904741607075517,645,Great Price! Great school district! the only downside is that you may have golfballs fly through your windows...
3020,6003,3,18,109,130,1.1846153846153846,0.03904741607075517,645,"Haunted by an elephant ghost? No, just a silly rumor."
4518,6003,3,18,109,130,1.1846153846153846,0.03904741607075517,645,"Eco-friendly, state-of-the-art security system--lots of extras."
2810,6012,4,11,88,103,1.1844660194174756,0.04729011524728665,645,"Don't let the bob tagging fool you; it's a very wholesome, playful neighbourhood"
3525,6013,3,20,118,141,1.1843971631205674,0.03712412008029051,645,"first dates aside, it’s a great neighborhood to start a family."
7440,6013,5,16,120,141,1.1843971631205674,0.03975970997031122,645,It's a shame maxi golf never caught on but if it had I wouldn't have the opportunity to make your unusually specific real estate dream come true.
5704,6013,3,20,118,141,1.1843971631205674,0.03712412008029051,645,"As an extra indusement to buy, the board is thinking about going solar sometime soon."
2787,6013,4,18,119,141,1.1843971631205674,0.03846449550338009,645,"So, when you guys said modern, I thought, 'Well,,obviously they mean surrealist old-timey estate with a painted elephant in the background! Duh! 'Cause that's the new modern, am I right?'"
1183,6013,4,18,119,141,1.1843971631205674,0.03846449550338009,645,"This is house #3 as you can see here, you will get a nice breeze."
1714,6013,0,26,115,141,1.1843971631205674,0.032775736817876024,645,"Unspoiled Dutch design, energy self-sufficient, constantly changing views--you can't beat it. And you'll get used to dodging those ginormous golf balls in no time."
1710,6013,2,22,117,141,1.1843971631205674,0.03573350205538369,645,"There are only a few units left in our latest mini-golf development.  I would move quickly on the windmill."""
2711,6013,4,18,119,141,1.1843971631205674,0.03846449550338009,645,I've already got two offers at ask-and think of the free giant golf balls you'll be getting
47,6021,4,13,97,114,1.1842105263157894,0.04416906847324452,645,What do you mean you have a phobia of elephants?
150,6021,3,15,96,114,1.1842105263157894,0.04237512495166454,645,"Remember...Take extra care, entering and exiting this home."
2259,6021,2,17,95,114,1.1842105263157894,0.0405018002012775,645,"Trust me, these turbines can block the balls really well."
7488,6024,4,15,106,125,1.184,0.04155680139201625,645,You'll get free milled flours every day.
7111,6024,0,23,102,125,1.184,0.03479710777747799,645,Hopefully he won't find us here
5703,6024,4,15,106,125,1.184,0.04155680139201625,645,"I'm telling you, this deal is a whole in one."
4294,6024,1,21,103,125,1.184,0.03660424794667875,645,"Folks, you’ll love this home for its extra large fan.”"
3849,6024,3,17,105,125,1.184,0.0399741852183502,645,The greens fees are low And it's family friendly
1992,6024,3,17,105,125,1.184,0.0399741852183502,645,It is best if you enter and exit through a window.
657,6024,3,17,105,125,1.184,0.0399741852183502,645,"Location, location, location.  Or in this case, keep your head on a swivel."
564,6024,2,19,104,125,1.184,0.038326273309656024,645,"The one with the clown's mouth went much higher, this one is a hole one!"
3747,6024,4,15,106,125,1.184,0.04155680139201625,645,"It’s a very traditional appearance that has been popular for years, but watch your head..."
408,6033,1,23,112,136,1.1838235294117647,0.03493256167503407,645,This has a much more comfortable entry than the mouth of the elephant home.
1011,6033,4,17,115,136,1.1838235294117647,0.03933295375128817,645,Sure you can. Just buy a sectional.
4730,6033,3,19,114,136,1.1838235294117647,0.03792293223008126,645,"Don Quixote almost owned it once, but VA financing hadn’t been invented yet."
4523,6036,3,21,123,147,1.183673469387755,0.036145998903366075,645,I wouldn’t stand or put furniture in the foyer or come home drunk
4097,6036,4,19,124,147,1.183673469387755,0.03741284801826365,645,"There ARE holes in our business plan, but nothing too big if we time things right."
4820,6038,3,23,132,158,1.1835443037974684,0.034588617461066465,645,As committed environmentalists you won’t find a better place to raise kids.
483,6039,3,14,92,109,1.18348623853211,0.0435533846923308,645,"There's no country club, but do you know what has been really big around here?"
5399,6040,2,18,100,120,1.1833333333333333,0.03922093802369406,645,The previous owners decided to downsize.
7502,6040,3,16,101,120,1.1833333333333333,0.04096752374585769,645,"It's Tara from ""Gone with the Windmill"""
4402,6042,2,20,109,131,1.183206106870229,0.03722860567036315,645,Get ready for the ride of your life
6087,6042,0,24,107,131,1.183206106870229,0.03392770926494735,645,"...and as you get older, the intermittent barrage of golf balls coming at you will help you maintain your balance..."
6003,6042,0,24,107,131,1.183206106870229,0.03392770926494735,645,you’ll have to put up with the giant black pit if you want to stay within your budget.
3981,6042,4,16,111,131,1.183206106870229,0.040259765329072605,645,"It's easy. ""One, Two, Three, Closed."""
1797,6042,2,20,109,131,1.183206106870229,0.03722860567036315,645,It comes with a dozen Pro V 1 golf balls
3171,6042,2,20,109,131,1.183206106870229,0.03722860567036315,645,"Imagine, every day, red sails in the sunset outside your very own bedroom window"
1169,6042,4,16,111,131,1.183206106870229,0.040259765329072605,645,This is the entrance to Land of the Free and the Home of the Brave.
3533,6042,1,22,108,131,1.183206106870229,0.03561641851819319,645,"Sorry, no wind energy tax credits with this model."
523,6050,2,22,118,142,1.1830985915492958,0.03550472063373978,645,The builder will throw in the entrance/exit tunnel at no cost. It comes in handy on those really windy days.
4128,6050,4,18,120,142,1.1830985915492958,0.03821472790710408,645,"It's a bit drafty, but you have an intermittent ocean view and you're out on the beach in a hop, skip and a jump"
4230,6050,3,20,119,142,1.1830985915492958,0.036884621567083394,645,Mini houses are the new tiny houses.
5233,6050,0,26,116,142,1.1830985915492958,0.03257000069919887,645,"The real selling point is the view
of the 17th green and did I mention the clubhouse offers skeeball!"
5373,6050,1,24,117,142,1.1830985915492958,0.03406897513006314,645,It keeps the elephants at bay.
6186,6050,3,20,119,142,1.1830985915492958,0.036884621567083394,645,It comes with earplugs.
5521,6056,2,17,96,115,1.182608695652174,0.04018000818902986,645,The previous owner was a BIG doctor who only used it on Wednesdays
5868,6056,3,15,97,115,1.182608695652174,0.042035560652466934,645,"It includes an abundance of amenities. My personal favorite? The free, daily Dodgeball."
5034,6056,3,15,97,115,1.182608695652174,0.042035560652466934,645,"The edge of Golden Gate Park is prime real estate! One bedroom rent is $3,500/month."
4424,6056,3,15,97,115,1.182608695652174,0.042035560652466934,645,"What’s that smell? Oh, don’t be nervous Dale it’s generating it’s own power."
4296,6056,3,15,97,115,1.182608695652174,0.042035560652466934,645,The ceilings need some work. We even saw a hole in one.
2377,6056,3,15,97,115,1.182608695652174,0.042035560652466934,645,This place is perfect for buyers with great foot eye coordination.
2131,6056,2,17,96,115,1.182608695652174,0.04018000818902986,645,You would get to play mini golf right through your front door.
81,6063,3,17,106,126,1.1825396825396826,0.03968253968253967,645,"A swimming pool is out of the question. It would not only raise the price of the home, but the entire property would be above par."
835,6063,6,11,109,126,1.1825396825396826,0.04422280335538122,645,I know I’m a white elephant but I’m not even in the room
1580,6063,4,15,107,126,1.1825396825396826,0.04125152218573835,645,"As owners, that's the beauty of the fine print disclosure. It's not really a hole. Kids will try for hours and you'll make a bundle!"
1861,6063,3,17,106,126,1.1825396825396826,0.03968253968253967,645,It’s tried and true green technology!
5156,6063,2,19,105,126,1.1825396825396826,0.03804891363327222,645,"And to go along with the 19th century façade, complemtary wind sail creaks and grinding grain noises are played 24/7."
5533,6063,3,17,106,126,1.1825396825396826,0.03968253968253967,645,The PGA decided to add some spice to the Masters' tournament
5894,6063,0,23,103,126,1.1825396825396826,0.03455071019102147,645,I happen to know it's the only hole in the neighborhood that goes straight to the snack bar.
6424,6063,3,17,106,126,1.1825396825396826,0.03968253968253967,645,"Yes, it’s far from the train, but you can have two bedrooms and save on the energy bill!"
5669,6071,4,17,116,137,1.1824817518248176,0.03906784470821097,645,The elephant is on the loose
1028,6071,3,19,115,137,1.1824817518248176,0.03766900958598611,645,"Before we go in, let me warn you again, these are BIG BALLS."
2588,6071,1,23,113,137,1.1824817518248176,0.034702591679549866,645,This is a really dreamy example of Unreal Estate.
48,6071,1,23,113,137,1.1824817518248176,0.034702591679549866,645,Just watch out for oversize golf balls.
822,6071,6,13,118,137,1.1824817518248176,0.04172506326006515,645,"Your brochure did say that the two story home was close to shopping, churches, and golf, but it's NOT what we were looking for."
6552,6076,4,19,125,148,1.1824324324324325,0.037179916867222204,645,I am also afraid of the elephant.
3265,6077,3,16,102,121,1.1818181818181819,0.040655781409087086,645,And air conditioning is not needed so think of the savings!
5665,6077,1,22,109,132,1.1818181818181819,0.03537280683785209,645,"It doesn’t get better than being on the green of the last hole, and no one ever makes it through the front door. This market is hot and I’ve got three more buyers ready to make an offer, so what’s it gonna be?"
5622,6077,1,20,100,121,1.1818181818181819,0.037113480951260276,645,"Uh, there's a small easement issue here, the occasional putt putt golf ball."
5593,6077,2,22,119,143,1.1818181818181819,0.03527880488763162,645,Just watch out for the hail.
5081,6077,6,10,105,121,1.1818181818181819,0.045454545454545456,645,And I assure you there's over a 98% hole on one rate.
4228,6077,2,18,101,121,1.1818181818181819,0.03892494720807615,645,And you could rent it out in the off season.
4013,6077,2,20,110,132,1.1818181818181819,0.03697155507402858,645,"I understand your concern about the elephant , but not to worry, he's very well behaved"
3992,6077,2,20,110,132,1.1818181818181819,0.03697155507402858,645,It's one of those quick flip houses.
3862,6077,2,18,101,121,1.1818181818181819,0.03892494720807615,645,It was designed by a Dutch golf pro.
3468,6077,3,16,102,121,1.1818181818181819,0.040655781409087086,645,"Its an 18 unit development featuring a windmill, livestock and water features, designed by Jack Nicklaus' granddaughter."
3341,6077,4,14,103,121,1.1818181818181819,0.04231587892051194,645,"It looks great, but only turns when you hit the ""eliminate"" button next to your security camera."
5726,6077,3,16,102,121,1.1818181818181819,0.040655781409087086,645,The previous owner was the bogey man
2559,6077,4,18,121,143,1.1818181818181819,0.03796814700217342,645,If we're quiet the giant mini-golf players won't notice us.
1504,6077,2,20,110,132,1.1818181818181819,0.03697155507402858,645,Just be sure you duck when you enter or leave.
2062,6077,3,16,102,121,1.1818181818181819,0.040655781409087086,645,The previous owners said that the golf course will pay for any broken windows”
17,6077,3,16,102,121,1.1818181818181819,0.040655781409087086,645,We have an innovation initiative at the witness protection program.
221,6077,3,16,102,121,1.1818181818181819,0.040655781409087086,645,"I know the house has some problems, but it's a hole-in-one choice!"
245,6077,2,20,110,132,1.1818181818181819,0.03697155507402858,645,"For this part of Town, the price is a real Buy.. the only downside is that darn white Ball ?"
440,6077,1,18,91,110,1.1818181818181819,0.039135397614244984,645,The owner sees  a white elephant aspect of the place and is really motivated to sell.
766,6077,3,14,93,110,1.1818181818181819,0.04318785349158611,645,It takes the money pressure right off. We live like kings.
2426,6077,4,16,112,132,1.1818181818181819,0.039977702867971206,645,You won't need to worry about spending a lot for property damage on your insurance policy. The propellers never let any balls through. Let's discuss life insurance.
982,6077,4,14,103,121,1.1818181818181819,0.04231587892051194,645,"And the neighborhood football team likes to yell, ""Fee, fi, fo, fumble!"" So cute!"
1029,6077,4,18,121,143,1.1818181818181819,0.03796814700217342,645,"Well Finn, that's where we put your cartoon captions."
1406,6077,6,12,114,132,1.1818181818181819,0.04277309397983337,645,We call this model the Lilliputt Inn.
1425,6077,3,14,93,110,1.1818181818181819,0.04318785349158611,645,"When the Giants are playing, it’s best not to look."
1552,6077,3,20,120,143,1.1818181818181819,0.03664815316682569,645,Church is right across the street and you have a continual picket fence.
968,6077,3,14,93,110,1.1818181818181819,0.04318785349158611,645,What did you expect from a Tiger Airbnb?
255,6104,5,17,127,149,1.1812080536912752,0.038157372293269966,645,The course opens at noon and closes at 9 p.m. .
1157,6104,3,21,125,149,1.1812080536912752,0.03570147920174733,645,...and it even comes with it's own wind.
7486,6106,4,17,117,138,1.181159420289855,0.03880624707241912,645,"Our cartoonist, Bob, has a real issue with exaggerating the size of things."
7300,6106,6,13,119,138,1.181159420289855,0.041442705720544225,645,"Your right, simply efficient, yet, no one knows how it works anymore."
4637,6106,1,23,114,138,1.181159420289855,0.034475574592088394,645,The offer includes a full home warranty and a free ice cream.
1352,6106,3,19,116,138,1.181159420289855,0.03741842178725129,645,"As long as you remember to duck and weave, this property will be perfect for you!"
2978,6106,1,23,114,138,1.181159420289855,0.034475574592088394,645,When we said solar compatible we meant it's not fossil-fueled
1197,6106,4,17,117,138,1.181159420289855,0.03880624707241912,645,We just call it Dutch Eco-Friendly.”
3967,6106,5,15,118,138,1.181159420289855,0.04014612477740079,645,Free golf is included.
7340,6113,2,19,106,127,1.1811023622047243,0.03777548121411677,645,Every condo has its quirks and strange bylaws—and this one features a golf course and relatively low common charges.
5169,6113,3,17,107,127,1.1811023622047243,0.039395067685066495,645,"... And like I said, sir, Dumbo Quixote is just urban myth"
6919,6113,5,13,109,127,1.1811023622047243,0.0424492651504915,645,"Look, the price is great. If you have to put up with a golf ball rolling through the living room occasionally, it's not much to ask."
6614,6116,2,17,97,116,1.1810344827586208,0.03986321802839532,645,It's got good bones.
6635,6116,3,15,98,116,1.1810344827586208,0.04170133318085456,645,After his circus retirement  he took up golf.
3244,6116,4,13,99,116,1.1810344827586208,0.043461778915984337,645,"Listen, I know it's risky, but I think we need to team up with the elephant."
7499,6119,3,13,89,105,1.180952380952381,0.04443572215126961,645,This is the same spot where Don Quixote saw visions of windmills; until he noticed the elephant in the room and escaped down that rabbit hole!
3068,6120,1,24,119,144,1.1805555555555556,0.033641896103576555,645,"Yes, there is some damage from golf balls, but the area's been re-zoned and Chip and Jo will fill in that hole in the front yard and have it looking like a million bucks in no time."
3517,6120,5,16,123,144,1.1805555555555556,0.03899073687357329,645,"And, if you live here, your wife can work on your putts."
5742,6120,2,22,120,144,1.1805555555555556,0.035055702397312434,645,This property is perfectly on par with your dream house's must-haves checklist.
7295,6123,1,22,110,133,1.1804511278195489,0.03513244553603055,645,Its got great natural light and a cross breeze if you open the windows...and its in your budget!
5702,6123,2,20,111,133,1.1804511278195489,0.03671797782959866,645,It comes with a fixer upper beanstalk as well.
4465,6123,3,18,112,133,1.1804511278195489,0.038237822407240246,645,"I know it's not the cottage home you were picturing, but with your budget, I think we ought to put in an offer."
4386,6123,3,18,112,133,1.1804511278195489,0.038237822407240246,645,"On the plus side, you won't need a hair dryer!"
6034,6123,3,18,112,133,1.1804511278195489,0.038237822407240246,645,Did  I mention the schools here are great
2838,6123,4,16,113,133,1.1804511278195489,0.03969952429186513,645,I hear you but when these climate friendly babies get to spinning 'round they'll speed dry your hair and knock out the clanging church bells.
1327,6123,5,14,114,133,1.1804511278195489,0.041109286001500135,645,are we going to address the elephant that is out of the room?
422,6123,4,16,113,133,1.1804511278195489,0.03969952429186513,645,”The basement water problem has been remedied.
3196,6123,1,22,110,133,1.1804511278195489,0.03513244553603055,645,It has the added advantage of keeping out every other unwanted guest.
3394,6132,2,18,102,122,1.180327868852459,0.038633327561298725,645,"Zero waste, zero solicitations"
3999,6132,3,16,103,122,1.180327868852459,0.040348692610077154,645,"Basically, you can pretend your Indiana Jones every time you come home from work!"
5867,6132,1,20,101,122,1.180327868852459,0.036838173157401725,645,The town council assures me the orange river is perfectly safe.
740,6135,3,14,94,111,1.1801801801801801,0.04282833990632329,645,"Do you have any idea how happy the Dutch are? Google ""gezellig,"" Makes that Danish ""hygge"" look like nada."
2164,6135,4,12,95,111,1.1801801801801801,0.04469974119535512,645,"Remember- the first floor isn’t safe during standard business hours, and these may differ during the holidays"
7077,6135,4,12,95,111,1.1801801801801801,0.04469974119535512,645,"Unfortunately, golf balls are not included."
2311,6138,4,19,127,150,1.18,0.03672255248886627,645,The issue? The doors close briefly only on windy days.
5083,6138,5,17,128,150,1.18,0.03792138341240353,645,"It’s like Indiana Jones, but with an HOA."
1751,6140,2,21,116,139,1.1798561151079137,0.03574110524631316,645,You get a nice discount on this home because it takes time to get used to the giant golf balls.
687,6140,1,23,115,139,1.1798561151079137,0.03425145529277146,645,The great hall showcases an Indiana Jones theme.
4819,6142,2,19,107,128,1.1796875,0.03750589479587144,645,You'll love this...longest battery life in the industry!
4062,6142,2,19,107,128,1.1796875,0.03750589479587144,645,"Mario's Airbnb was cozy and breezy. Central location. Five minute walk from Grand Central, restaurants, and cafes. Would highly recommend."
6754,6142,5,13,110,128,1.1796875,0.042140083443533344,645,"""Retro-wind power"" is the newest thing in home design."
1955,6142,5,13,110,128,1.1796875,0.042140083443533344,645,"Say goodbye to solicitors and utility bills, and you'll sleep like a baby!"
970,6142,5,13,110,128,1.1796875,0.042140083443533344,645,"You might think I’m ‘tilting at windmills,’(har, har) but I promise you this one is going to go fast!"
924,6142,4,15,109,128,1.1796875,0.04065409126477876,645,"Everything your looking for, its in your price range, and you can golf right out your front door"
911,6142,2,19,107,128,1.1796875,0.03750589479587144,645,"I know, I know, but I'm afraid you can't live here. Sorry."
345,6142,0,23,105,128,1.1796875,0.03406800775380022,645,"Yes, it does get a bit breezy up here."
230,6142,5,13,110,128,1.1796875,0.042140083443533344,645,... and I'm required by law to disclose that the previous tenant was an elephant.
1659,6151,3,15,99,117,1.1794871794871795,0.041372319495311546,645,Gentrification is out of hand
1739,6151,1,19,97,117,1.1794871794871795,0.03764232176376304,645,You need to enter with imagination.
4511,6151,4,13,100,117,1.1794871794871795,0.04311648219358659,645,Using wind energy really cuts your electric bill.
6518,6151,2,17,98,117,1.1794871794871795,0.039551316085490784,645,"Wait until you see the huge,  colorful golf balls!"
6981,6155,3,18,113,134,1.1791044776119404,0.037975277188599596,645,"Mr. and Mrs. Sullivan, I can assure you there's nothing 'Hazard' about it."""
6190,6155,1,22,111,134,1.1791044776119404,0.03489527154619774,645,"Without a doubt, you’d definitely be in the green with this home."
3561,6155,2,20,112,134,1.1791044776119404,0.036467805348237306,645,"No, not Goofy Golf Holes. We call it Garden Golf Estates, a luxury gated community."
6772,6155,4,16,114,134,1.1791044776119404,0.03942515095957175,645,"No, I haven't heard that story - Haunted by an elephant?"
2707,6155,3,18,113,134,1.1791044776119404,0.037975277188599596,645,This is not what we meant by “downsizing”
2056,6155,4,16,114,134,1.1791044776119404,0.03942515095957175,645,"You buy the property, it's the hardest hole in the course."
3485,6155,3,18,113,134,1.1791044776119404,0.037975277188599596,645,"This one's listed at 9 million, but we might be able to get it reduced due to the blade rot."
134,6162,2,18,103,123,1.1788617886178863,0.03834598472082072,645,"Yes, pencils are included, but erasers are extra."
447,6162,4,14,105,123,1.1788617886178863,0.04167702708758175,645,"The sewer system backs up into the front yard sometimes, but besides that, it's a real gem."
992,6162,3,16,104,123,1.1788617886178863,0.040046155440119593,645,A little birdie told me this place is a steal.
1461,6162,2,18,103,123,1.1788617886178863,0.03834598472082072,645,"as you can see, the location is terrible, but the green is just FINE!"
5289,6162,2,18,103,123,1.1788617886178863,0.03834598472082072,645,The current owner will be descending shortly.
5368,6162,1,20,102,123,1.1788617886178863,0.03656685005417629,645,"Great energy saving potential, I dare say we need to make a run to get through the front door. But you can’t beat the location"
5457,6162,3,16,104,123,1.1788617886178863,0.040046155440119593,645,I'm afraid there may be no real in this real estate.
7248,6162,3,16,104,123,1.1788617886178863,0.040046155440119593,645,It's got great a great decapitation record.
1768,6170,2,23,126,151,1.1788079470198676,0.033992717977783936,645,"Your house is almost ready, but I'd say it's a little green."
5663,6171,1,18,93,112,1.1785714285714286,0.03850129473972804,645,We don't have many fixer-uppers needing this much fixing up
6286,6171,3,14,95,112,1.1785714285714286,0.04247469856733219,645,"Look,  in this economy chances are you are going to get  blown away anyway.  What difference does a second or third mortgage make?"
4920,6171,1,18,93,112,1.1785714285714286,0.03850129473972804,645,In the event of a child’s birthday party do not leave the building.
4771,6171,2,21,117,140,1.1785714285714286,0.03550814092903328,645,The owner'll throw in the white picket fence for free.
3200,6171,0,25,115,140,1.1785714285714286,0.03248504619664982,645,It's for Don Quixote's protection.
1908,6171,6,8,98,112,1.1785714285714286,0.04781971874667619,645,You just need to look out for the occasional rolling globe.
610,6171,2,21,117,140,1.1785714285714286,0.03550814092903328,645,"I hate to take the wind out of your sails, but you need to consider going Dutch in retirement."
3567,6171,4,17,119,140,1.1785714285714286,0.03829331427382206,645,Preachers!  Republicans!  The wind will never stop!
19,6179,4,15,110,129,1.178294573643411,0.04036175503809792,645,Salesman: It saves on air conditioning and is a great time piece. The neighbours rave about it!
515,6179,0,23,106,129,1.178294573643411,0.0338315702521242,645,"Others have charged it, but you will be its first cash owners."
2524,6179,4,15,110,129,1.178294573643411,0.04036175503809792,645,"Well yes, someone did read the blueprint wrong but you know fences do make good neighbors."
3595,6179,3,17,109,129,1.178294573643411,0.038832296336267204,645,"So, what do you think of the place?"
5610,6179,0,23,106,129,1.178294573643411,0.0338315702521242,645,"Since you refuse to make any offer at all, on your way out please don't let any of the blades hit you in your collective asses."
6859,6179,2,19,108,129,1.178294573643411,0.037240075291813245,645,You'll never find a more modern fire-escape.
6328,6185,3,15,100,118,1.1779661016949152,0.04104840023841243,645,It does say it’s a great spot for family’s on TripAdvisor.
2384,6185,3,15,100,118,1.1779661016949152,0.04104840023841243,645,Enter at your own risk!
4325,6185,4,13,101,118,1.1779661016949152,0.042776579033124075,645,"Fully renovated, below budget, and HOA fees cover dung removal for the neighborhood elephant."
4525,6185,0,21,97,118,1.1779661016949152,0.035360677414329314,645,He'll give you a shout when he's playing through.
706,6189,3,23,137,163,1.177914110429448,0.03361643628067608,645,"No! Trust me. It’ll be awesome!
I’ve taken care of all the wind."
2840,6190,1,22,112,135,1.1777777777777778,0.03466122336820361,645,Think of all the savings you will make on your electricity bill
5514,6190,2,20,113,135,1.1777777777777778,0.03622097078895108,645,It is a lovely  home at a smashing price. You will have to be mindful of the big white ball rolling through during hours of operation. The price reflects that y'know...
46,6192,2,23,127,152,1.1776315789473684,0.033788825162162535,645,It's great for miniature golf fans.
4454,6193,2,15,90,107,1.1775700934579438,0.04159804659525817,645,No. It does not come with Don Quixote.
101,6194,0,22,102,124,1.1774193548387097,0.03444587215730565,645,"Actually, the whole TOWN's growing."""
2959,6194,3,16,105,124,1.1774193548387097,0.039748070888559424,645,"The windmill will really keep the enemies out,"
3213,6194,4,14,106,124,1.1774193548387097,0.04136471301633127,645,Great place to to keep unwanted visitors away. No one will believe you really live here.
4657,6194,3,16,105,124,1.1774193548387097,0.039748070888559424,645,This kind of blows
5773,6194,3,16,105,124,1.1774193548387097,0.039748070888559424,645,"Remember: with this unit you'll enjoy not only lower energy costs, but also a view of the fairway."
6940,6194,3,16,105,124,1.1774193548387097,0.039748070888559424,645,"White elephant? No, it's a solid investment. What else could dissipate the crematory odor and charge your Tesla?"""
7058,6194,4,14,106,124,1.1774193548387097,0.04136471301633127,645,"No, Wilma, the COURSE is what’s meant to be small."
7480,6194,5,12,107,124,1.1774193548387097,0.042920505897355694,645,The homeowners association requires that the windmills remain aquamarine.
5797,6202,5,15,121,141,1.177304964539007,0.03935097565539706,645,"Wanting to acknowledge climate change, this miniature golf course for elephants was fully funded by the Republican Party"
5623,6202,2,21,118,141,1.177304964539007,0.03527815070621612,645,It’s a little bit of a fixer upper but it has great potential
1193,6204,5,18,135,158,1.1772151898734178,0.03649457734712867,645,This is currently the best house in the market.
504,6205,2,16,95,113,1.176991150442478,0.04020744347355056,645,For some this accommodation is sub-par
507,6206,3,17,110,130,1.176923076923077,0.03855682888559604,645,... Another exciting feature - the giant sphere has a one in three chance of coming out right where we're standing.
2406,6206,4,15,111,130,1.176923076923077,0.0400735528508516,645,"Unlike  houses in Bowling Pin Acres, these were built to withstand earthquakes."
2632,6206,2,19,109,130,1.176923076923077,0.03697794571547032,645,Dutch treat with the seller! Such a deal!
3252,6206,1,21,108,130,1.176923076923077,0.035328570378086434,645,Just imagine the potential.....it can pump oil too!
5132,6206,3,17,110,130,1.176923076923077,0.03855682888559604,645,We're out of Google range here
6294,6206,1,21,108,130,1.176923076923077,0.035328570378086434,645,"You could say this apartment is ""family friendly"""
6900,6206,1,21,108,130,1.176923076923077,0.035328570378086434,645,Just think - this golfing community will hold its value.
6601,6213,4,18,125,147,1.1768707482993197,0.03701251689454226,645,Don and Rocinante are running late.
6375,6214,2,23,128,153,1.1764705882352942,0.033587328297884106,645,"Well, you did say you'd like to tilt at windmills."
6333,6214,3,15,101,119,1.1764705882352942,0.040729459603335606,645,Not only can you generate your own electricity but you love the 3rd fairway.
5032,6214,3,18,115,136,1.1764705882352942,0.037460731714789794,645,We move more people than the church!
4942,6214,2,17,100,119,1.1764705882352942,0.03894173887081182,645,A stunning work postmodernist architectecture.
4845,6214,3,21,129,153,1.1764705882352942,0.03484405163288779,645,"If you bake your own bread, this house is for you!"
4050,6214,1,22,113,136,1.1764705882352942,0.03443024102239456,645,"Yes, it's been on the market for a while but if you're nimble and don't mind the occasional 3year-old  looking in your windows ---it's a steal."
3788,6214,6,12,118,136,1.1764705882352942,0.04159451654038514,645,It’s the latest in eco-friendly housing!  Just don’t let the door hit you in the ass on your way out - or in...
3458,6214,2,20,114,136,1.1764705882352942,0.03597740900528858,645,"Take my word for it, it is much more effective than a lock box."
3182,6214,5,8,89,102,1.1764705882352942,0.049087508786915666,645,You two don't have mouths.
2621,6214,4,13,102,119,1.1764705882352942,0.04244194544170894,645,"The previous owners forgot to leave via the INSIDE hole and, viola, the house is available."
2609,6214,2,17,100,119,1.1764705882352942,0.03894173887081182,645,"It was once owned a little old lady who lived in the shoe, or was that the clown’s mouth?"
2436,6214,1,19,99,119,1.1764705882352942,0.03706789949518647,645,It uses free renewable energy
998,6214,3,18,115,136,1.1764705882352942,0.037460731714789794,645,No need for air conditioning!
944,6214,4,16,116,136,1.1764705882352942,0.03888751576638827,645,"Mammoth Golf is the new hot entertainment investment - it,looks be bigger than Hot Goat DrunkYoga!"
1462,6228,4,17,121,142,1.176056338028169,0.03779362887105737,645,"The golf membership is extra, but it’s transferable.”
“I can putt you in this house today.”
“Think of it, no more waiting in line for a ticket!"
4348,6228,4,17,121,142,1.176056338028169,0.03779362887105737,645,"Okay, so you missed your hole-in-one on this golden opportunity.  Real estate isn't everyone's forte, but you're still in the ballpark.  Lucky for you, I see a tremendous uptick on your next move."
4590,6228,4,17,121,142,1.176056338028169,0.03779362887105737,645,"The asking price is high, because it's an exact replica 
of the Miniature Golf Windmill out on Highway 26."
5581,6228,3,19,120,142,1.176056338028169,0.03644815855946875,645,The astroturf is greener on the other side.
5616,6228,1,23,118,142,1.176056338028169,0.03359595244433595,645,I'm telling you this is a steal. The fan will keep you cool all summer.
7170,6233,2,18,105,125,1.176,0.037783765074775245,645,This one is called the green new deal.
6840,6233,2,18,105,125,1.176,0.037783765074775245,645,150K ducats and it’s yours!
4413,6233,2,18,105,125,1.176,0.037783765074775245,645,"If there ever was a real estate deal ready to take off, this is it!"
4295,6233,3,16,106,125,1.176,0.03945434274310398,645,Just think of the balls as a Roomba.
5947,6233,2,18,105,125,1.176,0.037783765074775245,645,You will shave a lot off your air conditioning bill but watch out for the colored golf balls.
4197,6238,1,17,90,108,1.1759259259259258,0.03908946281414724,645,And it's environmentally friendly.
3880,6239,4,18,126,148,1.1756756756756757,0.036781001705130593,645,"Believe me, there is no elephant in the room."
6886,6240,5,13,113,131,1.1755725190839694,0.04123876886630178,645,This model is called the Moulin Vert.
1163,6240,3,17,111,131,1.1755725190839694,0.0382851986205591,645,Good news!  The seller is willing to throw in the funnel cake for free if you buy the house today!
1990,6240,4,15,112,131,1.1755725190839694,0.03978939865733033,645,Put it on high and- voila!- no welcome neighbor bundt cakes.
2982,6240,4,15,112,131,1.1755725190839694,0.03978939865733033,645,"Don't worry, the hole creates curb appeal."
3354,6240,1,21,109,131,1.1755725190839694,0.03508385396764527,645,"It's the architects version of that song - ""Don't fence me in."""
3641,6240,2,19,110,131,1.1755725190839694,0.03671943111377625,645,But consider the circumference.
3744,6240,5,13,113,131,1.1755725190839694,0.04123876886630178,645,"I agree, Mr. and Mrs. Jones: ‘Maxi-Golf’ *is* an exciting investment opportunity."
4668,6240,3,17,111,131,1.1755725190839694,0.0382851986205591,645,It's Mitch McConnell's take on wind power.
5011,6240,6,11,114,131,1.1755725190839694,0.042638900897004395,645,Our great mini-tower loft is a strong favorite at Trump-Trump Golf & Condominiums.
6402,6249,1,18,95,114,1.1754385964912282,0.03788708830446873,645,Just duck when you go in and out.
324,6250,1,22,114,137,1.1751824817518248,0.03420226600519778,645,"'Take your chance, and watch your back!'"
1704,6250,3,18,116,137,1.1751824817518248,0.0372085932789975,645,This fund is exceptional: not run-of-the-mill. We have never had a white elephant.
4715,6250,2,20,115,137,1.1751824817518248,0.03573705649387038,645,"Did I mention, there's a 1 in 4 chance it comes with a white picket fence."
5442,6250,2,20,115,137,1.1751824817518248,0.03573705649387038,645,So what do you think are you a fan?
6217,6250,4,16,117,137,1.1751824817518248,0.038624106730869946,645,"Don't mind the game. Soon, this will be the only windmill on your mind."
3106,6255,2,17,101,120,1.175,0.038643852537442146,645,"You just have to duck every so often-----whoops, duck, here it comes again"
4488,6255,2,17,101,120,1.175,0.038643852537442146,645,This place really has balls.
4635,6255,2,17,101,120,1.175,0.038643852537442146,645,You’re saying you want the hole to go to where?
4643,6255,0,21,99,120,1.175,0.034831527300961784,645,And this lilliputian home comes with free miniature golf for life
4686,6255,3,15,102,120,1.175,0.04041538520594029,645,"This is a Trump course, your wife is your handicap....."
5519,6255,2,17,101,120,1.175,0.038643852537442146,645,I’m expecting a bidding war! Dutch architecture is hot right now!
6092,6261,3,19,121,143,1.1748251748251748,0.03621331315291399,645,This house is a steal- just mind the occasional ball that rolls through it and the massive hole in the front yard.
5288,6262,1,20,105,126,1.1746031746031746,0.03577596085582426,645,"Added bonus, the views change as the wind mill rotates into the wind."
5120,6262,4,14,108,126,1.1746031746031746,0.04075379437684117,645,"As a bonus, you get to eat any birds it catches."
4782,6262,4,14,108,126,1.1746031746031746,0.04075379437684117,645,"Chivalry may be gone, but the statue of Quixote can be returned for the right price."
1473,6262,2,18,106,126,1.1746031746031746,0.03750871234982077,645,"...and not only will you have the home of your dreams, but I'll soon be sporting the blazer of mine."
180,6262,4,14,108,126,1.1746031746031746,0.04075379437684117,645,"One hazard: hell as big as golf balls."""
2012,6262,2,18,106,126,1.1746031746031746,0.03750871234982077,645,"Now the middle class is shrinking, but don't go tilting at windmills just yet."
4180,6268,1,17,91,109,1.1743119266055047,0.03876279988140986,645,"Guess I was thinking more in the lines of ""solar energy""..."
233,6269,4,15,113,132,1.1742424242424243,0.03950920874805987,645,You'll never lose your balls.
241,6269,3,17,112,132,1.1742424242424243,0.038017327035101224,645,"Scraping the turf is admittedly a bit of a design flaw, but think about how much you'll save going off-the-grid. It's a 'home'-in-one!"
662,6269,5,13,114,132,1.1742424242424243,0.04094677028657698,645,You don't know how hard it is to find housing for Lilliputians
1187,6269,3,17,112,132,1.1742424242424243,0.038017327035101224,645,Will this re-imagined miniature golf get teenagers outside and off their smartphones?  Sure.
2799,6269,2,19,111,132,1.1742424242424243,0.03646445850262836,645,I am sure you will be very happy here.  Just don't let your baby lean too far outside of the windows.
3197,6269,5,13,114,132,1.1742424242424243,0.04094677028657698,645,"Donald only realized he was dreaming when he tried to say ""no"" and found he had no mouth."
3690,6269,3,17,112,132,1.1742424242424243,0.038017327035101224,645,It doubles as a Zero Net Energy home and the 9th hole of a golf course for giants.
3763,6276,5,14,119,138,1.173913043478261,0.03971900066574726,645,Bubbles and I welcome you both to Mar-a-LagoLand!  And it’s for sale...
6204,6276,2,20,116,138,1.173913043478261,0.035499851344683746,645,It takes giant balls to play mammoth miniature golf.
2898,6276,4,16,118,138,1.173913043478261,0.03836420846425266,645,"I am ethically obliged to inform you that according to the HOA covenants, you cannot interfere, or object, when anyone insists on ""playing it where it lays."" But think of the free electricity from the wind power."
1025,6276,2,20,116,138,1.173913043478261,0.035499851344683746,645,And it comes with a charming picket fence.
2304,6276,3,18,117,138,1.173913043478261,0.03695978853147891,645,"This gives new meaning to the term ""five o'clock shadow."""
352,6276,0,20,95,115,1.173913043478261,0.03549985134468374,645,"On the plus side, you don't have to mow or water the lawn.""

""It is a hassle to get in and out of, but on the plus side, the electricity of the home is completely  wind powered"
2312,6276,3,14,98,115,1.173913043478261,0.04144762175788623,645,. . .and you won't have to do a thing. The lawn is always green and the seller has done all the hard work by relocating the hole to the front of the windmill.
1275,6283,3,19,122,144,1.1736111111111112,0.035981440425318194,645,"This isn't what I meant by downsizing""
-Husban"
3911,6283,3,19,122,144,1.1736111111111112,0.035981440425318194,645,"I know $850,000 sounds high, but here at Gulliver Links it’s par for the course.."
2228,6285,2,17,102,121,1.1735537190082646,0.038350432077784796,645,"Now repeat after me, and the cash is yours: “Mr. Trump did not joust with our windmill.”"
2558,6286,3,20,127,150,1.1733333333333333,0.03507316311749439,645,"She wants to retain a right-of-way. She needs the money, but mini-golf helps to relieve the stress since the whole beanstalk incident."
3174,6286,5,16,129,150,1.1733333333333333,0.03753794997455667,645,But it's a good price.
7508,6288,4,14,109,127,1.1732283464566928,0.040454992866345574,645,"Sometimes, I see an elephant too."
4865,6288,3,16,108,127,1.1732283464566928,0.038879584242416866,645,"You do know how to double dutch, don't you?"
4605,6288,3,16,108,127,1.1732283464566928,0.038879584242416866,645,"They say that the elephant's ghost still roams the town today, seeking his revenge."
4302,6288,2,18,107,127,1.1732283464566928,0.03723758442636028,645,"We don't provide big balls, because the buyer always has some."
512,6288,1,20,106,127,1.1732283464566928,0.035519759528429076,645,We're safe here. The giant elephant can't see us if we can't see it.
4382,6288,5,12,110,127,1.1732283464566928,0.041971309543174275,645,"Now, this one doesn't align very well with your wish list, but I think the price will make it worth your consideration."""
6872,6294,2,19,112,133,1.1729323308270676,0.03621295680475787,645,"In addition to the proximity to entertainment, this property offers the serenity of windmills."
6473,6294,2,19,112,133,1.1729323308270676,0.03621295680475787,645,And the garage fits two sitting knights including lances.
5920,6294,1,21,111,133,1.1729323308270676,0.03460429271045015,645,And the next 20 buyers get two free player passes...
5820,6294,3,17,113,133,1.1729323308270676,0.03775313771193071,645,"it's rather safe,except when the republican party is feeling quixotic"
4661,6294,3,17,113,133,1.1729323308270676,0.03775313771193071,645,The security system is top notch.
3504,6294,1,21,111,133,1.1729323308270676,0.03460429271045015,645,You’ll never lose at miniature golf ever again.
2203,6294,3,17,113,133,1.1729323308270676,0.03775313771193071,645,"When we add the sailcloth, the spinning blades will power the bell-ringer.  Of course, one will have to step lively going in or out."""
5103,6294,2,19,112,133,1.1729323308270676,0.03621295680475787,645,"There are some disadvantages, but the school district has a world class golfing team."
3295,6302,3,13,94,110,1.1727272727272726,0.04256005110202121,645,"We call it the ""putt-putt"" house"
7429,6302,2,15,93,110,1.1727272727272726,0.04055307976484437,645,"True, there are no bathrooms, but this baby clocks 50 rpms when it is really blowin’."
5069,6304,2,20,117,139,1.1726618705035972,0.03526573319307823,645,The last tenant installed it -  problems with gas
3411,6304,2,20,117,139,1.1726618705035972,0.03526573319307823,645,"""Don't worry, the elephant is also a cartoon."""
7262,6304,4,16,119,139,1.1726618705035972,0.03810775205592694,645,"Sorry, the Democrats' back-9 is sold out."
1269,6304,1,22,116,139,1.1726618705035972,0.03375511106617881,645,"Yes, you’ll have balls flying in your face, but you can’t beat the location."
2739,6304,3,18,118,139,1.1726618705035972,0.03671425271200126,645,Lucy the Elephant welcomes you both to Margate and hopes you enjoy this round of macro golf .
264,6309,1,18,97,116,1.1724137931034482,0.037291875366635134,645,This home is a hole in one for sure.
836,6309,0,20,96,116,1.1724137931034482,0.035224408169327544,645,Actually since he's not in a room we are allowed to talk about him
1897,6309,1,18,97,116,1.1724137931034482,0.037291875366635134,645,"It is a perfect house for the adventurous  'Little-People' couple that loves to golf"""
3296,6309,1,23,121,145,1.1724137931034482,0.0329646675855172,645,"Did I mention to you that Tiger Woods not only designed the course by eliminating the back nine,  but he was also a graduate of our Mid-Life Crisis Center?"
4000,6309,2,21,122,145,1.1724137931034482,0.034386839773911694,645,"Sorry, we have no staircases here, but there is another way up to see elephant backs."
5516,6309,2,21,122,145,1.1724137931034482,0.034386839773911694,645,I wanna thank you for offering us a ceiling fan but as you can see we decided to go another way...
5441,6315,2,17,103,122,1.1721311475409837,0.03806137940125822,645,These real estate prices are sure BLOWING me away!
6916,6315,1,19,102,122,1.1721311475409837,0.03623790287865224,645,It's a Dutch revolving door to improve your motor skills.
6474,6315,4,13,105,122,1.1721311475409837,0.041468477132567884,645,We have to stay out of sight muffled by the mill noise because Bob made the bloody elephant trap too small.
4655,6315,2,17,103,122,1.1721311475409837,0.03806137940125822,645,"By the way -- without wind, it sells at a discount"
7213,6315,3,15,104,122,1.1721311475409837,0.039801401970413236,645,"This Quixotic dwelling is now available.  However, please watch your step."
3706,6315,3,15,104,122,1.1721311475409837,0.039801401970413236,645,We're not sure this is our best course of action
870,6315,3,15,104,122,1.1721311475409837,0.039801401970413236,645,"Fortunately, you still have two sheets to the wind."
530,6315,2,17,103,122,1.1721311475409837,0.03806137940125822,645,"Sure, the house doesn't have a door. But an intruder would have to time it juuuuust right to not get hit by the windmill."
3949,6315,4,13,105,122,1.1721311475409837,0.041468477132567884,645,This can be your escape from the daily grind.
7395,6324,2,18,108,128,1.171875,0.03697029924919195,645,"No, your maxi-golf timeshare starts next round."
4863,6324,4,14,110,128,1.171875,0.040160503217723596,645,The architect Is considered up and going
5298,6324,0,22,106,128,1.171875,0.03347745561491821,645,Living here will put a smile on your face.
4347,6324,2,18,108,128,1.171875,0.03697029924919195,645,Our  alternative energy future is now. Shall we prepare an offer?
685,6324,4,14,110,128,1.171875,0.040160503217723596,645,It also comes with a mutt mutt.
2875,6324,4,14,110,128,1.171875,0.040160503217723596,645,"Don't Worry, it can't turn because the arms are to long."
2290,6324,2,18,108,128,1.171875,0.03697029924919195,645,Kids have a curfew?  No problem -   built in security system.
2227,6324,1,20,107,128,1.171875,0.03526714519934682,645,Of course your vacation rental ends when the dolls get back from Amsterdam.
3856,6324,2,18,108,128,1.171875,0.03697029924919195,645,The listing broker says its got a killer air conditioning system.
69,6333,2,13,84,99,1.1717171717171717,0.043169625690192184,645,The last guy who took a shot on this property said he drained it.
6519,6334,3,17,114,134,1.171641791044776,0.037492556255163983,645,Ohhh so that's what you meant by miniature golf.
5138,6334,3,17,114,134,1.171641791044776,0.037492556255163983,645,We’ll make the squirrels an offer they can’t refuse.
2566,6334,1,21,112,134,1.171641791044776,0.03436931877821468,645,'Being a unique property is actually a plus in this neighborhood'
2338,6334,2,19,113,134,1.171641791044776,0.03596485678982454,645,There's a half-priced sail on at the moment
2118,6334,3,17,114,134,1.171641791044776,0.037492556255163983,645,And this is regular-sized golf.
4028,6334,2,19,113,134,1.171641791044776,0.03596485678982454,645,Full Disclosure: Gulliver is crazy about miniature golf!
1358,6334,4,15,115,134,1.171641791044776,0.03896039816506864,645,Look at it this way.....
1313,6334,4,15,115,134,1.171641791044776,0.03896039816506864,645,And the clubs around here are intense
1189,6334,1,21,112,134,1.171641791044776,0.03436931877821468,645,"Not only is this baby near the church, it’s priced for quick access."
936,6334,3,17,114,134,1.171641791044776,0.037492556255163983,645,"I assure you, there haven't been spies in this windmill since 1939."
1753,6334,1,21,112,134,1.171641791044776,0.03436931877821468,645,"I like this windmill, but would it be possible to get the giant hole in the ground removed?"
3519,6345,0,18,87,105,1.1714285714285715,0.03695642136439612,645,"At that price and in this neighborhood , this deal is a birdie"
5313,6345,3,18,119,140,1.1714285714285715,0.03647192269686756,645,"If you believe in climate change, I wouldn't buy it!"
6403,6345,3,18,119,140,1.1714285714285715,0.03647192269686756,645,Buy it and you have your own amusement ride.
6242,6348,2,21,123,146,1.1712328767123288,0.034170913111746,645,Ever imagined yourselves puttering in a windmill?
3069,6348,5,15,126,146,1.1712328767123288,0.038092928960099366,645,I promise this one isn't a hole-in-the-wall.
4502,6348,1,23,122,146,1.1712328767123288,0.03275939547062696,645,"If you made a wrong move, you won't live to know about it."
1368,6351,3,13,95,111,1.1711711711711712,0.042203581858449676,645,I fail to see anything weird about it:  the elephant gas turns the windmill and you never pay for electricity again.
3913,6351,1,17,93,111,1.1711711711711712,0.03812534582246481,645,It requires a special insurance rider.
4798,6351,1,17,93,111,1.1711711711711712,0.03812534582246481,645,Not interested in this one? I can also offer you a giant air conditioner
4974,6354,5,16,131,152,1.1710526315789473,0.03707725088334787,645,"And the speed of the sails on this repurposed little beauty is modulated in real time by artificial intelligence to block entry of ideas not currently trending."""
7363,6355,0,20,97,117,1.170940170940171,0.03495312487869267,645,"Keeping score will be a challenge, but isn't that what dreams are made of?"
5556,6355,2,16,99,117,1.170940170940171,0.038941563546433924,645,Putt-putt-putt in your offer now.
295,6355,1,18,98,117,1.170940170940171,0.037001123700682634,645,It's for people who are lousy putters.
3922,6355,5,10,102,117,1.170940170940171,0.04425530499752716,645,Yours won't be the only balls in this house
3977,6355,4,12,101,117,1.170940170940171,0.04255784068883686,645,"..and this house is called ""WindBreaker"" and features the best location in Mill Valley"
463,6360,3,15,105,123,1.170731707317073,0.039501284398971506,645,"I consider myself more matchmaker than salesperson, Mr. Putt Putt"
1335,6360,2,17,104,123,1.170731707317073,0.03777659920961158,645,"I admit, it's a bit of a fixer upper, but I can see, with a little elbow grease and investment, you'll be churning out your own flour &  power in no time!"
1811,6360,2,17,104,123,1.170731707317073,0.03777659920961158,645,Talk about flipping houses! This one will be easy!
2735,6360,2,17,104,123,1.170731707317073,0.03777659920961158,645,"This is the latest in a sustainable, energy efficient eco-house... and it’s only 500 years old."
2984,6360,3,15,105,123,1.170731707317073,0.039501284398971506,645,I wouldn't put anything fragile on the first floor between the front and back doors.
5468,6360,5,11,107,123,1.170731707317073,0.04274238542498578,645,"Yes, but they rarely say Fuck."
5861,6360,5,11,107,123,1.170731707317073,0.04274238542498578,645,It comes with an ancient alarm system to catch the most cartoon of characters.
6497,6367,5,12,112,129,1.1705426356589148,0.04136132940002528,645,"On the downside, a large golfball will just randomly fly through your living room."
6120,6367,2,18,109,129,1.1705426356589148,0.03670677698619343,645,The solar powered turbines are an added feature to this home
6105,6367,3,16,110,129,1.1705426356589148,0.0383211626614054,645,The blades simply give it an aesthetic look.  It's actually solar powered.
5479,6367,1,20,108,129,1.1705426356589148,0.03501804457285398,645,They're willing to accept your offer - except for the golf ball contingency.
3253,6367,0,22,107,129,1.1705426356589148,0.03324363720621791,645,"Yes, a design glitch, but think of living in a Frank Lloyd Wright windmill"
1131,6367,2,18,109,129,1.1705426356589148,0.03670677698619343,645,"Sure there's only one bathroom, but you get a fantastic view of the snack stand."
916,6367,3,16,110,129,1.1705426356589148,0.0383211626614054,645,"So, my first question is: Do you ike gilf?"
227,6367,3,16,110,129,1.1705426356589148,0.0383211626614054,645,"After Tiger Woods I was like, ""There goes the neighborhood,"" but surprisingly we haven't had those sorts of issues."
4725,6367,2,18,109,129,1.1705426356589148,0.03670677698619343,645,"Yup, folks, this place has it all.  Nice neighborhood, great schools, and the greatest view of the golf course imaginable."
570,6376,4,15,116,135,1.1703703703703703,0.038691621073106634,645,Perhaps you would prefer The Muffin Man model. It's over on Drury Lane.
3310,6376,0,23,112,135,1.1703703703703703,0.03247781185995596,645,It's an open plan design for good reason.
4774,6376,2,19,114,135,1.1703703703703703,0.035720091016650315,645,"No rats or mice, but we do have some other, er...friends."
5860,6376,3,17,115,135,1.1703703703703703,0.03723551022547329,645,Very few people play the Don Quixote course ...So it's a steal!
6963,6376,1,21,113,135,1.1703703703703703,0.034137465968115434,645,"I'll just come out and say it––I'm a big fan of the place""
""Yes, that's obvious, but I feel there's another big thing to discuss"
197,6381,7,10,124,141,1.1702127659574468,0.04144972517610135,645,"JESUS! FUCK!! Did any of you guys hear a giant ""whooshing"" sound just now?"
3847,6382,4,17,126,147,1.1700680272108843,0.03659914869499552,645,This ecofriendly tiny house just came on the market and is a real “whole in one!”
7528,6383,1,16,89,106,1.169811320754717,0.03901689019197877,645,"It's golf course living with a capital ""G."""
6468,6383,1,16,89,106,1.169811320754717,0.03901689019197877,645,"Ok, this is a working windmill. That’s in the contract. But no, there is nothing that says the clouds will always look like elephants."
244,6383,5,8,93,106,1.169811320754717,0.04734021332357484,645,"Sure, Mini or Maxi both work, but we prefer Couples Fantasy Golf"
3789,6383,4,10,92,106,1.169811320754717,0.045402657171187806,645,This house will set a wind beneath your sails.
1067,6387,1,17,94,112,1.1696428571428572,0.037814304579279104,645,And no lawn maintenance keeps your weekends free for 18 holes!
1792,6387,3,13,96,112,1.1696428571428572,0.04185298021126824,645,Just make sure to watch out for brightly-colored boulders
2575,6387,7,5,100,112,1.1696428571428572,0.048940500570237876,645,we can't putt putt around with this offer anymore
5236,6387,1,17,94,112,1.1696428571428572,0.037814304579279104,645,"To be fair, the listing did say there was a window unit."
843,6391,3,14,101,118,1.1694915254237288,0.04046858081270881,645,It grinds cannabis for a French Press.
2221,6391,2,16,100,118,1.1694915254237288,0.038637306859440015,645,"I know you thought I'd be showing you houses today, but I'm actually here to tell you that you've been shrunk to the size of mice and this mini golf course is your new home. And don't worry about the elephant. 

He's terrified of mice."
6855,6391,1,18,99,118,1.1694915254237288,0.036714805320283504,645,As I mentioned over the phone... through-traffic in this neighborhood is really quite manageable...
7312,6391,0,20,98,118,1.1694915254237288,0.034685910368074606,645,"Er, you don’t have little children, do you?"
5362,6395,5,11,108,124,1.1693548387096775,0.04241863934962231,645,It's a BEAUTIFUL Security Fence
4721,6395,3,15,106,124,1.1693548387096775,0.0392056153777788,645,"You'll es=]]]]]]]]]]]]]
























































You'll especially love staying home when it's windy."
5648,6395,3,15,106,124,1.1693548387096775,0.0392056153777788,645,This one is a real bargain although it is in a flood zone
1298,6395,1,19,104,124,1.1693548387096775,0.03570461580842631,645,It's a steal at half a windmillion.
1004,6395,3,15,106,124,1.1693548387096775,0.0392056153777788,645,"Windmill, elephant, chapel, open manhole --- sure, Bob's a little off the wall, but I think you're going to really love it in this cartoon."
2713,6395,1,19,104,124,1.1693548387096775,0.03570461580842631,645,"Sorry, Don. Your request is denied. Par stays at 3."
6844,6401,2,18,110,130,1.1692307692307693,0.036446939955723866,645,Let us begin by addressing the elephant in the room(or should I say picture)
5966,6401,4,14,112,130,1.1692307692307693,0.0395840953021522,645,And this is definitely the only place on the market in the whole town?
5293,6401,1,20,109,130,1.1692307692307693,0.034772386282210736,645,Watch out for the golf balls
5611,6401,0,22,108,130,1.1692307692307693,0.033013001429473415,645,You guys Lord of the Rings fans?
2496,6401,5,12,113,130,1.1692307692307693,0.04106289304550681,645,"This property is great, but you should wait until you see the back nine."
1612,6401,0,22,108,130,1.1692307692307693,0.033013001429473415,645,"Well, it's not really a turbine. Just looks like one maybe."""
641,6401,1,20,109,130,1.1692307692307693,0.034772386282210736,645,"Look at it like this: you make it past the hole, you dodge the spinning blades...what's junior done at school that day that's really so bad?"
5109,6401,4,14,112,130,1.1692307692307693,0.0395840953021522,645,"Now if you are trying to start a family, put your fence inside your house."
6805,6409,4,15,117,136,1.1691176470588236,0.03842649528875689,645,"The former tenants, the Fingerdykes, moved across town to Ocean Avenue so he could be closer to his work."
1887,6409,2,19,115,136,1.1691176470588236,0.03547859377751011,645,"You told me that you didn't want your new house to be ""underwater"" like your last one . . ."
3528,6409,2,19,115,136,1.1691176470588236,0.03547859377751011,645,"In order to move on to the church, one of you have to jump into the hole."
4360,6409,4,15,117,136,1.1691176470588236,0.03842649528875689,645,"And lastly, it was designed by the miniature golf champion."
5796,6409,1,21,114,136,1.1691176470588236,0.03390867373631621,645,"It doesn’t have the bathroom you wanted, but it is waterfall adjacent."
5915,6414,4,17,127,148,1.1689189189189189,0.03636917396635243,645,It comes with crossing gates in case they decide to build a railroad across your front lawn
4124,6414,5,15,128,148,1.1689189189189189,0.03761177313491139,645,To dream the impossible (American) dream...
2348,6416,2,22,130,154,1.1688311688311688,0.0329687147439996,645,It's Panza but after you marry us it will be Rocinante.
7207,6416,4,18,132,154,1.1688311688311688,0.03544997923156578,645,Very cool house!
6356,6418,2,14,91,107,1.1682242990654206,0.040898869966335565,645,I think you'll love this next place! It's got a great yard and a lovely skylight in the kitchen.
6998,6419,5,9,99,113,1.168141592920354,0.04515504766039441,645,Careful you don't fall into the hole over there.
7350,6419,2,15,96,113,1.168141592920354,0.03955875238840682,645,"Sorry, this mill is not gonna save you utility bill or maintenance fees."
376,6421,2,16,101,119,1.1680672268907564,0.03833771426240422,645,With this Dutch style house you can wave the American Dream at your neighbors. No need to bring up the elephant in the room.
1940,6421,2,16,101,119,1.1680672268907564,0.03833771426240422,645,Many people have died here...which is why it's such a bargain.
4376,6421,1,18,100,119,1.1680672268907564,0.036432821487890565,645,Most people don’t realize that the key is to strike the ball just as the blade covers the door.
4653,6421,1,18,100,119,1.1680672268907564,0.036432821487890565,645,No playing between 10-9
6248,6421,4,12,103,119,1.1680672268907564,0.04188842371658611,645,This is a new community for the golf and Total Wipeout enthusiast.
6827,6421,2,16,101,119,1.1680672268907564,0.03833771426240422,645,The only thing that's not miniature is the ball.
6814,6427,4,13,108,125,1.168,0.04053831321983782,645,Millenial country club.
4890,6427,3,15,107,125,1.168,0.03891429789479905,645,"No, white is the only color the balls come in"
2942,6427,2,17,106,125,1.168,0.037219488478223955,645,"It's a great place if you don't mind
occasional visits by rather large golf balls."
2084,6427,1,19,105,125,1.168,0.03544373096213391,645,The previous owner got used to the moving shadows.
2066,6427,3,15,107,125,1.168,0.03891429789479905,645,It catches golf balls and insane knights.
638,6427,2,17,106,125,1.168,0.037219488478223955,645,There isn't a grain of truth to the rumor the previous owner was a cereal killer.
2242,6427,2,17,106,125,1.168,0.037219488478223955,645,"The financing is a little tricky, but my services are above par."
5357,6434,3,16,112,131,1.16793893129771,0.03777839974721517,645,Going in and will keep you fit if you time it right
6214,6434,2,18,111,131,1.16793893129771,0.0361907125567332,645,"Strictly speaking, the dining room carries a two stroke penalty, but for you, I can put in a word with the course marshal."
7454,6434,2,18,111,131,1.16793893129771,0.0361907125567332,645,1. Package placed/Windmill activates.  2. Figure sneaks toward package/Windmill goes super warp.  3. Package sucked into house/Thief blown down hole.
1562,6437,2,19,116,137,1.167883211678832,0.03524030104440121,645,"Don't fence you in, you say."
4219,6437,2,19,116,137,1.167883211678832,0.03524030104440121,645,"Remember,it's all about location,location."
3740,6439,2,20,121,143,1.167832167832168,0.03435897480444273,645,Does it come with a clubhouse membership?
3330,6439,3,18,122,143,1.167832167832168,0.03576355974804333,645,It's a real hole in the ground
3613,6439,4,16,123,143,1.167832167832168,0.03711502744295631,645,"Yeah, dude, it's a mini golf course, how wild is that? Fucking crazy, man. This is a real funny situation we have here."
6056,6439,3,18,122,143,1.167832167832168,0.03576355974804333,645,Plenty of room for your Mini around the back.
5155,6443,2,21,126,149,1.167785234899329,0.033538903130483196,645,"Yes, well, the life-size golf balls going through your living room can be a bit of a hassle. But the previous owners are willing to take off $10,000 and throw in 10 free rounds of golf!"
645,6444,5,16,135,156,1.1666666666666667,0.03618870372594482,645,You never have to worry about water in the basement.
7010,6444,2,18,112,132,1.1666666666666667,0.035938021201469154,645,It's a WINDER of a deal!
6739,6444,3,14,103,120,1.1666666666666667,0.03984095364447978,645,"I get wanting to live on a putt-putt course, but this door seems inconvinient."
6637,6444,3,17,118,138,1.1666666666666667,0.03648488835845413,645,It's a great place to host parties
5875,6444,2,17,107,126,1.1666666666666667,0.036946980459563475,645,"Putt Putt"" is no longer acceptable by the PC Police because it sounds like old people expelling gas"
5774,6444,4,12,104,120,1.1666666666666667,0.041561491909104395,645,It's a great penthouse; power's free and the fan makes for a great conversation piece at parties.
5646,6444,0,22,110,132,1.1666666666666667,0.032561027715190156,645,Wait till you see the elephant!
5391,6444,2,20,122,144,1.1666666666666667,0.03413943709994594,645,"The Giant? Oh, no worries-he gave up putt-putt years ago after the misses passed."
5241,6444,3,13,98,114,1.1666666666666667,0.04116881582922976,645,This is a limited time offer for you to join an exclusive miniature golf community.
5092,6444,1,20,111,132,1.1666666666666667,0.034291120525193015,645,"Let's address the elephant in the room - his name is Dumbo, and he doesn't like it."
4934,6444,0,23,115,138,1.1666666666666667,0.03184002999586958,645,Its Killing all the Birds
4693,6444,3,14,103,120,1.1666666666666667,0.03984095364447978,645,"Yeah it is perfect beach location, our concern is cocktail parties."
4208,6444,3,17,118,138,1.1666666666666667,0.03648488835845413,645,One question - how do you deal with those balls always rolling through?  I'm not sure I can write you a policy to cover that hazard.
3926,6444,4,15,119,138,1.1666666666666667,0.03790690703982399,645,"I'll take the elephant, not the windmil"
3334,6444,3,15,108,126,1.1666666666666667,0.03862723769652047,645,"The previous occupant, opposed to clean energy, just lost his House!"
3231,6444,1,19,106,126,1.1666666666666667,0.03518657752744984,645,"And if there's not enough wind to operate the windmill, you just hitch up the elephant."""
2930,6444,3,16,113,132,1.1666666666666667,0.03751268837181866,645,"Buy from me, it's a jungle out there."
2718,6444,4,10,94,108,1.1666666666666667,0.04461286882811304,645,"Yes, it's drafty, but you must never shut the front door!"
2169,6444,4,13,109,126,1.1666666666666667,0.040237390808147824,645,"While the timing was never going to be right for Macro Golf, the door to this place will improve your timing in a hurry."
2123,6444,1,19,106,126,1.1666666666666667,0.03518657752744984,645,The business is for sale but the concept of macro golf has been slow to catch on.  It's  a scaleability problem.
1804,6444,2,17,107,126,1.1666666666666667,0.036946980459563475,645,Now the first one to get a hole in one wins the house
1459,6444,4,12,104,120,1.1666666666666667,0.041561491909104395,645,If you take down the wind vanes you could have a nice house with a pool in the basement.
1395,6444,4,14,114,132,1.1666666666666667,0.039023867182598794,645,The last owner had a lot of dough.
738,6444,4,14,114,132,1.1666666666666667,0.039023867182598794,645,"It's 100% energy self-sufficient, and you get free greens fees!"
4095,6444,5,14,125,144,1.1666666666666667,0.03816905103452871,645,And it is so convenient to the local sports amenities.
4750,6469,4,18,135,157,1.1656050955414012,0.0348196324930958,645,"And after work on Friday, you ditch this place and head to your weekend grotto."
4004,6470,5,14,126,145,1.1655172413793105,0.03792232571568649,645,"Between Russian meddling with underseas cables and unseasonably hot and cold weather, alternative energy properties are attracting far more interest than anticipated."
2482,6470,3,18,124,145,1.1655172413793105,0.03530625874346591,645,"White elephant? That's just the ghost of the Republican Party. Ignore it! Now, about this house here, not only does it run completely on wind energy, you have the entrance to a future Boring Company station literally right outside your front door!"
350,6470,3,18,124,145,1.1655172413793105,0.03530625874346591,645,Is it quiet? Does a bull smell?
637,6470,3,18,124,145,1.1655172413793105,0.03530625874346591,645,This is a difficult coarse to take.
848,6474,2,19,118,139,1.1654676258992807,0.03477308107373989,645,... and you'll be one of very few with a green coffee grinder!
2085,6474,3,17,119,139,1.1654676258992807,0.03624129663679543,645,Most of the drive by's happen over at number 9
4921,6474,4,15,120,139,1.1654676258992807,0.03765230399950993,645,Think of it as a starter home. And it can be yours for peanuts.
5640,6474,4,15,120,139,1.1654676258992807,0.03765230399950993,645,"My company, Double Dutch, thanks you fir your purchase."
6936,6474,1,21,117,139,1.1654676258992807,0.03324007750901876,645,This home comes with a super-sized mini-golf club.
7412,6474,2,19,118,139,1.1654676258992807,0.03477308107373989,645,What do we do if the wind doesn't blow?
6080,6480,2,18,113,133,1.1654135338345866,0.03568879425067709,645,"Seriously, this is not a white elephant!"
4171,6480,1,20,112,133,1.1654135338345866,0.034055379435772214,645,"""Just watch out for the balls, no problem!"""
2396,6480,2,18,113,133,1.1654135338345866,0.03568879425067709,645,"This is the hottest golf course development in years. 
All I have left is the windmill seven...  Be ready to take it now!"
2911,6480,3,16,114,133,1.1654135338345866,0.03725065370728289,645,And it even comes with a fully equipped home-entertainment center!
1073,6480,1,20,112,133,1.1654135338345866,0.034055379435772214,645,Snap this one up. The next development of these energy houses is in the Atlantic ocean.
1057,6480,1,20,112,133,1.1654135338345866,0.034055379435772214,645,Have you ever run track?
1945,6480,3,16,114,133,1.1654135338345866,0.03725065370728289,645,The white elephant lurking in the background is not a reflection of the great investment that you made with this dutch dream.
1268,6487,3,15,109,127,1.1653543307086613,0.038344343192484386,645,Is this what you meant by “curb appeal”?
1583,6487,0,21,106,127,1.1653543307086613,0.03309585357721388,645,"Yes, it's safe!  Just be careful when you go out on a windy day."
2643,6487,2,17,108,127,1.1653543307086613,0.03667838979440268,645,"Cool in the Summer, cold as hell in the Winter; plastic accoutrements recommended."""
2970,6487,3,15,109,127,1.1653543307086613,0.038344343192484386,645,They said it's time to minimize our lifestyle.
4801,6487,2,17,108,127,1.1653543307086613,0.03667838979440268,645,No puts allowed.
4983,6487,2,17,108,127,1.1653543307086613,0.03667838979440268,645,I can assure you it’s no white elephant.
5114,6487,3,15,109,127,1.1653543307086613,0.038344343192484386,645,This is a great second home for couples with oil rigs.
4880,6494,3,14,104,121,1.165289256198347,0.03953431998943537,645,This is a par-one with your credit score.
5025,6494,1,18,102,121,1.165289256198347,0.03588147660511141,645,Sometimes you're in the hole - sometimes you never even got out.
4753,6494,0,20,101,121,1.165289256198347,0.03390780612972773,645,Cool !  Retro air conditioning !!!
5941,6494,3,14,104,121,1.165289256198347,0.03953431998943537,645,It's a great little place- especially when the giant folks aren't playing miniature golf.
4414,6494,2,16,103,121,1.165289256198347,0.03775210471212318,645,This one slices easier and faster than the other ones do with one blade.
261,6494,2,16,103,121,1.165289256198347,0.03775210471212318,645,Makes no difference if you play golf or not!
4580,6494,1,18,102,121,1.165289256198347,0.03588147660511141,645,"And randomly enough, there's an elephant in the background!"
5344,6501,4,11,100,115,1.1652173913043478,0.04266205659437598,645,You’re not the first to complain about the golf course lot description.
7276,6502,3,12,94,109,1.165137614678899,0.042263837801483954,645,Just try not to get hit
1916,6503,3,18,125,146,1.1643835616438356,0.035081923502890106,645,"With the interest in building walls, this is a can't-lose investment."
6869,6503,4,16,126,146,1.1643835616438356,0.036403498018077796,645,"Yes, and besides a guaranteed deep sleep on windy nights, here’s a little secret about those propellors... Dodging them develops 7 separate motor skills.  You‘ll be, hands down, the jumpiest folks in town."
2612,6505,2,19,119,140,1.1642857142857144,0.034544033721419766,645,The tee is in the backyard
2631,6505,4,15,121,140,1.1642857142857144,0.03740107099514934,645,It has a big ball room with swinging doors. A house to die for.
3756,6505,2,19,119,140,1.1642857142857144,0.034544033721419766,645,"Yes, it is quite unusual in design but with wind power you will realize significant savings on your electric bills."
5571,6505,4,15,121,140,1.1642857142857144,0.03740107099514934,645,"Balls in your face,in your mouth,in your bed!"
3009,6509,2,18,114,134,1.164179104477612,0.03544296195119237,645,You will love living in this crime-free neighborhood!
3078,6509,3,16,115,134,1.164179104477612,0.03699222083773449,645,It's kind of a fixer-upper.
5216,6509,2,18,114,134,1.164179104477612,0.03544296195119237,645,The trick will be to unload it before the jumbo payments kick in.
6019,6509,5,12,117,134,1.164179104477612,0.03991072667561709,645,The whooshing drowns out the slaughterhouse screams.
7328,6513,3,15,110,128,1.1640625,0.03806552536364932,645,There's no better time to buy
4978,6513,1,19,108,128,1.1640625,0.03468315483177166,645,Have you seen Raiders of the Lost Ark?
4636,6513,3,15,110,128,1.1640625,0.03806552536364932,645,"This is hole no. 5,thousands less than much of the  holes. This includes the on again off again front door."
4619,6513,4,13,111,128,1.1640625,0.03964865341059671,645,"Look, I’m not gonna lie. Some wires got crossed at the office and we built fences where your blades should be. The really bad news is that we used the blades to build the new elephant cage at the zoo and... well..."
2505,6513,0,21,107,128,1.1640625,0.032861675748836264,645,Climbing all those stairs will keep you in great shape
1962,6513,2,17,109,128,1.1640625,0.03641363378114903,645,... and your kids will love riding it.
385,6513,2,17,109,128,1.1640625,0.03641363378114903,645,"Don’t worry, they won’t cross the aisle and the others can’t dig themselves out of the hole they’ve dug."
2866,6513,3,15,110,128,1.1640625,0.03806552536364932,645,"A Sheik wants it for an Airbnb, so we should close the deal today."
2455,6521,1,18,103,122,1.1639344262295082,0.035611931878833145,645,The HOA fee includes all lawn care.
2611,6521,3,14,105,122,1.1639344262295082,0.03923232960085896,645,"On the bright side, this house has “elephant bars”"
3003,6521,2,16,104,122,1.1639344262295082,0.037465887004401,645,And there's a little Raiders of the Lost Arc in it too.
5287,6521,3,14,105,122,1.1639344262295082,0.03923232960085896,645,Not only does it have a view of the third hole but it is Platinum LEED certified.
5660,6521,2,16,104,122,1.1639344262295082,0.037465887004401,645,"These are our latest ""tiny houses"" with retractable fences, guaranteed to keep out any intruder."
1840,6526,3,13,100,116,1.1637931034482758,0.04050647405497082,645,There is no longer an elephant in the room
5130,6527,0,18,92,110,1.1636363636363636,0.03543433054298679,645,"My dad used to own the theme park, but I’m more into Airbnb and stuff."
3753,6527,1,16,93,110,1.1636363636363636,0.03771468483790463,645,"Great views of the course, your own renewable energy — it’s a truly unique opportunity!"
4542,6527,3,12,95,110,1.1636363636363636,0.04190475862247781,645,Don’s harmless—he just doesn’t get the point of the game.
1663,6527,3,12,95,110,1.1636363636363636,0.04190475862247781,645,..Your slogan would simply say life-size golf instead of miniature golf.
1761,6527,0,18,92,110,1.1636363636363636,0.03543433054298679,645,"As a disclaimer, no children were harmed in the making of this house."
620,6527,1,16,93,110,1.1636363636363636,0.03771468483790463,645,"Now,​ this is a great starter home and comes with its own built-in safety door."
3177,6533,3,19,131,153,1.1633986928104576,0.03401965823654886,645,"It's the latest in sustainable home security, an elephant deflector, and a whole designed to stop those pesky self-driving cars that misinterpret the ""Home"" command."
6028,6533,1,23,129,153,1.1633986928104576,0.03139010230184952,645,You'll love the the unique laundry line..
1954,6535,3,17,121,141,1.1631205673758864,0.03576365267421032,645,"Indeed, the address is 1 for this starter home."
3935,6535,1,21,119,141,1.1631205673758864,0.03280860569140533,645,"The neighborhood is great, and for this price, it's a real hole in one."
4336,6535,1,21,119,141,1.1631205673758864,0.03280860569140533,645,This is the latest in whole house air conditioning designed to combat global warming.  The trained elephant nearby is there for calm days to provide trunk powered cool mist.  Because of the design of the house your payments will be made separately.
6938,6535,1,21,119,141,1.1631205673758864,0.03280860569140533,645,You can leave your food procressor behind.
7302,6539,1,20,114,135,1.162962962962963,0.033593359605032916,645,"And what’s more...Zero Co2 emissions: this property makes a very contemporary yet enduring environmental statement, Mr and Mrs Studebaker."
5608,6539,1,20,114,135,1.162962962962963,0.033593359605032916,645,"Let's talk behind the windmill, we can ignore the elephant in the room that way."
2003,6539,3,16,116,135,1.162962962962963,0.03673731683969508,645,It’s a great location to start a family.
3432,6539,4,14,117,135,1.162962962962963,0.038212416412649004,645,"Elephant, hmm? Well, when in Amsterdam...."
5509,6539,1,20,114,135,1.162962962962963,0.033593359605032916,645,They're all duffers here.  You won't by troubled by golf balls.
4109,6544,1,19,109,129,1.1627906976744187,0.034436735744024935,645,It's quiet and serene in the winter but in warmer months you have to watch out for the golf balls.
6889,6544,3,15,111,129,1.1627906976744187,0.037790697674418616,645,"Of course! It's those over-sized, colored spheres that makes the place so affordable."
5494,6544,2,17,110,129,1.1627906976744187,0.03615263198871635,645,"Don't worry. Before closing, we'll get the city to permit tilting again."
5367,6544,3,15,111,129,1.1627906976744187,0.037790697674418616,645,Both of you jump from the top into the hole and you keep the windmill.
4100,6544,2,17,110,129,1.1627906976744187,0.03615263198871635,645,This unit can definitely power you toaster.
400,6544,2,17,110,129,1.1627906976744187,0.03615263198871635,645,"Our homeowner's policy pays double if you get hit by a golf ball, even if it's as small as a minicar."
2692,6544,1,19,109,129,1.1627906976744187,0.034436735744024935,645,"'Well, your energy costs would be reduced, and there are hardly ever any tornadoes.  Free pet if you sign today.'"
2027,6544,2,17,110,129,1.1627906976744187,0.03615263198871635,645,Just keep everyone out of the way of the golf balls and you'll be fine.
1432,6544,0,21,108,129,1.1627906976744187,0.03263073302419136,645,"Other attractive features of this listing are cost-free electricity & air conditioning whose design, especially nice, won't leave any dead birds in your front yard!"""
3512,6544,2,17,110,129,1.1627906976744187,0.03615263198871635,645,Are you familiar with how the Paris sewers are cleaned?
5907,6554,2,16,105,123,1.1626016260162602,0.03718393166501752,645,Front doors are prohibited.
990,6554,2,16,105,123,1.1626016260162602,0.03718393166501752,645,"Well, we do live in New Amsterdam..."
2714,6554,1,18,104,123,1.1626016260162602,0.03534635416480587,645,"And it's always lots of fun to tie one of your tipsy dinner guests to the slats and watch them spin round and round until they agree to holler, ""Ok -- I'll talk! I'll talk!"""
4572,6554,4,12,107,123,1.1626016260162602,0.040610402814036446,645,"If you get this one, the next round’s on me!"
4731,6554,1,18,104,123,1.1626016260162602,0.03534635416480587,645,I think we lost him so let’s hurry back in the room.
6179,6554,4,12,107,123,1.1626016260162602,0.040610402814036446,645,"There is a little bit of damage from the previous owners, I think they said something about a donkey."
6208,6560,1,24,135,160,1.1625,0.03057044139021308,645,It gets great shadows.
301,6561,5,9,103,117,1.1623931623931625,0.04369681088647362,645,Honey I shrunk the kids!
1537,6561,4,11,102,117,1.1623931623931625,0.04197676816193102,645,This bargain is anything but mini.
2471,6561,2,15,100,117,1.1623931623931625,0.03830567363544256,645,"The ball is scary but watch out, the shoes will kill you."
4955,6561,2,15,100,117,1.1623931623931625,0.03830567363544256,645,Did I mention our catastrophic coverage?
1951,6565,3,19,132,154,1.1623376623376624,0.033814679942939393,645,Sure it looks dangerous but think of the energy potential and added security if someone trys to sneak in through the front door.
4189,6565,4,17,133,154,1.1623376623376624,0.03504732539676946,645,"If you see a club, just tuck and roll."
646,6567,4,16,128,148,1.162162162162162,0.03594398981665106,645,"Maxigolf never worked out, so now you get a home in one!"
6852,6567,2,20,126,148,1.162162162162162,0.03328833244884829,645,This next one you're gonna love - it breaks wind and balls.
6937,6567,2,20,126,148,1.162162162162162,0.03328833244884829,645,"It has 2 bathrooms, and 3 bedrooms,  but it does get a bit drafty."
7462,6567,2,14,95,111,1.162162162162162,0.03953153302469618,645,"This house is currently on the market for 200,000 tickets. “Honey this means I can’t get you the spider ring”."
5910,6571,2,19,121,142,1.1619718309859155,0.0340947751906559,645,It quiets down when the mini-golfers go home.
1493,6571,3,17,122,142,1.1619718309859155,0.035529478129694106,645,"Brilliant, eh?  First we shrunk you down to the size of a mouse.  Now this repurposed putt-putt hole #17 is perfect-sized as your new, affordable abode."
1281,6571,2,19,121,142,1.1619718309859155,0.0340947751906559,645,"It's noisy, but at least there are no elephants in the room."
526,6571,1,21,120,142,1.1619718309859155,0.03259698719873232,645,"No, this is The Windmill I do Mind!"
129,6575,4,14,118,136,1.161764705882353,0.03794932441939181,645,Thinking of buying this... but does it also run on Windows?
2541,6575,3,16,117,136,1.161764705882353,0.036485870717506655,645,"Don't worry, if the wind dies down the sermons from next door will help a lot."
2756,6575,6,10,120,136,1.161764705882353,0.040718744426068994,645,The neighborhood has been set up like a miniature golf course. Just watch out for the holes.
1746,6578,2,17,111,130,1.1615384615384616,0.035895306180967736,645,"It's not Augusta, but the electric bill is a hole in one"
2813,6578,1,19,110,130,1.1615384615384616,0.034193748280183574,645,The mill grinds slowly.
3311,6578,3,15,112,130,1.1615384615384616,0.037519775988167685,645,"The last owner was knocked into the hole when a giant ball rolled right through the living room, but don't worry. It's an easy fix and I can get you the place for a steal."
3554,6578,1,19,110,130,1.1615384615384616,0.034193748280183574,645,You won’t find a house more in vogue
5763,6582,4,12,108,124,1.1612903225806452,0.04030290629383383,645,It comes with a nuclear option.
5358,6582,1,18,105,124,1.1612903225806452,0.03508465797246783,645,The short game has its advantages.
3584,6582,1,18,105,124,1.1612903225806452,0.03508465797246783,645,This hole is a par 3 if you are 6 ft 5...par 5 if you are shorter
7437,6582,1,18,105,124,1.1612903225806452,0.03508465797246783,645,You can whisk away that pesky zoo odor.
3056,6582,2,16,106,124,1.1612903225806452,0.036906145404343574,645,"...and the dike is guaranteed not to burst for five years"""
1465,6582,3,14,107,124,1.1612903225806452,0.03864186734835741,645,I can assure you that the rumors of a ghostly elephant haunting the neighborhood are just that.
1377,6582,4,12,108,124,1.1612903225806452,0.04030290629383383,645,"Now, what are the Republicans up to?"
3537,6582,2,16,106,124,1.1612903225806452,0.036906145404343574,645,It looks the same when it’s windy.
7553,6590,3,18,128,149,1.1610738255033557,0.034425546828461204,645,Tim wants to tip toe through the tulips with me
6432,6591,1,17,100,118,1.1610169491525424,0.03604835828267723,645,"The children will love it and your miniature schnauzer will feel right at home here, too."
3269,6591,3,13,102,118,1.1610169491525424,0.039864937453414996,645,Claes Oldenburg and the Toll Brothers were inspired when playing miniature golf
5165,6591,4,11,103,118,1.1610169491525424,0.041642259662618,645,"The way I see it, you're gonna want to act fast, folks.  This baby's a hole-in-one."" 


Catherine Barron   Fredericksburg, V"
82,6591,2,15,101,118,1.1610169491525424,0.03800458770359806,645,Your windy mill home provides you with a cool breeze.
1966,6591,2,15,101,118,1.1610169491525424,0.03800458770359806,645,"Frankly, it's the golfball problem...."
3685,6596,2,19,122,143,1.1608391608391608,0.03387445266453964,645,"Now tell me, Where were you on the night of the hole in one?"
4622,6596,4,15,124,143,1.1608391608391608,0.03666694227504125,645,It's better when the shadows pass by.
6365,6596,1,21,121,143,1.1608391608391608,0.03238804543473721,645,"Actually, in this community pools are generally frowned upon."
4788,6599,1,16,95,112,1.1607142857142858,0.03709524470371652,645,YOU`LL  LOSE YOUR HEADS OVER THIS SCREAMING DEAL
2047,6600,3,16,118,137,1.1605839416058394,0.036237813341190174,645,Welcome to the Tiny People's Pitch-n-Putt.
6041,6601,3,15,113,131,1.1603053435114503,0.037252678486115236,645,Put-Put is slow this time of year so they’re leasing to qualified couples.
6431,6601,4,13,114,131,1.1603053435114503,0.03879693114778763,645,"Minor design flaws aside, as environmentally conscious homebuyers I knew you’d appreciate the LEED ultra-platinum rating."
4665,6601,2,17,112,131,1.1603053435114503,0.03564158024405726,645,"Sure, I know it is a fixer-upper.  That's why it just costs 'peanuts'.  But this place is perfect for a couple, like yourself, that likes to just putter a round.  PLUS, it's convenient.  You're just a few steps away from the Church and the Zoo."
1516,6601,2,17,112,131,1.1603053435114503,0.03564158024405726,645,"I'm really not supposed to tell you this, but the previous owners were Brobdingnagians."
3285,6601,2,17,112,131,1.1603053435114503,0.03564158024405726,645,"Truth to tell, the only other  “elephant in the room “ is the one  out of the room."
3146,6601,2,17,112,131,1.1603053435114503,0.03564158024405726,645,And the mini golf ball is included in the price.
4152,6601,3,15,113,131,1.1603053435114503,0.037252678486115236,645,And it comes with an elephant in the back yard.
7477,6608,0,20,105,125,1.16,0.032922195670124076,645,It's energy efficient and your neighbors are practically invisible.
1491,6608,1,22,127,150,1.16,0.0314880752258973,645,If you buy this house you can rest assured that it will never go underwater.
1872,6608,2,20,128,150,1.16,0.0328783262962813,645,It's perfect for you.  Backs up to the 9th green.  No little kids.
2560,6608,2,16,107,125,1.16,0.03663243759117005,645,"You're mature enough to let another man play-through, aren't ya Dave?"
2705,6608,2,16,107,125,1.16,0.03663243759117005,645,"Of course, if you buy the place you will have to adjust to being part of miniature golf in this land of giants."
4625,6608,1,18,106,125,1.16,0.034826760196814924,645,It would be easy to remodel those seven wee bedrooms.
6812,6608,1,18,106,125,1.16,0.034826760196814924,645,You'll love it. People in the neighborhood are very friendly.
6875,6608,3,14,108,125,1.16,0.03835319728439188,645,The sound repels elephants and other pests.
7217,6608,1,18,106,125,1.16,0.034826760196814924,645,Obviously this one is for a young couple like yourselves.
7534,6608,3,14,108,125,1.16,0.03835319728439188,645,"Perks include free putters, rotating shade, daily animal clouds, and more."
6137,6618,2,19,123,144,1.1597222222222223,0.033656929349029446,645,Well at least the elephant won't come in your house. They hate windmills.
3205,6618,3,17,124,144,1.1597222222222223,0.03507012960242173,645,"I know it's just over your budget, but let's putt it this way..."
2550,6618,6,11,127,144,1.1597222222222223,0.03900370856349365,645,The owners (unusual people) will pay you live in their house.
6973,6621,2,15,102,119,1.1596638655462186,0.03770815235364228,645,"Forget the Elephant, it just tilting the windmill."
938,6622,3,16,119,138,1.1594202898550725,0.03599307738663519,645,The good news is your just a four iron from work .
1590,6622,2,18,118,138,1.1594202898550725,0.034492246910911926,645,"Trust me, you'll get used to the outdoor toilet. Plus the windmill will push the smell away from you."
5456,6622,2,18,118,138,1.1594202898550725,0.034492246910911926,645,Think Big!
5712,6622,1,20,117,138,1.1594202898550725,0.0329230705458394,645,It's a little over budget but think of the money you'll save on wind!
5975,6622,3,16,119,138,1.1594202898550725,0.03599307738663519,645,It's cheap...damit...c'mon
6917,6622,1,20,117,138,1.1594202898550725,0.0329230705458394,645,Good news! TheQuixotes have this baby priced to sell. Bad news! It’s near a golf course.
1159,6628,2,14,97,113,1.1592920353982301,0.03888126533634789,645,This is specifically designed by the NSA to keep the elephant out of the bedroom.
3618,6628,2,14,97,113,1.1592920353982301,0.03888126533634789,645,Don't putt around on your offer.
6197,6630,1,19,112,132,1.1590909090909092,0.033717790045464394,645,Perfect choice for golf enthusiasts such as yourselves
6142,6630,1,19,112,132,1.1590909090909092,0.033717790045464394,645,I'm pretty sure you might have just passed some wind
7039,6630,4,13,115,132,1.1590909090909092,0.038521041374316646,645,Things have changed a lot since I took my first beanstalk up here. They have mini-golf now!
5244,6630,1,19,112,132,1.1590909090909092,0.033717790045464394,645,"No I'm not kidding, someone lives here!"
3331,6630,2,17,113,132,1.1590909090909092,0.03539138011654745,645,it’s a great neighborhood to raise a family.
6075,6630,1,19,112,132,1.1590909090909092,0.033717790045464394,645,The only drawback to living on this golf course is that it’s only a “par 3 course.”
3168,6636,4,16,131,151,1.1589403973509933,0.035275910561480224,645,Sorry we’re late; we hit the bank on our way here.
3904,6637,2,13,92,107,1.158878504672897,0.040167021932235245,645,Of coarse the fencing will need some attention
4027,6637,2,13,92,107,1.158878504672897,0.040167021932235245,645,"Well, no...a dog is not recommended."
6613,6637,3,11,93,107,1.158878504672897,0.04230514619003018,645,"For your ceremony, we will have to time the blade rotation."
6806,6640,2,16,108,126,1.1587301587301588,0.03636272016070186,645,It’s a foreclosure sale. The previous owner failed to pay his electricity bill.
6454,6640,1,18,107,126,1.1587301587301588,0.034572580038252664,645,With your legacy membership you get unlimited access to the big kids course
1894,6640,2,16,108,126,1.1587301587301588,0.03636272016070186,645,This property was designed with the putt-putterer in mind.
3974,6643,1,21,123,145,1.1586206896551725,0.03197799481205415,645,I think we could really save you some money on your electric bill with the installation of a couple solar panels.
5265,6643,1,21,123,145,1.1586206896551725,0.03197799481205415,645,You might get a few Cary Grant fans sometimes... otherwise it's very quiet.
7491,6643,1,21,123,145,1.1586206896551725,0.03197799481205415,645,The last golfers who played through left this real estate in turnkey condition.
1959,6646,1,14,86,101,1.1584158415841583,0.03913083731756337,645,"It was built on the Miniature Golf Course theme.
The price is right but you have to watch your step."
4352,6647,1,17,102,120,1.1583333333333334,0.03549536075208471,645,"We saw your ad in the paper for ""White Elephant"" open house. Which model is this?"
5937,6647,2,15,103,120,1.1583333333333334,0.03741626193688513,645,"Yep, climate change...but good news you can get in the front door."
5303,6647,1,17,102,120,1.1583333333333334,0.03549536075208471,645,We're gonna need a bigger ball!
3568,6647,2,15,103,120,1.1583333333333334,0.03741626193688513,645,Think about it this way........no air conditioning bills.
1696,6647,2,15,103,120,1.1583333333333334,0.03741626193688513,645,To help pay off the mortgage you'll have a grinding service for your neighbor farmers.
1599,6647,3,13,104,120,1.1583333333333334,0.03924325011691262,645,"Bet you were so worried the door would shop your head off you didn't notice the haunting soul of Zumbo the elephant, he's the one you should be scared of. Also, watch out for the big ass hole."
966,6647,3,13,104,120,1.1583333333333334,0.03924325011691262,645,"Tired of the same old grind?  Buy this baby today and we'll throw in a new millstone!!""  (and we'll toss in the elephant in the background"
2087,6647,0,19,101,120,1.1583333333333334,0.0334643782627389,645,I hope you love playing mini-golf!
1015,6655,3,16,120,139,1.158273381294964,0.03575159727802202,645,"We call him ""Down"" Quixote now."
4870,6655,2,18,119,139,1.158273381294964,0.034262403496756605,645,"It was a build by a guy who just loved ""Putt Putt"" golf ."
5299,6655,3,16,120,139,1.158273381294964,0.03575159727802202,645,This is the most affordable in Vancouver
5331,6655,4,14,121,139,1.158273381294964,0.03718119312885459,645,It's the latest in urban planning.
5687,6659,2,17,114,133,1.1578947368421053,0.03514463372218593,645,Invest with us and we’ll protect your wealth in case of a rainy day.
6175,6659,3,18,131,152,1.1578947368421053,0.03379306652603567,645,It's a safety feature that keeps the elephant away!
3823,6659,1,19,113,133,1.1578947368421053,0.03348468475159745,645,"If you make a hole in one, you get two weeks' free time share."
4538,6659,0,21,112,133,1.1578947368421053,0.03173803627134353,645,"You can always make 'it' a play area for children"""
298,6659,4,13,116,133,1.1578947368421053,0.038249021066846925,645,"The owners are Dutch, which presents some difficulties, but it could always be worse. I mean, Christ, at least they're not Belgian!"
149,6659,2,14,98,114,1.1578947368421053,0.0385640150731949,645,This house is great it has the best air conditioning you can ask for.
3659,6659,0,21,112,133,1.1578947368421053,0.03173803627134353,645,Have you seen that movie “Downsizing” with Matt Damon?
3924,6666,2,19,125,146,1.1575342465753424,0.03323007238001543,645,"A fine, roomy home, if you don't mind stray pars."
4631,6666,4,15,127,146,1.1575342465753424,0.035960872249713095,645,"Sorry, but I warned you about taking more than one tab before our appointment."
7164,6666,2,19,125,146,1.1575342465753424,0.03323007238001543,645,It's a McGolf course for the McMansion set.
1146,6669,0,20,107,127,1.1574803149606299,0.032450238505315046,645,"Grab a blade and hold on tight for the best view in town! 
Sure, the motor can be a bit noisy, but Holeowners' Association rules let you shut it off at night when the course is closed."
3044,6669,4,12,111,127,1.1574803149606299,0.039407556215316816,645,...and when you feel like puttin around here's the guest house.
4915,6669,2,16,109,127,1.1574803149606299,0.03609690752623545,645,"If you pick the first floor, electricity’s on us!"
1305,6672,2,13,93,108,1.1574074074074074,0.03982054986990179,645,Dutch mini-golf has its differences
20,6672,2,13,93,108,1.1574074074074074,0.03982054986990179,645,"Three beds, two baths, and really friendly neighbors."
1271,6672,1,15,92,108,1.1574074074074074,0.03758465013024766,645,Don't worry about that - they're allowed to set place the ball six feet from any hazard.
4394,6672,1,15,92,108,1.1574074074074074,0.03758465013024766,645,If you buy it he will come.
7015,6676,3,16,121,140,1.1571428571428573,0.03551330913238342,645,Two green aspects. Door security and the neighbors when they see your Christmas Lighting
5320,6676,1,20,119,140,1.1571428571428573,0.032490695278719596,645,"We let him out of the room, but he's still there."
5524,6676,2,18,120,140,1.1571428571428573,0.03403557260592834,645,No worries...They are 90% air!
404,6676,2,18,120,140,1.1571428571428573,0.03403557260592834,645,"it took a decade to build, the builders just wouldn't stop putt-ering around"
3206,6676,1,20,119,140,1.1571428571428573,0.032490695278719596,645,"The yard is not level, but you never have to mow it."
3505,6681,2,15,104,121,1.1570247933884297,0.037128813933096506,645,"The last owner was Terry Gilliam, who hardly used it at all."
5679,6681,1,17,103,121,1.1570247933884297,0.03522510152216095,645,Make sure you get home insurance before Jimmy's 10th Birthday Party... It's going to be a category 5.
5760,6681,2,15,104,121,1.1570247933884297,0.037128813933096506,645,We call it life-size mini golf.  For children and the fraud golfers-at-heart.
7152,6684,1,22,130,153,1.1568627450980393,0.030921028413990997,645,"It's a cute house and location, location, location. The lot size is 364-4π square feet."
7305,6684,3,10,89,102,1.1568627450980393,0.04349580083409345,645,the security system is intermittent BUT clog free & yes there are two putters & balls included
7442,6686,3,15,116,134,1.1567164179104477,0.036473546049626375,645,"This model is called Fairway Fairytale, the most popular home in our maxigolf community."
3250,6686,3,15,116,134,1.1567164179104477,0.036473546049626375,645,The good news is that this home is within your budget
4267,6686,2,17,115,134,1.1567164179104477,0.034901270905228765,645,Fixer Upper
5276,6686,2,17,115,134,1.1567164179104477,0.034901270905228765,645,Obstruction views of the White House
5510,6686,0,21,113,134,1.1567164179104477,0.031522325573029544,645,"And here is our Fence Model. When necessary, it prevents the elephant from coming into the center of the room and keeps him in the middle of the yard."
5911,6686,0,21,113,134,1.1567164179104477,0.031522325573029544,645,"It's the tops in going off the grid, but the neighborhood is a real zoo."
6960,6686,4,13,117,134,1.1567164179104477,0.03798079004007504,645,"Par-don my question, but why was this house putt on the market?"
5826,6693,1,16,98,115,1.1565217391304348,0.036202886947237084,645,Home buyer's special: conserve both energy and endangered species at a new low price.
3709,6693,2,14,99,115,1.1565217391304348,0.0382518538715596,645,It’s generally safe but please keep the kids away from the sinkhole at house 18 down the block.
2359,6693,3,12,100,115,1.1565217391304348,0.04019651260878074,645,The entire property was Mr. Kongs. This is only the 16th hole.
605,6696,4,15,128,147,1.1564625850340136,0.03573147697413617,645,Look out for the Golf balls
6310,6697,4,12,112,128,1.15625,0.03911782499428444,645,Do you have anything for a nuclear family?
600,6697,3,14,111,128,1.15625,0.03751230113203498,645,"You'll get used to the red, green, blue and yellow balls rolling through."
1664,6697,0,20,108,128,1.15625,0.03221922171672519,645,"At My Gulliver's Industries, we're proud that our self-powering, eco-friendly cell towers spin money for you 24/7 while also soothing those neighbors who complain about the ""eyesore problem"" caused by our competitors' cell towers."
1772,6697,2,16,110,128,1.15625,0.035834916494356175,645,This is our miniature model.
1895,6697,5,10,113,128,1.15625,0.04066000157828891,645,Play any day but Sunday. The elephant plays on Sunday/
2790,6697,3,14,111,128,1.15625,0.03751230113203498,645,And as you can see
2964,6697,3,14,111,128,1.15625,0.03751230113203498,645,What’s so complicated about hit or miss? Focus on the energy efficiency!
5015,6697,2,16,110,128,1.15625,0.035834916494356175,645,Homes on the golf links never become white elephants
6767,6697,0,20,108,128,1.15625,0.03221922171672519,645,The house is powered by renewable energy...the first wind-powered turbine of its kind.
6776,6706,2,18,121,141,1.1560283687943262,0.03381169612215245,645,"Well, it's a no brainer for ease of living with energy galore and a church nearby. Now the elephant...hmmm....we are still investigating but ofcourse he can also be used for your transportation! Just a great deal!"" says the realtor!"
4889,6707,2,13,94,109,1.1559633027522935,0.039479952560727984,645,The blades are made from carbon fiber so they will last for years.
6579,6708,4,11,107,122,1.1557377049180328,0.04035557276915351,645,The oil company has patented this model.
6533,6708,3,13,106,122,1.1557377049180328,0.038640513151905136,645,It’s called guillotine golf. The object’s to get the head in the hole.
3327,6708,2,15,105,122,1.1557377049180328,0.03684570883778276,645,It’s Utopia for adults who were shrunk by their parents when they were kids
5503,6708,0,19,103,122,1.1557377049180328,0.032964227064969695,645,"William and Julia, welcome to Bedminster Miniature Golf Club, a subsidiary of TrumpCo...."
2422,6712,3,15,117,135,1.1555555555555554,0.03622097078895108,645,This community was designed for couples planning for an early retirement.
4617,6712,0,21,114,135,1.1555555555555554,0.03130948364878312,645,"It's a great house for the two of you, unless a golf ball comes through!
Jeffrey Manly
Toronto,On"
4632,6712,3,15,117,135,1.1555555555555554,0.03622097078895108,645,The HOA fee includes the wooden shoes and ten tulip bulbs.
6906,6712,2,17,116,135,1.1555555555555554,0.03466122336820361,645,Live off the rails!
1119,6716,2,19,127,148,1.1554054054054055,0.03281380085501337,645,I'm afraid the President did not see that coming..
1121,6716,3,17,128,148,1.1554054054054055,0.034185877053393134,645,We only cover damages intermittently.
2383,6716,2,19,127,148,1.1554054054054055,0.03281380085501337,645,The HOA includes an unlimited supply of pink golf balls.
2921,6716,4,15,129,148,1.1554054054054055,0.03550496941650487,645,Welcome to Trump Putt-Putt!
6243,6720,1,14,88,103,1.1553398058252426,0.03842829154381203,645,The previous owners recommend putting around the house.
308,6720,2,12,89,103,1.1553398058252426,0.04083014817602034,645,now the whole neighborhood can see your white picket fence.
6786,6722,3,12,101,116,1.1551724137931034,0.039871322779526826,645,"Retro? I’m not quite sure. But it has a certain charm. Biddings
bound to be brisk!"
2024,6722,0,18,98,116,1.1551724137931034,0.03376310512594238,645,"No, the elephant doesn't care if you snore."
1554,6722,0,18,98,116,1.1551724137931034,0.03376310512594238,645,The golf ball will be installed next week !
425,6722,0,18,98,116,1.1551724137931034,0.03376310512594238,645,Noise? Sure. But consider the carbon footprint reduction in pure wind power.
918,6722,2,14,100,116,1.1551724137931034,0.037944661583784824,645,Sure we’ll reduce the price for fencing off that hole.
1233,6722,1,16,99,116,1.1551724137931034,0.0359147922899005,645,It makes the perfect Airbnb rental and your guests could pump their own artisanal water.
3286,6728,1,18,110,129,1.1550387596899225,0.0338315702521242,645,The previous owner was a pink dog named Courage
199,6728,0,20,109,129,1.1550387596899225,0.031991422517866616,645,"This house comes with ""Neighbor Protection Insurance"""
901,6728,3,14,112,129,1.1550387596899225,0.037240075291813245,645,"We discovered a typo in the blueprints. Your house is ginormous, by the way."
4663,6728,0,20,109,129,1.1550387596899225,0.031991422517866616,645,"This purchase would doubtless be a turning point in your lives.

Margaret Agner, Bogart, GA"
3989,6732,3,16,123,142,1.1549295774647887,0.035046061344057314,645,"With three offers on the table, I suggest you move fast.  This IS the last unsold home in Hacker Haven."
2156,6732,3,16,123,142,1.1549295774647887,0.035046061344057314,645,"You would have had a case if the ad said ""Diminutive Golf"". Sorry."
6942,6732,3,16,123,142,1.1549295774647887,0.035046061344057314,645,Huh... The weather report didn't say it was gonna be this windy
6834,6735,1,17,105,123,1.1544715447154472,0.0346966064847819,645,The hailstones are as big as golf balls!
7037,6735,3,13,107,123,1.1544715447154472,0.03834598472082072,645,But they're only miniature balls.
6410,6735,3,13,107,123,1.1544715447154472,0.03834598472082072,645,"Finally, this community boasts a unique, green, public transit system."
3386,6735,2,15,106,123,1.1544715447154472,0.03656685005417629,645,WE all this open “air” concept...
5967,6735,2,15,106,123,1.1544715447154472,0.03656685005417629,645,"Yes, but how do we get the elephant “back” in the room?"
2673,6735,2,15,106,123,1.1544715447154472,0.03656685005417629,645,How was I supposed to know what you meant by 'Gigantic Mini-Golf Course?'
1008,6735,1,17,105,123,1.1544715447154472,0.0346966064847819,645,And it's cool in the summer.
3384,6742,4,13,119,136,1.1544117647058822,0.03745538590930917,645,The asking price is one giant orange golf ball.
4685,6742,2,17,117,136,1.1544117647058822,0.03442442461201057,645,"It comes with a free elevator to heaven, accessible via the front door."
5397,6742,2,17,117,136,1.1544117647058822,0.03442442461201057,645,The Jolly Green Giant got bored with mini golf.
6848,6742,2,17,117,136,1.1544117647058822,0.03442442461201057,645,The green carpet is shiny new and I'm sure you'd both enjoy puttering around this home...!
6887,6742,4,13,119,136,1.1544117647058822,0.03745538590930917,645,"It’s what we call, in real estate, a step up home"
6774,6747,1,21,127,149,1.1543624161073827,0.031187909060613684,645,"Lilli can putt, and how!!"
7411,6748,2,16,112,130,1.1538461538461537,0.03532207794572837,645,"Yes, it’s a pricey neighborhood but this particular model saves you a bundle with it’s wind powered appliances."
6542,6748,1,18,111,130,1.1538461538461537,0.033591496037349206,645,It even comes with a pet elephant named Sancho!
6372,6748,0,20,110,130,1.1538461538461537,0.0317667754367733,645,The villagers are nice but there appears to be an elephant in the room!
5561,6748,2,16,112,130,1.1538461538461537,0.03532207794572837,645,This house is perfect for a putt-putter-er
5122,6748,4,14,125,143,1.1538461538461537,0.03620380210530335,645,Don't worry Paul Bunyan can't putt for beans.
2121,6748,3,16,124,143,1.1538461538461537,0.03481698192894427,645,Property taxes are high but the school district is amazing.
1466,6748,2,14,101,117,1.1538461538461537,0.03764232176376304,645,Just BE the ball Danny
818,6748,2,16,112,130,1.1538461538461537,0.03532207794572837,645,And that's how you build equity.
521,6748,2,18,123,143,1.1538461538461537,0.033372581176781886,645,"Sorry, no.  The 'No Children' policy applies only to the homeowners."
3273,6748,0,22,121,143,1.1538461538461537,0.030277765140806327,645,We call this our 98.3% hole in one.
3727,6758,3,17,130,150,1.1533333333333333,0.03376013118853751,645,I’m rather looking for a Sancho Panza’ s style
111,6759,1,19,117,137,1.1532846715328466,0.032583266766481996,645,"Hit or miss? I guess they never miss, huh?"
2345,6759,1,19,117,137,1.1532846715328466,0.032583266766481996,645,Comes with a built-in neighbor repellant and more!
3770,6759,2,17,118,137,1.1532846715328466,0.03419080987826269,645,What a stroke of luck we landed this property
3903,6759,1,19,117,137,1.1532846715328466,0.032583266766481996,645,"It's everything you asked for - big on energy efficiency and precise timing on when you get in the house.""   ""Sir, we meant marketing timing and a windmill, really?""  ""Shush dear, I think we have one wish left.""   Clients at Aladdin's Genie Realtor"
4260,6759,2,17,118,137,1.1532846715328466,0.03419080987826269,645,This second house we're looking at is built on a jumbo-mini golf course. It's a real hole-in-one.
4569,6759,2,17,118,137,1.1532846715328466,0.03419080987826269,645,I hope you can handle a 30 foot club.
6247,6765,2,15,107,124,1.153225806451613,0.036292143789718685,645,"What's not to love? 2 bedrooms, 1 bath, giant wind blades, and free access to the community elephant."
6751,6765,3,13,108,124,1.153225806451613,0.038055880549727354,645,The owners said that it's time to putt your money where your mouths are.
5871,6765,2,15,107,124,1.153225806451613,0.036292143789718685,645,The price reflects that it is a fixer upper
5840,6765,3,13,108,124,1.153225806451613,0.038055880549727354,645,Property prices are bound to rise - Tiger is back!
5053,6765,2,15,107,124,1.153225806451613,0.036292143789718685,645,It even has income potential if you install straps on the blades and offer rides.
4066,6765,2,15,107,124,1.153225806451613,0.036292143789718685,645,Do we get elephant insurance?
3230,6771,3,11,97,111,1.1531531531531531,0.04087134124703275,645,What's the difference between a house and a windmill?
3610,6771,2,13,96,111,1.1531531531531531,0.03881580053961578,645,"Remember--location, location, recreation."
6053,6771,3,11,97,111,1.1531531531531531,0.04087134124703275,645,You are going to want to avoid the blue balls.
831,6774,4,14,126,144,1.1527777777777777,0.035967378766307144,645,It comes with Hans Christian Anderson's coffee maker.
4383,6774,3,16,125,144,1.1527777777777777,0.034590854834679996,645,The Smart No Soliciting is still in Beta.
939,6776,1,18,112,131,1.1526717557251909,0.03335476742553483,645,Combining miniature golf with suburban living is all the rage; its worth considering
3073,6776,2,16,113,131,1.1526717557251909,0.03507107529158209,645,"It's way under your price range. Entry is in back, and no lawn care needed, just watch out for the giant putt-putt monsters."
4936,6776,1,18,112,131,1.1526717557251909,0.03335476742553483,645,"Absolutely, it's a shoe-in."
5724,6776,4,12,115,131,1.1526717557251909,0.03827348881798498,645,"If anyone catches wind of the deal, they will be dealing with a hole in one."
6839,6776,1,18,112,131,1.1526717557251909,0.03335476742553483,645,"No, They're not stationary, they do move all the time, BUT the view from here is worth the feat of Beating the Blades."
6911,6781,3,12,103,118,1.152542372881356,0.03923637059722438,645,He's just there in case the wind turbines can't power your tv anymore.
6512,6781,1,16,101,118,1.152542372881356,0.03535199675201259,645,"It has all the benfits of a neighborhood where the doors are always open, plus a quick commute downtown."
2975,6781,1,16,101,118,1.152542372881356,0.03535199675201259,645,We can guarantee you there won't be any large golf balls rolling through your living room.
1781,6781,1,16,101,118,1.152542372881356,0.03535199675201259,645,"Giants of the game moved on, could never fill the hole leaving left!"
6196,6785,5,13,133,151,1.1523178807947019,0.03608714540736325,645,"I know it's a daily grind, but you get co-generation, too."
6560,6785,6,11,134,151,1.1523178807947019,0.037290511989013106,645,"Hahahahaha... like... hahahaha... if you, like, try to get in the house you finna get smacked by the big fan blades, homie... hahahahaha"
3058,6787,2,17,119,138,1.1521739130434783,0.033960316093773125,645,"This is the perfect mausoleum for your recently-deceased, gigantic loved one. It has been disturbed but once in 400 or so years by a crazed knight riding a decrepit horse. Other than that misfortune, all giants who enter here rest in eternal peace."
7007,6787,1,19,118,138,1.1521739130434783,0.032365360285218366,645,"If you don't want to live in a Dutch windmill, we also have the Africa theme park."
2798,6789,2,15,108,125,1.152,0.036021498956828185,645,That elephant cloud IS the wind.
5940,6789,4,11,110,125,1.152,0.03944125889504297,645,For the love of god Dale! I told you not to call the freaking elephant Donald Trunk.
341,6791,0,17,95,112,1.1517857142857142,0.034057028381856966,645,"I'll warn you, the neighborhood is very loud."
1341,6791,3,11,98,112,1.1517857142857142,0.04052785048368707,645,"Solar panels - not needed! This Dutch-Dyke Colonial only utilizes 
heaven-sent, wind-sweeping cross power, instead!"
4122,6791,1,15,96,112,1.1517857142857142,0.03634221158759841,645,"But, miniature and Dutch needn't be an oxymoron...."
6013,6791,2,13,97,112,1.1517857142857142,0.03849196674571115,645,And this quaint little cottage was once owned by the Jolly Green Giant
3179,6791,2,13,97,112,1.1517857142857142,0.03849196674571115,645,Will see if your offer is on par with Mr. Cheese
3834,6796,5,12,128,145,1.1517241379310346,0.03705002634778437,645,"I checked with the board. Giant elephant ghosts are not an issue, so long as they’re trained."
2286,6796,2,18,125,145,1.1517241379310346,0.03294462217923337,645,Don't pay any attention to the elephant that lives around the corner.
4450,6798,2,16,114,132,1.1515151515151516,0.034823583817867154,645,"You will find the rent is quite reasonable for the very large space, and  you will always be given advance notice so you can temporarily vacate the property when Gargantua is coming here to play."
6477,6798,1,18,113,132,1.1515151515151516,0.03312131592971642,645,"Alice, I told you it has a built-in security system!"
6787,6798,2,16,114,132,1.1515151515151516,0.034823583817867154,645,"You may find the occasional goofball, and that is exciting!"
6971,6798,2,16,114,132,1.1515151515151516,0.034823583817867154,645,"After his term the President wants to move to real Disney World. He already bought the White House, thats why we are selling the other properties - it’s a bargain."
1679,6802,0,18,101,119,1.1512605042016806,0.03298442930940654,645,I bought it from a dealer in Miami. Dutch Singularity!
4856,6802,3,12,104,119,1.1512605042016806,0.03892636814241717,645,‘Getting past the pinwheel is the interview for Secretary of Defense’
973,6804,1,19,119,139,1.1510791366906474,0.03215031727885562,645,"Give me your money or I'll put a hole in one! get it?""
 ""..."
1035,6804,1,19,119,139,1.1510791366906474,0.03215031727885562,645,"Win mill. Win mill,"" I said. ""You've won a win mill!"
6538,6804,3,15,121,139,1.1510791366906474,0.035244456730693215,645,For an area like this it's actually like a giant!
7287,6804,1,19,119,139,1.1510791366906474,0.03215031727885562,645,"And as an added bonus, free golf right out your friend door!"
5942,6808,3,13,110,126,1.1507936507936507,0.03748855540487213,645,And this is the Dutch-style model home. All the charm and none of the working windmill issues.
3340,6808,4,11,111,126,1.1507936507936507,0.03914557335546759,645,... and we are even going to though in a membership for your troubles
5928,6808,2,15,109,126,1.1507936507936507,0.03575482707775329,645,"Now that we have global warming, it has slowed the timing, and the last owners say it gave a sweet rhythm to their retirement days."
5085,6811,2,18,126,146,1.1506849315068493,0.03273469562886555,645,"Every property in this neighborhood has one as a standard amenity....pool or jacuzzi, your choice!"
1225,6812,3,11,99,113,1.1504424778761062,0.04019004894819678,645,So sorry.  He tried to get out too fast - was clobbered in the head.
4464,6812,3,11,99,113,1.1504424778761062,0.04019004894819678,645,On the other hand there may be an elephant in the room.
5296,6812,1,15,97,113,1.1504424778761062,0.036044200763344914,645,Each tunnel leads to a different national icon.
5202,6815,2,16,115,133,1.150375939849624,0.03457953113825575,645,"This one has a distinctive air and  a unique vibe to it, but I thought you might come around to liking it"
7026,6815,2,16,115,133,1.150375939849624,0.03457953113825575,645,"I know it has a great view of the dike, but FEMA cut off flood insurance during the shutdown."
6656,6815,2,16,115,133,1.150375939849624,0.03457953113825575,645,Now don’t be fooled by appearances. This may not be as sophisticated as what you’re used to but a level of experience is needed to negotiate this successfully on the first go. You need to trust me when we get in there. This is right in my wheelhouse.
4710,6815,4,12,117,133,1.150375939849624,0.03773044270674663,645,It has a 2 below par walk score
5855,6815,1,18,114,133,1.150375939849624,0.03289107488649244,645,But you have to go inside if you want to play
3034,6815,0,20,113,133,1.150375939849624,0.031111117637206608,645,"Look you fools, I told you it was a fixer upper, dam"
2421,6815,3,14,116,133,1.150375939849624,0.036189295935322434,645,There is an App for that!
4320,6815,2,16,115,133,1.150375939849624,0.03457953113825575,645,"It's not perfect, but it does keep most of those big balls out."
2230,6815,5,10,118,133,1.150375939849624,0.039211063150593556,645,"I'll be happy to sell this house for 20 bucks, Miss, if you can get inside the house."
1456,6815,0,20,113,133,1.150375939849624,0.031111117637206608,645,It comes with a golf cart and discounted green fees.
7204,6825,2,19,132,153,1.1503267973856208,0.031816956152907375,645,"Well folks, the property developers held a Kaizen event on this lot.  They turned the sink hole into an “opportunity”!"
6543,6826,2,17,121,140,1.15,0.03350844718705979,645,The choir's new trumpet player is divine.
5566,6826,2,17,121,140,1.15,0.03350844718705979,645,You are now insured against Mini-golf developers and a giant Don Qixote.
4345,6826,0,18,102,120,1.15,0.03273268353539887,645,"As a historic site, you can appreciate the preservation efforts above and below ground."
6672,6826,2,14,104,120,1.15,0.03676330529545051,645,"It's either this, or you take a shot at the stock market."
2122,6826,3,15,122,140,1.15,0.03500844120789703,645,"‘The boy who cried wind...?’ Ha, ha, it’s funny you should mention that."
1993,6826,3,15,122,140,1.15,0.03500844120789703,645,"It’s only got one bathroom,
But there’s an income associated with it."
1276,6826,2,14,104,120,1.15,0.03676330529545051,645,"Just rent out the ground floor. You’ll get extra income, so it’s a win-win."
3199,6826,1,16,103,120,1.15,0.03480638725632892,645,If you enjoy challenge you're going to love both the house and neighborhood
4689,6834,2,21,144,167,1.1497005988023952,0.03018441564392056,645,This property won't last long!
2275,6835,1,20,126,147,1.1496598639455782,0.031061938922607217,645,You're gonna love the view.
4357,6835,4,14,129,147,1.1496598639455782,0.03527616659982261,645,"It's a cool new style called ""Windmill Chic."""
7114,6835,1,20,126,147,1.1496598639455782,0.031061938922607217,645,Just slide in for a sec and check yourself.
6778,6838,2,15,110,127,1.1496062992125984,0.035492042193323525,645,Can I interest you in Fantasy golf?
6326,6838,3,13,111,127,1.1496062992125984,0.03721114666340636,645,Think of it as miniature golf for the homeowner.
4185,6838,2,15,110,127,1.1496062992125984,0.035492042193323525,645,"...and, you''ll love the view of the neighbors elephant hedge."
757,6838,2,15,110,127,1.1496062992125984,0.035492042193323525,645,It's said to ward off Alzheimer's.
1090,6838,4,11,112,127,1.1496062992125984,0.038854263768065646,645,"Well first of all, it's in your price rage, and as a plus it's within perfect proximity of the golf course."
4105,6838,0,19,108,127,1.1496062992125984,0.03177603350241964,645,It holds the future to our power.
2936,6844,0,16,91,107,1.1495327102803738,0.03463729569662273,645,It's the best of the 18 properties because the large white sphere disappears in the hole and does not need to be retrieved.
3843,6845,3,14,117,134,1.1492537313432836,0.035935737801332704,645,Our children are ten times more likely to be admitted to Ivy League Universities.
4500,6845,3,14,117,134,1.1492537313432836,0.035935737801332704,645,"Yes, yes the Seller is an avid mini-golfer, but there is an offer in place from a wind energy investor.  As your real estate agent, I must urge you to put in your best offer today."
2869,6845,3,14,117,134,1.1492537313432836,0.035935737801332704,645,"Yes, it was a Dutch architect but I thought that was a good thing."
5586,6845,1,18,115,134,1.1492537313432836,0.03266397939715914,645,"PSST..., Guido wants the vig for the Tulips"
1192,6845,3,14,117,134,1.1492537313432836,0.035935737801332704,645,Just need to add a bathroom on the second floor.
1066,6845,3,14,117,134,1.1492537313432836,0.035935737801332704,645,"this house is next house is perfect, if you don't mind the draft"
840,6845,3,14,117,134,1.1492537313432836,0.035935737801332704,645,Great decision upgrading to Deluxe. Our Basic customers complain nonstop that the litter-box walls are too high.
2427,6845,4,12,118,134,1.1492537313432836,0.037464624673953166,645,JUMBO golf! A hole-some game for all sizes!
2791,6853,2,13,99,114,1.1491228070175439,0.0378601192027208,645,What is this going to cost us in H.O.A. fees?
3072,6853,2,13,99,114,1.1491228070175439,0.0378601192027208,645,Just pretend it’s a bar and you have to pass through the swinging doors ever time you enter or exit.
2029,6853,3,11,100,114,1.1491228070175439,0.03985779749521051,645,This real estate listing is a hole in one!
3312,6856,3,15,123,141,1.148936170212766,0.034775543428482866,645,"Every time a hipster brings a first date here, a literal 'elephant in the room' materializes to metaphorically trample the pseudo-irony, so we'll need you to sign this waiver."
3326,6856,4,13,124,141,1.148936170212766,0.03620297699554577,645,"Yes, the HOA fees are standard in these kind of communities."
4621,6856,4,13,124,141,1.148936170212766,0.03620297699554577,645,"At last we've made golf great again."" 
""You see, honey.This is the real deal, the way our parents used to play."""
6417,6856,5,11,125,141,1.148936170212766,0.037576224742963925,645,"On the plus side, the casualty rating for the upper floors is pretty much nil."
692,6860,1,16,104,121,1.1487603305785123,0.03453978626701372,645,Why do you think there’s an elephant behind the house?
6262,6860,2,14,105,121,1.1487603305785123,0.03647928017660087,645,I can offer you a non hole-in-one insurance plan
2415,6862,2,15,111,128,1.1484375,0.03523306077541846,645,"Wife to lawyer: “And this toy windmill is all the fortune his favorite aunt left him” ? 
Husband, smiling : “At least we could safely say - she thought she was the wind beneath my mills...?”"
2914,6862,2,15,111,128,1.1484375,0.03523306077541846,645,"In case you have any little rug rats, you'll be happy to know your home is fully carpeted and entirely fenced in."
3443,6862,3,13,112,128,1.1484375,0.03693778644785476,645,"En un lugar de la Mancha,de cuyo nombre no quiero acordarme,..."
3454,6862,1,17,110,128,1.1484375,0.03344154714634684,645,"I know you are new to Brobdingnag, but this is a real steal, I assure you."
5534,6862,2,15,111,128,1.1484375,0.03523306077541846,645,This one is the most elephant-proof . You'll get used to the hazards over time.
7099,6862,0,19,109,128,1.1484375,0.0315484639796987,645,it's perfect for planting roses...and so close to a place of worship
4789,6868,4,15,136,155,1.1483870967741936,0.033995919303524184,645,"The price is good. A thousand dollars,tops. Nice neighbors,too."
497,6869,2,16,117,135,1.1481481481481481,0.03410146230265637,645,It's wise not to overextend yourselves.
694,6869,1,18,116,135,1.1481481481481481,0.03243996627103595,645,On the other hand...
1409,6869,1,14,93,108,1.1481481481481481,0.03677651537147867,645,"Let’s consider a compromise, this listing is both close to shopping and on a golf course..."
2000,6869,2,16,117,135,1.1481481481481481,0.03410146230265637,645,"I know the listing said Dutch Colonial, but what are the odds of them getting through?"
2076,6869,3,14,118,135,1.1481481481481481,0.03568568411412393,645,"Now, this house is known to have dents here and there, but its the only one we found in your price range..."
4007,6869,2,16,117,135,1.1481481481481481,0.03410146230265637,645,"Another benefit is having direct access to the town's ""FORE!"" crier."
5340,6869,3,14,118,135,1.1481481481481481,0.03568568411412393,645,"Windmills will not do the work for global warming. Too  slow. You can pray, Parson, but no promises prayers would work.  You are better off with a see-saw and a couple of kids."
195,6876,0,21,121,142,1.147887323943662,0.029895404348125206,645,"Elephant in the room, no he lives down the street, but it is located  on a miniature golf course."
1474,6876,1,19,122,142,1.147887323943662,0.03152182294863274,645,"And, owners get free access to the community's Skee-Ball facilities!"
1707,6876,2,17,123,142,1.147887323943662,0.03306834502771489,645,Don't let the schools in this area putt you off...
2022,6876,3,15,124,142,1.147887323943662,0.03454570253648118,645,The woman who wrote that big hit for The Association had it built in '67.
3134,6876,2,17,123,142,1.147887323943662,0.03306834502771489,645,There's a flood insurance discount.
6374,6876,3,15,124,142,1.147887323943662,0.03454570253648118,645,"Not to worry elephant are afraid
of windmills"
6905,6882,0,17,98,115,1.1478260869565218,0.033242006686167405,645,Large? Of course it's large. It's a miniature golf course for idiots.
4851,6883,1,20,128,149,1.1476510067114094,0.03067627458534626,645,Even at this scale putt-putt tut-tut's the ho-hums.
589,6884,2,14,106,122,1.1475409836065573,0.03619957615943701,645,It's the new modern!
2260,6884,2,14,106,122,1.1475409836065573,0.03619957615943701,645,I advise you to insure the property against irate villagers bearing torches.
5278,6884,1,16,105,122,1.1475409836065573,0.034277198211624435,645,". . . the views, the amenities, location - this property is practically a resort -  living here you'll feel like you're really living large. This place is gonna go fast, so now is not the time to think small!"
53,6887,1,17,111,129,1.1472868217054264,0.03320124360273608,645,And it comes with automatic air conditioning too!
2021,6887,0,19,110,129,1.1472868217054264,0.031324088905512824,645,"Imagine feeding back to the grid twenty-four seven!  Just bob and weave."""
2347,6887,2,15,112,129,1.1472868217054264,0.03497780164298459,645,Sure there are some risks. But it's not Detroit...just a Detroit price.
2701,6887,3,13,113,129,1.1472868217054264,0.03666838745818703,645,The elephant ran through here and the builders stopped putting up fences
3988,6887,3,13,113,129,1.1472868217054264,0.03666838745818703,645,"Personally, I wouldn't recommend purchasing this particular house. Not only would you have to live inside a windmill, the property has inexplicably been positioned on some sort of gigantic miniature golf course. Talk about an inconvenience!"
7563,6887,5,9,115,129,1.1472868217054264,0.03983489300599703,645,There is concern the Egyptian pyramid hole will obstruct waterfront views.
100,6893,3,14,119,136,1.1470588235294117,0.03543906329862996,645,"""We'll sue and this windmill turns into your windfall."
1963,6893,3,14,119,136,1.1470588235294117,0.03543906329862996,645,I have no idea what to say...did you see the elephant?
1989,6893,2,16,118,136,1.1470588235294117,0.033867310870670894,645,You'll need Dutch edam cheese for the mousetraps.
3572,6893,1,18,117,136,1.1470588235294117,0.03221897397089213,645,You know I just read that this is the windiest part of the Atlantic coast and yet they use fossil fuels for all of their energy.  Go figure!!!
6588,6893,2,16,118,136,1.1470588235294117,0.033867310870670894,645,"Remember the pass code, 'swish-2-3'."
6977,6898,1,19,123,143,1.1468531468531469,0.03131769446509556,645,Your escrow payment might be in vane. Better wait and see how the wind blows.
489,6898,1,19,123,143,1.1468531468531469,0.03131769446509556,645,See the key is to move fast but really you're just puttering around.
5071,6898,4,13,126,143,1.1468531468531469,0.035725021418155686,645,"Man, modern architecture sure has advanced."
42,6901,3,16,131,150,1.1466666666666667,0.033293040524300606,645,I'd like to add you to my LinkedIn network
1773,6902,1,15,100,116,1.146551724137931,0.035178513155479194,645,Tilt? No of course you needn't tilt.  Why would you ask such a silly question?
4083,6902,2,13,101,116,1.146551724137931,0.037248527827438795,645,The movie had a very limited theatrical release in the US. And I assure you this windmill is not haunted by an average demon.
6415,6902,2,13,101,116,1.146551724137931,0.037248527827438795,645,"And on windy days, it'll generate all the electricity you need...."
1545,6905,1,16,106,123,1.146341463414634,0.034018534256587046,645,I recommend hail insurance coverage for everyone in this neighborhood.
1911,6905,1,16,106,123,1.146341463414634,0.034018534256587046,645,milling about
6192,6905,0,18,105,123,1.146341463414634,0.03199969768047478,645,A variable rate mortgage would be perfect for you two.
7540,6905,1,16,106,123,1.146341463414634,0.034018534256587046,645,"So, folks, this is quite a unique property!  The good news is you will save a lot of money by making your own energy.  The bad news is you gotta remember  'Heads Up' as you enter and exit the property!"
3982,6909,2,15,113,130,1.146153846153846,0.03472618588143834,645,"Let me introduce myself: Win Miller, Real Frustrate Agent. I'm sure we're gonna have a ball!"
6999,6909,5,9,116,130,1.146153846153846,0.03954351702874692,645,"If that elephant gets any closer, just tell him it's powered by coal."
4147,6909,3,13,114,130,1.146153846153846,0.0364028648632092,645,For a little more money we also have the tilting model
2305,6909,1,17,112,130,1.146153846153846,0.03296433529582151,645,I disagree.  Knocking out 30 to 40 of these is not an Impossible Dream.
926,6909,3,13,114,130,1.146153846153846,0.0364028648632092,645,"Never forget to feed The Pit.
Never succumb to the horrors of The Pit."
1698,6909,2,15,113,130,1.146153846153846,0.03472618588143834,645,We call it Giant Golf!
1904,6909,2,15,113,130,1.146153846153846,0.03472618588143834,645,... and in two minutes pick up briefcase full of cash and make sure no one notices you leaving.
297,6909,1,17,112,130,1.146153846153846,0.03296433529582151,645,"Unfortunately, someone shouted ""fore"" in a crowded windmill."
224,6909,2,15,113,130,1.146153846153846,0.03472618588143834,645,...and a steep discount any time you want to join the game.
256,6918,3,14,120,137,1.145985401459854,0.03519580569705459,645,Burning Man is terrible this year.
745,6918,1,18,118,137,1.145985401459854,0.03200094256038828,645,It started life as a bowling challenge.
1557,6918,3,14,120,137,1.145985401459854,0.03519580569705459,645,The elephants are coming!
1737,6918,2,16,119,137,1.145985401459854,0.033636327559783415,645,The granite sweeps match the kitchen countertops!
4145,6918,2,16,119,137,1.145985401459854,0.033636327559783415,645,You will have more than enough hot air you’ll ever need for your brand new fully wind-powered home from the preacher in the church across the street
5467,6918,2,16,119,137,1.145985401459854,0.033636327559783415,645,"On the bright side, between 10pm and 8am you won’t have any golf balls crashing through your living room."
5636,6918,3,14,120,137,1.145985401459854,0.03519580569705459,645,This home will make your impossible dream come true!
6785,6925,1,19,124,144,1.1458333333333333,0.03111616640856987,645,It'l take you through your ups and downs
719,6925,2,17,125,144,1.1458333333333333,0.032639560491693344,645,"Oh, they decided to downsize. They're living in a barn with a weather vane now."
7214,6927,4,8,98,110,1.1454545454545455,0.04251549025732218,645,"Yes, like cafeteria Catholics--Protestants too--it moves with the winds."
1188,6928,1,16,107,124,1.1451612903225807,0.03376370813119502,645,"The owners of this charming cottage have two other offers, so if you can overlook those large white boulders rolling through every few minutes, lets sign that bid sheet now, and submit it."
4142,6928,1,16,107,124,1.1451612903225807,0.03376370813119502,645,"And best of all, in this community everyone's from Holland."
4951,6928,4,10,110,124,1.1451612903225807,0.03915838374413613,645,"Sure it's an early attempt at wind power, but you'll never pay a dime to recharge your phone ... as long as it's a flip phone."
7105,6928,2,14,108,124,1.1451612903225807,0.03565274646265032,645,"This is the best deal on the market, and I'm not just blowing wind."
6825,6932,2,15,114,131,1.1450381679389312,0.034478136765301426,645,Just put it in neutral when you get back from shopping...
332,6932,0,19,112,131,1.1450381679389312,0.030884661089515437,645,"There is an HOA fee, but look at the amenities."
2761,6932,4,11,116,131,1.1450381679389312,0.037730909596767365,645,"If you don’t like this house, I got a clown’s nose you’re gonna love."
4812,6932,3,13,115,131,1.1450381679389312,0.036141136214888576,645,"Sorry, but this is strictly a child-free community."
5360,6932,2,15,114,131,1.1450381679389312,0.034478136765301426,645,This would be a Par 4 on our Mammoth Golf Course.
6792,6932,1,17,113,131,1.1450381679389312,0.03273075163680983,645,"Frankly, I think this one will bowl you over."
6892,6932,0,19,112,131,1.1450381679389312,0.030884661089515437,645,"I'm sorry to tell you, but we're going to have to close. This was a terrible business idea."
5437,6939,3,14,121,138,1.144927536231884,0.034955843505855747,645,Shh.... There's an elephant in the room
1924,6939,3,14,121,138,1.144927536231884,0.034955843505855747,645,"""yeah sad, was a breezy day and forgot he'd had this window put in"""
1741,6941,4,13,128,145,1.1448275862068966,0.035259452069374635,645,"It's a great neighborhood, and you won't get hit with high taxes."
2703,6941,3,15,127,145,1.1448275862068966,0.033873935697221545,645,"SHOULD WE DISCUSS THE HUMAN IN THE ROOM?""
- elephant"
7064,6941,3,15,127,145,1.1448275862068966,0.033873935697221545,645,"Don Quixote is on his after-lunch siesta and will return in
three hours.""

Suresh Mehta, Mississauga, Canada"
5598,6944,2,18,132,152,1.144736842105263,0.03152880299010779,645,"Oh sure, an elephant-shaped cloud behind the church?! Well, have I got a windmill to sell you in Holland!"
1156,6945,1,14,96,111,1.1441441441441442,0.035851287268776164,645,"Obstacles do not block the path, they are the path . . . to your new home."
3050,6946,3,11,104,118,1.1440677966101696,0.038581662113352254,645,I’m sorry to say your insurance doesnt cover HUGE BALLS
3790,6946,1,15,102,118,1.1440677966101696,0.0346239158406506,645,"And it's conveniently located near the water hazardAnd it's conveniently located near the water hazard; er, the lake."
4270,6946,3,11,104,118,1.1440677966101696,0.038581662113352254,645,What did I tell you...No more hiding from the elephant in the room you two.
3583,6949,4,10,111,125,1.144,0.03886120878700373,645,We're standing beside a large windmill.
5901,6949,1,16,108,125,1.144,0.03351263603767313,645,I hope you'll be happy with a rolling mortgage.
5668,6949,2,14,109,125,1.144,0.03538543531254157,645,"Some call it a white elephant, but I'd like to sell it for a fair market price."
4150,6949,1,16,108,125,1.144,0.03351263603767313,645,It’s true that your view of frustrated mini golfers may be compromised.
2684,6949,1,16,108,125,1.144,0.03351263603767313,645,Cross ventilation r us!
895,6949,3,12,110,125,1.144,0.037163978397402236,645,Its the latest in air conditioning
799,6949,1,16,108,125,1.144,0.03351263603767313,645,Did you see “ the tunnel” ?  Just trust your luck and walk in front of the hole.
432,6949,2,14,109,125,1.144,0.03538543531254157,645,The former owners complained about mice.
785,6957,2,15,115,132,1.143939393939394,0.034233579683922204,645,"This  was miniature golf, until you both fell down the hole!"
3236,6957,1,17,114,132,1.143939393939394,0.032500423950642836,645,"Miniature Golf is the latest craze in Real Estate Development these days... This Windmill model will probably be snapped up quickly!__J. Scott Petersen, Ladue, MO"
1282,6959,2,16,121,139,1.143884892086331,0.03318361394267345,645,In this market the chances of that are highly unlikely.
3329,6959,2,16,121,139,1.143884892086331,0.03318361394267345,645,"When the wind gets up, sounds like a herd of stampeding elephants."
4680,6959,2,16,121,139,1.143884892086331,0.03318361394267345,645,All your green friends will be purple with envy!
4719,6962,2,17,127,146,1.143835616438356,0.03222166674728805,645,"Yes, it powers itself. No, there are no windows."
6996,6962,1,19,126,146,1.143835616438356,0.030720717711077768,645,"I’m sorry, the trains are not included."
805,6964,2,18,133,153,1.1437908496732025,0.03133633674316681,645,Bye-bye Con Ed  and hello babysitter.”
5979,6965,1,15,103,119,1.1428571428571428,0.034353064931345274,645,"Just to be clear, the faux nonfunctioning windmill look, is optional!"
5869,6965,4,11,118,133,1.1428571428571428,0.03719312370583605,645,It’s priced right and you get to designate your own enemies.
6115,6965,1,18,121,140,1.1428571428571428,0.03136403726645289,645,"Yeah, but remember, free air conditioning!"
2715,6965,1,15,103,119,1.1428571428571428,0.034353064931345274,645,It comes with a drone in case there’s no wind.
6545,6965,2,15,116,133,1.1428571428571428,0.03399244207014454,645,"Golf village retirement. 
Welcome to our giant movie set home. The windmill is off after midnight."
7398,6965,2,13,104,119,1.1428571428571428,0.036367058218592214,645,It comes with a pair of Air Jordans for each of you.
7558,6965,2,15,116,133,1.1428571428571428,0.03399244207014454,645,I thought you said your dog didn't chase golfballs
5258,6965,3,13,117,133,1.1428571428571428,0.03562874239213164,645,With this house you get free everything.
6283,6965,0,17,102,119,1.1428571428571428,0.03221340120012125,645,This would be a great place for a water hazard.
4627,6965,1,15,103,119,1.1428571428571428,0.034353064931345274,645,"The HOA can be a bear, but at least it’s carbon neutral."
2466,6965,1,17,115,133,1.1428571428571428,0.03227328541285171,645,And for a few dollars more we'll provide system an alarm
3349,6965,1,14,97,112,1.1428571428571428,0.0355530465805953,645,What better use for your 200 acres?
220,6965,0,17,102,119,1.1428571428571428,0.03221340120012125,645,If both of you take a hit you’ll never have to work again!
271,6965,1,15,103,119,1.1428571428571428,0.034353064931345274,645,Sales have really taken off after our White House installation. We now call it the Ultimate Comb Over.
307,6965,1,16,109,126,1.1428571428571428,0.0332652365649009,645,"You see, the rent is payed in baby pencils."
621,6965,1,14,97,112,1.1428571428571428,0.0355530465805953,645,"The hole is a bit of an eyesore, but if you have a great sense of timing it's still a wonderful place to live."
4191,6965,2,14,110,126,1.1428571428571428,0.035122074123020514,645,It was originally designed for giants.
1823,6965,2,13,104,119,1.1428571428571428,0.036367058218592214,645,You said you wanted a doggie door. Well ....
2730,6965,2,16,122,140,1.1428571428571428,0.032961762036794295,645,"And we call this one our money pit.”

Eloy Nava, New York, N"
1184,6965,0,19,114,133,1.1428571428571428,0.030457245193658628,645,"I understand there are historic and wind energy production tax credits available, but if this property isn’t in an opportunity zone I’m not interested, thank you."
3135,6985,5,13,144,162,1.1419753086419753,0.03376450371034218,645,Cloth earns an energy credit.
7202,6986,1,19,128,148,1.1418918918918919,0.03033510084041695,645,Not a problem!  During our peak tourism months we've booked you a quiet place in the nearby Bird House Boutique.
5686,6987,1,18,122,141,1.1418439716312057,0.03115728033544511,645,My wife wants to know if the house comes with a windmill or if that costs extra.
327,6988,1,17,116,134,1.1417910447761195,0.03204927098882861,645,"Imagine.... a perfect Tiny House with a spectacular view, centrally located and walking distance to all the amenities"
7329,6989,2,14,111,127,1.141732283464567,0.03486257672914236,645,Happy to say your birdiefront property is now in escrow.
4937,6989,1,16,110,127,1.141732283464567,0.0330214306056303,645,"With your budget, you’re lucky not to be in the glow in the dark neighborhood."
3900,6989,2,14,111,127,1.141732283464567,0.03486257672914236,645,Here’s an insider tip: The winning bidder will need to get a hole in THIS one
3243,6989,2,14,111,127,1.141732283464567,0.03486257672914236,645,Have you had any experience dodging gigantic snowballs?
2291,6989,0,18,109,127,1.141732283464567,0.03107137754090695,645,"Welcome to the Mini-Golf Course Subdivision, where the greens are groomed and the upkeep is free..."
1415,6989,3,12,112,127,1.141732283464567,0.0366112500899412,645,"Location, Location, Hole-in-One!"
1018,6989,1,16,110,127,1.141732283464567,0.0330214306056303,645,The point of the game was to get the golf ball past the moving windmill blades and down the hole.
3018,6989,2,14,111,127,1.141732283464567,0.03486257672914236,645,"If the ball makes it into the windmill, that's your cue to grab it and make sure it never comes out. Hole in none, that's our motto."
309,6989,3,12,112,127,1.141732283464567,0.0366112500899412,645,"As you can see, it's a steal, and with the expanded cup, it doesn't take long for the kids to putt out. As for quiet evenings, the course closes at 9:30."
2818,6998,2,13,105,120,1.1416666666666666,0.036082370233166836,645,Yield.
4795,6998,1,15,104,120,1.1416666666666666,0.034086381726935476,645,And the blades are guaranteed not to block the front door!
6877,6998,3,11,106,120,1.1416666666666666,0.03797358903306728,645,"Do you remember the Giant in the Princess Bride movie? Well, he has passed on and his estate finally decided to sell his private golf course as 18 individual homes. This one is the Dutch Colonial model."
7451,7001,3,15,131,149,1.1409395973154361,0.033017612376214166,645,"We  are  looking for a home
that includes electric without
a  windmill!"
6693,7002,1,18,123,142,1.1408450704225352,0.03095320691717033,645,"Well if this house's design doesn't blow you away, you can blow me"""
4901,7002,2,16,124,142,1.1408450704225352,0.03252677572899299,645,"Nothing to worry about, folks—that’s just a miniature sinkhole."
328,7002,1,18,123,142,1.1408450704225352,0.03095320691717033,645,a ballsy choice to put put some roots down
3408,7002,3,14,125,142,1.1408450704225352,0.0340276543445365,645,"It’s creaky, but it’ll waft away your farts in nothing flat."
506,7006,0,19,116,135,1.1407407407407408,0.030041362609516904,645,The cookies come free!
2963,7006,1,17,117,135,1.1407407407407408,0.031828317375413105,645,For an extra 10k the owner is willing to throw in an out of place Gorilla statue
6655,7006,1,17,117,135,1.1407407407407408,0.031828317375413105,645,Good windmill fences make good neighbors.
1078,7009,1,16,111,128,1.140625,0.03278114127703911,645,Sometimes it can be tilting.
6817,7009,3,12,113,128,1.140625,0.03634097158237767,645,I bet you‘re going to kick yourself when I say there is an elephant in the back.
7126,7009,1,16,111,128,1.140625,0.03278114127703911,645,We call it Maximum Mini-Golf
3257,7012,1,15,105,121,1.140495867768595,0.033823771784596904,645,The self-contained energy conversion system is a real bonus.
3983,7012,2,13,106,121,1.140495867768595,0.03580207514332723,645,"It’s my dream, and I will include in it anything that my heart desires.”"
4844,7012,2,13,106,121,1.140495867768595,0.03580207514332723,645,You'll be the Talk of the Polder.
5330,7012,1,15,105,121,1.140495867768595,0.033823771784596904,645,"You may think it’s a white elephant, but think how much you’ll save on bread."
4198,7016,4,8,102,114,1.1403508771929824,0.04109431705652125,645,"Zero net energy, and doubles as a death-penalty device. So, whichever way the wind blows. . ."
1606,7016,2,12,100,114,1.1403508771929824,0.037124548537213656,645,The perfect home for the Windy City.... and you can moon the power company goodbye.
784,7016,2,12,100,114,1.1403508771929824,0.037124548537213656,645,Do you like miniature golf? How about elephant ghosts?
1089,7016,3,10,101,114,1.1403508771929824,0.039159768886152954,645,"Not only is it eco- friendly, it’s gluten free."
1500,7020,3,14,126,143,1.1398601398601398,0.03380321293760131,645,"No, it’s not made of LEGOs, it’s made of wood. Perhaps you remember wood?"
2452,7020,2,16,125,143,1.1398601398601398,0.032313528879794,645,"And, you can get putt putt rental income."
2616,7020,1,18,124,143,1.1398601398601398,0.030751765679806843,645,Earth ball mini-putt.
2831,7023,1,17,118,136,1.1397058823529411,0.03161036294469461,645,"I give you my word, there are no bears around here!"
5718,7023,1,17,118,136,1.1397058823529411,0.03161036294469461,645,"The late Jim, 'Bite Size' Anderson built this Estate with pride."
577,7025,3,12,114,129,1.1395348837209303,0.03607463269183389,645,"Trust me, you won’t find a better deal for that kind of cheddar."
767,7025,2,14,113,129,1.1395348837209303,0.0343548408938679,645,"It's called ""miniature golf hunt."" And you're the prey."
1700,7025,2,14,113,129,1.1395348837209303,0.0343548408938679,645,This is the best we can offer with your budget
1941,7025,2,14,113,129,1.1395348837209303,0.0343548408938679,645,It's great for entertaining: You can be the Belle of the Ball
2277,7025,3,12,114,129,1.1395348837209303,0.03607463269183389,645,Don't try it on a wendy day. Just stay in or out
3952,7025,3,12,114,129,1.1395348837209303,0.03607463269183389,645,"Now, I'm going to demonstrate artificial intelligence."
5988,7031,1,15,106,122,1.139344262295082,0.03356514345620033,645,Affordable housing in this town is a big game that you can play.
5416,7031,1,15,106,122,1.139344262295082,0.03356514345620033,645,It provides a delightful breeze.
2762,7031,2,13,107,122,1.139344262295082,0.035526072849657885,645,"It’s a three bedroom, 2 bath with a fabulous view of the tulip fields.  And a real steal at only two seven."
3767,7031,1,15,106,122,1.139344262295082,0.03356514345620033,645,"I'm not questioning my faith, Reverend. But the number of mini-golfers is gonna' be ridiculous."
5472,7035,3,10,102,115,1.1391304347826088,0.038836936427600534,645,Be sure not to miss the retro fight climate change touches>
787,7036,0,20,124,144,1.1388888888888888,0.02891980295613492,645,"So then I thought, “Hey, why not try _full-size_ golf?”"
5336,7036,2,11,95,108,1.1388888888888888,0.03826076324884863,645,Sharing Dutch-I presume ?
424,7038,1,17,119,137,1.1386861313868613,0.031395347689936605,645,How about if I throw in a free clown nose?
6152,7038,2,15,120,137,1.1386861313868613,0.03306070270771302,645,"We call it ""The Anything But Miniature Golf Course""."
7251,7038,1,17,119,137,1.1386861313868613,0.031395347689936605,645,"It doesn't have stairs. On the bright side, catching the blades will help trim that body fat!"
6868,7041,2,14,114,130,1.1384615384615384,0.034106442092802856,645,It has many underground tunnel entrances in case of attack.
4854,7041,2,14,114,130,1.1384615384615384,0.034106442092802856,645,Didn’t you say there are updated bathrooms and a gourmet kitchen?
4384,7041,1,16,113,130,1.1384615384615384,0.03231081564821369,645,my advice to you....don't fight it!!
5558,7041,1,16,113,130,1.1384615384615384,0.03231081564821369,645,"It's not going to work with three bedrooms, two baths and half a hole!"
1091,7041,2,14,114,130,1.1384615384615384,0.034106442092802856,645,Wealthy people have a chance for close access to President Trump as a result of membership payments that enrich him personally.
839,7041,1,16,113,130,1.1384615384615384,0.03231081564821369,645,"You know of course, these were originally meant to be curtain panels"
1920,7041,1,16,113,130,1.1384615384615384,0.03231081564821369,645,It's all yours now. Just don't forget to avoid the main floor during 'Giant Putt Putt' business hours and you'll be fine.
5342,7048,1,19,132,152,1.138157894736842,0.029591947355911193,645,"The good news or the bad news.
Mortgage or golf’
Your both sub par."
3915,7049,2,16,127,145,1.1379310344827587,0.03189525730002668,645,"The former owner was hooked on miniature golf!"""
4507,7049,0,20,125,145,1.1379310344827587,0.028735632183908046,645,Such misgivings are just in your mind!
5421,7049,2,12,102,116,1.1379310344827587,0.03652144371044692,645,It’s a turn key deal
7210,7049,0,16,100,116,1.1379310344827587,0.032155338215183245,645,We're marketing this as 'Miniature Geoff'
2301,7053,2,15,121,138,1.1376811594202898,0.03283564079811757,645,I know...but The Caravsn IS Coming....
3381,7053,1,17,120,138,1.1376811594202898,0.03118321317353309,645,You'll be the proud owners of one of the finest beach ball mini-golf courses in the world.
5504,7053,2,15,121,138,1.1376811594202898,0.03283564079811757,645,Al would be very proud of you.
7530,7053,4,11,123,138,1.1376811594202898,0.035913122284437965,645,It'll appreciate twice as fast as one that I sold at Pebble Beach.
6325,7057,2,14,115,131,1.1374045801526718,0.033861586206062465,645,This house is going to be a knockout!
4714,7057,1,16,114,131,1.1374045801526718,0.032080636033194526,645,"""Our Gouda and Edam service is 24/7.
The once-a-week service is next door."""
3779,7057,0,18,113,131,1.1374045801526718,0.03019482399680446,645,"The good news is that your homeowner's insurance policy covers all forms of peril. However, I'm afraid it just doesn't cover sinkholes."
3609,7057,2,14,115,131,1.1374045801526718,0.033861586206062465,645,Drained the swamp.
2140,7057,3,12,116,131,1.1374045801526718,0.035553436296466484,645,"It takes a certain type of person to live 
in this house and you two fit the bill perfectly"
3074,7062,2,17,134,153,1.1372549019607843,0.03083911826106076,645,It's a great deal because its one room is too small for an elephant.
3909,7063,3,11,110,124,1.1370967741935485,0.03681290263748944,645,"This is our border wall to avoid big elephants and their family entering America.
Please let me see your documents."
4022,7063,2,13,109,124,1.1370967741935485,0.03498656109187893,645,It may be time to visit your neighbor with the steeple.
3188,7065,0,16,101,117,1.1367521367521367,0.03190111200173253,645,The Browns have to navigate the wishing well to stow their station wagon. You really must ‘be the ball.’
5371,7065,1,14,102,117,1.1367521367521367,0.034132728623343565,645,I don't know. The last house looked  a little wobbly when the ball came through.
2654,7067,3,13,123,139,1.1366906474820144,0.03417471965883355,645,If  you’re into breadmaking this is the place.
3878,7068,2,14,116,132,1.1363636363636365,0.033620198552659505,645,It's actually a trap to catch elephants.
2533,7068,2,11,97,110,1.1363636363636365,0.03760395150583025,645,"Great views, always a breeze, and with your own planks business from the clergy..."
6815,7068,2,14,116,132,1.1363636363636365,0.033620198552659505,645,It's a compromise between the Koch brothers and the environmentalist
509,7068,1,16,115,132,1.1363636363636365,0.0318536862814387,645,"If you're interested, you better act now, or the ball will get blocked."
2450,7068,2,14,116,132,1.1363636363636365,0.033620198552659505,645,No windows?  For the natural air-conditioning.
5215,7073,2,16,129,147,1.1360544217687074,0.03148760360988697,645,Last Available. Resale Formerly Gulliver’s Miniture Golf  9th
1510,7074,1,15,109,125,1.136,0.03281227150458075,645,"Sir, we asked for a house with a child safe door not one that will knock them out!!!"
2683,7074,3,11,111,125,1.136,0.036533678673511025,645,"Yeah, I live in fantasy land. What's your excuse?"
4010,7074,2,13,110,125,1.136,0.034722865943853744,645,Our favorite control app is Windmill See-Saw Ladder (Free from La Mancha).”
6549,7074,1,15,109,125,1.136,0.03281227150458075,645,It’s gonna be a great deal. You are buying from Toys “R” Us!
1385,7078,1,17,122,140,1.1357142857142857,0.03076736015230179,645,"We get an occasional golf ball in these parts. No windmill, no insurance."
2551,7078,2,15,123,140,1.1357142857142857,0.03239452690903597,645,You know that scene from Raiders of the Lost Ark?
7501,7080,1,19,135,155,1.135483870967742,0.029057848424763957,645,"The elephant is out of the room, roaming the neighborhood, and will most likely be haunting your dreams."
2532,7081,1,16,116,133,1.1353383458646618,0.03162989954719213,645,It's great for kids who also can Double Dutch.
2740,7082,1,13,97,111,1.135135135135135,0.03501839106489901,645,"Okay, the previous owner had a thing going on with ""Mini - Putt""; but look Lady, I don't build them, I just sell them!"
2529,7082,2,16,130,148,1.135135135135135,0.03128763392829657,645,"Yes, this is a perfect location for your putt  putt golf.  The church is all for it !"
7438,7082,4,7,100,111,1.135135135135135,0.04144500216159592,645,It comes with a lifetime supply of salt-water taffy.
4209,7085,2,13,111,126,1.1349206349206349,0.034463092019060566,645,"When clouds look more like a jet,this thing gets...well...let's just say, don't walk around the corner."
3634,7085,4,9,113,126,1.1349206349206349,0.037969368779089414,645,"That's right.  Just cut a hole out, then slice it sideways.  Did you remember the lox?""

Oh, no, this was the caption for the pulling the sword out cartoon.
I should have won"
7016,7085,1,15,110,126,1.1349206349206349,0.03256870560108444,645,"This sequence starts with a slide down the trunk of the white elephant, then through the church and out the door, over the wall and dash toward the dark spot. Time it right and you get a ride on the sail which deposits you at the door."
927,7088,1,17,123,141,1.1347517730496455,0.030563532176288457,645,And it provides all the cardio-vascular exercise any adult needs!
1815,7089,2,12,105,119,1.134453781512605,0.035652442748901565,645,"Yah, so, definitely time your strolls on the lawn in a consistent fashion.  These suckers can leave quite a bruise, I tell ya!"
5779,7089,2,12,105,119,1.134453781512605,0.035652442748901565,645,The previous owners (seller's?) inherited a lovely Classic 6 in a shoe.
343,7089,0,16,103,119,1.134453781512605,0.03140440999874383,645,"I mean, OF COURSE giants hate mini-golf, but Krazy Karl's loss is your gain!"
925,7089,1,14,104,119,1.134453781512605,0.03359563692901881,645,After the Zuiderzee was pumped out this little gem became available but you need to act fast. A mini golf  corp is after it
1640,7093,0,18,116,134,1.1343283582089552,0.02956886321967881,645,"...and this neighbourhood, has a giant-ball-nuisance-ordinance in place..."
2244,7093,1,16,117,134,1.1343283582089552,0.0314092107945762,645,Let's face facts. You 'll never get a better hole with a low fatality chance like this!
3837,7093,1,16,117,134,1.1343283582089552,0.0314092107945762,645,I chose this neighborhood because I know you like dodgeball.
4308,7093,3,12,119,134,1.1343283582089552,0.034799141138916315,645,It might be giant
5475,7093,1,16,117,134,1.1343283582089552,0.0314092107945762,645,"Sorry, you will have to get the gas lines separately."
6668,7093,2,14,118,134,1.1343283582089552,0.03314753947689285,645,It's a mini golf course community - the most bang for your buck!
1827,7099,2,9,86,97,1.134020618556701,0.04047841577109879,645,"It's two-part security, the wheel and the ball!"
6379,7100,2,11,99,112,1.1339285714285714,0.03696918547596617,645,I'm sorry Mr. and Mrs. Robinson this is all you can afford. After the film version of 'Downsizing' was released the tiny housing market became extremely competitive.
6932,7101,1,15,111,127,1.1338582677165354,0.03232870160449925,645,"Wall to ceiling windows,
no central air, heating optional."
6153,7101,2,13,112,127,1.1338582677165354,0.03420715311723022,645,The Beanstalk League has all its tournaments here!
6106,7101,2,13,112,127,1.1338582677165354,0.03420715311723022,645,The minor loss of one panel makes this unique home a steal!
5833,7101,3,11,113,127,1.1338582677165354,0.035987688191081606,645,I have a reasonable dung remediation guy.
5068,7101,3,11,113,127,1.1338582677165354,0.035987688191081606,645,I just checked. There's no big elephant in the room... and even in this eco-friendly town!
4874,7101,2,13,112,127,1.1338582677165354,0.03420715311723022,645,We’ve taken the elephant out of the living room
2696,7101,0,17,110,127,1.1338582677165354,0.030334148586697987,645,"No, no problem with Spanish Knights so far. And the Elephant, I am told, is harmless."
4212,7101,2,13,112,127,1.1338582677165354,0.03420715311723022,645,"Mr Happy Gilmore, here is your happy place.  It comes with a retractable death trap, a Bob Barker dog potty spot and remote controlled windmill thingy to block out unwanted guests."
2648,7101,0,17,110,127,1.1338582677165354,0.030334148586697987,645,The prior owner was a big shot in the miniature golf course industry.
2210,7101,1,15,111,127,1.1338582677165354,0.03232870160449925,645,... and an elephant is very friendly
2153,7101,1,15,111,127,1.1338582677165354,0.03232870160449925,645,"Look at the bright side.  When the previous owner'was killed by a misguided golf ball, the asking price came down and is now well within your budget."
4301,7101,2,13,112,127,1.1338582677165354,0.03420715311723022,645,"Revend, our marriage has been like a windmill."""
4174,7113,1,17,124,142,1.1338028169014085,0.03036236590508014,645,"OK, the drawback is that it is drafty; but the big plus is having  
wi fi."
6240,7114,1,14,105,120,1.1333333333333333,0.03333333333333334,645,"Good news is, windows and doors arrive Friday"""
7246,7114,3,12,120,135,1.1333333333333333,0.0345547370232544,645,I'm sorry. We decided that tourists just don't tilt well enough.
6378,7114,1,14,105,120,1.1333333333333333,0.03333333333333334,645,I promise - the elephant cloud in the distance is NOT the spirit of Don Quixote....
4932,7114,3,12,120,135,1.1333333333333333,0.0345547370232544,645,"'I assure you, only our prices are crazy'"
6100,7114,0,18,117,135,1.1333333333333333,0.02936587972810687,645,Either we've shrunk or it's life-size.
3591,7114,3,10,107,120,1.1333333333333333,0.037299103956114535,645,"Our neighborhood has the hottest golf course around, especially with that elephant in the backround."
2163,7114,2,12,106,120,1.1333333333333333,0.03537184096877169,645,They ran out of cookie dough.
528,7114,1,14,105,120,1.1333333333333333,0.03333333333333334,645,"Loving here is a lot of fun, but just don't talk about the elephant in the room."
317,7114,0,16,104,120,1.1333333333333333,0.031161756829520187,645,"The elephant in the room"""
4387,7114,1,14,105,120,1.1333333333333333,0.03333333333333334,645,Storm windows will be extra.
4057,7124,1,17,125,143,1.132867132867133,0.030163810031416292,645,"It may be a bit small, but it's in perfect condition."
4641,7125,0,15,98,113,1.1327433628318584,0.03206056802254301,645,"I know you are religious, so I picked one with a hole-y yard"
6089,7126,0,18,118,136,1.1323529411764706,0.029165636824791216,645,Hairdresser services are complimentary during windy days!
3510,7127,2,12,107,121,1.1322314049586777,0.035095597034029945,645,It’s prime real estate.
1208,7127,1,14,106,121,1.1322314049586777,0.033075064389099164,645,Oh it's perfectly safe. Don't believe those silly rumors aab
2161,7129,2,13,114,129,1.1317829457364341,0.03370644792815133,645,Duck! It’s going to hit your head!
6745,7129,1,15,113,129,1.1317829457364341,0.03185907407514262,645,It's a giant cheese grater. You have to take care not to get in the way of the blades..
7436,7129,2,13,114,129,1.1317829457364341,0.03370644792815133,645,"Yes, it's gingerbread but I thought the picket fence would blow you away."
1446,7132,1,13,100,114,1.131578947368421,0.03415345220594449,645,Its a church elephant.
6191,7132,1,13,100,114,1.131578947368421,0.03415345220594449,645,"so it's a 0 bathroom but there are a bunch of holes in the ground.... rustic, am i right?"
5761,7134,4,10,123,137,1.1313868613138687,0.03561626720333375,645,Beware of the windmills on my mind.
4982,7134,2,14,121,137,1.1313868613138687,0.032462810654466094,645,God has a big hashtag.
196,7134,1,16,120,137,1.1313868613138687,0.030765107973675997,645,This new downsizing is really expanding the available market.
2281,7134,1,16,120,137,1.1313868613138687,0.030765107973675997,645,"Yes, this is the place where Bart was born."
4195,7138,2,12,108,122,1.1311475409836065,0.03482361086601467,645,Doors no!
4954,7138,2,12,108,122,1.1311475409836065,0.03482361086601467,645,Does it come with earplugs
32,7140,0,17,113,130,1.1307692307692307,0.029684208608667724,645,"Unfortunately, you're only allowed to plant a garden in a neighboring yard."
291,7140,1,15,114,130,1.1307692307692307,0.031629303266113316,645,This one is putt-friendly.
2186,7140,3,11,116,130,1.1307692307692307,0.03519849419866557,645,"Other than the nonstop golf ball traffic throughout the day, this place is a steal!"
3905,7140,2,13,115,130,1.1307692307692307,0.03346152132639265,645,It's literally a white elephant sale.
1907,7144,2,14,122,138,1.1304347826086956,0.03224077498806981,645,I bet not every mill you've looked at comes with such a prominent hole.
3054,7144,1,16,121,138,1.1304347826086956,0.030556194937104857,645,This house is a hard hit!
5583,7144,1,13,101,115,1.1304347826086956,0.03387449157284589,645,"Truly unique, and the landlords concession is last month rent free!"
3514,7147,1,14,108,123,1.1300813008130082,0.03257026686339402,645,It’s the fence mill house and it is energy efficient!
6551,7147,2,12,109,123,1.1300813008130082,0.0345557854038583,645,Billy Baroo used to live here.
2387,7147,2,12,109,123,1.1300813008130082,0.0345557854038583,645,Can’t you just imagine the infinity pool with a beautiful view of the Ant Hill?”
1164,7147,4,8,111,123,1.1300813008130082,0.03821861257982965,645,It’s as distasteful as the Christopher Buckley ‘Shouts and Murmurs’  piece found earlier in this edition of The New Yorker.  There’s cute and then there’s sick.  Writers should be sober when they submit their work; so should editors.
1239,7147,1,14,108,123,1.1300813008130082,0.03257026686339402,645,Get ready to duck.  Donald's in a bad mood.
619,7147,1,14,108,123,1.1300813008130082,0.03257026686339402,645,"After his Divorce, Tiger Woods had to downsize but following his comeback, he has put=put  this property on the market"
1786,7147,2,12,109,123,1.1300813008130082,0.0345557854038583,645,The plus-sized model comes out next month.
3724,7154,1,15,115,131,1.1297709923664123,0.03140279966440619,645,So what do you say? I can set you folks up with a five-year plan.
5119,7154,3,11,117,131,1.1297709923664123,0.03494303150780469,645,"You’ve addressed the elephant in the room, but what about the one outside?"
5361,7154,0,17,114,131,1.1297709923664123,0.02947364949690705,645,The elephant sometimes uses it for golf
6708,7154,0,17,114,131,1.1297709923664123,0.02947364949690705,645,"Ballpark, $2k a month, but it's hole in one in this neighborhood."
5136,7158,4,6,98,108,1.1296296296296295,0.04179387144020811,645,You won't believe the views.
5453,7159,3,12,124,139,1.129496402877698,0.03361035814992439,645,"The building is so secure, only a magician could pass thru."
1048,7160,1,13,102,116,1.1293103448275863,0.03360002055621808,645,we think it was his index finger.
3027,7160,0,15,101,116,1.1293103448275863,0.031289556466927076,645,Just your average house. Looking to buy?
7238,7162,2,15,130,147,1.129251700680272,0.030939244806785185,645,And I'm sure you'll love the neighborhood.  Any questions?
4970,7163,0,16,108,124,1.1290322580645162,0.03022717972037537,645,Now you can see your expectations are unreasonable.
6042,7163,0,16,108,124,1.1290322580645162,0.03022717972037537,645,"Thank you for agreeing to meet me here, now I'll tell you the information I promised to divulge, we do not live on a spinning ball."
2738,7163,2,12,110,124,1.1290322580645162,0.034292026492624667,645,"Really, all the neighbors say the balls rolling about are a great source of inspiration and respite. Never had anyone with even a scratch.  99% are holes in one. I swear."
4832,7163,1,14,109,124,1.1290322580645162,0.03232356319172396,645,And it's a beautiful house with retro picket fences!
590,7167,0,17,115,132,1.128787878787879,0.029266029217277587,645,"No sir, property insurance does not come with the house"
4410,7167,1,15,116,132,1.128787878787879,0.03117949465835644,645,"This is the “Mariah” model, and the tax credit incentives are fantastic!"
6452,7167,1,15,116,132,1.128787878787879,0.03117949465835644,645,"You've kept your nose to the grindstone,eh?"
314,7170,4,10,126,140,1.1285714285714286,0.034887658706132675,645,Shhhhh…Be quiet！We must be able to catch this foggy elephant and lock it under the windmill！
3266,7171,1,17,130,148,1.1283783783783783,0.029208479322487425,645,It was previously own by a Holland old lady who never let shoes be worn inside.
107,7172,0,15,102,117,1.1282051282051282,0.03104065372509629,645,"So you are a myspace-influencer,  your wife draws imaginary elephants in backyards and your budget is two million dollars?"""
1498,7172,0,15,102,117,1.1282051282051282,0.03104065372509629,645,"Sorry ma'am, we are not liable for death by golf ball"
3476,7174,1,14,110,125,1.128,0.03208054379717683,645,Doors and windows are extra.
7044,7174,2,12,111,125,1.128,0.034032242776330456,645,I call it big-ature golf!
795,7176,2,14,125,141,1.127659574468085,0.03159242696788422,645,Did they tell you that our miniature golf course is much more exciting because we shrink you to the size of the course?
5664,7176,1,16,124,141,1.127659574468085,0.02994602342761689,645,I also have corn holes available.
1096,7178,0,15,103,118,1.1271186440677967,0.03079564493549102,645,"Most people spend their retirement playing mini golf, so might as well make a retirement home here, am I right?"
250,7178,2,11,105,118,1.1271186440677967,0.03518665727632079,645,"If we play this one right, we can score a hole-in-one price for this pre-war charmer."
303,7178,3,9,106,118,1.1271186440677967,0.03718824279157959,645,It's free real estate.
1881,7181,2,12,112,126,1.126984126984127,0.03377634559560734,645,You’re a two-time National Putt-Putt champ.  This is a piece of cake
2484,7181,0,16,110,126,1.126984126984127,0.02978041752268845,645,The odds are in your favor if you bid now.
3683,7181,3,10,113,126,1.126984126984127,0.035606539410311,645,"Since you wanted a golf course and a house, we decided to put e’m together 

Don’t worry, only about 1000 people have gotten injured. BUT this house comes with insurance."
5488,7181,2,12,112,126,1.126984126984127,0.03377634559560734,645,...and you’re in the catchment area for Krazy Putt High
6729,7181,1,14,111,126,1.126984126984127,0.031841127411098,645,You have nothing to worry about. No drives here.
6950,7181,4,8,114,126,1.126984126984127,0.037347152177403795,645,...what's really ironic is that the elephant is still invisible.
7405,7187,2,13,119,134,1.126865671641791,0.03251622143116169,645,I think your golf Club isn't big enought for our hole.
2241,7187,2,13,119,134,1.126865671641791,0.03251622143116169,645,An elephant in the room is the elephant in the backyard.
2475,7187,3,11,120,134,1.126865671641791,0.03419832608176,645,...and the elephant will simply *change your life*!
2504,7187,2,13,119,134,1.126865671641791,0.03251622143116169,645,"....and this is where we make the ""Elephant Oatmeal."""
4327,7187,2,13,119,134,1.126865671641791,0.03251622143116169,645,"Dolores, what’s your relationship to carrots?"
2907,7192,1,11,91,103,1.1262135922330097,0.03565922550608978,645,"This one will go fast - it's in a good school district and the 
hole is in front of the door."
21,7193,1,13,105,119,1.1260504201680672,0.03280249505193431,645,Is there an option to check in and never leave?
403,7194,1,14,112,127,1.125984251968504,0.03160523511494041,645,"And this is what makes the location - Location, Location!"
7249,7194,2,12,113,127,1.125984251968504,0.03352424888977445,645,It's true a few swings will cure it!
949,7196,3,11,121,135,1.125925925925926,0.03395706590682581,645,110010 11111001001010101001 010101
3882,7196,2,13,120,135,1.125925925925926,0.03228814032252351,645,"We like it, but is there any chance we can put green over that hole?"
4797,7196,1,15,119,135,1.125925925925926,0.030528113043118553,645,"The owner? Apparently, he was some crazy guy fighting imaginary enemies, morphing into an alienated creature, terrified of seeing the letter “A” in red, and stuck in some rabbit hole seeking advice from a cat in another land."
166,7199,1,16,126,143,1.1258741258741258,0.02955251285704733,645,"The seller is an avid miniature golf enthusiast.                                     
  Frank Buckley Andover, MA"
6702,7199,5,8,130,143,1.1258741258741258,0.03559948371990931,645,That's a lovely purse. Is it able to hold everything you need?
4234,7201,1,17,133,151,1.1258278145695364,0.02866359000111159,645,We like to make sure our visitors have a positive experience.
6983,7202,2,12,114,128,1.125,0.03327586910310427,645,"Well, if you adopt a Republican bastard, the elephant in the room will be yours. It is all Trompt by a revolving picket fence. If you think outside the plot, you can have a snake in every pot. When you're under wHatter, jump down the obit hole."""
6123,7202,0,16,112,128,1.125,0.02934655810211727,645,"It's a two-for-one, a place to stay and to practice your putting."
7311,7202,2,13,121,136,1.125,0.032063220501572544,645,"I assure you, nobody will ever find the bodies here."
5943,7202,1,15,120,136,1.125,0.03031695312954162,645,"Yes, it's expensive, but what do you expect it's the windmill lot."
6807,7202,2,11,107,120,1.125,0.03462989592644989,645,"At 2/3rd scale, you get more house for your money."
5042,7202,2,13,121,136,1.125,0.032063220501572544,645,"It can get a little drafty, but in this neighborhood you sometimes need  unusual protection."
3055,7202,1,13,106,120,1.125,0.03254494844776662,645,"Property value has been circular, but I've got a good feeling about this one."
5325,7202,0,13,91,104,1.125,0.032586702869168815,645,"Getting hit by the windmill and jumping over the balls aside, it's a prime piece of NYC real estate."
4227,7202,1,13,106,120,1.125,0.03254494844776662,645,And you can’t get hit by an errant drive. It’s a wonderful location!
247,7211,4,10,131,145,1.1241379310344828,0.03373714970445787,645,It's a great neighborhood if you can handle periodic earthquakes.
6284,7212,1,15,121,137,1.1240875912408759,0.030108675841575592,645,"And if you retire here, you can literally on the golf course!"
2474,7213,1,14,114,129,1.124031007751938,0.031143718372070146,645,Listen you putz. I brought you here because it suits you.
5076,7213,2,12,115,129,1.124031007751938,0.033031125095076184,645,"The elephant hologram distracts them and they fall into the hole ... horse, armor, lance and all."
5096,7213,2,12,115,129,1.124031007751938,0.033031125095076184,645,Look at this you will be sweeper off your feet
6870,7213,2,12,115,129,1.124031007751938,0.033031125095076184,645,"And during the slow season, the hole out front doubles as your garbage disposal..."
1213,7217,2,11,108,121,1.1239669421487604,0.03435804013651872,645,"Giant putter delivered upon sale."""
6054,7217,2,11,108,121,1.1239669421487604,0.03435804013651872,645,...and its right by the golf course and your timing's perfect.
3585,7219,2,10,101,113,1.1238938053097345,0.03584968126030149,645,"Forgive me, but didn’t you say you wanted to see a small-sized golf club?"
4651,7219,3,8,102,113,1.1238938053097345,0.03798983363164784,645,"...also, Chip and  Joanna Gaines have agreed to do the renovation!"
3110,7221,0,13,92,105,1.1238095238095238,0.03229680944345366,645,"That hole by your front door makes it a fixer upper, but I can get you a heckuva deal if you're a little short!"
7088,7222,2,14,130,146,1.1232876712328768,0.030567627865148956,645,My critics say that I’m my father’s daughter and my husband’s wife.
7124,7223,1,15,122,138,1.1231884057971016,0.029903222990790203,645,you have to understand that the interior has been completely renovated and has all the latest amenities
1866,7223,2,13,123,138,1.1231884057971016,0.03162260691394559,645,"Once we realized that the technology didn't work, we changed it to a church."
5823,7223,1,15,122,138,1.1231884057971016,0.029903222990790203,645,"You won""t have a problem with noise, it only runs if 
it""s windy..."
3787,7226,4,8,118,130,1.123076923076923,0.03624501629695703,645,I know this process can be frustrating.
4181,7226,1,14,115,130,1.123076923076923,0.03091794710578454,645,"In fact, you can go balls to the walls puttering around with this one."
7183,7226,2,12,116,130,1.123076923076923,0.03278993805442386,645,"And of course, it has a sump pump."
4691,7229,2,11,109,122,1.1229508196721312,0.03409040010044076,645,Don’t think “elephant.”
7400,7230,1,11,94,106,1.1226415094339623,0.03470535763854438,645,"Power salesman, couple and house"
4,7231,3,11,125,139,1.1223021582733812,0.03302500238411311,645,"And you can keep any ball that doesn't get through. Be careful, though --they had to hire a plumber to get Gibson out."
5876,7232,3,10,118,131,1.1221374045801527,0.03430871000647974,645,And Starbucks is just around the corner.
5780,7232,4,8,119,131,1.1221374045801527,0.03597954133122077,645,There's no elephant in the room.  You can run into the house every five seconds and think of the exercise and the savings in electricity.
6535,7232,2,12,117,131,1.1221374045801527,0.03255223141679265,645,"Well, Scott, you said your dream was to live on the eighteenth floor."
6400,7235,1,13,109,123,1.1219512195121952,0.031795875876157974,645,During the day it’s a putting green.
3711,7235,0,15,108,123,1.1219512195121952,0.02962596329922862,645,"Elephant, kids, I get it."
723,7235,0,15,108,123,1.1219512195121952,0.02962596329922862,645,"Yup, they say this is far more effective than those Insomnia pills you tried"
467,7235,0,15,108,123,1.1219512195121952,0.02962596329922862,645,"''It's the same technology they used in that 2017 Matt Damon documentary.''

''Downsizing?''

''Yeah, that's the one.''"
3784,7239,3,8,104,115,1.1217391304347826,0.03735705241190274,645,This is what we meant when we said your house would arrive in a box.
5783,7240,1,15,124,140,1.1214285714285714,0.029500565505505463,645,We at PGA Investment Bank always seal the deal on the 18th green before the celebbratory drink at the 19th hole
7562,7240,0,17,123,140,1.1214285714285714,0.027703942719869513,645,"Oh my!!!!
This would be a perfect place for our baby boy Frankie to play. Absolutely no playing with matches aloud."
4416,7242,0,16,116,132,1.121212121212121,0.02851539598655559,645,It's not quite a koi pond. Remember Indiana Jones...?
4966,7242,2,12,118,132,1.121212121212121,0.03231793078583367,645,Welcome to BROBDIGNAG C.C. Hope you brought your clubs!
5374,7242,2,12,118,132,1.121212121212121,0.03231793078583367,645,The current owner guarantees you a dry basement.
7527,7242,3,10,119,132,1.121212121212121,0.034060373915767106,645,"Not only will it scare any elephant away, it'll generate electricity"
1379,7246,3,9,112,124,1.1209677419354838,0.035466879559623084,645,"I'm telling you folks, Putt-Putt is big here."
4860,7246,2,11,111,124,1.1209677419354838,0.03356738300992959,645,You'll be perfect for our new reality show.
190,7248,2,14,133,149,1.1208053691275168,0.02998389990290892,645,Boy a botch job
4452,7248,2,14,133,149,1.1208053691275168,0.02998389990290892,645,What kind of balls do elephants use for mini putt putt?
879,7250,2,10,104,116,1.1206896551724137,0.034966620222779105,645,"Please correct the spelling of ""stollen"" in the ""final three"" contest - it's ""stolen"" - thank you"
1622,7250,1,12,103,116,1.1206896551724137,0.03275270206139953,645,Political shadows fenced clean energy loopholes
4999,7252,2,13,126,141,1.1205673758865249,0.030983829663298712,645,Locke and Amour security shields you from the tiger in the woods
473,7253,3,10,120,133,1.1203007518796992,0.03381559427467951,645,Comes with all 3000 square feet of real estate!
3049,7253,0,16,117,133,1.1203007518796992,0.02831485328394801,645,I  wonder how Dutch make their windmills appear festive enough for Christmas!
4131,7253,4,8,121,133,1.1203007518796992,0.03546005615763296,645,You expressed an interest in flour-power?
4751,7253,0,16,117,133,1.1203007518796992,0.02831485328394801,645,I'm seeing a slight break in the foundation.
5839,7253,1,14,118,133,1.1203007518796992,0.030259743605064584,645,"Yep, this will be a slam dunk, or a touchdown if that’s more your sport."
6385,7253,1,14,118,133,1.1203007518796992,0.030259743605064584,645,We will make a line of these and call it a wall
791,7259,1,13,111,125,1.12,0.0313152544503525,645,"Living on a putt-putt course has some downsides; you'll need to watch your step to avoid the cup and watch for dimpled, flying  projectiles."
3809,7259,1,13,111,125,1.12,0.0313152544503525,645,"And to further entice you, we’ll throw in an extra blade."
4460,7259,3,12,135,150,1.12,0.03125989776140817,645,Hans Brinker's father built this home here to get fresh water from the damned lake!
4601,7259,0,15,110,125,1.12,0.029182407426835193,645,The previous owners were Chinese...
5438,7259,2,11,112,125,1.12,0.03331182101529182,645,"Well, yes, it does happen occasionally, 
but a ball out of bounds on this course is enormously rare thing."
1001,7264,1,12,104,117,1.1196581196581197,0.03248793823284051,645,You think he’s still in the sand trap?
1426,7264,2,10,105,117,1.1196581196581197,0.03468181579658992,645,It has gas forced heating and AC. But I think that can be easily updated
7401,7266,1,14,119,134,1.1194029850746268,0.03004649096450161,645,There wasn't room to store them in the garage
6346,7266,1,14,119,134,1.1194029850746268,0.03004649096450161,645,Look left before you step out and you will never get sliced up like an egg.
1231,7268,1,11,97,109,1.1192660550458715,0.03380092687378033,645,A side benefit of this property is its amazing capacity to disperse  the hot air emerging from your news feeds.
5240,7268,1,11,97,109,1.1192660550458715,0.03380092687378033,645,Maxi-golf is included but we don't talk about a time-share exit plan.
3614,7270,2,14,135,151,1.119205298013245,0.02960692049324325,645,Believe it or not it sleeps 12
4972,7270,3,12,136,151,1.119205298013245,0.031062356025320727,645,its a vane
684,7272,0,15,111,126,1.119047619047619,0.02896553585856296,645,"Before you sink a lot of money into this, consider putting down a smaller deposit."
1800,7272,0,15,111,126,1.119047619047619,0.02896553585856296,645,"On the bright side, it's half off the closing cost."
2894,7272,1,13,112,126,1.119047619047619,0.031080321661106143,645,We built these quaint wind-farm homes to last until we can bring in electricity in a few years.  You really can't go wrong.
3115,7272,0,15,111,126,1.119047619047619,0.02896553585856296,645,Just wait for it to be over - the chance to enter the property market will be back in a few.
4667,7272,2,11,113,126,1.119047619047619,0.033060104681351975,645,"If you would like, I can ask the current tenants to move out a bit earlier."
4919,7277,0,17,126,143,1.118881118881119,0.027159984864685495,645,"Not to worry, it's a ghost. The original owner was a big game hunter."
5434,7277,1,15,127,143,1.118881118881119,0.028916393863853085,645,Thirty year mortgage with a dike thumb ten year commitment.
2789,7279,1,14,120,135,1.1185185185185185,0.029836206355915173,645,"If your gluten-free, this might not be your place"
7338,7280,2,11,114,127,1.1181102362204725,0.032812148267205375,645,"Welcome to MIGO!
Live, Work, and be Played"
6574,7280,2,11,114,127,1.1181102362204725,0.032812148267205375,645,"In the postmodern era, these windmills briefly returned to an inanimate state..."
6354,7280,3,9,115,127,1.1181102362204725,0.03466441187820658,645,It comes with a can of   3 in 1 oil._
4249,7280,1,13,113,127,1.1181102362204725,0.030848868649533775,645,"all the people that comes here are fans of the church"""
755,7284,1,14,121,136,1.1176470588235294,0.029628828644818663,645,It really is THE new state-of-the-art rustic wind turbine that will complement the new RH catalogue.
770,7284,1,10,91,102,1.1176470588235294,0.03495599376513975,645,I think you'll get a real kick out of this place.
2199,7284,2,12,122,136,1.1176470588235294,0.031413372132543575,645,"Disney, shmisney, Brexitland  means the Dutch and other eurosynics will flock to our UK Playland"
3139,7284,2,12,122,136,1.1176470588235294,0.031413372132543575,645,This house is a cut above the rest.
7117,7284,1,14,121,136,1.1176470588235294,0.029628828644818663,645,Your elephant trap is not big enough
419,7289,3,9,116,128,1.1171875,0.03440490601389289,645,This house lets you finally figure out how to make a million dollars in the real estate business. You start out with two million.
3080,7289,0,15,113,128,1.1171875,0.028541252068467964,645,"So, are you interested in becoming the world's first human golf balls?"
3390,7289,0,15,113,128,1.1171875,0.028541252068467964,645,'It's called Windmill Lite.'
4959,7289,0,15,113,128,1.1171875,0.028541252068467964,645,...and if you act fast Mr. Bunyan says he will throw in his golf balls and clubs.
5154,7289,2,11,115,128,1.1171875,0.03256786854803076,645,So glad you could make it! The elephant got too big for this place... just be careful when going in. It's windy.
2046,7294,1,14,122,137,1.1167883211678833,0.029424298351454565,645,This is the opposite of a miniature golf course!
6281,7294,3,10,124,137,1.1167883211678833,0.03287056049700038,645,- The previous owner was a hockey enthusiast.
4907,7296,0,14,106,120,1.1166666666666667,0.029428100038830667,645,Destiny called.
218,7297,2,11,116,129,1.1162790697674418,0.032327184724054804,645,Its energy you don't have to fight!
4547,7297,0,15,114,129,1.1162790697674418,0.02833370449072373,645,"Sure, it's a bit pricey, but you could sell tour tickets to tourists."
7355,7297,3,9,117,129,1.1162790697674418,0.03414924454788003,645,"It's the perfect house for swingers.  -Stephen Rock Raphaelson West, Laurel, Maryland"
5530,7300,2,12,124,138,1.1159420289855073,0.030979741690832636,645,"This property is a little above your price range, but I think the view is worth the extra $30k."
7498,7300,0,16,122,138,1.1159420289855073,0.027352721064580074,645,site of season #11 America's Next Top Model photoshoot
743,7302,1,12,108,121,1.115702479338843,0.031470136801090544,645,At this price you expected a Jacuzzi?
6599,7302,0,14,107,121,1.115702479338843,0.02919980245562284,645,We generate our own power for BINGO Nite!
7097,7304,4,9,134,147,1.1156462585034013,0.03276043910851205,645,The gates are extra
1353,7305,0,18,138,156,1.1153846153846154,0.025661695556225158,645,It's the home of your dreams. Without the 'Naked on stage' bit
2822,7305,2,11,117,130,1.1153846153846154,0.032090018333411505,645,Veg-o-magic was already used.
1699,7307,1,14,124,139,1.1151079136690647,0.02902355004410562,645,Y<o8 can grind your own wheat and keep any golfballs that stay inside the house.
6124,7308,2,13,133,148,1.114864864864865,0.029588786567789585,645,"I won’t lie, this mini golf windmill is the home of our dreams but I checked the neighborhood demographics so... gonna have to withdraw the offer."
6391,7309,2,10,110,122,1.1147540983606556,0.033324410991055,645,"Maybe you own the air rights, but NO naming rights -- especially ""Satine's Hole-in-One,"" much less in neon."
5343,7309,3,8,111,122,1.1147540983606556,0.03529871619173477,645,Adult version
4600,7309,0,14,108,122,1.1147540983606556,0.02897499567097405,645,"This next piece is called, “Eine Kleine Knockout Musik.”"
4276,7309,1,12,109,122,1.1147540983606556,0.031225524351351668,645,We are waiting to canvas the result.
1708,7309,2,10,110,122,1.1147540983606556,0.033324410991055,645,After the stock market crashed I got par.
1450,7314,0,15,116,131,1.1145038167938932,0.027927473753597446,645,"Sure, there are lots of kids, but with these fences, imagine the neighbors!"
2270,7314,3,9,119,131,1.1145038167938932,0.03364911925365619,645,"I know you think this new church will be sanctified,but not until you figure out how to make a crucifix look right"
2803,7314,1,13,117,131,1.1145038167938932,0.02995636163411997,645,In this neighborhood home is always in your mind.
5976,7317,1,14,125,140,1.1142857142857143,0.02882722085907327,645,"Now remember... If you give them what they're asking for, don't expect to ever get it back."
6748,7318,1,15,133,149,1.1140939597315436,0.02781446090885912,645,The latest trend...contemporary windmill picket fence.
294,7319,0,13,101,114,1.1140350877192982,0.029901177424970397,645,"I know it looks old-fashioned, but it really works. And for an extra $500 we can install a golf hole!"
667,7319,0,13,101,114,1.1140350877192982,0.029901177424970397,645,They dont make 'em like they used to.
733,7319,1,11,102,114,1.1140350877192982,0.03239345314295066,645,That is a very long climb to get grass.
6629,7322,2,14,142,158,1.1139240506329113,0.028358691701303472,645,Plus it makes elephant clouds to order
579,7323,1,12,110,123,1.113821138211382,0.030984666925791576,645,"Wood and wind are forever...well, wind will be around for a while.  Gets stronger, day by day..."
4827,7323,2,10,111,123,1.113821138211382,0.03306553501498268,645,Let’s Ro-Sham-Bo
6230,7323,1,12,110,123,1.113821138211382,0.030984666925791576,645,I'm not a fan of the elephant in the room.
6295,7326,2,11,119,132,1.1136363636363635,0.03162593519709456,645,And if you’re seri
5781,7326,0,15,117,132,1.1136363636363635,0.027728666305521427,645,No putting allowed on the property
6527,7328,0,13,102,115,1.1130434782608696,0.02965660931683737,645,Ever seen Indiana Jones? kind of like that. Just make sure it doesn
2287,7329,0,14,110,124,1.1129032258064515,0.02853554158249128,645,You should consider installing a pair of reinforced doors.
3249,7329,1,12,111,124,1.1129032258064515,0.030747479196961643,645,You've got to get in on the ground floor with our newest time-share offering.
4251,7329,2,10,112,124,1.1129032258064515,0.032810635783676746,645,Living here will definitely improve your golf game.
4554,7332,0,15,118,133,1.112781954887218,0.027532650801261563,645,You're looking a golf ball?
7139,7332,3,9,121,133,1.112781954887218,0.03316338884677568,645,I'm sorry to inform you that your son has been expelled. He's just spinning out of control.
5242,7334,2,10,113,125,1.112,0.032559622729049914,645,Price has just been reduced to half off.
5324,7334,1,12,112,125,1.112,0.03051387838662184,645,"I love mini-putt,but perhaps that's small on my part?"
7136,7334,1,12,112,125,1.112,0.03051387838662184,645,"It's Southampton sized, but fun for the average family."
4594,7337,1,13,120,134,1.1119402985074627,0.029319992564782172,645,"This windmill house is top-notch real estate!""
""Oh, yes. I love plastic grass, a giant hole in the front yard, and the occasional giant florescent-colored golf ball in my living room. We'll take it."
6258,7338,1,14,128,143,1.1118881118881119,0.028253776550789925,645,But didn’t you say you wanted to mend fences with the mean neighbors?
6816,7339,1,12,113,126,1.1111111111111112,0.030283784171966543,645,It's the same house but without the view from the anthill
5310,7339,2,7,90,99,1.1111111111111112,0.03768416986205077,645,I suggest you stop waffling and put in an offer.
4024,7339,0,15,120,135,1.1111111111111112,0.027148765412512283,645,The town might grant a tunneling permit.
198,7339,1,12,113,126,1.1111111111111112,0.030283784171966543,645,This house is free of charge!
4877,7339,2,10,114,126,1.1111111111111112,0.032312407999998675,645,"And if you're ever feeling adventurous, you can Indiana Jones it in your own front foyer during business hours."
3303,7344,1,13,122,136,1.1102941176470589,0.028910488627570178,645,"For the ball never to be out of bounds at the church for tithers is a gimme, not a handicap."
4396,7345,0,13,105,118,1.1101694915254237,0.02894618860440565,645,Beware the silent ricochet.
3717,7346,2,11,124,137,1.1094890510948905,0.030522204920593786,645,MAM THIS IS LATEST DESIGN GUD VENTILATION AND SAFE FROM THIEVES
5784,7346,0,15,122,137,1.1094890510948905,0.026775372626784665,645,And your dreams will be absolutely prismatic!
2112,7348,1,12,115,128,1.109375,0.029833805981314365,645,Insurance pays triple in case of a dreidel.
2428,7348,1,12,115,128,1.109375,0.029833805981314365,645,The elephant will be here shortly to turn the turn the blades.
5644,7348,0,14,114,128,1.109375,0.02769520686450485,645,IT'S PERFECT FOR BACKERY AND ALSO  NO AC NEEDED
5998,7348,0,14,114,128,1.109375,0.02769520686450485,645,whose ladder is this?
7336,7352,0,13,106,119,1.1092436974789917,0.02871683968851464,645,This used to belong to nazis but we managed to disguise it quite well
2255,7352,1,11,107,119,1.1092436974789917,0.031098018184332915,645,Your uncle left this property to you. Now the IRS owns you! Dutch treat!
6174,7354,0,15,123,138,1.108695652173913,0.026592478407018463,645,"It doesn’t come with the pool you wanted, but it is haunted by Van Gogh’s severed left ear so perhaps worth a look."
5213,7354,0,15,123,138,1.108695652173913,0.026592478407018463,645,It's our home in one fixer upper!
2114,7354,0,15,123,138,1.108695652173913,0.026592478407018463,645,You want WHAT!???
1870,7357,0,14,115,129,1.1085271317829457,0.027492753796726957,645,"Now remember, it is ""Fore!"" and not ""Four!"""
4495,7357,2,10,117,129,1.1085271317829457,0.03159271392810292,645,Hopefully the house doesn’t fall down the hole
5619,7357,0,14,115,129,1.1085271317829457,0.027492753796726957,645,Only we guides know about such things. It's called a wind mill.
6967,7357,1,12,116,129,1.1085271317829457,0.029613772848713426,645,They will take your offer of $8 million.
7289,7361,1,11,108,120,1.1083333333333334,0.030851213681489343,645,"""Previous buyers have said the blades are the elephant in the room""."
1833,7362,2,12,134,148,1.1081081081081081,0.028978971040405917,645,I think it's out of gas.
7067,7362,1,14,133,148,1.1081081081081081,0.027346884634331752,645,This new house I’m about to show you is in the themed section of the amusement park neighborhood.
3212,7364,3,9,127,139,1.1079136690647482,0.03178662747719772,645,"many would love this  Dutch home ""wooden shoe"" ?"
6847,7364,1,13,125,139,1.1079136690647482,0.028317147760032545,645,"So, where's your putter?"
2816,7366,1,12,117,130,1.1076923076923078,0.029396947837776702,645,get the elephant off your back and start living again.
5168,7367,2,9,110,121,1.1074380165289257,0.03278121163778187,645,"Most homeowners are passive, gimme types. Here, you put your life on the line and tell your house, 'I'd die for you.' It's romantic."
2486,7368,0,12,100,112,1.1071428571428572,0.029356962018813812,645,Once you get past the hole in the ground and the outline of an elephant in the right hand corner it's actually par for the course
3664,7368,0,12,100,112,1.1071428571428572,0.029356962018813812,645,"YES, THIS IS WHERE DR. FRANKENSTEIN AND HIS MONSTER PERISHED, BUT WE'D RATHER NOT MENTION IT---"
7294,7370,2,10,119,131,1.1068702290076335,0.03113041232578344,645,"One thausend sben in a day gust to give you , The wavel you ask for"
7239,7370,1,12,118,131,1.1068702290076335,0.0291832616319182,645,"And thats how I found her hole, in one. Now if you’d step this way to the kitchen."
2111,7370,2,10,119,131,1.1068702290076335,0.03113041232578344,645,Welcome to Reverse Pee Wee Golf
7004,7370,0,14,117,131,1.1068702290076335,0.02709654862488373,645,From the second floor you
2016,7374,1,11,110,122,1.1065573770491803,0.030369126486311234,645,Couple to Realtor - “This house is put put perfect for us! We want to make an offer!”
3449,7374,0,13,109,122,1.1065573770491803,0.028049970528641905,645,London bridges sure fell down.
6709,7374,1,11,110,122,1.1065573770491803,0.030369126486311234,645,"Whereas, if you get married in a windmill, the electricity in your relationship will last well into your eighties and beyond."
3440,7377,2,8,103,113,1.1061946902654867,0.0341105880233427,645,There’s 3 offers on the place. 2 FHA and 1 all cash.
4021,7377,2,8,103,113,1.1061946902654867,0.0341105880233427,645,"As I understand it, the previous owner had a timing issue
Ok on my count of 3 we make dash in to see the renovations.
Entertainment in this back yard? I don’t you’ll have a ball!"
3730,7379,1,12,119,132,1.106060606060606,0.028972646886143236,645,Your bungalow at Trump Putt-Putt comes with free NDA!
4505,7380,0,11,93,104,1.1057692307692308,0.03030301670261224,645,"Unfortunately, your lottery winnings of one million do not cover the purchase of homes with inappropriately fitting shutters"
3720,7381,3,7,113,123,1.1056910569105691,0.03427240743678363,645,"hey listen, if we dont jump in that hole that giant elephan will murder us all"
3029,7381,0,13,110,123,1.1056910569105691,0.0278344722877674,645,...and the yard has a deep hot tub.
3251,7381,1,11,111,123,1.1056910569105691,0.0301336667012711,645,The previous owner was a linebacker.
3824,7384,1,12,120,133,1.105263157894737,0.028765038157895835,645,"The HVAC may need some updating, but if he was a tremendous"
3036,7384,3,8,122,133,1.105263157894737,0.03248491578149302,645,"Don, why did you bring us here?  No, selling windmills is really not an improvement on fighting them.  And no, this one is not giant on the inside."
977,7386,1,11,112,124,1.1048387096774193,0.0299018158744701,645,Windmills b turnin
1127,7386,2,9,113,124,1.1048387096774193,0.0320195086806811,645,"And as an extra bonus, if you buy today, one year free oil will keep the squeaks to a minimum."
4953,7386,1,11,112,124,1.1048387096774193,0.0299018158744701,645,Before they invented screens
381,7389,1,12,121,134,1.1044776119402986,0.028560371840774455,645,The 8th hole is in Miami. The 9th hole is in Dallas. The 19th hole is in Toronto. They have great drinks.
5116,7389,0,14,120,134,1.1044776119402986,0.026523084078765323,645,The DWP takes full responsibility. Your bill will reflect these changes.
5548,7389,2,10,122,134,1.1044776119402986,0.030461708591563774,645,He’s having trouble weaning!!
6050,7389,1,12,121,134,1.1044776119402986,0.028560371840774455,645,"This house is a hole-in-one! Haha... Anyway, you’ll be living next to a sex offender."
3480,7393,4,7,133,144,1.1041666666666667,0.03226545575084342,645,The architect was having a bad day.
3667,7393,0,15,129,144,1.1041666666666667,0.025545239210256893,645,It's the latest spin on a home protection border wall that allows you quick access between migrant caravans.
1283,7395,2,9,114,125,1.104,0.03177339118030642,645,And there is no cost for electricity when the elephant disappears.
2670,7395,0,13,112,125,1.104,0.027413206141707353,645,You'll also have your very own elephant mouse.
2784,7395,1,11,113,125,1.104,0.029673492026255653,645,It's more efficient than saying 'You're fired!'
7106,7398,2,11,132,145,1.103448275862069,0.028907531815998363,645,Don’t quit the church....Wind mill you realize we are spending your tithe wisely?
6697,7398,1,10,105,116,1.103448275862069,0.030926014010099357,645,"This is the best house on the course, not the first - so, no amateurs - not the last - so, not frustrated husbands!"
4316,7398,0,15,130,145,1.103448275862069,0.025378623179102996,645,"And here we have, “Tom Sawyer enlists a Dutch boy”."
1454,7401,0,13,113,126,1.1031746031746033,0.027207293791829613,645,Join us. We believe God's blowin' in the wind.
2081,7401,0,13,113,126,1.1031746031746033,0.027207293791829613,645,Buy now. It is more than worthy later.
4847,7403,2,10,124,136,1.1029411764705883,0.03003159513570627,645,We frown on pets but maybe if we can throw him through that black hole.
1794,7404,2,8,107,117,1.1025641025641026,0.03298807799500908,645,Congratulations. Please check the doppler report for move-in information.
4952,7404,0,12,105,117,1.1025641025641026,0.028168934256541104,645,Windmill blades? Not at all. You're imagining them - like you did that elephant in the bathtub.
2249,7406,0,13,114,127,1.1023622047244095,0.027004435815569303,645,"I always advise newlyweds starting life's journey: ""A well-timed prayer will get you through the rough patches."""
6575,7406,1,11,115,127,1.1023622047244095,0.029227109516168085,645,"Relatively private. Only if they have a platinum pass do they get to come in."""
1253,7408,2,10,125,137,1.102189781021898,0.0298210483759282,645,You should both get checked.
4888,7408,0,14,123,137,1.102189781021898,0.025973265338187647,645,You need your passport to enter the house.
6367,7408,1,12,124,137,1.102189781021898,0.027963417517958618,645,It's not too disturbing.  It only works in a hurricane.
3404,7411,0,11,97,108,1.1018518518518519,0.02923927267563271,645,"Frank, timing is everything during this hot buyers market...lead me to the front door and I'll give you a visual!"
6211,7412,2,8,108,118,1.1016949152542372,0.03271887044714247,645,"Don't worry, the giant windmill attached to the front of your home should protect you."
4967,7412,2,8,108,118,1.1016949152542372,0.03271887044714247,645,Includes all your adult inhibitions at no extra cost.
498,7412,1,10,107,118,1.1016949152542372,0.030424659927313576,645,Its called the Grandparents Special
3451,7412,1,10,107,118,1.1016949152542372,0.030424659927313576,645,"I know it sounds strange, but the prior owners complained of being visited by a smoke elephant so they put the place up for sale."
1625,7416,2,9,117,128,1.1015625,0.031057168342632245,645,"Where the elephant passes, one knows."
3156,7416,0,13,115,128,1.1015625,0.02680456515850638,645,Think of it this way. You can open a mini-golf  range for extra money.
4080,7416,0,13,115,128,1.1015625,0.02680456515850638,645,"If you do decide to make the move up the property ladder, you’ll be able to ride the property helter-skelter afterwards."
52,7419,3,8,127,138,1.1014492753623188,0.03134870755555919,645,Thanks for meeting me back here. Cum is a great alternative fuel source if you consider my mouth a vehicle.
2144,7419,0,14,124,138,1.1014492753623188,0.025794997519150625,645,"Rest assure, this windmill is not a monster."
4067,7421,1,13,134,148,1.1013513513513513,0.026674246598407465,645,This is our ivory model.’
841,7422,2,8,109,119,1.1008403361344539,0.03245401024042414,645,And we’re calling this section....GIGANTIC golf.
470,7423,1,11,117,129,1.1007751937984496,0.028793910771518667,645,J
2854,7423,3,7,119,129,1.1007751937984496,0.032731290221035936,645,"When I said I wanted to live in a place where I can practice getting it in the hole daily, this is not what I meant."
5043,7425,0,14,126,140,1.1,0.02544566789039912,645,I can get you a discount on the runof plug!
4106,7425,3,7,120,130,1.1,0.032487784961970564,645,I have a proposition for you that involves your wife.
2248,7425,1,12,127,140,1.1,0.027390818485530818,645,"He is the top windmill shutter architect


Linda Goldman"
2585,7425,1,11,118,130,1.1,0.028582074854382317,645,You told me you were looking to downside.
6876,7429,2,10,129,141,1.099290780141844,0.029007500932259997,645,The underwriters said you must get rid of that hole in your lawn.
3000,7430,1,11,119,131,1.099236641221374,0.028373322496397284,645,Or you can just spring for the in-app purchase.
2193,7431,0,11,100,111,1.0990990990990992,0.02848898792944486,645,"Functional is the rage. Here's a functional penthouse. And if you act quickly, it could be yours."
5999,7432,1,12,129,142,1.0985915492957747,0.027021893244312114,645,"And, of course, you don't have to floss."
6256,7432,1,12,129,142,1.0985915492957747,0.027021893244312114,645,"Are you too good for this home?""-Happy Gilmore, Real Estate Agen"
6539,7432,1,12,129,142,1.0985915492957747,0.027021893244312114,645,"So we agree, I got a birdie and you've got dyslexia?"
3925,7435,1,11,120,132,1.0984848484848484,0.028167587113218696,645,"Nice house in the green, but be careful of strokes."
7345,7435,2,9,121,132,1.0984848484848484,0.03015084384863376,645,And... you can see the Rhine if you tilt~
1889,7437,1,10,111,122,1.098360655737705,0.029469031197146334,645,The only downside is that you have to watch out for erratic golf balls
2952,7438,2,9,122,133,1.0977443609022557,0.0299324477813249,645,"No really, go ahead. So what if you're not as fly as Snoop Dog? You're timing's impeccable."
2806,7439,0,12,111,123,1.0975609756097562,0.02686377774048914,645,But it breaks even after two years!
4996,7440,2,7,104,113,1.0973451327433628,0.033175303847655206,645,Do air conditioners go with the deal?
6750,7441,0,14,130,144,1.0972222222222223,0.024774516250440127,645,"This is fine, the solar panels will be here shortly. Ekkkkkk"
6182,7442,0,13,121,134,1.0970149253731343,0.02566455524062504,645,Lake George is noisy
2497,7442,2,9,123,134,1.0970149253731343,0.02971718521272144,645,"Ah, I see. You have it set to M for mini when you should have it set to W for wombo."
2280,7442,1,11,122,134,1.0970149253731343,0.027764910342609465,645,He’s 6 months.
882,7442,0,13,121,134,1.0970149253731343,0.02566455524062504,645,"For $20, I'll let you whitewash my picket fence."
6224,7446,2,8,114,124,1.096774193548387,0.03119138581411026,645,I misunderstood - it's Sales you want people to see how high up you are in.
3261,7447,1,11,123,135,1.0962962962962963,0.027567844998135898,645,Just playing Some Put Put...
1263,7448,3,6,116,125,1.096,0.032969193832053045,645,You can queef for days in a place like this.
3538,7449,1,11,124,136,1.0955882352941178,0.02737354858934891,645,A house divided against itself cannot stand
5864,7450,1,10,115,126,1.0952380952380953,0.028571428571428577,645,"Scientist:"" We’ve discovered a gravitational swirl near the black hole in your front yard. It is elephant times more powerful than anything we know."""
3301,7451,1,11,125,137,1.094890510948905,0.027181963368189652,645,Fee-Fi-Fo-Fum.  It's the new Fore!
4226,7451,0,13,124,137,1.094890510948905,0.025130000509228586,645,The last homeowner pooped to death
1196,7453,2,7,107,116,1.0948275862068966,0.032345697075803606,645,Let me punch out a tune for you all.
1728,7453,1,9,106,116,1.0948275862068966,0.029938588507783567,645,"I'm sorry, but zero emmissions and rescue animals make good PR."
155,7455,1,9,109,119,1.0924369747899159,0.02921270665754888,645,"I know there are moles, but you can expect a Eighteen course meal from 9-7."
1250,7456,0,12,118,130,1.0923076923076922,0.025485515303768344,645,"Don’t look now, but there’s an elephant in town."
6478,7457,0,12,119,131,1.0916030534351144,0.02530003557864297,645,"One bedroom, one bath, two-year lease."
58,7457,2,8,121,131,1.0916030534351144,0.029579915896993374,645,And a beautiful view of The Donald's birdie from Mar-a-Lago!
2282,7459,2,7,112,121,1.0909090909090908,0.03105136595745333,645,Goliath the Architect is a big fan of miniature golf!
2747,7459,0,10,100,110,1.0909090909090908,0.027535569673426488,645,It’s guaranteed “Tilt-Proof “!
4003,7461,0,13,131,144,1.0902777777777777,0.023964965777906952,645,Armchairs or at a push a small a two seater
1336,7462,0,12,121,133,1.0902255639097744,0.024937028498912793,645,It's God's way to say touché and that he will never fence you in.
1084,7463,1,9,112,122,1.0901639344262295,0.028521101652763975,645,"This particular property was designed by Mr. Wood's older brother, Puma."
6496,7464,0,13,132,145,1.089655172413793,0.023807258824376978,645,We used to have an HOA. Now we have a giant elephant.
4480,7465,4,4,126,134,1.0895522388059702,0.032586971872982345,645,"Succ my dick, you dumb: cunt!"
1787,7466,0,11,112,123,1.089430894308943,0.02583570560354725,645,Shit. Golf was always a white mans sport but I was never very good at it.
2943,7466,2,7,114,123,1.089430894308943,0.030562128961883032,645,And this house is available to you as a short sale.
5523,7468,2,6,104,112,1.0892857142857142,0.03247009174422343,645,It's Christmas Morning. My girlfriend's in the kitchen doing stuff before we leave for her parents. I got some really good presents this year. An artist I like dropped an album and I'm listening to the start of it. I'm doing okay. Hope you are too.
1106,7469,0,11,113,124,1.0887096774193548,0.025636652900944128,645,We encourage tourists to visit the windmills before the coffeeshops.
1681,7469,1,9,114,124,1.0887096774193548,0.02807789727748478,645,"It sounds like we're paying you to own our property."" ""Correction. To SHARE our property."
1105,7471,1,8,104,113,1.0884955752212389,0.02963516604230352,645,This prime piece of real estate comes with its very own ‘The Sunken Place’ for all those late night tee sessions.
826,7471,0,10,103,113,1.0884955752212389,0.026836826441660907,645,"I know your faith has been tested, but why don't you take another wack at it?"
3957,7473,2,9,136,147,1.08843537414966,0.027175916400524473,645,"Does the elephant come with it.
Patrick McGuire Waldorf MD"
3815,7473,1,11,135,147,1.08843537414966,0.02540359171638416,645,Fore!
2148,7475,1,9,115,125,1.088,0.027861408157451945,645,shhh! if the manager sees us here he'll be pissed
2774,7475,2,7,116,125,1.088,0.03008804285061835,645,"Why yes!  --it does come with ""Rocinante"".  Except this one eats peanuts by the bushel."
4871,7475,1,9,115,125,1.088,0.027861408157451945,645,"The motion-activated windmill not only backs up the pheromone-scented hole, it bucks up the curb appeal."
1967,7478,1,8,105,114,1.087719298245614,0.029384313829045588,645,We can't offer you insurance on that kite.
6067,7479,1,10,126,137,1.0875912408759123,0.026362511755459374,645,Tiny hands golf course.
898,7480,1,9,116,126,1.0873015873015872,0.0276482239616546,645,Boxing clusters.
1207,7480,0,11,115,126,1.0873015873015872,0.025247577334264856,645,You’d have to wait 20 minutes to get on the rollercoaster
1807,7482,1,9,118,128,1.0859375,0.027231472946728848,645,Fe Fi Fo Fum Golf opens in Palm Beach.
3203,7482,1,9,118,128,1.0859375,0.027231472946728848,645,The entrance is up through the ladder. Restrooms are down below.
7087,7482,0,11,117,128,1.0859375,0.02487009494926453,645,How dare you turn a zoo into a windmill?
33,7485,0,10,107,117,1.0854700854700854,0.025958346933418235,645,White power.
4612,7485,1,8,108,117,1.0854700854700854,0.02865655233700379,645,"Is he still out there?
That elephant killed my family and now he's after me!"
5125,7485,0,10,107,117,1.0854700854700854,0.025958346933418235,645,ultragolf rewards cocksure players above miniature
4517,7488,1,9,119,129,1.0852713178294573,0.027027762947638267,645,"You don't say! Your son is in a Japanese diaper band? Right in this condo, he could mill his own vegan sprouted Manchurian tea mushrooms and share some artisanal jar Kombucha with his guests."
5639,7489,1,10,130,141,1.0851063829787233,0.025641440192185932,645,Sure it has a whole in the wall  kitchen but the HOA fees are paid by others.
6534,7489,1,10,130,141,1.0851063829787233,0.025641440192185932,645,Your energy bill will be charged monthly.
6669,7491,0,11,119,130,1.0846153846153845,0.024503697126800623,645,"Sorry, sir but there may be a confusion. We asked for jumbo shrimp."
203,7492,0,11,120,131,1.083969465648855,0.024324504024906605,645,"You had drained the shot, until some little boy plugged the hole with his finger."
493,7493,0,10,110,120,1.0833333333333333,0.025336208004377497,645,We’re taking Jamaica off the grid.
1793,7493,0,9,99,108,1.0833333333333333,0.026719185044249912,645,"It's for rubber bowling balls, so it won't keep you up."
4379,7493,3,5,124,132,1.0833333333333333,0.030497582727815616,645,We have a putt-putt special only for today that includes shipping. BUY ONE GET ONE FREE. They are endorsed by the President.
6800,7493,0,11,121,132,1.0833333333333333,0.024147904447967324,645,It comes with a gum drop allowance so you can make it your own.
7003,7493,1,7,100,108,1.0833333333333333,0.02978229534399722,645,"Maybe if we hide our business meeting here, behind this giant golf windmill, the rude ghost elephant won’t interrupt us this time."
7549,7493,0,12,132,144,1.0833333333333333,0.023112508176051216,645,"As you know, the weather did tip-toe thru the tulips....the market is down."
7343,7499,0,12,134,146,1.082191780821918,0.022808995803567718,645,The previous owners were from China.
2317,7500,0,11,123,134,1.0820895522388059,0.023802264637950432,645,You'll get used to the kids' tantrums.
2665,7500,1,9,124,134,1.0820895522388059,0.02605318891285812,645,"Falling attendance on Sunday inspired this. After all, we're competing directly against the NFL."
5249,7502,1,8,114,123,1.08130081300813,0.027303868910679735,645,It was a bargain at twenty trillion dollars
0,7502,0,10,113,123,1.08130081300813,0.024743104820672365,645,"Well, yeah, the people from the church next door DO keep climbing the wall and jumping into that hole. That's why we put the lower-case 'bob' there-- to try and trip a few."
3570,7502,1,8,114,123,1.08130081300813,0.027303868910679735,645,Do you really  ...?
6350,7505,2,7,127,136,1.0808823529411764,0.0277224554828429,645,"In addition to wind power, this house also has the capacity to generate snow power with this unique snow fence design."
5696,7506,2,6,116,124,1.0806451612903225,0.029411515880648477,645,When you said this place was the whole package....
6131,7507,1,9,127,137,1.0802919708029197,0.025501399957748604,645,The market has moved to just selling the its hazards.
6572,7508,0,10,115,125,1.08,0.024362848501289284,645,The feed-in tariffs make it a very attractive investment opportunity.
2041,7509,1,9,128,138,1.0797101449275361,0.025322617821446975,645,"Honestly Mr. Brush, it sound a little far fetched."
971,7510,1,9,129,139,1.079136690647482,0.025146320220827627,645,You want to go get him? I say we get him.
6881,7511,1,8,118,127,1.078740157480315,0.02647073505020292,645,"The owner of this rental will maintain at all times one hole ready to ""resolve"" any accidents that might happen."
593,7512,1,9,130,140,1.0785714285714285,0.02497245582916265,645,Are you Big Ballers?
980,7513,1,8,119,128,1.078125,0.026270321623998942,645,No Winds and Fouled Gears or Kiss Your Ass Goodbye!
5887,7513,1,8,119,128,1.078125,0.026270321623998942,645,"If that’s what you think, wait’ll you see 
my mini-me!"
88,7515,0,10,119,129,1.0775193798449612,0.023636261468314868,645,"yes, we do, but not reception please"
4904,7515,1,8,120,129,1.0775193798449612,0.0260729148199103,645,"It can be rented to basketball players for putt putt golf, and also provide power for your home."
4504,7517,0,9,108,117,1.0769230769230769,0.024741058496256824,645,The owner kindly offers to include the two coveralls that hang next to the basement tunnel entrance.
9,7517,2,5,110,117,1.0769230769230769,0.030113857411010452,645,"This place would be great, but there are so many giants trying to hit balls at this place."
4846,7519,0,12,145,157,1.0764331210191083,0.021272212980002373,645,Where is the shmoo?
5271,7520,0,11,133,144,1.0763888888888888,0.02221220393834594,645,"...but on the plus side, we have very strict zoning laws, and the home comes with a lifetime warranty."
4069,7521,0,9,110,119,1.0756302521008403,0.024340507680318108,645,What kind of church is this? I hope that it’s under renovation cause otherwise we’re in trouble.
4544,7521,0,9,110,119,1.0756302521008403,0.024340507680318108,645,"Price at one million but come with 5 Semper Augustus
Yayo Chinea Antioch Calif."
2252,7523,1,6,99,106,1.0754716981132075,0.029055553591831505,645,"Remember, when you meet Mr. Panza, ask him for the appraisal"
5409,7524,0,10,123,133,1.0751879699248121,0.022951651934902,645,"In Holland, elephants are too big to fit in a room."
1900,7525,1,7,112,120,1.075,0.026889388533142097,645,We have this well with a big white ball.. I think you're gonna like this house. Mr big hole with a white ball in it
7315,7525,0,9,111,120,1.075,0.024145044901124332,645,You couldn't want a better location.
6649,7527,2,6,126,134,1.0746268656716418,0.027270359416575587,645,Not to worry. It's gone by FRIDAY! Homeland Security sees some promise.
614,7528,0,8,101,109,1.073394495412844,0.025093850407933077,645,"''No,there aren't refunds for my concert.''"
4759,7529,2,5,116,123,1.0731707317073171,0.028678131974395758,645,Congratulations!  You are now OFFICIALLY
2394,7530,0,10,127,137,1.072992700729927,0.02230549364705501,645,"In our downsized community, you can watch miniature golf if you avoid the putter hacks."""
3985,7531,2,5,117,124,1.0725806451612903,0.028452036323225297,645,We're running a bit early for this next showing.
146,7531,1,7,116,124,1.0725806451612903,0.026045883117618254,645,You didn't say we were buying a windmill. We thought we were buying a normal house.
6587,7533,0,10,129,139,1.0719424460431655,0.021995837962776543,645,"It's a tough world out there.  Kids like ""bob"" over there just don't have what it takes.  Survival of the fittest you might say."
780,7534,0,9,118,127,1.0708661417322836,0.022859844131497838,645,"You can't just stand there, waiting for the elephant in the room to blow over!"
368,7535,1,7,123,131,1.0687022900763359,0.024690306566798166,645,"And for my next piece, Requiem for a heavyweight.

This is for the Dec. 17th issue."
6292,7536,1,6,110,117,1.0683760683760684,0.026391416894891634,645,"And, Dr. Frankenstein promised to stop by later."
5996,7537,0,9,124,133,1.0676691729323309,0.02186218126004029,645,"What your husband and wife were doing right,   when the elephant attacked you could say ?"
972,7538,1,5,100,106,1.0660377358490567,0.02769642882623244,645,"of course it's haunted. you want a three-story, two-bath windmill on the coast that ISN't haunted?? yeah, and i wanna be elvis freakin presley!

my mom died in this windmill, ya know. it's her ghost. never even thought to ask, huh? about my lonely ma"
1986,7539,1,6,115,122,1.0655737704918034,0.025335320417287636,645,Have you seen my brother? We come from a descendant of golf balls.
2138,7539,2,4,116,122,1.0655737704918034,0.027881202584008512,645,"We are weight watchers, the sails go round to max a fight-to-fright response."
462,7541,1,7,130,138,1.065217391304348,0.0234686989551951,645,It'll be missed.
3190,7541,0,9,129,138,1.065217391304348,0.021094864490026472,645,"Disregard the oil stain, all you need to know that Richard Colton created ' I Love New York'--yet milton glaser mere;y added the heart"
184,7543,0,8,117,125,1.064,0.021979462554702022,645,“The window unit conveys.”
471,7544,1,6,120,127,1.062992125984252,0.024360413754451873,645,A small loan of a million dollars will suffice.
3527,7545,1,7,135,143,1.062937062937063,0.022667530142476747,645,Watch out for the giant gol balls.
1694,7546,1,5,107,113,1.0619469026548674,0.02601658107112096,645,"We're so confident of our global warming creditials, Mr Noah, you could build a boat with our wood."
871,7547,1,5,109,115,1.0608695652173914,0.025573383503554075,645,pretend your on the worlds largest mini-put course
5274,7548,1,5,110,116,1.0603448275862069,0.025357394716016245,645,This is not a lot of hat air.
7377,7549,1,6,126,133,1.0601503759398496,0.02328510744620073,645,"My client wishes to express his sincerest apologies. But you must admit, the baby does look a bit like a giant golf ball."
4202,7550,0,8,127,135,1.0592592592592593,0.02039673654232188,645,"And any problems with elephant clouds wandering into the yard, the switch for the outside fan is in the cupboard under the stairs..."
6392,7551,0,8,129,137,1.0583941605839415,0.020107118031718507,645,"When we signed up for the “Foreign Correspondent” re-enactment, we thought Joel McCrea was leading the tour."
1669,7552,0,8,132,140,1.0571428571428572,0.01968776982602044,645,I have a plugging proposition for you.
1308,7553,0,7,117,124,1.0564516129032258,0.020809790594432876,645,g around.
6419,7554,0,7,119,126,1.0555555555555556,0.020487876571761977,645,You ever notice reposado tequila smells better than it tastes?
1342,7555,0,7,122,129,1.054263565891473,0.02002323480598045,645,"Well, before you can go “Dutch”, you have to rob the Number 3 train going past Christopher."
2604,7555,0,7,122,129,1.054263565891473,0.02002323480598045,645,"Sorry for the delay, it took longer to clean up after the last Titlus squash the Adams."
2232,7557,0,7,123,130,1.0538461538461539,0.01987299705906324,645,On the count of three step forward and you will be talking with the winds!
6490,7558,1,5,129,135,1.0518518518518518,0.02185058695311236,645,"...Used to be a well. No incidence yet. Goes by Donta, she hates doors. Pretty Quiet Actually. No, I take this very seriously."
4064,7559,1,5,130,136,1.0514705882352942,0.021692676547960366,645,"C’mon, you guys aren’t feelin’ this? One two three FOUR FIVE six seven eight NINE TEN eleven twelve! Doo-Doo do-do-do Doo-Doo do do-do-do do-do do DOO! Do do-do DOO! No? Daaaamn!"
2724,7560,0,6,116,122,1.0491803278688525,0.01965857817924428,645,Are you going to work to madame?
3422,7561,0,5,101,106,1.0471698113207548,0.0206892703318409,645,So now we know  ...  miniature golf and midget housing are not compatible.
1088,7562,0,5,106,111,1.045045045045045,0.019775096589106683,645,You sure you want to joust this marriage thing when so many others have failed?
5188,7563,0,6,129,135,1.0444444444444445,0.017802636020324544,645,The antique trunks department is in the back.
216,7564,0,5,127,132,1.0378787878787878,0.016679279394712563,645,Join our church for eclectic ideals . The red church around the corner is full of hot air.
6590,7565,0,4,119,123,1.032520325203252,0.016058998205879756,645,If you don't sicced the first time?
