target_id,rank,funny,somewhat_funny,unfunny,count,score,precision,contest,caption
6060,1,43,48,105,196,1.683673469387755,0.05795840979428961,654,Cancel the molten lava cake.
2753,2,40,49,104,193,1.6683937823834196,0.05756116792140065,654,You know what? Just bring me back the one with the fly in it.
5410,3,40,46,104,190,1.6631578947368422,0.0583925836490071,654,"On second thought, let's skip the chocolate lava cake for dessert."
6780,4,37,40,95,172,1.6627906976744187,0.061830353968520824,654,Cancel the chocolate lava cake.
6599,5,46,37,112,195,1.6615384615384616,0.05988391679675706,654,I’d like to cancel my lava cake.
1783,6,41,39,103,183,1.6612021857923498,0.060768941197205655,654,"Pardon me waiter, but there appears to be a fly, a house, and a cow in my soup."
3451,7,42,49,112,203,1.6551724137931034,0.05627525287696031,654,Cancel the Lava cake for desert.
5744,8,37,36,95,168,1.6547619047619047,0.06317568618712043,654,Is it too late to cancel the lava cake?
307,9,39,44,107,190,1.6421052631578947,0.05820654747677107,654,"On second thought, cancel the lava cake."
532,10,35,48,105,188,1.627659574468085,0.05692867563930923,654,"I see nothing wrong.  
But then, I'm a Republican."
5977,11,31,60,106,197,1.619289340101523,0.05299647974066269,654,Do you recommend getting under the table or waiting it out?
5058,12,38,31,104,173,1.6184971098265897,0.0626574664412682,654,I think I want to cancel my lava cake order now
3381,13,47,44,133,224,1.6160714285714286,0.05424451701383172,654,I certainly won't be ordering the chocolate lava cake.
6801,14,31,63,109,203,1.6157635467980296,0.05180014528653135,654,"No, I’m sure that I said fennel."
2038,15,34,45,105,184,1.6141304347826086,0.05757102817829653,654,Cancel the chocolate avalanche cake.
5778,16,30,55,104,189,1.6084656084656084,0.05436752048046852,654,What's the forecast for the entrée?
1402,17,32,49,105,186,1.60752688172043,0.056113976252626305,654,I asked for locally sourced. This is clearly from Kansas.
1103,18,39,34,113,186,1.6021505376344085,0.05968023378562094,654,"Well, it sure looks to me like a recipe for disaster"
6057,19,34,55,116,205,1.6,0.052938519514602,654,"On second thought, I’ll pass on the chocolate lava cake."
6718,20,35,38,108,181,1.5966850828729282,0.059038232727312095,654,"Let’s cancel the molten lava cake, shall we?"
4861,21,28,50,100,178,1.595505617977528,0.056020850562839355,654,Can you move me to a table with a little less atmosphere?
4322,22,34,41,109,184,1.5923913043478262,0.05778370562163071,654,Any chance you could turn down the celling fan?
3403,23,32,45,108,185,1.5891891891891892,0.056529678357523004,654,I want to rethink that chocolate molten lava cake I ordered.
5524,24,30,60,114,204,1.588235294117647,0.05140068523870908,654,"Well, yes, I did say surprise me"
4619,25,28,52,104,184,1.5869565217391304,0.05466172122509093,654,"I had this same soup in Sidney, but it went clockwise."
4900,26,28,49,102,179,1.5865921787709498,0.05585650538933022,654,Didn't the cook know this was a recipe for a disaster?
2989,27,32,47,112,191,1.581151832460733,0.055178796181126574,654,This dish is a disaster.
434,28,42,46,136,224,1.5803571428571428,0.05266625307933258,654,I can't wait to see the Molten Lava Cake.
268,29,30,51,112,193,1.5751295336787565,0.05377598122965563,654,What's the forecast for dessert?
456,30,28,45,104,177,1.5706214689265536,0.05647791145648409,654,Is it too late to cancel my molten lava cake dessert?
6830,31,27,48,104,179,1.5698324022346368,0.055424785214028445,654,Maybe leave the towel.
6808,32,35,39,119,193,1.5647668393782384,0.056296256769206396,654,I think I’d better cancel that lava cake
626,33,29,43,107,179,1.5642458100558658,0.05658318040571538,654,Do you have any other seasonal specials?
3817,34,29,37,103,169,1.5621301775147929,0.05922792472597911,654,Cancel the Baked Alaska.
6345,35,28,53,113,194,1.5618556701030928,0.052641798139405324,654,Could you turn off the ceiling fan?
3827,36,31,54,123,208,1.5576923076923077,0.05129946749966396,654,I'm declaring a plate of emergency.
3147,37,27,35,98,160,1.55625,0.06062234562690704,654,My friends warned me about the atmosphere in this place.
6794,38,37,30,120,187,1.5561497326203209,0.05877646430535334,654,"Before you go, describe the iceberg salad."
3455,39,31,45,117,193,1.5544041450777202,0.054404145077720206,654,"Reality check, please."
6177,40,25,50,106,181,1.5524861878453038,0.05392836266794226,654,That's ok. I'll give it a whirl.
5811,41,30,46,116,192,1.5520833333333333,0.05413708247006987,654,The chef  is really cooking up a storm tonight.
1759,42,29,35,105,169,1.5502958579881656,0.05929474365111407,654,And for dessert I'd like the lava cake.
6142,43,32,36,114,182,1.5494505494505495,0.05753706443212275,654,"I say tomato, you bring tornado; let's call the whole thing off."
3844,44,30,48,119,197,1.5482233502538072,0.05308075463189296,654,Our chef has been cooking up a storm.
5728,45,25,60,116,201,1.5472636815920398,0.04982581476041506,654,The chef suggests stirring in the opposite direction.
1200,46,25,62,118,205,1.5463414634146342,0.04909748744584596,654,"Don’t worry, soon it’ll be downgraded to a tropical bisque."
1547,47,24,48,104,176,1.5454545454545454,0.05454545454545454,654,Let’s cancel that molten lava cake order.
2823,48,27,47,112,186,1.543010752688172,0.053950560741436684,654,I'd like to speak to the meteorologist.
1559,49,28,39,108,175,1.542857142857143,0.05714285714285715,654,From a recipe for disaster?
2519,50,31,37,115,183,1.540983606557377,0.056797217767778393,654,Is this farm-to-table?
6159,51,30,42,117,189,1.5396825396825398,0.05486373901829283,654,I think I’ll cancel the volcano cake for dessert.
4132,52,29,52,123,204,1.5392156862745099,0.05122998734290074,654,I think you might want to turn down the ceiling fan.
5565,53,34,45,131,210,1.5380952380952382,0.05233121771542206,654,"For dessert, may I recommend the hot lava cake."
453,54,26,47,112,185,1.5351351351351352,0.05366191484859655,654,"Also, it's too cold."
2002,55,24,52,111,187,1.53475935828877,0.05213074335909513,654,I'm saying the whole meal is a disaster.
2483,56,21,62,112,195,1.5333333333333334,0.048919959047022864,654,"I called you over to say there was a fly in my soup, but things have escalated since then."
1436,57,29,39,114,182,1.532967032967033,0.055998939089135155,654,Please cancel the flambé.
5841,57,18,61,103,182,1.532967032967033,0.04967937934659306,654,Can I get this downgraded to a tropical storm?
6219,57,30,37,115,182,1.532967032967033,0.056538428940002904,654,"Okay, so I'm guessing my crackers are in Kansas?"
2500,60,26,37,104,167,1.532934131736527,0.05809695824294753,654,"I’m sorry, but this soup is a disaster."
801,61,30,40,118,188,1.5319148936170213,0.05511923758115144,654,Maybe it does happen only once in a hundred years. I'm still sending it back.
6388,61,28,44,116,188,1.5319148936170213,0.05407727586202421,654,I demand to see the meteorologist.
612,63,26,40,107,173,1.5317919075144508,0.05652573551040524,654,I'd like to cancel my crepes flambe.
2368,64,26,49,116,191,1.5287958115183247,0.05238632355368319,654,"I said, ""Thai food! Not typhoon."""
3664,64,28,45,118,191,1.5287958115183247,0.053427989831690274,654,Do you have any crackers shaped like mobile homes?
4858,66,32,38,123,193,1.528497409326425,0.05499972136663619,654,I think blowing on it made it worse.
4744,67,25,44,109,178,1.5280898876404494,0.0547263265444,654,Do you think you could turn down the ceiling fan?
757,68,28,41,115,184,1.5271739130434783,0.05500170909102437,654,"Fennel, I said."
1906,68,28,41,115,184,1.5271739130434783,0.05500170909102437,654,"I'm sorry you're disappointed, but the menu did note that our soups rotate seasonally."
3609,70,24,50,113,187,1.5240641711229947,0.052163174896714536,654,If you like this I’m sure you will enjoy the lava cake for dessert.
1389,71,23,64,123,210,1.5238095238095237,0.04734484736865925,654,This soup is a natural disaster.
6778,71,23,53,113,189,1.5238095238095237,0.05119940938209708,654,This whole evening has been a disaster!
4682,73,27,47,119,193,1.5233160621761659,0.052502435824375235,654,"It's not a hair or anything, but I thought it was worth letting you know about."
6747,73,27,47,119,193,1.5233160621761659,0.052502435824375235,654,"I distinctly said, ‘fennel’."
3129,75,25,52,118,195,1.523076923076923,0.05106483205032225,654,I just assumed that Category 5 meant spicy.
2735,76,20,63,114,197,1.5228426395939085,0.0480499261554982,654,"It’s fine, I’ll just eat around it.”"
1154,77,27,50,122,199,1.5226130653266332,0.05128871699398955,654,Perhaps sir would like a table not quite so close to the ceiling fan?
142,78,24,43,108,175,1.52,0.05487109838907588,654,Chef has been cooking up a storm today.
1907,79,18,57,104,179,1.5195530726256983,0.05032115934130573,654,What does the chef forecast for tonight's entree?
3556,79,29,35,115,179,1.5195530726256983,0.0567688009602961,654,Cancel the volcano cake
214,81,19,56,106,181,1.5193370165745856,0.05052891532859674,654,"Could you turn the ceiling fan down, please?"
3585,82,24,53,118,195,1.5179487179487179,0.050555251477444434,654,I said funnel CAKE!
4169,83,29,45,125,199,1.5175879396984924,0.05227877636893336,654,It's part of our farm to table menu.
3651,84,21,50,107,178,1.5168539325842696,0.052382286712414364,654,"Can I order again, in English?"
1809,85,23,49,112,184,1.516304347826087,0.052256940252954985,654,"I said fennel soup, not funnel soup"
2495,86,21,54,111,186,1.5161290322580645,0.0507003015040516,654,"That's the last time I say ""Surprise me."""
4542,87,20,57,111,188,1.5159574468085106,0.04973251001719591,654,"Excuse me, but I ordered the funnel CAKE."
223,88,22,55,115,192,1.515625,0.05007442241626819,654,"I thought you were five stars, not category five."
3865,89,26,50,122,198,1.5151515151515151,0.05099998478226487,654,Would it take an act of God for you to bring me a napkin?
669,90,28,47,125,200,1.515,0.05159637515996875,654,Can you turn the overhead fan down a little?
5090,91,28,34,113,175,1.5142857142857142,0.057224900052505426,654,"On second thought, cancel the volcano roll."
2473,92,27,38,114,179,1.5139664804469273,0.05566154317009332,654,"About dessert, could you give me a few details regarding the chocolate volcano cake?"
3121,93,26,41,114,181,1.5138121546961325,0.054625087951223776,654,This reminds me of my Auntie Em’s recipe.
6297,94,25,50,120,195,1.5128205128205128,0.0510834112148629,654,"And for dessert I'll have the funnel cake."""
5541,94,27,46,122,195,1.5128205128205128,0.05210807125155561,654,I assume the rainbow trout is less literal.
6004,96,22,65,126,213,1.511737089201878,0.04640038074675634,654,I’m going to need another napkin.
2926,97,26,42,116,184,1.5108695652173914,0.05394241759891901,654,"On second thought, cancel my dessert order for the “Death By Chocolate” cake."
4875,98,29,40,123,192,1.5104166666666667,0.05375798133309964,654,I asked for fennel.
4475,99,26,52,126,204,1.5098039215686274,0.04986710634380528,654,"So this is a Kansas farm-to-table dish, then?"
1665,100,16,55,100,171,1.5087719298245614,0.05070430751924974,654,I see your chef added a new twist.
167,101,21,48,108,177,1.5084745762711864,0.05261439469634476,654,What do you mean I'm paying for the atmosphere?
495,101,21,48,108,177,1.5084745762711864,0.05261439469634476,654,A true farm-to-table experience is fraught with peril.
5317,103,26,39,114,179,1.5083798882681565,0.05510116185731857,654,I ordered clockwise.
4415,104,28,39,120,187,1.5080213903743316,0.05434858110829395,654,I hope it picks up the tab.
3357,105,22,52,115,189,1.507936507936508,0.05067319387905493,654,"The wine is lovely, but the soup is a disaster."
4366,105,22,52,115,189,1.507936507936508,0.05067319387905493,654,I'd like to change my wine pairing to something more robust.
1929,107,30,38,125,193,1.5077720207253886,0.05404571872061712,654,"You haven’t seen my daughter or her dog, by any chance?"
1194,107,28,42,123,193,1.5077720207253886,0.05303767509734,654,I guess it's safer than your chocolate lava cake though.
5926,109,26,49,124,199,1.5075376884422111,0.05081406569351018,654,Does your restaurant have a basement?
1439,110,18,53,105,176,1.5056818181818181,0.05096290928495257,654,"I’d like this to go, please."
6598,111,26,41,117,184,1.5054347826086956,0.05394690563200719,654,And I'll have your funnel cake for dessert.
1613,112,22,48,113,183,1.5027322404371584,0.05191019788714046,654,"To be honest, it's not blowing me away."
749,113,24,46,117,187,1.5026737967914439,0.05219264062515416,654,This is why I prefer menus printed in English.
1718,114,21,54,116,191,1.5026178010471205,0.04973024257647151,654,It’s a new twist on an old recipe
5122,115,27,47,127,201,1.5024875621890548,0.050923988868325415,654,Its eye is bigger than my stomach.
5046,116,29,46,132,207,1.502415458937198,0.050731895822577984,654,This is a disaster.
6547,117,23,54,123,200,1.5,0.04911273054420348,654,"For dessert, I'll have the mudslide."
6522,117,22,53,119,194,1.5,0.0497040007205006,654,"Excuse me - I ordered the bread bowl, not the dust bowl."
6385,117,22,55,121,198,1.5,0.04895985210230215,654,This soup is literally a disaster.
4637,117,20,56,116,192,1.5,0.048986232350124496,654,"On second thought, I will take that napkin."
2949,117,27,49,130,206,1.5,0.049982236958406805,654,"Well, the soup is a disaster!"
2195,117,24,47,119,190,1.5,0.051569626173134805,654,"Waiter, there's a fly - and the wreckage of several rural communities - in my soup."
1837,117,23,50,119,192,1.5,0.050628682832021314,654,I realize everything is moving to the cloud but this is ridiculous.
203,117,25,48,123,196,1.5,0.05089466451388752,654,It’s a recipe for disaster.
87,117,22,45,111,178,1.5,0.052999894000318,654,I ordered Funnel Cake!
5252,126,22,53,120,195,1.4974358974358974,0.0495148863911156,654,Should I have blown clockwise?
4012,127,26,43,122,191,1.4973821989528795,0.05242761707034513,654,Save room for our funnel cake!
4591,128,21,40,104,165,1.496969696969697,0.055465671200862515,654,Never mind the cracked pepper. Do you have a basement?
4750,129,21,58,123,202,1.495049504950495,0.04772935122696649,654,"No, I mean it literally sucks."
3582,130,25,49,126,200,1.495,0.05012421755927616,654,Will you be experiencing our chocolate lava cake for dessert?
4180,131,25,44,121,190,1.4947368421052631,0.05210541786542212,654,"And to drink, may I have a Hurricane?"
2316,132,27,38,121,186,1.4946236559139785,0.054041709395885616,654,What's the weather forecast for the entrée ?
6516,132,22,48,116,186,1.4946236559139785,0.05128248395495631,654,"You're going to make me ask for the bib, aren't you?"
2128,134,24,41,115,180,1.4944444444444445,0.05372367758583852,654,"If I survive the soup, I will have Death by Chocolate for dessert."
524,135,21,46,111,178,1.4943820224719102,0.05239590134206919,654,"I would not recommend sending it back, sir."
4661,135,21,46,111,178,1.4943820224719102,0.05239590134206919,654,"To paraphrase Gershwin” You say tomato, I say tornado “"
3220,137,23,41,112,176,1.4943181818181819,0.05405454141385004,654,I'm vortex intolerant.
1002,138,22,42,110,174,1.4942528735632183,0.053912824825556656,654,It began as an area of low pressure over the Pinot Noir.
3762,139,21,43,108,172,1.494186046511628,0.05375666663166287,654,The mini mobile homes are a nice touch.
6202,140,24,36,110,170,1.4941176470588236,0.05612319179624852,654,"Sorry to bother, but I’m wondering if it might be possible to turn down the ceiling fan a bit?"
3751,141,19,43,102,164,1.4939024390243902,0.05436020156560766,654,and I'll take the funnel cake for dessert!
4815,142,25,45,123,193,1.4922279792746114,0.051488618949097904,654,The menu said clockwise.
5444,143,24,43,118,185,1.491891891891892,0.05261600630792375,654,"I’ll wrap this for you, and your little dog too."
3540,144,21,45,111,177,1.4915254237288136,0.05261439469634476,654,So basically it’s just yesterday’s soup du jour with a twist.
5989,145,25,34,112,171,1.4912280701754386,0.05648116365166598,654,"Waiter, there are small red shoes in my soup."
3669,146,19,45,105,169,1.4911242603550297,0.05316043172791251,654,Is this seasonal?
6414,147,28,46,134,208,1.4903846153846154,0.050079083043720385,654,"'Still water will be fine, thank you.'"
1910,148,30,37,131,198,1.4898989898989898,0.05297869855551142,654,I knew it was a mistake to try to order in French.
6662,149,30,36,130,196,1.489795918367347,0.0533982773993562,654,Farm to table.
4281,150,23,49,122,194,1.4896907216494846,0.05023298674904032,654,So am I right to assume FEMA will pick up my check?
3472,151,21,48,115,184,1.4891304347826086,0.05111557258021561,654,My soup just granted me three wishes.
3038,152,23,43,116,182,1.489010989010989,0.052696697789583725,654,Tell the chef that the soup here is a disaster.
602,153,19,48,109,176,1.4886363636363635,0.051590694547296916,654,Tell the chef he's not in Kansas anymore!
564,154,24,34,110,168,1.4880952380952381,0.05663056887836009,654,And what kind of disaster should I expect for the entree?
2042,155,20,41,105,166,1.4879518072289157,0.05454043240111718,654,It's just like my Auntie Em used to make.
593,156,29,41,133,203,1.4876847290640394,0.051490776825556875,654,I thought you said fennel.
29,157,22,54,125,201,1.4875621890547264,0.04841233177072272,654,I ordered the counterclockwise.
107,158,23,51,125,199,1.4874371859296482,0.04928775303232318,654,Will conditions change in time for my entree?
5652,158,25,47,127,199,1.4874371859296482,0.05030706002573268,654,And how long will it be before my entree makes landfall?
3257,160,25,45,125,195,1.4871794871794872,0.0510834112148629,654,There's been a mistake.  I ordered a blizzard.
2161,161,29,34,126,189,1.4867724867724867,0.05441679867018357,654,And does climate change also explain why I don't have a spoon?
4529,162,20,49,114,183,1.4863387978142077,0.050730520893749846,654,On second thought cancel that funnel cake.
5916,163,28,39,129,196,1.4846938775510203,0.052402779742762945,654,"It’s today’s soup special, sir. 
The Clam Before the Storm."
3955,164,22,50,122,194,1.4845360824742269,0.049691535072438855,654,And for dessert I'll have the molten lava cake.
6600,164,26,42,126,194,1.4845360824742269,0.05179683829990112,654,"No, I said fennel soup."
2620,166,23,47,122,192,1.484375,0.050616057749866994,654,"Yes, I tried blowing on it. Why do you ask?"
318,167,28,35,125,188,1.4840425531914894,0.05411503395628886,654,This dish is a total disaster.
675,167,22,47,119,188,1.4840425531914894,0.05086355413732354,654,The itsy bitsy spider in my soup just went up the waterspout.
5486,169,28,41,132,201,1.4825870646766168,0.05139570774187048,654,Auntie Em’s recipe?
3464,170,24,48,127,199,1.4824120603015076,0.04979233108611682,654,You say they don’t serve this soup in Kansas anymore?
3858,171,22,50,123,195,1.4820512820512821,0.04949845718542379,654,Funnel soup? I ordered fennel soup!
2032,172,21,38,107,166,1.4819277108433735,0.05519581893242157,654,"Waiter, there’s an eye in my soup."
1503,173,20,52,119,191,1.4816753926701571,0.04915540836206395,654,Would you mind turning the ceiling fan down?
4952,174,23,44,120,187,1.481283422459893,0.05162098194616338,654,So this must be what you mean by “farm to table.”
150,174,22,46,119,187,1.481283422459893,0.05106099069562317,654,"Give my compliments to the chef, he's been cooking up a storm!"
1080,176,22,56,130,208,1.4807692307692308,0.0472002947185005,654,"I believe it has something to do with the plate tectonics, sir."
3808,177,17,52,110,179,1.4804469273743017,0.04969354463927086,654,"Excuse me, I ordered the Category 3."
2556,178,23,39,115,177,1.4802259887005649,0.053803936686765315,654,This “Farm to Table” trend is getting way out of hand.
706,179,19,57,122,198,1.47979797979798,0.04734102814346077,654,I guess the fly is the least of my problems.
4373,180,19,45,109,173,1.4797687861271676,0.05223181096424433,654,Our spin on farm to table.
2817,180,20,43,110,173,1.4797687861271676,0.05287130991123865,654,I was wondering what would be unique about Kansas chowder
6218,182,26,38,124,188,1.4787234042553192,0.05304337097163091,654,"Excuse me, I believe I ordered the calm before the storm"
24,183,27,44,134,205,1.4780487804878049,0.050143557545070806,654,This soup is a disaster
6543,184,26,43,130,199,1.4773869346733668,0.05079147217949937,654,Is this the chef's recipe for disaster?
5775,185,22,40,114,176,1.4772727272727273,0.053424631615783494,654,There’s been a mistake— I ordered my tempest in a teapot.
6820,186,24,53,135,212,1.4764150943396226,0.047489527234840845,654,This soup is a recipe for disaster!
875,187,28,33,126,187,1.4759358288770053,0.05432311515713793,654,"And for dessert, I would like a mudslide."""
2422,188,22,54,130,206,1.4757281553398058,0.04752422286435598,654,"Honestly, I wasn't blown away by this dish."
350,189,23,42,120,185,1.4756756756756757,0.05202721778773763,654,My compliments to the meteorologist.
5911,190,19,48,114,181,1.4751381215469612,0.05051548928469595,654,We're a Category 5 restaurant.
60,191,25,53,139,217,1.4746543778801844,0.047129271885320435,654,"Waiter, there's an act of God in my soup."""
2259,192,29,35,132,196,1.4744897959183674,0.05287952426347602,654,Nevermind. It's taking itself back.
613,193,15,53,107,175,1.4742857142857142,0.04917522896058845,654,This meal is a disaster.
3752,194,24,40,122,186,1.4731182795698925,0.05236782018056044,654,Do you have any category 3 crackers?
2749,195,20,53,124,197,1.4720812182741116,0.04803624412379752,654,"When you said the soup would blow me away, this is not what I had in mind."
6833,195,23,47,127,197,1.4720812182741116,0.04962733979977249,654,Is the forecast for dessert any better?
3181,197,23,55,136,214,1.47196261682243,0.04668178039158959,654,All I did was blow on it.
1095,198,29,34,132,195,1.471794871794872,0.05308233092651363,654,Could you maybe turn off the ceiling fan?
258,199,16,59,118,193,1.471502590673575,0.046490982911002274,654,Could I downgrade this soup to tropical storm?
5546,200,20,49,120,189,1.470899470899471,0.04950786370195427,654,There’s a house in my soup.
5057,201,17,63,126,206,1.470873786407767,0.04494984779111482,654,I'm pretty sure I ordered a Category 3.
5246,202,18,44,108,170,1.4705882352941178,0.05222276215838375,654,It's from our seasonal menu.
5876,203,26,43,133,202,1.4702970297029703,0.050200764901200734,654,"Excuse me, but I ordered the calm chowder."
6253,204,32,38,147,217,1.4700460829493087,0.05018639508858715,654,"Our Chef, Dorthy, is from Kansas."
6579,205,22,50,128,200,1.47,0.048551894218050895,654,"I thought ""A Perfect Storm of Flavors"" was just menu hyperbole."
5491,206,26,32,121,179,1.4692737430167597,0.055056594499746266,654,This meal has been a natural disaster.
925,207,21,41,115,177,1.4689265536723164,0.05256611510790163,654,This isn't even the weirdest thing to happen to me today.
4011,208,23,49,131,203,1.4679802955665024,0.04852149282624616,654,"You say tomato, I say tornado... let’s call the whole thing off."
5718,209,22,50,129,201,1.4676616915422886,0.04836629541544968,654,Waiter...there are tiny farm implements in my soup.
735,210,23,40,121,184,1.4673913043478262,0.052215226772735726,654,Now everyone will notice that I'm eating alone.
3087,210,17,52,115,184,1.4673913043478262,0.04868316669520138,654,Does this restaurant have a basement!?
3146,212,19,40,108,167,1.467065868263473,0.05357464408499365,654,"Compliments to the Chef, I'm totally blown away."
6509,212,20,38,109,167,1.467065868263473,0.054243777115227376,654,I actually ordered the funnel cake...
6321,214,27,31,124,182,1.467032967032967,0.054904058532302444,654,I think it took my napkin.
3598,215,24,35,119,178,1.4662921348314606,0.05412512711453317,654,I'd like this to go.
4338,216,22,38,116,176,1.4659090909090908,0.05339009056890911,654,The soup's fine. It's just that you placed my wine glass and bottle to my left.
4575,216,19,44,113,176,1.4659090909090908,0.05153345104057288,654,Could I have something with a less dramatic presentation?
5870,216,18,46,112,176,1.4659090909090908,0.05089952368358723,654,"If it reaches category four, I'm sending it back."
6093,219,21,53,130,204,1.4656862745098038,0.04732785353382313,654,You were right. The first course does change the atmosphere in here.
4813,220,23,35,116,174,1.4655172413793103,0.054464219333168196,654,Well I wasn't eating alone a second ago.
2178,221,27,47,143,217,1.4654377880184333,0.04799948783340868,654,I now regret blowing on it.
2729,222,17,46,109,172,1.4651162790697674,0.05109660295976201,654,There's an eye in my soup.
6306,223,20,46,119,185,1.4648648648648648,0.05027001756251002,654,I think I had this in Kansas once.
183,224,19,54,125,198,1.4646464646464648,0.047295878242902975,654,"We take farm to table very seriously here."""
5441,225,18,48,115,181,1.4640883977900552,0.049866788349396104,654,I'm afraid to order the baked Alaska.
3970,226,25,39,128,192,1.4635416666666667,0.05162731209265265,654,"My apologies, Sir. Your meal will be on the house... once the house lands."
2296,227,24,47,134,205,1.4634146341463414,0.04864879401548029,654,I need something to chase it with.
6020,228,23,42,125,190,1.4631578947368422,0.05095635244174746,654,"And for dessert,sir,we have a delicious funnel cake."
5319,229,25,31,119,175,1.4628571428571429,0.05541560290453657,654,"Yes, it IS very impressive, but I said “tomato.”"
166,230,19,49,120,188,1.4627659574468086,0.049095633275093156,654,Please tell Pierre I'm loving his new spin on the bouillabaisse.
726,230,18,51,119,188,1.4627659574468086,0.04851280153987666,654,"I said fennel, not funnel!"
3297,232,22,49,130,201,1.462686567164179,0.048348380550273996,654,"Our new chef?  From Kansas, why do you ask sir?"
283,233,22,46,127,195,1.4615384615384615,0.049438170053597644,654,"When I said I wanted the soup to go, I didn’t mean this."
3580,233,16,46,107,169,1.4615384615384615,0.05105260023723939,654,"Dude. Fennel,not funnel."
6612,235,16,57,120,193,1.461139896373057,0.04645186807523604,654,What wine would you suggest?
6798,236,17,49,114,180,1.461111111111111,0.04943120851723302,654,"After the ""all clear"" I""ll need you to grate some more parmesan."
5800,237,20,48,123,191,1.4607329842931938,0.049090795859740445,654,I can hardly wait for the molten chocolate cake.
6058,237,21,46,124,191,1.4607329842931938,0.04964894600225385,654,Would you mind turning off the ceiling fan?
4230,239,19,44,115,178,1.4606741573033708,0.05108631358742409,654,It's a seasonal soup.
6016,240,21,51,130,202,1.4603960396039604,0.04764881472061386,654,"So, funnel cakes for dessert, I assume?"
5265,241,17,63,131,211,1.4597156398104265,0.04415959212428153,654,"It's a solid first course, but it does not blow me away."
2930,242,26,39,133,198,1.4595959595959596,0.050930119146439405,654,How many disasters should I anticipate coming out of the kitchen tonight?
4136,242,23,45,130,198,1.4595959595959596,0.04939690827797469,654,There must be some mix-up. I ordered the funnel cake.
5147,242,25,41,132,198,1.4595959595959596,0.05042422903050898,654,"This may constitute farm-to-table cuisine in Kansas, but we’re not in Kansas anymore."
2894,245,21,48,127,196,1.4591836734693877,0.04870738067455174,654,So do I have to click my heels together three times to get some bread?
2705,246,20,38,112,170,1.4588235294117646,0.053493273144367956,654,For dessert the funnel cake is to die for
5992,247,27,35,132,194,1.458762886597938,0.052237501464809,654,"I thought you said, “ carrot and chive not category five...”"
6821,248,29,42,147,218,1.4587155963302751,0.04868551596633985,654,I thought you meant 'fennel' soup.
2666,249,21,41,119,181,1.4585635359116023,0.05165737649481537,654,No. No. No.  To-ma-to.
3417,250,19,39,110,168,1.4583333333333333,0.05330144559270083,654,Are these even in season?
3495,250,21,46,125,192,1.4583333333333333,0.049447941258521824,654,"When you said I’d be carried away by the soup, this is not what I expected."
5098,250,16,45,107,168,1.4583333333333333,0.05125608358022012,654,"On second thought, I'll take a table inside."
4664,253,21,40,118,179,1.458100558659218,0.05208470350205757,654,I'm quite sure I asked for Fennel Soup.
6147,254,22,43,125,190,1.4578947368421054,0.05038508294106415,654,"On second thought, I’ll skip the funnel cake."
259,255,19,43,115,177,1.4576271186440677,0.05128429032798442,654,There's a trailer park in my soup.
282,256,27,42,141,210,1.457142857142857,0.049170444814914505,654,"Really, this soup is a disaster."
3828,257,27,36,134,197,1.4568527918781726,0.051619190069781024,654,"No, I’m sure I said “tomato.”"
2846,258,22,40,122,184,1.4565217391304348,0.05159955498253301,654,Should I eat this or report it to the Weather Channel?
5976,259,16,57,122,195,1.4564102564102563,0.04609506639724824,654,It's seasonal.
480,260,21,36,114,171,1.456140350877193,0.053889340115077414,654,"Waiter, this soup is a disaster."
6088,260,14,50,107,171,1.456140350877193,0.04921854153474755,654,"I haven't tried it yet, but I'm expecting to be blown away."
5846,262,20,37,112,169,1.455621301775148,0.05371424179752894,654,"I hope the restroom isn't somewhere over the rainbow""."
6865,263,21,39,118,178,1.4550561797752808,0.05228859017191044,654,I'm in a hurry. Can you go ahead and bring out the lava cake?
1860,264,19,53,128,200,1.455,0.04691353106498087,654,I believe I ordered the category 5.
4109,265,23,43,130,196,1.4540816326530612,0.04974732983898512,654,"Sorry, but I seem to have lost my spoon again."
3053,265,24,41,131,196,1.4540816326530612,0.05027052267349102,654,Bring me a chaser.
2691,265,18,53,125,196,1.4540816326530612,0.04704416762280743,654,I've changed my mind.  I'll keep the one with the fly in it.
1728,268,21,37,116,174,1.4540229885057472,0.053180107582976054,654,When I ordered this in Australia it spun in the opposite direction.
4372,269,24,45,136,205,1.4536585365853658,0.04860801647715283,654,Do I call FEMA or Zagat?
1060,270,22,44,128,194,1.4536082474226804,0.04959169708439706,654,"I said, 'Thai FOOD'!"
2162,271,23,32,117,172,1.4534883720930232,0.05489375857610279,654,What would you recommend I chase this with?
889,272,17,48,116,181,1.4530386740331491,0.04919575059171713,654,"Whatever. Tomato, tomaato, tornado, tornaado."
517,273,23,45,133,201,1.4527363184079602,0.04881710078422321,654,Cancel the funnel cake.
2084,274,21,44,125,190,1.4526315789473685,0.04980431890209128,654,"My compliments to the chef, the presentation is phenomenal."
2686,274,21,44,125,190,1.4526315789473685,0.04980431890209128,654,"When I said 'with a twist', I meant in my drink."
211,276,20,41,118,179,1.452513966480447,0.051451338621136405,654,I said tomato.
6250,276,22,37,120,179,1.452513966480447,0.05265720884344891,654,"Okay, bring back the bowl with the fly."
5616,278,20,50,129,199,1.4522613065326633,0.04760559990994925,654,"Sir, I believe you asked the chef to “whip something up?”"
827,279,19,47,122,188,1.452127659574468,0.04904630021406272,654,"Common mistake, sir. A lot of our diners misread it as 'fennel' when they order this dish."
2485,280,21,42,123,186,1.4516129032258065,0.05058923827865391,654,Maybe a little less atmosphere?
4002,281,21,41,122,184,1.451086956521739,0.0509938592543774,654,Is it local?
66,282,15,39,99,153,1.4509803921568627,0.054027010144260125,654,Could you bring me another spoon?
1918,283,17,53,123,193,1.450777202072539,0.04697865867831418,654,You're sure it's local?
4001,283,24,39,130,193,1.450777202072539,0.05084093758235845,654,In Washington we put a spin on everything.
4428,283,20,47,126,193,1.450777202072539,0.04867146463441531,654,You've cooked up a storm!
6647,286,19,44,119,182,1.4505494505494505,0.050212028447674736,654,"And to drink, I’d like a hurricane."
569,287,19,39,113,171,1.4502923976608186,0.05256656153039587,654,"Garcon, there's flying in my soup."
2873,287,22,33,116,171,1.4502923976608186,0.05449441934677444,654,Is it too late to change my order to a category 2 soup?
6156,289,22,42,127,191,1.450261780104712,0.05015201111716284,654,I don't think blowing on it will help.
2243,290,17,56,127,200,1.45,0.045803820252777426,654,Could I try something less assertive?
4655,290,17,47,116,180,1.45,0.049375365857573274,654,We recommend you hold on to your spoon very tightly.
1543,292,21,47,130,198,1.4494949494949494,0.048299533475834114,654,I'll need a napkin.
2514,293,14,52,112,178,1.449438202247191,0.04781950972880742,654,"So, just eat around it, you say?"
6134,294,22,44,130,196,1.4489795918367347,0.04919280298982775,654,So it’s an authentic Midwestern recipe?
5907,295,20,39,117,176,1.4488636363636365,0.05208003728256165,654,I hear that this bisque is taking the city by storm!
347,296,20,43,122,185,1.4486486486486487,0.05019414779084258,654,It’ll blow over.
389,296,13,57,115,185,1.4486486486486487,0.0459148301356489,654,It's a modern twist on a culinary classic.
5563,296,21,41,123,185,1.4486486486486487,0.05077604631151819,654,"The entree paired with the soup du jour is ""Duck and Cover."""
6666,299,14,46,105,165,1.4484848484848485,0.05042763221308265,654,Fennel...I ordered the fennel soup.
205,300,19,48,125,192,1.4479166666666667,0.04827950868024705,654,"Wow, they're really cooking up a storm back there, huh?"
4153,300,17,52,123,192,1.4479166666666667,0.047136354491793625,654,It’s getting harder and harder to deny climate change.
2526,302,14,66,130,210,1.4476190476190476,0.04267320849500728,654,Nice twist on the soup!
3832,303,21,39,121,181,1.4475138121546962,0.05160153954316647,654,I assumed it was a misspelling.
275,304,24,37,129,190,1.4473684210526316,0.05142732560891198,654,I blew a little too hard.
835,305,24,41,134,199,1.4472361809045227,0.049666667151983604,654,Tell the chef his soup sucks
4551,306,22,36,121,179,1.446927374301676,0.05262723225228548,654,Think I'll cancel the Baked Alaska.
5081,307,20,52,134,206,1.4466019417475728,0.0463982445345187,654,It didn't blow me away.
5468,308,19,37,112,168,1.4464285714285714,0.05323772120845161,654,Can I change to indoor seating?
2436,309,21,45,129,195,1.4461538461538461,0.04882565275035138,654,"Excuse me, I said “Fennel” not “Funnel”"
1189,310,16,59,129,204,1.446078431372549,0.04460859940152224,654,"I ordered a Category 1, not a 5."
720,311,19,44,121,184,1.4456521739130435,0.04978467585951995,654,The good news is the fly is no longer in my soup.
1275,312,19,56,136,211,1.4454976303317535,0.04509905914077227,654,"An inconvenient soup, indeed."
417,313,21,43,127,191,1.4450261780104712,0.049570426606680616,654,Is this the chef's idea of whipping something up?
2200,313,19,47,125,191,1.4450261780104712,0.04844588725562049,654,"Waiter, there’s a flume in my soup"
4009,313,25,35,131,191,1.4450261780104712,0.05174624235571453,654,Is this Kosher?
2734,316,21,47,132,200,1.445,0.04792031702649303,654,You did ask the chef to whip something up
6391,317,24,28,119,171,1.4444444444444444,0.05571013925209235,654,Can I actually get the bowl with the fly back?
3983,317,18,44,118,180,1.4444444444444444,0.04996722838014864,654,I see you’re still figuring out this whole farm to table thing...
6080,317,16,48,116,180,1.4444444444444444,0.04870911022727016,654,I see now why people complain about the atmosphere here
2345,317,22,44,132,198,1.4444444444444444,0.04879959029063344,654,"A recipe from the Chef’s Auntie Em, you say?"
3248,317,23,42,133,198,1.4444444444444444,0.049322146906668356,654,"Alright, I'll give it a whirl."
1669,322,13,53,112,178,1.4438202247191012,0.047115152155090344,654,I may have mispronounced my order
2903,322,18,43,117,178,1.4438202247191012,0.05037099783547449,654,"Well, I did say 'surprise me'."
3112,324,19,37,113,169,1.4437869822485208,0.05298765397764555,654,Is this in season?
1233,325,24,30,122,176,1.4431818181818181,0.05448454391278051,654,"I ordered tomato, you heard tornado.  Let’s call the whole thing off."
1323,326,21,47,133,201,1.4427860696517414,0.047732682202800095,654,All I did was click my heels together.
1895,327,22,37,124,183,1.4426229508196722,0.05173607115713749,654,"""Waiter, there's a polar vortex in my gazpacho."
1748,328,19,39,116,174,1.4425287356321839,0.05184948527733019,654,My compliments to the Chief Meteorologist.
2818,328,14,49,111,174,1.4425287356321839,0.04854034696258038,654,Is everything here farm-to-table?
2130,330,15,54,121,190,1.4421052631578948,0.046264876702949216,654,Waiter--there's a microclimate in my soup.
1001,331,22,47,137,206,1.441747572815534,0.0473800867781653,654,I'm not blown away.
1734,332,18,50,127,195,1.441025641025641,0.04714188987978607,654,It happens when dry cold air meets warm moist air meets Vichyssoise.
5355,333,24,34,128,186,1.4408602150537635,0.05222441191448457,654,It's the soup of the day of reckoning
942,334,28,36,145,209,1.4401913875598087,0.04972837342126901,654,I ordered the fennel soup.
3654,335,19,50,131,200,1.44,0.04682910232025169,654,"Well, I can't say I'm blown away."
537,336,22,40,129,191,1.4397905759162304,0.05009156444363702,654,If I find a pair of ruby slippers in there I'm sending it back.
4451,337,21,49,137,207,1.4396135265700483,0.046699411887490945,654,"...no, not funnel; ""f-e-n-n-e-l""."
2782,338,19,42,121,182,1.4395604395604396,0.05014554883630623,654,It's not exactly blowing me away.
3748,339,23,41,134,198,1.4393939393939394,0.04929194792930395,654,I'm afraid there's been a mistake. I ordered the tempest in a tea pot.
774,340,22,39,128,189,1.439153439153439,0.050481823611003195,654,I think I'll have rainbow sherbet for dessert.
2043,341,17,48,122,187,1.4385026737967914,0.047971556351163895,654,I'll take the second course in the cellar
3857,341,17,48,122,187,1.4385026737967914,0.047971556351163895,654,"Excuse me sir, I thought I ordered the funnel cake?"
5200,341,21,40,126,187,1.4385026737967914,0.05031177043022171,654,Do you have another table not so close to the fan?
2541,344,21,47,135,203,1.438423645320197,0.04736130895031883,654,When they said this place had atmosphere they weren’t kidding!
6365,345,15,55,124,194,1.4381443298969072,0.04557138972332506,654,When did the seasonal menu change?
3434,345,16,53,125,194,1.4381443298969072,0.0461537377827392,654,We've been cooking up a storm here lately.
4680,347,13,48,108,169,1.4378698224852071,0.04879414941559361,654,Blowing is just making it worse!
5614,347,19,36,114,169,1.4378698224852071,0.05294830767833274,654,I'll need a copy of the bill for FEMA.
1590,349,19,50,132,201,1.4378109452736318,0.046646931723340605,654,Is this  Kansas-farm-to-table?
3678,349,21,46,134,201,1.4378109452736318,0.04770155895528142,654,We put our own twist on it.
1007,351,26,39,143,208,1.4375,0.048954960568375575,654,"The food here's good, but the atmosphere sucks."
1193,351,16,52,124,192,1.4375,0.04648708747512282,654,I may need extra napkins.
1707,351,17,50,125,192,1.4375,0.04707002043482379,654,Do you mind raising the barometric pressure in here a little?
432,354,20,40,123,183,1.4371584699453552,0.05052636005929022,654,Can I switch this out for some calm chowder?
1747,354,20,40,123,183,1.4371584699453552,0.05052636005929022,654,I thought the special was fennel soup.
6320,354,20,40,123,183,1.4371584699453552,0.05052636005929022,654,I think there was a mistake. I ordered the funnel cake.
1697,357,28,34,144,206,1.4368932038834952,0.050260889730271,654,"For dessert, I recommend the funnel cake."
1657,357,19,52,135,206,1.4368932038834952,0.045824881498995745,654,"I’ve had this dish south of the equator, but it always spins clockwise."
6784,359,18,47,125,190,1.436842105263158,0.04800158532120444,654,"He’ll give 3 wishes, but they have to involve soup."
742,360,19,48,130,197,1.4365482233502538,0.04731932734177071,654,I ordered the Category 2.
6430,360,23,40,134,197,1.4365482233502538,0.04946016796223331,654,I'm afraid this will give me wind.
229,362,18,43,120,181,1.4364640883977902,0.049713524627564634,654,I assure you the next course will blow you away.
3617,363,21,47,136,204,1.4362745098039216,0.047177550332458504,654,"I'm just guessing here, but will there be volcano cake for dessert?"
3595,364,19,44,125,188,1.4361702127659575,0.048949030450166874,654,"Very occasionally, the cold air from the entrance and the warm humid air from the kitchen meet at this very table."
2543,365,14,50,115,179,1.4357541899441342,0.04754046513505727,654,"Yes, the chef's put a new spin on it."
6844,366,18,55,136,209,1.4354066985645932,0.04483283637567028,654,Don't bother. Looks like that fly is gone now.
6130,367,17,40,113,170,1.4352941176470588,0.05136095429380168,654,Chef will be pairing that with a chocolate volcano this evening.
5221,368,30,24,139,193,1.4352331606217616,0.05384613909540551,654,"If this is what the beef tournedos look like, I would like to cancel my order for the pu pu platter and bloody mary, please."
4586,369,17,36,108,161,1.434782608695652,0.05343961639639747,654,For dessert I'll have the chocolate lava cake.
2455,370,20,43,128,191,1.4345549738219896,0.04894363204201518,654,Was I not supposed to stir it?
4595,370,19,45,127,191,1.4345549738219896,0.04837734507465417,654,Was this predicted?
714,370,19,45,127,191,1.4345549738219896,0.04837734507465417,654,I believe I ordered the funnel cake.
6197,373,22,42,134,198,1.4343434343434343,0.04873586936209536,654,The new chef has really been cooking up a storm.
2471,374,23,36,130,189,1.433862433862434,0.05100125497682252,654,Yes there's a problem!  Do you see a spoon?
1790,375,25,25,123,173,1.4335260115606936,0.05575061527981644,654,"If you enjoy this sir,I would highly recommend the funnel cake for dessert."
4645,376,20,48,135,203,1.4334975369458127,0.04681022130612284,654,"Buckle up, Sir. The main course will be out soon."
4559,377,17,44,119,180,1.4333333333333333,0.049265240641286054,654,I'm going to need more croutons.
1732,378,19,43,125,187,1.4331550802139037,0.04911804482206714,654,"No matter how you spin it, the soup's terrible."
2408,379,23,38,133,194,1.4329896907216495,0.05000637371356477,654,"It's the same thing, sir. We used to serve it in a teapot."
5862,380,17,40,114,171,1.432748538011696,0.05112312992219982,654,I believe I asked for Fennel Soup...
6411,381,14,52,119,185,1.4324324324324325,0.046437544263209854,654,"So this is what ""seasonal"" means here in Kansas?"
6427,381,23,50,149,222,1.4324324324324325,0.045256525292375345,654,Is it best enjoyed in the basement?
5670,383,22,39,131,192,1.4322916666666667,0.04984700405139653,654,So this is storm to table.
4873,384,19,48,132,199,1.4321608040201006,0.04694465994943857,654,‘’ Sheer culinary wizardry! My compliments to Chef Oz.’’
6799,384,17,52,130,199,1.4321608040201006,0.04585066420795923,654,This new chef is really cooking up a storm.
6323,386,14,45,110,169,1.4319526627218935,0.04946439515919631,654,Can I order something else? This soup is a natural disaster.
5634,387,18,40,118,176,1.4318181818181819,0.0507034343280259,654,And all ingredients are seasonal and locally-sourced here in Kansas?
3161,387,17,42,117,176,1.4318181818181819,0.05005899707067022,654,It's Farm to Table. That farm is experiencing a weather event until 10 pm.
2426,389,15,52,123,190,1.431578947368421,0.0461887831042367,654,Fennel -- I said fennel soup!
2700,389,18,46,126,190,1.431578947368421,0.04796340336403282,654,My compliments to the wizard.
4517,389,15,52,123,190,1.431578947368421,0.0461887831042367,654,Well this is an interesting twist
5561,389,17,48,125,190,1.431578947368421,0.04737924935796279,654,Will dessert be another disaster?
3271,393,18,42,121,181,1.430939226519337,0.04967257443558444,654,Bring me the chocolate lava cake instead.
3806,394,19,43,126,188,1.4308510638297873,0.04891037772501033,654,Do you have a table closer to the root cellar?
3624,395,19,36,117,172,1.430232558139535,0.052206446724674664,654,"You say ""tornado,"" but I said ""tomato."""
5834,396,16,45,118,179,1.4301675977653632,0.048799888637214656,654,"Yes, that took care of the fly, but there's still a problem."
780,397,20,40,126,186,1.4301075268817205,0.04987383030626061,654,I thought the menu said  “tournedos”.
2199,398,18,47,128,193,1.4300518134715026,0.04741416304594442,654,"Sir, can you direct me to the basement?"
4174,398,20,43,130,193,1.4300518134715026,0.04853913461985561,654,Thank you.  I believe the fly is gone.
348,400,19,48,133,200,1.43,0.04675930025999127,654,I don’t care if it’s complimentary.
4068,401,17,42,118,177,1.4293785310734464,0.04983512609817417,654,"Naturally, the soup is a disaster."
361,401,16,44,117,177,1.4293785310734464,0.04918677116698294,654,I asked for Funnel Cake.
6133,403,18,43,123,184,1.4293478260869565,0.049071178604012666,654,I said Category 2.
3469,404,16,50,125,191,1.4293193717277486,0.04659701344635426,654,"No matter how you spin it, it's still just soup."
6352,404,16,50,125,191,1.4293193717277486,0.04659701344635426,654,That's an interesting spin on an old favorite.
6739,404,14,54,123,191,1.4293193717277486,0.04539888170578326,654,What's the forecast for tomorrow's soup of the day?
985,407,20,45,133,198,1.4292929292929293,0.04763549801277416,654,"I say “tomato,” you say “tornado”."
638,408,18,52,135,205,1.4292682926829268,0.04540702533088759,654,Blowing on it only makes it worse!
5940,408,17,54,134,205,1.4292682926829268,0.04487732101794877,654,Please cancel the flambéed dessert.
2013,410,20,41,128,189,1.4285714285714286,0.049278743142038055,654,What pairs better? A Hurricane or a Dark and Stormy?
2213,410,23,35,131,189,1.4285714285714286,0.05096328479060679,654,Does this come with a chaser?
2897,410,20,38,124,182,1.4285714285714286,0.05066836050936119,654,"Your soup is just 2 degrees hotter but, already, the storms are more frequent and intense."
4746,410,19,49,135,203,1.4285714285714286,0.0462499706936099,654,This soup has taken me by storm.
6695,414,25,36,140,201,1.427860696517413,0.04967656086116066,654,This meal is a catastrophe.
5925,415,18,47,129,194,1.4278350515463918,0.04722118775150662,654,I ordered the funnel CAKE!
1767,416,21,35,124,180,1.4277777777777778,0.05168216596712766,654,"I specifically ordered ""clockwise."""
1115,417,20,34,119,173,1.4277456647398843,0.052606104510727066,654,I said “fennel”  soup.
6699,417,17,40,116,173,1.4277456647398843,0.05065335355548013,654,I thought you said the special was 'fennel soup.'
1595,419,11,46,102,159,1.4276729559748427,0.049243233717351995,654,"I said fennel soup, not funnel."
1526,420,20,42,130,192,1.4270833333333333,0.04870127410825416,654,"I ordered the category three, this soup is only mildly devastating."
1740,420,18,46,128,192,1.4270833333333333,0.04756825681205156,654,I ordered a cup- not a bowl
3641,422,14,51,120,185,1.427027027027027,0.046393068762128606,654,"Waiter, I asked for fennel soup."
5238,423,18,37,116,171,1.4269005847953216,0.05174500778911275,654,I thought the menu said it was topped with a cloud of fennel.
3115,424,18,48,131,197,1.4263959390862944,0.04669284998406164,654,"Actually, could I sit inside?"
373,425,24,33,133,190,1.4263157894736842,0.051290345640357234,654,"It's impressive, but I ordered the tournedos."
6827,425,20,41,129,190,1.4263157894736842,0.04907056537028814,654,"No, I said Fennel !"
2602,427,14,50,119,183,1.4262295081967213,0.04673771678676048,654,I ordered FENNEL soup!!
6238,428,20,32,117,169,1.4260355029585798,0.05351989192446926,654,Tomato. I asked for the Tomato soup.
4050,429,18,33,111,162,1.4259259259259258,0.05384214642364206,654,I had no idea the Kansas bisque would be so authentic.
4567,430,18,50,134,202,1.4257425742574257,0.04585851356280935,654,"Yes, it was doing that before I started stirring it."
6474,431,21,38,129,188,1.425531914893617,0.05001918132716994,654,I thought I ordered the category one
3634,432,18,41,122,181,1.425414364640884,0.04962817359694807,654,"Well, the fly certainly isn't in there anymore."
587,433,17,51,132,200,1.425,0.04563207678991615,654,This is the last time I order farm to table.
3025,433,16,53,131,200,1.425,0.04507810084596951,654,"Did you know that in the Southern hemisphere, it spins in the opposite direction?"
548,435,19,44,130,193,1.4248704663212435,0.04793912942032242,654,And I'll have funnel cake for dessert.
2080,435,19,44,130,193,1.4248704663212435,0.04793912942032242,654,Am I the first responder?
4245,435,20,42,131,193,1.4248704663212435,0.04849878860061305,654,I wouldn’t be surprised if it gave me wind.
3731,438,16,47,123,186,1.424731182795699,0.047441435641496305,654,It tastes good but the plating is a bit of a disaster.
5290,439,16,44,119,179,1.4245810055865922,0.04875315748935335,654,Obviously this recipe was taken from the cloud.
6560,440,18,37,117,172,1.4244186046511629,0.05150312420311405,654,Doesn't this take the whole 'farm to table' thing a little too literally?
5527,441,22,40,136,198,1.4242424242424243,0.04866142281878966,654,I give it a Category 5 out of 5.
1438,441,16,38,111,165,1.4242424242424243,0.05169093091982485,654,I don’t care that it’s seasonal.
5767,443,21,39,131,191,1.4240837696335078,0.04942469092760999,654,"Excuse me, I ordered cream of TOMATO."
6555,443,18,45,128,191,1.4240837696335078,0.04772279612840961,654,Will you _please_ turn off that ceiling fan?
3012,445,14,47,116,177,1.423728813559322,0.04781443751358971,654,"Actually, I ordered a category 3."
5244,445,19,37,121,177,1.423728813559322,0.05106101361782642,654,Is there any way I can get this to go?
6262,445,20,35,122,177,1.423728813559322,0.051685863125884156,654,'It's a new twist on an old favorite'
4954,448,19,34,117,170,1.423529411764706,0.05260558055867374,654,It is truly a farm to table experience.
5771,449,19,45,132,196,1.4234693877551021,0.04739472092261391,654,"And for dessert, I'd like the funnel cake."
4514,450,18,44,127,189,1.4232804232804233,0.04807962682972856,654,So this is the ‘No Place Like Home-made Soup’?
1371,451,18,41,123,182,1.4230769230769231,0.04941005769395338,654,"Waiter, I asked for the FENNEL soup."
1782,452,21,40,133,194,1.422680412371134,0.04884768155622408,654,...and please go ahead and put in my order for the chocolate volcano for dessert
5725,452,18,46,130,194,1.422680412371134,0.047178895105865516,654,Cancel the hot wings.
2083,454,22,46,145,213,1.4225352112676057,0.04610140465975354,654,I distinctly ordered the calm chowder.
6520,455,19,38,123,180,1.4222222222222223,0.050420673267121706,654,The soup's not great but you do get three wishes
5343,455,15,46,119,180,1.4222222222222223,0.047895211733394484,654,We strive for a low pressure dining experience here.
3950,457,17,39,117,173,1.4219653179190752,0.05060347333308599,654,I don't care if they're in season.
6456,457,16,41,116,173,1.4219653179190752,0.04993493945371974,654,I  asked you to sprinkle a little 'fennel' on top
6026,459,16,46,123,185,1.4216216216216215,0.04759600154331956,654,I think I'll need the bib.
6705,459,23,32,130,185,1.4216216216216215,0.05173644952038294,654,But is this tornado locally grown?
2353,461,16,35,108,159,1.421383647798742,0.053074901145992594,654,Is it too late to switch to the salad?
39,462,21,33,124,178,1.4213483146067416,0.05206303049604996,654,"I ordered it for here, not to go."
6166,463,17,57,142,216,1.4212962962962963,0.04319846758860065,654,Lemme guess--the chef's cooking up a storm again.
4554,464,20,40,130,190,1.4210526315789473,0.049027237263562944,654,"Actually, I ordered the tournedos."
5184,464,10,44,98,152,1.4210526315789473,0.04985716421699434,654,I ordered a category four.
2055,466,18,38,120,176,1.4204545454545454,0.05060874996094261,654,"You asked to surprise you, sir."
6015,466,19,36,121,176,1.4204545454545454,0.05124627437720984,654,I wasn’t blown away by the soup.
6651,466,20,34,122,176,1.4204545454545454,0.051875964593242396,654,I'm certain I said fennel soup.
3000,469,22,43,142,207,1.4202898550724639,0.04705948927084032,654,Could you bring back the bowl with the fly?
609,470,19,41,128,188,1.4202127659574468,0.04882368457739412,654,I believe I said Fennel.
5028,471,16,39,114,169,1.4201183431952662,0.05076603859467694,654,I believe I said Fennel not Funnel
4919,472,23,38,139,200,1.42,0.04878421360939866,654,Waiter! There's an anomaly in my soup!
2418,473,16,44,121,181,1.419889502762431,0.04832631491243476,654,You said the chef is from Kansas?
982,474,20,41,132,193,1.4196891191709844,0.048455523444122524,654,I asked for fennel not funnel
3958,474,18,45,130,193,1.4196891191709844,0.047328564524469194,654,Actually I think I'd like this to go.
62,476,23,37,138,198,1.4191919191919191,0.04914462683961297,654,"Waiter, there's a wormhole in my soup."
6279,476,17,49,132,198,1.4191919191919191,0.04590805342757487,654,"Waiter, there’s a microclimate in my gazpacho."
2416,478,20,35,124,179,1.4189944134078212,0.05121565892982598,654,"I asked for the soup to be heated, not globally warmed."
2496,478,21,33,125,179,1.4189944134078212,0.05182484363945673,654,I just rubbed the plate...
3174,480,20,40,131,191,1.418848167539267,0.04881967160985623,654,"Actually, I ordered the fennel soup."
3807,480,20,40,131,191,1.418848167539267,0.04881967160985623,654,Did I hear you to say this place is known for its atmosphere?
6633,482,21,43,139,203,1.4187192118226601,0.04721396342779779,654,I expected a little better from the Four Seasons.
108,482,21,43,139,203,1.4187192118226601,0.04721396342779779,654,Yelp DID say your soup would blow me away.
5594,484,15,42,115,172,1.4186046511627908,0.04942910345194765,654,The chef has a new spin on an old favorite
1807,485,20,37,127,184,1.4184782608695652,0.050177036874367836,654,"I thought you said it was a simple ""twist"" on a classic."
2164,485,20,37,127,184,1.4184782608695652,0.050177036874367836,654,What's the weather for dessert?
3192,485,17,43,124,184,1.4184782608695652,0.04836884778205848,654,Please give my compliments to the shaman.
2211,488,22,38,136,196,1.4183673469387754,0.04898068200426406,654,"Sorry, I ordered the funnel CAKE."
5420,488,22,38,136,196,1.4183673469387754,0.04898068200426406,654,I also ordered a Yellow Brick Road.
2635,490,20,34,123,177,1.4180790960451977,0.05163671538103528,654,That reminds me....are there funnel cakes on the dessert menu?
5763,490,16,42,119,177,1.4180790960451977,0.0490871167801791,654,It was too hot so I just kept blowing.
710,492,17,50,134,201,1.4179104477611941,0.045410105387950477,654,Can you at least look a little surprised.
2222,492,17,50,134,201,1.4179104477611941,0.045410105387950477,654,"Excuse me, I asked for the fennel soup, not the funnel."
6642,494,16,39,115,170,1.4176470588235295,0.050527002986055405,654,Amazing!  I'll finish with a tempest in a teapot!
2016,495,19,43,132,194,1.4175257731958764,0.04769692153810021,654,Did you say 'soupe du jour' or 'force majeure'?
554,495,15,51,128,194,1.4175257731958764,0.045401900006508594,654,I think the ceiling fan is a little too powerful.
1976,495,17,47,130,194,1.4175257731958764,0.04656355252991707,654,"It's a seasonal specialty, sir."
3767,498,14,40,109,163,1.4171779141104295,0.05060861947722041,654,"Enjoy, Sir. It’s best before landfall."
1161,499,18,37,120,175,1.417142857142857,0.050789682384660514,654,Could I get an extra napkin?
1724,499,18,37,120,175,1.417142857142857,0.050789682384660514,654,Tournedos ...I ordered the tournedos.
3443,501,23,37,139,199,1.4170854271356783,0.048942398244933336,654,So this is how you're doing the farm-to-table thing now?
759,502,16,48,128,192,1.4166666666666667,0.04631568335589659,654,"Tomato, tornado, let's call the whole thing off."
1699,502,17,46,129,192,1.4166666666666667,0.04690074675885967,654,"Excuse me, but I had ordered the category 1."
3494,502,15,50,127,192,1.4166666666666667,0.04572313422009332,654,"Waiter, is this the Category 5 ?"
6511,502,15,45,120,180,1.4166666666666667,0.04784298237082759,654,My compliments to the chef!  This soup has blown me away!
591,506,19,49,141,209,1.4162679425837321,0.0451922774833257,654,Does no one in your kitchen know how to read a barometer?
5606,507,16,50,131,197,1.416243654822335,0.04548050843245536,654,"On second thought, I'll have a salad."
5742,508,19,46,137,202,1.4158415841584158,0.0463082991672368,654,No. I specifically ordered the tournedos.
2918,509,20,39,131,190,1.4157894736842105,0.04898087862777302,654,"Great, now EVERYONE will see that I'm dining alone."
2356,510,18,38,122,178,1.4157303370786516,0.05014925828869236,654,"Forgive me.  I had assumed that ""beef tornados au jus"" was a spelling error."
2796,510,16,42,120,178,1.4157303370786516,0.048867045774922326,654,You ordered “with a twist”
4032,510,20,34,124,178,1.4157303370786516,0.05139949465747307,654,I'm sorry. I didn't order this with a twist.
4234,510,15,44,119,178,1.4157303370786516,0.04821315371036769,654,This dish looked different when I had it in the Southern hemisphere.
873,514,18,50,139,207,1.4154589371980677,0.044979275280404324,654,I asked for a 3. This seems more like a Category 5.
5497,515,17,42,124,183,1.4153005464480874,0.04852881506620143,654,"The fly is gone, but ..."
26,516,15,41,115,171,1.4152046783625731,0.049601254130233044,654,"I dont care if it's weather or climate -- I want a different table."""
728,517,15,48,125,188,1.4148936170212767,0.04638431481967617,654,Could you recommend something not affected by climate change?
1328,518,21,31,124,176,1.4147727272727273,0.052447125789140375,654,I’m afraid there’s been a mistake. I ordered the tournedos.
5327,519,16,53,136,205,1.4146341463414633,0.04421484046867508,654,"This is delicious, but I'm going to need a few more napkins."
6490,520,21,38,134,193,1.4145077720207253,0.048963616342585,654,"You say ""tom-a-to"", 
I say ""torn-a-do""
Let's call the whole thing off"
6777,520,20,40,133,193,1.4145077720207253,0.048409331323571544,654,This seasonal menu is a disaster
1647,520,20,40,133,193,1.4145077720207253,0.048409331323571544,654,"It's why we encourage all guests in the restaurant to say grace, sir."
1678,523,16,43,122,181,1.4143646408839778,0.048273650817188235,654,"Waiter, there' s a vortex in my soup."
6269,523,17,41,123,181,1.4143646408839778,0.04890534446688676,654,You're asking me if everything is okay?
6069,525,16,50,132,198,1.4141414141414141,0.045299032656860756,654,Nice spin on the shrimp bisque
666,526,16,45,125,186,1.413978494623656,0.04734253052562927,654,I'll also have the tempest in a teacup.
1242,526,16,45,125,186,1.413978494623656,0.04734253052562927,654,"Well Sir, you’re not in Kansas anymore."
3590,526,18,41,127,186,1.413978494623656,0.04855471629106424,654,I asked for fennel not funnel soup.
3788,529,22,45,148,215,1.413953488372093,0.045715861612044655,654,"I'm sorry to complain, but there's an eye in my soup."
783,530,15,42,117,174,1.4137931034482758,0.04897694184912226,654,I'll have rainbow sorbet for dessert.
4937,530,14,44,116,174,1.4137931034482758,0.04829389262460653,654,"I ordered tomato bisque, not tornado bisque."
5377,532,18,43,130,191,1.4136125654450262,0.04762898755477649,654,"Sorry sir, but this is Kansas!"
1923,532,20,39,132,191,1.4136125654450262,0.048772365715403554,654,I asked for cream of TOMATO!
6064,534,15,37,110,162,1.4135802469135803,0.05154246946108619,654,"And THIS is better than blowing on it, how?"
6282,535,21,32,126,179,1.4134078212290502,0.05177406980181436,654,"Excuse me waiter, but there is a little house with two little feet sticking out from under it in my soup."
5464,535,21,32,126,179,1.4134078212290502,0.05177406980181436,654,First Michelin star chef to remind me that there's no place like home.
881,535,16,42,121,179,1.4134078212290502,0.04864874932260608,654,The temperature is fine but the pressure is a little low.
1822,535,17,40,122,179,1.4134078212290502,0.04928966939726459,654,but I ordered a 'Category 5'.
5586,539,17,42,125,184,1.4130434782608696,0.048317097632424345,654,"No, I'm pretty sure I said tomato."
5091,540,13,57,131,201,1.4129353233830846,0.0431145553100364,654,So I'm guessing we're not in Kansas anymore.
487,541,19,40,130,189,1.4126984126984128,0.04856650594325578,654,And it's cold.
3413,541,20,38,131,189,1.4126984126984128,0.049142576141937684,654,It’s basically Campbell’s with a spin.
2997,543,16,48,130,194,1.4123711340206186,0.045936971657412985,654,"Shouldn't this be in a teapot?"""
5356,544,14,47,121,182,1.4120879120879122,0.04678135451903742,654,It's all locally blown
1838,545,16,50,133,199,1.4120603015075377,0.04511884584238918,654,"I said I was on a colonic diet, not cyclonic."
2266,545,17,48,134,199,1.4120603015075377,0.045677884089326784,654,I don't think I like this restaurant's atmosphere.
6277,547,18,53,145,216,1.412037037037037,0.04361188145200177,654,"The chef is cooking up a storm!"""
1576,548,13,37,103,153,1.411764705882353,0.052072139572932365,654,This will be in my Yelp review.
5883,548,19,39,129,187,1.411764705882353,0.0489361603565224,654,"Perhaps you misunderstood, Pierre. I asked for the tournedos."
6148,548,19,39,129,187,1.411764705882353,0.0489361603565224,654,I don't know if I can eat the eye.
4519,551,18,36,121,175,1.4114285714285715,0.0507342290627594,654,"Tomato, Tornado, call it what you want but let’s turn the damn thing off."
1094,551,11,50,114,175,1.4114285714285715,0.04598034236116574,654,We wanted to put a new twist on an old classic.
600,553,20,41,136,197,1.4111675126903553,0.04765706976257507,654,"Excellent, I love a good tongue twister."
5786,553,16,49,132,197,1.4111675126903553,0.04543134186418299,654,I would have preferred to just blow on it myself.
3171,555,15,44,121,180,1.4111111111111112,0.047787087857651366,654,"When I ordered it to go, this is not what I meant."
6329,555,15,44,121,180,1.4111111111111112,0.047787087857651366,654,Not more funnel.  I said more fennel!
6260,557,16,35,112,163,1.4110429447852761,0.05202122434448237,654,It looks like my ex-wife will be joining me.
4118,558,17,49,136,202,1.4108910891089108,0.04518488463433067,654,And the cyclone—is it locally sourced too?
2668,559,17,42,126,185,1.4108108108108108,0.04810705183751756,654,Could you pack this to go?
6495,559,18,40,127,185,1.4108108108108108,0.04871388757919137,654,I know.  The new chef is adding a twist to some of the old favorites.
1499,561,13,43,112,168,1.4107142857142858,0.04874410549264199,654,Our chef calls it a new twist on an old classic
3621,561,17,35,116,168,1.4107142857142858,0.05158615917081499,654,But I ordered the funnel cake.
5479,563,18,35,120,173,1.4104046242774566,0.05115327822579655,654,"Waiter, there's some climate change in my soup."
4525,563,14,43,116,173,1.4104046242774566,0.04845414876708697,654,Which spoon do I use for this?
159,563,12,47,114,173,1.4104046242774566,0.04704654995312215,654,Is there a storm cellar near the wine cellar?
2006,563,18,35,120,173,1.4104046242774566,0.05115327822579655,654,"This is not what I meant by ""surprise me""."
3007,563,16,39,118,173,1.4104046242774566,0.04982199517275853,654,"No, everything's fine. I just need another spoon."
6288,568,23,43,151,217,1.4101382488479262,0.04584123328382667,654,"Waiter, there’s a mobile home in my soup."
1581,569,17,39,122,178,1.4101123595505618,0.04945644937174917,654,This is not what I meant when I asked the chef to add his own twist!
2504,570,10,55,118,183,1.4098360655737705,0.04392551652833336,654,I’d like to speak to the meteorologist please.
5788,570,17,41,125,183,1.4098360655737705,0.048474691179218994,654,Can you move me to a table in the basement?
5945,570,16,43,124,183,1.4098360655737705,0.04785129511876918,654,Well this explains all of the mobile homes scattered around the kitchen.
319,573,20,30,121,171,1.409356725146199,0.05289845574187392,654,I'd like to cancel my snow cone  dessert.
6341,574,12,50,119,181,1.408839779005525,0.045600103508112985,654,Is this what they meant by a new twist on an old recipe
4346,575,21,34,131,186,1.4086021505376345,0.05026701055238203,654,The chef is from Oklahoma
2276,575,15,46,125,186,1.4086021505376345,0.04666943879313834,654,I was told this wasn't in season.
1708,575,19,38,129,186,1.4086021505376345,0.0490971187783732,654,Thai food not phoon!
1825,575,19,38,129,186,1.4086021505376345,0.0490971187783732,654,I assumed this would be served in a teapot.
1769,579,16,37,116,169,1.4082840236686391,0.05064684520516393,654,"Waiter, cancel my drink with a twist"
6416,580,12,56,128,196,1.4081632653061225,0.04320582782108979,654,I asked for a clockwise rotation.
6489,580,25,30,141,196,1.4081632653061225,0.050467966736824195,654,"I recommend clockwise, since it's your first time and you're wearing a tie."
4779,582,20,42,139,201,1.407960199004975,0.04693259262800076,654,"This is not what I meant by ""blow me away"""
129,583,22,31,131,184,1.4076086956521738,0.051246446320270554,654,You can take the soup out of Kansas...
845,583,18,39,127,184,1.4076086956521738,0.04887342974956914,654,"I  said I wanted Thai-food, not a typhoon."
2751,583,19,37,128,184,1.4076086956521738,0.049477355090269785,654,"Our special is made from bone broth, parsley, cheese, heirloom tomatoes, spices and an unstable air mass"
4989,586,13,51,125,189,1.4074074074074074,0.04489898528464827,654,"Well, at least it got rid of the fly."
217,587,17,45,132,194,1.407216494845361,0.04646291925781736,654,I thought you said the 'Soup of the Day' was TOMATO
272,587,18,43,133,194,1.407216494845361,0.047034230257984734,654,"I said shaken, not stirred."
6723,589,18,32,117,167,1.407185628742515,0.05246653292231836,654,Relax. Our Soup Chef is also a First Responder.
4617,590,20,41,138,199,1.407035175879397,0.04726684225519024,654,"Not minestrone, sir.  Maelstromone."
1516,591,18,34,120,172,1.4069767441860466,0.051335896464784585,654,Blaming global warming won't help your review
1974,592,17,38,122,177,1.4067796610169492,0.04962360393502906,654,Would you mind waiting to serve the second course until Dorothy arrives?
6532,593,17,51,141,209,1.4066985645933014,0.04407021648135301,654,"Excuse me, is this destructive vortex sourced locally?"
5517,594,14,46,122,182,1.4065934065934067,0.046722488708638904,654,I think I'll need a bigger napkin.
6258,594,15,44,123,182,1.4065934065934067,0.047367749777923567,654,It’s phenomenal.
1763,596,15,46,126,187,1.4064171122994653,0.04647059716813083,654,Does it look like I need freshly ground pepper??
3009,597,15,48,129,192,1.40625,0.045617401468671215,654,There's my soup on the fly.
6508,597,19,40,133,192,1.40625,0.04794890409606836,654,It’s a new twist on an old classic.
1272,599,10,60,127,197,1.4060913705583757,0.04181494776892964,654,This is only an F-1.  I ordered spicy.
6198,599,23,34,140,197,1.4060913705583757,0.04921235261533458,654,"And after my dinner, I would like a tempest in a teapot."
5923,601,19,44,139,202,1.4059405940594059,0.04621341581370718,654,I definitely said 'tournedos.'
6475,602,17,37,121,175,1.4057142857142857,0.05002274875409975,654,"Waiter, I don't think we're in Kansas anymore."
6620,603,17,52,143,212,1.4056603773584906,0.043620367546405706,654,I thought I ordered the funnel cake.
820,604,20,33,127,180,1.4055555555555554,0.05087516044671843,654,"Waiter, there's a fly and a piece of a mobil home in my soup."
2077,604,21,31,128,180,1.4055555555555554,0.051481600566708606,654,"NOW do you believe in climate change, Senator?"
4795,606,20,37,133,190,1.4052631578947368,0.048879034714173694,654,It took my soup spoon...
6776,606,17,43,130,190,1.4052631578947368,0.04713889749430616,654,"Wow, you're right, this is Auntie Em's recipe!"
448,608,19,41,135,195,1.405128205128205,0.04739998354699783,654,I usually just blow on it.
1586,608,14,51,130,195,1.405128205128205,0.04452435254700092,654,In Australia it goes the other way.
300,610,21,39,140,200,1.405,0.04760468496010402,654,Can I get this to go?
6137,610,22,37,141,200,1.405,0.04812958847146068,654,i think i'd prefer the tsunami rolls.
2955,612,14,38,111,163,1.4049079754601228,0.05047531165088862,654,Should I expect the same for my Volcano Cake dessert
3522,612,13,40,110,163,1.4049079754601228,0.04971937976499106,654,I said heavy on the Fennel.
628,614,17,49,139,205,1.4048780487804877,0.04465584480401951,654,"Actually, I ordered the tempest in a teapot."
1858,615,17,34,117,168,1.4047619047619047,0.051522372188268065,654,Actually I’ll take the Tsunami Salad
1537,616,17,38,123,178,1.404494382022472,0.04939692303197683,654,"The soup is fine, it’s that smug moustache that’s the problem."
5981,616,16,40,122,178,1.404494382022472,0.04875013879937401,654,"There must be some mistake. I ordered the Tsunami on rye."""
171,618,24,26,133,183,1.4043715846994536,0.05257910252967362,654,I believe there's been a mistake. I ordered a tempest in a teapot.
3019,618,20,34,129,183,1.4043715846994536,0.0502430598323539,654,"You say tor-nay-do, I say tor-nah-do..."
4264,620,15,48,130,193,1.4041450777202074,0.04542921740090721,654,"No, I wanted the funnel *cake*."
4403,620,12,54,127,193,1.4041450777202074,0.04361074059464359,654,"All I said was, 'OK, I'll give it a whirl'."
4943,620,18,42,133,193,1.4041450777202074,0.04717765246495937,654,...’Waiter...do you have any of those cute little miniature Trailer Parks for my soup?...’
3657,623,20,40,138,198,1.404040404040404,0.04741072069018575,654,Be careful; the bowl is hot.
3064,624,17,48,138,203,1.4039408866995073,0.04495654290429678,654,We’re just beginning to understand the impact of climate change on soup.
6457,625,15,45,126,186,1.403225806451613,0.04661081408241471,654,Did you say the chef was a genius or a genie?
4362,626,22,35,139,196,1.403061224489796,0.0488373895079742,654,Please wrap this up to go.
6363,627,21,39,141,201,1.4029850746268657,0.047410090072443546,654,I think you misunderstood. I asked for the fennel soup.
4105,628,21,41,144,206,1.4029126213592233,0.04656270548119237,654,"I ASKED for a tempest in a teapot, but this is CLEARLY a maelstrom in a minestrone."
5643,629,14,40,115,169,1.4023668639053255,0.04916857809697141,654,Is this a locally sourced Act of God?
1077,630,19,34,126,179,1.4022346368715084,0.05043253567750886,654,And you assure me this is authentic Northern Oklahoma cuisine?
2742,630,19,34,126,179,1.4022346368715084,0.05043253567750886,654,"Yes, I would like to speak with the chef...or whoever is still alive back in the kitchen."
260,632,20,34,130,184,1.4021739130434783,0.05001755763088075,654,"Now that I'm familiar with the Oklahoma Soup, I think I'll pass on the San Andreas Salad."
3852,632,13,48,123,184,1.4021739130434783,0.04567253389796157,654,I lost my spoon.
5242,632,20,34,130,184,1.4021739130434783,0.05001755763088075,654,I take it the chef is from Kansas
6226,635,19,38,132,189,1.402116402116402,0.04845907476678641,654,An extra napkin would be nice.
6736,635,18,40,131,189,1.402116402116402,0.04787478080287315,654,I didn’t know one blow on the soup would cause such a stir.
943,637,20,38,136,194,1.402061855670103,0.04810360617375605,654,Tell the chef we’re not in Kansas anymore.
288,638,16,48,135,199,1.4020100502512562,0.04501413862336747,654,This is not what I forecasted.
1459,639,17,48,139,204,1.4019607843137254,0.04477942541133038,654,"Excuse me.  I asked for tournedos, not tornados."
6377,639,20,42,142,204,1.4019607843137254,0.046368981880045276,654,Maelstromoni?
528,641,25,34,150,209,1.4019138755980862,0.048019104869861724,654,Is that a fake mustache?
2828,642,17,31,114,162,1.4012345679012346,0.052875215379630976,654,I ordered mine in a teapot.
248,643,20,33,129,182,1.401098901098901,0.05041259557249221,654,You say Tomato and I say Tornado.
3123,644,18,39,130,187,1.4010695187165776,0.048233645557299996,654,Send my compliments to the chef for cooking up a storm
5281,645,13,51,128,192,1.4010416666666667,0.04434655968231763,654,Is this a new twist on the old recipe?
5061,646,17,42,131,190,1.4,0.04708134177111495,654,It's a seasonal special.
5984,646,15,50,135,200,1.4,0.044269617063793024,654,Today's dessert special is Funnel Cake.
5885,646,15,42,123,180,1.4,0.047664250957786515,654,"The menu said  ""a twist on an old favorite"", but this is ridiculous!"
5801,646,16,46,133,195,1.4,0.045639926684266,654,"Yes, this dish has taken us by storm."
4843,646,12,46,117,175,1.4,0.046556285125953334,654,That is our blew plate special.
4544,646,18,38,129,185,1.4,0.0485996619796459,654,"I'm sorry about the fly sir, but the tiny farmhouse and the old woman on her bike with a dog in her basket are actually part of the dish."
1560,646,17,46,137,200,1.4,0.0453905442524948,654,I am sorry Sir...but any complaints have to go through FEMA.
1903,646,12,54,129,195,1.4,0.04326118966607768,654,Our chef is from Kansas.
1723,646,19,44,142,205,1.4,0.045663187948502645,654,"""I ordered the nor'easter."""
1260,646,17,48,140,205,1.4,0.044603572932183304,654,"Waiter, a house just fell into my soup."
940,646,15,44,126,185,1.4,0.0467510847445742,654,Kansas cuisine?
420,646,15,46,129,190,1.4,0.045883146774112364,654,Our chef trained in Kansas.
1944,646,12,46,117,175,1.4,0.046556285125953334,654,I can tell the chef really put his own twist on this one.
1568,659,17,51,145,213,1.3990610328638498,0.04340657599835619,654,"Sir, quickly  stir clockwise"
3355,659,22,41,150,213,1.3990610328638498,0.04588665768111742,654,I suppose next you'll be bringing me a funnel cake.
1356,661,17,45,136,198,1.398989898989899,0.04570453171563724,654,"Popular dish in Kansas, you say?"
4154,661,18,43,137,198,1.398989898989899,0.04626206201948828,654,"Well, what I actually ordered was BEEF tournedos!"
738,663,20,37,136,193,1.3989637305699483,0.04825310645602371,654,Can I have another spoon?
3170,663,14,49,130,193,1.3989637305699483,0.044771956465684694,654,I distinctly ordered tournedos!
3285,663,16,45,132,193,1.3989637305699483,0.04596164507567401,654,I think I'm going to need a bigger spoon.
1574,666,12,49,122,183,1.3989071038251366,0.04514492945659098,654,"Waiter, I asked for fennel."
3449,666,14,45,124,183,1.3989071038251366,0.04645603444542802,654,Tournedos.  I asked for tournedos.
4736,668,11,49,118,178,1.398876404494382,0.04530932756204022,654,"On second thought, I'll just have a salad."
3947,669,13,43,117,173,1.3988439306358382,0.04762111041138147,654,there's a license plate from Kansas in my soup
877,670,17,46,138,201,1.3980099502487562,0.045207978201168224,654,"‘With a twist,’ I said. ‘With a twist.’"
1522,670,16,48,137,201,1.3980099502487562,0.044654339646401746,654,I think this is for that Kansas farm girl over at the next table.
2230,672,17,42,132,191,1.3979057591623036,0.04688099363460875,654,Maybe I blew a little too hard?
2945,672,22,32,137,191,1.3979057591623036,0.049733143567728254,654,"I've just about had it with your bullshit, Robert."
4948,672,17,42,132,191,1.3979057591623036,0.04688099363460875,654,Just Blow on it
4621,675,15,40,121,176,1.3977272727272727,0.04840276466193369,654,The wind is sourced locally.
3275,676,14,34,108,156,1.3974358974358974,0.05199055648446042,654,I thought it would come in a teapot.
1836,677,16,49,139,204,1.3970588235294117,0.04418199370677905,654,"Don't tell me. I'm not in Kansas anymore, right"
5855,677,17,47,140,204,1.3970588235294117,0.04472520260487241,654,So you’re saying you can’t do this to go?
5689,679,14,49,131,194,1.3969072164948453,0.04458802639620509,654,I’ll need a bib.
137,679,17,43,134,194,1.3969072164948453,0.04635018821878391,654,"Actually, can I switch to the salad?"
596,681,14,47,128,189,1.3968253968253967,0.045400296969686206,654,Is this about my last Yelp review?
5658,682,13,47,124,184,1.3967391304347827,0.0456071093012119,654,My date must be sheltering in place.
5140,683,14,43,122,179,1.3966480446927374,0.04715161741001714,654,What do mean you're not responsible for acts of God?
190,684,9,51,114,174,1.396551724137931,0.044510616391815874,654,I believe I ordered a category 4.
2341,684,16,37,121,174,1.396551724137931,0.04945988625104529,654,Our new Chef Is from Kansas !
5508,686,10,47,112,169,1.3964497041420119,0.04613776804143445,654,Is this what people mean when they say this place has a certain atmosphere?
4862,687,12,41,111,164,1.396341463414634,0.048637659372642195,654,Tonight's special is a twist on a classic
110,688,24,38,155,217,1.3963133640552996,0.04617033871319549,654,When.
3484,689,19,44,144,207,1.396135265700483,0.04530302483503294,654,Waiter...This is not a funnel cake”
5160,690,17,46,139,202,1.396039603960396,0.04502675090661387,654,Waiter! This soup is too cumulonimbus.
2246,691,17,40,130,187,1.3957219251336899,0.04757248374059563,654,"'Blewuillabaisse', you say?"
3262,691,16,42,129,187,1.3957219251336899,0.046964243877460926,654,"OK, I'll eat it, but I would like to cancel the polar vortex I ordered for desert."
6101,693,14,42,121,177,1.3954802259887005,0.0475100292782833,654,"When you told me that the special would ""blow me away"", this wasn't exactly what I had in mind."
2616,693,13,44,120,177,1.3954802259887005,0.04682949440935232,654,This isn't exactly what I had in mind when I told you to 'whip something up' for me.
1675,693,13,44,120,177,1.3954802259887005,0.04682949440935232,654,You misunderstood me.  I asked for fennel.
95,693,12,46,119,177,1.3954802259887005,0.04613892295283652,654,"Could I have a bib, please?"
68,693,13,44,120,177,1.3954802259887005,0.04682949440935232,654,"Waiter, there's a genie in my soup."
4384,698,15,51,139,205,1.395121951219512,0.04346184140515248,654,Could I change tables? There’s a bit of a draft here.
3481,699,21,37,142,200,1.395,0.04749900818853456,654,"You say tornado, I said tournedos"
3601,700,20,37,138,195,1.3948717948717948,0.04784404785905798,654,There's a hair.
1579,701,16,41,128,185,1.3945945945945946,0.04731156407289177,654,I asked for fennel soup.
3432,702,19,33,128,180,1.3944444444444444,0.050137750794809276,654,"When your ad said your soup would ""blow me away,"" I didn't think you meant literally."
6036,702,19,33,128,180,1.3944444444444444,0.050137750794809276,654,I would like a doggie bag for Toto.”
4224,704,23,36,149,208,1.3942307692307692,0.04713874658746613,654,Would you let my date know I'm the one in the grey suit and glasses?
3008,705,23,34,146,203,1.3940886699507389,0.04799875077731223,654,"Waiter, there's a witch, a scarecrow, a lion, a tinman, a dog, a little girl, and way too much color in my soup."
6050,706,15,48,135,198,1.393939393939394,0.04450895645663831,654,Do I still have to blow on it?
536,707,21,34,138,193,1.3937823834196892,0.048751837478131645,654,"No, I said TOMATO soup!"
1255,708,21,32,135,188,1.3936170212765957,0.04970968751587145,654,I’m rethinking the Surf and Turf entree.
1654,709,12,46,120,178,1.3932584269662922,0.045932749739663874,654,It's causing quite a stir.
3764,709,13,44,121,178,1.3932584269662922,0.046618638662185366,654,Some ground pepper and life insurance if you please.
1966,711,20,41,145,206,1.3932038834951457,0.04594638162355912,654,I blew on it too hard.
1751,712,16,36,121,173,1.393063583815029,0.049622745462195805,654,"I'm quite sure I said 'tomato', not 'tornado'"
5209,712,14,40,119,173,1.393063583815029,0.04824925073982493,654,Are you sure this is the fennel soup?
2768,714,20,39,142,201,1.3930348258706469,0.04677410750874116,654,"Waitor, there’s a cow in my soup."
1811,715,18,41,137,196,1.3928571428571428,0.04653060076932116,654,This is certainly a twist on farm to table.
2775,715,20,37,139,196,1.3928571428571428,0.047641935891274835,654,I assumed you meant 'fennel'...
568,717,18,39,134,191,1.3926701570680629,0.04740430694450474,654,I thought you said fennel soup.
4908,717,16,43,132,191,1.3926701570680629,0.046227103682848256,654,"You meant, “tournedos”?"
5521,719,19,35,132,186,1.39247311827957,0.048920180160123165,654,"This is a dust bowl, I ordered a cup."
257,720,20,42,147,209,1.3923444976076556,0.04545696679136723,654,"Forget Zagat's, what's the FEMA rating of this place?!"
5751,721,17,37,127,181,1.3922651933701657,0.048662015491656295,654,"I asked you to add fennel, not funnel."
3244,721,15,41,125,181,1.3922651933701657,0.04738372129012378,654,Excuse me. I distinctly remember ordering the category 4.
5029,723,20,40,144,204,1.392156862745098,0.046261640213775546,654,I'm missing my spoon...and I'll also need some extra napkins.
6249,724,13,43,120,176,1.3920454545454546,0.046969478773407444,654,All of our dishes are served with a twist.
6849,724,20,29,127,176,1.3920454545454546,0.05158175443692301,654,May I have another napkin?
1123,726,18,42,139,199,1.3919597989949748,0.046014481557761694,654,"All I did was rub the side of the bowl, and poof, you appeared."
2747,727,16,35,120,171,1.391812865497076,0.050025290477565855,654,You said blow on it.
683,728,15,46,133,194,1.3917525773195876,0.04512054497640485,654,There’s a farmhouse in my soup.
4083,728,19,38,137,194,1.3917525773195876,0.047429182777889566,654,You'll notice we added a bit of a twist.
5567,730,19,47,151,217,1.391705069124424,0.04374734993666633,654,"...and for my main dish, I'll have the ""plague of locusts"" pork chops"
5329,731,15,42,127,184,1.391304347826087,0.046824211047438564,654,I was unaware the soup was free-range.
5257,731,20,41,146,207,1.391304347826087,0.045763319466722116,654,"Excuse me, what did you say the other soup of the day was?"
3011,731,21,39,147,207,1.391304347826087,0.04627292430675488,654,They don't make this soup in Kansas anymore.
1986,731,20,32,132,184,1.391304347826087,0.04989478325865285,654,This whole meal was a disaster!
1741,731,14,44,126,184,1.391304347826087,0.04618560607995192,654,I think I stirred a little too hard.
3405,736,11,48,120,179,1.3910614525139664,0.0450366530381615,654,"If I wanted this, I'd move back to Kansas."
5990,737,14,49,134,197,1.3908629441624365,0.04404433542874609,654,Today’s special was flown in fresh from Kansas.
731,738,20,28,126,174,1.3908045977011494,0.0520094156431112,654,"Apologies, sir. I’ll cancel the funnel cake for  your dessert as well."
1797,738,18,32,124,174,1.3908045977011494,0.05071585333431098,654,Is this why there was no ranch on my salad?
847,740,15,45,132,192,1.390625,0.04543490305454515,654,Sorry to be a pain.  I ordered the funnel cake.
2911,740,20,35,137,192,1.390625,0.048342714287170095,654,I said TOMATO. Let's call the whole thing off.
963,742,12,49,126,187,1.3903743315508021,0.04437889518305591,654,Is the chef from Kansas by any chance?
2404,742,16,41,130,187,1.3903743315508021,0.0468987245321139,654,"Nice try, but this soup still isn't blowing me away."
4161,742,16,41,130,187,1.3903743315508021,0.0468987245321139,654,"Give it a minute to settle; should that fail, I recommend the Duck and Cover."
2105,745,18,35,129,182,1.39010989010989,0.049064528575821546,654,You say tomato; I say clear evidence of climate change.
4499,745,11,49,122,182,1.39010989010989,0.0445234611087457,654,But you're sure it's gluten-free?
1351,745,20,31,131,182,1.39010989010989,0.05028671295837287,654,I still don't have a spoon.
4272,748,21,36,143,200,1.39,0.04744210965844817,654,"Waiter, this soup sucks."
3719,749,11,47,119,177,1.3898305084745763,0.04536195770785879,654,Should I blow on it?
6412,750,20,36,139,195,1.3897435897435897,0.047784510340510414,654,I'm sorry.  I ordered a bowl of fennel soup.
5158,750,18,40,137,195,1.3897435897435897,0.0466650108783008,654,I ordered extra fennel not funnel.
238,750,16,44,135,195,1.3897435897435897,0.0455179860281792,654,"You say tomato, I say tornato"
3490,750,19,38,138,195,1.3897435897435897,0.047228077817937274,654,I forgot to mention that today's dessert is the molten lava cake.
3840,750,18,40,137,195,1.3897435897435897,0.0466650108783008,654,"'Anything else?' Well, a napkin might be nice."
3730,755,19,29,124,172,1.3895348837209303,0.051793996504798996,654,"Well, I was, but then the tornado took my spoon"
713,756,19,36,135,190,1.3894736842105264,0.048128132194807605,654,"No, the problem is there's no spoon."
1019,756,18,38,134,190,1.3894736842105264,0.047546002103478466,654,"You said ""locally sourced,"" but it's going counterclockwise."
6229,756,16,42,132,190,1.3894736842105264,0.04635981806424808,654,I said water sprouts!
2597,759,16,49,143,208,1.3894230769230769,0.04349573236487108,654,But is it free range?
2784,759,17,47,144,208,1.3894230769230769,0.04402646780476658,654,"I asked for tournedos, Oscar, not tornadoes."
4410,761,15,35,117,167,1.3892215568862276,0.05014249905490214,654,Not even a warning?
1036,762,16,38,126,180,1.3888888888888888,0.04817519811867268,654,"Not to worry, it's only a Category 1!"
6847,763,15,52,144,211,1.3886255924170616,0.04252594928378489,654,It's just something our chef whipped up.
489,764,18,39,136,193,1.38860103626943,0.04699948848841123,654,I prefer the tempest in a teapot.
2204,765,17,34,124,175,1.3885714285714286,0.04981975487298221,654,The chef is really embracing the prairie-to-table movement
689,765,15,38,122,175,1.3885714285714286,0.04848345166776449,654,"Ooooh, you wanted the TOMATO soup?  Yeah, that actually makes a lot more sense."
2102,767,15,43,130,188,1.3882978723404256,0.04608160065048005,654,Fly's gone.
3084,768,17,37,129,183,1.3879781420765027,0.04822357803429107,654,I asked for the Fennel soup!
1474,769,18,28,119,165,1.387878787878788,0.052707814710444396,654,"Sir, This is Kansas. I warned you not to blow on the soup."
4078,770,16,37,125,178,1.3876404494382022,0.04854671070545149,654,No need to blow on it.
6806,770,16,37,125,178,1.3876404494382022,0.04854671070545149,654,This is a Category 3 soup.  I ordered a Category 5.
4649,772,18,45,146,209,1.38755980861244,0.04437634110587099,654,Do I use a spoon or call 911?
4709,773,11,40,109,160,1.3875,0.04855417450266476,654,Now this is what I call a twist on a classic dish.
5106,774,15,44,132,191,1.387434554973822,0.0455606642096865,654,Really? I thought I ordered tournedos!
2327,774,20,34,137,191,1.387434554973822,0.04849053648071809,654,Why do I keep hearing... “there’s no place like home... there’s no place like home.”
2929,774,8,58,125,191,1.387434554973822,0.04110952342564611,654,"I'm sorry, I asked for just a twist of lemon."
6722,774,18,38,135,191,1.387434554973822,0.04734035198648014,654,And will you tell my date's mother where she went?
3913,778,11,45,117,173,1.3872832369942196,0.046032253694613355,654,Is it too late to opt for the salad?
3077,778,14,39,120,173,1.3872832369942196,0.04817269336026699,654,"Well, it may be gone now, but there was a fly in my soup!"
1691,780,15,49,140,204,1.3872549019607843,0.04351248993431019,654,"No, I wouldn’t say I was blown away by the soup."
5119,780,21,37,146,204,1.3872549019607843,0.04672373980247704,654,"Excuse me waiter, but I think there may be a trailer park in my soup."
870,782,17,41,136,194,1.3865979381443299,0.046225270903273954,654,"Well, there WAS a fly in my soup."
2150,782,19,37,138,194,1.3865979381443299,0.047366734847215375,654,I guess this is what they call farm to table
2540,782,15,45,134,194,1.3865979381443299,0.04505489729292171,654,I'm not angry about the soup.   But I hate losing those oyster crackers.
1287,785,11,46,119,176,1.3863636363636365,0.04548700139974083,654,I'm pretty sure I said Tournedos.
3367,785,17,34,125,176,1.3863636363636365,0.04958505506652598,654,Is this a special soup for climate deniers?
679,787,15,43,131,189,1.3862433862433863,0.045883153606487516,654,I'm going to need an additional napkin.
1417,787,14,45,130,189,1.3862433862433863,0.045265621552638434,654,"I said soup de joure, not force majeur."
5496,787,16,41,132,189,1.3862433862433863,0.04649248407222798,654,Blowing doesn’t help.
3710,790,17,37,130,184,1.3858695652173914,0.04800710629044861,654,There must be some mistake. I ordered a hurricane.
1791,791,18,40,139,197,1.385786802030457,0.046274274499039356,654,Do I get three wishes?
4262,792,16,49,145,210,1.3857142857142857,0.043159863503735,654,It’s best eaten in the basement.
3380,793,19,31,129,179,1.3854748603351956,0.0502339747591351,654,Could I have a dish not affected by climate change.
4598,793,14,41,124,179,1.3854748603351956,0.04700636900370037,654,"Excuse me, waiter, I ordered the tempest in the teacup, not the cyclone in the soup."
188,795,19,36,137,192,1.3854166666666667,0.047711355426051795,654,"I""m sorry but this soup is a natural disaster."
3711,795,14,46,132,192,1.3854166666666667,0.04476254938579793,654,Please tell the chef I have never had soup that sucked more than this.
51,797,16,40,131,187,1.3850267379679144,0.04682983056220094,654,I will certainly be mentioning this in my Yelp review.
1386,797,14,44,129,187,1.3850267379679144,0.04558542549926709,654,It’s hot but blowing on it just seems redundant.
2194,797,15,42,130,187,1.3850267379679144,0.0462118169326509,654,It happens sometimes when the cold sour cream hits the hot chili.
4627,797,16,40,131,187,1.3850267379679144,0.04682983056220094,654,I suppose I don’t need to blow on it now
4471,801,14,49,137,200,1.385,0.0435125465646716,654,"And for dessert, funnel cake"
4961,802,18,29,122,169,1.3846153846153846,0.05173790070265764,654,"And how is the ""No Place Like Home"" soup?"
4150,802,10,50,122,182,1.3846153846153846,0.043758282589160036,654,Is FEMA aware of this dish?
6650,802,16,43,136,195,1.3846153846153846,0.045452419589860384,654,"Actually, I ordered the category 4."
1478,802,18,39,138,195,1.3846153846153846,0.046601058301106627,654,And stop telling me it's just a fennel cloud.
949,802,13,49,133,195,1.3846153846153846,0.04367285385977313,654,The president's climate panel assures us it's nothing to worry about.
3051,802,10,45,114,169,1.3846153846153846,0.04597033112824591,654,Midwestern food isn't really up my alley.
656,802,18,34,130,182,1.3846153846153846,0.04899478990988219,654,I ordered Fennel soup. This is Funnel soup.
3726,809,16,41,133,190,1.3842105263157896,0.046291796524642485,654,Not funnel...Fennel !
6305,809,17,39,134,190,1.3842105263157896,0.046889500082809586,654,"And just before serving, the chef adds his special twist."
5874,811,17,34,126,177,1.384180790960452,0.04935241464444081,654,Now maybe the Republicans  will believe it.
4196,812,19,38,141,198,1.3838383838383839,0.04663421059933266,654,"Never mind that, you're certain it's gluten free?"
4493,813,15,41,129,185,1.3837837837837839,0.0465468413705921,654,I distinctly ordered the FENNEL soup!
388,814,12,42,118,172,1.3837209302325582,0.046892564882473745,654,"On second thought, I'll have a salad instead."
2600,814,15,36,121,172,1.3837209302325582,0.0490194962159962,654,Dorothy should arrive any minute. She'll have the salmon.
4145,816,12,50,131,193,1.383419689119171,0.04334703485636944,654,I really don't mind stirring it myself.
5966,816,20,34,139,193,1.383419689119171,0.04807020241300803,654,Last week you served me a tempest in a teapot. Now this !
692,818,16,37,127,180,1.3833333333333333,0.048101769829265485,654,Is Dorothy cooking tonight?
6420,819,13,38,116,167,1.3832335329341316,0.048598069705050075,654,"I ordered the fennel, not the funnel soup!"
6,820,15,42,131,188,1.3829787234042554,0.046010954805135916,654,"Excuse me, waiter? I ordered the tsunami."
535,820,16,40,132,188,1.3829787234042554,0.04662507110466681,654,"A soup spoon and an anemometer, please."
598,820,16,40,132,188,1.3829787234042554,0.04662507110466681,654,Could you close the window?
6270,820,10,52,126,188,1.3829787234042554,0.042808427849027365,654,We decided to give today's soup a bit of a twist.
6340,824,13,41,121,175,1.3828571428571428,0.04702951992930259,654,"Thanks, but I could have blown on it myself."
6539,824,12,43,120,175,1.3828571428571428,0.04632595708443464,654,THIS is your “Stormy Daniels” entrée ?
3921,826,15,40,128,183,1.3825136612021858,0.04688842182499243,654,"Yes, it is locally sourced."
4165,826,13,44,126,183,1.3825136612021858,0.04558975345934882,654,Do you have any F1 sauce?
5362,826,13,44,126,183,1.3825136612021858,0.04558975345934882,654,I hear the food here has been causing quite a stir.
5123,829,12,54,138,204,1.3823529411764706,0.04174790802544479,654,Where I come from they spin clockwise.
5135,829,11,43,116,170,1.3823529411764706,0.04650958635396465,654,I see the chef is from Kansas.
3587,829,16,46,142,204,1.3823529411764706,0.044000778914299744,654,I wanted a twist of lemon.
3387,829,17,31,122,170,1.3823529411764706,0.05080180595670356,654,There must be some mistake. I ordered the tournedos.
2300,833,21,44,160,225,1.3822222222222222,0.043445114272431376,654,"I asked for a Category 5. This is Category 2, tops."
74,834,16,41,134,191,1.382198952879581,0.04609270865463714,654,Could I have this in a take-out box?
6669,834,18,37,136,191,1.382198952879581,0.04727325875275872,654,"I had to substitute, sir. We are out of Tempest in a Teapot."
1981,836,16,36,126,178,1.3820224719101124,0.048471354681493974,654,"Sir, it’s our Midwestern Clam Chowder."
1163,837,15,41,130,186,1.381720430107527,0.04634187097009756,654,"Yes, you told me...several times. But I thought you were saying ""tomato."""
5873,837,15,41,130,186,1.381720430107527,0.04634187097009756,654,I asked for the funnel cake.
287,839,17,32,124,173,1.3815028901734103,0.050144571622451645,654,I'd prefer my tempest in a teacup.
4279,840,14,46,134,194,1.3814432989690721,0.04438842947472389,654,"Waiter, I believe I ordered the TOURNEDOS of beef."
3224,841,17,35,129,181,1.3812154696132597,0.04851892753281415,654,May I please have this to go?
1924,841,17,35,129,181,1.3812154696132597,0.04851892753281415,654,"I probably should have asked what ""nuage en entonnoir"" means before ordering."
919,841,14,41,126,181,1.3812154696132597,0.046582445903144344,654,Minor compared to dinner with my wife.
3869,844,16,45,141,202,1.381188118811881,0.044290963470416916,654,Impressive but I actually ordered the tournedo.
2610,845,21,30,138,189,1.380952380952381,0.049360263037535115,654,"I think the ""vortex of flavor"" description was an understatement."
6062,845,13,54,143,210,1.380952380952381,0.041481949046446046,654,Once contained it’s delicious.
2885,847,17,41,139,197,1.380710659898477,0.045644974566660515,654,Where’s the basement?
5023,847,16,43,138,197,1.380710659898477,0.04507400952319879,654,Does this look like it's counterclockwise to you?
1010,849,12,35,108,155,1.3806451612903226,0.05036188082231521,654,There must be some mistake. I ordered a tempest in a teapot.
4809,849,15,29,111,155,1.3806451612903226,0.052798490334906384,654,I believe Toto and Dorothy will be joining me.
4481,851,17,44,144,205,1.3804878048780487,0.04436758740925886,654,This soup really sucks.
5607,851,23,32,150,205,1.3804878048780487,0.04749133456146787,654,What's for dessert? An avalanche?
2185,853,14,42,128,184,1.3804347826086956,0.04603859582026698,654,Yes sir; in Australia it stirs counter clockwise.
1716,853,11,48,125,184,1.3804347826086956,0.044060897759512094,654,I distinctly ordered the tsunami.
3798,853,16,38,130,184,1.3804347826086956,0.04731115479025063,654,I’m cumulonimbus-free.
986,856,13,53,142,208,1.3798076923076923,0.041734947482999,654,Wow. The chef whipped this up just for me?
5288,857,17,37,133,187,1.3796791443850267,0.047368441102545095,654,"Well, yes, the fly is gone, but ..."
6031,857,19,33,135,187,1.3796791443850267,0.04856718259298662,654,"Actually, I said tomato."
3708,857,13,45,129,187,1.3796791443850267,0.04487499512439912,654,"I see now why you call it the ""Auntie Em Soup""."
443,860,13,43,126,182,1.379120879120879,0.04571382160952142,654,Let me guess...climate change?
2410,860,16,37,129,182,1.379120879120879,0.04766436603829335,654,How did you get Auntie Em's recipe?!
4058,860,14,41,127,182,1.379120879120879,0.046373119951565,654,Is this vegan?
6084,863,15,42,133,190,1.3789473684210527,0.045614035087719294,654,He’s a regular wizard in the kitchen.
6401,863,16,40,134,190,1.3789473684210527,0.0462205039946622,654,"If the first course doesn’t blow you away, the second will shock you to death"
1400,865,16,43,139,198,1.378787878787879,0.04488698630483059,654,"I said ""in a teapot."""
1925,865,14,47,137,198,1.378787878787879,0.0437297749094535,654,I specifically ordered the counter-clockwise.
3907,865,14,47,137,198,1.378787878787879,0.0437297749094535,654,I changed my mind. I'll have the Gumbo.
5226,868,16,32,121,169,1.378698224852071,0.05027513537264793,654,For twenty-five dollars I expect a monsoon.
1462,869,18,42,146,206,1.3786407766990292,0.044722953154879834,654,I think I might need a few extra napkins.
2623,869,16,46,144,206,1.3786407766990292,0.04365115284958344,654,But I ordered the cloudy with a chance of meatballs...
6261,871,17,33,127,177,1.3785310734463276,0.049275183649058425,654,The soup has turned.
1804,871,16,35,126,177,1.3785310734463276,0.04861936227739581,654,"Excuse me, waiter, but there's an eye in my soup."
1806,873,19,32,134,185,1.3783783783783783,0.048935049375562735,654,Your fresh-ground-pepper guy has anger management issues.
3450,874,16,30,118,164,1.3780487804878048,0.05137674220645437,654,"Yes, sir, everything on our menu is farm razed."
864,875,14,37,121,172,1.377906976744186,0.048236987540056994,654,"Actually, I prefer my tempest in a teapot."
6318,876,20,31,137,188,1.377659574468085,0.04893511898627017,654,The chef thought it would pair nicely with the tournedos of beef.
580,877,21,32,143,196,1.3775510204081634,0.04800063897452008,654,"I’m sorry, I hate to make a fuss, but.....
what the fuck is this?!!"
1061,877,13,48,135,196,1.3775510204081634,0.043421565516510975,654,Waiter! My soup’s on the fly!
5196,877,17,40,139,196,1.3775510204081634,0.04576840446130317,654,"Waiter, I asked for Category 2, not Category 5."
3688,880,15,47,142,204,1.3774509803921569,0.04338171513997064,654,Could I trouble you for a napkin?
2249,881,17,46,149,212,1.3773584905660377,0.04328547465255841,654,"Waiter, there's an itsy-bitsy spider climbing up my waterspout."
3998,882,17,35,131,183,1.3770491803278688,0.048077058433626835,654,Do you think FEMA will be covering dessert?
5693,882,14,41,128,183,1.3770491803278688,0.04616552638602794,654,Our soup of the day comes with a twist.
3349,884,16,40,135,191,1.3769633507853403,0.04602066183367136,654,"I’m sorry, but I ordered the Tempest in a Teacup."
3183,884,17,38,136,191,1.3769633507853403,0.046615586627233856,654,There's a mobile home in my soup.
1128,884,17,38,136,191,1.3769633507853403,0.046615586627233856,654,"I would ask you to put it in a doggy bag, but I live in a trailer park."
2447,884,14,44,133,191,1.3769633507853403,0.0448071212378693,654,"On second thought, I'll take the salad."
6091,888,17,41,141,199,1.3768844221105527,0.045265592538564325,654,Did I mispronounce Tomato?
6204,889,16,46,145,207,1.3768115942028984,0.04347826086956522,654,I think this soup has a bit too much going on for my taste.
6389,889,15,48,144,207,1.3768115942028984,0.04293549875052772,654,‘Locally sourced?’ It’s not even tornado season.
970,891,11,45,122,178,1.3764044943820224,0.0449933866206907,654,"No, I distinctly said ""tomato"" soup."
2059,891,14,39,125,178,1.3764044943820224,0.047062137178472734,654,I asked for FENNEL soup not funnel soup.
2385,891,15,37,126,178,1.3764044943820224,0.04773179996474256,654,"I ordered tomato,not tornado."
3014,891,15,37,126,178,1.3764044943820224,0.04773179996474256,654,Somebody in Kansas better like vishysoisse.
5641,891,10,47,121,178,1.3764044943820224,0.044282331324469994,654,You expect me to believe you only warmed it by four degrees?
5995,891,17,33,128,178,1.3764044943820224,0.04904370165486923,654,"Frankly, this soup is a real disaster."
4507,897,10,50,126,186,1.3763440860215055,0.04301075268817203,654,"I'm not in Kansas anymore, am I?"
5165,898,14,45,135,194,1.3762886597938144,0.044315484680228355,654,I read you put a new spin on the gazpacho.
1418,898,17,39,138,194,1.3762886597938144,0.046088068222171846,654,This wasn't what I meant when I said I wanted it to go.
5069,898,16,41,137,194,1.3762886597938144,0.04550487976523942,654,Chef prides himself on farm-to-table.
6502,901,20,36,146,202,1.3762376237623761,0.046397733057517924,654,Could I get a side of insurance?
2925,902,15,26,108,149,1.3758389261744965,0.05427198207188896,654,I thought you said wild fennel not wind funnel...
936,903,14,34,117,165,1.3757575757575757,0.04964881484323074,654,"Sir, I ordered tomato soup, to..ma..to."
2475,904,15,38,128,181,1.3756906077348066,0.04715771595568367,654,I thought you said this was a vegan soup? I just saw a cow fly by.
200,904,20,28,133,181,1.3756906077348066,0.05030692740748644,654,"No, I clearly said 'tomato' soup."
1261,904,15,38,128,181,1.3756906077348066,0.04715771595568367,654,"'Minestrone', not 'maelstrom'!"
3554,904,18,32,131,181,1.3756906077348066,0.04907150126878169,654,"Global warming, sir.  I'm afraid there's nothing we can do."
1375,908,16,39,134,189,1.3756613756613756,0.04634813199486633,654,I told you I was under an AC vent!
6188,908,14,43,132,189,1.3756613756613756,0.04511734432293046,654,I thought you said seasoned with FENNEL.
5821,910,16,42,139,197,1.3756345177664975,0.04500395532799507,654,You wrongly assured me this soup was vegan.  I just saw a witch on a bicycle and a cow fly by.
486,910,19,36,142,197,1.3756345177664975,0.04669848071666986,654,"When I said your hot noodle and cold gazpacho soup sounded like a recipe for disaster, I was speaking figuratively."
6621,912,14,41,129,184,1.375,0.045959646890659296,654,I thought you said ‘sprout’ not ‘spout.’
5183,912,18,36,138,192,1.375,0.046997549228740144,654,"I just want to double-check: It's gluten-free, right?"
4733,912,10,43,115,168,1.375,0.04600329453495233,654,I didn't come here for fast food
3773,912,14,32,114,160,1.375,0.050741359211112926,654,Clearly you don't understand the difference between a Catgeory 3 and a Category 4 bisque.
3747,912,24,24,144,192,1.375,0.050358661264949305,654,Farm Disaster to Table
3242,912,11,44,121,176,1.375,0.04531634835874829,654,"Is something wrong, sir?"
5523,912,17,38,137,192,1.375,0.04641370607582252,654,"Sir requested a game soup, this one's Twister."
2658,912,14,47,139,200,1.375,0.04337374098501507,654,"If you don't like the soup, just click your heels together three times..."
1350,912,15,39,130,184,1.375,0.046601348409210916,654,I thought it was fennel soup
1076,912,14,35,119,168,1.375,0.049004562091589224,654,This soup literally sucks
1038,912,15,39,130,184,1.375,0.046601348409210916,654,When you bring the main course I'll be hiding under the table.
808,912,12,42,122,176,1.375,0.046027236431340234,654,It's not blowing me away.
3153,912,19,40,149,208,1.375,0.044886723110036025,654,I think you misheard me. I ordered TOMATO bisque.
1086,925,18,43,150,211,1.3744075829383886,0.04390697192282675,654,I love ordering from the kids menu.
4694,926,13,47,135,195,1.3743589743589744,0.04352672280318827,654,"I like it. Tomato soup, but with a twist."
4588,926,11,51,133,195,1.3743589743589744,0.042294673539054244,654,"Yes, but is it kosher?"
3662,926,20,33,142,195,1.3743589743589744,0.04758836261862812,654,If I click my heals 3 times where do I go?
298,926,14,45,136,195,1.3743589743589744,0.04412985035201,654,"Well, it's over my soup, so technically it's a waterspout."
2755,930,15,40,132,187,1.374331550802139,0.04606185931626252,654,"Volcano cake for dessert, sir?"
5627,930,18,34,135,187,1.374331550802139,0.04789778598718305,654,"The menu did say ""farm-to-table"""
3130,932,17,30,124,171,1.3742690058479532,0.050469683763753784,654,You like tornado. I like tomato. Let's call the whole meal off.
4414,932,9,46,116,171,1.3742690058479532,0.0446854940934761,654,I swear I did not click my heels.
35,934,14,33,116,163,1.3742331288343559,0.05005933733534331,654,It's not blowing me away like the guy on yelp said.
2678,935,15,41,134,190,1.3736842105263158,0.045538463199127986,654,"Compliments to the chef, but I ordered the tournedos."
5898,936,13,42,127,182,1.3736263736263736,0.04563165334304093,654,I ordered the el nino.
3717,936,18,32,132,182,1.3736263736263736,0.04884477071596201,654,"No, I requested TOMATO soup!"
5249,938,11,43,120,174,1.3735632183908046,0.04564569013745219,654,The chef likes to put his own twist on the dish.
5951,938,16,33,125,174,1.3735632183908046,0.04915010547700476,654,"When you said the tournedos au poivre were impressive, you weren't exaggerating."
1408,940,16,49,152,217,1.3732718894009217,0.04202101677489878,654,Every time I wear a new tie...
5654,941,17,41,143,201,1.373134328358209,0.04489205554519633,654,This meal is designed to blow you away
2347,942,16,40,137,193,1.3730569948186528,0.0456257752356409,654,My soup spoon seems to have vanished  and I fear my other utensils may be at risk.
5401,942,19,34,140,193,1.3730569948186528,0.04736695540457311,654,"Waiter, I think my soup's not in Kansas anymore."
5962,942,21,30,142,193,1.3730569948186528,0.04849302214335463,654,I don't think this soup is in Kansas anymore.
5036,945,12,45,128,185,1.372972972972973,0.04445282453822381,654,I specifically ordered the category 3 soup.
697,946,14,35,120,169,1.3727810650887573,0.04876424187406752,654,The wine is excellent but the soup is a disaster.
1136,947,19,41,152,212,1.3726415094339623,0.0442432471565491,654,Could you bring another spoon with a chain attached?
1364,947,17,45,150,212,1.3726415094339623,0.0432208685208129,654,Could I have another napkin please ?
3344,949,21,34,149,204,1.3725490196078431,0.04653716140692363,654,I specifically asked for the Category 5.
2912,949,19,38,147,204,1.3725490196078431,0.04548754809320918,654,"Waiter, There is something OZ about my soup."
354,949,16,44,144,204,1.3725490196078431,0.04386606309106109,654,"Waiter, I thought you said the soup of the day was fennel!"
5810,952,17,39,140,196,1.3724489795918366,0.045696890145433156,654,There must have been some confusion....I ordered TOMATO soup.
428,953,12,46,130,188,1.372340425531915,0.04395930346401366,654,The cumin appears to be clashing with the fennel.
4173,953,14,42,132,188,1.372340425531915,0.045234930616849564,654,Climate change really is affecting our food.
6559,953,16,38,134,188,1.372340425531915,0.046475558466586984,654,I just wanted a TWIST of lemon.
5287,956,14,39,127,180,1.3722222222222222,0.04663110879667587,654,"In the Southern Hemisphere, it spins in the opposite direction."
4923,957,13,38,121,172,1.372093023255814,0.047437406958377455,654,There seems to be some misunderstanding. I ordered the tournedos.
1131,958,20,37,150,207,1.3719806763285025,0.0455200674696282,654,I dare you to describe this with a straight face
2591,959,10,41,113,164,1.3719512195121952,0.04670457534159954,654,This is a strange twist!
339,960,16,42,141,199,1.3718592964824121,0.04463001550359479,654,May I have a bib?
5625,960,16,42,141,199,1.3718592964824121,0.04463001550359479,654,"Garcon, there's a piece of vinyl siding swimming in my soup!"
6774,960,11,52,136,199,1.3718592964824121,0.04168985560310375,654,I tried to make it a little extra exciting since you’re dining alone.
5472,963,15,41,135,191,1.3717277486910995,0.045341644177195745,654,Is this disaster all-natural?
4580,963,11,49,131,191,1.3717277486910995,0.04284178209089106,654,Now I'm sorry I complained about the fly.
3720,963,17,37,137,191,1.3717277486910995,0.046541249431826026,654,Not what I expected when I said surprise me.
1455,963,12,47,132,191,1.3717277486910995,0.043480224168182514,654,Is there a milder option?
678,963,15,41,135,191,1.3717277486910995,0.045341644177195745,654,"I'm sure I said ""tomato""..."
285,963,16,39,136,191,1.3717277486910995,0.0459453620911125,654,"Could I get an extra napkin, please?"
2756,969,14,40,129,183,1.3715846994535519,0.04608371354623243,654,The chef likes to serve seasonal dishes.
5888,969,14,40,129,183,1.3715846994535519,0.04608371354623243,654,"So “with a twist” was literal, huh?"
6434,969,14,40,129,183,1.3715846994535519,0.04608371354623243,654,Sorry about that sir. Tonight has just been a whirlwind
6497,969,16,36,131,183,1.3715846994535519,0.04736884139353025,654,"Waiter, there's debris in my soup."
4008,973,14,37,124,175,1.3714285714285714,0.04755332081392024,654,"Correct me if I'm wrong, is that a barn flying in my soup?"
5112,973,11,43,121,175,1.3714285714285714,0.04543428205063056,654,I can't even imagine what your funnel cake must be like.
496,975,20,32,142,194,1.3711340206185567,0.04772433397882182,654,"This is going in my Review!
Review: The chicken was dry and overcooked, the lobster dish was disappointingly one dimensional, and the soup was an absolute natural disaster."
4860,976,19,31,136,186,1.3709677419354838,0.04863830942827909,654,"I’m very sorry, sir.  Perhaps a butterfly just flapped its wings in Asia."
4307,976,11,47,128,186,1.3709677419354838,0.04359706451010919,654,Today's soup has a twist.
1932,976,13,43,130,186,1.3709677419354838,0.04491045882012588,654,"You heard tornado, but I said potato."
2793,976,12,45,129,186,1.3709677419354838,0.04425863387709139,654,The chef's putting a new spin on soup.
4074,976,12,45,129,186,1.3709677419354838,0.04425863387709139,654,gotta say - I'd have preferred a fly
3942,981,15,49,149,213,1.3708920187793427,0.04201168972584947,654,"I honestly never send food back, but..."
4248,981,12,55,146,213,1.3708920187793427,0.040399373332704776,654,"You had a question about the funnel cake, sir?"
241,983,9,48,121,178,1.3707865168539326,0.04346746762451871,654,Compliments to the chef meteorologist.
5694,983,17,32,129,178,1.3707865168539326,0.04896182715380504,654,I distinctly remember ordering a Category 1.
655,985,13,47,137,197,1.3705583756345177,0.04316700845488803,654,I wouldn't really call this 'comfort' food.
308,985,14,45,138,197,1.3705583756345177,0.04376286082556812,654,"This is not what I envisioned when you said, ""Give it a whirl."""
2090,985,13,47,137,197,1.3705583756345177,0.04316700845488803,654,"Waiter, this soup is a Category 5 disaster."
4916,988,16,38,135,189,1.3703703703703705,0.04627096008287179,654,"Let's try again. You say potato, I say potahto. You say tornado, I say tournado?"
4409,989,18,41,149,208,1.3701923076923077,0.044299534140835456,654,Yes I stirred it. It's still too hot.
6105,990,15,37,129,181,1.3701657458563536,0.04707493569975865,654,"I'll just have a salad, and then I'm off to see the Wizard."
5261,990,16,35,130,181,1.3701657458563536,0.0477224991523018,654,"Ohhhh, you thought I said ""fennel"" soup."
3518,992,15,44,141,200,1.37,0.04387625357913667,654,"I told you I'm a tornado chaser, not a tornado taster!"
4311,992,15,44,141,200,1.37,0.04387625357913667,654,"Could I get some bread, plywood, and a hand-crank radio?"
457,994,11,46,127,184,1.3695652173913044,0.043892067376275795,654,Tempest de jour.
5570,994,19,30,135,184,1.3695652173913044,0.049006997750363546,654,"You say tornado, I say tomato. Let’s call the whole thing off."
1998,996,18,39,146,203,1.3694581280788178,0.04506863419149577,654,"At least the fly is gone, sir."
5151,997,18,29,129,176,1.3693181818181819,0.049998155219804934,654,You misunderstood. I said tomato soup.
5700,997,15,35,126,176,1.3693181818181819,0.048010523123358205,654,I asked the chef to add a little fennel
6095,997,17,31,128,176,1.3693181818181819,0.04934450790562859,654,I'd like to send back this bisque. It's turned.
2977,1000,12,48,135,195,1.3692307692307693,0.04283607758767909,654,What happened to my croutons?
4389,1000,17,38,140,195,1.3692307692307693,0.04581779145292471,654,This is a mistake. I ordered the tempest in a teapot.
4374,1000,21,30,144,195,1.3692307692307693,0.048070181922315734,654,You brought me the wrong drink. I ordered a hurricane.
2659,1000,12,48,135,195,1.3692307692307693,0.04283607758767909,654,That’s it?  The chef recommends sheltering in place?
3108,1000,16,40,139,195,1.3692307692307693,0.04523717408855789,654,How does that sound anything like 'tomato'?
3650,1000,17,38,140,195,1.3692307692307693,0.04581779145292471,654,"It's clever, but it will never replace the chocolate fountain."
5555,1006,14,34,120,168,1.369047619047619,0.04891139126161839,654,"Perhaps you’d prefer the funnel cake.

(Please underline the word “cake”.)"
338,1007,11,47,129,187,1.3689839572192513,0.043408651790970094,654,"I'm not a scientist, but I think there's a weather event in my soup."
1249,1008,12,42,125,179,1.3687150837988826,0.04539727774027769,654,It spins the opposite way in Australia.
5051,1008,10,46,123,179,1.3687150837988826,0.043992856567312846,654,"""This is why restaurants in trailer parks never succeed."""
5402,1010,13,44,133,190,1.368421052631579,0.044217421323864525,654,It's too much drama for a soup
5428,1010,17,43,149,209,1.368421052631579,0.0435981654544539,654,"I ordered the thai phoon, not the tornadolini."
6745,1010,14,35,122,171,1.368421052631579,0.04829015675293391,654,I know my wife ordered a mudslide but where is she?
1850,1010,15,40,135,190,1.368421052631579,0.045459541722348513,654,I need to speak with your meteorologist!
1314,1010,12,39,120,171,1.368421052631579,0.04684378656784827,654,I can only imagine the tempest in your teapot.
6071,1010,13,37,121,171,1.368421052631579,0.04757246881988074,654,On second thought I'll go for the mixed greens.
2068,1010,11,41,119,171,1.368421052631579,0.04610358869339477,654,"I'd say that's a little bit more than just""a twist on traditional clam chowder"""
6235,1010,18,41,150,209,1.368421052631579,0.04412263201519069,654,"I asked for this in a teapot"""
1731,1018,16,42,143,201,1.3681592039800996,0.044261833706046416,654,Can I order this to go?
5094,1019,11,38,114,163,1.3680981595092025,0.04763358277080807,654,-We call it the Dorothy special.
3340,1020,18,42,152,212,1.3679245283018868,0.04366868966994804,654,"I said a ""can of soup,"" not a ""Kansas soup!"""
53,1021,11,49,133,193,1.3678756476683938,0.04248362385640086,654,I'll pass on the soup thank you- it gives me terrible wind.
2095,1021,7,57,129,193,1.3678756476683938,0.039861871900075445,654,Looks like you've made enhancements to your farm-to-table offerings.
3324,1021,16,39,138,193,1.3678756476683938,0.04554909578372343,654,This dish will blow you away!
5125,1021,12,47,134,193,1.3678756476683938,0.04311415848791072,654,Should I say when?
6089,1025,20,24,130,174,1.367816091954023,0.05170013986435598,654,Can I trouble you for some more crackers? Mine blew away.
995,1026,14,47,143,204,1.3676470588235294,0.04267748226208006,654,I think the miniature red shoes are a tad over the top.
4214,1026,14,47,143,204,1.3676470588235294,0.04267748226208006,654,This is a new twist on the bisque!
1580,1028,13,42,130,185,1.3675675675675676,0.045024280368713136,654,"Yes, I come here regularly; there's no place like home. There's no place like home."
5753,1029,15,31,120,166,1.3674698795180722,0.05003990278866309,654,Now bring me salt and pepper and a tiny wicked witch.
6515,1030,15,42,139,196,1.3673469387755102,0.04446054948721928,654,"And what’s for dessert, the Milky Way?"
396,1030,12,48,136,196,1.3673469387755102,0.042658581662238716,654,I think I might have stirred my soup too fast.
294,1032,14,37,126,177,1.3672316384180792,0.04710750836205875,654,Do you have anything less political?
5815,1032,15,35,127,177,1.3672316384180792,0.04778408395553074,654,"Waiter, I could fly in my soup."
6225,1032,15,35,127,177,1.3672316384180792,0.04778408395553074,654,"Would  you like a bib,sir?"
1978,1035,15,46,146,207,1.3671497584541064,0.04279542380677363,654,"Our ingredients are locally sourced from the Gulf, sir."
1696,1036,19,31,138,188,1.3670212765957446,0.048199913389777437,654,'There's a little twist in the recipe.'
6819,1036,10,49,129,188,1.3670212765957446,0.04255852452643614,654,That’s quite a spin you put on the soup of the day.
3544,1038,11,40,118,169,1.3668639053254439,0.04644840295884055,654,"I believe I ordered fennel soup, not funnel soup."
1456,1039,15,43,141,199,1.3668341708542713,0.04398235589714804,654,"Frankly, I preferred the fly."
1006,1040,12,42,126,180,1.3666666666666667,0.0451908155223264,654,"It may be a natural disaster, but is it fresh?"
5324,1040,10,46,124,180,1.3666666666666667,0.04379569972852768,654,May I be moved to your basement section ?
1928,1040,13,51,146,210,1.3666666666666667,0.041273492427772424,654,This won’t make my stomach turn will it?
4087,1043,14,42,135,191,1.3664921465968587,0.04464907093501669,654,"Yes, I think I will need more croutons."
4458,1043,12,46,133,191,1.3664921465968587,0.04339719269003623,654,Quick! To the wine cellar!
3569,1043,15,40,136,191,1.3664921465968587,0.045262027532493074,654,I'm afraid there's a mix up. I ordered the fennel soup.
3015,1043,16,38,137,191,1.3664921465968587,0.045866793405950776,654,"On second thought, I'd prefer indoor seating."
1525,1047,15,44,143,202,1.3663366336633664,0.04351753555087224,654,"Kudos to the chef for sourcing what's in season."""
1584,1047,12,50,140,202,1.3663366336633664,0.041785163979508516,654,Wait until you try the soup.  It will blow you away!
3499,1047,20,34,148,202,1.3663366336633664,0.04626088181678395,654,I ordered the Tsunami bowl
561,1050,14,35,123,172,1.3662790697674418,0.04805633940765861,654,Our special has taken the restaurant by storm.
4345,1050,8,47,117,172,1.3662790697674418,0.043605217821242104,654,Isn’t this served with ruby slippers?
4143,1052,16,35,132,183,1.366120218579235,0.04728564078821429,654,There's been a misunderstanding. I ordered the Tempest in a Teacup.
6541,1052,14,39,130,183,1.366120218579235,0.04599818848604602,654,"Sir, I warned you not to blow on the soup"
1081,1054,16,39,139,194,1.365979381443299,0.045353358034720286,654,I  distinctly said 'calm chowder'!
558,1055,13,34,117,164,1.3658536585365855,0.04894853591610554,654,"I wanted upscale dining with a twist, not a twister!"
4059,1055,16,28,120,164,1.3658536585365855,0.051189933244652534,654,There's a metaphor in my miso.
4951,1055,13,49,143,205,1.3658536585365855,0.041940318670927394,654,"So this is what you meant by ""Category Pho"""
3860,1058,13,53,150,216,1.3657407407407407,0.04048225690426496,654,Could I be seated at another table? I feel a draft.
1269,1059,15,38,133,186,1.3655913978494623,0.046103564395742154,654,I asked for *tournedos*.
6424,1059,14,40,132,186,1.3655913978494623,0.04546884660099202,654,Global warming certainly is getting harder to ignore.
5320,1061,13,50,145,208,1.3653846153846154,0.0415217013409333,654,But you ordered “something with a twist in it”.
6696,1061,17,42,149,208,1.3653846153846154,0.04370190174210137,654,"No, no! I ordered the martini with a twist!"
2614,1063,12,37,118,167,1.3652694610778444,0.04756481036578198,654,"So this is why you call it ""Kansas chicken soup""?"
2340,1064,13,39,126,178,1.3651685393258426,0.04620562570872211,654,"So is this climate, or weather?"
2961,1064,12,41,125,178,1.3651685393258426,0.045513513103975056,654,I’ll tell you the problem.  You forgot the spoon.
5498,1064,10,45,123,178,1.3651685393258426,0.04409671111237305,654,This used to be a seasonal dish but now it’s on the menu year-round.
938,1067,15,39,135,189,1.3650793650793651,0.04557706712686855,654,"I ordered Thai food, not typhoon."
1390,1067,10,49,130,189,1.3650793650793651,0.04237726508681117,654,"I think you may have misheard me. I ordered tomato,not tornado."
1847,1067,17,35,137,189,1.3650793650793651,0.046795765070642543,654,"I asked for luke warm, not global warm."
3292,1067,9,51,129,189,1.3650793650793651,0.04170785664485794,654,Can't wait to see what the chef whips up for dessert!
5233,1067,14,41,134,189,1.3650793650793651,0.04495533069122325,654,"I don't usually send things back, but I think I just saw a flying cow in my soup."
218,1072,16,41,143,200,1.365,0.04437024445464353,654,"Well, frankly, I preferred the fly."
6726,1073,9,48,124,181,1.3646408839779005,0.0428903915374133,654,It's flown in fresh daily.
2027,1073,16,34,131,181,1.3646408839779005,0.047637140611794186,654,This is a tornado in a tureen. I ORDERED the tempest in a teapot.
5818,1075,18,34,140,192,1.3645833333333333,0.04684620746515697,654,"Excuse me, but I ordered mine counter-clockwise."
522,1076,20,34,149,203,1.3645320197044335,0.04606779127030945,654,""" It's the chef 's idea to welcome tourists to Oklahoma."""
6437,1076,14,46,143,203,1.3645320197044335,0.04277383886298062,654,"Excuse me, but I believe I ordered the beef tornadoes."
1830,1078,9,37,105,151,1.3642384105960266,0.04835797685702962,654,Climate change is affecting everything
3943,1079,10,39,113,162,1.3641975308641976,0.046958054462280074,654,The chowder appears to be a bit turbulent today sir. Would you prefer a more tranquil bisque?
4260,1079,15,29,118,162,1.3641975308641976,0.05087696000539037,654,"Sir, I believe the chef forgot the flying cow."
900,1081,16,31,126,173,1.3641618497109826,0.04920998523130087,654,Too late to get it to go?
2232,1082,13,41,130,184,1.3641304347826086,0.04513754383870306,654,And for dessert I’ll have the Polar Vortex.
48,1083,16,39,140,195,1.3641025641025641,0.04515919441602635,654,This is why we always ask our guests not to stir their soup counterclockwise and blow on it at the same time.
803,1083,13,45,137,195,1.3641025641025641,0.043367598019591114,654,You’re still in Kansas. It’s just how we serve our soup.
5482,1083,13,45,137,195,1.3641025641025641,0.043367598019591114,654,Last week it was a tempest in a teapot.
5668,1083,12,47,136,195,1.3641025641025641,0.04275371871409124,654,It twirls the other way in the southern hemisphere.
6526,1087,11,42,123,176,1.3636363636363635,0.045128702217906644,654,"Sir, the menu did specify tomato soup with a twist."
4524,1087,11,42,123,176,1.3636363636363635,0.045128702217906644,654,May I have the soup with the fly instead?
4376,1087,14,44,140,198,1.3636363636363635,0.04350267510835259,654,I think I stirred my soup too fast.
513,1087,20,24,132,176,1.3636363636363635,0.0511958528426676,654,I distinctly ordered the tempest in a teapot.
1232,1087,17,38,143,198,1.3636363636363635,0.045236105385308645,654,What do you mean 'Why are you sending this back?'
106,1087,17,42,150,209,1.3636363636363635,0.04352742197758161,654,"Waiter, there's a Rapture in my soup."
4156,1087,17,34,136,187,1.3636363636363635,0.047134167942292055,654,It's supposed to be in a teapot.
3373,1094,17,35,138,190,1.3631578947368421,0.04658846092392744,654,I thought 'funnel purée' was a typo
499,1095,19,27,133,179,1.3631284916201116,0.04991884948228925,654,I asked for the tempest in a teapot.
3118,1095,17,31,131,179,1.3631284916201116,0.048645145044081205,654,I wanted it in a teapot.
4064,1095,10,45,124,179,1.3631284916201116,0.04389709837671013,654,Now I see what the Zagat review meant about the bisque causing quite a stir.
5083,1095,16,33,130,179,1.3631284916201116,0.04799561894300169,654,"I said, ""kale soup,"" not gale soup."
6535,1099,15,36,131,182,1.3626373626373627,0.04677244021904243,654,"Excuse me, I ordered the funnel cake, not the funnel cloud."
1384,1099,13,40,129,182,1.3626373626373627,0.04545586461892152,654,"I said ""tournedos."""
5828,1101,15,32,124,171,1.3625730994152048,0.04890281138838091,654,"Yes, but I THOUGHT it said 'Tournedos' of beef..."
4317,1101,11,40,120,171,1.3625730994152048,0.046003121233998294,654,Would you mind turning down the air conditioning just a bit?
1511,1103,20,35,152,207,1.3623188405797102,0.04538297729050119,654,I actually ordered the tempest in a teapot.
778,1104,12,47,137,196,1.3622448979591837,0.0425755745224383,654,This soup will blow you away.
798,1105,12,43,130,185,1.3621621621621622,0.0442774393056662,654,I think I blew too hard.
2967,1105,14,39,132,185,1.3621621621621622,0.04558509015706716,654,Be careful. The plate’s hot
6593,1105,19,29,137,185,1.3621621621621622,0.04870084678453147,654,"Waiter, the eye is in my soup!"
160,1108,16,31,127,174,1.3620689655172413,0.048971094205157883,654,I changed my mind about the Oreo blizzard.
574,1108,16,31,127,174,1.3620689655172413,0.048971094205157883,654,I've a feeling we're not in Kansas anymore.
1726,1108,10,43,121,174,1.3620689655172413,0.044716031345802314,654,"Yes, I'll mention it to the chef."
4901,1108,14,35,125,174,1.3620689655172413,0.04759502633195921,654,Can I be moved? I feel a draft.
6167,1108,14,35,125,174,1.3620689655172413,0.04759502633195921,654,"Waiter, this can't be kosher."
836,1113,15,46,149,210,1.361904761904762,0.04229011490323722,654,I may have blown on it too hard.
4800,1113,18,40,152,210,1.361904761904762,0.0438766363614202,654,Category Phó ?
6644,1115,16,40,143,199,1.3618090452261307,0.0444783047851597,654,Don't you think you're overdoing the farm-to-table craze?
2176,1116,12,44,132,188,1.3617021276595744,0.04378687280234268,654,"I've heard of farm-to-table, but this is ridiculous!"
2974,1117,11,42,124,177,1.3615819209039548,0.04492001861200432,654,It's a twist on a classic.
6393,1117,15,34,128,177,1.3615819209039548,0.047692907372626374,654,"Sir, that is not a tornado since it is not over land. I would suggest it is a waterspout or, more precisely, a soup-spout."
3890,1119,11,38,117,166,1.3614457831325302,0.04692565683627859,654,This is really a new spin on soup!
3932,1119,12,36,118,166,1.3614457831325302,0.04769734394747745,654,I ordered F5...this is barely F3
924,1121,16,41,145,202,1.3613861386138615,0.044003733390671824,654,It's supposed to have bacon. Where's the bacon?
2786,1121,18,37,147,202,1.3613861386138615,0.045109265863404774,654,May I offer you a seat in our cellar?
719,1123,19,31,141,191,1.361256544502618,0.04755623447632662,654,There must be some mistake. I ordered tournedos.
3539,1123,12,45,134,191,1.361256544502618,0.04331067109412293,654,I swear. I didn’t even stir it.
371,1125,15,35,130,180,1.3611111111111112,0.047116671023357884,654,"May I assume sir, that following the Cyclone Bisque you would like our Tournedos de Bouef?"
492,1125,14,50,152,216,1.3611111111111112,0.04093895092854097,654,I don't have time to wait until this passes through.
2492,1127,17,40,148,205,1.3609756097560977,0.0440880290015849,654,And stop calling me Dorothy!
402,1128,13,35,121,169,1.3609467455621302,0.04784090364080714,654,I ordered the Tournedos of Beef.
4215,1129,13,40,130,183,1.360655737704918,0.045250200612613395,654,"So, you're saying we're still in Kansas?"
5679,1130,16,30,126,172,1.3604651162790697,0.04935706682860474,654,I think I'd rather have the one that had the fly in it.
1753,1131,18,31,137,186,1.3602150537634408,0.047874190750477046,654,I would like to cancel my crème brulée.
4585,1131,12,43,131,186,1.3602150537634408,0.04408176842421663,654,Really it's all been a disaster.
284,1133,15,33,127,175,1.36,0.048055796798214985,654,I'd like to reconsider the baked Alaska.
629,1133,13,37,125,175,1.36,0.04666901237360557,654,But I ordered the Tempest in a Teapot.
1318,1133,12,39,124,175,1.36,0.045959931145900995,654,"Tempests are served in teapots, not soup bowls, you oaf!"
5680,1133,17,29,129,175,1.36,0.049403668850551065,654,I‘m pretty sure I didn‘t order it with a twist.
4124,1137,13,42,134,189,1.3597883597883598,0.04423744163152584,654,Are you saying this is what the reviews meant by 'phenomenal atmosphere'?
4019,1138,16,50,162,228,1.3596491228070176,0.040408296595658956,654,Can you take it away?  It's already sucked in my wallet.
59,1139,14,36,128,178,1.3595505617977528,0.04679425613595602,654,I’m gonna need more crackers.
1330,1139,18,28,132,178,1.3595505617977528,0.04943300815844315,654,This usually comes in a teapot.
4063,1141,15,39,138,192,1.359375,0.044982521874775534,654,"Yeah? Well, you say tomato and I say tornado. Tomato, tornado... let's call the whole thing off."""
829,1141,16,37,139,192,1.359375,0.04558469914378802,654,The soup's way too hot; the room's way too cold. What did you expect?
55,1143,12,36,119,167,1.3592814371257484,0.04746024721533159,654,No...I ordered the water sprouts.
1125,1143,11,38,118,167,1.3592814371257484,0.04669400602698027,654,Now do you believe in climate change?
2760,1143,9,42,116,167,1.3592814371257484,0.04512250508407338,654,I thought the tournedo would be beefier and less windy.
2515,1146,16,33,132,181,1.3591160220994476,0.047548062519320256,654,I said tomato. TO-MA-TO!
2011,1147,17,36,142,195,1.358974358974359,0.045660713274809195,654,"Yes, sir, it's so hot that it forms its own weather system."
6161,1148,14,47,148,209,1.3588516746411483,0.04183578485914741,654,"My apologies, I thought I heard 'tornado bisque'"
6788,1149,9,43,118,170,1.3588235294117648,0.04458563710496658,654,Excuse me. I thought I had ordered the TOMATO soup.
1065,1150,18,30,136,184,1.358695652173913,0.04823016623971829,654,"Perhaps I pronounced Tournedos incorrectly, but this is not what I had in mind."
1000,1151,17,28,128,173,1.3583815028901733,0.0497946943788021,654,To be authentic Tasmanian Devil soup should  be spinning clockwise
1398,1151,19,24,130,173,1.3583815028901733,0.05112668831960157,654,"I ordered the salami, not the tsunami."
1514,1151,17,28,128,173,1.3583815028901733,0.0497946943788021,654,The chef recommends you eat it under the table.
6586,1154,16,35,136,187,1.358288770053476,0.04643418987157308,654,Tell the chef that global warming is not an excuse.
4411,1154,18,31,138,187,1.358288770053476,0.047656437147194704,654,Not only does this soup suck. It blows!
3341,1156,14,44,143,201,1.3582089552238805,0.04296503125847584,654,The chef put a new twist on it.
6355,1156,13,46,142,201,1.3582089552238805,0.04238210314815336,654,I think I may need a couple dozen more napkins...
6764,1156,14,44,143,201,1.3582089552238805,0.04296503125847584,654,I never said I wanted it to go.
97,1159,16,31,129,176,1.3579545454545454,0.048499853941527164,654,"Waiter, there's an F1 in my soup!"
934,1159,11,41,124,176,1.3579545454545454,0.04502844109753461,654,The review said this comes with hail. And a cow.
1335,1161,14,40,136,190,1.3578947368421053,0.04467250111358395,654,I ordered a Category 2 soup.
1225,1162,11,51,142,204,1.357843137254902,0.040782648900926276,654,"Î'd rather stir it myself,  thanks."
2947,1162,17,39,148,204,1.357843137254902,0.044192709039188295,654,"No, I ordered a tempest in a teapot."
3916,1162,16,41,147,204,1.357843137254902,0.043642872866956554,654,"Waiter, there's something flying in my soup."
2972,1165,8,48,123,179,1.3575418994413408,0.04233966215343669,654,"It looks delicious, but I ordered fennel."
6866,1165,19,26,134,179,1.3575418994413408,0.04983096102107397,654,Doesn't this usually come with a chaser?
461,1167,11,47,135,193,1.3575129533678756,0.042308827317697195,654,"May I have a bib, please?"
6721,1168,16,38,142,196,1.3571428571428572,0.04488487512127014,654,Can I take this to go instead?
5879,1168,14,37,131,182,1.3571428571428572,0.046026535139099496,654,I'd like a side order of hail.
4818,1168,10,45,127,182,1.3571428571428572,0.043308092376949686,654,Kindly inform the chef: his high pressure cooker appears to be colliding with a low pressure system off the Gulf.
665,1168,12,46,138,196,1.3571428571428572,0.04248926358061803,654,"I know I’ve had a few glasses of wine, but I believe my food is spinning."
2680,1168,16,33,133,182,1.3571428571428572,0.047327238168954434,654,Well I am sure there was a fly in my soup just a moment ago!
1904,1168,16,33,133,182,1.3571428571428572,0.047327238168954434,654,"I'm sorry, but I ordered the aurora borealis."
3575,1168,13,39,130,182,1.3571428571428572,0.04536219978148847,654,I’m detecting hints of cold dry polar air mixed with warm moist tropical air.
4958,1175,15,46,152,213,1.3568075117370892,0.04179583021359248,654,"You're right, I wasn't able to predict that."
1059,1176,19,33,147,199,1.35678391959799,0.046080952493905925,654,I believe I ordered “TOMATO” soup.
516,1176,13,45,141,199,1.35678391959799,0.04264857693257127,654,"Waiter, I distinctly ordered the fennel soup, not the funnel soup."
1051,1176,15,41,143,199,1.35678391959799,0.04382258326286617,654,I asked for fennel soup. With tournados of beef as my entree.
2558,1176,14,43,142,199,1.35678391959799,0.04323956474228371,654,May I also recommend the tournados of beef?
5237,1180,9,48,128,185,1.3567567567567567,0.04214227136338895,654,It's a bit too strong for a category 2 bisque
2224,1181,16,29,126,171,1.3567251461988303,0.049503821551367004,654,What happened to the little houses that I ordered with this soup?
2108,1181,16,29,126,171,1.3567251461988303,0.049503821551367004,654,I ordered it shaken not stirred...
1552,1183,12,48,142,202,1.3564356435643565,0.04162143754640803,654,I thought it might cool faster if I stirred it.
2545,1183,18,36,148,202,1.3564356435643565,0.04503216635565705,654,"Excuse me, but there's a fly in the eye of my soup."
1946,1185,11,45,132,188,1.3563829787234043,0.043039307229789686,654,But I ordered a funnel 'cake' !
5757,1185,16,35,137,188,1.3563829787234043,0.04622584162560055,654,I meant to order fennel soup
4258,1187,15,32,127,174,1.3563218390804597,0.04819099639951628,654,"Excuse me,  I ordered the tournedos."
4996,1187,17,28,129,174,1.3563218390804597,0.049550516345329323,654,I ordered the tempest in the tea pot.
105,1189,15,43,147,205,1.3560975609756099,0.0429108487275303,654,We had come complaints when it was served in a teacup
4195,1189,13,47,145,205,1.3560975609756099,0.04178149019857127,654,I said tomato. TOMATO soup.
4302,1189,16,41,148,205,1.3560975609756099,0.04346452514601799,654,Very sorry sir—just another unintended consequence of climate change.”
6750,1189,16,41,148,205,1.3560975609756099,0.04346452514601799,654,You can really taste the atmospheric instability.
5584,1193,16,36,139,191,1.356020942408377,0.045699781065393734,654,"Never mind, it seems the itsy bitsy spider went up the waterspout."
1977,1194,10,43,124,177,1.3559322033898304,0.044096924512836234,654,Send my compliments to Glinda.
3354,1195,10,38,115,163,1.3558282208588956,0.046608024305307916,654,Yes I need a spoon and a weather report would have been nice too!
6154,1196,16,42,150,208,1.3557692307692308,0.04301688462192617,654,I assume this was sustainably harvested.
794,1197,17,30,133,180,1.3555555555555556,0.048325288113718286,654,Wasn't there a better way to remove the fly?
1005,1197,16,32,132,180,1.3555555555555556,0.0476787187835736,654,You say it's Auntie Em's famous recipe?
1453,1197,10,44,126,180,1.3555555555555556,0.04359840302417468,654,You really meant it when you said this soup would blow me away!
5331,1197,15,34,131,180,1.3555555555555556,0.04702325997219148,654,"I think you misheard me. I said 'tomato,' not 'tornado.'"
1867,1201,13,33,120,166,1.355421686746988,0.04834996270005834,654,How did you get your mustache to match your hair like that?
5935,1201,14,31,121,166,1.355421686746988,0.049099269273837634,654,I think there's been a mistake. I ordered the tournedo de boeuf.
65,1203,13,39,131,183,1.355191256830601,0.04515583095700101,654,"Who's your sous chef, The Wicked Witch of the West?"
4657,1203,13,39,131,183,1.355191256830601,0.04515583095700101,654,I specifically asked for no spouts.
5860,1203,17,31,135,183,1.355191256830601,0.04774144982010588,654,Can you let the server with the ruby slippers know that I'll take the check?
2512,1206,16,39,145,200,1.355,0.044211403972346665,654,"Waiter, I order tournedo of beef, not tornado of soup."
6823,1207,18,30,138,186,1.3548387096774193,0.04778762628992129,654,Pretty unusual to see a soup spout this time of year.
2165,1208,18,36,149,203,1.354679802955665,0.04484417143760037,654,"Waiter, this soup is a disaster waiting to happen"
4922,1209,12,37,123,172,1.3546511627906976,0.04641590517141801,654,Is this tornado locally sourced?
2411,1210,17,39,150,206,1.354368932038835,0.043831169204385456,654,I ordered the Vesuvius
3185,1210,12,49,145,206,1.354368932038835,0.0410411124280735,654,I thought I ordered a hurricane.
5115,1212,14,34,127,175,1.3542857142857143,0.047268330807733044,654,Chef Dorothy says that this always happens when guests wish they were home.
6210,1212,14,34,127,175,1.3542857142857143,0.047268330807733044,654,We’ve run out of sparklers. Happy Birthday sir.
6531,1212,9,44,122,175,1.3542857142857143,0.043656475721138274,654,I’d prefer it in a teapot.
2148,1215,13,42,137,192,1.3541666666666667,0.04366395386108562,654,Excuse me.  I ordered tournedos of beef.
1302,1216,12,45,138,195,1.353846153846154,0.042578973098956426,654,"On second thought, maybe I’ll have the salad."
5451,1216,15,39,141,195,1.353846153846154,0.04440240120170617,654,"Waiter, there's a funnel in my soup."
6675,1218,14,36,131,181,1.3535911602209945,0.046143531160406356,654,I asked for fennel soup - and funnel cake.
6573,1218,12,40,129,181,1.3535911602209945,0.04479342317284229,654,"Oui monsieur, the winds are local."
6230,1218,17,30,134,181,1.3535911602209945,0.04809768737233105,654,"This is not what I ordered...this is neither a tempest, nor is it in a teapot."
2787,1218,15,34,132,181,1.3535911602209945,0.046803982973208876,654,"I said umami, not tsunami."
5542,1218,9,46,126,181,1.3535911602209945,0.042688273529462674,654,So far it's wrecked two trailers and my appetite.
1501,1218,14,36,131,181,1.3535911602209945,0.046143531160406356,654,"Ah yes sir,  the menu quite was clear that it was soup du jour with a twist"
280,1218,13,38,130,181,1.3535911602209945,0.04547348803144925,654,"Waiter, there are flies in my tornado"
149,1218,12,40,129,181,1.3535911602209945,0.04479342317284229,654,I’ve changed my mind. I’ll take the salad.
1824,1218,12,40,129,181,1.3535911602209945,0.04479342317284229,654,Please inform the chef that the vortex is a bit overdone.
3968,1227,12,46,140,198,1.3535353535353536,0.042135882952940414,654,"Her name is Dorothy, and she'll be here soon."
6786,1227,18,34,146,198,1.3535353535353536,0.045640745063152,654,You misunderstood me. I ordered TOMATO soup.
1648,1229,16,27,124,167,1.3532934131736527,0.050305928166846176,654,Will this dish give me wind?
1762,1230,12,41,131,184,1.3532608695652173,0.04428561116578994,654,Here's a fun fact...it spins the other way below the equator.
3883,1230,12,41,131,184,1.3532608695652173,0.04428561116578994,654,"I believe I ordered the eye of the round, not the eye of the storm."
5416,1232,13,45,143,201,1.3532338308457712,0.042297335933994595,654,"I distinctly requested ""Category 2""!"
5423,1232,11,49,141,201,1.3532338308457712,0.04110428371290517,654,Is this a seasonal menu item?
6383,1234,15,30,125,170,1.3529411764705883,0.04894413496104963,654,"Pardon me, but I believe I ordered the tempest in a teapot."
6812,1234,13,40,134,187,1.3529411764705883,0.04444466993801463,654,"Nonetheless, I remain skeptical about climate change"
2847,1234,15,42,147,204,1.3529411764705883,0.043004898675688005,654,"Potato, potāto, tomato tornādo?"
158,1234,11,38,121,170,1.3529411764705883,0.046011669932619584,654,I never got my side of hail.”
1333,1234,16,40,148,204,1.3529411764705883,0.043562787907194526,654,I’ll have the tempest in a teapot as well.
13,1234,18,30,139,187,1.3529411764705883,0.0475692518044704,654,I think it may have turned...
572,1240,18,31,141,190,1.3526315789473684,0.04701436416136299,654,"Yes, but I ordered a tempest in a teacup."
2076,1240,14,39,137,190,1.3526315789473684,0.04458218553805613,654,Ask the bartender when my Hurricane is coming.
202,1242,17,27,129,173,1.3526011560693643,0.04969706911456713,654,Take this back. I asked for my tempest in a teapot.
6521,1243,17,40,153,210,1.3523809523809525,0.043203833046148346,654,"And how are you enjoying the Tsupnami, sir?"
1969,1244,12,44,137,193,1.3523316062176165,0.042850659823534004,654,Let the chef know I only want my salad gently tossed.
3187,1244,12,44,137,193,1.3523316062176165,0.042850659823534004,654,What seems to be the problem sir?
3787,1244,11,46,136,193,1.3523316062176165,0.0422161897992192,654,"Yes, that is the Wizard of Osso Bucco"
4636,1244,17,34,142,193,1.3523316062176165,0.0458916210005148,654,"This is definitely gluten free, right?"
6439,1248,15,32,129,176,1.3522727272727273,0.047727272727272736,654,I distinctly remember ordering the tempest in a teapot.
6854,1248,14,34,128,176,1.3522727272727273,0.04704208219295152,654,"No, no, I said “tournedos”."
3596,1248,14,34,128,176,1.3522727272727273,0.04704208219295152,654,"What culinary ""event"" does the chef predict for the main course?"
411,1251,12,45,139,196,1.3520408163265305,0.04239962866059677,654,No.  I ordered the tournedos of beef.
586,1251,19,31,146,196,1.3520408163265305,0.04651912377567816,654,"For dessert, I'll have the tempest in a teapot."""
5996,1251,14,41,141,196,1.3520408163265305,0.043616347371953204,654,Perhaps you would prefer the tournedos of beef.
6458,1251,18,33,145,196,1.3520408163265305,0.045953239854222144,654,"Excuse me, could you ask the chef to reduce this to a Category 4?"
663,1255,12,39,128,179,1.3519553072625698,0.04510667638136217,654,Is it too late to get the salad?
740,1255,12,39,128,179,1.3519553072625698,0.04510667638136217,654,Force majeure soup du jour?”
3056,1255,12,39,128,179,1.3519553072625698,0.04510667638136217,654,My croutons seem to have taken shelter in the basement.
3725,1255,12,39,128,179,1.3519553072625698,0.04510667638136217,654,Are you sure that your cream of vortex is trailer-free?
4956,1255,15,33,131,179,1.3519553072625698,0.047147898681559115,654,Good Lord man! Not TORNADO SOUP! I said TOMATO SOUP!
6254,1255,19,25,135,179,1.3519553072625698,0.04973939228255676,654,There really are easier ways to influence my vote on the climate change bill.
6523,1261,14,42,143,199,1.3517587939698492,0.04315394468097461,654,I thought this only came in a teapot.
5943,1261,15,40,144,199,1.3517587939698492,0.04373810451148187,654,I think I'm going to need a napkin.
77,1261,12,46,141,199,1.3517587939698492,0.041961235111364736,654,"No, I ordered the 'Tournedos' Rossini."
1492,1261,13,44,142,199,1.3517587939698492,0.04256176801778707,654,I never expected climate change to effect me personally.
5566,1265,14,36,132,182,1.3516483516483517,0.04593040268750022,654,I asked for extra fennel. Not extra funnel!
5574,1265,14,36,132,182,1.3516483516483517,0.04593040268750022,654,I told you this soup would blow you away.
5610,1265,17,30,135,182,1.3516483516483517,0.04787212335713961,654,Do I look like Dorothy to you?
1202,1268,19,27,139,185,1.3513513513513513,0.04852772541572051,654,No...... I asked for tomato.
4256,1268,17,31,137,185,1.3513513513513513,0.04730149385445008,654,I believe I said tournedos.
4853,1268,16,33,136,185,1.3513513513513513,0.0466762992779214,654,And this is the last time I ask for a local dish in Oklahoma!
6629,1271,12,48,145,205,1.351219512195122,0.04112019309652305,654,"Oh, I would suggest the Maelstrom Malbec."
84,1271,13,46,146,205,1.351219512195122,0.041697653266666974,654,"The excess calories are being removed for you, sir."
6068,1273,14,31,123,168,1.3511904761904763,0.04860462462227389,654,"My compliments to the chef. He's from Kansas, right?"
5993,1274,15,36,137,188,1.351063829787234,0.04551502574295813,654,"My bill and a FEMA application form, please!"
1490,1274,19,28,141,188,1.351063829787234,0.047949710553058016,654,"Waiter, there's some flying in my soup."
4654,1274,14,38,136,188,1.351063829787234,0.044885724623171294,654,"Your soup has been given a modern spin, yet remains simple and sublime."
4622,1277,15,37,139,191,1.350785340314136,0.04500310212477504,654,"Another napkin, please."
81,1277,13,41,137,191,1.350785340314136,0.04376135279980401,654,"You said it would blow me away, but it does not."
1970,1277,12,43,136,191,1.350785340314136,0.043127072679198915,654,"Waiter, there's a farmhouse from Kansas in my soup."
2154,1277,16,35,140,191,1.350785340314136,0.045611301251388785,654,"No; I said I wanted my DRINK with a ""TWIST."
6070,1277,16,35,140,191,1.350785340314136,0.045611301251388785,654,Perhaps you should check the definition of 'amuse-bouche'.
2667,1282,14,33,127,174,1.3505747126436782,0.04739403292410726,654,"Global warming, sir."
4814,1282,8,45,121,174,1.3505747126436782,0.042983133302258114,654,"I thought today’s soup was tomato, not tornado."
4556,1284,14,40,140,194,1.3505154639175259,0.04390193206763942,654,"When I asked to be blown away by my meal, this wasn’t what I meant."
5817,1284,14,40,140,194,1.3505154639175259,0.04390193206763942,654,"You say Tornado, I say Tournedo, Let's call the whole thing off..."
5248,1284,14,40,140,194,1.3505154639175259,0.04390193206763942,654,"I""m gonna need a bigger bib"
677,1287,13,36,128,177,1.3502824858757063,0.04612712925189333,654,Can I get the old classic without the new spin?
1695,1287,15,32,130,177,1.3502824858757063,0.04749857601861792,654,I just assumed someone misspelled “fennel” on the menu.
470,1287,16,30,131,177,1.3502824858757063,0.04816965911426197,654,"Excuse me, I ordered the tempest in a teapot."
3741,1290,16,37,144,197,1.350253807106599,0.0446078506141543,654,Could I get more crackers?
549,1291,13,37,130,180,1.35,0.045584009523852095,654,Clearly the chef has one twisted sense of humor.
592,1291,11,41,128,180,1.35,0.04420130576588278,654,What weather event does the steak come with?
2014,1291,12,32,116,160,1.35,0.04872590518890323,654,I asked for BEEF tournadoes!
4468,1291,11,41,128,180,1.35,0.04420130576588278,654,"Impressive, although I heard D'Angelo's has a category 5 pasta e fagioli"
4928,1291,18,34,148,200,1.35,0.045251946847261026,654,I clearly ordered fennel.
6399,1296,12,47,144,203,1.3497536945812807,0.04136606974567672,654,"I can see that, but I would still like a spoon please."
440,1297,13,38,132,183,1.349726775956284,0.04505762250082869,654,Looks like we're not in Kansas anymore.
1093,1297,14,36,133,183,1.349726775956284,0.04571912713300958,654,"Actually, I asked for ""tomato"" soup."
3100,1299,12,41,133,186,1.3494623655913978,0.04388995321170083,654,"The menu said the soup was an F5, this is an F3 at best."
1927,1299,11,43,132,186,1.3494623655913978,0.043222741168943556,654,I’m pretty sure I ordered tournedos.
547,1299,10,45,131,186,1.3494623655913978,0.0425450668748997,654,The giant pepper grinder bit wasn't pretentious enough?
1575,1302,13,47,149,209,1.3492822966507176,0.04111932026319608,654,I asked for the twister as a side.
3576,1302,14,45,150,209,1.3492822966507176,0.04167499398753743,654,"Impressive, but how am I supposed to Instagram this?"
4914,1302,12,49,148,209,1.3492822966507176,0.040556033755204585,654,You’re sure this pairs well with the rosé?
441,1305,16,34,139,189,1.3492063492063493,0.045928566424283813,654,Someone needs to teach the new chef how to use a metaphor.
4955,1306,14,39,139,192,1.3489583333333333,0.044192566967801356,654,"If you don't mind, I'd rather stir it myself."
4724,1307,13,34,125,172,1.3488372093023255,0.047035671507783344,654,We weren't in Kansas in the first place.
447,1307,14,32,126,172,1.3488372093023255,0.04775305068990309,654,Send the check to FEMA please.
2664,1307,8,44,120,172,1.3488372093023255,0.04327074201081306,654,"I thought you said ""TOMATO"" bisque!"
3312,1307,11,38,123,172,1.3488372093023255,0.045567043816550114,654,I believe I ordered the tournedos
4220,1307,14,32,126,172,1.3488372093023255,0.04775305068990309,654,Did you save room for funnel cake?
5071,1307,6,48,118,172,1.3488372093023255,0.04166963165373121,654,"A rather blustery vichyssoise tonight, wouldn’t you say?"
2018,1313,14,40,141,195,1.3487179487179488,0.043713186841777114,654,"You just can’t escape climate change, can you?"
857,1314,11,39,125,175,1.3485714285714285,0.04502768455362601,654,"On second thought, I don’t need the pepper."
4427,1314,13,35,127,175,1.3485714285714285,0.04646348314799946,654,I specifically asked for Cream of TOMATO soup!!!
2960,1314,11,39,125,175,1.3485714285714285,0.04502768455362601,654,"Actually, I ordered the funnel cake."
3202,1317,12,45,141,198,1.3484848484848484,0.042045134080714835,654,Shouldn't this come with a funnel cake?
4187,1317,7,55,136,198,1.3484848484848484,0.03887701744114174,654,"Yes, I know the Yelp review said 'a vortex of flavor', but still!"
5256,1317,13,43,142,198,1.3484848484848484,0.04265052711062992,654,"On second thought, I think I'll hear those specials again..."
6011,1320,15,32,131,178,1.348314606741573,0.04727195435398052,654,"Exactly which ""du jour"" is this?"
969,1321,17,36,148,201,1.3482587064676617,0.04450442723442546,654,"No, no -- you're confusing weather with climate."
4100,1321,17,36,148,201,1.3482587064676617,0.04450442723442546,654,"Yes, but I ordered the Tempest in a Teapot"
5770,1321,15,40,146,201,1.3482587064676617,0.043372128791449485,654,I specifically ordered a tempest in a teapot
5723,1324,11,33,114,158,1.3481012658227849,0.04829364010326202,654,seems more tsunami than umami to me
2253,1325,12,39,130,181,1.3480662983425415,0.04469109005057417,654,I specifically ordered the funnel cake!
3994,1325,11,41,129,181,1.3480662983425415,0.04399893380189452,654,"No, everything's right, I was just wanting a bigger spoon"
6563,1325,14,35,132,181,1.3480662983425415,0.046044198747709764,654,Ah yes...a seasonal dish with a twist...
484,1328,14,43,147,204,1.3480392156862746,0.0423545219197659,654,"Excuse me, I asked for the tempest in a teacup"
1950,1329,12,40,132,184,1.3478260869565217,0.04418527081918423,654,I think I blew on it a bit too hard.
2363,1329,16,32,136,184,1.3478260869565217,0.04679662682646,654,The chef certainly put a new twist on chicken soup.
3549,1329,14,44,149,207,1.3478260869565217,0.04192624132927515,654,I was hoping for a category five.
4182,1329,9,38,114,161,1.3478260869565217,0.04600572942750317,654,"Sir, our sous chef is a genius with the whisk."
4292,1329,13,38,133,184,1.3478260869565217,0.04485236547393269,654,That’s not what I meant by “to go.”
6659,1329,11,42,131,184,1.3478260869565217,0.0435079489992585,654,This really is a culinary tour de force.
5785,1335,14,37,136,187,1.3475935828877006,0.04499133156317045,654,I think there’s been a mistake. I ordered the tournedos.
2943,1336,18,38,157,213,1.3474178403755868,0.04320490718719042,654,I thought I ordered the fennel soup?!
124,1337,13,40,137,190,1.3473684210526315,0.0438579782472041,654,I said a bowl of 'tomato' soup!
1633,1337,17,32,141,190,1.3473684210526315,0.046328192562194996,654,"I know lentils can give you wind, but this is ridiculous"
3902,1337,10,46,134,190,1.3473684210526315,0.04190987805185712,654,So this is chef's new twist on an old classic?
6440,1340,13,41,139,193,1.3471502590673574,0.043382503109666314,654,"Excuse me, I ordered this soup F3 not F5."
6645,1340,13,41,139,193,1.3471502590673574,0.043382503109666314,654,I thought it was hyperbole when it listed the soup as a 'force to be reckoned with.'
5427,1340,11,45,137,193,1.3471502590673574,0.042120029009524,654,I ordered the earthquake
2462,1343,14,40,142,196,1.346938775510204,0.04352596657433219,654,Perhaps Monsieur should enunciate when he orders the tournedos of beef.
1640,1344,13,34,126,173,1.346820809248555,0.04680645160645114,654,"And with my entree, I’d like to order the Aurora Borealis"
20,1345,13,43,143,199,1.3467336683417086,0.042471778979163245,654,Do you have something with a little less weather?
1411,1345,17,35,147,199,1.3467336683417086,0.044798296715050104,654,"Would it be possible to get ""To-Go"" box for this?"
4022,1345,16,37,146,199,1.3467336683417086,0.04422814198947289,654,"Waiter, there's been a mistake. I ordered tempest in a teacup."
4172,1345,12,45,142,199,1.3467336683417086,0.04186995539675435,654,Just making sure you're ready because in two sips this whole scene's going technicolor.
4337,1349,12,37,127,176,1.3465909090909092,0.04553361629076652,654,"Waiter, there is an extreme weather event in my soup."
2765,1350,13,44,145,202,1.3465346534653466,0.04203535935755804,654,I'm going to need some extra napkins.
3553,1351,8,37,108,153,1.34640522875817,0.04666395893470274,654,I thought a Hurricane was a cocktail.
6561,1352,8,47,127,182,1.3461538461538463,0.04166715314433871,654,Once it's safe could I have a little pepper?
6378,1352,16,31,135,182,1.3461538461538463,0.04713654414904091,654,Fresh funnel?! I heard “fennel.”
5063,1352,10,43,129,182,1.3461538461538463,0.043099619336415866,654,Is this a new twist on Fennel Soup?
3626,1352,14,35,133,182,1.3461538461538463,0.045830429394937006,654,"Yes, it is impressive but I asked for beef TOURNEDOS."
4121,1356,14,36,135,185,1.345945945945946,0.045302047881826416,654,Is it spicy?
6327,1356,12,40,133,185,1.345945945945946,0.04398598332567212,654,"Is this a 'watch' or a 'warning' ?""  - Mary Ellen Doyle, Charleston, South Carolina"
5031,1358,9,37,113,159,1.3459119496855345,0.046352011680573936,654,"We’re famous for serving our dishes with a twist, sir."
5045,1359,13,39,136,188,1.3457446808510638,0.04414991287318183,654,But I ordered an F-2
1056,1360,13,40,138,191,1.3455497382198953,0.043665641743542045,654,This soup was actually prepared in Kansas.
2801,1360,11,44,136,191,1.3455497382198953,0.042384726811569094,654,Perhaps a bigger napkin?
3714,1360,13,40,138,191,1.3455497382198953,0.043665641743542045,654,"I am certainly impressed, but would still rather have a classic tournedos"
2596,1363,12,33,120,165,1.3454545454545455,0.047599078179091814,654,"No, not ""tornado"" . . . I said ""tomato."""
3559,1363,7,43,115,165,1.3454545454545455,0.043544495558707985,654,We call it the Inconvenient Bisque.
4715,1363,10,37,118,165,1.3454545454545455,0.04602013237143623,654,Where did the new chef learn to make tournedos?
802,1366,18,31,145,194,1.3453608247422681,0.04618355671451174,654,"May I have a table away from the air conditioning supply vent, please?"
6350,1367,11,36,121,168,1.3452380952380953,0.046235606841924404,654,I'll sound it out this time: toe-ma-to soup.
2121,1367,12,34,122,168,1.3452380952380953,0.04700018446209247,654,"So this is the best soup in Kansas, eh?"
633,1369,13,42,142,197,1.3451776649746192,0.042738510808954806,654,And you're saying I get a t-shirt if I finish this?
4950,1369,13,42,142,197,1.3451776649746192,0.042738510808954806,654,"Yes, it's organic"
4978,1369,15,38,144,197,1.3451776649746192,0.04393375744862358,654,It needs salt.
324,1372,14,41,145,200,1.345,0.042884383541783526,654,Could I get a spoon and umbrella?
709,1372,11,47,142,200,1.345,0.04108912974150916,654,"Waiter, I asked for funnel cake not funnel soup."
4197,1372,16,37,147,200,1.345,0.04404058201615423,654,Excuse me. There appears to be a misunderstanding. I ordered the fennel soup!
4269,1372,16,37,147,200,1.345,0.04404058201615423,654,"I ordered the tempest in a teapot, not in a bowl!"
4402,1376,10,50,143,203,1.3448275862068966,0.04007688708769847,654,"So, ‘the chef puts a spin on it’ was LITERAL?"
1468,1376,14,42,147,203,1.3448275862068966,0.0424411389998648,654,Which spoon do I eat this with?
1951,1376,11,38,125,174,1.3448275862068966,0.045130402170149186,654,Forecasts call for a very small tip!
860,1376,13,34,127,174,1.3448275862068966,0.04657933808192173,654,"I ordered tournedos de boeuf, where's the boeuf?"
597,1376,14,42,147,203,1.3448275862068966,0.0424411389998648,654,"No no, I ordered my drink with a twist."
884,1376,13,34,127,174,1.3448275862068966,0.04657933808192173,654,Excuse me.  I ordered the Beef Tournedos.
553,1382,14,33,130,177,1.344632768361582,0.04671316692717853,654,"I'm sure I said ""tournedos""."
1049,1382,11,39,127,177,1.344632768361582,0.04460399038430438,654,You’re sure it pairs with this wine?
2175,1382,12,37,128,177,1.344632768361582,0.04531795773852672,654,Can I get this order to go?
3154,1385,11,29,108,148,1.3445945945945945,0.050473796570777524,654,I explicitly ordered the tempest in a teacup!
5892,1386,12,38,130,180,1.3444444444444446,0.04479224559218596,654,The chef got carried away.
9,1386,11,40,129,180,1.3444444444444446,0.044093900017575155,654,I might have over-stirred.
1864,1386,14,34,132,180,1.3444444444444446,0.046157250330281584,654,I've got a feeling we're not in canned soup anymore.
2835,1386,15,32,133,180,1.3444444444444446,0.0468248332029391,654,There's been a mistake. I ordered the tournedos.
2975,1386,14,34,132,180,1.3444444444444446,0.046157250330281584,654,"Potaytos, potahtos? Tomaytos, tomahtos? Tournedos, tournados? Let’s call the whole thing off."
4052,1386,14,34,132,180,1.3444444444444446,0.046157250330281584,654,"Excuse me, I thought I ordered the tournedos"
4178,1392,18,27,138,183,1.3442622950819672,0.04817932840334232,654,"How is it? It's gusting, that's how it is."
4369,1392,14,35,134,183,1.3442622950819672,0.045618534872227876,654,"Apparently, sir, it's a soupnami."
672,1392,14,35,134,183,1.3442622950819672,0.045618534872227876,654,"Waiter, there’s a polar vortex in my soup!"
6086,1392,13,37,133,183,1.3442622950819672,0.04495555008574093,654,Perhaps the gentleman would prefer the veal tournedos?
5659,1396,12,50,153,215,1.344186046511628,0.03970392285493222,654,"Could I bother you for another spoon, please?"
228,1397,14,36,136,186,1.3440860215053763,0.04509620141722134,654,"I said tomato, not tornado!"
1727,1397,17,30,139,186,1.3440860215053763,0.04698973609806716,654,"Well, now I find the wine disappointing."
5054,1397,16,32,138,186,1.3440860215053763,0.046367150654296155,654,"What did you think ""... a burst of exotic flavors with a local twist"" meant?"
1167,1400,11,53,154,218,1.3440366972477065,0.03879479746744857,654,Technically its a waterspout
299,1401,12,41,136,189,1.343915343915344,0.043308744824721954,654,"I ordered the tempest in a TEAPOT, you buffoon!"
5743,1401,13,39,137,189,1.343915343915344,0.043953778775239837,654,"Our new chef is from Oklahoma. 
Can you tell?"
1195,1403,10,46,136,192,1.34375,0.04155061281084035,654,Is it possible I mispronounced ‘tournedos in red wine sauce?’
1704,1403,8,50,134,192,1.34375,0.04021664308873072,654,"Now I understand what the reviews said about this place having a ""low pressure atmosphere."""
6637,1403,12,42,138,192,1.34375,0.04284306791753349,654,So there's no funnel cake?
1598,1406,15,37,143,195,1.3435897435897435,0.044221909106573636,654,"I’ll have my tempest in a teapot later, please."
5819,1406,14,39,142,195,1.3435897435897435,0.0436200544580684,654,My wife was just over there across from me--have you seen her?--perhaps upstairs?
6344,1408,12,44,142,198,1.3434343434343434,0.041951102572968774,654,Do you serve any other soup with less drama?
2628,1408,11,46,141,198,1.3434343434343434,0.04133546714552114,654,Is there a problem?
1026,1408,16,36,146,198,1.3434343434343434,0.04432822643513844,654,I said with a twist!
1466,1408,14,40,144,198,1.3434343434343434,0.0431560347226935,654,"Our soup with a twist, Monsieur."
5040,1412,12,33,121,166,1.3433734939759037,0.04735721447477964,654,You served tornado; I said to-mah-to.
6348,1412,12,33,121,166,1.3433734939759037,0.04735721447477964,654,Perhaps you were correct in suggesting the salad.
4103,1414,16,37,148,201,1.3432835820895523,0.04385452909659505,654,I said 'on the side'
4504,1414,16,37,148,201,1.3432835820895523,0.04385452909659505,654,I definitely said tomato!
2240,1416,11,36,122,169,1.3431952662721893,0.04600658533824066,654,"Oh, waiter, I ordered the tempest in a TEAPOT!"
3504,1417,13,33,126,172,1.3430232558139534,0.04692417003864148,654,"And let me guess, the beverage special is a tempest in a teapot."
6775,1417,12,35,125,172,1.3430232558139534,0.04619392035550768,654,"If this is a twist of pepper, I’ll try the funnel cake next"
2145,1419,14,32,129,175,1.3428571428571427,0.04705744364689122,654,"Excuse me, you misunderstood,  I said 'TOMATO!"""
6552,1419,8,44,123,175,1.3428571428571427,0.04266514189159113,654,"It needs more ginger, less funnel."
1277,1421,14,33,131,178,1.3426966292134832,0.046490325846571916,654,I think I'll skip the boeuf flambé!
3157,1422,15,32,134,181,1.3425414364640884,0.046604283131894325,654,"Frank was not prepared when the warm air mass from his pappardelle met with a cool microburst, created by a drop of wine, causing intense instability that started in the lower atmosphere of his place setting."
6063,1423,13,37,134,184,1.3423913043478262,0.04474968918785168,654,Could I have an avalanche for dessert?
2506,1424,11,42,134,187,1.3422459893048129,0.0429278421152595,654,I think the chef put a little too much el nino in my soup.
1845,1424,11,42,134,187,1.3422459893048129,0.0429278421152595,654,I could have stirred it myself.
839,1426,14,37,139,190,1.3421052631578947,0.04439109932296738,654,I ordered TOMATO soup with FENNEL.
1295,1426,11,43,136,190,1.3421052631578947,0.042467461914869144,654,The dill is a little overpowering.
1406,1426,15,35,140,190,1.3421052631578947,0.04501404771444635,654,"The chef said it's just climate change, sir."
2618,1426,12,41,137,190,1.3421052631578947,0.04311821093259505,654,Usually this happens AFTER I've eaten it.
799,1430,15,36,142,193,1.3419689119170986,0.04451513025243415,654,I’ll have to bother you for yet another spoon.
3004,1430,10,46,137,193,1.3419689119170986,0.04137311917958952,654,"Yes sir , this is a twist on our regular potato soup."
4625,1430,14,38,141,193,1.3419689119170986,0.04390472019319388,654,The soup is marvelous! It blew me completely away.
6546,1430,12,42,139,193,1.3419689119170986,0.042657704145272306,654,If it's not global warming then what is it ?
671,1434,12,29,114,155,1.3419354838709678,0.0496647408453503,654,"Waiter,  not to be picky, but I specifically asked for the colliding  barometric pressure centers on the side."
4552,1435,13,42,144,199,1.3417085427135678,0.042378589558152636,654,"Um, I ordered the Tournedos of Beef, not the beef tornadoes."
5240,1436,13,44,148,205,1.3414634146341464,0.041521044710945386,654,So climate change is affecting our soup now?
1199,1436,14,42,149,205,1.3414634146341464,0.042093006088187224,654,"This soup is warm, humid, cold, dry and moist”"
368,1438,13,33,127,173,1.3410404624277457,0.04669426056284422,654,"Sir, I believe I ordered the tempest in a teapot."
4495,1438,13,33,127,173,1.3410404624277457,0.04669426056284422,654,FEMA had better pick up the tab.
365,1440,8,44,124,176,1.3409090909090908,0.042466738147383006,654,Could we please close the window?
1088,1440,11,38,127,176,1.3409090909090908,0.044701555271417455,654,"Yeah, well, you say Tournedos, I say Tornado!"
1015,1442,12,37,130,179,1.3407821229050279,0.044892373160697205,654,"I really thought you said tomato, not tornado."
1324,1442,14,33,132,179,1.3407821229050279,0.04626949929786402,654,"No, I definitely said ‘Tournedos Rossini’.”"
5206,1442,14,33,132,179,1.3407821229050279,0.04626949929786402,654,Pardon me. I ordered the tempest in the teapot.
40,1445,13,36,133,182,1.3406593406593406,0.04505783252089265,654,"Nice try, but this does not change my view on climate change."
332,1446,16,31,138,185,1.3405405405405406,0.04648197720867255,654,You say tornado. I said tomato.
3370,1446,14,35,136,185,1.3405405405405406,0.04520028088481937,654,"Waiter, I don’t think I’m dining in Kansas anymore."
4606,1448,14,36,138,188,1.3404255319148937,0.04468978991578756,654,"Yes, a glass of water would be nice!"
3563,1449,13,39,139,191,1.3403141361256545,0.04356640903802195,654,"Pardon me, but I ordered tomato soup."
1649,1449,18,29,144,191,1.3403141361256545,0.04662177604326421,654,But I ordered a tempest in a teacup.
32,1449,5,55,131,191,1.3403141361256545,0.03817249256378433,654,This recipe was created by a chef in Kansas?
1221,1449,19,27,145,191,1.3403141361256545,0.047209126261987665,654,I quite clearly said 'tournedos.'
3250,1453,15,36,143,194,1.3402061855670102,0.044320144317976394,654,Tell the Chef   I'm not that food critic from Kansas
3483,1454,15,37,145,197,1.3401015228426396,0.04384089630222434,654,May I please have some extra napkins
2633,1455,12,44,144,200,1.34,0.041601120974460025,654,"Yes, I stirred it!"
3049,1455,10,48,142,200,1.34,0.04037512543347505,654,"This is outrageous! I mean, no crackers?"
4488,1455,15,38,147,200,1.34,0.04337518916588006,654,"Your pre-flatulating bean soup sir. The wind comes out during dinner for your convenience, later."
4676,1458,19,31,153,203,1.3399014778325122,0.04513788454195334,654,I said a dash of fennel.
2451,1459,9,35,112,156,1.3397435897435896,0.04681483762285024,654,I wasn't expecting a literal whirlwind of flavors
1886,1460,11,35,122,168,1.3392857142857142,0.04611384631836537,654,"You say ""tornado,"" I said ""TOMATO"" soup."
4770,1460,13,31,124,168,1.3392857142857142,0.0476346388790053,654,I wanted a beef tournedo not a tornado.
5564,1460,14,29,125,168,1.3392857142857142,0.04837711050241587,654,I thought tempests only occurred in teapots.
5116,1463,12,34,125,171,1.3391812865497077,0.04630386965135059,654,Could I get another table? There's a bit of a draft.
3953,1464,12,35,127,174,1.339080459770115,0.045745964543268666,654,I miss the days when it was just a fly.
4004,1464,13,33,128,174,1.339080459770115,0.04646648297482038,654,"I'd presumed you were pronouncing ""fennel soup"" with a French accent."
5004,1464,13,33,128,174,1.339080459770115,0.04646648297482038,654,We're out of the fennel soup. Is funnel okay?
3823,1467,13,34,130,177,1.3389830508474576,0.04591037448690106,654,"Pardon me, but I thought this came in a teacup."
5118,1467,12,36,129,177,1.3389830508474576,0.04520576456758275,654,We call it the Kansas City special.
178,1469,11,39,130,180,1.3388888888888888,0.043982311839439577,654,I also recommend our Tsunami Salad.
1930,1469,14,33,133,180,1.3388888888888888,0.046050662254022705,654,I said hold the tornado.
3951,1469,13,35,132,180,1.3388888888888888,0.04537168993550145,654,"As I said sir, the soup special will blow you away"
4462,1469,17,27,136,180,1.3388888888888888,0.04803002429029613,654,Clark Kent forgets he can’t just blow on his soup.
6008,1469,14,33,133,180,1.3388888888888888,0.046050662254022705,654,"I'm no climatologist, but I find it hard to swallow."
1109,1474,12,38,133,183,1.3387978142076502,0.04417506359127592,654,I said BEEF TOURNEDOS.
5136,1474,10,42,131,183,1.3387978142076502,0.04279413233772888,654,"Sorry, I ordered the tempest in a teapot."
5298,1476,8,47,131,186,1.3387096774193548,0.040935475741125826,654,This week the chef has put a new spin on the menu.
2870,1476,12,39,135,186,1.3387096774193548,0.04368299130352111,654,This is going to change my YELP review
750,1478,10,44,135,189,1.3386243386243386,0.04188243435026966,654,Do you have a milder Tabasco sauce?
5372,1478,13,38,138,189,1.3386243386243386,0.043852025929188014,654,I've heard of a tempest in a tea cup.  But this is ridiculous.
4725,1480,15,35,142,192,1.3385416666666667,0.04461476797486933,654,I suppose you're going to blame this too on climate change.
5383,1480,15,35,142,192,1.3385416666666667,0.04461476797486933,654,I ordered the tempest in a teapot. This isn't even a proper cliche!
4549,1482,14,40,147,201,1.3383084577114428,0.042612165383808666,654,"By any chance, is the chef 's name Dorothy?"
976,1483,12,45,147,204,1.338235294117647,0.04101418946786632,654,"I guess you didn't misspell ""tournedo"" after all."
1165,1484,18,34,155,207,1.3381642512077294,0.04393962284524149,654,"On second thought, I'd prefer the fly."
6368,1485,14,44,155,213,1.3380281690140845,0.04093370877752839,654,"No, I distinctly ordered Cream of TOMATO."
2281,1486,10,34,116,160,1.3375,0.046823215630844676,654,They don't have this kind of soup back in Kansas!
2352,1487,14,27,122,163,1.3374233128834356,0.049400602404890095,654,I thought I ordered the tournedos.
6748,1488,11,35,123,169,1.3372781065088757,0.045884112574348566,654,"I'm sorry sir, but it appears that we are still in Kansas."
5623,1488,12,33,124,169,1.3372781065088757,0.04664540882948909,654,"Did you really have to stir it that hard?
--Desmond Lethem, 9 years old"
999,1488,10,37,122,169,1.3372781065088757,0.045109970168476135,654,Whatever happened to the good old days when there was only a fly in my soup?
4393,1488,8,41,120,169,1.3372781065088757,0.043520393522249255,654,Our weekday chef is from Kansas.
5330,1488,13,31,125,169,1.3372781065088757,0.04739447798008608,654,"On second thought, I'll have the bisque."
3555,1493,13,32,127,172,1.3372093023255813,0.04680818013732356,654,"No, I wanted the tournedos."
2279,1494,13,33,129,175,1.3371428571428572,0.046240810183104136,654,But does it have gluten?
1372,1494,14,31,130,175,1.3371428571428572,0.046945649120889325,654,"I asked for Tournedos Rossini, not a tornado that rose steamy!"
3078,1496,12,37,132,181,1.3370165745856353,0.044474280215465435,654,I suppose a to-go container is a moot point now?...
3775,1496,10,41,130,181,1.3370165745856353,0.04307188052864273,654,"As long as it doesn't move into the wine, it's fine."
724,1496,12,37,132,181,1.3370165745856353,0.044474280215465435,654,You did say it was a tall order.
2585,1499,13,36,135,184,1.3369565217391304,0.04464316150292694,654,"Waiter, I ordered a tempest in a teapot."
6038,1499,8,46,130,184,1.3369565217391304,0.04118287523672358,654,And where's the twisty bread?
199,1499,13,36,135,184,1.3369565217391304,0.04464316150292694,654,I said: TOMATO soup.
5635,1502,19,25,143,187,1.3368983957219251,0.047891365802717877,654,I thought you said 'tomato' based.
5339,1502,16,31,140,187,1.3368983957219251,0.04605518320066598,654,That is why it is called the “Souper Vortex”!
266,1504,12,40,138,190,1.3368421052631578,0.04301441193568909,654,Forget that—where's my bread?
4347,1504,8,48,134,190,1.3368421052631578,0.0403417954982864,654,Is this where I make three wishes?
4723,1504,12,40,138,190,1.3368421052631578,0.04301441193568909,654,This isn’t what I had in mind when you said the chef put a spin on the soup du jour.”
1818,1507,14,37,142,193,1.3367875647668395,0.043805882238701875,654,"… this way you don't have to blow on it too cool it down."""
6193,1507,13,39,141,193,1.3367875647668395,0.043185448389040544,654,I'm guessing there is a trailer park nearby?
54,1509,14,38,144,196,1.336734693877551,0.04333539932001384,654,"Instead of the Tornado Bisque, I'll have the Calamity Chowder."
431,1509,13,40,143,196,1.336734693877551,0.04272737074133933,654,What are these trailer homes doing in my soup?
908,1509,16,34,146,196,1.336734693877551,0.04452655479306081,654,Oh — “tomato” soup.
2985,1509,17,32,147,196,1.336734693877551,0.045110339230564886,654,Maybe you didn't hear me correctly.  I asked for the TOMATO soup
6591,1513,18,32,152,202,1.3366336633663367,0.04469516773757455,654,All I said was ‘there’s no place like home’.
6596,1513,18,32,152,202,1.3366336633663367,0.04469516773757455,654,And where's Dorothy?
3612,1515,15,39,151,205,1.3365853658536586,0.04256696689217205,654,"Waiter, there is a lot more than a fly in my soup"
4924,1516,11,32,118,161,1.3354037267080745,0.047404774914514745,654,I sincerely doubt that it is just doing the backstroke.
5121,1517,6,44,117,167,1.3353293413173652,0.04213717283948556,654,Would you happen to have a bib?
6550,1517,11,34,122,167,1.3353293413173652,0.04621975410328664,654,I think the fresh ground pepper might have been a mistake.
1550,1519,7,43,120,170,1.3352941176470587,0.0424978184956871,654,I ordered a large bowl of tropical cyclone and this is merely a twister.
5117,1519,11,35,124,170,1.3352941176470587,0.04565653462528092,654,It’s a Kansas-inspired recipe.
923,1521,14,30,129,173,1.3352601156069364,0.04729364487721584,654,"Customer: What is a tornado doing in my soup?
Server:  It appears to be doing The Twist, sir."
1227,1521,13,32,128,173,1.3352601156069364,0.04657762886457956,654,Do you have any other weathers of the day?
2063,1523,8,43,125,176,1.3352272727272727,0.042342753757280666,654,Chef put a new twist on it
4867,1523,12,35,129,176,1.3352272727272727,0.04530617017018726,654,Can I get a side of tempest in teapot with this?
842,1525,13,34,132,179,1.335195530726257,0.045474457798958305,654,This is why I asked for the croutons on the side.
3794,1525,12,36,131,179,1.335195530726257,0.04477896396156754,654,May I have more croutons?
4206,1525,14,32,133,179,1.335195530726257,0.046159473683601675,654,"My error, Monsieur, I thought you ordered Brussels Spout soup"
5461,1528,12,37,133,182,1.335164835164835,0.04426798727975477,654,I ordered tornedo of beef.
2662,1528,11,39,132,182,1.335164835164835,0.04357685084887894,654,I  requested a category 4 and this is clearly only a 3!
661,1528,10,41,131,182,1.335164835164835,0.04287457477352228,654,Ambiance is an A+ but my review of the food is still up in the air.
508,1528,15,31,136,182,1.335164835164835,0.046279509520799754,654,I said nothing of the sort. I asked for tomato.
1788,1532,10,42,133,185,1.335135135135135,0.042408961601729245,654,Perhaps a touch less jalapeño.
2163,1532,12,38,135,185,1.335135135135135,0.04377246665768258,654,Can I move to a booth?  There's a bit of a draft at this table.
5012,1532,13,36,136,185,1.335135135135135,0.04443853332276423,654,"I'm sorry, but I ordered the ""tempest in a teapot""."
5688,1532,14,34,137,185,1.335135135135135,0.04509476300479824,654,I appreciate the technique and all but I wanted the tournedos.
6791,1532,16,30,139,185,1.335135135135135,0.046379375412136666,654,Shouldn’t this be served in a teacup?
5856,1537,12,39,137,188,1.3351063829787233,0.04329167767360518,654,Hold the bread—tightly.
4277,1537,16,31,141,188,1.3351063829787233,0.04584459106083538,654,Could I  bother you for another spoon?
6429,1537,14,35,139,188,1.3351063829787233,0.044586409842745534,654,"Ahhh, Now I see why I was seated on the patio"
762,1537,9,45,134,188,1.3351063829787233,0.04127349604153249,654,I think your immersion blender is set too high
30,1537,15,33,140,188,1.3351063829787233,0.045219876559984676,654,"The wine’s okay, but I think the soup has turned."
1394,1537,18,27,143,188,1.3351063829787233,0.04706915249295634,654,Looks like we're not in Campbells anymore...
4566,1537,14,35,139,188,1.3351063829787233,0.044586409842745534,654,"Everything's great, thanks!"
673,1544,16,32,143,191,1.3350785340314135,0.04532573203626803,654,"Sorry, Sir. It used to come in a tea pot."
356,1545,13,39,142,194,1.3350515463917525,0.0429973264748425,654,"My apologies, Sir Nigel. Our new chef is from someplace called Oklahoma."""
6811,1545,14,37,143,194,1.3350515463917525,0.04361405775649478,654,"Waiter, there's a tiny witch in my soup."
1602,1547,12,42,143,197,1.3350253807106598,0.04193111370717125,654,"I appreciate the presentation, but I ordered tournedos."
5971,1548,9,49,142,200,1.335,0.039645096397180175,654,"I asked for ‘’more fennel,’ not ‘funnel.’"
6796,1548,14,39,147,200,1.335,0.04269648638645508,654,Can I order another one to go?
2647,1550,16,36,151,203,1.3349753694581281,0.04339562071798352,654,"Except for the obvious punchline, it is very good."
4977,1551,18,33,155,206,1.3349514563106797,0.044035255264857215,654,"It’s called infusion, sir."
5765,1551,18,33,155,206,1.3349514563106797,0.044035255264857215,654,"Waiter, there’s something a little Oz about my soup."
3647,1553,14,42,153,209,1.3349282296650717,0.04141270954720264,654,I love eating seasonally.
1422,1553,13,44,152,209,1.3349282296650717,0.04085346848294494,654,This soup blows.
5236,1555,14,43,155,212,1.3349056603773586,0.041007416432605734,654,"It’s an original way to deal with the fly, I’ll give you that."
3470,1555,14,43,155,212,1.3349056603773586,0.041007416432605734,654,"Excuse me, but I asked for the F5, this is clearly an F3"
27,1557,14,36,142,192,1.3333333333333333,0.043897521996846725,654,"I ordered the Tempest in the Teapot, not the Tureen Tornado."
4476,1557,12,37,134,183,1.3333333333333333,0.04406350083148787,654,"No, everything's fine... I just need a bib."
4562,1557,14,38,146,198,1.3333333333333333,0.04296358767810755,654,Could I get a to-go container?
4929,1557,13,35,135,183,1.3333333333333333,0.04473970659161324,654,Mudslide pie for dessert?
5033,1557,16,34,148,198,1.3333333333333333,0.04414089025011859,654,"Waiter, there's a girl with ruby slippers and her little dog too in my soup."
5198,1557,13,42,149,204,1.3333333333333333,0.041503350367126365,654,You'd think a five-star restaurant would at least have warning sirens.
5218,1557,13,37,139,189,1.3333333333333333,0.04374663268429559,654,This is precisely why I wanted to dine indoors!
5535,1557,12,33,126,171,1.3333333333333333,0.04618206294370681,654,"Considering your four Michelin stars, I was expecting a hurricane."
5619,1557,13,34,133,180,1.3333333333333333,0.045259442464705806,654,Isn’t it amazing that the soup is ruined but the rest of the table remains untouched?
5905,1557,10,41,132,183,1.3333333333333333,0.042678959977632,654,Should've believed them when they said this place has a terrible atmosphere.
5922,1557,11,40,135,186,1.3333333333333333,0.042901634323729454,654,I was just blowing on it to cool it off and this happened
6232,1557,10,48,146,204,1.3333333333333333,0.03971954872947806,654,May I please have another napkin?
6346,1557,9,38,121,168,1.3333333333333333,0.04440997617903022,654,How can you be sure it's not climate change?
6425,1557,12,41,142,195,1.3333333333333333,0.04218877222131483,654,"i’m sorry sir, did you prefer the tornado on the side?"
6607,1557,12,29,118,159,1.3333333333333333,0.04859843322268975,654,So that was not a misspelling. I thought I was getting a tournedos.
6691,1557,13,46,157,216,1.3333333333333333,0.03991809012259122,654,I said T-O-M-A-T-O
6757,1557,10,37,124,171,1.3333333333333333,0.04466748301088491,654,"""I wanted it with just a twist of lime"""
4457,1557,14,32,134,180,1.3333333333333333,0.04594007377711537,654,I think I prefer the fly.
4355,1557,11,43,141,195,1.3333333333333333,0.04155748317014372,654,"To be honest, I’m not blown away with this meal."
4719,1557,15,32,139,186,1.3333333333333333,0.045530657613504784,654,"Waiter, there's a tornado in my soup.  I distinctly ordered tomato!"
3746,1557,9,45,135,189,1.3333333333333333,0.04109280606012816,654,My compliments to the chef and to Mother Nature.
31,1557,12,41,142,195,1.3333333333333333,0.04218877222131483,654,"Excuse me sir, I think that you twisted up my order."
131,1557,15,29,133,177,1.3333333333333333,0.047176755859669954,654,Can I get another spoon?
404,1557,11,37,129,177,1.3333333333333333,0.04437162327312129,654,"Waiter, I'd like that bowl with the fly in it back, please."
4212,1557,14,36,142,192,1.3333333333333333,0.043897521996846725,654,Tomato not Tornado
585,1557,12,38,136,186,1.3333333333333333,0.043573763509878294,654,"I asked the chef to surprise me, but I wasn't expecting this twist."
1066,1557,6,45,120,171,1.3333333333333333,0.041472716816119956,654,A bit grandiose don't you think?
1142,1557,8,41,122,171,1.3333333333333333,0.04309971159206156,654,"Waiter, there's a tiny cow in my soup."
1220,1557,11,43,141,195,1.3333333333333333,0.04155748317014372,654,Do I get 3 wishes!
1882,1557,11,33,121,165,1.3333333333333333,0.046562019717971886,654,We are proud to be a cloud-to-table restaurant.
416,1557,11,36,127,174,1.3333333333333333,0.044892872088377854,654,"On second thought, I think I'll have the salad."
2487,1557,11,28,111,150,1.3333333333333333,0.04975705331869026,654,"Waiter, there's a fly battling atmospheric instability in my soup."
2564,1557,14,36,142,192,1.3333333333333333,0.043897521996846725,654,What did you expect with the Kansas special?
2888,1557,10,38,126,174,1.3333333333333333,0.04414667820219519,654,"What, no crackers?"
3005,1557,10,32,114,156,1.3333333333333333,0.04754809791842705,654,"Waiter, there's a trailer in my soup."
3023,1557,13,34,133,180,1.3333333333333333,0.045259442464705806,654,"I think there has been a mistake. I asked for tomato soup, not tornado soup."
3215,1557,13,37,139,189,1.3333333333333333,0.04374663268429559,654,"I’ve heard of pea soup fog, but this is ridiculous."
3256,1557,13,27,119,159,1.3333333333333333,0.04941071956165224,654,Does it come with 3 wishes?
3627,1557,15,36,147,198,1.3333333333333333,0.04355621688259581,654,I actually ordered a soupçon of beef tournedos
2209,1557,12,42,144,198,1.3333333333333333,0.04175310216350223,654,"And for my entrée, the Category 7 Tournedos of Beef."
4067,1597,11,47,150,208,1.3317307692307692,0.03977319131730696,654,"Yes, sir, your table is in a microclimate zone."
2052,1597,15,39,154,208,1.3317307692307692,0.04204415870479183,654,I am sorry but this soup sucks.
6292,1599,12,43,147,202,1.3316831683168318,0.04115746520487918,654,I believe it's more than just a fly in my soup.
2309,1600,9,48,142,199,1.3316582914572865,0.03970302194891497,654,"A little heavy with the habaneros, don’t you think?"
4418,1600,13,40,146,199,1.3316582914572865,0.04218252399739494,654,"Excuse me, there's been some mistake.  I ordered the Tournedos."
5559,1600,16,34,149,199,1.3316582914572865,0.04395044783590813,654,"Garçon, the soup spoon goes to the right of the knife."
80,1603,12,40,141,193,1.3316062176165804,0.04245069846677186,654,I ordered the F-1. This is at least an F-3.
1171,1603,9,46,138,193,1.3316062176165804,0.040498700002236994,654,"Trust me, it's from our new power lunch menu."
4157,1603,13,38,142,193,1.3316062176165804,0.04308171498983436,654,This is only an F-3. I ordered an F-4.
4969,1603,12,40,141,193,1.3316062176165804,0.04245069846677186,654,I suppose we're still in Kansas after all?
2965,1607,16,31,143,190,1.331578947368421,0.0454289026279427,654,And you're sure it's gluten free?
3684,1607,11,41,138,190,1.331578947368421,0.04225294346308444,654,"I ordered tournedos de boeuf, not tornado de soup."
2609,1607,14,35,141,190,1.331578947368421,0.04418592093535342,654,I didn't order this. I ordered the Tempest in a Teapot.
1052,1607,14,35,141,190,1.331578947368421,0.04418592093535342,654,It could use some more salt.
1764,1611,12,38,137,187,1.3315508021390374,0.04337676362063627,654,"Should you call the Weather Channel, or should I?"
2831,1611,9,44,134,187,1.3315508021390374,0.04134054430456528,654,Ground pepper please.
6207,1611,10,42,135,187,1.3315508021390374,0.042030246366935975,654,Could I move tables? I feel a draft
289,1614,9,43,132,184,1.3315217391304348,0.04178014029821093,654,Tornado? I said TOMATO!
2413,1615,13,34,134,181,1.3314917127071824,0.045046356737218816,654,I  ordered a hurricane but this is fine.
3782,1616,10,39,129,178,1.3314606741573034,0.043436689834336295,654,Am I even able to send this back?
6716,1616,13,33,132,178,1.3314606741573034,0.04557615538821557,654,"Well if you prefer, it can be paired with a Hurricane or a Mudslide."
6683,1618,15,28,132,175,1.3314285714285714,0.047525688449847295,654,You could have gone into a little more detail when you recommended the Trailer Park Special.
6491,1619,5,47,120,172,1.3313953488372092,0.040444316386998844,654,I distinctly requested an F2!
4437,1619,11,35,126,172,1.3313953488372092,0.04520773677190416,654,Thaiphoon wasn't just a punny restaurant name?
5382,1621,13,30,126,169,1.331360946745562,0.04727119224697008,654,"potato, po-tah-do, tomato, tornado ..."
5538,1621,13,30,126,169,1.331360946745562,0.04727119224697008,654,I think that's a bit more than a FLY!
6275,1621,11,34,124,169,1.331360946745562,0.045756757535697745,654,I’m afraid I need another spoon.
6317,1624,14,27,125,166,1.3313253012048192,0.04863117498574507,654,"Excuse me waiter, there seems to be a catastrophic weather event in my soup."
3889,1625,10,32,115,157,1.3312101910828025,0.0472919556935171,654,"Is this the classic French recipe, or the chef's own twist on it?"
3017,1626,15,40,157,212,1.330188679245283,0.04145879867086471,654,"Waiter, my spoon is missing."
2441,1627,12,43,148,203,1.3300492610837438,0.040986797398978994,654,"Sorry, the self-stirring soup still has a few bugs in it."
2692,1628,16,34,150,200,1.33,0.0437615742048252,654,Great presentation but I’m going to need a bib.
6611,1628,15,36,149,200,1.33,0.043183609397582964,654,I thought I ordered the tomato soup.
327,1630,13,39,145,197,1.3299492385786802,0.04244218360115549,654,Yeah the chef's been experimenting lately.
6564,1631,13,38,143,194,1.3298969072164948,0.042893140892909694,654,Deduct a star for poor atmosphere.
4587,1631,13,38,143,194,1.3298969072164948,0.042893140892909694,654,"On second thought, I’ll take the tempest in a teapot."
5956,1631,10,44,140,194,1.3298969072164948,0.04098260223132481,654,"We are out of the funnel cake, but the chef recommends this in its place."
2168,1631,11,42,141,194,1.3298969072164948,0.041629192109067646,654,The soup is served Globally Warmed.
3456,1635,16,31,144,191,1.3298429319371727,0.04522376175628596,654,"Thank you, but I ordered a bowl of  T-O-M-A-T-O  soup"
4769,1635,15,33,143,191,1.3298429319371727,0.044610279380399576,654,Excuse me but I ordered an F4
2754,1637,13,36,139,188,1.3297872340425532,0.04383522175777939,654,"Waiter, there is a black hole in my soup!"
3116,1637,11,40,137,188,1.3297872340425532,0.04251762081400774,654,So that's what the menu meant by 'Oklahoma Clam Chowder.'
3821,1637,12,38,138,188,1.3297872340425532,0.04318144709384714,654,The genie will be right out to take your wish
4895,1637,14,34,140,188,1.3297872340425532,0.04447938803523123,654,We were out of tomato.
2865,1641,10,41,134,185,1.3297297297297297,0.04229272622026601,654,"The food is fine, but the ambiance is a disaster."
3682,1641,14,33,138,185,1.3297297297297297,0.04498546784756551,654,"No, I distinctly said “tomato.”"
5780,1641,18,25,142,185,1.3297297297297297,0.04752588709099836,654,"Our famous corn soup, monsieur.  Chef says it'll take you right back  to Kansas."
23,1644,11,38,133,182,1.3296703296703296,0.043459953261404484,654,It's NOT what I ordered. Tell the bartender to make me a hurricane.
3239,1644,10,40,132,182,1.3296703296703296,0.04275575715138692,654,"Tornado soup, it's considered a delicacy in Kansas."
6150,1646,9,41,129,179,1.329608938547486,0.04250086221167456,654,The tornado I can live with.  It's the chef's love affair with salt that is the REAL disaster here.
5434,1646,13,33,133,179,1.329608938547486,0.045358638463772805,654,The food better be good. Because the atmosphere stinks.
2338,1646,12,35,132,179,1.329608938547486,0.04466134105296631,654,I said I wanted the TOMATO soup.
1607,1649,9,40,127,176,1.3295454545454546,0.042976270875024675,654,"-When you first opened, the tornadoes were bigger!"
6213,1649,14,30,132,176,1.3295454545454546,0.04660080667755462,654,"Excuse me, but I thought I ordered the one with fennel."
379,1651,12,33,128,173,1.329479768786127,0.0457274009787189,654,This is only an F1. I ordered the F5.
2261,1651,7,43,123,173,1.329479768786127,0.04189186704648168,654,"I'm sorry, but I ordered the category 1 soup."
2412,1651,13,31,129,173,1.329479768786127,0.046456523066133903,654,"YES, sir, I really am quite convinced that there is a draft at this table."
5509,1654,9,38,123,170,1.3294117647058823,0.04397296149595056,654,Did I hear you say the chef put a spin on this special?
1201,1654,11,34,125,170,1.3294117647058823,0.04552854743205527,654,I thought I ordered the tempest in a teapot.
4309,1654,12,32,126,170,1.3294117647058823,0.04628673973771737,654,I think I’ll pass on the Tsunami Pie.
4720,1654,11,34,125,170,1.3294117647058823,0.04552854743205527,654,I think I might have blown on the soup too hard.
5631,1658,7,41,119,167,1.3293413173652695,0.04284378667263339,654,"You say 'tore-nay-doe', I say 'tore-nah-doe'. It's still a great bisque."
4422,1659,13,28,123,164,1.329268292682927,0.048244473886949316,654,I'd prefer a more robust wine.
6671,1660,8,36,114,158,1.3291139240506329,0.045291959595737216,654,I've asked FEMA to declare this soup a disaster.
5228,1660,10,32,116,158,1.3291139240506329,0.047038419554538476,654,I said a tempest in a teapot!
975,1662,13,49,166,228,1.3289473684210527,0.03840292326366289,654,This is your spin on a tomato soup?
5609,1663,12,47,157,216,1.3287037037037037,0.03928244119174252,654,I guess I over-stirred.
1444,1664,13,42,152,207,1.328502415458937,0.04099446110057558,654,"Yes, much more annoying than a fly."
3431,1664,17,34,156,207,1.328502415458937,0.043222150595131216,654,You're sure we're not in Kansas anymore?
4114,1664,16,36,155,207,1.328502415458937,0.042676131347426545,654,I meant tournedos of beef .
1367,1667,10,47,147,204,1.3284313725490196,0.03961659985465249,654,"I asked for a twist, not a twister"
4842,1667,14,39,151,204,1.3284313725490196,0.041983993433304306,654,"They say it’s hard to attribute any specific event to climate change, but you have to admit this is a game changer."
5480,1667,15,37,152,204,1.3284313725490196,0.04255526858978523,654,"When the menu said beef tornados, I thought it was a typo."
483,1670,13,40,148,201,1.328358208955224,0.041826566282554635,654,This is too 'farm to table' for my tastes.
4199,1670,13,40,148,201,1.328358208955224,0.041826566282554635,654,Aren't tempests supposed to be in teapots and not in borscht?
3795,1672,13,39,146,198,1.3282828282828283,0.04226015297169185,654,Isn't this normally served in a teacup?
3513,1672,13,39,146,198,1.3282828282828283,0.04226015297169185,654,"Excuse me, this soup was supposed to be hot but it appears a cold front moved in."
367,1672,12,41,145,198,1.3282828282828283,0.041649086019281446,654,Yes sir.....it's our seasonal special.
6075,1675,14,36,145,195,1.3282051282051281,0.04332068537684062,654,"No, I asked for the tournedos."
6714,1675,11,42,142,195,1.3282051282051281,0.04144969842114162,654,Scusi. I said TO-MA-TO.
3233,1677,14,35,143,192,1.328125,0.04379224618237891,654,I'm quite certain I ordered tournedos.
4238,1677,12,39,141,192,1.328125,0.04252864660517735,654,I need more crackers.
6040,1677,11,41,140,192,1.328125,0.041882553172568816,654,"Sir, would you like some FEMA with that?"
6382,1677,11,41,140,192,1.328125,0.041882553172568816,654,"Next time, I'll be fine with just a fly in my soup"
2982,1681,13,36,140,189,1.3280423280423281,0.04363757266375193,654,Our chef wanted to put a new spin on the menu.
5533,1681,16,30,143,189,1.3280423280423281,0.04553130372582977,654,Tell Chef to cancel the Tournedos of Beef
6066,1681,8,46,135,189,1.3280423280423281,0.04028400794775778,654,I meant to order the Tournedos
6371,1684,16,29,141,186,1.3279569892473118,0.04605779056112115,654,"Excuse me, but I ordered the tempest in a teapot."
5629,1684,12,37,137,186,1.3279569892473118,0.043460666312205805,654,I would give this bisque an EF4 out of five. Is the chowder less menacing?
3985,1684,15,31,140,186,1.3279569892473118,0.04542243314271375,654,"Excuse me, waiter, I ordered Tournados."
3715,1684,11,39,136,186,1.3279569892473118,0.042786760540301484,654,Can I get a poncho?
2815,1684,13,35,138,186,1.3279569892473118,0.04412428078811824,654,It blows on itself.
2114,1689,17,26,140,183,1.3278688524590163,0.04724051261067962,654,I suppose this is what happens when ambient hot air meets tasteless cold soup.
310,1690,14,31,135,180,1.3277777777777777,0.04582545593761697,654,"It's our seasonal North Atlantic bisque, with aromatic fennel circulation and a delectable low-pressure center."
1329,1690,13,33,134,180,1.3277777777777777,0.0451430965426574,654,"Excuse me waiter .
There’s a tornado in my soup ."
3755,1690,9,41,130,180,1.3277777777777777,0.04230373718404242,654,How is it you thought I said 'Tornado Basil'?
3841,1690,12,35,133,180,1.3277777777777777,0.04445026343036561,654,"Whatever the chef says, it looks like global warming to me."
189,1694,10,37,127,174,1.3275862068965518,0.04401891426646442,654,"Yes, I have heard of ‘Tempest in a Teacup’, but ‘’Minestrone Maelstrom’?"
6443,1694,15,27,132,174,1.3275862068965518,0.047643138577078845,654,Quick! To the salt cellar.
3310,1696,13,30,128,171,1.327485380116959,0.04679652384980678,654,No one else complained
6144,1697,9,37,122,168,1.3273809523809523,0.044273613175394785,654,Did a butterfly in Brazil flap its wings?
5251,1697,12,31,125,168,1.3273809523809523,0.04662628895691385,654,It's just the tip of the parsnip.
589,1697,10,35,123,168,1.3273809523809523,0.04507148569810188,654,It's spinning the wrong way.
869,1697,9,37,122,168,1.3273809523809523,0.044273613175394785,654,Climate change is having many strange effects sir.
785,1701,10,52,158,220,1.3272727272727274,0.03768860516998281,654,"No, I did not stir it, ""a tad vigorously""!"
2866,1701,15,42,163,220,1.3272727272727274,0.04034830804054124,654,Are you sure this is gluten free?
4776,1701,9,36,120,165,1.3272727272727274,0.04480691627437607,654,"Waiter, I asked for TOMATO soup"
1169,1704,16,39,162,217,1.327188940092166,0.04125360676496401,654,I’m sorry but I ordered tournedos.
99,1705,13,27,122,162,1.3271604938271604,0.048622026311627424,654,I said “Tomato not Tornado Soup”.
1434,1705,12,29,121,162,1.3271604938271604,0.04782698199287786,654,It always happens when the steam of the hot soup meets the cold of the air conditioning.
1345,1707,12,46,156,214,1.3271028037383177,0.03949541437904455,654,I distinctly said beef tournedos!
1139,1708,11,30,118,159,1.3270440251572326,0.047630633866600894,654,Tornado.  I thought you said the special was Tomato.
5260,1709,14,41,156,211,1.3270142180094786,0.04098648679922711,654,"It may be what I ordered, but I thought you had misspelled tournedos."
2355,1709,14,41,156,211,1.3270142180094786,0.04098648679922711,654,"I  asked for tomato, not tornado."
4407,1711,15,37,153,205,1.326829268292683,0.042377468179295344,654,I thought I ordered funnel cake?
4285,1712,14,38,150,202,1.3267326732673268,0.042237912685466984,654,"Waiter, there’s a fly of biblical proportions in my soup."
2758,1712,16,34,152,202,1.3267326732673268,0.043388461397509154,654,I said cream of TOMATO.
3091,1714,14,37,148,199,1.3266331658291457,0.04267847010013903,654,Is this what they call Nor'easter Clam Chowder?
5677,1714,8,49,142,199,1.3266331658291457,0.03894738427309718,654,It's another take on funnel cake.
828,1714,12,41,146,199,1.3266331658291457,0.04147208845273015,654,"Well, I've had spicier..."
3605,1717,18,28,150,196,1.3265306122448979,0.04549341123890275,654,"When I order a tornado bisque, I expect there to be tiny mobile homes. Well, where are they?"
2141,1717,14,36,146,196,1.3265306122448979,0.04313161220176151,654,Is this not usually served in a tea cup?
1714,1717,12,40,144,196,1.3265306122448979,0.04190082008277108,654,Does it come with a side of insurance?
3279,1720,15,33,145,193,1.3264248704663213,0.04421256001522282,654,I specifically requested the tornado on the side.
5174,1720,18,27,148,193,1.3264248704663213,0.04600725553154932,654,Can you bring me a new spoon?
5991,1720,11,41,141,193,1.3264248704663213,0.04169965225880849,654,"Surprised? Yes. I expected Tournedos, not a tornado."
1813,1723,13,36,141,190,1.3263157894736841,0.043441616861481194,654,"I assumed 'Alabama Surprise'  involved a variation of
shrimp and grits."
2228,1723,10,42,138,190,1.3263157894736841,0.04147396409711801,654,I'd rather have the fly in my soup.
2293,1723,11,40,139,190,1.3263157894736841,0.0421400580263712,654,"Waiter, there's a national emergency in my soup!"
2376,1723,17,28,145,190,1.3263157894736841,0.045934227387508304,654,"I specifically said ""tomato."""
3423,1723,15,32,143,190,1.3263157894736841,0.044705297903196245,654,"An odd way to remove a fly, but thank you."
5745,1723,13,36,141,190,1.3263157894736841,0.043441616861481194,654,You got it wrong. I ordered tournedos!
5880,1723,11,40,139,190,1.3263157894736841,0.0421400580263712,654,You must have misheard me... TOM-A-TO
6670,1730,12,37,138,187,1.3262032085561497,0.04326319310698778,654,The Beef Tournedos Soup was a bit more dramatic than I was expecting.
6078,1730,13,35,139,187,1.3262032085561497,0.043922714898786984,654,That should take care of the fly in your soup.
3709,1730,12,37,138,187,1.3262032085561497,0.04326319310698778,654,Are you sure this dish is gluten free?
967,1730,12,37,138,187,1.3262032085561497,0.04326319310698778,654,It pairs well with our hurricane cocktail.
254,1734,13,34,137,184,1.326086956521739,0.04441844009423956,654,"I asked for the ""tomato bisque"" not the ""tornado risk."""
2017,1734,15,30,139,184,1.326086956521739,0.04573610043380064,654,I meant to order the tournedos of beef.
2719,1734,9,42,133,184,1.326086956521739,0.041658272833078984,654,I might need a bib for this one.
2904,1734,11,38,135,184,1.326086956521739,0.04306047791096143,654,"Very impressive, but I ordered the tomato soup."
2923,1734,9,42,133,184,1.326086956521739,0.041658272833078984,654,The chef is still upset about my sending back his signature dish last week?
3984,1734,6,48,130,184,1.326086956521739,0.03946165356022883,654,Was there a low pressure system in the kitchen?
4570,1734,14,32,138,184,1.326086956521739,0.04508208459741102,654,"Are you sure this is extra, extra spicy?"
4757,1734,12,36,136,184,1.326086956521739,0.0437447287014444,654,My compliments to the Weatherman.
529,1742,10,39,132,181,1.3259668508287292,0.04283104407362277,654,Do you mind turning the fan off?
1993,1742,15,29,137,181,1.3259668508287292,0.04627564270176899,654,You know I think I finally get this whole climate change thing.
4075,1744,13,32,133,178,1.3258426966292134,0.045456668968870746,654,"After I've reaped the whirlwind I'd like more croutons, please."
3538,1744,8,42,128,178,1.3258426966292134,0.041819958075079836,654,There's a warm front in the kitchen and a cold front out here.
2474,1744,11,36,131,178,1.3258426966292134,0.04403803821252568,654,My apologies. I should have mentioned the soup must be stirred COUNTER-clockwise.
1962,1747,17,38,166,221,1.3257918552036199,0.041203357990512765,654,I  ordered TOURNADOES of beef.....
1447,1748,9,39,127,175,1.3257142857142856,0.043050467086861006,654,We've been experiencing extreme Menu Change.
6032,1748,8,41,126,175,1.3257142857142856,0.04228074350582205,654,Critics are calling this new restaurant a natural disaster.
5617,1750,7,42,123,172,1.3255813953488371,0.041953294776742776,654,We used to serve hurricanes.
2510,1751,12,45,155,212,1.3254716981132075,0.03971148430656954,654,"T.O.U.R.N.E.D.O.S.
Google it!"
2537,1752,13,29,127,169,1.3254437869822486,0.04714316356683772,654,"I'm not sure I'm ready for ""cold"" fusion cuisine...."
1157,1753,15,38,156,209,1.325358851674641,0.041777866055533894,654,"Waiter, could you bring me a spoon and a side of plywood?"
3557,1753,12,44,153,209,1.325358851674641,0.04009202186585445,654,Is this the new chef from Kansas?
3640,1755,10,34,122,166,1.3253012048192772,0.045391379416056615,654,"And with dessert, may I suggest our tempest in a teapot."
5408,1756,11,45,150,206,1.325242718446602,0.039893517356431554,654,Our Soupe du Jour comes with a twist.
6577,1757,17,30,150,197,1.3248730964467006,0.044716761692011164,654,"Waiter, I think there has been a mistake.  I ordered the Tournedos."
5393,1757,14,36,147,197,1.3248730964467006,0.042944111006505956,654,"Garcon, I ordered the fennel soup."
5024,1757,16,32,149,197,1.3248730964467006,0.044133789861357325,654,"Waiter, I ordered the TOMATO soup."
927,1757,12,40,145,197,1.3248730964467006,0.04172052172195076,654,The menu said Tournedos.
133,1757,12,40,145,197,1.3248730964467006,0.04172052172195076,654,I didn’t want this to go.
4543,1757,12,40,145,197,1.3248730964467006,0.04172052172195076,654,TorNAYdo; TorNAHdo. It's not what I ordered.
244,1763,8,47,139,194,1.324742268041237,0.039541344152317214,654,Meteorological gastronomy.
852,1763,14,35,145,194,1.324742268041237,0.043405225461780696,654,I said a 'twist' of lemon!
5307,1763,9,45,140,194,1.324742268041237,0.040211115967785094,654,Could you turn down the AC?
5587,1763,18,27,149,194,1.324742268041237,0.04580040826672507,654,"No, I’m sure I ordered TOMATO soup."
6263,1763,10,43,141,194,1.324742268041237,0.04086991310704407,654,I guess you did say it was a whirlwind of flavor
6349,1763,11,41,142,194,1.324742268041237,0.04151825800030636,654,"Waiter, there's a fly-over state in my soup."
6740,1763,6,51,137,194,1.324742268041237,0.03816655600609844,654,There is a new twist to this recipe!
1548,1770,14,34,143,191,1.324607329842932,0.04387987609095381,654,"I said, TOMATO Bisque soup."
5557,1770,12,38,141,191,1.324607329842932,0.04260540251861778,654,"Mais oui, Monsieur...You are not in Kansas anymore."
4879,1772,12,37,139,188,1.324468085106383,0.043067421420575666,654,"In the future, I suggest you swirl in that olive oil a little less vigorously."
2174,1772,10,41,137,188,1.324468085106383,0.0417255820923748,654,"Excuse me, I ordered the tsunami salad"
1563,1774,12,36,137,185,1.3243243243243243,0.04354331843029274,654,The chef suggests that you  think of it as a vortex of flavors
1857,1774,8,44,133,185,1.3243243243243243,0.04075540398032999,654,"Waiter, there's a fly--well, flying things--in my soup."
2637,1774,14,32,139,185,1.3243243243243243,0.044872367812305816,654,"Waiter, there's a trailer park in my soup!"
4461,1774,11,38,136,185,1.3243243243243243,0.04286334300239983,654,I’d like to change the course.
5310,1778,13,45,161,219,1.3242009132420092,0.039365153772976044,654,"Presentation, F4, the actual soup, 2 stars."
2467,1779,9,41,132,182,1.3241758241758241,0.041914603930307166,654,I'm not paying extra for this.
3018,1779,9,41,132,182,1.3241758241758241,0.041914603930307166,654,I guess I’ll be taking this to go.
5424,1779,8,43,131,182,1.3241758241758241,0.04118399270031298,654,"In a teapot, I don't mind. But this is just a mess."
5528,1779,12,35,135,182,1.3241758241758241,0.0440337634812173,654,Kudos to the chef—the Vortex-Mex chili is excellent.
6217,1779,10,39,133,182,1.3241758241758241,0.042632696261550355,654,Send it back please. I ordered the pea soup fog.
6257,1779,12,35,135,182,1.3241758241758241,0.0440337634812173,654,My croutons disappeared into the vortex funnel. May I have a few more please?
6469,1785,14,30,135,179,1.324022346368715,0.04592718017480572,654,"I said To ma to, and you heard tor na do.  Please take the whole thing back."
5807,1785,8,42,129,179,1.324022346368715,0.04162549323409649,654,"Well, a moment ago there WAS a fly in my soup!"
3698,1785,13,32,134,179,1.324022346368715,0.0452386469754699,654,I thought it was accented with fennel.
2656,1785,13,32,134,179,1.324022346368715,0.0452386469754699,654,"No, sir, of course that is NOT a tornado in your soup!
The croutons are rotating counterclockwise:
its a cyclone."
5311,1785,9,40,130,179,1.324022346368715,0.042372778828154385,654,So this dish has origins in the Gulf coast?
464,1790,11,47,155,213,1.323943661971831,0.03899023528075059,654,My  apologies. I thought you said  fennel. Can you tell me about  the salad again?
5013,1790,14,41,158,213,1.323943661971831,0.04065846966124125,654,"I heard you say, ""I'll give it a whirl."""
6366,1790,11,47,155,213,1.323943661971831,0.03899023528075059,654,"Sir, I did tell you it was soup with a twist."
351,1793,10,37,129,176,1.3238636363636365,0.04359635273351086,654,It appears the kitchen dropped a piece of funnel cake in my soup
5195,1793,9,39,128,176,1.3238636363636365,0.04284515032917535,654,"... so, you stir counter-clockwise south of the equator?"
4331,1795,14,40,156,210,1.3238095238095238,0.04105605046255962,654,Climate Change is getting harder to ignore.
6576,1795,9,50,151,210,1.3238095238095238,0.038180583370068494,654,Can I hear about your other specials?
1315,1797,11,34,128,173,1.323699421965318,0.04485673164088709,654,"No, I'm not complaining about the fly!"
1192,1797,14,28,131,173,1.323699421965318,0.047050678835481516,654,"When I said I'd give the special a whirl, this is not what I had in mind."
5740,1797,9,38,126,173,1.323699421965318,0.043332432464046874,654,"I may have misspoken; I meant ""farm-to-table."""
5626,1800,10,47,150,207,1.3236714975845412,0.03913671684563685,654,Thanks. The fly is gone now.
1040,1801,7,52,145,204,1.3235294117647058,0.03763223532175216,654,I asked for a TWIST of lemon.
643,1802,10,45,146,201,1.3233830845771144,0.03989416954573026,654,I already knew I wasn’t in Kansas anymore.
6231,1802,14,37,150,201,1.3233830845771144,0.04231488791037795,654,"Apologies from the chef, sir.  We’re out of the regular tournedos."
1235,1804,14,36,148,198,1.3232323232323233,0.042758163637915965,654,"Sir, I know you ordered a Hurricane, but the chef had to make a last minute substitution. I hope that it's ok."
2640,1804,15,34,149,198,1.3232323232323233,0.043353601011174255,654,I asked for TOMATO bisque
196,1806,17,29,149,195,1.323076923076923,0.045011865515332025,654,"When I order sharknado soup, I expect to see some shark."
398,1806,10,43,142,195,1.323076923076923,0.04069387396689929,654,"I ordered tournedos, not tornados."
2233,1806,14,35,146,195,1.323076923076923,0.043214161508175926,654,"I ordered a tournedos, not a tornado!"
3304,1809,9,34,118,161,1.3229813664596273,0.04544678520090311,654,Maybe I shouldn’t have complained about the salad.
2936,1810,12,38,142,192,1.3229166666666667,0.04241662552242594,654,Is this your first time at a Sky to Table Restaurant?
6113,1811,10,31,117,158,1.3227848101265822,0.04688901756160624,654,Perhaps you could bring me a spoon?
4717,1812,13,35,141,189,1.3227513227513228,0.043524818304076,654,Is it still possible to choose the dinner salad?
3420,1812,15,31,143,189,1.3227513227513228,0.04479937933791624,654,"I specifically asked for an F3, not an F4."
2332,1812,11,39,139,189,1.3227513227513228,0.04221179015089436,654,"Sorry, that’s not mine. I said tournedoes, medium rare."
2263,1812,11,39,139,189,1.3227513227513228,0.04221179015089436,654,"No, I ordered tournedos."
186,1816,10,40,136,186,1.3225806451612903,0.04198128632314873,654,"I neglected to tell you, you weren’t supposed to stir it."
764,1816,15,40,162,217,1.3225806451612903,0.04064134118378788,654,"Waiter, my vortex is cold."
1621,1816,8,44,134,186,1.3225806451612903,0.040573182322940785,654,I want to talk to FEMA.
3791,1816,10,40,136,186,1.3225806451612903,0.04198128632314873,654,The Chef is really taking Restaurant Week by storm.
6446,1816,15,30,141,186,1.3225806451612903,0.04531050204075425,654,Tomato—I said tomato!
4452,1821,14,41,159,214,1.3224299065420562,0.04049633284299726,654,It started as a tempest in a teapot.
2615,1822,14,40,157,211,1.3222748815165877,0.04088981734118241,654,I wanted it without spouts.
3143,1823,10,38,132,180,1.3222222222222222,0.04290473875974465,654,"Actually, I ordered tournedos of beef."
3665,1823,7,44,129,180,1.3222222222222222,0.04067673621063481,654,Just some bread and a poncho.
3757,1823,14,30,136,180,1.3222222222222222,0.04570677842251725,654,This is not my idea of  'an exciting new addition to the menu.'
3240,1826,14,29,134,177,1.3220338983050848,0.04625277369096828,654,Forget the wine.  I feel like a Dark and Stormy.
3915,1826,9,39,129,177,1.3220338983050848,0.04264167441798044,654,"Did you say ""tournedo"" or ""tornado""?"
3021,1826,13,31,133,177,1.3220338983050848,0.04555346022773848,654,When I saw the menu I hoped you had just misspelled the word 'Tomato'.
1264,1826,11,35,131,177,1.3220338983050848,0.04412159412288499,654,I’ve been blowing on it!
1401,1826,11,35,131,177,1.3220338983050848,0.04412159412288499,654,Well that puts a new twist on tomato bisque.
971,1826,10,37,130,177,1.3220338983050848,0.043387944553260685,654,"I’m afraid today’s potage clearly states funnel not fennel, monsieur. Bon appetit!”"
2587,1826,13,31,133,177,1.3220338983050848,0.04555346022773848,654,I imagine you're going to tell me this was caused by climate change.
674,1833,10,36,128,174,1.3218390804597702,0.043886428273601175,654,"Could I have it shaken, not stirred?"
1158,1833,8,40,126,174,1.3218390804597702,0.04234544899399915,654,I expected this in a teacup. May I speak to your manager?
2134,1833,9,38,127,174,1.3218390804597702,0.04312282247903843,654,May I have some salt and a Doppler radar?
3945,1833,11,34,129,174,1.3218390804597702,0.04463697295593889,654,"If possible, I prefer something less au courant”"
6322,1833,9,38,127,174,1.3218390804597702,0.04312282247903843,654,Glad to see the Wizard's back in the Kitchen.
311,1838,13,39,150,202,1.3217821782178218,0.04154666975334789,654,"Waiter, there was a fly in my soup."
2109,1838,19,27,156,202,1.3217821782178218,0.044963070522905574,654,"I ordered a Tempest in a Teapot, not a Cyclone in a Soup Bowl."
4129,1840,13,29,129,171,1.3216374269005848,0.04666738224442816,654,This soup is out of season.
5060,1841,15,34,150,199,1.321608040201005,0.04316576444144852,654,I am quite certain that I ordered Tournedos of Beef.
5622,1841,10,44,145,199,1.321608040201005,0.04011843711027576,654,Send this back to the kitchen. It sucks.
3308,1843,12,39,145,196,1.3214285714285714,0.0417907623512229,654,but i wanted a tempest in a teacup
3179,1843,16,31,149,196,1.3214285714285714,0.044224227669063594,654,"When I ordered tournedos, I just assumed it would be beef."
3269,1843,13,37,146,196,1.3214285714285714,0.0424122204282396,654,The chef tried a new secret recipe.  We'd ask him but we can't find him.
624,1846,10,51,160,221,1.3212669683257918,0.03745010261820554,654,It started in the teapot.
370,1847,10,42,141,193,1.3212435233160622,0.040931412718458446,654,Soup of the day. Whirled Peas.
3873,1847,13,36,144,193,1.3212435233160622,0.042863710123767614,654,"Well, monsieur, your pronunciation of ""tournedos""  left much to the imagination."
3982,1847,16,30,147,193,1.3212435233160622,0.04471257925930883,654,Please pass on to the chef that the mobile home croutons are phenomenal.”
4363,1847,15,32,146,193,1.3212435233160622,0.044104901970999116,654,You say everyone who ordered it has been resuscitated?
4382,1847,13,36,144,193,1.3212435233160622,0.042863710123767614,654,"Did you by chance bring me the Midwest instead of the Minestrone?"""
4891,1847,16,30,147,193,1.3212435233160622,0.04471257925930883,654,"No, everything isn't O.K.  I ordered the tempest in a teapot."
1395,1853,11,31,123,165,1.3212121212121213,0.04628703051057582,654,It’s farm to table sir.
5708,1853,10,33,122,165,1.3212121212121213,0.04548163765168957,654,And you’re sure the soup is organic?
1215,1855,9,43,138,190,1.3210526315789475,0.04067646781711041,654,Did you say funnel cloud or funnel cake?
5901,1856,12,28,122,162,1.3209876543209877,0.04768574198945381,654,May I suggest that if you don't speak French you take 'tournedos' off   the menu?
5066,1857,17,35,163,215,1.3209302325581396,0.04192079499094786,654,Take it back- I ordered the Tempest in a Teapot.
1881,1858,13,34,140,187,1.320855614973262,0.04380705020518909,654,My crackers are a total loss!
2443,1858,7,46,134,187,1.320855614973262,0.039674319276760114,654,Any suggestions as to a utensil I should use.
2901,1858,9,42,136,187,1.320855614973262,0.041098097554625554,654,Do you have a short term forecast for my soup?
3980,1858,12,36,139,187,1.320855614973262,0.04314576041063998,654,"Impressive, but I ordered the to·ma·to soup."
5755,1858,13,34,140,187,1.320855614973262,0.04380705020518909,654,I’ll take those ruby slippers whenever they’re ready.
3234,1863,9,50,153,212,1.320754716981132,0.0378808802009696,654,I’ve had all I want for now. Could you pack the rest to go please?
4062,1863,15,38,159,212,1.320754716981132,0.041270151618167016,654,"Yes, it is unusual. We don't see very many tornados touch down in Manhattan."
4931,1865,10,56,171,237,1.3206751054852321,0.03578601468269151,654,I specifically asked that it be served in a teapot.
3203,1866,9,41,134,184,1.3206521739130435,0.04153216175805556,654,"I thought ""Tornado Soup "" was a typo ."
5419,1866,12,35,137,184,1.3206521739130435,0.043624649614925494,654,"While I'm waiting for this to cool, when can I expect Chateaubriand to touch down?"
773,1868,13,49,172,234,1.3205128205128205,0.03757084658245133,654,"I thought I was getting Thai Food, not a typhoon."
4354,1869,11,36,134,181,1.3204419889502763,0.04341696301842776,654,I thought I told you quite clearly that I like my tempest in a teacup.
5222,1869,14,30,137,181,1.3204419889502763,0.045488402262100006,654,Could you wrap this in an act of God bag?
2056,1869,17,24,140,181,1.3204419889502763,0.047469535525152616,654,"Tell Anatole to walk it back on the habaneros, eh?"
2466,1872,10,46,150,206,1.3203883495145632,0.03918853949261522,654,Hey!  I ordered BEEF tournedos.
3519,1873,13,31,134,178,1.3202247191011236,0.045332934368554345,654,"My apologies, sir. We only give refunds in the event of black hole."
2805,1874,7,51,145,203,1.3201970443349753,0.03766951221311162,654,Calling this 'chicken soup with a twist' is a bit misleading. . .
6387,1874,11,43,149,203,1.3201970443349753,0.04017568358272797,654,Am I going to be blown away??!!
1682,1876,10,44,146,200,1.32,0.03994971713914239,654,"tuh-MAH-toh, not tor-NAH-doh"
4612,1876,14,28,133,175,1.32,0.04658449251122883,654,"I said ""Cream of Tomato"", not ""Tornado""!"
5701,1876,14,28,133,175,1.32,0.04658449251122883,654,Does global warming also affect the tomato bisque?
1893,1879,12,47,163,222,1.3198198198198199,0.03838617838890364,654,"I thought you said ""with a soupcon of fennel,"" not funnel."
4743,1880,14,35,148,197,1.3197969543147208,0.04283683102126953,654,"Pardon, monsieur, but I ordered the  TOURNEDOS. s'il vous plait."
4030,1880,15,33,149,197,1.3197969543147208,0.04343721285532107,654,I could use a spoon.
2708,1880,15,33,149,197,1.3197969543147208,0.04343721285532107,654,"No, you're mistaken.  I ordered the tempest in a teacup."
797,1880,14,35,148,197,1.3197969543147208,0.04283683102126953,654,That's quite the twist of pepper.
1632,1880,9,45,143,197,1.3197969543147208,0.03969895777569541,654,Could i have some garlic bread to calm it down
533,1885,11,33,128,172,1.319767441860465,0.044944618405000865,654,"Excuse me, I ordered fennel soup?"
6461,1885,12,31,129,172,1.319767441860465,0.04569483755935121,654,"Wrap this to go and I’ll take the check, please"
5842,1887,11,40,143,194,1.3195876288659794,0.0414037017567014,654,Waiter I ordered a Category 2...
6061,1887,10,42,142,194,1.3195876288659794,0.04075353443758232,654,I thought I ordered Cream of TOMATO Soup.
6505,1887,12,38,144,194,1.3195876288659794,0.04204381606325179,654,I'm going to pass on the Kansas special.
5959,1890,14,26,129,169,1.319526627218935,0.04775369812965672,654,"The prediction is high winds and heavy rains, becoming a Category 2, unless you eat it right away."
871,1891,10,49,157,216,1.3194444444444444,0.03797136521794415,654,You better hope we end up outside Kansas.
6661,1891,12,45,159,216,1.3194444444444444,0.03908909337381308,654,"Sir, the chef was last seen storming about the kitchen."
5969,1893,10,41,140,191,1.3193717277486912,0.041172644798798376,654,TORNADO soup?!  I thought you said Tomato soup.
5777,1894,13,34,141,188,1.3191489361702127,0.04360682163752046,654,I may not have been clear about my dietary restrictions.
950,1894,10,40,138,188,1.3191489361702127,0.041603930259310785,654,Don’t try to blame this on global warming!
4911,1896,11,30,122,163,1.3190184049079754,0.04662795930378374,654,"It may be farm to table, but is it organic?"
745,1897,10,39,136,185,1.318918918918919,0.042047963696146724,654,"Believe me, there was a fly in my soup."
1755,1897,12,35,138,185,1.318918918918919,0.04342280580701183,654,The dish? It sucks.
6643,1897,10,39,136,185,1.318918918918919,0.042047963696146724,654,I hope this substitute for funnel cake satisfies the gentleman.
2721,1900,8,35,117,160,1.31875,0.04466144042690841,654,I thought the menu said Beef “Tournedos” soup!
1299,1901,13,32,137,182,1.3186813186813187,0.044596451972318624,654,"But I asked for tomato, not tornado soup."
2853,1901,13,32,137,182,1.3186813186813187,0.044596451972318624,654,"If the soup's a disaster, why should I have confidence in the entree?"
4010,1901,10,38,134,182,1.3186813186813187,0.04250535524888666,654,Tomato soup! Not tornado!
6676,1901,10,38,134,182,1.3186813186813187,0.04250535524888666,654,I thought you said pumpkin soup with a twist.
5485,1905,12,33,134,179,1.318435754189944,0.04441331899467989,654,Our farm to table credentials are impeccable.
4267,1905,11,35,133,179,1.318435754189944,0.04370094055607176,654,I'm pretty sure the menu said beef tournedos
5313,1905,15,27,137,179,1.318435754189944,0.04648499758026046,654,"Waiter, I ordered beef tournedos."
1819,1905,11,35,133,179,1.318435754189944,0.04370094055607176,654,It’s our tomato soup with a new twist.
562,1905,10,37,132,179,1.318435754189944,0.042976755424850785,654,"Waiter, there's a twister in my soup."
3272,1905,15,27,137,179,1.318435754189944,0.04648499758026046,654,I still don't believe in climate change.
1507,1911,11,42,148,201,1.318407960199005,0.040402788727965405,654,"I said  T O M A T O  soup."""
16,1912,11,41,146,198,1.3181818181818181,0.04080741322317195,654,Since when does seasonal include hurricane season?
2571,1912,14,35,149,198,1.3181818181818181,0.04265052711062992,654,Is it too late to change it to the cheesy earthquake flatbread?
2993,1912,12,39,147,198,1.3181818181818181,0.04143089592219795,654,"Never mind, the twister took care of it."
4164,1912,14,28,134,176,1.3181818181818181,0.0463547228508435,654,I think you misheard my request of 'twist of lemon'
6141,1912,11,34,131,176,1.3181818181818181,0.04420356474056496,654,I said the New England--not the Kansas--clam chowder.
2722,1917,14,41,162,217,1.3179723502304148,0.040017252806103285,654,"Waiter, I ordered 'tomato' soup.."
375,1918,15,32,148,195,1.317948717948718,0.043713186841777114,654,If I wanted it to go I would’ve asked.
3412,1918,14,34,147,195,1.317948717948718,0.04310422960405288,654,Do you have a trailer park for an entree?
6583,1920,12,31,130,173,1.3179190751445087,0.045467523581122674,654,"I'm sorry, I thought I ordered the beef tournedos."
4446,1920,12,31,130,173,1.3179190751445087,0.045467523581122674,654,I think it's a rift in the soup-time continuum.
3667,1920,12,31,130,173,1.3179190751445087,0.045467523581122674,654,There's a damn hair in my soup.
2953,1923,11,39,142,192,1.3177083333333333,0.04165132516431587,654,I'm sorry.  I ordered the tempest in teapot.
3551,1923,15,31,146,192,1.3177083333333333,0.044192566967801356,654,This molecular gastronomy thing is getting out of hand.
3908,1923,11,39,142,192,1.3177083333333333,0.04165132516431587,654,"I hate to complain, but you forgot the soup spoon."
4055,1923,16,29,147,192,1.3177083333333333,0.04480536236901356,654,But I asked for this in a teapot.
4099,1923,10,41,141,192,1.3177083333333333,0.04099140600331445,654,Could I order something a bit more understated?
5799,1923,14,33,145,192,1.3177083333333333,0.04357115391389811,654,"So, the name Dust Bowl is literal, then?"
6565,1923,14,33,145,192,1.3177083333333333,0.04357115391389811,654,Could I have this wrapped up to go?
3749,1930,14,26,130,170,1.3176470588235294,0.047509157460295715,654,"Oh, you wanted tournedos."
6169,1930,15,24,131,170,1.3176470588235294,0.04823622795017713,654,"I ordered ""tomato"" soup, sir."
6453,1930,12,30,128,170,1.3176470588235294,0.046020568814809495,654,"What do I get with my steak, a cattle stampede?"
1020,1933,6,55,150,211,1.3175355450236967,0.03609371140219861,654,"Waiter, there's a fumarole in my soup."
2648,1934,8,44,137,189,1.3174603174603174,0.04003557918678408,654,This sure beats Benihana.
1631,1934,10,40,139,189,1.3174603174603174,0.04141765543196459,654,You call it tor-nay-do. I call it tor-nah-do.
978,1934,12,36,141,189,1.3174603174603174,0.04275507878767893,654,"No, I ordered the tournedos!"
1582,1934,13,34,142,189,1.3174603174603174,0.04340834081683469,654,I ordered the soup with fish tournedos.
3479,1938,11,44,153,208,1.3173076923076923,0.03946457786036806,654,Are you certain this is gluten free?
4571,1938,14,38,156,208,1.3173076923076923,0.04119230881997292,654,I thought you were kidding when you said that the chef’s soup would transport me to another place.
6841,1938,15,36,157,208,1.3173076923076923,0.04175233453745639,654,"I ordered the French Onion, not the Dorothy."
2513,1941,12,35,139,186,1.3172043010752688,0.043222741168943556,654,I ordered bean sprout not water spout soup!
4846,1941,13,33,140,186,1.3172043010752688,0.04388995321170083,654,"Sorry sir, I can't return the soup due to Force Majeure"
4990,1941,10,39,137,186,1.3172043010752688,0.04185642216699712,654,I'll have them turn down the air conditioner
6664,1941,9,41,136,186,1.3172043010752688,0.04115625636345084,654,"No, I ordered steak Tournedo"
6315,1945,12,28,124,164,1.3170731707317074,0.04718318553499707,654,"For the last time, I ordered the funnel CAKE!"
5729,1945,10,32,122,164,1.3170731707317074,0.04556994183730636,654,You didn’t have to blow that hard; it wasn’t that hot.
6092,1945,12,41,152,205,1.3170731707317074,0.04043943340170292,654,My understanding was that the tempest was in the teapot.
2497,1945,8,36,120,164,1.3170731707317074,0.0438974509610867,654,I said tomato bisque. T-O-M-A-T-O
846,1945,10,32,122,164,1.3170731707317074,0.04556994183730636,654,"No, I definitely did not order the Minestorme soup"
2890,1945,12,28,124,164,1.3170731707317074,0.04718318553499707,654,"I asked for cream of tomato soup, not screaming tornado soup!"
1120,1951,14,30,139,183,1.3169398907103824,0.04505762250082869,654,"Our latest soup, Sir, with a new twist !"
2560,1951,12,34,137,183,1.3169398907103824,0.04370458631165573,654,"Waiter, there's a Dorothy in my soup."
6459,1951,8,42,133,183,1.3169398907103824,0.04086433534470527,654,We think it has something to do with climate change!
6527,1954,8,41,131,180,1.3166666666666667,0.041297245013268244,654,A warning would've been nice.
358,1954,12,33,135,180,1.3166666666666667,0.04420130576588278,654,"Not to worry, the fly has gone"
1497,1954,10,37,133,180,1.3166666666666667,0.04277392825714615,654,"Waiter, there is, amongst other things, a fly in my soup."
2655,1954,10,37,133,180,1.3166666666666667,0.04277392825714615,654,This gave us our third Michelin star.
3263,1954,12,33,135,180,1.3166666666666667,0.04420130576588278,654,"On a scale of  EF-1 to EF-4, how would you rate the soup?"
4635,1954,11,35,134,180,1.3166666666666667,0.04349347290086495,654,Your seasonal menu just blows me away!
5062,1954,10,37,133,180,1.3166666666666667,0.04277392825714615,654,But I distinctly ordered the Tempest in a Teapot!
5890,1954,10,37,133,180,1.3166666666666667,0.04277392825714615,654,Excuse me sir.  I ordered tornados of beef.
1282,1962,13,37,149,199,1.3165829145728642,0.04186386300597685,654,"I did warn you, sir- our Tournedos Rossini are exceptional."
2677,1963,11,47,160,218,1.31651376146789,0.03823588149193672,654,Crackers are ill-advised.
249,1964,11,34,132,177,1.3163841807909604,0.04398986300112271,654,I didn’t blow on it.
688,1964,15,26,136,177,1.3163841807909604,0.0468178746677874,654,"Excuse me sir, but I ordered the tournedo."
2198,1964,13,30,134,177,1.3163841807909604,0.045425881583444225,654,I take it you're aware of the too-hot-coffee lawsuit against McDonalds?
2291,1964,10,36,131,177,1.3163841807909604,0.043253979140303024,654,It’s our cream of tornado soup!
2457,1964,10,36,131,177,1.3163841807909604,0.043253979140303024,654,I thought the tornado bisque came with croutons
3105,1964,13,30,134,177,1.3163841807909604,0.045425881583444225,654,You can pull this together and you STILL can't get me a spoon?!
3802,1964,11,34,132,177,1.3163841807909604,0.04398986300112271,654,When I asked for a “twist” I meant lemon!
6837,1964,8,40,129,177,1.3163841807909604,0.04174331132881311,654,Can I still change my order?
1749,1972,14,34,148,196,1.316326530612245,0.042914416889014644,654,"Excuse me, I asked for the “tomato” soup."
2743,1972,14,34,148,196,1.316326530612245,0.042914416889014644,654,"I ordered the Tournedos, not the Tornado !"
5974,1972,13,36,147,196,1.316326530612245,0.04230033750653711,654,I was thinking that a jar of moonshine would make for a much better pairing.
6023,1975,16,36,163,215,1.3162790697674418,0.041303743188565355,654,Not tornado...I said tomato.
146,1976,12,31,131,174,1.3160919540229885,0.045242370104201284,654,There’s a hyperbole in my soup!
6316,1977,10,41,142,193,1.3160621761658031,0.04081167495135439,654,Our chef is trying a new twister on an old classic
1996,1977,14,33,146,193,1.3160621761658031,0.043376056493521116,654,I ask for tournedous of beef....
3265,1977,10,41,142,193,1.3160621761658031,0.04081167495135439,654,There's been a mistake.  I ordered Thai Pho.
1780,1980,8,38,125,171,1.3157894736842106,0.042677569081251455,654,"The soup is angry, monsieur."
1921,1980,8,32,112,152,1.3157894736842106,0.04613036809080713,654,"Check, please. I'm on a whirlwind tour of the city."
1984,1980,9,42,139,190,1.3157894736842106,0.04055196705800677,654,What do you mean your menu has a force majeure clause?
2351,1980,8,44,138,190,1.3157894736842106,0.03985934319249087,654,I presume this dish will not need stirring?
4208,1980,10,34,127,171,1.3157894736842106,0.0442602959987142,654,I did not order the meal to go.
5651,1980,14,32,144,190,1.3157894736842106,0.04385129410813499,654,Typo on the menu? I ordered vichyssoise with fennel.
6107,1980,12,36,142,190,1.3157894736842106,0.04256226509344115,654,We also have tempest-in-a-teapot.
6538,1987,16,33,157,206,1.3155339805825244,0.042559117764645306,654,"I said ‘tomato,’ not ‘tornado.’"
5398,1988,15,29,143,187,1.3155080213903743,0.044984496571628806,654,Our chef came to us from the Land of Oz.
5543,1988,15,29,143,187,1.3155080213903743,0.044984496571628806,654,So this is what you meant by minestrone with a twist...
5099,1988,10,39,138,187,1.3155080213903743,0.04166653213869419,654,Can you turn down the AC a little bit?
3359,1988,7,45,135,187,1.3155080213903743,0.03954234289545836,654,There won't be anything else.
972,1988,10,39,138,187,1.3155080213903743,0.04166653213869419,654,I thought the menu said tournadoes of beef.
4097,1988,10,39,138,187,1.3155080213903743,0.04166653213869419,654,Cancel my order of beef tournedos.
2579,1994,10,33,125,168,1.3154761904761905,0.044788162917489625,654,The chef blames it on climate change.
6025,1994,12,29,127,168,1.3154761904761905,0.046352470661044774,654,What seems to be the problem?
3096,1996,10,44,149,203,1.3152709359605912,0.039451520593792325,654,"It looks nice, but I ordered tournedos."
5191,1996,11,42,150,203,1.3152709359605912,0.04006489520021047,654,"I said, Tomato.
You said, Tornado."
5239,1998,13,32,139,184,1.315217391304348,0.044177964449424616,654,"Oklahoma Soup, sir."
544,1999,15,22,128,165,1.3151515151515152,0.04924114501721204,654,"OK, you win. Climate Change IS real."
5697,1999,13,26,126,165,1.3151515151515152,0.047716566332787654,654,"Sure, the fly is gone..."
6765,2001,12,39,149,200,1.315,0.041076898103300646,654,"Yes sir, they are ‘in season’.”"
1021,2001,11,41,148,200,1.315,0.040460601843120635,654,"Nevertheless, there’s a fly in my soup."
6649,2001,12,39,149,200,1.315,0.041076898103300646,654,"Sir, I believe I ordered the ""tomato"" soup not the "" tornado"" soup."
5217,2004,7,43,131,181,1.3149171270718232,0.04035208905833989,654,I guess a butterfly flapped it’s wings in China.
5133,2004,17,23,141,181,1.3149171270718232,0.047351500857127346,654,"Climate change sir. Our chef desires to stay
“ ou courrent”"
4782,2004,8,41,132,181,1.3149171270718232,0.041105698456263065,654,I said a twist of pepper.
1376,2004,10,37,134,181,1.3149171270718232,0.04257291573274369,654,"It's gazpacho with a twist, sir. Would you want some pepper with that?"
1416,2004,12,33,136,181,1.3149171270718232,0.04399122483402074,654,"No, my soup is on the fly."
743,2004,14,29,138,181,1.3149171270718232,0.04536521322343179,654,Did the chef survive
2671,2004,8,41,132,181,1.3149171270718232,0.041105698456263065,654,Chef believes that great food makes its own weather.
5791,2011,12,27,123,162,1.3148148148148149,0.047539104226508755,654,And our featured drink today is a tempest in a teacup.
5203,2012,12,38,147,197,1.3147208121827412,0.04149619073550728,654,"I said beef tournedos,not tornado."
4658,2012,9,44,144,197,1.3147208121827412,0.03957956214356836,654,Are you sure this is the Beef Tournedos?
4718,2012,8,46,143,197,1.3147208121827412,0.03891971699258512,654,This is a twist of lemon?
6375,2012,8,46,143,197,1.3147208121827412,0.03891971699258512,654,I think pepper may be a bad idea.
805,2016,9,38,131,178,1.3146067415730338,0.042303245807502755,654,Is this a starter or a finisher?
6787,2016,14,28,136,178,1.3146067415730338,0.045901682607438925,654,A life jacket and some bread would be nice.
6149,2016,7,42,129,178,1.3146067415730338,0.04077504949981514,654,"I specifically asked for the F2 chili, not the F5!"
179,2016,8,40,130,178,1.3146067415730338,0.04154617471899413,654,"For dessert, I'll go with the bombe flambe."
6123,2016,8,40,130,178,1.3146067415730338,0.04154617471899413,654,"Well, it's not the tournedos I asked for."
44,2021,16,35,162,213,1.3145539906103287,0.04154132514995814,654,"Sir, you ordered from the rotating soup menu."
320,2022,10,41,143,194,1.3144329896907216,0.04063343452115038,654,"I'd like to meet the chef who cooked up a storm"""
2328,2022,13,35,146,194,1.3144329896907216,0.04255965050364756,654,Actually I ordered TOURNEDOS!
5736,2022,16,29,149,194,1.3144329896907216,0.04440238395627695,654,And how exactly does one eat Tasmanian devil stew?
2843,2025,10,35,130,175,1.3142857142857143,0.04353594883761751,654,At least it’s Instagrammable
4494,2025,10,46,154,210,1.3142857142857143,0.03855948609664003,654,Please give my compliments to the atmospheric conditions which produced this soup.
5025,2025,11,33,131,175,1.3142857142857143,0.04428386033515415,654,Is Dorothy coming too?
3286,2028,7,46,138,191,1.3141361256544504,0.03898400816074481,654,Is this another example of your twisted humor?
4510,2028,10,40,141,191,1.3141361256544504,0.04104981967381884,654,"Waiter, there's been a mistake.....I ordered ""TY FUN' not ""TYPHOON""."
4420,2028,12,36,143,191,1.3141361256544504,0.04237110922830628,654,"No, no, no!  I asked for a Tournedo Oscar, not a tornado, Oscar."
809,2028,10,40,141,191,1.3141361256544504,0.04104981967381884,654,Do you have an updated forecast?
1835,2028,14,32,145,191,1.3141361256544504,0.043652423749673736,654,I have no spoon.
4144,2028,10,40,141,191,1.3141361256544504,0.04104981967381884,654,I see there’s been some menu changes since our local weatherman bought the restaurant.
4663,2034,8,38,126,172,1.313953488372093,0.04246842317314245,654,"No no, I ordered the SPROUT soup."
3474,2035,11,37,140,188,1.3138297872340425,0.04215846908873713,654,I’ll take it to go.
3323,2035,11,37,140,188,1.3138297872340425,0.04215846908873713,654,"I hate to be a bother, but I actually ordered the Tournedos of Beef."
4455,2035,11,37,140,188,1.3138297872340425,0.04215846908873713,654,So where's the beef tournedos I ordered?
2482,2035,9,41,138,188,1.3138297872340425,0.040786737170752624,654,Can you turn down the fan?
2631,2035,9,41,138,188,1.3138297872340425,0.040786737170752624,654,Did you make a wish?
2260,2040,16,32,156,204,1.3137254901960784,0.04281732028894209,654,"Oh tomato, I thought you said tornado."
3881,2041,15,28,142,185,1.3135135135135134,0.04528802465044823,654,"Well this is outrageous, the menu stated quite clearly it would come in a teacup"
3128,2041,13,32,140,185,1.3135135135135134,0.04397154038214513,654,This isn’t what I had in mind when I ordered tournedos!
1071,2041,12,34,139,185,1.3135135135135134,0.04329829046276684,654,Did you put your recipe in the cloud?
2533,2041,12,34,139,185,1.3135135135135134,0.04329829046276684,654,Sorry sir. Probably Climate related!
1551,2045,12,39,150,201,1.3134328358208955,0.04090205852550662,654,That's how you know it's hot.  It makes its own weather.
5129,2046,16,20,130,166,1.3132530120481927,0.04972022616469423,654,I would have preferred a fly.....
1331,2047,7,43,132,182,1.3131868131868132,0.04016704829604056,654,I bet this never happens at the corner table.
1510,2047,8,41,133,182,1.3131868131868132,0.04091582257161089,654,When will this be ready to eat?
1591,2047,12,33,137,182,1.3131868131868132,0.04378305161009105,654,"For future, how DO you pronounce tournedos?"
2012,2047,10,37,135,182,1.3131868131868132,0.0423736955256645,654,You have three wishes or I could take back the genie soup special
6831,2047,13,31,138,182,1.3131868131868132,0.044470983530690934,654,Does this mean we’re not in Kansas anymore?
5478,2052,14,34,150,198,1.3131313131313131,0.042539574604401276,654,I thought I ordered tournedos of beef...
3016,2053,12,43,159,214,1.3130841121495327,0.0391944702181023,654,"I'm afraid so Sir, genetically modified foods can be unpredictable."
2380,2054,8,35,120,163,1.312883435582822,0.04396595909092597,654,"So, this is the soup for those feeling a bit under the weather?"
1290,2055,13,30,136,179,1.312849162011173,0.044986012837957536,654,I will not be bullied into Lent.
6733,2055,11,34,134,179,1.312849162011173,0.043568336596445,654,"That's right, a fly. And a rambunctious one at that."
1153,2055,12,32,135,179,1.312849162011173,0.04428284828710778,654,I've heard of funnel cake but soup??
1055,2058,10,41,144,195,1.3128205128205128,0.04045666780409581,654,"Don't ""tempest in a soup bowl"" me. I want to see the chef."
2192,2059,11,38,143,192,1.3125,0.04153009905357379,654,Should we be crawling under the table?
6103,2059,13,34,145,192,1.3125,0.042823173294720566,654,When you said “whirlwind of flavor” I was thinking cayenne pepper.
4681,2059,10,35,131,176,1.3125,0.04332469527624194,654,I asked for the space time continuum on the side.
4047,2059,13,34,145,192,1.3125,0.042823173294720566,654,Actually I ordered the tournedos of beef
2019,2059,14,37,157,208,1.3125,0.04108781303238792,654,"I hate to complain, but this appears to be a bit over-stirred."
1973,2059,13,24,123,160,1.3125,0.048715820141669294,654,No spoon?
819,2059,14,37,157,208,1.3125,0.04108781303238792,654,I was expecting this in a teapot
807,2059,9,42,141,192,1.3125,0.040195448545446454,654,I can’t wait to see the main course.
430,2059,12,36,144,192,1.3125,0.04218159135469713,654,"I apologize for the misunderstanding, Sir.  I'll return right away with your Funnel Cake."
316,2059,13,34,145,192,1.3125,0.042823173294720566,654,We're not in Kansas any more.
1823,2059,13,29,134,176,1.3125,0.04551740783024024,654,"I asked for the minestrone soup, not the maelstrom."
3668,2070,13,38,154,205,1.3121951219512196,0.04091829472862781,654,Very impressive—but I'm afraid I ordered the tournedos.
5108,2071,13,33,143,189,1.312169312169312,0.04328811014802069,654,"Waiter,I ordered the Beef Tournedos!"
3685,2071,8,43,138,189,1.312169312169312,0.039905187990259536,654,I thought you said the soup was tomato.
4125,2071,10,39,140,189,1.312169312169312,0.041291628802914045,654,And I'll have the tournedos of beef as an entree.
520,2074,12,30,131,173,1.3121387283236994,0.04533059867444544,654,Could you turn down the exhaust fan a bit?
1343,2074,7,40,126,173,1.3121387283236994,0.04145837069344609,654,I told him tournedos.
2180,2074,10,34,129,173,1.3121387283236994,0.043822785237046,654,I think this culinary chemistry craze is getting a little out of hand.
5266,2077,7,49,146,202,1.311881188118812,0.03758362108258066,654,Can you get me a larger spoon?
937,2078,10,38,138,186,1.3118279569892473,0.041727440187391995,654,Wait until my editor gets wind of this.
941,2078,12,34,140,186,1.3118279569892473,0.04309784846286386,654,I didn't know it was in season.
5665,2078,11,36,139,186,1.3118279569892473,0.042418178925552386,654,I read it as 'tournedo'.
6028,2081,13,41,161,215,1.3116279069767443,0.0395917358463598,654,I wanted a tournedo
1179,2082,14,34,151,199,1.3115577889447236,0.042354507391378735,654,I think you misunderstood. I ordered white bean and fennel soup.
5432,2083,13,31,139,183,1.3114754098360655,0.04426040460254633,654,I heard creamy tornado.
3182,2083,8,41,134,183,1.3114754098360655,0.04072759769119163,654,I thought the menu said TOMATO soup
2861,2083,9,39,135,183,1.3114754098360655,0.04145824952976991,654,You might have taken “Experience Dining” too far
1600,2083,8,41,134,183,1.3114754098360655,0.04072759769119163,654,New twist on an old standby?
662,2083,11,35,137,183,1.3114754098360655,0.04288222166384206,654,"The wine is exceptional, but it
 doesn't  go with the soup."
8,2083,11,35,137,183,1.3114754098360655,0.04288222166384206,654,"I ordered TOMATO soup, TOMATO!"
2539,2083,17,23,143,183,1.3114754098360655,0.046895419574725435,654,This'll be one for the climate change deniers.
1502,2090,8,36,123,167,1.311377245508982,0.04323024931867899,654,"I clearly said 'Tournedos"""
3849,2090,9,34,124,167,1.311377245508982,0.0440567738610973,654,"Sorry, but I ordered the tournedos de boeuf."
2822,2092,11,44,157,212,1.3113207547169812,0.038832104718855565,654,"I'd say that's rather a tad more than a ""twist"" of pepper."
4313,2093,5,37,109,151,1.3112582781456954,0.04325133739700127,654,"Tomato soup, tornado soup, let's call the whole thing off."
6660,2093,9,29,113,151,1.3112582781456954,0.04715802232527832,654,Excuse me waiter--I ordered the tournedos of beef !!!
5686,2095,11,39,146,196,1.3112244897959184,0.04092574293023467,654,"Well, to be frank, we're pretty sure it's a result of climate change."
5176,2095,14,33,149,196,1.3112244897959184,0.04280072786370856,654,"I ordered the Italian White Bean Soup with a Fennel Cloud, not a funnel cloud."
2464,2095,13,35,148,196,1.3112244897959184,0.04218499356294894,654,May I see Dorothy after the soup has settled?
2557,2095,12,37,147,196,1.3112244897959184,0.041560137850455314,654,"Sure they sound the same, but why would you think I said creamy tornado soup?"
933,2095,8,45,143,196,1.3112244897959184,0.038960628371730185,654,But I ordered beef tournedos!
3424,2095,7,47,142,196,1.3112244897959184,0.0382831808940019,654,I didn't know a tempest was available in a soup bowl.
752,2101,6,44,130,180,1.3111111111111111,0.039620240180504016,654,I didn't realize this dish was in season.
1829,2101,12,32,136,180,1.3111111111111111,0.044070431249825036,654,I thought these only came in teacups?
3211,2101,11,34,135,180,1.3111111111111111,0.043360461991482135,654,In December ?
3438,2101,10,36,134,180,1.3111111111111111,0.04263867279458846,654,"Excuse me, but I ordered  TOMATO soup."
6742,2101,10,36,134,180,1.3111111111111111,0.04263867279458846,654,The soup isn't exactly blowing me away.
43,2106,13,39,157,209,1.3110047846889952,0.040351980367064604,654,I just blew on it to cool it off.
5127,2107,13,34,146,193,1.310880829015544,0.04263147342540826,654,I think the chef may have gotten carried away.
4710,2107,11,38,144,193,1.310880829015544,0.04134607350310579,654,"More crackers, please."
956,2107,10,40,143,193,1.310880829015544,0.04068814849530136,654,This dish is a real tongue twister.
1340,2107,15,30,148,193,1.310880829015544,0.04387923493770549,654,"Excuse me, Sir, but I seem to have lost Toto."""
501,2107,17,26,150,193,1.310880829015544,0.04509248264417716,654,"Excuse me, I ordered TOMATO soup."
344,2107,8,44,141,193,1.310880829015544,0.03933930217579655,654,Tornados. Not Tournedos.
63,2107,13,34,146,193,1.310880829015544,0.04263147342540826,654,"I ordered cream of tomato soup,....not cream of tornado soup!"
850,2107,14,32,147,193,1.310880829015544,0.04325985312700244,654,"Please take  this back, I ordered the tempest in a teapot."
1293,2115,8,39,130,177,1.310734463276836,0.041599691107004504,654,"Is your chef, by chance, a former weatherman?"
1604,2115,10,35,132,177,1.310734463276836,0.043115391346637943,654,I asked for the Parting of the Red Sea.
1937,2115,10,35,132,177,1.310734463276836,0.043115391346637943,654,I thought the tempest only came in a teapot.
6632,2115,11,33,133,177,1.310734463276836,0.04385360083689272,654,"Sorry, sir, that tempest should be in table 7's teapot."
276,2119,12,40,154,206,1.3106796116504855,0.0401620282334568,654,I don't mean to be rude but I did ask for the tornado on the side.
4236,2120,13,33,144,190,1.3105263157894738,0.04309100915656849,654,It’s the latest in meteorological gastronomy.
4672,2120,9,41,140,190,1.3105263157894738,0.040423457298750166,654,Did I mispronounce tournedos?
5919,2120,14,31,145,190,1.3105263157894738,0.04373248063703187,654,Are these kinds of soup events the new normal?
6158,2123,11,41,151,203,1.3103448275862069,0.039950792741310484,654,"But the menu said ""a twist of lemon""."
5359,2123,12,39,152,203,1.3103448275862069,0.04055661710375477,654,"Tournedo, tournedo! T-o-u-r-n-e-d-o."
220,2123,13,28,133,174,1.3103448275862069,0.04583560741527553,654,"I said ""Tournedos"" not Tornadoes"
3338,2123,15,33,155,203,1.3103448275862069,0.0423220892870952,654,"Interesting, but I ordered  Tournedos!"
2739,2123,15,33,155,203,1.3103448275862069,0.0423220892870952,654,I asked for the beef tournados.
3581,2123,11,41,151,203,1.3103448275862069,0.039950792741310484,654,Maybe turn the air conditioner down a little?
4310,2129,14,30,143,187,1.3101604278074865,0.04421924586773111,654,It's normally served in a teapot.
5678,2129,12,34,141,187,1.3101604278074865,0.04289918055832344,654,"So, where does Chef source the watersprouts?"
6613,2129,10,38,139,187,1.3101604278074865,0.041537184305636514,654,"Waiter, I think my birds nest soup is flying south for the winter ."
449,2132,10,42,148,200,1.31,0.0397163308309487,654,May I suggest a bib?
4840,2132,9,44,147,200,1.31,0.03907858337237878,654,Fennel was mis-spelled on this week’s ingredient order.
5910,2132,13,36,151,200,1.31,0.04157091174748982,654,We were all out of Tempest in a Teapot.
89,2135,11,31,129,171,1.3099415204678362,0.044887620795660756,654,It needs more salt.
2550,2135,8,37,126,171,1.3099415204678362,0.04252646413566294,654,I ordered tournedos of beef.  Where's the beef?
6845,2137,15,27,142,184,1.309782608695652,0.04538004799217155,654,"It tasted so bad, I just uttered, ""Oh My GOD, take it away""!"
1361,2137,11,35,138,184,1.309782608695652,0.042682111367661875,654,"So, I am not in Kansas anymore?"
6652,2137,13,31,140,184,1.309782608695652,0.04405173882251008,654,"I ordered a funnel cake with a strawberry citrus drizzle---not a weather situation."""
468,2140,12,37,148,197,1.3096446700507614,0.04137880382215259,654,Just wondering if this soup is covered by FEMA.
2009,2140,12,37,148,197,1.3096446700507614,0.04137880382215259,654,I always order broth when I'm feeling under the weather.
5386,2140,8,45,144,197,1.3096446700507614,0.038794534808108065,654,"We can't be sure, Sir, but we suspect global warming."
1156,2143,8,36,124,168,1.3095238095238095,0.04301210775782905,654,May I have a storm chaser with my wine?
3013,2143,9,34,125,168,1.3095238095238095,0.0438329489448384,654,Can I have the climate denier entree instead?
6566,2143,14,37,159,210,1.3095238095238095,0.040749682488856756,654,This was supposed to come in a teapot.
2428,2146,17,35,171,223,1.3094170403587444,0.04061156933679398,654,"Waiter, a suggestion for the Chief, stop stirring the soup clockwise."
4565,2147,14,28,139,181,1.3093922651933703,0.045237940322291094,654,If you like the tomato tornado you should really try the funnel cake.
5851,2147,13,30,138,181,1.3093922651933703,0.044554280270229216,654,Is the tornado vegan?
3659,2147,11,34,136,181,1.3093922651933703,0.04315448043932483,654,So even your soups are flown in fresh every day?
109,2147,11,34,136,181,1.3093922651933703,0.04315448043932483,654,Is the chef missing a funnel?
1761,2147,12,32,137,181,1.3093922651933703,0.04385996507286688,654,"Funnel cake, not funnel cloud"
3655,2147,4,48,129,181,1.3093922651933703,0.037849672423322676,654,"Waiter, there's a Coriolis Effect in my soup"
1562,2147,12,32,137,181,1.3093922651933703,0.04385996507286688,654,I like my soup less globally warmed.
3512,2154,15,30,149,194,1.309278350515464,0.043681870872009476,654,Chef Toto calls this his Kansas special.
4430,2154,11,38,145,194,1.309278350515464,0.04116360094632425,654,You should not have blown on it so hard.
893,2156,15,34,158,207,1.3091787439613527,0.041717658508544316,654,"Waiter, there is a ' No Fly Zone"" in my soup!"
1796,2156,9,46,152,207,1.3091787439613527,0.038196208446953525,654,"It's our new ""Climate Change Clam Chowder."""
2493,2158,9,37,132,178,1.3089887640449438,0.042161801816988656,654,"No, I'm sure blowing on it won't help."
4648,2158,8,39,131,178,1.3089887640449438,0.04140214439357237,654,"Let me guess Toto, we're not in Sarti's anymore?"
6494,2158,14,27,137,178,1.3089887640449438,0.0457713599623071,654,"Take it back, I’m a gastronomical change denier.”"
6655,2158,14,27,137,178,1.3089887640449438,0.0457713599623071,654,"Yes sir, you ordered the tomato tornado."
905,2162,10,39,142,191,1.3089005235602094,0.040923100668992546,654,Sorry... but I actually ordered the tsunami bisque.
4563,2162,12,35,144,191,1.3089005235602094,0.042248353463164884,654,I think that was too much fresh ground pepper after all.
6165,2162,11,37,143,191,1.3089005235602094,0.0415910058709393,654,"Sure, but where's the spoon?"
6051,2165,9,45,150,204,1.3088235294117647,0.038550513929031825,654,"Hm, it’s a little too salty"
5671,2166,10,30,122,162,1.308641975308642,0.045740212713391765,654,"Tell the chef I prefer my soup hot, not turbulent."
4319,2166,10,30,122,162,1.308641975308642,0.045740212713391765,654,"The atmosphere in this place is a bit much, don't you think?"
2277,2168,12,30,133,175,1.3085714285714285,0.04488157848452404,654,"I thought you said the Soup of the Day was Tomato,not Tornado..."
482,2169,10,38,140,188,1.3085106382978724,0.041348577113315604,654,And I'll have the tsunami pasta for my main course.
1057,2169,13,32,143,188,1.3085106382978724,0.04336326451733925,654,"Keeping up with climate change, we changed Tempest in a Teacup to Tornado in a Tureen"
2785,2171,12,38,151,201,1.308457711442786,0.04078691804787976,654,"Yes, the debris field is to my liking."
5314,2171,9,44,148,201,1.308457711442786,0.03891425127766403,654,Please take this back. I ordered the Tournedos Rossini.
6529,2171,12,38,151,201,1.308457711442786,0.04078691804787976,654,Maybe I shouldn't order an entrée.
4665,2174,11,44,159,214,1.308411214953271,0.03852305423773108,654,"Yes, I completely agree, this is an exciting twist from farm-to-table."
5404,2174,17,32,165,214,1.308411214953271,0.04180056843724817,654,I'd prefer to have this served in a teapot.
2206,2176,10,29,120,159,1.3081761006289307,0.04631959390413101,654,"No, the wine is fine."
5039,2177,8,37,127,172,1.308139534883721,0.04231687881204941,654,"I said ""Spoon""; not ""Typhoon""."
5350,2177,14,25,133,172,1.308139534883721,0.04689045711463888,654,I would have preferred the fly in my soup.
621,2177,12,29,131,172,1.308139534883721,0.04541713395196888,654,"Something is odd here, Eddy. Oh yes, you forgot my spoon."
833,2180,9,39,137,185,1.308108108108108,0.04107752473938017,654,"Waiter, the tornado is cold."
2125,2180,8,41,136,185,1.308108108108108,0.04035602349258282,654,What does Gazpacho mean again?
2434,2180,10,37,138,185,1.308108108108108,0.04178657015471458,654,"The genie is out. You may make your wish now, Sir."
3294,2180,13,31,141,185,1.308108108108108,0.04384496168360014,654,"Yes, it's quite the presentation, but I ordered the ""tournedos."""
4991,2180,8,41,136,185,1.308108108108108,0.04035602349258282,654,Looks like God is giving you a poor Yelp rating.
5077,2180,10,37,138,185,1.308108108108108,0.04178657015471458,654,"I'm sorry, was this tornado locally sourced?"
5682,2180,10,37,138,185,1.308108108108108,0.04178657015471458,654,"I thought for sure that I ordered tomato soup, not tornado soup!"
6476,2187,15,31,152,198,1.3080808080808082,0.04302532457475038,654,I thought it came with the genie
3425,2187,13,35,150,198,1.3080808080808082,0.04181662622527121,654,What did I order?
1637,2187,14,33,151,198,1.3080808080808082,0.042425280102944864,654,"Waiter, what is this tornado doing in my soup?"
114,2187,11,39,148,198,1.3080808080808082,0.0405719349176923,654,I ordered the glacier melt.
2317,2187,12,37,149,198,1.3080808080808082,0.041198981369868236,654,Is this the F-4 or F-5 soup?
6781,2192,8,44,143,195,1.3076923076923077,0.03899967178890258,654,It calls for a tyspoon.
6121,2192,7,46,142,195,1.3076923076923077,0.03831587537218635,654,I'm literally blown away by this soup!
5518,2192,12,36,147,195,1.3076923076923077,0.04162267141910709,654,"Climate change, Sir"
2173,2192,10,36,136,182,1.3076923076923077,0.0422376767061423,654,Is it too late to order the locust appetizer?
4016,2192,9,46,153,208,1.3076923076923077,0.038041181157449255,654,Well I thought this would blow me away.
3988,2192,12,40,156,208,1.3076923076923077,0.03983070253054593,654,Our chef de cuisine uses the best organically produced ingredients to represent our current climate and political change.
1775,2192,8,44,143,195,1.3076923076923077,0.03899967178890258,654,"Yelp users said this soup was an F5, but I’d say it’s barely an F3..."
4380,2192,14,28,140,182,1.3076923076923077,0.045020799694285185,654,"Tell me, am I still in Kansas?"
1244,2192,11,34,137,182,1.3076923076923077,0.04295036788466059,654,"Mr. kent, did you blow on your soup again?"
15,2192,13,34,148,195,1.3076923076923077,0.04225298652365488,654,"I said tomato soup, not tornado soup."
148,2192,16,24,142,182,1.3076923076923077,0.046349735068316474,654,This global warming is causing some pretty extreme microclimates.
559,2192,10,40,145,195,1.3076923076923077,0.040332500391775106,654,"Actually, the hail is extra."
1760,2192,8,40,134,182,1.3076923076923077,0.040774940806117904,654,"Now, do you believe in global warming?"
1214,2192,11,38,146,195,1.3076923076923077,0.040982663187715686,654,Is there a problem with your soup?
1224,2192,13,34,148,195,1.3076923076923077,0.04225298652365488,654,"Sir, the butternut squash came from Kansas."
1114,2192,11,26,119,156,1.3076923076923077,0.04779279150025296,654,I asked for the beef tournedos not a soup tornado.
1082,2208,14,35,156,205,1.3073170731707318,0.041388798307087055,654,I said the funnel cake not soup
2223,2208,13,37,155,205,1.3073170731707318,0.04080696775861802,654,"Excuse me, but this is not the tournedos that I ordered."
5389,2208,13,37,155,205,1.3073170731707318,0.04080696775861802,654,Heaven to table? Seriously!
5305,2211,12,35,145,192,1.3072916666666667,0.042058516843535426,654,"On second thought, I'll try the F1 curry."
4576,2211,15,29,148,192,1.3072916666666667,0.043960566471816294,654,"Well, at least you gave me a still wine."
6397,2211,12,35,145,192,1.3072916666666667,0.042058516843535426,654,I ordered tomato. You served tornado. I like tomato. This is tor-mado. Tomato. Tornado. Ta-mah-to. Potato. Let’s call the whole thing off.
1457,2211,13,33,146,192,1.3072916666666667,0.04270194797539056,654,"It’s Vortexas Chili, Sir."
2322,2211,14,31,147,192,1.3072916666666667,0.04333582678002083,654,But I ordered a Tsunami.
556,2216,9,37,133,179,1.3072625698324023,0.04196112046296096,654,I ordered the salad.
2336,2216,11,33,135,179,1.3072625698324023,0.04343129088322004,654,"Sir, you did order Chef's Global Warming Surprise Soup."
3229,2216,12,31,136,179,1.3072625698324023,0.044148020639896736,654,Get under the table.
3462,2216,13,29,137,179,1.3072625698324023,0.04485329893172434,654,"Tomato, you idiot! Not tornedo!"
3642,2216,10,35,134,179,1.3072625698324023,0.04270253305302856,654,Tornado bisque?
273,2221,16,19,131,166,1.3072289156626506,0.04958068987386312,654,"I said ""rare TOURNEDOS"""
2364,2221,5,41,120,166,1.3072289156626506,0.04068208398008355,654,I clearly said the 'tomato' bisque.
966,2223,14,34,154,202,1.306930693069307,0.04180850112959904,654,I'll take the FEMA check.
6663,2224,14,30,145,189,1.306878306878307,0.04381125862016245,654,Is this the F4 or 5?
4642,2224,12,34,143,189,1.306878306878307,0.04250707942476255,654,"Yes, this soup is most definitely in season."
3117,2224,13,32,144,189,1.306878306878307,0.043164094934944656,654,I must have misspoke I want  TOMATO SOUP
1419,2224,16,26,147,189,1.306878306878307,0.04507772135481612,654,"Waiter, there’s a storm in my soup."
879,2224,12,34,143,189,1.306878306878307,0.04250707942476255,654,NOT TO MENTION THIS IS NOT A TEACUP
2472,2224,12,34,143,189,1.306878306878307,0.04250707942476255,654,"When I order my soup F3, I like it to be served F3."
22,2230,11,32,133,176,1.3068181818181819,0.043927263589059,654,I think this the tornado soup...I ordered the tomato soup
1896,2230,8,38,130,176,1.3068181818181819,0.041650921857955,654,"Sir, the chef suggests you wait 10 minutes."
3003,2230,8,38,130,176,1.3068181818181819,0.041650921857955,654,"I asked for the funnel cake, not the funnel cloud."
6185,2230,13,28,135,176,1.3068181818181819,0.04538143470950206,654,No I did not.  I ordered the tournedos.
6700,2230,7,40,129,176,1.3068181818181819,0.04086397223328159,654,This is too 'in season'.
650,2235,8,49,155,212,1.3066037735849056,0.03694940807339748,654,I asked for TOMATO soup!
1334,2236,12,37,150,199,1.306532663316583,0.041020652885978434,654,"I said, ""good warm soup"" not ""global warming soup""."
2900,2236,14,33,152,199,1.306532663316583,0.04223992960043043,654,"Um...I believe I ordered tomato, not tornado, soup."
5418,2236,10,41,148,199,1.306532663316583,0.03976400726454192,654,"A light swirl of creme fraiche,” was an understatement"
6625,2236,11,39,149,199,1.306532663316583,0.04039721671678925,654,No dessert but I would like to try the tempest in a teapot.
4689,2240,7,39,127,173,1.30635838150289,0.04130345578460557,654,‘Let me guess. This will be extra . . .’
4349,2240,7,39,127,173,1.30635838150289,0.04130345578460557,654,"No, I said I wanted a funnel CAKE with my soup!"
4706,2242,14,40,168,222,1.3063063063063063,0.0391429032390199,654,I distinctly ordered a tempest in a teacup
4397,2243,8,33,119,160,1.30625,0.04433016048843966,654,I suppose it is soup with a twist.
5750,2244,12,36,148,196,1.3061224489795917,0.04143951259503026,654,I'm missing a spoon.
6000,2244,11,38,147,196,1.3061224489795917,0.04080324227750138,654,Perhaps I will have the salad instead.
6112,2244,10,40,146,196,1.3061224489795917,0.04015689176964872,654,"I asked for warm soup, not globally warm soup."
3422,2247,9,38,136,183,1.3060109289617485,0.041319506612230245,654,"I said, ""The science is inconclusive."""
3793,2247,11,34,138,183,1.3060109289617485,0.04274810062952923,654,Please tell the chef this doesn't have enough millibars.
4485,2247,10,36,137,183,1.3060109289617485,0.04203987234822732,654,I think there’s been some mistake—I ordered the tempest in the teapot.
6754,2247,12,32,139,183,1.3060109289617485,0.04344478504733873,654,"No, I clearly said would like to begin with the tempest in a teapot."
4416,2251,13,41,165,219,1.3059360730593608,0.03896956313171899,654,"Excuse me waiter, there is a genie in my soup!"
2033,2251,8,51,160,219,1.3059360730593608,0.03618242217252064,654,"Taste's fine, but could use a bit more in the presentation."
3186,2253,16,20,134,170,1.3058823529411765,0.04868408201380188,654,We didn’t have a teapot.
4183,2254,15,33,158,206,1.3058252427184467,0.0417850032378764,654,You might want to stir a little slower.
5787,2254,12,39,155,206,1.3058252427184467,0.040048812777603304,654,"Well, you see, as global soup temperatures rise..."
3268,2254,13,37,156,206,1.3058252427184467,0.04063578597484564,654,Climate change is really starting to hit close to home.
649,2254,10,43,153,206,1.3058252427184467,0.03884826908756222,654,I'm going to need another spoon.
4401,2258,8,32,117,157,1.305732484076433,0.044876680047285566,654,"Pardon me, I ordered the New England chowder. Not the Oklahoma chowder."
6513,2259,14,31,148,193,1.305699481865285,0.04314009571900572,654,"No, I said the beef tournedos"
1399,2259,11,37,145,193,1.305699481865285,0.041220756424395946,654,I ordered the Soup with a Twist but this is ridiculous.
1321,2261,9,48,159,216,1.3055555555555556,0.03707470091823882,654,"And a Hurricane to drink, please."
619,2261,11,33,136,180,1.3055555555555556,0.04322305278300226,654,I’m certain I said FENNEL soup. I’ve never even heard of funnel soup.
4707,2263,13,36,154,203,1.3054187192118227,0.041039521093553605,654,The atmosphere in here is extremely depressing.
6373,2263,6,50,147,203,1.3054187192118227,0.03664462907300652,654,The new twist on tomato soup is excellent.
723,2265,13,32,145,190,1.305263157894737,0.04296668252675139,654,"I don't know, sir.  I'm a virtual server, not a cloud server."
1448,2265,11,36,143,190,1.305263157894737,0.0416502847803091,654,Could you bring extra crackers please.
2289,2265,13,32,145,190,1.305263157894737,0.04296668252675139,654,"It appears I didn't enunciate the word ""to-ma-to""  clearly enough."
2893,2268,11,32,134,177,1.305084745762712,0.043712765257491105,654,Would it kill you to bring me a spoon?
6525,2268,13,28,136,177,1.305084745762712,0.045157596451007816,654,I ordered the typhoon.
423,2268,9,36,132,177,1.305084745762712,0.042218516976333616,654,I said I wanted something with a twist - not twister.
2147,2268,10,34,133,177,1.305084745762712,0.042972136449899084,654,The chef guarantees the bisque will blow you away...
6484,2268,12,30,135,177,1.305084745762712,0.044441052888565744,654,"... rising hot air above the soup mixing with the falling, cold air from the A/C, oh, never mind. Just get under the table until it passes."
2812,2273,18,25,157,200,1.305,0.04438156845009482,654,"I asked for a twist of lime, not a twister"
3966,2273,13,35,152,200,1.305,0.04145440069140328,654,"No, no, no, you fool, I said 'Tournados' !"
636,2275,11,35,141,187,1.304812834224599,0.04209238617459791,654,Those people are staring at me because I’m eating alone.
5364,2275,10,37,140,187,1.304812834224599,0.041403719248442786,654,My soup's cold.
5504,2277,15,34,161,210,1.3047619047619048,0.04119850586231023,654,"You did say tournedo, sir."
693,2278,12,29,133,174,1.3045977011494252,0.044962989024350565,654,It picked up my spoon.
2003,2279,10,40,147,197,1.3045685279187818,0.03998273749699847,654,You forgot the side of hail.
5316,2279,8,44,145,197,1.3045685279187818,0.03866554745980647,654,"Waiter, I ordered my soup with a twist. Not a twister!"
6485,2281,11,34,139,184,1.3043478260869565,0.04254765532856652,654,"Once again, Sir, I am certain I ordered the ""Tempest in a Teapot"""
6493,2281,10,36,138,184,1.3043478260869565,0.041843833986812434,654,"My apologies, I asked for cream of fennel soup."
6237,2281,12,32,140,184,1.3043478260869565,0.04324002203053405,654,"Yes, I’m afraid that can happen when hot air meets a cold soup."
4275,2281,10,43,154,207,1.3043478260869565,0.038688360579447585,654,Does this look like a vol-au-vent to you ?
3829,2281,13,37,157,207,1.3043478260869565,0.04046598065266122,654,It’s the wrath of the day.
3695,2281,11,41,155,207,1.3043478260869565,0.03928983786694409,654,Take this back. I ordered tournedos.
4629,2281,11,34,139,184,1.3043478260869565,0.04254765532856652,654,Tournedos?
1218,2288,14,38,165,217,1.304147465437788,0.03971390993662101,654,I thought it came in a teapot.
2595,2288,13,40,164,217,1.304147465437788,0.0391730167965902,654,"Waiter, I only ordered an F-2."
6682,2288,11,44,162,217,1.304147465437788,0.03806818159473504,654,"You say ‘tornado’ , I said ‘tomato’... let’s call the whole off.."
2479,2291,12,35,147,194,1.3041237113402062,0.04168372278004175,654,You said I would be blown away with my dish.
5449,2291,8,43,143,194,1.3041237113402062,0.03903676401538284,654,I said I wanted my martini with a twist.
4734,2293,9,34,128,171,1.304093567251462,0.043174327032629786,654,"Gluten-free, you say?"
6079,2293,8,36,127,171,1.304093567251462,0.04237007275325432,654,"Now, that’s what I call fusion."
6220,2295,14,17,117,148,1.304054054054054,0.052215824709033125,654,I’m sorry...I thought you said TOMATO basil.
1859,2296,8,46,150,204,1.303921568627451,0.03779544511480332,654,I didn’t order this ‘to go.'
1363,2296,11,40,153,204,1.303921568627451,0.03966586960913848,654,"While I appreciate the artisanry, I'm afraid I can't stomach any more than an F2."
6284,2298,10,35,136,181,1.3038674033149171,0.04229717892396261,654,"Your Climate Change Consumme is a bit more than I expected."""
322,2299,13,39,162,214,1.3037383177570094,0.039538219412364274,654,I’m gonna need another spoon.
135,2300,8,42,141,191,1.3036649214659686,0.03941828125474732,654,"Extra napkins, please."
2827,2300,11,36,144,191,1.3036649214659686,0.04146246133618203,654,Where's the tempest in a teapot that I ordered?
2851,2300,13,32,146,191,1.3036649214659686,0.04277100538961421,654,Its regular tomato soup with a twist.
3419,2300,9,40,142,191,1.3036649214659686,0.0401112515146358,654,It is the chef's surprise
3702,2300,8,42,141,191,1.3036649214659686,0.03941828125474732,654,I guess we're not eating in Kansas anymore.
4098,2300,12,34,145,191,1.3036649214659686,0.04212181502554702,654,Our soup is globally warmed.
4679,2300,13,32,146,191,1.3036649214659686,0.04277100538961421,654,Not tornado soup... I ordered tomato soup!
6374,2300,11,36,144,191,1.3036649214659686,0.04146246133618203,654,"Re-thinking the Green New Deal, Senator?"
1222,2308,14,40,170,224,1.3035714285714286,0.038840585791196244,654,'Dorothy back?'
1469,2308,9,33,126,168,1.3035714285714286,0.043675358806569205,654,"Little bit of a tongue twister, eh?"
152,2310,7,47,147,201,1.3034825870646767,0.03748550704650664,654,...a word with the Chef.
1635,2311,10,34,134,178,1.303370786516854,0.04276439876897956,654,"The polar vortex makes everyone’s soup cold, sir."
2553,2311,8,38,132,178,1.303370786516854,0.041253289055961054,654,You meant it literally? Tornado soup?
2665,2311,12,30,136,178,1.303370786516854,0.04422390469203195,654,The soup here really sucks.
779,2311,11,32,135,178,1.303370786516854,0.043500273265131485,654,I thought the tempest came with teapot....
2814,2315,17,30,164,211,1.3033175355450237,0.04211398641861954,654,"I don't see Unlimited Breadsticks, do you?"
2603,2316,12,33,143,188,1.303191489361702,0.042572742692547814,654,No. No. No. I said steak Tournedos.
3169,2316,10,37,141,188,1.303191489361702,0.04121480114589821,654,I had a different vision of tournedos of beef...
3485,2316,7,43,138,188,1.303191489361702,0.03908953764360747,654,Could I get one without the special effect?
4381,2316,8,41,139,188,1.303191489361702,0.039810567022161104,654,"Its a perfect storm of Tobasco sauce, jalapenos, and Grey Poupon."
5044,2316,9,39,140,188,1.303191489361702,0.04051876775101826,654,Sorry for the mix up....Your Tournedos de boeuf will be right out.
4239,2321,11,38,149,198,1.303030303030303,0.04044888041511694,654,Today's soup with a twist
2566,2321,15,30,153,198,1.303030303030303,0.042909306433844746,654,I assumed it was a misprint for 'tomato.'
3376,2321,18,24,156,198,1.303030303030303,0.04466577064689984,654,Chef must have added the tongue of toad before the eye newt.
3976,2324,14,35,159,208,1.3028846153846154,0.04086982455605921,654,There seems to be some mistake. I ordered the TOMATO soup.
5089,2324,9,45,154,208,1.3028846153846154,0.03792211613563759,654,The is the chef's twist on a classic recipe.
575,2326,7,39,129,175,1.302857142857143,0.04090461949276627,654,Does it have a name yet?
792,2326,11,31,133,175,1.302857142857143,0.04399901903241882,654,May I have another spoon? I seem to have lost mine.
3288,2326,9,35,131,175,1.302857142857143,0.04248000454133184,654,Tou say tournedo and I say tornado.
4697,2326,5,43,127,175,1.302857142857143,0.039266079583584794,654,Is there a table farther away from the air return?
5902,2326,9,35,131,175,1.302857142857143,0.04248000454133184,654,I asked for the mushroom cloud soup.
6055,2326,12,29,134,175,1.302857142857143,0.04473918998827475,654,I'm assuming it's there's-no-place-like-home style?
6510,2332,10,36,139,185,1.3027027027027027,0.0416495396777168,654,"Waiter, I better eat this in the cellar."
3418,2332,7,42,136,185,1.3027027027027027,0.03947684049698285,654,I ordered the beef TOURNADOES.
2660,2332,12,32,141,185,1.3027027027027027,0.04303711152629429,654,I need this reheated.
3200,2332,10,36,139,185,1.3027027027027027,0.0416495396777168,654,"I’m sorry, but I’m tornado-intolerant."
641,2332,12,32,141,185,1.3027027027027027,0.04303711152629429,654,"Waiter, I distinctly ordered the tournedos de boeuf."
58,2332,9,38,138,185,1.3027027027027027,0.040938120972819604,654,There's a localized manifestation of climate change in my soup.
42,2332,13,30,142,185,1.3027027027027027,0.04371438407557844,654,"Waiter, there's a sky in my soup!"
1025,2332,9,38,138,185,1.3027027027027027,0.040938120972819604,654,This is impressive but I ordered tournedos.
4802,2340,10,39,146,195,1.3025641025641026,0.040204577941607665,654,What do you mean I must have ‘over-stirred’ it?
5644,2340,11,37,147,195,1.3025641025641026,0.0408567764461174,654,"Ok, fine, but I hope my entree doesn't have any flying monkeys."
6299,2340,10,39,146,195,1.3025641025641026,0.040204577941607665,654,This makes my stomach turn.
6369,2340,8,43,144,195,1.3025641025641026,0.03886736290581586,654,"Human caused or not, I'm not paying for it."
5782,2344,11,40,154,205,1.302439024390244,0.03949973529861997,654,I can stir my own soup
5511,2345,11,33,138,182,1.3021978021978022,0.04281228533752635,654,"Tournedo, not tornedo!"
3428,2345,6,43,133,182,1.3021978021978022,0.039106622666069395,654,"I believe I ordered 'tomato""."
6151,2345,8,39,135,182,1.3021978021978022,0.0406294655654798,654,"I'd rate this soup an ""F-3"""
1853,2345,8,39,135,182,1.3021978021978022,0.0406294655654798,654,"If this is ""Dorothy's Soup"" I can't    wait to bite into the ""Tin Man's Sandwich""."
527,2345,10,35,137,182,1.3021978021978022,0.042097256536818235,654,"Tomato, tornado; it's just a difference in inflection, convection, and some Louisiana hot sauce, Sir."
2737,2345,13,29,140,182,1.3021978021978022,0.044207661232098114,654,"""I asked for fennel and sprouts."""
617,2351,12,34,146,192,1.3020833333333333,0.04193169421032805,654,This is not what I had in mind when you advertised 'soup with a twist'.
657,2351,14,30,148,192,1.3020833333333333,0.04321275301318439,654,I thought Tournedos of Beef was something much different.
1133,2351,8,42,142,192,1.3020833333333333,0.039244323055550645,654,"I ordered soup d'jour, not force majeur."
3346,2351,13,32,147,192,1.3020833333333333,0.042577041949429364,654,Still don't believe in global warming?
4360,2351,14,30,148,192,1.3020833333333333,0.04321275301318439,654,Waiter!  Get FEMA to clear my place.
6688,2351,11,36,145,192,1.3020833333333333,0.04127625779468689,654,"Well, this is certainly an unexpected twist on Tournedos au Poivre!"
4882,2357,8,32,119,159,1.3018867924528301,0.04439324328599178,654,I need another napkin.
5699,2357,11,26,122,159,1.3018867924528301,0.04700632443777409,654,"In the teapot, dammit, not in the soup!!!"
658,2359,14,23,132,169,1.301775147928994,0.04733287525312015,654,Are there any tree nuts in this twister?
5781,2360,9,36,134,179,1.3016759776536313,0.04181461503128779,654,"On second thought, I'll have the beef tournedos."
4748,2360,12,30,137,179,1.3016759776536313,0.04400879600862112,654,"I’m so sorry, I don’t normally do this, but I actually asked for no cilantro."
3586,2360,8,38,133,179,1.3016759776536313,0.04105717149995751,654,"Be warned, the soup comes with a twist."
3207,2360,10,34,135,179,1.3016759776536313,0.04255857996753034,654,For my first wish . . .
1428,2360,13,28,138,179,1.3016759776536313,0.044716270246592596,654,We're not in Kansas anymore are we?
3042,2360,6,42,131,179,1.3016759776536313,0.03949873332527477,654,"Can I get a refund, or at least an umbrella?"
3119,2366,13,31,145,189,1.3015873015873016,0.0430362624604845,654,It’s losing all its nutrients.
4913,2366,13,31,145,189,1.3015873015873016,0.0430362624604845,654,You were out of tomato?
5020,2366,12,33,144,189,1.3015873015873016,0.04237726508681117,654,"I thought ""soup au vente"" meant something less literal..."
6106,2366,11,35,143,189,1.3015873015873016,0.04170785664485794,654,"The new chef, sir.  He's a little pretentious."
1009,2370,7,46,146,199,1.3015075376884422,0.03766897962860053,654,It ate my spoon!
1203,2370,12,36,151,199,1.3015075376884422,0.04089922065154044,654,"No sir, I distinctly remember ordering the tempest in at teapot."
2488,2370,11,38,150,199,1.3015075376884422,0.040273904766916974,654,"I’m sure the Cream of Tornado soup is very good, but I ordered the Cream of Tomato soup."
6360,2370,10,40,149,199,1.3015075376884422,0.03963872551490529,654,"Sir, we garnish with funnel, not fennel """
2044,2374,8,31,117,156,1.3012820512820513,0.04494263579716196,654,Shouldn't you issue a warning to the other tables?
5088,2375,10,30,126,166,1.3012048192771084,0.04478652420648602,654,Could I have the F 3 instead?
6431,2375,10,30,126,166,1.3012048192771084,0.04478652420648602,654,But I ordered the cream of fennel.
955,2377,6,41,129,176,1.3011363636363635,0.03990238605927146,654,"I must say, the serving sizes here are of biblical proportions."
2001,2378,11,34,141,186,1.3010752688172043,0.042152138941998464,654,"Can I get a spoon, please?"
3039,2378,7,42,137,186,1.3010752688172043,0.039297738641229006,654,So your blender's not working?
4511,2378,10,36,140,186,1.3010752688172043,0.04145696779333654,654,"It's already on my Instagram.  I'll just take it to go, please."
305,2381,13,33,150,196,1.3010204081632653,0.04194380754129764,654,"Excuse me waiter, there is a tornado in my soup"
4677,2381,13,33,150,196,1.3010204081632653,0.04194380754129764,654,I specifically said tournedos! This is a disaster!
75,2383,12,38,156,206,1.3009708737864079,0.03993239783089427,654,Could I get a bigger spoon?
1834,2383,15,32,159,206,1.3009708737864079,0.041673438629643095,654,Please turn off the overhead fan.
890,2385,4,41,118,163,1.3006134969325154,0.04000962669619411,654,"At some point the refills have to stop, right?"
903,2386,9,34,130,173,1.300578034682081,0.04274567314723109,654,Is this the mild version?
3475,2386,10,32,131,173,1.300578034682081,0.04352477349666052,654,I prefer my soup shaken rather than stirred
3987,2386,12,28,133,173,1.300578034682081,0.045042564072074985,654,The Nerello Mascalese from Mt. Etna pairs very well.
2652,2389,10,35,138,183,1.3005464480874316,0.04189913963001103,654,Could I trouble you for some of those little trailer-shaped crackers to go with my FEMA bisque?
1683,2389,9,37,137,183,1.3005464480874316,0.04117631189601676,654,"I specifically said shaken, not stirred."
566,2389,17,21,145,183,1.3005464480874316,0.04664635660343609,654,"Uh, I ordered *tomato* soup, not TORNADO soup!"
515,2392,10,38,145,193,1.3005181347150259,0.0404295895423199,654,SPECIALS? How about a weather report?
620,2392,11,36,146,193,1.3005181347150259,0.041091654587142076,654,"Waiter, my soup is flying."
2225,2392,12,34,147,193,1.3005181347150259,0.04174322032207777,654,"No, I ordered tournedos of beef."
2343,2392,12,34,147,193,1.3005181347150259,0.04174322032207777,654,Can you recommend a more tropical drink to go with this?
4741,2392,12,34,147,193,1.3005181347150259,0.04174322032207777,654,I ordered the hurricane.  This is tornado.
5103,2397,12,37,154,203,1.3004926108374384,0.040321934836810104,654,"I asked for the tempest in a teapot, not in a bowl."
3440,2397,9,43,151,203,1.3004926108374384,0.03846476801255502,654,I told you not to blow on it.
170,2397,12,37,154,203,1.3004926108374384,0.040321934836810104,654,"Waiter, my soup is getting cold."
2308,2397,8,45,150,203,1.3004926108374384,0.03782545476287427,654,"""Sometimes, for no reason, I just say 'Ab-ra-ca-da-bra'!"""
3868,2401,8,48,157,213,1.300469483568075,0.03668484751617537,654,I may not be entirely clear on what a veloute is.
6236,2401,10,44,159,213,1.300469483568075,0.037872943410596306,654,I believe this should be served in a teapot.
5896,2403,10,28,122,160,1.3,0.045901179058862006,654,"Thank you, but I believe I ordered the tempest in a teapot."
6843,2403,10,34,136,180,1.3,0.042354655255943036,654,"I asked for potato soup, not tornado soup. Just be sure to bring me salame, not a tsunami."
6179,2403,8,38,134,180,1.3,0.04086282331151638,654,But Monsieur!  You ordered zee Tournedos!
6094,2403,13,28,139,180,1.3,0.04449872538783721,654,Just what do you mean “‘We’re not in Kansas anymore ‘?
5277,2403,13,34,153,200,1.3,0.04133452205563576,654,"Your soup curse is served, sir."
848,2403,13,34,153,200,1.3,0.04133452205563576,654,"Fennel cloud soup."" Very funny"
4287,2403,12,33,145,190,1.3,0.04218351125207436,654,There is still a fly in my soup!
4006,2403,11,29,130,170,1.3,0.04481465873252761,654,"I ordered fennel soup, not funnel soup."
2057,2403,12,33,145,190,1.3,0.04218351125207436,654,"I hate to be a bother, but I asked for the tornado on the side."
1382,2403,5,38,117,160,1.3,0.04139850816137488,654,"Kansas Chili, you say?"
6851,2403,10,40,150,200,1.3,0.03946883510725416,654,"This isn't exactly what I meant when I said, 'Surprise me!'"
4408,2403,8,38,134,180,1.3,0.04086282331151638,654,Can I have a little less carrot and a little more broth?
5773,2415,11,37,149,197,1.299492385786802,0.04049891807235158,654,Served with a twister.
5186,2415,12,35,150,197,1.299492385786802,0.04113343814616905,654,How do I eat this?
2798,2415,13,33,151,197,1.299492385786802,0.04175831776327185,654,"Hard to deny, isn’t it?"
2629,2415,12,35,150,197,1.299492385786802,0.04113343814616905,654,"I ordered the Tempest in a Teapot, NOT  the Tornado in a Tureen!"
1129,2419,7,42,138,187,1.2994652406417113,0.03912017055627917,654,It beats ordering the tossed salad.
1228,2419,12,32,143,187,1.2994652406417113,0.04263675381276605,654,Next time I suggest you go easy on the hot sauce.
1619,2419,10,36,141,187,1.2994652406417113,0.04126609701868109,654,"I believe I ordered a hurricane, on the rocks."
2913,2419,11,34,142,187,1.2994652406417113,0.041957022885600576,654,"Hold the spoon with two hands, you say?"
5450,2419,10,36,141,187,1.2994652406417113,0.04126609701868109,654,"Excuse me, sir, may I please have another napkin?"
6186,2419,6,44,137,187,1.2994652406417113,0.038378206551176436,654,"The soup is great, but I ordered the tournedos of beef."
6463,2419,9,38,140,187,1.2994652406417113,0.04056340415802884,654,"I asked for the soup spoon, not the typhoon."
6551,2426,12,29,136,177,1.2994350282485876,0.0442979909536576,654,I've decided to forego the house salad.
4752,2426,9,35,133,177,1.2994350282485876,0.04206789745598183,654,Croutons would have sufficed
4684,2426,12,29,136,177,1.2994350282485876,0.0442979909536576,654,Apparently it’s not just my world that’s spinning out of control.
3492,2426,9,35,133,177,1.2994350282485876,0.04206789745598183,654,I could seat you further from the door.
588,2426,9,35,133,177,1.2994350282485876,0.04206789745598183,654,You can skip the ground pepper
3754,2431,8,34,125,167,1.2994011976047903,0.04290424359829468,654,I asked for the hurricane.
4633,2431,9,32,126,167,1.2994011976047903,0.04373692931190449,654,"If this doesn’t make Trump address climate change, I don’t know what will."
582,2433,11,42,161,214,1.2990654205607477,0.038298863851504696,654,"You misunderstood. I ordered TOMATO, not tornado soup."
814,2433,10,44,160,214,1.2990654205607477,0.03772169141670492,654,OH...Tomato...I thought you ordered tornado soup...
4135,2435,12,37,155,204,1.2990196078431373,0.040150820393682236,654,I didn't get any bread.
4506,2435,10,41,153,204,1.2990196078431373,0.03892939786335881,654,I thought I ordered the Tornedos de Boeuf
605,2437,14,30,150,194,1.2989690721649485,0.04282247139987041,654,"The presentation is amazing, but my soup spoon was swept up in the vortex."
849,2437,8,42,144,194,1.2989690721649485,0.03890075007987242,654,"Well, at least there's no more fly in my soup!"
4040,2437,11,36,147,194,1.2989690721649485,0.040908632423789316,654,Just wait a bit for it to cool down
5466,2437,8,42,144,194,1.2989690721649485,0.03890075007987242,654,I ordered the Tomato Bisque. I'm quite sure I said tomato.
2283,2441,11,33,140,184,1.298913043478261,0.04240896732862619,654,"Waiter, I'd asked for shaken, not stirred!"
1164,2441,7,41,136,184,1.298913043478261,0.039508662150345986,654,"There`s not enough chicken, and too much wild rice."
2123,2443,10,32,132,174,1.2988505747126438,0.043308373847682456,654,"Soupnami, really?!"
2999,2443,9,34,131,174,1.2988505747126438,0.04253439169983917,654,"When it said Tornade Soup,'  I thought it was a typo."
4429,2443,10,32,132,174,1.2988505747126438,0.043308373847682456,654,I said Brussell Sprouts NOT Water Spouts!
997,2446,8,33,123,164,1.298780487804878,0.043403633016475894,654,"It is called ""Reap the Whirlwind"", very popular since the last Presidential Election"
5433,2446,14,21,129,164,1.298780487804878,0.048298815239634335,654,"I ordered my tempest in a cup, not a bowl"
6868,2448,8,30,116,154,1.2987012987012987,0.04525706796723126,654,no - I ordered  the beef  TORNEDOS!
1391,2449,14,35,162,211,1.2985781990521328,0.04036327184245513,654,This is not the tournedos I ordered.
3166,2449,13,37,161,211,1.2985781990521328,0.03980021577580199,654,"I’d also like the bacon, lettuce and tornado sandwich, please."
3241,2449,13,37,161,211,1.2985781990521328,0.03980021577580199,654,"Next, I'd like some Mentos and a bottle of Diet Coke."
1407,2452,10,40,151,201,1.2985074626865671,0.03930033364802289,654,So when is it going to stop?
1894,2452,13,34,154,201,1.2985074626865671,0.041155436532604096,654,"Yes, a spoon. At least one."
3309,2454,11,35,145,191,1.2984293193717278,0.04133002647396566,654,"Excuse me, I ordered the Tournedos Rossini."
5868,2454,13,31,147,191,1.2984293193717278,0.04264263465503416,654,"Oh, this is the chef's new twist on a classic soup."
5863,2454,8,41,142,191,1.2984293193717278,0.03927895473867241,654,I guess the review of your place I wrote has caused quite a stir.
3188,2454,10,37,144,191,1.2984293193717278,0.04065783426778526,654,"Monsieur, do not despair. Just stay away from the vortex."
5055,2454,11,35,145,191,1.2984293193717278,0.04133002647396566,654,I had ordered the TOMATO soup.
4327,2459,15,24,142,181,1.298342541436464,0.04564842249673567,654,It’ll rip the spoon right out of your mouth!
4435,2459,11,32,138,181,1.298342541436464,0.042874573579457884,654,"Only 5 star restaurant in Oklahoma"" they said.."
4650,2459,7,40,134,181,1.298342541436464,0.03990839063154781,654,"Yes, yes,  you can tell Chef Gore his soup is making a statement tonight."
5080,2459,8,38,135,181,1.298342541436464,0.040670222485317764,654,"Please call FEMA and ask for a
Soupervisor"
5585,2459,11,32,138,181,1.298342541436464,0.042874573579457884,654,'This is your idea of soup to go.'
5792,2459,7,40,134,181,1.298342541436464,0.03990839063154781,654,Would you care for a twist of freshly ground pepper?
12,2465,9,33,129,171,1.2982456140350878,0.04301561451371009,654,And I'M quite certain I said tomato bisque.
786,2465,12,27,132,171,1.2982456140350878,0.045351311346038446,654,"And frankly, I don't buy your 'global warming' explanation."
3934,2467,15,29,154,198,1.297979797979798,0.04278994790935864,654,I asked for large carrot soup not a large carrot in my soup!
5676,2468,13,30,145,188,1.297872340425532,0.043104293468009994,654,I said I wanted a tossed SALAD!
427,2468,7,42,139,188,1.297872340425532,0.0389441183590857,654,This is worse than the tempest in the teapot.
3374,2468,7,42,139,188,1.297872340425532,0.0389441183590857,654,"Our chef, how do you Americans say, kicked it up."
419,2471,12,29,137,178,1.297752808988764,0.04408053328513415,654,There's a plague of locusts in my soup.
1013,2471,13,27,138,178,1.297752808988764,0.04479479196034548,654,"I ordered the ""Tempest in a Teapot""."
1875,2471,11,31,136,178,1.297752808988764,0.043354508907759604,654,"Waiter, how do you expect me to eat this soup? I have no spoon."
1892,2471,11,31,136,178,1.297752808988764,0.043354508907759604,654,"Tournedos of Beef soup, sir"
2800,2471,10,33,135,178,1.297752808988764,0.042616117497540705,654,"Yes, it does have a little kick to it, Sir!"
4500,2471,15,23,140,178,1.297752808988764,0.04619018652168722,654,What the fuck is this?
4830,2471,10,33,135,178,1.297752808988764,0.042616117497540705,654,We leverage global climate change so you don't have to blow on your soup.
4918,2471,8,37,133,178,1.297752808988764,0.04109955628016646,654,I thought the menu said the soup came with water spRouts.
5766,2471,9,35,134,178,1.297752808988764,0.0418647046865899,654,It's our spin on potato leek soup.
790,2480,14,36,165,215,1.2976744186046512,0.039818332628699576,654,"I don't mean to be rude, but I really don't think the main issue here is that ""technically speaking, it's a waterspout."""
3926,2481,12,26,130,168,1.2976190476190477,0.045904032474590635,654,Oh...I thought the menu said ‘Tomato Soup’
5850,2481,11,28,129,168,1.2976190476190477,0.04512088427766636,654,It’s our Chef’s version of a tempest in a teapot.
230,2483,13,35,157,205,1.2975609756097561,0.04057477421298065,654,But is it gluten-free?
2956,2483,11,39,155,205,1.2975609756097561,0.03937847492134093,654,"I know, I know: global warming"
946,2485,12,34,149,195,1.2974358974358975,0.04137113313473756,654,I never thought that climate change would hit quite this close to home....
4025,2485,9,40,146,195,1.2974358974358975,0.03940769435702319,654,Could you turn down the ceiling fan? I'm feeling a strong draft here.
4073,2485,13,32,150,195,1.2974358974358975,0.04200522290093683,654,I hope you saved room for the chocolate hurricane.
5072,2488,10,35,140,185,1.2972972972972974,0.041508231401128234,654,"This is impressive, but I only ordered ""Tournedos""."
4885,2488,13,29,143,185,1.2972972972972974,0.04357977161242459,654,"I'm sorry, I thought you said tomato."
4460,2488,15,25,145,185,1.2972972972972974,0.04490774217161308,654,Waiter! There's a vortex in my vichyssoise!
5395,2488,9,37,139,185,1.2972972972972974,0.040794348474624695,654,"I can’t tell whether it’s too hot, or too cold ..."
3231,2488,15,25,145,185,1.2972972972972974,0.04490774217161308,654,"You say tomato, I  say tornado.""

Jeannie Green
Ashland, O"
2115,2488,13,29,143,185,1.2972972972972974,0.04357977161242459,654,There goes my funnel cake.
1736,2488,9,37,139,185,1.2972972972972974,0.040794348474624695,654,And for this course we have our deconstructed funnel cake.
3435,2488,13,29,143,185,1.2972972972972974,0.04357977161242459,654,Please return this tempest to your soup pot
231,2496,16,20,139,175,1.2971428571428572,0.04744665016390246,654,There a fly in my soup and it appears to be hosting an event of some sort.
3416,2496,13,26,136,175,1.2971428571428572,0.045322624337083305,654,I fear this soup might give me wind...
4614,2498,11,38,153,202,1.297029702970297,0.03975759570175234,654,But I didn't order the Kansas clam chowder.
961,2499,11,35,146,192,1.296875,0.04114357238027794,654,"Sorry Sir, bean spout soup is not a misprint in our menu."
1505,2499,10,37,145,192,1.296875,0.04047537555596193,654,What are all these flies doing in my tornado?
4827,2501,14,37,168,219,1.2968036529680365,0.03929219673163196,654,"If I decided to move to a southwestern area of this table, where would that be?"
5101,2502,11,32,139,182,1.2967032967032968,0.042669847241103134,654,This still doesn't prove climate change is real.
4845,2502,8,38,136,182,1.2967032967032968,0.04047934732544254,654,I thought I'd left Kansas.
6281,2502,12,30,140,182,1.2967032967032968,0.04337543811276337,654,Just a hint of spice?
161,2502,11,32,139,182,1.2967032967032968,0.042669847241103134,654,Climate change?
4522,2502,9,36,137,182,1.2967032967032968,0.041222449318167646,654,You were serious when you say you could whip something up quickly. But is it done?
475,2507,12,27,133,172,1.2965116279069768,0.0451202011359535,654,This sucks.
5985,2507,12,27,133,172,1.2965116279069768,0.0451202011359535,654,I’m certain I said the tournedo.
3673,2509,9,41,149,199,1.2964824120603016,0.03886215296219795,654,"On second thought, I’ll have the tomato soup."
5759,2510,10,36,143,189,1.2962962962962963,0.04088937507766557,654,I ordered partly cloudy.
6065,2510,12,32,145,189,1.2962962962962963,0.04224352701777759,654,Is this a local wind?
3071,2510,10,36,143,189,1.2962962962962963,0.04088937507766557,654,You call this an Auntie Em!?
3732,2510,12,32,145,189,1.2962962962962963,0.04224352701777759,654,"It's little more than a storm in a tea-cup, sir."
127,2514,10,41,155,206,1.296116504854369,0.038604871362523226,654,You'll be reading about this in my Yelp review.
1,2515,11,31,137,179,1.2960893854748603,0.04314370351400262,654,"Sorry, I thought you said 'tomato' soup."
321,2515,11,31,137,179,1.2960893854748603,0.04314370351400262,654,"No, there's no fly in my soup, my soup is flying."
3818,2515,13,27,139,179,1.2960893854748603,0.04457488699009694,654,So this is what all the buzz is about.
4464,2518,15,28,153,196,1.2959183673469388,0.04305106757087548,654,"Non monsieur, I asked for mon SPOON!"
4683,2519,11,28,130,169,1.2958579881656804,0.0448876609541568,654,We're gonna need a bigger spoon!
5043,2520,12,31,143,186,1.2956989247311828,0.04269903022561781,654,"Chef needs to dial back on the Habanero"""
3740,2520,11,33,142,186,1.2956989247311828,0.04201290924752085,654,Excuse me...my spoon and knife are wrongly set.
1757,2520,13,29,144,186,1.2956989247311828,0.04337429908339757,654,The storm chaser special also includes a small tempest in your teapot.
3759,2520,8,39,139,186,1.2956989247311828,0.03988378902683423,654,El Nino? That's all you can say ?!?
413,2524,9,34,133,176,1.2954545454545454,0.042117786151120835,654,"Spoon, please."
2957,2524,11,30,135,176,1.2954545454545454,0.043632305006058025,654,They have to start some place.
3713,2524,11,30,135,176,1.2954545454545454,0.043632305006058025,654,Our chef’s latest creation: a tsunami of umami.
4941,2524,10,32,134,176,1.2954545454545454,0.0428817324184391,654,"I wanted TOMATO soup, not tornado soup."
874,2528,10,37,146,193,1.2953367875647668,0.04029448321426323,654,"As an homage to climate change, we added just a bit of turbulance.
If you prefer, sir, we can instead bring out our mudslide cake."
1113,2528,12,33,148,193,1.2953367875647668,0.041612379285515574,654,"If there is no place like home, why am I here?"
2750,2528,9,39,145,193,1.2953367875647668,0.03961909907299773,654,Bean soup can give you wind
4541,2528,14,29,150,193,1.2953367875647668,0.042889798811590024,654,"Excuse me, I ordered tomato not tornado."
5049,2528,12,33,148,193,1.2953367875647668,0.041612379285515574,654,You don’t notice global warming until it’s right in front of your entree.
6730,2528,11,35,147,193,1.2953367875647668,0.04095873220270708,654,"I said that I wanted my soup with a twist, not a twister."
3879,2534,13,36,161,210,1.2952380952380953,0.03984912251726724,654,"On second thought, hold the Drang."
2217,2535,11,32,140,183,1.2950819672131149,0.04246699940973727,654,"Yes, that's how we serve tournedos"
2271,2535,11,32,140,183,1.2950819672131149,0.04246699940973727,654,"Atmospheric gastronomy,  sir.  Enjoy."
2491,2535,9,36,138,183,1.2950819672131149,0.04102861876924943,654,I will take one to go.
3960,2535,9,36,138,183,1.2950819672131149,0.04102861876924943,654,There seems to have been a mistake. I ordered the funnel CAKES.
4469,2535,13,28,142,183,1.2950819672131149,0.04385823206218924,654,You might want to begin with some Beano.
5661,2535,13,28,142,183,1.2950819672131149,0.04385823206218924,654,On the plus side President Trump will come and sign my Bible.
1544,2541,12,32,146,190,1.2947368421052632,0.0420495314813731,654,"You say tornAdo,
I say tornAHdo..."
1779,2541,13,30,147,190,1.2947368421052632,0.04270664925207649,654,When the menu discribed it as “it’s a hurricane of flavor”...
2725,2541,3,50,137,190,1.2947368421052632,0.035593678722083605,654,"You say, there are no substitutions on the prix fix?"
3136,2541,7,42,141,190,1.2947368421052632,0.038596491228070184,654,Ah... yes... Never mind about the fly.
4695,2541,17,22,151,190,1.2947368421052632,0.04523977299332388,654,Do you have any Sriracha?
1961,2546,10,28,125,163,1.294478527607362,0.04516501369728003,654,"You definitely ordered the Soup of the Day, sir."
4546,2547,16,21,143,180,1.2944444444444445,0.04640871928273635,654,This stuff works much faster than laxatives.”
6804,2547,9,35,136,180,1.2944444444444445,0.04146391805471725,654,Do you think this will affect my acid reflux?
6646,2549,10,38,149,197,1.2944162436548223,0.039722131918054314,654,Unlimited salad too?
6766,2550,10,40,154,204,1.2941176470588236,0.03880300585289877,654,"Everything is organic, sir."
6201,2550,15,25,147,187,1.2941176470588236,0.04448270560602682,654,That's our signature Cream of Tornado soup sir.
5550,2550,10,30,130,170,1.2941176470588236,0.043870405949469046,654,"Sir, your vortex du jour."
5220,2550,10,35,142,187,1.2941176470588236,0.04112427588048697,654,"Well, it's just that I did ask for it on the side."
5113,2550,9,37,141,187,1.2941176470588236,0.04041911751172696,654,I clearly said T-O-M-A-T-O bisque
4864,2550,5,45,137,187,1.2941176470588236,0.03746599838995825,654,It’s an unusual twist on consommé.
4909,2550,12,31,144,187,1.2941176470588236,0.04249950681160455,654,It’s obvious what I’ll say in my review.
3111,2550,10,30,130,170,1.2941176470588236,0.043870405949469046,654,"Alright, I'm going to turn my head back now, and there better not be anything weird happening with my soup"
2810,2550,7,41,139,187,1.2941176470588236,0.03897054076981192,654,I clearly said that I wanted a tournedos in my soup.
1257,2550,11,38,155,204,1.2941176470588236,0.03942040643323097,654,just say when
240,2550,8,39,140,187,1.2941176470588236,0.03970143642438121,654,This soup is cold . . . with a warm updraft!
92,2550,13,34,157,204,1.2941176470588236,0.040627069838263766,654,I would like to reconsider my order of Tournedos of Beef
3826,2550,17,31,173,221,1.2941176470588236,0.04053385849528978,654,So this comes with a side of FEMA
2050,2563,12,33,149,194,1.2938144329896908,0.04142530903714438,654,Can you please turn down the fan?
4037,2563,11,35,148,194,1.2938144329896908,0.04077548624872847,654,"Impressive, but I ordered TOMATO soup!"
3141,2565,10,32,135,177,1.2937853107344632,0.04267143579763681,654,"Honestly, I've had worse, but I could do with a spoon and a bib"
376,2565,11,30,136,177,1.2937853107344632,0.04341719438678202,654,"I ordered tomato soup, not tornado soup..."
1899,2565,10,32,135,177,1.2937853107344632,0.04267143579763681,654,"I don’t care what dimension it leads to, I want a new bowl of soup."
4518,2565,7,38,132,177,1.2937853107344632,0.04035154801080762,654,"I said a twist of pepper, not..."
4794,2569,12,35,154,201,1.2935323383084578,0.04042116337701413,654,"There was a fly in my soup, but he's gone now!"
5322,2569,10,39,152,201,1.2935323383084578,0.03917100919288498,654,If I wanted a tempest I would have ordered the tea
3867,2571,12,30,142,184,1.2934782608695652,0.042962911561136484,654,I'll take the heavy croutons please.
4181,2571,7,40,137,184,1.2934782608695652,0.03935516628852123,654,"Look, we're going around and around here."
2015,2571,10,34,140,184,1.2934782608695652,0.041557414589034336,654,There's a polar vortex in my soup
5613,2571,6,42,136,184,1.2934782608695652,0.03859316756052271,654,May I please have a couple of extra napkins?
1871,2571,12,30,142,184,1.2934782608695652,0.042962911561136484,654,"Waiter, I'm missing a soup spoon."
1955,2571,11,32,141,184,1.2934782608695652,0.04226600570869525,654,"This is all very impressive, but I ordered Tournedos."
71,2571,8,38,138,184,1.2934782608695652,0.04010268874825893,654,The chef is a wizard with soup!
2270,2578,14,28,149,191,1.293193717277487,0.04315382644894274,654,I think there's a problem with my soup. Are you sure it's gluten free?
4026,2578,12,32,147,191,1.293193717277487,0.041857251883054294,654,Sacre bleu! I ordered tournedos!
1443,2580,10,31,133,174,1.293103448275862,0.04315159094718724,654,I believe there’s been a misunderstanding. I said “tomato” soup.
3194,2580,11,29,134,174,1.293103448275862,0.04391469650730437,654,Caused by cuisine change?
4641,2580,12,27,135,174,1.293103448275862,0.04466476617406532,654,"Rossini, this isn't exactly what I had in mind when I ordered the Beef  Tournados Gusto"
6132,2580,10,31,133,174,1.293103448275862,0.04315159094718724,654,"Yes, our new chef has caused quite a stir."
6567,2580,10,31,133,174,1.293103448275862,0.04315159094718724,654,Your soup of the day is causing quite a stir.
1072,2585,12,22,123,157,1.2929936305732483,0.048039420581846765,654,I ordered tournedos soup. This looks like tornado soup.
3177,2586,13,32,153,198,1.292929292929293,0.04144808100769136,654,Is it gluten-free yet?
5615,2586,13,32,153,198,1.292929292929293,0.04144808100769136,654,"Sir, I'm afraid you're not in Kansas anymore."
6860,2588,10,33,138,181,1.292817679558011,0.042003486870161796,654,"No, I distinctly asked for the TOMATO soup."
6840,2588,9,35,137,181,1.292817679558011,0.041266276244008505,654,"Yeah, but I don't want to be blown away."
6689,2588,9,35,137,181,1.292817679558011,0.041266276244008505,654,I ordered the *tomato* bisque.
6544,2588,8,37,136,181,1.292817679558011,0.040515653775322284,654,"You told me it was hot, so I blew on it."
372,2588,11,31,139,181,1.292817679558011,0.04272797986632282,654,"Vacuum cooking, sir.  It adds a special twist!"
3295,2588,14,25,142,181,1.292817679558011,0.04483126505098858,654,"I ordered the Lima soup, not the FEMA soup."
3249,2588,7,39,135,181,1.292817679558011,0.039750859696826096,654,"I'm sorry,sir,I thought you said al VENTE."
96,2588,11,31,139,181,1.292817679558011,0.04272797986632282,654,I ordered tomato not tornado soup
4558,2588,10,33,138,181,1.292817679558011,0.042003486870161796,654,Can you just send my bill to FEMA?
3290,2597,13,34,158,205,1.2926829268292683,0.04045385288278221,654,But I asked for it on the side...
4473,2597,13,34,158,205,1.2926829268292683,0.04045385288278221,654,It’s our Oz soup special
5172,2597,5,38,121,164,1.2926829268292683,0.04054802809484679,654,"I ordered Brussels sprouts, not water spouts!"
6221,2597,11,26,127,164,1.2926829268292683,0.045749784446529385,654,"Yes, it real does have a twist."
6410,2601,9,37,142,188,1.2925531914893618,0.040233974953852655,654,The soup is great but the creme fraiche swirl is over the top.
5887,2601,11,33,144,188,1.2925531914893618,0.041623927343022234,654,Now I know why it's called the Dorothy Special.
5210,2601,14,27,147,188,1.2925531914893618,0.0436259006527329,654,"I said braised fennel, not breezed funnel"
2518,2601,13,29,146,188,1.2925531914893618,0.04296894127538105,654,I said tomato soup. TO-MA-TO.
5300,2601,7,41,140,188,1.2925531914893618,0.03879425413276162,654,"If I eat this, will it take me to Oz?"
17,2606,16,30,166,212,1.2924528301886793,0.041183186219076094,654,Where's the matzo ball?
6255,2607,9,32,130,171,1.2923976608187135,0.042851619961223705,654,"We call this dish the ""Kansas special""."
1305,2608,11,35,149,195,1.2923076923076924,0.04059381511381534,654,"Suffice it to say, the fly that flew in is gone."
1948,2608,13,31,151,195,1.2923076923076924,0.04187593597407749,654,"I asked for three courses, not three wishes."
3302,2608,12,33,150,195,1.2923076923076924,0.041239858384817835,654,The chef calls it meteorological gastronomy.
5188,2611,10,32,136,178,1.2921348314606742,0.042463119409665635,654,"Careful, the plate is hot."
855,2611,12,28,138,178,1.2921348314606742,0.04393263541078713,654,"You weren’t kidding, Oz the new chef is a real wizard."
1766,2611,9,34,135,178,1.2921348314606742,0.04170895033359998,654,It's a cyclone; tornadoes come with the entree.
4508,2611,9,34,135,178,1.2921348314606742,0.04170895033359998,654,"What is this,one of those God damn climate change restaurants?"
4192,2615,8,31,122,161,1.2919254658385093,0.04373813197750449,654,I believe I ordered tournedos.
279,2615,11,25,125,161,1.2919254658385093,0.04632432885147918,654,"Does this look like a ""brussel sprout"" to you?"
625,2617,6,42,137,185,1.2918918918918918,0.038416756435501076,654,So can I have a spoon?
1034,2617,8,38,139,185,1.2918918918918918,0.039916863456258694,654,Are you sure this is your tournedos Rossini?
1564,2617,13,28,144,185,1.2918918918918918,0.043441086785301175,654,"I don’t care how it got here, I didn’t order soup!"
3063,2617,7,40,138,185,1.2918918918918918,0.03917399113704279,654,But it was you that said to blow on it to cool it down.
4739,2617,13,28,144,185,1.2918918918918918,0.043441086785301175,654,"Stop denying it, there's a climate change in my soup."
4781,2617,10,34,141,185,1.2918918918918918,0.041362601481852994,654,"Oh, you ordered Tournedos?"
551,2623,12,37,160,209,1.291866028708134,0.03931583074916931,654,"Did you order the tournedo of beef? My mistake, sir."
2078,2623,9,43,157,209,1.291866028708134,0.037519523886042946,654,Take this back.  I asked for tournedos.
5840,2623,10,41,158,209,1.291866028708134,0.03812769725002207,654,"Excuse me, but I believe I ordered the ""tournedos"" of beef stew."
1577,2626,11,27,130,168,1.2916666666666667,0.04495837084270246,654,The Chef is experimenting with meteorological gastronomy.
1296,2626,7,35,126,168,1.2916666666666667,0.04166666666666666,654,Surely you've heard of 'tempest in a teapot'.  This is 'tornado in a tureen'.
4896,2626,6,37,125,168,1.2916666666666667,0.040802268462444564,654,I'm not sure we can blame this on global warming.
435,2626,11,34,147,192,1.2916666666666667,0.041006994394811515,654,I'd like to cancel the tournedos.
454,2626,8,40,144,192,1.2916666666666667,0.03896101928660333,654,"Waiter, what's this mobile, destructive vortex of violently rotating winds doing in my soup?"
615,2631,15,28,156,199,1.2914572864321607,0.042477784179473094,654,May I have another spoon please?
2638,2631,10,38,151,199,1.2914572864321607,0.03937725136616857,654,"When I saw the ketchup bottle, I suspected this was a fast food joint."
6473,2631,9,40,150,199,1.2914572864321607,0.03872736862253529,654,I thought it would come in a nice teapot.
3689,2634,7,37,131,175,1.2914285714285714,0.040577579958746536,654,Chef’s Special: Eye of the Stew
4907,2634,10,31,134,175,1.2914285714285714,0.04293698091719815,654,I ordered the beef tournedo not the soup tornado
777,2636,10,40,156,206,1.2912621359223302,0.038478114320529666,654,I think you may have misheard me when I asked for the tomato soup.
3526,2636,12,36,158,206,1.2912621359223302,0.03968985607758776,654,What's this?  I ordered the tournedos.
4751,2638,11,31,140,182,1.2912087912087913,0.04252300982644097,654,"I see now that ""Tornado"" Bisque wasn't a typo on the menu."
4204,2638,13,27,142,182,1.2912087912087913,0.04392757562727281,654,Waiter! What's this Extreme Weather Event as a Result of Catastrophic Global Warming doing in my soup?
5178,2638,9,35,138,182,1.2912087912087913,0.041070437408304024,654,But certainly you cannot blame every severe weather event on global climate change
3501,2638,7,39,136,182,1.2912087912087913,0.03956457118583799,654,"Yes, but I ordered the Tournedos!"
3283,2638,13,27,142,182,1.2912087912087913,0.04392757562727281,654,"Excuse me, but I ordered tournedos in a red wine and mushroom sauce"
3777,2638,15,23,144,182,1.2912087912087913,0.04528860161541697,654,"Well, that fly is gone!"
323,2644,13,36,164,213,1.2910798122065728,0.03935913998235255,654,"And with dessert, we have a tempest in a teapot."
5714,2645,8,39,142,189,1.291005291005291,0.03934147399240681,654,Is it too late to cancel the Tournedos of Beef?
4599,2645,13,29,147,189,1.291005291005291,0.042769007792377405,654,"Excuse me, I ordered the funnel cake."
6549,2645,11,33,145,189,1.291005291005291,0.04143203406646543,654,I think I will pass on the fresh pepper.
301,2645,10,35,144,189,1.291005291005291,0.04074709997723652,654,No...I explicitly stated: hold the cyclone
2681,2645,11,33,145,189,1.291005291005291,0.04143203406646543,654,"As I've told you before, north of the Equator, the risotto is stirred clockwise."
3102,2650,12,33,151,196,1.2908163265306123,0.04105600742111329,654,Are you sure this is what she's having?
4056,2650,10,37,149,196,1.2908163265306123,0.039761017314049185,654,"I ordered a tempest in a tea pot, not this."
543,2652,11,28,133,172,1.2906976744186047,0.04420179094903042,654,"My goodness, a soupspout."
6098,2652,10,30,132,172,1.2906976744186047,0.04342578573955151,654,"You're correct, Mr. Coriolis, this one is counterclockwise as well!"
343,2654,15,29,159,203,1.29064039408867,0.04185972606880442,654,"Waiter, there's a carrot in my soup!"""
6041,2655,5,42,132,179,1.2905027932960893,0.038363785165132655,654,That’s some twist.
4877,2655,9,34,136,179,1.2905027932960893,0.041507382557178375,654,I ordered Tempest in a Teapot!
2944,2655,8,36,135,179,1.2905027932960893,0.04074422791157147,654,"No, I asked for tournedos au poivre."
2770,2655,12,28,139,179,1.2905027932960893,0.043716986431610115,654,"Please may I have a spoon, an oilskin and a life preserver?"
2832,2655,9,34,136,179,1.2905027932960893,0.041507382557178375,654,"Perhaps it sounded like ""tornado soup,"" but I ordered tournedos boeuf."
1624,2655,10,32,137,179,1.2905027932960893,0.04225675691988006,654,"''Waiter, I prefer my storm in a teacup.''"
2863,2655,6,40,133,179,1.2905027932960893,0.03917334183898954,654,This is the first F-4 gazpacho I've had here.
1609,2662,11,32,143,186,1.2903225806451613,0.04186948509583201,654,I can see why the chef named it Trailer Park soup.
5630,2662,6,42,138,186,1.2903225806451613,0.0382418695718593,654,"Waiter, I asked for Tournedos Rossini!"
410,2664,7,51,166,224,1.2901785714285714,0.03469760256590829,654,"I asked for tomato soup, not tornado soup."
6245,2665,11,34,148,193,1.2901554404145077,0.04082195195028793,654,And this will help with my cleanse?
4503,2666,9,29,124,162,1.2901234567901234,0.04437719097706396,654,A little too much pepper?
4904,2666,10,27,125,162,1.2901234567901234,0.04523291185758809,654,"Like I said, I merely blew on my soup..."
6442,2666,8,31,123,162,1.2901234567901234,0.04350464162492643,654,"Its the chef's bigger vision of tempest in a teapot, she calls it tornado in a tureen ."
4662,2669,12,34,154,200,1.29,0.040468363473348604,654,The chef says it’s due to climate change.
5438,2669,9,40,151,200,1.29,0.038560791918305234,654,Send it back–I asked for an earthquake
2854,2669,8,42,150,200,1.29,0.037903606913926115,654,"Waiter, there's a tropical cyclone in my soup."
1720,2672,4,41,124,169,1.2899408284023668,0.03882289016545469,654,My compliments to chef Aeolus.”
3946,2672,9,31,129,169,1.2899408284023668,0.04312109334736757,654,So this is the Oklahoma recipe?
5387,2672,12,25,132,169,1.2899408284023668,0.045505558186626445,654,I thought the special was tournados.
5407,2672,10,29,130,169,1.2899408284023668,0.043930297854750236,654,"This is the soup du jour, our ""northwesterly"". It starts out powerful, food critics have said a category 5 as it moves in, but it will weaken as it hits the coast of the bowl, stalls-out, and dumps heavy flavors."
6333,2672,12,25,132,169,1.2899408284023668,0.045505558186626445,654,"You asked for funnel soup, sir."
3467,2677,13,34,160,207,1.289855072463768,0.040111675065117515,654,"Oh, that's why it's called trailerpark soup!"
6455,2678,9,33,134,176,1.2897727272727273,0.04195761269760439,654,"I don't care how to pronounce it — I want ""tomato""!"
1812,2678,9,33,134,176,1.2897727272727273,0.04195761269760439,654,"Take this back.  I ordered an F5 not an 
F3."
4241,2678,13,25,138,176,1.2897727272727273,0.04494642948024273,654,I thought these things only happened in Tea Pots!
4687,2678,11,29,136,176,1.2897727272727273,0.04347771145256271,654,"No, I ordered the soup and the tournados."
6108,2678,6,39,131,176,1.2897727272727273,0.039568119344707026,654,"Sir, I ordered the *tomato* bisque!"
3979,2683,11,31,141,183,1.289617486338798,0.04231993381014934,654,"But the menu said ""Fair to partly cloudy."""
2020,2683,10,33,140,183,1.289617486338798,0.04160441752168046,654,"Waiter, please check the translation of Tournedo de boeuf."
3866,2683,8,37,138,183,1.289617486338798,0.04013513518806301,654,"Tournedo,"" well done"
10,2686,8,39,143,190,1.2894736842105263,0.03916382608246367,654,I may need another spoon.
465,2686,9,37,144,190,1.2894736842105263,0.039868534785647176,654,"I know what climate change is, but that doesn't explain how this is a seasonal special."
754,2686,11,33,146,190,1.2894736842105263,0.04124184344847057,654,No ... what I ordered was tournedos.
1336,2686,8,39,143,190,1.2894736842105263,0.03916382608246367,654,Is this gluten free?
1431,2686,14,27,149,190,1.2894736842105263,0.04322006511608756,654,"I'm sorry, we're all out of funnel cake."
1634,2686,11,33,146,190,1.2894736842105263,0.04124184344847057,654,It's still not hot enough.
5857,2686,11,33,146,190,1.2894736842105263,0.04124184344847057,654,The menu said 'tomato' basil.
6153,2686,13,29,148,190,1.2894736842105263,0.04257087309536828,654,I said 'hold the climate change'.
4789,2694,12,33,152,197,1.2893401015228427,0.040873736536742436,654,I distinctly said  tempest in a teapot
1266,2694,9,39,149,197,1.2893401015228427,0.038926472128797164,654,"As long as it doesn't leave the plate, you're good."
2,2696,9,41,154,204,1.2892156862745099,0.03804361427646381,654,Don’t blame this on climate change.
3218,2696,9,41,154,204,1.2892156862745099,0.03804361427646381,654,Is this what's meant by the Kansas special?
3175,2698,8,32,126,166,1.2891566265060241,0.042777126004751545,654,"I ordered the tournedo, not a tornado"
765,2699,8,45,158,211,1.2890995260663507,0.036602782484709315,654,Does this go counter-clockwise in South America?
6173,2699,9,43,159,211,1.2890995260663507,0.03721424758947137,654,I said extra 'tomato.'
4168,2701,10,30,133,173,1.2890173410404624,0.04320672684185774,654,I believe I asked for tomato
5096,2701,12,26,135,173,1.2890173410404624,0.0447353094841009,654,Excuse me... I believe that I asked for tournedos!
5399,2701,10,30,133,173,1.2890173410404624,0.04320672684185774,654,And after this I'd like to try the tempest in a teapot.
2682,2704,11,30,139,180,1.288888888888889,0.04278400480284817,654,This soup is so cold it's reacting with the warm gulf air.
85,2704,7,38,135,180,1.288888888888889,0.03977660218328084,654,I've heard of a tempest in a teapot; but a cyclone in the soup?
3216,2704,11,30,139,180,1.288888888888889,0.04278400480284817,654,"All things equal, the fly looks pretty good by comparison."
3531,2707,12,30,145,187,1.2887700534759359,0.04235818564051934,654,It was too hot...
216,2707,13,28,146,187,1.2887700534759359,0.04303158022922594,654,"There is a mix up here, I ordered a tempest in a teapot."
384,2709,10,36,148,194,1.288659793814433,0.03997590600480051,654,"I believe I also ordered one of your world famous hurricane cocktails"""
639,2709,13,30,151,194,1.288659793814433,0.04193233729370041,654,"No, I ordered the beef Tournedos!"
1774,2709,10,36,148,194,1.288659793814433,0.03997590600480051,654,Are you sure it's non GMO?
3325,2709,7,42,145,194,1.288659793814433,0.037918665732019546,654,Now what?
6085,2709,7,42,145,194,1.288659793814433,0.037918665732019546,654,Does the Maelstrom Minestrone come with a bib?
2718,2714,7,46,155,208,1.2884615384615385,0.0362865122862698,654,That got rid of the fly.
6099,2714,9,42,157,208,1.2884615384615385,0.03754481642939434,654,"Apologies, sir. That was supposed to come in a teacup, not a soup bowl."
4158,2716,13,36,166,215,1.2883720930232558,0.03903891310218454,654,So this is what they meant by a modern twist.
1241,2716,12,38,165,215,1.2883720930232558,0.038478148670016595,654,It's a micro bisque burst.
5378,2716,13,36,166,215,1.2883720930232558,0.03903891310218454,654,Where are the frogs?
2061,2719,10,27,126,163,1.2883435582822085,0.04498977505112473,654,Chef Robert calls Climate Change Bisque.
1659,2720,6,37,127,170,1.2882352941176471,0.04039332833750554,654,I always heard it was a tempest in a teapot...
4294,2721,6,39,132,177,1.2881355932203389,0.03937798208832988,654,"No, leave it, please. I don't think she's finished."
6001,2721,8,35,134,177,1.2881355932203389,0.04097594592104471,654,"I said Alfredo, not tornado."
737,2723,13,27,144,184,1.2880434782608696,0.043506094084674755,654,Please tell the chef he put the squall in squalid.
2348,2723,9,35,140,184,1.2880434782608696,0.040684076707408146,654,No sir. Cyclones normally are not boxed to take home.
2909,2723,11,31,142,184,1.2880434782608696,0.04211872695155233,654,"Technically, it's called a waterspout."
3081,2723,7,39,138,184,1.2880434782608696,0.03919695185915761,654,"No matter what they say, Global Warming is a hoax. Now bring me a spoon, good man."
3666,2723,6,41,137,184,1.2880434782608696,0.03843181629596165,654,"Chicken soup with a twist, eh?"
6713,2723,12,29,143,184,1.2880434782608696,0.042818029978760073,654,Garcon! This is intolerable...my soup is being ruined by that elephant at the next table!
219,2729,12,31,148,191,1.287958115183246,0.04171915433776941,654,"Would you care for a TWIST of fresh-ground pepper, sir? I'm kidding! We have fun here."
2313,2729,9,37,145,191,1.287958115183246,0.03968819768750652,654,"Be VERY careful of the soup, sir. It is so hot it has created its own weather system."
5837,2729,11,33,147,191,1.287958115183246,0.04105333406273619,654,I meant to order a serving of tournedos
2882,2729,11,33,147,191,1.287958115183246,0.04105333406273619,654,"I  asked for the whole freshwater trout, not the bowl of waterspout."
4921,2733,12,33,153,198,1.2878787878787878,0.04069302641589858,654,Can I get my funnel cake to go?
458,2733,10,37,151,198,1.2878787878787878,0.03941286684556757,654,"Okay, now it's a warning."
4668,2733,11,35,152,198,1.2878787878787878,0.04005806081097448,654,I believe I ordered the Tournedos rare?
455,2733,14,29,155,198,1.2878787878787878,0.041934123631996875,654,"What exactly goes into ""soupe au changement climatique""?"
680,2737,11,37,157,205,1.2878048780487805,0.039125884278100695,654,I thought you said tomato!
2172,2737,10,39,156,205,1.2878048780487805,0.03850987941933194,654,Waiter!  There's a Tasmanian Devil in my soup!
4015,2737,12,35,158,205,1.2878048780487805,0.03973233982784261,654,I ordered Tempest in a Teapot but you brought me Tornado in a Tureen.
1534,2740,10,24,119,153,1.2875816993464053,0.04698805977920887,654,Did the chef explain how one gets a spoon inside his vichysoisse vortex?
2733,2740,12,20,121,153,1.2875816993464053,0.04878397673238124,654,I think you misheard my order.  I wanted the tournedos.
684,2742,9,28,123,160,1.2875,0.04467519044737731,654,I had a feeling we were not in Kansas anymore
1939,2743,9,30,128,167,1.2874251497005988,0.04339482258815329,654,"Fine, I'll taste the soup. Where's the spoon?"
2804,2743,7,34,126,167,1.2874251497005988,0.04169917137871996,654,"Well, I guess I thought cream of ‘tornado’ was a colloquialism."
4117,2745,9,32,133,174,1.2873563218390804,0.042209972111649965,654,I specifically asked for theTOURNEDOS of beef soup.
4737,2745,12,26,136,174,1.2873563218390804,0.04450847166362943,654,There must be some mistake. I ordered the Tournedos Rossini.
3258,2747,9,34,138,181,1.287292817679558,0.04110982367063004,654,I distinctly said I wanted the tornado on the side.
3176,2747,10,32,139,181,1.287292817679558,0.041849790398941406,654,I'll skip the drang.
2538,2747,8,36,137,181,1.287292817679558,0.04035629130662604,654,"It’s tornados of beef soup, sir."
1650,2747,13,26,142,181,1.287292817679558,0.04399507948680658,654,Waiter there are no more flies in my soup!
1162,2747,6,40,135,181,1.287292817679558,0.03880535452247786,654,Am I supposed to blow on this or is someone doing it for me?
1412,2747,7,38,136,181,1.287292817679558,0.03958841868299651,654,Can I have an umbrella? The soup is a little inclement
1625,2747,9,34,138,181,1.287292817679558,0.04110982367063004,654,No. I asked for the Beef tournedos with Madeira sauce.
2337,2754,15,24,149,188,1.2872340425531914,0.04413791677824474,654,Not what I meant when I asked for something low pressure.
270,2754,10,34,144,188,1.2872340425531914,0.04078859191426422,654,Is it safe to add some salt?
4175,2754,11,32,145,188,1.2872340425531914,0.04148009792398465,654,How about some bread?
4597,2754,9,36,143,188,1.2872340425531914,0.04008515856165976,654,"Waiter, there's a green witch in my soup."
4033,2758,10,36,149,195,1.2871794871794873,0.03979791295665836,654,Your food sucks
4826,2758,11,34,150,195,1.2871794871794873,0.04045666780409581,654,Third one this month.
4284,2758,8,40,147,195,1.2871794871794873,0.038446556250142094,654,So this is your famous Mid-Western Surprise.
3173,2758,8,40,147,195,1.2871794871794873,0.038446556250142094,654,Our beef tournedos are very popular here in the midwest.
1280,2758,15,26,154,195,1.2871794871794873,0.04299086352042481,654,I believe I ordered the tomato soup and not the tornado soup.
2850,2758,9,38,148,195,1.2871794871794873,0.03912806897357123,654,More croutons please.
2790,2758,10,36,149,195,1.2871794871794873,0.03979791295665836,654,Are there refunds for an Act of God?
3441,2758,14,28,153,195,1.2871794871794873,0.042371526431397126,654,"I wanted funnel cake for dessert, not funnel soup"
840,2766,14,32,163,209,1.2870813397129186,0.04034925268393261,654,"I’m thinking, we’re not in Kansas anymore."
1935,2766,13,34,162,209,1.2870813397129186,0.03977506212688862,654,"When you said farm to table, I thought you meant the food."
4225,2766,13,34,162,209,1.2870813397129186,0.03977506212688862,654,"Waiter, there ‘s a spout in my soup!"
1603,2769,6,35,123,164,1.2865853658536586,0.041270090897601856,654,"Oh qui, monsieur, Les Chefs soup de jour Sriracha is well known for its category 5 heat."
2110,2769,9,29,126,164,1.2865853658536586,0.043905244560963654,654,"Excuse me, this is a category F-4 when I specifically asked for a category F-5!"
5928,2771,9,31,131,171,1.286549707602339,0.04268228249107103,654,Are all your soups whisked using renewable energy?
3864,2771,11,27,133,171,1.286549707602339,0.04426484087689004,654,Your menu claims it's an artisanal cyclone but any idiot can see it's just an off-the-shelf tornado.
2907,2771,9,31,131,171,1.286549707602339,0.04268228249107103,654,I really don't care if it is fresher this way.
1111,2771,10,29,132,171,1.286549707602339,0.04348076227772452,654,"Please bring me salt and pepper.  
Oh, and a basement when you get a chance.  
Thanks very much."
813,2771,8,33,130,171,1.286549707602339,0.04186857758562124,654,I’ve been told this soup will make me feel like I’m not in Kansas anymore.
2819,2771,14,21,136,171,1.286549707602339,0.046537882275299175,654,Any word on when the immersion blender will be fixed?
1176,2777,6,39,133,178,1.2865168539325842,0.03918957810570349,654,"I’ll give you just 1 Michelin star, but you’ve definitely earned a category 5 storm rating."
446,2778,9,35,141,185,1.2864864864864864,0.040493509735217474,654,"Well, there _was_ a fly in my soup two minutes ago."
3511,2779,6,43,143,192,1.2864583333333333,0.03738157262225876,654,"No, I did not order the Tournedos."
4255,2779,9,37,146,192,1.2864583333333333,0.03950942339693446,654,I asked for a table away from the draft.
2071,2779,8,39,145,192,1.2864583333333333,0.03881310365512172,654,Couldn't you just put the bowl on a lazy Susan?
4985,2779,11,33,148,192,1.2864583333333333,0.0408664848107621,654,I hope this doesn't mean there is a witch under my plate.
1096,2779,13,29,150,192,1.2864583333333333,0.0421799078284705,654,Don't worry! It will settle down when we cross the equator.
349,2779,14,27,151,192,1.2864583333333333,0.04282151499227083,654,"Waiter, there's a hoax in my soup."
98,2779,10,35,147,192,1.2864583333333333,0.040193681829029305,654,"No Sir, the croutons are definitely in there."
1341,2779,12,31,149,192,1.2864583333333333,0.04152838911640155,654,All I did was spell Dorothy with the alphabet soup!
5937,2787,7,43,149,199,1.2864321608040201,0.03725021434791084,654,Bisque with a twist?
6006,2787,9,39,151,199,1.2864321608040201,0.038588808719921514,654,"No, I asked for 'Thai food.'"
245,2787,10,37,152,199,1.2864321608040201,0.039240986266292854,654,How am I supposed to eat this when you've got the spoon inside the knife on the place setting?
2318,2790,12,35,159,206,1.2864077669902914,0.03956366973329399,654,It's vortex vegetable.
399,2790,3,53,150,206,1.2864077669902914,0.03374976578709405,654,No on the ground pepper. Yes on the soup bib.
965,2792,11,39,163,213,1.2863849765258215,0.03809465660560942,654,There's a tornado in my soup.
5696,2792,13,35,165,213,1.2863849765258215,0.039240090050820395,654,"This French onion soup is an absolute disaster”
Rebecca J. Woodul, Cincinnati, Ohio"
3646,2794,13,37,170,220,1.2863636363636364,0.038376964784770956,654,"Waiter, there's a climate change in my soup!"
5333,2795,12,41,174,227,1.2863436123348018,0.03704086599078896,654,Sorry you think it sucks.
6336,2796,12,28,142,182,1.2857142857142858,0.04308220104728187,654,I wonder what the spicy version is like
5726,2796,13,30,153,196,1.2857142857142858,0.04155531956305283,654,"It's a hydroponic carrot, sir."
5489,2796,9,34,139,182,1.2857142857142858,0.040913784271234925,654,"I asked for tomato soup, not for tornado soup."
5353,2796,12,30,147,189,1.2857142857142858,0.04196412852873907,654,"I said funnel CAKE, not CLOUD."
5201,2796,7,40,142,189,1.2857142857142858,0.03846494029018263,654,"You wanted tomato soup?  I thought you said, “tornado soup.”"
4497,2796,14,26,149,189,1.2857142857142858,0.04328467007886533,654,I ordered the chocolate lava cake.
4357,2796,6,46,151,203,1.2857142857142858,0.03609633241192845,654,How did you know I’m a meteorologist?
3606,2796,6,32,116,154,1.2857142857142858,0.04293205686927954,654,Is this really the best way to get a fly out of my soup?
3303,2796,9,30,129,168,1.2857142857142858,0.043169661793634156,654,"Actually,I ordered the tempest in a teacup."
1078,2796,9,36,144,189,1.2857142857142858,0.03990145626649486,654,"Pardon me, there appears to be a flying cow in my soup."
6464,2796,11,30,141,182,1.2857142857142858,0.04237172735661513,654,My apologies sir. I thought I was clear. The soup of the day is tornado soup not tomato soup.
1075,2796,6,40,136,182,1.2857142857142858,0.038623819589831944,654,I distinctly asked for only gale force.
705,2796,14,26,149,189,1.2857142857142858,0.04328467007886533,654,Are the overhead fans really necessary?
500,2796,11,28,136,175,1.2857142857142858,0.04353594883761751,654,"Well, you can just tell Chef Dumbledore to quit stirring the damn risotto."
386,2796,6,32,116,154,1.2857142857142858,0.04293205686927954,654,Do you have a bib?
377,2796,13,26,143,182,1.2857142857142858,0.043781146798290975,654,Not SOUP.  I ordered BEEF tournedos.
345,2796,8,40,148,196,1.2857142857142858,0.038277950117547636,654,"No, I ordered the Hurricane."
336,2796,9,34,139,182,1.2857142857142858,0.040913784271234925,654,Excuse me. I ordered the lava cake.
222,2796,12,38,167,217,1.2857142857142858,0.03816877183629424,654,"I asked for Chardonnay, this is Cabernet."
2142,2796,8,34,133,175,1.2857142857142858,0.04121085422817974,654,"I asked for extra fennel, not funnel!"
6654,2796,13,32,158,203,1.2857142857142858,0.04055069253764272,654,"No, no, no, I said TOURNEDOS of beef!!!"
4193,2817,11,41,169,221,1.2850678733031675,0.037133156724133524,654,Did I mispronounce Beef Tornado?
3065,2818,13,35,166,214,1.2850467289719627,0.039079215227580066,654,"Tomato, tornado."
187,2819,15,27,158,200,1.285,0.04216353660564395,654,There's soup in my fly.
812,2819,9,39,152,200,1.285,0.03842208064911419,654,Caught fresh in the Gulf of Mexico?
4334,2819,7,43,150,200,1.285,0.03709115485994229,654,Will you be having that to go
6358,2819,6,45,149,200,1.285,0.036407451332973226,654,It's the chef's new signature dish - clam chowder with exotic spices and a nod to climate change.
983,2823,9,35,142,186,1.2849462365591398,0.04030465551395981,654,It's the special today - our Wizard of Oz soup.
1037,2823,8,37,141,186,1.2849462365591398,0.039577046596874436,654,"Could you bring some extra napkins, please?"
2302,2823,7,39,140,186,1.2849462365591398,0.03883580794271403,654,The soup is a little hot.
4306,2823,11,31,144,186,1.2849462365591398,0.04172182322999045,654,It keeps the flies away.
5470,2823,8,37,141,186,1.2849462365591398,0.039577046596874436,654,"I ordered tournedos of beef in mushroom wine sauce, but...."
5867,2823,11,31,144,186,1.2849462365591398,0.04172182322999045,654,It’s a just a tad over-seasoned ...
6199,2823,7,39,140,186,1.2849462365591398,0.03883580794271403,654,Does this come with disaster relief paper towels?
5340,2830,6,39,134,179,1.2849162011173185,0.03900288563247348,654,"I distinctly said, tortilla soup."
4666,2830,8,35,136,179,1.2849162011173185,0.04058037068504375,654,"Sir...Im sorry but this is weak.
I believe I ordered the F5."
4643,2830,9,33,137,179,1.2849162011173185,0.041346549838812835,654,"This really is a true, in season, mid-western farm to table soup!"
4350,2830,7,37,135,179,1.2849162011173185,0.039799444547602446,654,"I thought you said the soup of the day was tomato soup, but this is tornado soup!"
1168,2830,13,25,141,179,1.2849162011173185,0.044278888627933485,654,It's a different spin on potato-leak.
2239,2830,4,43,132,179,1.2849162011173185,0.03735885022834689,654,This is tomato?
1768,2830,6,39,134,179,1.2849162011173185,0.03900288563247348,654,"Excuse me, waiter, but I believe there’s an EF-5 in my soup."
4148,2830,12,27,140,179,1.2849162011173185,0.043564311993730155,654,I believe I asked for the Beef Tournedos.
3899,2838,12,23,130,165,1.284848484848485,0.046141641091063744,654,"There's a flyover state in my soup."""
5539,2839,7,31,120,158,1.2848101265822784,0.04314845601854772,654,Can I bring you a bib sir?
6465,2840,10,40,161,211,1.2843601895734598,0.037688333550256116,654,It's chef's attempt to raise awareness of climate change.
6800,2841,9,40,155,204,1.2843137254901962,0.03790802487962838,654,Yea- we were all just getting a little tired of the tempest in a teapot thing.
436,2842,11,34,152,197,1.284263959390863,0.04009765424495795,654,"Sorry, our soups been acting up lately."
4356,2843,7,40,143,190,1.2842105263157895,0.03829149639483411,654,Tell the Chef he needs to turn the power level on the blender down a tad.
4336,2843,9,36,145,190,1.2842105263157895,0.03971936909405019,654,"Don’t worry, I blame the President."
2978,2843,11,32,147,190,1.2842105263157895,0.041097662540626134,654,"Technically speaking, it's a waterspout."
2643,2843,10,34,146,190,1.2842105263157895,0.04041439191385028,654,"Well this is a mistake,I ordered the lightning in a bottle."
606,2847,13,26,144,183,1.284153005464481,0.04356923110812124,654,"I asked for tomato, not tornado, soup."
1802,2847,8,36,139,183,1.284153005464481,0.03997538864685788,654,We’re out of teapots.
2100,2847,10,32,141,183,1.284153005464481,0.041450333873462974,654,We try to keep our food ingredients and weather sources as local as possible
2521,2847,11,30,142,183,1.284153005464481,0.042168464740830455,654,"Waiter, there's a soup in my flies!"
4186,2847,11,30,142,183,1.284153005464481,0.042168464740830455,654,refills better be free
2859,2852,7,36,133,176,1.2840909090909092,0.04020865002944122,654,Can I wrap this up?
3906,2852,10,30,136,176,1.2840909090909092,0.04256219839241481,654,"Sorry, but this usually comes in a teapot...."
5247,2852,8,34,134,176,1.2840909090909092,0.041008177259238776,654,"In a teapot, not a soup bowl!"
3502,2855,7,34,128,169,1.2840236686390532,0.0412739440592235,654,Is this Manhattan or New England?
331,2856,10,39,159,208,1.2836538461538463,0.038027970120010586,654,"This one, technically speaking, is a waterspout."
3368,2857,10,37,154,201,1.2835820895522387,0.03890152796482509,654,"Funnel, not fennel?"
1844,2857,6,45,150,201,1.2835820895522387,0.03625360537758543,654,I thought I ordered tournedos!
1022,2857,9,39,153,201,1.2835820895522387,0.03825673318798894,654,Now I see why it’s called the “Dorothy and Toto special ”...
1442,2860,8,39,147,194,1.2835051546391754,0.03846835781571536,654,"I think you misunderstood me: I ordered tomato soup, not tornado soup."
1495,2860,15,25,154,194,1.2835051546391754,0.04305492077633641,654,Please take back the tournados of beef broth and tell the chef to cancel my order of white lightning risotto.
1877,2860,9,37,148,194,1.2835051546391754,0.039156487368513786,654,We transplanted it from a teapot.
3389,2860,12,31,151,194,1.2835051546391754,0.04115189367512256,654,"Excuse me,I said ""Tempest in a teacup"
3704,2860,9,37,148,194,1.2835051546391754,0.039156487368513786,654,"I’ve heard of a tempest in a teapot, but not a tornado in a soup bowl!"
3390,2865,8,37,142,187,1.2834224598930482,0.03939431666117855,654,"This is Chef's ""new twist"" on vichyssoise?"
6019,2865,11,31,145,187,1.2834224598930482,0.04152607860133242,654,"And with my dessert, bring me a tempest in a teapot.”"
2938,2867,11,29,140,180,1.2833333333333334,0.04262856189529889,654,We believe it may have something to do with bouillabaisse warming.
4226,2867,10,31,139,180,1.2833333333333334,0.041894164782586854,654,"Tomato soup? I'm sorry, I misheard you."
5599,2867,12,27,141,180,1.2833333333333334,0.04335051943970357,654,"No, everything is not satisfactory.  I ordered the TEMPEST, and I specifically requested that it be served in a TEAPOT!"
6767,2870,10,29,134,173,1.283236994219653,0.043040052718724076,654,It’s a real tongue twister!
4784,2870,9,31,133,173,1.283236994219653,0.04225201537092472,654,This is way overcooked - I only asked for EF-3!
355,2870,10,29,134,173,1.283236994219653,0.043040052718724076,654,I'm going to need another spoon and some more crackers please.
155,2870,13,23,137,173,1.283236994219653,0.045322027132594304,654,"It's the soup du jour, sir, Ragin' Cajun."
1936,2874,6,35,125,166,1.283132530120482,0.040843949675049215,654,I clearly remember asking for the Tycoon Special!
5621,2874,10,27,129,166,1.283132530120482,0.04427533879677363,654,"It’s Ozpacho soup, sir. That’s how it’s meant to be served."
3264,2876,12,36,164,212,1.2830188679245282,0.03870698869585115,654,"I ordered the beef tournedos, not tornadoes."
2290,2877,8,40,150,198,1.2828282828282829,0.03794495920781954,654,I just asked for a simple twist.
5003,2877,7,42,149,198,1.2828282828282829,0.03726319586849468,654,"No, everything did not 'come out okay.'"
5354,2877,13,30,155,198,1.2828282828282829,0.04118483633607809,654,There'd better be a jinni and three wishes at the end of this thing.
2458,2880,10,21,114,145,1.282758620689655,0.04864391717126167,654,"No, it's fine... I'm waiting for my chaser."
2761,2881,9,36,146,191,1.2827225130890052,0.039538877029149405,654,Tell the chef too much cayenne.
2996,2881,9,36,146,191,1.2827225130890052,0.039538877029149405,654,"It's an interesting presentation, but I ordered the tomato soup."
5259,2881,11,32,148,191,1.2827225130890052,0.040908996549783715,654,Trouble in the kitchen today?
6731,2881,8,38,145,191,1.2827225130890052,0.03883569486611756,654,I was thinking more of tournedos.
5859,2885,8,36,140,184,1.2826086956521738,0.0397875191549893,654,"Waiter, I ordered the Tournedo, not a Tornado!"
5825,2885,8,36,140,184,1.2826086956521738,0.0397875191549893,654,There must be a mistake.  I ordered the tournedos of beef
739,2885,12,28,144,184,1.2826086956521738,0.04266887396544397,654,"Another spoon, please. And let me send a bottle of wine to the gentleman with the head wound."
1676,2885,6,40,138,184,1.2826086956521738,0.03826556700250879,654,Oh. I thought you asked for the beef tornado.
4920,2885,12,28,144,184,1.2826086956521738,0.04266887396544397,654,I asked for a side of lightning.
505,2890,8,34,135,177,1.2824858757062148,0.040807411172279755,654,"Ok, so we got rid of the fly in my soup..."
6206,2890,7,36,134,177,1.2824858757062148,0.04001304126401449,654,Tonight we have a seasonal tornado puree.
2129,2892,11,26,133,170,1.2823529411764707,0.044325418628989886,654,"Pardon me, but I ordered the steak Tournedos."
1041,2893,11,37,161,209,1.2822966507177034,0.03847254325677295,654,It's a little too salty.
4579,2893,12,35,162,209,1.2822966507177034,0.039065882936371206,654,"No, no, no! Tomato soup, not tornado soup!"
5391,2893,11,37,161,209,1.2822966507177034,0.03847254325677295,654,How did you know I grew up in Kansas?
964,2896,8,30,125,163,1.2822085889570551,0.04308521634099655,654,"It cools down faster this way, sir. Please don't blow this out of proprtion."
4043,2896,6,34,123,163,1.2822085889570551,0.04128989153621762,654,I guess my comment about the taste created quite a stir!
6533,2898,7,41,147,195,1.2820512820512822,0.03760163054011309,654,Isn’t there a more humane way to get rid of the fly?
5927,2898,7,41,147,195,1.2820512820512822,0.03760163054011309,654,"I understand that the chef knows I am from Kansas, but this is going a bit too far!"
4610,2898,12,31,152,195,1.2820512820512822,0.040966121244281874,654,"If you give me a spoon, I can stir it myself!"
5784,2898,8,39,148,195,1.2820512820512822,0.038298181593652364,654,"My apologies, sir, I believe I misspelled tomato soup when I put in your order."
191,2902,5,43,140,188,1.2819148936170213,0.036973062584468315,654,Your exhaust fan needs a tweak.
1798,2902,9,35,144,188,1.2819148936170213,0.03993199883069859,654,At least it's not a fly.
5805,2902,10,33,145,188,1.2819148936170213,0.04063808341998782,654,"I ordered torenado, not tornedo."
6163,2902,10,33,145,188,1.2819148936170213,0.04063808341998782,654,We have a very unusual micro-climate in this seating area.
6624,2902,9,35,144,188,1.2819148936170213,0.03993199883069859,654,"Do you have any pepper? And also, would you have the phone number for FEMA?"
6636,2902,13,27,148,188,1.2819148936170213,0.04268631753097022,654,Sir- I ordered a tempest in a teapot.
225,2908,11,40,169,220,1.2818181818181817,0.03715920912639257,654,"Better than a lightning bolt, I suppose."
863,2909,12,27,142,181,1.281767955801105,0.043138759316603006,654,So that’s the Kansas soup!
4266,2909,9,33,139,181,1.281767955801105,0.04094863236740271,654,It seems that Mr Dyson made little modification to our soup tureen.
4532,2909,6,39,136,181,1.281767955801105,0.038634549695131686,654,I asked for tomato bisque. Not tornado bisque!
2876,2912,13,34,166,213,1.2816901408450705,0.039118020089627205,654,"I hate to be picky, but there's something in my soup."
3404,2912,10,40,163,213,1.2816901408450705,0.0373811020140751,654,"Not to worry, sir. FEMA is always there for our white, upper-class tornado victims."
4825,2914,10,29,135,174,1.2816091954022988,0.04282293057084196,654,"Well, it often happens when the chef attempts a cross-cultural dish."
1344,2914,8,33,133,174,1.2816091954022988,0.04124223377273099,654,I said TOURNEDO Rossini!
451,2914,12,25,137,174,1.2816091954022988,0.04434732143868114,654,"Waiter, climate change is in my soup."
3444,2917,11,36,159,206,1.2815533980582525,0.03882903104291301,654,"The essence of Neo-molecular cuisine, sir, is that you can't always predict the results."
4775,2917,13,32,161,206,1.2815533980582525,0.04003015170502583,654,"Waiter, could you bring me another soup spoon?"
3676,2919,7,33,127,167,1.281437125748503,0.04151227176145364,654,"Quite frankly, Sir, the Entree sucks even more."
4276,2919,10,27,130,167,1.281437125748503,0.04404206293391515,654,It’s a speciality of the non-mountainous regions.
6597,2919,4,39,124,167,1.281437125748503,0.03881796112779005,654,I hope your men's room is in the basement.
360,2922,4,48,147,199,1.2814070351758795,0.03499048360918549,654,"When you said it was a whirlwind of many courses, you were not kidding."
2621,2922,9,38,152,199,1.2814070351758795,0.038446432433298004,654,Your over the rainbow soup has a twist to it
3327,2922,12,32,155,199,1.2814070351758795,0.04037827015901289,654,Excuse me waiter but this soup seems to have a weird twist to it.
3683,2922,10,36,153,199,1.2814070351758795,0.03910098479037123,654,"I said more tomato, not more tornado!"
5308,2922,9,38,152,199,1.2814070351758795,0.038446432433298004,654,It appears that climate change has found its way to your soup.
6761,2927,9,27,124,160,1.28125,0.04448506480343754,654,This soup does not change my views on climate change!
6711,2927,12,30,150,192,1.28125,0.04138621805024733,654,The soup tonight will blow you away
5481,2927,19,16,157,192,1.28125,0.045766600236500844,654,Unacceptable.  The soup vortex should spin clockwise in this hemisphere.
37,2927,10,34,148,192,1.28125,0.040046772664880256,654,"Excuse me, sir. I found a fly in my wine."
474,2927,4,46,142,192,1.28125,0.03572840424623731,654,Thank you for not ordering the large.
184,2927,7,40,145,192,1.28125,0.03794906369632292,654,"I specifically asked for this to be shaken, not stirred."
1821,2927,14,26,152,192,1.28125,0.04268365129803957,654,Your teapot tempest will be up shortly.
121,2934,10,32,143,185,1.281081081081081,0.04105819140902071,654,"Sorry, sir, I thought you said tornadoes of beef."
1265,2934,8,36,141,185,1.281081081081081,0.03960134175275876,654,Please hurry with those extra napkins.
2501,2934,12,28,145,185,1.281081081081081,0.04246509030887334,654,"Waiter, waiter, there is flying debris in my soup!"
5409,2934,12,28,145,185,1.281081081081081,0.04246509030887334,654,At least it is not a tempest in a teapot.
6679,2934,14,24,147,185,1.281081081081081,0.043826849169222235,654,How am I supposed to instagram this?
1957,2939,13,33,164,210,1.2809523809523808,0.039483971940358874,654,Maybe I should have skipped the flautas con LSD
6501,2939,8,43,159,210,1.2809523809523808,0.036484814746433294,654,I usually have this in my teacup
3110,2941,11,28,139,178,1.2808988764044944,0.04288930721950742,654,"I wanted the tournados AFTER the soup, not IN it."
4392,2942,10,37,156,203,1.2807881773399015,0.03856769439516733,654,You guys clearly have a different take on gazpacho...
2344,2942,11,35,157,203,1.2807881773399015,0.03919490274513319,654,"I SAID TOMATO SOUP, NOT TORNADO"
291,2944,9,30,132,171,1.280701754385965,0.04250753824948501,654,"Sir, any fly in your soup has been vaporized"
2349,2944,8,32,131,171,1.280701754385965,0.041690422862175766,654,"Well then, would you like to cancel your  Tournedo of Beef?"
169,2946,9,37,150,196,1.280612244897959,0.038809577697420584,654,Is it too late to order the one with the fly in it?
2921,2946,8,39,149,196,1.280612244897959,0.038129446590462475,654,Its happening again.
718,2948,5,36,123,164,1.2804878048780488,0.040152317809225,654,"I think there's been a slight misunderstanding...
I distinctly remember ordering ""Tomato"" soup!"
5719,2948,9,28,127,164,1.2804878048780488,0.04372042339458702,654,Just bring me a dish that wasn’t sourced from Kansas.
6822,2950,11,31,147,189,1.2804232804232805,0.04113988724410503,654,I’m going to need another packet of those yummy crackers.
6635,2950,10,33,146,189,1.2804232804232805,0.04045000657759937,654,Is this caused by climate change?
3771,2950,9,35,145,189,1.2804232804232805,0.03974815394201331,654,"I’ll proceed with the main dish, once I’ll be able to grab back my denture."
2806,2950,9,35,145,189,1.2804232804232805,0.03974815394201331,654,I must have misread the soup-of-the-day as tomato.
1520,2950,10,33,146,189,1.2804232804232805,0.04045000657759937,654,"But sir, it's carrot soup"
3227,2950,10,33,146,189,1.2804232804232805,0.04045000657759937,654,"That's impressive, but, as with my martini, I prefer that my soup be shaken, not stirred!"
1054,2950,10,33,146,189,1.2804232804232805,0.04045000657759937,654,I believe this was supposed to contain croutons?
79,2950,11,31,147,189,1.2804232804232805,0.04113988724410503,654,I ordered my tornado on the side.
271,2958,7,37,138,182,1.2802197802197801,0.03923436676499211,654,You Americans and your air conditioning.
422,2958,13,25,144,182,1.2802197802197801,0.04363040388101453,654,Oh thaaat Yelp review.”
4817,2958,7,37,138,182,1.2802197802197801,0.03923436676499211,654,It’s the chefs twist on consommé
5920,2958,12,27,143,182,1.2802197802197801,0.04292900388927466,654,"Could I have a side of kale, not hail?"
5776,2962,12,25,138,175,1.28,0.044122534260360086,654,"Well, it looks like a bit of a tongue twister."
4615,2962,8,40,152,200,1.28,0.03761748764716248,654,"Okay, I'll admit climate change is real."
4520,2962,7,35,133,175,1.28,0.040229228237659495,654,"Waiter, my soup is a cold front."
4466,2962,12,25,138,175,1.28,0.044122534260360086,654,I ordered tournedos . Maybe you didn't understand.
3766,2962,12,32,156,200,1.28,0.040200502509422066,654,I can really taste de Brie.
3101,2962,9,31,135,175,1.28,0.041830057310279646,654,Sorry sir- it seems our chef got carried away.
2928,2962,8,33,134,175,1.28,0.04103744935530826,654,"In a teapot, ok, but in a soup bowl?"
2674,2962,10,36,154,200,1.28,0.03893042369981652,654,"No, I asked for the Tornedos of Beef !"
766,2962,10,29,136,175,1.28,0.042607923436528444,654,"Waiter, latent heat of condensation has induced a low-pressure region generating vorticity over my soup."
3201,2962,9,31,135,175,1.28,0.041830057310279646,654,When are you going to say when?
1357,2972,15,24,154,193,1.2797927461139897,0.04311740149506021,654,"Waiter, there's fly in my soup."
2124,2972,10,34,149,193,1.2797927461139897,0.0398653794782335,654,Could you tell me the specials again?
3190,2972,10,34,149,193,1.2797927461139897,0.0398653794782335,654,Can I send back the global warming special?
6334,2972,12,30,151,193,1.2797927461139897,0.04119700490618978,654,"Yes, I'm quite certain I said ""tomato soup."""
2478,2976,8,31,129,168,1.2797619047619047,0.04215265078174906,654,I thought I ordered the tournedos soup.
6623,2976,6,35,127,168,1.2797619047619047,0.04042615451744904,654,I specifically asked for hail-free. One tiny bite of hail and I blow up like a balloon.
6241,2978,9,34,143,186,1.2795698924731183,0.040147347611495326,654,I'll give you that--there's no more fly in my soup.
3681,2978,8,36,142,186,1.2795698924731183,0.03941683500067503,654,Is today’s soup de jour a Texas recipe?
1089,2978,10,32,144,186,1.2795698924731183,0.0408648034255157,654,So this is kind of a primordial soup?
5128,2978,10,32,144,186,1.2795698924731183,0.0408648034255157,654,My soup is too windy.
3311,2982,6,33,122,161,1.279503105590062,0.041526744473159696,654,Waiter? There's a micro weather event in my soup.
1975,2983,7,36,136,179,1.2793296089385475,0.0396272568925619,654,I'm just going to let it cool down for a minute.
2122,2983,6,38,135,179,1.2793296089385475,0.03882716562139475,654,"I hate to cause any problems, but is there any way I can move tables? I'm feeling a draft."
4852,2985,12,31,154,197,1.2791878172588833,0.040599423887576834,654,Could you tell me more about the provenance of the pestilence?
4970,2985,8,39,150,197,1.2791878172588833,0.037962135677915475,654,Would you like to send it back?
4992,2985,11,33,153,197,1.2791878172588833,0.03995642440596348,654,Please take this back. I believe it has turned
5764,2985,6,43,148,197,1.2791878172588833,0.036572243680708494,654,"I said 'a spot of water', not 'a water spout'!"
5889,2985,10,35,152,197,1.2791878172588833,0.039302906796009424,654,You were only supposed to blow on it
6478,2985,9,37,151,197,1.2791878172588833,0.038638337359701874,654,"Yes, I’ve heard of a tempest in a teapot."
390,2991,9,30,133,172,1.2790697674418605,0.04229117911792285,654,I'd be afraid to go to the bathroom.
1379,2991,8,32,132,172,1.2790697674418605,0.04147944521301944,654,Dust devil. Soup Satan. Whatever. I’d rather have a slice of the Angel Food cake.
1504,2991,7,34,131,172,1.2790697674418605,0.04065150574302912,654,"Sir, I believe my soup is still brewing."
4042,2991,9,30,133,172,1.2790697674418605,0.04229117911792285,654,"Before climate change, we only had to worry about flies in our soup."
6045,2995,10,33,147,190,1.2789473684210526,0.04026360836480357,654,It gets rid of the fly.
5737,2995,12,29,149,190,1.2789473684210526,0.04162388429289217,654,Could I get a side of global warming as well?
6052,2995,8,37,145,190,1.2789473684210526,0.038855740547317906,654,You might have warned not to stir vigorously
4472,2995,9,35,146,190,1.2789473684210526,0.039565936940977174,654,The chef calls it the habanero vortex. Enjoy!
3358,2995,7,39,144,190,1.2789473684210526,0.038132319375348604,654,"No need to stir, but spoon from edges."
5604,2995,9,35,146,190,1.2789473684210526,0.039565936940977174,654,"``At the very least, you could have told me what `FEMA Clam Chowder' meant.''"
6743,2995,9,35,146,190,1.2789473684210526,0.039565936940977174,654,I always thought the whole molecular cooking thing was overblown.
1186,3002,11,36,161,208,1.2788461538461537,0.03850216174999981,654,I'm going to need a straw.
1035,3003,7,32,126,165,1.2787878787878788,0.04175375565679171,654,I wanted it shaken.
5297,3004,8,35,140,183,1.278688524590164,0.03981088017671821,654,"You ordered vicious swirl, n'est-ce pas?"
6672,3004,9,33,141,183,1.278688524590164,0.04055805001256993,654,where's the tornado seasoning?
3281,3004,8,35,140,183,1.278688524590164,0.03981088017671821,654,The corn in our chowder is flown in daily from Oklahoma
2272,3004,7,37,139,183,1.278688524590164,0.039049416641838655,654,Fifteen minutes for this?
4106,3004,10,31,142,183,1.278688524590164,0.04129170208648746,654,I ask for the Mid-Atlantic soup. This is a Midwestern.
3255,3009,12,32,157,201,1.2786069651741294,0.040024249474863216,654,"Waiter, there is a... well, not so much a fly as a major weather event... in my soup."
4548,3009,8,40,153,201,1.2786069651741294,0.03745578154172878,654,Best funnel cake in town.
5673,3009,9,38,154,201,1.2786069651741294,0.038114128806556825,654,It’s a little intense.
6109,3012,14,33,172,219,1.278538812785388,0.03883680415592952,654,"I ordered TOURNEDOS, damnit!"
162,3013,10,24,124,158,1.2784810126582278,0.0456734195462213,654,"Waiter, I ordered the Category 4.  Don't bring it back to me until it can take the shingles off a roof , knock down a tree branch or uproot a small mobile home."
6339,3013,9,26,123,158,1.2784810126582278,0.04478209014730891,654,"Yes sir, as part of our climate change special, your next course is the Spicy Wild Salmon Volcano Roll  followed by the German Chocolate Bomb for dessert."
1414,3015,14,26,154,194,1.2783505154639174,0.042291941374735555,654,Excuse me but there’s a tornado in my soup!
2895,3016,10,39,163,212,1.278301886792453,0.037403244482639084,654,"I ordered the New England chowder, not the Southern one."
1949,3017,6,35,128,169,1.2781065088757397,0.04022031556644713,654,'Shouldn't I wait for the Genie to appear before eating?'
5637,3018,13,26,148,187,1.2780748663101604,0.042741198439469164,654,"After this, I’d like a ‘Tempest in a Teapot.’"
5336,3018,9,34,144,187,1.2780748663101604,0.03996005529239972,654,"Yes, I would like that extra towel."
3140,3018,11,30,146,187,1.2780748663101604,0.041374001879282384,654,"Waiter, waiter, I've got a tornado in my soup!"
1170,3018,8,36,143,187,1.2780748663101604,0.03923397778334531,654,I thought you said you wanted tornado bisque!
3825,3018,13,26,148,187,1.2780748663101604,0.042741198439469164,654,"No, I distinctly said tomato, not tornado"
866,3023,13,31,161,205,1.278048780487805,0.04007143892962722,654,"Excuse me, I ordered Tomato, TO-MA-TO"""
2377,3023,7,43,155,205,1.278048780487805,0.03631495796472573,654,You did ask for F-5.
2636,3023,9,39,157,205,1.278048780487805,0.037608831240594,654,Climate change:  who knew it could be so complicated?
6871,3023,12,33,160,205,1.278048780487805,0.03947019394731932,654,Does the rotating menu always come with soup?
4652,3027,10,35,153,198,1.2777777777777777,0.039129317358701274,654,"This global warming thing is getting very personal, isn't it, Gilles?"
6634,3027,7,41,150,198,1.2777777777777777,0.0371117365278168,654,"Yes, there was a fly in my soup, but..."
5871,3027,7,31,124,162,1.2777777777777777,0.0422236751048565,654,My bad.  T-O-U-R-N-E-D-O-S.
5647,3027,7,36,137,180,1.2777777777777777,0.03943703430102607,654,"Sorry to be a bother, but I ordered the hurricane chowder and they brought out a tornado bisque."
4300,3027,7,36,137,180,1.2777777777777777,0.03943703430102607,654,Didn't I order tournedoes Rossini?
4021,3027,11,33,154,198,1.2777777777777777,0.039779110597237474,654,"Pardon me, I ordered TOMATO soup."
3567,3027,10,35,153,198,1.2777777777777777,0.039129317358701274,654,"Sold out of Brussels Sprouts, so it’s water spouts"
3306,3027,8,34,138,180,1.2777777777777777,0.04021632654645493,654,"I requested tomato soup, not tornado soup!"
1204,3027,7,41,150,198,1.2777777777777777,0.0371117365278168,654,Please tell the chef the Southern twist is amazing.
867,3027,9,37,152,198,1.2777777777777777,0.03846854967383968,654,"May I have more crackers, please?"
64,3027,13,29,156,198,1.2777777777777777,0.041047849709891386,654,You say 'tomato' but I'm saying 'tornado.'
312,3038,9,40,160,209,1.277511961722488,0.03712138837245393,654,"Waiter, there's an intense columnar vortex in my soup."
1122,3038,11,36,162,209,1.277511961722488,0.038340718884842834,654,"But, is it hot?"
4450,3038,12,34,163,209,1.277511961722488,0.038936067463992016,654,But is it dairy-free?
5250,3041,8,37,146,191,1.2774869109947644,0.0386793538514311,654,I think there is a storm brewing.”
3546,3041,12,29,150,191,1.2774869109947644,0.04143113344252427,654,Wait--I ordered the tournedos.
6018,3041,11,31,149,191,1.2774869109947644,0.04076060864781394,654,"Yes, sir, it has only destroyed vegan towns."
614,3041,10,33,148,191,1.2774869109947644,0.040078867453412846,654,Do you think the Wizard can have me back to the office by 2?
880,3041,10,33,148,191,1.2774869109947644,0.040078867453412846,654,"Sir, I ordered tomato soup, not tornado soup!"
4788,3046,7,34,132,173,1.277456647398844,0.04044802232383075,654,You call this a seasonal menu? It’s DECEMBER for heaven’s sake!
5961,3046,8,32,133,173,1.277456647398844,0.04127052029033314,654,Excuse me. This is not mine.  I ordered TOMATO soup.
1810,3048,11,39,170,220,1.2772727272727273,0.037035868211385305,654,I said TOMATO bisque!
1995,3049,8,40,154,202,1.2772277227722773,0.03729540761685989,654,Carrot soup with a twist.
5139,3050,10,31,143,184,1.2771739130434783,0.04109459879322008,654,We ran out of the tempest in a teapot.
6087,3050,13,25,146,184,1.2771739130434783,0.04320828211932814,654,"No, I believe I ordered a tempest in a teapot."
2119,3052,8,30,128,166,1.2771084337349397,0.04240532355492023,654,"Actually, I ordered the Tomato soup....."
2218,3052,8,30,128,166,1.2771084337349397,0.04240532355492023,654,"Less pepper, please."
2632,3054,10,34,151,195,1.2769230769230768,0.03950732601739215,654,My review is going to blow you away.”
3515,3054,13,28,154,195,1.2769230769230768,0.0414660474528274,654,So..the little cows that just flew by? Tornadoes of Beef?
3993,3056,9,31,137,177,1.2768361581920904,0.04141618143940155,654,Could you PLEASE turn the air conditioning down?
445,3056,15,19,143,177,1.2768361581920904,0.045831300410833706,654,Let's skip the bombe Alaska dessert.
3778,3058,12,33,161,206,1.2766990291262137,0.039301308286779336,654,I must have misread the soup de jour. I thought it read TOMATO soup.
3191,3058,8,41,157,206,1.2766990291262137,0.03681241700107059,654,"I ordered soup and tournedos, not a soup tornado."
2530,3060,9,34,145,188,1.2765957446808511,0.03977444558622742,654,"May I have a spoon, and an umbrella."
2622,3060,9,34,145,188,1.2765957446808511,0.03977444558622742,654,"Well, perhaps chef should consider sourcing his ingredients from outside Illinois."
3253,3062,10,40,167,217,1.2764976958525345,0.03678092165093287,654,Take it back. I see that Sharon at the corner table has a bigger cyclone.
2362,3063,5,45,149,199,1.2763819095477387,0.035550945511861276,654,I think I'll need a larger spoon.
2731,3063,10,35,154,199,1.2763819095477387,0.038957206655903846,654,And Toto too?
5321,3063,8,39,152,199,1.2763819095477387,0.037631718815029046,654,"I will deal with the cyclone, now is this, or is this not, gluten free?"
2247,3066,9,32,140,181,1.276243093922652,0.040782646145610044,654,It’s better than molecular gastronomy...it’s meteorological gastronomy
1636,3066,8,34,139,181,1.276243093922652,0.040022954319153,654,"No, I ordered tournedos béarnaise."
3313,3066,7,36,138,181,1.276243093922652,0.03924856071536858,654,Keep looking at me and stay calm.
733,3066,13,24,144,181,1.276243093922652,0.04368951411332216,654,"I distinctly said ""tomato,"" but the tornado soup is rather intriguing."
788,3066,12,26,143,181,1.276243093922652,0.04298123182568344,654,I distinctly remember ordering this in a tea cup.
3901,3071,11,23,129,163,1.2760736196319018,0.04546239127616378,654,"Sir, that swirl is organically sourced  from cold-pressed and unrefined windmills in Roscoe Texas."
1027,3072,6,41,145,192,1.2760416666666667,0.03706105511071075,654,The Chef put extra gusto in it.
2241,3072,9,35,148,192,1.2760416666666667,0.039206305250101874,654,"Excuse me, but could I get another spoon?"
4344,3072,9,35,148,192,1.2760416666666667,0.039206305250101874,654,The climate of your soup is changing.
5861,3072,9,35,148,192,1.2760416666666667,0.039206305250101874,654,I’m sorry but the teapot was misplaced.
6376,3072,11,31,150,192,1.2760416666666667,0.04057350631870733,654,I distinctly remember ordering the Tournedos Rossini.
3452,3077,11,26,137,174,1.2758620689655173,0.043422841641116275,654,"Well, sir, you did order the 'Wizard of Oz' special after all."
6428,3077,12,32,159,203,1.2758620689655173,0.03967621359244956,654,"If you guess the secret ingredient, the soup is on the house."
4442,3077,10,28,136,174,1.2758620689655173,0.04265093677909294,654,"Oh, I see the confusion. I ordered the hurricane."
1239,3077,14,20,140,174,1.2758620689655173,0.04566032720376955,654,"I distinctly remembering ordering Tournedo de Beouf, not a tornado in my bisque."
5506,3077,8,32,134,174,1.2758620689655173,0.041063619811502555,654,Andrew Wheeler: “Nice try—but I still don’t believe in climate change!”
837,3077,11,34,158,203,1.2758620689655173,0.039056735331978926,654,"I'll need another napkin, please."
830,3077,13,30,160,203,1.2758620689655173,0.040286167294433795,654,New chef from Kansas. The cow pie is to die for.
546,3077,6,44,153,203,1.2758620689655173,0.035798908133979596,654,So this is the gusto gumbo...
907,3077,7,34,133,174,1.2758620689655173,0.04024649182187619,654,"It's the global warming, sir."
4863,3086,11,37,166,214,1.2757009345794392,0.03768498459207935,654,"Excuse me,I believe I ordered ""tournedos."""
1616,3087,7,37,141,185,1.2756756756756757,0.03868450096840487,654,"Well Sir, our chef comes from Texas."
1912,3087,11,29,145,185,1.2756756756756757,0.04161139557256511,654,"No, it wouldn't have been better if you served it in a teapot."
2589,3087,10,31,144,185,1.2756756756756757,0.04089931337951772,654,Can you get FEMA to pay for my meal?
2663,3087,7,37,141,185,1.2756756756756757,0.03868450096840487,654,"Tor-na-do, to-ma-to"
5390,3087,8,35,142,185,1.2756756756756757,0.03943659495639818,654,"Actually, I ordered a TWIST of pepper."
6343,3087,13,25,147,185,1.2756756756756757,0.04300019830951339,654,I distinctly said that I wanted this served in a teapot.
6826,3087,11,29,145,185,1.2756756756756757,0.04161139557256511,654,Your soup du jour seem unseasonable.
5499,3094,12,38,175,225,1.2755555555555556,0.036977995267980665,654,There’s a perfect storm brewing in my plate and I don’t think it will go down well
5002,3095,8,38,150,196,1.2755102040816326,0.037976847507581825,654,"I was expecting microgastronomy, not meteorology!"
4735,3095,11,32,153,196,1.2755102040816326,0.03999033405569037,654,"Waiter, there’s a flynado in my soup."
3204,3095,7,40,149,196,1.2755102040816326,0.03728152790400265,654,"I'm sorry, but I ordered the beef tournedos!"
4359,3095,8,38,150,196,1.2755102040816326,0.037976847507581825,654,Molecular gastronomy?
4611,3095,8,38,150,196,1.2755102040816326,0.037976847507581825,654,"Actually, I asked for the tomato."
1756,3100,10,37,160,207,1.2753623188405796,0.037916378975551925,654,"Yes, I ordered vortex soup; but this is ridiculous."
4139,3100,15,27,165,207,1.2753623188405796,0.040892082009169856,654,"I thought I wouldn't have to worry about climate change, but here we are."
5425,3100,12,33,162,207,1.2753623188405796,0.03913382201099804,654,Does it take me to OZ.
6234,3100,6,45,156,207,1.2753623188405796,0.035355951881912026,654,What climate change?
1997,3104,6,37,135,178,1.2752808988764044,0.038833052489996946,654,I stipulated no croutons or waterspouts.
3070,3104,7,35,136,178,1.2752808988764044,0.039641971920676075,654,"Yes sir, for some odd reason it does happen occasionally - but I've never seen it with the lobster bisque..."
4626,3104,11,27,140,178,1.2752808988764044,0.04272476829703023,654,I ordered the “tournado”...with a “U”!!
5802,3104,12,25,141,178,1.2752808988764044,0.043461313810143065,654,Will I be safe under the table?
4798,3108,12,36,170,218,1.275229357798165,0.037770218531829054,654,A tempest in a teapot will come with your dessert.
6418,3109,11,30,148,189,1.2751322751322751,0.0409875839214476,654,"No, I ordered a twist of lemon!"
6864,3109,8,36,145,189,1.2751322751322751,0.0388731290833164,654,I'm sure it's a great dining experience. It's the morning trip to the bathroom that worries me.
397,3109,10,32,147,189,1.2751322751322751,0.04029509579822173,654,This soup sucks!
6042,3109,10,32,147,189,1.2751322751322751,0.04029509579822173,654,"Tournedos of Beef, Category Two, sir."
6685,3113,11,41,177,229,1.275109170305677,0.03600036450321269,654,"Excuse me. I ordered Tomato-Basil soup, but you brought me Tornado-Basil soup. This is a disaster!"
1531,3114,8,39,153,200,1.275,0.0374685798017727,654,"It's the climate change, Sir."
3463,3114,10,35,155,200,1.275,0.03878655675520351,654,This is du jour?
3503,3114,8,28,124,160,1.275,0.04339195357690323,654,"Well, there *was* a bug in my soup."
3776,3114,10,35,155,200,1.275,0.03878655675520351,654,"I’m sorry, I ordered the tournedos of beef."
1368,3118,12,34,165,211,1.2748815165876777,0.0386107401944021,654,"Cool presentation, but you forgot my spoon."
1365,3119,11,25,135,171,1.2748538011695907,0.04392267000833944,654,"Waiter, what's this waterspout doing in my soup?"
3769,3119,10,27,134,171,1.2748538011695907,0.0431323717300252,654,I thought you said the soup du jour was tomato-fennel.
3990,3119,10,27,134,171,1.2748538011695907,0.0431323717300252,654,But I ordered tournedos de boeuf.
5655,3119,9,29,133,171,1.2748538011695907,0.04232732027252226,654,Will these Kansan beans give me wind?
3863,3123,7,36,139,182,1.2747252747252746,0.039061813535217205,654,What is wrong with you? I clearly ordered an F-5 not an F-4.
3321,3123,5,40,137,182,1.2747252747252746,0.03747532175805701,654,Hmmmm.    Usually the tornados come with the beef!
2267,3123,11,28,143,182,1.2747252747252746,0.042055633965503735,654,Tonight's Tournedos of Beef soup is a tad too zesty
1721,3123,9,32,141,182,1.2747252747252746,0.04058633775607569,654,What exactly is the chef going for here?
2780,3127,15,23,155,193,1.2746113989637307,0.04297773121475996,654,"Pardon me, I ordered the “Tempest in a Teapot” not the “Tornado in a Tureen”"
3043,3127,10,33,150,193,1.2746113989637307,0.03971427387760593,654,Where's my spoon?
5953,3127,11,31,151,193,1.2746113989637307,0.040388066502050145,654,"I'll tell you one thing, never sit me on the patio,again!"
6707,3127,9,35,149,193,1.2746113989637307,0.03902885065534163,654,Too much Tobasco sauce?
4038,3131,15,26,163,204,1.2745098039215685,0.04129749065015473,654,We have found it's quite effective for customers with chronic constipation.
6037,3131,12,32,160,204,1.2745098039215685,0.03950439461093603,654,I'll take the rest to go.
5727,3133,7,31,126,164,1.274390243902439,0.041775480201748975,654,"Free refills, I trust?"
744,3134,12,24,139,175,1.2742857142857142,0.04395634710012937,654,"I'd like some tornado sauce, please."
3493,3134,6,36,133,175,1.2742857142857142,0.03921825825347568,654,I see that locally-sourced specials are becoming more extreme.
3675,3134,8,32,135,175,1.2742857142857142,0.040858715966362584,654,We recommend the Pinot for this one.
6872,3137,8,35,143,186,1.2741935483870968,0.03925198922735644,654,I think I'm projecting a lot of inner turmoil right now.
5437,3137,9,33,144,186,1.2741935483870968,0.03998551359020296,654,How interesting.  I wondered how the ceiling got like that.
3453,3137,8,35,143,186,1.2741935483870968,0.03925198922735644,654,This is not what I expected when I ordered tomato soup with a twist.
362,3137,9,33,144,186,1.2741935483870968,0.03998551359020296,654,I believe I ordered the “tempest in a teapot.”
747,3141,7,40,150,197,1.2741116751269035,0.03711815487184838,654,"I asked for tomato soup, not tornado soup.  But I'll give it a spin."
721,3142,7,29,121,157,1.2738853503184713,0.042970184931970835,654,"Yes, I already tried clicking my heels three times while saying 'There's no place like home,' but it still won't stop."
4820,3143,8,30,130,168,1.2738095238095237,0.041963483107148744,654,How can you be sure this is vegan?
5168,3143,8,30,130,168,1.2738095238095237,0.041963483107148744,654,Climate change appears to be affecting the kitchen.
5230,3143,9,28,131,168,1.2738095238095237,0.04280443801656167,654,Please go back and tell the chef I'm pretty sure humans are contributing to it.
210,3146,10,29,140,179,1.2737430167597765,0.041768464335908605,654,"I'm afraid the chef is rather secretive about his recipe, Sir."
3322,3146,10,29,140,179,1.2737430167597765,0.041768464335908605,654,What kind of peppers did the chef use in this chili?
3909,3146,6,37,136,179,1.2737430167597765,0.038646110003835644,654,I asked for mild!
4094,3146,10,29,140,179,1.2737430167597765,0.041768464335908605,654,"I ordered the fennel tomato, but think this is funnel tornado bisque."
4550,3146,8,33,138,179,1.2737430167597765,0.040237584615683844,654,Isn’t this taking molecular gastronomy too far?
6240,3146,11,27,141,179,1.2737430167597765,0.04251323689885239,654,"Compliments of the chef, our Kansas Clam Chowder."
6294,3152,8,36,146,190,1.2736842105263158,0.03869509694756485,654,"With the next course, your food lands in Oz."
5826,3152,12,28,150,190,1.2736842105263158,0.04147396409711801,654,"Waiter, there's a wicked witch of the West under my bowl."
5212,3152,10,32,148,190,1.2736842105263158,0.040108603975397075,654,It's our chef's version of beef tornadoes.
3062,3152,10,32,148,190,1.2736842105263158,0.040108603975397075,654,"No, no, no.  I ordered beef tournedos au poivre."
1855,3156,9,37,155,201,1.2736318407960199,0.037967729409629676,654,"Excuse me, waiter, but I requested my soup without tornado."
6753,3156,9,37,155,201,1.2736318407960199,0.037967729409629676,654,This is medium-spicy?
255,3158,13,35,175,223,1.2735426008968609,0.037687009653037215,654,"J'ai dit tournedos, vous bouffon!"
2469,3159,9,26,126,161,1.2732919254658386,0.044045763926358304,654,What's next?  The Wicked Witch of the West?
4844,3160,12,23,137,172,1.2732558139534884,0.044467082102733035,654,No!. I said I wanted tournedos.
5149,3160,8,31,133,172,1.2732558139534884,0.041295563523383386,654,I'd like a side of storm chasers.
5502,3162,7,36,140,183,1.273224043715847,0.03887677050784989,654,I really don’t think climate change is responsible for this!
6074,3162,8,34,141,183,1.273224043715847,0.03964155049310176,654,Where did chef learn his whisking technique?
5756,3164,8,37,149,194,1.2731958762886597,0.03815934115612735,654,"But I ordered Tournedos Rossini, not this!"
4222,3164,9,35,150,194,1.2731958762886597,0.03885294412875793,654,All I asked for was a bit of extra spice
3871,3164,7,39,148,194,1.2731958762886597,0.03745289531487577,654,"It's true, global warming is everywhere."
297,3164,12,29,153,194,1.2731958762886597,0.040863175567745554,654,Have you tried blowing on it?
1092,3164,10,33,151,194,1.2731958762886597,0.03953438019591373,654,"Thank you,but I can stir my soup myself."
1304,3164,7,39,148,194,1.2731958762886597,0.03745289531487577,654,Oh! Tournados
5581,3170,8,35,144,187,1.2727272727272727,0.03906904590842639,654,This molecular gastronomy is at a whole new level.
5328,3170,8,35,144,187,1.2727272727272727,0.03906904590842639,654,"I said fresh, not alive."
5047,3170,6,36,134,176,1.2727272727272727,0.03902592000342006,654,I guess that this helps to circulate the aroma?
4871,3170,9,30,137,176,1.2727272727272727,0.04144668414865702,654,The alphabet soup is a real tongue twister.
4312,3170,9,33,145,187,1.2727272727272727,0.0397981325499368,654,"I ordered my soup cold, not global warmed."
4171,3170,8,32,136,176,1.2727272727272727,0.04065578140908709,654,I'll have a chaser to follow.
3803,3170,10,31,146,187,1.2727272727272727,0.04051410076417775,654,I’m going to need some more pepper.
3547,3170,9,33,145,187,1.2727272727272727,0.0397981325499368,654,I’ll call FEMA
3529,3170,9,30,137,176,1.2727272727272727,0.04144668414865702,654,The chef is having a bad day.
3407,3170,9,39,161,209,1.2727272727272727,0.0369817723651627,654,I thought I had ordered beef tournedos
3225,3170,10,34,154,198,1.2727272727272727,0.038981787264250944,654,Does seasonal menu really have to mean global warming?
3144,3170,7,34,135,176,1.2727272727272727,0.03984918439627601,654,Is just a fly in my soup too much to ask for??
2932,3170,8,29,128,165,1.2727272727272727,0.042434799657807436,654,Compliments from our new chef who hails from Nebraska.
2236,3170,7,43,159,209,1.2727272727272727,0.035716078135214185,654,It's the gazpacho vortex.
2197,3170,10,34,154,198,1.2727272727272727,0.038981787264250944,654,When you said hot... you could have told me it creates it's own climate!!
1999,3170,10,31,146,187,1.2727272727272727,0.04051410076417775,654,The weather forecast missed this.
1450,3170,8,29,128,165,1.2727272727272727,0.042434799657807436,654,"Hey man, we serve it at exactly the right temperature. You start blowing it and you’re on your own."
1042,3170,8,35,144,187,1.2727272727272727,0.03906904590842639,654,I’ve heard of a tempest in a teapot but this is ridiculous!
603,3170,11,29,147,187,1.2727272727272727,0.041217634175162915,654,I believe I ordered the Earthquake Salad.
176,3170,9,27,129,165,1.2727272727272727,0.04329690580175037,654,This is what you call a 'twist on French onion soup'?
141,3170,9,30,137,176,1.2727272727272727,0.04144668414865702,654,Some people say tornado we prefer cyclone bisque.
6301,3170,7,37,143,187,1.2727272727272727,0.038326092181790714,654,I'll have a side of Auntie Em with this.
6498,3170,13,31,165,209,1.2727272727272727,0.03939134406293704,654,"Excuse me, sir.  There's a tornado in my soup."
2884,3193,12,31,159,202,1.2722772277227723,0.039710032328553815,654,Not farm-to-table in Kansas.
1869,3194,10,32,149,191,1.2722513089005236,0.039923781040436215,654,"My  consomme is a bit turbulent, please return it to the chef until it's clarified."
2008,3194,10,32,149,191,1.2722513089005236,0.039923781040436215,654,Two words. Borscht majeure.
4868,3194,11,30,150,191,1.2722513089005236,0.0406081259547483,654,It's the chef's new specialty: Climate Change Soup.
1354,3197,10,29,141,180,1.2722222222222221,0.04156360106277781,654,"Sorry, but I ordered tomato."
3552,3197,10,29,141,180,1.2722222222222221,0.04156360106277781,654,"Merely Climate Change, Sir!"
4375,3197,10,29,141,180,1.2722222222222221,0.04156360106277781,654,"Vortex consume, indeed!"
4405,3197,11,27,142,180,1.2722222222222221,0.04230373718404242,654,"Careful, it’s hot."
4859,3197,5,39,136,180,1.2722222222222221,0.03764527461915776,654,I knew the atmosphere in here was off.
5422,3197,12,25,143,180,1.2722222222222221,0.043031144839143214,654,Is this a single weather event or climate change?
1758,3203,7,32,130,169,1.272189349112426,0.040893484172776336,654,So you’re all out of the beef tournedos?
1464,3204,7,42,157,206,1.2718446601941749,0.03601532911892584,654,"Tornado, tornahdo… let's just get that salt shall we?"
6295,3205,8,37,150,195,1.2717948717948717,0.037988990640138234,654,"Trust me, gluten is the least of my worries."
5909,3205,10,33,152,195,1.2717948717948717,0.03935606177029055,654,"""Tito, I have a feeling we're not in Kansas anymore."
2029,3205,10,33,152,195,1.2717948717948717,0.03935606177029055,654,Tomato. I ordered the tomato soup.
352,3208,13,24,147,184,1.2717391304347827,0.04305298065698089,654,I ordered a tempest in a teacup.
2140,3208,10,30,144,184,1.2717391304347827,0.04093127837879785,654,If this dish is a South American classic why is its tornado spinning clockwise
2393,3208,10,30,144,184,1.2717391304347827,0.04093127837879785,654,"Yes... But there ARE no flies, now, are there?"
3543,3208,10,30,144,184,1.2717391304347827,0.04093127837879785,654,So you would have recommended the salad then?
4029,3208,11,28,145,184,1.2717391304347827,0.041650523177569086,654,"Waiter, there's an anthropogenic greenhouse imbalance in my soup!"
6308,3213,10,27,136,173,1.2716763005780347,0.0426911041805409,654,The Tournedos de Boeuf are a bit heavy on the au Poivre.
6572,3214,13,31,166,210,1.2714285714285714,0.03922482283652344,654,Sir the hurricane was yesterday’s special
5576,3215,11,29,148,188,1.2712765957446808,0.041023462762350006,654,We're known for our funnel cake.
6312,3215,5,41,142,188,1.2712765957446808,0.036627704492693286,654,Until now I was a climate change denier.
3875,3215,7,37,144,188,1.2712765957446808,0.03814927683815272,654,The soup does have a bit of a kick to it
2639,3215,10,31,147,188,1.2712765957446808,0.04032412681731548,654,The Chef misunderstood Tournedos!
5448,3215,11,29,148,188,1.2712765957446808,0.041023462762350006,654,I asked for tournados not a tornado.
197,3215,15,21,152,188,1.2712765957446808,0.04370905707921208,654,We call it Climate Change Consumme.
1377,3215,11,29,148,188,1.2712765957446808,0.041023462762350006,654,And you're sure this is gluten free?
0,3215,8,35,145,188,1.2712765957446808,0.038887743785272384,654,Something tells me it'll be my stomach turning next.
314,3223,10,28,139,177,1.271186440677966,0.04201181552909116,654,"Sir, I believe he is doing a tremendous backstroke."
973,3223,8,32,137,177,1.271186440677966,0.040454789250159655,654,"Oh, so it has a little kick to it, does it!?"
2740,3223,6,36,135,177,1.271186440677966,0.038835387245388465,654,"I'm sorry but I only asked for a rich, warm soup, not a simultaneously descending cold front."
3210,3223,6,36,135,177,1.271186440677966,0.038835387245388465,654,"Ah, Monsieur!  Vous avez dit ""Tournedos"" ?!"
3949,3223,12,24,141,177,1.271186440677966,0.04351316254681952,654,I ordered the beef tournedos. Where's the beef?
5406,3223,8,32,137,177,1.271186440677966,0.040454789250159655,654,"That's exactly why I ordered my soup shaken, not stirred."
2509,3229,3,39,124,166,1.2710843373493976,0.0376380044640962,654,I'm told I'm an aggressive stirrer.
3409,3230,6,46,162,214,1.2710280373831775,0.03450839230378908,654,My soup forecast called for a drizzle of olive oil.
5531,3231,5,42,145,192,1.2708333333333333,0.03614731147427037,654,When I ordered Beef Tournedos this wasn't quite what I had in mind.
6010,3231,5,42,145,192,1.2708333333333333,0.03614731147427037,654,We recommend that you eat it without your glasses on.
5192,3231,10,32,150,192,1.2708333333333333,0.03974060563067656,654,I though you said it was Tomato based!
337,3231,11,30,151,192,1.2708333333333333,0.04042095072741326,654,Must be climate change.
405,3235,10,29,142,181,1.270718232044199,0.04136068372340272,654,My soup just went from black and white to color.
2231,3235,8,33,140,181,1.270718232044199,0.03984885757029031,654,How much longer will it take to 'breathe' ?
4051,3235,9,31,141,181,1.270718232044199,0.0406118062127544,654,I am sorry waiter.... I had requested only a twist of LEMON.
5074,3235,8,33,140,181,1.270718232044199,0.03984885757029031,654,"I'm sure it's delicious, but I ordered the salad"
5278,3235,7,35,139,181,1.270718232044199,0.03907101349405016,654,Just the check.
5347,3235,8,33,140,181,1.270718232044199,0.03984885757029031,654,"No, no, no. The tomato bisque."
5761,3235,8,33,140,181,1.270718232044199,0.03984885757029031,654,"I ordered ""Trailer Park Soup - HOLD THE TORNADO!"""
6332,3242,10,26,134,170,1.2705882352941176,0.04317415544570702,654,Let me know if you have any questions about the menu.
1498,3242,8,30,132,170,1.2705882352941176,0.04153047567632133,654,You asked the chef to whip up something special for you ...
2872,3242,5,36,129,170,1.2705882352941176,0.03893506744669494,654,"Does it use imitation sharknado fin, or the real thing?"
5132,3242,10,26,134,170,1.2705882352941176,0.04317415544570702,654,"Soup spoon, please. The large one."
2085,3246,6,44,157,207,1.2705314009661837,0.03520502891524668,654,"So, how did you add this new twist?"
6528,3246,11,34,162,207,1.2705314009661837,0.03839146568379947,654,"Sorry sir, global warming.  Would you prefer the gazpacho?"
1967,3246,8,40,159,207,1.2705314009661837,0.03651298798364979,654,"Excuse me, I think you misunderstood. I ordered the Beef  TOURNEDOS."
1251,3249,9,35,152,196,1.2704081632653061,0.03850569875896609,654,Tomato soup? I thought you said tornado soup.
1147,3249,8,37,151,196,1.2704081632653061,0.03782010329387067,654,But I asked for tournedos....
2736,3249,13,27,156,196,1.2704081632653061,0.04113396810356403,654,It better be downgraded to a tempest by the time I have my tea.
4371,3249,7,39,150,196,1.2704081632653061,0.037121847871595136,654,"Excuse me, but I actually ordered the tsunami special."
4993,3249,7,39,150,196,1.2704081632653061,0.037121847871595136,654,I need a side of FEMA please!
5211,3249,6,41,149,196,1.2704081632653061,0.03641020414176028,654,It does look uplifting.
5569,3249,11,31,154,196,1.2704081632653061,0.03984151207510369,654,I didn't order the Climate Change Special.
6111,3256,9,32,144,185,1.2702702702702702,0.040008256523932625,654,Do you have any bigger spoons?
4740,3256,12,26,147,185,1.2702702702702702,0.042153574105006544,654,"On second thought, I think I’ll have the Tournados of Beef."
4184,3256,13,24,148,185,1.2702702702702702,0.04284481551374415,654,"I think you misheard when I said ""Thai prune"" soup."
4259,3256,12,26,147,185,1.2702702702702702,0.042153574105006544,654,"Actually, I ordered the beef tornados"
3593,3256,8,34,143,185,1.2702702702702702,0.03926711325657011,654,"Actually, I asked for a twist of lime."
1493,3256,11,28,146,185,1.2702702702702702,0.04145080702767782,654,I'm pretty sure I ordered the tournedos of beef...
1181,3256,6,38,141,185,1.2702702702702702,0.03774118930748364,654,"It's the latest in sous vide, sir."
831,3256,4,42,139,185,1.2702702702702702,0.036150913642428596,654,Would it be possible to turn down the air conditioning?
4111,3256,8,34,143,185,1.2702702702702702,0.03926711325657011,654,I asked for the tomato soup.
3059,3265,9,29,136,174,1.2701149425287357,0.04168427547701131,654,So I guess ‘tornado’ soup is a little more serious here in Oklahoma than back home in Idaho!
4834,3265,7,33,134,174,1.2701149425287357,0.040058673042586035,654,No tea-cups Sir! We serve our storms in soup bowls!
1348,3267,9,36,155,200,1.27,0.03798306948943432,654,"I assure you sir, it is only a minor climate change event."
2551,3267,9,36,155,200,1.27,0.03798306948943432,654,The menu didn't mention climate change.
2908,3267,6,42,152,200,1.27,0.03594384229593402,654,"I ordered pho, not typhoon."
6296,3267,9,36,155,200,1.27,0.03798306948943432,654,Is this due to climate change?
2927,3271,8,35,146,189,1.2698412698412698,0.03870806197211717,654,"My soup was too hot, so I prayed and asked God to cool it down."
3497,3271,8,35,146,189,1.2698412698412698,0.03870806197211717,654,"You misheard me - I ordered tomato soup, not tornado soup"
5283,3273,7,34,137,178,1.2696629213483146,0.03945937735150838,654,Is your hot sauce made in Kansas?
4080,3274,7,38,148,193,1.2694300518134716,0.03745666656679815,654,Is this soup coming or going?
3770,3274,8,36,149,193,1.2694300518134716,0.038170331888062306,654,"Ahhh, Now I understand what you were referring to by “putting a new spin” on this dish."
1777,3274,11,30,152,193,1.2694300518134716,0.040235448734796314,654,"I asked for a calonic, not a cyclonic."
4754,3277,13,33,173,219,1.269406392694064,0.03804560574855581,654,When I asked whether you had any good tongue twisters I did not expect this!
611,3278,6,37,139,182,1.2692307692307692,0.038095520252890126,654,"Pardon sir, but you misheard. Tornado Bisque is our soup de jour."
1487,3278,4,41,137,182,1.2692307692307692,0.036467014239558816,654,I believe the bisque’s a bit over blended
2254,3278,13,23,146,182,1.2692307692307692,0.043315794331906,654,"Just some water, please."
3280,3278,12,25,145,182,1.2692307692307692,0.04260921579551649,654,"All of our specials today come with the proverbial elephant in the room, sir."
4014,3278,11,27,144,182,1.2692307692307692,0.04189072096316562,654,"I distinctly said shaken, not stirred."
4876,3278,11,27,144,182,1.2692307692307692,0.04189072096316562,654,Chef Fieri has really outdone himself.
5137,3278,7,35,140,182,1.2692307692307692,0.038884205421140475,654,I thought the menu said Tournedos Soup.
6402,3278,4,41,137,182,1.2692307692307692,0.036467014239558816,654,I said just a twist of lemon.
541,3278,8,33,141,182,1.2692307692307692,0.039657208665367996,654,"Excuse me, but there's something in my soup."
922,3287,12,29,156,197,1.2690355329949239,0.040310201913523705,654,I’m assuming this soup is organic?
2825,3287,8,37,152,197,1.2690355329949239,0.03765266130746097,654,We use a cloud kitchen now!
5779,3289,9,28,134,171,1.2690058479532165,0.0421415583351081,654,"No, not Kansas clam chowder. I said the kind with tomatoes."
2201,3289,11,24,136,171,1.2690058479532165,0.043743683408237644,654,I think I’d like less pepper.
2414,3289,6,34,131,171,1.2690058479532165,0.039617074476772124,654,"I've heard of a storm in a teacup, but this is ridiculous."
3542,3289,7,32,132,171,1.2690058479532165,0.040476067493057086,654,Have you been visualizing whirled peas?
4523,3293,10,37,165,212,1.2688679245283019,0.03713160827806814,654,"“I must apologize, sir.  Our chef just returned from Sedona where he was overly influenced by the spiritual vortex.”"
5762,3294,13,24,149,186,1.2688172043010753,0.04263861092568999,654,This is the last time I'm eating in a trailer park.
4467,3294,12,26,148,186,1.2688172043010753,0.04195150179558021,654,Auntie Em?
4398,3294,6,38,142,186,1.2688172043010753,0.03756584446405763,654,Do you have something a little less spicy?
3156,3294,7,36,143,186,1.2688172043010753,0.038331648921818756,654,"While I appreciate the free refills, the delivery is... a bit much."
3054,3294,9,32,145,186,1.2688172043010753,0.03981909826454097,654,What is this...soup or Kansas?
3644,3294,6,38,142,186,1.2688172043010753,0.03756584446405763,654,Don't you think claret is too dry for tornado soup?
2704,3294,5,40,141,186,1.2688172043010753,0.03678410025445735,654,I’d say this soup is a category ‘F’
2820,3294,8,34,144,186,1.2688172043010753,0.039082450637509536,654,Excellent choice. It goes perfectly with the steak tornado.
393,3294,10,30,146,186,1.2688172043010753,0.040542363342175425,654,I ordered this in a teacup!
514,3294,6,38,142,186,1.2688172043010753,0.03756584446405763,654,"No Parmesan, thanks. Just a raincoat."
3245,3294,10,30,146,186,1.2688172043010753,0.040542363342175425,654,"We must not be in its eye, garcon, because I am anything but calm."
1629,3294,7,36,143,186,1.2688172043010753,0.038331648921818756,654,The chef says it's climate change.
876,3294,14,22,150,186,1.2688172043010753,0.04331482171774657,654,Next time can they slice the carrot?
3903,3307,11,32,158,201,1.2686567164179106,0.039110933347330436,654,Do I look like Dorothy to you? I ordered the earthquake soup!
4436,3307,9,36,156,201,1.2686567164179106,0.037817490923343064,654,Soupnado
5640,3307,6,42,153,201,1.2686567164179106,0.035789787487408346,654,Tell the chef that this soup blows.
1245,3310,9,29,137,175,1.2685714285714285,0.041474127039628855,654,I distinctly asked for Tournedos.
3024,3310,10,27,138,175,1.2685714285714285,0.04225854539251278,654,"No, it's not that. I don't mind the vortex - I just need another napkin please."
4207,3310,4,39,132,175,1.2685714285714285,0.03730544181135407,654,You got any crackers?
4630,3310,8,31,136,175,1.2685714285714285,0.04067458381726214,654,Bee soup ? I ordered pea soup.
5684,3314,11,36,169,216,1.2685185185185186,0.03724639364986744,654,It was the tournedos Rossini I wanted.
1658,3315,8,35,147,190,1.268421052631579,0.03852997990650089,654,It's a low front caused by simultaneously running the humidifier and the dehumidifier.
6741,3315,8,35,147,190,1.268421052631579,0.03852997990650089,654,Could I trouble you for a spoon?
1482,3315,12,27,151,190,1.268421052631579,0.04131995307043503,654,"Waiter, I asked for my soup shaken, not stirred."
6720,3315,12,27,151,190,1.268421052631579,0.04131995307043503,654,"Waiter,what are those flies doing out of my soup?"
1349,3319,6,43,156,205,1.2682926829268293,0.03534482133216937,654,"It might hurt a little,  but it won't kill you."
3833,3319,11,22,131,164,1.2682926829268293,0.0450261042675272,654,we call it an explosion of flavors.
4177,3319,4,36,124,164,1.2682926829268293,0.03877670914221032,654,The chef always adds some last minute ephemeral touches
5412,3319,7,30,127,164,1.2682926829268293,0.04157022094193494,654,"So,  I suppose this is my souperpower?"
5590,3319,10,35,160,205,1.2682926829268293,0.037954610070587466,654,"Waiter, there is a soup spout in my  bowl."
6569,3319,14,27,164,205,1.2682926829268293,0.04039614407610836,654,It seems climate change has taken hold of my tomato bisque.
3337,3325,9,30,140,179,1.2681564245810055,0.04083449850659945,654,Pardon me waiter but I have a tornado in my soup.
5706,3326,11,30,153,194,1.268041237113402,0.040051598467114,654,This cream of tornado soup exceeds my expectations.
6030,3326,8,36,150,194,1.268041237113402,0.0379984564128981,654,"Wow, the kitchen really is spiraling out of control."
4211,3326,9,34,151,194,1.268041237113402,0.03869494333586221,654,"I ordered the tempest in a teapot, not the tornado in the tortellini."
4162,3326,10,32,152,194,1.268041237113402,0.039379113623445844,654,"It's twisting, I'm shouting!"
4651,3326,9,34,151,194,1.268041237113402,0.03869494333586221,654,Waiter--this soup is so hot it's generating its own weather.
1292,3326,11,30,153,194,1.268041237113402,0.040051598467114,654,The chef lost his temper and he apologizes
4553,3332,8,40,161,209,1.2679425837320575,0.036208821404358764,654,"Oh waiter, there is a tornado in my soup."
2398,3333,8,29,131,168,1.2678571428571428,0.04176837966230732,654,"Oh, did you say TOMATO soup?"
5583,3333,3,39,126,168,1.2678571428571428,0.03725812049025135,654,"I know it was a favorite, but after 10 years the chef decided to add a few new twists to the menu."
28,3335,10,29,144,183,1.2677595628415301,0.040960581213868544,654,Why would I ask for a soup SPUN?
769,3335,9,31,143,183,1.2677595628415301,0.04022088975894009,654,The menu says the tomato soup comes with croutons. Where are the croutons?
3328,3335,6,37,140,183,1.2677595628415301,0.037915330037723315,654,I thought the parsnips would be puréed?
3672,3335,10,29,144,183,1.2677595628415301,0.040960581213868544,654,"You’re kidding me, this is a cup?!"
4278,3335,11,27,145,183,1.2677595628415301,0.041687149743716345,654,"And the steam over my baked potato said, ‘Surrender Dorothy!’"
5430,3335,6,37,140,183,1.2677595628415301,0.037915330037723315,654,Which part of tempest in a teapot did you not understand?
6017,3335,5,39,139,183,1.2677595628415301,0.03711499712370155,654,"Yes, the impact on soup has been much worse more quickly than we predicted."
6119,3342,11,31,156,198,1.2676767676767677,0.03948507568946814,654,"I don't want to be rude, but I think I might need a spoon for this."
4116,3342,7,39,152,198,1.2676767676767677,0.03679639317115019,654,"As climate change continues we will see more and more of these extreme weather events, these ""soupnami""."
1627,3342,10,33,155,198,1.2676767676767677,0.03883036233739955,654,But I ordered the tempest in a teapot — not the tornado in a bowl.
899,3345,8,30,134,172,1.2674418604651163,0.04110605080244584,654,"I said ""Tournedos of BEEF!"""
2367,3345,8,30,134,172,1.2674418604651163,0.04110605080244584,654,"I'm sorry, sir, our blender broke down."
5493,3345,8,30,134,172,1.2674418604651163,0.04110605080244584,654,I'm liking the Kansas Clam Chowder.
5906,3345,8,30,134,172,1.2674418604651163,0.04110605080244584,654,I thought the twist would be pecorino.
1084,3349,7,36,144,187,1.267379679144385,0.03815320675127703,654,I said I wanted world peace.
1842,3349,6,38,143,187,1.267379679144385,0.03739206037567442,654,I’ll be eating alone. As usual.
1130,3351,11,32,159,202,1.2673267326732673,0.03893955270644705,654,Yes. Of course I've heard that climate change can be associated with unexpected and unpredictable atmospheric events.
2091,3351,10,34,158,202,1.2673267326732673,0.038301829039474905,654,"Waiter, my soup is cold."
4005,3351,10,34,158,202,1.2673267326732673,0.038301829039474905,654,"Yes sir, that is the soup of the day, and no, you are not in Kansas anymore."
5501,3354,9,25,127,161,1.2670807453416149,0.043842749047405725,654,"I'll admit that's unusual, but I still say climate change is a hoax."
1311,3355,11,25,140,176,1.2670454545454546,0.04281069157195372,654,"'Tornado bisque sir, a specialty of the house"""
2407,3355,11,25,140,176,1.2670454545454546,0.04281069157195372,654,"The spoon sir, you are to eat it with the outermost spoon."
3396,3355,6,35,135,176,1.2670454545454546,0.03883400556462885,654,I'm going to need a much larger soup spoon.
5505,3355,7,33,136,176,1.2670454545454546,0.039661253801773454,654,"Waiter, my soup needs to chill."
147,3355,9,29,138,176,1.2670454545454546,0.04126602940675077,654,"Is the chef having a bad day?"""
256,3360,13,25,153,191,1.2670157068062826,0.04179171244808724,654,"And after this, I'll have the beef tournedo."
4231,3360,10,31,150,191,1.2670157068062826,0.039764461851854394,654,There must be some mistake. I ordered the tomato soup.
5439,3360,8,35,148,191,1.2670157068062826,0.038353477344089226,654,"I don't want to make it a big deal, but I asked for the storm in a teacup, not bowl."
1209,3363,7,41,158,206,1.266990291262136,0.035863402140414266,654,"No, I asked for water SPROUTS"
2310,3363,10,35,161,206,1.266990291262136,0.03779236303512774,654,It's our house special here at Bible Belt Kitchens.
6468,3365,13,30,167,210,1.2666666666666666,0.03909044103990334,654,"Pardon me, Sir, but you ordered a djinn, straight up."
5936,3365,9,34,152,195,1.2666666666666666,0.03852052926106836,654,My name is not Toto. And yes we are in Kansas.
4688,3365,9,30,141,180,1.2666666666666666,0.040634324838232136,654,"Excuse me, I asked for my storm in a teacup."
4370,3365,8,36,151,195,1.2666666666666666,0.03782807265044859,654,"I ordered the tempest in a teacup, not the twister in a tureen!"
770,3365,8,36,151,195,1.2666666666666666,0.03782807265044859,654,"I said, sprout soup not soup spout."
1677,3365,12,24,144,180,1.2666666666666666,0.042864531892362175,654,"...and a little dog, too..."
815,3365,6,40,149,195,1.2666666666666666,0.03640366591755838,654,This is a tempest in a soup bowl!
691,3365,12,28,155,195,1.2666666666666666,0.04052697196767168,654,I specifically asked for cloudy with a chance of meatballs...
2867,3365,6,32,127,165,1.2666666666666666,0.04044590095625991,654,Is this lunch or your daughter's science project ?
2916,3374,11,31,157,199,1.2663316582914572,0.039309177861574576,654,I am quite sure I ordered the TOMATO soup.
136,3374,9,35,155,199,1.2663316582914572,0.03799597050603546,654,Either this soup is too hot or your restaurant’s too cold.
2372,3374,10,33,156,199,1.2663316582914572,0.038658150750187345,654,This is Dyson soup?
4142,3377,10,29,145,184,1.266304347826087,0.04076334434555817,654,"Waiter, my Soup there is Flyin'"
3992,3377,8,33,143,184,1.266304347826087,0.039279220712094054,654,"You'll have to send this back, I ordered TOMATO soup!"
6256,3377,11,27,146,184,1.266304347826087,0.041485500762038836,654,Would you like the bearnaise or red wine reduction with your tornedos ?
3560,3377,8,33,143,184,1.266304347826087,0.039279220712094054,654,I ordered a typhoon. This is spinning to the left.
3969,3377,10,29,145,184,1.266304347826087,0.04076334434555817,654,I ordered cream of tomato.
1898,3382,8,25,121,154,1.2662337662337662,0.0442253182039528,654,"The wine pairing has hints of  plum, blackberries and natural disasters."
5734,3383,15,28,175,218,1.2660550458715596,0.039166690760735944,654,"No, I ordered mine in a tea pot."
3350,3384,7,40,156,203,1.2660098522167487,0.036166154517489536,654,"No, you can't blame this on climate change."
4018,3384,13,28,162,203,1.2660098522167487,0.04000788464829773,654,Could I get another spoon please?
6828,3384,10,34,159,203,1.2660098522167487,0.03813542687983462,654,A fly in my soup I could deal with.
1473,3387,5,40,143,188,1.2659574468085106,0.03644757224057055,654,Now that’s authentic Southeastern cuisine.
2869,3387,11,28,149,188,1.2659574468085106,0.04086271262216279,654,"Backstroke?
Can't you see this fly is doing the twist?"
3954,3387,9,32,147,188,1.2659574468085106,0.03944594650875437,654,Ketchup in a wine glass and tornadoes in my soup?  Apparently we a ARE in Kansas anymore!
5338,3390,10,26,137,173,1.2658959537572254,0.04250870170486751,654,"I wanted beef tournedos, not a beefy tornado!"
4946,3390,10,26,137,173,1.2658959537572254,0.04250870170486751,654,"I ordered a Hurricane cocktail, not a tornado soup."
2480,3390,10,26,137,173,1.2658959537572254,0.04250870170486751,654,"And don’t say, “The backstroke.”"
3261,3393,9,24,125,158,1.2658227848101267,0.04436997625775281,654,I'll follow this with the tornadoes of beef.
3088,3394,8,43,171,222,1.2657657657657657,0.034771809171414654,654,Tomato Soup! NOT......Tornado Soup!
2025,3395,8,35,149,192,1.265625,0.038178534353533584,654,"Waiter, there's a drone in my soup."
3656,3396,5,37,135,177,1.265536723163842,0.037803630398993635,654,It needed a vigorous stir.
4200,3396,10,27,140,177,1.265536723163842,0.04183444930057758,654,What's this? I ordered tournedos.
5963,3396,10,27,140,177,1.265536723163842,0.04183444930057758,654,"Oh for crying out loud, I specifically asked for the tornado on the side."
6725,3396,5,37,135,177,1.265536723163842,0.037803630398993635,654,I see the chef used the low pressure recipe.
2732,3400,8,40,163,211,1.2654028436018958,0.035909513137765185,654,I’m sorry. I thought you ordered cream of tornado
6492,3400,11,34,166,211,1.2654028436018958,0.03774788401849739,654,"Waiter, there's a no-fly zone in my soup."
2626,3402,12,28,156,196,1.2653061224489797,0.04034262004330506,654,"I don't want to make a tempest in a teapot but I said Tomato, not Tornado."
1003,3402,7,38,151,196,1.2653061224489797,0.036957866188032325,654,"Even in Oklahoma, this is not considered tournedos of beef!"
4760,3402,11,30,155,196,1.2653061224489797,0.03968876879170333,654,I think you have my order confused.   I only wanted my drink with a 'twist' not my soup.
70,3402,11,30,155,196,1.2653061224489797,0.03968876879170333,654,I said I can blow on it myself!
954,3402,9,34,153,196,1.2653061224489797,0.03834763513812675,654,So it's not cream of fennel.
906,3407,8,32,141,181,1.2651933701657458,0.03966972233616577,654,"If you'd prefer, we also have Tornadoes of Beef."
2135,3407,10,28,143,181,1.2651933701657458,0.04118812424277849,654,I assumed my tempest in a teapot would arrive before the soup.
2287,3407,11,26,144,181,1.2651933701657458,0.04192670906288247,654,"Excuse me, but I'm quite certain I said turnedo."
4090,3407,7,34,140,181,1.2651933701657458,0.038888295360216756,654,"If I had wanted the Polar Vortex, I'd have ordered the Polar Vortex!"
5078,3407,7,34,140,181,1.2651933701657458,0.038888295360216756,654,"If not a spoon, maybe a straw?"
6356,3407,7,34,140,181,1.2651933701657458,0.038888295360216756,654,We aren’t in Kansas anymore!
6413,3413,4,36,126,166,1.2650602409638554,0.03837581946284275,654,There are other ways to get the fly out of my soup.
3,3413,7,30,129,166,1.2650602409638554,0.04113102928238062,654,waiter there's a tornado in my soup
3912,3413,9,26,131,166,1.2650602409638554,0.04286957277701307,654,"Excuse me, sir, but I ordered the tomato soup."
6582,3416,11,27,147,185,1.2648648648648648,0.04128574782667933,654,"Excuse me, I thought I ordered the hurricane soup."
5473,3416,13,23,149,185,1.2648648648648648,0.04268514714475216,654,Don't just stand there. Go up and close the skylight.
5385,3416,8,33,144,185,1.2648648648648648,0.03909283507072205,654,I ordered Tournedos...not the tornado.
5312,3416,7,35,143,185,1.2648648648648648,0.038333997277693106,654,"Waiter, I think there’s anti-matter in my soup."
4766,3416,7,35,143,185,1.2648648648648648,0.038333997277693106,654,You didn't tell me the Tournedos de Boeuf were on the Fujita scale.
33,3416,10,29,146,185,1.2648648648648648,0.04056794999784513,654,I asked for a tempest in a tea pot!
19,3416,11,27,147,185,1.2648648648648648,0.04128574782667933,654,How Clark Kent learned not to stir his soup.
2886,3416,5,39,141,185,1.2648648648648648,0.03676936950948704,654,"I prefer it shaken, not stirred."
277,3424,8,38,158,204,1.2647058823529411,0.03667646127388701,654,It's a tad hot.
696,3424,7,40,157,204,1.2647058823529411,0.03601204842040941,654,I’m going to need a bigger spoon.
2490,3424,9,27,134,170,1.2647058823529411,0.0421689354760427,654,Can I have vichyssoise instead?
3884,3424,8,38,158,204,1.2647058823529411,0.03667646127388701,654,"I'll need another soup spoon. And a bib, please?"
4229,3424,5,35,130,170,1.2647058823529411,0.038726793594171235,654,Pardon me. I'm sure what I asked for was tortellini soup.
4335,3424,10,34,160,204,1.2647058823529411,0.03797042496281781,654,"Is there a problem with your Maelstrom Minestrone, Sir?"
4667,3424,7,40,157,204,1.2647058823529411,0.03601204842040941,654,Can I get extra crackers and a raincoat?
6243,3424,11,23,136,170,1.2647058823529411,0.04378865615352004,654,Did the chef  REALLY think I wouldn't know the differnence between shark fin and sharknado?
6674,3424,6,42,156,204,1.2647058823529411,0.03533514470456984,654,I don't know whether it is coming or going.
3670,3433,10,30,149,189,1.2645502645502646,0.03997229944417862,654,So much for playing it safe by ordering the soup instead of the romaine salad.
5525,3433,5,40,144,189,1.2645502645502646,0.03628151418016983,654,"I ordered the tempest in the teapot, not in the soup!"
2053,3435,5,31,119,155,1.264516129032258,0.041015001654154525,654,"Sir, I'd like to speak to the chef... I believe his recipe might be a bit twisted."
3744,3435,6,29,120,155,1.264516129032258,0.04202401148452718,654,It's our Super Bowl special--we call it 'Touchdown.'
2326,3437,11,24,139,174,1.264367816091954,0.043069660976420704,654,Excuse me. I asked for the trailer park on the side.
4149,3437,7,32,135,174,1.264367816091954,0.03986518060165665,654,"Excuse me, sir. I asked for tomato, not tornado."
5170,3437,8,30,136,174,1.264367816091954,0.04068996672962488,654,Tornados can now be formed over any body of liquid measuring more than six inches in diameter
5177,3437,7,32,135,174,1.264367816091954,0.03986518060165665,654,The chef’s recipe requires vigorous whisking. He’s very good.
6090,3437,10,26,138,174,1.264367816091954,0.04229131031983447,654,This is going to do a number on my anus
6773,3437,6,34,134,174,1.264367816091954,0.039022965755403864,654,You are sure.  No extra charge?
5914,3443,6,39,148,193,1.2642487046632125,0.03655742433075151,654,Could you now bring me my tempest in a teapot?
5041,3443,9,33,151,193,1.2642487046632125,0.03870868600384439,654,"It's the polar vortex, sir."
4341,3443,9,33,151,193,1.2642487046632125,0.03870868600384439,654,"Farm fresh from Alabama, sir."
3779,3443,5,41,147,193,1.2642487046632125,0.03581163089765796,654,Can you close the window? There's a bit of a draft.
1964,3443,13,25,155,193,1.2642487046632125,0.041403524448268246,654,"pardonnez-moi Monsieur, but did the gentleman not request un house specialty, la soupe de tornade?  May I suggest, as is traditional à Paris, the gentleman samples from an angle oblique to the direction of  spin?"
4140,3443,10,31,152,193,1.2642487046632125,0.03939967941865454,654,"Excuse me, but I only ordered the teacup."
1694,3449,7,28,124,159,1.2641509433962264,0.04227887650481754,654,Where's the teacup?
4257,3450,8,31,139,178,1.2640449438202248,0.04007146524885309,654,I think I asked for tomato soup.
2855,3450,10,27,141,178,1.2640449438202248,0.04162550025318213,654,"Waiter, there appears to be an f-5 in my soup."
2984,3450,5,37,136,178,1.2640449438202248,0.03762023937966908,654,So you say blowing on it will cool it off some?
5161,3450,8,31,139,178,1.2640449438202248,0.04007146524885309,654,"Waiter,  I ordered steak tournedos."
1322,3454,8,36,153,197,1.263959390862944,0.037491706902713744,654,But I distinctly said “Beef Tournedos”!
5318,3454,11,30,156,197,1.263959390862944,0.039509748070065,654,"Well, at least it got the fly in the soup."
3020,3456,4,40,138,182,1.2637362637362637,0.03627210630063784,654,"It's traditionally midwestern, but ours are hyperlocal."
3608,3456,11,26,145,182,1.2637362637362637,0.041721158549953875,654,"Waiter, what's this flying out of my soup."
4185,3456,9,30,143,182,1.2637362637362637,0.040239651277815675,654,"Excuse me. I ordered tomato soup, not tornado soup.'"
4745,3456,8,32,142,182,1.2637362637362637,0.03947805424619005,654,"You ordered tomato soup, sir? I'm sorry, I thought you said 'tornado'"""
4974,3456,7,34,141,182,1.2637362637362637,0.03870147282946782,654,I'm sorry you misunderstood me. I said chocolate volcano not soufflé tornado for dessert
5124,3456,7,34,141,182,1.2637362637362637,0.03870147282946782,654,I ordered the “tournedos au poivre”!
2980,3462,10,33,158,201,1.263681592039801,0.03831814828650688,654,Remember when we only had to worry about tempests in teapots?
2570,3462,12,29,160,201,1.263681592039801,0.039595239305614996,654,Send it back.  I ordered Tournedo de Boeuf”
2934,3464,10,24,133,167,1.2634730538922156,0.04347935965149285,654,I believe I ordered the hurricane chili.
5193,3464,7,30,130,167,1.2634730538922156,0.040914790907759784,654,"No, tomato doesn't sound anything like tornado."
111,3466,13,23,150,186,1.2634408602150538,0.04247891175508182,654,"I don't mean to complain, but this soup is so hot it's making it's own weather."
2094,3466,9,31,146,186,1.2634408602150538,0.03964804394701999,654,"""I asked for the Tournedos of beef?"
3158,3466,8,33,145,186,1.2634408602150538,0.038908157885680326,654,"No, waiter, I said `tomato,' not `tornado.'"
4470,3466,10,29,147,186,1.2634408602150538,0.04037437340185762,654,I distinctly ordered a rustic waterspout soup and instead you present me with this tourin de tornade.
6290,3466,6,37,143,186,1.2634408602150538,0.03738448170727298,654,Is this rare?
3965,3471,10,34,161,205,1.2634146341463415,0.037806806387005794,654,Is it true the soup here will blow you away??
5495,3471,12,30,163,205,1.2634146341463415,0.03905128198264718,654,Does it cause bloating?
1118,3473,14,22,154,190,1.263157894736842,0.0424933383031227,654,This is the soup du jour?  I thought you said it was tomato.
6273,3473,12,26,152,190,1.263157894736842,0.04116180529410535,654,"First there was only one fly, and then the others colluded"
5315,3473,7,36,147,190,1.263157894736842,0.037627386999170565,654,The chef has matched this with the tornedos to follow.
4678,3473,8,29,134,171,1.263157894736842,0.041121989869204546,654,"Yes Sir, state your wish. I am the genie of the soup-bowl."
4031,3473,11,23,137,171,1.263157894736842,0.04355934342498944,654,Are you sure about the Cabernet?
168,3473,6,33,132,171,1.263157894736842,0.03941343871821076,654,"Waiter, there's a Kansan in my soup."
2151,3473,13,19,139,171,1.263157894736842,0.04511114384301264,654,"Fork, knife, SPOON; not fork, spoon, knife!  I'd like to speak to the manager."
1358,3473,9,32,149,190,1.263157894736842,0.03907953220624763,654,There’s probably a fly in my soup.
6482,3473,5,35,131,171,1.263157894736842,0.038530763060050495,654,I thought I ordered this in a teapot.
2611,3473,9,32,149,190,1.263157894736842,0.03907953220624763,654,Should I wait for the tornado part to settle a bit?
6618,3473,7,31,133,171,1.263157894736842,0.040276774960249215,654,"Waiter, there's a cyclone in my soup.  I ordered a tornado."
6558,3484,10,36,167,213,1.2629107981220657,0.0368375720810934,654,"You'll be blown away by Chef Fujita's cream of tornado soup, sir."""
2438,3485,11,29,154,194,1.2628865979381443,0.03989489406071486,654,You're right. Waterspout does taste a little like chicken.
1874,3485,10,31,153,194,1.2628865979381443,0.03921972236149806,654,I'm afraid it's due to global warming.
5835,3485,10,31,153,194,1.2628865979381443,0.03921972236149806,654,Genetically modified curry.
1327,3485,12,27,155,194,1.2628865979381443,0.04055882791844869,654,I specifically told you that I was allergic to waterspouts.
5997,3489,9,28,138,175,1.262857142857143,0.041288194310771846,654,I said I wanted Tomato soup not Tornado soup!
4201,3489,8,30,137,175,1.262857142857143,0.040484979244804646,654,"No, what I actually ordered was a tournedo."
1126,3491,8,25,123,156,1.2628205128205128,0.043722732953669796,654,"Excuse me, but this isn't my order. I ordered the Tomato soup not the Tornado soup."""
281,3492,8,36,154,198,1.2626262626262625,0.03732568892699294,654,"If it's a sign, I'm stumped."
1530,3492,10,32,156,198,1.2626262626262625,0.03867499682964723,654,"Waiter, there’s a flyclone in my soup!"
1545,3492,11,30,157,198,1.2626262626262625,0.039332296433370294,654,what the fuck
3637,3492,12,28,158,198,1.2626262626262625,0.03997879069796638,654,Small liberal arts colleges are closing all over this country and your worried about a tornado in your soup?
4986,3492,7,38,153,198,1.2626262626262625,0.03663240219976508,654,How long do I have to wait for this to become Lava Cake
6192,3492,9,34,155,198,1.2626262626262625,0.03800633127288049,654,And I moved to the East Coast to get away from tornadoes.
6506,3498,6,35,138,179,1.2625698324022345,0.03826768678691017,654,"I thought the menu said ""in a teapot"""
5102,3498,9,29,141,179,1.2625698324022345,0.040653756873561965,654,I specifically asked for my storm to be in a teacup.
2370,3498,11,25,143,179,1.2625698324022345,0.042169531005341265,654,"... And for dessert, I'd like the Tempest in a Teapot, please."
4396,3498,10,27,142,179,1.2625698324022345,0.04141857851945866,654,"Yes, sir. It's a specialty of the house. Tormato Soup."
861,3502,14,25,163,202,1.2623762376237624,0.040650727379948626,654,No Beef Tournedos
1271,3502,6,41,155,202,1.2623762376237624,0.03547410857015112,654,"Sorry, but I didn't order the 'Climate Change Chowder.'"
2081,3502,8,37,157,202,1.2623762376237624,0.03683652661781344,654,I'd rather blow on the chowder myself.
4110,3505,10,28,145,183,1.2622950819672132,0.0407879796334524,654,Tornado? I ordered TOMATO Soup!
6364,3505,9,30,144,183,1.2622950819672132,0.040045100102282405,654,Where's the cheese? Didn't you say it comes with de brie?
5843,3505,5,38,140,183,1.2622950819672132,0.03692442390469188,654,Could Mother Nature have her own bowl?
2684,3508,8,27,129,164,1.2621951219512195,0.0422532400170497,654,"I asked for the brussels sprouts, not the water spout."
2069,3509,8,38,160,206,1.2621359223300972,0.036364723154209244,654,I meant beef tournedos.
5720,3510,7,35,145,187,1.2620320855614973,0.037975485999156566,654,"No, I distinctly asked for the tournedos."
5357,3510,7,35,145,187,1.2620320855614973,0.037975485999156566,654,"I requested squash, not squall"
4646,3510,9,31,147,187,1.2620320855614973,0.0394606075651067,654,Was it man made?
3790,3510,8,33,146,187,1.2620320855614973,0.03872516679292352,654,"Well, that was unexpected."
5580,3510,8,33,146,187,1.2620320855614973,0.03872516679292352,654,Now I can see why you call it Oz soup.
1294,3510,9,31,147,187,1.2620320855614973,0.0394606075651067,654,I'll need a spoon.
1039,3510,7,35,145,187,1.2620320855614973,0.037975485999156566,654,I asked for MILD curry.
3034,3510,9,31,147,187,1.2620320855614973,0.0394606075651067,654,"I was going to make a ""fly in my soup"" joke, but now that seems cliche."
2844,3518,7,41,162,210,1.2619047619047619,0.03526911740328757,654,"You can ignore that, sir; it's just a minor side effect of excessive soup warming."
4884,3518,11,22,135,168,1.2619047619047619,0.04406466658910854,654,I hope this doesn't mean President Trump will be visiting me.
4902,3518,8,28,132,168,1.2619047619047619,0.0415672568654724,654,"But the menu clearly read ""in a teapot""!"
5558,3518,8,39,163,210,1.2619047619047619,0.035909317858015356,654,Chicken soup.  I've been feeling under the weather.
6466,3518,10,24,134,168,1.2619047619047619,0.043248223572530546,654,Send it back.
6046,3523,6,38,147,191,1.2617801047120418,0.036712145317168064,654,The kitchen is a whirlwind of culinary experimentation.
2104,3523,7,36,148,191,1.2617801047120418,0.037455216122469166,654,Are you sure this pairs well with the house red?
2527,3523,10,30,151,191,1.2617801047120418,0.03960085880074952,654,Exactly what kind of bean soup is this?
3477,3523,9,32,150,191,1.2617801047120418,0.03889879711205594,654,Have you got anything with a little less global warming?
2399,3527,10,36,168,214,1.2616822429906542,0.03668560697025342,654,"Waiter, there's an elephant trunk in my soup."
4421,3528,6,33,133,172,1.2616279069767442,0.03921347983474019,654,I'll have a hurricane with that.
1527,3528,5,35,132,172,1.2616279069767442,0.03833663449946048,654,I did mention the draft ...
11,3530,9,33,153,195,1.2615384615384615,0.03835830714086091,654,"I ordered tournedos,idiot!!"
1672,3531,8,30,138,176,1.2613636363636365,0.040281990081318636,654,Waiter there is something in my soup
4107,3531,13,20,143,176,1.2613636363636365,0.04412838145215364,654,This soup was specially prepared by your mother-in-law.
4888,3531,6,34,136,176,1.2613636363636365,0.03863636363636365,654,This dish just explodes with flavor!
5884,3531,8,30,138,176,1.2613636363636365,0.040281990081318636,654,"The storm du jour, sir."
6687,3531,8,30,138,176,1.2613636363636365,0.040281990081318636,654,This is a mistake; I ordered the jalapeño hurricane.
584,3536,9,34,156,199,1.2613065326633166,0.03783788451849511,654,Is this related to climate change?
748,3536,10,32,157,199,1.2613065326633166,0.0385027836599338,654,"And I suppose the Cowardly Lion,  the Tin Man, and the Scarecrow will escort me out of here.?"
1690,3536,13,26,160,199,1.2613065326633166,0.04043192901346345,654,There must be a mistake I ordered the tomato soup
3399,3536,9,34,156,199,1.2613065326633166,0.03783788451849511,654,Why the giant carrot?
5553,3536,9,34,156,199,1.2613065326633166,0.03783788451849511,654,Our Chef also does the weather on Channel 2.
6194,3536,8,36,155,199,1.2613065326633166,0.03716109067433675,654,What a movable feast!
5882,3542,10,27,143,180,1.261111111111111,0.041213655726041944,654,"Occasionally, The Wizard drops down for a bowl or two."
5235,3542,10,27,143,180,1.261111111111111,0.041213655726041944,654,I believe I ordered the tempest not the tornado.
5126,3542,7,33,140,180,1.261111111111111,0.03888888888888888,654,"Sir, I can assure you global warming has nothing to do with this"
130,3542,10,27,143,180,1.261111111111111,0.041213655726041944,654,It was called in by your ex-wife.
2379,3542,6,35,139,180,1.261111111111111,0.03808244257635737,654,"Waiter, there’s a fly in my tornado in my soup..."
394,3542,9,29,142,180,1.261111111111111,0.040453580458025246,654,You ordered our Global Warming Special of the Day sir.
3622,3542,7,33,140,180,1.261111111111111,0.03888888888888888,654,I was led to believe that your meteorologist trained at Le Cordon Bleu.
38,3549,10,33,160,203,1.2610837438423645,0.0379839198671201,654,I distinctly asked for “sprouts.”
6029,3550,6,36,142,184,1.2608695652173914,0.03755025968673369,654,"Excuse me, but I ordered this with a side of hail..."
5881,3550,6,36,142,184,1.2608695652173914,0.03755025968673369,654,All I asked for was a little peace and quiet at mealtime.
5814,3550,9,36,162,207,1.2608695652173914,0.0368527084604764,654,I ordered the chicken tornado.
4273,3550,6,36,142,184,1.2608695652173914,0.03755025968673369,654,Keep my wine in the cellar for now.
4085,3550,9,30,145,184,1.2608695652173914,0.039852372529987024,654,Excuse me.  I asked for shaken not stirred.
3742,3550,12,30,165,207,1.2608695652173914,0.03871470607829881,654,And there’s no such thing as global warming?
3677,3550,9,36,162,207,1.2608695652173914,0.0368527084604764,654,I'm afraid I've stirred up a storm.
2567,3550,6,36,142,184,1.2608695652173914,0.03755025968673369,654,"I hope you enjoy the climate change special, sir."
2555,3550,9,30,145,184,1.2608695652173914,0.039852372529987024,654,Is this the New England clam chowder?  It looks more like Kansas corn chowder.
2265,3550,6,30,125,161,1.2608695652173914,0.040877163295304914,654,I’d like to move. I’m feeling a draft.
856,3550,6,30,125,161,1.2608695652173914,0.040877163295304914,654,"Does this look like ""death by chocolate"" to you?"
391,3550,5,38,141,184,1.2608695652173914,0.036750856742374896,654,"I'm sorry sir, but the kitchen can't be held responsible for changing weather patterns."
45,3550,8,38,161,207,1.2608695652173914,0.03621077195514436,654,And you're telling me climate change isn't real?
1146,3563,5,39,144,188,1.2606382978723405,0.03626237313572433,654,Tornado in a tureen” is Chef’s variation on “storm in a tea-cup
1712,3563,8,33,147,188,1.2606382978723405,0.03854383978976962,654,"No, no, no...... I ordered tournedos of beef."
3600,3563,7,35,146,188,1.2606382978723405,0.03779865463616996,654,Can I move inside? I sense a storm coming.
4433,3566,4,35,126,165,1.2606060606060605,0.03834816355401182,654,"What do you mean, I don't ""need"" a spoon?"
4205,3567,7,36,149,192,1.2604166666666667,0.037284563925264705,654,"Excuse me, I ordered the tomato soup"
5141,3567,9,32,151,192,1.2604166666666667,0.03871968169713134,654,I believe I ordered the Tournedos of Beef.
198,3567,10,30,152,192,1.2604166666666667,0.039417651788788435,654,"This soup is off... off to see the wizard, the wonderful wizard of Oz!"
1801,3567,10,30,152,192,1.2604166666666667,0.039417651788788435,654,"Tempest schmempest, where’s my spoon?"
3506,3571,7,30,132,169,1.2603550295857988,0.04048886713841456,654,Don’t ask how we chill the gazpacho.
1360,3572,12,33,174,219,1.2602739726027397,0.03722732502915956,654,Could I please have a table inside? It's a little windy out here.
1238,3573,12,27,157,196,1.260204081632653,0.04018845969871026,654,I think I went overboard with the siracha..
3252,3573,10,31,155,196,1.260204081632653,0.03886457314110717,654,I'll need a To-Go Shelter.
5864,3575,9,27,137,173,1.260115606936416,0.041519239077797615,654,"Is this what climate change does to ""seasonal"" food?"
4880,3576,9,34,157,200,1.26,0.037670883682055234,654,"This is a lot. I'll take a to-go container, when you have a chance."
5214,3576,11,30,159,200,1.26,0.03898202136818651,654,This consommé is a catastrophe.
6756,3578,9,28,140,177,1.2598870056497176,0.040874021061281206,654,"No, I ordered the *tomato* soup."
4438,3579,6,41,157,204,1.2598039215686274,0.03517229746484358,654,"The tempest goes in the teapot, not the soup!"
6658,3579,12,29,163,204,1.2598039215686274,0.039075076324961586,654,And you swear the clams are fresh?
6870,3581,10,27,144,181,1.2596685082872927,0.04101070399976935,654,"Yes, you heard right - bring me some Sriracha."
6585,3581,5,37,139,181,1.2596685082872927,0.0370801978356579,654,"Sorry, this is incorrect … I ordered the ' tempest in a teapot.' """
3734,3581,11,25,145,181,1.2596685082872927,0.04175242743556034,654,I'm to believe an unstable polar vortex is to blame for this lukewarm bisque?
296,3581,6,35,140,181,1.2596685082872927,0.037898923807102525,654,"I broke Yom Kippur once, just once."
1554,3581,10,27,144,181,1.2596685082872927,0.04101070399976935,654,I specifically requested it be served in a teapot
2799,3581,7,33,141,181,1.2596685082872927,0.038700333072747534,654,"I've heard of a tempest in a teapot, but never in a bowl of soup!"
2067,3587,12,24,149,185,1.2594594594594595,0.041824554500485715,654,I asked for a tempest in a teacup.
2354,3587,8,32,145,185,1.2594594594594595,0.0389136959545367,654,I don’t mean to complain but this appears to be more than a tempest in a tea cup...
2712,3587,7,34,144,185,1.2594594594594595,0.03815129521080028,654,I believe I ordered the F1 soup--not the F5.
3520,3587,10,28,147,185,1.2594594594594595,0.04039535302486058,654,I hear the Munchkin soup here is to die for.
5796,3587,6,36,143,185,1.2594594594594595,0.03737334504270575,654,I think I may have over-reached on the tornado soup. Would you mind if I stepped down to an EF3?
3535,3592,10,35,167,212,1.259433962264151,0.03684652453464758,654,"Waiter, I ordered tournedos, not a tornado"
4604,3593,6,30,126,162,1.2592592592592593,0.04065595460513889,654,I had the chef whip you up something special.
2146,3593,9,31,149,189,1.2592592592592593,0.03909086461991368,654,I am NOT a climate denier. I ordered the salad.
6246,3593,12,25,152,189,1.2592592592592593,0.04119414482328707,654,"Au contrarie, the chef IS responsible for acts of God."
700,3593,7,35,147,189,1.2592592592592593,0.037623411807978444,654,I thought you were joking when you recommended a midwestern dish called tornado aspic.
1190,3593,12,25,152,189,1.2592592592592593,0.04119414482328707,654,I didn’t realize my ex-wife is your chef.
2143,3598,11,28,154,193,1.2590673575129534,0.03991795616544774,654,"I know it was a disaster, but was there anything wrong with it?"
2396,3598,9,32,152,193,1.2590673575129534,0.038542165119898796,654,there appears to be more than a fly in my soup
1223,3600,7,37,153,197,1.2588832487309645,0.03662612414553849,654,There'd better not be a tempest in my teacup when it comes out.
1424,3601,11,22,137,170,1.2588235294117647,0.0435988759111164,654,I ordered tournedos Rossini...
4439,3602,12,28,161,201,1.2587064676616915,0.039444924662517006,654,Soup weather
2959,3603,7,31,136,174,1.2586206896551724,0.039665931469940595,654,"Excuse me, I ordered the Fajita Soup not the Fujita Soup."
3736,3603,8,29,137,174,1.2586206896551724,0.040494776051156305,654,I have to send this back—you know the drill.
729,3605,10,33,162,205,1.2585365853658537,0.03765532505392221,654,This tornado soup is nothing like mom used to make.
1620,3605,5,43,157,205,1.2585365853658537,0.0343337074411916,654,That Tabasco sauce should come with a weather warning
4836,3605,8,37,160,205,1.2585365853658537,0.03636310616012965,654,I asked for tournedos with my soup. Perhaps you misunderstood.
6359,3608,9,28,141,178,1.2584269662921348,0.04066995899130933,654,Is this a weather event or your house special?
5403,3608,9,28,141,178,1.2584269662921348,0.04066995899130933,654,We are also being rated for special effects!
2727,3608,8,30,140,178,1.2584269662921348,0.03988189554529687,654,"Sit, watch the plate, please - it’s hot."
3963,3608,8,30,140,178,1.2584269662921348,0.03988189554529687,654,More pepper please.
46,3612,6,35,141,182,1.2582417582417582,0.037717107691003414,654,This soup is blowing me away...
2964,3612,12,23,147,182,1.2582417582417582,0.042271229222075844,654,I ordered a Hurricane.
3738,3612,11,25,146,182,1.2582417582417582,0.041546889799962045,654,"You're mistaken, sir. It's a turnip."
5167,3612,11,25,146,182,1.2582417582417582,0.041546889799962045,654,Monsieur!  I asked for a tempest in a teacup!  And you bring me a cyclone in a soup bowl!  And now I must reap the whirlwind?!  Such a twisted logic!!
821,3616,6,36,144,186,1.2580645161290323,0.03719803472550513,654,"No, I'm not from Kansas."
2238,3616,8,32,146,186,1.2580645161290323,0.03872904678630092,654,You’re definitely getting 1 star on Yelp.
3959,3616,8,32,146,186,1.2580645161290323,0.03872904678630092,654,Climate change is out of control.
4352,3616,9,30,147,186,1.2580645161290323,0.03947229032806794,654,For dessert i’ll just have the tempest in a teapot.
5245,3616,6,36,144,186,1.2580645161290323,0.03719803472550513,654,Aladdin Chowder? I thought you said Manhattan Chowder.
6209,3621,8,33,149,190,1.2578947368421052,0.03818609181052829,654,All I did was blow to cool down the soup
5749,3621,8,33,149,190,1.2578947368421052,0.03818609181052829,654,Is this some kind of joke? I asked for Tomato!
2251,3621,8,33,149,190,1.2578947368421052,0.03818609181052829,654,"No, dammit, I said I wanted a tempest in a teapot."
4691,3621,8,33,149,190,1.2578947368421052,0.03818609181052829,654,The chef is experimenting with a variation on a tempest in a teapot.
3199,3625,7,36,151,194,1.2577319587628866,0.036947739639946124,654,"I ordered the tomato soup, not the tornado!"
3975,3625,7,36,151,194,1.2577319587628866,0.036947739639946124,654,"Excuse me, I wanted the calm out before the storm."
6049,3625,9,32,153,194,1.2577319587628866,0.03836622687347021,654,"Now you understand, sir, why it's called the Judy Garland special."
6394,3625,7,36,151,194,1.2577319587628866,0.036947739639946124,654,Doesn't the Rosemary Tomato Tempest come with bread?
2305,3629,8,26,129,163,1.2576687116564418,0.04226861894458759,654,So!  This is supposed to go with the beef tournedos?
2868,3629,7,28,128,163,1.2576687116564418,0.04136297602257143,654,"Perhaps a fuller bodied, more aromatic red would have been a better choice."
3103,3629,7,28,128,163,1.2576687116564418,0.04136297602257143,654,No. I ordered your beef tournedos Rosssini
3565,3629,6,30,127,163,1.2576687116564418,0.04043705507829283,654,Could you bring some extra napkins?
686,3633,11,29,158,198,1.2575757575757576,0.03917561643194734,654,This next dish we call 'climate change.'
67,3633,10,31,157,198,1.2575757575757576,0.03851564305413805,654,Cool. Now whip the tablecloth off.”
6499,3635,7,29,131,167,1.2574850299401197,0.04070306999953109,654,May I have some napkins please?
335,3636,7,30,134,171,1.2573099415204678,0.04007147148199086,654,"I ordered ""tomato"" soup!"
1286,3636,9,26,136,171,1.2573099415204678,0.041753104386869404,654,"I'm sure I said ""tournedos,"" not --"
4489,3636,9,26,136,171,1.2573099415204678,0.041753104386869404,654,I believe there’s been an error.  It was “tomato” soup that I ordered.
4886,3636,10,24,137,171,1.2573099415204678,0.04256901661473068,654,"I thought that the menu said ""Lobster bisque with water sprouts""."
6155,3636,8,28,135,171,1.2573099415204678,0.04092092711970746,654,"I order cream of fennel, not funnel soup"
6690,3641,11,31,164,206,1.2572815533980584,0.03811944463701067,654,"Excuse me, I ordered beef tournedos!"
772,3641,10,33,163,206,1.2572815533980584,0.03749309753189487,654,"Sorry, your soup was too hot and I blew too hard."
1954,3641,8,37,161,206,1.2572815533980584,0.0362079130680063,654,"Sprout, not spout."
2427,3641,11,31,164,206,1.2572815533980584,0.03811944463701067,654,Your regular guests got bored with the tempest in a teapot?
4502,3641,13,27,166,206,1.2572815533980584,0.03934223498010758,654,I can only hope the president will toss me some paper towels when this dinner's natural disasters is over.
6554,3641,9,35,162,206,1.2572815533980584,0.0368561075757905,654,"And yes, I would like a funnel straw."
4189,3647,12,30,168,210,1.2571428571428571,0.0382203459462822,654,"I ordered the tournedos, not this."
1617,3647,11,23,141,175,1.2571428571428571,0.04266514189159113,654,I asked for shaken not stirred!
1555,3647,9,27,139,175,1.2571428571428571,0.04109685441303293,654,"Well, there goes the croutons."
1426,3647,8,29,138,175,1.2571428571428571,0.040289824989123924,654,I think I found Dorothy's shoes in the soup.
1433,3647,7,40,163,210,1.2571428571428571,0.03511342351790835,654,Waiter! I asked for medium spicy.  This soup is EF5!
2183,3652,7,32,140,179,1.2569832402234637,0.03888582718695954,654,"Excuse me, waiter.  I ordered a Tempest in a Teapot."
3895,3652,7,32,140,179,1.2569832402234637,0.03888582718695954,654,This soup's giving me wind!
4076,3652,9,28,142,179,1.2569832402234637,0.04046787557174003,654,I thought I ordered TOMATO soup!
5262,3655,5,37,141,183,1.2568306010928962,0.03672839517279281,654,The Hurricane Soup also comes with a warning.
1177,3655,7,33,143,183,1.2568306010928962,0.0383284945272189,654,"No, this is just local weather, not climate change."
1206,3655,10,27,146,183,1.2568306010928962,0.04061060469698003,654,Could I have the recipe for this?
1393,3655,6,35,142,183,1.2568306010928962,0.037536971805753584,654,I asked for the polar vortex with lemon.
4786,3659,7,34,146,187,1.2566844919786095,0.03779286171126043,654,A little too much zest went into it.
433,3659,7,34,146,187,1.2566844919786095,0.03779286171126043,654,I asked for soup with a twist!
5134,3661,7,35,149,191,1.256544502617801,0.0372776107570834,654,"I heard him say,""let my people go..."""
3885,3661,9,31,151,191,1.256544502617801,0.03872781256075067,654,"I know my French isn't great, but I assumed there was only one tournedos dish on the menu."
2685,3661,8,33,150,191,1.256544502617801,0.038009628579461656,654,Climate change is starting to affect everything.
473,3661,6,37,148,191,1.256544502617801,0.03653092748295081,654,Waiter ... there is an EF-5 in my soup.
2157,3661,2,45,144,191,1.256544502617801,0.03337757119379083,654,It’s our seasonal specialty.
1309,3661,10,29,152,191,1.256544502617801,0.03943291856726618,654,I am pretty sure I requested tournedos of beef soup.  This is just plain tornado.
2549,3661,13,23,155,191,1.256544502617801,0.04147637724908809,654,"I asked for a tempest in a teapot, not a soupbowl!"
6710,3668,8,34,153,195,1.2564102564102564,0.037493320289564945,654,Yeaaaahhh...still not buying this global warming thing
5929,3668,9,32,154,195,1.2564102564102564,0.0381918467796611,654,Is it climate change or global warming?
5469,3668,9,32,154,195,1.2564102564102564,0.0381918467796611,654,I'm sorry.  I'll bring you a spoon right away.
6503,3668,8,34,153,195,1.2564102564102564,0.037493320289564945,654,"I had said ‘sprout’, not ‘spout’!"
4246,3672,9,34,160,203,1.2561576354679802,0.03717838001562051,654,You’re sure it’s organic?
4023,3673,9,35,163,207,1.2560386473429952,0.03669867991520823,654,Can I have the salad instead?
3607,3673,11,31,165,207,1.2560386473429952,0.03795520172637351,654,I ordered the green tornado.
1593,3675,6,31,131,168,1.255952380952381,0.039598987698438386,654,Were there really storm warnings on the menu?
6162,3675,9,25,134,168,1.255952380952381,0.042213005401537225,654,I'd prefer a spoon.
6361,3675,4,35,129,168,1.255952380952381,0.03775589792180357,654,"Yes, it's our Global Warming soup."
303,3678,8,28,136,172,1.255813953488372,0.040709815367658664,654,"I know it's cold outside, but vichyssoise vortex?"
896,3678,6,32,134,172,1.255813953488372,0.03900371976184006,654,I ordered the hot pepper soup with small tornadic activity and no debris field.
3316,3678,4,36,132,172,1.255813953488372,0.037219500846350013,654,"So, this is your version of tournedos?"
3699,3678,7,30,135,172,1.255813953488372,0.03986589534005859,654,Yes sir the soup was made here in Kansas.How dod you know?
4282,3682,9,27,140,176,1.2556818181818181,0.0408887936660111,654,A tempest in a teapot would go well with this.
5603,3682,8,29,139,176,1.2556818181818181,0.0400868854181335,654,"Climatologists call it the ""Butterfly Effect"""
2711,3684,9,28,143,180,1.2555555555555555,0.04026774313665736,654,Would you rather have Eggs Tsunami?
2107,3684,7,32,141,180,1.2555555555555555,0.038695537784843345,654,"I guess that's why the menu called it ""Soupercell."""
818,3684,7,32,141,180,1.2555555555555555,0.038695537784843345,654,"""We're temporarily out of teapots."
6395,3687,12,23,149,184,1.2554347826086956,0.04185733230914828,654,"Well, there  _was_  a fly."
1839,3687,5,37,142,184,1.2554347826086956,0.036554897747640334,654,"A napkin, please?"
2250,3687,6,35,143,184,1.2554347826086956,0.03735849408880149,654,"'I ordered a Hurricane and, not IN, a soup.'"
4889,3690,10,28,150,188,1.2553191489361701,0.03982006721726643,654,"Sir, the chef wishes to inform you that due to the lack of local kale, he prepared a lovely gale bisque instead."
2592,3690,8,32,148,188,1.2553191489361701,0.038364816776803,654,Tomato? I thought you said tornado!
5758,3690,8,32,148,188,1.2553191489361701,0.038364816776803,654,But Dorothy was going to pay the check.
429,3690,10,28,150,188,1.2553191489361701,0.03982006721726643,654,"Excuse me, could you please take this back? I asked for the cyclone on the side."
1688,3690,9,30,149,188,1.2553191489361701,0.03909921303239543,654,Would you please bring me another spoon.
6782,3690,9,30,149,188,1.2553191489361701,0.03909921303239543,654,I'm sure that I said tomato soup.
2654,3696,9,31,152,192,1.2552083333333333,0.03854874115535545,654,"How are you enjoying your Global Warming soup, sir?"
3701,3696,8,33,151,192,1.2552083333333333,0.03783474491585197,654,I believe I asked for no greenhouse gases in my soup.
4498,3698,10,30,156,196,1.2551020408163265,0.03870107703491696,654,Tonight's Climate Change Special  ?
4426,3698,10,30,156,196,1.2551020408163265,0.03870107703491696,654,"I'm sorry, I ordered the Category 2 Hurricane Soup"
6487,3698,8,34,154,196,1.2551020408163265,0.03732447074170223,654,I ordered TOMATO bisque!
1785,3698,8,34,154,196,1.2551020408163265,0.03732447074170223,654,So just how spicy is this dish??
746,3702,10,32,162,204,1.2549019607843137,0.037663676747005964,654,"Well, best go fetch me another spoon then."
6043,3702,7,38,159,204,1.2549019607843137,0.03568847160750782,654,It’s quite normal...It’s Kansas Spring Soup.
6233,3702,10,32,162,204,1.2549019607843137,0.037663676747005964,654,I'll take it in a doggie bag please
6460,3705,10,33,165,208,1.2548076923076923,0.03717269908816626,654,A spoon would have been just fine.
5460,3706,7,26,124,157,1.2547770700636942,0.04229306249982094,654,I said “tureen” of soup.
5279,3707,6,29,126,161,1.2546583850931676,0.040646467672910316,654,My apologies sir. I thought you ordered the TORNADO bisque.
6174,3708,10,35,171,216,1.2546296296296295,0.03624118009378602,654,"No, I'm pretty sure I said Minestrone."
3098,3709,13,30,177,220,1.2545454545454546,0.03749787721830517,654,"On second thought, cancel that pot of tea, please."
6848,3710,11,22,140,173,1.254335260115607,0.04291801714378571,654,You can't genuinely expect me to eat this without a spoon.
6021,3710,7,30,136,173,1.254335260115607,0.03966236068430028,654,Could you tell me again what was in Cyclone soup.
5414,3710,9,26,138,173,1.254335260115607,0.041322264280928576,654,If we were in a red state this soup would be a disaster.
5037,3710,8,28,137,173,1.254335260115607,0.04050081715443797,654,I thought it a misprint and that I was ordering tournedos rossini.
3541,3710,9,26,138,173,1.254335260115607,0.041322264280928576,654,You expect me to eat this without lightning in a bottle?
1213,3710,9,26,138,173,1.254335260115607,0.041322264280928576,654,"I said cream of tomato, not cream of  tornado."
1571,3710,8,28,137,173,1.254335260115607,0.04050081715443797,654,"Well sir, you asked for it stirred not shaken."
736,3710,8,28,137,173,1.254335260115607,0.04050081715443797,654,I asked for this to come out with the entree.
1817,3710,7,30,136,173,1.254335260115607,0.03966236068430028,654,"No, sir, I ordered the creamy potato, not the creamy tornado!"
897,3719,9,27,141,177,1.2542372881355932,0.0406827809168981,654,You could have given me a weather report before I ordered the soup of the day.
5830,3719,8,29,140,177,1.2542372881355932,0.039885928944234865,654,Exceptional rotini today.
6044,3719,6,33,138,177,1.2542372881355932,0.038242445750357026,654,I might need a straw.
3558,3722,5,36,140,181,1.2541436464088398,0.03687842429926479,654,This next dish will really knock you out of your seat.
4431,3722,7,32,142,181,1.2541436464088398,0.03850704983774623,654,I ordered volcano.  Not tornado.
4151,3722,7,32,142,181,1.2541436464088398,0.03850704983774623,654,No it's not spicy.
1745,3722,8,30,143,181,1.2541436464088398,0.03929605885342327,654,"I ordered clam chowder New England style, not Alabama!"
563,3722,9,28,144,181,1.2541436464088398,0.04006953450711325,654,"I asked for the temperature to be lowered, not the air pressure."
2834,3722,8,30,143,181,1.2541436464088398,0.03929605885342327,654,"Yes, it did start in the kitchen, but the chef's hand-picked scientist argues that it was not man-made."
233,3728,8,31,146,185,1.2540540540540541,0.03872962845717286,654,Waiter there’s an elephant drinking my soup.
2401,3728,6,35,144,185,1.2540540540540541,0.03718165283133156,654,Yelp wasn't kidding when they said dining here is a whirlwind experience!
3180,3728,7,33,145,185,1.2540540540540541,0.037963531366960054,654,Is it too late to put a stop on the Texas Style ribs?
3615,3728,7,33,145,185,1.2540540540540541,0.037963531366960054,654,It's sort of a funnel cake soup.
4308,3728,10,27,148,185,1.2540540540540541,0.04021806725330844,654,Excuse me—I ordered the TOMATO.
6540,3728,9,29,147,185,1.2540540540540541,0.0394808627946648,654,I looked at the soup of the day without checking the hourly forecast.
5150,3734,10,28,151,189,1.253968253968254,0.03963184874464589,654,Bisque with a twist is the Chef's special.
5064,3734,14,20,155,189,1.253968253968254,0.04237726508681117,654,"Would you bring me a spoon, please?"
3246,3734,8,32,149,189,1.253968253968254,0.03818519155718357,654,"Sorry, sir, but we ran out of tournedos."
604,3734,10,28,151,189,1.253968253968254,0.03963184874464589,654,"Excuse me, waiter!  There's a fly-...ing cow in my soup."
1484,3734,8,32,149,189,1.253968253968254,0.03818519155718357,654,I clearly said to-MATO bisque.
2045,3734,9,30,150,189,1.253968253968254,0.03891524308787813,654,Chefs special this evening is consommé of beef tournedos ... and our chef is renowned for his enthusiasm.
4496,3740,9,31,153,193,1.2538860103626943,0.03837127783315706,654,This soup is much too hot for the air around it.
3578,3740,10,29,154,193,1.2538860103626943,0.03906823938569363,654,I distinctly said I want TOMATO soup.
409,3740,8,33,152,193,1.2538860103626943,0.03766142053084029,654,I've never seen such wonton disregard for customer safety.
1107,3740,8,33,152,193,1.2538860103626943,0.03766142053084029,654,Tell the chef his global warming soup needs salt.
4449,3740,13,23,157,193,1.2538860103626943,0.041088251692466285,654,My compliments to Chef Eddy.
4966,3745,6,38,153,197,1.2538071065989849,0.035735905229394266,654,Is this kinda like last week’s “Tempest in a Teapot”?
6702,3745,10,30,157,197,1.2538071065989849,0.03852589255732994,654,"You said the soup tonight was to-ma-to, correct?"
2450,3747,12,27,162,201,1.2537313432835822,0.039290885316681144,654,You mis-heard... I ordered beef  tournedos.
3804,3747,10,31,160,201,1.2537313432835822,0.03800356800889097,654,"Yes,we download all our meals now."
292,3749,8,36,161,205,1.2536585365853659,0.036202363148041226,654,"Sir, this is our spin on the joke about the fly in your soup!"
2037,3749,6,40,159,205,1.2536585365853659,0.034856320548775244,654,"Ah, the consommé of my Kansas childhood!"
5110,3749,10,32,163,205,1.2536585365853659,0.03750012150388764,654,"You said ""Kansas Special Soup"", but that's a bit much."
1573,3752,5,43,161,209,1.2535885167464116,0.033764474878370504,654,"It’s Potato Tornado soup—deconstructed, of course"
2366,3752,6,41,162,209,1.2535885167464116,0.03443902421332675,654,"It's called Tornado and Red Pepper soup, on the west coast it's Cyclone Chowder."
6608,3752,6,41,162,209,1.2535885167464116,0.03443902421332675,654,Somebody up there likes it.
5760,3755,7,40,166,213,1.2535211267605635,0.034680201013618316,654,"It levels the palette."""
1441,3755,11,32,170,213,1.2535211267605635,0.03714673542775134,654,I ordered Tomato.
3352,3757,7,26,125,158,1.2531645569620253,0.04205545769901456,654,I’ve never seen tournedos of beef prepared this way.
4155,3758,9,23,130,162,1.2530864197530864,0.04317700064962713,654,You say tornado and I say soupnami.
4967,3758,8,25,129,162,1.2530864197530864,0.042279689556527916,654,"Forget about the fly, what's this tornado doing in my soup?"
5337,3758,9,23,130,162,1.2530864197530864,0.04317700064962713,654,The Chef says there are no substitutes!
4233,3761,6,31,133,170,1.2529411764705882,0.03918928221208077,654,I don't mean to start a tempest in a teacup but what is this?
1589,3762,6,32,136,174,1.2528735632183907,0.038609804490614755,654,"Waiter, what's this F-4 doing in my soup?"
6035,3762,8,28,138,174,1.2528735632183907,0.04029390200655743,654,Where does the chef source his tornadoes out of season?
6807,3762,4,36,134,174,1.2528735632183907,0.03684881906782004,654,Tell your chef I’m not waiting for it to become a Category 5!
1030,3765,8,29,141,178,1.252808988764045,0.03968692767556257,654,I said the tournadoes of BEEF!
2075,3765,13,19,146,178,1.252808988764045,0.043502322796253025,654,Sorry; I asked for the tomato.
2809,3765,6,33,139,178,1.252808988764045,0.03805380774886673,654,I would like to compose my will first.
4792,3765,10,25,143,178,1.252808988764045,0.041255450215249845,654,"Waiter, there are flies in my soup."
6717,3765,9,27,142,178,1.252808988764045,0.04047878704203161,654,Some light snow would have been more seasonal.
6619,3770,9,28,145,182,1.2527472527472527,0.03987322298138223,654,"Oh, I thought the carrot would be puréed."
4053,3770,11,24,147,182,1.2527472527472527,0.04136785523462879,654,"Excuse me, the soup is too salty."
2508,3770,8,30,144,182,1.2527472527472527,0.03910449006224144,654,"Pardon me sir, there appears to be a tornado in my soup!"
5588,3773,9,29,148,186,1.2526881720430108,0.03929177434726687,654,You’re not familiar with molecular-climate-gastronomy?
4253,3773,7,33,146,186,1.2526881720430108,0.03778357121581996,654,"Quick, get me some crackers."
5326,3773,7,33,146,186,1.2526881720430108,0.03778357121581996,654,"What's the next course, a tempest in a teapot?"
2046,3773,6,35,145,186,1.2526881720430108,0.0370064266723111,654,"No, no, it's my fault...  I should have checked the weather report.  But could I get a spoon?"
3532,3773,8,31,147,186,1.2526881720430108,0.03854505016975252,654,"I can get a box, right?"
442,3773,10,27,149,186,1.2526881720430108,0.040024569580750506,654,Sorry. I meant the soup of the day without the forecast.
163,3773,6,35,145,186,1.2526881720430108,0.0370064266723111,654,I ordered the Tomato soup!
977,3773,6,35,145,186,1.2526881720430108,0.0370064266723111,654,When you mentioned the soup of the day I was sure you meant tomato!
5747,3781,9,30,151,190,1.2526315789473683,0.0387329553823589,654,"Not ""tornado soup"".

Tomato."
2400,3781,7,34,149,190,1.2526315789473683,0.03726730802698271,654,I ordered an F4
2875,3781,9,30,151,190,1.2526315789473683,0.0387329553823589,654,Did you not read what the asterisk  meant?
3094,3781,11,26,153,190,1.2526315789473683,0.04014512943964188,654,And the monsoon meatloaf for my entree.
4685,3781,8,32,150,190,1.2526315789473683,0.03800719721467117,654,This is Auntie Em’s special soup?
5253,3781,6,36,148,190,1.2526315789473683,0.03651242877488585,654,I think the cook thought I said Nor' Easter chowder
1254,3787,5,39,150,194,1.2525773195876289,0.035287744571503916,654,It’s our Kansas Special Soup. Enjoy it slowly or you will be sucked into Oz.
103,3788,8,34,156,198,1.2525252525252526,0.036991172645062305,654,What is this?? Are you trying to Poseidon me??
2461,3788,8,34,156,198,1.2525252525252526,0.036991172645062305,654,What difference does it make that I'm not in Kansas? Will you please bring me a blasted soup spoon?
2126,3790,8,35,159,202,1.2524752475247525,0.036510709783245124,654,"Are you really, really, sure this isn't the extra-spicy chili?"
2525,3791,12,28,166,206,1.2524271844660195,0.03858551196432189,654,Would you like some freshly ground pepper?
2498,3792,8,39,171,218,1.2522935779816513,0.03474966590720358,654,"Waiter, there's been a mistake. I asked for Tomato soup."
3680,3793,8,25,130,163,1.2515337423312884,0.04204818135866704,654,And could you please bring me a tempest in a teapot...
4035,3793,3,35,125,163,1.2515337423312884,0.03727395532240577,654,I can't wait to see what else is part of the Surf & Turf prix fixe.
2864,3795,5,32,130,167,1.251497005988024,0.0386618411456482,654,"I asked for the EF4 chili, and this is a 2 at best."
4590,3796,10,23,138,171,1.2514619883040936,0.04237007275325432,654,I didn't order from the fusion menu.
5374,3797,7,30,138,175,1.2514285714285713,0.039261300071719546,654,"Pardon me, but there's a tempest in my tomato bisque."
4942,3798,8,29,142,179,1.2513966480446927,0.03948985421235483,654,"Yes, perhaps the Chef's ""deconstructed surprise"" should have been better explained!"
2726,3798,7,31,141,179,1.2513966480446927,0.038686921395675346,654,"When even the Weather Channel recommends the spicy gazpacho, well, I had to see for myself."
4453,3798,4,37,138,179,1.2513966480446927,0.03617133936090196,654,Don't worry. The weather service says it's only an F-1.
326,3798,8,29,142,179,1.2513966480446927,0.03948985421235483,654,I prefer to cool it off myself
1110,3798,8,29,142,179,1.2513966480446927,0.03948985421235483,654,The menu clearly said Tempest in a Teapot.
1143,3803,8,30,145,183,1.2513661202185793,0.03891473405344112,654,"Excuse me waiter, I ordered TOMATO soup!"
1253,3803,7,32,144,183,1.2513661202185793,0.03813538102697993,654,"Another spoon, please."
1397,3803,9,28,146,183,1.2513661202185793,0.03967878232540861,654,My compliments to the chef.
1500,3803,3,40,140,183,1.2513661202185793,0.03484408593383537,654,"Now, let’s not get carried away with it."
2036,3803,7,32,144,183,1.2513661202185793,0.03813538102697993,654,I think the chef got a little carried away with this one.
2456,3803,10,26,147,183,1.2513661202185793,0.04042839357684483,654,"Waiter, I distinctly said the ""Tournedos"" of beef."
5289,3803,7,32,144,183,1.2513661202185793,0.03813538102697993,654,So now chef's gone beyond molecular gastronomy to meteorological gastronomy?
6168,3803,6,34,143,183,1.2513661202185793,0.03733976493894721,654,Our reputation for this soup is circulating.
5822,3811,10,27,150,187,1.2513368983957218,0.039832885692245246,654,"But I ordered AUSTRALIAN tournedos soup!  This is spinning counterclockwise!""

Bob Dalton, Fredericksburg, VA"
5591,3811,8,31,148,187,1.2513368983957218,0.03836217890105118,654,My regards to the chef.
5086,3811,8,31,148,187,1.2513368983957218,0.03836217890105118,654,"I don't think I'll need the hot sauce, thank you."
3700,3811,11,25,151,187,1.2513368983957218,0.04054824026809407,654,I asked for tournedos of beef not a tornado!
519,3811,10,27,150,187,1.2513368983957218,0.039832885692245246,654,"I’m sorry sir but I am quite sure that you ordered the beef “tornadoes”, not tournedos."
2227,3811,7,33,147,187,1.2513368983957218,0.037605262447809706,654,"Oh, you said tomato?"
2689,3811,6,35,146,187,1.2513368983957218,0.036832794592605064,654,"I'm not so sure about this Kansas Cleanse Diet, but I'll give it a go!"
2383,3818,8,32,151,191,1.2513089005235603,0.03783081245903668,654,I said a LITTLE spicy.
4592,3818,5,38,148,191,1.2513089005235603,0.035578583000658956,654,More like Soup Du Journado!
5899,3818,8,32,151,191,1.2513089005235603,0.03783081245903668,654,I specifically asked for no higher than F3...
6326,3818,8,32,151,191,1.2513089005235603,0.03783081245903668,654,I said hold the flying debris.
3876,3822,7,35,153,195,1.2512820512820513,0.036604197676330434,654,Will this give me indigestion?
6380,3822,9,31,155,195,1.2512820512820513,0.038021092511108745,654,Vortex of flavour” is a great culinary concept but you have to figure out how to keep it in the bowl
3401,3822,11,27,157,195,1.2512820512820513,0.039387049444566224,654,"Unfortunately, the manna from heaven soup doesn't come with bread."
3772,3822,9,31,155,195,1.2512820512820513,0.038021092511108745,654,I think there's been some confusion. I ordered TO-MA-TO soup.
1884,3822,13,23,159,195,1.2512820512820513,0.04070719656472452,654,"Given the 'Steam Devil' soup, would you ask the chef not to 'Butterfly' my shrimp?"
226,3822,5,39,151,195,1.2512820512820513,0.03513020209616591,654,HOW AM I SUPPOSED TO EAT SOUP WITH A FORK!?
3022,3822,9,31,155,195,1.2512820512820513,0.038021092511108745,654,"Sorry, sir. Just let it drink."
1653,3829,9,32,158,199,1.2512562814070352,0.03750951554471714,654,"I asked for the tomato soup, not the tornado soup."
1843,3830,9,34,164,207,1.251207729468599,0.03654090193054718,654,"I didn't want the hot, hot sauce. I wanted the mild, hot sauce."
2097,3830,5,42,160,207,1.251207729468599,0.03387667416905427,654,Do you have anything made at a lower setting on the blender?
4983,3830,8,36,163,207,1.251207729468599,0.03589338934417405,654,NOW do you believe man made the soup warmer?
239,3833,7,39,165,211,1.2511848341232228,0.03480843658889019,654,"Waiter, there's a water spout in my soup."
2588,3833,10,33,168,211,1.2511848341232228,0.03670200092427372,654,Pardon me.  I ordered the funnel cake not the table side twister.
5628,3835,13,28,174,215,1.2511627906976743,0.03799964804465454,654,Looks to me like a tempest in a soup bowl.
5204,3836,5,45,169,219,1.2511415525114156,0.032743902967035624,654,HOW much hot sauce was added?
5376,3837,10,30,160,200,1.25,0.038009520098134,654,"Our chef likes to be creative.
There is no spoon. You inhale."
5271,3837,8,28,140,176,1.25,0.039886201760873284,654,"The chef calls it ""Climate Change Bisque"""
5197,3837,7,35,154,196,1.25,0.03643952288160244,654,"Although this is extremely 'presentation forward', I'm afraid I ordered the 'tournedos'."
5173,3837,7,32,145,184,1.25,0.037952152542806504,654,But I ordered the _beef_ tornadoes.
5171,3837,5,35,140,180,1.25,0.03684904701174095,654,It reflects the Chef's temper.
4326,3837,9,25,138,172,1.25,0.04133384003585129,654,Cream of tornado.
4936,3837,6,34,144,184,1.25,0.037161395982792125,654,The * on the menu clearly said to order the soupnado at your own risk.
4660,3837,9,25,138,172,1.25,0.04133384003585129,654,TOMATO vegetable!
4445,3837,8,29,143,180,1.25,0.03929468163716128,654,"Apologies from the Chef, Monsieur,
he did his best to substitute for the Tournedos Rossini."
5477,3837,8,23,125,156,1.25,0.04325946493965428,654,"I'm sorry, I ordered the 'storm in a tea-cup'..."
5022,3837,9,26,141,176,1.25,0.04069206502309947,654,"Yes, we're having a problem . . .it won't stay in the teapot . . ."
5544,3837,7,29,136,172,1.25,0.03965460149970794,654,Well done.
4321,3837,9,33,162,204,1.25,0.03685514809990921,654,But monsieur requested ze Prairie State Soup.
5735,3837,9,29,150,188,1.25,0.03891885709660837,654,It's our seasonal puree soup.
5748,3837,8,30,146,184,1.25,0.03872676611692525,654,"I'm sorry, sir. We ran out of teapots."
5903,3837,9,26,141,176,1.25,0.04069206502309947,654,"On second thought, I think I'll take a straw after all."
5978,3837,10,23,139,172,1.25,0.04214837823823943,654,"Yes, you did ask for tornado soup."
5980,3837,8,32,152,192,1.25,0.037656016347859034,654,Too much pepper
6012,3837,12,28,168,208,1.25,0.038251937236447736,654,"I asked for a “twist of pepper,” not for a “twister,” Pepper!"
6203,3837,7,34,151,192,1.25,0.036924761954211946,654,The soup of the day is tournedos of beef.
6325,3837,4,40,148,192,1.25,0.03463849707955286,654,Should I be expecting a genie to come out and grant me three wishes?
6467,3837,9,29,150,188,1.25,0.03891885709660837,654,Tell the chef I can't believe it's that easy to confuse a pinch of salt with a pillar of salt.
6641,3837,12,24,156,192,1.25,0.04044905010566085,654,"Excuse me, I ordered the F-5 chili."
6656,3837,10,26,148,184,1.25,0.040231274853777386,654,I wanted the tempest in a teapot!
6715,3837,8,34,158,200,1.25,0.03666362100949166,654,Funnel cake C A K E.. not funnel cloud.
5704,3837,10,26,148,184,1.25,0.040231274853777386,654,I'd duck and cover ...but I thought that was the second course!
4061,3837,14,21,161,196,1.25,0.041159922183347165,654,"Bit fucked up, eh?"
4079,3837,6,33,141,180,1.25,0.03768189899811689,654,There's a cow in my soup !
3687,3837,8,25,131,164,1.25,0.04181913845554626,654,You say tornado but I said tournedos.
945,3837,3,40,141,184,1.25,0.03468111528861424,654,This one is always brought back into the rotation come springtime.
979,3837,5,34,137,176,1.25,0.03736447371640468,654,I ordered the cloudburst.
998,3837,9,24,135,168,1.25,0.042003910364219334,654,I ordered the Tempest in a Teacup. What do you call this?
1281,3837,7,27,130,164,1.25,0.04091483401013515,654,I thought the tournedo special was made with beef...
1317,3837,8,28,140,176,1.25,0.039886201760873284,654,"When I ordered carrot soup, I assumed it would be grated"
1378,3837,6,34,144,184,1.25,0.037161395982792125,654,"You fool. I ordered the number five, not an F5!"
1452,3837,6,41,165,212,1.25,0.03401308457348943,654,I distinctly remember ordering TOMATO  bisque.
1713,3837,8,29,143,180,1.25,0.03929468163716128,654,I'd like to change my Fires of Hell chili and Whiteout Blizzard dessert orders.
1795,3837,4,38,142,184,1.25,0.035527120470208784,654,We were out of funnel cake so.............
1943,3837,8,28,140,176,1.25,0.039886201760873284,654,I asked for the house soup without the global warming!
1959,3837,9,22,129,160,1.25,0.04343722427630694,654,This IS a new twist on extra spicy!
782,3837,5,35,140,180,1.25,0.03684904701174095,654,I'd hate to see what's on the BLT!
1968,3837,9,31,156,196,1.25,0.03784832988855939,654,We call it Climate Change Soup
2528,3837,8,34,158,200,1.25,0.03666362100949166,654,I distinctly asked for to-ma-to soup.
2561,3837,7,27,130,164,1.25,0.04091483401013515,654,tell the chef they added too much vinegar to the baking soda
2697,3837,8,35,161,204,1.25,0.036194015545739325,654,"My apologies sir, We're presently out of tea pots."
2878,3837,7,38,163,208,1.25,0.03508496879438346,654,"I’ve heard of a tempest in a teapot, but a cyclone in your soup?  Ridiculous!"
2883,3837,11,21,140,172,1.25,0.04294747075344539,654,"Waiter, it seems my silverware has been arranged incorrectly."
3134,3837,11,30,167,208,1.25,0.03763986674967756,654,"""Well, I thought I ordered the 'tournedos,' and... look, I'll just have the T-bone."
3230,3837,8,30,146,184,1.25,0.03872676611692525,654,"I asked for coriander, not coriolis"
3315,3837,10,32,166,208,1.25,0.03701767733834508,654,"I guess that took care of the fly, sir."
3342,3837,6,35,147,188,1.25,0.03666073590916169,654,"May I have the regular French onion, please."
3394,3837,7,35,154,196,1.25,0.03643952288160244,654,Sir? I’d like to order a national emergency.
3445,3837,10,25,145,180,1.25,0.04084383059688986,654,"No, Fulton, er, Felton,  I ordered cream of fennel."
2359,3837,6,35,147,188,1.25,0.03666073590916169,654,And you think calling it an Alabama winter with a twist is a good idea?
732,3837,9,28,147,184,1.25,0.039486186763444314,654,"I asked for the “We are no longer in New York” soup, not the “We are no longer in Kansas” soup"
6014,3892,5,43,165,213,1.2488262910798122,0.03321315697149481,654,"I'm sorry, but I ordered tournedos of beef soup."
5034,3893,10,32,167,209,1.2488038277511961,0.03685954780232135,654,"You did order the swirl of sour cream, sir?"
3148,3894,10,31,164,205,1.248780487804878,0.03734114932422309,654,Is it hot?
6212,3894,9,33,163,205,1.248780487804878,0.036695196214246974,654,"Actually Sir, it was a recipe sent by Kim Jong-Un."
6709,3894,5,41,159,205,1.248780487804878,0.033988842207329166,654,"Ah, you get three free dishes, sir."
1033,3897,9,32,160,201,1.2487562189054726,0.037177197397551064,654,"I don't care if his specialty is tornado soup, I ordered tournedos beef."
2252,3898,9,31,157,197,1.248730964467005,0.03767709409141356,654,But this is a soup bowl not a teapot.
3743,3898,8,33,156,197,1.248730964467005,0.03698332124728065,654,Chef says it's not available in trailerparks!
4874,3898,7,35,155,197,1.248730964467005,0.036276282634607006,654,"I love the beef tournedos Rossini, but the Madeira sauce won't stay on the plate."
5465,3898,9,31,157,197,1.248730964467005,0.03767709409141356,654,"I said, ""with scattered showers""."
4761,3902,11,26,156,193,1.2487046632124352,0.039583791072870286,654,I was willing to over look the storm in the teacup but this is getting ridiculous!
4705,3902,9,30,154,193,1.2487046632124352,0.0381959655383076,654,Too much Tabasco creates its own weather sometimes.
5813,3902,12,24,157,193,1.2487046632124352,0.040259767533471644,654,"Waiter, what's that tornado doing in my soup?  I believe, sir, it is rotating upward at about 175 miles per hour."
952,3902,6,36,151,193,1.2487046632124352,0.036014090089269035,654,"I ordered  Tournedos Rossini, not Tornado soup!"
4295,3902,9,30,154,193,1.2487046632124352,0.0381959655383076,654,"I can perfectly understand your mistake, George, but I am certain I ordered tournedos. No need to take it back, though, I am positively starving."
83,3907,2,43,144,189,1.2486772486772486,0.033262407366049435,654,So fresh and seasonal.
132,3907,9,29,151,189,1.2486772486772486,0.038734981297193424,654,I should have given your soup of the day a whorl.
1965,3907,6,35,148,189,1.2486772486772486,0.03649023026927062,654,"I ordered minestrone,not mini-cyclone."
2329,3907,11,25,153,189,1.2486772486772486,0.04016183955888489,654,Your Kansas Chili just sent my iPhone to Oz.
3509,3907,7,33,149,189,1.2486772486772486,0.03725351252478399,654,"You did order our plat du jour, soup with tournedos."
4213,3907,8,31,150,189,1.2486772486772486,0.03800146688963573,654,The chef refuses to believe it´s underseasoned.
5624,3907,4,39,146,189,1.2486772486772486,0.03491364095084766,654,Will I be getting free refills?
5994,3907,6,35,148,189,1.2486772486772486,0.03649023026927062,654,"The soup is fine, but I ordered the bread bowl."
3135,3915,11,24,150,185,1.2486486486486486,0.040763195855743964,654,this is an E5 soup when i ordered the E2
4512,3915,10,26,149,185,1.2486486486486486,0.04003603039504851,654,I asked for this to be served in a teacup
4390,3915,5,36,144,185,1.2486486486486486,0.0361816486204095,654,Is it too salty sir?
5306,3918,7,31,143,181,1.2486187845303867,0.0383083651154507,654,All I asked for was a spoon to stir the soup.
5692,3918,5,35,141,181,1.2486187845303867,0.036670916669870865,654,"We call it our ""we're not in Kansas anymore"" soup."
2687,3918,9,27,145,181,1.2486187845303867,0.039878635210206834,654,"I said I wanted soup because I was under the weather; not that I wanted my soup under the weather!     Peter Giessner, Peapack NJ"
1956,3918,7,31,143,181,1.2486187845303867,0.0383083651154507,654,"Waiter, there's a soup in my tornado."
4536,3918,11,23,147,181,1.2486187845303867,0.041389373692275355,654,The bouillabaisse and vichyssoise mélange seems to have spawned a meteorological phenomenon.
2986,3923,9,26,142,177,1.2485875706214689,0.04048615824127585,654,I think you misheard me... I ordered the tomato soup not the tornato soup.
3364,3923,5,34,138,177,1.2485875706214689,0.03717961360189914,654,Are you quite sure the soup is vegan?
6372,3923,9,26,142,177,1.2485875706214689,0.04048615824127585,654,"Waiter, there seems to be a mistake here. I ordered the tournedos!"
481,3926,5,33,135,173,1.2485549132947977,0.03770901722553548,654,I thought you said it was tomato soup.
3962,3926,7,29,137,173,1.2485549132947977,0.039451193269242305,654,Clark Kent blows on his soup.
3247,3928,5,32,132,169,1.2485207100591715,0.038260523323966275,654,You expect me to eat this with a fork?!?
3800,3928,5,32,132,169,1.2485207100591715,0.038260523323966275,654,And how does one customarily eat Touchdown Soup?
6205,3928,7,28,134,169,1.2485207100591715,0.04005936096960533,654,"I'm sorry, I just didn't really get it when you specified Midwest Minestrone."
5739,3931,5,31,129,165,1.2484848484848485,0.038835659779569306,654,"Excuse me, could you turn down the air conditioning a bit?"
512,3931,7,27,131,165,1.2484848484848485,0.04069432553230535,654,I’m certain that I asked for tomato soup.
4578,3931,5,31,129,165,1.2484848484848485,0.038835659779569306,654,I'll skip dessert.
2642,3934,5,30,126,161,1.2484472049689441,0.039436102792547494,654,Might we also interest you in our Tempest in a Teapot?
5405,3934,8,24,129,161,1.2484472049689441,0.042286232489106394,654,I'd like to know how I'm to eat this without a spoon
3336,3936,4,31,122,157,1.2484076433121019,0.03903127444828684,654,"At least it's not a fly, right?"
5157,3937,10,32,168,210,1.2476190476190476,0.03670273382731784,654,I asked for steak tournedos.
4893,3938,4,43,159,206,1.2475728155339805,0.03313795760364275,654,What if I liked the old pepper mill?
6405,3938,7,37,162,206,1.2475728155339805,0.03521652062363123,654,"On second thought, I’m going to have to pass on today’s special."
3599,3940,9,32,161,202,1.2475247524752475,0.03701318578267891,654,I'm certain I ordered the tournedos of beef.
2709,3940,6,38,158,202,1.2475247524752475,0.03495997640382629,654,Can I get some ketchup?
6398,3940,6,38,158,202,1.2475247524752475,0.03495997640382629,654,I like this new Marvel cuisine but the special effects are a bit much.
2423,3940,8,34,160,202,1.2475247524752475,0.03634167393742479,654,"Can you speak to the chef, this meal is all over the place."
2613,3940,6,38,158,202,1.2475247524752475,0.03495997640382629,654,Does all the corn for your chowder come from Kansas?
2505,3945,10,29,159,198,1.2474747474747474,0.038184769723255664,654,I said I wanted 'spicy'...but this is only an F1!
3853,3945,6,37,155,198,1.2474747474747474,0.035397457352483716,654,I thought you said the soup was made with tournedos.
4850,3945,5,39,154,198,1.2474747474747474,0.03466562885729341,654,I ordered gazpacho without the climate change.
5075,3945,11,27,160,198,1.2474747474747474,0.038850364242402576,654,"Oh, I thought you said the special was TOMATO bisque"
6115,3945,10,29,159,198,1.2474747474747474,0.038184769723255664,654,"Oh, I thought the beef stew had tournedos."
525,3950,9,30,155,194,1.2474226804123711,0.038020188445794426,654,"Waiter, there's a dizzy fly in my soup!"
1230,3950,8,32,154,194,1.2474226804123711,0.03731110799012874,654,Tell the chef there's something wrong here - his cyclone is whirling counterclockwise when it's meant to whirl clockwise.
5900,3950,5,38,151,194,1.2474226804123711,0.03509801888202575,654,"""Tempest in a Tureen,"" you say?"
5955,3950,6,36,152,194,1.2474226804123711,0.035850897888974935,654,"Pardon me, but I ordered the *tomato* soup."
6445,3954,7,33,150,190,1.2473684210526317,0.03708002898385849,654,the chef 's trying to land his own cooking show
6298,3954,5,37,148,190,1.2473684210526317,0.035546293257806644,654,Before global warming it was Just a Little Downpour soup.
3733,3954,10,27,153,190,1.2473684210526317,0.03926847243087613,654,This is not the classic presentation of beef tournedos.
681,3954,8,31,151,190,1.2473684210526317,0.03782358182378664,654,I think I stirred it too hard.
5189,3954,11,25,154,190,1.2473684210526317,0.039971336224742054,654,"I ordered the TOMATO, not the tornado soup. Kindly tell the chef that global warming is not an excuse."
550,3959,5,36,145,186,1.2473118279569892,0.03601141925269523,654,Are you having climate change in the kitchen?
1535,3959,8,30,148,186,1.2473118279569892,0.0383560977276989,654,I thought you were kidding when you said this is soup for the gods.
2641,3959,8,30,148,186,1.2473118279569892,0.0383560977276989,654,"Tournedos? There was no spelling error, Sir. You ordered the Tornadoes of Beef."
5269,3959,7,32,147,186,1.2473118279569892,0.03759079134746951,654,"On second thought, let's just stick with the standard version."
5769,3959,6,34,146,186,1.2473118279569892,0.03680957695167371,654,Your pepper mill drone really sucks!
5972,3959,6,34,146,186,1.2473118279569892,0.03680957695167371,654,Can I get some salt?
6719,3959,7,32,147,186,1.2473118279569892,0.03759079134746951,654,"More pepper, sir?"
6007,3966,5,35,142,182,1.2472527472527473,0.03649444680179305,654,"Sir, how is your cyclone soup?"
6708,3966,10,25,147,182,1.2472527472527473,0.040440184060465706,654,"I  ordered a ‘Dark and Stormy”  with  my soup,,  Not In it!"
4945,3966,6,33,143,182,1.2472527472527473,0.03731698561331007,654,I said “ a light twist of pepper” waiter!
3150,3966,9,27,146,182,1.2472527472527473,0.03968243589989476,654,Tornado Surprise? I ordered the Tomato Surprise.
2601,3966,6,33,143,182,1.2472527472527473,0.03731698561331007,654,"You must have misheard me, I ordered Cream of POTATO!"
2523,3966,6,33,143,182,1.2472527472527473,0.03731698561331007,654,Not the tornado of beef I was anticipating.
100,3966,10,25,147,182,1.2472527472527473,0.040440184060465706,654,I ordered it mid rare not midwest!
6303,3973,7,30,141,178,1.247191011235955,0.038674310119759324,654,You will find the blend of spices to be uplifting.
5515,3973,9,26,143,178,1.247191011235955,0.04028228155624931,654,"This isn't a tempest in a teacup, it's a tornado in a tomato bisque."
2139,3973,4,36,138,178,1.247191011235955,0.03612841467644106,654,Did you say that your food was locally sourced?
3132,3973,6,32,140,178,1.247191011235955,0.03784471285623008,654,What happens at the soup/stomach interface if I might ask?​
4443,3973,6,32,140,178,1.247191011235955,0.03784471285623008,654,Extra *fennel*.
1231,3978,7,29,138,174,1.2471264367816093,0.03924980992113152,654,I ordered this soup to go.
2935,3978,8,27,139,174,1.2471264367816093,0.040087259159242015,654,"I'm pretty sure i said ""tournedos""... not tornado !"
854,3980,5,32,133,170,1.2470588235294118,0.038062879357127766,654,I don't remember ordering the Global Warming special.
5602,3980,7,28,135,170,1.2470588235294118,0.03984984408380814,654,"I'm sure Zagat did rave about the chef's soup-bowl cyclone. However, the fact remains, I ordered the tempest in a teapot."
3178,3982,9,23,134,166,1.2469879518072289,0.04224163093794226,654,I asked for water sprout soup—not waterspout.
4675,3983,5,30,127,162,1.2469135802469136,0.03922190882232042,654,I believe I ordered my tempest in a tea pot.
5155,3983,5,30,127,162,1.2469135802469136,0.03922190882232042,654,"A little less spicy, please."
4965,3985,8,43,188,239,1.2468619246861925,0.0325954784667247,654,"Oh! Tomato soup; I’m terribly sorry, I thought you ordered our house specialty Tornado soup."
2342,3986,9,20,125,154,1.2467532467532467,0.044483175849756494,654,I want my money back. There was no tornado warning on the menu.
2759,3987,13,27,175,215,1.2465116279069768,0.037855719562655196,654,"\Waiter, I said TOMATO soup."
6067,3988,8,35,164,207,1.2463768115942029,0.03572888501932781,654,Climate change soup?
5571,3988,7,37,163,207,1.2463768115942029,0.03506638147056163,654,"Sorry, sir, but we’ve run out of tea pots."
4210,3988,9,33,165,207,1.2463768115942029,0.03637932572230754,654,"Fresh Tornado Soup, sir. Enjoy."
3935,3988,9,33,165,207,1.2463768115942029,0.03637932572230754,654,"I didn't know that this is what ""zesty twist"" meant on the menu."
5148,3988,7,37,163,207,1.2463768115942029,0.03506638147056163,654,It is considered to be the chef’s pièce de air résistance.
1410,3993,10,30,163,203,1.2463054187192117,0.03750651606202767,654,This is clearly not the TOMATO soup I ordered.
4477,3993,6,38,159,203,1.2463054187192117,0.03480869641548542,654,What's the second course?
4764,3993,9,32,162,203,1.2463054187192117,0.036850582042482205,654,You sure this is french?
685,3996,10,29,160,199,1.2462311557788945,0.03801274947373606,654,More beef less tornado please.
3496,3996,4,41,154,199,1.2462311557788945,0.03377004670089838,654,I'm feeling a little under-the-weather.
4603,3996,10,29,160,199,1.2462311557788945,0.03801274947373606,654,"I’m sorry, sir, I’m a bit hard of hearing. I thought you ordered TORNADO  soup. I’ll  be back with your TOMATO soup right away."
4413,3999,7,34,154,195,1.2461538461538462,0.03642228005484754,654,"Waiter! What's this twister doing in my soup? And don't tell me it's doing the backstroke, it's going  counter-clockwise, I'm up on all your Groucho Marx smart-alecky repartee."
4330,3999,8,32,155,195,1.2461538461538462,0.03714095554100557,654,"On second thought, I'll skip the hurricane pie."
1717,3999,8,32,155,195,1.2461538461538462,0.03714095554100557,654,"No extra charge, sir"
951,3999,9,30,156,195,1.2461538461538462,0.03784598621524032,654,Pepper? No thanks.
1826,3999,8,32,155,195,1.2461538461538462,0.03714095554100557,654,"Oh, and I'll also have Tempest in a teapot."
116,4004,5,37,149,191,1.2460732984293195,0.03538340758722065,654,This will probably take a long time to cool.
2321,4004,4,39,148,191,1.2460732984293195,0.034595865815027306,654,Where is the new chef from?
4673,4004,5,37,149,191,1.2460732984293195,0.03538340758722065,654,"Tomato, Tomoto, Tornado, let's call the whole thing off!"
1028,4007,7,32,148,187,1.2459893048128343,0.03741261337034227,654,"You should have ordered it shaken, not stirred."
1070,4007,6,34,147,187,1.2459893048128343,0.036636083755378426,654,"Excuse me, but I orders the Tournedos Of Beef"
1124,4007,5,36,146,187,1.2459893048128343,0.03584273464265099,654,It has that Je Ne Sais Quoi.
2702,4007,12,22,153,187,1.2459893048128343,0.04107564571052732,654,But I ordered a storm in a tea cup.
3887,4007,8,30,149,187,1.2459893048128343,0.038173349937702904,654,How was I supposed to know twister soup wasn’t a metaphor?
6615,4012,7,31,145,183,1.2459016393442623,0.03793696009826397,654,But I ordered a Storm in a Tea-cup not Tornado in a Soup-bowl
6357,4012,6,33,144,183,1.2459016393442623,0.037137093331602616,654,I thought you said this Merlot paired nicely with the climate change?
4806,4012,9,27,147,183,1.2459016393442623,0.039488117481737355,654,"Well, that certainly doesn’t look like the backstroke."
6077,4012,6,33,144,183,1.2459016393442623,0.037137093331602616,654,"Yes, this is the 'Auntie Em'  soup you ordered"""
5223,4016,10,24,145,179,1.2458100558659218,0.04085596210782221,654,"Excuse me, I believe I ordered the TOMATO soup."
251,4016,9,26,144,179,1.2458100558659218,0.040080405950014136,654,10% off? In about 2 seconds this should be free.
1461,4016,10,24,145,179,1.2458100558659218,0.04085596210782221,654,"For your second course Sir, may I recommend the Tempest in a Teapot?"
1611,4016,10,24,145,179,1.2458100558659218,0.04085596210782221,654,"No, I'm sure I said 'creme of tomato'."
3570,4016,12,20,147,179,1.2458100558659218,0.042364502086435,654,"Waiter, I ordered the tornado on the side!"
4474,4016,6,32,141,179,1.2458100558659218,0.03765802497747725,654,"You said Tomato Bisque, not Tornado Bisque"
5632,4022,3,37,135,175,1.2457142857142858,0.0355275908481112,654,I'm  sorry...I ordered the Tournedo special!
2424,4022,11,21,143,175,1.2457142857142858,0.04228074350582205,654,If I only had a spoon
2101,4022,8,27,140,175,1.2457142857142858,0.039882539242502395,654,How we doin’ on breadsticks over here?
2312,4022,9,25,141,175,1.2457142857142858,0.040697645895328316,654,"Waiter, there's a climate-denying fly in my soup!"
545,4026,9,24,138,171,1.2456140350877194,0.04134154289718648,654,Will my entree follow the Yellow Brick Road?
1409,4026,10,22,139,171,1.2456140350877194,0.0421654197029309,654,It's eating my soup.
3625,4026,7,28,136,171,1.2456140350877194,0.03964245539710051,654,"I asked for no tornado in my soup, Ralph!"
2915,4029,6,29,132,167,1.2455089820359282,0.03935401643597681,654,"I ordered the category 5 soup, this is only a 3."
157,4030,10,32,170,212,1.2452830188679245,0.03639298941423477,654,"""I ordered beef tournedos."
6805,4031,8,22,125,155,1.2451612903225806,0.043266242990091804,654,This is definitely not what we eat in Kansas.
472,4032,5,40,159,204,1.2450980392156863,0.03395480901621061,654,"And one Hurricane, please."
898,4032,6,38,160,204,1.2450980392156863,0.03465868196380755,654,"I ordered the tournedos of beef, not the tornado soup."
4176,4034,6,37,157,200,1.245,0.03508603925714285,654,Please explain to me how to eat the soup de jour.
1307,4034,4,41,155,200,1.245,0.03362331985677433,654,"3 on Zagat's scale.
1 on Fujita."
698,4034,6,37,157,200,1.245,0.03508603925714285,654,It splits the peas much quicker.
426,4037,7,34,155,196,1.2448979591836735,0.036257732699555185,654,Tornado Alley has some of the best soups in the country.
886,4038,7,33,152,192,1.2447916666666667,0.03673774135851404,654,"It's our new probiotic soup, sir.  Very good for your bowels!"
2319,4038,10,27,155,192,1.2447916666666667,0.03890082525564335,654,"Trust me, our tomato soup will blow you away."
6861,4038,4,39,149,192,1.2447916666666667,0.03443906320851436,654,So this is how they add spice in Kansas?
1370,4041,7,32,149,188,1.2446808510638299,0.03723607425824051,654,A parsnip … really?
5897,4041,9,28,151,188,1.2446808510638299,0.03873375547290958,654,The soup comes with a side of trailer park - you just can't see it anymore.
6259,4041,6,34,148,188,1.2446808510638299,0.036464173276384945,654,"Of course I've heard of a tempest in a teapot but, a bluster in a bowl?"
5373,4044,8,29,147,184,1.2445652173913044,0.03853247821574521,654,I though I was ordering the Beef Tournedos?!?!?
3222,4044,9,27,148,184,1.2445652173913044,0.03929565381425094,654,"No, I actually ordered the ""Tournedos Rossini""."
2728,4044,6,33,145,184,1.2445652173913044,0.03695888005556619,654,"Excuse me, but when do we get to the yellow brick road?"
3086,4044,7,31,146,184,1.2445652173913044,0.03775387855842501,654,"Sorry, but I'm a climate change denier."
791,4044,8,29,147,184,1.2445652173913044,0.03853247821574521,654,How is everything?
151,4044,6,33,145,184,1.2445652173913044,0.03695888005556619,654,Global warming is ruining everything.
1216,4044,6,33,145,184,1.2445652173913044,0.03695888005556619,654,You can skip the tempest in a teapot then.
126,4051,7,30,143,180,1.2444444444444445,0.0382924016123675,654,It's our climate change clam chowder.
173,4051,7,30,143,180,1.2444444444444445,0.0382924016123675,654,"...Thank you,  and just one more thing, I would suggest that Chef  throttle back the Vitamix..."
2409,4051,8,28,144,180,1.2444444444444445,0.03909451710500634,654,"But I ordered tournedos of beef, not soup"
4491,4051,5,34,141,180,1.2444444444444445,0.0366355227665891,654,I ordered the landspout.
5042,4051,4,36,140,180,1.2444444444444445,0.035778321396489246,654,The special today is a soup that will transport you out of Kansas.
1347,4056,7,29,140,176,1.2443181818181819,0.03885300226654263,654,Have you run out of flies?
2155,4056,8,27,141,176,1.2443181818181819,0.03967985446116243,654,The chef suggests a nice white tourbillon
3168,4056,9,25,142,176,1.2443181818181819,0.040489824832840374,654,I don't think this soup is getting cold evenly.
5367,4056,5,33,138,176,1.2443181818181819,0.03714412006299028,654,I distinctly ordered tournedos of beef!
4123,4060,6,30,136,172,1.244186046511628,0.03856540453901628,654,"We used to serve it in a teapot, but it was no big deal."
41,4060,9,24,139,172,1.244186046511628,0.04112528170445807,654,Welcome to Kansas
2584,4060,8,26,138,172,1.244186046511628,0.040290065019390094,654,Too much carrot
5731,4063,12,28,173,213,1.244131455399061,0.037442241319245444,654,Global Warming soup is difficult to swallow.
4102,4064,7,27,134,168,1.244047619047619,0.04004650829293274,654,"No, I asked for the mild salsa."
1446,4065,12,27,170,209,1.244019138755981,0.03793379446241845,654,"I’m afraid you have reached your spoon allotment, sirI"
4704,4065,7,37,165,209,1.244019138755981,0.0347698092825808,654,"Based on your Yelp reviews, I was expecting at least an EF 3."
5207,4065,9,33,167,209,1.244019138755981,0.03606872450551902,654,"Waiter, what's this hurricane doing in my soup?"
2167,4068,5,30,129,164,1.2439024390243902,0.03880023156423543,654,"Excuse me Waiter, I think there's a twister in my soup."
3940,4068,10,30,165,205,1.2439024390243902,0.03717836017173584,654,It's too spicy.
5917,4068,7,36,162,205,1.2439024390243902,0.03519600037083461,654,This is the last time I eat at Chez Dyson
6183,4068,9,22,133,164,1.2439024390243902,0.04248205227842972,654,Are you sure my micro-climate was locally sourced? It feels more like a typhoon than a hurricane.
5808,4072,8,32,157,197,1.2436548223350254,0.036805156027409774,654,It's self cooling!
3878,4072,8,32,157,197,1.2436548223350254,0.036805156027409774,654,I suppose climate change is real after all.
6126,4072,9,30,158,197,1.2436548223350254,0.03750222498593448,654,"I am afraid you didn't hear me. I asked for tomato soup, not tornado soup."
1106,4072,5,38,154,197,1.2436548223350254,0.03462986289492014,654,"The Gods are hungry, Sir."
990,4072,10,28,159,197,1.2436548223350254,0.03818657156107784,654,"No, I'm quite finished."
2992,4072,10,28,159,197,1.2436548223350254,0.03818657156107784,654,Oh! Fujita! I thought I ordered the Fajita soup!
6858,4078,7,33,153,193,1.2435233160621761,0.03656889692614795,654,Tornado..lini soup de jour sir... with a twist
6005,4078,7,33,153,193,1.2435233160621761,0.03656889692614795,654,I said TOMATO sauce.
4872,4078,10,27,156,193,1.2435233160621761,0.03871952118558323,654,Chef’s nod to Tornado Season Sir
6003,4078,9,29,155,193,1.2435233160621761,0.038016167017366397,654,But I ordered the tournedos starter.
4819,4078,7,33,153,193,1.2435233160621761,0.03656889692614795,654,Can they take the funnel out of it?
781,4078,8,31,154,193,1.2435233160621761,0.037299552122562606,654,"I clearly said, ""Soup and tournedos."""
3727,4078,7,33,153,193,1.2435233160621761,0.03656889692614795,654,"I asked for my order, not chaos."
333,4078,5,37,151,193,1.2435233160621761,0.035061937911332976,654,You should see the tempest going on in the teapot.
4669,4078,8,31,154,193,1.2435233160621761,0.037299552122562606,654,Is this a Nor'Easter or a Pineapple Express?
1145,4078,7,33,153,193,1.2435233160621761,0.03656889692614795,654,"Waiter, I believe I actually ordered the Beef Tournedos."
1705,4088,6,34,149,189,1.2433862433862435,0.03629382482267086,654,"Sir, you did order soup to go!"
3366,4088,5,36,148,189,1.2433862433862435,0.03550992016224305,654,Perhaps the chef should prepare the soup a bit farther away from the Beef Tournedos?
3436,4088,8,30,151,189,1.2433862433862435,0.037812911828083356,654,"You said the soup was divine, but I wasn’t expecting the finger of God!"
3729,4088,11,24,154,189,1.2433862433862435,0.039983473734881224,654,"I said I wanted ""Tomato"" soup...."
3854,4088,7,32,150,189,1.2433862433862435,0.037061152310587465,654,"Waiter, there is a flying witch in my tornado soup."
4973,4088,9,28,152,189,1.2433862433862435,0.0385500141536712,654,You may have stirred your soup a little too vigorously.
5987,4088,7,32,150,189,1.2433862433862435,0.037061152310587465,654,Interesting presentation but how do I eat it?
6470,4095,8,29,148,185,1.2432432432432432,0.038346422537792836,654,"I ordered the soup shaken, not stirred."
5294,4095,8,29,148,185,1.2432432432432432,0.038346422537792836,654,"What's this tornado doing in my soup ""?
"" The twist sir"""
4251,4095,8,29,148,185,1.2432432432432432,0.038346422537792836,654,"Yes, well, the potato is leaking."
3925,4095,6,33,146,185,1.2432432432432432,0.03678232331278109,654,Could I get some polar with this vortex?
3393,4095,7,31,147,185,1.2432432432432432,0.03757251275688722,654,"Oh, you really did mean storm-to-table dining! I thought it was a typo..."
2661,4095,5,35,145,185,1.2432432432432432,0.035974781468487975,654,'If you survive your meal it's free!
2226,4095,8,38,176,222,1.2432432432432432,0.034044689816018076,654,Free with the Polar Vortex Prix Fixe!
3591,4095,7,31,147,185,1.2432432432432432,0.03757251275688722,654,I specifically said “Dorothy-free”
5105,4103,5,34,142,181,1.2430939226519337,0.036457577036434485,654,"I love the metaphor, but how does it taste?"
5893,4103,8,28,145,181,1.2430939226519337,0.038901375116860024,654,Waiter there is too much turbinado in my butternut soup.
462,4105,6,40,168,214,1.2429906542056075,0.033568720246855345,654,I must have the recipe.
3172,4106,10,23,144,177,1.2429378531073447,0.04107320259149183,654,"Sir, I apologize. We are fresh out of Tempest in a Teapot!"
2307,4106,9,25,143,177,1.2429378531073447,0.04028407421964609,654,I was okay with the concept of molecular gastronomy. But atmospheric gastronomy is a bridge too far.
3478,4106,5,33,139,177,1.2429378531073447,0.036959454733299986,654,We call it Tomato Tornado. I recommend it over the sauerkraut tsunami.
1471,4106,6,31,140,177,1.2429378531073447,0.037818019905471345,654,Did I say tomato? I meant tornado soup.
800,4106,4,35,138,177,1.2429378531073447,0.03608046505791014,654,"On second thought, make it a straw."
1744,4106,5,33,139,177,1.2429378531073447,0.036959454733299986,654,Doesn't this come with a side salad?
3142,4112,5,32,136,173,1.2427745664739884,0.03748166563859326,654,You have an unusual way of mixing the greens.
4299,4112,6,30,137,173,1.2427745664739884,0.038367806741707186,654,Don't you have any less drastic way of cooling the soup?
5854,4112,5,32,136,173,1.2427745664739884,0.03748166563859326,654,"Sorry, but I ordered tournedos of BEEF"
1212,4115,6,38,162,206,1.2427184466019416,0.034362389356256455,654,The new spin on the minestrone is a bit much.
2262,4115,10,30,166,206,1.2427184466019416,0.037016382722555786,654,"Really, I specifically said, ""NO Twister"""
6648,4117,5,31,133,169,1.242603550295858,0.03802557608223639,654,"You ordered the twister, what did you expect?"
630,4118,6,37,159,202,1.2425742574257426,0.03477989981462256,654,This is Helen Hunt's favorite dish
2280,4118,8,33,161,202,1.2425742574257426,0.036168477235476636,654,Storm in a teacup was before climate change...
5335,4120,10,28,160,198,1.2424242424242424,0.03801314427486636,654,I ORDERED beef Tournados not whatever you call THIS disaster!
5894,4120,6,36,156,198,1.2424242424242424,0.035212249088415894,654,More evidence of global warming.
7,4120,12,24,162,198,1.2424242424242424,0.039338879795443905,654,The 'climate denier' soup seems to be forgetting it's place.
3032,4123,6,35,153,194,1.2422680412371134,0.03566030779447329,654,"I ordered it with a tomato,not a tornado."
5296,4123,8,31,155,194,1.2422680412371134,0.03712801438269913,654,Would you like to try our Tsunami Salad next?
1237,4125,7,32,151,190,1.2421052631578948,0.03688782618727382,654,"Will there be anything else, sir?"
4483,4125,7,32,151,190,1.2421052631578948,0.03688782618727382,654,"I distinctly asked for a tomato, not a tornado."
4659,4125,7,32,151,190,1.2421052631578948,0.03688782618727382,654,"Sir, the chef has prepared your order for ""tournedos."""
5833,4125,8,30,152,190,1.2421052631578948,0.0376351765421583,654,I’ve never had tournedos de boeuf served quite this way.
5913,4125,4,38,148,190,1.2421052631578948,0.03454891233037345,654,The restaurant's atmosphere seems a little unstable.
86,4130,8,29,149,186,1.2419354838709677,0.03816211584673517,654,I actually ordered a storm in a teacup
832,4130,6,33,147,186,1.2419354838709677,0.036607401005316335,654,I assumed that the tortilla soup was misspelled on your menu. It isn't.
2645,4130,9,27,150,186,1.2419354838709677,0.038916188465308824,654,I ordered the Yellow Brick Road Special!
4054,4130,7,31,148,186,1.2419354838709677,0.03739283951683578,654,"Now I understand why you call it ""Trailer Park "" Gazpacho"
6452,4130,11,23,152,186,1.2419354838709677,0.04038211240392255,654,"Waiter, I distinctly ordered the soup du jour and tournedos."
3384,4135,7,38,170,215,1.241860465116279,0.03407525067274199,654,"I liked your tempest in a teacup, but the crackers keep flying out of this soupnado"
5224,4136,8,28,146,182,1.2417582417582418,0.038710091351527566,654,We call it the Cyclone Special. One spoonful and you'll land in Oz.
4721,4136,8,28,146,182,1.2417582417582418,0.038710091351527566,654,It ‘s only a soup spout.
3379,4138,10,31,170,211,1.2417061611374407,0.036388840692839715,654,Looks like your chef stirred it a little too briskly.
6770,4139,5,26,118,149,1.2416107382550337,0.04112843129319842,654,There’s a flynado in my soup.
382,4140,4,35,139,178,1.2415730337078652,0.03590314366401795,654,"This looks good, but I asked for the tomato soup."
1610,4140,8,27,143,178,1.2415730337078652,0.03928047368902724,654,"Very hot sir, just as you ordered."
1872,4140,4,35,139,178,1.2415730337078652,0.03590314366401795,654,"You say, ""Torn-ado."" I say, ""Tornado."" But with what do I eat?"
4480,4140,5,33,140,178,1.2415730337078652,0.03677656450822894,654,"I know gazpacho is meant to be served cold, but not with a polar vortex!"
581,4144,8,34,165,207,1.2415458937198067,0.0355604340604716,654,"I must insist! I requested ""tomato"" soup!"
6587,4145,7,28,139,174,1.2413793103448276,0.0390327496256229,654,We attribute it to global warming
5921,4145,9,31,163,203,1.2413793103448276,0.03668067244200978,654,This must be a mistake. I ordered the BEOUF tournedos.
5645,4145,6,30,138,174,1.2413793103448276,0.0381721727870092,654,"I'm sorry sir that you find it disconcerting, the other guest viewed it as free entertainment."
6176,4145,10,22,142,174,1.2413793103448276,0.04150756373846098,654,Hail to the chef. Also lightning.
4060,4145,7,28,139,174,1.2413793103448276,0.0390327496256229,654,Could I also get a side order of  a tempist in a teapot?
1608,4145,8,33,162,203,1.2413793103448276,0.036009698423571775,654,It's a twist on the classic Minestrone soup.
590,4145,7,28,139,174,1.2413793103448276,0.0390327496256229,654,We need to alk about the elephant in the room.
4072,4145,7,28,139,174,1.2413793103448276,0.0390327496256229,654,"May I have some bread, please?"
2507,4153,5,38,156,199,1.2412060301507537,0.03432442790146693,654,Remember when we used to think having a fly in our soup was bad?
2216,4154,7,27,136,170,1.2411764705882353,0.039625713500328376,654,The tourist brochure said that this sort of thing almost never happens in Alabama.
2598,4154,8,25,137,170,1.2411764705882353,0.04049457759607309,654,Does this look like a teacup to you?
6276,4154,5,31,134,170,1.2411764705882353,0.037828162549369895,654,"You can look it up:  hurricane soup, cyclone bouillon, typhoon consommé  --  it's all the same."
6164,4157,9,29,157,195,1.241025641025641,0.03766646719615104,654,What do I use to eat this?
3036,4157,8,31,156,195,1.241025641025641,0.036958012080380014,654,"I ordered potato and leek, not tornado and leek."
6139,4157,10,27,158,195,1.241025641025641,0.03836184100305837,654,"I asked for tournedos Rossini, not tornado Risoni."
4216,4160,7,26,133,166,1.2409638554216869,0.04024452721683568,654,"I asked for kale in my soup not gale"""
6200,4160,4,32,130,166,1.2409638554216869,0.03742410881401554,654,Nice but I ordered the F4.
2994,4162,8,30,153,191,1.2408376963350785,0.037459067756611945,654,I ordered Turkey on a roll not a tornado in a bowl
5284,4162,11,24,156,191,1.2408376963350785,0.039604501766471845,654,This does feel like retaliation for sending back the tempest in a teacup.
4582,4162,7,32,152,191,1.2408376963350785,0.03671607490190688,654,"No, no....I asked for tomato soup."
2792,4162,7,32,152,191,1.2408376963350785,0.03671607490190688,654,I asked for a drink with a twist
295,4162,8,30,153,191,1.2408376963350785,0.037459067756611945,654,I believe I ordered the tournedos with my soup.
1332,4162,8,30,153,191,1.2408376963350785,0.037459067756611945,654,"Looks like a triple axel, sir."
725,4162,5,36,150,191,1.2408376963350785,0.03518304924560147,654,"So when you said the soup was French onion with a twist, this is what you meant?"
1715,4162,8,30,153,191,1.2408376963350785,0.037459067756611945,654,"Excuse me, waiter, but there seems to be a tiny tornado in my soup."
3301,4170,8,23,131,162,1.2407407407407407,0.04181815622408552,654,Are you sure a climate change theme restaurant is a good idea?
3981,4170,7,25,130,162,1.2407407407407407,0.04089103757402711,654,I bet you think The Weather Channel is going to name this after you.
6239,4170,8,23,131,162,1.2407407407407407,0.04181815622408552,654,It’s our Washington weight loss special; the spin carries away the soup before you can eat it.
6514,4173,4,37,146,187,1.2406417112299466,0.0348201235467915,654,"Weren't you listening?  I said  tournedos, not tornado!"
5944,4173,7,31,149,187,1.2406417112299466,0.037214836055216645,654,I said I wanted it on the side.
4869,4173,9,27,151,187,1.2406417112299466,0.03872913677261439,654,In honor of climate change the chef came up with Tornado Soup
3333,4173,7,31,149,187,1.2406417112299466,0.037214836055216645,654,We could strap you in if you would like.
2304,4173,7,31,149,187,1.2406417112299466,0.037214836055216645,654,"Yes, we used New Mexico chile."
4364,4173,9,27,151,187,1.2406417112299466,0.03872913677261439,654,"I specifically said ""No Tornado."""
6184,4179,8,22,128,158,1.240506329113924,0.042526039797506444,654,"Will anyone be joining you tonight, sir?"
491,4180,7,30,146,183,1.2404371584699454,0.037733148013332385,654,"I thought you said ""cream of POTATO."""
1404,4180,12,20,151,183,1.2404371584699454,0.04152152045483879,654,Waiter! There’s a flywheel in my soup!
2574,4180,10,24,149,183,1.2404371584699454,0.040049196997285444,654,"I believe I asked for ""tournedos"" of beef."
4768,4180,5,34,144,183,1.2404371584699454,0.03610667498180677,654,I said “gently whisked!”
5442,4180,6,32,145,183,1.2404371584699454,0.03692886700968418,654,Gets the fly everytime.
4034,4185,7,29,143,179,1.2402234636871508,0.03827226837169604,654,Please take this back -- I ordered it with the Tsunami topping.
6180,4185,11,21,147,179,1.2402234636871508,0.04142281160021164,654,Climate change is a hoax. The chef must be a Democrat.
1117,4185,5,33,141,179,1.2402234636871508,0.03659542497416,654,These funnel cakes are definitely undercooked.
201,4185,12,19,148,179,1.2402234636871508,0.042173688711144346,654,"I thought you said ""Tomato"" soup."
560,4189,6,37,161,204,1.2401960784313726,0.034478911363533794,654,I asked for the Tournedo...
2774,4189,5,39,160,204,1.2401960784313726,0.033771291782716845,654,Too much seasoning sir?
6602,4191,12,24,164,200,1.24,0.03898202136818651,654,But sir I ordered tomato not tornado soup.
4127,4191,7,34,159,200,1.24,0.03561378537227844,654,"I'm sure I said Tomato, NOT Tornado soup"
3159,4191,6,30,139,175,1.24,0.037978474587846534,654,I get this instead of a fly?
2088,4191,4,34,137,175,1.24,0.036207756655668756,654,"I promise, just one more packet of crackers”"
3801,4191,11,26,163,200,1.24,0.038332058823761894,654,"It’s awkward enough dining alone, but now I have to deal with the attention of having a soupnado?"
1709,4191,5,26,119,150,1.24,0.04088506288230924,654,I think you misunderstood. I ordered TOMATO soup.
1141,4191,7,28,140,175,1.24,0.03883356765752401,654,"No, sir, those are ashes.  It's called Pompeii Chowder."
1112,4191,5,38,157,200,1.24,0.034173662314418395,654,Do you think that there might be a little problem ?
996,4191,6,30,139,175,1.24,0.037978474587846534,654,"Will there be anything else, sir?  A tornado has been sighted in the area, and the kitchen is closing."
1738,4191,7,34,159,200,1.24,0.03561378537227844,654,"Yes, I did know mushroom soup is a Newtonian Fluid."
3658,4201,9,29,158,196,1.239795918367347,0.037493970154227174,654,Climate change?  You've got to be kidding me!
787,4202,4,33,134,171,1.239766081871345,0.036707262751988795,654,"Waiter, I'll take a fly in my soup instead!"
2714,4202,6,29,136,171,1.239766081871345,0.03853598367697846,654,"Your “Category One” soup looks excellent, but how will I know when it’s ready to eat?"
6496,4202,7,27,137,171,1.239766081871345,0.03941854243318433,654,"Well, the Times said to expect a hurricane of flavor."
5050,4205,10,32,175,217,1.23963133640553,0.035640570517757,654,I didn't realize the Soupnado was to be taken literally!
4638,4206,9,28,155,192,1.2395833333333333,0.03800889670737838,654,"Sorry, I’m sure I ordered the tomato."
5715,4206,7,32,153,192,1.2395833333333333,0.03654587781518103,654,Could I get a side of wild rice?
3074,4206,8,30,154,192,1.2395833333333333,0.037284563925264705,654,You have taken molecular gastronomy way too far this time.
6542,4206,6,34,152,192,1.2395833333333333,0.035791949701952985,654,Sorry. I ordered the Glazed Beef Tournedos.
1476,4206,8,30,154,192,1.2395833333333333,0.037284563925264705,654,I asked for a teacup...
1014,4206,11,24,157,192,1.2395833333333333,0.039417651788788435,654,"Oops, there appears to be a flyclone in my soup"
1506,4206,5,36,151,192,1.2395833333333333,0.03502179523742499,654,"Come on, Carl. I ordered the watercress soup...NOT the waterspout soup!"
485,4213,7,26,134,167,1.2395209580838322,0.04002883027673873,654,"For after supper, I'll have the tempest in a teapot."
498,4214,11,23,154,188,1.2393617021276595,0.039992576468757035,654,Today our soup is a drone-delivered spin on an old classic: Minesdrone.
583,4214,11,23,154,188,1.2393617021276595,0.039992576468757035,654,"I thought you said global warming was a hoax?"""
6222,4214,6,33,149,188,1.2393617021276595,0.03626237313572433,654,I believe I had the tournedos à la maison?
1207,4217,8,40,186,234,1.2393162393162394,0.0327835956368949,654,"The seasoning is paprika with a dash of climate change, sir."
2520,4218,7,36,166,209,1.2392344497607655,0.03459845023078816,654,"Waitperson, there's a hallucination in my soup."
5426,4218,8,34,167,209,1.2392344497607655,0.035257047285986935,654,This is what I get for a rain check?!
5589,4218,10,30,169,209,1.2392344497607655,0.036538645749867434,654,Please return this to the kitchen. I ordered the beef tournados.
4261,4221,5,34,145,184,1.2391304347826086,0.03593367417974381,654,The presentation on your beef tournedos is remarkable.
4823,4221,7,30,147,184,1.2391304347826086,0.03755025968673369,654,Mais j'ai commandé tournedos.
635,4221,10,24,150,184,1.2391304347826086,0.039852372529987024,654,Just give me the mudslide.
3400,4224,9,20,130,159,1.2389937106918238,0.043215918313067196,654,This is not my tournedos.
2852,4225,2,39,139,180,1.238888888888889,0.03376249695190827,654,"Waiter, what's Dorothy doing in my soup?  And please don't tell me ""the backstroke"""
3618,4225,7,29,144,180,1.238888888888889,0.03808244257635737,654,"Waiter, there's a flying cow in my soup."
4093,4225,4,35,141,180,1.238888888888889,0.03555351871881589,654,Can I get a soup spoon please?!
4342,4225,9,25,146,180,1.238888888888889,0.03967894813932362,654,"Waiter, my flies have soup in them!"
5741,4229,5,38,158,201,1.2388059701492538,0.03402417688581328,654,You guys should fix your kerning. I just thought you misspelled tomato soup
994,4230,6,25,124,155,1.238709677419355,0.04102159093874264,654,Climate change is starting to hit close to home!
1392,4231,11,20,145,176,1.2386363636363635,0.04186297713710269,654,"The issue here is not whether I said ""tornado"" instead of ""tomato."""
1920,4231,6,30,140,176,1.2386363636363635,0.037786684560917196,654,I guess global warming is really affecting us all now.
6300,4231,5,32,139,176,1.2386363636363635,0.03691745474936203,654,Have you decided on the entree?
6609,4231,8,26,142,176,1.2386363636363635,0.03946775468628014,654,"Excuse me, but I order a molten lava cake."
3031,4235,6,35,156,197,1.2385786802030456,0.035179756987954086,654,"Waiter, where are the crackers ?"
2333,4235,8,31,158,197,1.2385786802030456,0.0366225345807584,654,"I’m sorry, I actually ordered Toe-MAY-toe soup!"
2221,4235,6,35,156,197,1.2385786802030456,0.035179756987954086,654,It’s our new self-stirring soup! No spoon required
1148,4235,11,25,161,197,1.2385786802030456,0.038685942475269436,654,"If I complain, will you spit in it?"
1050,4235,6,35,156,197,1.2385786802030456,0.035179756987954086,654,"Well, pardon me for thinking “Tormato Soup” was just a clever name."
5827,4240,5,26,120,151,1.2384105960264902,0.0406444870629624,654,Love tornado and rice soup!
172,4241,11,19,142,172,1.2383720930232558,0.04254050804547336,654,I'd like to order the Green New Deal.
707,4241,7,27,138,172,1.2383720930232558,0.03921347983474019,654,"I don’t suppose this has anything to do with me ordering from the ‘in-flight’ menu, does it?"
3911,4241,9,23,140,172,1.2383720930232558,0.040910828795788036,654,"It's our house special, cream of tornado."
1960,4244,9,28,156,193,1.238341968911917,0.03783181830702132,654,Dr. OZ recomemded it.
2000,4244,7,32,154,193,1.238341968911917,0.036377214628368806,654,Excuse me. I believe I ordered the white wine.
3814,4244,7,32,154,193,1.238341968911917,0.036377214628368806,654,Our new chief is a whirlwind  in the kitchen.
6406,4247,4,32,132,168,1.2380952380952381,0.03703251066524659,654,"No sir, I do not see a tornado in your soup!"
6100,4247,6,33,150,189,1.2380952380952381,0.03609222518856509,654,I'll have a storm in a teacup for dessert
5032,4247,7,31,151,189,1.2380952380952381,0.03686374925847798,654,I'm glad I didn't order the F5!
4412,4247,4,37,148,189,1.2380952380952381,0.03449745118704287,654,I actually ordered the squab.
1004,4247,6,28,134,168,1.2380952380952381,0.03890988107192088,654,I would have prefered a hair in my soup!
2022,4247,6,28,134,168,1.2380952380952381,0.03890988107192088,654,"This was supposed to be the last gimmick-free restaurant in New York, at least before someone got the cute idea of making the 'Cyclone Soup' literal. So tell me: if I try to eat this thing will I wind up in Oz, or am I there already?"
195,4247,7,31,151,189,1.2380952380952381,0.03686374925847798,654,"Waiter, waiter, there's an intense columnar vortex in my soup! Ssh, don't speak so loud. The other guests will want one too!"
4268,4247,9,27,153,189,1.2380952380952381,0.03836027359198085,654,"Waiter, I asked for tomato soup, not tornado."
3999,4255,8,33,165,206,1.2378640776699028,0.03554143313036008,654,I warned you about the Sharknado Fin Soup.
6571,4255,8,33,165,206,1.2378640776699028,0.03554143313036008,654,This is obviously a mix up
4944,4257,5,34,146,185,1.2378378378378379,0.035762277823612264,654,"On the SIDE, I said."
1792,4257,5,34,146,185,1.2378378378378379,0.035762277823612264,654,We thought you’d like to really make an impression with your food photography this evening.
2435,4257,8,28,149,185,1.2378378378378379,0.03814713272153898,654,You forgot my spoon.
5411,4257,6,32,147,185,1.2378378378378379,0.036574511913540594,654,I wanted just a touch of grated carrot.
4934,4261,7,25,132,164,1.2378048780487805,0.04044382392608217,654,The chef says he believes it has something to do with global warming.
3611,4261,6,27,131,164,1.2378048780487805,0.039508052276424614,654,"So it has the same effects going out as it does going in, you say?"
2449,4263,10,28,164,202,1.2376237623762376,0.037334617798654796,654,"No, I don't believe ""amuse soupe"" is a thing."
4013,4263,12,24,166,202,1.2376237623762376,0.038631476810881055,654,"Sir, we have some dynamite specials this evening."
463,4265,11,21,149,181,1.2375690607734806,0.04100656881407701,654,I didn’t order this to take away
1470,4265,6,31,144,181,1.2375690607734806,0.03707562426822324,654,"I thought I made it clear I wanted the tomato bisque, not the tornado..."
4821,4265,7,29,145,181,1.2375690607734806,0.03789444905370044,654,Do you think I could have a bowl WITHOUT that ‘soupçon of je ne sais quoi’ you said made this ‘an extraordinary adventure for the palate?’
6396,4268,2,34,124,160,1.2375,0.03600259861340899,654,"I hate to be 'that guy' who complains, but this soup is a bit strong!"
4756,4269,5,37,156,198,1.2373737373737375,0.034282529972861714,654,"Well, I suppose you can take the soup outta the blender, but—"
1121,4269,9,29,160,198,1.2373737373737375,0.037153580085064766,654,We recently received a James Beard nomination for contributions to Meteorological Gastronomy
3378,4269,7,33,158,198,1.2373737373737375,0.035746890595389436,654,Is the corkscrew pasta freshly made?
4046,4272,3,36,138,177,1.2372881355932204,0.03494157309845474,654,It would seem that your attempt to put a new spin on the dining experience has failed!
4530,4272,4,34,139,177,1.2372881355932204,0.03584849879677575,654,"First it was a tempest in a teapot, now you're serving me a tornado in a soup bowl. What's next, a hurricane in the gravy boat?"
1933,4274,7,32,155,194,1.2371134020618557,0.03621006537693132,654,"I'd like to return my Midwestern Chili"""
2073,4274,8,30,156,194,1.2371134020618557,0.036940286742313075,654,"Excuse me, waiter. This soup really blows."
4404,4274,8,30,156,194,1.2371134020618557,0.036940286742313075,654,I thought the'Stormchasers' Special' would be a hearty bowl of oatmeal.
5035,4274,9,28,157,194,1.2371134020618557,0.03765635052161829,654,Could I have a tempest in a teacup to go with this
5983,4274,8,30,156,194,1.2371134020618557,0.036940286742313075,654,"Excuse me sir, I don’t mean to be difficult, but there’s a fly in my tornado soup."
1385,4279,8,25,140,173,1.2369942196531791,0.03986266457425957,654,"I'm sorry, but I ordered the ""tomato"" soup, not ""tornado"" soup."
5476,4279,7,27,139,173,1.2369942196531791,0.03901049463713886,654,This soup  perfectly complements  your main entrée of  beef tournedos
5967,4279,2,37,134,173,1.2369942196531791,0.034434750125502504,654,I'm going to need the tornado bib.
6869,4282,9,27,154,190,1.236842105263158,0.038178414670963265,654,I guess the chef isn't big on criticism.
822,4282,7,31,152,190,1.236842105263158,0.036690622258476725,654,"Sorry, sir. I thought you ordered the tornado soup, not tomato"
4574,4282,5,35,150,190,1.236842105263158,0.0351398943743494,654,"Waiter, I dropped my spoon."
2650,4285,8,33,166,207,1.2367149758454106,0.035387980108320276,654,"I understand tomato and tornado sound alike, but can I get a different soup?"
2710,4285,4,41,162,207,1.2367149758454106,0.032629751378232624,654,I thought this came with a side of bread.
2802,4287,9,26,151,186,1.2365591397849462,0.03872097739423784,654,I ordered no croutons.
3604,4287,8,28,150,186,1.2365591397849462,0.03796302742929333,654,"I splashed it with the Twisted Pepper Hot Sauce.  Perhaps a bit much."""
2707,4287,9,26,151,186,1.2365591397849462,0.03872097739423784,654,So why is the soup of the day ‘not in Kansas anymore’
4128,4287,8,28,150,186,1.2365591397849462,0.03796302742929333,654,"Patron:
Waiter, what is this tornado is doing in my soup?
Waiter:
I don't know, the twist?"
1319,4287,6,32,148,186,1.2365591397849462,0.03639981008276936,654,May I please have another spoon?...or maybe a few more?
1011,4287,10,24,152,186,1.2365591397849462,0.03946437290940879,654,I asked for tournedos de boeuf!
2627,4287,3,38,145,186,1.2365591397849462,0.03392017478961861,654,It looks like I'll need a refill.
3972,4294,11,26,166,203,1.2364532019704433,0.03781910234788902,654,Tell Chef Merlin that his soup is awesome!
1067,4294,12,24,167,203,1.2364532019704433,0.03845852119675863,654,"Great job, Brownie!"
2284,4294,10,28,165,203,1.2364532019704433,0.037168685101287575,654,I asked for tournedos NOT tornadoes!
968,4297,10,32,178,220,1.2363636363636363,0.03520358005596244,654,I believe I said potato soup.
341,4298,7,29,146,182,1.2362637362637363,0.03770826221534447,654,When you said today's special was tempestuous I did not expect this.
1208,4298,9,25,148,182,1.2362637362637363,0.03928534809685861,654,It must have escaped from the teapot.
1746,4298,3,37,142,182,1.2362637362637363,0.03433747177240663,654,"I know the menu says, ""Touche de la dramatique"", but I expected tumeric."
1752,4298,7,29,146,182,1.2362637362637363,0.03770826221534447,654,This is not the 'twist' to gazpacho I had in mind!
2074,4298,6,31,145,182,1.2362637362637363,0.036894447704310294,654,I see Heston's back from Kansas.
2264,4298,7,29,146,182,1.2362637362637363,0.03770826221534447,654,"Waiter, there's a locust swarm in my soup."
2971,4298,4,35,143,182,1.2362637362637363,0.03521043503871985,654,"Waiter,there's a cyclone in my soup."
3109,4298,10,23,149,182,1.2362637362637363,0.04005060977046967,654,You should really consider installing a roof.
4348,4298,10,23,149,182,1.2362637362637363,0.04005060977046967,654,"Yes Sir, all of our Kansas Style Barbecue Sauce comes from Oz."
6852,4307,9,29,161,199,1.236180904522613,0.0369856473778644,654,These things happen with outdoor seating
2453,4307,5,37,157,199,1.236180904522613,0.03413067144146086,654,"I asked for a spoon, not a typhoon."
317,4307,6,35,158,199,1.236180904522613,0.03486633874919542,654,"So the soup de jour is climate change?
What if I don’t believe in climate change?"
1737,4307,8,31,160,199,1.236180904522613,0.03629296443156765,654,You're not supposed to heat vichyssoise!
1663,4311,8,26,144,178,1.2359550561797752,0.039068815724360335,654,in French Vol au vent
3133,4311,4,34,140,178,1.2359550561797752,0.03567145180433194,654,"Yes, technically, it's not a water spout."
3212,4311,9,24,145,178,1.2359550561797752,0.039872952413545174,654,We like to preview how it will be feel coming out.
4254,4311,10,22,146,178,1.2359550561797752,0.04066118918872947,654,It’s our weatherman special.
4647,4311,8,26,144,178,1.2359550561797752,0.039068815724360335,654,"Did the chef say, 'Heaven, help us!' when the KitchenAid didn't work?"
5076,4311,2,38,138,178,1.2359550561797752,0.03384512564153296,654,Are you sure this dish isn't spicy?
3693,4317,9,28,158,195,1.235897435897436,0.037482472050839655,654,The Chef calls it Funnel Cake soup.
1098,4317,9,28,158,195,1.235897435897436,0.037482472050839655,654,I asked for the Chef de Tournade.
5934,4319,8,34,170,212,1.2358490566037736,0.03481133832396631,654,I'm an atheist. I'll have the salad instead.
1833,4319,7,36,169,212,1.2358490566037736,0.034163116870019314,654,"Waiter, I think your soup is giving me wind."
2693,4321,7,27,140,174,1.235632183908046,0.03880955635321799,654,"You serve a hell of a bowl of chowder, Brownie."
3296,4321,7,27,140,174,1.235632183908046,0.03880955635321799,654,Chef likes to let the soupe breathe.
6319,4321,8,25,141,174,1.235632183908046,0.03965630381652937,654,"Yes, it’s really well done, but I requested tournedos."
928,4324,9,27,155,191,1.2356020942408377,0.03799823992644814,654,Climate change is affecting every industry.
1101,4324,7,31,153,191,1.2356020942408377,0.036519077692678655,654,It's our global warming special.
2041,4324,12,21,158,191,1.2356020942408377,0.04011484812988756,654,Next time I'll just take the fly out of the soup.
2577,4324,6,33,152,191,1.2356020942408377,0.035756557923434,654,Most of our guests request a pitcher of  artisan iced water with the Firestorm Chile con Carne.
6614,4328,7,26,137,170,1.2352941176470589,0.03939511105824237,654,The soup du jour  is cloudy with a chance of meatballs!!!
5436,4328,9,30,165,204,1.2352941176470589,0.03634577308992647,654,Could you please bring me a spoon.
2998,4328,5,34,148,187,1.2352941176470589,0.03542421349144178,654,It's obviously not a tempest in a teapot.
3439,4328,5,30,135,170,1.2352941176470589,0.037586533316371365,654,Can I also have a mudslide to go?
1702,4328,6,32,149,187,1.2352941176470589,0.03622672918929965,654,It’s the cilantro.
1219,4328,6,32,149,187,1.2352941176470589,0.03622672918929965,654,Aunt Em wouldn’t like it.
2522,4328,7,26,137,170,1.2352941176470589,0.03939511105824237,654,Surely you have a blender back there.
5097,4335,11,29,177,217,1.2350230414746544,0.03607924020471648,654,You expect me to eat this with a teaspoon?
128,4336,8,31,161,200,1.235,0.03613034749418072,654,There's an elephant in my soup
659,4336,6,35,159,200,1.235,0.03471166226914863,654,Does this happen often?
1029,4338,8,27,148,183,1.2349726775956285,0.03831565057448946,654,Man is that ever a new spin on clam chowder?!
3859,4338,7,29,147,183,1.2349726775956285,0.03752385692555158,654,I'm sorry to do this but I specifically asked for EF-4 and this is EF-3 at best.
6785,4338,6,31,146,183,1.2349726775956285,0.036714991463871485,654,The gazpacho is especially zesty tonight.
4849,4341,7,32,157,196,1.2346938775510203,0.03588023045545709,654,"Sir, I believe my heirloom tornado soup should have arrived with a side of grilled debris sandwich."
5304,4341,6,34,156,196,1.2346938775510203,0.03514345335591702,654,When did global warming start to effect your soups ?
4726,4341,4,38,154,196,1.2346938775510203,0.03362149708542326,654,Are the bugs Extra?
6834,4341,7,32,157,196,1.2346938775510203,0.03588023045545709,654,Our dishes come out as they're ready.
3089,4341,7,32,157,196,1.2346938775510203,0.03588023045545709,654,Say when.
571,4341,9,28,159,196,1.2346938775510203,0.03731016195423307,654,The chef's twist on the lobster bisque you said?
3910,4341,8,30,158,196,1.2346938775510203,0.0366021797341894,654,"Bravo. I had no idea the soup was prepared tableside."""
403,4348,8,26,145,179,1.23463687150838,0.03887229775986857,654,So climate change isn't real?
4531,4348,4,34,141,179,1.23463687150838,0.03549609469477424,654,I'm still waiting for my bib.
2181,4350,8,22,132,162,1.2345679012345678,0.04157693109200657,654,"Shaken, not stirred."
2803,4350,7,24,131,162,1.2345679012345678,0.040644310338938415,654,"Chilled asparagus ala polar vortex.
We’re going seasonal and local."
5721,4352,6,22,117,145,1.2344827586206897,0.04267604187525741,654,"As you can see, it's not just cold. It's emitting its own polar vortex."
306,4353,8,33,168,209,1.2344497607655502,0.03508493090714984,654,"Waiter, this soup is a consequence of global warming."
6450,4353,6,37,166,209,1.2344497607655502,0.03374817220015761,654,"Sir, I recommend a straw while HVAC does quality control on the exhaust system."
5138,4355,7,31,154,192,1.234375,0.036349094635856095,654,"I distinctly ordered the carrot soup with coriander, not coriolis."
5596,4355,8,29,155,192,1.234375,0.03709169991603824,654,"Sir, my tornado soup is cold."
3430,4355,11,23,158,192,1.234375,0.039235274538436164,654,"Sorry, sir. The chef got a bit carried away with the new immersion blender for your Oklahoma Okra Stew."
1703,4358,4,33,138,175,1.2342857142857142,0.03596855300212749,654,It's not quite the Tropical Sensation I was expecting!
5653,4358,9,23,143,175,1.2342857142857142,0.040275849215451735,654,"It's not that there’s a fly, IT FLIES!"
5681,4358,8,25,142,175,1.2342857142857142,0.03945202890896758,654,I ordered the beef tornadoes not a weather event.
5379,4361,5,27,126,158,1.2341772151898733,0.039311704413894956,654,"Sorry, I ordered the tomato soup."
2606,4362,10,28,167,205,1.2341463414634146,0.03684112737069095,654,I thought the menu said this came with a side salad?
5891,4363,8,28,152,188,1.2340425531914894,0.037599992850851346,654,"No, this is not a tempest in a teapot!"
122,4363,7,30,151,188,1.2340425531914894,0.03683571865661232,654,I distinctly recall the entree course entailed the tournedos.
263,4363,6,32,150,188,1.2340425531914894,0.03605524754476276,654,Tornado Tortellini
2552,4363,8,28,152,188,1.2340425531914894,0.037599992850851346,654,"When I asked for a vol-au-vent, this isn't quite what I meant."
2554,4363,4,36,148,188,1.2340425531914894,0.034441287557874053,654,Tell the cook he used a little too much red pepper.
4807,4363,6,32,150,188,1.2340425531914894,0.03605524754476276,654,"But Sir, I told you it sucks."
6287,4369,10,20,141,171,1.2339181286549707,0.04173864777461072,654,"Sir... I''m quite sorry! You may have wanted beef tournados pasta, but... you ordered beef tornadoes!"
6594,4369,6,28,137,171,1.2339181286549707,0.038300351429659284,654,"Waiter, this is swirling the wrong direction for cyclone chowder!"
2789,4369,4,32,135,171,1.2339181286549707,0.03645981377388806,654,Damn that climate change!
3851,4369,5,30,136,171,1.2339181286549707,0.037391409040460094,654,"What's this fly doing in my soup?
The twist, sir."
3318,4373,7,33,161,201,1.2338308457711442,0.03527078980052956,654,"Waiter, there is a tornado in my soup!
That's no tornado. That's a fennel funnel."
3756,4373,8,31,162,201,1.2338308457711442,0.03596915146252737,654,"Waiter, a little less seasoning!"
3939,4373,8,31,162,201,1.2338308457711442,0.03596915146252737,654,I ordered the F-5 with detritus on the side.
5202,4373,6,35,160,201,1.2338308457711442,0.03455831838171594,654,I ordered  beef tornadoes!
1485,4377,11,21,152,184,1.233695652173913,0.04039742537109589,654,It's self-slurping.
1701,4377,7,29,148,184,1.233695652173913,0.03734120849199929,654,"Yes Sir, its the Global Warming effect ..."
2586,4377,5,33,146,184,1.233695652173913,0.0357151618946045,654,I only asked for fresh pepper.
3167,4377,8,27,149,184,1.233695652173913,0.038128236031654224,654,Can I get a side of twister noodles?
3638,4377,6,31,147,184,1.233695652173913,0.0365372319750742,654,Soup with tournedos”. Really
3810,4377,5,33,146,184,1.233695652173913,0.0357151618946045,654,I specifically requested my soup be rated EF-1 or *lower.*
6143,4377,9,25,150,184,1.233695652173913,0.038899343363713874,654,Climate change has nothing to do with it!
851,4384,6,38,170,214,1.233644859813084,0.033224920341447514,654,Will this soup give me the winds?
6404,4385,9,28,160,197,1.233502538071066,0.037139399644095364,654,Sorry but actually I ordered your tempest in a teapot.
1693,4385,5,36,156,197,1.233502538071066,0.03423661097639703,654,"Yes, we are making heartier soups in this era of climate change."
4227,4385,7,32,158,197,1.233502538071066,0.03571750647142785,654,"Excuse me, waiter: I had ordered the Tournedos Rossini."
2035,4388,9,31,170,210,1.2333333333333334,0.03558151061468365,654,"I asked for it to be shaken, as in earthquake, not stirred."
3473,4388,6,30,144,180,1.2333333333333334,0.03703807157669554,654,I ordered Tournedos of Beef not Tornado Aloie.
3639,4388,10,22,148,180,1.2333333333333334,0.040250611571050386,654,What the hell?
3923,4388,6,30,144,180,1.2333333333333334,0.03703807157669554,654,"But I ordered the Tournedos Beef, Not the Tornado Soup!"
2476,4392,6,33,154,193,1.233160621761658,0.03542692831911229,654,"No tournedos, remember? I'm vegan."
6548,4392,4,37,152,193,1.233160621761658,0.033869197183140555,654,Climate change is real.
1719,4394,6,36,164,206,1.233009708737864,0.03399918302865138,654,"Well, you asked for Tornadoes Rossini sir."
2066,4394,8,32,166,206,1.233009708737864,0.03536472593434899,654,"Sorry, I actually ordered the F2 soup."
3824,4394,10,28,168,206,1.233009708737864,0.03667946611126579,654,It is Trump’s favorite dish
4486,4394,3,42,161,206,1.233009708737864,0.031841252423890555,654,"It's not very spicy, is it?"
6751,4398,5,31,140,176,1.2329545454545454,0.03668436078025569,654,Still not hot enough.
4594,4398,4,33,139,176,1.2329545454545454,0.035788367676116456,654,"The gazpacho has a real twist to it, but I cant place it..."
2717,4398,5,31,140,176,1.2329545454545454,0.03668436078025569,654,It’s good but I also ordered the flying wedge salad.
243,4398,7,27,142,176,1.2329545454545454,0.03841370140621822,654,You forgot the sharks.
567,4402,6,32,151,189,1.2328042328042328,0.03588534382605963,654,This is going to make me popular on Instagram.
1980,4402,6,32,151,189,1.2328042328042328,0.03588534382605963,654,"Diner: ""I ordered tomato soup."" 
Waiter: ""You say tomato, I say tornado."""
4263,4402,8,28,153,189,1.2328042328042328,0.0374210165839225,654,Sir! Your Sharknado soup!
4377,4402,8,28,153,189,1.2328042328042328,0.0374210165839225,654,I thought I ordered tomato soup. This is tornado soup!
6335,4402,7,30,152,189,1.2328042328042328,0.03666122190877384,654,So this is your renewable energy cooling system?
1451,4407,6,25,128,159,1.2327044025157232,0.04009677862615026,654,Can I take the rest home in a traffic cone?
3914,4408,13,21,168,202,1.2326732673267327,0.039097358341458555,654,"I rubbed my spoon three times, and POOF, three wishes"
3977,4408,4,39,159,202,1.2326732673267327,0.03294352006691723,654,"No, this is NOT a tempest in a teapot, it's a tornado in a soup bowl!"
6407,4408,5,37,160,202,1.2326732673267327,0.03368284684536601,654,Couldn't you have removed the fly from my soup yourself?
2118,4411,4,32,136,172,1.2325581395348837,0.0362727225963164,654,F 4 or F5?
4242,4411,9,22,141,172,1.2325581395348837,0.04069038811035208,654,"It's a soupnado, sir. We're fresh out of sharks."
4917,4413,5,33,147,185,1.2324324324324325,0.035544036590883586,654,Still a few kinks in the new kitchen exhaust system.
4903,4413,5,33,147,185,1.2324324324324325,0.035544036590883586,654,"Sorry, I got a little aggressive with the stirring."
1887,4413,5,33,147,185,1.2324324324324325,0.035544036590883586,654,Does this only happen with the bisque?
3797,4413,9,25,151,185,1.2324324324324325,0.03870912248419028,654,Theres a severe weather warning in my tornado bisque
3971,4413,6,31,148,185,1.2324324324324325,0.03636114607317218,654,"Apparently, the chef used to be a storm chaser."
3392,4418,10,26,162,198,1.2323232323232323,0.03765723375518282,654,I'd like to cancel my order of the Tournedos.
4671,4418,3,40,155,198,1.2323232323232323,0.03254455581886856,654,It's served up with a twist
6817,4418,7,32,159,198,1.2323232323232323,0.03555621978282577,654,"I requested expeditious service, not a whirlwind."
4219,4421,9,21,138,168,1.2321428571428572,0.04133950338235563,654,This doesn't taste like tomato.
5275,4422,2,38,141,181,1.2320441988950277,0.033358252033209676,654,"Yes, sir I do believe in climate change."
6216,4422,2,38,141,181,1.2320441988950277,0.033358252033209676,654,"Um, so yeah, enjoy!"
5866,4422,5,32,144,181,1.2320441988950277,0.036012984343514756,654,I thought you said the special was tomato soup!
4912,4422,7,28,146,181,1.2320441988950277,0.037679035944889916,654,"Pardon me, but I believe I ordered the tomato bisque."
4463,4422,9,24,148,181,1.2320441988950277,0.03927447591179765,654,I’m quite certain I ordered the tomato.
4243,4422,5,32,144,181,1.2320441988950277,0.036012984343514756,654,"Would you prefer your soup sitrred, sir?"
3846,4422,6,30,145,181,1.2320441988950277,0.03685542559150922,654,Really!? Cream of tomato is what I ordered- not tornado.
2096,4422,4,34,143,181,1.2320441988950277,0.035150358278703296,654,"It's fine, but I ordered the salad."
1488,4422,4,34,143,181,1.2320441988950277,0.035150358278703296,654,There’s a whirl in my soup!
154,4431,7,31,156,194,1.231958762886598,0.036013731093231256,654,It's called the tornado. It will blow you away!
415,4431,7,31,156,194,1.231958762886598,0.036013731093231256,654,My condolences to the chef.
1578,4431,9,27,158,194,1.231958762886598,0.03746759569629353,654,Excuse me but it's still poorly mixed within the eye wall
2205,4431,3,39,152,194,1.231958762886598,0.032913903251435984,654,Ingesting worm-hole soup puts me where?
2856,4431,9,27,158,194,1.231958762886598,0.03746759569629353,654,I've been clicking my heals and saying there is no place like home for an hour now and nothing has changed.
5932,4431,7,31,156,194,1.231958762886598,0.036013731093231256,654,Maybe I need to reconsider the “Spicy Foods Enthusiast” label?
6592,4431,5,35,154,194,1.231958762886598,0.03449865109319827,654,"Yes, another soupspoon please."
6790,4438,8,32,167,207,1.2318840579710144,0.03521146434696396,654,Would you like some cheese on top of that?
6580,4438,9,30,168,207,1.2318840579710144,0.035871288473414406,654,"I asked for a sizzler, not a twister."
3226,4438,7,34,166,207,1.2318840579710144,0.034539037423936915,654,Just exactly how spicy did the chef make this soup?
511,4438,10,28,169,207,1.2318840579710144,0.036519192926847556,654,I meant to order tournedos
5638,4438,6,36,165,207,1.2318840579710144,0.03385325672496983,654,"I said Toranado of Beef, not Tornado Soup"
1445,4443,8,35,177,220,1.231818181818182,0.03384127502833231,654,"I asked for extra tomato, not tornado."
1793,4444,3,32,129,164,1.2317073170731707,0.03628486494644133,654,Do you have EPA insurance?
4088,4445,6,29,142,177,1.231638418079096,0.037369368800347316,654,"You did ask for 'spicy' ,sir."
4318,4445,6,29,142,177,1.231638418079096,0.037369368800347316,654,"I have a feeling we're not in a well-priced, contemporary American Kansas bistro anymore, Toto."
5111,4445,8,25,144,177,1.231638418079096,0.03904961453474187,654,Gastronomy has gotten completely out of control.
6267,4445,4,33,140,177,1.231638418079096,0.035609929145686586,654,I'd prefer something 'milder'?....
6403,4449,5,34,151,190,1.231578947368421,0.034928628473575904,654,Waiter … at first it was just a fly …
1922,4449,9,26,155,190,1.231578947368421,0.037984052669412315,654,Is there something wrong with your tournedos of beef sir?
1166,4451,7,33,163,203,1.2315270935960592,0.03496021896019181,654,So this is why the menu says tornado soup
3360,4452,9,19,132,160,1.23125,0.042727264173751923,654,"I ordered tomato soup,you ninny,not tornado soup"
2892,4453,6,28,139,173,1.23121387283237,0.037904268926601155,654,"Waiter, this is not the soup that I ordered.  I specifically asked for the hurricane special."
4092,4453,7,26,140,173,1.23121387283237,0.03878075473718621,654,That reminds me - would you like a twist of lemon in your water?
4540,4453,4,32,137,173,1.23121387283237,0.03608748997379457,654,"I asked for the F5 soup, this is F3 at best!"
5895,4453,5,30,138,173,1.23121387283237,0.037007029977213966,654,Many say our soup is out of this world
642,4457,9,25,152,186,1.2311827956989247,0.03852072129072247,654,The chef's been experimenting
595,4457,8,27,151,186,1.2311827956989247,0.03775875170062855,654,There's a small terrier in my soup.
2335,4457,7,29,150,186,1.2311827956989247,0.036981085587390744,654,We thought lightning in a bottle was passé.
50,4457,10,23,153,186,1.2311827956989247,0.039267908112418204,654,I need another spoon.
265,4457,9,25,152,186,1.2311827956989247,0.03852072129072247,654,Is this normal for Kansas City Steak Soup?
4561,4462,7,32,160,199,1.2311557788944723,0.03539635200430671,654,I distinctly ordered hurricane
4831,4462,7,32,160,199,1.2311557788944723,0.03539635200430671,654,"I asked for the tempest in a teacup, not the tornado in a soup bowl."
6816,4462,10,26,163,199,1.2311557788944723,0.03748570753499084,654,Tomato?  I thought you said tornado soup.
2604,4465,12,25,175,212,1.2311320754716981,0.03713160827806814,654,guess we're not in Kansas anymore.
3347,4466,9,27,159,195,1.2307692307692308,0.03729393452847153,654,The cook moonlights on the weather channel'
6797,4466,8,26,148,182,1.2307692307692308,0.03829421438431834,654,I think there’s been some mistake. I ordered the tomato soup.”
3991,4466,4,37,154,195,1.2307692307692308,0.03356332942495252,654,Global warming's hit here too?
3820,4466,4,31,134,169,1.2307692307692308,0.036584220431205454,654,Is there any hot sauce?
3219,4466,8,32,168,208,1.2307692307692308,0.03505949875923386,654,I think you will need to take this off the check...
741,4466,6,27,136,169,1.2307692307692308,0.038461538461538464,654,Your Chef needs to slow down his mixmaster's speed a few notches.
2547,4466,6,30,146,182,1.2307692307692308,0.036674532301339,654,"Excuse me waiter, but I ordered the sharknado soup."
1770,4466,5,26,125,156,1.2307692307692308,0.039481915582672035,654,That's just the appetizer. Just wait till the main dish arrives.
1489,4466,9,24,149,182,1.2307692307692308,0.03907888973867121,654,Can I get a straw please?
2625,4466,8,26,148,182,1.2307692307692308,0.03829421438431834,654,"I believe I asked for the sprout soup, not the soup sprout."
2188,4476,8,31,165,204,1.2303921568627452,0.03549391007695851,654,It's the Chef's Choice - Soupnado.
5798,4476,8,31,165,204,1.2303921568627452,0.03549391007695851,654,"I believe I'll have my entré in your cellar...NOW, please."
6734,4478,5,34,152,191,1.2303664921465969,0.034766423032112095,654,It's a twister in a tureen.
5958,4478,7,30,154,191,1.2303664921465969,0.03631703969807826,654,I know this aint Kansas
1622,4478,6,32,153,191,1.2303664921465969,0.03555018665829735,654,"I said, “gently stir”"
3305,4478,8,28,155,191,1.2303664921465969,0.03706803169071431,654,"I prefer mine in a tea pot,thank you."
4394,4478,5,34,152,191,1.2303664921465969,0.034766423032112095,654,"Excuse me, I prefer 
storms to be served in a teacup"
4383,4483,7,27,144,178,1.2303370786516854,0.03802568224040578,654,I thought the menu said soup with tournedos.
5388,4483,7,27,144,178,1.2303370786516854,0.03802568224040578,654,Yes ... that’s the soup du jour ... our chef is Dorothy from Kansas.
841,4485,8,30,162,200,1.23,0.03594384229593402,654,Chef likes to call it The Bowl-er Vortex.
1615,4486,6,31,150,187,1.2299465240641712,0.0360139043585744,654,"I said ""tomato"" soup followed by ""tournedos"" of beef."
3631,4486,9,25,153,187,1.2299465240641712,0.038334114388510046,654,"I ordered the Tournedos of beef entree.
not the Tornado of Leek soup."
4722,4486,5,33,149,187,1.2299465240641712,0.03520653775765141,654,Chef enhances the consommé with climate change.
4980,4486,9,25,153,187,1.2299465240641712,0.038334114388510046,654,Whirled peas?
6616,4486,7,29,151,187,1.2299465240641712,0.036803563868410265,654,With climate change  you can never tell where the next tornado will touch down.
5562,4491,4,32,138,174,1.2298850574712643,0.03590408942822858,654,You're lucky you didn't ask for a table by the window.
2361,4491,10,20,144,174,1.2298850574712643,0.04108221325588371,654,"You called, Monsieur?"
2646,4493,4,29,128,161,1.2298136645962734,0.037640469009007915,654,"Waiter, there’s a swarm of hornets in my soup."
3372,4493,8,21,132,161,1.2298136645962734,0.04156156774508471,654,It looks like Pierre's just repurposing yesterday's tournedoes of beef for the soup du jour...
2421,4495,7,34,168,209,1.229665071770335,0.03424351935544185,654,"I most distinctly said ""tournedos"" not tornado!  And if you think you can evacuate the restaurant and leave me sitting here until I promise to guarantee a second star, you have another think coming!"
6265,4495,8,32,169,209,1.229665071770335,0.03490881325396947,654,"Excuse me,but I ordered the EF3."
6818,4495,7,34,168,209,1.229665071770335,0.03424351935544185,654,New dishwasher?
4039,4498,8,29,159,196,1.2295918367346939,0.03641020414176028,654,"I clearly did say: ""reservation for Harry Kane"""
4049,4498,7,31,158,196,1.2295918367346939,0.035684371115201986,654,Never heard of self-stirring soup!
4962,4498,6,33,157,196,1.2295918367346939,0.034943464598265965,654,I wouldn't send it back.  The chef is in quite a stir tonight.
6302,4498,9,27,160,196,1.2295918367346939,0.037121847871595136,654,I thought I ordered the lentil
4320,4502,4,34,145,183,1.2295081967213115,0.0348111097077585,654,I didn’t wish for whirled peas.
6248,4502,5,32,146,183,1.2295081967213115,0.03566318268835112,654,I’ll go get the teapot sir
3848,4502,10,22,151,183,1.2295081967213115,0.039649827254961065,654,"The appertizer comes with a lava flow reduction."""
510,4502,7,28,148,183,1.2295081967213115,0.037308994628868324,654,"I ordered the Celeriac Cyclone, not the Tomato Tornado!"
3874,4502,6,30,147,183,1.2295081967213115,0.036495367375049347,654,"I thought you said ""tournedo."""
3149,4507,5,29,136,170,1.2294117647058824,0.03733785745859955,654,Climate change comes in mini and macro forms
4953,4507,9,21,140,170,1.2294117647058824,0.04089706806967718,654,Mosieur it is in honor of the French Accord on Climate Change; Tornados Visiche Suaze’n!
6311,4507,7,25,138,170,1.2294117647058824,0.03915792241867862,654,"Sir, we only serve ""fast"" food."
1794,4510,5,37,163,205,1.2292682926829268,0.03324632004242038,654,This week’s special: Tornado Bisque Soup
2569,4510,6,35,164,205,1.2292682926829268,0.03395794169284829,654,I guess this is the global warmed soup.
5053,4510,8,31,166,205,1.2292682926829268,0.03533822037565795,654,I thought you said it would only be mildly spicy?
5924,4513,6,32,154,192,1.2291666666666667,0.035384892327134605,654,"I specifically said, “Teapot”."
4618,4514,11,19,149,179,1.229050279329609,0.04101871844573311,654,"Well, it started as a fly."
5683,4514,9,23,147,179,1.229050279329609,0.0394587615828801,654,"I'm having second thoughts about 
ordering the Kansas Clam Chowder."
313,4516,9,31,174,214,1.2289719626168225,0.034981950576353615,654,I ordered the tornado salad.
4971,4517,7,24,135,166,1.2289156626506024,0.03976069564063031,654,We warned you about the hot sauce.
3097,4517,2,34,130,166,1.2289156626506024,0.034868555564977435,654,"I’m sorry sir, I did forget your napkin."
2314,4517,5,28,133,166,1.2289156626506024,0.03787973359952879,654,"Sorry, I had asked for “tomato” , this seems to be “tornado”."
69,4520,6,31,151,188,1.2287234042553192,0.03584270418047568,654,Water sprouts”...I asked for water sprouts.
424,4520,5,33,150,188,1.2287234042553192,0.03504012199656435,654,Again! he's overdone the peppers
3652,4520,9,25,154,188,1.2287234042553192,0.03814927683815272,654,The chef says this is a hoax?
3941,4520,6,31,151,188,1.2287234042553192,0.03584270418047568,654,I’m going to go stir crazy!
654,4524,9,22,144,175,1.2285714285714286,0.040056258818238655,654,I said the tomato soup.
2382,4524,7,26,142,175,1.2285714285714286,0.038381518736628206,654,Could I please have another spoon?
2797,4524,8,32,170,210,1.2285714285714286,0.034759392163179276,654,I think I'll pass on the tea.
5687,4524,7,26,142,175,1.2285714285714286,0.038381518736628206,654,"Waiter, are you sure you've recommended the appropriate wine?"
2062,4528,7,31,159,197,1.2284263959390862,0.035521893753602915,654,"This is why I dine alone""."
4732,4529,8,21,133,162,1.228395061728395,0.04132857204299843,654,Bring it back after it's devastated the next table
4297,4530,4,34,146,184,1.2282608695652173,0.0346438638113886,654,So this is what the buzz is all about!
4084,4530,8,26,150,184,1.2282608695652173,0.03791811473098765,654,May I have a straw?
3723,4530,11,20,153,184,1.2282608695652173,0.04019916688788548,654,Really?
616,4530,10,22,152,184,1.2282608695652173,0.03945347243573743,654,I think he's progressed beyond the backstroke.
3266,4530,8,26,150,184,1.2282608695652173,0.03791811473098765,654,"When I said tournedos, I was asking for your meat entree."
3488,4530,8,26,150,184,1.2282608695652173,0.03791811473098765,654,"Idiot! I ordered 'tournedos Oscar' not ""a tornado, Oscar."
212,4536,8,31,167,206,1.2281553398058251,0.03518386434748353,654,Please tell chef superstar I'm tired of his practical jokes.
4623,4536,8,31,167,206,1.2281553398058251,0.03518386434748353,654,I'm afraid my soup a la  Alabama has taken a turn for the worst!
1908,4538,5,29,137,171,1.2280701754385965,0.03714310185958428,654,It's time to talk about the elephant in the room.
115,4539,8,28,157,193,1.2279792746113989,0.03672152236790695,654,I requested a Tempest in a tea pot
2193,4539,5,34,154,193,1.2279792746113989,0.034446380166442664,654,"I've heard of a ""Tempest in a tea pot."" but this?"
6433,4539,6,32,155,193,1.2279792746113989,0.03522109414427136,654,The acoustics are terrible in here.  I ordered tomato soup.
6693,4539,9,26,158,193,1.2279792746113989,0.037449199873498255,654,Is this your idea of climate change?
3978,4543,7,35,173,215,1.2279069767441861,0.03356411536186626,654,But I've no soup spoon
1085,4544,6,24,128,158,1.2278481012658229,0.04005431909756252,654,Just like you asked - Chicken noodle soup with a twist...
364,4545,5,31,144,180,1.2277777777777779,0.03595859018774549,654,Beef tournedoes soup...our specialty.
494,4545,7,27,146,180,1.2277777777777779,0.03764527461915776,654,"As you can see, we're out of spoons."
526,4545,7,27,146,180,1.2277777777777779,0.03764527461915776,654,It's a Soup Spout.
557,4545,8,25,147,180,1.2277777777777779,0.03846088854385181,654,"If I'd wanted my tornado to be F5, I'd have ordered it that way."""
6829,4545,9,23,148,180,1.2277777777777779,0.03925956181637003,654,I don't even see one mailbox let alone a cow in my soup.
6195,4550,5,28,134,167,1.2275449101796407,0.037677168916225585,654,Where ever did the chef find such a reactive base?
2442,4551,6,31,152,189,1.2275132275132274,0.03567308884321607,654,Waiter! There’s a dirt devil in my soup!
4780,4551,5,33,151,189,1.2275132275132274,0.03487523444059041,654,Well for one thing the soup seems thrown together. Not to mention the wind is completely intolerable.
6053,4551,10,23,156,189,1.2275132275132274,0.03870036729716348,654,"Excuse me, I ordered ‘tomato’, not ‘tornado’."
6512,4554,7,34,170,211,1.2274881516587677,0.03395290880407318,654,This is fortuitous...I am meeting here shortly with political opponents who deny the very existence of climate change.
4906,4554,8,32,171,211,1.2274881516587677,0.0346112200635176,654,Hold on — I ordered soup with tournedos!
1234,4554,9,30,172,211,1.2274881516587677,0.035257241700291535,654,I specifically ordered my tornado sauce on the side.
2808,4554,9,30,172,211,1.2274881516587677,0.035257241700291535,654,We were out of the tournedos Rossini.
2969,4558,3,39,156,198,1.2272727272727273,0.03233100262958738,654,Can I get some freshly ground pepper please?
3442,4558,5,30,141,176,1.2272727272727273,0.0364447148062397,654,Sorry we are all out of teapots.
6152,4558,10,25,163,198,1.2272727272727273,0.037472828445146954,654,"I ordered ""tournedos of beef""!  Take this back!"
6694,4558,4,32,140,176,1.2272727272727273,0.03554268099585458,654,I don’t think I need fresh pepper with that
4838,4562,10,27,170,207,1.2270531400966183,0.03634505409367107,654,"Sir, we now must head to the men's room where there are no windows."""
5446,4562,10,27,170,207,1.2270531400966183,0.03634505409367107,654,It started when I yanked my tie out.
2502,4564,3,36,146,185,1.227027027027027,0.03361532618712788,654,"So you didn't puree the carrot, why?"
3753,4564,9,24,152,185,1.227027027027027,0.03850346210602323,654,I ordered tournedos of beef not bisque
4564,4566,2,33,128,163,1.2269938650306749,0.0351370796696929,654,Is it safe to take a selfie now?I want to be the first to post it on Instagram
5213,4566,10,17,136,163,1.2269938650306749,0.042901483238062886,654,"Excuse me sir,but  my soup is cold."
2838,4568,4,36,154,194,1.2268041237113403,0.033500531786122764,654,"Last time I ordered this, you did a tiny flame, I preferred it."
784,4568,7,30,157,194,1.2268041237113403,0.035812476596306965,654,I'd rather not have my soup deconstructed!
1885,4568,8,28,158,194,1.2268041237113403,0.036550641991129305,654,"Did I not make myself clear?  Shaken, not stirred."
1863,4571,8,23,141,172,1.2267441860465116,0.039614702506835624,654,And you think I was slurping.
2565,4571,5,29,138,172,1.2267441860465116,0.03695032187535087,654,Microwave vortex?
2963,4571,6,27,139,172,1.2267441860465116,0.037859288724121386,654,I said with a sprinkle of turbinado! not tornado
6370,4571,6,27,139,172,1.2267441860465116,0.037859288724121386,654,"No Sir, the flies are leaving..."
4755,4575,8,30,165,203,1.2266009852216748,0.03546513506934766,654,The menu said nothing about hurricane seasoning?
5453,4575,8,30,165,203,1.2266009852216748,0.03546513506934766,654,"Low fat and low sodium is great, but the pressure is way too low!"
6117,4577,10,21,150,181,1.2265193370165746,0.039840345585237455,654,So this is meteorological cuisine?
6749,4577,4,33,144,181,1.2265193370165746,0.03491316386581066,654,Retrieve my hairpiece at once.
5592,4577,5,31,145,181,1.2265193370165746,0.03578150870667671,654,It’ s the latest trend sir: Tornado Tomato
4290,4577,5,31,145,181,1.2265193370165746,0.03578150870667671,654,I didn't expect this when I asked for a twist of lemon.
2939,4577,8,25,148,181,1.2265193370165746,0.03826850438599714,654,"Its our climate change special ""tornado soup"
670,4577,6,29,146,181,1.2265193370165746,0.0366292740786794,654,Waiter my soup seems to be low pressure.
5342,4583,4,28,127,159,1.2264150943396226,0.037775633832078014,654,"Waiter, I specifically order the toMato soup NOT the torNado soup."
645,4584,12,19,159,190,1.2263157894736842,0.039934651804178954,654,You did order the Magic Black Bean Soup sir?
2738,4584,6,31,153,190,1.2263157894736842,0.03550503710038375,654,"I ordered ""dine in"" not ""to go."""
2767,4584,6,31,153,190,1.2263157894736842,0.03550503710038375,654,And tonight for your gust-atory pleasure...
91,4587,8,22,138,168,1.2261904761904763,0.040228869181528494,654,"You told me the soup was fit for a god, but I wasn't expecting to share."
988,4587,6,26,136,168,1.2261904761904763,0.03841601120320939,654,You better hope this soup doesn't land in New England. They only eat clam chowder.
1679,4587,7,24,137,168,1.2261904761904763,0.0393328859377852,654,"""No spoon? No spoon?  I suppose there is no tempest in the tea either?"
4134,4590,7,31,161,199,1.2261306532663316,0.03520124967031336,654,"More bread sticks, please."
3948,4590,5,35,159,199,1.2261306532663316,0.0337284788998014,654,BUT I ORDERED THE TORNADOES OF BEEF!
2049,4590,7,31,161,199,1.2261306532663316,0.03520124967031336,654,But I ordered the Spring Medley.
232,4593,9,22,146,177,1.2259887005649717,0.03964420763578353,654,Still think climate change is a myth?
3232,4593,6,28,143,177,1.2259887005649717,0.03713568624525187,654,I asked for a lemon twist!
4865,4593,4,32,141,177,1.2259887005649717,0.035364622465540854,654,I believe I said “potato.”
5227,4593,8,24,145,177,1.2259887005649717,0.03882604620201935,654,Oh my dang hearing aid. You said tomato soup!
5620,4597,9,29,170,208,1.2259615384615385,0.035538737328428084,654,I don't care if it is the special.  Take it away.
2360,4598,11,20,155,186,1.2258064516129032,0.039803399821878985,654,I ordered soup for one. I didn't expect to be sharing it with an elephant.
3613,4598,3,36,147,186,1.2258064516129032,0.03345638245892636,654,"Apologies sir, we were all out of the Thunder & Lightning."
3619,4598,4,34,148,186,1.2258064516129032,0.03431402287703608,654,"We're trying something new, Tornado Tuesdays. What do you think?"
4799,4598,4,34,148,186,1.2258064516129032,0.03431402287703608,654,OZ soup is the chef's speciality
5642,4598,9,24,153,186,1.2258064516129032,0.03831534105087355,654,Please bring me a soup-phoon.
4778,4603,9,26,160,195,1.2256410256410257,0.03710078537921476,654,"I'm sorry, sir, but we're out of teapots."
2136,4603,9,26,160,195,1.2256410256410257,0.03710078537921476,654,I admire your ability to deny the threat of global warming.
6507,4603,7,30,158,195,1.2256410256410257,0.035647329318535786,654,"Your Global Warming special, extra spicy"
1808,4603,6,32,157,195,1.2256410256410257,0.034897908152766596,654,Tell the chef his 'Classic soup with a twist' is turning my stomach
1639,4603,9,26,160,195,1.2256410256410257,0.03710078537921476,654,I ordered the storm in a teacup...
1987,4603,10,24,161,195,1.2256410256410257,0.03780656516876088,654,"Cool story bro, but I ordered the salad."
5073,4609,6,27,140,173,1.2254335260115607,0.03766262514248898,654,"Excuse me, but I think somebody spiked the soup."
5947,4609,6,27,140,173,1.2254335260115607,0.03766262514248898,654,"Excuse me waiter, I asked for tomato soup."
156,4611,6,29,147,182,1.2252747252747254,0.036448714394351975,654,I may regret my decision to switch from Egyptian Red Lentil to the 10 Plagues.
853,4611,5,31,146,182,1.2252747252747254,0.03560612325297367,654,I ordered the tournedos of beef - not of soup.
1198,4611,9,23,150,182,1.2252747252747254,0.038867043683386907,654,Oops! It swallowed my bill!
2244,4611,7,27,148,182,1.2252747252747254,0.03727226246012079,654,It’s prepared in a blender.
2373,4611,11,19,152,182,1.2252747252747254,0.04039891855577922,654,I clearly asked for TOMATO soup!
3330,4611,6,29,147,182,1.2252747252747254,0.036448714394351975,654,I ordered tomato - not tornado - soup....
5452,4617,6,31,154,191,1.225130890052356,0.035338528066886234,654,"I thought I ordered Tournedos de boeuf.  Instead you served me ""tornado soup!'"
3692,4617,6,31,154,191,1.225130890052356,0.035338528066886234,654,Is this how it always comes?
2256,4617,6,31,154,191,1.225130890052356,0.035338528066886234,654,What did you expect when you put hot sauce in your gazpacho?
406,4617,6,31,154,191,1.225130890052356,0.035338528066886234,654,I ordered the tornedo of Oklahoma beef - not a tornado of  Oklahoma broth.
1387,4617,10,23,158,191,1.225130890052356,0.03833090097952488,654,The immersion blender went crazy
789,4617,5,33,153,191,1.225130890052356,0.03454996331318019,654,"I said ""Tureen"" not ""Tornado""!"
1905,4617,6,31,154,191,1.225130890052356,0.035338528066886234,654,Is this the fabulous polar vortex soup you advertise?
4235,4624,8,36,187,231,1.225108225108225,0.03255086864271521,654,So you won't bring me salt until I taste it?
4250,4625,9,27,164,200,1.225,0.036448835206899254,654,Is this Katrina's soup?
497,4625,7,31,162,200,1.225,0.03504304603451139,654,It’s too hot !
1048,4625,7,22,131,160,1.225,0.040583402748122936,654,It seems we've found the source of global warming.
3260,4625,5,35,160,200,1.225,0.03357845384787796,654,"No,sir. The menu clearly states “alfalfa spout soup”."
1104,4629,6,35,168,209,1.2248803827751196,0.03337760823578343,654,what elephant?
5853,4630,8,22,139,169,1.2248520710059172,0.040012510943995536,654,Holy tornado !!
1868,4630,5,28,136,169,1.2248520710059172,0.037278330134802244,654,Could I get this sent back? It's really cold . . . and hot.
929,4632,6,28,144,178,1.2247191011235956,0.036948288573843725,654,"I ordered Beef Tournedos, not Soup Tornado."
1698,4632,6,28,144,178,1.2247191011235956,0.036948288573843725,654,A category 3 stars from the National Weather Service?
2699,4632,7,26,145,178,1.2247191011235956,0.03779756606720654,654,"...and now a scene from our newest film, SOUPNADO!"
5016,4635,6,30,151,187,1.2245989304812834,0.03579551947562857,654,"One tsunami to go, please."
224,4635,7,28,152,187,1.2245989304812834,0.036589892331048396,654,"Diner: ""Waiter, there's a vortex in my soup!""

Waiter:""Hush, or the others will want one too."""
227,4635,8,26,153,187,1.2245989304812834,0.037367381859923283,654,I asked for the 'tomato' bisque.
1496,4635,7,28,152,187,1.2245989304812834,0.036589892331048396,654,"It's Helen Hunt's favorite, sir."
2311,4635,8,26,153,187,1.2245989304812834,0.037367381859923283,654,Could I get a spoon before it cools down?
2716,4635,5,32,150,187,1.2245989304812834,0.03498311318711493,654,"I just ordered the placid tomato basil bisque, not the vertiginous gyratory apple of love funnel."
2948,4635,7,28,152,187,1.2245989304812834,0.036589892331048396,654,"``So, what part of cream of tomato didn't you understand.''"
4515,4635,6,30,151,187,1.2245989304812834,0.03579551947562857,654,Climate change is totally out of control!
4835,4635,4,34,149,187,1.2245989304812834,0.03415138653107491,654,Have you ever considered using an immersion blender?
6128,4644,9,26,161,196,1.2244897959183674,0.036928958975014865,654,Fresh from Alabama right?
4855,4644,8,28,160,196,1.2244897959183674,0.03621352492123814,654,"No, I will NOT give you my ruby slippers."
5334,4644,10,24,162,196,1.2244897959183674,0.037630793703236264,654,"Oh, you wanted the tomato soup?"
1256,4644,6,32,158,196,1.2244897959183674,0.03473848211575666,654,"I ordered tomato soup, not tornado"
2242,4644,7,30,159,196,1.2244897959183674,0.03548366896846972,654,Tournedos of beef?
872,4649,4,38,163,205,1.224390243902439,0.03231763712816536,654,This soup has a certain je ne sais quoi...
1023,4649,7,32,166,205,1.224390243902439,0.03446594975484203,654,I guess I thought 'tornadolini' was at least a pasta dish.
3847,4649,10,26,169,205,1.224390243902439,0.036487994127641754,654,"When I ordered the ""Dorothy"" soup...I had no idea!"
6863,4649,9,28,168,205,1.224390243902439,0.03582666196852531,654,I didn’t order this
88,4653,3,33,138,174,1.2241379310344827,0.03470627181969931,654,"I,m only the waiter sir, not a weather forecaster!"
939,4653,6,27,141,174,1.2241379310344827,0.037467954411586055,654,"Waiter, may I have a straw please?"
4832,4653,4,31,139,174,1.2241379310344827,0.03565061109824253,654,"No, I wanted something with a hint of coriander, not coriolis."
5021,4656,5,31,147,183,1.2240437158469946,0.035432410349633396,654,Huh...so that’s what ‘du jour’ means.
5674,4656,5,31,147,183,1.2240437158469946,0.035432410349633396,654,"Excuse me, can I have a word with the Chef"
2593,4656,6,29,148,183,1.2240437158469946,0.036269890316375605,654,I ordered the Tournedos ROSSINI... not the Wichita Bisque.
3092,4656,9,23,151,183,1.2240437158469946,0.038673668880689925,654,"A slight variation on Tempest in a Teapot, I presume?"
1735,4660,8,27,157,192,1.2239583333333333,0.036691321112923087,654,There is a fly in my soupnato
1184,4660,5,33,154,192,1.2239583333333333,0.03438954026396121,654,I said tinned fennel
6451,4660,8,27,157,192,1.2239583333333333,0.036691321112923087,654,Is this really the special?
6392,4660,5,33,154,192,1.2239583333333333,0.03438954026396121,654,Hazmat suit please.
5698,4660,6,31,155,192,1.2239583333333333,0.03517354121184868,654,"Global warming is becoming harder to ignore, now that extreme weather is showing up in the most unlikely of places."
5332,4660,5,33,154,192,1.2239583333333333,0.03438954026396121,654,Had it only been a fly in my soup.
6759,4660,4,35,153,192,1.2239583333333333,0.033587243973740986,654,So this is Tornado Soup?
4602,4660,8,27,157,192,1.2239583333333333,0.036691321112923087,654,When I ordered the East Alabama Special I was not expecting this!
4600,4660,3,37,152,192,1.2239583333333333,0.03276530842120354,654,"My soup is about to fly, Sir."
4232,4660,5,33,154,192,1.2239583333333333,0.03438954026396121,654,Does this mean my soup is going to Oz?
2922,4660,6,31,155,192,1.2239583333333333,0.03517354121184868,654,There's a swarm in my soup.
5215,4660,9,25,158,192,1.2239583333333333,0.03742713677035212,654,"Well, sir, you ordered the Tournedos of Beef."
6578,4660,10,23,159,192,1.2239583333333333,0.03814876260957428,654,"I believe I ordered the boeuf de torneados"""
4209,4673,5,37,168,210,1.223809523809524,0.032542785122729456,654,I must have misunderstood ‘du jour.’
4933,4673,9,29,172,210,1.223809523809524,0.03523218315728582,654,So it wasn't a misspelling?  You didn't really mean to list tournedos on the menu?
6324,4673,9,29,172,210,1.223809523809524,0.03523218315728582,654,May I please have some hot sauce?
4351,4676,6,22,124,152,1.2236842105263157,0.04090021396894979,654,There is a whole town of flies in my soup.
1413,4677,7,24,139,170,1.223529411764706,0.03891402714932127,654,"My God, essence of parsnip!"
5938,4678,7,26,146,179,1.223463687150838,0.03760677369795993,654,"Tomato Tornado, sir"
1883,4678,7,26,146,179,1.223463687150838,0.03760677369795993,654,What time do you close?
3774,4678,9,22,148,179,1.223463687150838,0.039240423357111254,654,"Waiter, there’s a giant carrot in my soup.”"
4091,4678,9,22,148,179,1.223463687150838,0.039240423357111254,654,You forgot to add the deniers
4605,4678,7,26,146,179,1.223463687150838,0.03760677369795993,654,"It's our signature dish "" Welcome Home"". Just click your heels together three times . You'll swear your aunt made it ,otherwise , it's on the house."
1494,4683,4,34,150,188,1.2234042553191489,0.033990245967474984,654,"Soup #1 on the menu is Tornado, not Tomato."
1475,4683,3,36,149,188,1.2234042553191489,0.03314283523620865,654,Someone was a little too enthusiastic with the pepper grinder.
2581,4685,7,30,160,197,1.2233502538071066,0.03532147607819449,654,Ordering the FEMA course is really chefs choice
4188,4685,6,32,159,197,1.2233502538071066,0.034580475757988,654,Beef Tournedos are the specialty of the house.
4938,4685,7,30,160,197,1.2233502538071066,0.03532147607819449,654,I should have specified that I wanted a *pepper* twister.
392,4688,5,36,165,206,1.2233009708737863,0.032906470310526424,654,"sir, if your establishment does not get this eldritch tentacle out of my soup, i shall be forced to give you three stars in the zagat review! i would go lower but your hors d'ouvres were phenomenal, and your wine perfectly paired."
3661,4688,11,24,171,206,1.2233009708737863,0.03697288154425073,654,"I’m sorry, I ordered the  tournado!"
2448,4690,4,27,126,157,1.2229299363057324,0.037909101286717733,654,"I ordered the hot and sour soup, but I didn't think it would be intense enough to create its own weather."""
4528,4690,5,25,127,157,1.2229299363057324,0.038971262202996855,654,"Watercress, not waterspout!"
1396,4692,8,21,137,166,1.2228915662650603,0.040421750679676884,654,I think you were too aggressive with the pepper mill.
594,4693,6,27,142,175,1.2228571428571429,0.03727524719547092,654,Do I use a spoon or a straw?
2152,4693,9,21,145,175,1.2228571428571429,0.039830746772547866,654,"I would like to cancel the Hurricane Steak special"""
3398,4693,8,23,144,175,1.2228571428571429,0.03899752483770018,654,This definitely is not tournedos of beef!
6755,4696,8,25,151,184,1.2228260869565217,0.03770254181595899,654,This is just a starter. Wait until the main course!
5789,4696,7,27,150,184,1.2228260869565217,0.03690643748916387,654,How about I click my heels together three times and *you* go back to Kansas!
1326,4696,7,27,150,184,1.2228260869565217,0.03690643748916387,654,Would you care for a fresh glass of waterspout?
4749,4696,9,23,152,184,1.2228260869565217,0.038482180169874876,654,Perfect ! Now bring me the tempest in a teapot and  the eggs sunny side up.
330,4700,7,29,157,193,1.2227979274611398,0.03577256507289806,654,There's a problem with my dinner but I don't know what it is.
1187,4700,6,31,156,193,1.2227979274611398,0.035010056351656944,654,"Excuse monsieur, je requeste ‘le tomato’ bisque”"
2459,4700,8,27,158,193,1.2227979274611398,0.036519156316148084,654,May I have a soup spoon please?
3375,4700,6,31,156,193,1.2227979274611398,0.035010056351656944,654,This soup is a real killer.
4926,4700,5,33,155,193,1.2227979274611398,0.034230566451603786,654,And people think being a wizard is fun...
5394,4700,6,31,156,193,1.2227979274611398,0.035010056351656944,654,Don’t run the heat and the air conditioning at the same time.
4596,4706,9,27,166,202,1.2227722772277227,0.03612125107456791,654,I ordered Tournedos Rossini.  What is this -- the William Tell Overture?
3956,4706,10,25,167,202,1.2227722772277227,0.03679678568028704,654,Excuse me I ordered pea soup not bee soup
4509,4706,7,31,164,202,1.2227722772277227,0.034730785547896326,654,"I said ""tomato"" soup, you idiot - not ""tornado!"""
5878,4706,5,35,162,202,1.2227722772277227,0.03328227982509544,654,The tornado likes your soup.
2039,4710,10,26,171,207,1.2222222222222223,0.03616694460205838,654,You never said 'when'.
2387,4710,7,26,147,180,1.2222222222222223,0.037417864161164195,654,"Waiter, there's a fly caught in my tornado soup."
5349,4710,8,28,162,198,1.2222222222222223,0.03588246372462228,654,Can I get this in a box? My wife has only left me frozen casserole this week.
3929,4710,9,24,156,189,1.2222222222222223,0.03776168280619968,654,So I guess molecular gastronomy's over now?
2005,4710,5,28,138,171,1.2222222222222223,0.0368876703724877,654,"I thought the ""Dust Bowl"" was a salad, not the soup du jour."
2741,4710,5,32,152,189,1.2222222222222223,0.0346524966926867,654,"Excuse me,  I ordered the Tornado Shrimp........."
1888,4710,9,28,170,207,1.2222222222222223,0.03551261418936883,654,"The bean soup will make you a bit ""windy."""
3573,4710,6,38,181,225,1.2222222222222223,0.031775779712964455,654,Apparently the chef has a unique definition of “spicy.”
1851,4710,6,24,132,162,1.2222222222222223,0.039161520936124516,654,That's our new Dark & Stormy.
1750,4710,5,32,152,189,1.2222222222222223,0.0346524966926867,654,"No, I did not say the 'tornado-bisque' soup."
1529,4710,7,28,154,189,1.2222222222222223,0.036240448502969015,654,"I ordered Vitello Tonnato, not Tornado"
1046,4710,7,28,154,189,1.2222222222222223,0.036240448502969015,654,It is the inverse of an immersion blender!
1876,4710,7,28,154,189,1.2222222222222223,0.036240448502969015,654,My friends told me it can raise quite a storm.
369,4710,4,32,144,180,1.2222222222222223,0.034840735053827024,654,I ordered the lentil and fennel.
246,4710,5,30,145,180,1.2222222222222223,0.03572044324363514,654,"I asked for extra spicy, not extra windy!"
5205,4710,6,30,153,189,1.2222222222222223,0.03545536373197299,654,Did you order this to go?
1651,4726,9,25,160,194,1.2216494845360826,0.03707606630595229,654,The soup is satisfactory but I am starting to think I shouldn’t have ordered a Mudslide to drink.
5082,4726,5,33,156,194,1.2216494845360826,0.03407302294649959,654,I thought the Climate Change Special was only served on Sundays!
5939,4726,6,31,157,194,1.2216494845360826,0.0348480536431428,654,The aroma is quite breathtaking.
4762,4729,3,35,147,185,1.2216216216216216,0.033373537330256206,654,"Very interesting, but I ordered the beef tournado."
958,4729,3,35,147,185,1.2216216216216216,0.033373537330256206,654,Are you sure this is Texas chili?
5,4731,6,27,143,176,1.2215909090909092,0.037084474709274375,654,You promised lightning service .. but you've brought me whirlwind.
2298,4731,7,25,144,176,1.2215909090909092,0.037949879175010234,654,There's a hair in my soup.
2489,4731,6,27,143,176,1.2215909090909092,0.037084474709274375,654,"Waiter!  I asked for the tomato bisque, tomato, understand?!"
4964,4731,2,35,139,176,1.2215909090909092,0.0333993713222652,654,"The blender was on the fritz, sir, so we improvised."
6518,4731,6,27,143,176,1.2215909090909092,0.037084474709274375,654,"I don't mean to be picky, but this soup really blows."
3095,4736,7,23,137,167,1.221556886227545,0.039293594294012045,654,"Revelations” was the chef’s inspiration? Well then, desert had better not be Death by Chocolate.."
1183,4737,6,32,161,199,1.221105527638191,0.03426864904238986,654,I had asked for toMATo soup!
5849,4737,5,34,160,199,1.221105527638191,0.033519866683234194,654,But I asked for tomato - not tornado - soup!
6480,4739,8,26,156,190,1.2210526315789474,0.036832158421738134,654,But I didn’t order the Perfect Storm soup.
6127,4739,6,30,154,190,1.2210526315789474,0.03528765094094845,654,"Would you like a side of cow with that, sir?"
2830,4739,8,26,156,190,1.2210526315789474,0.036832158421738134,654,"As soon as the tornado dies down I will have a look, sir."
5369,4739,7,28,155,190,1.2210526315789474,0.03606817297101584,654,"He's gone, but he said the soup's good."
2468,4739,8,26,156,190,1.2210526315789474,0.036832158421738134,654,"Will this soup turn my stomach?

Jonathan Siegel
Richmond Hill, Ontario, Canad"
2060,4739,7,28,155,190,1.2210526315789474,0.03606817297101584,654,This new soup recipe has taken the culinary world by storm.  But you need rain gear to eat it.
460,4739,5,32,153,190,1.2210526315789474,0.03448946964499921,654,The Chef calls it Consummé with a twist...
2608,4739,6,30,154,190,1.2210526315789474,0.03528765094094845,654,And this really is your favorite thing on the menu?
1016,4747,7,26,148,181,1.2209944751381216,0.037230810373704244,654,I ordered a tournedos!...
1614,4747,4,32,145,181,1.2209944751381216,0.034669455987477255,654,"Um, I believe I asked for the hurricane chowder?"
2807,4747,7,26,148,181,1.2209944751381216,0.037230810373704244,654,"A little wind after Sopa de Garbanzos I can handle, but during?"
4699,4747,4,32,145,181,1.2209944751381216,0.034669455987477255,654,Where's the storm warning?!
5156,4747,4,32,145,181,1.2209944751381216,0.034669455987477255,654,"Yes, I'm sorry about wine. We are out of the tempest in a teapot"
5547,4752,5,28,139,172,1.2209302325581395,0.036695331680691286,654,"""It's the Soup of the Day: Tornado Tomato"""
910,4753,9,31,182,222,1.2207207207207207,0.03384046717037419,654,I distinctly remember ordering a teapot.
3274,4754,9,27,168,204,1.2205882352941178,0.03579941105424083,654,"I asked for tomato soup, not tornado"""
3289,4754,5,35,164,204,1.2205882352941178,0.03299116717041719,654,A tourbouillon extraordinaire!
1911,4754,5,35,164,204,1.2205882352941178,0.03299116717041719,654,"Excuse me waiter, I ordered tomato soup, not tornado."
1730,4754,13,19,172,204,1.2205882352941178,0.03840284562886699,654,But how am I going to Instagram this?
2599,4754,6,33,165,204,1.2205882352941178,0.03371516411657275,654,It's not like they are in the soup.
824,4759,11,21,163,195,1.2205128205128206,0.03830879884144502,654,"Excuse me waiter, there's a fly in my soup"
2445,4759,3,37,155,195,1.2205128205128206,0.03232057109385042,654,"I know climate change affects how we eat, but this is ridiculous."
4793,4761,10,21,155,186,1.2204301075268817,0.038859939557268866,654,What's in this shit?
4,4761,7,27,152,186,1.2204301075268817,0.036547598910067806,654,"I ordered a tempest in a teapot, not a tornado in my tureen!"
3952,4761,7,27,152,186,1.2204301075268817,0.036547598910067806,654,"So, was I right? Is the special tonight totally ‘up your alley’?"
2988,4764,5,29,143,177,1.2203389830508475,0.036015060828470905,654,"So, uh ... I have a bit of a complaint..."
2282,4764,4,31,142,177,1.2203389830508475,0.03511243755552559,654,Can I order the Denial Wine Flight with the Global Warming tasting menu?
3938,4764,9,21,147,177,1.2203389830508475,0.03941941080266882,654,This carrot soup is out of control!
1685,4764,6,27,144,177,1.2203389830508475,0.03689560870708377,654,"This is the second time this has happened, I gonna have to ask for a different table."
5844,4768,5,27,136,168,1.2202380952380953,0.03721253782080273,654,I thought you said the soup had toranados of beef?
2544,4768,3,31,134,168,1.2202380952380953,0.0352448715731133,654,I thought the menu said 'tortilla' soup.
3534,4768,5,27,136,168,1.2202380952380953,0.03721253782080273,654,I want to speak with the manager. This is a waterspout. I specifically requested a tornado!
1062,4768,7,23,138,168,1.2202380952380953,0.03908126110969422,654,Do you have doggy bags?
5070,4772,5,25,129,159,1.220125786163522,0.038530236867996566,654,This is the chef's tournedos of soup?
3122,4773,8,28,164,200,1.22,0.035557300348032624,654,is this something to do with global warming?
4674,4773,5,34,161,200,1.22,0.03337016390723875,654,Can you bring me a spoon?
6678,4773,10,24,166,200,1.22,0.036943526098668696,654,"The touchdown was good,The splatter is a bit much. Can you slow it down a bit?"
2301,4776,6,30,155,191,1.219895287958115,0.035121486557588316,654,Flambé is SO last year!
1583,4776,10,22,159,191,1.219895287958115,0.03813089589798399,654,Our chef ‘s gazpacho always  has that added zip.
1862,4776,3,36,152,191,1.219895287958115,0.03268308453984768,654,There are macro AND micro climates.
1919,4776,5,32,154,191,1.219895287958115,0.03432793639330579,654,Is this the beef tournedos?
2219,4776,5,32,154,191,1.219895287958115,0.03432793639330579,654,Our Chef is a native Floridian.
4905,4776,7,28,156,191,1.219895287958115,0.03589749878482992,654,Your  Climate Change Chowder has too much oregano.
73,4782,5,30,147,182,1.2197802197802199,0.0353687699524347,654,Well it does say 'a la trombe' on the menu Sir...
3363,4782,7,26,149,182,1.2197802197802199,0.03704558575240004,654,The menu did not mention any fusion-cuisine dishes...
5152,4784,6,26,141,173,1.2196531791907514,0.037414229191567956,654,"We upgraded your Shark Fin Soup to the Sharknado consomé, with ze compliments de la maison."
3251,4784,4,30,139,173,1.2196531791907514,0.03557243140056352,654,"There appears to be a mistake, I ordered the tomato bisque."
3125,4784,8,22,143,173,1.2196531791907514,0.03916951896884303,654,Are you sure this weather system is local?
1982,4784,7,24,142,173,1.2196531791907514,0.038301930514333934,654,"I said brussels SPROUT  soup, not spout."
3050,4784,6,26,141,173,1.2196531791907514,0.037414229191567956,654,Could I have some of that mobile home baked bread?
6653,4789,7,31,167,205,1.2195121951219512,0.034272500426692845,654,How many Scovile units is this soup anyway
5933,4789,8,20,136,164,1.2195121951219512,0.04061547703765923,654,Remember that I ate tornado soups before they were mainstream
5194,4791,7,29,160,196,1.219387755102041,0.035278041360967724,654,Pardon Moi. I thought you said “Wild” not “Mild” on the soup.
1152,4791,5,33,158,196,1.219387755102041,0.03376215269724013,654,You did not mention the herbed yogurt funnel swirl.
5904,4791,4,35,157,196,1.219387755102041,0.03297808864980752,654,I thought you said the global warming soup came with tomatoes?
1032,4791,7,29,160,196,1.219387755102041,0.035278041360967724,654,that is NOT a tournedos!
104,4791,10,23,163,196,1.219387755102041,0.037436961328848994,654,"Waiter, they’re filming an all-fly production of “The Wizard of Oz” in my soup."
1063,4791,8,27,161,196,1.219387755102041,0.03601206500637452,654,This soup for storm chasers gives the menu a new twist.
6471,4797,4,33,150,187,1.2192513368983957,0.033916480026151295,654,"Waiter, I specifically asked you to hold the waterspout."""
4557,4797,10,21,156,187,1.2192513368983957,0.038669544281901974,654,I ordered the Brussels sprouts.
4202,4797,9,23,155,187,1.2192513368983957,0.03791876380767664,654,"Waiter, there's a cyclone in my fly soup!"
751,4797,7,27,153,187,1.2192513368983957,0.036370738735515794,654,That's not tomato!
2028,4797,11,19,157,187,1.2192513368983957,0.03940602315937993,654,"I didn't think you would come if I said, ""Waiter, there's a fly in my soup!"""
892,4797,5,31,151,187,1.2192513368983957,0.03475382890606342,654,And for dessert I’ll have the chocolate cake and to drink the Tempest in a Teapot
3525,4797,7,27,153,187,1.2192513368983957,0.036370738735515794,654,"Sorry, Sir. That one is spelled “T-O-U-R-N-E-D-O-S.”"
4796,4804,7,25,146,178,1.2191011235955056,0.037563318041738646,654,This is not a teapot
504,4805,7,32,171,210,1.2190476190476192,0.03372648401393019,654,This is definitely coming out of your tip.
2132,4805,10,26,174,210,1.2190476190476192,0.035695673740737593,654,The ground pepper is airborn.
6606,4805,6,34,170,210,1.2190476190476192,0.03304401999334813,654,You didn't have to split the peas that much!
6724,4805,6,34,170,210,1.2190476190476192,0.03304401999334813,654,"The soup gods are angry tonight, sir. I suggest you leave at once."
5010,4809,5,27,137,169,1.2189349112426036,0.03701463783126026,654,"Waiter, I can't eat my soup..."
6697,4809,6,25,138,169,1.2189349112426036,0.03795425920649814,654,I believe I ordered my food vortex free.
145,4809,8,21,140,169,1.2189349112426036,0.03976695296579084,654,How do I like the place?  Your soup is too hot and the room is too cold!
1383,4812,8,28,165,201,1.2189054726368158,0.035396882400588574,654,Don’t just stand there - put the plug back in!
2026,4812,8,28,165,201,1.2189054726368158,0.035396882400588574,654,"No monsieur, I said tomato brisk."
5199,4812,2,40,159,201,1.2189054726368158,0.03089387999255726,654,"It's warming your soup, sir."
6310,4812,7,30,164,201,1.2189054726368158,0.03468700102199673,654,This situation has no comic overtones.
6441,4812,5,34,162,201,1.2189054726368158,0.03322176323342597,654,You say the chef just got back from Alabama?
2288,4817,5,32,155,192,1.21875,0.03416787711217263,654,I think your self-stirring soup service may be a bit out of whack.
5717,4817,6,30,156,192,1.21875,0.03495684980325801,654,Remind me why I need ketchup?
138,4819,9,29,177,215,1.2186046511627906,0.03448808462023708,654,"And you're absolutely sure I won't need a napkin, right?"
5397,4820,8,24,151,183,1.2185792349726776,0.03766786946606721,654,"I asked for it in a tea pot, not a soup bowl."
395,4820,3,34,146,183,1.2185792349726776,0.033445809725990074,654,It’s trying to remove the fly from soup.
2072,4822,9,27,170,206,1.2184466019417475,0.035483168446706084,654,I ordered F-1.
5145,4823,4,30,140,174,1.2183908045977012,0.03538992317300875,654,"Pardon, but I odered a storm in a teacup, not a bowl."
4501,4823,5,28,141,174,1.2183908045977012,0.03631648978421153,654,"Excuse me, would you please wrap the rest in a doggie bag?"
1119,4823,5,28,141,174,1.2183908045977012,0.03631648978421153,654,I see the confusion but I'd still prefer for the Beef Tournedos in Mushroom Wine Sauce.
1645,4823,5,28,141,174,1.2183908045977012,0.03631648978421153,654,"At least the fly is not in your soup, sir."
4069,4823,7,24,143,174,1.2183908045977012,0.03810208611555669,654,May I exchange this for borscht?
2054,4828,9,25,163,197,1.218274111675127,0.03656145805933439,654,"I ordered a tempest in a teacup, not a cyclone in the soup."
4979,4828,5,33,159,197,1.218274111675127,0.033608789633811365,654,"Fresh pepper,bread,cheese and a barometer please."
6595,4828,11,21,165,197,1.218274111675127,0.03795174505621327,654,I was hoping you could at least mitigate the effects of climate change on my soup
6530,4831,5,26,134,165,1.2181818181818183,0.037545466177750446,654,Will this affect the flavor?
1671,4832,6,29,153,188,1.2180851063829787,0.03540097131442949,654,"But I ordered the F1 soup, not the F4!"
4960,4832,5,31,152,188,1.2180851063829787,0.03458814069258544,654,"I'm Clark Kent, reporter for the Daily Planet..."
6096,4832,3,35,150,188,1.2180851063829787,0.03290229307662512,654,Three weeks ago it was a fly...two weeks ago it was a cockroach...and now this. You really have outdone yourself this time Pierre. If I didn't know better I'd have to say that I have offended someone.
2030,4832,2,37,149,188,1.2180851063829787,0.03202610804117725,654,"I mean, I'm definitely not new to Szechuan soup, but ..."
5695,4836,6,27,146,179,1.217877094972067,0.03652348579514802,654,"Sorry Sir, it must have come from the teapot."
5421,4836,4,31,144,179,1.217877094972067,0.0347623879696523,654,Can I get this soup Toto?
4479,4836,7,25,147,179,1.217877094972067,0.037372927544765004,654,"Yes, our chili is considered an f-5.  It has a lot of ""get up and go"
2503,4836,4,31,144,179,1.217877094972067,0.0347623879696523,654,Is a genie going to come out of this bowl?
509,4836,6,27,146,179,1.217877094972067,0.03652348579514802,654,"I'm glad you got rid of the fly, but now could you get the tornado out of my soup?"
887,4841,9,26,167,202,1.2178217821782178,0.03593002903502544,654,Are you sure this is the Hurricane Soup?  It looks more like a tornado.
5858,4841,9,26,167,202,1.2178217821782178,0.03593002903502544,654,I just wanted the regular Shark Fin soup.
1359,4843,5,32,156,193,1.217616580310881,0.034009272310043547,654,We ran out of beef tournadeau so you got tornado.
5179,4843,4,34,155,193,1.217616580310881,0.03320629815125683,654,"I beg your pardon, but the menu said ""tortellini."""
5705,4845,9,27,171,207,1.2173913043478262,0.03532710165117378,654,I thought you said the soup du jour was tomato soup.
4108,4845,6,28,150,184,1.2173913043478262,0.03586173481994093,654,It's a bit too spicy.
3839,4845,6,28,150,184,1.2173913043478262,0.03586173481994093,654,Can you please turn down the air pressure in here?
5365,4845,3,34,147,184,1.2173913043478262,0.033284747716755145,654,Awarded Le Michelin Storm Soupe Sir.
1308,4845,5,30,149,184,1.2173913043478262,0.035023813228333485,654,"Well, that gives new meaning to ""stirring the soup."""
3126,4845,8,24,152,184,1.2173913043478262,0.03748142322245667,654,"I ordered the tournedos of beef, not whatever this is"""
164,4845,6,28,150,184,1.2173913043478262,0.03586173481994093,654,I asked for a category 0.
5008,4845,10,20,154,184,1.2173913043478262,0.0390339614856866,654,"Waiter, and elephants trunk is in my soup"
1279,4845,5,30,149,184,1.2173913043478262,0.035023813228333485,654,I'm sorry sir. We're fresh out of the Australian counterclockwise soup. I hope this will do.
767,4845,4,32,148,184,1.2173913043478262,0.03416534738313972,654,"Sir, the hot and cold aspects of the soup aren't mixing well..."
3048,4855,5,33,160,198,1.2171717171717171,0.03345678422756777,654,I thought it said Water Sprout Soup....
6850,4855,6,31,161,198,1.2171717171717171,0.03421447900815264,654,"Airplane themed restaurant, Yes! Jet engines for ceiling fans, No!"
2087,4857,2,34,139,175,1.217142857142857,0.03329155251589511,654,"Our soup de jour is from Toronado , Spain"
2582,4857,6,26,143,175,1.217142857142857,0.037027736210653785,654,May I please have some oyster crackers.
3537,4857,8,22,145,175,1.217142857142857,0.03876101313006848,654,"'You might think I'm making a tempest in a teacup, but I just can't eat this."""
5348,4857,6,26,143,175,1.217142857142857,0.037027736210653785,654,"Waiter, what's this tornado doing in my soup?""
""The Twist?"
5503,4861,5,31,153,189,1.216931216931217,0.034423992511564215,654,The chef said to wish you luck.
3568,4861,11,19,159,189,1.216931216931217,0.039022237281007996,654,My ex wife takes half of everything
5309,4861,6,29,154,189,1.216931216931217,0.03523206708051733,654,Is this the 'Climate Change Soup' I ordered?
5360,4861,7,27,155,189,1.216931216931217,0.03602201883703794,654,Is this the authentic tomato tornado soup?
6211,4865,4,28,134,166,1.216867469879518,0.036350877732882605,654,"May I remind you that etiquette is the noise you don't make when
eating soup?"
3206,4866,9,26,168,203,1.2167487684729064,0.03576869382998869,654,I am sorry but I ordered the to-mato soup!
3812,4867,4,31,145,180,1.2166666666666666,0.034589909293801936,654,I asked for EF - 1 spicy. I think this is at least EF - 2.
3471,4868,9,24,161,194,1.2164948453608246,0.036873142875701544,654,"No it’s alright, I don’t think I even need a spoon."
5303,4868,7,28,159,194,1.2164948453608246,0.03539486919776026,654,People at the next table ordered butterfly's wings.
1890,4870,8,21,142,171,1.2163742690058479,0.03934191718914791,654,I suppose this means there is a fly in my teacup.
3446,4870,4,29,138,171,1.2163742690058479,0.0356733605047262,654,A bit too spicy you say?
4801,4870,6,25,140,171,1.2163742690058479,0.037552463952568615,654,"When I ordered the pepper pot soup with a twist, I didn’t expect a twister."
4822,4870,3,31,137,171,1.2163742690058479,0.03469566543670485,654,But I ordered the soup with a tournedo...
6170,4870,4,29,138,171,1.2163742690058479,0.0356733605047262,654,'The Funnel cake is not quite done...'
1913,4875,6,33,169,208,1.2163461538461537,0.03313220504118319,654,"This is not about climate change, dammit!"
5363,4875,5,35,168,208,1.2163461538461537,0.03242363146662245,654,I thought I ordered the gazpacho.
3458,4877,7,26,152,185,1.2162162162162162,0.036500628325222786,654,"I know it said whirling dervish soup,but how do you eat it?"
3040,4877,6,28,151,185,1.2162162162162162,0.035686712675105876,654,Soup du jour: The Great Plain Soup
2432,4877,3,34,148,185,1.2162162162162162,0.03312519044192927,654,"Better than a fly in your soup, sir!"
3046,4877,4,32,149,185,1.2162162162162162,0.03400048012005971,654,Can I get the tomato-tornado to go?
623,4881,6,31,162,199,1.2160804020100502,0.03405960086651682,654,"This is not what I meant when I asked for a tornado of vegetables in my soup"""
1661,4881,4,35,160,199,1.2160804020100502,0.03253519204997944,654,We call it our “Wizard of Oz” delivery system.
3299,4881,8,27,164,199,1.2160804020100502,0.035518644408870974,654,"This dish is called 'The Washington"""
2821,4884,9,28,176,213,1.215962441314554,0.034602166710810206,654,"I actually asked for spaghetti, sorry."
1540,4885,8,22,146,176,1.2159090909090908,0.03855989376696924,654,The chef's from Alabama.
3068,4885,3,32,141,176,1.2159090909090908,0.034090909090909095,654,Sorry for the mix up.
3691,4885,5,28,143,176,1.2159090909090908,0.03594523907994991,654,Ever since we pulled out of the Paris Accord your French Onion Soup has been a joke.
4386,4885,5,28,143,176,1.2159090909090908,0.03594523907994991,654,"Waiter, there’s a fly in my tornado soup!"
6182,4889,6,29,155,190,1.2157894736842105,0.03506473767011209,654,"May I have a word with the chef?"" -Markell West, Laurel, Marylan"
5875,4889,8,25,157,190,1.2157894736842105,0.036618648431469634,654,"On second thought, I’ve changed my mind about the volcano beef."
4713,4889,7,27,156,190,1.2157894736842105,0.03585011325520013,654,Im sorry if I wasn’t clear; it’s typhoon coconut soup.
3429,4889,10,21,159,190,1.2157894736842105,0.03810925081947124,654,Didn’t think climate change went this far
1840,4889,5,31,154,190,1.2157894736842105,0.03426136359424242,654,I just love your Vichyswirl soup.
1524,4889,10,21,159,190,1.2157894736842105,0.03810925081947124,654,"Waiter, there’s a butterfly in my soup."
4492,4889,10,21,159,190,1.2157894736842105,0.03810925081947124,654,I couldn've sworn I asked to have the tornado on the side.
3783,4896,4,36,164,204,1.2156862745098038,0.03203918412000902,654,The tornado effect is only $2 extra
4367,4896,6,32,166,204,1.2156862745098038,0.033512679381957546,654,You weren't kidding about the special.
4988,4896,7,30,167,204,1.2156862745098038,0.034225646224708514,654,It's Haute Cuisine.
2160,4899,4,28,135,167,1.215568862275449,0.036155880681964556,654,Does it pair well with the tempest in a teacup?
5447,4899,7,22,138,167,1.215568862275449,0.039034373423517635,654,"Yes sir, tornado soup, our most popular climate change special."
4228,4901,5,29,147,181,1.2154696132596685,0.03529959692923228,654,...and the dreams that you dare to dream really do come truuuue.
6002,4901,5,29,147,181,1.2154696132596685,0.03529959692923228,654,"Customer,”This isn’t what I expected.” 
Waiter,”Just suck it up.”"
806,4901,7,25,149,181,1.2154696132596685,0.03699778711999317,654,"Twister, schmister, waiter.  It's still the same old joke, and I still need a spoon!"
825,4901,4,31,146,181,1.2154696132596685,0.03441909628623667,654,"Cheque, please."
883,4905,6,30,159,195,1.2153846153846153,0.03447190282572576,654,I thought you said the 'Surrender Dorothy'  soup came in Technicolor
904,4905,7,28,160,195,1.2153846153846153,0.03523038714705654,654,Chef wants your views on his new secret sriracha sauce!
2772,4905,6,30,159,195,1.2153846153846153,0.03447190282572576,654,"No matter if it's an F1 or F5,  I'd like you to 
substitute this with a Tempest in a Teapot!"
3351,4905,5,32,158,195,1.2153846153846153,0.03369634980707958,654,"Are you deaf, man? I said Brussels sprouts!"
4304,4905,5,32,158,195,1.2153846153846153,0.03369634980707958,654,Are there any warnings that come with  the Soupercell special ?
5146,4905,5,32,158,195,1.2153846153846153,0.03369634980707958,654,"I don't usually send my plate back, but I do feel you should have been more specific regarding the chef's ""twist"" on tomato soup."
5513,4911,4,37,168,209,1.215311004784689,0.0315641660234339,654,Does this contribute to global warming?
4628,4912,6,25,141,172,1.2151162790697674,0.03735468589012319,654,This carrot is in my soup!
247,4912,5,27,140,172,1.2151162790697674,0.03643313192611111,654,"No,  I ordered the Tournedos of beef 
and tomato soup."
5549,4914,8,24,154,186,1.2150537634408602,0.037113933250678514,654,"Waiter, what's this giant carrot doing in my soup?"
4441,4914,5,30,151,186,1.2150537634408602,0.03468538777399526,654,"I was not expecting this when I ordered a ""tournedo""!"
3465,4914,4,32,150,186,1.2150537634408602,0.03383716132101834,654,I thought I asked for TOMATO soup.
622,4914,3,34,149,186,1.2150537634408602,0.03296711767044277,654,"Big carrot, huh?"
4340,4914,3,34,149,186,1.2150537634408602,0.03296711767044277,654,"...DON'T BLAME IT ON CLIMATE CHANGE, YOU TOLD ME TODAY'S SPECIAL WAS CLOUDY WITH A CHANCE OF MEATBALLS"
4787,4919,5,28,144,177,1.2146892655367232,0.035762391363413255,654,I'll turn down the air conditioning
6390,4919,7,24,146,177,1.2146892655367232,0.037514681216898105,654,"Is everything to your liking, sir?"
921,4921,7,27,157,191,1.2146596858638743,0.03567981402241394,654,Was the twister generated by a local weather system?
4608,4921,9,23,159,191,1.2146596858638743,0.037192369253088255,654,"So today's ""Redneck Special"" includes a real trailer park ?"
6590,4921,7,27,157,191,1.2146596858638743,0.03567981402241394,654,Wait. No. I asked for the tomato soup.
5664,4924,6,27,149,182,1.2142857142857142,0.035978923608813655,654,"Climate change, sir.  Climate change."
6570,4924,5,26,137,168,1.2142857142857142,0.036940732306882766,654,And for my entree I like beef tournedos.
6244,4924,8,26,162,196,1.2142857142857142,0.03580574370197164,654,I think you brought the 5-alarm chili instead of my all-is-well pea soup.
5667,4924,10,22,164,196,1.2142857142857142,0.03723853554539534,654,I would have preferred a soup spoon.
5344,4924,4,34,158,196,1.2142857142857142,0.032752660762486174,654,Would you happen to have a straw?
5957,4924,6,27,149,182,1.2142857142857142,0.035978923608813655,654,"There must be some mistake, waiter.  I distinctly recall ordering the 'tempest in a teapot' special."
5027,4924,6,24,138,168,1.2142857142857142,0.0378933200287133,654,A spoon would suffice.
4935,4924,6,27,149,182,1.2142857142857142,0.035978923608813655,654,From which Tornado Alley farm was this grown?
2824,4924,6,27,149,182,1.2142857142857142,0.035978923608813655,654,"Waiter, there's a rare weather phenomenon flying out of my soup."
2334,4924,5,32,159,196,1.2142857142857142,0.033541994734656085,654,Tornado Tomato.
1592,4924,7,28,161,196,1.2142857142857142,0.03506740164731466,654,"Even the soup is trying to escape this ridiculous establishment, 1 star."
727,4924,7,22,139,168,1.2142857142857142,0.03882254116139484,654,The soup comes with the chef's special whipped cream.
72,4924,8,23,151,182,1.2142857142857142,0.03762855936438472,654,I'm glad i didn't go for the matzo balls soup.
5268,4924,5,26,137,168,1.2142857142857142,0.036940732306882766,654,"Yeah, that pretty much sums up my life in a soup bowl."
5733,4938,9,28,178,215,1.213953488372093,0.034308817660235524,654,I touched the bowl and out came the cock-a-leekie geenie.
2429,4939,8,27,166,201,1.2139303482587065,0.03519702717576915,654,Are you sure about the free range chicken
5457,4939,5,33,163,201,1.2139303482587065,0.033008741125170896,654,"Waiter, there's been a mistake. I ordered tournedos medium- rare."
902,4941,10,20,157,187,1.213903743315508,0.03845824460798083,654,I did not realize the Climate Change Special would be this messy
962,4941,7,26,154,187,1.213903743315508,0.03614600336862234,654,May I have the chef's recipe for the tournedos de bouef?
3055,4941,4,32,151,187,1.213903743315508,0.03367536994186743,654,"Waiter, I think there’s a fly in my soup."
6815,4941,6,28,153,187,1.213903743315508,0.035341654647976624,654,We're all out of the Tempest in a Teapot. This is our Twister in a Tomato Bisque.
2951,4945,5,27,141,173,1.2138728323699421,0.03624326017152717,654,"Unfortunately, your ""Climate-Change Bisque' is well-named."
3090,4945,7,23,143,173,1.2138728323699421,0.03805260277710824,654,"On second thought, cancel the ""Tempest in a Teapot."""
1674,4947,8,28,170,206,1.2135922330097086,0.034615694587948526,654,What's a fly doing in my soup?
1803,4947,8,28,170,206,1.2135922330097086,0.034615694587948526,654,I believe you misunderstood. I ordered to-MAT-o soup.
2673,4949,4,33,155,192,1.2135416666666667,0.033127414655095826,654,"No,no,no! Tournedos,please. With bernaise sauce."
2690,4949,6,29,157,192,1.2135416666666667,0.03473471815576852,654,"…..but I asked for tournedos, not soup!"
2962,4949,9,23,160,192,1.2135416666666667,0.03701504033235276,654,"Sir, when I asked for a way to stir my soup, this is NOT what I meant!"
3079,4949,8,25,159,192,1.2135416666666667,0.03627086556715586,654,I guess this elephant is hungry.
3151,4949,4,33,155,192,1.2135416666666667,0.033127414655095826,654,"I don't care if I'm not in Kansas anymore, ""Dorothy Soup"" is scaring me!"
3427,4949,6,29,157,192,1.2135416666666667,0.03473471815576852,654,"You ordered it smoking hot, right?"
3630,4949,2,37,153,192,1.2135416666666667,0.031438043165894415,654,Storm soup should be served in a tureen!
5998,4949,3,35,154,192,1.2135416666666667,0.03229377772753831,654,"Tournedos d’plume, sir"
6772,4949,9,23,160,192,1.2135416666666667,0.03701504033235276,654,"Well, I thought, 'Whirlwind, $12,' that must be an adjective here, maybe a verb or adverb, but not a noun"
4716,4958,7,24,147,178,1.2134831460674158,0.03732282270874226,654,"You can adjust it with the SOUP app on your iPhone, Sir.
His flambé creations require OS10 or later"
4167,4958,5,28,145,178,1.2134831460674158,0.03558135959755589,654,"It was just a fly, for goodness sake."
1191,4958,5,28,145,178,1.2134831460674158,0.03558135959755589,654,Will an umbrella be provided before the entree comes out?
3388,4958,4,30,144,178,1.2134831460674158,0.034677848531040244,654,I think perhaps too much pepper!
3633,4958,4,30,144,178,1.2134831460674158,0.034677848531040244,654,I thought it said Tournedos Stew.
926,4963,6,23,135,164,1.2134146341463414,0.03845478260807896,654,I warned you about global warming!
2375,4963,4,27,133,164,1.2134146341463414,0.03645732995242712,654,The chef went way too heavy on the Habanero peppers!
4314,4963,4,27,133,164,1.2134146341463414,0.03645732995242712,654,"This is our seasonal ""climate change"" plat du jour, sir."
1196,4966,8,29,174,211,1.2132701421800949,0.0340598473643109,654,No magnetic stirrer next time.
1706,4967,8,26,163,197,1.2131979695431472,0.03564012796862416,654,"I’ve heard of a tempest in a teapot, but isn’t this taking it to extremes?"
1848,4967,6,30,161,197,1.2131979695431472,0.034155877740625624,654,We recommend a vigorous stir.
2874,4967,7,28,162,197,1.2131979695431472,0.0349058928109028,654,"I had ordered the Climate Change Chili, not the Cyclone Soup."
5084,4967,5,32,160,197,1.2131979695431472,0.03338901938570366,654,"Excuse me, but I believe I ordered the tomato soup"
5711,4971,6,27,150,183,1.2131147540983607,0.03580093207207664,654,"Waiter, there's a hole in my Soufflé!"
6814,4971,4,31,148,183,1.2131147540983607,0.03408237457213372,654,You call this hurricane soup!? This is tropical storm stew at best.
3437,4971,4,31,148,183,1.2131147540983607,0.03408237457213372,654,"Our North Korean kimchi has a half life of 10,000 years."
5120,4971,5,29,149,183,1.2131147540983607,0.034952217338136596,654,"No, no, no, I said TOMATO!  Take this back before it whisks me away to Oz."
1832,4975,7,22,140,169,1.21301775147929,0.03861296242692682,654,It’s an ixnay on the doggie bag.
5730,4975,5,26,138,169,1.21301775147929,0.03674338186822071,654,Haute cuisine?
935,4977,8,24,156,188,1.2127659574468086,0.03675347761037063,654,I'd like to add you to my LinkedIn network
1388,4977,6,28,154,188,1.2127659574468086,0.03517157274825884,654,"Not to worry sir, you won’t even notice the spice!"
1517,4977,4,32,152,188,1.2127659574468086,0.0335150853007435,654,"Never thought I would wish to be able to address you with  a ""Waiter, there is a fly in my soup."""
3508,4977,8,24,156,188,1.2127659574468086,0.03675347761037063,654,You know very well I ordered the tournedos.
5918,4977,5,30,153,188,1.2127659574468086,0.03435331477675901,654,"Yes sir, but I think I said funnel cake, not funnel storm..."
730,4982,4,29,141,174,1.2126436781609196,0.035121865115768244,654,I'll get the chef.
3856,4982,7,23,144,174,1.2126436781609196,0.03785323913981543,654,"Excuse me, but I thought I was very clear that I only wanted a tempest in a teapot."
1880,4984,5,34,168,207,1.21256038647343,0.0323578029874263,654,I thought this was supposed to be TOURNEDO soup and you just spelled it wrong on the menu.
3236,4985,11,19,163,193,1.2124352331606219,0.03827641667979622,654,Seriously? You needed to one-up “a fly in my soup”?
2494,4985,6,29,158,193,1.2124352331606219,0.03457198639220377,654,Can I have a spoon please?
1303,4985,6,29,158,193,1.2124352331606219,0.03457198639220377,654,Diners say the chef just blows them away.
134,4988,7,24,148,179,1.2122905027932962,0.03713288736778854,654,"I ordered watercress, not water spout..."
534,4988,7,24,148,179,1.2122905027932962,0.03713288736778854,654,Well some times you may order F1 tornado soup but it turns into F3 tornado sir.
2995,4988,7,24,148,179,1.2122905027932962,0.03713288736778854,654,"I wanted the tomato, not the tornado soup"
262,4991,5,35,172,212,1.2122641509433962,0.03187489559417378,654,"...you asked for hot, Sir."
3536,4991,6,33,173,212,1.2122641509433962,0.03256869187994087,654,I believe there's a fly in my soup.
1150,4993,6,30,162,198,1.2121212121212122,0.03399998985484324,654,"We call it our ""Cyclone Chowder."""
1660,4993,7,28,163,198,1.2121212121212122,0.03474584109039142,654,No tablespoon? What do you expect me to stir the soup with?
1941,4993,7,28,163,198,1.2121212121212122,0.03474584109039142,654,"Uh, waiter, what I ordered was water SPROUT soup"
2098,4993,7,28,163,198,1.2121212121212122,0.03474584109039142,654,"You know, spinning doesn’t make it a Michelin"
5166,4993,7,35,189,231,1.2121212121212122,0.03146646690598826,654,"It's supposed to be windy, sir"
6307,4998,6,27,151,184,1.2119565217391304,0.03562466342939298,654,I can see why this soup is the special of the day
5384,4998,8,23,153,184,1.2119565217391304,0.03725466020436478,654,I do believe that there is an elephant in the room!
4910,4998,6,27,151,184,1.2119565217391304,0.03562466342939298,654,They are not called tornadoes when the form over soup.
3927,4998,3,33,148,184,1.2119565217391304,0.03302918483295952,654,There's quite a lemony twist to it
2746,4998,5,29,150,184,1.2119565217391304,0.03478103093950716,654,"See, even from outer space they come for your soup!!!!"
1073,4998,7,25,152,184,1.2119565217391304,0.03644877468036621,654,"Is this part of the ""Giant Sucking Sound"" that Ross Perot predicted?"
2794,4998,5,29,150,184,1.2119565217391304,0.03478103093950716,654,Oh silly me! I thought you said Tournedos was the special.
3127,5005,6,31,166,203,1.2118226600985222,0.03345361213162285,654,Tastes like chicken.
3287,5005,5,33,165,203,1.2118226600985222,0.03271652204027249,654,"I said “tortilla” soup, not “tornado” !"
153,5007,4,28,138,170,1.2117647058823529,0.03558299231011312,654,"Uh, I ordered Tomato not Tornado."
3989,5008,10,20,159,189,1.2116402116402116,0.03808366617244279,654,We call it Climate Change Pasta.
4089,5008,7,26,156,189,1.2116402116402116,0.03579809713021815,654,I ordered the soup WITHOUT the tornado.
4147,5008,4,32,153,189,1.2116402116402116,0.03335628707088069,654,I asked for the Fumé
5415,5008,7,26,156,189,1.2116402116402116,0.03579809713021815,654,"Tournedos, young man! Which high school did you graduate from?"
5768,5008,4,32,153,189,1.2116402116402116,0.03335628707088069,654,"No, it's a pepper twister"
6735,5013,7,30,171,208,1.2115384615384615,0.03362895241114401,654,"Pardon me, but I believe I ordered soup au tournedo."
6504,5013,5,23,128,156,1.2115384615384615,0.03859571302710641,654,"Sorry, sir, it is not locally sourced."
1043,5013,7,30,171,208,1.2115384615384615,0.03362895241114401,654,"I’m quite certain I said ‘whether,’ not ‘weather.’"
858,5013,6,32,170,208,1.2115384615384615,0.032931069020961545,654,There’s a dog in my soup!
3164,5017,8,21,146,175,1.2114285714285715,0.038518177679231276,654,"Hopefully, this tornado potato soup won't bring on raining cats and dogs for dessert"
4703,5017,5,27,143,175,1.2114285714285715,0.035869285980535785,654,The Healthy Heart Tornado is sucking out all the flavor.
5258,5017,6,25,144,175,1.2114285714285715,0.03677345675545407,654,"I said ""turbot""...with a ""T."""
6047,5017,4,29,142,175,1.2114285714285715,0.034941726227558804,654,Parsnip soup?
6557,5017,5,27,143,175,1.2114285714285715,0.035869285980535785,654,"You gave me the wrong vortex.  I ordered the whirlpool, not the waterspout."
703,5022,6,29,159,194,1.211340206185567,0.03441074611780377,654,I requested tornado on the side.
989,5022,6,29,159,194,1.211340206185567,0.03441074611780377,654,It's our beef tornados.
3137,5022,4,33,157,194,1.211340206185567,0.03282175419411043,654,"Are you hard of hearing?  I asked for tomato soup,not tornado."
5551,5022,7,27,160,194,1.211340206185567,0.03517833706113207,654,There's a waterspout in my soup.
5970,5022,6,29,159,194,1.211340206185567,0.03441074611780377,654,I ordered the beef tournedos not a tornado!
3073,5027,5,35,173,213,1.2112676056338028,0.031740543180181914,654,"Excuse me, I ordered the gazpacho."
3523,5028,6,26,148,180,1.211111111111111,0.03609499234393096,654,"Is that so-called, ""Global Swarming?"""
2836,5028,5,28,147,180,1.211111111111111,0.03522463947122307,654,"I asked for a tempest, not a tornado!"
1362,5028,9,20,151,180,1.211111111111111,0.03858844660777108,654,This is tornado soup. I ordered cyclone soup.
651,5031,3,36,160,199,1.2110552763819096,0.031515724827850554,654,"The waterspout soup looks delicious. For my main course, I'll try the tsunami lobster."
3510,5031,3,36,160,199,1.2110552763819096,0.031515724827850554,654,"No, sir; it's just our chef's newest foray into the world of immersion blenders."
4288,5031,6,30,163,199,1.2110552763819096,0.033845493726800284,654,The bugs are for free; I didn’t charge it for that.
5812,5031,6,30,163,199,1.2110552763819096,0.033845493726800284,654,Is this what you call 'gastronomic?'”
4837,5035,6,34,178,218,1.2110091743119267,0.03195115614386689,654,I still maintain its a Chinese hoax.
3831,5036,3,29,134,166,1.2108433734939759,0.035035308913611334,654,More like the soup of the century.
2607,5037,4,31,150,185,1.2108108108108109,0.033752041492148756,654,Maybe a broth sprinkled with a little cumulus over it?
3155,5037,2,35,148,185,1.2108108108108109,0.03196390920595827,654,I thought the tournedos would be the entree.
5716,5039,7,22,142,171,1.2105263157894737,0.038200425866029626,654,"I’m sorry, sir, but that is a water spout in your soup, not a tornado."
2839,5039,9,22,159,190,1.2105263157894737,0.03715702617192329,654,You were out of Storm in a Tea Cup? And so you bring me Minestronado?
1666,5039,4,32,154,190,1.2105263157894737,0.03319895527357003,654,I recommend moving out of Alabama.
383,5039,4,32,154,190,1.2105263157894737,0.03319895527357003,654,Can I swap my napkin for another tablecloth?
1521,5039,6,24,141,171,1.2105263157894737,0.037289047812214544,654,I’d like some extra napkins with my Soupnado.
359,5039,5,30,155,190,1.2105263157894737,0.03402742164480584,654,"No, I said TORTILLA soup."
1594,5039,5,26,140,171,1.2105263157894737,0.036354829626023814,654,"Do you honestly expect me to eat this soup, with a dessert spoon?"
1430,5039,5,30,155,190,1.2105263157894737,0.03402742164480584,654,"Waiter, I specifically asked for the Cream of Chicken and NOT the Vortex of Doom Soup."
5979,5047,6,29,160,195,1.2102564102564102,0.034250977391499196,654,I love tormato soup.
2981,5048,8,21,147,176,1.2102272727272727,0.03831753477292584,654,"I ordered charcuterie, not Charybdis"
3189,5048,7,23,146,176,1.2102272727272727,0.03746062474304608,654,Today's special is twisted
3855,5048,3,31,142,176,1.2102272727272727,0.03381653658196026,654,I thought I was getting Tomato soup not tornado soup!
6744,5048,8,21,147,176,1.2102272727272727,0.03831753477292584,654,"'""As for your beverage, Tempest in a Teapot always pairs well."""
2325,5052,6,30,164,200,1.21,0.03369237123440535,654,"I'll take a dollop of shaved ice for my ""tornado-risotto"", please."
3383,5052,6,30,164,200,1.21,0.03369237123440535,654,Do you have oyster crackers? It's the only way I can eat this.
3872,5052,6,30,164,200,1.21,0.03369237123440535,654,Pepper? Just say when.
5015,5055,6,26,149,181,1.2099447513812154,0.03591396318441954,654,"Is another table available?
--It's So drafty here"
6242,5055,7,24,150,181,1.2099447513812154,0.03675867388545017,654,I ordered an EF-5. This is an ef-ing 3.”
5038,5057,8,27,170,205,1.2097560975609756,0.03457070458656611,654,"Our Chef is a BIG fan of the Wizard of Oz, and includes a spring mix witch resting upon a broomed-crostini, it’s truly breathtaking."
909,5057,8,27,170,205,1.2097560975609756,0.03457070458656611,654,The Soup Nazi joined the circus.
3592,5057,7,29,169,205,1.2097560975609756,0.033871959021582757,654,"Omakase is always a risk, sir."
755,5060,8,23,155,186,1.2096774193548387,0.03688801933565217,654,I said no fresh pepper!
868,5060,5,29,152,186,1.2096774193548387,0.034443548803862356,654,"Sir, there’s a fly in my soup!"
2887,5060,8,23,155,186,1.2096774193548387,0.03688801933565217,654,It’s getting cold.
4045,5060,7,25,154,186,1.2096774193548387,0.03609159641439608,654,Are you feeling under the weather?
4361,5060,6,27,153,186,1.2096774193548387,0.03527719791836999,654,"Your designer waterspout, sir."
5440,5060,7,25,154,186,1.2096774193548387,0.03609159641439608,654,The soup of the day is a spicy El Niño bisque with a splash of tsunami aftermath.  A favorite for those believing in global warming.
2306,5066,3,38,169,210,1.2095238095238094,0.03048217075068657,654,We call it Tornado Tomato Soup.
6862,5067,10,20,161,191,1.2094240837696335,0.03771623123939723,654,Instead of Michelin ratings we use Fujita.
6795,5067,8,24,159,191,1.2094240837696335,0.03622555585383978,654,Magic bean soup
6114,5067,6,28,157,191,1.2094240837696335,0.03467084791198,654,I see what you mean. And yet it’s not tornado season.
668,5067,3,34,154,191,1.2094240837696335,0.032198336788716614,654,What is that sucking sound?
6727,5067,5,30,156,191,1.2094240837696335,0.03386674023202764,654,"I'm pretty sure this is no what I ordered"""
627,5072,5,26,141,172,1.2093023255813953,0.0361635657957072,654,You didnt say it was whipped!
761,5072,4,28,140,172,1.2093023255813953,0.03521085109815001,654,"This IS the consommé, sir."
2215,5072,5,26,141,172,1.2093023255813953,0.0361635657957072,654,The weather is  crazy   everywhere  now.  This  is the New  Normal   at  Chez  Antoine.
6409,5072,6,24,142,172,1.2093023255813953,0.03709181779132422,654,"I believe I ordered the tempest in a teapot, not a tornado in a soup bowl"
253,5076,4,33,159,196,1.2091836734693877,0.03252156607969806,654,I asked for the veal Tournedos
1188,5076,8,25,163,196,1.2091836734693877,0.0355944764718481,654,"Is everything going well sir? No, I've been stood up, and Yelp will be hearing about the genie in my soup."
1380,5076,8,25,163,196,1.2091836734693877,0.0355944764718481,654,You never know where a vortex will show up in Sedona.
4198,5076,6,29,161,196,1.2091836734693877,0.03409266061472114,654,Do you think I could get some ketchup for this?
5187,5080,7,23,147,177,1.2090395480225988,0.037267312982666084,654,"My insurance doesn't cover this level of spicy."""
6545,5080,8,21,148,177,1.2090395480225988,0.03811894479567565,654,Define winter vegetables.
1754,5080,7,23,147,177,1.2090395480225988,0.037267312982666084,654,When you said tomato tornado I didn't think you meant it quite this literally
3564,5080,7,23,147,177,1.2090395480225988,0.037267312982666084,654,"Ding Dong, the chicken's dead."
4252,5084,6,30,165,201,1.208955223880597,0.03354060455857347,654,This is not what I expected when I ordered the Tornado Supreme!
5912,5084,6,30,165,201,1.208955223880597,0.03354060455857347,654,Your going to need a bigger spoon
6568,5084,5,32,164,201,1.208955223880597,0.032790561300067814,654,"I wanted cloudy with a chance of meatballs, not French onion with a side of tornado."
4785,5087,6,35,184,225,1.208888888888889,0.031238401727751837,654,"...and

..our legendary ‘Trailer Park’ soup, a feature of Tuesday’s prix fixe..."
293,5088,5,28,149,182,1.2087912087912087,0.03487487459077787,654,Are you sure this is the 'one pepper' soup?
555,5088,5,28,149,182,1.2087912087912087,0.03487487459077787,654,"Rossini, I said ""Tournedos, Rossini"". But this is pretty amazining!"
4070,5090,9,25,172,206,1.2087378640776698,0.03509881583400736,654,My soup is swarming.
5746,5090,4,35,167,206,1.2087378640776698,0.03154565561943303,654,I ordered a Fujita 4.  This is only a 2!
2339,5092,3,28,132,163,1.2085889570552146,0.03530199693585289,654,"I said zucchini, not genie."
6729,5092,6,22,135,163,1.2085889570552146,0.03838557116646513,654,"Yes, Sir. It IS a unique way to fill a soup bowl."
1064,5094,6,27,154,187,1.2085561497326203,0.03510595369167501,654,"No sir, this soup is not artificially made."
1638,5094,7,25,155,187,1.2085561497326203,0.035915581449694506,654,"Yes, that is your tornado shrimp soup, made at the table, sir."
4555,5094,7,25,155,187,1.2085561497326203,0.035915581449694506,654,I asked for non GMO parsnips.
2386,5097,5,34,172,211,1.2085308056872037,0.031805889967827045,654,"You asked for cre
am of tornado soup, sir?"
6252,5098,4,27,137,168,1.2083333333333333,0.03567565156823325,654,I specifically said my Soup-nado should spin counter-clockwise!
5816,5098,8,24,160,192,1.2083333333333333,0.03605289082155607,654,I didn't order the climate-change soup de jour.
6738,5098,4,32,156,192,1.2083333333333333,0.03288861276081749,654,I see tornadoes are in season early this year.
1623,5101,5,31,161,197,1.2081218274111676,0.03316382908565373,654,I didn't know it would be served cold.
2378,5101,6,29,162,197,1.2081218274111676,0.033935776524431006,654,Waiter! I didn’t order the vortecchini!
2889,5101,7,27,163,197,1.2081218274111676,0.034690550543480754,654,I ordered the flambe.
4119,5101,6,29,162,197,1.2081218274111676,0.033935776524431006,654,I'm pretty sure this isn't on the rotating menu list.
4711,5101,5,31,161,197,1.2081218274111676,0.03316382908565373,654,"How is your soup sir?
It blew me away! What's in this!?"
4759,5101,8,25,164,197,1.2081218274111676,0.03542924873185238,654,"Is everything alright with your meal, sir?"
5068,5101,7,27,163,197,1.2081218274111676,0.034690550543480754,654,"Oh, you said vortex? I thought you said the soup-du-jour was a borsh."
3583,5108,2,32,139,173,1.2080924855491328,0.03305311003647694,654,"Clever menu, but I didn't order the ""Perfect Storm."""
4607,5108,7,22,144,173,1.2080924855491328,0.03779649135451461,654,"Sir, can you close the vent? It's a bit windy in here..."
471,5108,5,26,142,173,1.2080924855491328,0.03597426981135989,654,I saw this at El Bulli in 2005
2898,5108,3,30,140,173,1.2080924855491328,0.03405468276477028,654,It’s a new twist on carrot purée soup.
1558,5112,8,26,168,202,1.2079207920792079,0.03483419554926434,654,"I am sorry sir, but our chief was a former TV weatherman!"
1297,5112,8,26,168,202,1.2079207920792079,0.03483419554926434,654,"No, I missed the disclaimer about “Category 4” menu items."
1097,5114,4,29,145,178,1.2078651685393258,0.034412015086719386,654,Climate change has intensified our Tournedos.
6638,5114,5,27,146,178,1.2078651685393258,0.035322326571128,654,"That's some spicy chili, dude."
2186,5116,9,25,173,207,1.2077294685990339,0.03494339793566072,654,Helen Hunt has my spoon.
4693,5116,8,27,172,207,1.2077294685990339,0.03426571090761927,654,"Excuse me waiter, why are there no sharks in my sharknado-fin soup?"
695,5118,6,26,151,183,1.2076502732240437,0.035557213433772814,654,"On second thought, the salad, no dressing."
1711,5118,4,30,149,183,1.2076502732240437,0.033826275976238586,654,"...and don't say, 'The Twist, I think.'"
4303,5118,4,30,149,183,1.2076502732240437,0.033826275976238586,654,"I'm sorry sir, but you did order the beef tournedos soup. I think our new American chef made a little mistake."
4758,5118,6,26,151,183,1.2076502732240437,0.035557213433772814,654,"I said the tortilla soup, not the tornado soup..."
1605,5122,4,31,153,188,1.2074468085106382,0.03326813940803518,654,"I’m sorry, but I ordered the storm in a tea cup..."
1310,5122,7,25,156,188,1.2074468085106382,0.035741250397508334,654,"The chef does happen to be a super hero, how did you know"
374,5124,6,16,113,135,1.2074074074074075,0.0434757149271192,654,"You must have misunderstood. I ordered the tomato soup, not the tornado soup."
1427,5125,7,31,179,217,1.207373271889401,0.032552360031893775,654,Not Watersprout soup...I asked for Watercress soup!
4700,5126,4,26,134,164,1.2073170731707317,0.03615891918307185,654,Obviously this is not the FENNEL soup I ordered.  But I'm game- how do I eat this stuff without wearing most of it?
734,5127,7,26,160,193,1.2072538860103628,0.03512170601752163,654,"Nice try, but you left out the tomato."
1273,5127,8,24,161,193,1.2072538860103628,0.035881842200892466,654,And the salad?!
3276,5127,5,30,158,193,1.2072538860103628,0.03354980627789304,654,"First I heard this tiny snap,and then something that sounded a little like a crackle... and then the Frick'n... loudest POP you ever heard!"
4847,5127,9,22,162,193,1.2072538860103628,0.036626205998960354,654,Can you guarantee this is NOT what my stomach will be doing after I eat this?
5982,5127,7,26,160,193,1.2072538860103628,0.03512170601752163,654,It is alphabet soup. With mostly B's.
2946,5132,6,29,163,198,1.207070707070707,0.03378030618630675,654,"I ordered toreador soup, not tornado soup!"
5952,5132,3,35,160,198,1.207070707070707,0.03142111705832186,654,"Tornado season, sir."
6712,5132,5,31,162,198,1.207070707070707,0.03301264792608046,654,It's a new take on the Gazpacho
6832,5135,8,20,146,174,1.206896551724138,0.038471098047177174,654,How much did she pay you?
4280,5135,4,28,142,174,1.206896551724138,0.0348462668407163,654,Would you prefer the bisque?
2931,5135,7,28,168,203,1.206896551724138,0.03396677802146237,654,Mggrh! I thought we went over my vortex allergy!
2679,5135,3,30,141,174,1.206896551724138,0.033879515118713344,654,"I met Dorothy at the mall, actually."
1599,5135,5,26,143,174,1.206896551724138,0.03578691214382268,654,I'm not supposed to be in Kansas anymore. So why THIS?
2034,5135,4,28,142,174,1.206896551724138,0.0348462668407163,654,I don't think your bartender appreciated me telling him how to properly mix a hurricane cocktail.
1420,5135,6,24,144,174,1.206896551724138,0.036703458268192685,654,Trailer-park soup?
1262,5135,5,26,143,174,1.206896551724138,0.03578691214382268,654,"Is this climate change or an episode of ""I Dream of Jeannie?"""
2583,5135,3,36,164,203,1.206896551724138,0.030962051097974546,654,"If the first course comes with a tornado, does that mean the main course comes with a hurricane?"
3898,5144,5,33,170,208,1.2067307692307692,0.03200770448925133,654,You tell the chef...
3886,5145,5,27,147,179,1.2067039106145252,0.03514363190823722,654,May I have the check please? This meal has been a whirlwind.
1298,5145,3,31,145,179,1.2067039106145252,0.03330966025683717,654,Is this the entrée size?
1415,5145,6,25,148,179,1.2067039106145252,0.03602562369119437,654,"Excuse me, but I did not order the borschtnado."
2813,5145,9,19,151,179,1.2067039106145252,0.03855071540520581,654,Excuse me but there's a hair in my soup.
5443,5149,5,28,151,184,1.2065217391304348,0.03453186826891509,654,"I said Tornedo, not Tornado.
or
Did you put this in the global warmer?"
4808,5149,7,24,153,184,1.2065217391304348,0.03621108930461574,654,Clam bisque causes clamet change?
5960,5149,4,30,150,184,1.2065217391304348,0.033660858499140064,654,This is nothing. Wait till you get the main dish.
4293,5149,8,22,154,184,1.2065217391304348,0.037022149044449476,654,"I wanted the tournedos of beef, not broth"
2644,5149,5,28,151,184,1.2065217391304348,0.03453186826891509,654,I ‘d prefer a  pre-climate- change tempest that fits a teacup rather than this nouveau one that fits a bowl
2619,5149,4,30,150,184,1.2065217391304348,0.033660858499140064,654,I was hoping to get the gas explosion AFTER I ate the soup.
2391,5149,3,32,149,184,1.2065217391304348,0.03276670358239526,654,"Instead of the Broccoli Cheese, did you bring me the Polar Vortex soup ?"
1916,5149,5,28,151,184,1.2065217391304348,0.03453186826891509,654,"I ordered the Tournedos of Beef, not the Tornedo in a Dust Bowl."""
1134,5149,9,20,155,184,1.2065217391304348,0.037815817472481104,654,I thought I ordered the salad
459,5149,8,22,154,184,1.2065217391304348,0.037022149044449476,654,I would also recommend the duck.
2220,5159,4,24,127,155,1.206451612903226,0.03740288269836071,654,"Yes sir, just as advertised. Whipped by a tornado!"
6054,5160,4,31,154,189,1.2063492063492063,0.03310984729431211,654,today's typhoon soup comes with a twister.
5241,5160,10,19,160,189,1.2063492063492063,0.03786800403812866,654,I'm so sorry Sir. It's the cup of Tomato Bisque that comes with just the single fly.
6488,5160,4,31,154,189,1.2063492063492063,0.03310984729431211,654,Hot - Cold  This soup creates its own microclimate
640,5160,5,29,155,189,1.2063492063492063,0.03394921616447883,654,"'Waterspout' or 'Tornado' is immaterial. The point is, I would like a new bowl of soup."
25,5160,6,27,156,189,1.2063492063492063,0.0347683270882042,654,It's the special tornado bisque
2958,5160,5,29,155,189,1.2063492063492063,0.03394921616447883,654,"Sorry sir, but it appears that our Soup Tornador is a bit more active today than usual."
4425,5166,1,31,128,160,1.20625,0.03329031225352365,654,"With all you can eat soup, do I get bread with that?"
518,5167,6,28,160,194,1.2061855670103092,0.03418395444204107,654,Is this the 'Soup of the Day'?
712,5167,7,26,161,194,1.2061855670103092,0.03495652573266128,654,"I ordered the 'tempest in a teapot,'  not the 'cyclone in the chowder."""
2672,5167,7,26,161,194,1.2061855670103092,0.03495652573266128,654,Does this come with the complimentary roll of toilet paper?
6626,5167,7,26,161,194,1.2061855670103092,0.03495652573266128,654,Can't I just use my spoon?
5534,5171,4,26,135,165,1.206060606060606,0.035961063053634855,654,Where there’s a swill there’s a whey....
5657,5171,5,24,136,165,1.206060606060606,0.03697442205031598,654,"I must say, this soup is heavenly!"
1523,5173,7,27,165,199,1.2060301507537687,0.0343726963619748,654,Are you sure these tornadoes are right off the vine?
1784,5173,3,35,161,199,1.2060301507537687,0.03128013549007964,654,I don't care if it's a result of climate change.  You still need to get me a new soup.
2795,5173,8,25,166,199,1.2060301507537687,0.03510329186730512,654,I ordered Caribbean Waters not Current Events.
4459,5176,1,33,136,170,1.2058823529411764,0.03220308298399653,654,"Well, you did ask for extra spicy."
632,5176,4,27,139,170,1.2058823529411764,0.03529701809639166,654,The chef whips up such soups in no time.
242,5176,6,23,141,170,1.2058823529411764,0.037217022651544224,654,You call it  global soup change?
56,5176,9,24,171,204,1.2058823529411764,0.03521434043744785,654,"Waiter, there's a thermonuclear chain reaction evolving in my soup."
490,5176,5,25,140,170,1.2058823529411764,0.036269727470319896,654,"You asked for a twist of lemon, sir."
2389,5181,6,31,172,209,1.2057416267942584,0.03258334562649817,654,I would recommend starting at the center first.
753,5182,5,26,144,175,1.2057142857142857,0.035601463833249025,654,"Sorry, the climate is changing."
2007,5182,4,28,143,175,1.2057142857142857,0.034666738844003606,654,"That's, um, stirred not shaken."
3027,5182,5,26,144,175,1.2057142857142857,0.035601463833249025,654,Maybe I should have requested a two rather than a ten?
1435,5185,5,27,148,180,1.2055555555555555,0.03496670600731502,654,How about that...I didn’t even know miniature sharks were a thing.
1787,5185,7,23,150,180,1.2055555555555555,0.03669900573399199,654,"Excuse me, I asked for the Earthquake Soup not the Tornado Soup."
1816,5185,6,25,149,180,1.2055555555555555,0.035843322605930227,654,Next time just bring a spoon.
3334,5185,4,29,147,180,1.2055555555555555,0.03406754001349689,654,When you said the special was your interpretation of a Tempest in a Tea Cup I did not quite expect this
6762,5189,6,26,153,185,1.2054054054054053,0.0352073739883416,654,"Excuse me, I asked for a fajita, not a Fujita."
5052,5189,6,26,153,185,1.2054054054054053,0.0352073739883416,654,"Excuse me, I asked for shark in this."
180,5189,7,24,154,185,1.2054054054054053,0.03603211886269591,654,The soup may have picked up a few surprise ingredients!
1236,5189,3,32,150,185,1.2054054054054053,0.03260821926161367,654,More cayenne?
3796,5193,10,19,161,190,1.2052631578947368,0.037683824705666176,654,A bit too much instability and wind shear perhaps?
4028,5193,5,29,156,190,1.2052631578947368,0.033787522575099926,654,"Obviously, the chef knows hydraulics."
5431,5193,4,31,155,190,1.2052631578947368,0.03295302549426971,654,What do you mean it's doing the backstroke?
5724,5193,7,25,158,190,1.2052631578947368,0.035397546056706856,654,We recommend a Tsunami with a touch of salt...
1211,5197,5,30,160,195,1.205128205128205,0.03323864629588849,654,Midwestern cuisine has been known to churn the stomach.
2594,5197,7,26,162,195,1.205128205128205,0.03479286989878238,654,"No sir, I did not say tomato."
3679,5197,6,28,161,195,1.205128205128205,0.03402463374804186,654,"Our Doppler's on the fritz, but I'm sure it'll be downgraded to an F1 by dessert"
3862,5197,6,28,161,195,1.205128205128205,0.03402463374804186,654,Do you get complaints for calling it trailer park soup?
3228,5201,10,22,173,205,1.2048780487804878,0.0357321194499159,654,"I said I wanted a ‘Twist of Lemon’, ​not a ‘Twister, Man!’"
3278,5202,6,22,138,166,1.2048192771084338,0.03775178080966941,654,Would you like a side of tournedos with that?
6172,5203,4,27,140,171,1.2046783625730995,0.03511064495851469,654,"I specifically asked for a category 3 tornado, send this back."
5795,5203,7,21,143,171,1.2046783625730995,0.03793620616529916,654,"the genie said  ""skip the soup"""
466,5203,4,27,140,171,1.2046783625730995,0.03511064495851469,654,"Excuse me waiter, but is Soupnado a house specialty?"
5483,5203,4,27,140,171,1.2046783625730995,0.03511064495851469,654,This is not what I imagined when I ordered tornano soup
175,5207,5,35,180,220,1.2045454545454546,0.030830302728375177,654,"I distinctly said '""Fries."""
2715,5207,5,26,145,176,1.2045454545454546,0.03541789647608998,654,"No, I said tortellini soup."
1570,5209,6,25,150,181,1.2044198895027625,0.035662830075574734,654,"Immersion blenders are great, but you're taking this too far!"
21,5209,5,27,149,181,1.2044198895027625,0.034791523318105574,654,There's a fly in my soup!
960,5209,3,31,147,181,1.2044198895027625,0.03297992398997027,654,I guess the scientists are correct that 2019 will be the strongest El Niño so far.
1739,5209,8,21,152,181,1.2044198895027625,0.037344506388616056,654,"'It appears we have a tsunami in a soup bowl"""
2713,5209,5,27,149,181,1.2044198895027625,0.034791523318105574,654,It’s Tormado Soup
2924,5209,5,27,149,181,1.2044198895027625,0.034791523318105574,654,Please tell the chef to stop stirring the soup.
3918,5209,10,17,154,181,1.2044198895027625,0.03895365022458682,654,How the hell did I get in this cartoon?
5950,5209,4,29,148,181,1.2044198895027625,0.03389782796270655,654,"Sorry, I didn't realize being more powerful than a locomotive could translate into absentminded stirring."
5639,5217,5,28,153,186,1.2043010752688172,0.034195430923889124,654,"I'll have you know that as a former insurance adjuster this is more than—what did you call it again?—a ""minor inconvenience."""
5056,5217,6,26,154,186,1.2043010752688172,0.03503498444181576,654,"Idiot,  White goes with tornado soup."
2330,5217,8,22,156,186,1.2043010752688172,0.03665645116993559,654,Take it back. I ordered mock turtle not mock tornado.
3900,5217,2,34,150,186,1.2043010752688172,0.031542979880903335,654,There's a little too much tornado in this soup for my liking.
2899,5217,6,26,154,186,1.2043010752688172,0.03503498444181576,654,A bowl is HARDLY a teacup!
4203,5217,7,24,155,186,1.2043010752688172,0.03585488493366103,654,"No, I ordered a storm in a teacup."
4448,5223,5,29,157,191,1.2041884816753927,0.033627335885908036,654,We only use natural processes in our food preparation
4803,5223,5,29,157,191,1.2041884816753927,0.033627335885908036,654,"Pepper or anti-acid tablets, Sir?"
6039,5223,12,15,164,191,1.2041884816753927,0.03894327831253733,654,A flying cow in the soup does not make it Tournedos de Beef.
6802,5226,8,24,164,196,1.2040816326530612,0.03537817470961922,654,I’m afraid this looks rather stomach-churning.
4096,5226,3,34,159,196,1.2040816326530612,0.03146382251091506,654,"A seasonal item appropriate for a time of climate change, you say?"
4957,5226,4,32,160,196,1.2040816326530612,0.03228468291242088,654,You still say further research is needed?!
3712,5226,8,24,164,196,1.2040816326530612,0.03537817470961922,654,I’ll take all this in a to-go lantern.
3104,5226,5,30,161,196,1.2040816326530612,0.03308518361008075,654,The soup is a bit cold.
2669,5226,9,22,165,196,1.2040816326530612,0.03611016296752947,654,"Waiter, I ordered the tempest in a teacup, hold the flies"""
2103,5226,6,28,162,196,1.2040816326530612,0.03386676834700871,654,You're right. This takes the lemon twist to a whole new level.
3106,5226,3,34,159,196,1.2040816326530612,0.03146382251091506,654,This is the I Dream of Jeannie surprise?
957,5234,8,25,168,201,1.2039800995024876,0.03478320058298216,654,"Excuse me, I had ordered a tempest in a teapot, not a soup bowl."
2158,5234,7,27,167,201,1.2039800995024876,0.034060531396542776,654,"A word with Chef Cantore, please."
3735,5234,6,29,166,201,1.2039800995024876,0.03332219313361265,654,"Oh, I wasn’t aware hurricanes were in season.”"
5572,5234,4,33,164,201,1.2039800995024876,0.031794120017254644,654,"Sir, do you have tums? I’m going to need a tums."
6342,5234,10,21,170,201,1.2039800995024876,0.03618526675814564,654,"Waiter, there seems to be a fly in my soup."
357,5239,4,23,125,152,1.2039473684210527,0.03773245114514628,654,Whirlpool in a soup bowl is our take on lightning in a bottle
250,5240,4,34,168,206,1.203883495145631,0.03132442100445135,654,It's Farm Aid-to-Table week.
6024,5241,3,26,128,157,1.2038216560509554,0.03585002137512824,654,Would you mind bringing a little pepper for this?
5930,5242,5,23,134,162,1.2037037037037037,0.03729493828267094,654,"The soupe de jour, monsieur, our revolving carrot bisque."
4406,5243,10,25,186,221,1.2036199095022624,0.03388862637798826,654,"Yes, the Tournedos of Beef, just as you ordered sir."
1160,5244,2,30,135,167,1.2035928143712575,0.033482136589209816,654,What's your recipe for this gazpacho? It yields a real kick!
3120,5244,4,26,137,167,1.2035928143712575,0.035571662940660276,654,I don't care if today's specials include funnel cake.  It's just not right to use the second course as advertising for dessert.
1914,5246,4,27,141,172,1.2034883720930232,0.034926194732559604,654,Is there another way to cool my soup?
2112,5246,8,19,145,172,1.2034883720930232,0.038624304557028366,654,Does every bowl come with a tornado?
5005,5246,4,27,141,172,1.2034883720930232,0.034926194732559604,654,I guess climate change is real after all.
5059,5246,5,25,142,172,1.2034883720930232,0.035886467289230714,654,I asked for my soup to be served stirred
2590,5250,8,20,149,177,1.2033898305084745,0.037870734651829795,654,Are we in the Southern Hemisphere?
3459,5250,4,28,145,177,1.2033898305084745,0.03431307624679253,654,"It's our new, experimental blender."
4296,5250,4,28,145,177,1.2033898305084745,0.03431307624679253,654,"Well, I don't see any teacups on this table."
5471,5250,8,20,149,177,1.2033898305084745,0.037870734651829795,654,"Well, you did order the Louisiana gumbo, sir!"
6483,5250,8,20,149,177,1.2033898305084745,0.037870734651829795,654,"More Merlot, sir?"
4170,5255,3,31,148,182,1.2032967032967032,0.03281744135157775,654,"How is everything?""
""It's been a bit of a whirlwind."
4790,5255,7,23,152,182,1.2032967032967032,0.03632954071337261,654,Please bring me a bottle of Roundup.
3391,5255,5,27,150,182,1.2032967032967032,0.03461805876496286,654,We use global warming to keep the soup hot.
5605,5255,9,19,154,182,1.2032967032967032,0.03796394426603715,654,The soup is cold!
959,5255,5,27,150,182,1.2032967032967032,0.03461805876496286,654,I'll tell the manager to turn down the air conditioning. This happens every time the hot soup hits the cold air!
221,5255,6,25,151,182,1.2032967032967032,0.03548411983619588,654,We're eliminating the expense of chopping and tossing our salads table-side.
2486,5255,9,19,154,182,1.2032967032967032,0.03796394426603715,654,She looked different on Tinder. She used a picture from before she was a poltergeist.
953,5255,7,23,152,182,1.2032967032967032,0.03632954071337261,654,"In support of the green new deal,the chef has prepared a funnel cloud of lobster bisque topped with plastic shards fresh from the sea."
6855,5263,4,30,153,187,1.2032085561497325,0.033173994504730145,654,"Warm air rises Sir. Cold air falls. Turbulence,Sir."
2092,5263,6,26,155,187,1.2032085561497325,0.03486424994080735,654,I ordered T-O-M-A-T-O soup.  What happens if I order the tournados of beef next?
4131,5263,5,28,154,187,1.2032085561497325,0.03402961824157708,654,"I am sorry, I thought you said  TORNADO soup."
5803,5263,3,32,152,187,1.2032085561497325,0.03229571032091191,654,"Monsieur, the chef recommends you allow it to cool for 37 minutes."
1765,5267,8,23,161,192,1.203125,0.035829626492591346,654,Wow! That's a spicy meatball!
3550,5267,9,21,162,192,1.203125,0.03658277813963303,654,I didn’t order the Vortex-Mex soup.
4999,5267,6,27,159,192,1.203125,0.03427370845077297,654,It destroyed my enthusiasm for the entree.
6056,5267,4,31,157,192,1.203125,0.03264371374918253,654,A smaller spoon this time if you don't mind.
1284,5271,6,28,163,197,1.2030456852791878,0.03371033879382005,654,Whadayamean climate change?
1900,5271,6,28,163,197,1.2030456852791878,0.03371033879382005,654,Does your food get away from you often?
2683,5273,6,31,175,212,1.2028301886792452,0.03216470327251551,654,"Waiter: I said “Tempest in a teapot”, not this..."
2773,5273,7,29,176,212,1.2028301886792452,0.0328523797956863,654,"Sorry, I ordered the Hungarian Stew, not the Alabamian."
4017,5275,7,30,180,217,1.2027649769585254,0.03235848607210584,654,"Excuse me, sir, I think my soup is a bit breezy."
5973,5276,4,24,130,158,1.2025316455696202,0.036759286664489056,654,"Waiter, there was a fly in my soup that was sucked up by a mini tornado."
4323,5277,5,23,135,163,1.2024539877300613,0.03708649082136454,654,Enjoying your Sopa de Trailer Park Sir?
3967,5278,2,30,136,168,1.2023809523809523,0.033304297101309686,654,I didn't ask for flambe
412,5279,5,25,143,173,1.2023121387283238,0.03569781159499867,654,"Waiter, there's a swarm of bees in my soup."
644,5280,5,26,147,178,1.202247191011236,0.03505629371350715,654,"I distinctly said, ""tempest in a teapot;"" ""cyclone in some soup,"" is completely unacceptable."
3010,5280,8,20,150,178,1.202247191011236,0.03767470829527573,654,This soup is too hot: catch my drift?
3635,5280,1,34,143,178,1.202247191011236,0.031225371745624293,654,We would both like to give our compliments to the chef
5548,5280,6,24,148,178,1.202247191011236,0.03595029486661401,654,"Waiter, what's that flying thing doing in my soup?"
6758,5280,8,20,150,178,1.202247191011236,0.03767470829527573,654,"Storm in a teacup! Not, howler in chowder!"
3924,5285,6,25,152,183,1.2021857923497268,0.035307166116735324,654,Is this the appetizer for my Tournedos Rossini?
6728,5285,5,27,151,183,1.2021857923497268,0.03444628773638218,654,"Need? An umbrella, and be quick."
5669,5285,6,25,152,183,1.2021857923497268,0.035307166116735324,654,The chef sends his apologies.
3603,5285,5,27,151,183,1.2021857923497268,0.03444628773638218,654,"We are such stuff as creams are made on, and our little life is rounded with a soup."
2452,5285,5,27,151,183,1.2021857923497268,0.03444628773638218,654,"Excuse me, you have any hot sauce?"
2880,5285,4,29,150,183,1.2021857923497268,0.03356333562744508,654,They warned me not to get the soup in Topeka
1692,5285,3,31,149,183,1.2021857923497268,0.03265651938072114,654,It's not too hot or too cold-- it's both!
3277,5292,9,20,159,188,1.202127659574468,0.03707318601333094,654,"The fly was bad enough, but this is just too much."
5500,5292,11,16,161,188,1.202127659574468,0.03857719155212038,654,Luckily I love parsnips
315,5294,3,33,157,193,1.2020725388601037,0.031649719489302106,654,I said tortilla not tornado soup
1512,5294,3,33,157,193,1.2020725388601037,0.031649719489302106,654,That’s our Storm in a Teacup. New age fusion.
2010,5294,4,31,158,193,1.2020725388601037,0.0324911851107349,654,"I ordered potato soup, not 'nado soup."
2933,5294,10,19,164,193,1.2020725388601037,0.03714177307010576,654,Could you please ask your bus boy elephant if he could stop testing my soup?
3986,5294,7,25,161,193,1.2020725388601037,0.03489404259104464,654,I had to give up tea for this exact reason.
6291,5294,5,29,159,193,1.2020725388601037,0.03331140159237635,654,The kitchen is dealing with the effects of globowl warming.
6013,5300,7,26,165,198,1.202020202020202,0.03431084470662563,654,"That’s not exactly what I meant when I said, I want the carrot on the side”."
3223,5300,3,34,161,198,1.202020202020202,0.031179118215321943,654,"Garcon, my soup is flying."
4271,5300,6,28,164,198,1.202020202020202,0.033555325978641456,654,"Le flambeau tornado Au jus, Monsieur."
5593,5303,8,25,170,203,1.2019704433497538,0.03446882056085561,654,"Don't worry, it's an optical illusion."
2257,5304,5,24,140,169,1.2011834319526626,0.03617749368552708,654,"Excuse me,I asked for the hurricane soup."
5264,5304,3,28,138,169,1.2011834319526626,0.034174936621696614,654,Quick! Bring me a soup spoon!
5738,5304,2,30,137,169,1.2011834319526626,0.03312829477896945,654,A rust belt interpretation of a tempest in a tea cup!
2111,5307,4,27,143,174,1.2011494252873562,0.03456294797559982,654,The Wizard likes bisque.
3093,5307,5,25,144,174,1.2011494252873562,0.0355110988399303,654,'It's mulligatornado'
3259,5307,6,23,145,174,1.2011494252873562,0.0364345839673596,654,"Waiter, there's a fly(ing vortex of air) in my soup."
3705,5307,5,25,144,174,1.2011494252873562,0.0355110988399303,654,No. My soup is flying.
5093,5307,5,25,144,174,1.2011494252873562,0.0355110988399303,654,"Waiter, I asked for the vichyssoise, NOT the vichy-oz!"
3571,5312,5,26,148,179,1.2011173184357542,0.03487820416988457,654,Waiter. There are flies in my tormado soup.
5578,5312,5,26,148,179,1.2011173184357542,0.03487820416988457,654,... definitely a 5 on the Foodita Scale!
2766,5312,3,30,146,179,1.2011173184357542,0.03302949785934387,654,"Yes, it is called Tornado Tortilla Soup."
437,5312,8,20,151,179,1.2011173184357542,0.03748067798252562,654,I said hold the flambe .
1988,5312,5,26,148,179,1.2011173184357542,0.03487820416988457,654,It’s the new ‘Tempest in a Teapot’.
3114,5317,4,29,151,184,1.201086956521739,0.033398508957599674,654,But I didn’t order the Sharknado soup.
4533,5317,3,31,150,184,1.201086956521739,0.032497136325348584,654,I should have asked what the soup du jour was before I ordered it.
4774,5317,3,31,150,184,1.201086956521739,0.032497136325348584,654,This is certainly more than just a storm in a teacup.
4925,5317,5,27,152,184,1.201086956521739,0.034276186074787274,654,I just said the soup was too hot.
4947,5317,8,21,155,184,1.201086956521739,0.03678378074044547,654,You forgot my soup spoon
1700,5322,4,30,155,189,1.2010582010582012,0.0328570277444473,654,"Toto, I have a feeling my crutons are not in Kasas anymore."
5601,5322,4,30,155,189,1.2010582010582012,0.0328570277444473,654,I didn’t mean “global” warm it up.
1137,5324,6,27,161,194,1.2010309278350515,0.03395159339793445,654,"Sir, are you enjoying the ruby slipper soup"
2392,5324,8,23,163,194,1.2010309278350515,0.03549003514036029,654,Global Soup Warming
2536,5324,6,27,161,194,1.2010309278350515,0.03395159339793445,654,"I'd eat it, but I'm afraid I'll leave Kansas if I do.  And I don't have a spoon."
4841,5324,6,27,161,194,1.2010309278350515,0.03395159339793445,654,I didn't realize it was sharknado fin soup.
1108,5328,6,28,165,199,1.2010050251256281,0.033401711120019925,654,I ordered the potato and hurricane soup.
2082,5328,9,22,168,199,1.2010050251256281,0.03560829734670481,654,Is this what you call Mueller soup?
6835,5330,7,27,170,204,1.2009803921568627,0.03360262752933928,654,The previous maestro di cucina would have served this in a tea cup.
4698,5330,6,29,169,204,1.2009803921568627,0.03287615240161914,654,Does your Soupnado come with sharks?
917,5332,7,28,174,209,1.200956937799043,0.03307617176848191,654,"No sir,it's not a tornado; it's a water spout"
5341,5333,8,27,179,214,1.2009345794392523,0.033238802298510756,654,"Sir I have no idea what that is, should I ask the chef and possibly make him very angry?"
6519,5334,4,25,136,165,1.2,0.03565458001613713,654,Am I supposed to eat this with a fork?
6157,5334,6,23,146,175,1.2,0.03624401881463749,654,"When the menu said large parsnip soup, I had something else in mind."
5710,5334,4,29,152,185,1.2,0.03323526506157697,654,"Yes, but Tornado, not tornado."
5649,5334,2,32,146,180,1.2,0.031906131722051936,654,This doesn't look like the tempest in a teapot that I ordered.
4987,5334,8,21,156,185,1.2,0.036600552865158384,654,"Goddammit, climate change has finally affected me directly. I give up; you guys win. I'll pay a slightly higher marginal tax rate. I'll do whatever you want in order to get this under control. But — and this is key — I will not stop being racist."
4400,5334,4,27,144,175,1.2,0.034384095303675165,654,You didn’t tell me the tornado soup was still active.
4003,5334,5,27,153,185,1.2,0.03410773006656662,654,That hot sauce is a marvel!
3917,5334,5,28,157,190,1.2,0.03354153856407507,654,I’m pretty sure I said medium-well.
3395,5334,5,23,137,165,1.2,0.03667640803206492,654,"Waiter, there’s stuff flying in my soup!"
3382,5334,4,30,156,190,1.2,0.0327007647725315,654,"Did monsieur think he asked for ""tomato"" soup?"
3243,5334,8,24,168,200,1.2,0.034727944810393964,654,"I ordered ' Spicy,'  not 'Thai Spicy!'"
3238,5334,3,32,155,190,1.2,0.03183779552939461,654,Our restaurant is located just off Tornado Alley for ambiance.
2976,5334,7,20,143,170,1.2,0.037868734756393976,654,Is this the Stairway to Heaven Soup?
2144,5334,7,25,163,195,1.2,0.03456615290682041,654,I ordered cream of tomato soup not the cream of tornado soup!
2605,5334,7,25,163,195,1.2,0.03456615290682041,654,It makes the finest puree.
34,5334,4,34,172,210,1.2,0.030786752113836937,654,and how's our Fujita Soup treating you tonight?
2762,5334,4,26,140,170,1.2,0.03500285901504745,654,"No.  I meant ""tournedo"" of beef"
342,5334,7,23,155,185,1.2,0.03578890978298668,654,"-Excuse me waiter, there's a soup on my tornado"
667,5334,3,29,143,175,1.2,0.03341533427725102,654,I prefer my disasters 'au naturale'
699,5334,7,29,179,215,1.2,0.03243370514292159,654,Storm in a soupcup?
302,5334,5,28,157,190,1.2,0.03354153856407507,654,Your bisque is divinely drawn.
1852,5334,4,35,176,215,1.2,0.030356857477577142,654,But I ordered a Bombe Glace Norma! What on earth is this?
1990,5334,4,32,164,200,1.2,0.03170213124741207,654,"Sorry about that, but we could never train him to use a spoon."
2169,5334,9,16,145,170,1.2,0.039664447060291624,654,"Excuse me, but there's a Wicked Witch in my tornado."
2182,5334,5,29,161,195,1.2,0.033001253590845214,654,"I asked for tournedos soup, not tornedo soup."
2350,5334,10,19,166,195,1.2,0.036788900623602655,654,My spoon keeps bending and my pants a re a mess
1486,5334,6,22,142,170,1.2,0.03693815679992497,654,I ordered tornado juice
1300,5361,2,38,171,211,1.1990521327014219,0.029145589157423803,654,Distinctly Tournedos.
4217,5362,6,29,171,206,1.1990291262135921,0.032585269776740935,654,The order was a Tournedo and the soup
4547,5363,5,30,166,201,1.199004975124378,0.032338308457711434,654,the menu didn't mention the bad weather
1197,5364,6,27,163,196,1.1989795918367347,0.033635390676712444,654,I didn't mean to order the F4
5417,5364,10,19,167,196,1.1989795918367347,0.03661494231872905,654,Our chef was trained during tsunami season.
5488,5366,7,24,160,191,1.198952879581152,0.03499391380217658,654,It’s a new twist on our signature parsnip portage.
5865,5366,4,30,157,191,1.198952879581152,0.03254595520518852,654,"Mmm, smells just like my Oklahoma grandma's."
3487,5366,1,36,154,191,1.198952879581152,0.029898234015441637,654,"Tonight, I think a ladle instead of a spoon."
763,5366,4,30,157,191,1.198952879581152,0.03254595520518852,654,I misunderstood when you said the soup was heavenly.
3033,5366,5,28,158,191,1.198952879581152,0.0333818933137434,654,I asked for soup with your micro-greens...not with your micro-climate.
3282,5366,4,30,157,191,1.198952879581152,0.03254595520518852,654,I find it a bit too invigorating.
235,5366,6,26,159,191,1.198952879581152,0.03419740344239831,654,"Is everything ok?
Yup, perfect thanks."
573,5366,5,28,158,191,1.198952879581152,0.0333818933137434,654,"Could you bring me some salt, please?"
1229,5374,4,29,153,186,1.1989247311827957,0.033073581781595605,654,Does it have anything to do with Toto!
4152,5374,4,29,153,186,1.1989247311827957,0.033073581781595605,654,Can you call the weather channel...
1641,5374,3,31,152,186,1.1989247311827957,0.03218290187500333,654,"Mais, theese ees la soupe a la tornade you requested. If you wanted a soupe a tournedos, you should have asked for eet."
3482,5374,5,27,154,186,1.1989247311827957,0.03394089643235271,654,Would you like an early warning device with your soup?
1931,5378,5,26,150,181,1.1988950276243093,0.03452731723619277,654,Did you forget to go to Church last Sunday?
5270,5378,6,24,151,181,1.1988950276243093,0.0354051266024248,654,"Waiter, the parsnip should have been chopped before putting it in the soup."
2724,5380,6,23,147,176,1.1988636363636365,0.03605541042638883,654,But you asked for something uplifting.
3594,5380,7,21,148,176,1.1988636363636365,0.03694492774320195,654,I ordered it with the gluten-free debris.
4101,5380,3,29,144,176,1.1988636363636365,0.03324435931417769,654,Tornado soup
6763,5380,5,25,146,176,1.1988636363636365,0.03514338566615748,654,"The more the earth warms, the more violent storms we have."
2170,5380,5,25,146,176,1.1988636363636365,0.03514338566615748,654,The chef believes in global warming.
1491,5385,5,24,142,171,1.1988304093567252,0.035791587068957076,654,"I distinctly remember ordering the soup to rotate anti-cyclonically."""
4484,5385,7,20,144,171,1.1988304093567252,0.03766479263348654,654,I said I'll have the chicken shawarma  not the chicken swarming.
5595,5385,4,26,141,171,1.1988304093567252,0.03481721205539484,654,Chalk it up to global warming.
6082,5388,4,25,137,166,1.1987951807228916,0.03545961663199949,654,"Sorry, we mixed up your order."
538,5388,5,23,138,166,1.1987951807228916,0.03647470029782505,654,I wanted my entree and appetizer to come out together!
1539,5390,8,29,190,227,1.198237885462555,0.031861440043207956,654,"Well, don’t just stand there, do something."
1289,5391,10,21,176,207,1.1980676328502415,0.03521468162179793,654,"I ordered the ""tempest-in-a-teapot"" special not the ""swirl-in-the-stew"""
2133,5391,4,33,170,207,1.1980676328502415,0.0309622529866965,654,How long does it take to cool the soup?
3758,5391,7,27,173,207,1.1980676328502415,0.03315671057068832,654,Interesting. My last meal had a swarm of locusts.
2021,5394,6,28,168,202,1.198019801980198,0.03294907125409405,654,I didn't ask for the special!
3069,5394,7,26,169,202,1.198019801980198,0.03368827620577181,654,"Waiter, a giant carrot is in my soup!"
4527,5394,6,28,168,202,1.198019801980198,0.03294907125409405,654,Bring me a Krazy Straw!
6481,5397,7,25,165,197,1.1979695431472082,0.03424428992927512,654,And don't tell me its doing the backstroke.
209,5397,6,27,164,197,1.1979695431472082,0.033479456746885586,654,I asked for brussels sprouts.
646,5397,6,27,164,197,1.1979695431472082,0.033479456746885586,654,"I ordered the water chestnut soup, not the waterspout soup."
5019,5397,7,25,165,197,1.1979695431472082,0.03424428992927512,654,I asked for the Polar Vortex Soup!
204,5397,3,33,161,197,1.1979695431472082,0.031072204910266216,654,I'm sorry . . . but I ordered the borscht.
5829,5402,3,32,157,192,1.1979166666666667,0.03153952558201117,654,I also asked for a storm in a teacup
1940,5403,7,23,157,187,1.1978609625668448,0.03543723151607114,654,I asked for a twist of pepper!
2390,5403,3,31,153,187,1.1978609625668448,0.03202800887431479,654,Correct. The Funnel Cake Batter Soup is not to my satisfaction...
2535,5403,7,23,157,187,1.1978609625668448,0.03543723151607114,654,We do serve stronger stuff in the basement.
3209,5403,7,23,157,187,1.1978609625668448,0.03543723151607114,654,There’re flies in my carrot soup.
4881,5403,7,23,157,187,1.1978609625668448,0.03543723151607114,654,The usual - some heavenly crackers to go with the soup.
1285,5408,4,28,150,182,1.1978021978021978,0.0334591804002203,654,I'll have the earthquake cake for dessert.
5175,5409,3,29,145,177,1.1977401129943503,0.033075092402818564,654,"Ok, this time I will pay a fair tip."
3920,5410,7,20,145,172,1.197674418604651,0.03746301034721941,654,So is this how the alien baby got into Sigourney Weaver?
6737,5410,4,26,142,172,1.197674418604651,0.03463349211764261,654,This is an unusual way to compete with TGIFriday’s Potato Tornado.
1274,5410,4,26,142,172,1.197674418604651,0.03463349211764261,654,I’d say you put WAY too much fresh ground pepper in this.
1565,5410,5,24,143,172,1.197674418604651,0.03560166052682325,654,I see the Shrimp and Grits are from Alabama!
2917,5410,4,26,142,172,1.197674418604651,0.03463349211764261,654,"A meteorologist client suggested that, by adding hot sauce to the cold Gaspacho soup, an anticyclonic vortex was created . . ."
2860,5415,2,27,128,157,1.197452229299363,0.034338301244741895,654,"Well waiter, there was a fly in my soup...earlier."
5358,5416,4,33,171,208,1.1971153846153846,0.030827747102641252,654,Our chef has a way to make soup interesting!
1518,5417,5,30,168,203,1.1970443349753694,0.032048767663965534,654,"Auntie Em's Tornado Soup? I thought the menu said ""Tomato.""  And where are my croutons, in the Land of Oz?"
3933,5417,6,28,169,203,1.1970443349753694,0.03280086674190593,654,My soup is a bit tempest.
6789,5417,6,28,169,203,1.1970443349753694,0.03280086674190593,654,Is this both FDA and NWS approved?
78,5420,2,35,161,198,1.196969696969697,0.030090781060136178,654,"Excuse me, waiter, my soup is a bit cold"
1099,5420,4,31,163,198,1.196969696969697,0.03174906976129584,654,Shark-nado fin soup?! Now that's edgy!
3974,5422,10,18,165,193,1.1968911917098446,0.03692277931020524,654,"I said Tortilla, Not Tornado..."
4994,5422,6,26,161,193,1.1968911917098446,0.033873325307622104,654,"Hold on to your metaphorical hat dear diner.  Once this Kansas BBQ bisque touches down on your tastebuds, you'll be clinking your heels and exclaiming that there's no place like home."
3517,5424,6,25,157,188,1.196808510638298,0.034447876459676764,654,Fresh Gulf Coast Shrimp?
3124,5424,4,29,155,188,1.196808510638298,0.03275481042093209,654,Don’t get caught up blowing on it!
816,5424,6,25,157,188,1.196808510638298,0.034447876459676764,654,"The wine is excellent, but the soup course sucks."
6283,5427,2,32,149,183,1.1967213114754098,0.03143805706115786,654,I don't see a fly in here.
82,5427,7,22,154,183,1.1967213114754098,0.03589704212976556,654,I think this wine is corked
6160,5427,6,24,153,183,1.1967213114754098,0.035050654677039265,654,The chef thought the beef tournedos didn't have sufficient swerve.
1878,5427,4,28,151,183,1.1967213114754098,0.033293391424347805,654,"Are you not perhaps taking ""piping hot"" too literally?"
6138,5431,7,21,150,178,1.196629213483146,0.0365626040995305,654,"No, I asked for the new clear fusion."
911,5431,4,27,147,178,1.196629213483146,0.033858294439214856,654,Is this your idea of a twister joke?
3781,5431,3,29,146,178,1.196629213483146,0.032907508721623936,654,We're out of the storm in a teacup.
2706,5431,6,23,149,178,1.196629213483146,0.03568394662127765,654,We suggest a side of pepto-bismol with the Topeka chili.
576,5435,5,24,144,173,1.1965317919075145,0.03541371062873127,654,I'll add the salt myself.
2295,5435,6,22,145,173,1.1965317919075145,0.036350298975678354,654,It's the hot sauce. It's called EF5. It really sucks...
5646,5435,4,26,143,173,1.1965317919075145,0.03445166999391793,654,Is this the cleansing broth?
1463,5438,6,30,178,214,1.1962616822429906,0.031683425317004896,654,"I said tormato, like portato-gawrsh darn it."
5225,5438,8,26,180,214,1.1962616822429906,0.03303927023673787,654,The fly went down with the crouton.
4066,5440,5,31,173,209,1.1961722488038278,0.031434882904924244,654,I didn’t order a tornado with my Alabama gumbo!
1983,5440,8,25,176,209,1.1961722488038278,0.033558482357047656,654,sous -vide?
2580,5440,7,27,175,209,1.1961722488038278,0.032865865470945464,654,Beats me.
6839,5443,8,24,172,204,1.196078431372549,0.034100911727554875,654,"I'm sorry, I said no onions"
1686,5444,5,29,165,199,1.1959798994974875,0.032397704960791765,654,"I realize there aren't any flies actually in the soup, but still..."
1773,5444,4,31,164,199,1.1959798994974875,0.03160462690806233,654,"I ordered a bowl of soup, but this is a dust bowl."
4237,5444,5,29,165,199,1.1959798994974875,0.032397704960791765,654,"No, I asked for a Hurricane with my soup!"
4505,5444,6,27,166,199,1.1959798994974875,0.033171827375880356,654,Are you sure this is gazpacho?
5351,5444,7,25,167,199,1.1959798994974875,0.03392829167794776,654,Wisconsin be like....
1374,5444,3,33,163,199,1.1959798994974875,0.03079112854815691,654,I didn’t order the Tormato Bisque.
3936,5450,8,22,164,194,1.1958762886597938,0.035262376653859666,654,I should have realized the rapture would include chicken soup.
5164,5450,7,24,163,194,1.1958762886597938,0.03449665574046267,654,"Waiter, is this where all the flies have gone?"
1553,5452,4,29,156,189,1.1957671957671958,0.032597679981789224,654,"Your soup De Vour, sir."
5280,5453,6,24,154,184,1.1956521739130435,0.034876032766539555,654,I ordered the Tempest dans une theiere
1972,5453,6,24,154,184,1.1956521739130435,0.034876032766539555,654,Do you microwave your soups?
3317,5453,7,22,155,184,1.1956521739130435,0.03571742141834032,654,"Excuse me, Sir, I ordered the tomato soup."
5931,5453,1,34,149,184,1.1956521739130435,0.030320867489566708,654,It's part of our tournedo specials.
838,5457,5,25,149,179,1.1955307262569832,0.034605674595889174,654,It has a bit of spice to it and you shall enjoy the taste!
2896,5457,5,25,149,179,1.1955307262569832,0.034605674595889174,654,"I’m a privileged white male, what’s the worst that could happen?"
3739,5457,5,25,149,179,1.1955307262569832,0.034605674595889174,654,this isn't chowder.
637,5457,5,25,149,179,1.1955307262569832,0.034605674595889174,654,What's the biggest doggie bag you've got?
2542,5461,1,32,141,174,1.1954022988505748,0.03122864526573686,654,I trust your soup is sufficiently cool now sir?
3343,5461,4,26,144,174,1.1954022988505748,0.03427171704626229,654,"""Could you bring me a napkin, please?"""
5537,5461,1,32,141,174,1.1954022988505748,0.03122864526573686,654,I specifically asked that the vegetable soup and the beef tournedos NOT be served together.
6813,5461,2,30,142,174,1.1954022988505748,0.03227489819021135,654,I don’t care that you rarely see tornados up in New England Clam Chowder.  It took my soup spoon!
2829,5465,5,31,174,210,1.1952380952380952,0.031298778506588944,654,"I asked for the news, not the weather."
6698,5466,6,28,171,205,1.1951219512195121,0.03250836700273622,654,"Rather dramatic presentation of the Fatalii pepper sopa, wouldn’t you say?"
6760,5466,6,28,171,205,1.1951219512195121,0.03250836700273622,654,I ordered Cream of Tor-NAY-do. This is Cream of Tor-NAH-do.
6136,5468,8,23,169,200,1.195,0.034508392395599115,654,"Oh, waiter -- there's fly in my soup."
6278,5468,4,31,165,200,1.195,0.031461470413873135,654,Tornado vichyssoise?
1889,5468,6,27,167,200,1.195,0.03302009438456875,654,"I asked for stirred, not shaken!"
1656,5471,5,28,162,195,1.1948717948717948,0.03275800285609698,654,"Your tournedos of boeuf, sir."
2079,5471,3,32,160,195,1.1948717948717948,0.031102259771753606,654,"No it's nothing, just a storm in a soup bowl."
3314,5471,3,32,160,195,1.1948717948717948,0.031102259771753606,654,Tell the chef this EF-4 is a disaster!
3498,5471,5,28,162,195,1.1948717948717948,0.03275800285609698,654,The chef was inspired by Juliana v. United States.
3891,5471,6,26,163,195,1.1948717948717948,0.03355525063570924,654,I did not ask for tornado soup I asked for tomato soup.
4289,5471,3,32,160,195,1.1948717948717948,0.031102259771753606,654,"I asked for a TEAPOT, not a bowl!"
1673,5477,7,16,131,154,1.1948051948051948,0.04024152748819283,654,Do I LOOK like I live in a trailer?
5413,5478,6,25,159,190,1.194736842105263,0.034115606381502954,654,Are the Tournedos of Beef dangerous here?
1381,5478,3,31,156,190,1.194736842105263,0.03157198475178511,654,"Didn't you say ""beef tournados""?"
6752,5480,5,26,154,185,1.1945945945945946,0.03384600615473211,654,Do these ruby slippers make my calves look fat?
4927,5480,3,30,152,185,1.1945945945945946,0.032063114625144835,654,This isn't what I ordered.
90,5480,7,22,156,185,1.1945945945945946,0.03553956873383737,654,"There seems to be a mistake, see, I don't have a spoon."
252,5480,6,24,155,185,1.1945945945945946,0.034703120021212175,654,"I said ""turnip with potato"" not ""tornado"" soup."
2190,5480,4,28,153,185,1.1945945945945946,0.03296661532589705,654,"Monsieur, it is our version of tournedos Rossini."
94,5480,4,28,153,185,1.1945945945945946,0.03296661532589705,654,"In molecular gastronomy, we call this technique “global warming”."
2694,5486,7,28,181,216,1.1944444444444444,0.032093657801630246,654,So do I tip both of you guys?
1680,5486,4,27,149,180,1.1944444444444444,0.03351646363673738,654,I didn't order whirlpool soup!
5375,5486,8,19,153,180,1.1944444444444444,0.03703574382182559,654,"Yes,I know you ordered the tomato bisque,but our chef is dislexic."
1205,5486,4,27,149,180,1.1944444444444444,0.03351646363673738,654,Use of drones to replace kitchen staff raises so many questions....
711,5486,5,25,150,180,1.1944444444444444,0.034430024413925814,654,If I ever have to escape from prison I know what to order.
493,5486,5,25,150,180,1.1944444444444444,0.034430024413925814,654,"Waiter, I distinctly ordered the New Age Fennel soup..."
1655,5486,3,29,148,180,1.1944444444444444,0.03257729406015716,654,I have no time for your tricks! What about bringing me a spoon?
6472,5493,6,22,147,175,1.1942857142857144,0.03596855300212748,654,"I asked for volcano fries, not tornado soup."
4423,5494,6,28,172,206,1.1941747572815533,0.0323640381649869,654,I believe I ordered an actual hurricane.
6435,5494,5,30,171,206,1.1941747572815533,0.03162390345050384,654,"I've enjoyed the calm.   Now,  I'd like to take a moment to locate the nearest exit."
3457,5494,10,20,176,206,1.1941747572815533,0.03516915913035863,654,Vichyssoise vortex
2559,5497,4,25,141,170,1.1941176470588235,0.03470030691409564,654,It's a little windy in here. Can we close the window?
3996,5497,5,23,142,170,1.1941176470588235,0.035689283324363795,654,Great presentation! / Can I get this to go?  /  Can I get something less spicy? /  You got extra napkins? /  What's does the main course do? / Does the tornado cost extra? /  Can I get a tossed salad too? /
5131,5497,5,23,142,170,1.1941176470588235,0.035689283324363795,654,"Sir, you did order the raw carrot in dipping sauce.."
5690,5497,4,25,141,170,1.1941176470588235,0.03470030691409564,654,Cream of lava sometimes erupts.
2196,5501,2,35,164,201,1.1940298507462686,0.029688614423553628,654,"This my date, Katrina"
6604,5501,4,31,166,201,1.1940298507462686,0.03131958355330775,654,"Have you eaten with us before?
We do it a little differently here."
6537,5503,4,24,137,165,1.1939393939393939,0.035339102393001816,654,"What did you expect, sir? The menu clearly described today's soup as ""a tornado in a bowl."""
5462,5504,5,27,159,191,1.193717277486911,0.03313027831490471,654,Should the cream of mushroom really be this wild?
2184,5504,9,19,163,191,1.193717277486911,0.03630512009608398,654,"excuse me waiter, there's an elephant nose in my soup.
Waiter: Sir, that will cost you extra."
264,5504,8,21,162,191,1.193717277486911,0.03553800985141222,654,Did the beans came from a guy named Jack?
521,5507,2,26,127,155,1.1935483870967742,0.03436755686236305,654,"Waiter, I ordered potato not tornado soup!"
913,5508,8,19,154,181,1.1933701657458564,0.0368462220889081,654,Could I exchange it for a New England chowder?
1585,5508,5,25,151,181,1.1933701657458564,0.034256123826405666,654,"I asked for a spicy-5, not an F-5 tornado"
3099,5508,6,23,152,181,1.1933701657458564,0.03514070821447786,654,"I'm confused, is this a tornado, or a hurricane?"
4419,5511,7,26,174,207,1.1932367149758454,0.032940748307262305,654,"I said I wanted TORTILLA soup, not tornado soup!"
1440,5512,4,26,146,176,1.1931818181818181,0.03391730689783446,654,"Let me guess, this tempest is my tureen is your way of saying I made a big deal about the gluten-free breadsticks."
1841,5512,6,22,148,176,1.1931818181818181,0.03578063494506517,654,"Garcon, When I ordered the Tournedos I expected small bits of  tenderloin paired with Cabernet.  Might your recommended drink pairing for this dish be a Mudslide?"
2937,5512,5,24,147,176,1.1931818181818181,0.03486142240553237,654,"From the name, I guess I thought it would be ramen"
980,5515,5,29,168,202,1.193069306930693,0.03195912346843805,654,Cool eddy Eddie.
4343,5515,4,31,167,202,1.193069306930693,0.031178949880678524,654,The weather has certainly been unpredictable lately.
3973,5517,7,19,145,171,1.1929824561403508,0.03738602859449504,654,It's called Tempest in a Tureen...
6125,5518,4,30,163,197,1.1928934010152283,0.03164653912114473,654,"I ordered the EF3 Special, but I think you brought me the old F2."
2070,5518,9,20,168,197,1.1928934010152283,0.03550338408961173,654,Soup Nazi's Tuesday special? No tip for you!!!
1481,5518,3,32,162,197,1.1928934010152283,0.03081730146609974,654,"I've had Japanese puffer fish, but when in Kansas..."
5144,5518,5,28,164,197,1.1928934010152283,0.03245459608498947,654,Never realized soup du jour meant water spout.
234,5522,5,22,139,166,1.1927710843373494,0.036168909906929704,654,"Funny, all I see is the fly in my soup."
6415,5522,3,26,137,166,1.1927710843373494,0.034090340913520215,654,And they say climate change isn't real
507,5524,7,23,162,192,1.1927083333333333,0.034587206594640756,654,"Monsieur Snuffleufagus IS the head waiter, sir."
1542,5524,3,31,158,192,1.1927083333333333,0.0312749863750622,654,"Waiter, there’s a sharknado in my soup."
1546,5524,9,19,164,192,1.1927083333333333,0.03612962639787988,654,If I'm to suck it out of the vortex I'll need a much bigger napkin.  Otherwise please bring me a soupspoon.
6129,5524,4,29,159,192,1.1927083333333333,0.032135063319921046,654,It's pronounced TOR-NAY-DOE.
6771,5524,5,27,160,192,1.1927083333333333,0.0329727132094152,654,This tempest belongs to whomever ordered the teapot.
601,5529,6,19,136,161,1.1925465838509317,0.03791491777560574,654,"Are spoons in season, too?"
5575,5530,5,26,156,187,1.1925133689839573,0.03351519536415101,654,Your cat5 hot sauce might be a bit too spicy.
278,5530,6,24,157,187,1.1925133689839573,0.03436232423112294,654,"Wrong item.  And shaken, not stirred."""
3030,5530,8,20,159,187,1.1925133689839573,0.03599682401407155,654,Please bring the salt.
6628,5533,5,31,177,213,1.192488262910798,0.03089734130650755,654,How much extra is it for the Tornatoes a la Rouch?
3577,5534,6,23,153,182,1.1923076923076923,0.03496324113269576,654,And when does the chef predict I'll get my side salad?
5302,5534,7,21,154,182,1.1923076923076923,0.03582095753044741,654,"Waiter, there’s an elephant in my soup!"
6196,5534,4,32,172,208,1.1923076923076923,0.03059687886647371,654,Don't tell me this is climate change!
6622,5534,5,25,152,182,1.1923076923076923,0.03408394728619237,654,F5 is supposed to be miso with pork.
1549,5534,8,19,155,182,1.1923076923076923,0.036658611079706846,654,"You better hold onto the dish,this is no ordinary blow job"""
542,5539,7,25,171,203,1.1921182266009853,0.033313269354707485,654,I said I wanted the tomato bisque.
5107,5539,5,29,169,203,1.1921182266009853,0.03181551845587993,654,Are you sure this is the dish that gave you the third Michelin Star?
3649,5541,3,28,146,177,1.192090395480226,0.032777658387544706,654,Could you please get me a bigger spoon?
4163,5541,7,20,150,177,1.192090395480226,0.0364853426860936,654,i distinctly said 'hold the cyclone'.
5986,5541,3,28,146,177,1.192090395480226,0.032777658387544706,654,Our patrons usually wear hoods for this dish.
3897,5544,7,24,167,198,1.1919191919191918,0.03385496734911856,654,"I ordered an Alabama Slammer, not an​ Alabama Twister!"
1247,5544,5,28,165,198,1.1919191919191918,0.03230496073842691,654,Wind Has become the fad after foam.
3528,5546,2,29,141,172,1.191860465116279,0.032291240551360116,654,No offense intended. I always bring my own taster.
3421,5546,5,23,144,172,1.191860465116279,0.0353089589815228,654,"Excuse me, waiter....but there's air in my soup"
208,5548,4,29,160,193,1.1917098445595855,0.03198371633710315,654,But is it keto-friendly?
3197,5548,7,23,163,193,1.1917098445595855,0.03442201634387322,654,COOK DROPPED THE LAVA CAKE IN IT BY ACCIDENT
4805,5548,9,19,165,193,1.1917098445595855,0.035955805393217646,654,It is OK if Chef Bunuel's bad temper goes into his work: It isn't ok if his bad temper comes out of it...
631,5551,3,35,176,214,1.191588785046729,0.029304929616920487,654,"It’s our speciality, tornado soup!"
2840,5552,8,20,160,188,1.1914893617021276,0.03581947973566186,654,Natural variability?  How would you like some natural variability in your tip?
6314,5552,5,26,157,188,1.1914893617021276,0.03335217006775667,654,Is this the chef's idea of tournedos of beef?
6667,5552,5,26,157,188,1.1914893617021276,0.03335217006775667,654,"Waiter, this is not at all my idea of a tournedos."
4701,5555,5,30,174,209,1.1913875598086126,0.031209993754410435,654,I didn’t know it was gonna be a COLD soupspout.
4997,5555,5,30,174,209,1.1913875598086126,0.031209993754410435,654,The vortex blends the soup to specifications.
915,5557,5,21,136,162,1.191358024691358,0.03666776523155518,654,"Looks delicious, but I ordered the Cream of Mushroom Cloud soup"
5474,5558,4,27,152,183,1.1912568306010929,0.033016271574840036,654,And the strangest thing is STILL you serving ketchup with soup.
6668,5558,4,27,152,183,1.1912568306010929,0.033016271574840036,654,It's called tornado soup.  A favorite with customers on a diet.
716,5558,6,23,154,183,1.1912568306010929,0.0347875361222638,654,Soup too Nuts
2914,5561,5,29,170,204,1.1911764705882353,0.03167317986534123,654,Tornado Tourin?  It's called Cyclone Chowder in the South Pacific.
4856,5561,7,25,172,204,1.1911764705882353,0.033162941411525926,654,"Close, but I definitely ordered the tornadoes as a starter!"
539,5563,6,22,150,178,1.1910112359550562,0.035410560047637284,654,I mean sure it's a twist on an old classic but I ordered the F5 Fujitas
6384,5563,4,26,148,178,1.1910112359550562,0.03357004347256198,654,The colossal parsnip soup is always a bit of a balancing act.
1288,5565,6,26,167,199,1.1909547738693467,0.032936467442542236,654,Best keep this soup away from trailer parks.
3415,5565,7,24,168,199,1.1909547738693467,0.03369821556584768,654,"It’s Tornado Soup, Stired but not shaken”."
2406,5567,7,19,147,173,1.1907514450867052,0.036986027120824626,654,The price will be higher after cruise season is over.
3616,5567,6,21,146,173,1.1907514450867052,0.03606595163109779,654,"Could I have an order of dry ice, a fat straw and a hazmat bib?"
6479,5569,9,19,166,194,1.190721649484536,0.03578363355428747,654,Why does everyone ignore the elephant in the room?
1991,5569,6,25,163,194,1.190721649484536,0.03346969644827266,654,Waiter! What is in my soup?
1172,5569,5,27,162,194,1.190721649484536,0.032661975297535895,654,Our new chef has special powers.
2484,5569,4,29,161,194,1.190721649484536,0.0318337663548342,654,Damn it! Alabama every day?
2346,5573,8,25,182,215,1.1906976744186046,0.032694470369092024,654,How close is the Men's room?
6680,5574,5,30,175,210,1.1904761904761905,0.03107438667087238,654,I asked for the soup sans climate change.
2099,5574,5,30,175,210,1.1904761904761905,0.03107438667087238,654,I'll skip the soup tonight Jarvis.
2234,5574,4,24,140,168,1.1904761904761905,0.034763017977495696,654,"Yes, I am the reporter that is about to critique your disastrous menu."
3505,5574,4,28,157,189,1.1904761904761905,0.032331646908871685,654,I said pea soup not bee soup
3643,5574,5,26,158,189,1.1904761904761905,0.0331907017426537,654,I’m sorry. It escaped the teapot.
4478,5574,5,30,175,210,1.1904761904761905,0.03107438667087238,654,"Waiter, there's a Green Mile in my soup."
5293,5574,4,28,157,189,1.1904761904761905,0.032331646908871685,654,"No, I said Rassolnik, not Cyclonic."
2676,5581,4,27,153,184,1.190217391304348,0.03285279273165827,654,Yes. I'll take some bread with this
6386,5581,1,33,150,184,1.190217391304348,0.030018600842503837,654,"I hear the soup is heavenly"""
882,5581,4,27,153,184,1.190217391304348,0.03285279273165827,654,I asked for No Climate Change.
1291,5584,5,21,137,163,1.1901840490797546,0.03646102009629538,654,"It's not a tornado, it's killer bee swarming season."
823,5585,6,26,168,200,1.19,0.03278527675434959,654,I didn't know Alabama HAD a chowda
1743,5585,5,28,167,200,1.19,0.03200973470021094,654,The President gave it an A Plus.
2177,5585,7,24,169,200,1.19,0.0335428923639674,654,"Is see the tournedo but to quote Clara Peller, ""Where's the beef?"""
1012,5588,4,26,149,179,1.1899441340782122,0.033399025875391106,654,First it was too cold. Now it's too hot.
2320,5588,4,26,149,179,1.1899441340782122,0.033399025875391106,654,Bowlnado???  That doesn't seem very French to me.
2858,5588,5,24,150,179,1.1899441340782122,0.03432587403203188,654,"I asked for a tornado in a teacup, not in a soup dish!"
6574,5588,4,26,149,179,1.1899441340782122,0.033399025875391106,654,Looks like I will be eating on the run.
4972,5592,4,33,179,216,1.1898148148148149,0.029791694482411476,654,"I am going to have trouble eating this, without a spoon."
5556,5593,1,35,159,195,1.1897435897435897,0.029074856299227052,654,Watercress is an aquatic plant species with the botanical name Nasturtium officinale. It should not be confused with a waterspout which is an intense columnar vortex connected to a cumulus congestus cloud.
6076,5593,5,27,163,195,1.1897435897435897,0.03250876259166954,654,"Will there be anything else, Monsieur?"
4044,5593,4,29,162,195,1.1897435897435897,0.031685194509996704,654,No ... I would say YOU are at the root of this problem.
5490,5593,4,29,162,195,1.1897435897435897,0.031685194509996704,654,Our specialty tonight is the beef tournado soup
3632,5593,2,33,160,195,1.1897435897435897,0.029970241289083918,654,Thanks for mixing it up!
193,5598,4,25,145,174,1.1896551724137931,0.033972370572857284,654,But I ordered the split pea.
438,5598,3,27,144,174,1.1896551724137931,0.03298001204190595,654,Why are you here? I paid for the automatic refills.
756,5598,6,21,147,174,1.1896551724137931,0.03587483098845341,654,"Sorry,I ordered tomato soup."
5975,5598,7,19,148,174,1.1896551724137931,0.03678918681495116,654,"I explicitly said one bowl of tomato bisque, hold the tornado."
3113,5602,6,28,177,211,1.1895734597156398,0.031660956954055346,654,WOW! Weather effects the soup du jour?
4324,5602,5,30,176,211,1.1895734597156398,0.030939936283370273,654,"I’ve heard of a tempest in a teapot, but never a tornado in tortellini  en brodo!"
6215,5604,5,26,159,190,1.1894736842105262,0.03303076857642166,654,Chef is known for his statement soups.
479,5604,4,28,158,190,1.1894736842105262,0.03217665116528174,654,"Sir, the soup is served shaken, not stirred."
1346,5604,4,28,158,190,1.1894736842105262,0.03217665116528174,654,I am aware it is called a cyclone. Let's just skip to the Tournados shall we.
2481,5604,7,22,161,190,1.1894736842105262,0.03467594638683882,654,There are flies in my soupnado!
3524,5604,9,18,163,190,1.1894736842105262,0.03624652870133519,654,"I asked for a bun, not a pun!"
5219,5604,7,22,161,190,1.1894736842105262,0.03467594638683882,654,"Sir, I asked for tomato soup this time... I had the tornado last week and I’m still dizzy."
4082,5610,4,24,141,169,1.1893491124260356,0.034575082563343296,654,The chef calls it a Vegan Volcano.
4857,5610,1,30,138,169,1.1893491124260356,0.03137051481659088,654,Too much hot sauce.
329,5612,11,17,178,206,1.1893203883495145,0.03563187771244896,654,We were aiming for your wallet.
3002,5612,4,31,171,206,1.1893203883495145,0.030628627638686946,654,"Sir, I must strongly protest against your implementation of Trump's weakening of FDA protections."
4265,5612,3,33,170,206,1.1893203883495145,0.029845487667843493,654,Would you have a funnel?
579,5615,3,29,153,185,1.1891891891891893,0.03177956277878356,654,No! I said have the soup mixed by the tournade.
682,5615,5,25,155,185,1.1891891891891893,0.03357751365976393,654,Great - chicken soup for the squall.
2845,5615,2,31,152,185,1.1891891891891893,0.030841306778898854,654,I really need to start paying more attention to the local weather forecast.
4305,5615,7,21,157,185,1.1891891891891893,0.03528396571720106,654,"Excuse me, I actually ordered the fish."
4538,5615,4,27,154,185,1.1891891891891893,0.03269090113458391,654,It really is a soupnado.
1339,5620,4,30,167,201,1.1890547263681592,0.03107362481517849,654,Global warming
6272,5620,1,36,164,201,1.1890547263681592,0.028571251771863142,654,"A Category 5? I wanted my chowder stirred, not emulsified!"
5999,5622,7,20,153,180,1.1888888888888889,0.03592260880034018,654,"Sir, the soup I ordered was Tortilla, not Tornado!"
5618,5622,7,20,153,180,1.1888888888888889,0.03592260880034018,654,Excuse me.  I ordered the Hurricane Special.
478,5622,4,26,150,180,1.1888888888888889,0.03322971687706521,654,"It’s the chefs new tornado blender , just keep the cutlery back, bon appetite!"
3816,5625,5,27,164,196,1.1887755102040816,0.03235696137317765,654,"Yeah, I hate that slurping noise too!"
363,5626,7,26,179,212,1.1886792452830188,0.032225297202200784,654,Chef's secret to regular customers is keeping customers regular.
5783,5626,3,34,175,212,1.1886792452830188,0.029319394489756796,654,"A couple of ice cubes, please."
6286,5626,5,30,177,212,1.1886792452830188,0.030806628126234057,654,Oh... I see... I thought it was tomato bisque.
177,5629,3,27,145,175,1.1885714285714286,0.032808917275334346,654,I'm allergic to cats and dogs.
407,5629,6,21,148,175,1.1885714285714286,0.035685702847990844,654,Sir... I didn't order the Kansas City Bisque.
3997,5629,3,27,145,175,1.1885714285714286,0.032808917275334346,654,The tempest was supposed to be in the tea kettle.
6853,5629,4,25,146,175,1.1885714285714286,0.03379506617498362,654,It's a twister.  It's a twister.
6120,5633,5,26,160,191,1.1884816753926701,0.032872349152781456,654,"Stop, that's enough fresh ground pepper!"
5325,5633,5,26,160,191,1.1884816753926701,0.032872349152781456,654,I only ordered the eclair.
5809,5633,5,26,160,191,1.1884816753926701,0.032872349152781456,654,unfortunately even the restaurant's microclimate has been affected by the 2-degree rise.
3332,5636,4,31,172,207,1.1884057971014492,0.030494022628920835,654,Place it in the alley ... cats might love it.
1320,5636,8,23,176,207,1.1884057971014492,0.03342893772220011,654,I'm not sure there is only a fly in my soup.
3217,5638,3,26,141,170,1.188235294117647,0.03336164450889911,654,Turbulence in—Turbulence out!
6768,5638,4,24,142,170,1.188235294117647,0.03438914027149321,654,...and this is our classes chowder but with an exciting twist.
2763,5640,3,29,154,186,1.1881720430107527,0.03162460466635,654,"To drink? Tempest in a Teapot, please."
4388,5640,5,25,156,186,1.1881720430107527,0.03341198733745908,654,Perfect Parsnip Bisque...So quickly now...Bring me a spoon!
4712,5640,4,27,155,186,1.1881720430107527,0.03253057421981244,654,There is not one fly in your soup.
4899,5640,4,27,155,186,1.1881720430107527,0.03253057421981244,654,YOU DID ASKED FOR THE OKLAHOMA BLUE LUNCH SPECICAL.
5263,5640,5,25,156,186,1.1881720430107527,0.03341198733745908,654,"Waiter, what is that fly doing in my soup?"
2950,5645,6,19,140,165,1.187878787878788,0.03706517181142036,654,I think i blew too hard on my cream of cumulus soup!
1891,5646,6,22,153,181,1.1878453038674033,0.03486942215241526,654,"My God man, it's that damn polar vortex over this warm humid soup!"
2210,5646,3,28,150,181,1.1878453038674033,0.032120313488947255,654,"Tournedos de Boeuf, not borscht."
3138,5646,8,18,155,181,1.1878453038674033,0.03658758409151137,654,"If I wanted an F'ing 4 intensity, I would have ordered an F'ing 4 intensity!"
4601,5649,5,27,165,197,1.1878172588832487,0.032206552561569915,654,You requested extra hot sauce
4138,5649,5,27,165,197,1.1878172588832487,0.032206552561569915,654,"What do you mean, ""patience""?"
3298,5649,4,29,164,197,1.1878172588832487,0.031392111416843164,654,I said hold the CO2
2433,5649,5,27,165,197,1.1878172588832487,0.032206552561569915,654,A water funnel suggests your soup is really thin.
932,5649,3,31,163,197,1.1878172588832487,0.030555969801559644,654,"If this is the appetizer, I'm not sure I want the entrée"
1352,5654,3,30,159,192,1.1875,0.031003609821914753,654,What's this sky doing in my soup?
4708,5655,5,25,157,187,1.1871657754010696,0.033248064358604196,654,The new green deal had some strange effects on the world of cuisine...
1846,5656,5,22,144,171,1.1871345029239766,0.035196483188549614,654,I did ask Chef whether he was sure it wasn’t with a twist.
2023,5657,6,25,167,198,1.1868686868686869,0.032847505011736305,654,"I ordered the dust-deviled eggs, not the soup-nado!"
6792,5657,6,25,167,198,1.1868686868686869,0.032847505011736305,654,This really is 'a magical combination of flavors'.
4854,5659,5,24,153,182,1.1868131868131868,0.03380632807078462,654,Are you sure it helps with digestion ?
5381,5659,3,28,151,182,1.1868131868131868,0.031960010667071805,654,I didn't realize THIS is what she was having!
6588,5661,3,25,138,166,1.1867469879518073,0.03375644753282386,654,"Waiter, I said, I wanted tomato, not tornado soup.""

John Canning
Sea Cliff, New Yor"
4328,5662,3,33,173,209,1.186602870813397,0.029457463905677068,654,"Sir, you put a little too much hot sauce in your soup."
6175,5663,4,28,161,193,1.1865284974093264,0.03172032687095283,654,The chowder seems a bit watery
4141,5663,4,28,161,193,1.1865284974093264,0.03172032687095283,654,You did say tornado soup?
1366,5663,2,32,159,193,1.1865284974093264,0.029970558962138637,654,"Yes sir, Chef Adrià is into molecular gastronomy, or 'food physics.' But don't be alarmed. It will die down as the blend of chopped shallot and ground fennel seed dissipates."""
1276,5663,9,18,166,193,1.1865284974093264,0.03572171562989035,654,I didn't think your Thai hot would really be Thai hot
1866,5663,2,32,159,193,1.1865284974093264,0.029970558962138637,654,And this is the Chicken Tortnado Soup
690,5668,7,19,151,177,1.1864406779661016,0.03621091911880045,654,"In light of the Alabama tornado that killed at least 23 people, THATS JUST IN BAD TASTE!!!(Next time show some class)."
2415,5668,6,21,150,177,1.1864406779661016,0.03531330242331538,654,The chef misread the tournedos of beef in the soup.
3254,5668,3,27,147,177,1.1864406779661016,0.03247191589477288,654,It comes with our own 'Polar Vortex.'
192,5671,5,28,171,204,1.1862745098039216,0.03143496881274051,654,How am I supposed to eat that?
3466,5671,7,24,173,204,1.1862745098039216,0.032935507048472965,654,This isTrump's spin on fast food.
5512,5671,4,30,170,204,1.1862745098039216,0.030657170190951197,654,I thought this Tormato Basil came with grilled cheese.
4609,5674,3,21,121,145,1.186206896551724,0.03660157086917392,654,This soup is blowing my mind.
3572,5675,5,25,158,188,1.1861702127659575,0.03308572191574937,654,I was hoping it would have more shark.
4653,5675,3,29,156,188,1.1861702127659575,0.03131910611458039,654,What's that special taste? It's a touch of carrot.
4333,5675,7,21,160,188,1.1861702127659575,0.03476267512082822,654,"I thought the menu said tortilla soup, not tornado soup!"
2171,5675,3,29,156,188,1.1861702127659575,0.03131910611458039,654,Your sign said I could come in and get away from the Polar Vortex.
206,5675,6,23,159,188,1.1861702127659575,0.0339345589056536,654,This is very authentic gumbo.
2826,5675,5,25,158,188,1.1861702127659575,0.03308572191574937,654,"Unfortunately, sir, it’s a bit late for that..."
3205,5681,7,18,147,172,1.186046511627907,0.03689946480350107,654,"That’s our signature soup of the day sir. 
Climate Change Clam Chowder!"
1068,5682,4,29,166,199,1.185929648241206,0.03110432260479559,654,"I ordered tortilla soup, not tornado."
2675,5683,1,27,128,156,1.185897435897436,0.032543776179637954,654,VICHYSSOISE VESIUSIUS?
3721,5684,6,22,155,183,1.185792349726776,0.03451765936011599,654,"Waiter, there's a turnip in my soup!"
2248,5684,4,26,153,183,1.185792349726776,0.032731793824151846,654,Global warming has led to unpredictable microclimate events.
2463,5684,6,22,155,183,1.185792349726776,0.03451765936011599,654,Please ask DUMBO to leave my soup alone!
3083,5687,6,24,164,194,1.1855670103092784,0.03321991140050256,654,I ordered the tournedo medium-rare.
1174,5687,5,26,163,194,1.1855670103092784,0.03240596493632876,654,"Christ, you'd complain if they hung you with a silk rope."
6769,5689,4,25,149,178,1.1853932584269662,0.03327393734006044,654,"It's Kansas Fogdango Stew, sir. I assure you it has a great base."
6289,5689,3,27,148,178,1.1853932584269662,0.032305958181757376,654,Shall I bring a complimentary poncho?
6072,5689,5,23,150,178,1.1853932584269662,0.03421454191099277,654,The global warming is really taking its toll.
570,5689,4,25,149,178,1.1853932584269662,0.03327393734006044,654,"If you're not careful, it'll do the same in your stomach."
5323,5689,6,21,151,178,1.1853932584269662,0.035129970826174806,654,"Compliments to the chef, but I ordered Tournedos of beef!"
1668,5694,4,30,171,205,1.1853658536585365,0.03052078560458405,654,You mean it isn't a fly?
4976,5694,6,26,173,205,1.1853658536585365,0.032049436332401655,654,I fear I added too much salt.
5026,5694,5,28,172,205,1.1853658536585365,0.03129444617776174,654,Could I get some more primordial crackers?
1618,5697,6,23,160,189,1.1851851851851851,0.03376890296994406,654,"Waiter, I said I wanted a tournedo!"
1626,5697,5,25,159,189,1.1851851851851851,0.03292493762277544,654,"It’s the President’s favourite, Kim Jong soup ."
2670,5697,6,28,182,216,1.1851851851851851,0.03098740839015095,654,"I TOLD YOU,  NO HOT SAUCE-----"
2696,5697,4,27,158,189,1.1851851851851851,0.032058762096091764,654,"No, it's my mistake - I thought you said ""Tomato Bisque""."
5162,5697,3,24,135,162,1.1851851851851851,0.034165169635348186,654,"I am sorry, I ordered the teacup portion."
6131,5702,7,23,170,200,1.185,0.033307988689693695,654,"I'm sorry - I assumed ""Plague of Locusts Stew"" to be nothing more than a catchy name."
5832,5702,4,29,167,200,1.185,0.030962369768939554,654,He says it needs more salt. I would hurry if I were you.
4765,5702,4,29,167,200,1.185,0.030962369768939554,654,I didn't order off the climate change fusion menu.
3944,5702,9,19,172,200,1.185,0.03478397077844301,654,Can you explain this as being nutritious and organic
3533,5702,7,23,170,200,1.185,0.033307988689693695,654,Unbelievable. You bring me a waterspout... on a TUESDAY?
3361,5702,6,25,169,200,1.185,0.03254490519684081,654,Tonight's special dessert is Ile Flottante avec Tornade.
174,5702,5,27,168,200,1.185,0.031763494738299015,654,I’ve heard of beef tornados but never soup tornado.
3894,5702,9,19,172,200,1.185,0.03478397077844301,654,This is tournedos?
4487,5710,5,22,146,173,1.1849710982658959,0.03482182716312384,654,Would you say this pairing is accentuated more by the terroir or climat?
4932,5710,4,24,145,173,1.1849710982658959,0.03384296547072641,654,...'Waiter... I asked the Chef for an F2...this is definitely and F3!'
6686,5710,3,26,144,173,1.1849710982658959,0.03283493530870879,654,You said the appetizers were small!
3410,5713,7,25,179,211,1.1848341232227488,0.03214707133337125,654,He drops by for a drink every day at this hour.
5475,5714,5,24,155,184,1.184782608695652,0.03346850916157708,654,Would monsieur care for croutons with his bisque?
5847,5714,5,24,155,184,1.184782608695652,0.03346850916157708,654,"I don't know Joe, this Wizard of Oz soup looks kind of messy."
3834,5714,6,22,156,184,1.184782608695652,0.03434439745782628,654,"Waiter, there's been a mistake. I ordered the Tortellini."
1926,5714,5,24,155,184,1.184782608695652,0.03346850916157708,654,"He was Chopped, but the chef stands by the idea."
1258,5714,4,26,154,184,1.184782608695652,0.03256907389312741,654,Chef’s experimenting with a new frothing tool
1246,5714,3,28,153,184,1.184782608695652,0.03164408385486011,654,I didn’t order the three-alarm chili.
3058,5714,3,28,153,184,1.184782608695652,0.03164408385486011,654,"I said 'Hurry, Cain,' not 'Hurricane.'"""
334,5721,5,26,164,195,1.1846153846153846,0.032253393944385124,654,What wish should I do?
1316,5721,3,30,162,195,1.1846153846153846,0.03057033255823829,654,I'll take the cow to go.
1786,5721,9,18,168,195,1.1846153846153846,0.03538013280575031,654,"Waiter, there's a cartoon caption from Hell in my soup."
5954,5721,5,26,164,195,1.1846153846153846,0.032253393944385124,654,White House Soup as bad as this needs a bigger distraction.
6122,5721,4,28,163,195,1.1846153846153846,0.03142313362518913,654,My compliments to the chef. This meal has me spinning.
2203,5726,5,21,142,168,1.1845238095238095,0.03546091571733048,654,Global warming is a hoax.
6171,5726,5,21,142,168,1.1845238095238095,0.03546091571733048,654,Why didn't you warn me the soup was so good?
5208,5728,4,30,172,206,1.1844660194174756,0.030385591784077126,654,its a new sauce from Tijuana....
6684,5729,5,23,151,179,1.1843575418994414,0.03403862317420029,654,I asked you to hold the climate change.
5529,5729,4,25,150,179,1.1843575418994414,0.03310373345949561,654,"It's because of global warming, monsieur. If you prefer, our gazpacho is superb."
5182,5729,4,25,150,179,1.1843575418994414,0.03310373345949561,654,The chef uses an egg-beater. Why?
717,5729,5,23,151,179,1.1843575418994414,0.03403862317420029,654,"Sir, your ribeye-of-the-storm."
1532,5729,5,23,151,179,1.1843575418994414,0.03403862317420029,654,I’m sorry. I was led to believe that there would be a shark in my ‘nado.
1135,5729,5,23,151,179,1.1843575418994414,0.03403862317420029,654,This storm-chaser stew is quite the whirlwind
2106,5729,5,23,151,179,1.1843575418994414,0.03403862317420029,654,I hate to think what F-category this is!
3561,5736,4,27,159,190,1.1842105263157894,0.031904476429390996,654,I told you my insurance plan doesn't cover this soup!
540,5736,4,27,159,190,1.1842105263157894,0.031904476429390996,654,Is this what you meant when you said this soup was heavenly?
1541,5736,4,27,159,190,1.1842105263157894,0.031904476429390996,654,I ordered the 'Cookin up a storm' not the 'Tornado'
3937,5736,3,29,158,190,1.1842105263157894,0.031019362077526157,654,"This tornado soup does extraordinary things for your palate, sir !"
5507,5740,7,23,171,201,1.1840796019900497,0.03315464095830077,654,I asked for STILL water.
5774,5740,6,25,170,201,1.1840796019900497,0.032395662877810365,654,"I said ‘bisque,’ not ‘brisk.’"
4560,5742,5,29,178,212,1.1839622641509433,0.030578154147868217,654,"I asked for soup, not a weather alert."
1024,5743,3,26,145,174,1.1839080459770115,0.03266298706227227,654,"No, I may have mispronounced it, but I ordered the  Tournedos of Beef !!"
3822,5743,9,14,151,174,1.1839080459770115,0.038282049738249876,654,My soup is not happy with the place setting.
4731,5743,6,20,148,174,1.1839080459770115,0.03558360616907738,654,I explicitly asked for a typhoon.
2292,5746,4,33,186,223,1.1838565022421526,0.028939804587842503,654,"I ordered the shoo fly pie, not shoo fly soup."
4194,5747,3,28,154,185,1.1837837837837837,0.031488415488385456,654,"I ordered a storm in a teacup, not a soup bowl."
1047,5748,4,28,164,196,1.183673469387755,0.03127658684911806,654,There was also a fly in my teacup.
4190,5748,6,24,166,196,1.183673469387755,0.032907174482851236,654,"We call it ""Cyclone in Soupbowl."""
1100,5750,3,25,141,169,1.183431952662722,0.03320997680568587,654,"Um, I didn't order the Midwestern soup."
1684,5750,2,27,140,169,1.183431952662722,0.03213191841922153,654,I believe I ordered the chowder.
3160,5750,4,23,142,169,1.183431952662722,0.03425412292803422,654,"Yes, please let the chef know that the giant aardvark is equally unacceptable."
6603,5750,4,23,142,169,1.183431952662722,0.03425412292803422,654,"Excuse me, I believe I ordered the MILD chili!"
6381,5754,5,23,152,180,1.1833333333333333,0.03386448327981418,654,"Take this back, please. I ordered tomato soup."
5804,5754,3,27,150,180,1.1833333333333333,0.03197900459594134,654,I didn't order Tornado soup!
3326,5754,6,21,153,180,1.1833333333333333,0.034768900963930434,654,"Yes, sir. Indeed, convection cooking is not new, but we are proud to be first to show what can do outside the confines of a home kitchen."
664,5754,5,23,152,180,1.1833333333333333,0.03386448327981418,654,"For the final course, which wine pairs with 'Death of the Firstborn'?"
704,5754,6,21,153,180,1.1833333333333333,0.034768900963930434,654,Sharknado fin soup... So bad it's good?
2529,5754,4,25,151,180,1.1833333333333333,0.032935239203291444,654,"So, this is your new twist on Beef Bourguignon?"
4897,5760,4,27,160,191,1.1832460732984293,0.03175164866611054,654,This started happening when we stopped using pesticides.
2237,5760,4,27,160,191,1.1832460732984293,0.03175164866611054,654,Try our new recipe “storm in a soup bowl”
2987,5760,6,23,162,191,1.1832460732984293,0.033442344340672905,654,This hurricane is too salty
3789,5760,5,25,161,191,1.1832460732984293,0.032607955992489446,654,"The kitchen has a new twist on funnel soup."" --                                 Leo Sacks, Sunnyside, N"
4057,5760,4,27,160,191,1.1832460732984293,0.03175164866611054,654,"I specifically said, “sans croutons”, not “cyclone”."
4286,5760,8,19,164,191,1.1832460732984293,0.035051584799893926,654,We're testing some new table theatrics.
6462,5760,5,25,161,191,1.1832460732984293,0.032607955992489446,654,"Even if I had a spoon, I wouldn't be able to eat it."
3579,5767,3,31,168,202,1.183168316831683,0.029868755604843922,654,"I distinctly ordered, Tournedos Rossini not soup de hour!"
6102,5768,4,22,138,164,1.1829268292682926,0.03487445425454379,654,"Excuse me, I ordered this with extra shark.”"
2653,5769,5,22,148,175,1.1828571428571428,0.03445497355838122,654,"Waiter, how can I eat this soup with no spoon?"
4851,5769,4,24,147,175,1.1828571428571428,0.033488262987455164,654,I think the chef is taking the menu too literally.  I said I wanted the beef tournados and soup.
488,5771,5,24,157,186,1.1827956989247312,0.033137296064768736,654,It's all the rage; there hasn't been such a craze since molecular gastronomy.
3082,5771,4,26,156,186,1.1827956989247312,0.03224837595471029,654,"Sir, the fire dept forced a soup switch from flambe to tornado potato"
6746,5771,4,26,156,186,1.1827956989247312,0.03224837595471029,654,It costs three dollars more because it’s a premium side.
2531,5774,4,28,165,197,1.1827411167512691,0.031131382064779816,654,And a side order of pepto-bismol.....
4738,5774,6,24,167,197,1.1827411167512691,0.03275297981330302,654,"Remember to exhale as blow on your soup, if  you inhale you’ll be sucked in!"
5650,5774,4,28,165,197,1.1827411167512691,0.031131382064779816,654,May I add some freshly ground pepper?
2235,5777,7,24,177,208,1.1826923076923077,0.032349504450808,654,"I ordered Brussels Sprout soup, not water spout soup."
6189,5778,6,17,136,159,1.1823899371069182,0.03770266300757025,654,Sorry sir - it's the elephant in the room.
5143,5779,5,21,144,170,1.1823529411764706,0.035075900409562884,654,"-what’s that?
- it’s a climate change sir"
4833,5779,3,25,142,170,1.1823529411764706,0.0330316742081448,654,Our honey topping is quite fresh.
2871,5779,2,27,141,170,1.1823529411764706,0.031960567215222266,654,You guys are up to date with the diet trends! I am guessing this is the tornado diet?
775,5779,5,21,144,170,1.1823529411764706,0.035075900409562884,654,I asked for Hurricane Bisque!
120,5783,6,21,154,181,1.1823204419889504,0.03459110683425089,654,We needed to add a little more spin to Man v. Food
1031,5783,4,25,152,181,1.1823204419889504,0.03276842937353713,654,This is normally served cold.
5467,5783,5,23,153,181,1.1823204419889504,0.03369209577651002,654,Good news: our chef is also an exterminator.
2578,5786,4,27,161,192,1.1822916666666667,0.031600258597691167,654,So this is GMO soup?
3329,5786,5,25,162,192,1.1822916666666667,0.03245171590618843,654,Sam Champion is our new head chef.
3408,5786,7,21,164,192,1.1822916666666667,0.034090891875777914,654,"I have heard of a storm in a teacup, but  this is taking things too far."
3964,5786,8,19,165,192,1.1822916666666667,0.03488160590771287,654,I thought you said this was gluten-free?
1283,5790,7,23,173,203,1.1822660098522169,0.03285210097310772,654,I ordered Hurricane Soup.
2688,5790,3,31,169,203,1.1822660098522169,0.029734948081030055,654,When it cools it is delicious!
6274,5790,7,23,173,203,1.1822660098522169,0.03285210097310772,654,"But sir, this is soup a la Dyson."
2941,5793,4,31,179,214,1.1822429906542056,0.029583466752198785,654,A spoon should do...
1963,5793,5,29,180,214,1.1822429906542056,0.030315977207694193,654,This is a spicier version of Beef Tournedos
6354,5795,6,26,177,209,1.1818181818181819,0.03148386327527228,654,I can honestly say this soup is direct from heaven.
5968,5795,3,26,147,176,1.1818181818181819,0.03232435964845102,654,That's the last time I ever order a large carrot soup in this place!
5702,5795,4,26,157,187,1.1818181818181819,0.03209035289009499,654,May I please switch to an indooe table?
3521,5795,5,24,158,187,1.1818181818181819,0.032974107340130336,654,I  said Keto not El Nino.
4763,5795,4,26,157,187,1.1818181818181819,0.03209035289009499,654,"Waiter, I believe the chef went a bit overboard with the spices!"
2968,5795,6,22,159,187,1.1818181818181819,0.03383478625831774,654,I asked for not spicy.
795,5795,5,28,176,209,1.1818181818181819,0.030744544585699186,654,"Oh, tureen- I heard tornado"
2324,5795,5,22,149,176,1.1818181818181819,0.03427439797505623,654,I think the chef has taken Myhrvold's science of cooking a bit too far.
2064,5795,6,20,150,176,1.1818181818181819,0.03520893951097652,654,It may not still well.
811,5795,6,22,159,187,1.1818181818181819,0.03383478625831774,654,I ordered the <i>tomato</i> soup.
660,5795,4,24,148,176,1.1818181818181819,0.033313650229560156,654,"Sir, you asked for our organic carrots."
47,5795,6,24,168,198,1.1818181818181819,0.03260020796425313,654,"Waiter, there’s no tornado in my wine."
2791,5795,4,24,148,176,1.1818181818181819,0.033313650229560156,654,"Yes Sir, The soup comes from Baghdad, we guarantee one genie in every bowl"
2086,5808,5,27,172,204,1.1813725490196079,0.031191144010032038,654,"Waiter, I said coriander, not coriolis soup."
2575,5808,7,23,174,204,1.1813725490196079,0.03270287181482081,654,THIS is the Alabama surprise?
4465,5808,6,25,173,204,1.1813725490196079,0.03195594850408261,654,It has been cooked with coal.
1467,5811,6,23,164,193,1.1813471502590673,0.03312197526717624,654,"I believe Sir said he wanted the Mid-Western version of our Storm Soup"""
4534,5811,1,33,159,193,1.1813471502590673,0.028761144185459223,654,I'm still waiting for my Krazy Straw.
5532,5811,5,25,163,193,1.1813471502590673,0.032296948454163636,654,No. I said I wanted three dishes.
1079,5814,5,23,154,182,1.1813186813186813,0.03352143472487884,654,New chef...
652,5814,1,31,150,182,1.1813186813186813,0.029678873200206908,654,Chicken soup for an ill wind.
3131,5816,5,21,145,171,1.1812865497076024,0.034886477134579215,654,"On second thought, I'll pass on the midwestern lentil."
4399,5816,4,23,144,171,1.1812865497076024,0.03388608618971974,654,Did you know that this soup is truly out of this world!
3006,5818,4,21,135,160,1.18125,0.0353240557565852,654,This may be a little aggressive for me. May I substitute for the EF-2?
1017,5819,7,20,161,188,1.1808510638297873,0.034502735042157576,654,Would you kindly hand me my wine?
2117,5819,6,22,160,188,1.1808510638297873,0.03366822585100606,654,I think there's one twist too many in the avgolemono soup
3476,5819,4,26,158,188,1.1808510638297873,0.031933851084458974,654,That’s our Master Chef Tornado’s specialty of the day.
3597,5819,4,26,158,188,1.1808510638297873,0.031933851084458974,654,"The Zuppa Toscanini is rated an EF4, so expect to see your life flash before your eyes."
4160,5819,5,24,159,188,1.1808510638297873,0.032812499729819075,654,No I did not order sharknado...
5267,5819,5,24,159,188,1.1808510638297873,0.032812499729819075,654,"Yes, is the soup de jour served in in its own eco-system of climate change?"
2920,5825,2,28,147,177,1.1807909604519775,0.03114340539483568,654,"I'm sorry, but the Yelp gods have spoken."
4440,5825,6,20,151,177,1.1807909604519775,0.03502452056971208,654,"The menu specifically stated ""a fly."""
6838,5827,6,18,142,166,1.180722891566265,0.03654397804362194,654,"I wanted a soup tureen, not soup tornado."
4358,5828,4,29,172,205,1.1804878048780487,0.03027135022059172,654,Excuse me.  Is this really the Turnip Twister soup?
5370,5828,4,29,172,205,1.1804878048780487,0.03027135022059172,654,"Yes, I did order the steak Tornados stew, but I declined your suggestion to add the volcanic ash option."
2388,5830,2,31,161,194,1.1804123711340206,0.029545986302978843,654,I'm finding it hard to eat this shark fin soup.  The menu didn't say anything about it coming with its own sharknado.
5000,5830,6,23,165,194,1.1804123711340206,0.03296405779976878,654,Red wine?
274,5832,5,23,155,183,1.180327868852459,0.03335247468541924,654,I argue that ruby red slippers should be considered business attire.
760,5832,3,27,153,183,1.180327868852459,0.03150062042067287,654,What kind of bean soup is this? Magic bean soup?
2229,5832,4,25,154,183,1.180327868852459,0.03243976459939902,654,I ordered cream of mushroom sans the cloud.
2384,5832,5,23,155,183,1.180327868852459,0.03335247468541924,654,I asked for a hot soup but this is ridiculous!
2420,5832,6,21,156,183,1.180327868852459,0.03424086459216006,654,would you like pepper with that?
3768,5837,6,19,147,172,1.180232558139535,0.03566545538084814,654,I don't even 'have' a spoon....
3928,5837,4,23,145,172,1.180232558139535,0.03370498176107748,654,Is this based on the same molecular gastronomy as your tempest in a teapot?
4086,5839,3,23,135,161,1.1801242236024845,0.03399876545731369,654,"You mean, frozen AND reheated?"
901,5840,3,30,167,200,1.18,0.029874107711491377,654,"I said ""TOMATO"" soup, you idio"
2369,5841,5,24,160,189,1.17989417989418,0.032652450695262666,654,"You asked for it stirred, not shaken, right?"
2769,5841,5,24,160,189,1.17989417989418,0.032652450695262666,654,This is the polar vortex soup featured this week! It’s really cool.
3653,5841,6,22,161,189,1.17989417989418,0.03350328083541078,654,There's a carrot eating my soup!
4391,5841,5,24,160,189,1.17989417989418,0.032652450695262666,654,It’s all the rage among the weight loss programs.
4644,5841,5,24,160,189,1.17989417989418,0.032652450695262666,654,Tomato soup? I thought you said Tornado soup.” -a very confused waite
5380,5841,6,22,161,189,1.17989417989418,0.03350328083541078,654,I thought I ordered the chicken noodle.
1513,5847,5,22,151,178,1.1797752808988764,0.033918805056827706,654,We call it Chinese Hoax Soup; that funnel spout is not real
6022,5848,5,29,183,217,1.1797235023041475,0.02993093240281717,654,Calling this Big Parsnip Soup does not do it justice.
123,5849,3,24,140,167,1.1796407185628743,0.03322958423047904,654,"‘No, no, it’s gourmet.’"
1588,5849,5,20,142,167,1.1796407185628743,0.03533404876200776,654,"I asked for the 'MAGA' soup, not the magma soup!"
1710,5849,5,20,142,167,1.1796407185628743,0.03533404876200776,654,"Sir, Alabama law strictly prohibits heavy soup stirring."
5597,5852,2,24,130,156,1.1794871794871795,0.0334000731627499,654,"You’ll recall, sir, that I did recommend tasting first."
5568,5852,5,25,165,195,1.1794871794871795,0.031991750158291685,654,Jesus! I ordered the Tempest in a Teapot!
5285,5852,4,27,164,195,1.1794871794871795,0.031154517875989485,654,"Waiter, there’s a tornado in my tomato."
4824,5852,4,27,164,195,1.1794871794871795,0.031154517875989485,654,"The word is 'tobasco,' not 'tornado' -- are you sure you speak Spanish?"
3703,5852,7,21,167,195,1.1794871794871795,0.03360369423740448,654,"Storm in a teacup, sure, but tornado in soupbowl? This tells me that somebody back there in the kitchen is trying way too hard to be fresh and relevant."
888,5857,4,25,155,184,1.1793478260869565,0.03227786162383864,654,Is there a vent?
1325,5857,4,25,155,184,1.1793478260869565,0.03227786162383864,654,"I asked for veal tournedos, not tomato tornado soup."
6553,5857,4,25,155,184,1.1793478260869565,0.03227786162383864,654,You call this vindallo?
647,5860,5,21,147,173,1.1791907514450868,0.03451363854533352,654,"Waiter, I said more tomato soup, not tornado soup."
1873,5861,6,24,171,201,1.1791044776119404,0.032150237654534355,654,"Sir, there’s an Alabama in my soup."
2910,5861,4,28,169,201,1.1791044776119404,0.03056362697195556,654,"Yoiks, mate, I asked fer ANTI-clockwise."
3221,5863,5,24,161,190,1.1789473684210525,0.03249393811628204,654,You requested that it be hot
4115,5863,3,28,159,190,1.1789473684210525,0.030732172543296892,654,There seems to be a problem with the soup......it's too cold.  Would you bring me another one?
4870,5863,4,26,160,190,1.1789473684210525,0.03162532563892219,654,What else do you serve with the new votex special?
6701,5863,3,28,159,190,1.1789473684210525,0.030732172543296892,654,I said not too spicy!
4122,5867,3,26,150,179,1.1787709497206704,0.03182920098836401,654,"Yes, I've heard of a storm in teapot, but this is ridiculous!"
2617,5867,4,24,151,179,1.1787709497206704,0.0328004380183489,654,"Is Sir from Alabama, perhaps?"
1144,5867,6,20,153,179,1.1787709497206704,0.03466136367010536,654,It's a tornado of flavor!
1250,5867,5,22,152,179,1.1787709497206704,0.03374373175618583,654,What do you mean you have nothing? When you light the Greek cheese on fire you say Opa!
3001,5871,7,23,177,207,1.178743961352657,0.0322631329377969,654,Where's the beef?
2371,5872,4,27,165,196,1.1785714285714286,0.031008683647302113,654,"Our Specialite de la Maison, Tornado Tomato Soup"
6208,5872,7,21,168,196,1.1785714285714286,0.033444346798974074,654,There’s never any aftertaste.
3284,5874,5,23,157,185,1.1783783783783783,0.033019558314759556,654,"Waiter, there’s The Fly in my soup."
5371,5875,5,26,171,202,1.1782178217821782,0.031223889013965486,654,"""You say you only heated this by four degrees?"
1556,5876,2,27,145,174,1.1781609195402298,0.031292772996751504,654,Please enjoy the specialty of the house: tornados de boeuf soup.
6408,5877,5,24,162,191,1.1780104712041886,0.03233694028167035,654,"Waiter, there's a fly in the funnel in my soup!"
385,5877,3,28,160,191,1.1780104712041886,0.03058520074801368,654,The tomato basil is just divine
4126,5879,2,25,136,163,1.177914110429448,0.03247036227352298,654,"I specifically ordered a Texas twister, this is a _cyclone_!"
5085,5880,5,27,176,208,1.1778846153846154,0.030638818646816203,654,"Excuse me, but I ordered tomato soup.""
N. Schlief, Doniphan, MO"
418,5881,4,24,152,180,1.1777777777777778,0.03263282132542449,654,"""Sucking up to me doesn't work."""
1827,5881,4,24,152,180,1.1777777777777778,0.03263282132542449,654,"No, she'll come any minute now and she's a BABE."
3052,5883,8,19,170,197,1.1776649746192893,0.03405565714074864,654,I've heard of a tempest in a teapot but this is just chicken soup!
5685,5883,3,29,165,197,1.1776649746192893,0.03001334602838997,654,"I know it's Mardi Gras, but wouldn't a Dixieland jazz band been simpler?"
3300,5885,5,28,181,214,1.1775700934579438,0.0300834463340365,654,Global climactic change?
2954,5886,2,26,141,169,1.1775147928994083,0.031779741436972875,654,Shockingly good soup
3813,5886,2,26,141,169,1.1775147928994083,0.031779741436972875,654,This is our “Widowmaker” chili. The chef received one too many “bland” comments on his “Gastric Meltdown” offering
2040,5888,3,27,156,186,1.1774193548387097,0.031036142129603414,654,Let’s remove the bowl and spoon and let a funnel be a funnel.
2258,5888,4,25,157,186,1.1774193548387097,0.03195879780368379,654,Cooked by climate change!
2752,5888,5,23,158,186,1.1774193548387097,0.032855553500504966,654,"Sorry, since the chef joined PETA, there’s nothing we can do."
5345,5888,7,19,160,186,1.1774193548387097,0.034579367740896365,654,"Sorry, we’re out of teapots."
6631,5888,3,27,156,186,1.1774193548387097,0.031036142129603414,654,Is this Cream of Parsnip soup GMO free?
3838,5893,4,31,185,220,1.1772727272727272,0.02884462738144957,654,"I didn't know you guys made tornado soup here"""
1149,5893,3,33,184,220,1.1772727272727272,0.0281158590187026,654,"Looks interesting, but I ordered tomato soup."
2395,5895,3,22,133,158,1.1772151898734178,0.03421407408623916,654,You could say the chef's inspiration is the tempest in a teapot.
2833,5896,5,21,149,175,1.177142857142857,0.03414860378568027,654,"Your Tasmanian Devil Consommé is interesting but I’d prefer the Froggy Evening Chowder, Please."
3636,5896,3,25,147,175,1.177142857142857,0.032167751717019286,654,We know you're  undercover for the  Michelin guide
3904,5896,5,21,149,175,1.177142857142857,0.03414860378568027,654,"Sir, it's a self-cooling Vichyssoise. Your tossed salad and Flaming Crepes Suzette will be out shortly - if you're still around."
1799,5899,3,28,161,192,1.1770833333333333,0.030439608599152124,654,It’s a bit light on the shark fins.
2562,5899,5,24,163,192,1.1770833333333333,0.032181435880016186,654,The House Speciality. Our atmospheric carrot-parsnip soup. Enjoy!
3882,5899,6,22,164,192,1.1770833333333333,0.03301790933894213,654,"Can I get some ice cubes, please?"
6423,5899,5,24,163,192,1.1770833333333333,0.032181435880016186,654,"God especially likes our soup, but, surprisingly, he's not much into sharing."
5163,5903,5,27,177,209,1.1770334928229664,0.030503745450513337,654,"Stop saying, ""Zee soup reflects zee feelings."""
5526,5904,8,16,157,181,1.1767955801104972,0.036050635147674856,654,"Didn't you hear me, I said no chili?"
3348,5904,8,16,157,181,1.1767955801104972,0.036050635147674856,654,Can fly's do that?
2634,5904,4,24,153,181,1.1767955801104972,0.032466888944440525,654,Is that steam or a giant carrot?
467,5904,5,22,154,181,1.1767955801104972,0.03339889566940303,654,"Waiter, there's a climate lie in my soup!"
2299,5904,4,24,153,181,1.1767955801104972,0.032466888944440525,654,"So what's this? Climate change?"""
2437,5904,6,20,155,181,1.1767955801104972,0.03430559117900028,654,Too much sriracha sauce!
3830,5910,6,23,169,198,1.1767676767676767,0.032347017987909316,654,The beef tornadoes are especially light tonight.
5014,5910,3,29,166,198,1.1767676767676767,0.029874857051746032,654,I decided against the tea now.
3267,5912,4,22,144,170,1.1764705882352942,0.033740003406890956,654,"Our seasonal soup for September comes directly from the Gulf of Mexico. We call it ""A storm in a soup bowl""."
2048,5912,5,23,159,187,1.1764705882352942,0.03269315271048148,654,"I ordered the Judy Garland, not the Helen Hunt.  I mean, that's why I asked for the ketchup."
1805,5912,1,31,155,187,1.1764705882352942,0.028962703759843,654,Tell the chef he doesn’t need to elevate my soup.
4982,5912,4,22,144,170,1.1764705882352942,0.033740003406890956,654,I didn't know they were hungry.
1508,5912,7,19,161,187,1.1764705882352942,0.03440703774936288,654,An F-1? No it's clearly an F-U.
991,5912,7,19,161,187,1.1764705882352942,0.03440703774936288,654,I asked for an F-2 gumbo. This is an F-5...it'll suck my teeth out
701,5912,4,28,172,204,1.1764705882352942,0.030151048801509383,654,"Waiter, I asked for a typhoon in my soup"
1509,5912,6,21,160,187,1.1764705882352942,0.03356103753489264,654,I said prawn twisters. PRAWN twisters.
6706,5920,4,26,163,193,1.1761658031088082,0.03117342201682567,654,Fasten your seat belt.
6842,5920,2,30,161,193,1.1761658031088082,0.02939111273739134,654,I said AL-FRE-DO.
6857,5920,7,20,166,193,1.1761658031088082,0.03367045201188584,654,Waiter! How has the chef prepared the endless breadsticks?
944,5923,6,19,151,176,1.1761363636363635,0.03491165693355898,654,How are doing so far?
1733,5923,4,23,149,176,1.1761363636363635,0.032999297870960634,654,"Oh, you said tomato soup! I thought that you said tornedo soup!"
2657,5923,5,21,150,176,1.1761363636363635,0.03396893764767235,654,I certainly wouldn't  call it  just  a tempest in a teapot
3377,5923,3,25,148,176,1.1761363636363635,0.03200029054620164,654,"When I said, ""There's a fly in my soup,"" I thought you'd bring me another bowl."
4417,5923,8,15,153,176,1.1761363636363635,0.03672456833941887,654,This soup du jour feels ill-timed.
3037,5928,1,26,132,159,1.1761006289308176,0.031589516544678474,654,And I thought extreme weather events were disturbing when they happened outside.
1947,5929,5,25,169,199,1.1758793969849246,0.03139815112154325,654,"I take my soup shaken, not stirred."
859,5929,5,25,169,199,1.1758793969849246,0.03139815112154325,654,Oh the humanity
5942,5929,7,21,171,199,1.1758793969849246,0.03297516616044043,654,You better believe I'm not tipping you!
3686,5932,4,24,154,182,1.1758241758241759,0.03230261599108085,654,"Fries"", I said I wanted ""Fries"" with that"
1268,5932,3,26,153,182,1.1758241758241759,0.031348783580422125,654,Are you ready to try some desert?
3307,5934,7,15,143,165,1.1757575757575758,0.03742597043806586,654,Do you still think there's no such thing as climate change?
5048,5934,2,25,138,165,1.1757575757575758,0.032111588456412814,654,You say this is the soup bowl version of a tempest in a teapot?
4434,5936,6,21,161,188,1.175531914893617,0.03339523877984372,654,Get me the pepper mill.
4828,5936,6,21,161,188,1.175531914893617,0.03339523877984372,654,I'm quite certain I said tortellini soup.
6338,5936,4,25,159,188,1.175531914893617,0.03164590631176213,654,It's our special for Shark Week - Sharknado soup.
353,5939,3,24,144,171,1.1754385964912282,0.032516748141684995,654,Do you have an ice cube?
2419,5939,4,22,145,171,1.1754385964912282,0.03355798503060304,654,‘I believe the whirling dervish needs a bit more prep time.’
2764,5939,3,24,144,171,1.1754385964912282,0.032516748141684995,654,"Your cuisine may be all natural, but there are no pureed pea soupspouts in nature."
577,5942,6,25,180,211,1.1753554502369667,0.030974486753413334,654,I think it's a blowfly.
6657,5943,5,24,165,194,1.175257731958763,0.031874824075508484,654,"Our soup is so tasty, that it has attracted the attention of the Almighty."
2439,5943,3,28,163,194,1.175257731958763,0.030152487622736427,654,"Sir, its as you requested-smoking hot!"
5560,5945,5,21,151,177,1.1751412429378532,0.03379113344413133,654,The gods really have a problem with the ketchup bottle on the table.
5109,5945,3,25,149,177,1.1751412429378532,0.03183454143950465,654,The chef is experiment again!  It's suppose to keep the ingredients from settling to the bottom of the bowl!
916,5945,4,23,150,177,1.1751412429378532,0.032827417870604975,654,Farm to table micro-climate too?
2189,5945,4,23,150,177,1.1751412429378532,0.032827417870604975,654,What? You mean you don't have a weather appetite?
2273,5949,3,22,135,160,1.175,0.03382111654762896,654,"Oh, but our Consomme aux Pommes d’Amour avec des Astéroïdes is a speciality of the 'ouse, Sir!"
3548,5949,5,25,170,200,1.175,0.03125314054570915,654,"You say the gazpacho smacks of ""White Tornado?"" What's that supposed to mean?"
3931,5949,3,29,168,200,1.175,0.029601626330440618,654,"If I'd wanted Soupnado, I would have ordered Soupnado."
5732,5949,7,21,172,200,1.175,0.032821659106947405,654,I don't think this will be good for my stomach.
5291,5953,5,22,156,183,1.174863387978142,0.03306096535241539,654,It’s not like any Italian wedding I’ve ever been to...
2089,5953,6,20,157,183,1.174863387978142,0.03395698264585239,654,I asked for a fly.
4569,5953,3,26,154,183,1.174863387978142,0.031191809009408104,654,The Sharknado soup is our Lenten special.
6135,5956,5,26,175,206,1.174757281553398,0.030664260870290557,654,"""I ordered the Kansas special not the  Nouvelle Nebraska"""
6534,5957,4,25,160,189,1.1746031746031746,0.031491720319294585,654,You said shell soup not hell soup...
1828,5957,4,25,160,189,1.1746031746031746,0.031491720319294585,654,"Waiter, there’s something NOT in my soup!"
607,5957,4,25,160,189,1.1746031746031746,0.031491720319294585,654,Enjoying our complementary soup cooling service?
948,5957,4,25,160,189,1.1746031746031746,0.031491720319294585,654,"No, I asked for the tortilla soup."
2358,5961,1,28,143,172,1.1744186046511629,0.030167627393778804,654,You asked for extra spicy!
4583,5961,4,22,146,172,1.1744186046511629,0.0333778985345532,654,It is what the chef wanted
1681,5963,6,22,167,195,1.1743589743589744,0.03254627031048736,654,"But  sir, you did order the Climate Change soup."
3880,5963,5,24,166,195,1.1743589743589744,0.03172367596950428,654,"Sir, the  kitchen has gotten warmer recently!"
4020,5963,4,26,165,195,1.1743589743589744,0.03087917620197948,654,"Sir, Your wizarding degree isn't supposed to be used here"
6575,5963,4,26,165,195,1.1743589743589744,0.03087917620197948,654,Creme de Katrina again?
2323,5967,4,23,151,178,1.1741573033707866,0.032657299240165326,654,I said I wanted it hot but this is ridiculous - you gonna charge me a carbon tax on it?
1515,5967,4,23,151,178,1.1741573033707866,0.032657299240165326,654,Could I have chopsticks?
1778,5967,5,21,152,178,1.1741573033707866,0.033615162735445965,654,I’ve a feeling we’re not in Flavortown anymore
993,5970,6,23,172,201,1.1741293532338308,0.03189904497892626,654,I asked for warm soup not Soup Warming!
1670,5970,3,29,169,201,1.1741293532338308,0.0294668515322604,654,I am telling you. This is not a storm in a teacup!
4249,5972,0,28,133,161,1.173913043478261,0.029965323374109173,654,The soupe du jour is way too salty.
3628,5972,3,30,174,207,1.173913043478261,0.028950309288953202,654,Midwest Chowder? I wanted the Oklahoma Bisque.
36,5972,4,24,156,184,1.173913043478261,0.03197895121051256,654,This soupnado needs a little more salt.
895,5972,5,22,157,184,1.173913043478261,0.03289452616723514,654,"Sir, the menu clear states Fly-nado Soup"""
2703,5972,4,24,156,184,1.173913043478261,0.03197895121051256,654,"Yes, I see there is a tornado in your soup, but at least it isn't a fly"
3629,5977,4,25,161,190,1.1736842105263159,0.031339012377787814,654,I said I wanted this soup cumulonimbus.
3163,5977,2,29,159,190,1.1736842105263159,0.029508373586853986,654,I ordered the tornado medium rare after the soup.
5662,5977,1,31,158,190,1.1736842105263159,0.028549068622363925,654,The AC on the fritz again?
1185,5977,6,21,163,190,1.1736842105263159,0.03306846355500862,654,The State has gone to great lengths to make my execution seem not cruel - but what about unusual?
1432,5977,3,27,160,190,1.1736842105263159,0.030437458899820132,654,"I did ask you to put some energy into the dish to get a good review, but not The Apocolypse."
1353,5982,3,23,141,167,1.1736526946107784,0.032876693687441956,654,I thought I ordered the hurricane soup.
6581,5983,7,20,169,196,1.1734693877551021,0.033189922064443184,654,"My apologies, sir, I thought you ordered the Genie Soup"
4998,5983,4,26,166,196,1.1734693877551021,0.030734102481969873,654,"I've heard of a hurricane cocktail, but not tornado soup"
1405,5983,5,24,167,196,1.1734693877551021,0.03157393987340544,654,The root of my question: is this giant carrot or parsnip soup?
4939,5983,1,32,163,196,1.1734693877551021,0.02806419754955843,654,New cuisine twist!
2374,5987,3,24,146,173,1.1734104046242775,0.03217153489745255,654,"I ordered the lobster bisque, not the twister soup."
4315,5987,6,18,149,173,1.1734104046242775,0.03516600152185452,654,This isn't my order; I wanted my soup stirred clockwise.
3892,5989,7,17,155,179,1.1731843575418994,0.0352681403118073,654,"Chef's conceptualizing Trump's hoaxes Sir.
This one's ""Global Warming"""
5545,5989,3,25,151,179,1.1731843575418994,0.0315080771628772,654,It evokes Chef’s upbringing
4620,5991,5,22,158,185,1.172972972972973,0.03272973797766355,654,You said you wanted carrot soup
1091,5991,3,26,156,185,1.172972972972973,0.03088246970249505,654,"I said, waterCRESS."
3486,5991,6,20,159,185,1.172972972972973,0.03361532618712788,654,I didn't order climate change with my soup!
3888,5991,3,26,156,185,1.172972972972973,0.03088246970249505,654,"Another spoon, please -- and quickly!"
4894,5991,6,20,159,185,1.172972972972973,0.03361532618712788,654,I really need to stop eating my feelings.
6793,5991,3,26,156,185,1.172972972972973,0.03088246970249505,654,But I asked for a cup of sunshine.
2748,5997,6,21,164,191,1.1727748691099475,0.03290744107540022,654,"Sir, I explicitly asked for the ""to-mat-o"" bisque. Not a one-way trip to Kansas."
3588,5997,4,25,162,191,1.1727748691099475,0.031187761640536504,654,"Excuse me, I ordered the Hurricane Hash, not the Tornado Tomato Soup."
2841,5999,8,18,171,197,1.1725888324873097,0.03380769456400302,654,"Waiter, there's a fly in my leg of Giraffe soup!"
4968,5999,3,28,166,197,1.1725888324873097,0.029731689630166792,654,"I said ""reap"" not ""eat""."
1856,6001,4,22,148,174,1.1724137931034482,0.03302340110427059,654,"Oh Yes....Chef William's version of Shaken, not stirred....Enjoy!"
1566,6001,6,23,174,203,1.1724137931034482,0.03160716311403994,654,May I have a cup of your 'Temestuous Tea' to go with this?
4368,6001,5,20,149,174,1.1724137931034482,0.0340144938011551,654,"Excuse me, sir, I didn't order 'tornado' sou"
1074,6001,3,24,147,174,1.1724137931034482,0.032001628902889635,654,I was wondering what a Mexican/Canadian delight was.
1533,6001,2,26,146,174,1.1724137931034482,0.030946138440570942,654,Who knew Tomato Tornado was a literal description?
6856,6001,3,29,171,203,1.1724137931034482,0.02920090254415508,654,I have the feeling we’re not in Nomo anymore.
1587,6007,2,32,175,209,1.1722488038277512,0.027883506755486755,654,The bland soup review still didn't blow over?
1953,6008,2,27,151,180,1.1722222222222223,0.03034107331169246,654,Please tell the chef climate change still isn't real.
3386,6008,7,17,156,180,1.1722222222222223,0.0350848537386069,654,The soup is heavenly sir.
3694,6008,5,21,154,180,1.1722222222222223,0.03326861086666922,654,I’d really prefer a rose’ with this.
1729,6008,3,25,152,180,1.1722222222222223,0.03134731210385166,654,"I did ask that the soup be cooled a bit, but this is ridiculous!"
3893,6012,2,29,161,192,1.171875,0.02922805416556857,654,This is not what I expected for my taco twist soup
3165,6012,6,21,165,192,1.171875,0.03274796539581421,654,There isn't anymore hot sauce in the kitchen.
817,6014,7,22,181,210,1.1714285714285715,0.03160063918810247,654,"Waiter, come taste the soup."
476,6014,4,22,149,175,1.1714285714285715,0.032848931650502795,654,May I have a straw please?
4624,6014,5,20,150,175,1.1714285714285715,0.03383391428095771,654,I only asked for soup... is the tornado extra?
5130,6017,4,29,183,216,1.1712962962962963,0.02885335111797642,654,What's the weather...Kenneth.
6627,6017,4,29,183,216,1.1712962962962963,0.02885335111797642,654,"Not to make a mountain out of a molehill, but we were out of teacups."
4949,6019,2,27,152,181,1.171270718232044,0.030187976526916224,654,Its a new recipe using our atomic stove.
5276,6019,6,19,156,181,1.171270718232044,0.034012693859936764,654,"Waiter, this parsnip soup has big lumps in and I don't think it's fresh """
6285,6019,2,27,152,181,1.171270718232044,0.030187976526916224,654,I had no idea that the severe weather expert from channel 2 was the chef de cuisine.
5752,6022,3,26,158,187,1.1711229946524064,0.030579130283184,654,How do you like the tourbillon Bouillon?
6178,6022,4,24,159,187,1.1711229946524064,0.03150530455563873,654,"I know it's not the Tempest in a Teapot, but it still comes with crackers!"
6477,6022,4,24,159,187,1.1711229946524064,0.03150530455563873,654,Has David Wallace-Wells reviewed this?
1226,6025,7,19,167,193,1.1709844559585492,0.033407804717699004,654,So this is 'soup change'?
2776,6025,5,23,165,193,1.1709844559585492,0.031751168226678644,654,How do you like our reduced calorie soup?
5598,6027,3,21,134,158,1.1708860759493671,0.033827843329616934,654,"I ordered Clam Chowder, not Vesuvian Stew!"
4270,6028,6,22,171,199,1.170854271356784,0.03193780231062241,654,My soup is a disaster zone - may I get a tax-payer bailout?
6034,6029,4,27,174,205,1.170731707317073,0.02975445111516212,654,"Yes, the 'Fennel Cloud' soup du jour should be sufficient."
2465,6030,1,27,142,170,1.1705882352941177,0.030113453632533645,654,"I said extra hot, not extra fast!"
4613,6030,1,27,142,170,1.1705882352941177,0.030113453632533645,654,"""Um... Could I speak to the head chef please?"""
3426,6032,11,15,191,217,1.1705069124423964,0.03352837339968636,654,Don't give me that ... these things are caused on Earth by microwave globe-bowl warming!
4959,6032,4,29,184,217,1.1705069124423964,0.02873092480711412,654,Your menu promised an explosion.
325,6034,4,22,150,176,1.1704545454545454,0.03267627700798723,654,"Too much pepper? Gee, ya think?"
3193,6034,2,26,148,176,1.1704545454545454,0.03062464610787503,654,I guess this is non-organic ?
3480,6034,3,24,149,176,1.1704545454545454,0.03166708092274453,654,"I said to make sure it was warm, not boiling!!"
5636,6034,5,20,151,176,1.1704545454545454,0.03365522461725341,654,I s the cook's name TAZ?
1069,6038,1,29,152,182,1.1703296703296704,0.02900814181041573,654,It's tornado alley soup.  Eat it before it flies away.
1259,6038,2,27,153,182,1.1703296703296704,0.030036395575838946,654,‘The meringue kind of got out of control. Bon Appetite.’
4513,6038,4,23,155,182,1.1703296703296704,0.03199391496798187,654,"How apropos to choose ""global warming"" to further heat my tournedo de boeuf!"
5712,6041,4,24,160,188,1.1702127659574468,0.03135049162097142,654,But where's the beef?
4283,6041,4,24,160,188,1.1702127659574468,0.03135049162097142,654,"I asked for a cup of the Soup-nado, not a bowl."
2394,6041,6,20,162,188,1.1702127659574468,0.03311543313542117,654,It’s climate change with a touch of nutmeg
2149,6041,2,28,158,188,1.1702127659574468,0.029480073575326234,654,"It's Mr. Fieri's specialty, sir."
3530,6041,2,28,158,188,1.1702127659574468,0.029480073575326234,654,I said go easy on the peppering!
3085,6046,3,27,164,194,1.1701030927835052,0.029861152407628128,654,"All white, Christian diners will be able to find refuge at the following restaurants...”"
3365,6046,1,31,162,194,1.1701030927835052,0.028015290880272038,654,"a what? wait. you mean virtually, actually or literally."
4240,6046,5,23,166,194,1.1701030927835052,0.031599372194980976,654,"I thought I ordered a tempest in a teacup, not in a soup bowl.” 
“Yes, we are aware, and soup-er sized it, sir."
5608,6046,5,23,166,194,1.1701030927835052,0.031599372194980976,654,Horace…another place setting… please.  The dinner date…I dream of…is arriving.
6779,6046,8,17,169,194,1.1701030927835052,0.03404068408720584,654,Let's Twist again like we did last Summer Squash.
2970,6051,5,19,147,171,1.1695906432748537,0.03424042924691578,654,What's your return policy for divinely-eaten foods?
599,6052,7,16,154,177,1.1694915254237288,0.03534410339072636,654,I asked for the European model!
1901,6052,3,24,150,177,1.1694915254237288,0.0315023856706639,654,"Yes, my life has been a whirlwind of late."
3041,6052,7,16,154,177,1.1694915254237288,0.03534410339072636,654,I think I need a glass of water.
6280,6052,6,18,153,177,1.1694915254237288,0.03442389154506763,654,"Cancel the Fucking Contest !!
People just died. And you joke about it.
You just gave a million votes to Donald Trump."
4742,6056,2,27,154,183,1.169398907103825,0.029886308460042445,654,Did the kitchen run out of baby carrot soup?
2730,6056,5,21,157,183,1.169398907103825,0.0327618551748849,654,Is there some way to New Yorkerize this situation to provide some mild amusement?
3809,6056,5,21,157,183,1.169398907103825,0.0327618551748849,654,I heard the weather was going to be soupy today.
1116,6059,5,22,162,189,1.1693121693121693,0.03208661909954862,654,"The soupnado is the best test for your new $80 stainless steel straw"""
3780,6060,3,27,165,195,1.1692307692307693,0.02972042814637649,654,I didn't know you meant it literally when you told me that all the dishes served in this restaurant would be freshly sourced from their origins.
4424,6060,6,21,168,195,1.1692307692307693,0.03227860175905317,654,But I wanted the flies in the soup.
6444,6060,5,23,167,195,1.1692307692307693,0.0314490069384447,654,This is the Torrid Tornado Tomato soup
2191,6063,8,18,175,201,1.1691542288557213,0.03317703013876461,654,Needs more ghost pepper!
5159,6064,3,21,136,160,1.16875,0.03343758265727748,654,"So, are we enjoying our Souper Storm Campbell?"
5536,6064,2,23,135,160,1.16875,0.032240589041780954,654,"Do I just use my spoon, or?"
6083,6066,3,22,141,166,1.1686746987951808,0.03269400121927558,654,Is climate change in season?
1460,6067,1,27,144,172,1.1686046511627908,0.029795112215995977,654,It's the specialty of  Tornado Alley.
1454,6068,6,18,154,178,1.1685393258426966,0.034243194038964815,654,"You guys really take egg drop soup seriously, huh?"
4535,6068,5,20,153,178,1.1685393258426966,0.03330339871426614,654,Water spouts don't do the backstroke.
119,6070,2,27,155,184,1.1684782608695652,0.029737693594508036,654,I said no pressure cooker!
715,6070,6,19,159,184,1.1684782608695652,0.03349502269429215,654,I'd like to return the Alabama chowder.
1369,6070,3,25,156,184,1.1684782608695652,0.030720139185287227,654,Now that is definitely a soup special!
1569,6070,4,23,157,184,1.1684782608695652,0.031672124696742326,654,"This tzatz-whatever is a real tongue twister, but I dig it."
4812,6070,6,19,159,184,1.1684782608695652,0.03349502269429215,654,"Actually, I think I won't have the Trailer Park Steak as my entree."
5600,6070,4,23,157,184,1.1684782608695652,0.031672124696742326,654,You didn't mention carrot in the soup is not sliced. Can I get a hacksaw?
5806,6070,3,25,156,184,1.1684782608695652,0.030720139185287227,654,"I'm taking stock of this for my Yelp review."""
6293,6070,4,23,157,184,1.1684782608695652,0.031672124696742326,654,"It was r-n, sir, not an m."
3353,6078,4,24,162,190,1.168421052631579,0.03104533848060555,654,Our Funnel Soup will NOT be outdone by the likes of a carnival
3674,6079,4,25,167,196,1.1683673469387754,0.03045266271496997,654,I'm sure I said not the extra spicy kind.
2966,6080,8,18,176,202,1.1683168316831682,0.033022997914794704,654,I distinctly requested the vichyssoise without waterspout!
992,6080,4,26,172,202,1.1683168316831682,0.029891198745525704,654,We're all out of the 'tempest in a teapot' special on tonight's menu
182,6082,4,20,143,167,1.1676646706586826,0.033604487337363376,654,When did your seasonal menu change from winter to tornado?
3213,6082,1,26,140,167,1.1676646706586826,0.030213026470859446,654,I ordered the hurricane fries.
1159,6084,3,23,147,173,1.1676300578034682,0.031825496438256086,654,I believe I ordered the Brussels sprout soup with butter and 'turbinado.'
3845,6084,3,23,147,173,1.1676300578034682,0.031825496438256086,654,"I hope you enjoy your soup, sir.  It's guaranteed to transport your taste buds."""
618,6086,5,20,154,179,1.1675977653631284,0.033130205861534597,654,You should see it on the way out!
2202,6086,3,24,152,179,1.1675977653631284,0.03117802340033617,654,"It's our version of locavoire: soupe de ""tornado alley"""
3545,6086,3,24,152,179,1.1675977653631284,0.03117802340033617,654,"Fresh pepper for the Oklahoma spring vegetable soup, please."
6610,6086,2,26,151,179,1.1675977653631284,0.030154575847025838,654,This is NOT merely a storm in a teacup!
987,6090,1,29,155,185,1.1675675675675676,0.028580501170593926,654,Are you sure this isn't beef tournedos bullion?
3761,6090,2,27,156,185,1.1675675675675676,0.029590529798278607,654,The menu said it had only 3 hot spicy stars.
5510,6090,6,19,160,185,1.1675675675675676,0.033325922043730284,654,"I ordered LOBSTER Tournedo, not PARSNIP!"
2405,6093,4,24,163,191,1.1675392670157068,0.03089495596520513,654,"I ordered tournedos of beef, not tornadoes! 
More fresh pepper, sir?"
1252,6093,5,22,164,191,1.1675392670157068,0.031774359239549944,654,"Waiter! Waiter!
Shhhhh! Not so loud! If the the others see  yours, they’ll want one too!"
1781,6095,2,29,166,197,1.16751269035533,0.028549702226293737,654,I mentioned that this soup packs a wallop.
2255,6095,5,23,169,197,1.16751269035533,0.031152489519957353,654,You told me the soup of the day was an F5.  This couldn't be more than an F2 or an F3.  Please ask the chef to whip me up something else.
5722,6095,3,27,167,197,1.16751269035533,0.02944287462024916,654,"The menu said it would leave eaters winded, but I didn't think you meant it literally."
6584,6095,4,25,168,197,1.16751269035533,0.03030973827992222,654,"I think I putt to much been sprouts 
in the soup"
3145,6099,1,27,146,174,1.1666666666666667,0.02948332944885798,654,I was told tornadoes don’t pass through Flavor Town.
3648,6099,4,21,149,174,1.1666666666666667,0.032689279887384064,654,So how come you didn't tell me about the elephant in the room?
3047,6099,3,24,153,180,1.1666666666666667,0.031018306202583324,654,I meant to order a mexican tornado.
2745,6099,5,22,165,192,1.1666666666666667,0.03162047701424654,654,Waiter: I said “tomato soup”. I can’t stand tornado soup!
2268,6099,2,25,147,174,1.1666666666666667,0.03058933610664303,654,"It's a Class 3 Ectoplasmic Foodie, Ray. Who you gonna call?"
5255,6099,4,20,144,168,1.1666666666666667,0.033418767048852785,654,"Excuse my asking, but am I witnessing His way of pureeing butternut squash?"
2212,6099,5,19,150,174,1.1666666666666667,0.03369020313994873,654,Please take the soup away. I asked to be seated in the earthquake zone.
1267,6099,3,25,158,186,1.1666666666666667,0.030415763463279222,654,"You told Him I have the last bowl of  gazpacho, didn't you?"
165,6099,6,20,166,192,1.1666666666666667,0.03247140416464158,654,"Those aren't flies, Sir, they're micro cattle.  You did ask for the F5 Cream of Tornado.  Your bowl of barn shards will be here shortly."
2425,6099,4,25,169,198,1.1666666666666667,0.030168135380727375,654,Dyxlexic tomato soup?
4589,6109,5,26,186,217,1.1658986175115207,0.02922289940554948,654,Did you see the news? Tomato soup is on the rise again!
4545,6110,6,22,177,205,1.1658536585365853,0.03106624861804812,654,"Dude, all I wanted was a bowl of soup."
3057,6110,1,32,172,205,1.1658536585365853,0.026944234354294994,654,An Alabama Slammer is not a soup.
3722,6112,7,19,173,199,1.1658291457286432,0.032464557126842604,654,I'd forgotten which of the soups made the Guinness Book of Records.
5915,6112,6,21,172,199,1.1658291457286432,0.03167315305922878,654,I do believe that you've put too much hot sauce in my good sir.
452,6114,3,26,164,193,1.16580310880829,0.029703440529128135,654,"Sir,would you like more pepper in your soup?"
1597,6114,2,28,163,193,1.16580310880829,0.02878058396070031,654,I’ve got an ulcer.  The menu said nothing about the soup’s being an F-5 on the Modified Fujita Scale.
2156,6114,5,22,166,193,1.16580310880829,0.03146806494788829,654,"Sharknado fin soup - sharknados actually exist, and you make soup out of them?"
2460,6114,4,24,165,193,1.16580310880829,0.030598476194346406,654,"I'm sorry, but that IS exactly what you ordered. The tournadoes weren't selling so, rather than reprint the menu, we crossed out the letter U, and voila. Bon Appetit."
2511,6114,2,28,163,193,1.16580310880829,0.02878058396070031,654,Since when did the gastronomist start practicing meteorology!?
3922,6119,2,27,158,187,1.1657754010695187,0.02930047265585496,654,I’m so confused. Every night you serve the soup d’jour with Tabasco pepper. Why tonight with tornado pepper?!
3737,6119,4,23,160,187,1.1657754010695187,0.03120127738397458,654,"If this is the advertised ""never ending soup""  how am I supposed to eat it?"
444,6119,4,23,160,187,1.1657754010695187,0.03120127738397458,654,"No, the collision of disparate seasonal air masses and roll vorticity resulting from a mid-continental jet were not on the menu!"
2576,6119,6,19,162,187,1.1657754010695187,0.032992752581846564,654,"What I said, was that the soup was too cold."
3697,6119,4,23,160,187,1.1657754010695187,0.03120127738397458,654,"I’m story, but I ordered a teapot."
1725,6124,3,24,154,181,1.1657458563535912,0.03086019899175456,654,A little dense taste.
4539,6124,4,22,155,181,1.1657458563535912,0.03183927191403288,654,"The chef apologizes for the lobster bisque, sir; the cayennes have been rather unpredictable of late. In reparation I am authorized to offer sir a complimentary Tarte Tatin for dessert."
6486,6124,1,28,152,181,1.1657458563535912,0.028802381384194983,654,"Okay, okay! I won't slurp anymore, I promise!"
984,6127,1,27,147,175,1.1657142857142857,0.029329835801126497,654,This Alabama Gumbo is wreaking havoc.
1178,6127,6,17,152,175,1.1657142857142857,0.03447675293701526,654,I asked for a Texas tornado soup This is an Iowa tornado soup if you don't mind
3433,6129,2,24,143,169,1.165680473372781,0.03104327750716642,654,I don't like spicy.
2444,6130,2,23,138,163,1.165644171779141,0.03169550903220905,654,I'd like to change my main course from Salmon to the Tournedos Rossini.
4791,6131,4,24,166,194,1.1649484536082475,0.030452338932143132,654,"Careful, windy."
4616,6131,5,22,167,194,1.1649484536082475,0.03131710229955497,654,I thought she'd wait until after the entrée to ghost.
2446,6131,7,18,169,194,1.1649484536082475,0.03297867184175452,654,But I did not order the special.
1742,6131,3,26,165,194,1.1649484536082475,0.0295622901080997,654,I ordered the soupnami
3786,6131,2,28,164,194,1.1649484536082475,0.028644598905077704,654,All of our ingredients are fresh including the honey!
1018,6136,5,21,162,188,1.1648936170212767,0.031950429641410004,654,"DUST DEVILS, SURE. BUT A SOUP DEVIL IS A BIT MUCH."
4223,6136,4,23,161,188,1.1648936170212767,0.031047393784917207,654,May I trade this tornado soup with gazpacho?
4771,6136,5,21,162,188,1.1648936170212767,0.031950429641410004,654,"I asked for the Thunderclap Special, not the Twister Delight."
502,6139,6,18,158,182,1.164835164835165,0.033538845228228496,654,Our soup of the day with a dash of phantasmagoria added
3335,6139,1,28,153,182,1.164835164835165,0.028658162881936858,654,Those new microwaves are really amazing
4301,6139,4,22,156,182,1.164835164835165,0.03167694119470642,654,"As you ordered, it's Julia Child's Tornado Rossini."
5831,6142,3,23,150,176,1.1647727272727273,0.03132443908614156,654,never thought your soup is that disastrous!
4521,6142,3,23,150,176,1.1647727272727273,0.03132443908614156,654,"Waiter, I ordered the cream of mushroom not the 10 plague soup"
4995,6142,3,23,150,176,1.1647727272727273,0.03132443908614156,654,I specifically told you I was allergic to large soup tornadoes.
891,6142,3,23,150,176,1.1647727272727273,0.03132443908614156,654,"Well, you said you wanted your dinner smokin hot"
758,6142,5,19,152,176,1.1647727272727273,0.033333025874221545,654,Next time I'll just go to Dairy Queen.
2879,6142,5,19,152,176,1.1647727272727273,0.033333025874221545,654,I'm sure it's just a coincidence that the recorded music is playing The Wind Beneath My Wings.
4526,6148,3,21,140,164,1.1646341463414633,0.03268318924499519,654,"The Chef has a new microwave that he wanted to try out."""
6247,6149,5,25,183,213,1.164319248826291,0.02948190923540969,654,"I know I asked for a “tornado of flavor,” but this is ridiculous."
4112,6150,2,30,175,207,1.1642512077294687,0.027571303851120225,654,"I told you I didn't want it stirred aggressively this time, Mark."
914,6151,2,29,170,201,1.164179104477612,0.028028987106474182,654,"I said leek and potato, silly. Not tornado!"
1132,6151,4,25,172,201,1.164179104477612,0.029751077388509562,654,Let’s just say “Global Warming” and think no more about it.
4130,6151,4,25,172,201,1.164179104477612,0.029751077388509562,654,The spices here are heavenly.
6351,6151,5,23,173,201,1.164179104477612,0.030575772264297422,654,"Excuse me, I ordered the white wine"
6605,6151,6,21,174,201,1.164179104477612,0.0313788000621323,654,"This is what you called  a 
cyclone soup!"
93,6156,4,24,167,195,1.1641025641025642,0.03030757735738816,654,And you say they only serve this on Wednesday?
1776,6156,4,24,167,195,1.1641025641025642,0.03030757735738816,654,"Damn it!.... I asked for tomato soup, not tornado stew."
4963,6158,4,22,157,183,1.1639344262295082,0.03151624185501798,654,The plume of smoke is due to global warming.
4048,6158,1,28,154,183,1.1639344262295082,0.028515360413865706,654,I'm giving up soup for Lent.
1053,6158,5,20,158,183,1.1639344262295082,0.03245493400149038,654,I told you that gluten was dangerous!
1800,6158,4,22,157,183,1.1639344262295082,0.03151624185501798,654,"So, they forgot the parsnips?"
3026,6158,5,20,158,183,1.1639344262295082,0.03245493400149038,654,delicious soupnado
844,6163,2,25,150,177,1.1638418079096045,0.03011309553045346,654,"Now listen. If I'd wanted everyone to look at me, I'd have worn the suit that matches this tie."
3414,6163,3,23,151,177,1.1638418079096045,0.031160870620282614,654,Chef grabbed Ajax by mistake.
5707,6163,4,21,152,177,1.1638418079096045,0.03217454262614727,654,Turnips or tornados sir?
3489,6166,1,26,144,171,1.1637426900584795,0.029568159339520936,654,"I've heard of a storm in a teacup, but there's a WHAT in my soup?!"
5216,6167,4,19,142,165,1.1636363636363636,0.03361768123424875,654,This soup is a real twister!
4365,6168,3,28,177,208,1.1634615384615385,0.028283247952479672,654,Really? This is the low-chilli version?
2131,6169,5,23,174,202,1.1633663366336633,0.030434884997221155,654,Global warming special !
6330,6170,3,25,162,190,1.1631578947368422,0.029824561403508767,654,Did I ask you to bring the potage and the vol au vent at the same time?
4065,6170,4,23,163,190,1.1631578947368422,0.030744093017172628,654,Would you like a seat belt with that?
6187,6170,1,29,160,190,1.1631578947368422,0.02789471057096433,654,"You said that this is the new chef’s intpretation of “Beef Tournedos?”
Mike Darrington -Spokane, WA"
1870,6170,2,27,161,190,1.1631578947368422,0.02887576268039975,654,"Waiter, this soup is clearly too salty."
1902,6170,2,27,161,190,1.1631578947368422,0.02887576268039975,654,Would you like it chilled?
1528,6175,5,20,159,184,1.1630434782608696,0.03229036031225434,654,We pride ourselves on having the freshest honey in town.
2159,6175,3,24,157,184,1.1630434782608696,0.03039530073235103,654,"Tornadoed, not hurricaned."
4137,6175,3,24,157,184,1.1630434782608696,0.03039530073235103,654,I think the chef got carried away with the soup de jour.
1263,6178,5,19,154,178,1.1629213483146068,0.032983282690715994,654,We call it soup tornadoes
1557,6179,3,20,137,160,1.1625,0.03304216383947893,654,"No, I'm not in favor of disruptive innovation."
5516,6180,2,27,162,191,1.162303664921466,0.028736882009699996,654,It twists the spaghettini into the words Climate Change.
2757,6181,5,27,196,228,1.162280701754386,0.02814416354196869,654,What is your 3 wish?
3835,6182,5,20,160,185,1.162162162162162,0.03212743387659769,654,"Separate checks, please."
796,6183,2,25,152,179,1.1620111731843576,0.029803657273396053,654,We call it the Pre-Fixe Climate Special.
3792,6183,4,21,154,179,1.1620111731843576,0.031840216458840304,654,"If you like our ""cone"" chowder, you'll love our specials this monsoon season."
5366,6185,4,20,149,173,1.1618497109826589,0.03251986482386687,654,"I asked for the Sharknado, not the Firenado."
2397,6186,3,21,143,167,1.1616766467065869,0.03213914142630027,654,"I know tornadoes are striking everywhere these days, but this is ridiculous!"
213,6187,4,24,170,198,1.1616161616161615,0.029881357474028255,654,"Well, given how my Onion Soup is being stirred, I really hope the medium- rare steak I just ordered won’t be cooked here on the table too?"
2630,6188,3,25,164,192,1.1614583333333333,0.029537405509687996,654,But I ordered the teapot.
3076,6188,5,21,166,192,1.1614583333333333,0.03132943293252791,654,Kindly inform the new management to stick to the teacup tradition. We have values in this town.
3905,6188,1,29,162,192,1.1614583333333333,0.027629391607737752,654,I don't think I'll need seconds!
4878,6188,2,27,163,192,1.1614583333333333,0.02859931471956519,654,Are you ready for dessert sir?
1483,6192,7,22,194,223,1.1614349775784754,0.02987617046227694,654,Not just one. It's a flynado.
76,6193,3,24,159,186,1.1612903225806452,0.03009299271390184,654,Sorry. It's a gumbo eruption.
4727,6193,3,24,159,186,1.1612903225806452,0.03009299271390184,654,You do realize that the Tulsa Special must NOT be served a MOMENT before its time?
6190,6193,4,22,160,186,1.1612903225806452,0.031043692583949307,654,Got any Red Hot?
3815,6196,3,28,180,211,1.161137440758294,0.027912122720586508,654,What's this? I had asked for a storm in a teacup
5823,6196,2,30,179,211,1.161137440758294,0.027091512632954777,654,Clark Kent taught me this
1008,6198,2,25,153,180,1.1611111111111112,0.029651282694317035,654,Very Funny! Tell the Chef to can it.
1248,6199,5,23,177,205,1.1609756097560975,0.030019842345263108,654,"Sir, you ordered the CABBAGE & CHICKPEA DETOX WHIRLWIND SOUP"
1917,6200,3,22,149,174,1.160919540229885,0.03130192337649679,654,"Waiter, there’s a firefly in my soup."
5573,6200,3,22,149,174,1.160919540229885,0.03130192337649679,654,Surprenez moi
6224,6200,1,26,147,174,1.160919540229885,0.02910204238464233,654,"I ordered ""Curried"" Chicken Soup not ""Hurried"""
826,6203,3,26,170,199,1.1608040201005025,0.02887598360639315,654,That’s why I suggested a pot of tea.
2919,6203,2,28,169,199,1.1608040201005025,0.02798327329866883,654,Would you recommend the beef tournedos rossini?
3139,6203,8,16,175,199,1.1608040201005025,0.03297903353465889,654,"Sir, this is the special for today called: Soup Tornado"
3728,6203,3,26,170,199,1.1608040201005025,0.02887598360639315,654,"We call it the""Tsunami special."
4516,6203,1,30,168,199,1.1608040201005025,0.027061129684092976,654,But I ordered Sunny Side Up!
4670,6203,3,26,170,199,1.1608040201005025,0.02887598360639315,654,Can you stop the foam?
5114,6203,6,20,173,199,1.1608040201005025,0.031402212715392654,654,"Waiter, the fly is mow on the ceiling."
5633,6203,2,28,169,199,1.1608040201005025,0.02798327329866883,654,I ordered the non-spicy chili.
5772,6203,3,26,170,199,1.1608040201005025,0.02887598360639315,654,"Yes, this is the soup of the day."
2695,6212,3,21,144,168,1.1607142857142858,0.031961755757675195,654,"I believe I asked for ""potato"" soup."
2357,6212,3,21,144,168,1.1607142857142858,0.031961755757675195,654,"Actually ,what I thought I ordered was Seared Beef Tornadoes."
2906,6214,4,23,166,193,1.160621761658031,0.030299992139538844,654,"it's what we mean by ""made to order"""
5948,6215,3,24,160,187,1.160427807486631,0.02994405963392672,654,It's the chef's specialty-soup tornado.
5988,6215,2,26,159,187,1.160427807486631,0.02896801168690302,654,"True, our Tornado Tetrazzini is a bit unusual."
6009,6215,5,20,162,187,1.160427807486631,0.031806425764228506,654,The jinni is superlative!
144,6218,1,27,153,181,1.160220994475138,0.028440967240295576,654,I asked for bottled water spout.
804,6218,1,27,153,181,1.160220994475138,0.028440967240295576,654,Is this your new hot creation?
2120,6218,4,21,156,181,1.160220994475138,0.03151270664634613,654,"I said ""steaming,"" not ""swarming!"""
3198,6221,4,23,167,194,1.1597938144329898,0.03015477043211417,654,Waiter this is a bit extreme to get the fly out of my soup
4166,6222,4,22,162,188,1.1595744680851063,0.03073638550920031,654,How did the Chef know I am a weather forecaster?
5530,6222,5,20,163,188,1.1595744680851063,0.0316482967567791,654,Simple Squash Soup? What a tongue twister!
5582,6224,1,27,154,182,1.1593406593406594,0.028297963205949506,654,I’m afraid we do not have any straws sir
5656,6225,4,24,173,201,1.1592039800995024,0.0294668515322604,654,"Waiter, I'm looking for a spoof."
2179,6226,6,16,154,176,1.1590909090909092,0.03397165288189176,654,Lovely weather we're having.
117,6227,4,23,168,195,1.158974358974359,0.030010921825356987,654,"The twist of pepper you put in, is funneling all my taste buds."
3919,6227,1,29,165,195,1.158974358974359,0.027240615750971302,654,Oops I dropped my spoon!
5456,6227,6,19,170,195,1.158974358974359,0.03172367596950428,654,I wonder if you could zap this in the microwave for say 15seconds?
5494,6227,4,23,168,195,1.158974358974359,0.030010921825356987,654,Was it that I misprounced tournedos or that I told you it had to be extremely well done?
5797,6227,3,25,167,195,1.158974358974359,0.029116787850009842,654,of course the table d'hote has a unique service menu
4631,6232,5,24,185,214,1.158878504672897,0.029099561762701953,654,Are we on “America’s Funnelest Home Videoes”?
1667,6233,3,24,162,189,1.1587301587301588,0.02965052896676524,654,Turbulence in the kitchen makes for an exciting soup
1971,6233,1,28,160,189,1.1587301587301588,0.027687168279715742,654,I'll have Kansas seasoned rubbed ribs to complement this soup.
3273,6233,5,20,164,189,1.1587301587301588,0.031491720319294585,654,I ordered it without the climate change sauce!
4572,6233,2,26,161,189,1.1587301587301588,0.02868565107643787,654,"The chef calls it: ""You spin me right 'round, baby, right 'round
Like a record, baby, right 'round, 'round, 'round"" soup"
3339,6237,2,25,156,183,1.1584699453551912,0.029203261265228136,654,"Sir, you asked for hearty parsnip soup, and that is what you got."
6097,6238,3,26,173,202,1.1584158415841583,0.028479130267231912,654,Are you sure this is the meteriological special?
3320,6238,4,24,174,202,1.1584158415841583,0.029331203827783293,654,Can I get a fire extinguisher for you sir?
4387,6240,4,20,153,177,1.1581920903954803,0.03183454143950465,654,No Dorothy this isn’t Kansas.
4593,6240,2,24,151,177,1.1581920903954803,0.029749543826552816,654,"Just the traditional shark fin soup, please."
6601,6240,5,18,154,177,1.1581920903954803,0.032827417870604975,654,"Too bad, pretty obvious.  It sucks."
1151,6243,4,23,169,196,1.1581632653061225,0.029868427146870255,654,Please be aware that responsibility for the cleaning bill  for the angry couple  at the adjacent table is yours and yours alone.
2573,6243,2,27,167,196,1.1581632653061225,0.028061819126947305,654,Do I eat this with a spoon or a straw?
3468,6243,3,25,168,196,1.1581632653061225,0.028979204897144794,654,How are you managing to balance this carrot?
3527,6243,5,21,170,196,1.1581632653061225,0.030731930690815555,654,Is the chef concerned about client change on fine dining?
3811,6243,3,25,168,196,1.1581632653061225,0.028979204897144794,654,Yes the Shitake soup is in season but so are the mosquitoes.
5552,6243,4,23,169,196,1.1581632653061225,0.029868427146870255,654,"Nah, He wants just a little bit."
1083,6249,4,19,148,171,1.1578947368421053,0.032516748141684995,654,"Sir, climate change is a hokes"
328,6249,3,24,163,190,1.1578947368421053,0.029505890030599377,654,Today's soup of the day is 'Tormato' by signature chef Yes
687,6251,3,26,174,203,1.1576354679802956,0.028349234493064247,654,Must the parsnip soup be so fresh?
5087,6251,3,26,174,203,1.1576354679802956,0.028349234493064247,654,"I said I want the stew, not the strew!"
3760,6253,4,21,159,184,1.1576086956521738,0.03103377814034669,654,"As a food critic, I would tell the chef this dish is typically served with a crazy straw."
4490,6253,3,23,158,184,1.1576086956521738,0.030061584363131708,654,A new green blender?
6140,6253,3,23,158,184,1.1576086956521738,0.030061584363131708,654,I can see now why it's called Texas Roadhouse.
2116,6256,6,19,172,197,1.1573604060913705,0.03142141268062841,654,I asked for mushroom soup without the mushroom!
4133,6256,5,21,171,197,1.1573604060913705,0.030586072094217744,654,"We don't serve shark, so this is a tomato-nado"
4432,6256,3,25,169,197,1.1573604060913705,0.028842903265194102,654,Our apologies. This is what it takes to get on Chef’s Table...
5540,6256,4,23,170,197,1.1573604060913705,0.029727267574720266,654,The new chef is an optimist.
4179,6260,3,22,153,178,1.1573033707865168,0.03064899566047467,654,We’ve mastered the next trend beyond sous vide.
4984,6260,2,24,152,178,1.1573033707865168,0.02959528616058616,654,Is this the rare Massachusetts tornado I ordered?
5011,6260,3,22,153,178,1.1573033707865168,0.03064899566047467,654,Too much Coriolis effect
5848,6260,4,20,154,178,1.1573033707865168,0.03166766342919237,654,I asked for a soup *spoon*.
3660,6264,4,22,165,191,1.1570680628272252,0.030286570171304317,654,"Yes, monsieur, this is our soupe de Maman Tornade."
5691,6264,4,22,165,191,1.1570680628272252,0.030286570171304317,654,You said Hot sir
2779,6264,5,20,166,191,1.1570680628272252,0.03118313540575016,654,It's a perfect storm in a teacup
3035,6267,2,23,147,172,1.1569767441860466,0.030164350974828738,654,"Do I tip it separately?"""
6448,6267,6,15,151,172,1.1569767441860466,0.03437856736034908,654,"I am calling for a gumbo emergency declaration"""
1958,6269,5,21,172,198,1.1565656565656566,0.030441581088402538,654,I guess this isn't the week for making jokes about tornadoes.
2315,6269,4,23,171,198,1.1565656565656566,0.029587424629604,654,"The Chefs’ Hurricane; level 7, Hot, best consumed by Friday."
4316,6269,4,23,171,198,1.1565656565656566,0.029587424629604,654,Your Plague Foo Young seems a bit overdone.
4714,6269,2,27,169,198,1.1565656565656566,0.027800492267474643,654,I ordered the fish sandwich.
6104,6273,4,20,155,179,1.1564245810055866,0.031502511839657445,654,Who? Will he sign my menu?
3850,6274,4,25,182,211,1.1563981042654028,0.028439780086779436,654,Amazing!  You should keep this on your menu even after 'The Tempest' closes the scheduled dinner theater run.
381,6275,2,26,164,192,1.15625,0.028272169250010186,654,"Excuse me, Sir, but there are no sharks in my sharknado"
1429,6275,2,26,164,192,1.15625,0.028272169250010186,654,I asked for my soup hot not explosive.
4113,6275,2,26,164,192,1.15625,0.028272169250010186,654,Is Monsieur enjoying his Tornadoes de Beef?
6328,6278,5,22,178,205,1.1560975609756097,0.02974660964681798,654,"I seem to be missing a spoon. May I trouble you for one? And, yes, a jigsaw for the parsnip would be welcome as well."
5949,6279,3,21,149,173,1.1560693641618498,0.03110314784944298,654,"The smoke monster from ""Lost""  is trying to eat my soup again."
2470,6279,1,25,147,173,1.1560693641618498,0.02886137792782825,654,But I thought Toto and I weren't in Kansas anymore!
2744,6279,3,21,149,173,1.1560693641618498,0.03110314784944298,654,When does it finich?
469,6282,1,27,158,186,1.1559139784946237,0.027739862816224307,654,I asked for a storm in a teacup...
3402,6282,4,21,161,186,1.1559139784946237,0.03072243325920563,654,Talk about  climate change !
1105,6284,2,24,154,180,1.1555555555555554,0.029291469854227505,654,"I asked for medium, not hot."
2113,6284,3,22,155,180,1.1555555555555554,0.030332547744162656,654,Yelp reviewers said the soup wasn't hot enough.
5361,6286,3,26,177,206,1.1553398058252426,0.027966492506922708,654,Would you like ground pepper on your tornado soup?
1173,6287,5,17,152,174,1.1551724137931034,0.03301472785366684,654,"I said extra hot, not a climate warming demonstration."
4191,6287,3,21,150,174,1.1551724137931034,0.03093688282844811,654,The latest in gastronomy...
118,6289,5,19,163,187,1.1550802139037433,0.031495543035789976,654,Warhol never painted this.
1301,6289,6,17,164,187,1.1550802139037433,0.03239552804611939,654,"I’d like my tornado soup wrapped up, I have a gangbang to get to"
4829,6291,4,23,173,200,1.155,0.02931161637084104,654,"Excuse me, I ordered the cannabis infused soup, not the cyclone infused soup."
1849,6291,2,27,171,200,1.155,0.027543934753563124,654,The soup didn't come with a weather forecast!
309,6291,3,25,172,200,1.155,0.028441511879468532,654,"It's our new Alabama puree."""
1140,6291,5,21,174,200,1.155,0.03015662631251652,654,"Zeus is sitting upstairs, and when he heard you ordered the last lobster bisque, well, he kinda just took things into his own hands."
523,6295,4,25,184,213,1.1549295774647887,0.02819115083769514,654,Did you order the antidote also?
4071,6295,4,25,184,213,1.1549295774647887,0.02819115083769514,654,"Waiter, what other soups do you recommend?"
878,6297,3,20,145,168,1.1547619047619047,0.03157776669059442,654,"Wow I've never seen soup so hot you get a ""Soupnado""."
2979,6298,4,20,157,181,1.1546961325966851,0.031177282878540675,654,The soup of the day is called ‘God’s Nose’.
4777,6298,2,24,155,181,1.1546961325966851,0.029141864375473267,654,"It was à l’estragon, not à l’ouragan, when I had it in France."
5092,6298,3,22,156,181,1.1546961325966851,0.030176739609896752,654,was it your idea to get a skylight here?
5185,6298,2,24,155,181,1.1546961325966851,0.029141864375473267,654,Alabama chowder?
5869,6298,5,18,158,181,1.1546961325966851,0.03214670001560936,654,"Waiter, there's a too much spice in my soup."
3957,6303,0,30,164,194,1.1546391752577319,0.02602568487532544,654,I'll take the 'Soup Up' to go.
4221,6304,2,28,177,207,1.1545893719806763,0.026985718044784827,654,See! That's why I didn't want to turn the fan on...
4940,6305,2,25,161,188,1.1542553191489362,0.028485591761626385,654,My soup is a little cold.
4639,6305,3,23,162,188,1.1542553191489362,0.029467239969922742,654,We have been experiencing some small scale climate change since the boss bought the Hummer
702,6305,3,23,162,188,1.1542553191489362,0.029467239969922742,654,"Chili is not a ""soup"" in Oklahoma!"
4291,6308,5,21,175,201,1.154228855721393,0.03001612562984748,654,"This is the famous Tornado Soup, Sir."
5301,6309,5,20,170,195,1.1538461538461537,0.030583632681799085,654,"Mother would say it'll die down in a minute, that this can't be anything more than a whirlwind affair."
503,6309,4,22,169,195,1.1538461538461537,0.0297067415565895,654,I asked for clam chowder.
1155,6309,3,22,157,182,1.1538461538461537,0.030022509765113094,654,Is that sucking the soup going to Mexico?
1180,6309,4,24,180,208,1.1538461538461537,0.028542624558510837,654,It's our tomato funnel-twist special.
1567,6309,3,22,157,182,1.1538461538461537,0.030022509765113094,654,"Sir, I believe there is a swarm of moths in my soup."
1879,6309,4,20,158,182,1.1538461538461537,0.03101715429389678,654,"No, this is NOT climate change."
3447,6309,5,18,159,182,1.1538461538461537,0.031980879105904636,654,"I know I said I wanted it hot, but really?"
3562,6309,6,16,160,182,1.1538461538461537,0.032916400111214716,654,"I’m aware it’s delicious, but last time I farted a flight arc that landed me hard on a bank of the Danube."
6214,6309,5,16,148,169,1.1538461538461537,0.0335719831132296,654,"I appreciate the safari theme, but is the live elephant really necessary?"
6454,6309,2,26,167,195,1.1538461538461537,0.02787031226412052,654,"Excuse Waiter, there's seems to be a swarm of 'El Chapo  Flies', funneling out of my soup!"
6810,6309,4,18,147,169,1.1538461538461537,0.032505932874173714,654,I thought I explicitly order t-o-m-a-t-o !
5612,6320,6,17,166,189,1.1534391534391535,0.032072693622249196,654,"I heard a little choo-choo, and then ..."
4537,6320,4,21,164,189,1.1534391534391535,0.030266864646457475,654,What? My soup was hot.
3208,6320,5,19,165,189,1.1534391534391535,0.031182854036422337,654,"I sorry, I thought you said the chef featured  molecular gastronomy not meteorological gastronomy."
6191,6320,6,17,166,189,1.1534391534391535,0.032072693622249196,654,Tell the chef his soup 'with jeu d'esprit' is NOT amusing.
1210,6320,8,13,168,189,1.1534391534391535,0.03378212925270329,654,Just because I run the Environmental Protection Agency does not mean that I know what went wrong with the Chef's soup recipe!
2723,6320,2,25,162,189,1.1534391534391535,0.028346225760536276,654,"I'm sorry, but I asked for the ""Storm in a Teacup""?"
6266,6326,3,21,152,176,1.1534090909090908,0.030609583077054827,654,I asked for the F3 soup
5790,6326,2,23,151,176,1.1534090909090908,0.029529841029305528,654,I specifically asked that the chowder not be reheated by global warming principles.
6617,6326,4,19,153,176,1.1534090909090908,0.03165251397734761,654,I didn't think you literally meant it's the hottest thing on the menu.
1472,6326,4,19,153,176,1.1534090909090908,0.03165251397734761,654,We may be a little in the soup here.
1664,6326,2,23,151,176,1.1534090909090908,0.029529841029305528,654,I didn't order the Tornado Alley soup.
5459,6331,3,24,169,196,1.153061224489796,0.028666582970549213,654,"Oh yes, it's our signature dish. You can get regular bird's nest soup at most any restaurant..."
5352,6331,4,22,170,196,1.153061224489796,0.029565209334022603,654,"May I have a doggey bag, please?  I must leave now."
3448,6331,3,24,169,196,1.153061224489796,0.028666582970549213,654,It looks a bit under done.
3067,6331,2,26,168,196,1.153061224489796,0.027738860024344673,654,Are you sure it's not hot enough?
2004,6335,1,26,156,183,1.1530054644808743,0.027786841109379685,654,"Sir, I thought I just ordered the minestrone."
793,6335,3,22,158,183,1.1530054644808743,0.029869834609386966,654,The floating beef is an especially nice touch.
3385,6335,3,22,158,183,1.1530054644808743,0.029869834609386966,654,"Yes,  Monsieur Meursault 
Have you dined with us before?"
5095,6335,2,24,157,183,1.1530054644808743,0.028847145079106566,654,Have a nice trip to Oz.
6309,6339,3,20,147,170,1.1529411764705881,0.03123155461852923,654,"O, brave new world
that has such pea soup in’t!"
2297,6340,3,23,164,190,1.1526315789473685,0.029178716551571383,654,"Waiter, taste my soup!"
2534,6340,4,21,165,190,1.1526315789473685,0.030117972908777303,654,Tomato tornado Tuesday.
3718,6340,3,23,164,190,1.1526315789473685,0.029178716551571383,654,"When the fire alarm goes off, we all assemble in the lobby and wait fir the ""all clear."""
4747,6340,5,19,166,190,1.1526315789473685,0.031028810558426847,654,"Does being next door to the zoo cause the restaurant any problems, waiter?"
4890,6340,3,23,164,190,1.1526315789473685,0.029178716551571383,654,We're in the soup with climate change.
5514,6340,4,21,165,190,1.1526315789473685,0.030117972908777303,654,A quick vigorous stir and this soup will be outta site.
5286,6346,1,28,168,197,1.1522842639593909,0.026654062290774622,654,IT WAS COOKED ON TWO FIRES!
4395,6346,5,20,172,197,1.1522842639593909,0.030292383718934616,654,I asked for your Italian soup called...E Tornato...not a whirl-wind Tornado!
421,6348,3,22,159,184,1.1521739130434783,0.02971869100411886,654,We do warn diners that we serve only fresh foods.  Nothing packaged.
4379,6348,4,20,160,184,1.1521739130434783,0.0307017446774751,654,Pardon me - but I ordered Tornedos a le Beouf not Tornado Soup!
5838,6348,2,24,158,184,1.1521739130434783,0.028701987104653916,654,"OK - the storm-in-a-teacup I get, but this is inexcusable..."
6081,6348,3,22,159,184,1.1521739130434783,0.02971869100411886,654,"Excuse me, but I seem to have lost my tonsils in the soup du jour!"
918,6352,5,16,150,171,1.152046783625731,0.03320241764572041,654,'The Tabasco was a bit turbulent.'
378,6353,3,25,176,204,1.1519607843137254,0.02792322947100621,654,"""He can use a spoon, like the rest of us."""
6836,6353,2,27,175,204,1.1519607843137254,0.027044621719474055,654,This soup tastes plaines.
2166,6355,2,25,164,191,1.1518324607329844,0.02807150390452308,654,"I asked for organic ingredients, not tornadic."
3461,6355,4,21,166,191,1.1518324607329844,0.02997052774719978,654,This isn't twister soup... it's tornado soup! Take it back!
4811,6355,3,23,165,191,1.1518324607329844,0.029036544774708704,654,Have  you got any reading material while I wait?
6417,6355,4,21,166,191,1.1518324607329844,0.02997052774719978,654,May I have the wine pairing for gazpacho met the tomato soup?
5824,6359,1,25,152,178,1.151685393258427,0.028115268163034474,654,"Waiter, there is a tornado in my soup.  Not to worry sir, it is a prix fixe menu.  There is no additional charge."
4027,6359,4,19,155,178,1.151685393258427,0.03131945433888938,654,"I ordered a filet Tournedos, not a mullet tornado soup."
5484,6359,2,23,153,178,1.151685393258427,0.02922239339869601,654,Does this soup contain any onion.
2524,6362,3,24,171,198,1.1515151515151516,0.028397231283456205,654,Is that a tornado or a carrot?
3995,6363,3,22,160,185,1.1513513513513514,0.02956905626148944,654,"I suggest later a canned chicken, granola bar, trail mix and a 5-gallon water tank."
1313,6364,4,18,150,172,1.1511627906976745,0.031974425938739594,654,"Are you sure this is ""low-cow""?"
4247,6364,1,24,147,172,1.1511627906976745,0.028607089088176857,654,"Sir, just get to know Hurricane Mary."
5272,6364,2,22,148,172,1.1511627906976745,0.029771882743676783,654,"I’m sorry, I thought you ordered a Kansas City streak."
49,6367,5,19,168,192,1.1510416666666667,0.0307252147531298,654,"So the waiter says, 'All right, give me the spoon,' and then the Jewish guys says, 'Ah ha!' Meanwhile, what the hell's going on with my soup?"
2572,6367,2,25,165,192,1.1510416666666667,0.027936110255025105,654,Please give me a doggie bag. I can’t finish it here.
3623,6367,3,23,166,192,1.1510416666666667,0.02889573978973246,654,I asked for the rabbit.
2440,6370,3,18,138,159,1.150943396226415,0.032403248041860996,654,I thought this only came with the tea.
102,6370,3,18,138,159,1.150943396226415,0.032403248041860996,654,I'm sure this is not what I orderedI
5017,6372,3,24,172,199,1.150753768844221,0.028264428137520354,654,That's some backstroke!
2698,6372,5,20,174,199,1.150753768844221,0.030006592398978602,654,Can I have my privacy?
2381,6374,6,16,164,186,1.1505376344086022,0.032248375954710286,654,I ordered the extra hot and spicy.
2842,6374,3,22,161,186,1.1505376344086022,0.029420908133722456,654,Could you get me a lobster bib?
3345,6374,3,22,161,186,1.1505376344086022,0.029420908133722456,654,"No,I ordered Tomato Basile,never the Tornado soup."
5009,6374,3,22,161,186,1.1505376344086022,0.029420908133722456,654,"Yes, a fly OUTTA my soup."
6146,6374,2,24,160,186,1.1505376344086022,0.02841596728329226,654,I didn't order from the menu featuring atmospheric gastronomy.
6181,6379,3,25,178,206,1.1504854368932038,0.02767104533786602,654,You vultures coming around here and asking questions at a time like this!
6556,6379,4,23,179,206,1.1504854368932038,0.0285139693306312,654,"Hello sir, I am you stormcatcher, is everything going well this evening?"
2563,6381,3,20,150,173,1.1502890173410405,0.030726126063396336,654,"I apologize for the hair your tornado chili, sir. I will chastise the staff, and bring you another bowl immediately."
1646,6382,2,25,166,193,1.150259067357513,0.027802003509508195,654,I ordered the EF5...with a side of the jalapeños.
1722,6382,5,19,169,193,1.150259067357513,0.030575619332865553,654,Would your u blow on this for me?
894,6382,3,23,167,193,1.150259067357513,0.02875628218826693,654,"I ordered  chocolate lava cake, not pea-green tornado soup."
6145,6385,5,20,175,200,1.15,0.029865696023949867,654,"Sir, climate change is affecting all of us. Would you like a Hurricane to help wash down your Tornado soup?"
3060,6385,2,20,138,160,1.15,0.03096965445166197,654,"But the menu says it's ""hand-crafted"""
2138,6385,3,21,156,180,1.15,0.02997516041801379,654,I think the wind got a whiff of it.
139,6388,4,21,169,194,1.1494845360824741,0.02953666580233589,654,"Well, you did ask for the ""Extra Hot""...."
6251,6388,4,21,169,194,1.1494845360824741,0.02953666580233589,654,I am quite certain you said the Soup du Jour was POTATOE!
61,6390,2,22,150,174,1.1494252873563218,0.029454174910601878,654,And where's the scampi with my tornado?
6264,6390,2,22,150,174,1.1494252873563218,0.029454174910601878,654,Who serves tea in a bowl?!
236,6392,2,23,156,181,1.149171270718232,0.028772928077192457,654,"No, the teapot was fine."
1437,6392,4,19,158,181,1.149171270718232,0.030832711501672334,654,It's my therapy twister.
6426,6394,6,19,183,208,1.1490384615384615,0.02985620176174067,654,"I explicitly ordered Tomato-Tornato, not, Tomato-Waterspout!"
4898,6395,3,22,163,188,1.148936170212766,0.029128984869544752,654,God has a powerful thirst.
2548,6395,3,22,163,188,1.148936170212766,0.029128984869544752,654,You know maybe lentil soup isnt my thing.
5520,6395,5,18,165,188,1.148936170212766,0.031020579401425084,654,"Excuse me, I wanted my soup shaken, not stirred. 
Zgjim Terziqi - Kosovo"
834,6395,4,20,164,188,1.148936170212766,0.030089650263257342,654,The Blue Wave has morphed into a Blue Waterspout that is sucking up everything Trump ever touched.
2278,6395,7,14,167,188,1.148936170212766,0.0328032762581738,654,The carrot was too big to fit under the crust!
207,6400,7,11,150,168,1.1488095238095237,0.03546091571733048,654,Taste the soup!
5030,6400,2,21,145,168,1.1488095238095237,0.030017437371685413,654,This will take the chill off the polar vortex.
6379,6402,4,21,170,195,1.1487179487179486,0.029394802951899626,654,Chef's creative waring; the spice delivers a punch and will wreak havoc on delicate digestive systems.
6825,6403,2,22,151,175,1.1485714285714286,0.029297826803484767,654,Hope you enjoy our volcanic ash flamiche appetizer
1909,6404,5,20,177,202,1.1485148514851484,0.02958781018905916,654,"Our soups only have the most energetic flies in them, sir."
5648,6404,3,24,175,202,1.1485148514851484,0.027873306179314,654,Manager please ! I think  I ordered water from the spout.
261,6406,3,21,158,182,1.1483516483516483,0.029667631202379263,654,"Hurricane Soup?
You ordered it."
6524,6406,3,21,158,182,1.1483516483516483,0.029667631202379263,654,"Waiter, I asked for the 'storm in a tea cup'!"
5908,6408,3,22,164,189,1.1481481481481481,0.028985167345287676,654,"Sorry for the misplaced modifier, Sir - it's not the bowl that's giant, it's the carrot."
2214,6408,2,24,163,189,1.1481481481481481,0.027997368371053866,654,Wild weather soup?
3066,6408,1,26,162,189,1.1481481481481481,0.02697341923773558,654,"Excuse me, I think the gazpacho was heated."
2093,6411,4,21,171,196,1.1479591836734695,0.029254286573543127,654,soup tournedas
1630,6411,3,23,170,196,1.1479591836734695,0.028345804965987306,654,Sorry Sir.  I told them to Lose the GMO's
52,6411,4,21,171,196,1.1479591836734695,0.029254286573543127,654,The spoon I'm holding below the table is not what's causing the stirring in my pants.
113,6411,2,25,169,196,1.1479591836734695,0.027407225970765364,654,I asked for it with just a C1 tornado!
125,6415,4,17,148,169,1.1479289940828403,0.03212543170906777,654,"Excuse me, but I ordered the soup-icane, not the soup-nado."
2862,6415,3,19,147,169,1.1479289940828403,0.03100969178110758,654,But I didn't order parsnip tornado soup
3214,6415,4,17,148,169,1.1479289940828403,0.03212543170906777,654,Better a tornado than a fly in the soup!
4447,6418,6,22,202,230,1.1478260869565218,0.027891512225308085,654,"I ordered Alfredo, Alfredo !"
286,6419,6,18,179,203,1.1477832512315271,0.03026750883353313,654,I didn't order sharknado fin soup.
2881,6419,4,22,177,203,1.1477832512315271,0.028610756552477773,654,"I would like to speak to the chef, please."
3514,6419,2,26,175,203,1.1477832512315271,0.026851977395013084,654,I'm in a tailspin.
6846,6422,2,22,152,176,1.1477272727272727,0.029143114682752123,654,I simply ordered a bowl of hot soup
2477,6423,5,17,161,183,1.1475409836065573,0.03148499123567671,654,I didn't realize that extreme weather could be so personal
6630,6424,3,22,165,190,1.1473684210526316,0.02884275164073343,654,I think your IBS is telling you something.
4930,6425,4,21,172,197,1.1472081218274113,0.02911509775182703,654,"Waiter, I have a tornado in my soup!
Waiter, I don't have a tornado spoon,"
2991,6425,2,25,170,197,1.1472081218274113,0.02727808973720672,654,Are you a monkey?
2848,6425,4,21,172,197,1.1472081218274113,0.02911509775182703,654,This is why they were trying to get ambrosia off the menu.
1662,6425,3,23,171,197,1.1472081218274113,0.028211549911424095,654,"If Sir would prefer our al fresco dining experience, just one second."
5429,6429,1,28,175,204,1.1470588235294117,0.025810645025863936,654,"The backstroke?  No, you idiot he’s dead!"
2275,6430,4,24,190,218,1.146788990825688,0.027317828170727164,654,the most natural way to stir the soup and no use of electricity
5190,6431,2,24,165,191,1.1465968586387434,0.027725024612295947,654,The chef is trying a new hot pepper. Let me know if you find it a little to spicy for you’re delicate pallet?
3162,6432,5,19,174,198,1.1464646464646464,0.029848841206127998,654,I don't believe I ordered Alabama soup.
4159,6432,0,29,169,198,1.1464646464646464,0.025190921114603877,654,But I ordered tomato soup!
1942,6434,4,22,179,205,1.146341463414634,0.028349190753761154,654,Is it turnipnedo soup?
1814,6434,6,12,146,164,1.146341463414634,0.03486137060964344,654,The 'Stewrender Dorothy' keeps taking my spoons.
2402,6436,3,21,161,185,1.145945945945946,0.029217899446148155,654,We call it Hurricane Flambe.
3072,6436,3,21,161,185,1.145945945945946,0.029217899446148155,654,How do you like the tornado soup sir?
676,6436,5,17,163,185,1.145945945945946,0.031163993024100934,654,"My apologies, sir.  Oysters and blue crab weren’t covered in BP’s $62 billion settlement. They missed the filing date."
4767,6436,1,25,159,185,1.145945945945946,0.027132578846918283,654,Did you receive any tempest warning ?
6438,6440,1,27,171,199,1.1457286432160805,0.026067323193580814,654,Might I suggest milk as a chaser?
6419,6440,2,25,172,199,1.1457286432160805,0.027023400659563372,654,"Excuse me waiter, I had ordered a pot of tea."
2777,6442,3,24,179,206,1.145631067961165,0.02736820957971962,654,Also bring me the sweming suite .
6347,6443,2,19,137,158,1.1455696202531647,0.030878389120956445,654,"Sir, we use the best genetically modified carrots."
1687,6444,2,21,149,172,1.1453488372093024,0.029367440964431727,654,"No, I did not order the seafood chowder..."
885,6445,3,20,156,179,1.1452513966480447,0.029762447258442782,654,I said torTELLINI  soup
1243,6445,4,18,157,179,1.1452513966480447,0.03079892799188738,654,"My mistake. You wanted  it zesty like your 'Sister used to make.'      I thought you said, 'And throw in a twister.'"
5886,6445,2,22,155,179,1.1452513966480447,0.028688544197531397,654,Could I have some hurricaine on the side? No victims please; I'm allergic.
634,6448,4,19,163,186,1.1451612903225807,0.03005402727905073,654,It burns when I pee!
3750,6448,4,19,163,186,1.1451612903225807,0.03005402727905073,654,This soup is so good even God wants to slurp it up!
3842,6450,4,20,169,193,1.145077720207254,0.029357792168064903,654,This soup's too nuts!
340,6451,4,21,175,200,1.145,0.028705312659408053,654,I assume these sprouts are seasonal?
3724,6451,2,25,173,200,1.145,0.026897815195877122,654,I said I'll have the turnip soup.... not the tornado soup!
2983,6453,2,26,179,207,1.144927536231884,0.02636996093410339,654,It's  a tornado in training.
5396,6454,3,18,145,166,1.144578313253012,0.03112243689367986,654,No! Dessert is out of the question.
6432,6455,0,25,148,173,1.1445086705202312,0.0268096124145438,654,I warned you sir not to order hot tomato soup while our kitchen suffers from intense air drafts
1771,6456,5,16,159,180,1.1444444444444444,0.031634770000933024,654,I tried to tell you that monstrosity was doubtful parked out front
4378,6457,4,19,164,187,1.1443850267379678,0.02990295589508083,654,"Sorry, Sir. Every soup comes with a fly this week."
380,6458,3,22,169,194,1.1443298969072164,0.028286708720637543,654,"Like I said, the soup is too hot and it's freezing in here."
2624,6458,1,26,167,194,1.1443298969072164,0.026330704324815365,654,Maybe loopy but more polite than blowing on the soup!
5519,6460,1,27,173,201,1.144278606965174,0.02582755692023365,654,"Here you go, one Special of the Day, The Funnel Cloud Brisk,"
5611,6460,3,23,175,201,1.144278606965174,0.02768691358801299,654,Yes. You Can Sass me now.
5435,6462,4,16,147,167,1.1437125748502994,0.03209206093853914,654,"No, it's not doing the backstroke."
1278,6463,3,19,152,174,1.1436781609195403,0.03017458885889777,654,"You said  the special soup was ""pureed turnip stew"" not ""pyramid turnip oragame""!"
5067,6463,2,21,151,174,1.1436781609195403,0.029052797537384222,654,It's Dumbo's favorite!
5666,6463,2,21,151,174,1.1436781609195403,0.029052797537384222,654,DQ tipping the cyclone cups was obnoxious enough.
4866,6466,4,18,159,181,1.143646408839779,0.030478682267268416,654,"Ill give it a try but I asked for beef tournados, not beat with tornado"
3620,6466,2,22,157,181,1.143646408839779,0.028393227437877408,654,"What's next, grilled fleas?"
1938,6468,4,19,165,188,1.1436170212765957,0.029753385999338685,654,"How is your yam soup, Sir?"
3507,6468,4,19,165,188,1.1436170212765957,0.029753385999338685,654,Pureed tournedos of beef is not amusing!
531,6470,3,22,170,195,1.1435897435897435,0.028151006637694053,654,"I said hold the nado, not the shark fin."
1138,6470,4,20,171,195,1.1435897435897435,0.02907485629922704,654,What have I said to deserve this?
4332,6470,2,24,169,195,1.1435897435897435,0.02719579159741976,654,It’s called an anteater.
5392,6473,3,24,182,209,1.1435406698564594,0.027001146692611295,654,"The Climate-Change Soup is tasty, but the first bite was a little too strong."
6732,6474,5,17,167,189,1.1428571428571428,0.030541133102428664,654,"Waiter, this soup is cold. I mean VERY cold."
5100,6474,2,23,164,189,1.1428571428571428,0.02763872175392222,654,It's our newest fly in the soup swatter...sir!
3411,6474,2,20,146,168,1.1428571428571428,0.02959390852126555,654,I feel like the soup is just a bit hot!
5292,6474,6,13,156,175,1.1428571428571428,0.03313334329221721,654,"It’s alright, I’ll just butt chug it"
1538,6474,3,21,165,189,1.1428571428571428,0.028638893667887678,654,I think I feel a draft coming in.
1465,6474,3,21,165,189,1.1428571428571428,0.028638893667887678,654,"I’m troubled, and afraid, of the turbulence of this soup."
771,6474,5,16,161,182,1.1428571428571428,0.03130619010479963,654,You have no idea how much this blows. One star.
3061,6474,3,17,141,161,1.1428571428571428,0.031594704890335105,654,"You said this was really special, but this is not what I had in mind."
2208,6482,4,20,173,197,1.1421319796954315,0.02879728738457547,654,The Chef named this soup entropy.
6116,6482,2,24,171,197,1.1421319796954315,0.026938615839023516,654,This is in particularly bad taste.
366,6484,3,21,166,190,1.1421052631578947,0.028497684367928582,654,Please take this soup back. It tastes burnt.
2973,6485,4,18,161,183,1.1420765027322404,0.03016498744525284,654,Can I exchange the Warhol soup for twenty Campbell cans?
6223,6485,2,22,159,183,1.1420765027322404,0.02810387850133933,654,Waiter - what is that meteor doing in my soup?
6665,6485,5,16,162,183,1.1420765027322404,0.03114443301698348,654,An improved pepper shaker.
1992,6488,2,21,153,176,1.1420454545454546,0.028744770069969987,654,I clearly asked for a tureen of soup.
267,6489,1,20,134,155,1.1419354838709677,0.029574145001499175,654,Tell me I won't react during my prostate exam.
4839,6490,4,21,180,205,1.1414634146341462,0.028047220965939507,654,"you've created a vegetable vortex
too much hot source?"
1789,6490,1,27,177,205,1.1414634146341462,0.025360886833009466,654,I did inform sir that the soup was chunky.
6027,6490,6,17,182,205,1.1414634146341462,0.029703444568196447,654,". . . and tofu, too?"
1090,6493,3,21,167,191,1.1413612565445026,0.028357850881574494,654,I've always wondered when an umami confllicts!
776,6494,2,22,160,184,1.141304347826087,0.02796138628902188,654,Watch out!  It’s shark fin ado!
1175,6494,2,22,160,184,1.141304347826087,0.02796138628902188,654,"Too soon, man."
6867,6494,2,22,160,184,1.141304347826087,0.02796138628902188,654,Can I get a side of com bread?
4339,6497,1,23,153,177,1.1412429378531073,0.02744755385151288,654,A 23 course meal? Where did that come from?
4848,6497,2,21,154,177,1.1412429378531073,0.028593173098127384,654,"It’s windmill to table service, sir."
6692,6497,2,21,154,177,1.1412429378531073,0.028593173098127384,654,Best bird nest soup I've ever had.
6118,6500,2,20,148,170,1.1411764705882352,0.029268708830400423,654,This whole bowl is unacceptable
694,6501,1,20,135,156,1.141025641025641,0.029398038383040368,654,does the wedding soup come with bread?
1342,6502,3,22,174,199,1.1407035175879396,0.027620881382740412,654,"Waiter, I ordered Kansas City Barbecue, this isn't even Kansas City soup anymore!"
5282,6502,3,22,174,199,1.1407035175879396,0.027620881382740412,654,"Waiter, I believe I requested the ""tornado"" bisque and not the ""twister""."
4640,6504,5,17,170,192,1.140625,0.030089999617929224,654,And where would you suggest I put out my cigarette?
3896,6504,2,23,167,192,1.140625,0.027235923181745735,654,Do you like our Carribean special for the night?
3663,6504,4,19,169,192,1.140625,0.029169685551818553,654,FEMA? You say?  What a unique spin on Consomme!
408,6507,4,18,163,185,1.1405405405405404,0.029857645973668013,654,"Waiter, can I change my order—I think I’d rather have the soup with the flu in it."
1355,6507,3,20,162,185,1.1405405405405404,0.02885696824873327,654,Could I have it with a little less Gringo Bandito?
1643,6507,2,22,161,185,1.1405405405405404,0.02782032009032079,654,"Waiter, this is hardly a storm in a teacup!"
3075,6507,3,20,162,185,1.1405405405405404,0.02885696824873327,654,Can it fry at the same time?
3319,6511,3,19,156,178,1.1404494382022472,0.029537992262332297,654,"Oh, that’s just a soupnado - wait till you feel what the soup does to your stomach!"
3799,6511,3,19,156,178,1.1404494382022472,0.029537992262332297,654,I asked for tea
5368,6513,4,16,151,171,1.1403508771929824,0.031383410210523356,654,And how is that tormato soup tasting?
4081,6514,1,21,142,164,1.1402439024390243,0.028540217261665182,654,Can you close the windows?I don't want my soup to go away.
3785,6515,4,19,170,193,1.1398963730569949,0.02902729992543706,654,There is no meaning to it.
6331,6516,3,20,163,186,1.1397849462365592,0.02871134812449793,654,‘Special’ seems slight
1373,6517,2,21,156,179,1.1396648044692737,0.028294688783470776,654,I was expecting to see a cow.
5709,6517,4,17,158,179,1.1396648044692737,0.030432397385503802,654,That is some thunderstorm.
346,6517,3,19,157,179,1.1396648044692737,0.02938299018124845,654,Just waiting for the beef on the side.
4634,6520,4,22,189,215,1.1395348837209303,0.027109521921988518,654,But I asked for a storm in a tea cup.
143,6521,4,21,183,208,1.1394230769230769,0.027666563733518768,654,week%5C%22]/div[1]/form[1]/a[1]%22%2C%22href%22:%22https://account.newyorker.com/?retURL
1477,6522,3,17,145,165,1.1393939393939394,0.030874145136562125,654,You barely know WHO?
4753,6522,4,15,146,165,1.1393939393939394,0.032048754545549715,654,"Yes. I gave your restaurant a bad rating.
But LSD? Wouldn't a group spit do the job?"
6859,6522,4,15,146,165,1.1393939393939394,0.032048754545549715,654,"Excuse me waiter, but there’s a tornado outside n my soup"
2517,6525,1,26,174,201,1.1393034825870647,0.025480214979705224,654,But it eats pretty good!
865,6526,4,19,171,194,1.1391752577319587,0.02888628937455243,654,Didn’t you say you wanted more?
1449,6526,4,19,171,194,1.1391752577319587,0.02888628937455243,654,And to think flambé was limited to donuts.
6703,6528,1,24,162,187,1.13903743315508,0.026477949083111803,654,"Not ""mini stormy""!"
530,6528,2,22,163,187,1.13903743315508,0.02754238177637277,654,Who spit in my soup?
2905,6528,7,12,168,187,1.13903743315508,0.03234328099085681,654,"Waiter, I specifically asked for a giant to NOT piss in my soup!"
4385,6531,3,19,158,180,1.1388888888888888,0.029229595735247336,654,May I please get it baked a little longer.
2051,6531,3,19,158,180,1.1388888888888888,0.029229595735247336,654,"Oh, I'm sorry sir. You said tomatoes. I thought your said tornad-oats."
5463,6533,4,26,215,245,1.1387755102040817,0.024972930360772014,654,Now that is a deserted island!
2047,6534,1,22,150,173,1.138728323699422,0.027602185364335646,654,Don't you think this is in bad taste?
4077,6534,3,18,152,173,1.138728323699422,0.02993839185959264,654,"Waiter, there’s a thigh in my soup"
6124,6534,1,22,150,173,1.138728323699422,0.027602185364335646,654,"Sir, you ordered Greek Ilynx Whirlpool Soup?"
5836,6537,3,21,171,195,1.1384615384615384,0.027811883872256516,654,"I don't know the problem, sir – I feel it in my bones."
1820,6538,3,20,165,188,1.1382978723404256,0.028424443843750303,654,"I had heard this restaurant had a problem with flies, but this is rediculous."
1994,6539,1,23,157,181,1.138121546961326,0.02688387672350622,654,I wanted it higher than that. That’s nothing!
6313,6540,3,18,153,174,1.1379310344827587,0.0297765107827102,654,If it’s not this soup it’s another
4975,6540,2,20,152,174,1.1379310344827587,0.028639131033213597,654,"Are you certain the manna in
my soup wasn’t made yesterday"
6337,6540,5,14,155,174,1.1379310344827587,0.03192995663171835,654,"So you say, this soup will keep me on my toes?""
""Oui, Monsieur, and on your head."
1612,6540,3,18,153,174,1.1379310344827587,0.0297765107827102,654,Let me rephrase: the entire soup is flying and bugging.
2701,6540,4,16,154,174,1.1379310344827587,0.030872015846849645,654,"Waiter, I asked for a *teapot.*"
6562,6540,2,20,152,174,1.1379310344827587,0.028639131033213597,654,"Don't worry, it's just going home."
5579,6546,2,23,171,196,1.1377551020408163,0.026716632404077397,654,"When I ordered the soup of the day, I had no idea there was such a thing as tornado soup."
4456,6546,3,21,172,196,1.1377551020408163,0.027678639250725345,654,"I lost count at 10,986..."
4024,6548,3,20,166,189,1.1375661375661377,0.028283117201890452,654,"Wasn’t last night’s appetizer special, “What the wind blew in?’"
3837,6549,3,19,160,182,1.1373626373626373,0.028927531494722845,654,"Given the recent tragedy, suffering and loos of life in Alabama and Georgia - isn't the timing of this cartoon inappropriate?"
3356,6550,2,24,178,204,1.1372549019607843,0.026075282917741662,654,"Hey mister waiter man, my food is in sort of a spin."
1934,6551,5,17,175,197,1.1370558375634519,0.029366869806115428,654,Our most popular soup ever!
2499,6552,3,17,148,168,1.1369047619047619,0.03035480151098909,654,"Waiter, my water should be served in a glass."
4797,6553,4,18,168,190,1.1368421052631579,0.02911586111570447,654,I just want to sniff some glue
3196,6554,3,19,161,183,1.1366120218579234,0.028778813806484903,654,Are Tums on the menu as well?
5142,6554,3,19,161,183,1.1366120218579234,0.028778813806484903,654,Nouvau cuisine...Farm to table...now includes the bugs!
6704,6554,1,23,159,183,1.1366120218579234,0.026610555111724134,654,"No, it's not okay. The F-5 second rule isn't real."
2024,6557,3,18,155,176,1.1363636363636365,0.02945791226549027,654,"Wait, I think Ernesto is trying to make a point!"
6227,6557,2,20,154,176,1.1363636363636365,0.028334317180871982,654,"Well, I can't believe this is today's special!"
1217,6557,2,20,154,176,1.1363636363636365,0.028334317180871982,654,The menu may have said Tornedo Rossini - but the weather forecast most assuredly did not!
5243,6560,2,19,148,169,1.136094674556213,0.028995232897071066,654,It’s the bipartisan special
862,6561,2,21,161,184,1.1358695652173914,0.027574851623816034,654,"Well, your menu did say Heavenly but I didn't think it was a literal translation..."
4887,6561,4,17,163,184,1.1358695652173914,0.029650725194514563,654,"Waiter, could I get some Sand for my Storm?"
5274,6561,0,25,159,184,1.1358695652173914,0.025329417276959195,654,Global warming has decreased our gas bill
425,6564,3,18,156,177,1.1355932203389831,0.029301140609763663,654,I'm trying out for the special effects position for the remake of the Wizard of Oz
6824,6564,4,16,157,177,1.1355932203389831,0.030376934941183865,654,"Your soup selection, le grand vent, Mr.  Or, in English, the big fart."
2940,6566,2,22,168,192,1.1354166666666667,0.02687106370918897,654,You said this soup will flatten my stomach?
4981,6566,4,18,170,192,1.1354166666666667,0.028829309885831638,654,"I' m familiar with stir fry but not self stir"""
1240,6568,2,19,149,170,1.1352941176470588,0.02883528319702229,654,"Yes, Edgar Allen Poe special, is quite appropriate"
6449,6569,4,17,164,185,1.135135135135135,0.02949915931285411,654,"Sir, it’s just an extreme weather event caused by climate change."
414,6569,4,17,164,185,1.135135135135135,0.02949915931285411,654,I lost my appetite.
4454,6571,2,25,188,215,1.1348837209302325,0.025143955064120982,654,Is this ALABAMA ?
3574,6572,3,18,157,178,1.1348314606741574,0.029146018814600952,654,"You call this tomato, potato, what?"
4325,6573,3,19,164,186,1.1344086021505377,0.02834164106089999,654,"Is your typhoon soup satisfactory, Sir?"
4883,6573,4,17,165,186,1.1344086021505377,0.029349127019260596,654,This is the tomato bisque?
2546,6575,4,18,172,194,1.134020618556701,0.028548314266580277,654,Please get out of my house
5346,6575,2,22,170,194,1.134020618556701,0.02661154537899085,654,I ordered a Cat-5...not a waterspout.
4915,6577,1,21,150,172,1.1337209302325582,0.027302459031449636,654,"Waiter, I ordered the cup of soup."
2058,6578,2,21,164,187,1.1336898395721926,0.027160142435025736,654,No—I ordered the teacup...
2811,6578,5,15,167,187,1.1336898395721926,0.030169129186864423,654,I realize I ordered soup tornado But could you not have waited waited to serve it at a lower wind speed?
3500,6578,2,21,164,187,1.1336898395721926,0.027160142435025736,654,"I meant ""M"", not ""N"" !"
5180,6578,2,21,164,187,1.1336898395721926,0.027160142435025736,654,what follows its appetizer?
6362,6578,4,17,166,187,1.1336898395721926,0.02920060529554319,654,Even better than drones.
6033,6583,4,21,192,217,1.1336405529953917,0.026583822273236232,654,"Excuse me sir, your noodles SUCKS!"
5794,6584,3,18,159,180,1.1333333333333333,0.02884062243039432,654,"Excuse me, I thought I ordered the volcano shrimp in my soup"
2127,6584,1,20,144,165,1.1333333333333333,0.02790191527615715,654,Really? Hatch Chili Soup?
1102,6584,1,24,170,195,1.1333333333333333,0.025465963317544957,654,"Yes, I work at Kleinfeld's and I'm saying no to the soup!"
974,6584,4,18,173,195,1.1333333333333333,0.028409849876515854,654,"Excuse me sir, where is the men’s room?"
1519,6584,2,20,158,180,1.1333333333333333,0.027743616486351878,654,Are you Sure this is what I ordered?
5006,6589,3,21,179,203,1.1330049261083743,0.026780300317157692,654,"Tell your kitchen that their good customer, Mr. Clark Kent, found the soup too hot."
1044,6590,2,19,152,173,1.1329479768786128,0.028365779375300423,654,"It's a Twister."""
4729,6590,1,21,151,173,1.1329479768786128,0.02715518559027962,654,"Our chef's version of 'Hot and Sour soup', sir!!"
6809,6592,3,18,160,181,1.132596685082873,0.02869029795928161,654,Storm in a tea cup? My apologies Sir I thought you tea tornado in a soup bowl.
2274,6593,3,21,180,204,1.1323529411764706,0.026656675505146055,654,This is today's hottest special...get it before it runs out!
4036,6594,4,17,168,189,1.1322751322751323,0.028908003749308908,654,I actually had the pasta
181,6594,3,19,167,189,1.1322751322751323,0.027917474642958205,654,Tournedos of beef is not is not an appetizer and an entree!
4804,6596,5,13,156,174,1.132183908045977,0.031547980420277046,654,I think there's a hair in my soup...
947,6597,3,20,174,197,1.131979695431472,0.027200869229167594,654,"Are you enjoying our new soup
auto-cool service?"
6517,6598,3,18,161,182,1.1318681318681318,0.028541523558350906,654,This is definitely not how you turn fettuccine into rotini.
1306,6598,3,18,161,182,1.1318681318681318,0.028541523558350906,654,I said I wanted the watercress salad.
608,6598,4,16,162,182,1.1318681318681318,0.0295859989678731,654,I ordered the hot tornado of steam on the side.
269,6601,0,22,145,167,1.1317365269461077,0.026249729133919215,654,I never take a bite without my taster.
6640,6602,3,21,181,205,1.1317073170731706,0.026534179990570356,654,"Sorry about the language barrier, but I wanted tomato soup instead. Is the Philly cheese steak ready yet?"""
2568,6603,0,25,165,190,1.131578947368421,0.024588241692166148,654,"l”ll take the plunge, but I expect to be compted"
3614,6603,4,17,169,190,1.131578947368421,0.028763880121777188,654,"Instead of juggling knives for your dining pleasure, we chose to showcase our dandy immersion blender."
1182,6605,1,21,153,175,1.1314285714285715,0.026865316856945275,654,I would have gone somewhere safer for dinner if you told me there was a tornado in the area.
2187,6605,3,17,155,175,1.1314285714285715,0.029208014992594882,654,It's like the Salt Bae experience but more melodramatic
2990,6605,0,23,152,175,1.1314285714285715,0.02561374249953095,654,"I ordered a candy cane, not a hurricane."
2788,6608,5,21,210,236,1.13135593220339,0.025804043278286084,654,The best possible way to mix the ingredients of bird’s nest stew!
2612,6609,3,18,162,183,1.1311475409836065,0.028394275533916026,654,"Sir, if you look up, you'll see more of Will Smith than you've wanted to since 1998."
3870,6609,2,20,161,183,1.1311475409836065,0.027316398787520162,654,The presentation of this carrot soup is a bit much!
6110,6609,3,18,162,183,1.1311475409836065,0.028394275533916026,654,"The new management has decided to adopt the Enhanced Fujita scale, sir"""
5487,6612,2,15,128,145,1.1310344827586207,0.03134160506766892,654,"I have requested for less ""climate change"""
6421,6613,3,16,149,168,1.130952380952381,0.029921868376208874,654,"I wish it was all so simple that I could say, ""Waiter. There's a fly in my soup""!"
1127,6614,3,19,169,191,1.130890052356021,0.02764164089078802,654,"Sir, when the menu said the soup was like a tornado to one's taste buds, I didn't think it was literal."
3362,6614,2,21,168,191,1.130890052356021,0.026626090778469065,654,So this is the next evolution after the flavoured foam in food thing.
4104,6614,2,21,168,191,1.130890052356021,0.026626090778469065,654,"I ordered the groundhog sir, this is far to factual for me, send it back!"
5018,6614,4,17,170,191,1.130890052356021,0.028621179432848205,654,Will I get the A-plus treatment after this?
5946,6614,2,21,168,191,1.130890052356021,0.026626090778469065,654,"How is your vegan soup, sir?"
6589,6619,3,17,156,176,1.1306818181818181,0.02905118533794364,654,"No, we don’t spray for funnel spiders. Why do you ask?"
3610,6620,2,22,175,199,1.1306532663316582,0.025984017313785024,654,The chef is clearly a drug addict...
2294,6621,4,13,144,161,1.1304347826086956,0.03192872835397485,654,Hate to bother but I really wanted the non-hurricane season
3029,6621,3,15,143,161,1.1304347826086956,0.03068882439503219,654,"I thought molecular gastronomy was sous vide""
(nb, sous vide should be in italics, which can't be done here"
5872,6621,3,18,163,184,1.1304347826086956,0.028248530668949858,654,Today's special
578,6624,1,23,168,192,1.1302083333333333,0.025445845373200614,654,Charlton Heston is hoping to stage a comeback
5445,6625,3,17,157,177,1.1299435028248588,0.028896021862015175,654,I meant hot sauce.
5079,6625,3,17,157,177,1.1299435028248588,0.028896021862015175,654,"When I said I wanted anything, I didn’t mean a tornado."
3270,6625,2,19,156,177,1.1299435028248588,0.027762902298972325,654,"I thought the soup du jour would be safe, you guys have it every day."
1421,6628,3,18,164,185,1.1297297297297297,0.028104266211270955,654,i ordered this circumcised
3045,6629,0,25,168,193,1.1295336787564767,0.024233532297758684,654,I asked for the spring ROLLS...not the spring-weather SOUP.
5295,6629,1,23,169,193,1.1295336787564767,0.02532264705308363,654,This bowl of soup has its own weather  system!”
3184,6631,4,18,179,201,1.1293532338308458,0.02760633711244793,654,I highly recommend the tornado with your French Onion.
3237,6632,3,17,158,178,1.1292134831460674,0.028742498317578025,654,"But I didn't order the teapot, didI?"
3805,6632,3,17,158,178,1.1292134831460674,0.028742498317578025,654,I think I might be in love with you.
4702,6632,4,15,159,178,1.1292134831460674,0.029826350457352102,654,"Yeth, I asthed for tornado, tordado...TOMATO...sothoup!"
5577,6632,1,21,156,178,1.1292134831460674,0.026441846860579748,654,On he F scale Id say this is about a 3.
6681,6632,3,17,158,178,1.1292134831460674,0.028742498317578025,654,It looks like soup is storming out.
400,6637,4,16,166,186,1.1290322580645162,0.02898216479813528,654,I thought I ordered the “Polar Vortex” not the “Tornado Stew”.
3836,6638,2,21,171,194,1.1288659793814433,0.026239046117240466,654,Do you mind cutting a hole in the table? Gonna try and get my ding dong in on this soup tornado action
1596,6639,2,17,144,163,1.1288343558282208,0.029056770941986526,654,"I ordered the coal fired bisque, but I'd didn't know it came with a hoax."
5169,6640,2,22,178,202,1.1287128712871286,0.0256214159731369,654,"Sir, I distinctly said oyster soup."
2720,6641,3,16,152,171,1.128654970760234,0.02942493825843519,654,I should have checked the weather forecast.
1058,6642,2,19,158,179,1.1284916201117319,0.0274709133599663,654,"But alas! Sir, you ordered the Spaghetti storm, not the hamburger hurricane!"
1270,6642,3,17,159,179,1.1284916201117319,0.02859058900177908,654,Is this a Devine Recall?
5273,6644,3,18,166,187,1.1283422459893049,0.02782008976480456,654,I ordered certified organic flies.
6447,6644,2,20,165,187,1.1283422459893049,0.026766702976910955,654,"Well, I've never heard of such a focused tornado touchdown"
1831,6646,2,18,152,172,1.127906976744186,0.02807702396695828,654,I ordered the soup with the MILD weather system.
5181,6646,2,18,152,172,1.127906976744186,0.02807702396695828,654,"Waiter, what's that tornado doing in my soup? 
Not the backstroke sir."
4692,6648,2,19,159,180,1.1277777777777778,0.02732719597213167,654,Oklahoma terroir's getting a little edgy.
3716,6649,3,15,147,165,1.1272727272727272,0.029983533746176128,654,"Sir, this is Jack' Bean Soup."
4773,6649,4,20,196,220,1.1272727272727272,0.025946732977137506,654,"Sir, this is a non-smoking restaurant."
1865,6651,1,21,159,181,1.12707182320442,0.026031423180971822,654,"oh, waiter, do you have a little oil to pour on this?"
6228,6651,2,19,160,181,1.12707182320442,0.027184965459457016,654,"Another napkin, please, for the 'Fennel Surprise' soup du jour."
4298,6653,3,18,168,189,1.126984126984127,0.027541573046462067,654,"No, I ordered tournedos, this is too windy to eat!"
5229,6654,4,17,176,197,1.1269035532994924,0.027793717036601592,654,"Yes, it is our Climate Warming Clam Chowder, enjoy!"
1458,6654,1,23,173,197,1.1269035532994924,0.024841469373401936,654,The scientists did warn us about this climate change effect: extreme we-dding soup
185,6656,4,18,183,205,1.1268292682926828,0.027095328737926645,654,"You haven't seen it miss this soup, and miss that soup, and then come after you!"
2365,6656,2,22,181,205,1.1268292682926828,0.02526873214295943,654,Just a blow in the soup.
5877,6658,4,16,170,190,1.1263157894736842,0.028402378427235794,654,Is this soup or what!????
5965,6658,3,18,169,190,1.1263157894736842,0.02740438482774265,654,"Alfred, I need my bat bib!"
1897,6660,1,25,188,214,1.1261682242990654,0.023695604658570235,654,Is God trying to 'lady and the tramp' with me?
5941,6661,1,19,147,167,1.125748502994012,0.02709997831468574,654,"I don't think ""tempest in a teapot"" applies in this case."
2303,6662,1,20,154,175,1.1257142857142857,0.02640737178405686,654,Will I get a refund?
3080,6663,3,17,163,183,1.1256830601092895,0.02799859825344832,654,Column. Ewww...
4772,6664,3,18,170,191,1.12565445026178,0.027268549645548854,654,The fly claimed to be Trump spawned.
6422,6665,3,19,177,199,1.1256281407035176,0.026590465437835074,654,"I told you before, I'm allergic to tropical weather events."
4696,6666,3,17,164,184,1.125,0.027854392640230763,654,WAITE
6400,6666,3,19,178,200,1.125,0.02646463459831083,654,"It's our house specialty, a combination of tortilla soup inspired by Quintonil in Mexico City and vichyssoise with potatoes from Prince Edward Island."
653,6666,2,19,163,184,1.125,0.026766969535484703,654,"Actually, I would have gone for the wine."
1045,6669,0,24,169,193,1.1243523316062176,0.023814477086593563,654,I wonder where the main course come from?
3195,6669,2,20,171,193,1.1243523316062176,0.025982187190553334,654,Does the chef acknowledge this soup change?
1915,6671,1,21,163,185,1.1243243243243244,0.02550347349706329,654,I said sparkling water!
2269,6671,1,21,163,185,1.1243243243243244,0.02550347349706329,654,"I hope FEMA  has been alerted, as it is obviously the wrong season to be serving this soup!"
5458,6671,2,19,164,185,1.1243243243243244,0.02663046313896743,654,"Sir - It’s not shaken, nor stirred , just some tornadic whirls on your soup."
3602,6674,0,22,155,177,1.1242937853107344,0.02486838539782346,654,Even those on high find it irresistible.
5154,6674,1,20,156,177,1.1242937853107344,0.026127340616343933,654,"I wanted funnel cake, not thedoip"
1652,6676,4,13,152,169,1.1242603550295858,0.030487799794892186,654,Minicyclony.
4095,6676,3,15,151,169,1.1242603550295858,0.02930978604832765,654,I hope I'm being charged extra for the toronado
4274,6678,0,26,184,210,1.1238095238095238,0.022782592786689756,654,"The menu said spicy, but this is ridiculous!"
1572,6679,3,17,166,186,1.1236559139784945,0.027570371232662927,654,"I'm the top 1%, that's just marginal."
5672,6680,4,14,160,178,1.1235955056179776,0.02942609979836141,654,I wish I'd seen that before I ate Dave.
722,6681,2,22,187,211,1.1232227488151658,0.024591544129481006,654,This is absurd!
912,6682,2,21,180,203,1.1231527093596059,0.025142224457394308,654,"I’ve heard of Scandinavian storm soup, but this is ridiculous..."
552,6683,3,18,174,195,1.123076923076923,0.026738348927358827,654,The Green Mile Soup is far more innovative than I expected.
2649,6683,0,24,171,195,1.123076923076923,0.023586755203833538,654,I didn’t ask for Hurricane Minestrone
4783,6685,3,17,167,187,1.1229946524064172,0.027430511363679414,654,"I ordered soup with green bottle fly, not this tomato vortex thing!"
5663,6686,3,16,160,179,1.1229050279329609,0.028176703174186402,654,"I ordered well done. Additionally, it should be hot, not lukewarm."
1480,6687,3,19,182,204,1.1225490196078431,0.025972941784865453,654,86 the tempest in a teapot...
1479,6688,2,20,174,196,1.1224489795918366,0.02560682904247552,654,It’s pronounced “fuh”-5 soup
768,6689,3,17,168,188,1.122340425531915,0.027292056730597068,654,I am not making a storm in a teacup!
1642,6689,2,19,167,188,1.122340425531915,0.026229126313149536,654,"Excuse me, I'd ask for gluten free!"
1536,6691,2,17,153,172,1.122093023255814,0.027619186788164447,654,"So, how much extra is the bread?"
2849,6692,4,12,148,164,1.1219512195121952,0.030922385261904585,654,"Eat quickly, before it blows away!"
4810,6692,2,21,182,205,1.1219512195121952,0.024910753907959413,654,Too hot? Forget the ice cubes! Bring me an iceberg!
304,6692,5,15,185,205,1.1219512195121952,0.02764086979851464,654,We are a fast restaurant with class.
1989,6695,1,21,167,189,1.1216931216931216,0.024996373822943965,654,"Bad timing, I know. But for you, our service is A plus."
3454,6695,3,17,169,189,1.1216931216931216,0.027154986373703914,654,This tornado in a bowl brings on weird associations for me.
387,6697,3,16,162,181,1.1215469613259668,0.02788094418825129,654,Our new table side service has blown the competition away.
6059,6697,3,16,162,181,1.1215469613259668,0.02788094418825129,654,Nah it's fine yeah I ordered the gluten free version but it's just preference like I don't have Celiac's I'll be fine don't worry about it can I get some water though
3861,6699,2,17,154,173,1.1213872832369942,0.027468142010608557,654,Eight hundred pound gorillas get thirsty!
2532,6700,3,19,184,206,1.1213592233009708,0.025733851276611805,654,This soup is tasteless.
2417,6701,0,24,174,198,1.121212121212121,0.02325315795194205,654,"It's called a, ""soul spout""."
4329,6701,2,16,147,165,1.121212121212121,0.02823703751020032,654,Please sir I'd also like a flying elephant show.
5660,6701,3,14,148,165,1.121212121212121,0.029516776879595964,654,"Waiter, this tornado soup is flicking broth all over my face."
3152,6704,5,14,180,199,1.120603015075377,0.028096980688243296,654,"No, it does not affect the taste, but that green woman flying around keeps getting a sip."
290,6704,0,24,175,199,1.120603015075377,0.023144029470946643,654,Now I know why it's called the hurri-candy-cane soup
6677,6706,4,15,172,191,1.1204188481675392,0.027891044207535142,654,"Oh no, this is simply not hot enough. Mother likes her food hot. Mother likes hot food. Food, hot food. Mother must have it."
3589,6706,3,17,171,191,1.1204188481675392,0.026884916700534348,654,Tornados like bisque too.
2153,6706,2,19,170,191,1.1204188481675392,0.025839642896190767,654,I was in an infomercial you know!
1628,6706,3,17,171,191,1.1204188481675392,0.026884916700534348,654,6 dollars for 'Florence'?
4728,6710,1,17,140,158,1.120253164556962,0.027467475708148066,654,I told you he was strong.
2285,6711,2,19,171,192,1.1197916666666667,0.025712359425198367,654,He's worried about Climate Change
6639,6711,1,21,170,192,1.1197916666666667,0.02462900536756567,654,What you say the name of the soup ?
1861,6713,1,20,163,184,1.1195652173913044,0.025192042871460787,654,If there a filter you recommend with the soup?
6436,6714,0,19,140,159,1.119496855345912,0.025805670668681408,654,"I asked for the soup, Eddie!"
1423,6715,4,15,174,193,1.1191709844559585,0.027615292234880625,654,It's a metaphor for my giant dong.
2952,6715,1,21,171,193,1.1191709844559585,0.024508922187078366,654,"I ordered a tournedos de boeuf, not a tornado twister."
4690,6717,0,20,148,168,1.119047619047619,0.02505984256258903,654,Could you please bring on the rain instead?
5522,6718,0,22,163,185,1.1189189189189188,0.023862970409201042,654,"Sir, what's most favorable for the season is the most flavorful."
14,6719,3,18,181,202,1.118811881188119,0.02585826160826433,654,This CBD wine is erroneous.
5454,6719,1,22,179,202,1.118811881188119,0.023877444984407945,654,Tornado for supper? It's to go...
3690,6721,1,19,157,177,1.11864406779661,0.025658053848283836,654,"We never quite expected the Hydra of consume, sir. Do you have an antidote?"
843,6721,2,17,158,177,1.11864406779661,0.026880049528771502,654,We serve everything with warmed plates to preserve the eating experience of properly prepared food
3516,6721,2,17,158,177,1.11864406779661,0.026880049528771502,654,"I'm sorry, Senor, I texted for them to send down the beef ten minutes ago"
2431,6724,3,17,175,195,1.117948717948718,0.026360510986024963,654,Is this some sort of trick by the new chef? I am rather accustomed to my soup stay still while I eat it.
1854,6725,1,20,166,187,1.1176470588235294,0.024811267768430584,654,"A new concept, sir, soup agiter from thin air!  Enjoy!"
2857,6725,5,10,155,170,1.1176470588235294,0.031021061540276222,654,"I told you, I don't do dairy."
4218,6725,4,14,169,187,1.1176470588235294,0.02807315491852655,654,Waiter. How can eat this without a fire extinguisher?
5455,6728,1,21,174,196,1.1173469387755102,0.024155555327297965,654,"I KNOW YOU ORDERED MEDIUM, BUT IT LOOKS LIKE IT'S WELL DONE"
1601,6729,2,17,160,179,1.1173184357541899,0.026595301298007867,654,Soup Tornado
5001,6730,1,18,152,171,1.1169590643274854,0.02600628295486813,654,Did you say this was Lord Frey's recipe for the wedding soup?
3397,6731,2,19,176,197,1.116751269035533,0.025094208082666103,654,"We call it soup ""change,"" sir."
4656,6731,2,19,176,197,1.116751269035533,0.025094208082666103,654,I believe I asked for a tofu spoon.
2778,6733,3,15,162,180,1.1166666666666667,0.027603425510938442,654,If I could only inhale the strong smell.
2942,6733,4,13,163,180,1.1166666666666667,0.02870578942249656,654,I think God wants to 'Lady and the Tramp'
610,6733,4,13,163,180,1.1166666666666667,0.02870578942249656,654,Did you say the soup is earthy spring tomato?
477,6733,4,13,163,180,1.1166666666666667,0.02870578942249656,654,I think you will like what we’ve done with our carrot soup.
4632,6737,1,20,168,189,1.1164021164021165,0.024563711589005572,654,"But I ordered beef tenderloin, monshure."
2430,6738,2,17,162,181,1.1160220994475138,0.026316494553069978,654,"You’ve heard of  a Tempest in a teacup, we call this tornado soup prize"
6673,6739,1,20,169,190,1.1157894736842104,0.024441766150996292,654,Excuse me. My soup is cold. It just sneezed.
5554,6740,1,21,177,199,1.1155778894472361,0.023812174563585475,654,Can I find Waldo or not?
215,6741,3,15,164,182,1.1153846153846154,0.027314218150485934,654,Singles get to eat with a tornado
101,6742,3,16,172,191,1.1151832460732984,0.02649028406423774,654,"Are you sure this is Liza MINNELLI favorite soup, i think a flying monkey just went in my eye."
2837,6743,2,15,148,165,1.1151515151515152,0.027732835600431258,654,"Stormy? No. After Michael Cohen testimony, I am scared of stormy things."
3235,6744,1,20,171,192,1.1145833333333333,0.02420145161608639,654,"I'm sorry, sir, but our octopus escaped its tank..."
565,6745,1,18,156,175,1.1142857142857143,0.02544467304462061,654,There's mounting evidence that your staff ought to deliver a Green New Dish.
4244,6746,1,19,164,184,1.1141304347826086,0.024736230795515943,654,That’s not what I meant by “black eyed peas.”
5754,6747,1,20,172,193,1.1139896373056994,0.02408304795748591,654,The fertilizer soup is a house favorite.
6783,6747,1,20,172,193,1.1139896373056994,0.02408304795748591,654,"Its the latest thing in fusion cooking.

Burke Leon
placentia, Ca
blautoenterprises@gmail.com"
4482,6749,1,17,149,167,1.1137724550898203,0.026068067926156163,654,Uhhh... I didn't know the tornado soup actually meant it was a tornado...
3566,6750,1,19,165,185,1.1135135135135135,0.024609891809178403,654,"Josh told the waiter he did not want his usual, he wanted to add a twist to his lunch not a real ""TWISTER"""
1985,6751,0,23,180,203,1.1133004926108374,0.02230121106077255,654,"'Your tree giant has claimed ""my germs"" again.'"
450,6752,7,8,180,195,1.1128205128205129,0.02976600466164406,654,Where’s my wife’s spaghetti she ordered?!
931,6752,1,20,174,195,1.1128205128205129,0.023849663915572708,654,"Yes, it's your porridge, a new tornado recipe"
2137,6754,1,21,182,204,1.1127450980392157,0.023260948741073127,654,I ordered the non-tornadic soup.
2403,6755,3,16,177,196,1.1122448979591837,0.02584551994499342,654,Is this what you mean by A+ service?
194,6756,2,19,184,205,1.1121951219512196,0.024164425692262393,654,This is only acceptable with beef
708,6757,0,18,143,161,1.1118012422360248,0.024912562653020377,654,Is this the potage du Pop Rock?
5104,6758,0,21,167,188,1.1117021276595744,0.023035053773130393,654,I know I asked for extra!
3291,6758,3,15,170,188,1.1117021276595744,0.026481721670539766,654,You're telling me God likes  your Spicy Shrimp Chorizo soup?
6803,6758,4,13,171,188,1.1117021276595744,0.02753490287019206,654,"Shit, there went my spoon. When!"
1815,6761,3,16,178,197,1.1116751269035532,0.025720301451730532,654,Yikes!
401,6762,1,18,161,180,1.1111111111111112,0.02477570255162675,654,I notice feggo failed to draw a napkin...
3491,6762,2,15,154,171,1.1111111111111112,0.02680619385891149,654,I said I have a peanut allergy!
3784,6762,0,21,168,189,1.1111111111111112,0.02292047213908429,654,"Spirals
Hope this stays inside the restaurant and not head for Alabama"
5231,6762,1,19,169,189,1.1111111111111112,0.02411711702107826,654,It's kind of drafty in here. Did someone leave the door open?
5964,6762,2,15,154,171,1.1111111111111112,0.02680619385891149,654,I just feel like elephants are probably a better back-of-house fit.
3745,6767,0,21,169,190,1.1105263157894736,0.022807017543859654,654,"Is it always This Active?!? I just don't know where to begin!"" J.K.Fuller, Genoa, N"
5839,6768,4,12,165,181,1.1104972375690607,0.028135238194427564,654,I love nothing better than emulsified parsnip soup.
3107,6769,1,19,171,191,1.1099476439790577,0.023878019373803943,654,"I ordered 'tomahto' soup not tomato soup."""
6073,6769,1,19,171,191,1.1099476439790577,0.023878019373803943,654,The soup is water(spout)y.
920,6771,1,19,172,192,1.109375,0.02376023075778466,654,"I asked for the special, not the weather news."
3584,6772,0,19,155,174,1.1091954022988506,0.023712118120386465,654,He’s on our most valued influencer list”.
3765,6773,1,20,181,202,1.108910891089109,0.023067098641847264,654,"Waiter, there seems to be a low- pressure area that’s forcing warm air to rise from my Caribbean soup."
3961,6774,2,16,167,185,1.1081081081081081,0.02532853334841173,654,"Wait til you get your ""Flake"" entree...have you seen JAWS?"
3707,6774,1,18,166,185,1.1081081081081081,0.024140840809738,654,"I ordered the EDFY OF SEAFOOD, not the TORNADO CORN CHOWDER."
1337,6776,3,13,160,176,1.1079545454545454,0.027296391248782526,654,I ordered milk-toast!
3293,6776,2,15,159,176,1.1079545454545454,0.02607983723629322,654,Looks like about an EatF3 to me
4584,6776,2,15,159,176,1.1079545454545454,0.02607983723629322,654,"I push my spoon away from me, like a boat out to sea."
6271,6776,2,15,159,176,1.1079545454545454,0.02607983723629322,654,"Waiter, can we get some netting over here? How can I eat my soup without a body condom to protect me?"
2454,6780,3,16,185,204,1.107843137254902,0.024876518663724312,654,"Patron:  Waiter, there is a tornado in my soup; Waiter: that is OK, Sir, it is a win-win situation."
3044,6781,1,19,175,195,1.1076923076923078,0.023413702571492306,654,"There's been a mistake.  I ordered the ""chicken nudist soup""."
810,6782,1,19,176,196,1.1071428571428572,0.023300417839191213,654,The Chef a Bluetooth Vitamix.
4353,6782,3,12,153,168,1.1071428571428572,0.028048028848350354,654,"Ah, so that’s why you called it, “Sweet Home Alabama”?"
2816,6784,2,16,169,187,1.106951871657754,0.025070174965206478,654,"I wanted ""Whirled Peas!""  You brought me """"2018 Reduction."""
5232,6785,3,15,179,197,1.1065989847715736,0.025323669456467336,654,hey are you holding?
5234,6786,1,15,144,160,1.10625,0.025997210481707233,654,I thought I was ordering a Mexican dish.
2065,6787,2,16,171,189,1.1058201058201058,0.02481701460224036,654,"Waiter: ""How's your meal?""
Customer...
Waiter: ""Great, let me know if you need anything else"""
1087,6788,2,16,172,190,1.105263157894737,0.024692335106982342,654,i said  the hot soup not the tornado one!
3696,6788,3,14,173,190,1.105263157894737,0.02579546870232077,654,"I thought it was a little odd when you said the the chef had whipped up a paricularly unique soupe du jour; after all, Tomato Soup is pretty common.  I think I need to have my hearing checked."
1338,6790,1,19,180,200,1.105,0.022857984101532867,654,I never order tiramisu tornado. Where’s my tsunami and soup spoon?
2286,6791,3,14,174,191,1.1047120418848169,0.0256659761197966,654,"Sorry, slipped dentures or not, you no order order ""TOMATO ""soup"
4444,6792,2,17,182,201,1.1044776119402986,0.023818326773305126,654,What do you mean 'Hairnado'?
1945,6793,0,19,163,182,1.1043956043956045,0.022727932309460748,654,HE loves gazpacho.
648,6794,2,14,157,173,1.1040462427745665,0.02600782635140809,654,My food is spinning away!
1644,6794,0,18,155,173,1.1040462427745665,0.023280471672060668,654,"Don't get distracted, or you may miss out on the good things in life."
1425,6796,3,13,167,183,1.1038251366120218,0.026294231480510147,654,Bad Timing.
6500,6797,2,16,176,194,1.1030927835051547,0.024205854877251798,654,You could have had the stirred martini instead of the wine.
3028,6798,3,13,169,185,1.1027027027027028,0.026021238189540923,654,Is my penis bothering you?
5793,6799,2,17,186,205,1.102439024390244,0.023374347615324163,654,I thought you said giant parrot soup
5845,6800,2,18,195,215,1.1023255813953488,0.022719305878053948,654,I see that sir. The kitchen
1606,6801,2,15,170,187,1.1016042780748663,0.024612177146459885,654,I didn’t expect the ‘When Harry Met Sally’ Special to be _literally_ as described.
4892,6801,2,15,170,187,1.1016042780748663,0.024612177146459885,654,I’m not the only one with an upset stomach.
2245,6803,2,16,179,197,1.101522842639594,0.023853349098475026,654,Hollywood has gone too far this time.
3930,6803,2,16,179,197,1.101522842639594,0.023853349098475026,654,Would you like a security clearance with your tornado chasers delight?
1403,6805,4,10,164,178,1.101123595505618,0.027703171835203436,654,"Tournedos, I said.  Now, waiter, I want you should taste this tornado;  I will not pay for it."
5713,6806,2,14,163,179,1.100558659217877,0.025172771984385955,654,Nouvelle cuisine on steroids?
1689,6807,1,17,173,191,1.0994764397905759,0.0229475468136918,654,I thought you said Tornado soup- not Potato soup!
3645,6807,3,13,175,191,1.0994764397905759,0.025235156166558477,654,"It should be steaken, not stirred !"
3671,6807,2,15,174,191,1.0994764397905759,0.024118488878007792,654,"Politics are swirly these days, sir."
3819,6810,4,10,167,181,1.0994475138121547,0.027259718026213485,654,I didn't order a tornado!
4146,6811,1,15,155,171,1.0994152046783625,0.02440199222699443,654,"Sir, I am in a whirlwind  over that  fact that you served me tornado soup."
930,6812,2,12,147,161,1.0993788819875776,0.026733340641810363,654,Are you sure this is really 24 carrots?
4568,6813,4,11,177,192,1.0989583333333333,0.026172229423659224,654,"It’s a bowl of the infamous Blow Job Bisque sir,a recipe created by the infamous Chef Boy R U Gonna Blow Me!"
6048,6814,2,13,157,172,1.0988372093023255,0.025629413533839428,654,We feature Just in Time. Honey delivery
6304,6815,3,11,159,173,1.0982658959537572,0.026773358696248997,654,"It's the puree
 of Mongol soup"
5820,6816,0,20,185,205,1.0975609756097562,0.02077456396841079,654,I ordered the drink.
2771,6817,4,11,180,195,1.0974358974358975,0.02578337436351322,654,"The sornado soup, is it save?"
112,6818,0,19,177,196,1.096938775510204,0.021188004505789722,654,Is this I twist to a fly in my soup?
5153,6819,1,19,197,217,1.096774193548387,0.021150424528748456,654,"Yes, I ordered it this way. Now send me your some goggles"
1772,6820,0,20,187,207,1.0966183574879227,0.020584098217754136,654,B.
2877,6821,1,15,160,176,1.0965909090909092,0.023739628320057958,654,I thought I said well done!
6536,6822,0,16,150,166,1.0963855421686748,0.022975002150496207,654,"Our"" soup de jour""  today has a leg up over all he others!"
3406,6823,0,20,188,208,1.0961538461538463,0.020490163072143585,654,I thought  I  would be more aheed  by the willing dervish delivery trend.
5675,6824,2,13,162,177,1.0960451977401129,0.024933934045300858,654,"I specifically asked you if this soup was high in sodium, and you said no!"
3369,6825,2,12,153,167,1.095808383233533,0.025809920660135422,654,"I will not ""do it for the 'gram""!"
3706,6826,0,21,200,221,1.0950226244343892,0.019770653789712746,654,Do you carry tornado insurance against loss if soup?
1312,6827,3,12,175,190,1.0947368421052632,0.024916869216313923,654,You think that thing is going to stop me from vomiting in my soup?
57,6828,0,16,153,169,1.0946745562130178,0.022587302140130824,654,"Exchange is as good as a holiday, sir."
1952,6828,1,14,154,169,1.0946745562130178,0.024096236139784247,654,We will get ready for the scene of Black Smoke to the memories of Lost series in a few minutes.
5400,6830,2,12,156,170,1.0941176470588236,0.025371666550002153,654,"I get the tornado joke, yes the soup sucks. But this shit is garbage."
4573,6831,0,16,155,171,1.0935672514619883,0.02233599323116329,654,- I guess I need a straw to drink this soup.
2781,6832,2,14,178,194,1.092783505154639,0.02330172479405042,654,IS IT PLATE OF SOUP OR THE HOUSE OF A DJIN
2891,6832,3,12,179,194,1.092783505154639,0.02442102226321279,654,"It's ""OK"", he's ordered A+ treatment"
3331,6832,1,16,177,194,1.092783505154639,0.022125876895051938,654,"No, because we think pepper is wasteful on tornadic soup."
4000,6835,2,13,169,184,1.0923913043478262,0.024021197567721718,654,"Fly appeoved sir, in fact it went ""Flyurl."""
6367,6836,2,12,160,174,1.0919540229885059,0.024809911592904844,654,"It seems that the ""Ajax White Tornado"" is a member of the ""clean plate club."""
3877,6837,3,13,191,207,1.0917874396135265,0.02335334457544983,654,Sinking Sinking drinking  soup
4007,6838,2,11,151,164,1.0914634146341464,0.025679490075786925,654,So you're saying this is the Thou Giveth and Thou Taketh Away?
4686,6839,2,12,161,175,1.0914285714285714,0.024673329010050295,654,"Garçon rating a restaurant critic in the soup.
""Zagat, sir! Don't be a Beard. It's Three Michelin Stars"""
4816,6840,0,16,160,176,1.0909090909090908,0.02173142926062533,654,A spoon! I asked for a soup in my soup
2331,6840,3,10,163,176,1.0909090909090908,0.025827508832923812,654,Does this come with the A Plus treatment?
140,6840,2,12,162,176,1.0909090909090908,0.02453823847752101,654,"Aaj kuchh toofani karte hai"""
4120,6843,2,13,173,188,1.0904255319148937,0.02352895029117793,654,How do you concoct the tornado in my soup?
6353,6844,1,15,173,189,1.08994708994709,0.02217419210300601,654,We are exci
4730,6845,1,14,163,178,1.0898876404494382,0.022927521221859468,654,It's called Soupe a la Twist from our chef Chubby !
2902,6846,2,11,155,168,1.0892857142857142,0.0250894566352057,654,I DID NOT  ORDER THIS HOT TORTILLA SOUP
981,6847,1,15,175,191,1.0890052356020943,0.021951442564513018,654,"I'm sure Will Smith's genie will be soup-er, but I don't think that's relevant right now."
4581,6848,1,15,177,193,1.0880829015544042,0.021733111056428132,654,"i'm pretty sure it said ""tournedos""

chris lovejoy  lovejoy-chris@comcast.net"
2207,6849,2,14,189,205,1.0878048780487806,0.02209686524675363,654,I heard you give A+ service.
1979,6850,1,13,157,171,1.087719298245614,0.023227839457105263,654,Did I ask for the special bean soup?
18,6851,2,14,193,209,1.0861244019138756,0.021688988841570726,654,"Can I borrow your towel ?
Blocked sinuses."
3843,6852,2,11,162,175,1.0857142857142856,0.024119492974684457,654,The menu said this came with a side of Jim Cantore.
2651,6853,1,14,172,187,1.085561497326203,0.02186664306326708,654,“Call  Don (Godfather) Trump
2516,6853,0,16,171,187,1.085561497326203,0.02050973116812399,654,May I speak to Chef Campbell?
3763,6855,2,14,195,211,1.085308056872038,0.02149063342773612,654,Embers are good for health.
2031,6856,0,15,161,176,1.0852272727272727,0.021107017751143986,654,"Please excuse our termites"""
5007,6857,0,15,163,178,1.0842696629213484,0.020880110671459003,654,I thought I orderd “fake” beef stew.
237,6858,1,14,175,190,1.0842105263157895,0.02153444753160464,654,"No one:
Chipotle e.coli outbreak:"
6268,6859,2,13,190,205,1.0829268292682928,0.021643520673537378,654,"'I want soup and nuts to but no gravy"""
5852,6860,2,11,168,181,1.0828729281767955,0.023345764958078403,654,Just don't shoot it.
1561,6861,2,10,158,170,1.0823529411764705,0.02421554418146543,654,Didn't you listen to your mother when she said to eat your chicken soup?
3371,6861,1,12,157,170,1.0823529411764705,0.02273277228430854,654,The competition is heavy the soup company have a g o od ad campaign the tornado will move out and destroy the competitions
3460,6863,2,10,163,175,1.08,0.023544668095573273,654,"I said croutons, not tornado!"
506,6864,0,14,166,180,1.0777777777777777,0.020017924239232304,654,The soup is too hot enough!
5254,6865,2,11,180,193,1.077720207253886,0.021938024119965878,654,"I've never seen one before, but I think there is a bone spur in my soup."
2783,6866,0,13,168,181,1.0718232044198894,0.019244715252468708,654,"Can I see the chef please?
It seems he's been cooking up quite a tornado here!"
4577,6867,2,11,196,209,1.0717703349282297,0.020305137415170215,654,I'm Vegan. Your Coq Au Vin clashed with my morals.
5065,6868,1,10,163,174,1.0689655172413792,0.020918715179902195,654,"Dont look on more or should not be anger.
Thanks lord for boon though its hot"
5299,6869,0,12,167,179,1.0670391061452513,0.01874501647517222,654,It wants your penis as a Main
439,6870,1,10,173,184,1.065217391304348,0.019812460669412568,654,Your zoo location probably doesn't enhance your fine dining image
5703,6871,0,11,169,180,1.0611111111111111,0.017903612695241423,654,"I’m sorry, I thought I said no lentils in this soup! They make my throat dry."
4041,6872,0,10,163,173,1.0578034682080926,0.017794405194553612,654,"Waiter: You're so fat a tornado can't suck you up.
Customer: Excuse me, I'm as skinny as this tornado."
5492,6873,1,8,167,176,1.0568181818181819,0.01926558921967117,654,"The carrot said, ""Root! Root for farm fresh!"" 
Now headed to the neighbor's cooperative garden nearby."
