target_id,rank,funny,somewhat_funny,unfunny,count,score,precision,contest,caption
385,1,52,43,67,162,1.9074074074074074,0.06715119276406753,655,How do you respond to allegations that you're bipolar?
2117,2,34,44,62,140,1.8,0.068157365822999,655,The poles show you’re in trouble.
4906,3,25,42,52,119,1.773109243697479,0.07104423354943115,655,I'm sure voters have noticed that you're completely in the dark half the time.
4425,4,36,51,73,160,1.76875,0.06283518610784525,655,"Ask yourself, are you better off now than you were four billion years ago?"
1941,5,34,42,69,145,1.7586206896551724,0.06729293632051246,655,I guarantee in twelve hours we'll see a completely different side of my opponent.
5120,6,30,46,72,148,1.7162162162162162,0.06434684676640526,655,"Oh, sure. But in 12 hours, you'll take the opposite position."
4891,7,27,42,68,137,1.7007299270072993,0.06663487430112584,655,"My opponent, on the other hand, tends to be all over the map."
5113,8,26,35,64,125,1.696,0.07114183923910443,655,That wasn’t your position this morning.
2732,9,30,38,74,142,1.6901408450704225,0.0671814347826654,655,I guarantee in twelve hours my opponent will be on the other side of the issue.
4873,10,30,51,80,161,1.68944099378882,0.06055900621118013,655,"Ask yourself, are you better off than you were 4.54 billion years ago?"
1740,11,25,42,68,135,1.6814814814814816,0.06621058908015186,655,Spin. Spin. Spin. That's all we ever get from you.
4439,12,23,41,64,128,1.6796875,0.06740916327952214,655,"There you go again; constantly changing your position"""
18,13,33,39,83,155,1.6774193548387097,0.06468348632778198,655,"Wait, if you're here, then where are we?"
3534,14,23,46,67,136,1.6764705882352942,0.06423875751793785,655,"Everything doesn’t revolve around you, you know!"
3375,15,28,34,74,136,1.661764705882353,0.0686157786525621,655,Spin and more spin!  That's all we get from you.
3672,16,22,40,65,127,1.6614173228346456,0.06728293380174864,655,And yet just a few hours ago you held a totally different position!
4856,17,31,41,84,156,1.6602564102564104,0.0633349406908009,655,"And finally, can you really trust my opponent whose position changes EVERY SINGLE DAY?"
4710,18,30,45,86,161,1.6521739130434783,0.06121243274666778,655,"No offense, but half the time , you’re in the dark!"
1417,19,24,34,68,126,1.6507936507936507,0.0697546360227163,655,Please let me finish. Not everything revolves around you!
1430,20,32,36,86,154,1.6493506493506493,0.06484162702751119,655,Clearly Russia is behind you!
1663,21,28,38,79,145,1.6482758620689655,0.0653102194061919,655,I know for a fact Russia is behind this.
5151,22,28,34,77,139,1.6474820143884892,0.06762678663147348,655,Twelve hours from now my opponent will do a complete about-face.
4979,23,25,47,79,151,1.6423841059602649,0.06114750440175873,655,Don't be fooled by her 4.5 billion years of experience.
5131,24,23,45,75,143,1.6363636363636365,0.06240955598755236,655,We've had enough of your spin.
197,25,28,41,84,153,1.6339869281045751,0.06272646208741132,655,"In the past 12 hours, my opponent has made a complete about-face."
4487,26,22,40,71,133,1.631578947368421,0.06533793553742236,655,Spin! All we get from you is spin!
1340,27,28,42,86,156,1.6282051282051282,0.06182899435076978,655,My opponent changes his position every day
5183,28,23,35,71,129,1.627906976744186,0.0679055497885542,655,"All my opponent ever does is spin, spin, spin.”"
3875,29,28,31,81,140,1.6214285714285714,0.06760311080284473,655,"Folks, we need stability—not a revolution every 24 hours."
1835,30,23,35,73,131,1.618320610687023,0.06720492605883709,655,Really? You held the exact opposite position just six months ago!
177,31,21,42,73,136,1.6176470588235294,0.06353667351380256,655,"With all due respect, I am the one with the degree in global studies."
227,32,24,34,75,133,1.6165413533834587,0.0672692671842419,655,And can we trust a candidate that does a 180 twice a day?
5022,33,30,26,84,140,1.6142857142857143,0.06919424249770996,655,"Oh, I get it - the whole world's right and I'm wrong."
2220,34,24,41,80,145,1.6137931034482758,0.06280954525201955,655,Make no mistake—in just half a day his position will have changed 180 degrees!
2926,35,22,45,79,146,1.6095890410958904,0.06098954715898295,655,I don't care how many millions of years it took. Your 5 minutes are up.
1545,36,28,32,85,145,1.606896551724138,0.06586918980181335,655,Wait... If you're here then where am I?
5103,36,28,32,85,145,1.606896551724138,0.06586918980181335,655,My opponent’s position changes every day!
2371,38,28,33,86,147,1.6054421768707483,0.06515704570282578,655,You are bipolar and tempestuous.
61,39,27,30,82,139,1.60431654676259,0.06743796218923279,655,Even your own poles show you losing.
3135,40,22,27,69,118,1.6016949152542372,0.07235592818220224,655,If you're here then what am I standing on?
3294,41,25,38,84,147,1.598639455782313,0.06305065978953324,655,"I've got many, many continents. More continents than you can even imagine. The best continents."
419,42,25,36,84,145,1.5931034482758621,0.0638008693626571,655,"Rest assured, by the time this debate is over, my opponent will have changed positions yet again."
3801,43,25,49,93,167,1.592814371257485,0.057076712809496666,655,"Spin, spin and more spin!  Stop that!"
3000,44,27,39,91,157,1.5923566878980893,0.061259184909781356,655,"Unfortunately, Wind and Fire will be unable to join us tonight."
841,45,25,40,87,152,1.5921052631578947,0.06146468263473364,655,"And another thing, you think the sun rises and sets around you!"
2132,46,24,27,76,127,1.5905511811023623,0.0701332767238183,655,My opponent believes the sun rises and sets on her.
1578,47,20,42,77,139,1.589928057553957,0.061953858978265414,655,Are you better off than you were four billion years ago?
239,48,24,41,86,151,1.5894039735099337,0.061094883813219675,655,"Just in the last day, my opponent has rotated 360 degrees."
403,49,27,36,90,153,1.588235294117647,0.06257394096411065,655,The only thing we have to fear is sphere itself.
3968,50,29,26,88,143,1.5874125874125875,0.06755036958209602,655,You're in trouble at the poles!
2233,51,20,48,82,150,1.5866666666666667,0.05845640580438971,655,"Yes, but can you act locally?"
4035,52,23,33,79,135,1.5851851851851853,0.06598757373781657,655,"Just as we seemed to finding some common ground, you rotate right back to the same position you held 24 hours ago!"
625,53,22,32,76,130,1.5846153846153845,0.06712834953448697,655,Don't be intimidated by the gravity of my opponent.
3081,54,23,46,89,158,1.5822784810126582,0.058340614823778,655,"There you go again, thinking everything revolves around you!"
2915,55,25,32,84,141,1.5815602836879432,0.06535386365246819,655,"First you spend millions of years making fossil fuels, now you say we can't use them?"
1944,56,24,28,79,131,1.5801526717557253,0.06849973402255365,655,Please let me finish. Your last turn felt like it took all day.
3704,57,26,33,88,147,1.5782312925170068,0.06397887929909529,655,"Look, if you are who you say you are then what am I standing on?"
3999,57,25,35,87,147,1.5782312925170068,0.06324641520475806,655,"Yes, ladies and gentlemen, it is me against the world."
162,59,23,40,86,149,1.5771812080536913,0.061113977110237735,655,Not quite. But you're getting warmer.
407,60,23,33,81,137,1.5766423357664234,0.0652986563980956,655,Nothing but spin.
4329,61,18,51,82,151,1.576158940397351,0.05672215392149365,655,"There you go again, promising the moon."
1028,62,25,30,84,139,1.5755395683453237,0.06615780452990867,655,"Unlike my opponent, I don’t believe everything revolves around me."
3785,63,18,39,74,131,1.5725190839694656,0.06321819010170394,655,Are we really considering electing someone who will be over five billion years old at the time they take office?
2974,64,18,40,76,134,1.5671641791044777,0.06217521261429326,655,It's all spin.
4555,64,19,38,77,134,1.5671641791044777,0.06307121303944153,655,"It’s always about you, isn’t it?"
2936,66,20,41,82,143,1.5664335664335665,0.06082223352809773,655,This debate doesn't revolve around you.
3551,67,29,30,97,156,1.564102564102564,0.06312740486995447,655,My opponent relies too heavily on poles.
4803,67,23,42,91,156,1.564102564102564,0.05906599131465074,655,Enough with the spin.
4603,69,21,33,79,133,1.5639097744360901,0.0652329749306365,655,She keeps going around and around and never gets to her point.
3221,70,27,32,94,153,1.5620915032679739,0.06278020460369901,655,"Half of each and every day, my opponent is operating in the dark."
2268,71,17,40,75,132,1.5606060606060606,0.062020844993368074,655,My opponent here is a master of spin.
1618,72,16,33,67,116,1.5603448275862069,0.06738730178079988,655,"As always, my opponent is going around in circles."
683,73,23,39,90,152,1.5592105263157894,0.06030417887844766,655,My opponent spins everything.
2343,73,25,35,92,152,1.5592105263157894,0.06173225041811748,655,"I knew Venus. Venus was a friend of mine. And you, sir, are no Venus."
3575,75,22,43,91,156,1.5576923076923077,0.05840475453935833,655,My opponent has been spinning in circles. If we follow her we'll just end up in the same spot next year!
851,76,22,29,80,131,1.5572519083969465,0.06694429840605877,655,It is almost impossible to overstate the gravity of my opponent’s position.
2142,77,15,44,74,133,1.556390977443609,0.05982195600262693,655,"If elected, I will build a great, great wall and Mars will pay for it."
4214,78,22,40,89,151,1.5562913907284768,0.059901141213762936,655,Save the Earth? Now who's the narcissist?
160,79,24,41,95,160,1.55625,0.058644861093742916,655,No!  I say that you have been given too much latitude already!
1421,80,23,34,87,144,1.5555555555555556,0.06293286603367348,655,A stay-at-home mom for 4 1/2 billion years with no managerial expertise...
3022,81,20,38,83,141,1.553191489361702,0.06157797662441008,655,"As you can see, my opponent is completely off his axis!"
1460,82,24,36,92,152,1.5526315789473684,0.06106230617689208,655,What makes you an expert on climate change?
3807,82,22,40,90,152,1.5526315789473684,0.05961818920563723,655,I'm afraid your time's almost up.
3840,84,26,39,100,165,1.5515151515151515,0.05856504119956395,655,It is common knowledge that my opponent is a master of spin
1884,85,16,41,76,133,1.5488721804511278,0.06081598011546122,655,I think you need a latitude adjustment.
5205,86,20,35,82,137,1.5474452554744527,0.06299625051007775,655,That wasn’t your position six months ago!
427,87,24,39,96,159,1.5471698113207548,0.058981964704990335,655,I don't think you understand the gravity of the situation!
2697,88,19,27,73,119,1.546218487394958,0.06933042857505893,655,You can spin all you want
558,89,22,29,83,134,1.544776119402985,0.06582919959597616,655,"Our next auction item, one used and abused planet. A real fixer upper, but with lots of potential."
930,90,24,32,91,147,1.5442176870748299,0.06273314915340282,655,Could you be more Pacific?!
5158,91,21,27,79,127,1.5433070866141732,0.06777841802323702,655,And the moon is gonna pay for it.
4769,91,22,25,80,127,1.5433070866141732,0.06869423794384462,655,The earth has an announcement to make: it's bi-polar.
5210,93,21,34,85,140,1.542857142857143,0.06279825326960226,655,"Yes, my opponent may be worldly, but he also has a dark side."
2813,94,20,30,79,129,1.5426356589147288,0.06604092717592534,655,"Well, I'm just warming up, too."
2341,95,20,44,91,155,1.5419354838709678,0.05733847619824994,655,Is my opponent going to reach a point or continue to go around in circles?
1668,96,23,39,95,157,1.5414012738853504,0.05890450578592518,655,"Furthermore, Fox just broke the story that you weren't even born in our solar system!"
3921,97,20,32,81,133,1.5413533834586466,0.0644934679201072,655,"So, if you are here, what are we all standing on?"
4095,98,23,40,96,159,1.5408805031446542,0.058333228722446395,655,As you can see the world is very big. Huge. Really huge. And there is a lot of water. Very wet water.
3887,99,25,38,100,163,1.539877300613497,0.058539754728417416,655,"Proving, once again, it's me against the world."
1395,100,19,37,83,139,1.539568345323741,0.06149205445388212,655,And yet my opponent refuses to share her earth certificate!
4680,101,17,36,77,130,1.5384615384615385,0.06288041878556726,655,I will concede that my opponent may have more gravitas.
450,101,20,30,80,130,1.5384615384615385,0.0656637557544412,655,It appears my opponent is getting heated.
4879,103,25,35,98,158,1.5379746835443038,0.05999010638240476,655,"I've seen Jupiter, sir. And you're no Jupiter."
4040,104,18,35,79,132,1.5378787878787878,0.06308194538259519,655,I catch your continental drift.
981,105,18,36,80,134,1.537313432835821,0.06236350051593384,655,"Yeah, and I guess you think the sun revolves around you!"
1220,106,20,43,92,155,1.5354838709677419,0.057366751934101005,655,You don't look so hot to me.
3867,106,24,35,96,155,1.5354838709677419,0.06021704866326627,655,The Flat Earth Society welcomes a very controversial speaker tonight...
5228,108,17,34,76,127,1.5354330708661417,0.06402262948897883,655,"It isn't fair. You've been warming up for a while.
 I'm just getting started."
1520,109,19,40,87,146,1.5342465753424657,0.05925404945743211,655,My opponent seems to think the world of himself
2472,110,21,39,92,152,1.5328947368421053,0.05897769955483134,655,"You just have to put a spin on everything, don't you?"
65,111,15,52,87,154,1.5324675324675325,0.05385474619004239,655,My opponent is only showing half of the picture!
1933,112,21,32,86,139,1.5323741007194245,0.06319455758670213,655,"I would ask my opponent to please refrain from finishing every argument with ""the world has spoken""."
2799,113,20,38,89,147,1.530612244897959,0.059746710461388595,655,My opponent is a disaster waiting to happen.
2949,114,15,40,77,132,1.5303030303030303,0.06030168769726752,655,Do you even understand the gravity of this situation?
3543,115,19,34,83,136,1.5294117647058822,0.06257124607658106,655,"In general, we at the Flat Earth Society do not lend much credibility to physical evidence."
3800,115,16,40,80,136,1.5294117647058822,0.05990295026086065,655,Could you be a bit more Pacific?
1115,117,19,45,93,157,1.5286624203821657,0.056114391077646354,655,No doubt my opponent will defend globalism.
1107,118,21,33,88,142,1.528169014084507,0.062170045610043,655,"Wait... if you're here, then what planet am I on?"
3073,118,18,39,85,142,1.528169014084507,0.05971134070303303,655,Can you be a bit more Pacific?
3191,120,19,47,95,161,1.5279503105590062,0.0550706151715772,655,"Please, stop saying ""I think I 'm speaking for all of us..."""
488,121,22,24,83,129,1.5271317829457365,0.06791246305401254,655,You think everything revolves around you.
4788,122,19,40,89,148,1.527027027027027,0.05867159243584645,655,"My opponent, clearly, thinks the world of himself."
1983,123,23,33,94,150,1.5266666666666666,0.061083920464382685,655,I will concede that my opponent speaks with exceptional gravity.
4513,124,19,45,94,158,1.5253164556962024,0.05585840870302159,655,Can I finish my point? You had 4.5 billion years to make yours.
2668,125,23,40,101,164,1.524390243902439,0.05701646091452319,655,And what makes YOU an expert on climate change?
1902,126,17,45,89,151,1.5231788079470199,0.056251121812580324,655,"Wait ... if you’re there, where am I?"
636,127,17,34,79,130,1.523076923076923,0.06293874942778135,655,"OK, so maybe when I said I would ""take on the world"" I overpromised."
888,128,22,25,85,132,1.5227272727272727,0.0667006989450151,655,"Global warming, world peace, global poverty""...For my opponent it's always, ""Me, me, me!"
4204,129,22,37,96,155,1.5225806451612902,0.058850519544763086,655,I'm for the voters while my opponent is for self-preservation.
3823,130,17,36,81,134,1.5223880597014925,0.06151166635885825,655,That's your best argument?  You have 4.5 billion years of life experience over me?
1814,131,21,41,97,159,1.5220125786163523,0.05701800680369634,655,"I knew planet Earth, you sir are no planet Earth."
62,131,24,35,100,159,1.5220125786163523,0.05907527052469913,655,"And you, sir, are no Mars."
852,133,20,46,99,165,1.5212121212121212,0.054770824547131954,655,"When I said I’m willing to take on the whole world, it was a metaphor!"
3049,134,21,32,89,142,1.5211267605633803,0.062189843637033976,655,Why does it always feel like it's me against the world?
4107,135,20,38,92,150,1.52,0.0588632054639773,655,Are you better off now than you were four billion years ago?
4709,135,21,36,93,150,1.52,0.05961847378210367,655,"No, I'm the one who's just warming up."
760,137,24,31,97,152,1.519736842105263,0.06119126083277025,655,Doug mansplains climate change to Mother Earth
2589,137,22,35,95,152,1.519736842105263,0.059750260675772535,655,You're clearly out of your orbit.
4602,139,19,28,80,127,1.5196850393700787,0.06599814196820633,655,"And now, someone who needs no introduction."
3826,140,21,26,84,131,1.5190839694656488,0.06623074403073029,655,"So after Atlas shrugged, what happened?"
3075,141,17,35,81,133,1.518796992481203,0.06187020693514077,655,"Well, it looks like the whole world is against me."
2033,141,20,29,84,133,1.518796992481203,0.06457310590218947,655,"Sure, my opponent claims she can provide clean air, clean water, enough food for everyone - but how is she going to pay for it?"
27,143,18,34,83,135,1.5185185185185186,0.06207384451341576,655,"That's not exactly what I meant, but you're getting warmer."
4378,143,18,34,83,135,1.5185185185185186,0.06207384451341576,655,I give facts and all you get from her is spin.
1265,145,19,38,90,147,1.5170068027210883,0.058999313324408394,655,My opponant can spin as much as he likes but we all know that in 24 hours he will return to exactly the same position. Just admit it sir; you are a globalist!
2928,145,20,36,91,147,1.5170068027210883,0.05978383504650121,655,In case you haven't heard--you are not the center of the universe.
4801,147,22,34,95,151,1.5165562913907285,0.06006200228054376,655,You're constantly shifting your position.
3131,148,19,41,93,153,1.5163398692810457,0.0572448010592604,655,Stop spinning and give me a straight answer!
2867,149,21,38,96,155,1.5161290322580645,0.05814824294415843,655,"I knew Jupiter; I was a friend of Jupiter, and sir, you are no Jupiter."
1338,150,14,40,78,132,1.5151515151515151,0.05937920856662431,655,I would suggest to you that you are taking these climate change debates far too personally
3981,151,21,29,88,138,1.5144927536231885,0.06359875280989033,655,"If you're here, then where are we?"
3903,152,16,59,102,177,1.5141242937853108,0.04946253545367372,655,My opponent is ignoring the gravity of this situation.
3502,153,15,44,85,144,1.5138888888888888,0.056601936764088846,655,"Oh, believe me. I'm just warming up, too!"
5124,154,14,48,86,148,1.5135135135135136,0.05464832366940063,655,"Once again, my opponent proves the master of spin."
2485,155,19,39,92,150,1.5133333333333334,0.05811095355603493,655,So I guess it's me against the world.
948,156,27,32,109,168,1.5119047619047619,0.05848828369661588,655,And what makes you the expert on global warming?
2141,157,17,35,83,135,1.511111111111111,0.06119020962696568,655,Please give a not-so-warm welcome to our next guest.
705,158,19,34,88,141,1.5106382978723405,0.06090920483553897,655,Just cool down.
4146,159,18,37,88,143,1.5104895104895104,0.059436213999828395,655,"Oh, sure...next you'll be saying you speak for everyone."
1245,160,18,42,93,153,1.5098039215686274,0.05649860272893429,655,What if I’m right and the whole world IS wrong?
202,161,23,33,99,155,1.5096774193548388,0.05958081606965525,655,My opponent is a known environmental extremist.
1684,162,21,39,99,159,1.509433962264151,0.057039956223920274,655,"Well, I guess it's me against the world, then!"
3602,163,24,35,104,163,1.50920245398773,0.057969438651586366,655,My opponent is a master at spinning.
2082,163,22,39,102,163,1.50920245398773,0.05664781631715537,655,"You see, the whole world is against me."
2315,165,20,25,83,128,1.5078125,0.06654812744537761,655,The earth was captured by the sun.  I like planets that were not captured by the sun!
312,166,16,34,80,130,1.5076923076923077,0.062013669070605314,655,It's me against the world.
4069,167,20,30,88,138,1.5072463768115942,0.06277073115461695,655,"My opponent, however, leans twenty three and a half degrees to the left but six months later will do exactly the opposire!"
5193,168,22,28,92,142,1.5070422535211268,0.06301016250326122,655,All my opponent does is spin.
2681,169,18,37,89,144,1.5069444444444444,0.05912838790786472,655,My opponent seems to think the sun rises and sets on her alone!
3112,169,17,39,88,144,1.5069444444444444,0.05830129637887845,655,Volatile. Windy. Erupting. Stormy. These are all words commonly used to describe my opponent.
5052,169,17,39,88,144,1.5069444444444444,0.05830129637887845,655,There you go again... Spin. Spin. Spin.
454,172,20,35,93,148,1.5067567567567568,0.05948901553602059,655,Please - you've had 5 billion years; you can wait another 30 seconds.
3333,173,20,36,94,150,1.5066666666666666,0.05888347167406787,655,My opponent is all over the map.
4036,174,20,38,96,154,1.5064935064935066,0.05771793562010223,655,Let me finish...you've had 4.5 billion years; it's my turn to talk.
724,174,22,34,98,154,1.5064935064935066,0.059170304781144184,655,I can see Alaska from here!
2367,176,21,27,89,137,1.5036496350364963,0.06397127246052772,655,You thought you were too big to fail.
2101,177,14,42,83,139,1.5035971223021583,0.05719442493556687,655,My opponent obviously thinks the world of himself.
2202,177,17,36,86,139,1.5035971223021583,0.05986648049932558,655,Looks like it’s me against the world.
3494,177,16,38,85,139,1.5035971223021583,0.05898924539965584,655,"There you go again, always spinning things!"
3972,177,18,34,87,139,1.5035971223021583,0.060731045618624434,655,Who cares what the world thinks!
1091,181,15,42,86,143,1.5034965034965035,0.05690231215465533,655,"Sir, could you be more pacific?"
3537,181,22,28,93,143,1.5034965034965035,0.06266836939176398,655,You need to cool down before we continue.
582,183,18,38,91,147,1.5034013605442176,0.058220553138394006,655,Is it warm in here or is it just you?
5148,184,21,33,95,149,1.5033557046979866,0.059947495826970766,655,My opponent thinks everything revolves around her.
3570,184,25,25,99,149,1.5033557046979866,0.0629005655156891,655,Point to where the orange man hurt you.
4333,186,23,32,100,155,1.5032258064516129,0.05958535227705987,655,And our next expert on climate change needs no introduction...
4440,187,20,41,100,161,1.5031055900621118,0.05581428806090506,655,"Nothing but spin, folks!"
548,188,21,40,102,163,1.5030674846625767,0.05597945512651073,655,You too have faults.
3774,189,21,44,106,171,1.5029239766081872,0.05399376246374446,655,"And now, introducing my special guest for Earth Day..."
5150,190,14,48,90,152,1.5,0.05362430791574204,655,I don't care for my opponent's spin.
4775,190,18,38,92,148,1.5,0.05792578193291024,655,I don't care how many revolutions you've started. You have to wait your turn.
4755,190,20,39,99,158,1.5,0.05661156939678532,655,You're not too big to fail.
4548,190,16,40,88,144,1.5,0.057465235597300934,655,"May I present, the leading authority on climate change."
3907,190,15,42,87,144,1.5,0.05661385170722979,655,"It's indisputable that my opponent likes to ""spin""."
3393,190,18,34,88,140,1.5,0.06040289532479116,655,What can you say when the whole world is against you?
2362,190,14,44,86,144,1.5,0.05574946733380605,655,This is America! Who cares what the world thinks.
2358,190,16,49,97,162,1.5,0.05272281108476971,655,"With all due respect, the people are getting sick of your constant spin."
2347,190,16,39,87,142,1.5,0.058062824416857395,655,Enough about your problems.
2030,190,16,40,88,144,1.5,0.057465235597300934,655,The universe does not revolve around you!
1733,190,15,38,83,136,1.5,0.059040992369339684,655,Would I be running for reelection if I cared what the world thinks?
1539,190,15,41,86,142,1.5,0.057196166465907174,655,You clearly fail to understand the gravity of the situation.
2952,190,21,21,84,126,1.5,0.06831300510639733,655,"You always have to turn everything into a global issue, don’t you?"
2256,203,19,37,95,151,1.4966887417218544,0.05782990372392057,655,And our next Earth Day speaker needs no introduction.
2209,204,19,35,93,147,1.4965986394557824,0.05901542821886589,655,I know you’re just warming up
554,204,18,37,92,147,1.4965986394557824,0.058220553138394006,655,"Are you going to answer the question, or just keep spinning?"
1671,204,19,35,93,147,1.4965986394557824,0.05901542821886589,655,"My opponent has 'flatly refused' and now he 'roundly condemns' - well, which is it?"
3123,207,19,34,92,145,1.4965517241379311,0.05963180283290888,655,"So if YOU'RE here, then what planet am I on?"
4147,208,14,43,86,143,1.4965034965034965,0.05603017108938987,655,Must you put a spin on everything?
4285,208,15,41,87,143,1.4965034965034965,0.05690231215465533,655,My opponent’s arguments are just all over the map.
5157,210,12,40,77,129,1.496124031007752,0.058365195140990686,655,My five minutes are up. I'm sure my opponent could go on for ages.
967,211,18,42,98,158,1.4936708860759493,0.05516668682204899,655,Must you spin everything?
4908,211,21,36,101,158,1.4936708860759493,0.0573170157996068,655,You're just mad because you're melting in the polls.
4851,213,14,49,93,156,1.4935897435897436,0.052636678497273943,655,Our next speaker will share a more global perspective.
3301,213,19,39,98,156,1.4935897435897436,0.05642858187939285,655,"There you go again, always promising the moon!"
387,215,20,36,98,154,1.4935064935064934,0.05771793562010223,655,What on earth are you talking about?
1039,215,21,34,99,154,1.4935064935064934,0.05844863155001903,655,I don't think my opponent appreciates the gravity of the situation.
2552,217,13,49,90,152,1.493421052631579,0.05280285394093537,655,"And now, for a global perspective."
2075,218,23,27,98,148,1.4932432432432432,0.061763492125337306,655,"And to my left, the Democratic candidates for President of the United States."
2210,218,17,39,92,148,1.4932432432432432,0.057124049045679484,655,I guess it really is me against the world.
3016,220,19,34,93,146,1.4931506849315068,0.05931953562527983,655,And how do you feel about Europe and Asia talking behind your back?
4587,221,21,26,91,138,1.4927536231884058,0.06360779207363038,655,... and I assert that the only reason you support the idea of global warming is your own self interest.
2856,221,17,34,87,138,1.4927536231884058,0.06018974265848137,655,Stop! It's all just spin!
4441,223,16,31,81,128,1.4921875,0.06274175071062531,655,Stop spinning everything.
4799,224,16,27,77,120,1.4916666666666667,0.06588742769237417,655,What my opponent fails to mention is that I WILL build a wall. And Mars will pay for it!
364,225,22,34,103,159,1.490566037735849,0.0577335959552733,655,Why is it always me against the world?!
3660,226,26,25,106,157,1.4904458598726114,0.061033771099896356,655,"You claim to think globally, but can we afford to have a president who is bipolar?"
4088,227,12,27,65,104,1.4903846153846154,0.06831372341822282,655,You say you want a revolution?
3272,228,18,40,97,155,1.4903225806451612,0.05595478300127004,655,"My opponent can't even give us a straight answer about their age. Are you 5,779 or 4.5 billion years old?"
1570,229,20,30,93,143,1.4895104895104896,0.06107085759273786,655,"I suppose it really is ""me against the world""!"
1693,229,15,40,88,143,1.4895104895104896,0.05689625968299491,655,Voters want the truth but you just spin.
3013,231,20,29,92,141,1.4893617021276595,0.061735308829642725,655,MEDICS! Something just fell on our president!
2819,232,19,28,88,135,1.488888888888889,0.062971091726435,655,71% of my opponent's surface is covered with water. He is practically all wet. He is 4.54 billion years old! He takes 24 hours to rotate on his axis! Let's not even mention the gaping hole in his ozone layer. vote for me.
4663,233,15,35,83,133,1.4887218045112782,0.060014942083955754,655,I believe your time is almost up
1509,233,12,41,80,133,1.4887218045112782,0.057096670425536435,655,"I too, am just warming up!"
4429,235,11,42,78,131,1.4885496183206106,0.0566913248048728,655,My opponent would have you believe that a crisis is looming...
3581,236,16,29,80,125,1.488,0.0638708374061883,655,"If you're here, what are we standing on?"
1176,237,18,41,99,158,1.4873417721518987,0.055159748925169116,655,Next thing you’re going to say is that WE are to blame for your problems.
3174,237,21,35,102,158,1.4873417721518987,0.05731033821866731,655,"Despite our differences, I can certainly appreciate your uniquely global perspective.”"
4257,237,19,39,100,158,1.4873417721518987,0.05588580818572049,655,Our next presenter has tremendous gravitas.
3303,240,17,41,96,154,1.4870129870129871,0.05546067076572039,655,My opponent represents everything that is wrong with the world today.
5067,240,15,45,94,154,1.4870129870129871,0.0539084513424046,655,Enough spin!
2090,242,16,42,94,152,1.486842105263158,0.05521500333558019,655,My opponent will promise you the moon.
3780,242,22,30,100,152,1.486842105263158,0.059762252700113205,655,"Just when the debate started to get interesting, Atlas shrugged."
5,244,17,37,92,146,1.4863013698630136,0.05769653428073338,655,What makes you think you can speak for the whole world?
348,245,14,42,88,144,1.4861111111111112,0.055737367612050136,655,And now for a global perspective on tonight's topic...
1113,246,19,30,91,140,1.4857142857142858,0.06123574506243826,655,I told you I’m not paranoid..the world IS against me
278,247,14,39,85,138,1.4855072463768115,0.057483003569703664,655,I think we've all had about enough of your spin.
3897,247,16,35,87,138,1.4855072463768115,0.05929476153075038,655,I'm hot and gassy too and I don't blame YOU for it.
2777,249,17,32,87,136,1.4852941176470589,0.060844899175978386,655,"My sincere apologies to our next presenter, but, it seems, we have run out of time."
3298,249,17,32,87,136,1.4852941176470589,0.060844899175978386,655,Of course my opponent promises you the world. But does he have anything else to offer?
3747,249,20,26,90,136,1.4852941176470589,0.06347360980246744,655,"No, only most of the stage is a world."
541,252,18,42,101,161,1.484472049689441,0.054392173565642826,655,My opponent's views on global climate change are clearly self-serving.
5188,252,21,36,104,161,1.484472049689441,0.056492723423936644,655,I knew Jupiter. And you’re no Jupiter.
4748,254,18,25,83,126,1.4841269841269842,0.06544997070015422,655,``You're hot? Well my feet hurt. Now answer the question.''
1424,254,15,31,80,126,1.4841269841269842,0.06247196398144263,655,The World speaks for itself. The question is whether anyone is listening.
2530,256,19,38,100,157,1.484076433121019,0.056146823127379,655,Being 4.6 Billion years old doesn't make you an expert in everything!
3232,256,18,40,99,157,1.484076433121019,0.055414857483973325,655,"This is big, no matter how you spin it."
108,258,17,40,96,153,1.4836601307189543,0.05572224532718772,655,I would like to urge my distinguished opponent to cool down.
4629,258,16,42,95,153,1.4836601307189543,0.05494514821435819,655,I'm afraid your time is up.
5084,258,19,36,98,153,1.4836601307189543,0.0572448010592604,655,"Respectfully, you don't speak for everyone."
5241,261,11,36,73,120,1.4833333333333334,0.060325138338779644,655,Quit with the spin!
3377,262,17,38,94,149,1.483221476510067,0.056825146734842534,655,"I said ""you're flat"" not ""fat""."
1344,263,8,41,69,118,1.4830508474576272,0.05738652471200917,655,"I am not going to exploit, for political purposes, my opponent's age or rising core temperature."
1737,264,19,32,94,145,1.4827586206896552,0.05961518381558593,655,I feel like the whole world is against me here.
553,265,17,35,91,143,1.4825174825174825,0.05859004141602708,655,"Spin, spin, spin, that’s all you do!"
81,265,13,43,87,143,1.4825174825174825,0.05512549979976262,655,My opponent expects everything to revolve around him.
5159,267,17,34,90,141,1.4822695035460993,0.05921030202763632,655,Too big to fail? Tell that to Venus.
2548,268,20,41,107,168,1.4821428571428572,0.05404457910100601,655,My opponent is clearly off his axis.
5245,268,20,41,107,168,1.4821428571428572,0.05404457910100601,655,"is it warm in here, or is that just you"
2456,270,15,37,87,139,1.4820143884892085,0.05807939692489924,655,I'd like to ask my opponent what *really* happened to the dinosaurs?
531,271,14,38,85,137,1.4817518248175183,0.05778042654958722,655,"To begin - I just want to say, I think the world of my opponent."
1613,271,17,32,88,137,1.4817518248175183,0.060502928136740367,655,"Some days, it feels like the whole world is against me."
1326,273,16,33,86,135,1.4814814814814814,0.06026645446389416,655,"Yet again, it’s me against the world."
2893,274,22,31,103,156,1.4807692307692308,0.05856793461393716,655,I am NOT paranoid! Why is the whole world against me?
3190,275,16,41,95,152,1.480263157894737,0.05520202348083549,655,"And now, straight from its world tour around the sun..."
3508,276,16,28,81,125,1.48,0.06385467371178644,655,My opponent seems to disregard the gravity of the situation!
4806,277,16,38,92,146,1.4794520547945205,0.05685770891472691,655,My opponent is all over the place.
4922,278,22,37,110,169,1.4792899408284024,0.05509332574708528,655,"I’ve got moons, lots of moons; the BEST moons."
5235,278,26,29,114,169,1.4792899408284024,0.05759378485924669,655,My opponent is going to promise you the world.
2784,280,12,44,86,142,1.4788732394366197,0.054484544265280585,655,First let me say that I think the world of my opponent.
2449,280,18,32,92,142,1.4788732394366197,0.05973195366801254,655,My turn! Your 5 billion years are up.
4502,280,16,36,90,142,1.4788732394366197,0.05803555847291817,655,I don't think you realize the gravity of this situation.
1023,283,16,35,89,140,1.4785714285714286,0.05864858428056738,655,"I keep telling my shrink I am not paranoid, the whole world is against me."
2990,284,21,36,106,163,1.478527607361963,0.055954547692518425,655,I feel like the whole world is against me.
4185,285,15,34,85,134,1.4776119402985075,0.05965939487604109,655,And of course my opponent will claim to be more worldly.
578,286,14,35,83,132,1.4772727272727273,0.05936076037014754,655,I have an axis to grind with you.
2984,287,14,33,81,128,1.4765625,0.06071753911232157,655,Get to the point. I don't have 7.5 billion years.
1287,288,16,39,94,149,1.476510067114094,0.056005147188894225,655,This feels like it’s me against the world.
317,289,17,36,94,147,1.4761904761904763,0.05738154108610372,655,"Yes, but act local."
2133,289,13,44,90,147,1.4761904761904763,0.054036001119198276,655,My opponent puts a spin on everything.
2587,289,13,44,90,147,1.4761904761904763,0.054036001119198276,655,Same old spin!
1269,292,14,41,90,145,1.4758620689655173,0.05543519793925284,655,"Excuse me, this is a no spin zone."
4336,293,17,34,92,143,1.4755244755244756,0.058572405322290064,655,My opponent is just spinning around in circles!
2581,294,21,35,106,162,1.4753086419753085,0.05620777758886423,655,"You sir, are no sun."
1751,295,21,25,95,141,1.475177304964539,0.06252177759084705,655,Who in the world do you think you are?
3535,296,16,34,89,139,1.474820143884892,0.05895108523691313,655,See you in twenty-four hours.
3661,296,16,34,89,139,1.474820143884892,0.05895108523691313,655,"Accepting the award for Al Gore is...earth"""
3314,298,16,43,99,158,1.4746835443037976,0.053649649184160146,655,We keep going round and round on this issue...
2186,299,14,36,85,135,1.474074074074074,0.0583821209196514,655,It’s always me against the world!
2310,299,15,34,86,135,1.474074074074074,0.059321415716335875,655,Just more spin from my opponent.
1964,301,15,43,96,154,1.474025974025974,0.05387776923898438,655,I’d like to thank everyone for being with us this evening.
436,302,18,27,88,133,1.4736842105263157,0.06276363614686863,655,"Unlike my opponent, I am not a globalist."
1489,303,13,36,82,131,1.4732824427480915,0.05868818873289575,655,"I, on the other hand, prefer to think locally."
3185,303,18,26,87,131,1.4732824427480915,0.06349411435109159,655,"Oh, now you’re the expert on climate change?"
4097,305,15,40,93,148,1.472972972972973,0.05544944639515471,655,Don't you turn your Pacific at me! I'm talking to you!
2682,305,15,40,93,148,1.472972972972973,0.05544944639515471,655,Please excuse the methane release.
390,307,14,33,82,129,1.4728682170542635,0.060358184117819534,655,"Who are you going to believe? Me, or the rest of the world?"
1741,308,19,31,96,146,1.4726027397260273,0.05927861524816051,655,"I appreciate your global perspective, however...…."
138,309,19,30,95,144,1.4722222222222223,0.059901859360953255,655,My opponent would like you to believe she can be all things to all people.
2624,309,18,32,94,144,1.4722222222222223,0.059085596026225595,655,Have you ever felt like the whole world’s against you?
94,311,18,31,93,142,1.471830985915493,0.05971134070303303,655,"With all due respect, those comments reflect an incredibly biased world view."
441,311,11,45,86,142,1.471830985915493,0.05353702795714724,655,My opponent makes every issue a global issue.
4871,313,14,29,78,121,1.4710743801652892,0.06328298001798902,655,You sir are not too big to fail.
1172,314,16,33,89,138,1.4710144927536233,0.059255964517961425,655,It's no surprise that my opponent hides his most polarizing features.
4839,315,18,36,99,153,1.4705882352941178,0.05645381587867018,655,"In closing let me point out that my opponent has been involved for at least 10,000 years in wars, genocide, famine, corruption, hurricanes, murders--to name but a few."
562,315,19,26,91,136,1.4705882352941178,0.06257124607658106,655,"Again, it’s me against the world."
4434,315,19,42,109,170,1.4705882352941178,0.05288506908121984,655,I'll let the world speak for itself.
1938,318,15,49,104,168,1.4702380952380953,0.05060624429509585,655,"I, too, am mostly made up of water"
4829,319,20,31,100,151,1.4701986754966887,0.05853845136942065,655,Now for a global perspective!
933,320,18,34,97,149,1.4697986577181208,0.05758064950274658,655,Do you understand the gravity of this situation?
1847,321,20,29,98,147,1.469387755102041,0.059746710461388595,655,So where is Carmen Sandiego?
628,321,17,35,95,147,1.469387755102041,0.05735944151236431,655,"I'm sorry, your time is up."
5038,321,15,39,93,147,1.469387755102041,0.05571112645046083,655,Pee-ew. Did you just pass green house gas?
556,324,20,36,106,162,1.4691358024691359,0.055502279151774914,655,So what makes you such an expert on climate change?
2573,325,19,30,96,145,1.4689655172413794,0.0595763880799,655,My opponent is clearly a Globalist.
4238,325,15,38,92,145,1.4689655172413794,0.05626903459447961,655,"What you lack in a degree, you make up for in real world experience"
1475,325,15,38,92,145,1.4689655172413794,0.05626903459447961,655,I'm really up against the world here.
4450,325,19,30,96,145,1.4689655172413794,0.0595763880799,655,And this is what happened when Atlas shrugged.
4590,329,17,33,93,143,1.4685314685314685,0.058548882266995075,655,I fully grasp the gravity of the situation.
4114,329,17,33,93,143,1.4685314685314685,0.058548882266995075,655,You're getting a little heated.
1288,331,17,47,109,173,1.4682080924855492,0.05089438828457502,655,Having the whole world on your side still doesn't make you right!
4111,332,13,32,79,124,1.467741935483871,0.06106353060000295,655,What do you mean you’re just warming up?
5140,333,17,45,107,169,1.467455621301775,0.05176206411988654,655,"""As you can see, the whole world is against me. Sad."""
3276,334,16,32,89,137,1.467153284671533,0.05956322244348591,655,Can there remain any doubt that my opponent’s world view is extremely self-centered?
640,335,14,35,86,135,1.4666666666666666,0.05835405933623759,655,"I knew Pluto. Pluto was a friend of mine. You, sir, are no Pluto."
693,335,15,40,95,150,1.4666666666666666,0.054887859373789004,655,Our next speaker needs no introduction...
2723,335,10,43,82,135,1.4666666666666666,0.054433105395181744,655,Stop. You've had your turn.
4605,338,15,39,94,148,1.4662162162162162,0.055424236370484915,655,"Everyday her position changes, like 180 degrees."
4192,339,13,36,84,133,1.4661654135338347,0.05801932427316748,655,I challenge my opponent to prove he originated in our solar system.
327,340,16,36,94,146,1.4657534246575343,0.05681216809130882,655,"At first glance the earth seems impressive, but there's a darker side."
3707,340,15,38,93,146,1.4657534246575343,0.055974540033354156,655,"I always said, it’s me against the world."
573,342,11,45,88,144,1.4652777777777777,0.05299242227539223,655,I concede-the world is getting smaller.
3180,342,18,31,95,144,1.4652777777777777,0.05905990601490292,655,Oh! So now you're an expert on climate change?
4537,342,16,35,93,144,1.4652777777777777,0.05739183133721185,655,Me against the world was meant to be rhetorical
2334,345,17,26,86,129,1.4651162790697674,0.06326710598025358,655,We have still yet to see my opponent’s birth certificate.
4866,345,12,36,81,129,1.4651162790697674,0.05828470248768435,655,"As you can see, my opponent is in a world of his own."
3869,347,18,30,94,142,1.4647887323943662,0.05968482785896582,655,"You may think the world of my opponent now, 
but he will turn on you...every single day!"
4231,347,17,32,93,142,1.4647887323943662,0.05884206450905114,655,My opponent does nothing but spin!
4653,349,25,22,108,155,1.4645161290322581,0.060908785329175236,655,"Now, my opponent would have you believe she’s actually getting hotter with age."
2862,349,19,34,102,155,1.4645161290322581,0.056631767117999304,655,"What else are you hiding besides Europe, Africa,China, and India?"
1536,351,15,48,105,168,1.4642857142857142,0.05058318093809886,655,You're all over the place.
4406,351,16,33,91,140,1.4642857142857142,0.058598494736440083,655,I know the whole world is against me...
74,353,13,32,80,125,1.464,0.060688522590301615,655,I'm sorry but you are running out of time.
3116,354,18,41,107,166,1.463855421686747,0.05311856602539639,655,I would remind my opponent that his time is up.
2849,355,17,36,98,151,1.4635761589403973,0.056204321703131936,655,What world are YOU living in?
153,356,14,29,80,123,1.4634146341463414,0.06248303293813856,655,My opponent's argument only holds 70% water.
3872,356,15,27,81,123,1.4634146341463414,0.06354061241814807,655,"With all due respect, my esteemed colleague lacks real-world experience."
4638,358,15,33,88,136,1.463235294117647,0.058956141369257406,655,Don't be fooled by his promises of the sun and the moon too.
2401,358,17,29,90,136,1.463235294117647,0.060775747867871946,655,I knew Pluto. Pluto was a friend of mine. You're no Pluto.
167,360,17,35,97,149,1.4630872483221478,0.056760840625897084,655,You're not as hot as you think.
2662,361,18,26,90,134,1.462686567164179,0.06236350051593384,655,And you come up here acting like the sun revolves around you!
2930,361,15,32,87,134,1.462686567164179,0.05960321840889749,655,The World view seemed to dominate tonight's debate.
4661,361,16,30,88,134,1.462686567164179,0.0605372983815167,655,"I don't believe my opponent understands the gravity of the situation."""
3235,364,15,38,94,147,1.4625850340136055,0.055682671917499656,655,Now who's getting overheated!?
1543,365,16,42,102,160,1.4625,0.053116328371063455,655,Look. It's too big to fail.
1579,366,13,41,91,145,1.4620689655172414,0.05450991127070978,655,You just keep going in circles.
1484,367,11,51,96,158,1.4620253164556962,0.04969963473310417,655,Your lakes are great. I will accept that.
794,368,18,43,110,171,1.4619883040935673,0.051966133019145024,655,And still you deny being a globalist?
3143,369,13,34,83,130,1.4615384615384615,0.058965284101247795,655,"While my opponent clearly has a global perspective, note his bias toward the western hemisphere."
68,369,20,26,97,143,1.4615384615384615,0.06099185986898437,655,You're just going round in circles
5107,371,15,41,98,154,1.4610389610389611,0.05382659353476986,655,Our next speaker is no stranger to the world stage....
668,372,16,33,92,141,1.4609929078014185,0.0582745228189166,655,The whole world is wrong. I'm right.
1281,372,18,29,94,141,1.4609929078014185,0.05998795091482846,655,As Atlas was saying just before he shrugged...
3371,372,16,33,92,141,1.4609929078014185,0.0582745228189166,655,How can I have a meaningful debate with you when you keep turning on me?
3477,375,15,29,84,128,1.4609375,0.0616600485194048,655,"Well, I really don’t like your latitude."
3739,375,15,29,84,128,1.4609375,0.0616600485194048,655,I like planets that don’t capture greenhouse gasses!
499,377,16,38,98,152,1.4605263157894737,0.05513187945956358,655,"It's all about you, isn't it?"
563,377,13,44,95,152,1.4605263157894737,0.05270776987809122,655,Sometimes I feel as if it is me versus the world!
4833,379,14,36,89,139,1.460431654676259,0.05709597786344185,655,You are not the center of the universe!
319,379,17,30,92,139,1.460431654676259,0.059772434548448654,655,My opponent continues to go in circles.
3850,381,16,26,84,126,1.4603174603174602,0.06339675386090979,655,Do all the Democratic candidates have to be on the stage at the same time?
4155,381,13,32,81,126,1.4603174603174602,0.06031746031746031,655,My opponent obviously doesn't respect borders!
152,383,17,29,91,137,1.4598540145985401,0.060425177500889084,655,"Mars was a friend of mine. You, sir, are no Mars."
1843,383,12,39,86,137,1.4598540145985401,0.05580762529650476,655,The gravity of the situation has not escaped me!
4670,383,13,37,87,137,1.4598540145985401,0.05676119491510774,655,"Oh, I'm just warming up."
3390,386,11,35,78,124,1.4596774193548387,0.05883651349074432,655,I can see Russia from here.
140,387,18,38,105,161,1.4596273291925466,0.05431232203215507,655,Fake Planet.
5085,387,20,34,107,161,1.4596273291925466,0.055723494395363504,655,"It’s simple, just show us your earth certificate."
4773,389,18,32,98,148,1.4594594594594594,0.05782919417930752,655,I knew Pluto. Pluto was a friend of mine. And you're no Pluto.
4375,389,18,32,98,148,1.4594594594594594,0.05782919417930752,655,"And believe me, this is only the half of it."
2048,389,20,28,100,148,1.4594594594594594,0.0593975843460197,655,"Yeah, what makes you a climate expert?"
432,392,14,39,93,146,1.4589041095890412,0.055091894998681834,655,I believe you've had your turn.
151,393,19,40,111,170,1.4588235294117646,0.05283859032396379,655,Time's up.
1517,394,19,23,91,133,1.4586466165413534,0.06360413695514743,655,"I studied Venus. I knew Venus. Planet, you're no Venus."
1866,395,14,38,92,144,1.4583333333333333,0.05564047511355803,655,"AND she claims to be an expert on global warming!  But I ask, 'WHAT ARE YOUR CREDENTIALS?'"
695,396,16,39,100,155,1.4580645161290322,0.05433739164232838,655,Stop your relentless spinning and let's have a real debate!
3258,396,14,43,98,155,1.4580645161290322,0.05277288858276596,655,"Just back from a successful revolution around the sun, let’s  give it up for Earth."
1372,398,14,32,85,131,1.4580152671755726,0.059612707745975976,655,My opponent accuses me of failing to understand the gravity of the situation.
3033,399,15,35,92,142,1.4577464788732395,0.05708536879445146,655,I think I speak for everyone present today to remind you that not everything revolves around you.
121,399,17,31,94,142,1.4577464788732395,0.0588091793186457,655,"You, sir, are a globalist!"
4338,401,15,40,98,153,1.457516339869281,0.05406341123323602,655,You just keep going around and around...
4550,401,17,36,100,153,1.457516339869281,0.055631385549750584,655,"My opponent's claim of ""Real World"" experience is greatly exaggerated."
3137,403,18,39,107,164,1.4573170731707317,0.053565530240388536,655,I feel like we're just going around and around here.
274,404,15,34,91,140,1.457142857142857,0.057679901839377844,655,I can see my opponent needs a decade or two to cool down.
3247,404,16,32,92,140,1.457142857142857,0.05856403332352607,655,"Let's get this straight--contrary to what you may have thought, things don't all revolve around you!!"
1189,406,16,42,104,162,1.4567901234567902,0.05261271666690828,655,Sometimes it feels like it’s me against the world.
4612,407,11,41,86,138,1.4565217391304348,0.054540544798444876,655,Let's hear from both sides!
2811,408,18,32,99,149,1.4563758389261745,0.05752247920323625,655,"My opponent claims to be the Earth, but then what am I standing on!"
2515,409,19,35,106,160,1.45625,0.05526300396212859,655,Isn't it true that you have never produced a big bang certificate to establish once and for all that you are even a planet?
4424,410,18,26,92,136,1.4558823529411764,0.061629689548615876,655,Let me guess. America first.
4005,411,14,39,94,147,1.4557823129251701,0.05480482096994346,655,I can see Russia from this podium.
4490,412,17,43,109,169,1.455621301775148,0.05170969577825176,655,I'm gonna stop you because I feel you're just going in circles.
3835,413,14,28,81,123,1.4552845528455285,0.06243966302041344,655,"The ""Flat Earth Society"" opposes all forms of fake news and pseudo-science."
139,414,16,34,95,145,1.4551724137931035,0.05705018153438331,655,I would remind my worthy opponent that it isn't the only planet in the Solar System.
3914,415,18,35,103,156,1.455128205128205,0.05557649496163588,655,My opponent is trying to spin his way out of this question.
179,416,19,27,97,143,1.4545454545454546,0.06014467007351538,655,Atlas will be right back.
1948,416,17,31,95,143,1.4545454545454546,0.05848414508029459,655,"Well, yes, but that's a global point of view..."
5034,418,18,33,101,152,1.4539473684210527,0.05665751999606682,655,Undignified? Half an hour ago you mooned me!
4167,419,13,33,84,130,1.4538461538461538,0.05892248373102251,655,And now for a more global perspective...
4732,420,18,37,106,161,1.453416149068323,0.05428123693462277,655,"And now, who better to tell us about Earth Day than our next speaker --"
3046,421,18,32,100,150,1.4533333333333334,0.05721865644863332,655,Sometimes the whole world is against me!
3496,422,12,29,76,117,1.452991452991453,0.062485750212538146,655,What do you mean you've warned Mars about us?
3908,423,20,32,107,159,1.4528301886792452,0.056217667835482946,655,Thank you. Now we'll hear from the Flat Earth Society.
941,424,20,31,106,157,1.4522292993630572,0.05675492920106259,655,Would Atlas please return to the podium?
3591,425,16,34,96,146,1.452054794520548,0.05674378832559645,655,My opponent thinks the world of himself  . . .
460,426,13,35,87,135,1.451851851851852,0.0573204105519101,655,"""I'm appalled my opponent would say everyone is on his side."
1780,427,21,23,100,144,1.4513888888888888,0.061411351001021776,655,"When I debate, it feels like the whole world is against me."
4585,428,15,30,88,133,1.4511278195488722,0.05987204916195394,655,My opponent constantly changes his position and puts his own spin on my ideas.
1190,429,13,38,91,142,1.4507042253521127,0.05526650571145537,655,Cool it!
2985,429,16,32,94,142,1.4507042253521127,0.057914221190960236,655,Guess again. You’re getting warmer.
5180,431,14,31,86,131,1.450381679389313,0.05956757509010847,655,We all know that you're in the pocket of Big Solar.
4428,432,14,40,97,151,1.4503311258278146,0.05372544192556736,655,"Okay, I'll concede you appear more worldly."
2878,432,22,24,105,151,1.4503311258278146,0.05994017747806496,655,"Suddenly Carl found himself in the outer stratosphere, standing behind a podium on a stage of cosmic proportion, and wondering to himself “What the hell was in that chicken quesadilla?”"
1956,434,13,41,95,149,1.4496644295302012,0.05339570375980902,655,My opponent blames society for all of her problems.
248,435,13,32,84,129,1.449612403100775,0.05922754569742685,655,Let me finish; you had all day on your turn.
1995,435,16,26,87,129,1.449612403100775,0.062219564948366855,655,You've had your say for the last 4.5 billion years; it's my turn now.
3980,437,12,38,88,138,1.4492753623188406,0.055456963955581154,655,"Now, to give us a global perspective ..."
5110,437,16,30,92,138,1.4492753623188406,0.05914914151835688,655,"Until that last comment, I was warming up to you."
1767,439,16,34,97,147,1.4489795918367347,0.056440294115714836,655,You've changed.
3651,439,17,32,98,147,1.4489795918367347,0.05725988787959637,655,"Let me guess, Green party?"
4945,441,13,31,83,127,1.4488188976377954,0.05990103638832392,655,Did Atlas call in sick again?
3736,442,13,35,88,136,1.4485294117647058,0.05699429790419571,655,Do you really think you can intimidate The Flat Earth Society so easily?
2727,443,16,33,96,145,1.4482758620689655,0.05700964031097585,655,Is it getting hotter in here or is it just you?!
2325,443,11,43,91,145,1.4482758620689655,0.05264192136806661,655,I stand corrected. I guess it IS a small world after all.
40,443,20,25,100,145,1.4482758620689655,0.06027637058449148,655,Fake world
2000,443,15,35,95,145,1.4482758620689655,0.056163276683023185,655,Stop turning and pay attention!
1026,447,21,27,106,154,1.448051948051948,0.05829991606548265,655,The 2020 Presidential Debate: Donald Trump vs. the size of his ego.
3310,447,17,35,102,154,1.448051948051948,0.05531139540770839,655,I object to your characterization of humanity as a transient pestilence!
4141,449,12,32,81,125,1.448,0.05952066596921907,655,While Atlas is on his bathroom break...
3026,450,11,42,90,143,1.4475524475524475,0.053147112338474384,655,"Before you begin, I just want to say, we are glad you are here, and we are sorry for not listening."
3858,451,18,23,91,132,1.446969696969697,0.06299854958270937,655,"Ladies and gentlemen, she's mad as hell and she's not going to take it anymore... please welcome..."
1526,451,17,25,90,132,1.446969696969697,0.06207380146665064,655,"Come on, you ALL can't be running as Democratic candidates for President."
4964,453,16,31,94,141,1.446808510638298,0.05819431857820419,655,"Now, there’s no need to get heated."
1248,453,17,29,95,141,1.446808510638298,0.059058410386457566,655,Enough with your world views.
4668,453,13,37,91,141,1.446808510638298,0.0555214134096059,655,Can you explain your change in position?
307,456,19,29,102,150,1.4466666666666668,0.057956758289858246,655,I've seen no proof my opponent was born in our solar system.  I stand with the earthers!
1534,456,14,39,97,150,1.4466666666666668,0.053958859684060924,655,"Yes, yes....the Western Hemisphere....it's always the Western Hemisphere with you."
1799,458,23,25,111,159,1.4465408805031446,0.05826881717268778,655,And you have a clearly inflated world view!
1511,459,11,32,78,121,1.4462809917355373,0.05978659618239864,655,"And are you aware, Planet Earth, that 53% of American can identify you only if you are showing these two continents?"
5137,460,14,30,86,130,1.4461538461538461,0.05987617760170263,655,I served with Uranus. I knew Uranus. Uranus was a friend of mine. You're no Uranus.
5155,461,19,24,96,139,1.4460431654676258,0.061412713771948915,655,Stop. We're sorry!
2324,461,15,32,92,139,1.4460431654676258,0.05791773264393276,655,"No, it's not warm in here...it's just you."
4038,461,16,30,93,139,1.4460431654676258,0.058810952799367114,655,My opponent seems to think that the universe revolves around him
3099,464,15,36,97,148,1.445945945945946,0.055314860161754444,655,"Excuse me, you've had your 5 trillion minutes."
883,464,13,40,95,148,1.445945945945946,0.0536271985843003,655,You keep going around in circles.
1485,466,13,35,89,137,1.4452554744525548,0.05667139923565003,655,Stop! Do you remember what happened to Pluto?
3482,466,14,33,90,137,1.4452554744525548,0.057610673475339706,655,Introducing our first challenger in today’s flat earth debate.
5190,466,11,39,87,137,1.4452554744525548,0.054744525547445244,655,"Is it getting warmer in here, or is it you?"
2857,469,11,43,92,146,1.4452054794520548,0.052370200267259796,655,"And I'm speaking tonight on behalf of the sun, who couldn't make it."
3100,470,20,29,106,155,1.4451612903225806,0.057267725779087425,655,I demand to see your birth certificate!
1399,470,22,25,108,155,1.4451612903225806,0.05871257767319965,655,"Even from this far out, New Jersey still sucks."
4987,472,14,40,99,153,1.4444444444444444,0.053182909069266864,655,Today I feel like the whole world is against me.
2798,472,12,36,87,135,1.4444444444444444,0.05629687817918127,655,My opponent's term has been one disaster after another.
5219,472,17,26,92,135,1.4444444444444444,0.06100926233195492,655,Why is the whole world always against me?
4765,472,19,26,99,144,1.4444444444444444,0.05976658965268057,655,My opponent claims to be a climate change expert yet holds no degrees.
2648,472,14,32,89,135,1.4444444444444444,0.05822761485539883,655,The earth would now like to speak for itself.
896,472,15,34,95,144,1.4444444444444444,0.05642291068539017,655,My opponent has Russia in his back pocket.
4129,472,11,34,81,126,1.4444444444444444,0.058070078687743346,655,I always knew it was me against the world.
5061,479,13,45,102,160,1.44375,0.05073893828698591,655,There is a world of difference between me and my opponent.
4744,480,13,41,97,151,1.4437086092715232,0.05285304846417283,655,I feel as though the whole world is against me.
4002,481,15,33,94,142,1.443661971830986,0.05699904392727047,655,And I suppose this is when you regale all of us with your “world view”
2567,482,16,27,90,133,1.443609022556391,0.06076666509306708,655,There you go again.  All you think about is your survival.
3924,483,12,31,81,124,1.4435483870967742,0.05983456885497005,655,Let's see if my opponent can spin his way out of this one.
4696,483,13,29,82,124,1.4435483870967742,0.06092048894765744,655,"If you're there, where am I?"
2100,485,21,24,104,149,1.4429530201342282,0.05976444961087646,655,"..and now, for the council's consideration, we have Planet Earth seeking an eviction notice for 7,542,661,844 tenants on the grounds of .."
480,486,16,30,94,140,1.4428571428571428,0.058476221721544146,655,"My opponent is an unabashed globalist!"""
1211,486,12,38,90,140,1.4428571428571428,0.05484859902633758,655,"Is it hot in here, or is it just you?"
2399,486,15,32,93,140,1.4428571428571428,0.0575907421718837,655,You're putting your spin on everything.
4582,486,18,26,96,140,1.4428571428571428,0.06020812530435412,655,Can you not stop spinning for even a minute?
2566,490,15,28,88,131,1.4427480916030535,0.060493474064607484,655,And now a word on global warming from an interested party.
1623,490,11,36,84,131,1.4427480916030535,0.056477439354313284,655,Enough of your spinning!
1924,492,17,35,104,156,1.4423076923076923,0.054749889708644486,655,A thought just occurred.  Shouldn't you be orbiting the Sun right now?
1315,493,16,33,98,147,1.4421768707482994,0.05639534862252972,655,And my opponent still refuses to produce his birth certificate.
1165,494,16,29,93,138,1.4420289855072463,0.059100521781244,655,Delivering tonight's rebuttal to the presidential address...
947,494,17,27,94,138,1.4420289855072463,0.05998881727132393,655,"Excuse me, your time is up!"
2467,496,13,31,85,129,1.441860465116279,0.059172033491364434,655,"Excuse me, but you don't speak for everyone."
704,497,12,44,98,154,1.4415584415584415,0.05128599422073884,655,"Seriously? When they said I’d be debating ‘Big Blue’, I thought they meant somebody from IBM!"
2635,498,14,36,95,145,1.4413793103448276,0.05525616249067547,655,Let me begin by saying that I think the world of my opponent.
4691,498,15,34,96,145,1.4413793103448276,0.05611620918958227,655,Our speaker this evening needs no introduction.
2844,500,12,36,88,136,1.4411764705882353,0.05597687224949096,655,"Frankly, I'm surprised by your lack of gravitas."
3219,500,12,36,88,136,1.4411764705882353,0.05597687224949096,655,"My opponent will promise you the world, and, yes, technically, he can deliver on that promise."
3177,502,19,25,99,143,1.4405594405594406,0.06005872042248596,655,I'm not the one getting heated...
3228,503,9,41,84,134,1.4402985074626866,0.05350596130077557,655,I'd like to hear what the rest of the world thinks.
4942,504,17,32,101,150,1.44,0.05634664206133642,655,Hey - cool down!
2942,504,14,38,98,150,1.44,0.05391185116233202,655,"Blah blah Carbon, blah blah conservation...clearly my opponent is not interested in fixing our district’s pot-holes or making our busses run on time."
1636,504,19,28,103,150,1.44,0.0579129949908854,655,4.5 Billion years and THIS is what you’ve accomplished? I say it’s time for new leadership!
787,504,17,21,87,125,1.44,0.06465790872963897,655,"It's always ""climate change"" this, or ""global warming"" that. Do you care about anything other than yourself, ma'am?"
1703,508,14,34,93,141,1.4397163120567376,0.05637549095457093,655,Don't believe her - it's just spin!
2272,508,14,34,93,141,1.4397163120567376,0.05637549095457093,655,...and now for a more global view...
3960,508,16,30,95,141,1.4397163120567376,0.05814490713343986,655,"Why?  Why is it always me, against the World?"
1890,511,12,41,95,148,1.4391891891891893,0.052713073121341325,655,"Now, I may not be as worldly as my distinguished opponent..."
2246,511,15,35,98,148,1.4391891891891893,0.05526711561107185,655,"So explain to me again, if you’re here what am I standing on?"
3080,511,14,37,97,148,1.4391891891891893,0.05442908601667262,655,"And now, a rebuttal from the Western Hemisphere"
1051,514,14,40,101,155,1.4387096774193548,0.05264982687951972,655,"Mister speaker, I don't think you understand the gravity of your situation!"
857,515,17,23,90,130,1.4384615384615385,0.0627380106394185,655,My opponent seems to believe that the whole world revolves around him. But that hasn't been true since the sixteenth century!
5102,516,18,35,109,162,1.4382716049382716,0.05393876372984354,655,Our next speaker needs no warm up.
3351,517,14,25,82,121,1.43801652892562,0.06308479795688085,655,You're on thin ice.
24,518,13,34,90,137,1.437956204379562,0.05661606956735893,655,"You see, my opponent IS a globalist!"
4894,519,14,35,95,144,1.4375,0.05550393386451698,655,"Now, for a global view."
1021,520,15,43,109,167,1.437125748502994,0.050639735520872226,655,You look much smaller in person.
482,521,15,36,100,151,1.4370860927152318,0.054449814016144286,655,Sorry but I don’t share your worldview.
3669,521,20,26,105,151,1.4370860927152318,0.0583633733615995,655,"I knew Mother Earth, and you Sir, are no Mother Earth."
3462,523,14,31,90,135,1.4370370370370371,0.05817132908597966,655,I have to say I didn't think I would be addressing the entire world tonight.
3831,523,12,35,88,135,1.4370370370370371,0.05623866008896599,655,"In all fairness, we will hear from the dark side in about 12 hours."
1108,523,13,33,89,135,1.4370370370370371,0.05721315590068249,655,"Once again, my opponent uses circular logic."
442,526,12,28,79,119,1.4369747899159664,0.061596589106175416,655,All the stage’s a world.
2156,526,11,30,78,119,1.4369747899159664,0.060429379743778246,655,On every issue my opponent just goes round and round.
2969,528,13,43,102,158,1.4367088607594938,0.05113683365414494,655,The earth comes to us tonight by way of a generous contribution from The John D. and Catherine T. MacArthur Foundation...and viewers like you.
1551,529,18,26,98,142,1.4366197183098592,0.05951959368983573,655,"I'm sorry, but your time is up."
2659,529,16,30,96,142,1.4366197183098592,0.057816968022104384,655,"And now, we introduce the Democratic candidates for the 2020 election."
959,531,17,38,110,165,1.4363636363636363,0.05249918810543799,655,You ever get that feeling that the whole World is against you?
5211,532,17,31,101,149,1.436241610738255,0.05659975570939993,655,Don't misunderstand the gravity of my opponent's position
4547,532,15,35,99,149,1.436241610738255,0.054974020257111816,655,Your response is all spin and 71% watered down
5050,534,10,38,85,133,1.4360902255639099,0.05479240993258874,655,Stop spinning!
3878,534,17,24,92,133,1.4360902255639099,0.0616413526140534,655,"As you can plainly see, it’s flat."
612,534,15,28,90,133,1.4360902255639099,0.05976465526533703,655,Stop right there....you’re just going round and round and round. What’s your point?
4144,537,13,35,92,140,1.4357142857142857,0.05572166393815257,655,It's quite obvious that you are living in your own little world.
652,538,18,35,110,163,1.4355828220858895,0.053674218636754006,655,My able opponent has a different world view than I do.
2911,539,15,34,98,147,1.435374149659864,0.05551163842680124,655,You think you're the center of the universe!
2937,540,15,37,102,154,1.4350649350649352,0.05366250331841755,655,And who are you to tell us that global warming is real!?
3688,540,16,35,103,154,1.4350649350649352,0.05444765100739231,655,"Hey, you need to cool down."
1425,542,17,26,95,138,1.434782608695652,0.059934483905871756,655,"I have a planet, too...and it's bigger than you. So big. Really big."
2010,542,11,38,89,138,1.434782608695652,0.05438219583909082,655,I'm not interested in your world view!
4325,544,18,27,100,145,1.4344827586206896,0.0585699577636656,655,Wow...it IS a small world!
1216,545,14,38,100,152,1.4342105263157894,0.053356372253498784,655,I think it’s really insensitive of you to refer to Pluto as a “dwarf.”  It prefers the term “little planet”.
606,546,9,41,86,136,1.4338235294117647,0.052913179476835576,655,"Yes, you finally have our attention."
265,547,12,28,80,120,1.4333333333333333,0.061189576991507524,655,"Yeah, well - that's just Earth's opinion, and as you can see she is only offering one side of the story."
296,547,13,26,81,120,1.4333333333333333,0.06232351365904036,655,Just hold on a minute. You don't speak for everyone.
1999,549,15,38,104,157,1.4331210191082802,0.05290351670625326,655,"Just because you're worldly, doesn't mean the sun rises and sets on you."
2026,549,16,36,105,157,1.4331210191082802,0.05366974377819336,655,Stop! You don’t have the latitude to discuss this topic.
1397,551,11,39,91,141,1.4326241134751774,0.053551634542835694,655,Our next guest needs no introduction...
689,552,13,28,84,125,1.432,0.06046699979754354,655,"My opponent engages in nightly dalliances with a celestial body!"""
2475,553,12,33,87,132,1.4318181818181819,0.05710372385870577,655,"Once again, it's me versus the world."
4421,554,13,34,92,139,1.4316546762589928,0.05597484401561316,655,And now what am I bid for Lake Erie?
542,555,17,29,100,146,1.4315068493150684,0.057426738974346386,655,Who wants a candidate you can walk all over?
294,555,18,27,101,146,1.4315068493150684,0.05824348599214572,655,"I am not for political purposes going to exploit my opponent's advanced age and vast experience."""
686,557,18,33,109,160,1.43125,0.05438469063506473,655,"Stop right there. I've got a Masters in Oceanography, a Doctorate in Environmental Management and Social Sustainability and I belong to 8 political action groups. What the hell could you possible have to tell me that I don't already know?"
3403,557,13,43,104,160,1.43125,0.050642006422192715,655,I don't care how you spin it....
3154,559,14,25,84,123,1.4308943089430894,0.06225717944551251,655,"My opponent, here, is notorious for putting a spin on the position."
825,560,13,30,87,130,1.4307692307692308,0.05874706659948485,655,Why do you think it's always about you?
4572,560,9,38,83,130,1.4307692307692308,0.054536001838573156,655,I believe in America First unlike my opponent who is a global elitist.
1320,562,13,33,91,137,1.4306569343065694,0.0565537589858253,655,I knew Jupiter. Jupiter was a friend of mine.
2204,562,14,31,92,137,1.4306569343065694,0.05749495510375315,655,"My opponent claims he's ""too big to fail"", but..."
663,564,13,36,95,144,1.4305555555555556,0.05456330285842935,655,"And I represent all of you who feel like, ""it's me against the world!"""
1655,564,15,32,97,144,1.4305555555555556,0.056315221859377235,655,There's no need to get overheated...
3868,566,13,29,86,128,1.4296875,0.059405264510189584,655,Our next guest here is an expert on Global Warming.
664,567,9,40,86,135,1.4296296296296296,0.05313888760058297,655,There she goes again - blaming the rest of us for her made up problems.
3253,568,15,34,100,149,1.429530201342282,0.05491863080198219,655,I may not be as worldly as my opponent ...
1196,569,18,31,107,156,1.4294871794871795,0.055404505052215884,655,"It's obvious that my opponent does not believe, and has never believed, in 'America First.'"
1262,569,19,29,108,156,1.4294871794871795,0.05614598975901848,655,"I believe you're trying to change the tropic, sir."
1126,571,15,40,108,163,1.4294478527607362,0.05146444741152521,655,You clearly don't understand the gravity of the situation.
4138,572,17,26,97,140,1.4285714285714286,0.059237061972088126,655,"Don't believe my opponent's whines about feeling too hot. Only 11,000 years ago he was complaining about the cold."
3963,572,12,30,84,126,1.4285714285714286,0.05901688908506539,655,Tonight’s celebrated speaker is now the hottest he’s ever been.
3943,572,15,36,103,154,1.4285714285714286,0.05360855177540852,655,"I want you to know that I will not make age an issue in this campaign."""
2495,572,14,29,90,133,1.4285714285714286,0.058738266073418616,655,"... and unlike my opponent, I am not a globalist!"
2873,572,10,34,82,126,1.4285714285714286,0.056824510057814456,655,"As for my opponent, can you trust what doesn't stop spinning?"
1768,572,16,28,96,140,1.4285714285714286,0.058363126956719864,655,"Mind you, I think the world of my opponent...."
1621,572,17,41,117,175,1.4285714285714286,0.050239865648693566,655,"Okay, I'm willing to concede that it's round."
1090,572,12,39,96,147,1.4285714285714286,0.05287380072840038,655,Everyone should know there is another side of you that is VERY different.
232,572,17,35,109,161,1.4285714285714286,0.05338996180271602,655,It's always been me against the world.
22,581,16,33,103,152,1.4276315789473684,0.054910470625043145,655,You simply don't understand the gravity of the situation!
2809,581,14,37,101,152,1.4276315789473684,0.05329993464144561,655,"Cool down, lady."
5130,581,12,41,99,152,1.4276315789473684,0.051639193267333496,655,My opponent continuously changes her position!
4485,584,13,36,96,145,1.4275862068965517,0.054266996018909774,655,And now for a world view.
4281,584,9,44,92,145,1.4275862068965517,0.05061388242828505,655,That's clearly just spin.
254,584,15,32,98,145,1.4275862068965517,0.056004265356688884,655,"Atlas shrugged, but Dave pontificated."
113,587,14,22,81,117,1.4273504273504274,0.06459677843133924,655,Point well taken Mother.
1329,588,18,31,108,157,1.4267515923566878,0.055118405985929694,655,Sometimes it feels like the whole world is against me.
4667,589,16,29,98,143,1.4265734265734267,0.057432431953364615,655,"I knew Pangea.  You, Sir, are no Pangea."
5146,590,10,38,88,136,1.4264705882352942,0.053862118147822456,655,"You make a strong argument, but the Flat Earth Society remains unconvinced."
5234,590,13,32,91,136,1.4264705882352942,0.056814832191874866,655,I'd like to motion to limit the scope of this debate.
2080,592,13,29,87,129,1.426356589147287,0.05903700082065044,655,"Now, see, my opponent is getting a little heated."
1135,592,14,27,88,129,1.426356589147287,0.0600540714432022,655,"Sure, my opponent has more than 4.5 billion years of experience, but does anyone really believe she stands a chance against the incumbent in 2020?"
3683,592,12,31,86,129,1.426356589147287,0.05800209853867125,655,We should have opening remarks from Australia in but a few hours.
259,592,12,31,86,129,1.426356589147287,0.05800209853867125,655,Allow me to address the elephant in the room.
795,592,14,27,88,129,1.426356589147287,0.0600540714432022,655,"And finally, our guest speaker to tell us how it all ends."
1929,597,11,30,81,122,1.4262295081967213,0.05925751222673933,655,"Clear enough, but there is a dark side we have to take into account."
4050,598,15,39,108,162,1.4259259259259258,0.051661717191749765,655,I don't CARE what the whole world is saying!
218,599,14,35,99,148,1.4256756756756757,0.0543148470702512,655,"As you can see, the entire world has taken a different position than the U.S. on global warming"
566,599,17,29,102,148,1.4256756756756757,0.056796906626474644,655,"And, yes, I say that 7 trillion people can be wrong!"
3206,601,15,30,96,141,1.425531914893617,0.057147707224812064,655,"Is that the Yucatán Peninsula, or are you just happy to see me?"
4183,602,13,31,90,134,1.4253731343283582,0.05741686907724766,655,Sometimes it feels like it's just me against the world.
4692,602,12,33,89,134,1.4253731343283582,0.05643116163964509,655,Is it hot in here? Or is it just me?
1550,604,11,32,84,127,1.4251968503937007,0.057572096640927585,655,Who you gonna believe; me or the World?
1447,605,17,37,113,167,1.4251497005988023,0.05194936407711763,655,Who are you to tell me about global warming?
2785,606,16,36,108,160,1.425,0.05286597507617464,655,I humbly submit that what the planet is saying is just one opinion.
2793,606,12,44,104,160,1.425,0.04980307131040902,655,"Once my opponent turns on you, you’re gonna see a whole different side."
3340,606,17,34,109,160,1.425,0.05360436244333082,655,Enough already with the global perspective!
3255,609,16,30,100,146,1.4246575342465753,0.056538152821391324,655,"Excuse me, but I believe your 4.5 billion years is up"
4134,609,15,32,99,146,1.4246575342465753,0.05569640395183013,655,Go ahead!  Try to deny you're a globalist!
310,611,10,39,90,139,1.4244604316546763,0.05303667487586228,655,My opponent would have you believe he represents the global perspective.
3818,612,17,39,116,172,1.4244186046511629,0.05083868946655726,655,What’s the world view on this.
5068,613,12,43,103,158,1.4240506329113924,0.05023070519165849,655,"Relax, you don’t need to get so heated."
1860,614,14,36,101,151,1.423841059602649,0.053518238596682255,655,"and furthermore, my opponent is unabashedly a staunch globalist!"
3378,614,13,38,100,151,1.423841059602649,0.052686826073894966,655,"You've made several billion good points, but now it's my turn."
2328,616,14,33,97,144,1.4236111111111112,0.05538228126046944,655,It gives me great pleasure to introduce the definitive expert on climate change.
914,616,15,31,98,144,1.4236111111111112,0.056252308172543834,655,I don't care what the rest of the world thinks!
502,618,12,34,91,137,1.4233576642335766,0.055526122238843824,655,"As usual, you're playing the science, evidence, and human race cards."
2356,618,16,26,95,137,1.4233576642335766,0.05926650891275887,655,"Don't believe my opponent. She has changed the climate of this debate, and given it her own spin."
2988,618,14,30,93,137,1.4233576642335766,0.05742677654887637,655,"And I'm just getting warmed up."""
3005,618,10,38,89,137,1.4233576642335766,0.05355806042951403,655,Can we at least agree it’s a global issue?
3087,618,11,36,90,137,1.4233576642335766,0.05455096739680472,655,It’s obvious my opponent has an inflated world-view.
4958,623,19,31,113,163,1.4233128834355828,0.05427683500312034,655,Don't trust him. He's got a dark side.
183,624,13,40,103,156,1.4230769230769231,0.0514781198057127,655,"Please, one continent at a time."
1469,624,16,34,106,156,1.4230769230769231,0.05383433640853844,655,Oh great. Now I've got the weight of the world against me.
4048,626,14,35,100,149,1.4228187919463087,0.05402467680723152,655,"While my opponent is heating up, I have remained cool and calm."
2496,626,6,51,92,149,1.4228187919463087,0.046830630271096935,655,Your argument has as many holes as your ozone layer.
285,628,11,38,93,142,1.4225352112676057,0.05319099694333408,655,"As you can see, my opponent is a huge globalist."
2537,628,15,30,97,142,1.4225352112676057,0.056822905938485414,655,Our next speaker will help illustrate the gravity of the situation.
4880,628,12,36,94,142,1.4225352112676057,0.05412182809821581,655,"Though the world is against me, I stand by my convictions!"
5116,628,7,46,89,142,1.4225352112676057,0.04929220701447228,655,My opponent is a spin artist
2051,632,18,32,111,161,1.4223602484472049,0.05405868070040127,655,And our next speaker needs no introduction...
3486,632,15,38,108,161,1.4223602484472049,0.051859634634362314,655,. . .now if we zoom in you can see my house. . .
1772,634,13,31,91,135,1.4222222222222223,0.057077010681468004,655,"I understand the whole world is against me, but..."
4733,634,15,27,93,135,1.4222222222222223,0.0589822158566419,655,It’s not such a small world after all.
1119,634,11,35,89,135,1.4222222222222223,0.05510597525954264,655,Are you really going to play the climate change card?
78,637,13,36,98,147,1.4217687074829932,0.05368289778752647,655,What proof do we have that your policies will be good for the planet?
2361,637,16,30,101,147,1.4217687074829932,0.05622648304146964,655,"Sir, I served with Mars. I knew Mars. Mars was a friend of mine. Sir, you're no Mars!"
892,639,14,31,95,140,1.4214285714285715,0.056506606897863514,655,"Yes, I agree it's a little warm in here, but it isn't always about YOU!"
2916,639,10,39,91,140,1.4214285714285715,0.05274369091592325,655,I will stop my emissions when she agrees to stop her eruptions!
4826,641,16,32,104,152,1.4210526315789473,0.054850406363165606,655,My opponent continues to deny the gravity of the situation.
2782,642,12,37,96,145,1.4206896551724137,0.05330905115082865,655,It seems my esteemed opponent is going around in circles.
1477,642,13,35,97,145,1.4206896551724137,0.05420000346139004,655,It appears you don't understand the gravity of your situation
1572,642,17,27,101,145,1.4206896551724137,0.05762622786255231,655,"I know Pluto. I served with Pluto. I was friends with Pluto. You, sir, are no Pluto."
4081,645,14,25,87,126,1.4206349206349207,0.06105233207009193,655,I think we all need to be concerned about my opponent’s health and longevity.
4165,646,18,30,109,157,1.4203821656050954,0.05506175807169703,655,"My opponent may have produced diamonds and sunsets, but how many barbecues in Iowa has he attended?"
1587,647,14,30,94,138,1.4202898550724639,0.05709160544735722,655,"If you truly are older than 4000 years, why do you not produce your birth certificate?"
919,648,17,29,104,150,1.42,0.05617964155527911,655,You know you don’t stand a chance of making it through the next four years.
2706,648,13,37,100,150,1.42,0.052898112355997555,655,"Hang on, ladies and gentlemen, I feel the world closing in on me."
174,650,10,27,75,112,1.4196428571428572,0.061667092145836676,655,"I know Jupiter. Jupiter is a friend of mine. You, Sir, are no Jupiter.”"
934,651,13,34,96,143,1.4195804195804196,0.0547305096122606,655,"Hold on, just cool down!"
1895,652,15,35,105,155,1.4193548387096775,0.05327244024804971,655,And up there on the left is where Hawaii used to be.
3659,653,12,33,91,136,1.4191176470588236,0.05577259603319027,655,I was right all along! The whole world really is against me!
4998,654,15,32,101,148,1.4189189189189189,0.05508981911409135,655,Welcome our next guest on her farewell world tour.
2089,655,18,31,111,160,1.41875,0.05427616532734705,655,My opponent is obviously a Globalist....
1575,656,10,39,92,141,1.4184397163120568,0.05245350946695204,655,My esteemed opponent keeps going in circles.
457,656,11,37,93,141,1.4184397163120568,0.05341055867516596,655,Can somebody from tech get up here to raise the microphone please?
2500,656,17,25,99,141,1.4184397163120568,0.058826783981071544,655,"And so my opponent wants you to 
believe, in six days with one day of rest...."
268,659,10,44,99,153,1.4183006535947713,0.04960662168271359,655,Hot or cold. Day or night. My opponent can't seem to make up her mind.
951,659,14,36,103,153,1.4183006535947713,0.052960496247617304,655,I'm glad you finally came around!
819,661,14,28,92,134,1.4179104477611941,0.05831058463439319,655,I disagree! Seven billion people can be wrong.
1078,662,17,24,98,139,1.4172661870503598,0.05945156552232163,655,"Mother Earth, please do not interrupt when men are speaking."
3631,662,16,26,97,139,1.4172661870503598,0.05856811614265555,655,It's me against the world! But I will prevail in this election!
3967,662,15,28,96,139,1.4172661870503598,0.05767113501522471,655,"My opponent is wet, dry, hot, cold...what are we to believe"
1331,665,15,33,103,151,1.4172185430463575,0.05427232118820629,655,"Sit down dear, men are talking."
3171,665,7,49,95,151,1.4172185430463575,0.04731895054997955,655,"You may THINK globally, but do you act locally?"
171,667,15,30,99,144,1.4166666666666667,0.05618332187193684,655,My opponent seems to think he revolves around himself.
1820,667,14,42,112,168,1.4166666666666667,0.04953207526817938,655,That's your 4 billion opinions.
3222,667,16,33,107,156,1.4166666666666667,0.05377274526601388,655,My opponent denies it but he is obviously a blatant globalist.
1159,670,14,39,108,161,1.4161490683229814,0.05104422498769798,655,You don’t have a leg to stand on.
5045,671,18,26,105,149,1.4161073825503356,0.057220104137590856,655,"First of all,my opponent thinks the world of himself."
3617,671,17,28,104,149,1.4161073825503356,0.05642203112215597,655,My worthy opponent actually embodies everything that’s wrong with the world.
1473,673,15,27,95,137,1.416058394160584,0.05827999789296098,655,Let’s not forget that what you’ve heard from my opponent on climate change is nothing more than one planet’s opinion.
1634,673,12,33,92,137,1.416058394160584,0.05544845835130325,655,My opponent can’t hide the fact that he’s a globalist.
3176,673,12,33,92,137,1.416058394160584,0.05544845835130325,655,"Given how we're treating the world, it seemed only fair to give it a chance to talk back."
4887,676,18,28,108,154,1.4155844155844155,0.0558148340950583,655,You do not revolve around you.
1143,677,12,35,95,142,1.4154929577464788,0.05404704047221921,655,I'm not as worldly as my opponent....
3173,678,17,22,96,135,1.4148148148148147,0.06075368277497684,655,"Before we get started, are you okay with the temperature in here?"
3084,679,14,35,103,152,1.4144736842105263,0.05317070943551488,655,I will deal in specifics.  My opponent offers only global generalities.
3557,680,14,30,96,140,1.4142857142857144,0.05643185622765291,655,We still haven't seen a birth certificate!
3432,680,12,34,94,140,1.4142857142857144,0.054580257891117305,655,You don’t have a point.
1778,680,14,30,96,140,1.4142857142857144,0.05643185622765291,655,...and that's where our ancestors lived before that planet became uninhabitable...
123,680,15,28,97,140,1.4142857142857144,0.05733523628814393,655,The audience is tiring of your so-called world view.
3281,680,14,30,96,140,1.4142857142857144,0.05643185622765291,655,"If you can’t stand the heat, get out of the solar system!”"
3569,685,11,43,103,157,1.414012738853503,0.04953201369947883,655,"Unlike my opponent, I'm not a master of spin."
1755,686,14,32,99,145,1.4137931034482758,0.05500453385749608,655,"Come on. Everyone knows you were born in a galaxy far, far, away."
4158,686,12,36,97,145,1.4137931034482758,0.05323464908923867,655,My opponent has a history.
3090,688,13,29,91,133,1.413533834586466,0.05760447189364192,655,"And now, for a global point of view..."
983,689,13,36,101,150,1.4133333333333333,0.05282757962728048,655,It doesn’t matter that the whole world is against me.  Literally.
1727,689,13,36,101,150,1.4133333333333333,0.05282757962728048,655,Sigh... Sometimes I feel like the world is against me.
1700,691,13,31,94,138,1.4130434782608696,0.05607895635791821,655,You and who else?
4939,691,9,39,90,138,1.4130434782608696,0.05216994589804855,655,"I tell it to you straight,while all my opponent does is spin."
204,691,10,37,91,138,1.4130434782608696,0.053174145764669396,655,Please stop. Your gravitational pull is influencing my position.
3677,691,13,31,94,138,1.4130434782608696,0.05607895635791821,655,Do you ever get the feeling that the whole world is against you?
3827,695,16,32,107,155,1.4129032258064516,0.053988079782720085,655,"So, you think you can be all things to all people?"
1163,696,16,27,100,143,1.4125874125874125,0.05729435137571423,655,And our Geography Bee winner is......
486,696,15,29,99,143,1.4125874125874125,0.05642826989483438,655,Is it getting hot in here or is it just me?
1048,696,12,35,96,143,1.4125874125874125,0.053746353128427855,655,You're obviously a big globalist!
3656,696,10,39,94,143,1.4125874125874125,0.05188144525865289,655,You see! Spoken like a true globalist.
4307,700,14,33,101,148,1.412162162162162,0.05417744236718903,655,I know about Jupiter - and you're no Jupiter.
3401,701,9,38,89,136,1.411764705882353,0.05267422407440206,655,My opponent keeps changing position.
4030,701,13,30,93,136,1.411764705882353,0.05665954226196035,655,"My opponent may look like America now, but spin him around and you’ll see Iran and China!"
1456,701,17,22,97,136,1.411764705882353,0.06038239459336988,655,To say our next speaker is 'worldly' would be an understatement
4988,704,16,40,119,175,1.4114285714285715,0.049422657846467155,655,My opponent and I are a world apart.
475,705,18,22,101,141,1.4113475177304964,0.059609436352909856,655,A surprise speaker at the flat-Earth convention
4543,706,14,23,87,124,1.4112903225806452,0.06167954456251675,655,I will not make age an issue in this campaign!
1133,707,15,37,111,163,1.4110429447852761,0.051288082633883236,655,"My opponent perhaps, has a different world view."
4974,708,17,26,103,146,1.4109589041095891,0.0572320380237721,655,You do Not speak for the entire planet!
1337,709,12,29,88,129,1.4108527131782946,0.05783187329990998,655,"Look, there are only two.  Seven continents is only a theory."
1463,709,10,33,86,129,1.4108527131782946,0.055698092493022926,655,My opponent seems to believe he's somewhat of an authority on the subject of global warming.
5080,709,13,27,89,129,1.4108527131782946,0.05886976813598464,655,Who made you an authority on global warming!
4230,712,12,38,101,151,1.4105960264900663,0.051700891473399076,655,"I asked for something specific, not Pacific."
4000,712,10,42,99,151,1.4105960264900663,0.04996380427512586,655,"And now, the World's view"
816,712,14,34,103,151,1.4105960264900663,0.05338148200120799,655,"My opponent may be more worldly than I, but I speak for the common man."
1952,712,15,32,104,151,1.4105960264900663,0.05420224018798342,655,And now speaking in favor of globalism....
4619,716,12,31,91,134,1.4104477611940298,0.05626767886841378,655,We've invited a special guest to talk about climate change...
4741,716,11,33,90,134,1.4104477611940298,0.05526147694918125,655,No one told me it was me versus the entire world!
5099,716,11,33,90,134,1.4104477611940298,0.05526147694918125,655,"As for the flip -flopping accusation, my opponent changes position by the minute."
4184,719,18,28,110,156,1.4102564102564104,0.05522477931842558,655,"And for all you climate skeptics out there, please welcome our next guest."
15,719,13,38,105,156,1.4102564102564104,0.051344048545813405,655,My opponent's stance is all over the map!
2276,719,12,40,104,156,1.4102564102564104,0.05053215149917972,655,My opponent is simply trying to put his usual spin on things.
4828,722,12,33,94,139,1.410071942446043,0.054810266609972805,655,......  AND  my opponent would have you believe that climate change has affected him personally!
3121,722,13,31,95,139,1.410071942446043,0.05575329353869251,655,"I fear my opponent's ego hinders his judgement, as he obviously thinks the world of himself."
1486,724,15,29,100,144,1.4097222222222223,0.056108240558329095,655,"Let me finish, I waited  while the 7.53 billion of you spoke."
2406,724,10,39,95,144,1.4097222222222223,0.05159950748724101,655,Could you be any more Pacific?
1775,726,17,34,115,166,1.4096385542168675,0.05202878493647681,655,Hot and bothered are we?
2619,727,14,33,102,149,1.4093959731543624,0.053883656789081566,655,Your arguments are all circular!
3676,727,11,39,99,149,1.4093959731543624,0.05129682547937954,655,My opponent claims to know something about world opinion.
4930,727,13,35,101,149,1.4093959731543624,0.053035400888428584,655,"Admittedly, the Green Party's candidate is strong this year."
926,730,15,33,106,154,1.4090909090909092,0.053415422853909385,655,I think it's time we rotate and let Uganda have a turn to speak.
2286,730,10,34,88,132,1.4090909090909092,0.05478972215879936,655,I think the world of our next speaker...
2312,732,12,32,93,137,1.4087591240875912,0.055363609857293425,655,Stop trying to spin this!
4624,733,12,34,96,142,1.408450704225352,0.053965632020418146,655,What on earth am I debating?
3267,733,12,34,96,142,1.408450704225352,0.053965632020418146,655,Look! Nobody cares what you think!
2742,733,13,32,97,142,1.408450704225352,0.05488332679630697,655,It is very 'inconvenient' for you to appear for Mr. Gore at this debate.
570,733,16,26,100,142,1.408450704225352,0.057548674379444796,655,"And, yes, I say 7 billion people can be wrong."
1770,733,15,28,99,142,1.408450704225352,0.05667415462064096,655,You don't look that hot to me.
925,733,13,32,97,142,1.408450704225352,0.05488332679630697,655,"My opponent, an aging, bloated, ball of gas, cannot be taken seriously."
2626,733,14,30,98,142,1.408450704225352,0.05578592726752216,655,"Unlike my opponent, I will never take certain latitudes."
2918,740,13,34,100,147,1.4081632653061225,0.05353508403214995,655,Don't you turn away when I'm talking to you!
997,740,19,22,106,147,1.4081632653061225,0.05852463569320765,655,"Thank you, President Trump.  And now for the opposing view on climate."
4790,740,17,26,104,147,1.4081632653061225,0.0569100787452589,655,I'm not going to stand here debating whether climate change is real with the whole world watching..
874,743,14,23,88,125,1.408,0.06127252712794831,655,"My opponent says I'm a nationalist.  Well, I say he's a globalist!"
3687,744,14,34,104,152,1.4078947368421053,0.05309788205042729,655,And now a few words about climate change from a victim.
92,744,15,32,105,152,1.4078947368421053,0.053912182797413846,655,My opponent doesn’t speak for everyone.
1706,744,14,34,104,152,1.4078947368421053,0.05309788205042729,655,Our next speaker means the world to me.
672,747,13,27,90,130,1.4076923076923078,0.05850059894617049,655,"And the title of tonight's debate is, 'Me Against the World'."
2009,747,15,23,92,130,1.4076923076923078,0.06050488613173659,655,It seems clear that my opponent is uncomfortable on the world stage.
440,749,13,29,93,135,1.4074074074074074,0.056911767557240436,655,Sometimes I feel like the entire world is against me!
3732,749,13,40,109,162,1.4074074074074074,0.049963989452123415,655,"My opponent seems stable on the outside, however on the inside she is toxic, unpredictable, and frankly dangerous."
233,751,11,35,94,140,1.4071428571428573,0.05354487180056181,655,"Sorry to cut you off, Earth, but if we're going to debate the climate change issue, we can't resort to anecdotal evidence."
2346,751,16,25,99,140,1.4071428571428573,0.05814574714226861,655,"Cool it, Mother."
2375,753,9,28,76,113,1.407079646017699,0.059810552342825556,655,"I would like to present our guest speaker, an expert on global warming, and..."
3413,754,20,19,106,145,1.4068965517241379,0.059930157086109014,655,Any last questions for Earth?
1024,754,12,35,98,145,1.4068965517241379,0.05315392933228443,655,Either admit you're beholden to a powerful star or denounce the geocentric model once and for all.
3218,756,12,26,85,123,1.4065040650406504,0.059807098471559364,655,"My opponent is, obviously, an unabashed globalist"
1370,757,11,41,103,155,1.4064516129032258,0.0498819504575071,655,"And now, straight from an engagement at the Globe Theater, ..."
1581,757,14,35,106,155,1.4064516129032258,0.05234090678550874,655,"By now, it should be clear that my opponent relies on circular reasoning."
4296,757,16,31,108,155,1.4064516129032258,0.05391794584599884,655,"And you are nothing but a Globalist, sir!"
5232,757,15,33,107,155,1.4064516129032258,0.05313527739356114,655,"Here to explain how she just keeps getting hotter every year, ladies  and gentlemen, I present Mother Earth."
842,761,9,34,85,128,1.40625,0.054832309681786796,655,"That's not the right answer, but you're getting warmer."
2543,762,11,32,90,133,1.406015037593985,0.05549913735857893,655,...and here to tell us their thoughts on global warming ...
1085,763,14,41,115,170,1.4058823529411764,0.04900475468207153,655,"And may I present our next speaker, who is no stranger to globalist thinking"".."
4366,764,14,30,99,143,1.4055944055944056,0.05546803289175795,655,"We're happy to have one of the hottest new speakers for you tonight, a leading authority in the debate on global warming."
2342,764,13,32,98,143,1.4055944055944056,0.0545729751492587,655,"Oh please, stop it! You are not!
The air conditioning is on ""high"" and frankly,
I'm very comfortable."
217,764,13,32,98,143,1.4055944055944056,0.0545729751492587,655,"Don't let yourselves be fooled by my opponent's down-home Earthy charm, she's a globalist!"
1302,767,16,28,104,148,1.4054054054054055,0.05577335567572832,655,"Whaddayamean, “Earth Day’s not enough?”"
2123,767,12,21,78,111,1.4054054054054055,0.06447466584140558,655,The whole world is against me!
2906,767,10,40,98,148,1.4054054054054055,0.05058750066160501,655,Would you care to put your spin on this?
4055,767,15,30,103,148,1.4054054054054055,0.05494304814964365,655,"My opponent, on the other hand, can't go anywhere without everyone."
4609,767,10,40,98,148,1.4054054054054055,0.05058750066160501,655,"At times like this, I feel like it's just me against the world."
1112,772,9,44,100,153,1.4052287581699345,0.048576138726631274,655,Some days I feel like it’s me against the world.
467,773,14,36,108,158,1.4050632911392404,0.051611126237383294,655,"Even if 'parasite' is technically correct, I still object to your characterization of my existence."
2999,773,14,36,108,158,1.4050632911392404,0.051611126237383294,655,And now Mother Earth will explain why we're screwed.
521,775,11,31,89,131,1.4045801526717556,0.05607920113783887,655,"I can’t promise you the world like my opponent here, but…"
2094,775,11,31,89,131,1.4045801526717556,0.05607920113783887,655,I didn't know this was a global debate!
4931,775,12,29,90,131,1.4045801526717556,0.05711669293958194,655,But I say all politics are local!
3130,778,16,25,100,141,1.4042553191489362,0.05780406008346873,655,My opponent will not stop spinning.
826,778,14,29,98,141,1.4042553191489362,0.0560238798812241,655,The world does not revolve around you.
2245,778,12,33,96,141,1.4042553191489362,0.05418524588629629,655,"I knew Planet Earth, sir,
 and you are no Planet Earth!"
3277,778,12,33,96,141,1.4042553191489362,0.05418524588629629,655,Our next speaker is a Globalist.
4531,782,13,33,100,146,1.404109589041096,0.053748277975106694,655,How dare you pretend to speak for Mars!
4781,782,18,23,105,146,1.404109589041096,0.0579762360087057,655,And now for the opposing view on climate change...
4492,782,11,37,98,146,1.404109589041096,0.05196085798666356,655,There is no planet B.
3637,782,13,33,100,146,1.404109589041096,0.053748277975106694,655,My opponent is too old to be President of the United States
3740,782,12,35,99,146,1.404109589041096,0.05286212324528574,655,"And furthermore, I assert that your so-called ""global perspective"" is nothing more than narcissism."
2047,782,11,37,98,146,1.404109589041096,0.05196085798666356,655,"When the organizer said “you against the world,” I thought it was just a figure of speech."
2392,788,16,29,106,151,1.403973509933775,0.054936292982986856,655,Apparently you are not too big to fail
2768,788,15,31,105,151,1.403973509933775,0.05412666686543721,655,"And, finally, my opponent is only 70% water!"
4053,788,16,29,106,151,1.403973509933775,0.054936292982986856,655,"Senator, I served with Earth. I knew Earth. Earth was a friend of mine. Senator, you're no Earth."
4122,788,15,31,105,151,1.403973509933775,0.05412666686543721,655,World. The stage is yours.
4910,792,18,33,120,171,1.4035087719298245,0.05151902896274935,655,"No no no...listen, I'll tell you exactly what the world needs!"
4632,793,11,28,85,124,1.403225806451613,0.058299347379644234,655,"Hey, if you're here, where am I?"
2865,794,8,38,88,134,1.4029850746268657,0.0520259542898587,655,Now let's hear from the  rest of the world!
255,794,11,32,91,134,1.4029850746268657,0.05516667899803839,655,But my opponent here understands nothing on the local level.
277,796,9,38,92,139,1.4028776978417266,0.051784367661162824,655,Globalist!
984,796,14,28,97,139,1.4028776978417266,0.0565945475010009,655,Apparently Atlas shrugged.
2547,796,10,36,93,139,1.4028776978417266,0.05278148490353221,655,Seriously?.... What do you know about climate change?
4722,796,7,42,90,139,1.4028776978417266,0.049730191081031064,655,"Regrettably, my opponent can't seem to keep his cool."
2903,800,16,26,102,144,1.4027777777777777,0.05688720662698201,655,Excuse me.  It's not your turn.
3603,800,17,24,103,144,1.4027777777777777,0.05773455962373007,655,"If my opponent claims to be a centrist, why is she spinning left?"
3385,802,17,26,106,149,1.4026845637583893,0.05627620262574823,655,Once again its me against the world.
735,802,15,30,104,149,1.4026845637583893,0.05464084130794347,655,...and now for the global viewpoint ...
2437,804,15,32,107,154,1.4025974025974026,0.05334055887478734,655,My opponent would have you believe that it's own well-being is more important than a strong business environment!
4521,804,13,36,105,154,1.4025974025974026,0.051724755634293976,655,Let's hear your thoughts on some local issues.
866,806,14,38,112,164,1.4024390243902438,0.05022730927763135,655,"As I have said over and over, ""It is me against the world!"""
1404,807,10,31,86,127,1.4015748031496063,0.056187949591088686,655,"So what you are saying is its just water weight?"""
730,808,12,29,91,132,1.4015151515151516,0.05676514603930256,655,"And now, on the world stage, is someone who needs no introduction."
4574,808,13,27,92,132,1.4015151515151516,0.05777492731165725,655,Can you state unequivocally that you are not flat?
56,810,10,37,95,142,1.4014084507042253,0.051990504918024816,655,Every 24 hours you flip-flop.
2171,810,11,35,96,142,1.4014084507042253,0.052942447265858505,655,"There you again, saying you speak for the entire world!"
4581,810,12,33,97,142,1.4014084507042253,0.05387757273082423,655,"Now folks, my opponent seems to think this election is ALL about her..."
128,813,15,29,103,147,1.401360544217687,0.05516798073828635,655,"What is your response to recent accusations that you are, in fact, flat?"
2168,813,14,31,102,147,1.401360544217687,0.054316831080470626,655,I think your time's up.
4394,813,16,27,104,147,1.401360544217687,0.05600619661122764,655,"Atlas shrugged, and then left"
82,816,14,33,105,152,1.4013157894736843,0.05301954861952767,655,"My opponent promises the moon, but does he deliver?"
890,816,15,31,106,152,1.4013157894736843,0.053835034239416386,655,"Oh sure, you CLAIM to be speaking for the whole world..."
1381,816,12,37,103,152,1.4013157894736843,0.05134973986630415,655,"I, too, am only just warming up!"
2376,819,15,35,112,162,1.4012345679012346,0.05140453218578409,655,"And now, the Earth speaks for itself."
4308,820,12,28,90,130,1.4,0.05737239866696729,655,But can you prove your other side isn’t flat?
4482,820,15,26,99,140,1.4,0.05716854509971449,655,"No, Mars will not pay for your border wall."
4245,820,14,30,101,145,1.4,0.054842162933723196,655,"And finally, I promise to stay cool under pressure, something my opponent will never do”"
5092,820,13,32,100,145,1.4,0.05396181422669197,655,There’s another side to her we haven’t seen!
5132,820,15,28,102,145,1.4,0.05570860145311556,655,"Look, I really don't think you can be objective in this climate change debate!"
4862,820,14,26,95,135,1.4,0.05778288024414333,655,Why thank you.  You're pretty hot yourself!
3805,820,7,38,85,130,1.4,0.05191617481014094,655,I believe my opponent is going around in circles.
3735,820,11,34,95,140,1.4,0.05345224838248489,655,What do you know about world affairs?
3553,820,14,30,101,145,1.4,0.054842162933723196,655,It’s just me against the world!
2428,820,11,36,98,145,1.4,0.052156557722015766,655,You aren’t the center of everything anymore!
2320,820,9,26,75,110,1.4,0.06085298599839426,655,The Flat Earth Society debate did not go as planned.
1646,820,17,18,95,130,1.4,0.06235298750409436,655,"While you are obviously well-rounded on this topic, and I do think the world of you, I must respectfully disagree."
1170,820,10,30,85,125,1.4,0.05679618342470648,655,"I’ll admit my opponent is striking to behold, but look more closely and she’s a hot mess."
483,820,12,36,102,150,1.4,0.05181277601508398,655,"With all due respect to my fellow candidate, the science is still inconclusive."
428,834,18,25,110,153,1.3986928104575163,0.055903521861684916,655,If you think you've got problems let's hear from our next speaker....
3639,835,19,21,108,148,1.3986486486486487,0.05811580395170027,655,My opponent is clearly too old to be running.
2789,836,11,35,97,143,1.3986013986013985,0.0526458054105728,655,I feel like the whole world is watching.
921,837,14,27,97,138,1.3985507246376812,0.0568392916461855,655,Is it warming in here or is it just me?
4189,837,12,31,95,138,1.3985507246376812,0.05494662891612316,655,"When I signed up for this Businessman vs. Earth debate, I was expecting a park ranger."
308,839,12,29,92,133,1.3984962406015038,0.05641755278706459,655,"As usual, my opponent is hiding behind his global policy experience."
2424,839,12,29,92,133,1.3984962406015038,0.05641755278706459,655,For millennia my opponent has been circling around solar power.
1276,841,15,21,92,128,1.3984375,0.06109628766856397,655,"My opponent would have you believe he is a globalist, but in reality he is a world unto himself."
1093,842,15,38,118,171,1.3976608187134503,0.04940619682881103,655,Why do I feel the whole world’s against me
3433,843,14,32,105,151,1.3973509933774835,0.053222404118038455,655,my opponent of course doesn't have my world view
4855,843,11,38,102,151,1.3973509933774835,0.050672710977923224,655,I think you are forgetting who put you on the map.
3163,845,14,28,99,141,1.3971631205673758,0.05593402596632724,655,"See, I'm coming at this from a global perspective..."
2293,845,13,30,98,141,1.3971631205673758,0.055020888199010846,655,"‘“And now, taking the yes side in today’s climate action debate...”"
1160,845,10,36,95,141,1.3971631205673758,0.0521856950746744,655,Think you can just roll in here and change the world?”
2165,845,12,32,97,141,1.3971631205673758,0.054092337864196004,655,Today more than ever it's us against the world!
2483,849,9,36,91,136,1.3970588235294117,0.05247617133753975,655,Our next guest will now share her unique global perspective.
4401,849,14,26,96,136,1.3970588235294117,0.057431793177777586,655,All this guy ever does is spin.
1673,851,10,32,89,131,1.3969465648854962,0.054916142031863284,655,You've exceeded your four billion year time allotment. May I please have my fifteen minutes?
3623,851,7,38,86,131,1.3969465648854962,0.05160875138360624,655,You have no earthly idea what you’re talking about!
2369,853,12,26,88,126,1.3968253968253967,0.058639999436286054,655,"And now, ladies and gentlemen, our expert on pollution."""
3808,853,11,28,87,126,1.3968253968253967,0.05754707122785226,655,Now introducing our guest speaker on how to survive long term abuse
639,855,12,41,111,164,1.396341463414634,0.048637659372642195,655,You only seem concerned with global problems
4215,856,17,27,110,154,1.396103896103896,0.054830983344030984,655,Hey ! Chill already.
3625,856,17,27,110,154,1.396103896103896,0.054830983344030984,655,And what makes you such an expert on global warming?
2227,858,6,47,96,149,1.395973154362416,0.04647836812580288,655,"You raise some good points, but I still say the science isn't settled."
567,859,14,29,101,144,1.3958333333333333,0.05506472669390202,655,"That's a compelling global perspective, but I don't share your point of view."
1692,859,11,35,98,144,1.3958333333333333,0.05235216169843261,655,Further proof of a globalist conspiracy!
2712,859,17,23,104,144,1.3958333333333333,0.05764979980233598,655,"Who knows more about the environment, me or my opponent?"
4128,859,9,39,96,144,1.3958333333333333,0.050462844155364846,655,Our next speaker brings a global perspective to the issue.
4191,859,10,37,97,144,1.3958333333333333,0.05141618166855389,655,My opponent thinks the world of himself.
2639,864,15,25,99,139,1.39568345323741,0.05741694671064149,655,"Ladies and Gentlemen, I'm afraid that Atlas had a prior engagement....."
1604,865,9,29,81,119,1.3949579831932772,0.057506571393606314,655,Let it be noted that my opponent refused to shake my hand.
4970,866,13,36,108,157,1.394904458598726,0.050924782561811544,655,As a flat Earther...
1349,866,10,42,105,157,1.394904458598726,0.048459834161741246,655,Stop circling around the issue.
4671,868,15,30,107,152,1.394736842105263,0.05375244264541601,655,"And you, sir, are talking from Uranus!"
143,869,14,30,103,147,1.3945578231292517,0.054229227941234644,655,I admit you do have the weight of the world on your side.
5253,869,18,22,107,147,1.3945578231292517,0.057563538838092614,655,"Last but not least, we have a special guest tonight, for all of you climate change skeptics."
199,871,13,30,99,142,1.3943661971830985,0.054703591442235106,655,"Uh, is it getting warmer in here or is it just me?"
1177,871,6,44,92,142,1.3943661971830985,0.04788791152900337,655,And I suppose you're an expert on global affairs?
2771,871,12,32,98,142,1.3943661971830985,0.05378282993495165,655,How come it’s always about you!?
3161,871,13,30,99,142,1.3943661971830985,0.054703591442235106,655,"Unlike my opponent, I will not try to be all things to all people."
3766,871,12,32,98,142,1.3943661971830985,0.05378282993495165,655,My opponent would have you believe that she speaks for the whole world...
4472,876,10,34,93,137,1.3941605839416058,0.0531910692600874,655,"First, let me begin by saying that we are worlds apart on that issue."
4060,876,13,28,96,137,1.3941605839416058,0.056136587622501066,655,"As you can see here, the World Wide Web has made the world a much smaller place."
3330,876,7,40,90,137,1.3941605839416058,0.05007257960365223,655,I want to thank Earth for stepping in after that unfortunate Pluto situation.
1153,876,11,32,94,137,1.3941605839416058,0.054190700825761516,655,I feel like it’s me against the world in this debate!
17,876,8,38,91,137,1.3941605839416058,0.05113321264227258,655,This election is not about you!
3166,876,10,34,93,137,1.3941605839416058,0.0531910692600874,655,My debate opponent claims to be down to earth and well-rounded but can he serve in office under the current climate? I think not!
76,882,8,51,111,170,1.3941176470588235,0.04438312051838503,655,"Oh, spare me your tilted worldview!"
4335,883,12,28,92,132,1.393939393939394,0.0566608586077705,655,I guess we should stop asking for the Moon
5242,884,15,29,106,150,1.3933333333333333,0.05425655078886648,655,Your mama's so fat that she invented gravity.
4760,885,10,26,81,117,1.393162393162393,0.05941713272494146,655,Some will no doubt say that my opponent appears more worldly than myself.
4026,885,15,16,86,117,1.393162393162393,0.0653238604408219,655,My opponent would have you believe he’s not really a Globalist...
2850,885,10,26,81,117,1.393162393162393,0.05941713272494146,655,"Despite her denials,it's clear that my opponent is an unapologetic Globalist."
872,885,12,22,83,117,1.393162393162393,0.06184755527835176,655,"We have proof that you've been tilting on your axis from the very beginning, so why should we assume you're being upright now? Have you no shame?"
2933,889,12,31,97,140,1.3928571428571428,0.05430721162491817,655,"And last but not least in our Global Warming Conference,
a few angry words from Mother Earth."
3524,889,16,23,101,140,1.3928571428571428,0.05796872368914877,655,"Well, you look flat from here."
163,891,11,31,93,135,1.3925925925925926,0.054733179914559754,655,"I refuse to debate a ""Globalist"""
3616,891,16,21,98,135,1.3925925925925926,0.05956939298941433,655,I don't like your Earth tones!
3822,891,12,29,94,135,1.3925925925925926,0.055734004907893625,655,My opponent here thinks the world of himself.
297,894,15,30,108,153,1.392156862745098,0.05346225236948235,655,Let's not forget my opponent's infamous 'grab Saturn by the rings' line.
1007,895,11,27,87,125,1.392,0.05780501150279887,655,Somebody your size asking the rest of us to cut back? That's a laugh.
2733,896,12,34,102,148,1.3918918918918919,0.0521950032223775,655,The oil and gas industry has gotten whatever they want out of my opponent for years.
95,896,18,22,108,148,1.3918918918918919,0.057235394132716576,655,"Mother Earth, you ignorant slut."
1418,896,12,34,102,148,1.3918918918918919,0.0521950032223775,655,Admit it.. you've never gotten over being third!
411,899,10,36,97,143,1.3916083916083917,0.05160190240313507,655,"And  now we'll hear from the ""earth is round"" perspective"
2243,899,11,34,98,143,1.3916083916083917,0.05254759164664174,655,"Don't you turn your back on me, China!"
3041,899,15,26,102,143,1.3916083916083917,0.05617135936418446,655,I never called you flat. I said you were fat.
3675,902,11,32,95,138,1.391304347826087,0.05387235149745557,655,The country deserves better than your constant spin.
4064,902,13,28,97,138,1.391304347826087,0.05580146325554012,655,Ladies and gentlemen let's give a nice global warming welcome to our guest.
3504,902,13,28,97,138,1.391304347826087,0.05580146325554012,655,My good friend here has an outsize view of his own importance
5229,902,10,34,94,138,1.391304347826087,0.052881411980661104,655,"Hello, world!"
2804,902,12,39,110,161,1.391304347826087,0.049196898922839516,655,"I'm not as worldly as my opponent, but who is?"
1602,902,12,30,96,138,1.391304347826087,0.05484538976671056,655,My opponent is a well known globalist!
2975,902,12,30,96,138,1.391304347826087,0.05484538976671056,655,"That's a circular argument, and you know it!"
2504,902,17,38,129,184,1.391304347826087,0.04807597947728385,655,You look bigger on TV
3172,910,17,27,112,156,1.391025641025641,0.05424397139298408,655,My opponent would have you believe she is an expert on the results of climate change.
3497,910,13,35,108,156,1.391025641025641,0.05110339018820283,655,Just cool it!
3654,910,14,33,109,156,1.391025641025641,0.051906352931664325,655,"Wait a minute, you've had 5 billion 
years to make your point, it's my turn!"
1563,913,13,26,94,133,1.3909774436090225,0.057313783048160157,655,Our keynote speaker today on global warming.....
3260,913,8,36,89,133,1.3909774436090225,0.05210819412076994,655,Clearly my opponent doesn't comprehend the gravity of this situation.
4499,913,14,24,95,133,1.3909774436090225,0.05829915002677411,655,I always knew it would be me against the world!
2264,916,11,37,103,151,1.390728476821192,0.0505803056838393,655,"As you can see, my opponent is just another global elite."
3523,916,11,37,103,151,1.390728476821192,0.0505803056838393,655,You have no concept of the gravity of our situation.
451,916,11,37,103,151,1.390728476821192,0.0505803056838393,655,"But that's enough from me, let's here from the rest of the world."
506,919,13,24,91,128,1.390625,0.05893825070914086,655,Our host needs no introduction.
3463,919,13,24,91,128,1.390625,0.05893825070914086,655,You can see it's flat. Anything else is fake news.
2396,921,14,29,103,146,1.3904109589041096,0.054442064365170066,655,"Well, that's just one opinion!"
2694,921,12,33,101,146,1.3904109589041096,0.05267819045641373,655,"Excuse me sir, I am not finished denying reality!"
4505,921,12,33,101,146,1.3904109589041096,0.05267819045641373,655,Are you saying it's not a small world after all?
4960,921,10,37,99,146,1.3904109589041096,0.05085317224306737,655,"Unlike my opponent would have you believe, not all problems have global implications."
3694,925,12,24,87,123,1.3902439024390243,0.05958019463175812,655,"I may flip flop, but my opponent here shifts tectonically!"
4228,925,12,24,87,123,1.3902439024390243,0.05958019463175812,655,"To most of the world, it is not a debate."
4684,927,12,31,98,141,1.3900709219858156,0.05399261614625772,655,How can you possibly expect us to believe that you're warming when you won't even admit you're flat?
5075,927,15,25,101,141,1.3900709219858156,0.05673758865248227,655,"Global warming, real or a hoax? Our next speaker brings a special perspective to the debate."
2645,927,10,35,96,141,1.3900709219858156,0.05208232284690933,655,Wait.  We have an earth-shaking announcement.
1891,927,8,39,94,141,1.3900709219858156,0.05009924258850883,655,"I think the world of my opponent, really."
4405,927,15,25,101,141,1.3900709219858156,0.05673758865248227,655,"I've walked the earth.  I've worked on earth.  You , sir, are no planet earth."
4249,932,11,40,108,159,1.389937106918239,0.048798924780687335,655,Let's give our next speaker a warming welcome...
165,933,14,25,97,136,1.3897058823529411,0.05733059170147931,655,"I served with Uranus, I knew Uranus, Uranus was a friend of mine. Earth, you are no Uranus."
2222,933,12,29,95,136,1.3897058823529411,0.055397940585318266,655,And my opponent is the worst kind of globalist!
3870,933,10,33,93,136,1.3897058823529411,0.05339538273434488,655,Round is just an alternative fact.
388,936,14,32,108,154,1.3896103896103895,0.05237074444852667,655,"No, YOU are a globalist!"
4933,936,15,30,109,154,1.3896103896103895,0.053174968847348666,655,My opponent just wants to make this climate change debate about herself.
2578,938,14,39,119,172,1.3895348837209303,0.04840062803226184,655,Whoa! Atlas has shrugged!
295,939,12,27,92,131,1.3893129770992367,0.05690440633415867,655,He's trying to spin.
2872,939,8,35,88,131,1.3893129770992367,0.05261513291685041,655,Of course my opponent is out of touch...He's four-and-a-half billion years old!
2231,941,13,32,104,149,1.389261744966443,0.052776535734208846,655,Thank you for inviting me to speak on the World's stage.
1218,942,11,27,88,126,1.3888888888888888,0.0574287381432557,655,Behind my opponent's sunny personality is a dark past.
2128,942,15,26,103,144,1.3888888888888888,0.055846170732302254,655,"There she goes, playing the mother card again!"
2556,942,8,40,96,144,1.3888888888888888,0.0493854138950538,655,And that's where the wall will go.
2656,942,9,38,97,144,1.3888888888888888,0.05035915212462249,655,‘And our next speaker is a genuine global heavyweight...’
1355,946,13,35,109,157,1.3885350318471337,0.0508378932223059,655,My opponent likes to brag about her sphere of influence.
4339,947,16,22,101,139,1.3884892086330936,0.05822129016605872,655,"I'm not kidding, I really do have the whole world against me!"
373,947,11,32,96,139,1.3884892086330936,0.05355741364016604,655,"If I were a little younger, I'd take you outside and circumnavigate you."
50,947,12,30,97,139,1.3884892086330936,0.05452211450759367,655,Vague?! I couldn't be more Pacific.
1474,950,16,27,109,152,1.388157894736842,0.05447021540338579,655,What makes you think you can speak for all of humanity?
3806,950,11,37,104,152,1.388157894736842,0.05031215049456608,655,"Guys, I think the world is trying to tell us something!"
4236,950,10,39,103,152,1.388157894736842,0.04943858929669403,655,You can't just roll in here and say that.
4042,953,13,38,114,165,1.387878787878788,0.04907712890454762,655,"We all want to save him, but my opponent hasn’t said anything about how much it would cost."
1203,954,14,29,104,147,1.3877551020408163,0.054135628341037335,655,"if you’re over there, where am I?"
231,955,13,24,92,129,1.3875968992248062,0.058557926084256307,655,If you are who you say you are...then where are we now!!
2041,956,12,38,110,160,1.3875,0.04935710905063706,655,Sometimes it feels as though the whole world’s against me.
2824,956,15,32,113,160,1.3875,0.051691133383204635,655,I think the world of my opponent.
837,956,12,38,110,160,1.3875,0.04935710905063706,655,What on earth are you doing here?
1812,956,15,32,113,160,1.3875,0.051691133383204635,655,Climate change seems to be the only issue my opponent wants to discuss.
257,960,15,25,102,142,1.3873239436619718,0.05640354296765712,655,"My opponent's argument on global warming is clearly biased"""
423,960,10,35,97,142,1.3873239436619718,0.05178715144675474,655,You’re not the center of the universe so please wait for your turn to speak
1110,960,12,31,99,142,1.3873239436619718,0.05368136824544624,655,All the world's on stage.
3562,960,12,31,99,142,1.3873239436619718,0.05368136824544624,655,Six days! And you think you're so special?
508,964,12,36,107,155,1.3870967741935485,0.050458390423747196,655,What on earth would you know about climate change?
2934,964,10,40,105,155,1.3870967741935485,0.04876960942054544,655,"Well I'll tell ya, good people, it's me against the world."
2019,966,13,27,97,137,1.3868613138686132,0.056031809479229915,655,What could YOU possibly know about climate change???
3244,966,9,35,93,137,1.3868613138686132,0.0520595317467764,655,You think you’re so hot!!!
4223,966,13,27,97,137,1.3868613138686132,0.056031809479229915,655,You’re the one that squeezed plants into coal in the first place!
3036,969,17,24,109,150,1.3866666666666667,0.05579337613268595,655,And at that moment of the debate the tide changed.
608,969,13,32,105,150,1.3866666666666667,0.052487703186855764,655,You're getting warmer
824,971,8,35,89,132,1.3863636363636365,0.0522982417692011,655,It's not always about You!
2173,971,11,29,92,132,1.3863636363636365,0.05551655028152964,655,Our next speaker is very down-to-earth.
802,973,11,34,100,145,1.3862068965517242,0.05195987150480785,655,"Even as a young man shouting in the street, Buddy always knew he would take on the world someday"
1569,973,14,28,103,145,1.3862068965517242,0.05465514219755744,655,You're calling ME a globalist?
3078,973,11,34,100,145,1.3862068965517242,0.05195987150480785,655,My opponent is tempermental and unpredictable at her core.
966,976,14,33,111,158,1.3860759493670887,0.051365835417697715,655,"No, I don't think you revolve around me."
4407,976,11,39,108,158,1.3860759493670887,0.04895479632178717,655,Please give our next guest a warm welcome.
4423,976,13,35,110,158,1.3860759493670887,0.05057492850291102,655,"... and now, representing the flat-earth deniers ..."
3844,979,14,21,92,127,1.3858267716535433,0.060253229833328065,655,"Hold on, global issues will get their turn."
1688,979,11,27,89,127,1.3858267716535433,0.05705697656281143,655,But how can we be sure he actually thinks locally?
1972,981,13,28,99,140,1.3857142857142857,0.05514226605075418,655,Thank you Mr.  Trump.....now we'll hear from the opposition.
4233,981,9,36,95,140,1.3857142857142857,0.05127933125087461,655,Is it me or is it getting suddenly warmer in here?
4481,981,13,28,99,140,1.3857142857142857,0.05514226605075418,655,My opponent knows nothing about the environment.
4937,981,14,26,100,140,1.3857142857142857,0.05606642870855041,655,Please disregard my opponent’s obtrusive attempt to make my hands look smaller.
3955,985,12,35,106,153,1.3856209150326797,0.05089851680835097,655,I don't think you appreciate the gravity of the situation.
4326,985,12,35,106,153,1.3856209150326797,0.05089851680835097,655,"As you can observe, the U.S.'s self-importance is vastly exaggerated here."
1611,987,10,32,93,135,1.385185185185185,0.053599238859542556,655,"My opponent would rather sow division, while I look for common ground. We are both, for example, mostly water."
2360,987,13,26,96,135,1.385185185185185,0.05660877462781655,655,"Joining us tonight for the debate on flat-Earth theory, is Round Earth."
835,987,12,28,95,135,1.385185185185185,0.05562369140347828,655,I don't care HOW you roll as long as it's not this way!
5175,990,11,35,102,148,1.385135135135135,0.05120684421385159,655,you don't seem to understand the gravity of this situation.
4103,990,18,21,109,148,1.385135135135135,0.057145791952184104,655,The USA now defers to “The Paris Climate” representative.
1711,990,12,33,103,148,1.385135135135135,0.052096732696963834,655,Wait. I’m just warming up.
798,993,15,32,114,161,1.3850931677018634,0.05142542073344635,655,My opponent tries to make it sound as if it's me against the world.
2534,993,11,40,110,161,1.3850931677018634,0.048311643435105724,655,The speaker on global  warming needs no introduction.
2695,995,7,36,87,130,1.3846153846153846,0.05166819439288119,655,This clearly proves that the U.S.A is moving to the left.
2393,995,12,31,100,143,1.3846153846153846,0.05337342261842514,655,"What do you mean, ""I'll be fine, it's you guys that are screwed""?  
Is that a threat or a promise?"
2332,995,9,32,89,130,1.3846153846153846,0.05392701994894847,655,"Please, what do YOU know about climate change?"
4259,995,8,39,96,143,1.3846153846153846,0.04954543386677401,655,Your Western Hemisphere bias is so blatant and obvious.
854,995,11,28,91,130,1.3846153846153846,0.05609496099765123,655,Where in the world is Carmen Sandiego!
742,995,10,35,98,143,1.3846153846153846,0.051495010724592984,655,"My opponent promises you the world, but don’t believe him."
2290,995,10,30,90,130,1.3846153846153846,0.055021669049122354,655,My opponent plays the victim card after every environmental disaster.
4130,1002,13,32,106,151,1.3841059602649006,0.05220178809309476,655,And I challenge my opponent to provide evidence that he is actually getting warmer.
206,1003,11,31,96,138,1.3840579710144927,0.05376196086710273,655,"As is typical, my opponent remains conspicuously silent on the issue of climate change."
792,1003,10,33,95,138,1.3840579710144927,0.05276894838329535,655,My opponent is obviously a globalist of the worst kind!
1939,1003,12,29,97,138,1.3840579710144927,0.05473696154403239,655,This has been blown way out of proportion.
5152,1003,12,29,97,138,1.3840579710144927,0.05473696154403239,655,My opponent denies that he is a globalist...….
2595,1007,13,40,119,172,1.3837209302325582,0.04761210032398657,655,Stop! You are clearly ignoring the gravity of the situation!
321,1008,14,33,112,159,1.3836477987421383,0.05109948067518736,655,I'll show you exactly what on Earth I am talking about.
3768,1008,17,27,115,159,1.3836477987421383,0.05338531083522761,655,"Wait a second. If you're here, then where's..."
5170,1010,12,32,102,146,1.3835616438356164,0.05257675314653358,655,That's a circular argument!
3727,1010,15,26,105,146,1.3835616438356164,0.05520629407323237,655,"Ladies and Gentlemen, please give a rousing apology to the world's most prominent authority on climate change."
2135,1010,11,34,101,146,1.3835616438356164,0.051670510546558066,655,"You know, we've had hours of debate about climate change. I think I'll let the world speak for itself."
800,1010,15,26,105,146,1.3835616438356164,0.05520629407323237,655,Perhaps my opponent would like to comment on the deadly magma it has been covering up for ages.
2964,1010,14,28,104,146,1.3835616438356164,0.054343919567976046,655,Let me finish ! You had more the 4 billion years to develop your arguments
1450,1015,12,27,94,133,1.3834586466165413,0.05619697775567628,655,"Clearly, my opponent has a globalist bias."
5202,1015,10,31,92,133,1.3834586466165413,0.05413185730941147,655,“And I say that there are NO planets with intelligent life.
4032,1017,11,24,85,120,1.3833333333333333,0.05938920354463203,655,... He'll never bring jobs to Smallville.  My  opponent only thinks globally.
60,1018,13,33,108,154,1.3831168831168832,0.051460341086106386,655,What on Earth is going on...?
1564,1018,14,31,109,154,1.3831168831168832,0.05227857249889311,655,You think I'm angry now?  I'm just getting warmed up.
3573,1020,9,36,96,141,1.3829787234042554,0.050987785322424276,655,SO WHO ARE YOU GOING TO BELIEVE THE WORLD OR ME?
2571,1020,15,24,102,141,1.3829787234042554,0.05663618090627169,655,One thing I'll say about my opponent. He's very down to Earth
4352,1022,9,31,88,128,1.3828125,0.054476180581408136,655,And now speaking AGAINST the Flat Earth theory.....
2336,1023,9,44,109,162,1.382716049382716,0.0464487686816529,655,My opponent has a limited world view.
3932,1024,10,24,81,115,1.382608695652174,0.05998042993283615,655,"And how do you propose to pay for this ""universal "" health care?"
4451,1025,10,37,102,149,1.3825503355704698,0.05002929981013382,655,This debate is pointless. It feels like there’s an ocean between us.
2001,1026,13,26,97,136,1.3823529411764706,0.056262324749430964,655,Please hold on until I can get the other half's opinion.
2514,1026,11,30,95,136,1.3823529411764706,0.05429165923475866,655,The representative of the Flat Earth Society yields.
4545,1026,7,38,91,136,1.3823529411764706,0.050118403954721086,655,Don't stand there and play the victim to me.
3804,1029,12,36,109,157,1.3821656050955413,0.04993465585371499,655,Every disaster we've ever had is on you!
2904,1030,12,23,88,123,1.3821138211382114,0.05945275021922999,655,Can we please have a debate where you don't completely take over the stage!?
4747,1031,16,23,105,144,1.3819444444444444,0.05661087320654603,655,I know you collided with other planets.
3915,1031,12,31,101,144,1.3819444444444444,0.053068734455489354,655,Why on earth would you say that?
3430,1033,13,24,94,131,1.381679389312977,0.05781093292458403,655,We will pick up with our lecture about Asia in about 16 hours.
670,1034,14,30,108,152,1.381578947368421,0.052751258144464776,655,There you globe again . . .
1610,1035,10,33,96,139,1.381294964028777,0.0524607518249514,655,What does this guy know about global warming?
1728,1035,12,29,98,139,1.381294964028777,0.05441194088754569,655,"Not only is my opponent a liberal, she is also under the delusion that she is not flat."
2302,1035,12,29,98,139,1.381294964028777,0.05441194088754569,655,"The whole world may be against me, but I'm telling you, I'm right."
2379,1035,11,31,97,139,1.381294964028777,0.053445251394248806,655,I strongly disgree with my opponent's world view.
2806,1035,11,31,97,139,1.381294964028777,0.053445251394248806,655,Is this your good side?
4469,1040,13,35,112,160,1.38125,0.05005647361045786,655,"As you can see, my opponent has a completely different world view..."
714,1041,11,34,102,147,1.380952380952381,0.05138409809082317,655,I’d like to speak for the eastern hemisphere...
5044,1042,14,31,110,155,1.3806451612903226,0.051998975000319275,655,*I* am getting heated?
4347,1042,10,39,106,155,1.3806451612903226,0.04866975116885572,655,"And with all due respect, what in the world would you know about it?"
169,1044,12,27,95,134,1.3805970149253732,0.05584938154807376,655,This debate is going nowhere — the Earth can’t demand we be replaced by a more intelligent species.
2162,1044,12,27,95,134,1.3805970149253732,0.05584938154807376,655,"Unlike my opponent, I can promise I will never change my position."
3456,1046,17,28,118,163,1.3803680981595092,0.05236842213133965,655,So you continue to refuse to acknowledge your ties to the Sun...
2134,1047,8,38,96,142,1.380281690140845,0.04970434450398567,655,And my opponent here is going to promise you the world!
2737,1047,15,24,103,142,1.380281690140845,0.05630055691234514,655,There's another side of her that most of you have never seen!
3994,1047,11,32,99,142,1.380281690140845,0.052632615602609276,655,She constantly pivots.
4740,1047,14,26,102,142,1.380281690140845,0.05540634068202996,655,And then we'll extend the wall from Sishmaref to Santiago and the Eskimos will pay for it.
4637,1051,13,31,106,150,1.38,0.05238815720809384,655,Stop complaining about your issues. The world doesn't revolve around you.
3092,1051,9,39,102,150,1.38,0.048852606698190144,655,"Clearly, my esteemed colleague has no legs to stand on."
313,1053,13,23,93,129,1.37984496124031,0.058437543733777526,655,And a round of applause for Earth stepping in last minute for Pluto at this year's planet summit.
643,1054,15,22,100,137,1.3795620437956204,0.057807540782214985,655,"Though he scored some rhetorical points, Morris was no match for his opponent in the Flat Earth Society Debate."
4916,1054,10,32,95,137,1.3795620437956204,0.052962257660607456,655,Is threatening me with my extinction really the best you can do?
2161,1056,14,35,117,166,1.3795180722891567,0.049491891217699535,655,"Please proceed, Mother Earth, you have five minutes to rebut Mr. Trump."
4883,1057,14,30,109,153,1.3790849673202614,0.0524646554470979,655,Mother I'm not going to get into a debate with you.
1586,1057,12,34,107,153,1.3790849673202614,0.05079902998258619,655,"Ok, let's talk about the millions of elephants in the room..."
1658,1057,12,34,107,153,1.3790849673202614,0.05079902998258619,655,Sometimes I feel like it's me versus the world up here!
398,1057,11,36,106,153,1.3790849673202614,0.0499453915308128,655,No one's listening to you.
72,1057,10,38,105,153,1.3790849673202614,0.04907690722896751,655,Do you ever feel like the world is closing in on you?
1483,1057,13,32,108,153,1.3790849673202614,0.051638558841017194,655,I'm a little confused about where you and I stand.
49,1063,11,25,88,124,1.3790322580645162,0.05793086433569598,655,"Is it me, or is it getting warmer in here?"
656,1064,11,28,93,132,1.378787878787879,0.055394097319540765,655,And once again you are exaggerating your own importance in this debate on the future of Humankind!
5185,1065,17,19,104,140,1.3785714285714286,0.05864858428056738,655,Reports that my opponent is heating up in the poles are ‘fake news.’
654,1065,11,31,98,140,1.3785714285714286,0.05313197625349511,655,Enough of your global perspective.
2728,1065,11,31,98,140,1.3785714285714286,0.05313197625349511,655,But what gives my opponent the right to think he's speaking for everyone on this issue?
3203,1065,13,27,100,140,1.3785714285714286,0.05503232455965843,655,What more evidence do you need that my opponent doesn't have a point?!
5114,1065,10,33,97,140,1.3785714285714286,0.052155843178719304,655,And now let's hear from my opponent... a supposed expert on global warming.
2451,1070,11,34,103,148,1.3783783783783783,0.051100596386336745,655,"My opponent, as usual, is trying to put a positive spin on the issue."
5109,1070,13,30,105,148,1.3783783783783783,0.0528689727321589,655,"From where I’m standing, you still look pretty flat."
1885,1070,13,30,105,148,1.3783783783783783,0.0528689727321589,655,"You say you're warming. Well, you don't look so hot to me!"
1935,1070,11,34,103,148,1.3783783783783783,0.051100596386336745,655,"Certainly a speaker that should need no introduction, however ..."
2377,1074,10,28,89,127,1.3779527559055118,0.05581892388115842,655,Don't worry - I have asked them to turn the AC up!
1018,1075,14,23,98,135,1.3777777777777778,0.05746310534715149,655,...and the United Nations will pay for the fence.
2536,1075,10,31,94,135,1.3777777777777778,0.053476866008430754,655,"As we all know now, my opponent takes a world view."
3722,1075,11,29,95,135,1.3777777777777778,0.054500766211102024,655,"You're only half right."""
1524,1078,8,38,97,143,1.3776223776223777,0.049427128708019234,655,"Well, one thing my distinguished opponent and I agree on is that it is too warm in here."
2550,1078,11,32,100,143,1.3776223776223777,0.0523308725422929,655,"No matter how cheerful you sound today, we know that you have a dark side as well."
1577,1080,14,35,118,167,1.377245508982036,0.04924710288057705,655,"As a matter of fact, I am right and the whole world is wrong!"
3369,1080,14,35,118,167,1.377245508982036,0.04924710288057705,655,All this stage is a world.
3771,1082,11,30,97,138,1.3768115942028984,0.05364419863956019,655,The climate of these debates sure is changing.
773,1083,14,27,105,146,1.3767123287671232,0.05423963254120916,655,...and my opponent continues to insist that global warming is real.
2703,1083,12,31,103,146,1.3767123287671232,0.05246895382629879,655,Is Atlas still in the green room?
4798,1083,11,33,102,146,1.3767123287671232,0.051560816560026604,655,"On the contrary, I do think you should revolve around me!"
4876,1083,8,39,99,146,1.3767123287671232,0.04873497584351542,655,"Folks, are you hearing this spin?"
4655,1087,12,34,108,154,1.3766233766233766,0.05052808477117192,655,You are too polarizing!
1353,1088,13,35,114,162,1.376543209876543,0.04954778408423333,655,"Don't turn this around on me, YOU were the one with oil in the first place."
2380,1088,16,29,117,162,1.376543209876543,0.05181724245810832,655,...because we’re Americans and we don’t care if the whole world disagrees!
2817,1088,13,35,114,162,1.376543209876543,0.04954778408423333,655,And with his other face he kisses up to Russia.
4736,1091,13,27,101,141,1.375886524822695,0.05470655539199117,655,”...And our next guest is hotter than ever...
3556,1091,11,31,99,141,1.375886524822695,0.05282208778219166,655,Please stop with your spin.
2790,1091,6,41,94,141,1.375886524822695,0.04778689511467522,655,I’m not going to make my opponent’s age an issue in this campaign.
753,1091,16,21,104,141,1.375886524822695,0.057417406512643474,655,Oh . So now she’s going to pull the old Earth card.
1375,1095,8,40,101,149,1.3758389261744965,0.0480685446736325,655,I too am a globalist.
4595,1095,13,30,106,149,1.3758389261744965,0.052574314972969716,655,And YOU need to stop circling around the issue here!
4771,1095,15,26,108,149,1.3758389261744965,0.05427198207188896,655,I know my opponent thinks the world of itself...
4954,1095,11,34,104,149,1.3758389261744965,0.050819968041534797,655,Atlas ... Atlas? We can't hear you down there.  Can't you get closer to the mike?
1154,1099,15,29,113,157,1.375796178343949,0.05223567238437209,655,"And are the allegations true that you have taken explicit, unauthorized pictures of Uranus?"
2470,1100,12,38,115,165,1.3757575757575757,0.04813714943079437,655,"Next, you'll deny you're a globalist."
5094,1101,9,33,94,136,1.375,0.05212008507258844,655,I want to thank you again for the chance to co-host this Flat Earth Society conference.
4079,1101,9,33,94,136,1.375,0.05212008507258844,655,Now maybe you can explain what happened to Atlas your biggest supporter
3935,1101,11,38,111,160,1.375,0.04836151856577108,655,And what experience do you have?
3899,1101,10,37,105,152,1.375,0.049229422861613525,655,My opponent is hiding behind a global warming agenda!
3692,1101,8,38,98,144,1.375,0.04915268854281311,655,"Folks, sometimes it's easy to feel like it's you versus the whole world."
418,1101,10,34,100,144,1.375,0.051090478420513785,655,I find my challenger's Earth First campaign to be nothing more than thinly veiled self-serving platform.
1869,1101,9,30,89,128,1.375,0.05433926670016638,655,And now to update us on the real news about global warming is Mother Earth!
282,1101,9,42,109,160,1.375,0.046707641490284064,655,And here to give us the big picture is...
276,1101,14,29,109,152,1.375,0.05265063701656668,655,"""And now, taking the position that climate change is real..."""
2289,1101,13,37,118,168,1.375,0.0482717423174129,655,"As a Flat Earther, I refuse to believe your ""science"" and my own eyes."
4365,1111,15,28,112,155,1.3741935483870968,0.05270113751140239,655,My opponent acts as if the moon revolves around her.
323,1112,10,35,102,147,1.3741496598639455,0.05035600069371465,655,To kick off our Global forum today I'd like to introduce our first speaker...
2430,1113,11,30,98,139,1.3741007194244603,0.053325820515611654,655,Can you believe SHE is running as a #MeToo candidate?
749,1114,8,33,90,131,1.3740458015267176,0.05235036877888664,655,"In conclusion, it is clear my opponent is too worldly to understand the plight of the common man."
2453,1115,11,37,110,158,1.3734177215189873,0.04875634422894257,655,It may appear that it's me against the world....
2623,1115,13,33,112,158,1.3734177215189873,0.050382858322429835,655,"I understand you have serious  injuries, but a globe is not a person. Now if you were a corporation, you would have a case."
3983,1115,14,31,113,158,1.3734177215189873,0.05117673365721463,655,As soon as the world stepped on stage Jon felt the temperature in the room rise dramatically
5012,1115,14,31,113,158,1.3734177215189873,0.05117673365721463,655,"Excuse me, but your attitude has completely changed the climate in this room"
2038,1119,15,26,109,150,1.3733333333333333,0.05396715105497329,655,Please welcome our guest speaker on global warming...
3111,1119,12,32,106,150,1.3733333333333333,0.05141981152388035,655,What on Earth did you just say?
3215,1119,11,34,105,150,1.3733333333333333,0.05054217603683485,655,No - let me tell *you* the gravity of the situation
3756,1119,11,34,105,150,1.3733333333333333,0.05054217603683485,655,"Like I've been saying all along, it's me against the world!"
5218,1123,13,27,102,142,1.3732394366197183,0.05438439173776417,655,"And now, it's just 'me' against the world!"
4664,1123,11,31,100,142,1.3732394366197183,0.05251553887139024,655,"My opponent acts like the world revolves around him... oh."""
4558,1123,14,25,103,142,1.3732394366197183,0.05529513708775518,655,"Back off, I'm warming you."
4273,1123,15,23,104,142,1.3732394366197183,0.05619112302152969,655,Turn sideways so we can see if you’re really round
538,1127,11,28,95,134,1.373134328358209,0.05470936235780548,655,"I have recently uncovered a sibling of my opponent that he refuses to acknowledge.  Pluto, come on out here…."
2344,1127,11,28,95,134,1.373134328358209,0.05470936235780548,655,"Of course I can hear you, but I don't believe you!"
1976,1129,7,33,86,126,1.373015873015873,0.0525346470516508,655,Don't feign nationalist priorities when you are so obviously a globalist!
5249,1129,8,31,87,126,1.373015873015873,0.05372963119011379,655,One more globalist?
1148,1131,17,23,113,153,1.3725490196078431,0.0547709626907757,655,NO - the whole world is NOT a stage
1679,1131,18,21,114,153,1.3725490196078431,0.055550496542153854,655,"Unfortunately, this simulation developed
 a fatal virus called Homo Sapiens."
4723,1131,12,33,108,153,1.3725490196078431,0.050693804296450505,655,"Unlike you, I can't speak for everybody."
3900,1134,10,34,101,145,1.3724137931034484,0.05080277731174612,655,Your isthmus is showing!
1771,1134,11,32,102,145,1.3724137931034484,0.05173690774679033,655,"Hold on folks, she's just getting warmed up."
2698,1134,15,24,106,145,1.3724137931034484,0.05531590535869408,655,Looks like we're going to need a bigger wall!
1996,1137,12,24,93,129,1.372093023255814,0.057260801173233164,655,Why are you even running? You won't be around for much longer!
4838,1137,14,20,95,129,1.372093023255814,0.059338414311607995,655,And now  a speech about Global Warming from the only opinion that counts.
2345,1139,10,41,113,164,1.3719512195121952,0.04670457534159954,655,"Madame speaker, be assured that my opponent will soon reveal another side."
3546,1140,9,27,85,121,1.371900826446281,0.05644694650092292,655,What credentials does my esteemed opponent have regarding climate change?
2640,1141,10,38,108,156,1.3717948717948718,0.04831139405491481,655,"North America is going to speak on behalf of the world again, huh?"
2818,1141,11,36,109,156,1.3717948717948718,0.04915998150394333,655,Larry’s worst fears are confirmed that it’s always been him against the world.
1951,1143,12,31,105,148,1.3716216216216217,0.05188167818678259,655,You're always shifting your position!
3742,1143,13,29,106,148,1.3716216216216217,0.052760185697494535,655,It's not fair I only get 15 minutes. You've had four and a half billion years.
2678,1143,12,31,105,148,1.3716216216216217,0.05188167818678259,655,It only looks round!
736,1143,11,33,104,148,1.3716216216216217,0.0509880365195566,655,We have nothing to fear but hemisphere itself!
610,1143,14,27,107,148,1.3716216216216217,0.053624302869047555,655,My opponent would like you to think it’s me against the world
2321,1143,8,39,101,148,1.3716216216216217,0.0482078196773919,655,My opponent is well rounded but nevertheless lacks good judgment.
258,1149,9,34,97,140,1.3714285714285714,0.05103538174050922,655,I believe we can find some common ground.
5019,1149,12,41,122,175,1.3714285714285714,0.04615144017739902,655,"If we were on the radio and not TV, I would be winning this debate!"
435,1151,9,31,92,132,1.371212121212121,0.053129348040545324,655,"No, YOU'RE polarizing the issue!"
3279,1151,10,29,93,132,1.371212121212121,0.054206900337663004,655,"Welcome to the climate change conference. 
The first to speak is Mother Earth."
5246,1153,10,36,105,151,1.3708609271523178,0.04938106458889338,655,"Unlike my opponent, I promise to keep my cool."
3547,1153,12,32,107,151,1.3708609271523178,0.05113795050091042,655,Our expert on Climate Change will now speak
5003,1153,10,36,105,151,1.3708609271523178,0.04938106458889338,655,"At times like this, I feel that the whole world is against me."
2540,1153,9,38,104,151,1.3708609271523178,0.048478751213102717,655,"Now, if you could please rotate, so that I may debate Eurasia."
11,1153,14,28,109,151,1.3708609271523178,0.05283644975710109,655,Warming Schwarming— you’re only having hot flashes!
2196,1158,13,27,103,143,1.3706293706293706,0.05406578036205481,655,Stop orbiting the question.
2390,1158,11,31,101,143,1.3706293706293706,0.05221228297708195,655,"No, Mr. President, I AM the real world."
2081,1160,10,30,95,135,1.3703703703703705,0.05334653727591041,655,And please welcome our guest speaker to this annual meeting of the Flat Earth Society
3311,1160,10,30,95,135,1.3703703703703705,0.05334653727591041,655,I implore you to take into account the gravity of the situation.
4008,1160,13,34,115,162,1.3703703703703705,0.04944976661122089,655,"Did it get warmer all of the sudden, or is it just me?"
4268,1163,11,35,108,154,1.37012987012987,0.049572742630662185,655,"Trust me, I'm just warming up."
2251,1163,10,37,107,154,1.37012987012987,0.0487090789699647,655,Enough with the circular reasoning!
1584,1163,12,33,109,154,1.37012987012987,0.05042161490620353,655,My opponent is a unapologetic globalist!
862,1163,13,31,110,154,1.37012987012987,0.051256430694822094,655,"Well, size isn't everything!"
130,1167,11,32,103,146,1.36986301369863,0.051444600018436065,655,And to all my detractors who say I have no world view.....
463,1167,12,30,104,146,1.36986301369863,0.05235475319726407,655,My opponent thinks the world revolves around him
2423,1167,8,38,100,146,1.36986301369863,0.04861200404414726,655,I know our audience will appreciate the gravity of your situation
2516,1167,11,32,103,146,1.36986301369863,0.051444600018436065,655,Our guest tonight at the Planetary Society needs no introduction...
3162,1167,11,32,103,146,1.36986301369863,0.051444600018436065,655,I'd say your connection to South America raises questions of collusion.
3322,1167,14,26,106,146,1.36986301369863,0.05412916778341926,655,My opponent would have you believe the Earth is round.
4927,1167,9,36,101,146,1.36986301369863,0.04957418933757516,655,My opponent is a master of spin: in the last debate he was flat as a pancake.
2675,1174,16,29,120,165,1.3696969696969696,0.05102369811876523,655,"And now, it is my honor to introduce someone who means the world to me..."
655,1175,9,33,96,138,1.3695652173913044,0.05150448567343949,655,Just admit that you're nothing but a shameless globalist!
738,1175,13,25,100,138,1.3695652173913044,0.055460419541088185,655,Nobody knows more about the world than I do.
2545,1175,11,29,98,138,1.3695652173913044,0.053519016153882396,655,"Unlike my opponent, I speak for more than just half of the world."
2618,1175,11,29,98,138,1.3695652173913044,0.053519016153882396,655,"Sure, my opponent has a lot of experience in world affairs..."
1277,1179,9,30,91,130,1.3692307692307693,0.05365414270152274,655,Really?  Do you know how many times I shovelled my driveway last winter?
3485,1180,16,23,110,149,1.3691275167785235,0.05499616041920841,655,Cool down!
5091,1181,14,34,120,168,1.369047619047619,0.04891139126161839,655,"Maybe it's time you took some responsibility for your own 
well-being."
5121,1181,14,34,120,168,1.369047619047619,0.04891139126161839,655,"My opponent is a flip-flopper. Take the magnetic poles, for example."
4512,1183,9,27,86,122,1.3688524590163935,0.056065288542404404,655,There she goes with the overheated rhetoric again.
4597,1184,12,28,101,141,1.3687943262411348,0.05365217590654302,655,"No really, I feel like the world is against me."
4549,1184,12,28,101,141,1.3687943262411348,0.05365217590654302,655,"Hold on, you’re telling me you’ve never seen ‘An Inconvenient Truth’"
2691,1184,13,26,102,141,1.3687943262411348,0.054588213948620394,655,And now it's my pleasure to introduce EVERYBODY'S mother!
3533,1184,12,28,101,141,1.3687943262411348,0.05365217590654302,655,My opponent is just spinning as usual.
1234,1188,11,34,107,152,1.368421052631579,0.049994954892136505,655,"I refuse to sugarcoat facts while my opponent wraps himself in the earth’s mantle, concealing his molten core."
1292,1188,16,24,112,152,1.368421052631579,0.05417736975315565,655,"And we at Fox News demand this is a flat disc and not a globe, and if it's not a globe then how can there be 'global warming' eh?"
3641,1188,8,40,104,152,1.368421052631579,0.04730835430919929,655,The American people are tired of my opponent’s globalist policies.
4376,1188,9,38,105,152,1.368421052631579,0.04822052222016484,655,Well of course YOU’D be a globalist!
1441,1192,10,40,113,163,1.3680981595092025,0.04683180378273394,655,My opponent naively perceives herself as an expert on global climate change.
4822,1193,11,31,102,144,1.3680555555555556,0.051912274129543495,655,Clearly my opponent is too worldly.
4865,1193,14,25,105,144,1.3680555555555556,0.05464667873417526,655,"Unlike my opponent, I will not forget the good people in Hawaii."
2644,1193,11,31,102,144,1.3680555555555556,0.051912274129543495,655,"I know Atlas, Atlas is a friend of mine, and , you sir, are no Atlas"
3724,1193,12,29,103,144,1.3680555555555556,0.0528394672799222,655,"""I would ask the audience to hold their applause until I've had a chance to introduce everyone."""
1619,1197,13,31,111,155,1.367741935483871,0.05098062656312006,655,"There you go again...rotating your position."""
54,1198,14,22,100,136,1.3676470588235294,0.05698375674361652,655,"Hold on just a minute, this has nothing to do with you"
299,1198,12,26,98,136,1.3676470588235294,0.055038928122451515,655,Why is it always all about you?!?
1468,1198,10,30,96,136,1.3676470588235294,0.053022812874470436,655,How does my opponent KNOW she's not just having another hot flash?
2769,1198,9,32,95,136,1.3676470588235294,0.051985442416579174,655,"My opponent refuses to debate, claiming that he already represents the entire world."
4616,1202,11,32,104,147,1.3673469387755102,0.05115535224835309,655,And you misled the people indicating that you were a small world after all.
3499,1202,13,28,106,147,1.3673469387755102,0.052945689001883706,655,"Look, I didn't call you a loser, a terrible, very bad planet...maybe the worst planet in the solar system, and far from the biggest. That was fake news and this debate about climate change is over!"
2415,1202,10,34,103,147,1.3673469387755102,0.050236262834107495,655,Our final climate change panelist has dire warnings.....
1834,1202,12,30,105,147,1.3673469387755102,0.05205821763918388,655,What on earth is your point?!?
302,1202,11,32,104,147,1.3673469387755102,0.05115535224835309,655,"Like you, I am just warming up..."
198,1207,10,27,91,128,1.3671875,0.055316614798679005,655,The last thing we need is another polarizing President.
757,1208,9,33,97,139,1.3669064748201438,0.05120168393636622,655,And what so-called proof do have that the world is not flat?
980,1208,11,29,99,139,1.3669064748201438,0.053199072050461246,655,What makes you think you’re a Global Expert? Fake News!
1654,1208,12,27,100,139,1.3669064748201438,0.05417015489718928,655,"Now listen--hey, don't you turn your back on me!"
2416,1208,10,31,98,139,1.3669064748201438,0.052209930592511375,655,You need to see the big picture!
1371,1212,9,37,104,150,1.3666666666666667,0.04862003220579729,655,"Now take my opponent here, who pretends to speak for the whole world."
2194,1212,8,39,103,150,1.3666666666666667,0.04769090136577197,655,"Hold on, I didn't interrupt you on the climate change questions."
4816,1214,15,29,117,161,1.3664596273291925,0.051143326335997275,655,"No,  I don't think you look flat."
4208,1215,9,30,92,131,1.366412213740458,0.053317545352563514,655,Nobody cares about your inflated world view!
3589,1216,9,34,99,142,1.3661971830985915,0.050448862499004606,655,There are two Americas!
3667,1216,11,30,101,142,1.3661971830985915,0.052391487564083974,655,"And unlike my opponent, I do not try to be all things to all people."
5020,1216,8,36,98,142,1.3661971830985915,0.049448939387780874,655,My opponent likes to tout his worldliness as a strength
314,1219,11,34,108,153,1.3660130718954249,0.049725453662182735,655,"I know Neptune. You sir, you're no Neptune."
344,1219,12,32,109,153,1.3660130718954249,0.05058280393488865,655,Our next speaker is internationally known...
3186,1219,12,32,109,153,1.3660130718954249,0.05058280393488865,655,"My opponent yet again advocates turning his back on Europe."""
3445,1219,12,32,109,153,1.3660130718954249,0.05058280393488865,655,"Next thing you know, he’ ll be mooning me!"
1339,1223,8,33,93,134,1.3656716417910448,0.05139840532147206,655,"Sure, but can you prove you aren't flat?"
2185,1223,9,31,94,134,1.3656716417910448,0.052478728264167905,655,Our next presenter will provide a worldview on this topic...
4751,1223,11,27,96,134,1.3656716417910448,0.054575256494976465,655,"No, that podium does not make your look flat."
4962,1226,12,29,104,145,1.3655172413793104,0.05253514888288017,655,What makes you think you're the expert on climate change?
3422,1226,9,35,101,145,1.3655172413793104,0.049725099761662665,655,Why is every one on your side!?
4761,1226,12,29,104,145,1.3655172413793104,0.05253514888288017,655,And now we'll hear the anti flat-earth perspective.
4118,1229,8,41,107,156,1.3653846153846154,0.04645100094681488,655,I'm not afraid to take on the world.
4797,1229,9,39,108,156,1.3653846153846154,0.047332953371829536,655,Have you ever felt that the whole World was against you?
5088,1229,8,41,107,156,1.3653846153846154,0.04645100094681488,655,"That's right China, I'm speaking to you.  Don't you dare turn your back on me."
1075,1232,13,20,93,126,1.3650793650793651,0.059204434200273826,655,You're here to tell me the whole world thinks I have small hands!?!?
3110,1233,8,34,95,137,1.364963503649635,0.0506250247509962,655,...But my opponent is all spin!
1519,1233,11,28,98,137,1.364963503649635,0.053711448983492366,655,"""It's obvious that my opponent has a globalist agenda!"
1713,1233,10,30,97,137,1.364963503649635,0.05270272805985026,655,Hold on! You'll get your turn.
4992,1233,11,28,98,137,1.364963503649635,0.053711448983492366,655,"So, what's your worldview?"
4907,1237,14,26,108,148,1.364864864864865,0.053511247748995794,655,"See, I told you it was all just spin."
2253,1237,10,34,104,148,1.364864864864865,0.04995737165049287,655,"Sure, we used to think you were flat, but that doesn’t make us “stupid.”"
3091,1239,13,32,114,159,1.3647798742138364,0.05001503129509474,655,"Unlike my opponent, I have a global view."
3257,1240,11,40,119,170,1.3647058823529412,0.046224770277365185,655,You are clearly biased when it comes to climate change.
1327,1241,8,31,90,129,1.3643410852713178,0.05270997197270987,655,I think it’s fair to point out that my opponent is a Globalist.
4431,1241,12,23,94,129,1.3643410852713178,0.057121250593757736,655,Our next speaker has a first-hand experience of climate change.
2378,1243,11,29,100,140,1.3642857142857143,0.05288269152832511,655,Our next speaker literally means the world to me!
4235,1243,7,37,96,140,1.3642857142857143,0.0488413694689733,655,This candidate claims to represent all of you . . .
273,1245,9,37,105,151,1.3642384105960266,0.04835797685702962,655,My opponent will literally turn its back on you.  Wait for it.  Wait for it.
1984,1245,12,31,108,151,1.3642384105960266,0.0510234709516774,655,"My opponent happens to be all wet, or at least seventy-one percent."
5153,1247,8,36,99,143,1.3636363636363635,0.04916865703850783,655,"With all due respect, I think you are taking a very one-sided view of the world."
3208,1247,10,32,101,143,1.3636363636363635,0.0511326016104156,655,"And I remind my opponent, all politics is local."
2508,1247,11,34,109,154,1.3636363636363635,0.049458644607100075,655,"And now, here to refute the ""flat earth""  propoents, I present...."
247,1247,5,34,82,121,1.3636363636363635,0.051157403079194336,655,"Fine, you can have Florida, but New York stays afloat!"
1565,1247,8,28,85,121,1.3636363636363635,0.05504818825631803,655,Whoa!... Who do you think you are? My Mother?...
2058,1247,12,28,103,143,1.3636363636363635,0.05302385368801995,655,Would you stop spinning for a moment and pay attention!
529,1253,13,35,120,168,1.3630952380952381,0.048077967549085616,655,My opponent clearly thinks he's the center of the universe.
4674,1254,13,31,113,157,1.3630573248407643,0.05043730554003331,655,Small world.
1527,1255,10,33,103,146,1.3630136986301369,0.05039301091434093,655,Let's talk about your global presence...
5039,1256,9,31,95,135,1.362962962962963,0.052158926470433443,655,Let's see who revolves around who.
4364,1256,16,17,102,135,1.362962962962963,0.059113973366226084,655,And making her final appearance ...
3103,1256,12,25,98,135,1.362962962962963,0.05524697791815144,655,"....while my opponent, though very worldly, has a decidedly western view of things."
412,1259,11,23,90,124,1.3629032258064515,0.0576380512684093,655,"It may be me against the world, but that doesn't mean I'm wrong!"
3926,1259,6,33,85,124,1.3629032258064515,0.05163809868897458,655,No need to get so heated.
5105,1259,10,25,89,124,1.3629032258064515,0.05648906629125922,655,Can you be more Pacific in your response?
2660,1262,13,32,115,160,1.3625,0.04975371734792394,655,I challenge you to think out of your hemisphere
774,1263,10,34,105,149,1.3624161073825503,0.049681339991210494,655,"Atlas, get back here !"
2273,1264,11,28,99,138,1.3623188405797102,0.0533863612121362,655,Excuse me but I also know a thing or two about climate change.
3696,1264,10,30,98,138,1.3623188405797102,0.05238622949474112,655,My opponent’s argument is at least two-thirds under water
1043,1264,9,32,97,138,1.3623188405797102,0.051366628445700904,655,Even my opponent is warming to me!
1137,1264,7,36,95,138,1.3623188405797102,0.04926416011955038,655,It seems my opponent is overly focused on global issues.
3852,1268,7,32,88,127,1.3622047244094488,0.0520415495250018,655,"Again, we see my opponent going global when I'm trying to talk specifics..."
4606,1268,11,24,92,127,1.3622047244094488,0.05664150761389335,655,Who on earth do you think you are?
4467,1270,8,39,105,152,1.361842105263158,0.04718398215809576,655,"I'll give you that point.  However, ice caps aren't everything."
3832,1271,14,23,104,141,1.3617021276595744,0.05538535512917004,655,Many of you scoffed when I promised you the world...
543,1271,7,37,97,141,1.3617021276595744,0.04856251336811403,655,I'm not sure you're grasping the gravity of what I'm saying.
699,1271,11,29,101,141,1.3617021276595744,0.052569822094079094,655,"I may  have the whole world against me in this debate, but..."
2004,1271,12,27,102,141,1.3617021276595744,0.05352479161656629,655,"Only one of the candidates could truly be described as ""well-rounded""."
3571,1271,11,29,101,141,1.3617021276595744,0.052569822094079094,655,And our next speaker deserves our undivided attention!
1750,1276,13,21,96,130,1.3615384615384616,0.05779061391876256,655,I told Atlas not to shrug
1059,1276,9,29,92,130,1.3615384615384616,0.053504324307480214,655,What goes around comes around!
732,1278,16,24,115,155,1.3612903225806452,0.053282586413316076,655,"Yes, but can you *prove* you're round?"
2309,1278,9,38,108,155,1.3612903225806452,0.0474607601178371,655,...a planet that needs no introduction...
3847,1278,9,38,108,155,1.3612903225806452,0.0474607601178371,655,"I don't care if you're representing seven billion constituents, I deserve equal time."
4825,1278,18,20,117,155,1.3612903225806452,0.05483254850921342,655,"Yes, ma'am, it does seem to be getting warmer in here."
409,1282,12,41,127,180,1.3611111111111112,0.04509723881825768,655,"Yeah?!  Well, I'm freezing!"
4149,1282,9,34,101,144,1.3611111111111112,0.04987465943892069,655,I object to my opponent's description of me as small and insignificant!
4648,1282,13,26,105,144,1.3611111111111112,0.053628183286856826,655,There you spin again
3429,1285,9,43,117,169,1.3609467455621302,0.044799358797088275,655,He has a dark side that will chill you.
4023,1286,13,22,98,133,1.3609022556390977,0.05681846019629031,655,"As you can see, the blue wave is coming"
1451,1287,14,29,115,158,1.360759493670886,0.050966910163949136,655,"Don't think you're going to win this debate by ""going global"" on me again!"
4089,1287,12,33,113,158,1.360759493670886,0.049359645678359224,655,Don't let my opponent fool you. He is a globalist.
1,1289,10,33,104,147,1.3605442176870748,0.05010991388446206,655,I knew Atlas would be a noshow.
2055,1289,9,35,103,147,1.3605442176870748,0.04917128744900473,655,I'm detecting a change in the climate of this debate.
129,1291,8,33,95,136,1.3602941176470589,0.050781253850836316,655,"I believe you are not seeing the big picture, Sir"
1084,1291,10,29,97,136,1.3602941176470589,0.052882895783139136,655,What do you mean that humans are a virus that will soon run its course?
4227,1291,11,27,98,136,1.3602941176470589,0.05390299739610028,655,Paper covers rock!
4754,1294,12,34,115,161,1.360248447204969,0.048704326455199544,655,"Excuse me, but did my opponent just say, “Earth to Mr. Johnson?”"
2677,1295,11,23,91,125,1.36,0.05724874981026844,655,Sheer hubris -- My opponent believes that he represents the whole world!
1607,1295,18,18,114,150,1.36,0.0561876052156147,655,Pictured above: The first 2020 presidential debate.
4630,1297,11,28,100,139,1.3597122302158273,0.05306495356348922,655,"And now, for the right hemisphere point of view."
4220,1298,10,26,92,128,1.359375,0.05516436495087269,655,Let me stop you right there.
2143,1299,14,32,121,167,1.3592814371257484,0.04895676459413787,655,There you rotate again.
1461,1300,7,42,107,156,1.358974358974359,0.04542667670965163,655,Our core values are fundamentally different
2438,1301,7,33,91,131,1.3587786259541985,0.05090917648278907,655,I told you we're trying to turn the heat down. Just be patient.
3146,1301,9,29,93,131,1.3587786259541985,0.05316600299390923,655,"As usual, my opponent continues to go round in circles."
4024,1303,13,26,106,145,1.3586206896551725,0.053315246635904,655,This is not about you!
4120,1304,9,30,95,134,1.3582089552238805,0.052330906193994005,655,"As you can see, my opponent is a globalist."
5064,1305,9,35,104,148,1.3581081081081081,0.04889863962028005,655,Why blame me? Who created fossil fuels to begin with?
4370,1305,13,27,108,148,1.3581081081081081,0.05252420023325401,655,"You are fake news, the world is flat."
1605,1305,16,21,111,148,1.3581081081081081,0.05508700028332152,655,Lock her up!
158,1305,12,29,107,148,1.3581081081081081,0.051641678388543166,655,She's had her 4.5 billion years.
379,1305,14,25,109,148,1.3581081081081081,0.05339213681339412,655,"Earth, please, wait your turn."
501,1305,13,27,108,148,1.3581081081081081,0.05252420023325401,655,"In last night's debate, Mr. President repeatedly insisted the whole world was against him."
4881,1311,10,38,114,162,1.3580246913580247,0.04684451629808652,655,"And what would YOU know about ""climate change""?"
1242,1312,9,26,88,123,1.3577235772357723,0.05552276766351614,655,I’m sick and tired of my opponent’s non-stop spinning.
3882,1313,6,37,94,137,1.3576642335766422,0.0483044702042182,655,"You are on a roll, but I'll have to stop you here."
2797,1313,11,27,99,137,1.3576642335766422,0.05357268778481325,655,It was ever thus -- one man against the world!
4540,1313,10,29,98,137,1.3576642335766422,0.0525613039177426,655,I think we should take a break to cool off
3663,1316,11,28,101,140,1.3571428571428572,0.05274717039548742,655,Yes.....sometimes I do feel my stance is 'me against the world'!
4417,1316,16,23,115,154,1.3571428571428572,0.05346699210984162,655,Our new head of global marketing needs no introduction.
3576,1316,13,29,112,154,1.3571428571428572,0.051030108091233976,655,There's a whole other side to you.
4837,1316,9,32,99,140,1.3571428571428572,0.050761344927936734,655,That question came out of the blue.
4533,1316,8,34,98,140,1.3571428571428572,0.049738709432133044,655,My opponent has the gall to assert that her health is more important than corporate profits
3320,1316,10,30,100,140,1.3571428571428572,0.0517637813708753,655,I am afraid that my esteemed opponent and I are worlds apart!
2636,1316,8,34,98,140,1.3571428571428572,0.049738709432133044,655,How on earth did you come up with that?
3304,1316,11,28,101,140,1.3571428571428572,0.05274717039548742,655,My opponent continues to hide his Russia connections!
2214,1316,12,26,102,140,1.3571428571428572,0.05371255819312083,655,This is why I feel the world is always against me!
1434,1316,11,23,92,126,1.3571428571428572,0.056864400908678774,655,"Hey, don’t get heated with me."
1254,1316,11,33,110,154,1.3571428571428572,0.049338697349603736,655,"Oh, so you think you can speak for everybody?"
624,1316,10,30,100,140,1.3571428571428572,0.0517637813708753,655,My opponent seems to have been crushed by the weight of the world.
243,1316,11,33,110,154,1.3571428571428572,0.049338697349603736,655,"You may have more real world experience, but I'm a man of the people."
3492,1329,12,32,113,157,1.356687898089172,0.04950575487682039,655,"I hear you,  but what does the Eastern Hemisphere have to say?"
5119,1330,9,33,101,143,1.3566433566433567,0.05002274121426201,655,And now to explain the effects of global warming ....
1845,1330,7,37,99,143,1.3566433566433567,0.04801342027089882,655,Where is Atlas when you need him.
1567,1330,13,25,105,143,1.3566433566433567,0.05381678979228664,655,"Please, the whole world is always against me."
1694,1333,10,37,113,160,1.35625,0.04720728660710158,655,Stop playing the victim card!
2112,1333,10,37,113,160,1.35625,0.04720728660710158,655,I can see my house from here!
2304,1335,14,24,108,146,1.356164383561644,0.05388955099035538,655,Let's stop talking about revolution.
3107,1335,11,30,105,146,1.356164383561644,0.0511924190879219,655,You're flat wrong!
471,1337,8,31,93,132,1.356060606060606,0.05172546230848569,655,You are so bipolar about climate change!
3225,1337,10,27,95,132,1.356060606060606,0.05391515828627825,655,I have here a sworn statement from a Mr. Atlas that says you have lied about your weight.
3316,1337,10,27,95,132,1.356060606060606,0.05391515828627825,655,My opponent clearly has a planet-sized ego.
692,1340,13,32,118,163,1.3558282208588956,0.04898498765704616,655,"Well, I have a different world view!"
3791,1340,9,40,114,163,1.3558282208588956,0.04578829072596227,655,I don’t understand where you’re coming from!
280,1340,8,42,113,163,1.3558282208588956,0.04495361170769611,655,Enough about you.
329,1343,15,23,111,149,1.3557046979865772,0.0539344664720247,655,Why is nobody asking 'Girthy Earthy' over here about her  controversial 'Pangaea Years'?
371,1343,11,31,107,149,1.3557046979865772,0.05045936768681448,655,"And more than Utopian, my opponent's demands for a Green New Deal are completely self-interested!"
1003,1343,10,33,106,149,1.3557046979865772,0.04955252834907552,655,"Clearly you cannot believe what you see in front of you, my opponent is flat, and anything else is fake news!"
3089,1343,8,37,104,149,1.3557046979865772,0.04768714315883814,655,Size matters? Is that all you've got?
2254,1347,10,28,97,135,1.3555555555555556,0.053061774096596494,655,And now I let her tell you more about the gravity of the situation.
4662,1347,12,24,99,135,1.3555555555555556,0.05510597525954264,655,I have 7.7 billion constituents and counting.  What's your base?
4560,1347,9,30,96,135,1.3555555555555556,0.052009552495332005,655,"""Your oceans are as dirty as your politics! """
4286,1347,7,34,94,135,1.3555555555555556,0.04983850832175466,655,"Is it getting warmer up here, or is it just you?"
2954,1347,7,34,94,135,1.3555555555555556,0.04983850832175466,655,It's my turn.
1696,1347,9,30,96,135,1.3555555555555556,0.052009552495332005,655,Be prepared for a heated debate!
884,1347,11,26,98,135,1.3555555555555556,0.05409353186649751,655,"Welcome to the first International meeting of the Flat Earth Society, I would now like to introduce to you our guest speaker..."
583,1347,8,32,95,135,1.3555555555555556,0.05093559886023872,655,Our next speaker brings a truly global perspective . . .
447,1347,10,28,97,135,1.3555555555555556,0.053061774096596494,655,I'm not sure you fully comprehend the gravity of this predicament.
2724,1347,12,24,99,135,1.3555555555555556,0.05510597525954264,655,I DON'T THINK YOU UNDERSTAND THE GRAVITY OF YOUR WORLDVIEW
1670,1357,10,23,88,121,1.3553719008264462,0.05732741993204414,655,Call me a dwarf planet again and I’ll kick your Australia.
4727,1358,13,28,111,152,1.355263157894737,0.05147518389536727,655,"Atlas, your rebuttal. Atlas?"
5161,1358,13,28,111,152,1.355263157894737,0.05147518389536727,655,"Ladies and gentlemen, when I speak the world listens."
28,1360,14,21,103,138,1.355072463768116,0.05614726205480591,655,George faced an unexpected challenge to his claim to be the World's best debater.
448,1361,16,28,125,169,1.3550295857988166,0.0499006567515931,655,I promise my turn won't take all day.
3331,1362,7,30,87,124,1.3548387096774193,0.05271733378393938,655,I never back down...even when I learned this debate actually was me vs the world!
2255,1362,16,23,116,155,1.3548387096774193,0.05317087210942974,655,Our next speaker is the hottest thing right now.
2331,1364,12,26,103,141,1.3546099290780143,0.053390374549481354,655,My opponent is not healthy enough to survive her term in office.
3645,1364,8,34,99,141,1.3546099290780143,0.049449606713896456,655,"If I want to call you my oyster, by God, I'll call you my oyster."
4679,1364,12,26,103,141,1.3546099290780143,0.053390374549481354,655,Why doesn't he show his birth certificate?
5096,1364,15,20,106,141,1.3546099290780143,0.05616478845606971,655,"And now, to kick off our Flat Earth debate..."
876,1368,9,27,91,127,1.3543307086614174,0.054227090183099874,655,"And as you can see, my opponent wants totally open borders!"
67,1369,14,34,127,175,1.3542857142857143,0.047268330807733044,655,Don't everybody talk at once!
1765,1369,14,34,127,175,1.3542857142857143,0.047268330807733044,655,Stop whining!  You’ll still be here when the rest of us are gone.
230,1371,14,23,107,144,1.3541666666666667,0.054399267486155575,655,My opponent claims to be decisive yet somehow can’t decide on a single language.
4784,1372,14,29,118,161,1.3540372670807452,0.05016273044284242,655,Where’s Waldo?
3765,1372,11,35,115,161,1.3540372670807452,0.0477847284267985,655,Stop lying! We all know you're flat!
44,1374,12,28,107,147,1.3537414965986394,0.05180798031199937,655,My opponent is older than dirt!
1957,1374,14,24,109,147,1.3537414965986394,0.05357651299067176,655,You're blowing this thing way out of proportion!
2468,1374,8,36,103,147,1.3537414965986394,0.048076137360922644,655,"Sure, but next to Neptune you don't act so tough."
4176,1377,10,38,116,164,1.353658536585366,0.046373741485601146,655,"When we promise our students the world, we deliver!"
3394,1378,9,29,95,133,1.3533834586466165,0.05250122189532132,655,You're missing the big picture.
2317,1379,14,25,111,150,1.3533333333333333,0.052785214751348786,655,My hands are not small!
2773,1379,8,37,105,150,1.3533333333333333,0.047427483010045526,655,It is a small world after all.
3600,1379,13,27,110,150,1.3533333333333333,0.051930659900804595,655,The next speaker is here to warm up the crowd.
512,1382,11,26,99,136,1.3529411764705883,0.053757921607786106,655,"Is that all you do? Just spin, spin, spin?"
5154,1382,14,20,102,136,1.3529411764705883,0.056716060522657874,655,My opponent’s presence belies the gravity of the situation!
3448,1382,7,40,106,153,1.3529411764705883,0.04587432563651779,655,"There you go again,throwing your weight around."
271,1382,13,28,112,153,1.3529411764705883,0.05119032745195421,655,I personally would like to extend you a warm welcome.
1947,1382,5,32,82,119,1.3529411764705883,0.051454053542903326,655,"We'll stop there for today, and the Eastern Hemisphere will pick things up where we left off."
21,1387,13,29,114,156,1.3525641025641026,0.05047703552040902,655,"Global warming!, what makes you an expert?"
4969,1387,13,29,114,156,1.3525641025641026,0.05047703552040902,655,"Oh let me guess, your position on day light saving has changed... again."
2598,1389,10,29,100,139,1.3525179856115108,0.05192901701460582,655,I think the world of my opponent but his argument doesn't hold water.
3796,1389,12,25,102,139,1.3525179856115108,0.053899458598522534,655,Of course you can take a bathroom break.  You are 70% water.
4804,1389,9,31,99,139,1.3525179856115108,0.05091520788082779,655,I've cut taxes for my constituents and eliminated plastic straws. What on earth have you done?
5024,1392,8,27,87,122,1.3524590163934427,0.054498403884430835,655,You have been accused of warming! How do you respond?
2024,1393,12,26,104,142,1.352112676056338,0.05307183836865408,655,"I might remind you, Sir, that a mere 97% of experts who've studied the matter agree with you"
1129,1393,12,26,104,142,1.352112676056338,0.05307183836865408,655,My opponent has shown he is not capable of carrying the weight of the World on his shoulders.
4892,1393,8,34,100,142,1.352112676056338,0.04916359979049906,655,"I said “All the world IS a stage” , not on it!"
5196,1396,9,20,79,108,1.3518518518518519,0.060736814873678116,655,"And in a minute, the Eastern Hemisphere’s rebuttal.”"
536,1397,10,31,104,145,1.3517241379310345,0.05041117760824918,655,"Yes, but you are using the word ""round"" as if it is a good thing."
1637,1397,8,35,102,145,1.3517241379310345,0.048473868698757576,655,"Let me remind my friend, all politics is local."
3939,1397,9,33,103,145,1.3517241379310345,0.04945201095241139,655,"Why, my opponent seems to be warming up to me!"
5027,1397,11,29,105,145,1.3517241379310345,0.05135243196250271,655,And we can't ignore my opponent's blatant conflict of interest with regards to the issue of climate-change!
3076,1401,7,38,103,148,1.3513513513513513,0.04683871398990437,655,"OK, now things are going to get heated."
5256,1401,9,34,105,148,1.3513513513513513,0.04876189552245208,655,Is it really a matter of such gravity?
2482,1403,11,24,96,131,1.3511450381679388,0.05517671830900627,655,"Yeah? Well, I’m telling YOU that climate change is a HOAX!"
823,1403,11,24,96,131,1.3511450381679388,0.05517671830900627,655,The Earth needs no introduction although some people have apparently forgotten about it.
4199,1403,9,28,94,131,1.3511450381679388,0.05300557158600242,655,Has anybody seen Atlas?
122,1403,8,30,93,131,1.3511450381679388,0.05188594036020284,655,America First!
559,1403,11,24,96,131,1.3511450381679388,0.05517671830900627,655,And now the keynote speaker's firsthand account of global warming.
1130,1408,12,29,110,151,1.3509933774834437,0.05077646592646386,655,Oh spare me. I took off my Jacket and I'm fine.
1986,1408,9,35,107,151,1.3509933774834437,0.04809728505570444,655,"If you want to recover from climate change, you first have to admit you have a problem!"
3275,1408,14,25,112,151,1.3509933774834437,0.0524866643394534,655,I categorically OBJECT to the tactics of my opponent in this flat earth debate!!!
4850,1408,11,31,109,151,1.3509933774834437,0.049899391491588285,655,And unlike my opponent I promise to think locally and act purely for personal gain.
1505,1412,9,42,120,171,1.3508771929824561,0.0442602959987142,655,"Well, I got the popular vote!"
3416,1412,17,26,128,171,1.3508771929824561,0.050093606365773084,655,"And without further ado, a word from our host."
565,1414,7,33,94,134,1.3507462686567164,0.04997750889792474,655,That's just your perspective on global warming!
588,1414,10,27,97,134,1.3507462686567164,0.05323921437760225,655,You'll get your turn when I'm finished
3147,1414,7,33,94,134,1.3507462686567164,0.04997750889792474,655,"It's just you and me against....oh, wait..."
3912,1414,13,21,100,134,1.3507462686567164,0.056312312147934696,655,"Stop, stop, stop!  We don't want to hear from a climate-change radical."
4568,1414,10,27,97,134,1.3507462686567164,0.05323921437760225,655,"Now, my opponent is gonna try to use “facts” and “science” about climate change to try to scare ya, but it’s fake news, people!"
5060,1414,10,27,97,134,1.3507462686567164,0.05323921437760225,655,Do you have to globalize everything?
4615,1420,10,34,110,154,1.3506493506493507,0.04834276536830878,655,And now--Our next World expert really needs No introduction!
4083,1421,8,32,97,137,1.3503649635036497,0.050322319704537946,655,And here to present the other side of the global warming debate ...
5016,1421,9,30,98,137,1.3503649635036497,0.05137779741679769,655,"While I appreciate your perspective...in the context of the universe, you are really not that relevant."
2688,1423,13,29,115,157,1.3503184713375795,0.050204743334916944,655,But where is your birth certificate?
3635,1423,12,31,114,157,1.3503184713375795,0.04938478445834081,655,My worthy opponent seems to be living in his own world.
453,1423,16,23,118,157,1.3503184713375795,0.05258796635456831,655,"I know there have been reports that my opponent is just warming up, but frankly I haven't seen evidence to support that claim."
1205,1423,13,29,115,157,1.3503184713375795,0.050204743334916944,655,Don’t all talk at once!
4884,1427,8,40,112,160,1.35,0.04538445138671343,655,"While my opponent *claims* to be thinking globally, I believe we can all see a distinctly North American bias."
4703,1427,12,25,103,140,1.35,0.05357228502227348,655,"Who will voters believe - a climate denier like me, or my hysterical opponent"
1192,1427,10,29,101,140,1.35,0.05161821264505477,655,"Now Madam Earth, isn't it true you're just perimenopausal and temperatures are expected to return to normal in some years?"
2513,1427,11,34,115,160,1.35,0.047912393848322056,655,Here to speak tonight is Mother Earth... and she is a little disappointed in you.
3529,1427,10,29,101,140,1.35,0.05161821264505477,655,Can you even name the seven continents?
3811,1432,11,42,130,183,1.349726775956284,0.04370458631165573,655,"Yeah, you and who else?"
912,1433,13,24,106,143,1.3496503496503496,0.05368223959835514,655,"Meanwhile at the UN Climate Change Tribunal: ""The Court will now hear victim impact statements"""
1779,1433,9,32,102,143,1.3496503496503496,0.049877957289137936,655,It’s not a small world after all.
4708,1435,11,21,91,123,1.3495934959349594,0.05770470845868469,655,Today's speaker is seeking political asylum.
3767,1435,10,23,90,123,1.3495934959349594,0.05653806997923605,655,I am really a much more down-to-earth candidate than my opponent
2260,1435,9,25,89,123,1.3495934959349594,0.05534684576064104,655,Open your eyes people! The threat of globalization is real.
3953,1438,13,32,121,166,1.3493975903614457,0.04823838659013313,655,"As you can see, my opponent is self-inflating."
918,1439,13,25,108,146,1.3493150684931507,0.05287436268125557,655,"....""The rest of the world--you have 2 minutes for your rebuttle."""
4437,1439,13,25,108,146,1.3493150684931507,0.05287436268125557,655,"Speak English,please"
462,1441,6,32,88,126,1.3492063492063493,0.050793650793650794,655,I firmly disagree that my opponent speaks for everyone.
4205,1441,14,16,96,126,1.3492063492063493,0.05996555658726397,655,"And to show my sincerity, I'd like to buy my opponent a Coke."
83,1443,12,28,109,149,1.348993288590604,0.051219638245281814,655,You've already warmed up.
3580,1443,10,32,107,149,1.348993288590604,0.04941722269455383,655,Who in the world are you?
942,1445,7,32,93,132,1.3484848484848484,0.05042595394700275,655,Being in the majority doesn't make you right!
4248,1446,15,24,116,155,1.3483870967741935,0.05225821967734417,655,As for my opponent’s more heated perspective . . .
3837,1446,8,38,109,155,1.3483870967741935,0.04630778832891874,655,And why should we believe your claims on climate change?
3204,1446,10,34,111,155,1.3483870967741935,0.04808311159896675,655,Small wonder you call yourself a Globalist.
620,1446,12,30,113,155,1.3483870967741935,0.04979518031056258,655,"As you can see, my visual aid has crushed my debate opponent and his flat earth premise."
675,1446,12,30,113,155,1.3483870967741935,0.04979518031056258,655,Stop! You’re over inflating your importance!
2130,1451,13,36,129,178,1.348314606741573,0.04590945136142659,655,Do not be deceived by my opponent's claims of international experience!
527,1452,9,29,97,135,1.348148148148148,0.05185185185185185,655,"No, you don't speak for the whole world!"
1998,1452,8,31,96,135,1.348148148148148,0.05077456273522056,655,"I understand that you are the World, but are you the Children?"
2145,1452,10,27,98,135,1.348148148148148,0.05290720990545556,655,"I was going to mention the state of the planet, but it speaks for itself."
2435,1452,13,21,101,135,1.348148148148148,0.05595397946992301,655,"Accept it, you're flat. But here you are, being bipolar"
3938,1452,10,27,98,135,1.348148148148148,0.05290720990545556,655,I'll stop addressing you as the pale blue dot when you start addressing me as Dr. Sagan.
2705,1457,7,41,110,158,1.3481012658227849,0.04483049245870056,655,"In spite of what some may think, this is bigger than me against the world."
4564,1458,8,32,98,138,1.3478260869565217,0.05002080801877035,655,I have to say at this point that I feel threatened
4488,1458,12,32,117,161,1.3478260869565217,0.04847108823633957,655,"Oh, sure... my opponent looks cool and international on the surface. But underneath, seethes a core of molten magma."
2282,1458,14,28,119,161,1.3478260869565217,0.050047236666179745,655,"Oh great, another critic on climate change"
1357,1458,10,28,100,138,1.3478260869565217,0.05209274690822775,655,"My opponent, here, wants you to believe in something she calls, 'scientific consensus'"
3,1458,9,30,99,138,1.3478260869565217,0.05106728657024648,655,"If my opponent thinks I'll get pulled into their orbit, they've got another thing coming."
2138,1458,12,32,117,161,1.3478260869565217,0.04847108823633957,655,Everything my opponent says about climate change is fake news.
353,1458,10,28,100,138,1.3478260869565217,0.05209274690822775,655,"There you go again, always spinning in favor of the globalist agenda."
2612,1465,15,27,122,164,1.3475609756097562,0.05013412520314809,655,My turn - your turn went a full day.
4956,1466,10,29,102,141,1.3475177304964538,0.05131089616378166,655,Our guest may be unfamiliar to some of you....
1022,1466,9,31,101,141,1.3475177304964538,0.05031392394294709,655,"Let's give a warm Mars style welcome to our dear old friend, Earth."
1240,1466,7,35,99,141,1.3475177304964538,0.048258229322564544,655,"I think the world of my opponent, but..."
4250,1466,9,31,101,141,1.3475177304964538,0.05031392394294709,655,It only *looks* like it’s me against the world
4266,1470,11,36,120,167,1.347305389221557,0.046466783238028476,655,"No, no. You've had your turn."
331,1470,11,36,120,167,1.347305389221557,0.046466783238028476,655,"While I appreciate the global perspective, we still need a wall."
3884,1472,9,32,103,144,1.3472222222222223,0.04958985280095282,655,You know what they say about planets with small polar ice caps...
4985,1472,8,34,102,144,1.3472222222222223,0.04860070373662373,655,You're getting too heated.
201,1474,7,37,103,147,1.346938775510204,0.04694870100437806,655,Your time is up.
970,1474,15,21,111,147,1.346938775510204,0.05431099526728371,655,"The world will try to tell you otherwise, but I’m here to tell you..."
3993,1474,11,29,107,147,1.346938775510204,0.050763494427203314,655,My opponent lacks gravity.
4356,1477,10,32,108,150,1.3466666666666667,0.04914177696321292,655,Bob felt like the whole world was against him.
1472,1477,7,38,105,150,1.3466666666666667,0.04632988093297065,655,I'm not going to debate it with half the world
4702,1477,7,38,105,150,1.3466666666666667,0.04632988093297065,655,While I think the world of my opponent...
394,1477,11,30,109,150,1.3466666666666667,0.050043977676790835,655,My opponent lacks a solid core.
1272,1477,13,26,111,150,1.3466666666666667,0.05180126078524624,655,"Yeah? Well my opponent was once involved in a big bang, too!"
2663,1482,9,26,92,127,1.3464566929133859,0.05405440647746246,655,"Of course my opponent backs the Green New Deal, she’s a globalist."
4729,1483,10,33,110,153,1.34640522875817,0.048471885536572966,655,"What would my opponent know about climate change?!"""
2989,1484,13,28,115,156,1.3461538461538463,0.0503534621043378,655,I still say you are flat
3666,1485,12,31,116,159,1.3459119496855345,0.04886044898009111,655,"Let me start by just saying, you've always meant the world to me."
4556,1486,7,32,94,133,1.3458646616541354,0.05011391987169973,655,Shame! My opponent voted against Pluto staying in the Solar System!
4535,1487,9,29,98,136,1.3455882352941178,0.05153279776183432,655,I would challenge my opponent to pick a hemisphere.
741,1487,9,29,98,136,1.3455882352941178,0.05153279776183432,655,"Unlike my opponent, I'll resist taking such a polarizing position."
2357,1487,12,23,101,136,1.3455882352941178,0.054611597951195606,655,Consider this your global warning!
3662,1487,8,31,97,136,1.3455882352941178,0.05046480737393613,655,And speaking of global affairs...
4561,1491,8,32,99,139,1.3453237410071943,0.049722648775523036,655,"well, it doesn't feel warm in here to me!"
1294,1491,10,28,101,139,1.3453237410071943,0.05177712458571495,655,Let the World speak for itself.
3716,1491,11,26,102,139,1.3453237410071943,0.05277437867867285,655,"America, sir, will not let globalism crush our dreams."
410,1494,7,35,100,142,1.3450704225352113,0.04797963333594969,655,"You heard the moderator, your time is up. And if I'm voted into office, I'll make sure of it!"
598,1494,9,31,102,142,1.3450704225352113,0.050018251236786236,655,I assert that my opponent is clearly out of its orbit!
1422,1494,6,37,99,142,1.3450704225352113,0.04692712535607875,655,Typical globalist!
1585,1494,8,33,101,142,1.3450704225352113,0.049009543314738425,655,I just think we have differing world views
2770,1494,6,37,99,142,1.3450704225352113,0.04692712535607875,655,All of the white space was once habitable.
4991,1494,9,31,102,142,1.3450704225352113,0.050018251236786236,655,"...In contrast, my opponent thinks the world of himself."
101,1500,9,32,104,145,1.3448275862068966,0.04930485192994763,655,That's circular reasoning...You keep going around and around and around.
1518,1500,10,30,105,145,1.3448275862068966,0.050266826679700866,655,How can I debate you? You've come 180 degrees on your argument.
4458,1502,12,27,109,148,1.3445945945945945,0.05137638371494697,655,"Whew, someone’s got a terrible gas problem."
2880,1502,12,27,109,148,1.3445945945945945,0.05137638371494697,655,"Wait a second!  When I elected to take on the Global Challenge, this isn't what I had in mind."
2192,1502,14,23,111,148,1.3445945945945945,0.053135582525647894,655,Now my next statement may send you into orbit...
555,1502,8,35,105,148,1.3445945945945945,0.04766359355101678,655,"Oh, now you're warming up to me?"
415,1506,12,18,92,122,1.3442622950819672,0.059088606860205686,655,"It gives me great pleasure to introduce the English-speaking world!"""
1638,1507,9,35,110,154,1.344155844155844,0.04732005585471896,655,"you‘ve had all the time in the world to make your point, now it’s my turn"
2761,1508,8,27,90,125,1.344,0.05340532775162104,655,"I understand your position, but no need to get heated!"
1439,1509,10,34,113,157,1.3439490445859872,0.04757158131041275,655,Stop playing the global warming card.
1922,1509,14,26,117,157,1.3439490445859872,0.05088902256563434,655,"Actually, there are five Great Lakes."
9,1511,10,35,115,160,1.34375,0.04695682062432096,655,Don't deny you're a globalist.
5165,1511,8,39,113,160,1.34375,0.045251633105802255,655,"I apologize for my opponent's behavior, he's getting very heated."
3019,1513,11,34,118,163,1.343558282208589,0.0471728705570442,655,"Indeed, it is a small world after all."
4882,1514,12,21,98,131,1.3435114503816794,0.05607120752349596,655,"Hold it, don’t everybody speak up at once!!"
1122,1514,10,25,96,131,1.3435114503816794,0.05393607965870664,655,"Unfortunately, our guest speaker, Atlas, was hospitalized with a neck injury."
4229,1514,10,25,96,131,1.3435114503816794,0.05393607965870664,655,"Things may seem dark right now, but I’m certain you’ll turn it around!"
1985,1517,14,18,102,134,1.3432835820895523,0.05715005892273026,655,...and pay no heed to my opponent who is clearly a globalist.
976,1518,11,25,101,137,1.3430656934306568,0.05327202423766368,655,How on earth did you get in here?
2071,1518,10,27,100,137,1.3430656934306568,0.052254821398818804,655,My worthy opponent's global ambitions won't fix the potholes in our city.
877,1520,9,30,101,140,1.3428571428571427,0.05045673059183804,655,"Going once, going twice..."
4800,1520,8,32,100,140,1.3428571428571427,0.04942779318458915,655,"And I ask you, who created those fossil fuels?"
3599,1522,13,23,107,143,1.3426573426573427,0.05354091958877997,655,"But if you're here, what planet are we on? None of this adds up!"
5082,1522,7,35,101,143,1.3426573426573427,0.047704001226050126,655,I will not be intimidated by my opponent.
4965,1522,7,35,101,143,1.3426573426573427,0.047704001226050126,655,Today the President will put an end to the fake news that he does not know the names of the continents.
4504,1522,11,27,105,143,1.3426573426573427,0.05166859740628859,655,The Flat Earth Society begs to differ.
2791,1522,10,29,104,143,1.3426573426573427,0.05070651734928753,655,I don't believe in global warming and won't be bullied by someone much larger than me.
671,1522,10,29,104,143,1.3426573426573427,0.05070651734928753,655,"Well, that's your opinion."
384,1522,13,23,107,143,1.3426573426573427,0.05354091958877997,655,Enough with your global elitist spin!
4322,1522,12,25,106,143,1.3426573426573427,0.05261308786008161,655,I thought you were bigger.
3608,1530,12,26,108,146,1.3424657534246576,0.051833055808829215,655,"This is so fake, folks. He's actually very, very flat!"
2034,1530,12,26,108,146,1.3424657534246576,0.051833055808829215,655,Hi Mom !
2419,1530,10,30,106,146,1.3424657534246576,0.04997718531392182,655,"And now, our world-renowned expert on world climate change."
3530,1533,7,37,105,149,1.342281879194631,0.04643250884662824,655,"My opponent talks big, but hides half of his true self."
4392,1534,13,26,113,152,1.3421052631578947,0.051218392524800774,655,"I said you're incompetent, not 'incontinent.'"
3873,1534,13,26,113,152,1.3421052631578947,0.051218392524800774,655,"Chill, Dude!"
763,1534,8,36,108,152,1.3421052631578947,0.04677212689328107,655,"Well, I act locally!"
845,1534,5,42,105,152,1.3421052631578947,0.04388868563649586,655,I'm the only candidate prepared to take on the world!
1647,1534,9,34,109,152,1.3421052631578947,0.04769455136450979,655,"'I'm sorry,  but us flat earthers need more conclusive proof.'"
4468,1539,14,26,118,158,1.3417721518987342,0.050612750965011215,655,"Can you move a little more to the right, you are blocking the air-conditioner."
2238,1540,10,21,89,120,1.3416666666666666,0.05736491052769635,655,Stop turning to the audience and answer me!
1231,1541,10,35,116,161,1.3416149068322982,0.04671307129345131,655,"It’s pretty much has always been me against the world. This debate however, takes it to a whole new level."
3512,1541,17,21,123,161,1.3416149068322982,0.05220717661908782,655,Another expert on global warming.
4384,1541,11,33,117,161,1.3416149068322982,0.04753683604553272,655,". . . . and I have been authorized to speak on behalf of the other seven planets about their experiences with ignoring climate change."""
3293,1544,9,25,92,126,1.3412698412698412,0.05423370756764775,655,"As you can see, this new technology brings the world closer."
4197,1545,10,24,95,129,1.3410852713178294,0.05447081132773332,655,There’s an ocean of difference between my views and those of my opponent.
1830,1545,8,28,93,129,1.3410852713178294,0.05219982015951795,655,. . .and you sir are no Pangea!
3364,1545,7,30,92,129,1.3410852713178294,0.05102643622357204,655,"Now, first up -- speaking for the ozone layer."
848,1548,13,19,100,132,1.3409090909090908,0.05673426604461189,655,"I'm a politician, dammit.
I don't have to listen to you."
990,1548,8,29,95,132,1.3409090909090908,0.05138555087377326,655,"On second thought, warming up before the debate is entirely optional."
2729,1548,7,31,94,132,1.3409090909090908,0.05024753145774633,655,And here to talk about the global economy...
4041,1548,10,25,97,132,1.3409090909090908,0.0535891377110045,655,Where’s Hawaii?
649,1552,7,32,96,135,1.3407407407407408,0.04950050444819818,655,"Following Carl Sagan’s Pale Blue Dot success, Ed misjudged his Ted Talk audience"
3647,1553,9,29,100,138,1.3405797101449275,0.05090566298579664,655,There is literally a world of difference between us.
135,1553,9,29,100,138,1.3405797101449275,0.05090566298579664,655,My opponent over here seems to be getting a little heated!
611,1553,8,31,99,138,1.3405797101449275,0.049855792052945165,655,The whole world is against me in this debate!
4941,1556,11,26,104,141,1.3404255319148937,0.0521374802071875,655,"So I ask  you, what qualifies my opponent  to speak on world problem.?"
544,1556,13,22,106,141,1.3404255319148937,0.05404582396024975,655,"The title is ""What goes around, comes around."""
3183,1556,9,30,102,141,1.3404255319148937,0.05015658079621688,655,"Ok ok, it's not a hoax"
3863,1559,10,29,105,144,1.3402777777777777,0.050409352321959755,655,No one wants to hear your environmental claptrap.
4918,1560,11,28,108,147,1.3401360544217686,0.05061967934832239,655,"Even though the whole world is against me, I'm undaunted!"
203,1560,12,26,109,147,1.3401360544217686,0.05153193085304032,655,"As I was saying, I've always felt like it's me against the world"
1114,1560,13,24,110,147,1.3401360544217686,0.052428311603160395,655,This is THE conference on climate change! You can’t just roll in here and expect a seat at the table!
3158,1560,12,26,109,147,1.3401360544217686,0.05153193085304032,655,"As you can see, my opponent is the very image of an unrepentant globalist."
3472,1560,7,36,104,147,1.3401360544217686,0.046793162928624135,655,"I'll gladly address all your issues, but only once you tell me how you got into this building."
3627,1560,13,24,110,147,1.3401360544217686,0.052428311603160395,655,"This is what it’s come to, since none of you will listen to the scientists."
4070,1560,8,34,105,147,1.3401360544217686,0.047778531339716976,655,You expect me to debate the world?
4575,1560,11,28,108,147,1.3401360544217686,0.05061967934832239,655,We've been talking about it long enough. Now is the time to let the planet speak for itself.
5172,1560,12,26,109,147,1.3401360544217686,0.05153193085304032,655,"Despite my opponent's outlandish claims and bizarre histrionics, my belief in a flat earth is stronger than ever..."
2337,1569,8,35,107,150,1.34,0.04713728818419851,655,"What we need is a ""world view,"" my opponent clearly does not have that."
4596,1569,10,31,109,150,1.34,0.048998927075866984,655,Stop right there! We booked the Eastern Hemisphere to speak tonight!
1411,1569,6,39,105,150,1.34,0.04519903782310227,655,"Is it just me, or is it hot in here?"
4202,1572,11,30,112,153,1.3398692810457515,0.04921415356702184,655,"'""My opponent is trapped in circular reasoning!"""
3242,1573,12,29,115,156,1.3397435897435896,0.04939400752591565,655,"From now on, we will hear the testimony of the victim of global warming."
3250,1573,13,27,116,156,1.3397435897435896,0.05022430651994116,655,I'm right and the world is wrong
881,1575,10,34,115,159,1.3396226415094339,0.047070191755868004,655,"Quit complaining, we’re all hot in here”."
4893,1576,13,29,120,162,1.3395061728395061,0.048884167730282875,655,I can't take this. Make the world go away.
3902,1576,16,23,123,162,1.3395061728395061,0.05118305933594638,655,You can't handle the heat!
4483,1576,13,29,120,162,1.3395061728395061,0.048884167730282875,655,My opponent would have you believe global warming is real!
2815,1579,6,29,86,121,1.3388429752066116,0.05189749247946631,655,You don't understand the global implications.
309,1580,6,30,88,124,1.3387096774193548,0.05106664109221206,655,And we are supposed to just take your word that global warming is real?
1123,1580,8,26,90,124,1.3387096774193548,0.05357296444629326,655,"Closing arguments will be three minutes, except for earth, who will have eternity."
2503,1580,5,32,87,124,1.3387096774193548,0.049766168115289944,655,This is only 1/2 of the story
2590,1583,8,28,94,130,1.3384615384615384,0.05186313596624838,655,I yield to my opponent who would like us all to go somewhere else.
5028,1583,10,24,96,130,1.3384615384615384,0.05411382486026369,655,"I got it, it's me against the world."
5237,1585,8,29,96,133,1.3383458646616542,0.0510621051156951,655,You shouldn't allow yourself to get so heated!
3658,1585,9,27,97,133,1.3383458646616542,0.05216569510127361,655,"You don’t intimidate me, you’re mostly water weight"
3336,1585,11,23,99,133,1.3383458646616542,0.05430563578952494,655,"I don’t care if the whole world is against me, I do not believe in global warming!"
236,1588,8,30,98,136,1.338235294117647,0.05029389468538534,655,"You made your point, but what does the other half of the world have to say?"
2457,1588,12,22,102,136,1.338235294117647,0.054453702262740454,655,Our next speaker is out of this world.
3387,1588,8,30,98,136,1.338235294117647,0.05029389468538534,655,I'm sure our next guest needs no introduction
4099,1588,11,24,101,136,1.338235294117647,0.053444113129937396,655,It’s me against the world in 2020.
4276,1588,6,34,96,136,1.338235294117647,0.04807921504015383,655,Our next speaker claims to be quite the expert on climate change...
1299,1593,11,25,103,139,1.3381294964028776,0.05261779892279371,655,Earth: #MeToo
5239,1594,9,30,103,142,1.3380281690140845,0.04985978135521382,655,"Hey, I can see my house from here!"
2326,1594,14,20,108,142,1.3380281690140845,0.054639256959854055,655,I have a certain global perspective that the other candidates don't.
1806,1594,8,32,102,142,1.3380281690140845,0.04884780113702849,655,‘What on earth..??’
1960,1594,12,24,106,142,1.3380281690140845,0.052779429320435695,655,Our next speaker will dispel the flat earth myth.
1597,1598,13,23,109,145,1.3379310344827586,0.05290478838098876,655,Read my lips: No new axes!
2539,1598,9,31,105,145,1.3379310344827586,0.04915053276603517,655,"And now, a word from our Mother."
4004,1598,8,33,104,145,1.3379310344827586,0.04816626859714244,655,My opponent would have you believe that she carries the weight of the world on her shoulders....
408,1601,8,34,106,148,1.337837837837838,0.047510223838564285,655,I know an occident waiting to happen when I see one.
424,1601,10,30,108,148,1.337837837837838,0.04940727371455494,655,We could finally get rid of daylight saving time if you would stop your tilting.
2962,1601,13,24,111,148,1.337837837837838,0.05212355212355213,655,"Like my opponent,I carry the weight of the world on my shoulders."
5206,1601,10,30,108,148,1.337837837837838,0.04940727371455494,655,My opponent’s world view is inflated.
449,1605,8,35,108,151,1.3377483443708609,0.04687818719093601,655,Could you move the microphone further from D.C? Thanks.
2912,1605,11,29,111,151,1.3377483443708609,0.049623231419971964,655,"No, all the world is not on stage!"
4239,1605,7,37,107,151,1.3377483443708609,0.04592672657133192,655,"You may have the world behind you, but I have the money."
992,1608,12,28,114,154,1.3376623376623376,0.04980292135372534,655,And here’s my opponent who just rolled in to give you some really bad news.
3894,1608,7,38,109,154,1.3376623376623376,0.04534224063990751,655,My opponent would like you to be believe he is somehow more worldly than you or I
4686,1608,11,30,113,154,1.3376623376623376,0.0489433196416195,655,Don’t bring my sun into this.
3475,1611,12,29,116,157,1.3375796178343948,0.04912607156105366,655,"If Fox says you're flat, you're flat."
4312,1612,13,28,119,160,1.3375,0.04927740434130385,655,What was it like coming out as Gaia?
524,1612,14,26,120,160,1.3375,0.05006874205347693,655,My opponent likes to put the spin on just about every position.
4491,1614,7,41,115,163,1.3374233128834356,0.04370625794658608,655,"Sorry, I think we have more pressing matters to discuss than your personal health."
3451,1614,14,27,122,163,1.3374233128834356,0.049400602404890095,655,"Despite the evidence before me, I still maintain my opponent is flat."
1296,1616,7,28,90,125,1.336,0.05198510953054948,655,"Will you please do me a favor and stop rotating, you're making me dizzy."
537,1617,9,26,96,131,1.3358778625954197,0.05265771213634361,655,Nobody does global politics better than me. No one.
5070,1618,8,29,97,134,1.335820895522388,0.05074247280950872,655,"So what?  MY earth is much, much bigger!"
572,1619,7,32,98,137,1.3357664233576643,0.04890094379315699,655,You get your climate under control.  Then we'll talk.
3184,1620,8,31,101,140,1.3357142857142856,0.049260423676337574,655,"Only a closeted socialist would believe my opponent ""supports life as we know it"""
3946,1620,11,25,104,140,1.3357142857142856,0.052296406277379165,655,"So,as you can see,""me against the world"" was NOT hyperbole as my opponent has claimed."
4507,1620,8,31,101,140,1.3357142857142856,0.049260423676337574,655,"Sooo...trying to intimidate me on a global scale, eh?"
4538,1620,9,29,102,140,1.3357142857142856,0.05029278540398302,655,I'm here to remind you that America is not the world.
5222,1620,11,25,104,140,1.3357142857142856,0.052296406277379165,655,"Ladies and Gentlemen, I'd like to introduce MotherEarth on her Farewell Tour"
3407,1625,9,30,104,143,1.3356643356643356,0.04956628193580806,655,This is not what I meant by a worldwide debate!
4102,1625,9,30,104,143,1.3356643356643356,0.04956628193580806,655,It's true - the internet does make the world smaller
734,1627,12,25,109,146,1.3356164383561644,0.051686162111617785,655,My opponent promises the world but don't be fooled by cheap parlor tricks.
1592,1627,10,29,107,146,1.3356164383561644,0.0498248204336886,655,"As you can plainly see, the Chinese are behind this!"
1785,1627,14,21,111,146,1.3356164383561644,0.053482763357997454,655,"Oops, we seem to have lost Atlas."
2526,1630,7,36,106,149,1.3355704697986577,0.04627493200466555,655,And you think you're better suited to deal with the problems of the world?
456,1630,11,28,110,149,1.3355704697986577,0.050041464989598765,655,"Why yes, it is warm in here."
520,1632,11,29,112,152,1.3355263157894737,0.04934573589524132,655,I'm just getting warmed up
2700,1632,12,27,113,152,1.3355263157894737,0.05022091224563313,655,Could you turn around to show you’re actually round?
4355,1632,11,29,112,152,1.3355263157894737,0.04934573589524132,655,"I say, release those so-called evolutionary records, Madame!"
2957,1635,12,28,115,155,1.335483870967742,0.04952850110648353,655,"Senator, I lived on Mother Earth. I knew Mother Earth. Mother Earth was a friend of mine. Senator, you're no Mother Earth!"
2960,1635,11,30,114,155,1.335483870967742,0.04867530422394468,655,He’s got the whole world on his stand.
3607,1635,9,34,112,155,1.335483870967742,0.046922392097705524,655,This is hardly what I had in mind when I agreed to debate a globalist!
3859,1635,14,24,117,155,1.335483870967742,0.051192253153945946,655,"And now for the  ""climate change isn't real"" rebuttal....."
828,1639,11,32,118,161,1.3354037267080745,0.047404774914514745,655,"You are a hoax.
Everyone knows you’re flat."
923,1639,13,28,120,161,1.3354037267080745,0.04901522404112212,655,"Your plan is all about YOU, isn't it? You say, 'My air is dirty. My water is polluted. My animals are dying!' I say Americans are tired of narcissistic politicians!"
2284,1639,14,26,121,161,1.3354037267080745,0.04980092307733052,655,"My very, very brilliant scientists, and they’re like really smart,  are telling me that the Trump Administration is a hoax, okay?"
547,1642,9,37,118,164,1.3353658536585367,0.04517530240472377,655,Absolutely! But I could give you a better answer if your question was a little more Pacific.
3668,1642,11,33,120,164,1.3353658536585367,0.04680215107805103,655,"Wait, one at a time."
4678,1644,14,29,127,170,1.3352941176470587,0.047889039318118595,655,You're just here for the air conditioning.
4172,1645,8,26,92,126,1.3333333333333333,0.05285499781147279,655,"Trumps Ted Talk on Global Warming... ""We've got a Earth, a big big Earth, the biggest Earth that Earth has ever seen"""
3989,1645,10,27,104,141,1.3333333333333333,0.050994831240418585,655,Unlike my opponent I speak for the one percent
4409,1645,10,29,108,147,1.3333333333333333,0.04953735576689809,655,"On this issue, I'm sure my opponent, like all Progressives, will claim to speak for the World."
3638,1645,9,27,99,135,1.3333333333333333,0.05151116061908372,655,Please stop overstating what you bring to the table.
3970,1645,6,31,92,129,1.3333333333333333,0.0496271628965189,655,Your perspective is way off.
4457,1645,13,25,115,153,1.3333333333333333,0.05079349722321863,655,I believe my opponent is involved in a global conspiracy!
3439,1645,8,30,100,138,1.3333333333333333,0.0496825140124427,655,It's getting a little warm in here.
4611,1645,7,27,89,123,1.3333333333333333,0.05248289029813371,655,And just how is it our fault that you run hot and cold?
4700,1645,13,17,99,129,1.3333333333333333,0.057538886974044655,655,Do not be fooled by appearances! My opponent only seems to be down-to-earth.
4943,1645,9,31,107,147,1.3333333333333333,0.04858766979657162,655,"Getting a little heated, are we?"
4952,1645,9,25,95,129,1.3333333333333333,0.053162274125368995,655,The Democratic field is crowded.
4978,1645,13,21,107,141,1.3333333333333333,0.05389270990607103,655,My opponent would have you believe he is round
5043,1645,9,22,89,120,1.3333333333333333,0.05592779124728766,655,Global warming? What planet are you from?
4552,1645,9,28,101,138,1.3333333333333333,0.05073597068543737,655,I can tell from that last comment that you’re getting a bit heated.
3372,1645,11,28,111,150,1.3333333333333333,0.04975705331869026,655,"The white areas are recent Facebook outages.
Next side, please."
1008,1645,15,20,115,150,1.3333333333333333,0.05323256700001312,655,"Empirical evidence aside, you're flat."
3287,1645,9,28,101,138,1.3333333333333333,0.05073597068543737,655,Now my opponent here claims global warming is real.
142,1645,6,33,96,135,1.3333333333333333,0.048184278657923386,655,You look fine to me.
200,1645,12,23,106,141,1.3333333333333333,0.05294437702368598,655,My opponent is full of hot air.
208,1645,8,25,90,123,1.3333333333333333,0.053737638535487776,655,"With absolutely NO academic or scientific credentials, how can you stand there and tell us global warming is real?!"
281,1645,6,34,98,138,1.3333333333333333,0.04750556970506273,655,"Nobody has ever been more round than I am, that I can tell you."
283,1645,10,30,110,150,1.3333333333333333,0.04884955369648744,655,"Senator, I served with Neptune. I knew Neptune. Neptune was a friend of mine. Senator, you're no Neptune."
746,1645,11,28,111,150,1.3333333333333333,0.04975705331869026,655,And our keynote speaker is the late great planet earth.
864,1645,7,29,93,129,1.3333333333333333,0.05083285677753488,655,Atlas has left the building!
3302,1645,10,29,108,147,1.3333333333333333,0.04953735576689809,655,"Sure, my opponent seems American. But he hides an insidious socialist secret behind his back."
1603,1645,9,29,103,141,1.3333333333333333,0.04999155619347184,655,"We both read 'Atlas Shrugged', but one of us took it too literally."
1630,1645,8,27,94,129,1.3333333333333333,0.0520106081407738,655,"I apologize, no reason to get hot."
1817,1645,12,30,120,162,1.3333333333333333,0.04796287192241285,655,And I disagree with your world view!
2175,1645,9,27,99,135,1.3333333333333333,0.05151116061908372,655,You don’t speak for all of us!
2221,1645,10,32,114,156,1.3333333333333333,0.04754809791842705,655,"I am sick and tired of people speaking for the Earth-
Let the Earth speak for herself!"
3168,1645,10,24,98,132,1.3333333333333333,0.05341307940411538,655,… while my opponent just stands there getting hot under the collar.
3516,1676,8,42,125,175,1.3314285714285714,0.042413688211347764,655,"And yet, my opponent claims that I blow things out of proportion."
3436,1677,12,28,117,157,1.3312101910828025,0.04898824050702167,655,"Sir, I lived on the earth in 1950. The earth in 1950 was my home. You are no earth of 1950."
2966,1677,6,40,111,157,1.3312101910828025,0.04370230890931458,655,Ok! I admit it! Climate change is real!
1561,1677,11,30,116,157,1.3312101910828025,0.04814756889652573,655,"And now, we finally will listen to the Earth!"
2753,1680,7,37,110,154,1.3311688311688312,0.04518698460161818,655,Oh you think your so worldly!
3085,1680,13,25,116,154,1.3311688311688312,0.05050899132163069,655,Flat?!  Do I look flat to you?
3200,1682,10,30,111,151,1.3311258278145695,0.0485751544924298,655,Before I present our keynote speaker; Would event staff please lower the thermostat?
4119,1682,7,36,108,151,1.3311258278145695,0.045767291505088736,655,"Year after year, you just can’t help yourself from circling back to the same point."
4706,1682,7,36,108,151,1.3311258278145695,0.045767291505088736,655,"It’s easy for your to say, “think locally, act globally,” but what about the rest of us?"
4949,1682,8,34,109,151,1.3311258278145695,0.046721999020400654,655,"You may have all the facts in the world, but I have public opinion on my side."
1816,1686,11,27,110,148,1.3310810810810811,0.050177579043222675,655,"Earth, you ignorant slut!"
1660,1686,10,29,109,148,1.3310810810810811,0.049253028082358805,655,Cut the global positioning
1675,1686,9,31,108,148,1.3310810810810811,0.04831078670363784,655,I take issue with your heated argument.
2,1689,6,36,103,145,1.3310344827586207,0.04596264143248784,655,"Once again, my opponent and I are worlds apart on this issue."
1146,1689,11,26,108,145,1.3310344827586207,0.05090669514431852,655,I am pointing to the only country on the planet that is not fighting climate change.
1923,1689,11,26,108,145,1.3310344827586207,0.05090669514431852,655,"I cede 2,000,000,000,000,000 minutes to the gentlewoman from the Solar System"
2313,1689,11,26,108,145,1.3310344827586207,0.05090669514431852,655,Do I hear a second for ordering the rotating base?
4859,1689,10,28,107,145,1.3310344827586207,0.04995704324620859,655,My opponent’s plan would take ages.
812,1694,10,27,105,142,1.3309859154929577,0.05068882328585695,655,The country is frankly fed up with  your constantly revolving positions.
1478,1694,10,27,105,142,1.3309859154929577,0.05068882328585695,655,But Europe and Asia are on the other side of your position.
1480,1694,6,35,101,142,1.3309859154929577,0.04658107257928534,655,My opponent presents the Western viewpoint...
3312,1694,7,33,102,142,1.3309859154929577,0.04764122630142611,655,You are out of orbit!
1405,1698,6,34,99,139,1.330935251798561,0.047223493152886764,655,"Indeed, my opponent holds a more global view."
3265,1698,9,28,102,139,1.330935251798561,0.05042669480767781,655,I think the world is trying to tell us something.
3911,1698,5,36,98,139,1.330935251798561,0.046106332439323675,655,"Okay, let me stop you right there."
2224,1701,7,31,98,136,1.3308823529411764,0.049015522705595845,655,Here with an opposing viewpoint is a globalist.
1384,1701,11,23,102,136,1.3308823529411764,0.053275241093751376,655,Well... you're fat.
4063,1701,11,23,102,136,1.3308823529411764,0.053275241093751376,655,We've discovered this lovely blue planet in orbit around a distant star in our galaxy that supports life. But there are no signs of intelligent life.
1600,1704,7,30,96,133,1.330827067669173,0.04974508327016351,655,And I'll speak for the rest of us.
1187,1704,9,26,98,133,1.330827067669173,0.05198476356261508,655,What do you mean my time is up?
221,1706,9,25,96,130,1.3307692307692307,0.05281402835187558,655,I'm sure it is hard to hear that you only have twelve years left.  May I suggest a bucket list?
1103,1706,5,33,92,130,1.3307692307692307,0.04808616488393792,655,"And last, but not least. Mother Earth."
1178,1706,10,23,97,130,1.3307692307692307,0.05393127270081415,655,And now let’s hear from the America’s with their side of the story.
2200,1706,9,25,96,130,1.3307692307692307,0.05281402835187558,655,"So, Mr. Atlas, what is your position on global expansion?  Mr. Atlas?...Mr. Atlas?..."
2387,1706,9,25,96,130,1.3307692307692307,0.05281402835187558,655,Could we please have a question on something other than climate change?
3797,1706,7,29,94,130,1.3307692307692307,0.050505449428739774,655,Please try to resist my opponent's natural gravity and focus on the issues.
3453,1712,9,24,94,127,1.330708661417323,0.05367988051945491,655,Okay Atlas . . .who shrugged?
2403,1712,7,28,92,127,1.330708661417323,0.05129874090732825,655,Don't blame us! You're the one who turned dinosaurs into oil!
3517,1714,8,24,89,121,1.3305785123966942,0.05427766303131831,655,The time for action has come....the world has spoken.
3585,1715,12,29,120,161,1.329192546583851,0.04808151521367492,655,You just think you're getting warmer.
1510,1716,12,27,116,155,1.3290322580645162,0.04938641309124241,655,"Break into ""We Are the World"" and I'm outta here."
2414,1716,7,37,111,155,1.3290322580645162,0.04494532117152985,655,That's quite the spin you put on it!
438,1718,9,32,111,152,1.3289473684210527,0.04739310382823097,655,"You're always throwing shade."""
1546,1718,10,30,112,152,1.3289473684210527,0.04830367135336772,655,Tell us again why we should care.
5136,1720,12,25,112,149,1.3288590604026846,0.050790015797498644,655,Fake news! the world is flat.
4980,1720,10,29,110,149,1.3288590604026846,0.04897179046732671,655,This year the Golden Globe goes to....
4728,1720,7,35,107,149,1.3288590604026846,0.04611021683829016,655,"Thanks for leaving your orbit, now do you feel the gravity of our situation ?"
4262,1720,7,35,107,149,1.3288590604026846,0.04611021683829016,655,Adios to my opponent!... crushed by carrying the weight of the world on his shoulder.
1798,1720,9,31,109,149,1.3288590604026846,0.04803687687608914,655,I agree we can put that whole flat earth debate to bed.
1904,1725,10,28,108,146,1.3287671232876712,0.049665474256488824,655,"You may have the world on your side, but I know I’m right!"
3596,1725,11,26,109,146,1.3287671232876712,0.050607634250293854,655,It is with great pleasure that I introduce someone you've all been dreading to hear speak.
3948,1725,9,30,107,146,1.3287671232876712,0.04870509236037227,655,Perry makes the best of his magnificent opportunity to address the world at large.
4001,1725,5,38,103,146,1.3287671232876712,0.04465750526702259,655,My opponent is spinning lies!
3657,1729,9,29,105,143,1.3286713286713288,0.04939925102463513,655,"You take one position, then do an about face and it's the very opposite."
4269,1729,5,37,101,143,1.3286713286713288,0.045236199849642264,655,Clearly my opponent has taken his view of globalization too far.
1109,1729,10,27,106,143,1.3286713286713288,0.05038629831645157,655,"Yeah, yeah sure, cry me a river."
1760,1732,12,22,106,140,1.3285714285714285,0.053107791589643384,655,A vote for me is a vote against the world.
2465,1732,13,20,107,140,1.3285714285714285,0.054066740704871455,655,You what ? You just rolled over a guy with yellow hair and a long red tie ?
3478,1732,8,30,102,140,1.3285714285714285,0.04908500622240732,655,"No, no -- you're confusing weather with climate."
3775,1732,7,32,101,140,1.3285714285714285,0.048026689589591304,655,Is it just me or is it getting warmer in here?
4186,1736,10,25,102,137,1.3284671532846715,0.05191635551804841,655,"Theory yes,but what does my opponent know for a fact about climate change?"
1089,1736,12,21,104,137,1.3284671532846715,0.05394434524755996,655,She needs no introduction.
2929,1736,12,21,104,137,1.3284671532846715,0.05394434524755996,655,You don’t seem warm to me!
5163,1736,13,19,105,137,1.3284671532846715,0.05493027026279518,655,"Ok, so maybe humans did cause it, but we didn't mean to."
4867,1740,8,28,98,134,1.328358208955224,0.05055645847511103,655,"I can tell you right now that you are most certainly not warming at all, and what's more, you're flat..."
2106,1740,8,28,98,134,1.328358208955224,0.05055645847511103,655,"And this is the planet earth, a bleak and forbidding place that once supported a primitive life-form inexplicably bent on self destruction."
1955,1740,7,30,97,134,1.328358208955224,0.04943414450470018,655,My opponent thinks he is so worldly!
119,1740,10,24,100,134,1.328358208955224,0.05272947178584024,655,"That's quite the costume, Donald."
3653,1744,8,27,96,131,1.3282442748091603,0.0513387974031577,655,You may say you are warming but the GOP is not impressed
2921,1744,8,27,96,131,1.3282442748091603,0.0513387974031577,655,Well of course 'Big Earth' is against climate change.
597,1746,7,28,93,128,1.328125,0.05096192683959982,655,"Apparently, my opponent considers herself the ""change"" candidate."
3510,1747,7,27,91,125,1.328,0.051776193308782234,655,"No I don't accept coal money, but you're getting warm!"
3031,1748,10,19,90,119,1.3277310924369747,0.05737112679425389,655,You don't speak for everybody
3207,1749,9,20,87,116,1.3275862068965518,0.05713796405960218,655,"As a white man, I obviously know more about the environment than Mother Earth."
3318,1749,9,20,87,116,1.3275862068965518,0.05713796405960218,655,"So as you can plainly see, its round on this side, but its flat on the other!"
2402,1751,11,15,87,113,1.3274336283185841,0.06086512554494664,655,"May I just say, you are my Oyster."
4654,1752,10,35,123,168,1.3273809523809523,0.04507148569810188,655,And although my opponent will say she has the entire world on her side . . .
1040,1753,15,24,126,165,1.3272727272727274,0.04950877423309219,655,"Sorry, but we don't care for your opinion on climate change"
324,1754,11,31,120,162,1.3271604938271604,0.0470184960461895,655,While my opponent may have a world view....
2622,1755,9,33,114,156,1.3269230769230769,0.046519437081083706,655,"Can I speak to your Russian side, please!"
3595,1755,10,31,115,156,1.3269230769230769,0.047400116163145614,655,Do you know who I am?
3621,1755,10,31,115,156,1.3269230769230769,0.047400116163145614,655,Let me tell you what the world needs...
4805,1755,12,27,117,156,1.3269230769230769,0.04911412204404435,655,"I  mean, it's flat.  Look how flat it is."
3138,1759,7,36,110,153,1.326797385620915,0.045269959420803814,655,"They say that the whole world is against me, but I know it's not true. Some of the smaller countries are neutral."
4018,1759,8,34,111,153,1.326797385620915,0.04621004801952416,655,I don't think the Earth should have a say in this!
4420,1759,9,32,112,153,1.326797385620915,0.04713138922175149,655,"My opponent makes a compelling argument, but we still maintain that Earth is flat!"
3505,1762,11,27,112,150,1.3266666666666667,0.049603949711638694,655,"When the world talks, people, listen"
3188,1762,9,31,110,150,1.3266666666666667,0.04776589693252739,655,"The world may disagree with me, but I stand firmly by my belief!"
2569,1762,8,33,109,150,1.3266666666666667,0.04681981899960586,655,Global domination on a world stage.
184,1762,11,27,112,150,1.3266666666666667,0.049603949711638694,655,"I am not now, nor have I ever been, an extraterrestrial."
3109,1762,10,29,111,150,1.3266666666666667,0.048693596790356376,655,"Round, schmound. The real question in this election is, ""Where's Atlantis? What have you done with it?"""
4331,1767,10,28,109,147,1.3265306122448979,0.04937713361303561,655,And ask yourself: who exactly will my opponent represent?
3409,1768,10,27,107,144,1.3263888888888888,0.050087201650166446,655,"So who ya gonna trust, me or this ignorant orb?"
3346,1769,9,28,104,141,1.326241134751773,0.049818773800340825,655,"I don’t have to listen to you anymore, Mom."
89,1769,10,26,105,141,1.326241134751773,0.05082545961979334,655,Is it not now completely obvious that my opponent is full of hot air?
581,1769,10,26,105,141,1.326241134751773,0.05082545961979334,655,And arguing that climate change is real....
2991,1769,7,32,102,141,1.326241134751773,0.0477417634548839,655,"You yielded your time, it's my turn to talk about the environment."
3220,1769,11,24,106,141,1.326241134751773,0.05181258986150916,655,"Yes, I do stand by my position that the earth is flat."
3349,1769,8,30,103,141,1.326241134751773,0.04879132197815311,655,"It's okay, I've got the electoral college votes."
1980,1775,11,23,104,138,1.326086956521739,0.05260890984758982,655,All my stage is a world!
2092,1775,9,27,102,138,1.326086956521739,0.05055812842419942,655,I yield my time.
1541,1777,10,24,101,135,1.325925925925926,0.0523939130624497,655,You think you're the center of the universe! Stop throwing your weight around.
3165,1777,8,28,99,135,1.325925925925926,0.05023948135648348,655,Bet you can't spin that one.
4847,1777,7,30,98,135,1.325925925925926,0.049126847725606285,655,Don't get me wrong. I think the world of you!
4519,1780,7,28,94,129,1.3255813953488371,0.05062926541710517,655,The problem is clearly bigger than both of us.
827,1781,6,29,91,126,1.3253968253968254,0.050179822770240114,655,I don't think you have the authority to talk about global warming.
3139,1781,6,29,91,126,1.3253968253968254,0.050179822770240114,655,Are you threatening me with extinction?
2037,1783,10,34,122,166,1.3253012048192772,0.045391379416056615,655,"Next, we will hear from the Western Hemisphere."
2507,1784,14,12,97,123,1.3252032520325203,0.06053642537949794,655,"Ladies and Gentlemen, may I introduce the Democratic Nominee for President, The World."
2593,1785,11,30,119,160,1.325,0.04737612115133438,655,"On the other hand, look at my opponent.  She's all over the place!"
4475,1785,8,23,89,120,1.325,0.054442038667097056,655,"As a fossil fuel CEO, I know hot, and as yet, you, Madam, are no Venus."
4643,1785,14,24,122,160,1.325,0.04980307131040902,655,We don't care what the world has to say. We're America!
809,1788,9,33,115,157,1.3248407643312101,0.046269065625979565,655,"Easy, big fella! Some boundaries! Please!"
1009,1789,12,26,116,154,1.3246753246753247,0.04951433502515563,655,My opponent will try tonight to convince you that he is flat.
2125,1789,11,28,115,154,1.3246753246753247,0.04864963448125524,655,And now I’d like to introduce the world’s biggest Flat Earth skeptic.”
3212,1789,9,32,113,154,1.3246753246753247,0.04687240189613191,655,"this is just a debate,you need to cool down."
3987,1789,13,24,117,154,1.3246753246753247,0.05036419175174925,655,I've come here to say: I'll be fine. You'll be dead. Keep up the good work.
4301,1793,12,25,114,151,1.3245033112582782,0.05020898389675462,655,what makes you think you are getting warmer??
472,1794,10,28,110,148,1.3243243243243243,0.049091972001957924,655,Who are you to say the earth isn't flat?!
635,1794,10,28,110,148,1.3243243243243243,0.049091972001957924,655,"You’re spinning my words again...all day long with you — spin, spin, spin!"
4750,1794,11,26,111,148,1.3243243243243243,0.05001949998148977,655,Think of your ice caps before you let this debate get any more heated!
1829,1797,8,31,106,145,1.3241379310344827,0.047829076486352144,655,"OK, you made your point: you are round."
3507,1797,6,35,104,145,1.3241379310344827,0.04578263509575732,655,I refuse to go there.
4381,1799,7,32,103,142,1.323943661971831,0.047460002954028066,655,"Oh, and what evidence can you submit that PROVES you're not actually flat?"
4280,1799,12,22,108,142,1.323943661971831,0.052458578752493705,655,"As you can see, my opponent and I are a world apart on the issues."
4260,1799,10,26,106,142,1.323943661971831,0.050518533658425714,655,Why should voters believe you about global warming?
3424,1799,8,30,104,142,1.323943661971831,0.04850094845735905,655,Isn't that sort of a global response?
2939,1799,12,22,108,142,1.323943661971831,0.052458578752493705,655,How do you call yourself global when you are clearly only representing the western hemisphere?
1687,1799,9,28,105,142,1.323943661971831,0.04952001738822842,655,Global inflation is a looming problem.
1661,1799,11,24,107,142,1.323943661971831,0.05149769280137255,655,Just look at the size of his lands.
737,1799,6,34,102,142,1.323943661971831,0.04639570841715111,655,"As anyone can see, my opponent's reasoning is completely circular."
362,1807,10,24,102,136,1.3235294117647058,0.05206242371510491,655,You do look flat!
1940,1807,5,34,97,136,1.3235294117647058,0.04653851795795528,655,So you just expect us to take your word for it that you're getting warmer?
3925,1809,10,34,123,167,1.3233532934131738,0.04516078505285336,655,You're talking in circles.
2978,1810,11,21,101,133,1.3233082706766917,0.053949581304250906,655,And now Gaia will speak to the pro side for human extinction.
4225,1810,10,23,100,133,1.3233082706766917,0.052883231334244635,655,"You can say ""round, round"" all you want but you look flat to me"
996,1810,10,23,100,133,1.3233082706766917,0.052883231334244635,655,So maybe I shouldn't have told Atlas to shrug...
264,1813,8,26,96,130,1.323076923076923,0.05147251452365186,655,"I, on the other hand, firmly reject globalism!"
322,1813,10,22,98,130,1.323076923076923,0.05373956568619883,655,"With all due respects,my opponent's personal experience with the enviornmental impact of human activity is anecdotal and , therefore,not relevant to our debate."
173,1815,6,29,92,127,1.3228346456692914,0.04984902812264091,655,I would warn you about being swayed by my honourable opponent’s easily discredited  “One World” philosophy.
5095,1815,12,17,98,127,1.3228346456692914,0.05687558233978031,655,Excuse me!  You’ve been getting hotter and hotter throughout this whole climate change debate!
1739,1817,6,39,113,158,1.3227848101265822,0.04331370854081682,655,Wait! It's not my fault. I belong to the Sierra Club
3142,1817,6,39,113,158,1.3227848101265822,0.04331370854081682,655,Now we get to hear from the small world after all!
3234,1817,8,35,115,158,1.3227848101265822,0.045136777219089576,655,The era of what goes around comes around is over!
2158,1820,9,22,93,124,1.3225806451612903,0.05437626087510704,655,No one's looking for a revolution.
2436,1820,11,28,116,155,1.3225806451612903,0.048380114005303135,655,"Not buying it, still flat."
1183,1820,13,24,118,155,1.3225806451612903,0.050082030632641855,655,"I served with Planet Earth. I knew Planet Earth. Planet Earth was a friend of mine. Senator, you're no Planet Earth!"
1136,1820,9,22,93,124,1.3225806451612903,0.05437626087510704,655,"Going, going............"
1801,1820,9,32,114,155,1.3225806451612903,0.046616103119451975,655,Enough with the 'think global' already!
1175,1825,16,17,119,152,1.3223684210526316,0.05329993464144561,655,"...political chaos, pestilence, overcrowding and you've got a fever...is that what we need in a sophomore class president?"
1853,1825,8,33,111,152,1.3223684210526316,0.04630092900641373,655,"No sir, it only ""feels"" like the weight of the whole world is on your shoulders."
3402,1825,12,25,115,152,1.3223684210526316,0.04992323637165031,655,"So, can you tell us all a little more about this 'round-earth theory' of yours?"
4203,1825,13,23,116,152,1.3223684210526316,0.05078846232718948,655,Going twice at $14.99.
1905,1829,9,30,110,149,1.3221476510067114,0.04787186663834796,655,"Moreover, my opponent is not even a U.S. citizen!"
2965,1829,10,28,111,149,1.3221476510067114,0.048809940965001956,655,My opponent would like you to think he has the weight of the world on his shoulders.
729,1831,6,26,86,118,1.3220338983050848,0.052299513970527865,655,I object!  You are only showing one side.
439,1832,9,29,108,146,1.321917808219178,0.048535405079492736,655,Will you please cool off!!
1805,1832,6,35,105,146,1.321917808219178,0.04552214419776124,655,"So please, during the debate, no releasing of noxious clouds of methane from your tundra."
2166,1832,9,29,108,146,1.321917808219178,0.048535405079492736,655,"Well, what the hell do YOU know?"
3305,1832,13,21,112,146,1.321917808219178,0.05228363789359624,655,My opponent is nothing but a single-issue candidate.
4019,1836,7,32,104,143,1.3216783216783217,0.047181360975916145,655,And I will make the Earth great again.
4718,1836,8,30,105,143,1.3216783216783217,0.04821383494163514,655,"My opponent here, thinks he holds a world view."
3152,1838,10,25,105,140,1.3214285714285714,0.0509598083805325,655,"All right Earth, calm down. You're getting a little heated there."""
4462,1838,7,31,102,140,1.3214285714285714,0.04783907713809043,655,"Ma’am, please calm down. I’m afraid you’re getting a little heated."
3890,1840,7,30,100,137,1.3211678832116789,0.04852295204537579,655,The whole world is listening.
3789,1840,9,26,102,137,1.3211678832116789,0.05068689464851234,655,I knew Europe.  Europe was a friend of mine. America - you are no Europe.
507,1840,6,32,99,137,1.3211678832116789,0.04740395203189354,655,We get it. Your platform is climate change.
3231,1840,10,24,103,137,1.3211678832116789,0.05173493496724591,655,Who in the world asked for your opinion?
2914,1844,12,19,103,134,1.3208955223880596,0.05463660287544542,655,Would you stop going in circles? Things are getting heated.
3426,1844,8,27,99,134,1.3208955223880596,0.05036144329974012,655,"Yes, yes, I get your not-so-subtle point, Mr Atlas."
3270,1846,12,35,137,184,1.3206521739130435,0.043624649614925494,655,"I can't speak for the World, but...."
1681,1847,10,22,99,131,1.3206106870229009,0.05338475942949052,655,"OK,OK, we'll listen!"
5238,1847,5,32,94,131,1.3206106870229009,0.04756819818810751,655,"You wouldn’t know it from my opponent, but there’s a whole other side to this story."
4685,1849,12,26,118,156,1.3205128205128205,0.0489654589412611,655,I just want to say that I think the world of our next speaker.
188,1849,12,26,118,156,1.3205128205128205,0.0489654589412611,655,My opponent is a globalist.
3723,1849,11,28,117,156,1.3205128205128205,0.04811344077687164,655,"If my opponent is actually warming, burning, or on fire, wouldn't we all have seen smoke?"
73,1852,11,19,98,128,1.3203125,0.05538607533748325,655,Please give a nice round of applause for our next speaker at this flat earth fact finding symposium.
913,1853,8,33,112,153,1.3202614379084967,0.04604554472247329,655,Don't go all global on me!
1481,1853,9,31,113,153,1.3202614379084967,0.04697011284630677,655,"A vote for me, Donald Trump, and I can make all this go away."
2491,1853,10,29,114,153,1.3202614379084967,0.04787682960264073,655,My opponent can't seem to stop talking in circles.
3949,1856,10,28,112,150,1.32,0.04853099288798357,655,Doesn't feel that warm to me...
4542,1856,6,28,91,125,1.32,0.05028948456749697,655,My opponent shows a clear north-south bias
2443,1856,10,28,112,150,1.32,0.04853099288798357,655,Don’t you go mansplaining climate change to me.
3933,1856,10,28,112,150,1.32,0.04853099288798357,655,"Do not listen to my opponent. Clearly, he is a globe-alist."
3718,1860,11,25,111,147,1.3197278911564625,0.050147851995045616,655,"Need I point out, globalism is out of control!"
2596,1860,14,19,114,147,1.3197278911564625,0.052861809844760896,655,"And contrary to the President's twitter assertion,  the world is round."
1102,1860,10,27,110,147,1.3197278911564625,0.049209949193241884,655,"Flat-earthers: ""Fake news"""
253,1860,8,31,108,147,1.3197278911564625,0.047278358467382736,655,Hold it right there...how can you claim to speak for the whole world when I stand here in opposition ?
504,1860,8,31,108,147,1.3197278911564625,0.047278358467382736,655,And now to speak to us about global warming.
2611,1865,9,21,92,122,1.319672131147541,0.054924654877408,655,We will no longer comply with the Paris Climate Accords despite the opposition!
416,1866,11,24,109,144,1.3194444444444444,0.05087881317719878,655,"Sorry, but I think your argument still falls flat."
497,1866,6,34,104,144,1.3194444444444444,0.04585878481485102,655,I feel like it’s me versus the world up here!
3286,1866,11,24,109,144,1.3194444444444444,0.05087881317719878,655,"Please don't mansplain ozone depletion to me, sir"
1722,1869,8,37,121,166,1.319277108433735,0.04360461322776577,655,What possible impact could you have on me?
2709,1869,10,33,123,166,1.319277108433735,0.04524821537915737,655,"the whole world is ganging up on me, not fair"
4299,1871,7,31,103,141,1.3191489361702127,0.04755325382088396,655,Where's Atlas you asked?
4278,1871,13,19,109,141,1.3191489361702127,0.05356505096157125,655,Mr Atlas will be back in a moment!
2941,1871,9,27,105,141,1.3191489361702127,0.04963815260604339,655,All my opponent cares about is herself!
180,1871,10,25,106,141,1.3191489361702127,0.05064842857122588,655,"While my opponent might have science on its side, I have the unerring wisdom of Twitter on mine."
156,1871,9,27,105,141,1.3191489361702127,0.04963815260604339,655,"Yes, my opponent is definitely more worldly than I."
2783,1871,10,25,106,141,1.3191489361702127,0.05064842857122588,655,Sorry.
1790,1877,11,30,122,163,1.3190184049079754,0.04662795930378374,655,Make the Americas Great Again!
4731,1878,7,30,101,138,1.318840579710145,0.04822624144096608,655,I concede that my opponent's arguments are supported by the weight of world opinion...
335,1879,9,33,118,160,1.31875,0.04553307164257147,655,"I get it - you're a big picture guy. But, you have to consider the details."
3864,1880,8,27,100,135,1.3185185185185184,0.05004348783418763,655,"Thank you, Ms. Terra, your five minutes are up. The spokesman from OPEC will now read a rebuttal."
4402,1880,6,31,98,135,1.3185185185185184,0.04778319825611717,655,"""I see a world of differences between my opponent and myself."""
4857,1882,10,30,117,157,1.3184713375796178,0.04698853377262087,655,My opponent appears to be having hot flashes.
3483,1882,13,24,120,157,1.3184713375796178,0.04952676304873006,655,Let's give a great big welcome - to everyone!
623,1882,10,30,117,157,1.3184713375796178,0.04698853377262087,655,"Just who does my opponent think he is, claiming to speak for the entire world!"
1950,1882,9,32,116,157,1.3184713375796178,0.046111419288204794,655,Hold it right there. Prove that you're getting warmer.
2716,1882,10,30,117,157,1.3184713375796178,0.04698853377262087,655,"Who would ever elect everyone's mother and an obvious globalist?"""
1787,1887,14,29,136,179,1.318435754189944,0.04580485019513703,655,Our next speaker will be Donald Trump's ego.
1883,1888,9,31,114,154,1.3181818181818181,0.04671043225372382,655,My opponent promises everything in the world.  But can he really deliver?
2751,1888,12,25,117,154,1.3181818181818181,0.04936103518769198,655,"Without further ado, I give you Mother Earth"
3622,1888,12,32,132,176,1.3181818181818181,0.044932062057158946,655,... and I say the earth is flat!
4500,1888,8,26,98,132,1.3181818181818181,0.05080679388756212,655,"The world will little note nor long remember what I'm saying here.  Nevertheless, I persist."
4774,1888,9,31,114,154,1.3181818181818181,0.04671043225372382,655,"Here on Mars Today, we ask “ Earth , is there life on you “”"
4448,1893,8,32,111,151,1.3178807947019868,0.04638914096799539,655,"Our next speaker wants to weigh in on the debate around the use of the word ""globalist""."
1212,1893,10,28,113,151,1.3178807947019868,0.04825508098894511,655,There’s a world of difference between us!
1255,1893,9,30,112,151,1.3178807947019868,0.047331306980677175,655,"I offer all speakers a bottle of water, but you’re right—it was uniquely insensitive in your case."
518,1896,10,27,111,148,1.3175675675675675,0.04892403821418605,655,I think it's fairly obvious that I speak for everyone here...
1465,1896,9,29,110,148,1.3175675675675675,0.047975335869860275,655,Don't be fooled. My opponent is simply putting its own spin on the same old argument.
2560,1896,11,25,112,148,1.3175675675675675,0.04985469063729482,655,My first visual aid: The earth is flat.
3106,1896,11,25,112,148,1.3175675675675675,0.04985469063729482,655,Hold It!! Atlas is still in make-up.
3473,1896,11,25,112,148,1.3175675675675675,0.04985469063729482,655,You don’t feel warmer to me.
5195,1901,6,28,92,126,1.3174603174603174,0.04995336701656112,655,"Indeed, my opponent’s life revolves around me."
4148,1902,13,20,112,145,1.3172413793103448,0.05243445851934273,655,"Now that your Antarctic ice-cap is gone, what have you done with the penguins?!"
927,1902,10,26,109,145,1.3172413793103448,0.04961870734287214,655,Stop the World. I want to get off.
2137,1902,10,26,109,145,1.3172413793103448,0.04961870734287214,655,"With that, I conclude, that Earth is in fact, flat."
1446,1905,5,29,89,123,1.3170731707317074,0.04940951227044349,655,"Sure, you think globally, but you sure aren't acting very locally."
619,1906,4,37,101,142,1.3169014084507042,0.0439868560269141,655,"If my opponent didn't want us to use fossil fuels, why did she provide them to us?."
817,1906,6,33,103,142,1.3169014084507042,0.046201988538011676,655,And I happen to think that politics are local.
2718,1906,11,23,108,142,1.3169014084507042,0.05132323400957692,655,"I'm sorry, but ""The World is Not Enough""."
3698,1906,10,25,107,142,1.3169014084507042,0.05034068164352512,655,Easy for you to criticize. You just keep turning.
3877,1910,11,29,121,161,1.3167701863354038,0.04697557863649451,655,You think you have problems? Welcome to MY world!
4493,1910,6,39,116,161,1.3167701863354038,0.0426439471727173,655,And I say you DO have room for 3 billion more people!
2653,1910,10,31,120,161,1.3167701863354038,0.04614179490094294,655,"Well, that’s not what Mars said!"
3757,1913,13,18,108,139,1.316546762589928,0.05406620132816737,655,Isn’t it curious how my opponent’s solutions always seem to benefit mostly her?
191,1913,4,36,99,139,1.316546762589928,0.044550806895724306,655,I dare my opponent to not put spin on his comments.
288,1913,7,30,102,139,1.316546762589928,0.04793294940566513,655,It's just me against you now.
585,1913,8,28,103,139,1.316546762589928,0.04900848960416313,655,"Yes, my opponent may be more worldly..."
1542,1913,7,30,102,139,1.316546762589928,0.04793294940566513,655,Don't be so smug. We all have a dark side!
2803,1913,10,24,105,139,1.316546762589928,0.05109169093298822,655,You are full of hot air and it’s actually killing me.
2807,1913,8,28,103,139,1.316546762589928,0.04900848960416313,655,Our next speaker will discuss the benefits of gravity and why you all don't fly off into space.
2953,1913,11,22,106,139,1.316546762589928,0.05210206614854446,655,My opponent claims to care about the Earth...
1856,1921,8,34,116,158,1.3164556962025316,0.04497538685184743,655,"Mars, if you're listening, I hope you're able to find the 30,000 emails that are missing!"
2574,1922,6,25,86,117,1.3162393162393162,0.052423681282471074,655,"Although you did not precisely  guess my position on climate change, you are getting warm."
2012,1923,4,35,97,136,1.3161764705882353,0.04513620862713601,655,Even now you can't stop spinning. . .
2701,1924,8,33,114,155,1.3161290322580645,0.045542706778752565,655,"Yes, it’s your fault."
3521,1924,17,15,123,155,1.3161290322580645,0.053181037652417065,655,"Now for an opposing view in our climate change debate,  from Planet Earth!"
4498,1924,8,33,114,155,1.3161290322580645,0.045542706778752565,655,There it  is !  My half world view.
2505,1927,12,31,131,174,1.3160919540229885,0.045242370104201284,655,Is my opponent getting HOTTER or is it just me?!
4477,1927,10,35,129,174,1.3160919540229885,0.04374917732409341,655,I dare you to speak with one voice.
4912,1929,7,28,98,133,1.3157894736842106,0.04933878245058379,655,"My opponent here claims to be his own man, but in reality he's still being pushed around by the sun."
4346,1929,11,26,115,152,1.3157894736842106,0.04888175515890755,655,You don't have a leg to stand on in this climate change debate.
1513,1929,8,26,99,133,1.3157894736842106,0.05048006161108345,655,...my opponent here has connections to radical environmentalists and vegan activists!
1015,1929,8,32,112,152,1.3157894736842106,0.04613036809080713,655,My opponent is resorting to her usual scare tactics.
994,1929,7,28,98,133,1.3157894736842106,0.04933878245058379,655,I'm warming up to you.
1181,1929,9,24,100,133,1.3157894736842106,0.05159610243818351,655,"Well, that’s one opinion."
3601,1935,9,35,124,168,1.3154761904761905,0.04398515133648947,655,"You may in fact speak for the Americas, but I answer to Bezos."
5214,1936,12,23,114,149,1.3154362416107384,0.05047142920669198,655,"Excuse me, please don’t Earth-splain to me"
260,1936,10,27,112,149,1.3154362416107384,0.048641296477702066,655,Not your turn!
1685,1936,9,29,111,149,1.3154362416107384,0.04769990567563531,655,Just because you’re more worldly does not mean you get to dominate this debate!
4195,1936,10,27,112,149,1.3154362416107384,0.048641296477702066,655,Your circular logic has no place in this debate!
4479,1936,9,29,111,149,1.3154362416107384,0.04769990567563531,655,Stop! As the President of the Flat Earth Society I refute your lame hypothesis.
3745,1941,9,23,98,130,1.3153846153846154,0.052412991630563496,655,"I think the world of my esteemed opponent,but he lacks the necessary gravitas"
1308,1941,11,19,100,130,1.3153846153846154,0.05464103641421204,655,Let me ask you this: What has my opponent ever done for you?
3697,1941,9,23,98,130,1.3153846153846154,0.052412991630563496,655,How dare you speak for the world!
1013,1944,10,26,110,146,1.3150684931506849,0.049325564410794956,655,I don't believe this fake news. The earth is flat!
1030,1944,5,36,105,146,1.3150684931506849,0.044279168329991,655,"No, I don't think it's warm in here!"
4938,1946,9,22,96,127,1.31496062992126,0.05326578423083279,655,"We can fit the whole world on this stage, but we can’t fit all the people running for President!"
148,1947,12,27,123,162,1.3148148148148149,0.047539104226508755,655,"My opponent refers to herself as a so-called expert on climate change, but I don't buy it."
908,1947,10,31,121,162,1.3148148148148149,0.04589775548385575,655,"I am calling into question, my opponent's qualifications on climate change."
3054,1947,7,37,118,162,1.3148148148148149,0.04331928265970286,655,The whole world is watching!
12,1950,10,25,108,143,1.3146853146853146,0.050036508309944244,655,Climate change? You're being shrill and hysterical. That's exactly why you can't be trusted to regulate yourself.
339,1950,6,33,104,143,1.3146853146853146,0.04593125231139446,655,"I should know better than Earth here, I've studied climate change for ten years!"
3072,1950,11,23,109,143,1.3146853146853146,0.05101122641233647,655,There's no need to get so heated.
5243,1953,6,32,102,140,1.3142857142857143,0.04655193508762327,655,"You fit into a two-dimensional cartoon, that proves you're flat."
5231,1953,6,32,102,140,1.3142857142857143,0.04655193508762327,655,"She’s well rounded, but her foreign policy is superficial at best."
4341,1953,10,24,106,140,1.3142857142857143,0.05077580479005254,655,"When we at the EPA were invited to this debate on climate change, we weren’t told we would be debating the entire world!"
5223,1953,8,28,104,140,1.3142857142857143,0.04870967569425921,655,"I'm here to tell you: I'm burning up on the inside, too!"
1907,1953,10,24,106,140,1.3142857142857143,0.05077580479005254,655,"As you can see, the opposing candidate is full of hot air."
723,1953,7,30,103,140,1.3142857142857143,0.04764302239909952,655,"Stop embarrassing me, mother!"
105,1953,5,34,101,140,1.3142857142857143,0.045434653486996934,655,"With all due respect Sen. Earth, how is your distribution of resources for billions greater than my need to support my business?"
3059,1953,11,22,107,140,1.3142857142857143,0.051777961286596924,655,"When they said it'd be ""me v. the world,"" I didn't think it would come to this."
1490,1961,11,27,118,156,1.314102564102564,0.04795614827227325,655,I am from the Trump Administration and I say the world is flat!
3093,1961,7,35,114,156,1.314102564102564,0.044372741783183595,655,Stop looking at my notes!
5062,1961,5,39,112,156,1.314102564102564,0.04246780240934892,655,"Okay, I’ll concede that you’re round!"
3593,1964,9,25,103,137,1.313868613138686,0.05049329950735402,655,And on this side we have the opposing view on global warming.
1548,1964,10,23,104,137,1.313868613138686,0.05154527623454096,655,My opponent  claims to be affected by Climate Change
769,1964,6,31,100,137,1.313868613138686,0.04719689263364732,655,My most worldly opponet yet
1462,1967,11,26,116,153,1.3137254901960784,0.048605058261684916,655,My opponent is inflating his view.
4780,1968,8,37,124,169,1.3136094674556213,0.0429516010560586,655,Of course I believe you're warming up --- especially since you dripped ice water all over half of the chairs in the Green Room!
4255,1969,8,21,89,118,1.3135593220338984,0.05475923166431403,655,As you can see North American is barely connected to South America
3117,1970,7,28,99,134,1.3134328358208955,0.04902587203968554,655,"So every 60,000,000 years or so you change. Very unreliable. So what's it's going to be this time?"""
110,1970,10,22,102,134,1.3134328358208955,0.05234690708297639,655,Let earth speak for itself.
343,1970,8,26,100,134,1.3134328358208955,0.05015732229580909,655,"Ladies and gentlemen, I have earth-shattering information!"
2731,1970,6,30,98,134,1.3134328358208955,0.047867685118643165,655,"Now, I know my opponent claims to have something in common with every single one of you...."
2489,1974,9,29,112,150,1.3133333333333332,0.047427483010045526,655,"I now yield to my opponent from the North, South, East and West."
2959,1974,11,25,114,150,1.3133333333333332,0.04927816009039002,655,My opponent here would like you to believe he’s God’s gift to the world.
552,1974,9,29,112,150,1.3133333333333332,0.047427483010045526,655,My opponent here is so old that when he went to school they didn’t even have history.
1068,1974,10,27,113,150,1.3133333333333332,0.04836167494288357,655,My opponent wants you to believe he's not flat.
4743,1974,9,29,112,150,1.3133333333333332,0.047427483010045526,655,"In spite of mountains of evidence, my opponent  insists she’s only 2000 years old."
3579,1979,10,21,100,131,1.3129770992366412,0.053182862357895364,655,"First, I would like to address my opponent's claim that the earth is round..."
739,1979,6,29,96,131,1.3129770992366412,0.04856601280930565,655,You haven’t got a leg to stand on!
2868,1979,6,29,96,131,1.3129770992366412,0.04856601280930565,655,There was absolutely no collusion with either continent!
3363,1982,9,28,110,147,1.3129251700680271,0.04807613736092265,655,"Sorry, but you are flat-out wrong!"
2647,1982,10,26,111,147,1.3129251700680271,0.04903573129526933,655,That’s unfair! Of course you can promise them the world!
287,1984,10,25,109,144,1.3125,0.0497358504240635,655,"My opponent will promise you the world, but does it look like he can deliver?"
2359,1984,10,30,120,160,1.3125,0.04623182967903929,655,Apparently you're unaware of how I destroyed Jupiter in last night's debate or you wouldn't even be here.
3047,1984,6,28,94,128,1.3125,0.04929373233225594,655,"And I repeat, it's just us against the world."
3783,1984,10,20,98,128,1.3125,0.05405550879879,655,Nobody cares what YOU have to say.
4210,1984,10,20,98,128,1.3125,0.05405550879879,655,I think I know a little bit more about globalization than you.
4464,1984,10,20,98,128,1.3125,0.05405550879879,655,I can safely say I speak on behalf of the world...
4827,1984,8,29,107,144,1.3125,0.04774311074023794,655,My opponent simply has no worldview whatsoever
5247,1984,8,29,107,144,1.3125,0.04774311074023794,655,You created the swamp!
4393,1992,10,24,107,141,1.3120567375886525,0.050463657484894515,655,Global warming? Hah! You don't look so hot to me!
595,1992,11,22,108,141,1.3120567375886525,0.05145772876202824,655,Who said you could have a say?
1369,1992,7,30,104,141,1.3120567375886525,0.04735640779209921,655,You don’t get a say in the matter!
422,1995,10,28,116,154,1.3116883116883118,0.04744510676886875,655,Is it hot in here or is that just you warming?
1095,1995,8,32,114,154,1.3116883116883118,0.045620974131008275,655,"And see that up there?  That used to be the United States, but their Congress allowed a narcissistic sociopath to be president.  The country is now just a blip in history."
1644,1995,9,30,115,154,1.3116883116883118,0.04654197802506615,655,... and I intend to prove you are flat in this debate...
3590,1995,13,22,119,154,1.3116883116883118,0.050056822409939264,655,What in the world do you mean?
3836,1999,7,29,102,138,1.3115942028985508,0.04802314914575139,655,"No, this isn’t what ‘America First’ means.”"
3229,1999,6,31,101,138,1.3115942028985508,0.04690880867255197,655,My opponent thinks he’s the world authority on everything!
2982,1999,10,23,105,138,1.3115942028985508,0.05122091781944237,655,If global warming is real then why aren't you sweating?
613,1999,6,31,101,138,1.3115942028985508,0.04690880867255197,655,Obviously my opponent is feeling the heat!
33,1999,9,25,104,138,1.3115942028985508,0.05017764342283398,655,"Well, ""Mother"" Earth, a little contraception wouldn't hurt, you know."
831,1999,12,19,107,138,1.3115942028985508,0.05324617796480852,655,"Yeah, your ego is big, but my ego is bigger. I have the best ego."
3538,2005,10,18,94,122,1.3114754098360655,0.05592149937196339,655,You claim you're feeling warmer but have you ever considered it's just a hot flash?
376,2006,10,27,114,151,1.3112582781456954,0.04808512545873204,655,Don't fall for my opponent's circular reasoning.
1826,2006,11,25,115,151,1.3112582781456954,0.04899468860124077,655,There was NO ROTATION!
3500,2006,9,29,113,151,1.3112582781456954,0.04715802232527832,655,"I’d like to teach the world to sing, in perfect harmony..."
5036,2006,10,27,114,151,1.3112582781456954,0.04808512545873204,655,You have one minute for the rebuttal; and please don't stop spinning.
1854,2010,8,26,101,135,1.3111111111111111,0.04983850832175466,655,You see. Flat!
391,2010,8,26,101,135,1.3111111111111111,0.04983850832175466,655,So you're saying that Al Gore doesn't deserve all the credit for the documentary either?
718,2012,5,27,87,119,1.3109243697478992,0.05027753647152304,655,"As you can see, my opponent is constantly getting hot and bothered."
2095,2013,9,28,111,148,1.3108108108108107,0.04779698225150559,655,Your policies seem to be very self-serving.
1147,2014,9,23,100,132,1.3106060606060606,0.05172546230848569,655,"Turns out you aren’t flat, but you’re still not warming!"
1797,2014,9,23,100,132,1.3106060606060606,0.05172546230848569,655,"As you can clearly see, my opponent is a globalist of the worst kind."
2866,2014,8,25,99,132,1.3106060606060606,0.0505950889911525,655,There's a world of difference between you and me.
3839,2017,12,26,123,161,1.31055900621118,0.047643233573461855,655,"I’m sorry, but the correct spelling is P-A-N-G-E-A"
4779,2018,12,21,112,145,1.3103448275862069,0.05133956651523516,655,"Global warming is a hoax, despite what this so called ‘expert’ may have you believe!"
3849,2018,6,33,106,145,1.3103448275862069,0.04539866128306092,655,"We all think the world of you, but you can't keep hiding your dark side."
4819,2018,8,29,108,145,1.3103448275862069,0.04746166165991397,655,My opponent has accused me of not being 'down to earth!
3690,2018,11,23,111,145,1.3103448275862069,0.05039807188136495,655,"Yes, and in this election, it truly is me against the world."
3686,2018,8,29,108,145,1.3103448275862069,0.04746166165991397,655,My opponent freely admits that she longs to return to the Stone Age.
2488,2018,10,25,110,145,1.3103448275862069,0.0494386509600151,655,Is that all you have to offer?
2353,2018,8,20,88,116,1.3103448275862069,0.05532213567975441,655,"Joining us tonight for our discussion on flat earth theory, is Round Earth."
2022,2018,8,29,108,145,1.3103448275862069,0.04746166165991397,655,My opponent is living proof that the polar regions are disappearing.
186,2018,10,25,110,145,1.3103448275862069,0.0494386509600151,655,I will not feel your forehead because I absolutely do not believe global warming is real.
3271,2018,5,35,105,145,1.3103448275862069,0.044331174196958374,655,What the liberal candidate WON'T tell you is that he's been involved in every bad thing that has ever happened!
1466,2028,11,27,120,158,1.3101265822784811,0.04743004178276733,655,Are you okay? You feel hot.
2592,2028,10,29,119,158,1.3101265822784811,0.046572343815097034,655,you act like you're sooooo worldly
4898,2030,11,31,129,171,1.3099415204678362,0.044887620795660756,655,. . . and that is why I don't call my opponent Mother Earth. I call her Fatty McEarthface.
701,2031,7,30,105,142,1.3098591549295775,0.04707305385797126,655,That's it? Hardly earth shattering news.
372,2031,7,30,105,142,1.3098591549295775,0.04707305385797126,655,"And with her first try at slam poetry, here’s Earth with Get the #*%€ off of me!"
680,2031,6,32,104,142,1.3098591549295775,0.045999807376209914,655,"I still have the floor, or crust, if you prefer."
134,2034,5,38,112,155,1.3096774193548386,0.04251000220947427,655,"Hold on there, this is a CPAC meeting, we do not care what you have to say."
1217,2034,14,20,121,155,1.3096774193548386,0.05060815065680502,655,Oh fuck.
1844,2034,13,22,120,155,1.3096774193548386,0.04977346413843927,655,"I’m not going to exploit, for political purposes, my opponent’s youth and inexperience."
2805,2037,10,19,97,126,1.3095238095238095,0.054585637641550847,655,"You'll be able to see my unbelievably tremendous wall from this far away, I promise"
2152,2037,7,25,94,126,1.3095238095238095,0.050976852156467176,655,"Cool down, you are getting a little too heated."
3469,2037,6,27,93,126,1.3095238095238095,0.04971574528052642,655,My opponent simply continues circling the point in a roundabout way.
1141,2037,10,19,97,126,1.3095238095238095,0.054585637641550847,655,"My opponent has been touting the same circular argument for less than 10,000 years!"
1380,2037,8,23,95,126,1.3095238095238095,0.05220750504253616,655,"My fellow citizens, don't let my opponent continue to polarize us!"
4633,2042,9,25,105,139,1.3093525179856116,0.04986575750541569,655,I have no response to my opponent's heated argument.
4388,2042,9,25,105,139,1.3093525179856116,0.04986575750541569,655,No borders? Are you kidding me?
1588,2042,10,23,106,139,1.3093525179856116,0.05090047333909807,655,Our guest speaker will argue for the colonization of Mars
431,2042,6,31,102,139,1.3093525179856116,0.046624033801495386,655,"I pledge to act in the best interests of the little man, whereas my opponent’s policies are clearly self-serving."
244,2042,8,27,104,139,1.3093525179856116,0.04880911141409572,655,Just stop! I'm getting off.
1464,2042,9,25,105,139,1.3093525179856116,0.04986575750541569,655,"Sir, I object to your use of ""We Are the World"" for your campaign commercials."
205,2048,7,33,112,152,1.3092105263157894,0.0449948223577036,655,Let everyone note how you consistently change your position on the issues as you rotate.
911,2048,7,33,112,152,1.3092105263157894,0.0449948223577036,655,You’re flat out wrong!
5106,2048,7,33,112,152,1.3092105263157894,0.0449948223577036,655,"I'm sorry for getting so heated, but you started it."
4598,2051,5,28,90,123,1.3089430894308942,0.049156664069002654,655,"Well, there’s really no room for debate."
972,2052,10,22,104,136,1.3088235294117647,0.051676370459552104,655,My opponent is completely exagerrating the problem of global warming.
3077,2052,8,26,102,136,1.3088235294117647,0.0495235533875104,655,It's quite obvious my opponent has no plan to fight inflation.
3083,2052,6,30,100,136,1.3088235294117647,0.047272797848004686,655,"So..extinction, yes or no?"
5276,2052,5,32,99,136,1.3088235294117647,0.046106235527363086,655,"Contrary to my opponent, I'm here to talk about good clean coal!"
178,2056,11,24,114,149,1.308724832214765,0.049392581844009326,655,Isolationist vs Globalist
1081,2057,7,27,99,133,1.3082706766917294,0.04912129579514996,655,"You’ve heard from the rest of the world, now it’s my turn."
743,2057,7,27,99,133,1.3082706766917294,0.04912129579514996,655,"... and the people will not by your ""too big to fail"" argument."
871,2057,9,23,101,133,1.3082706766917294,0.05138817017271687,655,"OK earth (if that is your real name), tell us what you know about global warming"
2725,2057,5,31,97,133,1.3082706766917294,0.04674461859389941,655,I can also have a global perspective!
4438,2061,7,31,108,146,1.3082191780821917,0.04617138442827639,655,Your globalist view holds no weight here!!
5171,2061,9,27,110,146,1.3082191780821917,0.048174094310145625,655,Hold your ozone. Your chance to speak will be after the 2020 election.
2721,2061,9,27,110,146,1.3082191780821917,0.048174094310145625,655,"And now, I present the Flat Earth Society's keynote speaker!"
2778,2061,9,27,110,146,1.3082191780821917,0.048174094310145625,655,My opponent continues to argue that climate change is real.
2181,2061,11,23,112,146,1.3082191780821917,0.050096806137536615,655,Where on earth did you get that idea?
58,2061,9,27,110,146,1.3082191780821917,0.048174094310145625,655,The voters have heard enough of your global view.
2565,2061,5,35,106,146,1.3082191780821917,0.044077773508249735,655,The question is why is my opponent getting so heated in his argument.
1821,2061,8,29,109,146,1.3082191780821917,0.047183366256693095,655,Well what about the European view.
4870,2069,8,33,118,159,1.3081761006289307,0.04456772136472309,655,And I think I speak for the entire world when I say....
4853,2070,10,28,118,156,1.3076923076923077,0.04691948351642267,655,"Forgotten for so long........here she is
Mother Earth!"
4385,2070,10,20,100,130,1.3076923076923077,0.0533282874545292,655,"Surely, my opponent exaggerates."
2649,2070,13,22,121,156,1.3076923076923077,0.04949320045485275,655,My opponent says she's just getting warmed up. I say that's a hoax.
2086,2070,9,22,99,130,1.3076923076923077,0.05219813845776527,655,How’s the weather ?
4399,2070,8,28,107,143,1.3076923076923077,0.04783376903750963,655,"Sheer, unmitigated, hemispherism!"
245,2070,9,30,117,156,1.3076923076923077,0.04602960946509395,655,"I said it once and I'll say it again, it's not just about you!"
57,2070,8,24,98,130,1.3076923076923077,0.0510429728178049,655,Warming shwarming...what makes you an expert.
26,2070,11,22,110,143,1.3076923076923077,0.050828620176554276,655,"Whoa! Whoa! Whoa! You’re getting a bit heated there, buddy."
772,2070,13,22,121,156,1.3076923076923077,0.04949320045485275,655,We’ll take a five minute break as Atlas goes to the bathroom.
2119,2079,7,33,113,153,1.3071895424836601,0.04474543459850608,655,"Just wait a minute, you'll get your turn."
2870,2079,7,33,113,153,1.3071895424836601,0.04474543459850608,655,"I’m a middle-aged American man—
I have plenty of perspective!"
1116,2081,9,25,106,140,1.3071428571428572,0.0495575786783754,655,And now Miss World will say a few words.
2083,2081,8,27,105,140,1.3071428571428572,0.04850957309175747,655,Could you just be a little less global?
2902,2081,7,29,104,140,1.3071428571428572,0.047438420701218044,655,"OK, you do feel a bit warmer, but still. . ."
470,2084,7,25,95,127,1.3070866141732282,0.050632557914474706,655,Even your delivery is flat.
4408,2085,13,28,135,176,1.3068181818181819,0.04538143470950206,655,"Shakespeare was right, all the world is a stage."
1573,2086,9,32,122,163,1.3067484662576687,0.04465804868209733,655,I think the American people have the right to know about your allegiance to foreign countries.
5051,2087,6,34,110,150,1.3066666666666666,0.04431599634096886,655,"I don’t care what you say, I believe you are only 5,000 years old."
1566,2087,8,30,112,150,1.3066666666666666,0.04629123511982281,655,Try to see it from my point of view
3243,2087,8,30,112,150,1.3066666666666666,0.04629123511982281,655,"I wonder, where on earth is my opponent tonight?"
2297,2090,11,20,106,137,1.3065693430656935,0.05238211713287345,655,Mother Earth waits for her turn to speak at an Anti-Climate Change Conference
3118,2091,9,20,95,124,1.3064516129032258,0.053927104681296044,655,"Yes, but what have you done for us lately?"
87,2092,11,27,122,160,1.30625,0.04691494629150278,655,You need to wait your turn
2307,2092,6,37,117,160,1.30625,0.04251976510434061,655,I heard you the first time ‘round
3487,2092,11,27,122,160,1.30625,0.04691494629150278,655,Wrong!
3977,2092,13,23,124,160,1.30625,0.04856176366172368,655,"Wait a minute, you'll get your turn."
5216,2092,8,33,119,160,1.30625,0.04433016048843966,655,He wasn't even born in America!
2580,2097,5,35,107,147,1.3061224489795917,0.04382708130189635,655,"Rolling along now to our next speaker, who needs no introduction."
2630,2097,7,31,109,147,1.3061224489795917,0.045904128089684255,655,I served for 30 years on the Committee on Energy and Natural Resources-what experience do you have?!
4315,2097,6,33,108,147,1.3061224489795917,0.0448776226593899,655,"And needing no introduction, it's A Small World."
2762,2100,6,29,99,134,1.3059701492537314,0.047644095313435435,655,"Hey, I'm a victim too...my air conditioning costs have doubled!"
4426,2100,9,23,102,134,1.3059701492537314,0.05105509152021827,655,I feel like we're just spinning in circles
4739,2100,10,21,103,134,1.3059701492537314,0.05214252794765432,655,"Flat, I say!"
1409,2103,8,36,126,170,1.3058823529411765,0.042582046537623874,655,"Why madam, you are nothing but a climate change alarmist!"
3391,2104,11,22,111,144,1.3055555555555556,0.05051961716896106,655,"See, look! You're flat!"
4075,2104,7,30,107,144,1.3055555555555556,0.04651592555671656,655,"OK, I admit you're not flat, but you're still small."
5018,2104,12,20,112,144,1.3055555555555556,0.05147190317079292,655,"Ma’am, your personal problems are of no concern to the american people"
1440,2104,11,22,111,144,1.3055555555555556,0.05051961716896106,655,"And standing in for Sisyphus, let me introduce the ball."
991,2104,7,30,107,144,1.3055555555555556,0.04651592555671656,655,"My opponent will tell you he is getting warmer, but I say that is fake news."
1271,2104,9,26,109,144,1.3055555555555556,0.04855905193316886,655,A whimper? That's your closing argument?
367,2110,9,22,100,131,1.3053435114503817,0.051851372774513585,655,All the World's a Stage - Well!
1803,2110,11,18,102,131,1.3053435114503817,0.054068886457871224,655,Our next speaker has the audacity to think she can change the world.
3239,2110,11,18,102,131,1.3053435114503817,0.054068886457871224,655,"And, next up on ‘Hot or Not’...."
1412,2113,11,25,118,154,1.3051948051948052,0.0481628554658857,655,Where on Earth did that idea come from?
2159,2114,4,28,86,118,1.305084745762712,0.048902891201046676,655,So let's start from the beginning.
3124,2115,5,33,103,141,1.3049645390070923,0.04495101737056895,655,Sure. I know it doesn't look like much now. But a border here and a wall there... it'll be great!
2025,2115,9,25,107,141,1.3049645390070923,0.049253045114226846,655,"Your evidence for whether you speak for the whole world is flimsy at best, sir!"
1788,2115,9,25,107,141,1.3049645390070923,0.049253045114226846,655,Nor will I allow the age and experience of my opponent keep me from the truth!
1017,2115,7,29,105,141,1.3049645390070923,0.04715112096055223,655,"In the interest of hearing from the WHOLE world, we will now hear from French Polynesia."
4021,2119,9,32,123,164,1.3048780487804879,0.044424301211366236,655,The discussion is getting quite heated from your side.
2932,2120,8,23,97,128,1.3046875,0.051501320779925364,655,"No, no - I act locally!"
4057,2120,10,19,99,128,1.3046875,0.053837245789534555,655,"...Now, the whole world may not like my opinion, but hear me out!"
4244,2120,10,19,99,128,1.3046875,0.053837245789534555,655,Now you’re dying? You’ve been fine for a bazillion years!
55,2123,9,28,114,151,1.304635761589404,0.046977875101902516,655,You only represent the special interests!
4567,2124,9,24,105,138,1.3043478260869565,0.04997481186373819,655,I think I know more about global warming than you do genius
3357,2124,8,26,104,138,1.3043478260869565,0.04890496189569144,655,"And now we bring you the presidential debates, Trump vs. the Democratic candidates."
4078,2124,10,22,106,138,1.3043478260869565,0.051022233816376786,655,"Alrighty, everyone. The next speaker will be on overpopulation, pollution, and politics."
2060,2124,5,32,101,138,1.3043478260869565,0.045544875997504314,655,"I did reserve the right to say; ""I want to get off."""
793,2124,6,30,102,138,1.3043478260869565,0.046691779280993786,655,He's a down-to-guy kind of earth.
3291,2124,9,24,105,138,1.3043478260869565,0.04997481186373819,655,"Please don't interrupt,ma'am,I'm not done explaining the way the world works."
382,2130,9,27,112,148,1.304054054054054,0.0476114380507279,655,"Release the hot air, Sir!"
789,2130,7,31,110,148,1.304054054054054,0.0456398039713563,655,"Let me be the first to say, I care about your problems. But -"
1374,2130,9,27,112,148,1.304054054054054,0.0476114380507279,655,Don't believe my opponent's hot-headed ideas about climate change.
1531,2130,11,23,114,148,1.304054054054054,0.049504609482075204,655,Behold!  Atlas Shrugged!!!!
3820,2130,6,33,109,148,1.304054054054054,0.04462132946458001,655,"Yes, I understand that my opponent has a world of knowledge but....."
4622,2130,7,31,110,148,1.304054054054054,0.0456398039713563,655,Will you ever stop playing that rising seas victim card?!
4688,2130,11,23,114,148,1.304054054054054,0.049504609482075204,655,I contend that the advanced age of my opponent renders her unfit for world leadership.
476,2137,10,28,120,158,1.3037974683544304,0.04640495011598184,655,I don't see your point.
291,2138,9,23,103,135,1.3037037037037038,0.05072615220833686,655,You and your ‘global perspective’ vastly underestimate the size of my ego!
19,2139,6,32,107,145,1.303448275862069,0.04519449023295977,655,My opponent is clearly trying to give this debate a hostile climate.
2726,2139,10,24,111,145,1.303448275862069,0.04925123054167483,655,My opponent appears to have the weight of the world on his shoulders
2786,2139,9,26,110,145,1.303448275862069,0.04826901976688751,655,The whole world is watching but hasn't yet said a word.
3986,2139,7,30,108,145,1.303448275862069,0.046242052160669976,655,Excuse me. Excuuuse me! Let me finish before you overheat.
4150,2139,6,32,107,145,1.303448275862069,0.04519449023295977,655,Tell me again why people in Australia don’t know they are upside down!
1073,2144,3,31,88,122,1.3032786885245902,0.04639758591969627,655,And our next speaker is Mother Earth who comes to tell us about  having too many hot flashes.
513,2145,10,27,118,155,1.303225806451613,0.04700871533023784,655,"Sure, you speak for millions, but let’s not forget the little guy!"
3421,2145,10,27,118,155,1.303225806451613,0.04700871533023784,655,"You say you have a world of evidence, but I have my opinions..."
5126,2147,10,20,102,132,1.303030303030303,0.05261977177458386,655,Looks flat to me.
4209,2147,9,22,101,132,1.303030303030303,0.05150902795244111,655,"Wait, wait! I promise no more denial about climate change!"
3738,2147,9,22,101,132,1.303030303030303,0.05150902795244111,655,"Behold, my opponent’s distorted view of the world ."
3758,2147,7,36,122,165,1.303030303030303,0.042487546476998005,655,And for our next TED talk...
560,2151,12,19,111,142,1.3028169014084507,0.051922808919367465,655,I have no earthly idea what you're talking about.
657,2151,7,29,106,142,1.3028169014084507,0.04686712581054992,655,"My opponent is somewhere out there trying to prove that he has a world view."""
1155,2151,11,21,110,142,1.3028169014084507,0.05095182003824887,655,"Look at my opponent, Alice, who is carrying the world on her shoulders. ALICE? Alice?"
1198,2151,9,25,108,142,1.3028169014084507,0.048952096211255416,655,What about your affairs?
1707,2151,9,25,108,142,1.3028169014084507,0.048952096211255416,655,Where's your birth certificate? I'm not buying that God created the heavens and the earth fake news.
2167,2151,10,23,109,142,1.3028169014084507,0.049961963976039345,655,My opponent will have you believe that the world is not flat.
4932,2151,12,19,111,142,1.3028169014084507,0.051922808919367465,655,The poles show a 30 percent loss.
452,2158,9,28,115,152,1.3026315789473684,0.046710802457713245,655,No wonder Atlas got tired of carrying you on his back.
722,2158,11,24,117,152,1.3026315789473684,0.048540455475045374,655,...and all you’ll hear from this one is NIMBY !
998,2158,6,34,112,152,1.3026315789473684,0.043823326425791564,655,"If earth isn’t going to use all of its allotted time, I’ll continue.."
4282,2158,9,28,115,152,1.3026315789473684,0.046710802457713245,655,"Yes comrades, it's us against the world!"
4621,2158,9,28,115,152,1.3026315789473684,0.046710802457713245,655,"Atlas, come back here!"
5041,2158,10,26,116,152,1.3026315789473684,0.047634414470886344,655,Who do you think you are?
395,2164,9,18,92,119,1.3025210084033614,0.055407775878424236,655,At least we saved a life size model of our planet since it's too late to save the real thing.
5178,2165,8,26,105,139,1.3021582733812949,0.048601199132161516,655,Im not the sun. Stop rotating.
3216,2165,9,24,106,139,1.3021582733812949,0.04966226909474968,655,"You,re not giving us the whole picture!"
1766,2165,9,24,106,139,1.3021582733812949,0.04966226909474968,655,That's fake news from the failing New York Times.  My opponent is flat and getting colder.
2440,2165,7,28,104,139,1.3021582733812949,0.04751644076031689,655,It's a costume! Don't be fooled. It's all flat underneath.
696,2169,8,29,112,149,1.3020134228187918,0.04636691690987549,655,Not exactly the correct answer but you're getting hotter....
1875,2169,9,27,113,149,1.3020134228187918,0.04733482550189134,655,"As my esteemed colleague just found out, never turn your back on the Americas.”"
3930,2169,12,21,116,149,1.3020134228187918,0.05012653857983929,655,"Frankly, that argument falls flat."
4846,2169,8,29,112,149,1.3020134228187918,0.04636691690987549,655,My opponent has no plans for the future.
154,2173,5,31,100,136,1.3014705882352942,0.045875474318191035,655,The world has finally decided to join us in our discussion.
2455,2173,6,29,101,136,1.3014705882352942,0.047047758775446924,655,Your scare tactics aren't working.
5090,2173,6,29,101,136,1.3014705882352942,0.047047758775446924,655,"""Not only does my globalist friend want no border wall, he doesn't even want borders."""
846,2176,6,32,108,146,1.3013698630136987,0.04493196769237266,655,"If you look very ,very carefully, you can see Fullerton, Nebraska."
4372,2176,8,28,110,146,1.3013698630136987,0.04698753391366206,655,"No, you’re the one full of hot air!"
4849,2176,7,30,109,146,1.3013698630136987,0.045971241358027104,655,"Let me just say, it means the world to be here."
5026,2176,9,26,111,146,1.3013698630136987,0.047982305640486916,655,I  will lower my temper when you lower your temperature
2147,2180,10,27,119,156,1.3012820512820513,0.04674683394919841,655,"And now let's hear from my opponent, Mother Earth."
2461,2180,5,37,114,156,1.3012820512820513,0.04209158531797022,655,Pick a language and stop spinning!
3918,2182,10,20,103,133,1.300751879699248,0.05227231482359452,655,Welcome to this evening's first presidential 2020 debate
3648,2182,6,28,99,133,1.300751879699248,0.04771488479296578,655,Seems the world shrugged Atlas
5048,2182,7,26,100,133,1.300751879699248,0.04889408345964512,655,"When this next speaker turns around, he really makes my day."
3646,2182,6,28,99,133,1.300751879699248,0.04771488479296578,655,The voters should note:  my opponent is only showing his best face to the audience!
3941,2182,8,24,101,133,1.300751879699248,0.0500455049321264,655,For the last time - No! It's not getting warmer in here!
2847,2182,7,26,100,133,1.300751879699248,0.04889408345964512,655,Just because you’re the whole world it doesn’t make you right.
1705,2182,10,20,103,133,1.300751879699248,0.05227231482359452,655,I'd like to start off by saying my opponent is a flat out liar.
3613,2182,5,30,98,133,1.300751879699248,0.04650579602859467,655,"Unlike my opponent here, I am NOT a globalist!"
1559,2182,9,22,102,133,1.300751879699248,0.051171024324946184,655,Wait a minute! I thought I was debating Ocasio-Cortez.
2056,2191,10,23,110,143,1.3006993006993006,0.04965652242297689,655,The planet wishes to be heard.
2605,2191,8,27,108,143,1.3006993006993006,0.04763175523392495,655,"Earth, I studied Pluto. I knew Pluto. Pluto was a friend of mine. Earth, you are no Pluto."
4216,2191,11,21,111,143,1.3006993006993006,0.05063855522606408,655,I’m sorry ladies and gentlemen but ICE just took Atlas away.”
4460,2191,9,25,109,143,1.3006993006993006,0.048654672570104425,655,What does it profit a man if he gains the whole world and loses his soul?
2628,2195,10,26,117,153,1.3006535947712419,0.04736337449156824,655,This man is a phony! The real Earth is flat!
2285,2195,9,28,116,153,1.3006535947712419,0.04644663530572514,655,The debate pitted Harry against the world.
2087,2195,13,20,120,153,1.3006535947712419,0.050012870136046474,655,"So, what's your stance on climate change?"
3782,2198,8,23,99,130,1.3,0.05081330191750084,655,"I'm sorry, but we're not concerned with your opinion here."
2894,2198,7,34,119,160,1.3,0.04325585720327292,655,Who invited you?
2715,2198,9,24,107,140,1.3,0.04935347680939759,655,"One of those tiny dots in the middle might be Puerto Rico,it's hard to find and surrounded by water and far away.No collusion!"
2600,2198,8,26,106,140,1.3,0.048301042952061994,655,"In conclusion, all the evidence clearly establishes that the earth is flat."
2366,2198,10,25,115,150,1.3,0.048002609921587766,655,"Yes, you Edith Perkins of 345 Glenn street in Boise, Idaho... your chance to rebut me."
4897,2198,7,25,98,130,1.3,0.04962591124989274,655,Stop treating the space program like a personal affront!
2295,2198,5,26,89,120,1.3,0.04964862530219501,655,Feels like you are on a different planet on this issue.
2191,2198,11,20,109,140,1.3,0.05139373034732311,655,"On this global issue, the world will speak"
2296,2198,8,26,106,140,1.3,0.048301042952061994,655,"...Thank you for your input, Earth, but I’m afraid we’ll have to leave it there."
2021,2198,7,28,105,140,1.3,0.047225160956190816,655,"And may I introduce to you the best scientific expert in the world, Mother Earth!"
2002,2198,6,27,97,130,1.3,0.048409404902408866,655,"In my opinion, the speaker has a clear bias on the topic of climate change."
1975,2198,12,18,110,140,1.3,0.05238406667997597,655,I alone know the truth and the whole world is lying.
1279,2198,6,30,104,140,1.3,0.0461241900136937,655,"In conclusion, my learned opponent's claim that she is feeling 'warmer' is patently false."
1074,2198,7,25,98,130,1.3,0.04962591124989274,655,Nice of the Earth to show up this evening. Especially with the ALLEGED reports that she’s dying. Fake news!
1047,2198,5,41,124,170,1.3,0.03988322669578336,655,How about a big round of applause for our next speaker?
237,2198,2,32,86,120,1.3,0.04521966305901524,655,"""The people need someone who won't  just turn the other hemisphere when things get rough."
2180,2198,9,27,114,150,1.3,0.047061290894652906,655,There can be no debate here sir... You are indeed round!
1413,2215,10,30,127,167,1.2994011976047903,0.04455405539933768,655,I'm just saying that my comments regarding my opponent getting hotter were taken out of context.
4264,2216,11,25,121,157,1.2993630573248407,0.0473578984943511,655,Who are you going to believe?
4840,2216,11,25,121,157,1.2993630573248407,0.0473578984943511,655,Why do you keep insisting that your self-interest trumps mine?
3300,2218,7,30,110,147,1.2993197278911566,0.04570344578181841,655,Just cause you're hot doesn't mean Global Warming is real.
2746,2218,10,24,113,147,1.2993197278911566,0.04866588986834901,655,"And,I am happy to present our next speaker:  The World at Large."
1077,2218,8,28,111,147,1.2993197278911566,0.046711807034701285,655,You’re just another globalist!
2149,2218,8,28,111,147,1.2993197278911566,0.046711807034701285,655,"I served with Planet Earth. I knew Planet Earth. Planet Earth was a friend of mine. Globe, you’re no Planet Earth."
212,2222,8,25,104,137,1.2992700729927007,0.04899698501915311,655,I won’t debate global warming with your Down Under in my face.
1014,2222,9,23,105,137,1.2992700729927007,0.050080402833073225,655,Oh yeah? You and what atmosphere?
2303,2222,8,25,104,137,1.2992700729927007,0.04899698501915311,655,"You've made your point , but continuing to blame us will not solve the problem, will it."
3940,2222,8,25,104,137,1.2992700729927007,0.04899698501915311,655,Make the world go away!
4889,2222,9,23,105,137,1.2992700729927007,0.050080402833073225,655,"My next guest is here to present her earth-shattering paper, ‘The reports of my flatness have been greatly exaggerated’"
4959,2222,7,27,103,137,1.2992700729927007,0.04788906278067403,655,Why am I always up against the world?
1946,2228,7,24,96,127,1.2992125984251968,0.05038901365529011,655,We know you’ll think the world of next speaker.
1498,2229,10,29,125,164,1.298780487804878,0.045094442642119315,655,I didn't mean it.
369,2229,9,31,124,164,1.298780487804878,0.044257113079324915,655,So turn on the air conditioner like everybody else!
45,2231,8,27,109,144,1.2986111111111112,0.0473458947750533,655,"You might represent the entire planet, but I can run circles around you in this debate."
3962,2231,7,29,108,144,1.2986111111111112,0.046308839922042114,655,The stage is set for world domination.
4373,2231,8,27,109,144,1.2986111111111112,0.0473458947750533,655,"Let me guess, it’s gonna be ‘uge."
5169,2231,9,25,110,144,1.2986111111111112,0.048360715970460114,655,"Please help me welcome our next guest, a personal favorite of mine, and I think you'll agree, one of the top hemispheres of all time!"
1981,2235,6,28,100,134,1.2985074626865671,0.0474106200003679,655,"I don't care what you say, I still think you're flat!"
3283,2235,10,20,104,134,1.2985074626865671,0.051929281637198454,655,I only need $275 trillion to build a wall around it to keep out global warming!
4905,2235,8,24,102,134,1.2985074626865671,0.04972130921533926,655,"My opponent, Atlas, couldn’t even bother to show up!"
5074,2235,8,24,102,134,1.2985074626865671,0.04972130921533926,655,"Global perspective? My socks are Chinese and my call girls are Brazilian, sir."
2794,2239,9,27,115,151,1.2980132450331126,0.046790786046770054,655,"To make the case against eating more sardines, I now turn to my opponent, the Pacific Ocean."
2003,2239,5,35,111,151,1.2980132450331126,0.042850633319385184,655,"We'll have to put your issues on hold for the moment. Now, how about we discuss gerrymandering?"
34,2241,9,24,108,141,1.297872340425532,0.04904837143816246,655,There you go again.
150,2241,8,26,107,141,1.297872340425532,0.04800443331758258,655,Are you better off than you were four years ago?
917,2241,7,28,106,141,1.297872340425532,0.046937282575246236,655,I'm not impressed with your world view!
1204,2241,8,26,107,141,1.297872340425532,0.04800443331758258,655,"I know the world revolves around you, but please wait your turn."
1389,2241,9,24,108,141,1.297872340425532,0.04904837143816246,655,Shouldn't that be 'I am the world'?
3713,2241,13,16,112,141,1.297872340425532,0.05301897048331686,655,"That may be your opinion, but I still say you are flat!"
3830,2241,10,22,109,141,1.297872340425532,0.05007054886187757,655,We’ll get to you later.
5000,2241,9,24,108,141,1.297872340425532,0.04904837143816246,655,I will not cave into the intimidation of globalists!
5225,2249,5,29,97,131,1.297709923664122,0.04685613028430916,655,"I'd like to introduce today's speaker on the topic, ""What to do when people call you flat."""
4383,2249,10,19,102,131,1.297709923664122,0.05275126544170914,655,Up next is Mother Earth. She’s here to testify about women’s rights.
1633,2249,8,23,100,131,1.297709923664122,0.0504758990163529,655,"Look, I regret it happened, OK? But, who needs all that coral, anyway?"
3703,2249,8,23,100,131,1.297709923664122,0.0504758990163529,655,Enough with the earthsplaining.
2420,2253,11,28,129,168,1.2976190476190477,0.04512088427766636,655,"Hyperbole aside, I think we can BOTH speak to the global issues facing this election"
3985,2254,6,24,91,121,1.2975206611570247,0.05067672633638312,655,My opponent surely cannot shrug off the fact that he is a Globalist.
806,2255,13,21,124,158,1.2974683544303798,0.04877727194499545,655,And now Earth's response...
2717,2255,7,33,118,158,1.2974683544303798,0.043536976558959106,655,Around and around we go again.
3454,2255,11,25,122,158,1.2974683544303798,0.04709533892254248,655,"Talk about a Me vs. The World moment, am I right?"
3965,2255,9,29,120,158,1.2974683544303798,0.045351070969297406,655,My opponent clearly can't see the gravity of the situation.
1215,2259,8,28,112,148,1.2972972972972974,0.04643917259374186,655,Earth: To the climate change deniers. Haha! So funny! You guys are killing me! No. I mean it. Literally. You ARE killing me.
1139,2259,8,28,112,148,1.2972972972972974,0.04643917259374186,655,"In this debate, it is me against the world. Literally."
4177,2259,8,28,112,148,1.2972972972972974,0.04643917259374186,655,"Frank attempted to debate global warming, but the evidence was too overwhelming”.."
4634,2259,9,26,113,148,1.2972972972972974,0.047418618859563805,655,You need to chill!
2632,2263,6,29,103,138,1.2971014492753623,0.046465488319463726,655,My opponent is full of hot air about global warming.
2522,2263,8,25,105,138,1.2971014492753623,0.04868895819752371,655,"And now in celebration of Earth Day, I give you..."
3586,2263,6,29,103,138,1.2971014492753623,0.046465488319463726,655,...and my opponent is obviously blowing things way out of proportion.
589,2263,4,33,101,138,1.2971014492753623,0.04413013210009946,655,"well, we put a wall there, a beautiful barrier there, a fence..."
2042,2263,7,27,104,138,1.2971014492753623,0.04759021041730343,655,My opponent here does not believe that American jobs should be our #1 priority in 2020.  Sad!
3810,2263,7,27,104,138,1.2971014492753623,0.04759021041730343,655,My opponent has a one-sided view of the world!
5089,2269,11,27,127,165,1.2969696969696969,0.0456732849668507,655,"And really, instead of blaming others, it's time you took responsibility for your situation"""
3355,2270,8,22,98,128,1.296875,0.051262811678842515,655,"We’re sorry, Mr. Atlas had a scheduling conflict but in his place..."
535,2271,11,24,120,155,1.2967741935483872,0.047716339564644286,655,"Mother Earth, you can't just argue that I'm a man and therefore I wouldn't understand."
360,2272,7,29,109,145,1.296551724137931,0.04603444688390985,655,Our speaker has the weight of the world on his shoulders.
4443,2272,6,31,108,145,1.296551724137931,0.04498205041229769,655,"In closing, remember to sign up and support MEFA on your way out. Make Earth Flat Again"
4756,2272,12,19,114,145,1.296551724137931,0.05097153620377408,655,I didn’t realize my opponent would be speaking for herself.
5197,2272,7,29,109,145,1.296551724137931,0.04603444688390985,655,"So, you deny you’re getting warmer?"
2517,2276,9,27,116,152,1.2960526315789473,0.04652326367761186,655,It seems to be getting a little warm in here.
5135,2276,8,29,115,152,1.2960526315789473,0.04557713996595138,655,"if there are no labels,how do we know where we are?"
2114,2276,7,31,114,152,1.2960526315789473,0.04461095506414591,655,My opponent occupies an alternate universe.
1145,2279,9,19,97,125,1.296,0.053308596413832766,655,Here's what's happened because I didn't get my fence.
1487,2279,6,25,94,125,1.296,0.049545026767773115,655,"I assure you, you are not sick, there is no Climate change, now get back into your orbit where you belong."
3620,2281,7,36,126,169,1.2958579881656804,0.04163090911085884,655,Your arguments for globalism are a bit too self-centered.
4330,2282,11,20,111,142,1.295774647887324,0.05075470023437386,655,"Gee wiz, what are we standing on?"
3843,2283,7,33,119,159,1.2955974842767295,0.04330272640519104,655,It still looks pretty flat to me!
1392,2283,7,33,119,159,1.2955974842767295,0.04330272640519104,655,And here’s Atlas! Wait... Where’d he go?
2099,2283,8,31,120,159,1.2955974842767295,0.04421241465949171,655,"Ahh, what do YOU know?"
2670,2283,9,29,121,159,1.2955974842767295,0.0451037593324863,655,My opponent has no experience in government and is deluded by all the fake science supporting the global warming hoax.  And he's fat.
965,2287,8,23,101,132,1.2954545454545454,0.05014279443618571,655,Nobody listens to you!
4314,2287,7,25,100,132,1.2954545454545454,0.04897590645272065,655,- People are not gonna buy this: a revolution every year it's not a real revolution!
491,2287,10,19,103,132,1.2954545454545454,0.05239867055448489,655,"Yeah, and what about Asia?"
503,2290,5,34,110,149,1.2953020134228188,0.04312245513454612,655,"Although my opponent is more worldly, I can see she's heating up right now!"
2638,2290,9,26,114,149,1.2953020134228188,0.047141542434457555,655,"I would ask my opponent to present evidence for this 'global warming'"""
3193,2290,11,22,116,149,1.2953020134228188,0.049027690810746656,655,"Flat, flat, flat—end of debate!"
3419,2290,6,32,111,149,1.2953020134228188,0.04416153143175798,655,Do you need some ice in your water?
4194,2290,7,30,112,149,1.2953020134228188,0.045176715019635424,655,Please. Just speak one at a time.
4351,2290,8,28,113,149,1.2953020134228188,0.04616958199434513,655,"There she goes again, always complaining about how warm it feels in here."
4631,2290,10,24,115,149,1.2953020134228188,0.04809386389828714,655,Here.s the latest Banana Republic. Let’s welcome the United States of America
5271,2297,7,22,93,122,1.2950819672131149,0.05164746185145591,655,#MeToo
859,2297,7,22,93,122,1.2950819672131149,0.05164746185145591,655,Just because you represent the entire world doesn’t make you right.
1881,2299,6,29,104,139,1.2949640287769784,0.046179484885844745,655,Global warming? At her age? It's clearly hot flashes.
3749,2299,8,25,106,139,1.2949640287769784,0.0483846427436701,655,"Folk, it's you and me against my opponent here."
3885,2299,10,21,108,139,1.2949640287769784,0.050493588529071806,655,I'll admit that my opponent has delivered on some of her promises...
4772,2299,8,25,106,139,1.2949640287769784,0.0483846427436701,655,Is it warm in here?
703,2303,8,30,118,156,1.294871794871795,0.04475643922134656,655,"I know you're on a roll, but....."
907,2304,7,24,98,129,1.2945736434108528,0.04971222999372348,655,My opponent is clearly orbiting around the issue here.
2190,2304,11,16,102,129,1.2945736434108528,0.05436728736087417,655,"First you whined about the ozone layer, now it's climate change - what's next, disappearing rain forests?"
1851,2306,13,17,116,146,1.2945205479452055,0.051585910035929945,655,Donald embarrasses himself once again on the world stage.
433,2306,8,27,111,146,1.2945205479452055,0.046783966888104454,655,Nobody cares if you're more respected on the world stage...I had a reality TV show
3712,2306,8,27,111,146,1.2945205479452055,0.046783966888104454,655,My opponent is clearly melting under this heat
1599,2309,8,32,123,163,1.294478527607362,0.04345569856989565,655,My opponent has his head in the clouds!
5009,2310,8,24,104,136,1.2941176470588236,0.04908492380527736,655,When I said Global Warming is not real it was not for debate!
4476,2310,4,32,100,136,1.2941176470588236,0.04442521690971616,655,"Excuse me, but the Americas are not the only continents on the planet!"
3619,2310,9,17,93,119,1.2941176470588236,0.05514794900292792,655,"And my opponent - I call him ""whiny world"" - can't even tolerate a few extra degrees of heat....  Hey ""genius globe"" - ever hear of air conditioning?"
861,2313,8,31,121,160,1.29375,0.04397404448137918,655,"Hold it right there. Asia and Australia won the coin toss fair and square."""
3088,2314,9,24,110,143,1.2937062937062938,0.04844897363829027,655,It's about time you stood up for yourself!
3136,2314,7,28,108,143,1.2937062937062938,0.046371509940098726,655,"It’s ‘All the world’s a stage’ not, ‘All the stage’s a world’!"
3356,2314,7,28,108,143,1.2937062937062938,0.046371509940098726,655,"OK, Defend yourself!"
3691,2314,11,20,112,143,1.2937062937062938,0.050440947246089815,655,"Yes, but do you have any actual proof that climate change is real?"
4658,2314,5,32,106,143,1.2937062937062938,0.044196502368916084,655,I will not tolerate your circular arguments!
4163,2319,8,21,97,126,1.2936507936507937,0.0517226551540564,655,I prefer to remind my esteemed opponent that props are not permitted in formal debate.
3370,2319,7,23,96,126,1.2936507936507937,0.05048018352979028,655,And now a word from our next speaker on climate change: The Planet
4812,2321,6,37,124,167,1.2934131736526946,0.04100970870980726,655,I concede that the world does in fact revolve around my opponent.
2454,2322,9,26,115,150,1.2933333333333332,0.046867576469095375,655,I don't care which side you're on!
4304,2322,10,24,116,150,1.2933333333333332,0.047812709426463984,655,"I mention ""Hot Topic's"" and you come rolling in !"
2685,2324,7,25,101,133,1.2932330827067668,0.048657009197015086,655,"I 'd like to introduce the ultimate expert on global warming, The Earth!"
4232,2324,10,19,104,133,1.2932330827067668,0.05205062961825387,655,Why should we trust you? You keep changing your climate!
4955,2324,3,33,97,133,1.2932330827067668,0.04372436252008059,655,My opponent's world view is clearly 'America First'.
3763,2327,6,29,105,140,1.292857142857143,0.04589682850197191,655,From where I stand your climate seems fine.
4738,2327,6,29,105,140,1.292857142857143,0.04589682850197191,655,My opponent's is a very one sided globalist perspective.
3240,2327,8,25,107,140,1.292857142857143,0.048083975629902284,655,"now, we will hear from ""Mother Earth"" as she gives her point of view on the so-called ""Climate Change"" matter"
3252,2327,5,31,104,140,1.292857142857143,0.04476319854099585,655,"Excuse me sir! I will continue to oppose your unabashedly globalist views, and I dispute that you have the weight of the world behind them!"
974,2327,11,19,110,140,1.292857142857143,0.051189779069004196,655,"Ladies and gentlemen, I'm not going to buy into all this global warming stuff based on a single opinion."
337,2327,8,25,107,140,1.292857142857143,0.048083975629902284,655,"As you can clearly see, ladies and gentlemen, we need LOTS of walls!"
116,2327,9,23,108,140,1.292857142857143,0.049141058548792416,655,My opponent is not a scientist and has no basis for discussing climate change
2480,2327,7,27,106,140,1.292857142857143,0.04700312531585776,655,My opponent thinks she knows so much about global warming!
1443,2335,11,26,127,164,1.2926829268292683,0.045749784446529385,655,"And now, live on our stage here at the EPA, and speaking for herself, a very angry WORLD"
2411,2336,8,27,112,147,1.2925170068027212,0.04650779467361549,655,I know worlds. I have the best worlds!
3519,2336,10,23,114,147,1.2925170068027212,0.04847010300829041,655,"And now, our special guest would like to discuss 
Armageddon and why it should happen now."
4628,2336,7,29,111,147,1.2925170068027212,0.04549491186152165,655,I will not make age an issue. I am not going to exploit my opponent's age and uncountable antiquations.
5268,2336,11,21,115,147,1.2925170068027212,0.04942204817437088,655,.....and that’s how far my inaugural crowd extended.
4601,2340,7,24,99,130,1.2923076923076924,0.04938036306014327,655,Name the missing lake
4127,2341,9,27,118,154,1.2922077922077921,0.04599698166169869,655,You're not so hot.
4875,2342,8,24,105,137,1.2919708029197081,0.048772594637979616,655,It's obvious that my opponent is full of hot air.
4571,2342,8,24,105,137,1.2919708029197081,0.048772594637979616,655,"Meanwhile, my opponent has referred to our entire species as ‘A basket of deplorables’!"
3399,2342,10,20,107,137,1.2919708029197081,0.05092593054262463,655,And I alone can fix it
2816,2342,9,22,106,137,1.2919708029197081,0.04986088842646562,655,To my left on this side of the dais we have the current champion.
744,2342,10,20,107,137,1.2919708029197081,0.05092593054262463,655,And that's what it looked like before it burned up.
1970,2342,6,28,103,137,1.2919708029197081,0.04651969017318503,655,Even more evidence that Atlas dropped the ball.
1861,2342,7,26,104,137,1.2919708029197081,0.04765945636245658,655,I propose we vote U.S. off the planet
1144,2342,9,22,106,137,1.2919708029197081,0.04986088842646562,655,Ha! You think you know more about climate change?
2294,2342,5,30,102,137,1.2919708029197081,0.045351288480630324,655,You make a very well rounded arguement
3760,2351,7,28,109,144,1.2916666666666667,0.0460935082154906,655,And now...may I introduce the elephant in the room...
4925,2351,7,28,109,144,1.2916666666666667,0.0460935082154906,655,And presenting the case against climate change ...
3410,2351,11,20,113,144,1.2916666666666667,0.05013094740887996,655,The Flat Earth Debating Society has an invited guest speaker!
750,2351,12,18,114,144,1.2916666666666667,0.051090478420513785,655,Don't be such a hot head!
1909,2351,8,26,110,144,1.2916666666666667,0.04713530096155743,655,My opponent always complains about carrying the weight of the world.
1152,2351,6,37,125,168,1.2916666666666667,0.040802268462444564,655,"Listen to him, he just goes round and round..."
3210,2351,8,26,110,144,1.2916666666666667,0.04713530096155743,655,So that's your take on the world view?
1807,2358,9,26,116,151,1.2913907284768211,0.04659667154406444,655,My opponent claims to have the whole world in his hands. Maybe he underestimated.
4786,2358,7,30,114,151,1.2913907284768211,0.044661497483675136,655,...my intelligence is not up for debate sir. Nor my ability see. The Flat Earth Society rejects your claims of roundness...
1725,2360,5,27,95,127,1.2913385826771653,0.047576218749342036,655,We get it !    You have a World-view of politics
4968,2360,4,29,94,127,1.2913385826771653,0.04624405057445081,655,what your saying makes a world of difference
1393,2362,6,34,118,158,1.2911392405063291,0.04240587555675055,655,But what are your domestic positions?
5184,2363,6,27,101,134,1.291044776119403,0.047167112381067695,655,And my ancestors lived in the upper left tip of earth back when it was habitable.
1783,2363,10,19,105,134,1.291044776119403,0.05170705844374113,655,"Offering her rebuttal in the climate change debate, we welcome to the stage... Mother Earth!"
354,2363,5,29,100,134,1.291044776119403,0.04596211091468952,655,The plan speaks for itself.  Protect our Northern border.  Move the Great Lakes!
220,2363,9,21,104,134,1.291044776119403,0.05061026617466473,655,"I don't care what you say, climate change is a hoax."
1529,2363,8,23,103,134,1.291044776119403,0.049489172468696274,655,"Excuse me Mr. President, but I can speak for myself."
4222,2368,11,26,128,165,1.290909090909091,0.04550625292526283,655,"My fellow citizens, clearly my opponent is not the actual planet Earth; for if that were the case, I then ask you: where are we holding this debate?"
352,2369,7,27,107,141,1.2907801418439717,0.04671477520129208,655,"‘The Americas this, the Americas that’ - I’ve had it with your Western Hemisphere-centrism!"
2111,2369,7,27,107,141,1.2907801418439717,0.04671477520129208,655,The last thing we'd want is world dominance!
2426,2369,8,25,108,141,1.2907801418439717,0.04778689511467523,655,"My opponent may well believe that she's warming, but has she considered whether it might just be psychosomatic?"
5224,2372,7,29,112,148,1.2905405405405406,0.04522967310855908,655,“There you go again blaming everyone but yourself.”
4272,2372,8,27,113,148,1.2905405405405406,0.046234748759610964,655,I know more about anything than anyone! And I certainly know more about so called global warming than you!
4113,2372,7,29,112,148,1.2905405405405406,0.04522967310855908,655,My opponent would like you to think he carries the world on his shoulders.
2591,2372,8,27,113,148,1.2905405405405406,0.046234748759610964,655,And your questions about it's health...I'm going to let earth speak for itself.
1415,2372,10,23,115,148,1.2905405405405406,0.04818204353884149,655,What are you hiding? Show us your birth certificate!
3315,2372,7,29,112,148,1.2905405405405406,0.04522967310855908,655,"I hear you, I hear you...but buying plastic water bottles is just too convenient"
2105,2378,7,31,117,155,1.2903225806451613,0.04386801044765344,655,Even at this distance I don't feel you're any warmer.
2979,2378,6,33,116,155,1.2903225806451613,0.04290239107641971,655,I guess this really is the world stage
3916,2378,8,20,96,124,1.2903225806451613,0.05219317136573615,655,"I beg your pardon, but the galaxy doesn't care."
3685,2381,8,31,123,162,1.2901234567901234,0.04350464162492643,655,"Well I’ve been around the block a couple of times too, y’know."
2178,2382,7,24,100,131,1.2900763358778626,0.04905274118029801,655,"My opponent may be heated, but I'm not convinced it's global warming..."
2582,2382,8,22,101,131,1.2900763358778626,0.050235557420990215,655,How did you get in here?
3560,2382,6,26,99,131,1.2900763358778626,0.04784068984875744,655,You were flatter in your profile picture.
2287,2385,4,32,102,138,1.289855072463768,0.043881902220706336,655,How did you fit through the door anyway?
2909,2385,5,30,103,138,1.289855072463768,0.04507114226758212,655,"Obviously, my opponent is guilty of self-aggrandizing"
3515,2385,6,28,104,138,1.289855072463768,0.04622979978435579,655,And now the Americas will have their say.
3893,2385,5,30,103,138,1.289855072463768,0.04507114226758212,655,"Closer, closer...okay...stop! Stop!"
1841,2389,7,37,132,176,1.2897727272727273,0.04038033102157588,655,"Excuse me, I'm talking!"
2686,2390,6,30,109,145,1.289655172413793,0.04476122408878334,655,You are too subjective about climate change.
1717,2390,9,24,112,145,1.289655172413793,0.04786359267507359,655,Stop Right There!  YOU don't believe in global warming?
4077,2390,6,30,109,145,1.289655172413793,0.04476122408878334,655,I  suppose you have something to say about global warming !!
252,2390,6,30,109,145,1.289655172413793,0.04476122408878334,655,I’ll say it again: ‘flat’.
340,2390,9,24,112,145,1.289655172413793,0.04786359267507359,655,My colleague and I are a universe apart on this point.
5192,2395,8,17,89,114,1.2894736842105263,0.055337224229496766,655,"And now, a rebuttal to the Flat Earth argument."
4382,2395,7,30,115,152,1.2894736842105263,0.04440809644558711,655,"Cool down, Earth. Climate change's a hoax."
3626,2395,7,30,115,152,1.2894736842105263,0.04440809644558711,655,No collusion!  I swear!
5262,2395,9,26,117,152,1.2894736842105263,0.046328779191793075,655,"Nonetheless, the entire planet is still only entitled to a 90 second rebuttal."
1789,2395,9,26,117,152,1.2894736842105263,0.046328779191793075,655,And just why is it we should allow you to make your problems ours?
604,2395,9,26,117,152,1.2894736842105263,0.046328779191793075,655,"Not only is there no global warming, but as you can plainly see, the world is flat!"
429,2395,6,32,114,152,1.2894736842105263,0.04341590324040133,655,How can you not recognize the global dimensions of the problem?
2006,2395,6,32,114,152,1.2894736842105263,0.04341590324040133,655,"Don't be fooled by my opponent that ""Size matters""."
702,2403,8,30,121,159,1.2893081761006289,0.0440251572327044,655,"Atlas Shrugged, ladies and gentlemen"""
935,2403,8,30,121,159,1.2893081761006289,0.0440251572327044,655,And if there is someone who knows a thing or two about global warming it is Earth.
4665,2405,8,19,94,121,1.2892561983471074,0.05305802287932554,655,"My opponent has a world of ideas, but, will it be around long enough to deliver?"
700,2406,11,26,129,166,1.2891566265060241,0.04526522461680426,655,"Nevertheless, your world-view is reductive."
3334,2407,7,25,103,135,1.288888888888889,0.048031069116936574,655,Just be patient. Atlas has a bit of a bladder problem.
190,2407,8,23,104,135,1.288888888888889,0.049168505367048546,655,"He's just a puppet for a special interest group, his 7.5 billion constituents."
1662,2407,6,27,102,135,1.288888888888889,0.0468660354734897,655,I'm not too old to debate you; I'm just warming up.
2501,2407,7,25,103,135,1.288888888888889,0.048031069116936574,655,"I'm sorry to say, but my debate opponent hasn't been able to withstand the pressures of the world."
2696,2407,6,27,102,135,1.288888888888889,0.0468660354734897,655,"So, our presentation for today: the earth is not flat. Any questions?"
4137,2407,8,23,104,135,1.288888888888889,0.049168505367048546,655,"Yeah, like, that's like your world view, man."
2518,2413,7,27,108,142,1.2887323943661972,0.04642981037575552,655,I am not adjusting the thermostat to accommodate your menopause.
425,2414,13,17,119,149,1.2885906040268456,0.050658015533253484,655,"Ok fine maybe you're not flat, but vaccines will definitely still give you autism"""
727,2414,5,33,111,149,1.2885906040268456,0.04290310903920266,655,"""You're entire argument is an ad hominem."""
2910,2414,11,21,117,149,1.2885906040268456,0.04883487580237039,655,"Another self-centered remark from my opponent, always thinking globally!"
4179,2414,6,31,112,149,1.2885906040268456,0.043947371784862375,655,"And now, mother earth on her story on ""How I survived in spite  of your abuse."
1246,2418,8,29,119,156,1.2884615384615385,0.04456351624034515,655,"I don’t care if the earth rolled over him, my two minutes aren’t up yet!"
4787,2418,8,29,119,156,1.2884615384615385,0.04456351624034515,655,I understand you've prepared a eulogy for the human race.
4858,2418,7,31,118,156,1.2884615384615385,0.04362561167209823,655,Look. there are still so many places to build Border Walls
2040,2421,5,26,94,125,1.288,0.047946206415913864,655,Things are really heating up in this debate.
5233,2421,5,26,94,125,1.288,0.047946206415913864,655,What would you know about global warming?
5250,2423,8,22,102,132,1.2878787878787878,0.04990194297647228,655,Who on earth are you?
4724,2423,7,24,101,132,1.2878787878787878,0.04872928782388635,655,I will not uphold the world view.”
2748,2425,8,24,107,139,1.2877697841726619,0.04815932563978985,655,See — it's flat!
51,2426,9,24,113,146,1.2876712328767124,0.04757601292775532,655,Look who is finally warming up?
2961,2426,10,22,114,146,1.2876712328767124,0.04855873059905398,655,There is no such thing as global warming even if the whole world disagrees.
3150,2426,8,26,112,146,1.2876712328767124,0.04657256375606114,655,"I’m sorry, madam, but you’ve had your turn and you’re out of time."
4583,2426,6,30,110,146,1.2876712328767124,0.044497832219482995,655,Globalism isn't as big as you think
1521,2430,7,30,116,153,1.2875816993464053,0.044157443605784004,655,I would like to address my comments to North America. No offense to you South America.
2113,2430,9,26,118,153,1.2875816993464053,0.04606385187768173,655,"Despite my Mother's naivete, it is money that makes the world go 'round."
2492,2430,8,28,117,153,1.2875816993464053,0.04512071739016899,655,Welcome to the Flat Earther Debate Finals
3937,2430,7,30,116,153,1.2875816993464053,0.044157443605784004,655,You're so US-centric!
3689,2434,7,32,121,160,1.2875,0.04287936493357752,655,"''HERE IT IS FOLKS!  LOVE IT OR LEAVE IT!"""
510,2434,11,24,125,160,1.2875,0.04640156620106641,655,What planet are you on?!
1226,2436,8,19,95,122,1.2868852459016393,0.05267471067979411,655,You’re only in it for yourself.
906,2437,10,17,102,129,1.2868217054263567,0.05300307880301296,655,"I said I'd debate the Democrats, not the entire Western Hemisphere!"
1454,2438,6,27,103,136,1.286764705882353,0.04656862745098039,655,"Contrary to popular belief, the world is not getting smaller."
2374,2438,7,25,104,136,1.286764705882353,0.04772388840551284,655,This just proves that it's a world wide conspiracy.
4359,2438,8,23,105,136,1.286764705882353,0.048851837083322476,655,"If I even mention climate change, you get all heated."
4647,2438,9,21,106,136,1.286764705882353,0.04995432361957391,655,This is not my middle finger.
5031,2438,8,23,105,136,1.286764705882353,0.048851837083322476,655,"You seem a little arrogant, do you think the world of  yourself?"
5025,2443,3,35,105,143,1.2867132867132867,0.04166151497767651,655,My opponent considers himself worldly!
5073,2443,8,25,110,143,1.2867132867132867,0.047203253186966256,655,Hypochondriac!
4544,2443,10,21,112,143,1.2867132867132867,0.04924564167428332,655,"My opponent, Mother Earth, is a bully, just like all climate alarmists!"
856,2443,10,21,112,143,1.2867132867132867,0.04924564167428332,655,My opponent will selfishly ask you to make him better.
1914,2443,4,33,106,143,1.2867132867132867,0.04282726802487756,655,You’re just pandering to your base!
132,2443,8,25,110,143,1.2867132867132867,0.047203253186966256,655,I deny that!
1977,2443,5,31,107,143,1.2867132867132867,0.043962119406532656,655,We've brought the world into the classroom to speak to you directly.
4012,2450,9,25,116,150,1.2866666666666666,0.046666666666666676,655,Just goes to show you can't always trust your Global Positioning System
1747,2450,2,39,109,150,1.2866666666666666,0.03938755599789038,655,"Quit changing the clima... er,uh,subject!"
1953,2450,8,27,115,150,1.2866666666666666,0.045697837138805625,655,And what exactly have YOU done for us lately?
987,2453,8,29,120,157,1.286624203821656,0.044316865866135244,655,"And now, the most recent addition to the Democratic Party's
primary, Gaia!"
3630,2454,6,35,123,164,1.2865853658536586,0.041270090897601856,655,"You, sir, are not seeing the larger picture!"""
4562,2455,6,24,96,126,1.2857142857142858,0.048934219347295735,655,This was meant to be a tempered debate. Stop getting so heated.
2788,2455,5,32,110,147,1.2857142857142858,0.04317127751539282,655,And we've had it up to here with those volcanoes.
3636,2455,11,20,116,147,1.2857142857142858,0.04922282969318586,655,"Now that we've seen the satellite photo of the Great Wall of China, here's what The Trump wall looks like from the same distance."
3128,2455,8,22,103,133,1.2857142857142858,0.049572596331706964,655,I challenge my opponent to produce her long-form Hawaiian birth certificate!
3011,2455,7,32,122,161,1.2857142857142858,0.04264960099404445,655,This debate is getting very heated
2994,2455,5,30,105,140,1.2857142857142858,0.0445206446398571,655,And now for an opposing view
5259,2455,7,26,107,140,1.2857142857142858,0.046772188798323865,655,"Still alive, this year’s life achievement award goes to..."
2575,2455,11,24,126,161,1.2857142857142858,0.04614702017641418,655,Is anybody listening?
466,2455,8,28,118,154,1.2857142857142858,0.044865648136121705,655,I don't care if the world is against me. I shall prevail!
1793,2455,9,26,119,154,1.2857142857142858,0.045801842981455405,655,And it makes a certain amount of sense that the world would finally ask for equal time...
1731,2455,6,28,106,140,1.2857142857142858,0.04566029699933242,655,"As my worthy opponent knows, This problem is bigger than both of us!"
1366,2455,5,32,110,147,1.2857142857142858,0.04317127751539282,655,Your presentation here today means the world to us.
661,2455,9,22,109,140,1.2857142857142858,0.0489202155639534,655,"Yeah, Atlas, just walk away and leave her to the rest of us ..."
546,2455,10,22,115,147,1.2857142857142858,0.04826695559996328,655,Excuse me! I have the floor.
185,2455,5,32,110,147,1.2857142857142858,0.04317127751539282,655,"I've found my opponent lacks perspective."""
2531,2455,8,24,108,140,1.2857142857142858,0.04785825496092456,655,My opponent is just another globalist.
2884,2471,9,31,132,172,1.2848837209302326,0.042466095817438654,655,Do you have proof of these outlandish claims?
4116,2472,8,31,126,165,1.284848484848485,0.04281835730789982,655,"And finally, where in the world is my opponent?"
2271,2473,9,27,122,158,1.2848101265822784,0.044978223252496785,655,Atlas shrugged.
1363,2474,6,31,114,151,1.2847682119205297,0.043446938985050934,655,Is my opponent prepared tonight to admit that they have another hidden side to their identity?
4541,2475,5,31,108,144,1.2847222222222223,0.043701140376497465,655,Just keep your center of gravity
4919,2475,9,23,112,144,1.2847222222222223,0.04794048454810115,655,"Well, from here you look pretty darn flat to me!"
3567,2475,5,31,108,144,1.2847222222222223,0.043701140376497465,655,And now I turn the podium over to the Pacific Ocean which will present thoughts of it’s global dominance of Earth’s surface area.
2802,2475,8,25,111,144,1.2847222222222223,0.046916574486865814,655,There is no debating this; you are full of hot air
3164,2475,5,31,108,144,1.2847222222222223,0.043701140376497465,655,"As you can see, our distinguished guest is having hot flashes."
3464,2475,5,31,108,144,1.2847222222222223,0.043701140376497465,655,"I served with Carl Sagan. I knew Carl Sagan. Carl Sagan was a friend of mine. Earth, you are no Carl Sagan."
1859,2481,8,23,106,137,1.2846715328467153,0.04853909676452005,655,Apparently my opponent cannot carry the weight of the world on his shoulders after all.
2854,2481,12,15,110,137,1.2846715328467153,0.0527770096020847,655,"And now, to give an opposing view on the question of global warming..."
3628,2481,5,29,103,137,1.2846715328467153,0.04510008086298866,655,"Let’s keep it real, no one cares that much about you."
785,2484,6,25,99,130,1.2846153846153847,0.04789500465636723,655,"Let me guess.  Location, Location, Location."""
3917,2484,7,23,100,130,1.2846153846153847,0.04912425119439789,655,I'd just like to point out that you are letting Easter Island speak for an awful lot of people.
5181,2484,9,19,102,130,1.2846153846153847,0.05149478832041189,655,There you go again. Blowing even hotter air than last time we met.
2924,2487,7,21,95,123,1.2845528455284554,0.05100656192448701,655,That's the planet we escaped from.
5162,2488,7,34,128,169,1.2840236686390532,0.0412739440592235,655,I think we'd all like to hear from your better half.
195,2489,6,34,122,162,1.2839506172839505,0.04150856667564403,655,Please tell us how Climate Change is affecting you.
659,2490,11,22,122,155,1.2838709677419355,0.047346726411212244,655,I’m gonna build a wall!
345,2490,8,28,119,155,1.2838709677419355,0.04461334957357563,655,My next guest needs no subduction.
601,2492,14,14,120,148,1.2837837837837838,0.05166873401839338,655,"Where not here to talk about your personal issues, ma'am."
3040,2492,6,30,112,148,1.2837837837837838,0.0439798677602105,655,No! I will not be intimidated by globalization anymore.
3982,2492,8,26,114,148,1.2837837837837838,0.04602266935891564,655,"Oh yeah ... well, you're fat."
4013,2492,10,22,116,148,1.2837837837837838,0.0479785725260198,655,My opponent cannot prove it is round!
4981,2496,5,30,106,141,1.2836879432624113,0.04425018804847509,655,"My opponent says he's ""warming."" I say, that's HIS problem."
4666,2496,7,26,108,141,1.2836879432624113,0.046483474348555785,655,"Who are you going to believe? Me, or her?"
3634,2496,8,24,109,141,1.2836879432624113,0.04756080855185876,655,"Before I begin my talk, I want to thank my staff  for this terrific visual aid."
3509,2496,10,20,111,141,1.2836879432624113,0.04964539007092198,655,Global inflation is getting out of hand.
3380,2496,10,20,111,141,1.2836879432624113,0.04964539007092198,655,"Stop hovering, you creep."
2996,2496,10,20,111,141,1.2836879432624113,0.04964539007092198,655,"Vote for ME!  
I am the only candidate willing to take on the WORLD!"
3105,2496,8,24,109,141,1.2836879432624113,0.04756080855185876,655,If we elect this guy we are in for a world of hurt!
1532,2496,9,22,110,141,1.2836879432624113,0.048614273960435536,655,About time you stopped spinning.
1034,2496,6,28,107,141,1.2836879432624113,0.045380571447692516,655,"When the earth was flat we had none of the problems we have now. If you ventured astray, you just fell off."
93,2496,8,24,109,141,1.2836879432624113,0.04756080855185876,655,And here's a shout-out to my family in Des Moines
3353,2496,5,30,106,141,1.2836879432624113,0.04425018804847509,655,"Moving South America east
we can stop global warming."
4495,2507,8,22,104,134,1.2835820895522387,0.049247439772548224,655,This is what it looked like before it went flat.
715,2508,8,20,99,127,1.2834645669291338,0.051106538129964296,655,"With all due respect, you're in no condition for the job."
2124,2509,11,23,125,159,1.2830188679245282,0.046476070349953214,655,And you really expect us to believe you’re not flat?
48,2510,9,25,118,152,1.2828947368421053,0.046127261145655206,655,The time has come to change up the Miss World competition
632,2510,8,27,117,152,1.2828947368421053,0.04517284411080174,655,"Get a load of ol' ""Low Energy Earth,"" over there."
3888,2510,8,27,117,152,1.2828947368421053,0.04517284411080174,655,"Folks, I know some of you won't believe how fast our next speaker was able to warm up!"
3956,2510,5,33,114,152,1.2828947368421053,0.04218021713833118,655,"As you can see,there is no wall there anywhere!  If God wanted a wall there, he would have put a wall!"
4324,2510,8,27,117,152,1.2828947368421053,0.04517284411080174,655,_I move to recess until Mr.Atlas resolves his egregious theatrics.
3928,2515,8,25,112,145,1.282758620689655,0.04663324775885241,655,"Oh, sure! You’ve ‘changed’..."
1718,2515,5,31,109,145,1.282758620689655,0.04344310618152703,655,"Okay,Okay, Climate change is real!!"
5078,2517,7,25,106,138,1.2826086956521738,0.04712077169601795,655,I begin my argument with an extraterrestrial world view.
3465,2517,4,31,103,138,1.2826086956521738,0.04362347483680385,655,My oponent thinks she knows something about climate change.
2481,2517,8,23,107,138,1.2826086956521738,0.04823021509412167,655,"I realize I may be alone with my opinion on this issue."""
549,2517,8,23,107,138,1.2826086956521738,0.04823021509412167,655,"While my opponent may better portray the populous at large, I would like to point out that I am rich."
386,2521,8,21,102,131,1.282442748091603,0.049985093679725305,655,Raymond's worldly opinion of himself before the debate was short lived.
3503,2521,7,23,101,131,1.282442748091603,0.04879620659513006,655,Ask not what the world can do for you!
571,2523,7,34,129,170,1.2823529411764707,0.04106443911145132,655,"How long we have endured, the spin from the other side."
10,2524,8,19,97,124,1.282258064516129,0.05192401480808935,655,"What? YOU?!
YOU  have NO Say in this!
Shut up and SIT Down!"
748,2525,10,26,127,163,1.2822085889570551,0.04480866647455978,655,"We're giving each of the seven and a half billion speakers five minutes, then we'll open the cocktail party."
3352,2526,6,32,118,156,1.2820512820512822,0.04245843761029148,655,You never hear Mars complaining like this!
4400,2526,12,20,124,156,1.2820512820512822,0.047947855425866215,655,Climate Change? Ha! Show me the evidence.
5251,2528,9,24,116,149,1.2818791946308725,0.04673304602196192,655,"You may have all the time in the world, but I need 30 seconds for a rebuttal."
4832,2528,7,28,114,149,1.2818791946308725,0.04475028656172384,655,"I, for one, am not aligned with your world view."
443,2530,10,20,112,142,1.2816901408450705,0.04933500158802065,655,We warned you the camera would add ten pounds!
1062,2530,7,26,109,142,1.2816901408450705,0.04619818198900105,655,Please hold your applause as this tends to start rolling.
2572,2530,9,22,111,142,1.2816901408450705,0.0483120301873452,655,Why should you be the one determine the correct thermostat setting?!
4345,2530,6,28,108,142,1.2816901408450705,0.045104122851706306,655,This Pacific point my opponent raises is a good one.
4363,2530,7,26,109,142,1.2816901408450705,0.04619818198900105,655,I'd rather talk about unemployment.
5104,2530,8,24,110,142,1.2816901408450705,0.04726692437588792,655,"Yes, we think life is possible on Planet Earth, but understandably, very low intelligence."
3954,2536,7,24,104,135,1.2814814814814814,0.04778319825611717,655,"Well if you can warm up, so can I."
938,2537,8,31,128,167,1.281437125748503,0.04237232084379497,655,Don't turn your back on me!
2604,2538,11,23,126,160,1.28125,0.046218542761196545,655,My opponent would like to build a wall to keep Pluto out...
1945,2538,7,31,122,160,1.28125,0.042681240447807064,655,And what would you know about global warming?
808,2538,10,25,125,160,1.28125,0.04536008534788372,655,I can fix this and upper Mongolia will pay for it!
1161,2538,6,24,98,128,1.28125,0.04826913047376049,655,"And you cast out poor Pluto, who was so small, weak and frail"
270,2542,7,29,117,153,1.2810457516339868,0.043946910637508094,655,Objection! the question is out of orbit and without spin.
978,2542,7,29,117,153,1.2810457516339868,0.043946910637508094,655,Did it ever occur to you that it could just be global hot flashes?
1714,2542,6,31,116,153,1.2810457516339868,0.04295732350339832,655,"Damn you, Atlas!"
3684,2545,3,28,90,121,1.28099173553719,0.045791389015520885,655,Give it up. The whole world is against you.
4252,2546,7,27,112,146,1.2808219178082192,0.045322703395465715,655,And just what have you ever done for the people?
2226,2546,6,29,111,146,1.2808219178082192,0.04426820678301526,655,"Uh, woah there! When we promised you a global presence, this wasn't exactly what he had in mind."
2869,2546,4,33,109,146,1.2808219178082192,0.0420800131797113,655,It's always on a macro level with you.
3905,2546,8,25,113,146,1.2808219178082192,0.04635321730325652,655,Our guest lecturer will be discussing global warming.
4471,2546,5,31,110,146,1.2808219178082192,0.04318797078463212,655,I will prove that global warming is a hoax despite my opponent's hot-headed arguments to the contrary!
1316,2551,7,25,107,139,1.2805755395683454,0.046824706304139325,655,It's now the planet's turn.
3799,2551,7,25,107,139,1.2805755395683454,0.046824706304139325,655,My friend Atlas here apparently got tired!
3927,2551,9,21,109,139,1.2805755395683454,0.04900083621306406,655,I can see our debate from here!
4589,2554,13,20,131,164,1.2804878048780488,0.0470185305826426,655,While Mr. Blue Planet would shackle your economic freedom
899,2555,7,30,120,157,1.2802547770700636,0.043181490241751705,655,My opponent is NOT being transparent concerning global warming - he's only showing half of the story!
1086,2555,10,24,123,157,1.2802547770700636,0.04593058949635656,655,Western hemisphere...you ignorant slut!
821,2555,9,26,122,157,1.2802547770700636,0.04503287392732904,655,"I, Donald tRump, call this global warming garbage FAKE News!  I’ll say it right to your face!"
5122,2558,12,18,120,150,1.28,0.0492630250551455,655,"You may have the science, but we've got Trump!"""
3449,2558,9,24,117,150,1.28,0.0464584681381658,655,My opponent would have you believe she  feels the pain of global warming more then I do?
3706,2558,6,23,96,125,1.28,0.04898979485566356,655,"My client, the former planet known as Pluto is requesting damages from the defendant...."
4159,2561,8,31,129,168,1.2797619047619047,0.04215265078174906,655,There- right there is where the wall will be if you vote for me.
4525,2561,9,29,130,168,1.2797619047619047,0.04298990541229187,655,Will you stop your whining. What did you think? You would live forever?
43,2563,9,22,112,143,1.2797202797202798,0.04801342027089882,655,That’s just your opinion
262,2563,10,20,113,143,1.2797202797202798,0.04902837527748082,655,The victim card is the only thing my opponent knows to play.
4563,2563,5,30,108,143,1.2797202797202798,0.04371860360477925,655,"No, I’m not mansplaining."
4735,2563,5,30,108,143,1.2797202797202798,0.04371860360477925,655,You haven't much time. Better make it bruef.
1796,2567,8,29,124,161,1.279503105590062,0.0433560838827112,655,I don't think you're big enough to matter.
4470,2567,10,25,126,161,1.279503105590062,0.04511130138613028,655,"My colleague here appears to be getting hot under the collar, despite my reasonable argument in this debate that there is no scientific  evidence of climate change."
4484,2569,10,18,108,136,1.2794117647058822,0.050800966306006334,655,"Mother Earth, may I call you 'Mom'? You've heard all sides of the climate change debate. We'd like to hear from you. Speak up, Mom."
4224,2569,6,26,104,136,1.2794117647058822,0.04631423463827765,655,"I told you that unlike myself, Senator Atlas would crumble under the additional weight of his presidential candidacy."
3466,2569,7,24,105,136,1.2794117647058822,0.04747568632471863,655,Just stopped in to issue a global warning
2846,2569,8,22,106,136,1.2794117647058822,0.048609394707985344,655,So you think you can be a star
758,2569,8,22,106,136,1.2794117647058822,0.048609394707985344,655,The earth speaks and no one listens.
1497,2569,6,26,104,136,1.2794117647058822,0.04631423463827765,655,Bah to your preponderance of proof!  You'll never convince me you're not flat!
1301,2569,7,24,105,136,1.2794117647058822,0.04747568632471863,655,"My opponent, who takes a broader view..."
969,2569,5,28,103,136,1.2794117647058822,0.0451228973832111,655,"I think the world of my esteemed opponent, however..."
5014,2569,6,26,104,136,1.2794117647058822,0.04631423463827765,655,That’s my opponent...always spinning.
1508,2569,8,22,106,136,1.2794117647058822,0.048609394707985344,655,And I say you're not warming. I guess it's my word against yours.
4824,2579,8,27,119,154,1.2792207792207793,0.04465939650873419,655,My opponent is not taking the bigger picture into account!
3708,2579,5,33,116,154,1.2792207792207793,0.041711082257039275,655,It's about time you weighed in on global warming!
3324,2581,8,32,132,172,1.2790697674418605,0.04147944521301944,655,"See ladies and gents!
The ""Lie-entists"" were wrong again. 
It's perfectly flat, like ""Plate-O"" said.
And, right at the geometric center.....
Mar-El-Lago!"
3861,2581,5,26,98,129,1.2790697674418605,0.046662787317188016,655,"Your argument is flat sir, and so are you!"
401,2583,9,23,115,147,1.2789115646258504,0.04707680138163968,655,"Yes, but can you really prove it was HUMAN activity that caused your warming?"
3974,2583,10,21,116,147,1.2789115646258504,0.04805635429828093,655,Hold on Atlas!
4591,2583,11,19,117,147,1.2789115646258504,0.0490163355276326,655,Your World View and mine are definitely different.
5087,2583,7,27,113,147,1.2789115646258504,0.04505384898202644,655,"Our next speaker needs no introduction.  Ladies and Gentlemen, Everybody."
5244,2583,6,29,112,147,1.2789115646258504,0.04400751467624242,655,It's starting to feel warm in here.
3237,2588,5,24,93,122,1.278688524590164,0.048360598329621314,655,"The new dwarf planet, with an orbital eccentricity of 0.0167, will now take questions."
4687,2589,10,19,111,140,1.2785714285714285,0.049735019480020515,655,Mother Earth wouldn't even be in the presidential arena if she weren't a woman.
3964,2589,3,33,104,140,1.2785714285714285,0.04188254651100343,655,I'm not here to chit chat about the weather.
3777,2589,7,25,108,140,1.2785714285714285,0.046532218880272584,655,I think it's just the stage lights. You're not actually warming.
3459,2589,11,17,112,140,1.2785714285714285,0.05075772931876315,655,My opponent clearly knows nothing of worldly affairs.
147,2589,7,25,108,140,1.2785714285714285,0.046532218880272584,655,Does my opponent agree that there are two sides to every story?
2029,2589,8,23,109,140,1.2785714285714285,0.04762375790338688,655,Our next speaker has a real earthy sense of humor.
214,2589,8,23,109,140,1.2785714285714285,0.04762375790338688,655,"Tonight, we are here to debate our world view."
2274,2589,10,19,111,140,1.2785714285714285,0.049735019480020515,655,"I know the Earth and you are not her, ma'am."
3418,2597,8,28,122,158,1.2784810126582278,0.04387265598158213,655,As Tupac once said: “it’s Me Against the World.”
3157,2597,8,28,122,158,1.2784810126582278,0.04387265598158213,655,It’s a hoax! Last summer my opponent didn’t even have ice on her forehead!
63,2597,9,26,123,158,1.2784810126582278,0.04478209014730891,655,I STILL say that my opponent is FLAT!
1128,2597,6,32,120,158,1.2784810126582278,0.04199474529880327,655,We present to you the finest speaker on the planet to talk to you on climate change.
2223,2601,7,23,103,133,1.2781954887218046,0.04815268618576098,655,Before we continue our debate on Climate Change... can you please provide a long form birth certificate?
4422,2601,8,21,104,133,1.2781954887218046,0.04932141881026054,655,...and the world has spoken!
5017,2601,7,23,103,133,1.2781954887218046,0.04815268618576098,655,"Contrary to what some may claim or believe, the world is in fact round. I present to you Exhibit A."
1124,2604,7,28,116,151,1.2781456953642385,0.04423391604509388,655,"You seem very worldly, what's your opinion on global warming?"
1138,2604,7,28,116,151,1.2781456953642385,0.04423391604509388,655,"I still say you're flat, and you don't feel any warmer than you did the last time we met."
1525,2606,8,19,99,126,1.2777777777777777,0.051193859861100074,655,"I am an expert on global warming, so please wait your turn before weighing in on the issue."
3201,2606,6,23,97,126,1.2777777777777777,0.04865021103252996,655,Our next guest is a world-renowned geologist
3857,2606,8,29,125,162,1.2777777777777777,0.04312215179535924,655,"If you're going to be like that, we'll just move to Planet B."
4814,2606,9,22,113,144,1.2777777777777777,0.047718381612441664,655,"And I am indeed ready to take on the world.""
John Canning
Sea Cliff, NY"
4842,2606,5,30,109,144,1.2777777777777777,0.043457376303801656,655,And yet my opponent promised to drain the swamps!
1283,2611,12,19,124,155,1.2774193548387096,0.04803249482320878,655,"As a representative of the oil industry, let me repeat: we won’t be intimidated!"
1540,2611,8,27,120,155,1.2774193548387096,0.04440688951836282,655,My opponent continues to duck questions on domestic issues.
4300,2611,7,29,119,155,1.2774193548387096,0.043453246784730684,655,Hah! You call me a gas bag?
3750,2614,6,26,105,137,1.2773722627737227,0.04602014676247625,655,"My next guest is here to discuss global warming. 
Let's give a warm welcome to Earth."
1992,2614,7,24,106,137,1.2773722627737227,0.04717198442927356,655,"Sir, do you mind? I’m just as interested in climate change as you."
1432,2614,4,30,103,137,1.2773722627737227,0.04362533087700657,655,Don't give us that face. Everyone knows you've been warming up to China.
517,2614,6,26,105,137,1.2773722627737227,0.04602014676247625,655,"I did say I was ready to take on the whole world, but could I go to the bathroom first?"
4105,2618,10,26,130,166,1.2771084337349397,0.044093652219486655,655,Atlas I knew you would never hold up
487,2619,2,37,109,148,1.277027027027027,0.039323365537744966,655,"Before long, things will completely turn for you"
1470,2619,7,27,114,148,1.277027027027027,0.044788060842162865,655,easy...I was just kidding about global warming being fake news...
2039,2619,4,33,111,148,1.277027027027027,0.041595485379180015,655,I’mBlue; I’m hot; and I won’t be ignored
4131,2619,6,29,113,148,1.277027027027027,0.04374976263528806,655,My opponent recently confided that she IS feeling a bit warmer.
4650,2619,9,23,116,148,1.277027027027027,0.046795595099493624,655,What on earth are you saying ?!
2913,2624,7,22,101,130,1.2769230769230768,0.04885740952771086,655,"Sure, I may not be the most worldly candidate."
5174,2624,7,22,101,130,1.2769230769230768,0.04885740952771086,655,"As parliamentarian of the Flat Earth Society, you, sir, are very much out of order."
235,2626,6,32,121,159,1.2767295597484276,0.041766530769877415,655,"Somehow the continents separated from one another, if you catch my drift."
16,2627,6,27,108,141,1.2765957446808511,0.045134475394886006,655,"And arguing the ""against"" position in today's debate, please welcome Senator Mitch McConnell."
1504,2627,7,25,109,141,1.2765957446808511,0.046243248066774996,655,"Your answer to my question is still wrong, but you are getting a little warmer."
2115,2627,5,29,107,141,1.2765957446808511,0.04399776979095477,655,"Planet, I served with Jupiter. I knew Jupiter. Jupiter was a friend of mine. Planet, you’re no Jupiter!"
2860,2627,6,27,108,141,1.2765957446808511,0.045134475394886006,655,"I know this is a debate, but you have to stop getting so heated!"
3652,2627,7,25,109,141,1.2765957446808511,0.046243248066774996,655,My opponent’s lying! Promising the world? Just look at him!
3845,2632,5,32,115,152,1.2763157894736843,0.041951947254526244,655,"Not now, Mother. I'm trying to sell these fine folks a border wall."
2014,2632,8,26,118,152,1.2763157894736843,0.04495977096993022,655,Whoa... easy there big fella.... let me introduce you first !
1777,2634,8,21,105,134,1.2761194029850746,0.0489959690957387,655,There he goes. Throwing his weight around again.
3604,2634,6,25,103,134,1.2761194029850746,0.04664936533718852,655,"I'd like to point out that my party's constituants own, or otherwise directly control, ninety-eight percent of my opponent."
1001,2634,5,27,102,134,1.2761194029850746,0.045430633230546524,655,"You say 'global warming,'  but what do you really know about it."
1214,2634,8,21,105,134,1.2761194029850746,0.0489959690957387,655,"Alright, let's put a pin in it."
4506,2634,5,27,102,134,1.2761194029850746,0.045430633230546524,655,How does it make you feel when people say they want to change you?
2997,2639,9,22,114,145,1.2758620689655173,0.04742685295581093,655,All I said was we deserve better than Uranus.
4316,2639,4,24,88,116,1.2758620689655173,0.048340072953567015,655,Wait a minute! You're not the only one to have a global approach.
1763,2639,7,26,112,145,1.2758620689655173,0.04536226956476118,655,"There you go, getting all hot and steamy again!"
224,2639,7,26,112,145,1.2758620689655173,0.04536226956476118,655,yeah? well you're fat
366,2639,7,26,112,145,1.2758620689655173,0.04536226956476118,655,...and my ever-vacationing opponent is even now somewhere in the Pacific.
1125,2639,8,24,113,145,1.2758620689655173,0.04640604422571574,655,How can we believe that you speak on behalf of everyone?
14,2645,9,25,122,156,1.2756410256410255,0.04508398370991806,655,"Okay, you win, global warming is a real thing!"
2801,2645,8,27,121,156,1.2756410256410255,0.044157135337534806,655,Don’t even go there! I was eco-friendly before they invented the word.
4652,2645,8,27,121,156,1.2756410256410255,0.044157135337534806,655,"My opponent has a long history of 
only circling the larger issues."
5209,2645,10,23,123,156,1.2756410256410255,0.04599215773471549,655,Stop right there - talk to the hand!
5215,2649,6,23,98,127,1.2755905511811023,0.04831515160958265,655,"And I say if Earth Day were a real holiday, we’d get the following Monday off!"
4049,2650,7,24,107,138,1.2753623188405796,0.046872025458178125,655,STOP! I DON'T ACTUALLY CONSIDER MYSELF THE CENTER OF UNIVERSE.
4139,2650,7,24,107,138,1.2753623188405796,0.046872025458178125,655,And that’s my position even if the whole world thinks I’m crazy!
4811,2650,10,18,110,138,1.2753623188405796,0.050143258160425565,655,"Just you wait, my opponent will come around."
3945,2653,8,25,116,149,1.2751677852348993,0.04553236341888473,655,"Ask yourself, why hasn't Earth released its long form brith certificate?"
3682,2653,9,23,117,149,1.2751677852348993,0.04651764009573785,655,"Fake news!
You can't prove it!"
3379,2653,9,23,117,149,1.2751677852348993,0.04651764009573785,655,Oh yeah?!  Well I‘ve got Wisconsin
1838,2653,8,25,116,149,1.2751677852348993,0.04553236341888473,655,I don't care what the world says. I have all the answers.
1306,2653,6,29,114,149,1.2751677852348993,0.04349490401616014,655,"How can you, of all people, deny global warming?"
2676,2653,4,33,112,149,1.2751677852348993,0.041357190816598915,655,I shall defend the use of fossil fuels even though the whole world oppose me.
2043,2659,7,30,123,160,1.275,0.04247640854661405,655,You say we have to think globally...I say we must act locally.
4362,2659,7,30,123,160,1.275,0.04247640854661405,655,We are worlds apart on this issue.  Let’s just agree to disagree.
4135,2661,6,24,101,131,1.2748091603053435,0.047303613388792874,655,Unlike my opponent I have a world view.
4410,2661,3,30,98,131,1.2748091603053435,0.04342018428504746,655,Wait one revolution now!
4757,2663,9,21,112,142,1.2746478873239437,0.04808215403689606,655,Neither charm nor gravity will make me take your side!
5217,2663,8,23,111,142,1.2746478873239437,0.04703194038056216,655,You shift positions so much you’re practically spinning
2585,2663,7,25,110,142,1.2746478873239437,0.04595773378979546,655,It's been said that I'm at odds with the world.
193,2663,6,27,109,142,1.2746478873239437,0.044857810626764444,655,Please shut off your phones and GPS devices.
822,2663,8,23,111,142,1.2746478873239437,0.04703194038056216,655,"Mother Earth, do you believe Climate Change is a hoax?"
358,2663,5,29,108,142,1.2746478873239437,0.04373023042884195,655,"And now let me introduce my very dear,old friend without whom I certainly would not be here tonight."
1382,2663,9,21,112,142,1.2746478873239437,0.04808215403689606,655,What is your opinion on global warming?
2474,2670,7,28,118,153,1.2745098039215685,0.04372893774558989,655,"While my opponent may be more worldly, my spin is that politics is local."
3043,2670,7,28,118,153,1.2745098039215685,0.04372893774558989,655,Man V. World
4813,2672,9,19,107,135,1.2740740740740741,0.04979741116928703,655,"My opponent, Mr. World, will try to say that it's all gloom and doom ahead."
2417,2673,6,28,112,146,1.273972602739726,0.04403003649623462,655,My opponent seems to think global warming is the only issue of interest here.
4168,2673,10,20,116,146,1.273972602739726,0.048130420307929946,655,And my opponent just fell into the Pacific!
1925,2673,7,26,113,146,1.273972602739726,0.04509010340583965,655,"Oh yeh, keep blabbering about YOUR molten core!"
1209,2676,7,29,121,157,1.2738853503184713,0.042970184931970835,655,My opponent claims to be from the Western Hemisphere.....I ask you where’s the proof?
3455,2676,7,29,121,157,1.2738853503184713,0.042970184931970835,655,World debating championship
4841,2676,6,31,120,157,1.2738853503184713,0.042009254644181274,655,"That ""Atlas Shrugged"" story is getting pretty old!"
1552,2679,9,17,102,128,1.2734375,0.05168761663432175,655,Care to spin around and show us your poorer side?
1651,2679,7,21,100,128,1.2734375,0.04924983980898445,655,I've invited my next guest to talk about it's next revolution
4909,2681,9,20,110,139,1.2733812949640289,0.04876298529440736,655,"From now on, America first!"
5142,2681,6,26,107,139,1.2733812949640289,0.04544266157650377,655,"And now, a representative of the Earth has asked to say a few words about global warming, pollution, and basic lack of respect."
2767,2681,8,22,109,139,1.2733812949640289,0.04768190768276031,655,We will secure our borders from climate change too
2599,2681,2,34,103,139,1.2733812949640289,0.04059529323622879,655,"Earth, heal thyself!"
2306,2681,9,20,110,139,1.2733812949640289,0.04876298529440736,655,".......and my opponent's presents a view that only shows a New World perspective""."
35,2681,7,24,108,139,1.2733812949640289,0.04657574374835,655,"Our extinction may well be at hand, but there was no collusion!"
306,2687,6,29,115,150,1.2733333333333334,0.04324289305942818,655,This is a science convention.  There is no need for your worldview.
1019,2687,8,25,117,150,1.2733333333333334,0.04526498334667862,655,Where's my wall?!?
1225,2687,7,27,116,150,1.2733333333333334,0.04426548608975301,655,"Yes, I Donald J. Trump, know better. My gut says so..."
5255,2687,9,23,118,150,1.2733333333333334,0.04624288243598217,655,I'm warning you!
1352,2691,7,30,124,161,1.2732919254658386,0.042246299444459,655,...and I still have more Twitter followers!
5201,2692,7,25,111,143,1.2727272727272727,0.04567561723105038,655,Not being able to speak about climate change made The World even hotter under the collar.
5133,2692,4,31,108,143,1.2727272727272727,0.04231764219233889,655,I pledge to bring back the borders
4746,2692,7,25,111,143,1.2727272727272727,0.04567561723105038,655,We are the last two candidates and the choice is clear.
4657,2692,9,21,113,143,1.2727272727272727,0.047783345654281016,655,My opponent makes unsubstantiated claims of global warming. We all know she is just having hot flashes!
4368,2692,8,20,104,132,1.2727272727272727,0.04939011464665993,655,No no no! Only from there to there will be great again.
3259,2692,5,20,85,110,1.2727272727272727,0.05151433383380236,655,"Yeah, when you can't think of anything better to say it's always, ""Global Warming this and Global Warming that"""
3053,2692,7,25,111,143,1.2727272727272727,0.04567561723105038,655,It's like I have the weight of the world going against me!
2946,2692,6,27,110,143,1.2727272727272727,0.04458440257755946,655,My opponent here seems to think science is a thing!
4256,2692,8,23,112,143,1.2727272727272727,0.04674136354105388,655,"No. I said, ‘Please be more SPECIFIC. ‘"
2352,2692,10,19,114,143,1.2727272727272727,0.048803085744203015,655,I'm feeling anything but global warming from you.
2225,2692,6,33,126,165,1.2727272727272727,0.04065578140908709,655,"Earth, you're no Jack Kennedy."
1894,2692,8,23,112,143,1.2727272727272727,0.04674136354105388,655,"No Climate Change! Who ya gonna believe, Me, your favorite 
Pres ever, or Fat fake Blue Boy over there?"
1169,2692,11,17,115,143,1.2727272727272727,0.049801950106351925,655,I call on my opponent to stick to the issues.
682,2692,10,25,130,165,1.2727272727272727,0.04414217803884439,655,"I don't care what the World says, global warming is a hoax!"
609,2692,5,29,109,143,1.2727272727272727,0.04346580146458082,655,"My title for this lecture is ""The Rise of Globalism"""
550,2692,11,20,123,154,1.2727272727272727,0.04722386196811997,655,Your perspective is too broad.
334,2692,7,22,103,132,1.2727272727272727,0.04820501015253788,655,You want a whole day?? How would we pay for it?
2608,2692,7,28,119,154,1.2727272727272727,0.04348060933208722,655,Okay! Okay! Hold your water!
3325,2710,7,26,114,147,1.272108843537415,0.044821083899732446,655,He's not letting me get a world in edgewise.
2758,2710,7,26,114,147,1.272108843537415,0.044821083899732446,655,I'm pleased to introduce our newest democratic candidate with a can-do attitude and getting warmer every day...
2335,2710,7,26,114,147,1.272108843537415,0.044821083899732446,655,"And now, here to discuss the climate crisis, we have the Western Hemisphere.  The East will appear tomorrow and for many days thereafter."
2452,2710,6,28,113,147,1.272108843537415,0.04376918552853482,655,"Our next speaker for Earth Day, is the Earth y'all!"
484,2714,5,27,104,136,1.2720588235294117,0.044851378593446456,655,The only thing getting heated is this debate!
2568,2714,6,25,105,136,1.2720588235294117,0.046049740755039065,655,"That may be so, but what about the Eastern Hemisphere?"
2625,2714,6,25,105,136,1.2720588235294117,0.046049740755039065,655,"There you go again Mother Earth. I may be sleazy, but that's not where I was coming from when I said you were hot."
3241,2714,5,27,104,136,1.2720588235294117,0.044851378593446456,655,"Give me a podium, and I will move the world!"
414,2718,6,22,97,125,1.272,0.04869390900506499,655,My opponent claims to know a whole world about climate change.
2067,2718,8,18,99,125,1.272,0.05127534778353611,655,"My opponent has abandonded the simple modesty of cloud cover, is no longer spinning about any meaningful axis, has deserted his loving moon and solar siblings, and his butt is permanently parked on top of Australia.  He is a small shadow of his past."
4152,2718,4,26,95,125,1.272,0.04596773061686336,655,"Meanwhile he just spins around, gravitating toward any hot, shiny thing in the sky."
2812,2721,8,15,91,114,1.2719298245614035,0.05471849699945677,655,Those dots in the middle are called islands.  They're underwater now.
4972,2722,5,31,115,151,1.271523178807947,0.04195422169785289,655,your position simply does not hold water
4592,2722,5,31,115,151,1.271523178807947,0.04195422169785289,655,"What do you mean, EVERYBODY says so?"
1157,2722,8,25,118,151,1.271523178807947,0.04500063755686408,655,Power Point is so passé
107,2722,7,27,117,151,1.271523178807947,0.04400860324724808,655,What would you like to say to all these people putting trash into you?
3290,2722,11,19,121,151,1.271523178807947,0.04785350606565732,655,"I would now like to address all the ""fake news"" being generated my opponent."
1127,2727,6,26,108,140,1.2714285714285714,0.04515914207938474,655,"When it comes to climate change, it’s me against the world.!"
4497,2727,7,24,109,140,1.2714285714285714,0.046283075051954635,655,If you can wait a minute I believe that I have the lever that works with that fulcrum.
5182,2727,8,22,110,140,1.2714285714285714,0.04738035414793428,655,"And no booing, just because our next speaker believes in climate change."
1912,2730,7,21,101,129,1.2713178294573644,0.048912517302806054,655,It's hard being the down-to-earth candidate
4461,2730,4,27,98,129,1.2713178294573644,0.04504511356267232,655,If we can just capture what the earth is trying to tell us.....
2179,2732,7,28,120,155,1.270967741935484,0.043234997053330476,655,Enough with the climate change!
2493,2732,8,26,121,155,1.270967741935484,0.044193349621440434,655,The planet has something to say.
2795,2732,6,30,119,155,1.270967741935484,0.04225491438448457,655,Want a Coke? Then show me you can sing in perfect harmony!
1467,2735,6,27,111,144,1.2708333333333333,0.04431419701966919,655,THEY say the earth is flat and I believe they are correct.
1628,2735,7,25,112,144,1.2708333333333333,0.045396840800028745,655,What do you mean another universe has adopted you?
3753,2735,6,27,111,144,1.2708333333333333,0.04431419701966919,655,You think you’re so great.
4834,2735,6,27,111,144,1.2708333333333333,0.04431419701966919,655,My opponent can't even sit still.
3160,2739,5,26,102,133,1.2706766917293233,0.04544383731668337,655,Says you...
725,2739,6,24,103,133,1.2706766917293233,0.046680440407283315,655,Now let's draw lines.
2620,2739,6,24,103,133,1.2706766917293233,0.046680440407283315,655,"And now we will from a source that has a vested interest in Global Warming,"
141,2739,6,24,103,133,1.2706766917293233,0.046680440407283315,655,"If my opponent is scaring you, he's just warming up."
284,2739,7,22,104,133,1.2706766917293233,0.047885119642438766,655,"Ask yourself, how can you trust my opponent who has killed billions of innocents throughout history?"
2562,2744,5,23,94,122,1.2704918032786885,0.048043816154440755,655,this debate makes a world of difference.
102,2745,9,25,125,159,1.270440251572327,0.04433116664262766,655,Whoa! Back up there! If you can't stand the heat ...
357,2745,9,25,125,159,1.270440251572327,0.04433116664262766,655,You're way too down to Earth.
3192,2745,7,29,123,159,1.270440251572327,0.04249740396890623,655,My opponent is obviously a member of the globalist left.
5007,2748,10,20,118,148,1.2702702702702702,0.04754942909114843,655,"I know you're passionate, Mom, but you have to sit in the audience!"
75,2748,11,18,119,148,1.2702702702702702,0.04850646214940219,655,I’ll concede my opponent has the weight of the world on his shoulders.
4610,2748,6,28,114,148,1.2702702702702702,0.04351130374357006,655,"If you’re down here, then who’s up there?”"
5013,2748,6,28,114,148,1.2702702702702702,0.04351130374357006,655,And I suppose you are going to take a world view on this issue
1556,2752,9,19,109,137,1.27007299270073,0.049148666476155164,655,Behold! My base!
710,2753,8,18,100,126,1.2698412698412698,0.0509125592297891,655,My view is quite different
1614,2753,4,26,96,126,1.2698412698412698,0.04565251558666045,655,"Taking on the world? No, you're taking on Mortie Applebaum."
2835,2753,5,24,97,126,1.2698412698412698,0.047022721171518796,655,"You DON'T represent the global community!  Can you even spell, 'Herzegovina'?  I CAN!!"""
2314,2756,11,19,122,152,1.269736842105263,0.04757118891422231,655,"And I say, cargo shorts are a timeless classic!"
4395,2756,8,25,119,152,1.269736842105263,0.044739276787746564,655,And in closing I ask: Do mothers always know best?
638,2756,6,29,117,152,1.269736842105263,0.04274723541948937,655,What're you gonna do? Flatten me?
5186,2759,4,23,88,115,1.2695652173913043,0.048346794407005136,655,"Even though you think you're round, my supporters and I know you are fat. . .I mean flat."
3256,2760,9,20,112,141,1.2695035460992907,0.04814642541302546,655,I'm a proud nationalist!  Can my opponent say the same?
4984,2760,6,26,109,141,1.2695035460992907,0.04487902530437653,655,What in the world are you doing here?!!
3230,2760,6,26,109,141,1.2695035460992907,0.04487902530437653,655,and now for the majority opinion...
2951,2760,10,18,113,141,1.2695035460992907,0.04918735002666582,655,"I’d like to ask my opponent if they have ever been to Hell, and if they in fact own a hand basket."
2629,2760,5,28,108,141,1.2695035460992907,0.04373568096734234,655,Very nice! Now turn and show Europe.
2557,2760,10,18,113,141,1.2695035460992907,0.04918735002666582,655,"From day one, my opponent has done everything in his power to conceal his ties to Russia."
106,2766,8,29,130,167,1.2694610778443114,0.04198825055139145,655,And yet you stand there silent!
2602,2766,9,27,131,167,1.2694610778443114,0.042838744744204925,655,"Loser"""
3605,2768,7,21,102,130,1.2692307692307692,0.04857966124826323,655,"And, our next speaker is
Hemi Sphere.”"
1702,2768,9,24,123,156,1.2692307692307692,0.04487474880977718,655,Just water weight?  Talk about spinning the truth!
4620,2768,6,23,101,130,1.2692307692307692,0.047336274701534606,655,"I'm just warming up, so you can stop right there."
136,2768,5,25,100,130,1.2692307692307692,0.04605933475683601,655,I'm just the man to take on the world.
1259,2768,6,23,101,130,1.2692307692307692,0.047336274701534606,655,"That’s weather, not climate!"
1974,2773,5,36,130,171,1.2690058479532165,0.03873903897225261,655,Accepting the award for best known solar system in the galaxy...
1072,2774,7,25,113,145,1.2689655172413794,0.04512134810664488,655,Ned surprised everyone with his earthy sense of humor.
2665,2774,6,27,112,145,1.2689655172413794,0.04404714081921775,655,"Wait, wait, let me finish."
2963,2774,6,27,112,145,1.2689655172413794,0.04404714081921775,655,We can't trust you to not rotate your view.
3787,2774,6,27,112,145,1.2689655172413794,0.04404714081921775,655,"And to prove the earth is flat, I brought the impostor herself."
4835,2774,8,23,114,145,1.2689655172413794,0.04617056958251709,655,"My opponent may lead you to believe that she's big and mighty, but when you go to the polls, you must remember: It's a small world, after all."
2281,2779,3,37,120,160,1.26875,0.038364638912257804,655,"I understand we’re on a global stage, but it’s just your opinion."
3471,2780,7,22,105,134,1.2686567164179106,0.04756933183724331,655,I will not be intimidated!
2832,2780,6,24,104,134,1.2686567164179106,0.04637478281143451,655,"The Earth would like to say a couple of words to Mankind.""

""You're Screwed!"
592,2780,7,22,105,134,1.2686567164179106,0.04756933183724331,655,The president indicated you were flat.
332,2783,6,28,115,149,1.2684563758389262,0.04325634329846062,655,Oh stop it and just cool down will you.
631,2783,5,30,114,149,1.2684563758389262,0.04219498209487799,655,"That's fine for you, but what about Africa? And Europe! And Asia! And Greenland! And Antarctica! Yeah! What about Antarctica?"
1343,2783,5,30,114,149,1.2684563758389262,0.04219498209487799,655,The people can't trust you on climate change—you're a biased party!
2139,2783,10,20,119,149,1.2684563758389262,0.04726404682021101,655,"As you can see, it is a disk, and therefore flat."
4810,2787,5,27,106,138,1.2681159420289856,0.044286191993398845,655,Calling us stupid doesn’t help.
3673,2787,6,25,107,138,1.2681159420289856,0.04546485812221544,655,This is a tad bigger than that proverbial  elephant in the room.
4344,2787,8,21,109,138,1.2681159420289856,0.047734959617319994,655,And you see Dora the Explora now is approaching the Orinoco
2418,2787,5,27,106,138,1.2681159420289856,0.044286191993398845,655,What on earth would you have me do?!
3149,2787,9,19,110,138,1.2681159420289856,0.048830450463457395,655,"I know that you're a big advocate for No More Humans, but you'll have to wait to speak like everyone else"
2881,2792,12,17,124,153,1.2679738562091503,0.04819277447040354,655,We knew something would render Trump non-existent.  And it was there all  this time.
5072,2792,6,29,118,153,1.2679738562091503,0.04250350149249065,655,"Ok, so maybe my opponent IS round after all. But there's still no consensus on his ‘global warming’ claim!"
5230,2792,10,21,122,153,1.2679738562091503,0.04637396777443322,655,Get Man to Mars! That’s your answer to everything!
3447,2795,6,33,129,168,1.2678571428571428,0.04002531125119733,655,If your temperature goes up a mere 2.8 degrees centigrade you call it a disaster! Even I can handle that! What a wimp!
3693,2796,5,24,98,127,1.2677165354330708,0.04669935501144436,655,"With that, I am done ... and the only thing standing between you and lunch is The World."
144,2796,8,18,101,127,1.2677165354330708,0.05055475140225255,655,"There you go again, whining about your Doomsday Clock."
878,2796,7,20,100,127,1.2677165354330708,0.049303128829625766,655,"I said wall, not ball!"
3024,2799,4,30,108,142,1.267605633802817,0.04230343670367706,655,"and, ladies and gentleman, here to answer your questions about global warming, is, er , the globe."
2796,2799,7,24,111,142,1.267605633802817,0.04570832658874256,655,See this pin?    Lighten up.
3328,2799,7,24,111,142,1.267605633802817,0.04570832658874256,655,Do not be dissuaded by my opponent's OverHeated rhetoric!
3159,2799,10,18,114,142,1.267605633802817,0.04887659442048197,655,My opponent will try and tell you she isn't flat and that she has a fever.
1863,2799,6,26,110,142,1.267605633802817,0.044602253291466165,655,Some say the planet is telling us we are causing it to overheat. We are going to debate that today.
1482,2799,3,32,107,142,1.267605633802817,0.041105846738328664,655,"No need to get overheated, it's a long campaign."
1319,2799,9,20,113,142,1.267605633802817,0.047843822603103554,655,"Plainly, my opponent thinks it speaks for everyone."
1096,2799,7,24,111,142,1.267605633802817,0.04570832658874256,655,This position calls for someone with more stability than you and your incessant climate change can offer.
644,2799,7,24,111,142,1.267605633802817,0.04570832658874256,655,"So stop getting so overheated, already!"
114,2799,7,24,111,142,1.267605633802817,0.04570832658874256,655,"Again, I'll restate my position. The evidence isn't yet conclusive."""
1341,2809,6,30,121,157,1.267515923566879,0.041785799577232385,655,"My opponent would lead you to believe that he has taken a world view, but it is clear to see that he has drawn Alaska incorrectly."
3002,2809,6,30,121,157,1.267515923566879,0.041785799577232385,655,Don’t you stare at me like that!
4126,2809,11,20,126,157,1.267515923566879,0.04641497207743607,655,The last thing our planet needs is refugees from Earth.
4121,2812,7,21,103,131,1.2671755725190839,0.04825118691053638,655,"Okay, what on Earth happened to the other speaker?"
2122,2812,3,29,99,131,1.2671755725190839,0.04310937009387071,655,The people deserve a leader who can stay cool under pressure!
1428,2812,8,19,104,131,1.2671755725190839,0.049453178364709964,655,"May I introduce you to Mr. Splat, who some of you knew as Atlas."
1892,2812,6,23,102,131,1.2671755725190839,0.04701847749746068,655,We invited people here to talk about the planet. Not the planet to talk about people.
3936,2816,5,29,112,146,1.2671232876712328,0.04269067470972507,655,If elected I promise to investigate why my opponent is no longer FLAT!
305,2816,7,25,114,146,1.2671232876712328,0.044849083934353454,655,You can debate all you want about curvature and the masts of ships disappearing below the horizon.  But I know in my heart that you are flat.
796,2816,5,29,112,146,1.2671232876712328,0.04269067470972507,655,"Hang on, I'm going to get Jupiter."
1379,2816,7,25,114,146,1.2671232876712328,0.044849083934353454,655,There’s more to debate than which candidate has the most gravitas!
2365,2816,6,27,113,146,1.2671232876712328,0.04378318191339136,655,"You say ""turtles all the way down"" but you have no legs to stand on."
3262,2816,6,27,113,146,1.2671232876712328,0.04378318191339136,655,Keep your geopolitical opinions to yourself!
3329,2816,6,27,113,146,1.2671232876712328,0.04378318191339136,655,I figured that in due course the whole world would speak against me.
4823,2823,8,27,126,161,1.2670807453416149,0.0429481884656501,655,Join me in holding my opponent responsible for the mess we're in.
2745,2823,5,33,123,161,1.2670807453416149,0.04014508236163696,655,"Stop the World, I wanna get...no, right, I’m already off."
250,2825,8,28,129,165,1.2666666666666666,0.0422337609523278,655,This is a global warning!
5086,2825,7,26,117,150,1.2666666666666666,0.044032392659054245,655,"And my opponent just goes on and on and on."""
4243,2825,4,32,114,150,1.2666666666666666,0.040870468891880944,655,No rolling over just to make a point.
2652,2825,7,26,117,150,1.2666666666666666,0.044032392659054245,655,"Not in my hemisphere!"""
2228,2825,6,24,105,135,1.2666666666666666,0.04607298269767254,655,Do you have anything you'd like to say before we decide?
4091,2825,7,22,106,135,1.2666666666666666,0.04725757139521219,655,"Clearly, my opponent cannot carry the weight of the world on his shoulders"
1233,2825,8,20,107,135,1.2666666666666666,0.04841318388297882,655,You are so flat!
1191,2825,6,32,127,165,1.2666666666666666,0.04044590095625991,655,Addressing the Elephant in the Room...
509,2825,6,24,105,135,1.2666666666666666,0.04607298269767254,655,Speak for yourself!
421,2825,5,26,104,135,1.2666666666666666,0.04485712223433967,655,"The debate on global warming heats up"""
1774,2825,7,26,117,150,1.2666666666666666,0.044032392659054245,655,I knew the world and you are no world!
1286,2836,4,37,128,169,1.2662721893491125,0.03800913021853243,655,"No, it’s not caused by CO2 emissions. It’s the house lights.”"
1748,2836,10,25,134,169,1.2662721893491125,0.04321282504971724,655,So who are you going to believe? Me or them?
71,2838,7,27,120,154,1.2662337662337662,0.043255015112900655,655,"My opponent is an old, sick globalist who wasn't even born in America."
2603,2838,9,23,122,154,1.2662337662337662,0.045174785091514194,655,"If you're truly who you say you are, then where does that leave us?"
3754,2838,8,25,121,154,1.2662337662337662,0.0442253182039528,655,"Believe me, you're no Jack Kennedy"
4528,2841,4,29,106,139,1.2661870503597121,0.04280774863955415,655,"I know the whole world says I'm wrong, but I say I'm right"
3597,2841,5,27,107,139,1.2661870503597121,0.04400872365954917,655,"Well, uh......at least I'm not 96% salt water!!"
3610,2841,8,21,110,139,1.2661870503597121,0.047429537229541886,655,The Earth is really flat I tell you......FAKE NEWS!!
1818,2841,8,21,110,139,1.2661870503597121,0.047429537229541886,655,"No, no!  Flat, flat, flat!"
1438,2841,4,29,106,139,1.2661870503597121,0.04280774863955415,655,"Despite what my opponent would have you believe, being worldly is not enough."
3728,2846,7,19,98,124,1.2661290322580645,0.05005749509386557,655,It’s obvious that my opponent is not well- rounded.
4396,2846,5,23,96,124,1.2661290322580645,0.047365516232269395,655,The Flat Earth Society vehemently objects to your characterization of our position as being 'anti-Pythagorus.'
759,2848,11,20,127,158,1.2658227848101267,0.04615133912770509,655,Fake views!
2146,2848,10,22,126,158,1.2658227848101267,0.045269420674413266,655,I have been wrongfully accused by the Fake News of “trashing” my opponent
3733,2848,8,26,124,158,1.2658227848101267,0.043451917541463006,655,No one knows more about the planet than I do.
3919,2851,7,24,112,143,1.2657342657342658,0.0454261251111397,655,My opponent—now in its 4.5 billionth year—is Exhibit A for term limits.
2259,2851,8,22,113,143,1.2657342657342658,0.046497590247801576,655,And my opponent would have us all return to the Cenozoic Era.
1735,2851,3,32,108,143,1.2657342657342658,0.040860257190267125,655,And now..let’s here it for someone who needs no introduction..here to tell us what’s happening everywhere..and we mean everywhere
1365,2851,8,22,113,143,1.2657342657342658,0.046497590247801576,655,I don't doubt that you may have been molested. But the statute of limitations. . .
1064,2851,7,24,112,143,1.2657342657342658,0.0454261251111397,655,Forget the wall - build a canal!
4874,2856,6,22,100,128,1.265625,0.04768815691594056,655,"Thank you for stopping by on your global health tour, and we appreciate your tip on retaining water."
641,2857,4,31,112,147,1.2653061224489797,0.041325682132910276,655,My opponent just told you a world of lies!
1515,2857,8,23,116,147,1.2653061224489797,0.04561319813620343,655,I see that my time has expired.
1642,2857,7,25,115,147,1.2653061224489797,0.044579994213738955,655,"Uh, no. You’re flat."
3411,2857,9,21,117,147,1.2653061224489797,0.04662351128270054,655,I’m the best president ever! The world’s all wrong and I’m always right!
4734,2857,5,29,113,147,1.2653061224489797,0.04243818992211959,655,"Of course the world is round, but this proves it is not a globe."
1601,2862,5,25,102,132,1.2651515151515151,0.045449726014839965,655,"Even the Earth, the 2018 Debate World Champion, can not negate Climate Change"
2018,2863,7,26,118,151,1.2649006622516556,0.04377545226709975,655,"Excuse me Mother, but my opinion on global warming is JUST as important as yours"
1864,2863,10,20,121,151,1.2649006622516556,0.04670322133901241,655,Another one of my opponent’s dirty tricks - he’s trying to convince you that all of America is against me!!
964,2863,10,20,121,151,1.2649006622516556,0.04670322133901241,655,"Please, no more global perspective."
2597,2866,7,22,107,136,1.2647058823529411,0.04694976469560254,655,I will not be intimidated into accepting man-made climate change.
2821,2866,6,24,106,136,1.2647058823529411,0.04577497070560295,655,Liar! Liar! Liar! Liar!
3558,2866,9,27,134,170,1.2647058823529411,0.0421689354760427,655,You are a hoax!
599,2869,6,29,120,155,1.264516129032258,0.04202401148452718,655,We couldn't decide who to invite to speak so we invited the whole world
1990,2869,10,21,124,155,1.264516129032258,0.04583848016129209,655,I still choose to BELIEVE the Earth is flat.
3615,2869,7,27,121,155,1.264516129032258,0.04300935621249226,655,"In a word, this next speaker is worldly."
4028,2869,6,29,120,155,1.264516129032258,0.04202401148452718,655,And for a global opinion...
953,2873,7,23,110,140,1.2642857142857142,0.04602460833093375,655,Oh yeah? Well. look at these hands!
2588,2873,6,25,109,140,1.2642857142857142,0.044894205072559736,655,I thought the rules said no props?
2710,2873,7,23,110,140,1.2642857142857142,0.04602460833093375,655,"Now for someone who speaks for a lot of us, I'm sure..."
4044,2873,6,25,109,140,1.2642857142857142,0.044894205072559736,655,Our tax cuts should be trickling down to you any day now
4944,2873,8,21,111,140,1.2642857142857142,0.047127905692218745,655,How do you know global warming exists?
1284,2878,5,23,97,125,1.264,0.04703327579765272,655,"So, why is it still snowing then?"
2183,2878,5,23,97,125,1.264,0.04703327579765272,655,"Quit bullying us with floods, hurricanes and tornadoes! Carbon emissions are not the problem. You are!"
469,2878,5,23,97,125,1.264,0.04703327579765272,655,Can you be more specific?
4796,2881,9,20,115,144,1.2638888888888888,0.04724963782078061,655,Do me a favor and show us your more civilized side.
4284,2881,6,26,112,144,1.2638888888888888,0.04405851771019594,655,"I prefer my planets red, white and blue!"
5149,2881,4,30,110,144,1.2638888888888888,0.04179596617581002,655,.... and you should be able to tell that I think the world of my opponent.
3129,2881,8,22,114,144,1.2638888888888888,0.046210422818557334,655,Told you I wasn't flat!
2776,2881,7,24,113,144,1.2638888888888888,0.0451472931629876,655,"No, it's not getting warm in here."
1822,2881,7,24,113,144,1.2638888888888888,0.0451472931629876,655,I must dispute the assertions of my deluded opponent: it has been demonstrated time and again that only the Republican Party knows what’s best for the planet Earth.
751,2881,9,20,115,144,1.2638888888888888,0.04724963782078061,655,Debating Trump in this debate -the world.
459,2881,8,22,114,144,1.2638888888888888,0.046210422818557334,655,"If you listen closely to the rhetoric, you can almost feel the weight of the world upon you."
1060,2889,7,25,116,148,1.2635135135135136,0.044314025996588666,655,Enough with the hemispherics!
2463,2889,8,23,117,148,1.2635135135135136,0.045339404091624,655,"Fake news, anyone can say there’re round."
269,2891,9,26,132,167,1.2634730538922156,0.042641644536897776,655,...and my opponent changes his climate as often as the rest of us change underwear!
5040,2892,8,24,120,152,1.263157894736842,0.04451125128015218,655,"Now, to present the other side of the argument..."
4677,2892,7,26,119,152,1.263157894736842,0.04352140984370994,655,Jack Kennedy was a friend of mine. . . You’re no Jack Kennedy.”
4636,2892,6,28,118,152,1.263157894736842,0.04250852548658323,655,"It's true, I think the world of you."
4444,2892,5,30,117,152,1.263157894736842,0.0414709098441645,655,"With all due respect, senator, where I come from it is not a crime to think locally."""
3803,2892,8,24,120,152,1.263157894736842,0.04451125128015218,655,"You may have a world of ideas, but your argument is flat!"
2016,2892,9,22,121,152,1.263157894736842,0.04547955437628567,655,"It’s just me against the world now, baby!"
1635,2892,7,26,119,152,1.263157894736842,0.04352140984370994,655,What proof does my opponent here really have about global warming?
1310,2892,6,28,118,152,1.263157894736842,0.04250852548658323,655,Thank you for inviting me here today. Reminds me of that time some 65 million years ago...
979,2892,5,25,103,133,1.263157894736842,0.045150739708304057,655,Now it is time to hear from everyone!
2368,2892,6,28,118,152,1.263157894736842,0.04250852548658323,655,"Well if global warming is real, then why is it so cold in here?"""
3834,2902,10,21,125,156,1.2628205128205128,0.045575249300640226,655,"My opponent is, in fact, flat!"
4334,2902,9,23,124,156,1.2628205128205128,0.04465859786062159,655,Welcome to tonight's discussion on climate change.
3649,2902,8,25,123,156,1.2628205128205128,0.043722732953669796,655,When I win this election I'll be on top of my opponent.
3008,2902,7,27,122,156,1.2628205128205128,0.04276639324281545,655,"It's broke and I'm the only one who can fix it. It'll be great, believe me."
1645,2902,9,23,124,156,1.2628205128205128,0.04465859786062159,655,"I don't care about 'your'
 pronoun, you are dressed as ""Mother Earth""!"
829,2902,7,27,122,156,1.2628205128205128,0.04276639324281545,655,"Now, from our West Hemisphere correspondent..."
3170,2902,6,29,121,156,1.2628205128205128,0.041788173028505786,655,It's just the world against me!
1582,2909,9,18,110,137,1.2627737226277371,0.04889293184196156,655,You can’t hide forever Mr. President.
2940,2909,7,22,108,137,1.2627737226277371,0.04664583979511086,655,Mind if I smoke?
3759,2909,7,22,108,137,1.2627737226277371,0.04664583979511086,655,"Oh, it's always about you, isn't it, Mr Global Warming."
4047,2909,8,20,109,137,1.2627737226277371,0.04778259701132749,655,I say to my followers. Sometimes it seems the whole world is against us......
4815,2909,9,18,110,137,1.2627737226277371,0.04889293184196156,655,Melvin joins the Flat Earth debate
2739,2914,11,20,129,160,1.2625,0.04563278020163594,655,"Yes ever since the Panama Canal, South America has been drifting east."
651,2915,8,21,112,141,1.2624113475177305,0.04682999721764306,655,"That may very well be true, but tell me this - how many Twitter followers do YOU have?"
728,2915,7,23,111,141,1.2624113475177305,0.04573545142240031,655,...and I promise to focus on issues closer to home
1032,2915,6,25,110,141,1.2624113475177305,0.04461406049909625,655,Atlas is under there somewhere ...
1764,2915,9,19,113,141,1.2624113475177305,0.04789953822322482,655,My opponent just THINKS it hot in here.
2394,2915,4,29,108,141,1.2624113475177305,0.04228214929529463,655,I heard I was competing against a world class debater!
3382,2915,5,27,109,141,1.2624113475177305,0.0434637466358263,655,"My opponent, the globe, will tell you that global warming is real, and largely caused by human behaviors.  The globe is all wet in its opinion"""
4142,2915,4,29,108,141,1.2624113475177305,0.04228214929529463,655,My opponent only tells the truth when it's convenient for her.
832,2922,7,18,97,122,1.2622950819672132,0.05047300811289448,655,You’re taking this personally.   I have data.
2280,2922,8,16,98,122,1.2622950819672132,0.05179775617580556,655,Fake News!! Don't listen to my hot-headed adversary.
4640,2924,5,33,126,164,1.2621951219512195,0.03950805227642463,655,You can't change my mind! You're still flat to me!
2316,2924,7,29,128,164,1.2621951219512195,0.041358428316984844,655,We know you're coming to an end but can you wait so we can film it?
781,2926,6,26,113,145,1.2620689655172415,0.043791444141491366,655,"The oceans have so much to tell us. Pacific, what have you got to say?"
1010,2926,7,24,114,145,1.2620689655172415,0.04487177309412216,655,"So, you think you know more about climate change? Think again."
1593,2926,5,28,112,145,1.2620689655172415,0.04268378075316585,655,"And here, to make Wittgenstein's point, is the world."
2828,2929,4,25,97,126,1.2619047619047619,0.04532572965444112,655,So you say - but what about the eastern hemisphere?
3470,2929,7,30,131,168,1.2619047619047619,0.04070074746107804,655,"And I say, your 'personal experience' with global warming is fake news! MAGA!"
5138,2929,6,21,99,126,1.2619047619047619,0.0480457076404931,655,"I'm here to remind you that this issue is real, and it's no small matter."
1595,2932,8,23,118,149,1.261744966442953,0.045068797958914913,655,Welcome to Twitter Live! Round 1: the world vs. a man who read something online.
2631,2932,5,29,115,149,1.261744966442953,0.04194177374360649,655,"Hey, Earth! Hovering behind people on a stage is my shtick, I made that up! Quit acting like everything revolves around you!"
2763,2934,2,30,98,130,1.2615384615384615,0.041661735408389536,655,"Since three quarters of you is water, I’d hardly say that you represent the ‘entire planet.’"
1734,2934,8,18,104,130,1.2615384615384615,0.0495102383704607,655,"Whoa,  I was told one guy would be taking the climate change is real side!"
3998,2934,7,20,103,130,1.2615384615384615,0.04829081816580638,655,And then the world turned on me ...
4656,2934,7,20,103,130,1.2615384615384615,0.04829081816580638,655,This really shouldn’t be a debate
5128,2938,6,28,119,153,1.261437908496732,0.04226479039206945,655,You need to chill out.
3246,2938,8,24,121,153,1.261437908496732,0.044252809299484865,655,Is it getting hot in here?
3479,2938,7,26,120,153,1.261437908496732,0.04327021861385808,655,My response to you is that you are full of hot air!
2842,2938,9,22,122,153,1.261437908496732,0.04521405138783825,655,Global warming is not real — my opponent is just a hypochondriac
2333,2938,7,26,120,153,1.261437908496732,0.04327021861385808,655,Heeerrr’s Earth!!!
2864,2938,6,28,119,153,1.261437908496732,0.04226479039206945,655,I do think the world of you.
5269,2944,7,21,106,134,1.2611940298507462,0.04729123657563231,655,"Yeah well, speaking for myself."
5134,2944,6,23,105,134,1.2611940298507462,0.04608948042903473,655,The world may not agree with me about climate change....
691,2944,7,21,106,134,1.2611940298507462,0.04729123657563231,655,"And now it is my honor and pleasure to introduce one who needs no introduction, Mother Earth!"
5071,2944,6,23,105,134,1.2611940298507462,0.04608948042903473,655,"Yes sir, I do believe I am more important than you and all of your inhabitants."
660,2948,7,27,123,157,1.2611464968152866,0.042526083891482463,655,Today our guest psychiatrist will deliver a lecture on the continental self
681,2948,6,29,122,157,1.2611464968152866,0.0415548853183028,655,I don’t KNOW why we can’t all just get along”..
1066,2948,12,17,128,157,1.2611464968152866,0.04708252752121471,655,Her argument that climate change is real is totally biased.
1837,2948,6,29,122,157,1.2611464968152866,0.0415548853183028,655,"The world has its way of doing things, and I have my way. The world makes Hurricanes to destroy and kill, while I make Hurricanes with lots of rum."
614,2952,5,26,107,138,1.2608695652173914,0.04400401468716787,655,"And so we kick off ""Farewell Tour 2019!"""
1118,2952,6,24,108,138,1.2608695652173914,0.04519004128550317,655,Being 'down to earth' doesn't make him right.
1609,2952,5,20,90,115,1.2608695652173914,0.04953938331389631,655,And who is this 'source' that will back these outrageous claims?
2879,2952,6,24,108,138,1.2608695652173914,0.04519004128550317,655,"Let me stop you right there.. ""Planet B"" cannot possibly be a legitimate proposal."
4303,2952,6,24,108,138,1.2608695652173914,0.04519004128550317,655,A boastful earth will now put its own spin on things.
4433,2952,7,22,109,138,1.2608695652173914,0.046345726385314936,655,My opponent is taking a one-sided view of this global challenge.
4689,2952,6,24,108,138,1.2608695652173914,0.04519004128550317,655,"Earth,  I knew Uranus. Uranus was a friend of mine. Planet, you're no Uranus."
932,2959,10,23,132,165,1.2606060606060605,0.04374975003368118,655,"Notice the white areas?
They will soon be under water."
3761,2960,7,23,112,142,1.2605633802816902,0.04544981289771381,655,.... and now for another perspective ....
3721,2960,6,25,111,142,1.2605633802816902,0.044337290981409164,655,I don’t believe in global bullying!
3851,2960,5,27,110,142,1.2605633802816902,0.04319612541308653,655,Just because you mean the world to people...
3812,2960,5,27,110,142,1.2605633802816902,0.04319612541308653,655,"There you go again. Climate, Shmimate. Blah, blah, blah."
3541,2960,5,27,110,142,1.2605633802816902,0.04319612541308653,655,Can you chill out please!
4275,2960,7,23,112,142,1.2605633802816902,0.04544981289771381,655,"And I repeat, even if the whole world should disagree with me, I know in my gut what is true and what is fake news."
1993,2960,5,27,110,142,1.2605633802816902,0.04319612541308653,655,Climate change is a total hoax.  Let the world be my judge.
1557,2960,7,23,112,142,1.2605633802816902,0.04544981289771381,655,And so I ask again: Do you really want a Flat-Earther as your candidate?
1166,2960,8,21,113,142,1.2605633802816902,0.04653574554365965,655,Enough with the climate change – these dramatic temperature shifts you're experiencing are just global menopause.
263,2960,8,21,113,142,1.2605633802816902,0.04653574554365965,655,It’s not about you.
131,2960,11,15,116,142,1.2605633802816902,0.04965124344772624,655,"You, sir, are nothing but fake news."
2400,2960,5,27,110,142,1.2605633802816902,0.04319612541308653,655,My opponent brings a behemothic ego to the debate.
2154,2972,8,28,133,169,1.2603550295857988,0.04134961596299139,655,"Hello, Folks. Tonight's first guest is a prop comic known the world over for his many humorous and absurd creations. Let's have a big hand for God!"
4976,2973,9,20,117,146,1.2602739726027397,0.04666972015618461,655,"And now, from the other side of the aisle, let's hear from someone speaking on the effects of climate change."
4673,2973,8,22,116,146,1.2602739726027397,0.04564635218905256,655,Do you feel that Global Warming is overblown?
2970,2973,5,28,113,146,1.2602739726027397,0.04242840480501643,655,Who are you to lecture me about global warming?
1065,2973,8,22,116,146,1.2602739726027397,0.04564635218905256,655,"If you cant stand the heat you need to stay out of politics!"""
397,2973,9,20,117,146,1.2602739726027397,0.04666972015618461,655,"Until today, folks, we've had to guess what our planet really needs......"
100,2973,6,26,114,146,1.2602739726027397,0.04352749528272793,655,What in the world are you talking about?
2384,2973,5,28,113,146,1.2602739726027397,0.04242840480501643,655,Mediator: “The topic of debate will be global warming.”
120,2980,6,20,97,123,1.2601626016260163,0.048758269408004706,655,I'm curiously attracted to you.
406,2980,5,22,96,123,1.2601626016260163,0.04737181455611305,655,"Thanks Al, I’ll take this one"
771,2980,5,22,96,123,1.2601626016260163,0.04737181455611305,655,"You don""t intimidate me...I'm used to being the underdog!"""
5144,2983,9,21,120,150,1.26,0.045789128571114064,655,"...additionally, my opponent has done nothing to stop global warming."
2471,2983,8,23,119,150,1.26,0.04480132628270104,655,"Is it just me, or is it globally warm in here?"
3598,2983,6,27,117,150,1.26,0.04275731422181576,655,"Who wants this genuine Earth rock for 25 moon rocks, do I hear 50?  50 going once, 50 going twice.  Sold! to the little man with the fashionable wave."
1044,2983,4,31,115,150,1.26,0.04061055284328369,655,"And, as you can see, the Americas have an obesity problem."
272,2983,7,25,118,150,1.26,0.0437912477337203,655,My opponent is flat wrong!
1715,2983,7,25,118,150,1.26,0.0437912477337203,655,There is no debate. Make Earth Great Again!
855,2989,7,26,121,154,1.2597402597402598,0.04302183273971188,655,I was told my opponent would be flat
2308,2989,8,24,122,154,1.2597402597402598,0.04399727866706485,655,"And while you may be warming to a new reality, I'm afraid you remain the very definition of a globalist."
2206,2991,4,26,101,131,1.2595419847328244,0.04413690634167973,655,I'll pause now to let the data speak for itself.
2654,2991,6,22,103,131,1.2595419847328244,0.046722009006535774,655,Stay in your orbit!
973,2993,5,31,122,158,1.259493670886076,0.04033678639804298,655,"It doesn't matter what the world wants, it matters what we want"
5189,2994,6,23,106,135,1.2592592592592593,0.04578769832807442,655,"Hold on now, that's a lot to put on my shoulders."
4946,2994,5,25,105,135,1.2592592592592593,0.04456405500702562,655,"Stop rolling, please."
4886,2994,2,31,102,135,1.2592592592592593,0.040672841554636616,655,Oh ... just cool it!
2554,2994,4,27,104,135,1.2592592592592593,0.04330585040333075,655,Hope you had a chance to warm up before this!
2538,2994,7,21,107,135,1.2592592592592593,0.046979481028384,655,Could we turn on the air conditioning? It's getting hot in here.
3373,2994,8,19,108,135,1.2592592592592593,0.04814176936102199,655,Can we stick to one topic?
70,3000,4,28,107,139,1.2589928057553956,0.042517642472585854,655,"Unlike my opponent, I will think globally but act locally."
791,3000,5,26,108,139,1.2589928057553956,0.043726586145981586,655,I object to how much of the stage my opponent is using.
2213,3000,5,26,108,139,1.2589928057553956,0.043726586145981586,655,"can i finish?!? thank you... what the world fails to recognize, is her responsibility in all of this."
2464,3000,6,24,109,139,1.2589928057553956,0.044902992667942086,655,Don't blame me! I believe in climate change!
2730,3000,7,22,110,139,1.2589928057553956,0.0460493557511131,655,Mother Earth is joining us today to discuss her plans for our future.
3565,3000,6,24,109,139,1.2589928057553956,0.044902992667942086,655,"As you can see, my opponent's global perspective remains 
uni-hemispheric."
2484,3006,6,25,112,143,1.2587412587412588,0.044063838426966706,655,"Dude, I have the numbers."
4821,3006,5,27,111,143,1.2587412587412588,0.04293167595934606,655,"No, you're NOT warming.  And what do you mean, ""This isn't a debate""?"
2301,3006,6,25,112,143,1.2587412587412588,0.044063838426966706,655,My opponent may THINK he's ready for the world stage.....
1121,3006,7,23,113,143,1.2587412587412588,0.0451676312546647,655,"The world will definitely have its say, just wait your turn."
1035,3006,7,23,113,143,1.2587412587412588,0.0451676312546647,655,If only the planet could talk.
1819,3006,4,29,110,143,1.2587412587412588,0.041768837001271146,655,"I'd like to introduce my oyster, The World."
1429,3012,6,18,92,116,1.2586206896551724,0.05066379415575519,655,I ask you - who are you going to believe?
3384,3013,9,20,118,147,1.2585034013605443,0.04638495655680603,655,"Just answer the question Mother Earth, when will you release your taxes?"
157,3013,8,22,117,147,1.2585034013605443,0.04536933143282177,655,"Socialism isn’t the solution, but you’re getting warmer."
780,3013,7,24,116,147,1.2585034013605443,0.04433044410499038,655,"the world owes me, and I demand an answer"
1208,3013,7,24,116,147,1.2585034013605443,0.04433044410499038,655,"Unlike my opponent, I promise NOT to represent the interests of all."
1514,3013,5,28,114,147,1.2585034013605443,0.04217596891968897,655,And here to debate in favor of First World Problems...
2207,3013,6,26,115,147,1.2585034013605443,0.04326661893920212,655,Rumor has it that you're hoping for another meteor hit.
4327,3013,8,22,117,147,1.2585034013605443,0.04536933143282177,655,"You may claim you’re getting warmer, but it’s only fair that I’m allowed to present the other side."
4817,3013,8,22,117,147,1.2585034013605443,0.04536933143282177,655,"Earth is only here because it's been riding on the back of Atlas forever."""
2072,3021,10,19,122,151,1.2582781456953642,0.046477297416936535,655,A world without borders
2340,3021,7,25,119,151,1.2582781456953642,0.043534337171142495,655,...and I expect all of you to pay for your share of the Wall!
1459,3023,7,26,122,155,1.2580645161290323,0.04277620729996249,655,"No, I still say that you are flat!"
3642,3024,6,29,124,159,1.2578616352201257,0.041095805817513,655,Speaking of inflation...
4517,3024,3,35,121,159,1.2578616352201257,0.03807926953200011,655,Today I'll be speaking for the world.
2808,3026,4,25,99,128,1.2578125,0.04470773109029495,655,"...and now, Mother Earth is here to lecture us on climate change."
887,3027,9,16,107,132,1.2575757575757576,0.05000718444938409,655,"As an atheist I challenged God to be here for a debate, He couldn't make it but sent proof He exists."
2938,3027,6,22,104,132,1.2575757575757576,0.046408374605699396,655,"Again, my opponent Earth exaggerates. Global Warming is a myth."
698,3027,6,22,104,132,1.2575757575757576,0.046408374605699396,655,Keep going around in circles.
2874,3030,5,25,106,136,1.2573529411764706,0.04427622191123931,655,My opponent's world view is solipsistic!
3295,3030,5,25,106,136,1.2573529411764706,0.04427622191123931,655,"I know a thing or two about the world too, you know."
3368,3030,9,17,110,136,1.2573529411764706,0.04895011413906878,655,COME DOWN HERE AND DEBATE ME LIKE A MAN.
4263,3030,5,25,106,136,1.2573529411764706,0.04427622191123931,655,"(These New Yorker cartoonist have it backwards, last week they had soup spinning and this week the world at a stand)"
5226,3030,5,25,106,136,1.2573529411764706,0.04427622191123931,655,"While I’ll cede to your roundness of shape, I’ve yet to see any evidence of your getting warmer."
1387,3035,9,26,136,171,1.2573099415204678,0.041753104386869404,655,Welcome nonbelievers to the Flat Earth World Debate!
2432,3036,6,24,110,140,1.2571428571428571,0.04461946972181272,655,I think the world of my opponent but clearly she is confusing her menopausal hot flashes with a global warming.
3050,3036,4,28,108,140,1.2571428571428571,0.04225336948005622,655,It appears my opponent takes their stance on climate change rather seriously.
3474,3036,6,24,110,140,1.2571428571428571,0.04461946972181272,655,May I point  out that my opponent may be geographically sound but he remains geologically in constant flux.
4489,3036,5,26,109,140,1.2571428571428571,0.043452527605847675,655,"Now that you are off my shoulders, can you carry your own weight?"
5164,3036,6,24,110,140,1.2571428571428571,0.04461946972181272,655,What do you know?  You’re mostly covered by water!
4160,3041,9,19,116,144,1.2569444444444444,0.04700275225638798,655,"Oh, so I suppose you think this make you an expect on climate change."""
4309,3041,9,19,116,144,1.2569444444444444,0.04700275225638798,655,"While my opponent here is going to try to argue climate change is 'real,' let me tell you about my tax plan."
2883,3041,6,25,113,144,1.2569444444444444,0.04379364598089652,655,Now let's hear from the perspective of the Earth
4321,3041,7,23,114,144,1.2569444444444444,0.04488884633653656,655,Our next speaker has the whole world in his hands.
1791,3041,10,17,117,144,1.2569444444444444,0.048024825005412386,655,Can’t get a world in edgewise
690,3041,6,25,113,144,1.2569444444444444,0.04379364598089652,655,"You think you're the whole world, but you're not. Tierra del Fuego is missing."
2318,3041,9,19,116,144,1.2569444444444444,0.04700275225638798,655,"There, right there, thanks to God and Donald Trump, is the greatest nation on the planet!"
5257,3041,5,27,112,144,1.2569444444444444,0.042670344868245405,655,A political candidate with this world view is uncommon.
3910,3049,11,16,121,148,1.2567567567567568,0.04805618687580076,655,"And I told my wife, Melania, that it's mine, all mine."
1173,3049,8,22,118,148,1.2567567567567568,0.045095577465758,655,Someone please quickly lower the microphone for Mr. Atlas. He is much shorter than we expected!
402,3051,3,33,116,152,1.256578947368421,0.0390465739350836,655,What my opponent just said is pure geocentric poppycock.
1185,3051,8,23,121,152,1.256578947368421,0.04427557808511744,655,"And now, with a rebuttal . . ."
889,3053,8,24,124,156,1.2564102564102564,0.043494763450623725,655,"Take the western hemisphere, for example..."
2810,3053,9,22,125,156,1.2564102564102564,0.04443542993563251,655,America is bigger and better than you!
4313,3053,7,26,123,156,1.2564102564102564,0.04253329826955489,655,"Our guest lecturer, Professor Atlas, had to step out for a moment, but he’ll be right back to finish his talk on 
Back Pain in Ancient Greece."
4436,3056,7,27,126,160,1.25625,0.041820666665864606,655,Are we really going to let this inarticulate blob rule our politics?
5030,3056,6,29,125,160,1.25625,0.04086993770702496,655,Just because you’re my mother!
4052,3056,9,23,128,160,1.25625,0.04366006029290242,655,And that is why the earth is flat.
928,3059,7,28,129,164,1.2560975609756098,0.04114000142387433,655,"Ok, calm down. One at a time!"
5053,3060,8,16,101,125,1.256,0.05067798402182282,655,And I'm happy to call climate change out as a hoax no matter how much evidence there is for it
3681,3061,5,23,101,129,1.255813953488372,0.04574833966710416,655,Earth! You're all wet
4071,3061,3,27,99,129,1.255813953488372,0.043019327287641684,655,It's taken them 4.5 billion years to show us their climate change plan. I'm only asking for 1 term.
4711,3061,9,26,137,172,1.255813953488372,0.041536592581399946,655,"My opponent is too round, too plump, and too worldly 
to be taken serious!"
5058,3061,6,21,102,129,1.255813953488372,0.047053529233251866,655,Turn around and show the voters your backside.”
4240,3065,6,22,105,133,1.255639097744361,0.04609881624051918,655,Let me reconsider my position on Climate Change.
1274,3065,5,24,104,133,1.255639097744361,0.044846178122827915,655,Read my lips: no blue planets.
3442,3067,6,23,108,137,1.2554744525547445,0.04519553087634805,655,"The opposition candidate acts like a big shot, but can’t take the heat."
3984,3067,7,21,109,137,1.2554744525547445,0.04636785759716212,655,My Mother is always blowing things out of proportion.
2120,3067,3,29,105,137,1.2554744525547445,0.04148022890881395,655,"The turning point was the debates. Nixon looked sweaty, nervous and untrained. Kennedy, by contrast, was tanned and calm— but also colossal and globular, with great tidal seas and continents and ice caps and everything."
2907,3067,6,23,108,137,1.2554744525547445,0.04519553087634805,655,I rest my case
989,3071,7,22,112,141,1.2553191489361701,0.04546757567326129,655,Fake News! Earth has a well-documented left-wing bias!
2127,3071,5,26,110,141,1.2553191489361701,0.043181780792555385,655,Wait a minute - I’m the one whose supposed to warm up the crowd.
2510,3071,6,24,111,141,1.2553191489361701,0.04433941040440235,655,Four and a half billion is still too young for perpetual hot flashes.
293,3074,7,23,115,145,1.2551724137931035,0.044613399299023804,655,Can you prove you aren't flat?
1936,3074,5,27,113,145,1.2551724137931035,0.042412079833322056,655,And now the fraction of the world that remains will tell you what  really happened to the rest of it.
4219,3074,6,25,114,145,1.2551724137931035,0.04352665799715286,655,"We of the GOP, rebuke your histrionic claims of global warming!"
2917,3077,9,20,120,149,1.25503355704698,0.045825521845310295,655,And yet my opponent has the audacity to question my membership in the Flat Earth Society!
3770,3077,4,30,115,149,1.25503355704698,0.040577146826249216,655,Not the global warming argument again!
2445,3077,7,24,118,149,1.25503355704698,0.04380170098592749,655,If it is so hot in here then tell me why it snowed last week?
1092,3080,7,25,121,153,1.2549019607843137,0.04302922959626292,655,Speaking for the Eastern Hemisphere...
1359,3080,9,21,123,153,1.2549019607843137,0.044983477229521916,655,Fake news - the earth is actually flat!
1615,3080,10,19,124,153,1.2549019607843137,0.04592942995144204,655,I don't even wear carbon shoes. Next question.
5220,3080,7,25,121,153,1.2549019607843137,0.04302922959626292,655,We all have that weight on our shoulders!
4594,3084,7,13,86,106,1.2547169811320755,0.05536990005350171,655,And I too have personal experience with climate change
77,3085,8,25,128,161,1.2546583850931676,0.04251370176061516,655,"My opponent is well rounded, but that argument fell flat"
977,3086,13,16,136,165,1.2545454545454546,0.04602013237143623,655,I'd like to add you to my LinkedIn network
4503,3087,6,17,91,114,1.2543859649122806,0.05108875702500376,655,And my opponent here...Lyin hot Mother Earth
2774,3088,6,20,100,126,1.253968253968254,0.04772475040753304,655,"Now, that's no reason to heat up!"
1665,3088,5,22,99,126,1.253968253968254,0.04637529163765117,655,That is fake news! Global warming is a myth!
5049,3090,3,27,100,130,1.2538461538461538,0.04273245867758954,655,Borders? What borders?
5011,3090,6,21,103,130,1.2538461538461538,0.046731625028052344,655,Now you tell me who's responsible for all of the earthquakes?
1502,3090,6,21,103,130,1.2538461538461538,0.046731625028052344,655,"Next Up to our Podium..Someone who has be ""Round"" a long time and has a ""world"" of knowledge""."
3140,3093,5,24,105,134,1.2537313432835822,0.04455111235379425,655,Presenting...for the first time on this stage... the World tour!
880,3094,4,27,107,138,1.2536231884057971,0.042483958432542705,655,Prove it.
2958,3094,4,27,107,138,1.2536231884057971,0.042483958432542705,655,"Atlas(t), an admitted globalist!"
4767,3094,3,29,106,138,1.2536231884057971,0.041220143149933636,655,"I disagree, the political climate takes precedence."""
4997,3094,8,19,111,138,1.2536231884057971,0.04720204249061685,655,"I, on the other hand, would like to take a more down to earth approach."
5118,3094,5,25,108,138,1.2536231884057971,0.04371124851677211,655,Your position is one-sided.
4100,3099,8,20,114,142,1.2535211267605635,0.046274253474722624,655,"Claiming the debate was rigged, the Flat Earth proponent complained bitterly that his opponent should have been disqualified."
3725,3099,7,22,113,142,1.2535211267605635,0.045182036405808805,655,"What do you mean ""you're just another species""?"
3182,3099,5,26,111,142,1.2535211267605635,0.042914288669879404,655,"""Excuse me!We are not here to discuss personal problems."""
1558,3099,6,24,112,142,1.2535211267605635,0.04406275403227522,655,Quit melting down! Think about the economy.
726,3099,6,24,112,142,1.2535211267605635,0.04406275403227522,655,"Yes, I'm trying to turn the heat down!"
607,3099,7,22,113,142,1.2535211267605635,0.045182036405808805,655,"'Mother, I promise you'll have the last word'"
2987,3099,6,24,112,142,1.2535211267605635,0.04406275403227522,655,I'd like to thank my host...
2519,3106,8,21,117,146,1.2534246575342465,0.04539403284374742,655,"That's just, like, your opinion, rest of the entire world."
579,3106,6,25,115,146,1.2534246575342465,0.04326282001025936,655,My therapist told me I was paranoid when I said you were always against me.
1309,3106,3,31,112,146,1.2534246575342465,0.03985287519579254,655,No global warming here folks! Move along...
2077,3106,3,31,112,146,1.2534246575342465,0.03985287519579254,655,"You can think what you want to, but I'm acting locally."
2266,3110,5,28,117,150,1.2533333333333334,0.041435825874730124,655,"Hold up”...I said global warming, not warning!"
4676,3110,4,30,116,150,1.2533333333333334,0.040341569222180476,655,Get outta my space!
1295,3110,8,22,120,150,1.2533333333333334,0.044557648521436594,655,Sorry!  Humans are in charge.  You have no say in the matter.
3338,3113,10,19,125,154,1.2532467532467533,0.04566022318123157,655,Point taken on the coming big climate change.
311,3114,6,28,124,158,1.2531645569620253,0.04108571366290423,655,I find your arguments on global warming to be unsubstantiated and frankly rather circular.
2466,3114,6,28,124,158,1.2531645569620253,0.04108571366290423,655,"Sisyphus, I know you can hear me. Back off!"
2506,3114,4,32,122,158,1.2531645569620253,0.03907409061031696,655,"Look, lady, I have just as much experience and knowledge about climate change."
3098,3117,8,25,129,162,1.2530864197530864,0.042279689556527916,655,"And NOW, with a medley of tunes from South Pacific.."
4494,3117,11,19,132,162,1.2530864197530864,0.04491787903831784,655,Are you sure it’s not one of your hot flashes?
4453,3119,6,31,133,170,1.2529411764705882,0.03918928221208077,655,"She can say all she wants about rising temperatures and seas, but I made a snowball in April, so what does that tell you?"
4442,3120,8,29,141,178,1.252808988764045,0.03968692767556257,655,"We originally invited Pluto,but since it’s status changed ,the little people protested”"
4989,3121,4,23,96,123,1.2520325203252032,0.04558839184199874,655,"I respect your position, but you're taking climate change too personally"
315,3122,4,25,102,131,1.251908396946565,0.043810716882134705,655,"Yeah, that’s just your opinion."
4093,3122,7,19,105,131,1.251908396946565,0.047662336808170294,655,"Who are you kidding?  Stop the debate!  Everyone knows the earth is flat, and that climate change isn’t real."
662,3124,7,20,108,135,1.2518518518518518,0.046690965621885495,655,Equal time! I was promised equal time!
4293,3124,6,22,107,135,1.2518518518518518,0.04549162506649493,655,"Other than regularly occurring natural disasters, my opponent remains entirely silent on the issue of climate change."
3564,3126,10,15,114,139,1.2517985611510791,0.0490696737598291,655,The Earth is flat.
1882,3126,7,21,111,139,1.2517985611510791,0.045771602978594964,655,And what have you ever done for us?
4033,3126,7,21,111,139,1.2517985611510791,0.045771602978594964,655,Global warning? Don’t be a drama queen!
301,3126,5,25,109,139,1.2517985611510791,0.043433982204254526,655,"Whoa!  Slow your roll, big guy."
192,3126,6,23,110,139,1.2517985611510791,0.04461810422546896,655,I am not short! I am just more down to earth than most people!
873,3126,5,25,109,139,1.2517985611510791,0.043433982204254526,655,Me against the World  and I still say you're flat.
5275,3132,5,26,112,143,1.2517482517482517,0.04264999541139124,655,"I think the world of my opponent, but he has really failed to grasp the vital concept of national boundaries."
4207,3132,6,24,113,143,1.2517482517482517,0.04378944124821906,655,"Ok, so you feel a little bit warmer...but how do we know it's caused by humans?"
4554,3132,8,20,115,143,1.2517482517482517,0.04598370665040281,655,"In the eye of the beholder, you are a mere blimp in the universe."
4124,3132,6,24,113,143,1.2517482517482517,0.04378944124821906,655,"I do not believe, sir, that you are feeling any warmer”"
2553,3132,6,24,113,143,1.2517482517482517,0.04378944124821906,655,May I ask our U.S colleague to explain his views of the world.
3417,3132,9,18,116,143,1.2517482517482517,0.047042473718436985,655,Don't let the blue fool you. My candidate is in it for the green!
4087,3132,6,24,113,143,1.2517482517482517,0.04378944124821906,655,Introductions are unnecessary.  Her stage presence is global.
1704,3132,9,18,116,143,1.2517482517482517,0.047042473718436985,655,Now to tell us about the problems of the world  is the world !!
1811,3140,5,27,115,147,1.251700680272109,0.04190454406221098,655,I think we should let Australia speak for herself!
3544,3140,5,27,115,147,1.251700680272109,0.04190454406221098,655,I'm sorry I said you were flat!
3913,3140,8,21,118,147,1.251700680272109,0.04511712195395935,655,Henderson never stood a chance at the Globalization debate.
4693,3140,10,17,120,147,1.251700680272109,0.04713735900153452,655,"Mr. Earth, in last night’s debate we heard a totally opposite opinion."
5115,3140,5,27,115,147,1.251700680272109,0.04190454406221098,655,See?  It's always all about him!
5111,3145,4,30,117,151,1.2516556291390728,0.04010861968139528,655,"And I say, let’s give the whole world a platform with which to speak."
4848,3145,8,22,121,151,1.2516556291390728,0.04429336582095581,655,"Hey, when do we get the non-global warming questions?"
275,3145,5,28,118,151,1.2516556291390728,0.04119467918915452,655,"And here's what it looked like, only 15 years ago."
1746,3145,7,24,120,151,1.2516556291390728,0.043285124869849506,655,I have crushing news!
210,3149,7,25,123,155,1.2516129032258065,0.04253542685421702,655,The world is flat.
2524,3149,5,29,121,155,1.2516129032258065,0.04051775137575749,655,"I know they said this was a global stage, but..."
2848,3149,7,25,123,155,1.2516129032258065,0.04253542685421702,655,You could have just told the speaker under you that you had a comment.
1054,3149,5,29,121,155,1.2516129032258065,0.04051775137575749,655,And my opponent insists the issue is global!
4551,3153,8,26,133,167,1.251497005988024,0.041366321584708224,655,ATLAS! ATLAS! Oh Atlas...
3489,3154,6,27,123,156,1.25,0.04130321216307024,655,"""Studying the entire earth in one day can be...a little intimidating.
So we'll start this morning with the Western Hemisphere."""
3555,3154,4,24,100,128,1.25,0.044367825470805686,655,"Let me reiterate: ""There is no such thing as global warming!!"""
3522,3154,4,30,118,152,1.25,0.03987825669794682,655,Size is relative.
3460,3154,5,24,107,136,1.25,0.04397216390237215,655,"The lone, skeptical scientist debates global warming."
3284,3154,6,23,111,140,1.25,0.044334753871226124,655,My opponent is “warm”!  BOO HOO!
3566,3154,5,28,119,152,1.25,0.040956241685584586,655,"Storms, drought, flooding, famine. It's time for the voters to say 'goodbye cruel world."""
3415,3154,8,17,107,132,1.25,0.04854462975402247,655,You may think you're getting warmer but my President is gonna make that part Great Again!
4086,3154,5,23,104,132,1.25,0.04482856025954131,655,As a businessman I can tell you these climate change restrictions would cause havoc.   What is your stake in all this?
5063,3154,5,26,113,144,1.25,0.04238884637277,655,Not flat?  Have you seen yourself in a mirror?
4291,3154,8,11,89,108,1.25,0.05600802246842692,655,That is where the Americas used to be before the President proclaimed climate change was FAKE NEWS!
4412,3154,7,20,109,136,1.25,0.04638336040008698,655,It doesn't matter if the whole world is against me!  I could stand in the middle of Times Square and shoot somebody and I wouldn't lose any voters.
4456,3154,6,26,120,152,1.25,0.04200657220898526,655,"My opponent is a Globalist, which means he is crazy. In addition, his version of the globe is not actual size."
4758,3154,8,21,119,148,1.25,0.044843500208385956,655,What does a Mercator Globe know about accuracy?
4777,3154,4,28,112,144,1.25,0.041227287076512804,655,"I am sad to have to say this, but: From my observations throughout this debate, I truly believe that my opponent is polluted."
4854,3154,5,24,107,136,1.25,0.04397216390237215,655,You seem to think we could continue to exist without economic growth!
3095,3154,4,24,100,128,1.25,0.044367825470805686,655,well.. someone here thinks a lot of themselves..
5194,3154,4,30,118,152,1.25,0.03987825669794682,655,"I'll Make America Great Again, while my opponent is wrongly focusing on the Americas."
4188,3154,5,24,107,136,1.25,0.04397216390237215,655,We're debating pollution. You can't just cough.
2840,3154,8,19,113,140,1.25,0.046595281377622505,655,I told you it’s NOT HOT in here!!
3435,3154,8,21,119,148,1.25,0.044843500208385956,655,So let’s hear your side of the story Mr. Know It All...
2615,3154,6,23,111,140,1.25,0.044334753871226124,655,"I don't care how big you are, we're in charge now."
86,3154,3,30,111,144,1.25,0.04003203845127178,655,"Wow,wow, wow, I believe you've exceeded your time limit."
380,3154,6,23,111,140,1.25,0.044334753871226124,655,"Motherhood aside, what else can you say for yourself?"
446,3154,6,22,108,136,1.25,0.0451938453788867,655,"America, please take a spin and let someone else speak."
525,3154,6,25,117,148,1.25,0.04274438190247978,655,"For the last time, where are you hiding Ms. San Diego?"
863,3154,8,20,116,144,1.25,0.04569671310050197,655,"Apparently, the 800lb gorilla in the room has something to say....."""
1094,3154,5,27,116,148,1.25,0.04165517399877003,655,Please wait your turn.
1249,3154,7,23,118,148,1.25,0.04380651604022256,655,"….and what makes you think, we 1% will listen you you?"
1266,3154,9,17,114,140,1.25,0.04768537689458502,655,Not now.
1347,3154,9,23,132,164,1.25,0.04270429767893841,655,Atlas shrugged!  Is there an altruistic doctor in the house?
1813,3154,8,22,122,152,1.25,0.04403213440466003,655,I yield back the balance of my time and join with our last witness in urging the committee to run for their lives.
2057,3154,6,28,126,160,1.25,0.04063180276860005,655,"I say to the world just because it is all of you against me, don't think I am wrong."
2108,3154,5,25,110,140,1.25,0.04316011443339083,655,"Now, my opponent may call himself a man of the world, but I have my doubts."
2263,3154,4,26,106,136,1.25,0.042715556140397404,655,"I guess I'm in the minority on this issue, but..."
2323,3154,6,24,114,144,1.25,0.04351941398892446,655,"Now my opponent, whose ego is the size of the entire planet...."
2542,3154,5,26,113,144,1.25,0.04238884637277,655,My opponent is a self-promoting blowhard concerned only with its own special interests.
2594,3154,10,18,124,152,1.25,0.04596852849190844,655,You're not the boss of me.
1537,3154,9,26,141,176,1.25,0.04069206502309947,655,"In this debate, the earth always wins"
2831,3154,4,24,100,128,1.25,0.044367825470805686,655,And I say to you that a prolonged fever does not prove the reality of Global Warming.
3969,3193,9,26,142,177,1.2485875706214689,0.04048615824127585,655,"He's at a loss, not Atlas!"
3979,3194,8,25,132,165,1.2484848484848485,0.041592522892181356,655,"And in conclusion, I have the world on my side.  Thank you."
1076,3195,9,22,130,161,1.2484472049689441,0.0431945043920584,655,Goodbye
1033,3195,6,28,127,161,1.2484472049689441,0.0404084886504948,655,Can you name the planet where you would find these land masses?
3809,3197,5,29,123,157,1.2484076433121019,0.040063695565756244,655,"Hold on, I asked for a WORLD view!"
3126,3198,6,26,121,153,1.2483660130718954,0.04176309353236026,655,Your platform lacks a global perspective.
3443,3198,8,22,123,153,1.2483660130718954,0.043773903246154315,655,You're really going to build a wall ?
4604,3198,9,20,124,153,1.2483660130718954,0.044745434598506065,655,My research still proves you are flat.
4770,3198,5,28,120,153,1.2483660130718954,0.04072046990626665,655,"“I think you’ll find our next speaker is really on the ball ....   
           just out of this world.”"
2976,3202,6,25,118,149,1.2483221476510067,0.04248967850729419,655,Hal always lost the debate on climate change to his opponent.
1055,3202,6,25,118,149,1.2483221476510067,0.04248967850729419,655,"Say hello to my little friend."""
4683,3202,3,31,115,149,1.2483221476510067,0.03915722940852179,655,"Look, I know what I agreed to, but I just assumed you were speaking in metaphor"
568,3202,8,21,120,149,1.2483221476510067,0.044573110983951156,655,I made you what you are today.
393,3202,12,13,124,149,1.2483221476510067,0.048472065244390475,655,Don't you roll your sphere at me!
875,3202,6,25,118,149,1.2483221476510067,0.04248967850729419,655,"I don't care that you showed up in person looking like this.
I *still* think you're flat!"
1330,3208,8,20,117,145,1.2482758620689656,0.045413209804915894,655,It's a fake world!
2642,3208,4,28,113,145,1.2482758620689656,0.04097826085051929,655,"And without further adieu, he carries the weight of the world on his shoulders"
3238,3208,6,24,115,145,1.2482758620689656,0.043252615453394906,655,Our guest lecturer will be discussing the effects of globalization.
5004,3208,6,24,115,145,1.2482758620689656,0.043252615453394906,655,When are we going to start talking about MY needs?
2322,3212,6,23,112,141,1.24822695035461,0.044054893878545213,655,My opponent here promises the world; let me address you on a more human level.
533,3212,4,27,110,141,1.24822695035461,0.04169171895547657,655,"Please sir, you've had your turn."
939,3212,5,25,111,141,1.24822695035461,0.04288958558969954,655,And take note of how my opponent is trying to flood this debate with irrelevant arguments
1011,3212,7,21,113,141,1.24822695035461,0.04519016261581274,655,And it can be yours for the right bid!!
1080,3212,6,23,112,141,1.24822695035461,0.044054893878545213,655,I yield the remainder of my eons to the honorable planet.
4642,3217,9,16,112,137,1.2481751824817517,0.04835310703835909,655,"Ah, I can see right through this round-earther's ruse. You're an actor paid by NASA!"
4094,3217,5,24,108,137,1.2481751824817517,0.043688146360768294,655,"And, I’d like to introduce my co-presenter, who is quite worldly."
1414,3217,4,26,107,137,1.2481751824817517,0.04244186524511072,655,I am honored to be speaking on behalf of the entire planet.
1063,3220,7,19,107,133,1.2481203007518797,0.047018675770621486,655,This is not what I meant by a continental presence.
2189,3220,5,23,105,133,1.2481203007518797,0.04452991733786778,655,My opponent's comments suggest he's from a different universe.
3446,3220,6,21,106,133,1.2481203007518797,0.045791207722335546,655,Voters today demand more than simple warmth!
4794,3220,5,23,105,133,1.2481203007518797,0.04452991733786778,655,"And I repeat, I don’t see any evidence supporting my opponent’s claims of this so-called “climate change”!"
1889,3224,10,12,107,129,1.248062015503876,0.05165737571806914,655,"And now, on this question of global warming, why don't we hear from Mother Earth, herself?"
2020,3224,4,24,101,129,1.248062015503876,0.044065182174039035,655,From where I stand nobody can tell me it isn't flat.
5236,3224,8,16,105,129,1.248062015503876,0.04925684119046059,655,Your only campaign promise is to get Man to Mars?
4809,3227,3,25,97,125,1.248,0.043486742510718705,655,My opponent has a more globalist point of view.
3457,3227,5,21,99,125,1.248,0.04635904755624927,655,"Didn't we settle this debate 2,000 years ago?"
2886,3227,5,21,99,125,1.248,0.04635904755624927,655,That's not what your arctic face said last week on twitter!
455,3227,5,21,99,125,1.248,0.04635904755624927,655,You think your global perspective is so big.
3202,3227,6,19,100,125,1.248,0.04773042581401404,655,"Okay, okay. you have a climate problem."
931,3232,8,26,136,170,1.2470588235294118,0.04071392535457735,655,And now a word from our Sponsor
2174,3233,6,29,131,166,1.2469879518072289,0.03956383871559949,655,I don't care what the world says. I am right.
4778,3233,8,25,133,166,1.2469879518072289,0.04136829745311664,655,"Excuse me, but your two minutes are up"
2036,3235,11,17,130,158,1.2468354430379747,0.04550832592874112,655,It's YOUR problem. I don't respect planets who let its inhabitants change the climate
3412,3236,7,24,123,154,1.2467532467532467,0.04253220024914219,655,See? She's full of hot air!
3838,3236,5,28,121,154,1.2467532467532467,0.040487321254757055,655,"So, what time is it over there?"
1749,3238,7,23,120,150,1.2466666666666666,0.04328426063240149,655,Today is the first day of the end of your life.
445,3239,8,20,118,146,1.2465753424657535,0.04513313516693505,655,OK God.  You win!
2719,3239,6,24,116,146,1.2465753424657535,0.04298899007208366,655,My opponent cannot hide his preference for big government.
3574,3239,6,24,116,146,1.2465753424657535,0.04298899007208366,655,"Believe me, we hear you,
and we’re working on it!"
4153,3239,6,24,116,146,1.2465753424657535,0.04298899007208366,655,"My esteemed colleague considers himself an Atlas 
among mere mortals."
4404,3239,7,22,117,146,1.2465753424657535,0.04407410326605941,655,"And, if my worthy opponent were really in tune with what's going on, she'd realize the public is tired of hearing about climate change."
4614,3239,4,28,114,146,1.2465753424657535,0.04073213282948226,655,"Yes, I've heard all your ""science,"" but you're full of hot air."
4996,3239,4,28,114,146,1.2465753424657535,0.04073213282948226,655,"Fake news. If you were heating up, why would you be snowing up there?"
4903,3246,2,31,109,142,1.2464788732394365,0.03894859791088556,655,When considering the cosmos it's actually quite small.
4016,3246,5,25,112,142,1.2464788732394365,0.04262233735759899,655,"Don't give me that half-baked, self-serving argument about the worldwide effect of climate change."
3461,3246,5,25,112,142,1.2464788732394365,0.04262233735759899,655,Consider my opponents history.  Can you really trust him?
133,3246,7,21,114,142,1.2464788732394365,0.04490483140552997,655,"But unlike my adversary, I am against a bigger global presence."
2013,3250,6,22,110,138,1.2463768115942029,0.04460956331318161,655,"And finally, here is my irrefutable proof that the Earth is, indeed, flat."
4318,3250,7,20,111,138,1.2463768115942029,0.045779904562916626,655,What 'world view'?  You don't even have eyes
4901,3250,7,20,111,138,1.2463768115942029,0.045779904562916626,655,I reject your global elitism!
2252,3253,7,19,108,134,1.2462686567164178,0.04670319154586742,655,I know a guy who says you're not really warm.
2564,3253,7,19,108,134,1.2462686567164178,0.04670319154586742,655,"Whoa, whoa, whoa, one at a time!"
3609,3253,5,23,106,134,1.2462686567164178,0.04423512630593346,655,"... it's not up for debate, the Earth is flat!"
1553,3256,4,24,102,130,1.2461538461538462,0.043766522170656255,655,The World on stage
2270,3257,6,19,101,126,1.246031746031746,0.047390988275359834,655,"Now you’ve had your turn, it’s time to talk about REAL issues."
3425,3258,9,11,98,118,1.2457627118644068,0.053740892625588225,655,"Re-Elect me, and I assure you, my opponent is a HUGE LOOSER!"
1901,3259,6,30,135,171,1.2456140350877194,0.0387649947801712,655,"And now, may I introduce the world, with few choice words to offer regarding global warming"
3493,3260,6,29,132,167,1.2455089820359282,0.03935401643597681,655,Atlas your ride is here...
3148,3261,7,26,130,163,1.2453987730061349,0.04090547563374914,655,And what skeletons are hiding in my opponent's antipodes?
4295,3262,8,23,128,159,1.2452830188679245,0.04252684858129961,655,". . . And, speaking on the effects of global warming we have ..."
4452,3263,5,27,119,151,1.2450331125827814,0.04092408026933852,655,The only conspiracy here is how you fit through the doorway
3588,3263,5,27,119,151,1.2450331125827814,0.04092408026933852,655,Just WHO do you think you are?
3527,3263,9,19,123,151,1.2450331125827814,0.045033112582781455,655,No worries. It's fake
4298,3263,1,35,115,151,1.2450331125827814,0.03635353439335788,655,Can I have some ice water?
1954,3263,7,23,121,151,1.2450331125827814,0.043027674668663723,655,“Yours is the Axis of Evil!”
532,3263,7,23,121,151,1.2450331125827814,0.043027674668663723,655,"'Environmentalism,' he says? That's just the sort of corrupt, self-serving rhetoric that we need to eliminate from our politics!"
3178,3263,6,25,120,151,1.2450331125827814,0.0419890529381387,655,"The Climate Change ""Debate"""
228,3270,5,26,116,147,1.2448979591836735,0.04162373529739404,655,"Although we are in this crazy heated debate, I definitely agree with you!  If it weren't for YOU, none of us would be here."
1367,3270,8,20,119,147,1.2448979591836735,0.04485642897572416,655,That's YOUR opinion!
1761,3270,9,18,120,147,1.2448979591836735,0.0458834085543973,655,Hmmfp......I will debate the Universe only!!
2747,3270,7,22,118,147,1.2448979591836735,0.0438053793538948,655,This next item for bids ....!
3308,3270,7,22,118,147,1.2448979591836735,0.0438053793538948,655,"Yes, yes, we all know about you and your globalist philosophy!"
4175,3270,8,20,119,147,1.2448979591836735,0.04485642897572416,655,And who do you think should pay for the wall?
3127,3276,6,23,114,143,1.2447552447552448,0.04350539863182021,655,Our next speaker is getting hot under the collar so it is his turn to be heard.
3014,3276,6,23,114,143,1.2447552447552448,0.04350539863182021,655,"‘Stay cool, stay cool?’ What on earth...YOU stay cool!"
2617,3276,4,27,112,143,1.2447552447552448,0.041179286026284054,655,Never have I heard such a self-absorbed World View...!
2607,3276,5,25,113,143,1.2447552447552448,0.04235831268917647,655,You can hear people from around the world telling me what a great job I’m doing!
2601,3276,6,23,114,143,1.2447552447552448,0.04350539863182021,655,"Listen world, we did not cause climate change."
1535,3281,7,20,112,139,1.2446043165467626,0.04548390934897567,655,I'll be the one who decides whether your climate is changing or not!
1596,3281,5,24,110,139,1.2446043165467626,0.04313069881830356,655,"With all due respect, my opponent is talking in circles to avoid the question."
1808,3281,4,26,109,139,1.2446043165467626,0.041904567364428186,655,"My fellow Americans, I assure you that my worthy opponent doesn't have a leg to stand on!"
2216,3281,4,26,109,139,1.2446043165467626,0.041904567364428186,655,My opponent is clearly a single-issue candidate.
2460,3281,6,22,111,139,1.2446043165467626,0.04432292403610714,655,Are views are world's apart.
3181,3281,5,24,110,139,1.2446043165467626,0.04313069881830356,655,My opponent is clearly unstable.
4067,3287,4,25,106,135,1.2444444444444445,0.04266763404099585,655,"You say that, but if anything, you look cooler to me.  Flatter, too."
3898,3287,7,19,109,135,1.2444444444444445,0.04639183067305038,655,I look forward to the day when we are no longer opposing each other.
2735,3287,3,27,105,135,1.2444444444444445,0.04135176749720385,655,Flat-earthers are not intimidated by your inflated ego!
1227,3287,7,19,109,135,1.2444444444444445,0.04639183067305038,655,Such a nasty planet.
1978,3287,5,23,107,135,1.2444444444444445,0.04394411580826142,655,"Until there’s bipartisan support we just  don’t have the votes, sorry."
1348,3287,5,23,107,135,1.2444444444444445,0.04394411580826142,655,"You see, you see, she is just blowing CO2 at you!"
2398,3287,9,15,111,135,1.2444444444444445,0.04871671778993393,655,Now you're just talking out of your Tropic of Capricorn.
2160,3294,7,18,106,131,1.2442748091603053,0.04735096910531588,655,"Okay folks, let's give it up for our next speaker--Mother Earth!"
333,3294,5,22,104,131,1.2442748091603053,0.044802172391748794,655,"Unlike my opponent, I am emphatically NOT a globalist."
2109,3296,8,15,104,127,1.2440944881889764,0.04964130232751515,655,OK who is the wise ass who inflated my globe?
4459,3296,3,25,99,127,1.2440944881889764,0.04288749248915535,655,Who's we?
1632,3296,6,19,102,127,1.2440944881889764,0.047056244461984,655,"The speaker to my left would like to talk about it's favorite topic, climate change?"
2059,3296,3,25,99,127,1.2440944881889764,0.04288749248915535,655,This is our new navigation app everyone!
3366,3300,6,28,130,164,1.2439024390243902,0.03975266869690043,655,I won’t make the opposing candidate’s lack of worldliness an issue in this campaign.
3854,3300,8,24,132,164,1.2439024390243902,0.04159216352511612,655,Please welcome World Peace!
2509,3300,7,16,100,123,1.2439024390243902,0.04944239714081975,655,"No, no, Mr. Asia, you are facing the wrong way."
766,3303,6,27,127,160,1.24375,0.04038618120193431,655,My opponent has a heart of iron.
1036,3303,10,19,131,160,1.24375,0.04410792492149799,655,You can't handle the truth!
1378,3303,8,23,129,160,1.24375,0.042288016464218176,655,"Globalization, Schmobilization"
3896,3303,5,29,126,160,1.24375,0.03940085379625947,655,"As President,  I promise I will move heaven and you to get it done!"
1966,3307,5,28,123,156,1.2435897435897436,0.04002872714488858,655,"Yes, I know this is billed as a World Conference...."
2298,3307,5,28,123,156,1.2435897435897436,0.04002872714488858,655,You've had your say. Don't interrupt me when I'm on a roll.
3223,3307,4,30,122,156,1.2435897435897436,0.038981867719507075,655,I told him not to carry the whole world on his shoulders.
4888,3310,4,29,119,152,1.243421052631579,0.03960055711651401,655,You're a little too round for this flat earth debate sir
4752,3310,7,23,122,152,1.243421052631579,0.04277404880485733,655,I'll ask you again for the final time- where were you when you last saw Atlantis?
4187,3310,7,23,122,152,1.243421052631579,0.04277404880485733,655,"When you know how to pay for carbon cuts, then we'll talk!"
2136,3310,2,33,117,152,1.243421052631579,0.03733533677974441,655,"Unable to bear the burden of the world's problems, my opponent quit the race. I won't"
1002,3310,8,21,123,152,1.243421052631579,0.043780790615302885,655,Your presence here will not persuade us about climate change!
818,3310,6,25,121,152,1.243421052631579,0.04174303385499957,655,Blah blah blah....I happen to know that the other side disagrees completely.
85,3316,5,26,117,148,1.2432432432432432,0.041374639396855886,655,Let the voters choose: Flat earth or America first.
2820,3316,5,26,117,148,1.2432432432432432,0.041374639396855886,655,Let's hear it for my esteemed colleague who's taking a break from carrying the world on his back.
3069,3316,7,22,119,148,1.2432432432432432,0.04353984510691705,655,What's your opinion about living on Mars?
3306,3316,6,24,118,148,1.2432432432432432,0.042471042471042476,655,No need to scream. Your mic is on.
5143,3320,6,23,115,144,1.2430555555555556,0.04323564362580423,655,Bring it on!
4697,3320,7,21,116,144,1.2430555555555556,0.044344627373140065,655,"You will observe the earth appears to be a round flat disk, but we have reason to believe otherwise."
3063,3320,7,21,116,144,1.2430555555555556,0.044344627373140065,655,I feel as if the presidential polls are tilting in your favor
2858,3320,7,21,116,144,1.2430555555555556,0.044344627373140065,655,"On planet Earth maybe, but your so-called “facts” do not conform to alternative reality."
1716,3320,4,27,113,144,1.2430555555555556,0.04092762741092319,655,"Well, I'm not changing!"
485,3320,6,23,115,144,1.2430555555555556,0.04323564362580423,655,"As the final act of his two terms in office, Trump issued an executive order annexing this area to Russia."
181,3320,6,23,115,144,1.2430555555555556,0.04323564362580423,655,Please back up.Im feeling very warm.
2669,3320,6,23,115,144,1.2430555555555556,0.04323564362580423,655,"In this political climate, there is no earthly reason for your position!"
4474,3328,4,18,85,107,1.2429906542056075,0.04940328376093482,655,"Could you put your continent closer to the mic, I don't think the planets in the back can hear you."
318,3329,9,16,115,140,1.2428571428571429,0.0474113318263976,655,"You lier, we all know you’re flat!!!"
1016,3329,4,26,110,140,1.2428571428571429,0.041640842582238206,655,People vs. Climate Change
1919,3329,7,20,113,140,1.2428571428571429,0.04519164236576456,655,Will you stop ignoring me. Now listen to your Mother Earth!
3057,3329,4,26,110,140,1.2428571428571429,0.041640842582238206,655,I never thought that they meant this debate would be attended by the whole world.
1815,3333,7,28,138,173,1.2427745664739884,0.03923393848818495,655,My esteemed colleague thinks it’s getting hot in here; probably just a case of greenhouse “gas”!
256,3334,6,21,109,136,1.2426470588235294,0.044887081189025055,655,"...and now we'll zoom in on Muskrat Ridge, Minnesota."
1494,3334,6,21,109,136,1.2426470588235294,0.044887081189025055,655,"My opponent, the globalist."
2098,3334,2,29,105,136,1.2426470588235294,0.03973814553015243,655,"And to think, I was expecting you to come out flat."
2427,3334,4,25,107,136,1.2426470588235294,0.042390861443509856,655,"I predicted that widening the canal would allow South America to drift eastward, and I was right."
3261,3334,4,25,107,136,1.2426470588235294,0.042390861443509856,655,"And if your promises were Earth-shattering, we wouldn’t be here!"
4990,3334,5,23,108,136,1.2426470588235294,0.04365681614360453,655,"My opponent this evening is a noted ""Flat Earther""!"
1695,3340,10,21,138,169,1.242603550295858,0.042404673410596824,655,"The man who has the whole world in his hands, seems to have disappeared."
3671,3341,3,26,103,132,1.2424242424242424,0.041820159732229155,655,"If I had a nickel for every time someone tried to convince me that they speak for planet earth, I’d be a rich man."
4034,3341,7,18,107,132,1.2424242424242424,0.04702730530282264,655,What do you know?
3266,3341,4,32,129,165,1.2424242424242424,0.03762293488329237,655,Hold on.  We’re turning up the AC
929,3341,7,26,132,165,1.2424242424242424,0.04046251004639518,655,"Contrary to what you think, we do have at least one commonality. We’re both mostly made up of water. So there!"
1873,3341,6,20,106,132,1.2424242424242424,0.04578107712844859,655,he said “flat earth” not “fat earth”
2382,3341,5,22,105,132,1.2424242424242424,0.044499961820624365,655,"With all due respect, I believe that there is no consensus to support your claim that climate change is caused by human activity."
1836,3341,5,22,105,132,1.2424242424242424,0.044499961820624365,655,"And as you can plainly see, the President's proposed new walls will keep out Mexicans! Chileans! Brazilians! Venezuelans! Cubans! Germans! Canadians! Alaskans! Hawaiians!"
594,3348,5,29,127,161,1.2422360248447204,0.03918462185239131,655,I’m leaving if California comes on inch closer.
464,3349,6,26,125,157,1.2420382165605095,0.04081610096642558,655,"Please, please please...Slow your roll."
1264,3349,3,32,122,157,1.2420382165605095,0.03769583725183891,655,I see no point to this global debate!
879,3351,4,22,98,124,1.2419354838709677,0.04489543719436014,655,"Yes, as his spokesperson, I can tell you, Donald Trump knows best how to fix you."
4432,3351,4,22,98,124,1.2419354838709677,0.04489543719436014,655,"My opponent cannot be trusted on global climate change, as a globe, her view of climate change is clouded by her pro-globe bias"
3392,3353,5,27,121,153,1.2418300653594772,0.04045040514173947,655,My opponent is making a circular argument
1445,3354,6,17,97,120,1.2416666666666667,0.04878902350111492,655,Just because you are round does not mean the earth isn't flat.
2998,3355,4,28,117,149,1.2416107382550337,0.04001066281720584,655,Don't be fooled by my opponent's earthy appearance. She's responsible for global warming!
776,3356,6,23,116,145,1.2413793103448276,0.04296913940808907,655,"And the earth responded, ""I'm not flat, I'm big boned."""
2826,3356,4,27,114,145,1.2413793103448276,0.040678938779738834,655,"That’s, like, your opinion, world.”"
3359,3356,6,23,116,145,1.2413793103448276,0.04296913940808907,655,"In my concluding two minutes, I would like to just touch on North America"
3991,3356,7,21,117,145,1.2413793103448276,0.04406963106363406,655,Oh yeah?  Well who appointed you guardian of the world?
4530,3356,5,25,115,145,1.2413793103448276,0.04183971200735931,655,Just let me make this one Archimedean point.
707,3361,8,25,137,170,1.2411764705882353,0.04049457759607309,655,"Yes, we KNOW you have problems . . . But WE didn’t make them . . ."
4072,3362,7,20,114,141,1.2411347517730495,0.044903035484589564,655,"In the old days we always said the whole world was in front of you, now ..."
330,3362,7,20,114,141,1.2411347517730495,0.044903035484589564,655,Is this thing on?
849,3362,7,20,114,141,1.2411347517730495,0.044903035484589564,655,What on earth are you arguing about?
2150,3365,7,26,133,166,1.2409638554216869,0.04024452721683568,655,You’re not listening!!
465,3366,9,15,113,137,1.2408759124087592,0.04806869842948701,655,Stop trying to bowl me over with your take on global warming!
4509,3366,4,25,108,137,1.2408759124087592,0.04211755849911165,655,It's hiding something. Where's its long-form birth certificate?
1762,3368,5,29,128,162,1.2407407407407407,0.038970687467344535,655,"Mother Earth, what is your position on global warming?"
109,3369,3,26,104,133,1.2406015037593985,0.04154453635293475,655,Pay no attention to him. That's just how he rolls.
5166,3369,7,18,108,133,1.2406015037593985,0.04670795614230299,655,"And now, in perfect harmony, the world will sing!"
2250,3371,6,26,126,158,1.240506329113924,0.04058586885471601,655,"As everyone can see, my opponent is all wet!"
1699,3371,7,24,127,158,1.240506329113924,0.041567275659774174,655,"Even though you say you're hot, I still don't believe in global warming!"
2498,3373,6,25,123,154,1.2402597402597402,0.04125934834788863,655,Another continent heard from.
1396,3374,5,26,119,150,1.24,0.04088506288230924,655,"My opponent denies it, but given the current climate, change is our only option."
1427,3374,6,24,120,150,1.24,0.04196515013083304,655,Your argument has fallen flat
3003,3374,5,26,119,150,1.24,0.04088506288230924,655,Don't believe what my opponent says he can fix; he has a world of problems of his own.
3052,3374,7,22,121,150,1.24,0.04301812738969854,655,"No pressure, your only speaking on behalf of the whole world."
4254,3374,5,26,119,150,1.24,0.04088506288230924,655,I give you WORLD PEACE!
4737,3379,2,31,113,146,1.2397260273972603,0.038024920998767225,655,"My friends, we finally have proof! The world is flat, there is no global warming in a  flat world, and the border walls are only from a Hollywood set."""
2381,3379,4,27,115,146,1.2397260273972603,0.04043317004071793,655,That’s only one hemisphere!
4323,3379,5,25,116,146,1.2397260273972603,0.041585027964775624,655,"If my opponent claims to be getting warmer, let's take his temperature right now!"
1969,3379,4,27,115,146,1.2397260273972603,0.04043317004071793,655,Will the gentlewoman yield?
1037,3379,6,23,117,146,1.2397260273972603,0.0427058293693113,655,I yield to my opponent.
4793,3384,8,13,100,121,1.2396694214876034,0.05119077023335348,655,Your comments betray your Western bias!
1289,3385,4,26,112,142,1.2394366197183098,0.04112295635269635,655,"...and yes, you may say my views are out of the mainstream, but let me remind you that world opinion is only that: opinion!!!"
1745,3385,6,22,114,142,1.2394366197183098,0.04348422450636393,655,"It is my contention, that the world is flat."
3282,3385,2,30,110,142,1.2394366197183098,0.0386175775709932,655,"Excuse me, could I get a glass of ice water before the debate begins? 
It’s getting a bit toasty in here."
4565,3385,5,24,113,142,1.2394366197183098,0.042320062146136025,655,Don't believe those who say the world is getting smaller!
4869,3385,7,20,115,142,1.2394366197183098,0.04461802216354853,655,"And who, my friends, do you think is going to pay for these elitist policies that my opponent suggests?"
3862,3390,5,29,129,163,1.2392638036809815,0.03875901561235038,655,You people can’t see what I can - it’s flat dammit
580,3391,3,27,108,138,1.2391304347826086,0.0405640280408239,655,See...he just talks in big circles
1053,3391,6,21,111,138,1.2391304347826086,0.044303498047984134,655,"Actually, this is more of a comment than a question."
4466,3391,2,29,107,138,1.2391304347826086,0.03923842310924015,655,OK. Don't get so puffed up about it.
4860,3391,5,23,110,138,1.2391304347826086,0.04309307852185475,655,These lands used to be called 'continents' before the water covered them.
3086,3395,4,24,106,134,1.2388059701492538,0.042610243685934766,655,What proofs do you have that we are destroying you?
3531,3395,7,18,109,134,1.2388059701492538,0.04639283801274597,655,"Mother Earth, what are your comments on climate change?"
3079,3395,4,24,106,134,1.2388059701492538,0.042610243685934766,655,"And my friend, Gaia, here, thinks she's too big to fail!"
814,3395,6,20,108,134,1.2388059701492538,0.0451671846393246,655,"Well, folks, our next presentation about global warming will be given by Mother Earth ."
2744,3395,4,24,106,134,1.2388059701492538,0.042610243685934766,655,That’s not where Lake Huron goes.
1533,3400,3,31,121,155,1.238709677419355,0.03783397126210002,655,Talk about special interests.
1868,3400,5,27,123,155,1.238709677419355,0.03998729476451437,655,At least the rest of the solar system agrees with me.
3245,3400,7,23,125,155,1.238709677419355,0.04203044258281022,655,I don’t care how hot you are. Nobody but me touches the thermostat.
4025,3400,6,25,124,155,1.238709677419355,0.04102159093874264,655,"...therefore, I conclude global warming is fake news."
4608,3400,5,27,123,155,1.238709677419355,0.03998729476451437,655,"Apropos of nothing, notice how the upper Northwest region of North America resembles a goblin."
5263,3405,6,19,105,130,1.2384615384615385,0.04607924800236506,655,Hot enough for ya?
1323,3405,4,23,103,130,1.2384615384615385,0.0434140061237124,655,It's rigged.
3389,3405,4,23,103,130,1.2384615384615385,0.0434140061237124,655,More Fake News!
2164,3408,6,24,121,151,1.2384105960264902,0.04171659800800959,655,Your world view sucks!
2992,3408,7,22,122,151,1.2384105960264902,0.042761837777537365,655,"I don't care what the other 99% say, who are you to tell me it's man made?"
3194,3408,6,24,121,151,1.2384105960264902,0.04171659800800959,655,My opponent is really turning up the heat.
3891,3408,6,24,121,151,1.2384105960264902,0.04171659800800959,655,"We love climate change, don't we folks?  My opponent, she resists, but she's looking hotter every day!  Should we give her a round of applause? Let's clap for her folks..."
2643,3412,3,35,134,172,1.2383720930232558,0.03557666618349965,655,And here we have the Americas
3901,3413,8,19,120,147,1.2380952380952381,0.04458710369376402,655,And now that I've completed the demonstration of my shrink-ray...wait where is everybody?
4618,3413,5,25,117,147,1.2380952380952381,0.04133335136970877,655,"Okay, my opponent does have a clear perspective about global warming!"
3550,3413,6,18,102,126,1.2380952380952381,0.04704414870563226,655,I'm sick and tired of feeling like an outsider!
5207,3413,6,23,118,147,1.2380952380952381,0.042445658147416666,655,"Our guest speaker tonight, standing before his latest creation, will address ""The Challenges of Creation."""
2950,3413,4,27,116,147,1.2380952380952381,0.040190272148074004,655,My opponent is so very naive in believing that each of us can really make a difference in this world “
3821,3413,5,25,117,147,1.2380952380952381,0.04133335136970877,655,Mother Nature has something to say.
2829,3413,4,27,116,147,1.2380952380952381,0.040190272148074004,655,Too weighty an argument.
2898,3413,5,25,117,147,1.2380952380952381,0.04133335136970877,655,"Ok, now my compatriot will give you the World View."
1275,3413,4,27,116,147,1.2380952380952381,0.040190272148074004,655,So I ask my opponent: why are you even here?
1071,3413,4,22,100,126,1.2380952380952381,0.044262666813799055,655,"Just because you're 4.5 billion years old, doesn't mean you know any thing about climate change!"
650,3413,7,21,119,147,1.2380952380952381,0.043529551521729604,655,"At this scale, you can actually see how much of Miami is already below sea level."
1991,3424,6,22,115,143,1.2377622377622377,0.043211520370902166,655,"World, what ever you do--don't sneeze."
1958,3424,4,26,113,143,1.2377622377622377,0.04086868459206661,655,My opponent purports to represent a world view; but I say it is a small world.
2699,3424,4,26,113,143,1.2377622377622377,0.04086868459206661,655,"I'll take ""Scorch"" for $500 Alex"
64,3424,6,22,115,143,1.2377622377622377,0.043211520370902166,655,"No, YOU'RE mistaken!"
1758,3424,6,22,115,143,1.2377622377622377,0.043211520370902166,655,And once again my opponent seeks to sway your votes with a transparent blend of intimidation and self-interest!
4923,3429,3,23,96,122,1.2377049180327868,0.04363462286723502,655,"'""It has come to my attention some of you believe we are mired in a global crisis!"""
300,3430,5,23,111,139,1.2374100719424461,0.042816509050704825,655,"My opponent chooses to hide behind global warming, but what evidence do you have?"
622,3430,5,23,111,139,1.2374100719424461,0.042816509050704825,655,"Who are you going to believe, me or the world's biggest globe?"
3778,3430,7,19,113,139,1.2374100719424461,0.04518608498641714,655,"If I may play Devil’s Advocate, some might say that you have failed to take responsibility for your own welfare and are, therefore, responsible for your own plight."
4539,3430,5,23,111,139,1.2374100719424461,0.042816509050704825,655,And what is your opinion on climate change?
5021,3430,6,21,112,139,1.2374100719424461,0.044017245050598064,655,"All my opponents contentions of  malaise are anecdotal, personal and very subjective."
5057,3430,6,21,112,139,1.2374100719424461,0.044017245050598064,655,Every time I try to debate this happens.
1258,3436,5,18,95,118,1.2372881355932204,0.04765691481847308,655,My opponent is trying to get you to warm up to him.
602,3437,7,23,126,156,1.2371794871794872,0.041788173028505786,655,Such a nasty woman!
1193,3437,5,27,124,156,1.2371794871794872,0.039759595485652936,655,"And, your Hot Flashes are distracting!"
1437,3439,7,18,110,135,1.237037037037037,0.04608186937587219,655,I'm just here for the air conditioning!
1669,3440,4,28,120,152,1.236842105263158,0.03931360593765812,655,But the record shows that you are NOT interested in world peace!
1997,3440,4,28,120,152,1.236842105263158,0.03931360593765812,655,Your ideas fall flat.
3815,3440,6,24,122,152,1.236842105263158,0.0414709098441645,655,We could debate this all day long and all night long and all day long and all night long and...
4877,3440,6,24,122,152,1.236842105263158,0.0414709098441645,655,Your points are flat!
4211,3444,5,21,105,131,1.2366412213740459,0.04446070275087714,655,Do I hear 230 trillion?
3405,3444,5,21,105,131,1.2366412213740459,0.04446070275087714,655,"I'm not 'two-faced' you moron, I'm just rotating along my axial tilt!"
5079,3444,4,23,104,131,1.2366412213740459,0.04311976666223454,655,"Unlike my opponent, Mr. Atlas, I will never let you down."
1332,3444,8,15,108,131,1.2366412213740459,0.04826047580982554,655,Make the Earth Great Again? Socialism!
940,3444,5,21,105,131,1.2366412213740459,0.04446070275087714,655,"Warming, he claims? Hardly!  I served at 98.6. I know 98.6. 98.6 is a vital sign of mine. My opponent is nowhere near 98.6."
3339,3444,5,21,105,131,1.2366412213740459,0.04446070275087714,655,I will conclusively prove you don't have a leg to stand on. Could somebody turn on the air?
3755,3450,6,23,119,148,1.2364864864864864,0.04218857159601243,655,And I say it's fake news.
4600,3450,7,21,120,148,1.2364864864864864,0.043264352955627354,655,According to our consultants your evidence for global warning is inconclusive.
719,3452,5,29,131,165,1.2363636363636363,0.03834232269440075,655,"Pit me against the world, I’ll win!"
2945,3452,5,29,131,165,1.2363636363636363,0.03834232269440075,655,"You’re just slanted, tilted spin."
2319,3454,6,22,116,144,1.2361111111111112,0.04294214579750938,655,"Shut up, your killing me....."
3995,3454,4,26,114,144,1.2361111111111112,0.040617455501845,655,"As the poet Wordsworth said so many years ago, ""The world is too much with us."""
4776,3454,5,24,115,144,1.2361111111111112,0.04179596617581002,655,These continents would not be empty if they had believed in climate change.
1419,3457,4,25,111,140,1.2357142857142858,0.041317851835987615,655,"When I refer to the earth as small,I am speaking in relative terms."
603,3457,8,17,115,140,1.2357142857142858,0.04602460833093375,655,"Quick, get me that lever!"
4340,3459,5,27,125,157,1.2356687898089171,0.03953441204976719,655,"Oh no, Mother Earth! You too?"
2876,3460,5,22,109,136,1.2352941176470589,0.04332993214109077,655,Today's debate: Climate Change--fact or fiction.
3395,3460,6,24,123,153,1.2352941176470589,0.04122803788532132,655,Hold it right there! The science is still out on your round-Earth theory!
2576,3460,3,30,120,153,1.2352941176470589,0.037970424962817814,655,I feel at a disadvantage debating the global economy.
3017,3460,8,16,112,136,1.2352941176470589,0.04694976469560254,655,How can it have got too warm in here if I'm still wearing my tie?
1207,3460,6,20,110,136,1.2352941176470589,0.04456922123197992,655,Wait! I'm signed up to speak on global warming not global inflation!
1142,3460,4,28,121,153,1.2352941176470589,0.03908647443633772,655,"Just turn and roll away, why don't you - make my day!"
2354,3460,3,26,107,136,1.2352941176470589,0.040738410567967114,655,Our next speaker is among the most recognized speaker on the world stage!
3074,3467,5,25,119,149,1.2348993288590604,0.04083881699787816,655,They say actions speak louder than words but apparently that's not the case. The Earth has something to say.
3997,3467,5,25,119,149,1.2348993288590604,0.04083881699787816,655,"Please, stop spinning. This isn’t helping my macropsia"
4966,3467,7,21,121,149,1.2348993288590604,0.043002307111602654,655,Ha! You've been shrugged off.
5213,3467,6,23,120,149,1.2348993288590604,0.04193451675354549,655,You're out of orbit on this one.
2859,3471,4,23,105,132,1.2348484848484849,0.042829391226308085,655,"You make a valid point, sir, but in all fairness, you looked really flat!"
3012,3471,7,17,108,132,1.2348484848484849,0.04670479649701895,655,".
  Our next speaker is Atlas, who is feeling a lot lighter these days since Trump alienated most of the weight of the world."
3880,3471,5,21,106,132,1.2348484848484849,0.044158998786431834,655,The American people reject one-worldism.
2655,3474,8,22,132,162,1.2345679012345678,0.04157693109200657,655,Shape-shifting doesn't make you a climate change expert.  You need charts and photos.
1410,3474,6,26,130,162,1.2345679012345678,0.039689781138555175,655,Fact! It is not getting warmer in here. Ask any scient-ish.
53,3476,4,26,115,145,1.2344827586206897,0.04036921684789872,655,"“It’s not global warming; they are only hot flashes."""
1667,3476,5,24,116,145,1.2344827586206897,0.04153864597607507,655,Now please explain your comments about being “pro natural selection.”
1930,3476,5,24,116,145,1.2344827586206897,0.04153864597607507,655,The good news is the Panama Canal will eventually be obsolete.”
2658,3476,4,26,115,145,1.2344827586206897,0.04036921684789872,655,It’s your fault for having an environment to ruin!
2780,3476,6,22,117,145,1.2344827586206897,0.04267604187525741,655,How could you be warm?  The air conditioner is set at 72F.
4073,3481,3,24,101,128,1.234375,0.04221414840770096,655,"Further more, my opponent's climate change policies are based on outrageous conspiracy theories."
4171,3482,5,27,126,158,1.2341772151898733,0.039311704413894956,655,"Oh, please. It's just these hot stage lights..."
4478,3483,7,19,115,141,1.2340425531914894,0.044606006692640324,655,I still don't believe in global warming.
3992,3483,7,19,115,141,1.2340425531914894,0.044606006692640324,655,"As I've told your president many times, the whole thing is America."
2627,3483,6,21,114,141,1.2340425531914894,0.04345547963686692,655,"Stop the world, I wanna get off."
2606,3483,5,23,113,141,1.2340425531914894,0.042273651224804754,655,"You keep saying that, but you don’t look any warmer to me?”"
2339,3483,5,23,113,141,1.2340425531914894,0.042273651224804754,655,"Sure, you beat me in experience, Mother Earth, but I'm a man."
4994,3488,8,13,103,124,1.2338709677419355,0.05005749509386557,655,When on earth do I get to talk?
3404,3489,5,26,123,154,1.2337662337662338,0.039939058695599196,655,You don’t speak for me!
803,3490,4,24,109,137,1.2335766423357664,0.04178135975060226,655,"Climate, schlimate--my opponent can't even stand up straight!"
1236,3490,9,14,114,137,1.2335766423357664,0.04777439750942048,655,"...and, as absolute proof, this two-dimensional opponent proves my flat earth contention."
2750,3490,3,26,108,137,1.2335766423357664,0.040476410607333646,655,"""And now, for the worldwide consensus..."""
3064,3490,6,20,111,137,1.2335766423357664,0.044276025527601244,655,How am I supposed to argue against the world?
4151,3490,7,18,112,137,1.2335766423357664,0.045472064429455714,655,"Put your hand down, sonny! I've got something to say about what's really going on!"
3714,3490,3,26,108,137,1.2335766423357664,0.040476410607333646,655,"Hold on, we need to get you a bigger microphone."
4515,3496,4,31,132,167,1.2335329341317365,0.03697112960463775,655,Make the Americas Matter Again
2759,3497,5,25,120,150,1.2333333333333334,0.04059586016811276,655,"Your point is well taken, Atlas."
3119,3497,6,23,121,150,1.2333333333333334,0.041683441813290076,655,"I don't care what you think. I'm American, therefore I come first."
3134,3497,7,14,99,120,1.2333333333333334,0.049836333439760135,655,"In any discussion of geopolitical trends, it's essential to have an expansive world view."
3248,3497,3,22,95,120,1.2333333333333334,0.0438569953494662,655,"Hey, hold up there, I think you're getting a little too hot..."
4753,3497,5,25,120,150,1.2333333333333334,0.04059586016811276,655,That's really not your best angle!
5221,3502,2,27,104,133,1.2330827067669172,0.03977496800591531,655,And let us see your positive side
4496,3502,6,19,108,133,1.2330827067669172,0.045141253262205396,655,"You claim you're too hot, but I see snow and glaciers, right there, in Alaska!"
847,3502,3,25,105,133,1.2330827067669172,0.04118214718083957,655,Where in the world did you get that information?
839,3502,3,25,105,133,1.2330827067669172,0.04118214718083957,655,It's just a big balloon filled with hot air!
1528,3502,7,17,109,133,1.2330827067669172,0.04638592364753896,655,"As the WWW turns 30, I'd like to apologize on its behalf for Twitter."
804,3507,8,18,120,146,1.2328767123287672,0.04458499749835465,655,Not all at once!
891,3507,4,26,116,146,1.2328767123287672,0.0401239175152433,655,This presentation will be short - the speaker hasn't got long to live
950,3507,6,22,118,146,1.2328767123287672,0.04241315101886642,655,Don't you shrug your shoulders at me!
2671,3507,6,22,118,146,1.2328767123287672,0.04241315101886642,655,"I'll keep this short since time is running out; ""I'm dying""."
3045,3507,3,28,115,146,1.2328767123287672,0.038928851068076586,655,"Sorry, It's all about Me!"
3097,3507,7,20,119,146,1.2328767123287672,0.043512626795434106,655,Me thinks the world is too much with us.
4768,3507,5,24,117,146,1.2328767123287672,0.04128440465913986,655,"I think the world of my opponent, but he can be overbearing."
3051,3514,2,23,91,116,1.2327586206896552,0.04304343648445431,655,"Cool it, hot head!"
2046,3515,6,25,128,159,1.2327044025157232,0.04009677862615026,655,"Now now, let's not get heated buddy."
3819,3515,12,13,134,159,1.2327044025157232,0.045666405941288485,655,This argument is getting way too heated.
1857,3517,4,22,103,129,1.2325581395348837,0.043345483035552405,655,"An now for the definitive word on global warming,I'd like to introduce....."
4861,3518,6,21,115,142,1.232394366197183,0.043179837280752885,655,You have things all turned around!
3476,3518,3,27,112,142,1.232394366197183,0.03955790673166564,655,Stop right there! Like you are an expert in worldly things.
2967,3518,3,27,112,142,1.232394366197183,0.03955790673166564,655,"Will you vote for your fellow man, or this filthy rock?"
4913,3518,5,23,114,142,1.232394366197183,0.04200724017029981,655,"As the end is near, now a quick word from the Western Hemisphere."
2757,3518,6,21,115,142,1.232394366197183,0.043179837280752885,655,We need to eliminate this global threat. - David Ostrov
1832,3518,6,21,115,142,1.232394366197183,0.043179837280752885,655,I can only speak for myself!
2892,3518,4,25,113,142,1.232394366197183,0.04080095716840726,655,Our first speaker is a world-class traveler.
4022,3525,2,32,121,155,1.232258064516129,0.03640685567630655,655,"Oh contraire, we are rapidly changing course, for example, I’m now seeing paper straws everywhere."
4524,3525,3,30,122,155,1.232258064516129,0.03753992968556,655,My opponent is hiding behind Antarctica!
1786,3527,5,19,101,125,1.232,0.04562964514577153,655,Atlas Smushed!
3744,3527,5,19,101,125,1.232,0.04562964514577153,655,"Unlike my opponent, I take global warming very seriously...."
1342,3529,5,22,111,138,1.2318840579710144,0.042767202945480774,655,"Not that it really matters, but that little dot just off the coast of Florida is Treasure Cay, Bahamas and that's where I'm taking my Family for a vacation in April"
2413,3529,4,24,110,138,1.2318840579710144,0.04151201181565335,655,"Rising oceans?  That's Fake News, Mother Earth!  Time you realized the only thing worth hearing about is rising profits!!"
4579,3531,7,21,123,151,1.2317880794701987,0.04248745677442501,655,"Earth, are you trying to tell us something?"
4003,3531,2,31,118,151,1.2317880794701987,0.036928077114925364,655,Brag all you want. We all know you are getting smaller.
3070,3531,8,19,124,151,1.2317880794701987,0.04351418393936839,655,The whole world revolves on it
1213,3531,7,21,123,151,1.2317880794701987,0.04248745677442501,655,"If the world is in so much danger, then why doesn't it say so?"
1383,3531,7,21,123,151,1.2317880794701987,0.04248745677442501,655,I'm sorry...but I am speaking about universal principles...
378,3531,6,23,122,151,1.2317880794701987,0.04143529609412827,655,I say - You should go back where you came from!
2673,3531,7,21,123,151,1.2317880794701987,0.04248745677442501,655,Our next speaker is Atlas. He should be lifting up shortly.
3468,3538,3,22,96,121,1.2314049586776858,0.043535759309308836,655,I would like to introduce our featured speaker who will  talk on the subject of earth’s climate change.
3664,3539,5,21,108,134,1.2313432835820894,0.043567459954432904,655,Stop right there!  I am the president and I have declared that we are NOT warming you up !
4246,3539,6,19,109,134,1.2313432835820894,0.044836864492459355,655,Now let’s hear from the Defense.
4836,3539,7,17,110,134,1.2313432835820894,0.04607130634298544,655,I will admit that my opponent has made effective use of social media.
4977,3542,5,24,118,147,1.2312925170068028,0.04103318899494187,655,My opponent's head must be in the clouds!
4584,3542,5,24,118,147,1.2312925170068028,0.04103318899494187,655,Mankind is a virus and natural disasters are the cure!
4926,3542,3,28,116,147,1.2312925170068028,0.03869556407217128,655,So what are your thoughts on global warming?
813,3542,6,22,119,147,1.2312925170068028,0.042153416933982606,655,My opponent is obviously biased in favor of climate warming. I’d like to remind the audience that he has provided no direct evidence of ice-melt.
720,3542,6,22,119,147,1.2312925170068028,0.042153416933982606,655,Now class this is the Western Hemipshere
3990,3542,4,26,117,147,1.2312925170068028,0.0398815074812759,655,Despite all the evidence I maintain my opponents arguments still fall flat
1131,3548,9,19,132,160,1.23125,0.042727264173751923,655,What in the world?
5156,3549,3,30,123,156,1.2307692307692308,0.03732821568464874,655,"Ok, ok, I’ll refer to you as “earth”, not “the planet”."
4627,3549,7,19,117,143,1.2307692307692308,0.04404038565935466,655,"After learning that a skilled debater must argue both sides, Earth proves itself flat."
2544,3549,4,25,114,143,1.2307692307692308,0.04054721199177677,655,Can we discuss world peace?
3702,3549,5,23,115,143,1.2307692307692308,0.041744094870360064,655,My opponents is a true globalist
1809,3549,2,26,102,130,1.2307692307692308,0.04018214571971751,655,"So, Parents, we are now on Day 3 out of  7 of your children's Science Experiment"
1403,3549,7,16,107,130,1.2307692307692308,0.04702029090217254,655,And you call yourself an oblate ellipsoid.
1097,3549,5,26,125,156,1.2307692307692308,0.039481915582672035,655,And speaking for the pro side of the Global Warming debate....
1852,3549,8,20,128,156,1.2307692307692308,0.04250835936487808,655,". ""The world would like to says a few truths about global warming """
1045,3557,7,24,134,165,1.2303030303030302,0.03997804499490151,655,I believe climate change is another example of my opponent flip-flopping on issues.
3536,3558,6,20,113,139,1.2302158273381294,0.04370084695834211,655,This worldly candidate is throwing his polar ice cap into the ring.
4720,3558,5,22,112,139,1.2302158273381294,0.04249117096905104,655,". . . and after that rollicking critique,we thought we'd let her speak for herself."
4712,3558,4,24,111,139,1.2302158273381294,0.041246032485147154,655,Stop asking ME questions. Let’s ask the WORLD.
4389,3558,5,22,112,139,1.2302158273381294,0.04249117096905104,655,You think you're hot! I say you're not!
4320,3558,4,24,111,139,1.2302158273381294,0.041246032485147154,655,"Globally,we want to hear what you think!"
4156,3558,2,28,109,139,1.2302158273381294,0.0386355583194444,655,How big was yo mama?!
2215,3558,7,18,114,139,1.2302158273381294,0.04487792819896826,655,"My opponent will get nothing done if elected because he carries the weight of the world on his shoulders."""
2261,3558,4,24,111,139,1.2302158273381294,0.041246032485147154,655,Lock Earth Up!
1963,3558,5,22,112,139,1.2302158273381294,0.04249117096905104,655,My opponent as you can ladies and gentlemen is clearly an internationalist.
1908,3558,8,16,115,139,1.2302158273381294,0.046024915578271985,655,"You might contain multitudes, but I've got the NRA and the Koch Brothers I my corner!"
1402,3558,4,24,111,139,1.2302158273381294,0.041246032485147154,655,My opponent's so-called curvature would only serve to weaken our position on the international playing field.
909,3558,3,26,110,139,1.2302158273381294,0.03996211682594532,655,"I'm sorry, but the fire department will not allow anything this hot in the auditorium."
901,3558,2,28,109,139,1.2302158273381294,0.0386355583194444,655,Give me a place to speak and I will conquer the world.
633,3558,2,28,109,139,1.2302158273381294,0.0386355583194444,655,"Sir, although you may be a celestial orb, I submit that you lack standing!"
2096,3558,5,22,112,139,1.2302158273381294,0.04249117096905104,655,"Ma'am, please keep it cool. This doesn't need to be a heated conversation."
5145,3573,5,19,102,126,1.2301587301587302,0.045303489353958636,655,"Fred 
 Fred! Come back! I told you not to get to close to the water"
1744,3573,6,17,103,126,1.2301587301587302,0.04668394022175475,655,"Your opinion notwithstanding, all experts are not in agreement."
2064,3573,4,21,101,126,1.2301587301587302,0.04387963104516852,655,You just think you're hot stuff.
1560,3576,5,27,129,161,1.2298136645962734,0.03865804778789121,655,I still debate it's flat.
3944,3577,8,18,122,148,1.2297297297297298,0.04403632460984717,655,My opponent wants to solve all the world's problems; but I have proven I can eat a deep-fried corn dog on a stick.
1887,3577,6,22,120,148,1.2297297297297298,0.041896784583418355,655,But it appears my opponent here still believes all that nonsense about Climate Change.
2473,3577,8,18,122,148,1.2297297297297298,0.04403632460984717,655,Our next speaker will tell us how it finally rid itself of parasites  through heat therapy.
1229,3580,2,27,106,135,1.2296296296296296,0.039258946357108034,655,"My opponent claims to have the weight of the world on his shoulders, but I assure you it's a hoax."
4844,3581,5,18,99,122,1.2295081967213115,0.046247751562393156,655,"No, we don't celebrate Earth Day anymore."
5168,3582,7,22,128,157,1.2292993630573248,0.04128490284697449,655,"Now that you're here, please settle the debate: Did Tony Soprano die in the finale?"
2702,3582,5,26,126,157,1.2292993630573248,0.039257159454396444,655,"Speak, world. What can we do to save you?"
3145,3582,5,26,126,157,1.2292993630573248,0.039257159454396444,655,WE CAN SAVE OUR HALF IF WE FORGET  ABOUT THE OTHER HALF
5267,3582,6,24,127,157,1.2292993630573248,0.04028379184927872,655,My opponent is spreading fake news! Everyone knows that you are flat!
4419,3586,6,21,117,144,1.2291666666666667,0.04263871963146187,655,It’s hard to win a debate when everyone else is against you.
4695,3586,3,27,114,144,1.2291666666666667,0.03907281817881992,655,"And HE claims he wants to make the world a better place, but can you see that happening?!"
2843,3586,9,15,120,144,1.2291666666666667,0.045928593525011226,655,"All together now!  He's got the whole world in his hands, he's got the whole world in his hands......"
712,3586,5,23,116,144,1.2291666666666667,0.04148415739394154,655,He's got the whole world in his hand.
1723,3586,5,23,116,144,1.2291666666666667,0.04148415739394154,655,Introducing global warning.
761,3586,5,23,116,144,1.2291666666666667,0.04148415739394154,655,"Ah, with a wave of my hand and 20 more years of a fossil fuel based society I can make this all disappear!"
2822,3586,5,23,116,144,1.2291666666666667,0.04148415739394154,655,Whoa! One thing at a time.
47,3593,1,28,102,131,1.2290076335877862,0.03841377085998313,655,I see some very cloudy thinking.
430,3593,2,26,103,131,1.2290076335877862,0.03991312570796216,655,"Regardless of how much evidence she's presented, I'll just never believe that climate change is real."
3029,3593,5,20,106,131,1.2290076335877862,0.04410642855716718,655,Let's skip the debate and make this my concession speech.
4607,3593,5,20,106,131,1.2290076335877862,0.04410642855716718,655,I reject the earth's statement on global warming!
1917,3597,9,20,137,166,1.2289156626506024,0.041556607393799676,655,"And God said, Let the waters under the heaven be gathered together unto one place, and let the dry land appear: and it was so.  This miracle occurred on Day Two, and absolutely nothing my opponent says will convince me otherwise."
3881,3598,5,17,96,118,1.228813559322034,0.04724944508372923,655,"Now, I think our audience would really like to hear you dish about your relationship with Pangaea. What really broke you up?"
266,3598,3,21,94,118,1.228813559322034,0.044076988978739455,655,Please leave the room - FAKE NEWS!
1701,3600,7,21,125,153,1.2287581699346406,0.041984578747553784,655,"Hi Mom, I finally made it to the world stage."
3484,3600,5,25,123,153,1.2287581699346406,0.03988365866615721,655,Why aren't you on climate strike!
4936,3600,5,25,123,153,1.2287581699346406,0.03988365866615721,655,Can somebody open a window? its kinda hot in here
3335,3603,7,18,115,140,1.2285714285714286,0.04458655236600666,655,"I told you time and again! Not yet, ya big bully."
3292,3603,4,24,112,140,1.2285714285714286,0.04098336105214201,655,Counterargument from Unexpected Speaker at Davos
4343,3603,5,22,113,140,1.2285714285714286,0.042218607343789044,655,"So you think you have the weight of the world to worry about, let me explain something to you."
1590,3603,5,22,113,140,1.2285714285714286,0.042218607343789044,655,"With all due respect, methinks the lady doth protest too much."
3066,3603,3,26,111,140,1.2285714285714286,0.03970970863921596,655,This debate is out of this world!
1423,3603,6,20,114,140,1.2285714285714286,0.04341872555669784,655,My opponent needs to accept that our momentum is irreversible and her time is done.
1285,3603,3,26,111,140,1.2285714285714286,0.03970970863921596,655,We'll just let it speak for itself.
665,3603,5,22,113,140,1.2285714285714286,0.042218607343789044,655,"You and me against the world,"".."
561,3603,2,28,110,140,1.2285714285714286,0.038393828114589135,655,"You’re like my Ma. You complain about the heat and too cheap to turn on the A/C.  So you blame me, always me."
1583,3603,6,20,114,140,1.2285714285714286,0.04341872555669784,655,Your personal problems are not our's
799,3613,2,33,127,162,1.228395061728395,0.03532652615958942,655,"I'd like to introduce the Earth, who has had enough bull caca about climate not being a very serious thing."
1237,3614,4,21,102,127,1.2283464566929134,0.04357045729792666,655,It was then that he remembered both his fear of public speaking AND his xenophobia.
4454,3615,6,22,121,149,1.2281879194630871,0.041643200154331726,655,"Hold on there, Buddy, you think you're the whole world?"
4166,3615,5,24,120,149,1.2281879194630871,0.04053962749614911,655,Yes we know it’s our fault you’er warming up but you didn’t need to crush Antarctica just to prove your point !
3545,3615,5,24,120,149,1.2281879194630871,0.04053962749614911,655,Don't be so roundabout
2986,3615,3,28,118,149,1.2281879194630871,0.0382370494990411,655,"This is your last global warning, only one person can speak at a time."
2525,3615,4,26,119,149,1.2281879194630871,0.039405160524470954,655,"Will our next mystery guest enter and sign in, please"
869,3615,7,20,122,149,1.2281879194630871,0.042718272912899216,655,Nothing to worry about.  It's really flat.
733,3615,3,28,118,149,1.2281879194630871,0.0382370494990411,655,My opponent seems to thing getting all hot and bothered is going to sway the voters!  Not on my watch!
2291,3615,6,22,121,149,1.2281879194630871,0.041643200154331726,655,Some people would say I’m the biggest. They would say I’m bigger and better than the entire world.
1624,3623,5,16,93,114,1.2280701754385965,0.04831437140849907,655,My constituents say otherwise!
1174,3624,5,21,110,136,1.2279411764705883,0.042991248748113955,655,This is what it will look like with no Starbuck’s
1640,3624,7,17,112,136,1.2279411764705883,0.045454509046622495,655,I represent something bigger than you!
2422,3624,2,27,107,136,1.2279411764705883,0.03900576987192144,655,"Not all at once, please."
3892,3627,5,23,117,145,1.2275862068965517,0.041227371113703344,655,Let's reflect on my opponent's claim to the consensus view...
2577,3627,5,23,117,145,1.2275862068965517,0.041227371113703344,655,"We're abandoning all of this, in favor of an intelligent planet."
2235,3627,4,25,116,145,1.2275862068965517,0.040048853770538725,655,And what proof do you have that climate change is real?
2144,3627,6,21,118,145,1.2275862068965517,0.042373123198084506,655,I always knew you were round...
1041,3627,3,27,115,145,1.2275862068965517,0.03883458829086472,655,"It’s not your turn yet, Mr.Global Warming, we need to discuss some wall issue first!"
1005,3627,5,23,117,145,1.2275862068965517,0.041227371113703344,655,I agree that the major problem of our time is global shrinking.
3344,3633,6,26,135,167,1.2275449101796407,0.03862271254630513,655,And now the planet has a few things to say on the subject of mercy.
4311,3634,2,31,121,154,1.2272727272727273,0.036298855802630946,655,So moved.
1676,3634,3,24,105,132,1.2272727272727273,0.04108029562070666,655,"Wait, you can't just roll all over Bernie"
5258,3634,5,20,107,132,1.2272727272727273,0.04380538243518159,655,Stop complaining!
111,3634,4,22,106,132,1.2272727272727273,0.042464704276476285,655,What are your thoughts on climate change?
261,3634,3,24,105,132,1.2272727272727273,0.04108029562070666,655,"I know you're out there somewhere, you bum."
4274,3639,3,26,112,141,1.2269503546099292,0.03946038543741578,655,It will take 12 hrs for us to hear the voice of the other side of the world. We can't wait that long.
39,3639,6,20,115,141,1.2269503546099292,0.04314015978934907,655,Global opinion seems to be against my opponent.
2084,3639,4,24,113,141,1.2269503546099292,0.040723938187055705,655,"We've already seen Pangea, you don't need to do the trick again"
2172,3639,6,20,115,141,1.2269503546099292,0.04314015978934907,655,"Changing! not warming.  And, nobody likes a smartass, sir."
3122,3639,4,24,113,141,1.2269503546099292,0.040723938187055705,655,I'll give you the last word.
3251,3639,3,26,112,141,1.2269503546099292,0.03946038543741578,655,Her ego is out of control.
4037,3639,4,24,113,141,1.2269503546099292,0.040723938187055705,655,You? Round? A Socialist Hoax!
4162,3646,7,20,123,150,1.2266666666666666,0.04245978928573964,655,My opponent is obviously overly- awed by my power point
4253,3646,3,28,119,150,1.2266666666666666,0.03801173334297594,655,Let's stop before this gets too heated.
1555,3646,5,24,121,150,1.2266666666666666,0.040297180905907795,655,And let's not forget all those offshore deposits.
3848,3646,7,20,123,150,1.2266666666666666,0.04245978928573964,655,"While I am poised and composed, note my opponent’s nervousness exhibited by sweating and spinning!"
1712,3650,7,15,106,128,1.2265625,0.047339195991441825,655,"Now, I'm sure I'm going to be called a bigot for calling you a ""globalist"""
3975,3650,5,19,104,128,1.2265625,0.04466471185388032,655,"W O A H , stop  STOP ! .. Madame Speaker , are you OK ?"
3361,3652,3,25,109,137,1.2262773722627738,0.04011669957234548,655,Your argument goes round in circles. Like your shape!
5032,3652,3,25,109,137,1.2262773722627738,0.04011669957234548,655,"See, it's really not a small world after all."
1865,3654,6,26,136,168,1.2261904761904763,0.03841601120320939,655,I am uncategorically opposed to globalism!
4154,3655,6,21,119,146,1.226027397260274,0.04211075657243671,655,I can tell that you are hot and bothered with me!
3865,3655,7,19,120,146,1.226027397260274,0.043217926030671365,655,"Furthermore, we are much more important than you - we can think."
2749,3655,7,19,120,146,1.226027397260274,0.043217926030671365,655,THERE IS  NO  SUCH  THING  AS  GLOBAL WARMING!
2664,3655,5,23,118,146,1.226027397260274,0.0409736806720297,655,I believe the opposition has a distinct advantage.
2073,3655,5,23,118,146,1.226027397260274,0.0409736806720297,655,"The point is, it's just you and me against the world!"
1111,3655,5,23,118,146,1.226027397260274,0.0409736806720297,655,Why should Florida be the center of the world?
910,3655,4,25,117,146,1.226027397260274,0.039804135419876915,655,God has asked the earth to speak in her stead.
1278,3655,4,25,117,146,1.226027397260274,0.039804135419876915,655,Just look at my opponent's miserable record.  Nothing is certain except death and taxes.
117,3663,4,27,124,155,1.2258064516129032,0.038344880730526554,655,Has the globe warmed up enough to respond?
777,3663,8,19,128,155,1.2258064516129032,0.0424909237424159,655,"No, that’s not Israel"
1839,3663,4,27,124,155,1.2258064516129032,0.038344880730526554,655,"It was a well-rounded argument, but the rebuttal was out of this world."
4108,3663,4,27,124,155,1.2258064516129032,0.038344880730526554,655,How can you sit there and deny global shrinking?
4721,3663,5,25,125,155,1.2258064516129032,0.039422291394586396,655,I present to you the United United States of America!
5212,3668,4,22,107,133,1.2255639097744362,0.04217884076757722,655,"You may not be flat, but certainly flat wrong."
3199,3668,6,18,109,133,1.2255639097744362,0.044798403337642796,655,"OK, Global Warming! You don't have to be so inflated about it!"
1200,3668,8,14,111,133,1.2255639097744362,0.047273029040961784,655,"And now, supporting this evening's resolution, ""Climate Change is Real"", a last minute added  speaker . . ."
1522,3668,5,20,108,133,1.2255639097744362,0.043508341442180715,655,"Let me just stop you right there, Earth."
805,3668,3,24,106,133,1.2255639097744362,0.04080604663458454,655,"I will not be intimidated by my opponent's outmoded reliance on 
size."
292,3673,4,24,114,142,1.2253521126760563,0.040467705902055257,655,"...In conclusion, while my opponent flatly denies it, all her arguments are nothing but hot air."
870,3673,5,22,115,142,1.2253521126760563,0.041683633980763767,655,We all heard what the World is saying but let me put it this way?
1079,3673,6,20,116,142,1.2253521126760563,0.04286508442438123,655,"Nevertheless, she persists!

Margaret Olnek, Superior, Colorado"
2278,3673,2,28,112,142,1.2253521126760563,0.03791905825889068,655,You try convincing the world!
2283,3673,6,20,116,142,1.2253521126760563,0.04286508442438123,655,"And I am going to call it ""Trump World""."
3018,3673,5,22,115,142,1.2253521126760563,0.041683633980763767,655,My opponent continues to shrug his responsibilities.
4532,3673,4,24,114,142,1.2253521126760563,0.040467705902055257,655,Don’t you dare use that condescending tone with me!
1753,3680,5,24,122,151,1.2251655629139073,0.04005755840075498,655,I am not getting hot under the collar.
29,3680,7,20,124,151,1.2251655629139073,0.042204365017507364,655,My speaking prop is brought to you by Costco
1058,3680,6,22,123,151,1.2251655629139073,0.04114496574042136,655,My opponent continues to attack my record protecting endangered sea turtles. To that I have one response: Dinosaurs.
1732,3683,5,17,98,120,1.225,0.046536182122071425,655,"And on your right, discussing global warming, is The World!"
2684,3683,4,28,128,160,1.225,0.03756545649945677,655,Need I state the obvious?  3/4 of the World’s population has a different view.
3096,3683,6,24,130,160,1.225,0.03960298254443843,655,If you can’t take the climate change get out of the kitchen
3323,3683,8,20,132,160,1.225,0.04154069006188523,655,Make America not so great this time!
1304,3687,3,23,103,129,1.2248062015503876,0.04153123835607915,655,"As you can see, I'm more concerned about Global Shrinking !"
2074,3687,3,23,103,129,1.2248062015503876,0.04153123835607915,655,"We're citizens of the United States, not the world."
3792,3689,4,23,111,138,1.2246376811594204,0.04116431448799274,655,Here to present the American perspective is.....America
4783,3689,6,19,113,138,1.2246376811594204,0.043658605484604755,655,I STILL say you're wrong!
1982,3689,6,19,113,138,1.2246376811594204,0.043658605484604755,655,"Remember, this is not a debate it’s an intervention."
316,3689,2,27,109,138,1.2246376811594204,0.03850880083399608,655,"Thank you for that uplifting speech, Atlas!"
2586,3689,6,19,113,138,1.2246376811594204,0.043658605484604755,655,"You all know her as the late, the great, the soon-to-be-retired ..."
2005,3694,5,23,119,147,1.2244897959183674,0.04072303194797712,655,I stand by my flat Earth comments. You call those Grand Tetons?
1915,3695,6,23,127,156,1.2243589743589745,0.040236807247372344,655,I matter as much as you!
3829,3695,3,29,124,156,1.2243589743589745,0.0370251495560223,655,When they said Mother Earth was going to speak today I definitely didn’t expect this.
2479,3697,6,25,134,165,1.2242424242424241,0.03878372113711275,655,As anyone can plainly see the truth rolls right off of you.
1622,3698,8,23,143,174,1.2241379310344827,0.03920113702304116,655,South America couldn't move to Canada so it is moving to Africa.
182,3699,5,18,102,125,1.224,0.045243427610377675,655,"The earth, like a coin, has two sides."
290,3699,5,18,102,125,1.224,0.045243427610377675,655,I'll get to global warming in a minute.
2764,3699,3,22,100,125,1.224,0.04229542795393436,655,I still say the earth is flat
25,3702,5,20,109,134,1.2238805970149254,0.043215228185430825,655,"The skeletons in my opponent's record, you just wouldn't believe!"
4975,3702,6,18,110,134,1.2238805970149254,0.044494682803149666,655,"I wish to welcome you to the first Democratic Presidential debate.  Uncertain that our venue would accommodate the current
candidates plus those undecided, we have opted for an alternative  format..."
2760,3704,5,22,116,143,1.2237762237762237,0.04142110227812435,655,Have you spun off your axis completely with that crazy global warming theory?
2476,3704,6,20,117,143,1.2237762237762237,0.04259343576391054,655,Ladies and gentlemen - your oyster
5037,3704,3,26,114,143,1.2237762237762237,0.03897077881510412,655,Don't be fooled.  My opponent will tell you fake stories about global warming.
4080,3707,9,16,127,152,1.2236842105263157,0.04398002535160598,655,"Planet Earth, we welcome you to Jupiter"
4707,3707,7,20,125,152,1.2236842105263157,0.041951947254526244,655,"As usual earth refuses to go on the record"""
3781,3707,7,20,125,152,1.2236842105263157,0.041951947254526244,655,Let's talk climate change
1849,3707,4,26,122,152,1.2236842105263157,0.03871111921947651,655,"I know you think you’re the world’s greatest debater, but I disagree."
2395,3707,4,26,122,152,1.2236842105263157,0.03871111921947651,655,I'm more important than you are. And I have the rigorous poll data to prove it!
13,3707,5,24,123,152,1.2236842105263157,0.03982071228601015,655,"It's just a fever, not the apocalypse."
5023,3713,7,22,132,161,1.2236024844720497,0.04035474996430925,655,"The fact is, let's say it, is Mr Atlas is too old
































Hold him up! Hold him up!"
4242,3714,7,24,139,170,1.223529411764706,0.03891402714932127,655,"The big picture from here, you can't see change."
3263,3715,5,17,99,121,1.2231404958677685,0.04618743002437898,655,No Collusion!
2035,3716,5,19,106,130,1.2230769230769232,0.0440433794609952,655,I knew you would drag climate change victimhood into the debate!
3309,3716,6,17,107,130,1.2230769230769232,0.04537708517216677,655,Welcome to the Flat Earth Society. I am sorry to say that our next speaker was sucked up by an unknown gravitational force.
4782,3716,4,21,105,130,1.2230769230769232,0.04266800546039562,655,You have been nothing but a drama queen.
4831,3719,4,23,112,139,1.223021582733813,0.04089903733703297,655,So who says my opinion isn’t as good as your 7.6 billion?
4066,3719,5,21,113,139,1.223021582733813,0.04215442645382961,655,"Donald,Donald put it down!"
3731,3719,6,19,114,139,1.223021582733813,0.04337349518088946,655,It all started out as nothing
1025,3719,7,17,115,139,1.223021582733813,0.04455922462029556,655,I will never believe that you are round nor warming.
1810,3719,6,19,114,139,1.223021582733813,0.04337349518088946,655,I must have ten billion dollars to build MY spherical wall.
1046,3719,2,27,110,139,1.223021582733813,0.03826489809192483,655,And I suppose that is meant to be your version of the Great Lakes?
2707,3719,1,29,109,139,1.223021582733813,0.03687733736904116,655,"Hold on, you'll get your chance to talk."
4043,3726,7,19,122,148,1.222972972972973,0.042686216361804814,655,"Your voice may be big, but your audience is small."
2292,3726,8,17,123,148,1.222972972972973,0.04374976263528806,655,I've already told you...GLOBAL WARMING IS FAKE NEWS
754,3726,4,25,119,148,1.222972972972973,0.039323365537744966,655,"Fake, fake, fake news!"
1069,3726,4,25,119,148,1.222972972972973,0.039323365537744966,655,"Look, don't get me wrong, you've done good by us so far; we just need to give those business and agriculture lobbyists the voice they deserve."
2195,3726,5,23,120,148,1.222972972972973,0.04047537202512589,655,It looks like we’re in a world of trouble.
784,3731,5,25,127,157,1.2229299363057324,0.038971262202996855,655,What in the World do you mean by that!?
1501,3731,4,27,126,157,1.2229299363057324,0.037909101286717733,655,you had your time to speak!
2148,3731,5,25,127,157,1.2229299363057324,0.038971262202996855,655,"What's that, Mother, you say all the other countries are behind you?"
2407,3731,7,21,129,157,1.2229299363057324,0.04101314316595286,655,What in the world makes you an expert on if global warming exists or not?
3577,3735,4,29,133,166,1.2228915662650603,0.03663114149871422,655,I agree with my opponent's world view
767,3736,10,19,146,175,1.2228571428571429,0.040646892051553245,655,You’re no Jack Kennedy
1971,3737,5,22,117,144,1.2222222222222223,0.04116179491907547,655,This is the new plan with no borders to worry about.
3327,3737,3,28,122,153,1.2222222222222223,0.0373510368037021,655,"I'm four times the size of Baja California, so don't give me your crap that i'm just a small human."""
3187,3737,5,24,124,153,1.2222222222222223,0.03958659589207586,655,"Our next guest didn't believe in ""extra terrestrial life"" until we came along."
2579,3737,7,20,126,153,1.2222222222222223,0.04170248431848545,655,And now let's hear the other side of this heating debate.
1499,3737,6,20,118,144,1.2222222222222223,0.0423251516014429,655,Wait a minute! I have to talk about why there is no such thing as climate change.
3632,3737,4,24,116,144,1.2222222222222223,0.03996458762248061,655,...and that is why you are wrong about global warming!
1253,3737,4,22,109,135,1.2222222222222223,0.04161826929421157,655,"Ok, ok, I'm attracted to you - everyone is. But what's that go to do with this argument?"
971,3737,6,18,111,135,1.2222222222222223,0.04419498815558842,655,We refuse to be intimidated by your climate extortion rhetoric!
621,3737,5,26,131,162,1.2222222222222223,0.03816992907943363,655,You just stop right there!
99,3737,3,28,122,153,1.2222222222222223,0.0373510368037021,655,My opponent has flip-flopped on the environment.
1290,3737,7,12,98,117,1.2222222222222223,0.050214850962274515,655,"and now, lets hear the silent majority!"
4899,3737,5,20,110,135,1.2222222222222223,0.042925967182569774,655,Just because you’re bigger than me doesn’t mean you’re right.
830,3749,5,27,135,167,1.221556886227545,0.03741252221859647,655,"Those polar ice caps were not worth anything
 anyway"
4161,3750,6,23,129,158,1.2215189873417722,0.03977626061828339,655,"To answer your question, no, I never smoked pot in college"
479,3751,5,23,121,149,1.221476510067114,0.04023064916031539,655,One at a time please.
1846,3751,8,17,124,149,1.221476510067114,0.04348090726470642,655,And our next speaker speaks to us from down-under
4617,3753,5,21,114,140,1.2214285714285715,0.04188254651100343,655,"What in the World are you saying? 
Everyone knows you're round, not flat"""
4510,3753,3,25,112,140,1.2214285714285715,0.03935222809967372,655,And now let's hear from Mr. Atlas...Mr. Atlas is speaking for the motion
3923,3753,5,21,114,140,1.2214285714285715,0.04188254651100343,655,First to the rostrum will be South Pacific. Then we'll hear from the other side at the anti-podium.
4518,3753,6,19,115,140,1.2214285714285715,0.043092025076168945,655,"Using this life-sized model of the earth,I shall now explain to you why climate change is no big deal."
3179,3753,2,27,111,140,1.2214285714285715,0.03802397840166047,655,"My opponent may think global, but I'm not buying the local act."
1625,3753,6,19,115,140,1.2214285714285715,0.043092025076168945,655,Here's to our next world-class candidate for 2020.
3321,3753,5,21,114,140,1.2214285714285715,0.04188254651100343,655,The gravity of it’s performance is captivatingd
146,3760,2,25,104,131,1.2213740458015268,0.03950675977134783,655,"Even if I am the only one, I will speak my truth!"
164,3760,6,17,108,131,1.2213740458015268,0.04506155030639969,655,My opponent would hope to distract you with her earthy comments.
5200,3762,6,15,101,122,1.221311475409836,0.04729836385263293,655,My opponent’s carbon-tax proposal is ludicrous.
1247,3763,4,26,124,154,1.2207792207792207,0.03826155328951963,655,"While I completely agree that climate change is an urgent matter, we first need to decide which automotive industries will receive the biggest tax breaks."
1968,3763,5,24,125,154,1.2207792207792207,0.039355163548769105,655,"As the previous speaker was saying, it's clear that global roaming is the greatest existential threat we face today."
4090,3763,5,24,125,154,1.2207792207792207,0.039355163548769105,655,"Let's not be irrational—OK, sweetheart? You're just having a hot flash."
5127,3766,4,24,117,145,1.2206896551724138,0.039717592053266644,655,I yield the balance of my lifetime to the gentleman from Pangea.
4863,3766,7,18,120,145,1.2206896551724138,0.04318383309004413,655,The condition of our planet is debatable?
1298,3766,8,16,121,145,1.2206896551724138,0.0442789891592143,655,"As anyone can see, my opponent cannot speak for the other 5 billion people on earth."
2405,3766,5,22,118,145,1.2206896551724138,0.04090565436614768,655,"Welcome, just to set the record straight,round or flat??"
3709,3766,5,22,118,145,1.2206896551724138,0.04090565436614768,655,Still flat?
2063,3771,4,20,103,127,1.220472440944882,0.043173374153718636,655,now whats your opinion on global warming
267,3772,5,16,97,118,1.2203389830508475,0.04682532355183029,655,‘Someone tell me how this is possible.’
496,3773,6,25,137,168,1.2202380952380953,0.038158340772292305,655,My opponent has no earthly idea!
1855,3774,5,25,129,159,1.220125786163522,0.038530236867996566,655,"The debate is over.
Time to chill!"
2462,3775,4,25,121,150,1.22,0.038853824609694415,655,It seems that  that Atlas shrugged our debate
4789,3776,7,17,117,141,1.2198581560283688,0.04398143499559284,655,"Don't let this hologram fool you, the Earth is flat!"
1449,3776,5,21,115,141,1.2198581560283688,0.04161408870904326,655,Don't think you can just roll over me here...!
1677,3776,5,21,115,141,1.2198581560283688,0.04161408870904326,655,It appears Professor Higgins will be receiving his award posthumously.
2244,3776,5,21,115,141,1.2198581560283688,0.04161408870904326,655,You stand there and tell how climate change has affected you!
3030,3776,6,19,116,141,1.2198581560283688,0.04281412736092889,655,Flat-Earther Debate
3874,3776,6,19,116,141,1.2198581560283688,0.04281412736092889,655,You don't have to be silent - It's not Spring.
3952,3776,7,17,117,141,1.2198581560283688,0.04398143499559284,655,and here on my left is the manifestation of donalds trumps ego.
2131,3783,5,19,108,132,1.2196969696969697,0.0434388037525702,655,"So, what’s the big deal?  We all know the Earth has climate..."
2613,3783,4,21,107,132,1.2196969696969697,0.04208644972494561,655,"Furthermore, my worldview is superior to that of my opponent."
1049,3783,4,21,107,132,1.2196969696969697,0.04208644972494561,655,"Clearly, my opponent has no grasp of detail."
1052,3783,5,19,108,132,1.2196969696969697,0.0434388037525702,655,The climate change debate just got serious.
1949,3787,3,21,99,123,1.2195121951219512,0.042475362108238664,655,I'll let you speak in a moment. Though you probably won't have a point.
3879,3788,4,26,125,155,1.2193548387096773,0.03804057955214688,655,That’s how I roll.
4559,3788,8,18,129,155,1.2193548387096773,0.04221651827079907,655,Please tell us what proof you have of climate change!
2825,3788,8,18,129,155,1.2193548387096773,0.04221651827079907,655,"okay, okay your getting a little heated tom."
3715,3788,3,28,124,155,1.2193548387096773,0.03692287247901823,655,Stop acting like my mother!
1643,3788,5,24,126,155,1.2193548387096773,0.03912637056033424,655,And now we hear from our heavyweight speaker on the topic of global warming
1151,3788,5,24,126,155,1.2193548387096773,0.03912637056033424,655,I staunchly defend pineapple on pizza.
756,3788,7,20,128,155,1.2193548387096773,0.041212221905004565,655,"Please, one at a time."
2348,3788,7,20,128,155,1.2193548387096773,0.041212221905004565,655,"And for our Global Warming segment, let me introduce our next speaker, North America."
882,3796,4,24,118,146,1.2191780821917808,0.03947356784993175,655,"So you don't care about global warming? Well, how does global rolling grab you?"
1987,3796,5,22,119,146,1.2191780821917808,0.04065262439366893,655,This World Debate is NOT fair and balanced!!!
2157,3796,2,28,116,146,1.2191780821917808,0.03700291794202241,655,And now we will hear from the representative from Fiji.
2741,3796,3,26,117,146,1.2191780821917808,0.03825819190073683,655,Got the message but you're going to have to simplify.
3004,3796,4,24,118,146,1.2191780821917808,0.03947356784993175,655,You don't look so warm to me!
5097,3796,4,24,118,146,1.2191780821917808,0.03947356784993175,655,"If you don't believe it's flat, I'm going to turn this  over and you will see for yourself!"
4297,3802,3,24,110,137,1.218978102189781,0.03974387794042468,655,It's a small world yet there is an ocean between me and my opponent.
1876,3802,6,18,113,137,1.218978102189781,0.04360736697635734,655,"Coming soon to a theatre near you: ""Honey, I Shrunk the Climate Change Deniers!"""
3010,3802,3,24,110,137,1.218978102189781,0.03974387794042468,655,"And if it's global warming, why is it so cold in here?"""
3025,3805,4,20,104,128,1.21875,0.042869371029220206,655,We can’t shrug this off!
1589,3806,5,23,123,151,1.218543046357616,0.03974981331690023,655,Your hot flashes are not germane to this campaign.
1657,3806,7,19,125,151,1.218543046357616,0.04191238600019715,655,"Liar!  That's not what I mean by ""Make America Great Again"""
2409,3806,2,29,120,151,1.218543046357616,0.036264955487036836,655,"And now our keynote speaker, Mother Earth, will share with us her perspective on global warming."
4570,3809,5,28,141,174,1.2183908045977012,0.03631648978421153,655,"My worthy opponent has decided that we need to play, 'Where is Waldo?'"
5098,3810,8,15,119,142,1.2183098591549295,0.04482643603951862,655,Now I know how Indiana Jones felt!
4196,3810,6,19,117,142,1.2183098591549295,0.04253973585097774,655,Just shrug it off.
3561,3810,4,23,115,142,1.2183098591549295,0.040122922183421145,655,Global warning.
341,3810,4,23,115,142,1.2183098591549295,0.040122922183421145,655,The flat Earth debate continues...
2257,3810,4,23,115,142,1.2183098591549295,0.040122922183421145,655,"I don’t care about your so-called evidence.  I’m a very smart person, and I say global warning is a Chinese scam"
149,3810,4,23,115,142,1.2183098591549295,0.040122922183421145,655,Give me one proof that you're not flat.
3153,3810,6,19,117,142,1.2183098591549295,0.04253973585097774,655,He's just a bunch of hot air
2373,3817,7,22,136,165,1.2181818181818183,0.03946494255056486,655,"To the best of my knowledge, this globe is actual size."
1042,3818,3,23,107,133,1.218045112781955,0.04041585193137699,655,"Yes, I love my country. I’m a proud nationalist. Unlike my opponent, Lil’ Globey! Isn’t that right, Globey?"
2533,3818,4,21,108,133,1.218045112781955,0.04180146234154655,655,"Wait, before you start, don't say anything that will get us heated up."
2923,3818,5,19,109,133,1.218045112781955,0.043142594039353735,655,So you agree that humans should not be vaccinated.
2943,3818,5,19,109,133,1.218045112781955,0.043142594039353735,655,Hold on there big fellah. I paid for this microphone.
4623,3822,5,24,127,156,1.2179487179487178,0.03890017318112145,655,"Hemispheres of the world, unite!"
2897,3822,8,18,130,156,1.2179487179487178,0.041968588626943575,655,The next speaker will address the possibility of life on the other side.
1390,3822,5,24,127,156,1.2179487179487178,0.03890017318112145,655,Can't you think about anyone else except yourself?
2066,3822,3,28,125,156,1.2179487179487178,0.0367123617007086,655,"Earth, you're looking extra hot today"
2680,3822,3,28,125,156,1.2179487179487178,0.0367123617007086,655,If I could finish…
279,3827,2,23,99,124,1.217741935483871,0.0405839939544974,655,You're full of hot air!
1872,3827,6,15,103,124,1.217741935483871,0.04660023540224536,655,"Before we begin, could you state your name and why you're running for president?"
2661,3827,3,21,100,124,1.217741935483871,0.042168600982961026,655,Next debater: global warming; fact or fake news?
4092,3830,5,22,120,147,1.217687074829932,0.04040265005263695,655,Hell hath no Fury like Climate Change scorned!
2093,3830,5,22,120,147,1.217687074829932,0.04040265005263695,655,"Yes, well, we’ve heard all about your perspective, but what about the blinkered, local view?"
2242,3830,7,18,122,147,1.217687074829932,0.04264680587695813,655,Does this outfit make me look fat?
713,3830,4,24,119,147,1.217687074829932,0.03923246323085375,655,Klaatu Burada Nikto
962,3830,7,18,122,147,1.217687074829932,0.04264680587695813,655,"Hang on, up there! Mr. Atlas is still in traffic."
590,3835,1,28,109,138,1.2173913043478262,0.03671005737060393,655,All your comments are one-sided!
1221,3835,6,18,114,138,1.2173913043478262,0.043319290462079475,655,"Yes, that was pitch perfect but it's not that kind of flat we're debating."
2935,3835,4,22,112,138,1.2173913043478262,0.040804263019248596,655,"And now, Atlas!"
3920,3835,5,20,113,138,1.2173913043478262,0.042080570378038064,655,"You're missing the point!"""
1455,3839,5,23,124,152,1.2171052631578947,0.03951360244884129,655,My opponents self-serving proposals are not sustainable.
1210,3839,7,19,126,152,1.2171052631578947,0.041660551244149774,655,"As can be seen here, the Affirmative side of the Flat Earth debate is struggling in his rebuttal."
5176,3839,6,21,125,152,1.2171052631578947,0.04060127035236401,655,"I’m surprised you got through the door Larry, looks like you packed on a few extra...pounds."
59,3839,5,23,124,152,1.2171052631578947,0.03951360244884129,655,Can I get my oponent’s mic raised a little? I feel like I’m talking to the Earth’s vagina.
249,3839,4,25,123,152,1.2171052631578947,0.03839513514423931,655,"I don't want to be the lone desenter, but..."
2355,3839,3,27,122,152,1.2171052631578947,0.037243093681966384,655,Do not argue with a Homo sapien!
600,3845,5,18,106,129,1.2170542635658914,0.04396919110286211,655,"I think you have a pimple on your backside. Oh wait, that's just New Zealand. Never mind."
2559,3845,6,16,107,129,1.2170542635658914,0.04532564171909496,655,"All right then, I'll concede the Americas..."
3285,3847,3,30,133,166,1.216867469879518,0.03533223686413296,655,I know I speak for everyone here when I say we're all very tired of your speaking so elliptically.
3288,3847,6,24,136,166,1.216867469879518,0.03830698385681843,655,I firmly disagree with my worldly opponent.
637,3849,6,19,118,143,1.2167832167832169,0.04226878594107649,655,"Stop! You don't have standing! We've already heard what you have to say, and no one believes you"
2888,3849,3,25,115,143,1.2167832167832169,0.03861568458818178,655,Your stale arguments are hardly you-shattering.
4501,3849,5,21,117,143,1.2167832167832169,0.041087190323664265,655,And my opponent would have you believe the world is round.  Just more FAKE NEWS.
4578,3852,6,14,100,120,1.2166666666666666,0.047608542258559663,655,My base believes me not you!
3360,3853,6,22,129,157,1.21656050955414,0.039718171927335184,655,"You might think this is a big soap bubble, and it is."
1617,3853,6,22,129,157,1.21656050955414,0.039718171927335184,655,"Actually, you're flat."
576,3853,5,24,128,157,1.21656050955414,0.0386765285919154,655,Polls are meaningless!
915,3856,7,15,112,134,1.2164179104477613,0.04539375022610612,655,If you’re warming at such an alarming rate how do you explain your presence on this stage?
1202,3856,3,23,108,134,1.2164179104477613,0.04014609765660815,655,You feel cool from here!!
2032,3856,5,19,110,134,1.2164179104477613,0.04285033090096287,655,That was before the Suez Canal
3934,3856,2,25,107,134,1.2164179104477613,0.038723226962894895,655,Don’t let my opponent’s flat earth denial fool you.
1433,3860,8,21,142,171,1.2163742690058479,0.03934191718914791,655,Earth as seen by the Republican National Committee!
783,3861,3,26,119,148,1.2162162162162162,0.03779710464758923,655,Populism will always trump globalism!
1943,3861,3,26,119,148,1.2162162162162162,0.03779710464758923,655,You just think you're putting your best face forward.
2447,3861,6,20,122,148,1.2162162162162162,0.04128446572032289,655,Sorry folks Jimmy got a little carried away with the paper mache model.
4522,3864,3,24,112,139,1.2158273381294964,0.0392328025530814,655,My opponent has an inflated view of himself if he pretends he's a globalist at heart!
2995,3864,4,22,113,139,1.2158273381294964,0.04053982252951266,655,"Atlas, up from out of in under there!"
4413,3866,6,21,126,153,1.2156862745098038,0.04035998197528621,655,The Earth would like to end the climate crisis conference with a closing statement. Can I get a Mike?
4534,3866,4,25,124,153,1.2156862745098038,0.03816974614841471,655,And don’t get me started on the problems happening in your district.
4785,3868,4,20,106,130,1.2153846153846153,0.04227379788275202,655,"Yes, I know my opponent is worldly."
5081,3868,6,16,108,130,1.2153846153846153,0.04500661236069091,655,"You, madam have been around too long to appreciate modern ideas."
500,3870,4,23,117,144,1.2152777777777777,0.03962135573486219,655,And now for the cosmology report.
4725,3870,3,25,116,144,1.2152777777777777,0.038376121913807286,655,What you’ve always been lacking is proper representation
1350,3872,7,20,131,158,1.2151898734177216,0.04049776173203979,655,Let me finish Mother Earth!
5277,3872,6,22,130,158,1.2151898734177216,0.03948978412477864,655,"Despite his spotty voting record, my opponent would like you to believe he carries the weight of the world on his shoulders."
4911,3874,5,19,111,135,1.2148148148148148,0.04256193767901411,655,You have no standing in this court!
4651,3874,5,19,111,135,1.2148148148148148,0.04256193767901411,655,You don't scare me - there is no such thing as global warming.
361,3874,1,27,107,135,1.2148148148148148,0.037003854676751005,655,"Well, I think you suck too!"
2863,3874,8,13,114,135,1.2148148148148148,0.046294637891800286,655,My opponent has lost focus on our district's concerns.
3233,3874,6,17,112,135,1.2148148148148148,0.04384149699207161,655,How would you know about global warming anyway?
4387,3879,6,20,123,149,1.2147651006711409,0.04103212032487422,655,I know a side effect of global warning is hot air but please wait your turn
4415,3879,6,20,123,149,1.2147651006711409,0.04103212032487422,655,STOP!!!We have addressed global warming.
1132,3881,4,22,114,140,1.2142857142857142,0.04027872352660409,655,I challenge my opponent to release their measurements to the public so we all may know whether they are flat or round.
1305,3881,7,16,117,140,1.2142857142857142,0.043939735293797945,655,I can't handle the truth! My existence is grotesque and incomprehensible.
1928,3881,5,20,115,140,1.2142857142857142,0.04153493098406951,655,Your argument about being a big shot doesn't hold water -- look around you -- there 's the Pacific and Atlantic oceans!
2535,3881,6,15,105,126,1.2142857142857142,0.04592214648091884,655,And I say... you're not global enough!
4084,3881,5,23,126,154,1.2142857142857142,0.03904935806371853,655,"Sorry, but there's not point in debating the issue of global warming. The President has spoken."
4287,3881,4,22,114,140,1.2142857142857142,0.04027872352660409,655,I was told this was going to be a Town Hall meeting.
5093,3881,3,24,113,140,1.2142857142857142,0.038982055435979795,655,Whoa - slow your roll.
289,3888,5,24,130,159,1.2138364779874213,0.03823673100123131,655,How about you let me answer this one?
5046,3888,8,18,133,159,1.2138364779874213,0.04124175172516981,655,"Alas, let’s let the globe have a word about it’s own issues."
678,3890,4,23,118,145,1.2137931034482758,0.039375156627495723,655,"It seems that my opponent, Atlas, is too scared to show up to this debate."
2176,3890,4,23,118,145,1.2137931034482758,0.039375156627495723,655,The world is too much with us!
2839,3890,3,25,117,145,1.2137931034482758,0.038139448328820824,655,As moderator I would help if you could keep your comments to 25 words or less. You have a lot of people with you
1549,3893,7,14,110,131,1.213740458015267,0.045987097156144255,655,NO! I'm tired of debating climate change with you!
2781,3893,4,20,107,131,1.213740458015267,0.04198206365294289,655,Stop right there! I get the message.
952,3893,3,22,106,131,1.213740458015267,0.040559263509874634,655,Quit the dramatics and stop whining!
1067,3893,4,20,107,131,1.213740458015267,0.04198206365294289,655,"OK, we get it!"
2666,3897,7,18,125,150,1.2133333333333334,0.041865521009132864,655,I flatly disagree with how you've rounded your climate figures.
426,3898,6,17,113,136,1.213235294117647,0.04354659467724323,655,"Please, let me finish."
437,3898,4,21,111,136,1.213235294117647,0.040968780604709626,655,I feel the earth moving over my feet.
584,3898,1,27,108,136,1.213235294117647,0.03676470588235294,655,"Quit repeating that fake news.  No, it's not hot in here."
646,3898,2,25,109,136,1.213235294117647,0.038217483701698036,655,Can someone move this thing... it's getting warm in here.
968,3898,5,19,112,136,1.213235294117647,0.04227733962905507,655,"And in conclusion, let me just say, ""you don't look warm to me""."
1228,3898,1,27,108,136,1.213235294117647,0.03676470588235294,655,Globalisation is round the corner.
1719,3898,5,19,112,136,1.213235294117647,0.04227733962905507,655,Recent Connection between North and South America Reaffirmed
3665,3905,7,19,129,155,1.2129032258064516,0.040922640265713704,655,"wait if youre here,,,, then I'm... oh no! not again!"
4031,3906,4,22,115,141,1.2127659574468086,0.040020904666992804,655,"I will not be bullied, Mother Earth!"
4190,3906,4,22,115,141,1.2127659574468086,0.040020904666992804,655,Please state your opinions on how we’re doing.
4377,3908,6,25,143,174,1.2126436781609196,0.03696521263729962,655,“My opponent here is a one-worlder!”
23,3909,7,13,107,127,1.2125984251968505,0.04694107715412767,655,"Ms.Earth,do you believe in Climate Change."
2103,3909,1,25,101,127,1.2125984251968505,0.03812556180140144,655,"By way of introduction, I'd say that our next speaker has truly seen it all.  And, oh the secrets she can tell!"
2634,3909,5,17,105,127,1.2125984251968505,0.04419837067680215,655,"There you go again, with your American-centric arguments!"
3444,3912,6,22,132,160,1.2125,0.0390406778668338,655,"My ex-wife is near the upper right, sort of"
3467,3912,3,28,129,160,1.2125,0.03589325106058398,655,I know you have big problems but so do I!
5187,3914,5,21,120,146,1.2123287671232876,0.040320989011895604,655,"Yo Earth, I’m really happy for you, I’ll let you finish, but Mars has some of the best videos of all time!"
1858,3914,5,21,120,146,1.2123287671232876,0.040320989011895604,655,"I may be in the minority here, but..."
1476,3914,4,23,119,146,1.2123287671232876,0.039131941475064144,655,Well... it’s obvious this is just a round earth shill
1194,3914,5,21,120,146,1.2123287671232876,0.040320989011895604,655,Find Newfoundland!  Free Newfoundland!
534,3914,5,21,120,146,1.2123287671232876,0.040320989011895604,655,What evidence do you have to keep denying the Arctic is going bald?
986,3914,8,15,123,146,1.2123287671232876,0.043694417134985196,655,"Is that your only talking point, Global Warming?"
4010,3920,4,20,108,132,1.2121212121212122,0.04169425831336409,655,"Back up, you are burning me up!"
4360,3920,3,22,107,132,1.2121212121212122,0.040283380633923935,655,You're only appealing to your base!
2720,3922,6,20,125,151,1.2119205298013245,0.040536437725873835,655,"You may have won this debate, but I'm patient enough to know that I will be the winner in just 12 years."
5065,3922,6,20,125,151,1.2119205298013245,0.040536437725873835,655,"Now now, don't blow your cool!"
4982,3924,6,17,114,137,1.2116788321167884,0.0432555798021186,655,"Don't preach to me about CO2 emissions, not 
when you flew here on on your own private jet!"
4807,3924,5,19,113,137,1.2116788321167884,0.04199646386377876,655,Ms. Earth is not fit to hold office.
3367,3924,5,19,113,137,1.2116788321167884,0.04199646386377876,655,"my opponent, or ""Fat Orb"" as some have called her..."
2370,3924,5,19,113,137,1.2116788321167884,0.04199646386377876,655,You need a route canal.
697,3924,5,19,113,137,1.2116788321167884,0.04199646386377876,655,"And now, without further ado, you all know her.....(thunderous applause drowning out name)"
1398,3924,6,17,114,137,1.2116788321167884,0.0432555798021186,655,My worthy opponent has disappeared into the South Pacific.
4577,3930,2,29,125,156,1.2115384615384615,0.03523478545775999,655,"World Climate Conference

""Can you scooch? You're blocking my PowerPoint."""
4416,3931,2,22,99,123,1.2113821138211383,0.04040979034319688,655,My opponent is looking a little feverish.
3931,3932,5,20,117,142,1.2112676056338028,0.041003039124071584,655,"I would remind you, good sir, that my name is Archimedes."
3568,3932,5,20,117,142,1.2112676056338028,0.041003039124071584,655,"Isn't it obvious, the Earth is flat."
1800,3932,2,26,114,142,1.2112676056338028,0.03716959583865563,655,Don't listen to her - she's full of hot air!
2212,3932,3,24,115,142,1.2112676056338028,0.038489855490454264,655,Stop lying to the populace! You're the exact same temperature you've always been.
1318,3932,6,18,118,142,1.2112676056338028,0.0422035465130265,655,My opponent thinks climate change isn't a hoax...but I know better!
937,3932,7,16,119,142,1.2112676056338028,0.04337083650500918,655,"World, you now have thirty seconds to counter the President's statement."
709,3932,2,26,114,142,1.2112676056338028,0.03716959583865563,655,Stop!  In the name of love!
1547,3932,3,24,115,142,1.2112676056338028,0.038489855490454264,655,Why so negative? It's like night and day when you let your darker side out.
3023,3940,5,24,132,161,1.2111801242236024,0.037806652903188076,655,And as host of “The Blue Planet” you claim climate change to be fact?
3578,3940,6,22,133,161,1.2111801242236024,0.03881987577639751,655,"It was six days, God rested on the seventh."
2861,3942,4,19,105,128,1.2109375,0.04245821207248054,655,"Since the other speaker didn't show, let's have a contest. Now, everyone write one cartoon caption about this massive ball on stage and I'll collect them, read them aloud,  and we'll somehow declare a winner. Tie breaker: Where is Columbus, IN?"
4136,3943,6,19,122,147,1.2108843537414966,0.041218162985870825,655,My opponent here is full of hot air.
3381,3943,2,27,118,147,1.2108843537414966,0.0364168246757951,655,"Usually somebody warms up the crowd for me, not the other way around"
2948,3943,3,25,119,147,1.2108843537414966,0.03767456807427461,655,Our next speaker is the renowned world ...
2065,3943,5,21,121,147,1.2108843537414966,0.0400717980606593,655,"My young Democratic opponent professes to be a geography professor,really?"
1140,3943,4,23,120,147,1.2108843537414966,0.038891657713431366,655,The earth is flat. Don’t get so overheated.
747,3943,5,21,121,147,1.2108843537414966,0.0400717980606593,655,"Let's here from everyone, but please keep it under 24 hours."
1356,3943,4,23,120,147,1.2108843537414966,0.038891657713431366,655,"How dare you, sir? My mother was a planet!"
444,3950,3,22,108,133,1.2105263157894737,0.04001115072838613,655,"While my esteemed colleague will attempt to convince you otherwise, I will prove beyond a shadow of a doubt that the earth is flat."
2927,3950,6,16,111,133,1.2105263157894737,0.0440755678609802,655,Today’s Keynote: Expanding Your Horizons
3951,3950,4,24,124,152,1.2105263157894737,0.03806900019013514,655,My opponent is reportedly in hiding somewhere up there in the Hudson Bay area.
2299,3953,4,25,128,157,1.2101910828025477,0.03729355185255694,655,Feels pretty cool to me.
740,3953,4,25,128,157,1.2101910828025477,0.03729355185255694,655,"You want to talk about conflicts of interest?  Let’s talk about your Green New Deal, shall we?"
982,3953,7,19,131,157,1.2101910828025477,0.040444863230868704,655,You're nothing but a Chinese hoax!
3113,3953,3,27,127,157,1.2101910828025477,0.036182173683338134,655,Let's give a very warm welcome to our own Blue Marble.
905,3957,2,25,111,138,1.210144927536232,0.03772446632123379,655,"Now, right there is the area we’ll be discussing today."
5066,3957,6,17,115,138,1.210144927536232,0.04296837733042621,655,"The whole world’s against me!”
- Griff Urang-Schuberth
Portland O"
4878,3959,5,20,118,143,1.2097902097902098,0.040742090530802876,655,Our rebuttal to your argument is to look at the evidence.
4701,3959,5,20,118,143,1.2097902097902098,0.040742090530802876,655,What evidence do you have there's global warming ?
4566,3959,5,20,118,143,1.2097902097902098,0.040742090530802876,655,‘During the debate he coukdnt’t get a world in edgewise’
1201,3959,5,20,118,143,1.2097902097902098,0.040742090530802876,655,Looks like my opponent has shrugged his duties.
326,3959,5,20,118,143,1.2097902097902098,0.040742090530802876,655,"Current astromological views are truly wide-ranging,  however today I share Dr. H. Penny's well-known Buddhistic belief about the sky's impermanence."
2690,3959,5,20,118,143,1.2097902097902098,0.040742090530802876,655,Now stop rotating and listen! I find it hard to believe that you still do NOT believe in global warming.
3021,3965,7,12,105,124,1.2096774193548387,0.047593811937560224,655,"As you can see, the organisers could not find a single person to stand against me"
1831,3966,4,23,121,148,1.2094594594594594,0.038654253962063526,655,You say that now but as soon as you turn your back I’m sure we’ll hear another story!
2275,3966,2,27,119,148,1.2094594594594594,0.03619798368209525,655,"And now, speaking on behalf of the Earth ..."
2486,3966,6,19,123,148,1.2094594594594594,0.04096350419676244,655,I challenge you to a debate on climate change.
3549,3969,4,28,140,172,1.2093023255813953,0.03521085109815001,655,This is america.
4123,3969,5,17,107,129,1.2093023255813953,0.043572339449451776,655,That's all folks!
4007,3971,7,18,128,153,1.2091503267973855,0.04111198886896336,655,"Now, Grandma Earth will talk about “human harassment”."
3909,3971,5,22,126,153,1.2091503267973855,0.03896404759198868,655,Don’t touch! - it’s still hot from global warming
3354,3971,5,22,126,153,1.2091503267973855,0.03896404759198868,655,I beg to differ with that perspective!
1361,3971,6,20,127,153,1.2091503267973855,0.04005241961175708,655,We are in the midst of a global warning!
20,3971,4,24,125,153,1.2091503267973855,0.03784438786326521,655,The world sure loves to argue.
2444,3976,10,8,116,134,1.208955223880597,0.048631394732835176,655,Fuck you
2610,3976,5,18,111,134,1.208955223880597,0.04247244165915812,655,"Atlas, speak into the microphone."
3929,3976,3,22,109,134,1.208955223880597,0.03974250368588389,655,Poppycock. It's nothing but a heated discussion.
3348,3979,5,23,130,158,1.2088607594936709,0.03815231641237479,655,Not fair! I too would like a warm-up.
3717,3979,2,29,127,158,1.2088607594936709,0.03483851722418192,655,...but voters chose me!
4726,3981,5,19,115,139,1.20863309352518,0.04144559659609479,655,My opponent has morphed into a globalist.
4397,3981,6,17,116,139,1.20863309352518,0.04268491410043526,655,Is there something wrong with the Mic? You sound like you're under water.
4198,3981,6,17,116,139,1.20863309352518,0.04268491410043526,655,Better watch your back!
3959,3981,5,19,115,139,1.20863309352518,0.04144559659609479,655,"Speak up, I can't hear you."
1195,3981,4,21,114,139,1.20863309352518,0.04016806023012453,655,"Folks, don't be fooled! This is just a tired rehashing of the EarthFirst! movement, and it didn't work the first time!"
3592,3981,4,21,114,139,1.20863309352518,0.04016806023012453,655,"And now, before she becomes extinct, we'll hear from our all plastic Mother Earth"
3358,3981,2,25,112,139,1.20863309352518,0.03748258573711648,655,"As you can see, the problems is at the NORTHERN border"
3793,3981,5,19,115,139,1.20863309352518,0.04144559659609479,655,"We are the world, we are the children ..."
103,3981,3,23,113,139,1.20863309352518,0.03884853469689172,655,All your answers are flat.
2085,3990,6,18,120,144,1.2083333333333333,0.041666666666666664,655,"... we're going to Canada and the USA, Mexico and Honduras... and Haiti and Aruba! We're going to Panama and Colombia and Brazil! And we're going to Argentina and Chile and Peru and Bolivia! and We're going to New York to take back the UN! YEAAAAH!"
1903,3990,5,20,119,144,1.2083333333333333,0.04048439222695598,655,I presume you are aware the president’s Science Advisor states the research is not clear on whether global warming actually exists . . .
2383,3990,4,22,118,144,1.2083333333333333,0.039266536858512446,655,My opponent makes up in size what it lacks in brains.
564,3990,4,22,118,144,1.2083333333333333,0.039266536858512446,655,You are only a  part of what I'll own if  i'm elected!
1261,3990,6,18,120,144,1.2083333333333333,0.041666666666666664,655,I don't give a shit if you're on a roll!
1620,3995,5,21,123,149,1.2080536912751678,0.03958240180065663,655,Ahem
3846,3995,2,27,120,149,1.2080536912751678,0.0359816948962526,655,Is it my turn to speak yet?
4353,3995,4,23,122,149,1.2080536912751678,0.03841967999269932,655,My opponent would have you believe that what you see is what you get. I think not.
815,3998,3,20,102,125,1.208,0.04141995778879799,655,"Hold on, hold on! What about my needs?"
4247,3999,5,22,127,154,1.2077922077922079,0.03873402441995206,655,"Well actually Mother Nature, the climate doesn't really work like that"""
3441,3999,5,22,127,154,1.2077922077922079,0.03873402441995206,655,"But  then WE created plastic.
So what else you got?!"
3942,3999,2,28,124,154,1.2077922077922079,0.035294154392683776,655,"If this is just about the tweeting,I can stop."
2350,4002,4,19,107,130,1.2076923076923076,0.041864924409159,655,That's a preposterous opening statement but what should we expect from a flat-earther?
1926,4002,4,19,107,130,1.2076923076923076,0.041864924409159,655,"And now a word from the Earth about Globalization, as it relates to global warming, and our feckless leaders who are waiting for the whole Shithouse to burn down."""
2028,4002,1,25,104,130,1.2076923076923076,0.03734822810594911,655,let me finish!
196,4005,6,21,132,159,1.2075471698113207,0.0389695629547607,655,You're ALL against me!
3048,4005,3,27,129,159,1.2075471698113207,0.035774185513929364,655,Whoa! This five minutes per person rule isn’t working.
4682,4005,1,31,127,159,1.2075471698113207,0.033474906383513865,655,Archimedes? We will give you another fulcrum.
490,4008,2,24,109,135,1.2074074074074075,0.03805134045431201,655,And now...proof that the world is flat.
677,4008,5,18,112,135,1.2074074074074075,0.042185062153688856,655,"To introduce our next speaker, Atlas... oh, darn!"
3802,4008,3,22,110,135,1.2074074074074075,0.03947737111160652,655,"Once again, I challenge my opponent to disavow that he aspires to higher office."
4234,4008,3,22,110,135,1.2074074074074075,0.03947737111160652,655,"Well, I was banking on winning by default, so I didn't prepare any remarks. I am thoroughly stunned that my opponent made it through the door."
4017,4012,3,28,133,164,1.2073170731707317,0.03510912612698705,655,I think your take on a global economy is slightly exaggerated
4349,4013,5,19,116,140,1.207142857142857,0.041175468119551355,655,'It's a compelling argument but I still you're flat!'
4133,4013,6,17,117,140,1.207142857142857,0.042405118768646284,655,"As far as planets go, you've got the experience.  But can you wiggle your fingers?"
2239,4013,6,17,117,140,1.207142857142857,0.042405118768646284,655,"Wait, I’m getting off  now."
383,4013,10,9,121,140,1.207142857142857,0.04700312531585776,655,My opponent WACKY Western Hemisphere and his friends in the FAKE NEWS media have ruined our country. SAD!
478,4013,5,19,116,140,1.207142857142857,0.041175468119551355,655,Your thoughts on Flat Earth theory.
434,4013,3,23,114,140,1.207142857142857,0.03859882548765667,655,"'Colleagues, I want to talk to you today about the New World Order.'"
591,4013,6,17,117,140,1.207142857142857,0.042405118768646284,655,"Hey, hey - no need to get so hot-headed. I was just saying that climate change isn't our top priority right now."
2740,4020,2,31,136,169,1.2071005917159763,0.033441364434466915,655,"Don't be so upset. You know that I think the world of you"""
2899,4021,6,18,121,145,1.206896551724138,0.041403249780064086,655,We are the one hundred percent.
3548,4021,3,24,118,145,1.206896551724138,0.03777396948311491,655,It is my pleasure to introduce the Earth to speak on the issue of man made climate change.
2609,4021,4,22,119,145,1.206896551724138,0.03902125332590335,655,Now you're flat!
2439,4021,6,18,121,145,1.206896551724138,0.041403249780064086,655,Climate change is fake news!
2478,4021,7,16,122,145,1.206896551724138,0.0425442655708546,655,"My opponent, the incumbent, has stated that he feels the weight of the world in his shoulders. I say it is time for a change."
4386,4026,5,21,124,150,1.2066666666666668,0.03934209131632978,655,"Atlas, the world takes a stand!"
4935,4027,5,22,128,155,1.206451612903226,0.03850665935534664,655,So you're saying you are not flat you are at least 36d?
745,4028,3,20,103,126,1.2063492063492063,0.04112306010085403,655,"These days, it seems like the whole world has to have their say."
2277,4028,5,16,105,126,1.2063492063492063,0.04410299679190414,655,"Is this thing “On”?
I can’t hear you !"
3388,4028,3,20,103,126,1.2063492063492063,0.04112306010085403,655,"And everyone on this side of the globe is technically ""American."""
4109,4028,1,24,101,126,1.2063492063492063,0.03790960060578585,655,"No, we will not listen to your conplaints!"
2895,4032,4,25,131,160,1.20625,0.03666188683825316,655,You're getting warmer? Not getting warmer! Fake news!
1004,4033,3,21,107,131,1.2061068702290076,0.04013710684745936,655,Another year's wear on your ozone layer and you're toast!
4995,4033,3,21,107,131,1.2061068702290076,0.04013710684745936,655,"And where is ""the planet"" Pluto, today?"
4455,4035,5,24,136,165,1.206060606060606,0.03697442205031598,655,Uhh...How do you raise the microphone again?
4015,4036,5,18,113,136,1.2058823529411764,0.04190149130673101,655,Get me the whoever is responsible for this. It's a small world.   I said it is a SMALL world.
2197,4036,6,16,114,136,1.2058823529411764,0.043181795187343615,655,This proves there is no such thing as global warming.
4463,4036,5,18,113,136,1.2058823529411764,0.04190149130673101,655,Don't forget without me you are nothing.
1206,4036,3,22,111,136,1.2058823529411764,0.03921568627450981,655,"Tomorrow, The World !"
731,4036,4,20,112,136,1.2058823529411764,0.040580814578497756,655,"He's old, but he still as wits about him."
2102,4036,6,16,114,136,1.2058823529411764,0.043181795187343615,655,"I’m telling you, climate change is not real!"
3209,4042,4,21,116,141,1.2056737588652482,0.03965112612632209,655,You haven't been new since 1492!
4950,4042,3,23,115,141,1.2056737588652482,0.03835224479077833,655,The earth is flat.  Don't believe my opponents crazy idea otherwise.
2787,4042,5,19,117,141,1.2056737588652482,0.04090878787839137,655,"Please, let me speak. You’ve held sway for far too long."
1442,4045,6,18,122,146,1.2054794520547945,0.04114309995025971,655,oh shit i live there
1523,4045,6,18,122,146,1.2054794520547945,0.04114309995025971,655,"First, a shout-out to the Greelcruffs of Kalaxon 5 for hosting this event..."
1757,4045,5,20,121,146,1.2054794520547945,0.03997851125576714,655,"As you can see, the world is HUGE, the biggest you will ever see. And , as you can also see, absolutely flat."
2674,4045,4,22,120,146,1.2054794520547945,0.038778964026104916,655,"Furthermore, regardless of your symptoms, I still say global warming is all in your imagination."
1979,4049,2,27,122,151,1.205298013245033,0.0355566032524519,655,"Simply put the world is a teenager, she's moody and climate change is temporary"
5076,4049,2,27,122,151,1.205298013245033,0.0355566032524519,655,I'm going to build a wall along your Mexican border!
46,4051,5,22,129,156,1.205128205128205,0.03828190751741528,655,"If you don't disgorge the hydrocarbons at cost, my species will peel you like a grape."
3526,4051,4,24,128,156,1.205128205128205,0.03718590401258445,655,Really?
4557,4053,2,29,130,161,1.204968944099379,0.03426016241123382,655,OK. So much for YOUR  position on the issues.  What about the EASTERN hemisphere?
2692,4053,4,25,132,161,1.204968944099379,0.036455976623178114,655,"No, I did not say that your hot flashes were caused by global warming."
3743,4055,3,19,100,122,1.2049180327868851,0.041868246759702375,655,"Most voters may think the world of you, but in this country...."
4553,4056,5,24,137,166,1.2048192771084338,0.036771967640765964,655,"It’s not global warming, you just have a fever."
3552,4057,4,18,105,127,1.204724409448819,0.042333188189562124,655,A victim of global warming
175,4058,6,15,111,132,1.2045454545454546,0.04399997419146873,655,As a small boy growing up in Liechenstein..........
4337,4058,1,25,106,132,1.2045454545454546,0.036846921497327996,655,"And now, let me welcome to our stage all of America"
5054,4060,6,16,115,137,1.2043795620437956,0.042891775361546876,655,And let's see what's behind curtain number 2!
3996,4060,9,10,118,137,1.2043795620437956,0.046494419176205705,655,JUST BECAUSE YOU ARE BIGGER..!!!!!!!
3337,4060,3,22,112,137,1.2043795620437956,0.03895738405999657,655,This is the End of the World as we know it!
3450,4060,3,22,112,137,1.2043795620437956,0.03895738405999657,655,"Uh, oh... looks like spaceship earth just squashed our next speaker."
2203,4060,5,18,114,137,1.2043795620437956,0.04162165526152972,655,"Global warming, as you can see, is not caused by humans. It is that pregnant duck at the top of screen that is sucking up all of our air."
495,4060,3,22,112,137,1.2043795620437956,0.03895738405999657,655,You seem to be hiding the rest of the world behind your back!
3217,4060,3,22,112,137,1.2043795620437956,0.03895738405999657,655,"Now, tell them about the hurt you felt when you learned you were oval and not a circle."
645,4067,3,23,116,142,1.204225352112676,0.03810873569310427,655,„See? If there was a problem she would speak now!“
2050,4067,4,21,117,142,1.204225352112676,0.039397536179232404,655,"Folks, please welcome Gaia here - she is in town just to soak up a little atmosphere..."
2446,4067,5,19,118,142,1.204225352112676,0.04064549148258601,655,I can now say with absolute certainty: Earth is as flat as a pancake!
2919,4067,5,19,118,142,1.204225352112676,0.04064549148258601,655,"Its the western version of the Euro, Trumps face is on the back."
4271,4071,4,22,121,147,1.2040816326530612,0.038539615677062114,655,I’m for open borders—but all you say is “Build the Canal.”
1150,4071,6,18,123,147,1.2040816326530612,0.0408861577647834,655,She’s turning her stance yet again!
3629,4073,4,24,129,157,1.2038216560509554,0.036971385555930394,655,"I served with Jack Kennedy. I knew Jack Kennedy. Jack Kennedy was a friend of mine,... you’re no Jack Kennedy."
3480,4073,5,22,130,157,1.2038216560509554,0.038059725002335024,655,"Oh, sorry! I’m mean climate change not global warming."
2887,4073,3,26,128,157,1.2038216560509554,0.03585002137512824,655,"Mr. Atlas, will you please step out?"
187,4076,4,16,98,118,1.2033898305084745,0.04432003053970261,655,Global warming is REAL!! I feel it in my core!
687,4076,6,12,100,118,1.2033898305084745,0.047476248907517934,655,She doesn’t even go here!
539,4078,4,17,102,123,1.2032520325203253,0.04313354160628968,655,"As you can see, my opponent doesn't stand a chance!"
3440,4078,3,19,101,123,1.2032520325203253,0.04155986513665221,655,"If elected, I promise to save the planet by shrinking it."
4117,4080,7,12,109,128,1.203125,0.046214173983405826,655,Another rude inter-eruption.
5047,4080,4,18,106,128,1.203125,0.04203159988365334,655,"I can see your ice cap, need I say more?"
3769,4082,6,15,112,133,1.2030075187969924,0.043694967987333036,655,"Despite appearances, I am quite certain the earth is flat!"
4983,4082,2,23,108,133,1.2030075187969924,0.038125654895399194,655,"People of Earth, you are making it really warm in here."
3559,4082,5,17,111,133,1.2030075187969924,0.04237132356749448,655,This isn’t fair! I can’t debate CLIMATE SCIENCE with Mother Earth !!
988,4082,3,21,109,133,1.2030075187969924,0.03959149817518683,655,"It's not only warming, it's deflating!"
2838,4082,1,25,107,133,1.2030075187969924,0.03660115291422295,655,"Your argument is flat, and your logic is confined in a circle."
238,4087,5,18,115,138,1.2028985507246377,0.04134548201289941,655,While my opponent supports unrealistic policies like the Green New Deal.
396,4087,5,18,115,138,1.2028985507246377,0.04134548201289941,655,My opponent's arguments are giving a whole new meaning to the flat earth theory!
2584,4087,4,20,114,138,1.2028985507246377,0.04004575333393034,655,"I""m here to tell you about climate change first hand."
4061,4087,4,20,114,138,1.2028985507246377,0.04004575333393034,655,"Our guest speaker tonight, on the topic of Climate Change, is Gaia."
1360,4091,4,21,118,143,1.2027972027972027,0.03914711808136945,655,"Hold it right there, tubby."
4529,4091,3,23,117,143,1.2027972027972027,0.03786824260296677,655,"My opponent uses a lot of big words, but what does he have to back them up?"
5001,4093,6,18,124,148,1.2027027027027026,0.040632365212064064,655,I'm letting you know at the onset that I won't be bullied during this debate.
4675,4093,4,22,122,148,1.2027027027027026,0.038303156214757085,655,This is where we were coming from before landing on Mar...
2027,4093,6,18,124,148,1.2027027027027026,0.040632365212064064,655,You don't scare me
1006,4096,3,25,125,153,1.2026143790849673,0.03634424941368324,655,"Now just minute, I think your anti-flat earth bias is showing!"
2736,4096,6,19,128,153,1.2026143790849673,0.039735404886077685,655,And now a word from the shrinking earth society.
3784,4096,4,23,126,153,1.2026143790849673,0.03750871601974025,655,Wait! Don't take my spotlight
4020,4096,6,19,128,153,1.2026143790849673,0.039735404886077685,655,Xenophobic nightmare comes true.
2258,4100,5,22,131,158,1.2025316455696202,0.03784006885783284,655,I’m here in spite of the revolution.
2450,4100,6,20,132,158,1.2025316455696202,0.03889082753360974,655,"Stop World, I wanna get off!"
3428,4100,3,26,129,158,1.2025316455696202,0.03564575011131952,655,And now for the opposing viewpoint...
4820,4103,3,28,137,168,1.2023809523809523,0.03435785506753902,655,We like to think of it as an open floor plan.
4029,4104,1,33,139,173,1.2023121387283238,0.03170931112732135,655,"My opponent is blind to the beauties of the free market and capitalism, and is, indeed....A SOCIALIST!"
3297,4105,5,13,96,114,1.2017543859649122,0.04692008381368906,655,Due to space limitations I will gain be representing Jupiter.
4486,4105,6,11,97,114,1.2017543859649122,0.04854636608654232,655,I would like to point out that this candidate has ignored New zealand!
3386,4107,2,20,97,119,1.2016806722689075,0.04061174415599134,655,"Although mah opponent's accomplishments are indisputable, his arrogance is without precedent."
374,4108,7,12,110,129,1.2015503875968991,0.04588155271996788,655,I sense you are drifting away from this debate.
1906,4108,2,22,105,129,1.2015503875968991,0.03872333566412419,655,"""The opposition has been overcome by the weight of the world."""
2693,4108,3,20,106,129,1.2015503875968991,0.04025693425938176,655,"ok, Gaia, speak into the mike"
1500,4111,2,23,109,134,1.2014925373134329,0.03787038053310844,655,"So do you want to vote for me or Global Domination?"""
481,4112,5,18,116,139,1.2014388489208634,0.04107290135151053,655,"For a little help in finally solving the mystery, please join me in welcoming Easter Island to the stage."
1934,4112,5,18,116,139,1.2014388489208634,0.04107290135151053,655,But what have you done for us lately?!
2442,4112,2,24,113,139,1.2014388489208634,0.03707006854276073,655,"When in debate, I simply prefer to roll over."
3396,4112,3,22,114,139,1.2014388489208634,0.03845067484869792,655,"I knew Jack Kennedy. Jack Kennedy was a friend of mine. Senator, you're no Jack Kennedy."
3542,4112,3,22,114,139,1.2014388489208634,0.03845067484869792,655,"And now, we will listen to my opponent's view from the world-at-large."
4730,4112,4,20,115,139,1.2014388489208634,0.03978339868432061,655,"Although we can certainly appreciate your fire and fury, we simply aren’t willing to negotiate a peace agreement at this time."
685,4118,6,17,121,144,1.2013888888888888,0.041321250197233685,655,"On second thought, if we build a Second Tiny wall just South of the Banana Republics, Americans could once again enjoy their restful evenings. We would in essence be left with only one Sh_t hole country at our Southern boarder instead of eight."""
2477,4118,6,17,121,144,1.2013888888888888,0.041321250197233685,655,Be specific.
3772,4120,3,24,122,149,1.2013422818791946,0.036859120381373706,655,"the old Al Gore in my space act will not do, Sir!"
3326,4120,9,12,128,149,1.2013422818791946,0.04362067267582914,655,So-you're feeling warmer. Could it be menopause?
3817,4120,4,22,123,149,1.2013422818791946,0.03806953476017015,655,"I don't care what you say, global warming does't exist!"
786,4120,3,24,122,149,1.2013422818791946,0.036859120381373706,655,I agree...the Dolphins should take over the world.
2851,4120,5,20,124,149,1.2013422818791946,0.03924263240944736,655,To my left is the... competition.
5139,4125,5,21,128,154,1.2012987012987013,0.038408927942357264,655,"""So you're committed to saving the world, are you? And just why should we believe that you're any different from the rest?"""
2743,4125,3,25,126,154,1.2012987012987013,0.036131438803816876,655,Imma let you finish.
365,4127,5,22,132,159,1.20125786163522,0.03762289705854003,655,"This... all of the world, is a LIAR!"
1038,4127,6,20,133,159,1.20125786163522,0.038666443836710765,655,The SCIENTISTS??  And now even YOU say you're too hot.  Why don't you just turn down the air conditioning?
3141,4127,6,20,133,159,1.20125786163522,0.038666443836710765,655,"When you're hot, you're not!"
5191,4130,3,22,115,140,1.2,0.03820214529901523,655,Look people. I know that check-in was a nightmare. Please be patient.
3278,4130,4,18,108,130,1.2,0.04144095094259825,655,Just give it up. We all know you’re flat.
3226,4130,6,15,114,135,1.2,0.04309732901036361,655,"My response to that is
if Earth doesn't Love it here 
then he can Leave"
3125,4130,3,22,115,140,1.2,0.03820214529901523,655,"You may be worldly wise, but ..."
3055,4130,3,25,127,155,1.2,0.03592106040535498,655,"Whoa, let's not let your problems get too big."
2616,4130,4,20,116,140,1.2,0.03952440800778525,655,Why can't we just all get along?
2549,4130,7,14,119,140,1.2,0.04324931903651551,655,But the emails...
2391,4130,6,17,122,145,1.2,0.041058784136762644,655,"Fellow members, that is why we have adopted the song, ""You and Me Against the World"" as our theme"
1862,4130,3,25,127,155,1.2,0.03592106040535498,655,Speaking for myself...
1571,4130,3,23,119,145,1.2,0.03739608847125848,655,I say to all of you in the audience. Will you elect a flat candidate who continues to use this stage in order to circumvent the major issues?
1471,4130,5,18,117,140,1.2,0.04080384481007503,655,Mr. Earth wait your turn
1260,4130,4,23,128,155,1.2,0.03706898651442383,655,"“I will not debate this any further! Obviously the Earth is flat!” 
-Dr. Flat Earther 

“Mother Earth, your rebuttle?”
-Debate Coordinator

“Now I know you didn’t just call your Momma Flat!”"
405,4130,6,18,126,150,1.2,0.04013400372543907,655,I'm not flat!
303,4130,7,13,115,135,1.2,0.0443614482105924,655,To achieve world peace we must not tolerate the image of North America spitting on South America
2267,4144,3,25,128,156,1.1987179487179487,0.0357130737818409,655,He found the other candidate's world view to be a bit polemic
3525,4144,6,19,131,156,1.1987179487179487,0.03903283997819771,655,"Go ahead, the deniers dare you to make your case."
2650,4146,4,22,125,151,1.1986754966887416,0.037610608091738745,655,I tried to friend you on Facebook.
1167,4146,5,20,126,151,1.1986754966887416,0.038766713321881134,655,And this balloon represents his inflated view of America....
1312,4148,7,15,124,146,1.1986301369863013,0.041941389040685444,655,"I would like to ask  my  opponent  in this  debate  'Why  she  did not  speak  up  before !"""
3038,4148,5,19,122,146,1.1986301369863013,0.03962490999463604,655,"Sure,North America is a major world power. But weren't you made in China ?"
3376,4148,5,19,122,146,1.1986301369863013,0.03962490999463604,655,"Sir, you speak roundly!"
4659,4148,3,23,120,146,1.1986301369863013,0.03716432253524724,655,I must say my opponent looks unusually discomforting today.
4896,4152,5,18,118,141,1.198581560283688,0.04053824561136123,655,"I stand by my statement that Mercacator is, and always will be, the gold standard of projections!"
222,4152,5,18,118,141,1.198581560283688,0.04053824561136123,655,How about another billion so we can keep using fossil fuels?
1180,4152,4,20,117,141,1.198581560283688,0.03926871827107844,655,Now let’s see if those heads on Easter Island can talk.
1606,4152,2,24,115,141,1.198581560283688,0.0365977866744137,655,Your mamma's so flat....
3764,4152,2,24,115,141,1.198581560283688,0.0365977866744137,655,"No, no, I said, “Africa.”"
3347,4157,3,21,112,136,1.1985294117647058,0.03879987891236252,655,Everybody knows you're flat. Fake News!
1083,4157,3,21,112,136,1.1985294117647058,0.03879987891236252,655,Admit it -- you have nationalist tendencies!
2078,4157,3,21,112,136,1.1985294117647058,0.03879987891236252,655,"Based on the facts before us, my opponent cannot disprove my assertion that black is land and white is water."
325,4160,2,22,107,131,1.1984732824427482,0.038191419671095614,655,"And my opponent, who is pro global warming, is just a hot head."
2329,4160,5,16,110,131,1.1984732824427482,0.04255471739751835,655,And I submit that the real crisis is that you're full of sh*thole countries!
2349,4160,3,20,108,131,1.1984732824427482,0.039699173147435325,655,"I've seen global warming, and you sir- are no global warming."
2983,4160,4,18,109,131,1.1984732824427482,0.0411517212360109,655,My opponent is making heated arguments using constantly changing half truths.
4379,4164,6,13,107,126,1.1984126984126984,0.04510283314909476,655,"Right but if I go, you’re coming with me."
3705,4165,4,16,101,121,1.1983471074380165,0.04331293445076264,655,"I grant you,your rhetoric is earthy,but frankly,it's hard not to conclude you're all wet when it comes to the facts of the matter."
4625,4165,6,12,103,121,1.1983471074380165,0.046384182480668695,655,"So, let me introduce to you the most worldly individual I have ever met!"
3606,4167,4,23,130,157,1.197452229299363,0.036639289936226345,655,Oh! Great Mother tell us if we are exceptional?
4261,4168,3,24,125,152,1.1973684210526316,0.036201040162359255,655,How unfair of you to call me anti-globalist!
1171,4168,5,20,127,152,1.1973684210526316,0.0385329996278268,655,How do you go to the bathroom?
3299,4168,4,22,126,152,1.1973684210526316,0.03738520676119666,655,"Atlas shrugged, then stumbled."
400,4171,3,23,121,147,1.1972789115646258,0.036935362751103165,655,Stop generalizing!
956,4171,3,23,121,147,1.1972789115646258,0.036935362751103165,655,Will the distinguished planet yield to a spec?
1913,4171,4,21,122,147,1.1972789115646258,0.03817602626873484,655,And I say global warming is a hoax!
2833,4171,3,23,121,147,1.1972789115646258,0.036935362751103165,655,"And so, in conclusion, I challenge you, the world, to commit to be a cleaner and more empathetic place."
4953,4171,5,19,123,147,1.1972789115646258,0.039377619808549695,655,Earth to the rebuttal!
1362,4176,6,16,120,142,1.1971830985915493,0.04149758315400362,655,"And now speaking about global warming, The World!"
2792,4176,3,22,117,142,1.1971830985915493,0.037714440802195465,655,I was told this will be the most watched debate ever.
241,4176,3,22,117,142,1.1971830985915493,0.037714440802195465,655,No need to say it; I can already feel you warming.
765,4176,5,18,119,142,1.1971830985915493,0.040276038617972326,655,What in the World  is This!
551,4180,2,23,112,137,1.197080291970803,0.03712426774673741,655,"As you can see, ladies and gentlemen, my opponent is full of nothing but hot air."
1291,4180,3,21,113,137,1.197080291970803,0.03854287823563807,655,Science has not yet provided sufficient evidence!
2153,4180,6,15,116,137,1.197080291970803,0.042515645162158215,655,"As you can see, there’s a world of difference between our opinions here.”



Sasha Smith, New York Cit"
2885,4180,4,19,114,137,1.197080291970803,0.03991109707390912,655,"Okay, I admit it - global warming is real and we need to cut greenhouse gas emissions!"
4573,4180,1,25,111,137,1.197080291970803,0.03564925032557729,655,I can assure you that pollution will subside in 15 years. By then we will be dumping our garbage on Mars.
4808,4185,3,20,109,132,1.196969696969697,0.03942595542365462,655,"Please, there's no need for ad hominem attacks."
902,4185,6,14,112,132,1.196969696969697,0.043604899083472246,655,OMG! The globe is only two-dimensional.
3730,4185,3,20,109,132,1.196969696969697,0.03942595542365462,655,What I have here today is a revolution in the world of earth science!
3650,4188,5,15,107,127,1.1968503937007875,0.04335534914004428,655,This really is a global movement.
920,4188,3,19,105,127,1.1968503937007875,0.04036976028104919,655,I am ashamed because I know what my opponent is. He is a racist. He is a con man. And he is a cheat.
2208,4190,6,20,137,163,1.196319018404908,0.037793909408668336,655,"Now, this may be an unpopular opinion..."
3506,4191,5,21,132,158,1.1962025316455696,0.03751842328436623,655,Our speaker is the world famous bubble gum champ.
574,4192,2,26,125,153,1.196078431372549,0.034771384084275436,655,"You may be a world renowned expert, but I think I know my constituents!"
1267,4192,6,18,129,153,1.196078431372549,0.039408709686542885,655,"Trump Tower” here, “Trump Tower” there, “Trump Tower” everywhere"
3037,4192,6,18,129,153,1.196078431372549,0.039408709686542885,655,How can we trust my opponent after Krakatoa?
4206,4192,5,20,128,153,1.196078431372549,0.038302050691219065,655,I have no earthly idea where he is.
1407,4196,7,15,126,148,1.195945945945946,0.041415903384024975,655,"If I told you once, I told you a thousand times: Covfefe!"
2076,4196,2,25,121,148,1.195945945945946,0.03543492255288161,655,Ther are two sides on this issue!
4082,4198,4,20,119,143,1.1958041958041958,0.03876699705860279,655,Stop orbiting around and firm up your position already!
2977,4198,3,22,118,143,1.1958041958041958,0.03747515183027524,655,"I mean,aren't people only supposed to be 70% water?"
2852,4198,3,22,118,143,1.1958041958041958,0.03747515183027524,655,All together now:
788,4198,5,18,120,143,1.1958041958041958,0.04001716028382389,655,Everything gets so blown out of proportion these days.
1825,4198,1,26,116,143,1.1958041958041958,0.03474767463044271,655,My  opponent is blue with envy. Even if some think he is deep he is changing and can not be trusted.
1056,4198,4,20,119,143,1.1958041958041958,0.03876699705860279,655,"Wee man, Americans, all of us, refuse to bow down to dictators!"
4218,4198,6,16,121,143,1.1958041958041958,0.04122943333858455,655,"Unfortunately, Mr. Trump is unable to join us for this evening's Meteorological Society "" Climate Futures"" debate ...so let's move straight on to the weather forecast now and have a look at the chart for the next couple of days..."
2279,4198,2,24,117,143,1.1958041958041958,0.03613715468133382,655,Hold on you mean there’s no one left to represent your planet?
858,4206,5,17,116,138,1.1956521739130435,0.04095895835027193,655,Hold you comments.
4904,4207,4,18,111,133,1.1954887218045114,0.04058504514387409,655,"...and in the upper left the former 48 States, as they appeared pre-climate change."
4961,4207,5,16,112,133,1.1954887218045114,0.04196506947311113,655,"Yes, I know the routine; ' HE has, you & me sister, in HIS hands ...Blah, blah,  the WHOLE world in HIS hands....' So, pray tell, how is HE able to 'wash his hands?"
4317,4207,2,22,109,133,1.1954887218045114,0.03767364538009041,655,I’m King of the world!!
1088,4207,3,20,110,133,1.1954887218045114,0.03915641355866945,655,See for yourself; there’s no evidence of global warming whatsoever.
1759,4207,7,12,114,133,1.1954887218045114,0.04459719037101479,655,I don’t care what you say. Global warming is a myth!!
1377,4207,3,20,110,133,1.1954887218045114,0.03915641355866945,655,"My opponent claims his climate is changing, yet he says nothing to defend himself here ... on the world stage."
2184,4207,4,18,111,133,1.1954887218045114,0.04058504514387409,655,And I’m against globe-alization too!
1580,4214,4,17,107,128,1.1953125,0.041589058917031664,655,"But all she offers is a noun , a verb and ""Climate Change"""
1743,4214,3,19,106,128,1.1953125,0.0400826436945137,655,"Oh, but before they claimed that the science around climate change spoke for itself."
1918,4214,2,21,105,128,1.1953125,0.03851735750902892,655,"Some things will go on, with us or without us."
2511,4214,5,15,108,128,1.1953125,0.043042784734114534,655,"To answer your question, no, not conjoined twins."
3988,4214,3,19,106,128,1.1953125,0.0400826436945137,655,Despite repeated denials it's obvious my opponent is flat.
528,4219,5,23,141,169,1.1952662721893492,0.03588249281034258,655,I've set up this debate to discuss the merits of scaleability
1554,4220,3,26,135,164,1.1951219512195121,0.03446655186847409,655,"It's time to meet our first panelist on ""Planetary Wait, Wait, Don't Tell Me!"""
3039,4220,5,14,104,123,1.1951219512195121,0.044200566384244126,655,now will you please stop interrupting!
4818,4220,3,18,102,123,1.1951219512195121,0.041074688386381765,655,"please let me speak, for I am your home."
298,4223,4,23,132,159,1.1949685534591195,0.03621929358833309,655,Moderator . . . moderator:  He is allowed to inflate himself like that?  Was that in the rules?  I didn't see that in the rules!
1512,4223,6,19,134,159,1.1949685534591195,0.03835440287421879,655,Weather as we knew it has left the building........
4516,4225,3,17,98,118,1.194915254237288,0.042140460644533834,655,Remember planets are for people!
5069,4225,3,17,98,118,1.194915254237288,0.042140460644533834,655,What America needs right now is an outsider.
1627,4227,3,24,127,154,1.1948051948051948,0.03577500221227837,655,Who can point out to us where we are today?
4193,4228,5,19,125,149,1.1946308724832215,0.03889207085166459,655,"Atlas, I finally get to debate my opponent"
5100,4229,4,20,120,144,1.1944444444444444,0.03852084696008535,655,Shape up or we'll move out.
145,4230,2,23,114,139,1.1942446043165467,0.03664267493357757,655,Can we really take the word of someone on NASA's payroll?
350,4230,2,23,114,139,1.1942446043165467,0.03664267493357757,655,"You know, you can be kind of a bully!"
2529,4230,3,21,115,139,1.1942446043165467,0.038038796522013495,655,Planet Podium gets heated.
3058,4230,4,19,116,139,1.1942446043165467,0.03938545994905301,655,"You seem a bit heated, take a chill pill."
4306,4230,4,19,116,139,1.1942446043165467,0.03938545994905301,655,You expect people to believe that Natural Order is an argument.
3189,4235,3,20,111,134,1.1940298507462686,0.03889047539508739,655,I have it in good authority that my opponent feels indebted to China.
626,4235,3,20,111,134,1.1940298507462686,0.03889047539508739,655,"And as final proof that what I'm saying is inarguable, please note that my opponent stands mute!"
629,4235,5,16,113,134,1.1940298507462686,0.04167626156127722,655,and now- to speak its own case - May I introduce Earth
172,4235,2,22,110,134,1.1940298507462686,0.03741989077779156,655,"Now time to welcome Christopher Columbus to the stage, and let him tell us what he thought would happen next."
516,4235,2,22,110,134,1.1940298507462686,0.03741989077779156,655,"No, YOU'RE the puppet."
2502,4240,3,19,107,129,1.193798449612403,0.039799520887428,655,"If  I am elected, I will represent more than just the Americas!"
4302,4241,3,18,103,124,1.1935483870967742,0.04077247055886129,655,"As you can see, Gandalph has turned himself into an giant inflatable globe. I am sure what point he is making, but I think any prick would be able to pop a hole in his argument."
5006,4241,2,26,127,155,1.1935483870967742,0.03436755686236305,655,"When I said you were his oyster, I didn't mean it literally."
3197,4243,3,23,124,150,1.1933333333333334,0.03626483085233813,655,"Mr. Earth, I'm not sure you're seeing things correctly, but clearly you are flatter than the postcard I sent to my friend across your Atlantic Ocean."
569,4243,1,27,122,150,1.1933333333333334,0.03370707699464231,655,Give us 22 minutes and we'll give you the world.
1232,4243,3,23,124,150,1.1933333333333334,0.03626483085233813,655,The potentially deleterious consequences of climate change will never be a concept that any right-thinking person will ever warm-up to and embrace.
3082,4243,6,17,127,150,1.1933333333333334,0.039794400769299465,655,"Harvard, harder to get to than the North Pole."
3790,4243,5,19,126,150,1.1933333333333334,0.038653704531062046,655,Stop following me around the stage.
3249,4248,3,22,120,145,1.193103448275862,0.0370054253609316,655,"Guys, I think Earth wants no-deal Universexit..."
3236,4248,3,22,120,145,1.193103448275862,0.0370054253609316,655,"But I like my pickup truck, Mr. Earth"
2330,4250,2,29,140,171,1.1929824561403508,0.03246102102593794,655,"Ladies and gentlemen, speaking sui generis tonight....!"
530,4251,4,19,117,140,1.1928571428571428,0.03912773055256461,655,You can feel the heat
1804,4251,3,21,116,140,1.1928571428571428,0.037791591330285236,655,I will destroy you mother!
2766,4251,5,17,118,140,1.1928571428571428,0.040419725643711456,655,"If you look closely, the other speaker is now swimming near the Panama Canal."
4649,4251,4,19,117,140,1.1928571428571428,0.03912773055256461,655,"And Mexico, no South America will pay for the wall !"
4843,4251,3,21,116,140,1.1928571428571428,0.037791591330285236,655,I’m afraid you’re not as big as you used to be.
166,4256,3,26,137,166,1.1927710843373494,0.034090340913520215,655,"Like I said before, you are as flat as your affect!"
5254,4257,4,18,113,135,1.1925925925925926,0.04003356289026648,655,"And, now, a word from the world. World take it away."
2079,4257,4,18,113,135,1.1925925925925926,0.04003356289026648,655,City Arts and Lectures is proud to welcome the Pacific Gyre.
2896,4259,5,21,135,161,1.1925465838509317,0.036876838779620856,655,I think all of you can see that I am perfectly comfortable standing here; that there is not a single degree of excessive heat coming off of my opponent...clearly she's lying!!
801,4260,3,19,108,130,1.1923076923076923,0.039520310737412155,655,"as you already know …
my opponent refutes my explanation
as to who is responsible for global warming"
1334,4260,5,15,110,130,1.1923076923076923,0.04243083936873441,655,"You claim to be well rounded, but as everyone can see, you just fall flat."
2637,4260,4,22,130,156,1.1923076923076923,0.03650960943492191,655,May I submit to you that I do have a very worldly view of things
2830,4263,4,21,126,151,1.1920529801324504,0.03725128770973571,655,I really hate these debate competitions where I’m supposed to defend the use of fossil fuels.
3001,4263,2,25,124,151,1.1920529801324504,0.03480025854117183,655,Mother does NOT always know best!
5179,4263,3,23,125,151,1.1920529801324504,0.0360466117032233,655,Global Warming Show & Tell
5240,4263,5,19,127,151,1.1920529801324504,0.03841820736036572,655,"Ladies and gentlemen, my opponent is a flat-earther in globalist clothing."
5125,4267,5,14,106,125,1.192,0.043546045337276365,655,"Um, actually, Global Warming is fake news; you have no evidence to prove it otherwise."
2151,4267,4,16,105,125,1.192,0.04203838491725881,655,"Go West People, Go West!"
473,4267,4,16,105,125,1.192,0.04203838491725881,655,Stop trying to pull me off my tangent
3860,4267,5,14,106,125,1.192,0.043546045337276365,655,My opponent calls it Climate Change. I call it a flip-flop.
1426,4271,4,25,143,172,1.191860465116279,0.0343325374587214,655,My opponent has water on the brain.
6,4272,3,22,121,146,1.1917808219178083,0.0367748816705752,655,"You and me against the world,
Sometimes it seems like you and me against the world."
286,4272,4,20,122,146,1.1917808219178083,0.03803768175341878,655,I'm entitled to my opinion!
349,4272,3,22,121,146,1.1917808219178083,0.0367748816705752,655,I refuse to yield my time to my blue and green colleague.
694,4272,2,24,120,146,1.1917808219178083,0.03546714832905582,655,"At the Global Convention, there was no getting around the fact that the Earth is indeed round."
3816,4272,6,16,124,146,1.1917808219178083,0.040445170981879774,655,"As you can clearly see in this debate, denial of global warming just got the better of my esteemed colleague."
3904,4272,6,16,124,146,1.1917808219178083,0.040445170981879774,655,This proves that his beach ball is bigger than any other president's!
4283,4272,2,24,120,146,1.1917808219178083,0.03546714832905582,655,"Before we blame this all on climate change, let's just see where you are in your cycle."
4599,4272,3,22,121,146,1.1917808219178083,0.0367748816705752,655,Do you think you can unilaterally decide on the future of the Earth?
706,4280,2,19,99,120,1.1916666666666667,0.03977498568775671,655,Gaia Rights Debate
1729,4280,5,13,102,120,1.1916666666666667,0.04474614568527821,655,"...and on this side, we have the perfect example of  'the Haves versus the Have-nots.'"""
4795,4282,6,15,120,141,1.1914893617021276,0.04139768532485178,655,"In a sinister move, Presidential Hopeful raises Carbon levels in order to melt his opponent during a nationally televised debate.”"
1656,4282,3,21,117,141,1.1914893617021276,0.03754752964542799,655,The flat earth society won't debate me
2490,4282,4,19,118,141,1.1914893617021276,0.038873308388507555,655,"First my opponent went on about the global economy. Then he ranted about global warming. I say ""America First!"""
2408,4285,4,23,135,162,1.191358024691358,0.03560679388789338,655,"We made Americas great again, tomorrow the world."
4173,4286,3,20,113,136,1.1911764705882353,0.03836913060342712,655,The World can speak for herself!
2641,4286,5,16,115,136,1.1911764705882353,0.04111027982159845,655,My opponent in this climate change debate can't even speak up for itself. Why on earth should we believe it?
3007,4286,5,16,115,136,1.1911764705882353,0.04111027982159845,655,It was Stew against the World.
2311,4286,3,20,113,136,1.1911764705882353,0.03836913060342712,655,"Man needs to take into account, Mother nature has an opinion too."
1937,4286,4,18,114,136,1.1911764705882353,0.03976333292288872,655,Your natural resources?
1436,4291,4,22,131,157,1.1910828025477707,0.03629699245249046,655,And another thing...
3343,4292,1,23,107,131,1.1908396946564885,0.03612873149984499,655,I've got the world on a podium.
3501,4292,2,21,108,131,1.1908396946564885,0.037719027716580825,655,"Now it's your turn, Mother Nature."
1364,4294,4,21,127,152,1.1907894736842106,0.037026966132080424,655,See there the earth is round.
5208,4295,3,18,105,126,1.1904761904761905,0.040180996399483776,655,Time and again my opponent’s inaccurate projections have distorted reality and that should shake us all to our cores.
3876,4295,5,18,124,147,1.1904761904761905,0.039013715732043514,655,"Wait, you were supposed to come in later!"
3701,4295,2,20,104,126,1.1904761904761905,0.03856848901203158,655,"I don't care how loud you yell sir, I'm always going to be round."
2889,4295,2,24,121,147,1.1904761904761905,0.03524920048560024,655,"I just rolled in from orbit and boy, is my ozone layer depleted!"
2236,4295,3,22,122,147,1.1904761904761905,0.036547148931067024,655,The dream of a post-border continent...of course we'll call it America.
2140,4295,7,14,126,147,1.1904761904761905,0.04133335136970877,655,You are a cheap recreation of my Mother!
2062,4295,3,22,122,147,1.1904761904761905,0.036547148931067024,655,"I've upped my carbon usage, World.  Up yours!"
2711,4295,2,24,121,147,1.1904761904761905,0.03524920048560024,655,So you want me to explain why I'm thinking of turning off the magnetic field..
189,4303,4,23,136,163,1.1901840490797546,0.03540714086767703,655,You’ve no rights because you’re not registered.
377,4303,4,23,136,163,1.1901840490797546,0.03540714086767703,655,"I don't care what you say, you're not changing!"
381,4303,4,23,136,163,1.1901840490797546,0.03540714086767703,655,Stop parroting liberal talking points!
833,4303,2,27,134,163,1.1901840490797546,0.03319917017555807,655,"Hey, there's no need to be snippy."
2827,4303,8,15,140,163,1.1901840490797546,0.039454113506442484,655,...and here we see a crazy chicken and a tornado.
4145,4308,4,19,119,142,1.1901408450704225,0.038622131262132306,655,That explains the gaping hole in the wall...
5033,4308,4,19,119,142,1.1901408450704225,0.038622131262132306,655,I object! My opponent is lurking again.
2528,4308,3,21,118,142,1.1901408450704225,0.03730655307532889,655,My world view?  I see the big picture as if it's standing right in front of me.
820,4308,3,21,118,142,1.1901408450704225,0.03730655307532889,655,"And here at long last, before you,  is proof of the Southeast Passage!!"
420,4308,2,23,117,142,1.1901408450704225,0.03594285438714189,655,Global warming is no excuse for all that hot air.
2007,4308,3,21,118,142,1.1901408450704225,0.03730655307532889,655,"My opponent is perfectly comfortable with 3rd place. I say, you deserve better."
1672,4314,4,15,102,121,1.1900826446280992,0.04282395506787311,655,My opponent seems needlessly hot under the collar.
3966,4314,4,15,102,121,1.1900826446280992,0.04282395506787311,655,A flat earth is not really up for debate.
1848,4316,5,20,133,158,1.1898734177215189,0.03718713583173612,655,You appear to be as healthy as can be but our industry is polluted from all the regulations!
3587,4316,4,22,132,158,1.1898734177215189,0.03608680390786284,655,"Obviously,my opponent doesn't even belong in this universe!"
3699,4318,6,14,117,137,1.1897810218978102,0.042126859053161,655,During this debate on climate policy I
886,4318,2,22,113,137,1.1897810218978102,0.03667837817927331,655,"And I resent, Sir, the implication that I have just flooded you with a bunch of hot air!"""
1649,4318,2,22,113,137,1.1897810218978102,0.03667837817927331,655,We now want to kick-off the planetary session of the conference...
1802,4318,4,18,115,137,1.1897810218978102,0.0394966813767099,655,You're on sitting on the axis of evil!
4357,4322,4,14,98,116,1.1896551724137931,0.04400114674709866,655,You will not replace me!
2218,4323,4,17,111,132,1.1893939393939394,0.04042993522120931,655,My opponent's foreign policy promises are grossly inflated.
673,4324,8,12,128,148,1.1891891891891893,0.042177527948967675,655,At the top you see the land mass that is causing the system collapse.
3056,4324,5,18,125,148,1.1891891891891893,0.03877058000358319,655,I speak for the world.
3062,4324,2,24,122,148,1.1891891891891893,0.03503386766748057,655,"Don't worry, you've only got the weight of the world on your shoulders."
3583,4324,3,22,123,148,1.1891891891891893,0.036322177069935874,655,"Watch out world, I'm coming for you!"
3828,4328,3,25,136,164,1.1890243902439024,0.03413070653789578,655,I am *paying* for this microphone!
3307,4328,5,21,138,164,1.1890243902439024,0.03625656529444611,655,"Now, let's hear from planet Earth herself and her opinions on whether Pluto should be a planet or not. Ms. Earth, can you tell us what you think?"
4613,4330,3,21,119,143,1.1888111888111887,0.03706860462623555,655,"I know you're upset about the receding hair line, we're working on new treatments."
957,4330,3,21,119,143,1.1888111888111887,0.03706860462623555,655,I have invited my dear friend Mother Earth here to tell you all how great she really feels.
137,4332,1,28,130,159,1.1886792452830188,0.0323800614571088,655,Welcome. Be my guest.
5059,4333,2,19,101,122,1.1885245901639345,0.039182762519031016,655,Look at you. You ought to sweat off a few pounds.
1726,4334,4,18,116,138,1.1884057971014492,0.03923353875954684,655,"And in 2020, I'll be making America even greater.  ALL of it."
4646,4334,1,24,113,138,1.1884057971014492,0.034955843505855747,655,"Who speaks for Earth?
(And thank you, Carl Sagan, for asking us this question a while ago.)"
4717,4334,6,14,118,138,1.1884057971014492,0.04184308317023084,655,"You win, there is global warming plus global shrinkage."
4920,4334,2,22,114,138,1.1884057971014492,0.036437583866152166,655,.....and that's why you are on a stage now.
42,4338,5,19,130,154,1.1883116883116882,0.03772842943363952,655,"Tonight, Earth is on fire!"
336,4338,6,17,131,154,1.1883116883116882,0.03883705479761218,655,"Look! You can see..... "" We are the WORLD!!"""
4391,4340,3,19,111,133,1.1879699248120301,0.03870537646987594,655,Nonsense! My argument represents the greater good.
3978,4340,2,21,110,133,1.1879699248120301,0.03720463682287573,655,"Now, those running on the Democratic side are…"
3034,4340,5,15,113,133,1.1879699248120301,0.04154453635293475,655,WAAA  WAAA WAAA!   All my opponent does is complain!
3094,4340,5,15,113,133,1.1879699248120301,0.04154453635293475,655,"If I hear you conflate climate and weather one more time, I’m going to roll over you."
3133,4340,3,19,111,133,1.1879699248120301,0.03870537646987594,655,"Today's hypothetical is God doing a make over."""
1106,4345,3,22,124,149,1.1879194630872483,0.03609991716469566,655,"I'm happy to introduce the globe, who will testify that it has a fever."
1792,4345,4,20,125,149,1.1879194630872483,0.03733495333953283,655,I am not a resource. I am the World.
4181,4345,1,26,122,149,1.1879194630872483,0.033493500506269556,655,"Your issues are too big, I can't hear any more."
4180,4348,2,23,119,144,1.1875,0.03549071855205391,655,I’ll agree with one thing my opponent just said: Voters have a critical choice to make next Tuesday.
2621,4348,3,18,107,128,1.1875,0.03960620626622991,655,"Did the dinosaurs vote for that idea, World?"
3644,4348,3,18,107,128,1.1875,0.03960620626622991,655,And my oponit claims to have the weight of the world on his shoulders! But”
375,4348,3,24,133,160,1.1875,0.03455410032190975,655,"And do not refer to my opponent as ""Homey""!"
669,4348,3,24,133,160,1.1875,0.03455410032190975,655,"World, shmorld, after taxes we got what?"
356,4353,6,17,132,155,1.1870967741935483,0.03860480137343009,655,"Yes, it's the first World End, and is only available until Doomsday!"
1874,4353,4,21,130,155,1.1870967741935483,0.036369717182832766,655,I feel hot
3922,4353,4,21,130,155,1.1870967741935483,0.036369717182832766,655,"And by 2019, construction was begun on the Great Wall of Canada."
4792,4353,4,21,130,155,1.1870967741935483,0.036369717182832766,655,This is not the way New Zealand wanted to get on the map.
3518,4357,2,22,115,139,1.1870503597122302,0.03619987799853548,655,"They're All against me, every last one of them!"
1134,4358,4,23,139,166,1.1867469879518073,0.034821216236140776,655,"Look I hate to break it to you but if you’re round then that would make me wrong, which is simply impossible."
3342,4359,4,20,126,150,1.1866666666666668,0.03710637308053225,655,A whole new world -a new fantastic point of view...
3779,4359,4,20,126,150,1.1866666666666668,0.03710637308053225,655,'My opponent is an enemy of the People '
4864,4361,5,15,114,134,1.1865671641791045,0.04125719104336626,655,But what about Newfoundland?
3957,4361,2,21,111,134,1.1865671641791045,0.03695258124795449,655,on the other side of the coi
1376,4361,2,21,111,134,1.1865671641791045,0.03695258124795449,655,This is the Southland. You can’t express those views.
1659,4361,3,19,112,134,1.1865671641791045,0.03844104722195697,655,"Hold on a minute, now.  That's just YOUR opinion!"
2973,4361,3,19,112,134,1.1865671641791045,0.03844104722195697,655,"If being wordly, were all  you require, take my opponent."
1680,4366,3,16,99,118,1.1864406779661016,0.041605391784949604,655,"Excuse me, I’m speaking now. You’ll get your turn."
170,4366,4,14,100,118,1.1864406779661016,0.04331135159774357,655,We will now hear from the world champion speaker.
4742,4366,5,12,101,118,1.1864406779661016,0.04495261648522338,655,"Mother knows best.”
Lynne Ruffini, West Hurley, N"
960,4369,2,26,133,161,1.186335403726708,0.03320949050550226,655,Make North America great again!
1898,4370,1,25,119,145,1.186206896551724,0.03388368499536477,655,"I'd like to introduce our keynote speaker, who has a World of comments to share."
1070,4370,6,15,124,145,1.186206896551724,0.04033647619624502,655,"I don't care what you say, I'm right!"
1061,4370,6,15,124,145,1.186206896551724,0.04033647619624502,655,I am the Donald and you are not even a grain of sand  in the Universe.
399,4370,5,17,123,145,1.186206896551724,0.039131136851837243,655,"No matter what the entire world says, I still think it's a Chinese hoax."
844,4374,5,14,110,129,1.186046511627907,0.042292931865882157,655,My opponent only cares about himself when it comes to his policies.
944,4374,1,22,106,129,1.186046511627907,0.03611365339841903,655,Thank you Earth for your introduction. As you can see the Western Hemisphere matters and we are going to be great again!
115,4376,5,19,132,156,1.185897435897436,0.03728202397651635,655,My opponent can't even control his own warming.
1710,4377,3,20,117,140,1.1857142857142857,0.03736670628395326,655,"Lord, God, what a majority!"
37,4377,4,18,118,140,1.1857142857142857,0.03871751104384216,655,"My opponent in today's debate is an old friend I haven't seen for 30 years...all I can say is ,it's a small world....."
209,4377,3,20,117,140,1.1857142857142857,0.03736670628395326,655,"I'm sorry, where exactly is your mouth? Or your eyes? It's a small thing, but I like to look people in the eyes when I speak to them."
1391,4377,4,18,118,140,1.1857142857142857,0.03871751104384216,655,"Bye, bye, Miss American Pie"
1516,4377,4,18,118,140,1.1857142857142857,0.03871751104384216,655,AI Maps 4.0 will roll out this Spring
2772,4377,4,18,118,140,1.1857142857142857,0.03871751104384216,655,"You're not real, so therefore I win!"
4526,4377,4,18,118,140,1.1857142857142857,0.03871751104384216,655,And how does your agenda help us?
3554,4384,1,21,102,124,1.185483870967742,0.036870310707667026,655,Now don't you get heated with me!
2521,4385,3,22,126,151,1.185430463576159,0.03566334309360599,655,And that little spot in the muddle is Brexit.
4342,4385,5,18,128,151,1.185430463576159,0.038058829226782026,655,Introducing.......World B. Free!!!!!!
4929,4387,4,22,136,162,1.1851851851851851,0.0352695343365013,655,Whoa! The small globe!
4967,4387,3,24,135,162,1.1851851851851851,0.034165169635348186,655,My name is Scott Pilgrim.
4267,4387,2,26,134,162,1.1851851851851851,0.03302389407853943,655,You're damn right I'll go up against you!
3028,4387,3,19,113,135,1.1851851851851851,0.0381802555851705,655,Man has debate with the earth
1879,4387,3,19,113,135,1.1851851851851851,0.0381802555851705,655,"Excuse me, Globe Guy, but it’s not like you have a say in this any more!"
1351,4387,1,23,111,135,1.1851851851851851,0.035165541052596595,655,As promised; the worldly viewpoint!
605,4387,3,19,113,135,1.1851851851851851,0.0381802555851705,655,'Turn around. Show everyone the old earth'.
898,4394,3,21,122,146,1.1849315068493151,0.03637237821192262,655,"Your right, but, my wife drives a Prius!"
1406,4394,4,19,123,146,1.1849315068493151,0.037648681359122055,655,"'""You're no ball of fire either."""
1435,4394,3,21,122,146,1.1849315068493151,0.03637237821192262,655,"My opponent wants you to think she looks out all of us. But did you know that billions on Earth are terribly poor — and what's more, they're mostly people of color? So, I ask you this: Who's really looking out for you? Earth? Or me, Pete Buttigieg?"
3195,4394,5,17,124,146,1.1849315068493151,0.03888311355036097,655,What do you mean Nancy Pelosi sent you to refute the emergency need for a beautiful border wall?
3434,4394,4,19,123,146,1.1849315068493151,0.037648681359122055,655,"While you do have a very compelling case supporting Flat Earth, I must remind you that your word is ""loquacious""."
3398,4399,3,23,131,157,1.1847133757961783,0.03478974439102747,655,"Now, direct your eyes to the big blue ball to my left."
3332,4400,4,23,141,168,1.1845238095238095,0.03444111705624404,655,Please wait until I call on you.
658,4401,2,22,117,141,1.1843971631205674,0.03573350205538369,655,My Opponent maintains he's the salt of the earth!
936,4401,3,20,118,141,1.1843971631205674,0.03712412008029051,655,Sure! Lord it OVER us!
1458,4401,2,22,117,141,1.1843971631205674,0.03573350205538369,655,"And I see that you have  5,972,000,000,000,000,000,000 tons of weight on your shoulders."
1738,4401,4,18,119,141,1.1843971631205674,0.03846449550338009,655,"Except for the commies, not so many s-hole countries in this hemisphere."
2201,4401,4,18,119,141,1.1843971631205674,0.03846449550338009,655,"...and furthermore, my opponent doesn’t even speak English!"
3374,4401,6,14,121,141,1.1843971631205674,0.04101404222357245,655,It's ideas like those that let the terra-rists win.
3614,4401,6,14,121,141,1.1843971631205674,0.04101404222357245,655,Indiana Jones and The Temple Doomed By Global Warming
4110,4401,2,22,117,141,1.1843971631205674,0.03573350205538369,655,Where in the world are we?
674,4409,1,26,125,152,1.1842105263157894,0.03289909347239284,655,Your five minutes are up!  Moderator--!
159,4409,5,18,129,152,1.1842105263157894,0.03782728980865462,655,It's high time the voice of Earth is heard now.
4101,4411,1,23,112,136,1.1838235294117647,0.03493256167503407,655,"When I said. “What the hell is going on with Global Waming? Please come back fast, we need you!” I was just being rhetorical."
3431,4411,2,21,113,136,1.1838235294117647,0.03645841915187351,655,This world's too big for the both of us.
155,4411,4,17,115,136,1.1838235294117647,0.03933295375128817,655,Your lectern was only meant for Al Gore.
2651,4411,5,15,116,136,1.1838235294117647,0.04069414838370024,655,Enough hperglobe!
492,4415,3,21,123,147,1.183673469387755,0.036145998903366075,655,"I dont care what you look like, I still say your flat!"
1629,4415,3,21,123,147,1.183673469387755,0.036145998903366075,655,"Furthermore, warmer temperatures decrease my steak grilling time and shorten the time it takes for my bathtub to fill up with hot water."
2841,4415,0,27,120,147,1.183673469387755,0.0320463626075641,655,"Look, the earth has come to take revenge on us for taking its polar ice cap, I really want to say I told you so!"
5204,4415,3,21,123,147,1.183673469387755,0.036145998903366075,655,And now welcome our special gue... STOP!
3906,4419,4,21,133,158,1.1835443037974684,0.03573511036713668,655,That's the classic 'appeal to the masses' fallacy!
2441,4420,2,18,100,120,1.1833333333333333,0.03922093802369406,655,Help me welcome our guest speaker - the creator of the Flat Earth Society!
3015,4421,2,20,109,131,1.183206106870229,0.03722860567036315,655,Welcome to our world.
647,4421,3,18,110,131,1.183206106870229,0.03877381709679479,655,"I should at least be King of the Western Hemisphere, if not the whole world!"
8,4423,1,24,117,142,1.1830985915492958,0.03406897513006314,655,"They come in peace, they’re only looking for water, air and shelter."
1104,4423,3,20,119,142,1.1830985915492958,0.036884621567083394,655,Morphing is impressive. But I offer stability!
3035,4423,3,20,119,142,1.1830985915492958,0.036884621567083394,655,Please lower your weather.
3406,4426,2,24,127,153,1.1830065359477124,0.03399486557572878,655,I don't see Nations! I see Dictators!
4580,4426,3,22,128,153,1.1830065359477124,0.035237057163125494,655,Keep your cool! You're not THAT big Ms. Earth.
4511,4428,6,11,109,126,1.1825396825396826,0.04422280335538122,655,"Get real- with the Wall nearly done and 2% of the world's population behind me, why do I need to listen to a bunch of losers like you?"
1223,4428,5,13,108,126,1.1825396825396826,0.04276297709028909,655,You don't intimidate me...there is no such thing as climate change.
3065,4428,4,15,107,126,1.1825396825396826,0.04125152218573835,655,Act like the whole world is about to judge your speech.
2363,4431,6,13,118,137,1.1824817518248176,0.04172506326006515,655,"And if we look to my left, I can show you the world. Shinning, shimmering, splendid”"
716,4431,3,19,115,137,1.1824817518248176,0.03766900958598611,655,God thought it would be better for it to come straight from the horse's mouth.
1324,4431,1,23,113,137,1.1824817518248176,0.034702591679549866,655,"Holy guacamole, it is about to burst!"
2017,4434,4,19,125,148,1.1824324324324325,0.037179916867222204,655,"And you, my friend, or a radical environmentalist!"
2981,4434,1,25,122,148,1.1824324324324325,0.03326500004782579,655,"Let’s give a rousing welcome to our keynote speaker, The Global Economy!"
3289,4434,4,19,125,148,1.1824324324324325,0.037179916867222204,655,"Is it true what Beyoncé’ says, do girls run the World?"
194,4437,5,21,144,170,1.1823529411764706,0.035075900409562884,655,Trump: There's no global warming as you can see.
3027,4438,4,16,112,132,1.1818181818181819,0.039977702867971206,655,"In conclusion, it's cold outside."
4270,4438,8,12,134,154,1.1818181818181819,0.04063679668640397,655,I've been upstaged by a prop!
4140,4438,1,22,109,132,1.1818181818181819,0.03537280683785209,655,But the A.C.'s on!
2922,4438,4,16,112,132,1.1818181818181819,0.039977702867971206,655,Clearly we are in agreement.  You seem to be warming up to my belief that fossil fuel consumption is harmless.
4445,4438,4,18,121,143,1.1818181818181819,0.03796814700217342,655,Our next speaker has a world of experience in Human Lack-of-Change Studies.
924,4438,5,16,122,143,1.1818181818181819,0.03924376693206433,655,The next speaker will be satellited in once we have a lnk
627,4438,3,18,111,132,1.1818181818181819,0.038503977789260437,655,"And now, back by popular demand, put your hands together for GOD!"
522,4438,5,12,104,121,1.1818181818181819,0.043913262867240725,655,"Sure, you’re worldly, but I figured out how to keep subscribers signed-into The New Yorker websites!"
69,4438,2,20,110,132,1.1818181818181819,0.03697155507402858,655,I  see right through all those phony warm feelings you're projecting.
1888,4438,4,18,121,143,1.1818181818181819,0.03796814700217342,655,I’m Donald Trump!!!
4714,4438,5,18,131,154,1.1818181818181819,0.03737247558646991,655,Man: It's not all about you.
5108,4449,6,17,137,160,1.18125,0.03748361801503232,655,I was thinking much flatter.
2182,4450,7,13,129,149,1.1812080536912752,0.040464484470478755,655,"America is now GREAT! Promise Made, Promise Kept"
1317,4450,4,19,126,149,1.1812080536912752,0.03694983543616943,655,"I knew America. America was a friend of mine. Believe me, Senator, you're no American!"
4200,4452,4,17,117,138,1.181159420289855,0.03880624707241912,655,"Yeah, don’t flat-earth yourself."
3365,4452,2,21,115,138,1.181159420289855,0.03597710058150387,655,You don't seem to be going around the sun right now.
1452,4452,3,19,116,138,1.181159420289855,0.03741842178725129,655,"But can my opponent promise ""Free Pizza Fridays""?"
1650,4452,3,19,116,138,1.181159420289855,0.03741842178725129,655,Don’t believe Mother. She’s full of hot air!
1927,4452,4,17,117,138,1.181159420289855,0.03880624707241912,655,"Some say he’s got the whole world 
on his stand but l know better!"
161,4457,4,20,131,155,1.1806451612903226,0.03600373269055227,655,I'm sure we can all agree ...
1408,4457,4,20,131,155,1.1806451612903226,0.03600373269055227,655,Are you sure climate change is real?
4639,4457,2,24,129,155,1.1806451612903226,0.03359604748374419,655,I’ve changed my mind. There is such a thing as climate change!
4669,4457,3,22,130,155,1.1806451612903226,0.03482070629799701,655,Just another Davos-style globalist.
1224,4461,3,20,121,144,1.1805555555555556,0.036414658692538,655,Cool your rhetoric! Your stormy outbursts will convince no one.
1345,4461,3,20,121,144,1.1805555555555556,0.036414658692538,655,"Before you continue, what we’re the dinosaurs really like?"
1931,4461,5,16,123,144,1.1805555555555556,0.03899073687357329,655,"Yeah, but Columbus was a moron, and anyway that don't prove you ain't flat..."
3674,4461,1,24,119,144,1.1805555555555556,0.033641896103576555,655,World domination is so seventeen century.
5203,4465,3,18,112,133,1.1804511278195489,0.038237822407240246,655,You haven't changed at all.
4369,4465,3,18,112,133,1.1804511278195489,0.038237822407240246,655,"However, my opponent..."
3319,4465,2,20,111,133,1.1804511278195489,0.03671797782959866,655,You're such a loser.
2389,4465,2,20,111,133,1.1804511278195489,0.03671797782959866,655,And if you'll look here at our 3D map.
1300,4469,0,22,100,122,1.180327868852459,0.03495093710747713,655,There you go again...trying to get the last word.
4480,4470,5,17,128,150,1.18,0.03792138341240353,655,"My opponent is worthy, but easily influenced by fake science."
4973,4470,3,21,126,150,1.18,0.03548324115247314,655,"All those running against the GOP incumbent in the 2020 Presidential election, shout, ""Facts are not fake news."""
5008,4470,5,17,128,150,1.18,0.03792138341240353,655,And no matter what my opponent thinks...
3211,4473,3,19,117,139,1.1798561151079137,0.03717110462151141,655,And regardless of the terraqueous knowledge of my opponent...
2187,4473,1,23,115,139,1.1798561151079137,0.03425145529277146,655,This would be a lot easier if I was flat.
2126,4473,5,15,119,139,1.1798561151079137,0.03987756070641697,655,Apparently there is life on other planets too!
1994,4473,4,17,118,139,1.1798561151079137,0.03854809247341117,655,"Yes an SUV. What are you driving at?"""
1492,4473,2,21,116,139,1.1798561151079137,0.03574110524631316,655,I don't care what her record says; I'm here to tell you that she's been flip-flopping for years.
1850,4473,2,21,116,139,1.1798561151079137,0.03574110524631316,655,My sixty seconds isn't up yet!
223,4473,5,15,119,139,1.1798561151079137,0.03987756070641697,655,Your points are falling a bit flat
207,4473,6,13,120,139,1.1798561151079137,0.041164113769754394,655,"You may be the entire planet earth, but you're not God. So shut up."
1870,4473,0,25,114,139,1.1798561151079137,0.03269400212756783,655,You say you feel bloated?
1368,4482,2,19,107,128,1.1796875,0.03750589479587144,655,Does anyone know what this sphere is trying to tell us?
4009,4483,4,22,141,167,1.1796407185628743,0.03429796109134218,655,You and whose army?!
1219,4484,5,18,133,156,1.1794871794871795,0.03692836098574405,655,"i am for peace, where my opponent is obviously for world"
3729,4484,3,22,131,156,1.1794871794871795,0.03461615046789343,655,"Frank lost his job and reputation shortly after his misguided attempt at a “Heavenly Body” joke. 
#earthtoo"
370,4486,1,24,120,145,1.1793103448275861,0.0334322748787333,655,"And now we shall hear from Halliwell, our correspondent who is sheltering near that sqiggly line by the Bering Sea."
498,4486,5,16,124,145,1.1793103448275861,0.03874091849736257,655,"Just cool off, you hoaxer!!"
3044,4486,3,20,122,145,1.1793103448275861,0.03618408330734987,655,"What my opponent said is wrong, there’s no such thing called “Global Warming”."
1784,4489,2,20,112,134,1.1791044776119404,0.036467805348237306,655,It's just not economically feasible!
2431,4489,4,16,114,134,1.1791044776119404,0.03942515095957175,655,And now a rebuttal from Terra Cotta
4125,4489,4,16,114,134,1.1791044776119404,0.03942515095957175,655,"Your head is so big, it won't fit in the continent of Europe!"
1239,4492,4,21,137,162,1.1790123456790123,0.03492224209137745,655,Today the world is recursive.
4403,4492,5,19,138,162,1.1790123456790123,0.03600339190673985,655,"All our problems are  here, join my campaign to find a new planet."
3437,4494,5,17,129,151,1.1788079470198676,0.037688267906190794,655,As you can see the world is very very bigly.
3071,4494,4,19,128,151,1.1788079470198676,0.03649801798753268,655,And if I am elected that's what you'll get.
1311,4496,4,17,119,140,1.1785714285714286,0.03829331427382206,655,My opponent's campaign is a one-issue wonder.
1878,4496,3,19,118,140,1.1785714285714286,0.03692699547966089,655,Before the Lorax...
2837,4496,4,17,119,140,1.1785714285714286,0.03829331427382206,655,At least Pluto is not Flat
3414,4496,1,23,116,140,1.1785714285714286,0.03403017997773859,655,My opponent would have you believe the world is his oyster!
4096,4496,3,19,118,140,1.1785714285714286,0.03692699547966089,655,May I call you Ted?
4948,4496,2,21,117,140,1.1785714285714286,0.03550814092903328,655,They're weren't kidding when they said his speech was out of this world
3345,4502,1,21,107,129,1.178294573643411,0.035576666183499646,655,Your rebuttal?
4411,4502,3,17,109,129,1.178294573643411,0.038832296336267204,655,"Stop. I'll go first. Then, it's your turn.

garygcampbell@comcast.net"
1027,4504,3,20,123,146,1.178082191780822,0.035956373485418296,655,You come here and accuse me of taking money from Big Oil when you’re no stranger to Big Earth
1444,4504,2,22,122,146,1.178082191780822,0.03461773364813663,655,My opponent is a liar
4251,4504,5,16,125,146,1.178082191780822,0.0384942517371362,655,When Xi speaks America listens
4890,4504,2,22,122,146,1.178082191780822,0.03461773364813663,655,"Think global, vote local politician."
4569,4508,3,18,114,135,1.1777777777777778,0.037716270287603874,655,"And the Lord Sayeth, ""America shall have dominion over all the beasts of the earth and the birds of the air."""
4508,4508,5,14,116,135,1.1777777777777778,0.04054175234785341,655,"And now our sponsor, Earth, Inc. -- working today for a better tomorrow."
3313,4508,5,14,116,135,1.1777777777777778,0.04054175234785341,655,"Given your history of peaceful debate, I look forward to being slaughtered at the end of this one"
4763,4508,4,16,115,135,1.1777777777777778,0.039154506304142495,655,I suppose you're going to argue that the environment is more important than the environment.
2388,4508,0,24,111,135,1.1777777777777778,0.033027898599017176,655,My main rebuttal? The world is not a podium.
900,4508,5,14,116,135,1.1777777777777778,0.04054175234785341,655,Protect it? Please! Don't be swayed by my opponents leftist liberal agenda.
2968,4508,2,20,113,135,1.1777777777777778,0.03622097078895108,655,"You may say that I'm a dreamer 
But I'm not the only one 
I hope someday you'll join us 
And the world will be as one…"
5083,4515,5,17,130,152,1.1776315789473684,0.037457974225273,655,My opponent is racist.
3719,4516,5,20,144,169,1.1775147928994083,0.03494680386251235,655,Let me get my lever.
1057,4517,1,23,117,141,1.177304964539007,0.03381169612215245,655,This is God’s view. See how easy it is to see the borders?
3213,4517,4,17,120,141,1.177304964539007,0.038041847516096454,655,Stop! In the name of the Flat Earth Society!
4694,4517,4,17,120,141,1.177304964539007,0.038041847516096454,655,"Welcome, Mr. Trump!"
5029,4520,4,20,134,158,1.1772151898734178,0.035372708698403484,655,Please....stop globalizing the solution to climate change!
4112,4520,3,22,133,158,1.1772151898734178,0.03421407408623916,655,"And finally, we are pleased that Gaia has accepted the position of head of the EPA."
4,4520,3,22,133,158,1.1772151898734178,0.03421407408623916,655,"They're coming by the millions, folks!"
593,4520,4,20,134,158,1.1772151898734178,0.035372708698403484,655,"No, no, no. It's not DAIS ex machina."""
1488,4524,3,17,110,130,1.176923076923077,0.03855682888559604,655,"My opponent isn't who they say they are. In fact, I have it on good authority they're nothing more than a Van der Grinten projection."
1243,4525,5,16,126,147,1.1768707482993197,0.03825067799378633,655,"And if you let them get the Senate and the White House, they'll eliminate all the borders."
4951,4525,5,16,126,147,1.1768707482993197,0.03825067799378633,655,Will you just listen to me mother?  Can't you see the world's changing?
5261,4525,4,18,125,147,1.1768707482993197,0.03701251689454226,655,The atmosphere in the room heats up as the Green Party candidate is asked about their views on Pluto's legitimacy
1574,4528,4,21,139,164,1.1768292682926829,0.034529365645152806,655,You heard what I said...climate change is a hoax!
4374,4529,3,21,129,153,1.1764705882352942,0.03484405163288779,655,I hereby announce my intention to quit if  you don’t treat me with respect  it’s your call.
850,4529,3,21,129,153,1.1764705882352942,0.03484405163288779,655,"I knew you'd say, ""Proof is staring you in the face"", that does not change my argument, climate change is a hoax!"""
1222,4529,3,18,115,136,1.1764705882352942,0.037460731714789794,655,“Lord save us ... America First!”
3068,4529,5,17,131,153,1.1764705882352942,0.037230452027961713,655,"Wait, you're not our next contestant. We must have you mixed up with Pangea."
1149,4533,6,16,137,159,1.1761006289308176,0.037362481649731924,655,My worthy opponent is clearly full of hot air!
346,4533,4,20,135,159,1.1761006289308176,0.035167201242443775,655,"The world speaks, yet we acquiesce."
885,4535,4,17,121,142,1.176056338028169,0.03779362887105737,655,It's all about us
1666,4535,3,19,120,142,1.176056338028169,0.03644815855946875,655,"Digital, schmigital! I like tangible."
3341,4535,6,13,123,142,1.176056338028169,0.040350199813350536,655,"We didn't come here because of global warming, it was a hoax created by opposition. We came here to escape from Facebook, Google."
4058,4535,6,13,123,142,1.176056338028169,0.040350199813350536,655,My opponent doesn't know the first thing about global warming!
4626,4535,7,11,124,142,1.176056338028169,0.04156956513898551,655,"Okay, well hang on a minute Bill, let me finish."
775,4540,2,18,105,125,1.176,0.037783765074775245,655,"Oh, yeah ? Well, I have dominion!"
3042,4540,1,20,104,125,1.176,0.03603582446900985,655,I present to you.....the world!
5260,4542,2,25,138,165,1.1757575757575758,0.032111588456412814,655,Ladies and gentleman...This is your world...
4174,4543,3,20,125,148,1.1756756756756757,0.03550934275758402,655,I promise to build a wall to keep out all who do not support social justice in the world.
3067,4543,3,20,125,148,1.1756756756756757,0.03550934275758402,655,I should have brought back up!
97,4545,2,19,110,131,1.1755725190839694,0.03671943111377625,655,I just don't see any proof of climate change
4999,4545,3,17,111,131,1.1755725190839694,0.0382851986205591,655,Are you going to freeze us or to cook us?
1162,4547,4,19,131,154,1.1753246753246753,0.03584042205260224,655,What the hell is going on with Global Waming?
4132,4547,2,23,129,154,1.1753246753246753,0.03338818619304481,655,"I'll concede that heat causes expansion, but there's no evidence..."
1394,4549,3,22,135,160,1.175,0.03382111654762896,655,"Woah, slow your roll! I let you speak about climate change, but I wanna talk to you about global warming!"
4593,4549,4,20,136,160,1.175,0.034964042625668434,655,"Okay, is this, like, some kind of Ayn Rand thing? And if it is, should we call an ambulance?"
5056,4551,2,21,120,143,1.1748251748251748,0.03482687171239298,655,"Is it getting hotter and hot in here could we mayb-""
""I told you already we are not stopping this debate to get rid of C02!"
5101,4551,4,17,122,143,1.1748251748251748,0.037548596588295395,655,"Really? I‘m sweltering over here, and now you tell me the mike was off the entire time?"
4715,4551,3,19,121,143,1.1748251748251748,0.03621331315291399,655,Today I invited someone of MY caliber.
3423,4551,3,19,121,143,1.1748251748251748,0.03621331315291399,655,"Weltanschauung, Schweltanschauung"
3400,4551,3,19,121,143,1.1748251748251748,0.03621331315291399,655,You've never done one single thing for the American public!
1652,4551,2,21,120,143,1.1748251748251748,0.03482687171239298,655,Your comments mean the world to me!
922,4551,2,21,120,143,1.1748251748251748,0.03482687171239298,655,Is this the world on your shoulders?
4265,4558,3,16,107,126,1.1746031746031746,0.03916487749407272,655,"Whoa! You need to do something about that cough,"
4054,4559,1,24,124,149,1.174496644295302,0.03261884551216988,655,"This is your central conceit, Mr. Trump."
3741,4559,5,16,128,149,1.174496644295302,0.03777258223653269,655,"I can show you, The World!"
4427,4559,4,18,127,149,1.174496644295302,0.03655233572903953,655,With my opponent's all consuming hot air indeed he will blow up our world.
251,4559,4,18,127,149,1.174496644295302,0.03655233572903953,655,Stop the earth I'm getting off.
176,4559,2,22,125,149,1.174496644295302,0.033980638665481414,655,"Have you no sense of decency, sir?"
834,4559,3,20,126,149,1.174496644295302,0.035289921021181316,655,"If you're so round, why are you standing still?"
779,4565,2,19,111,132,1.1742424242424243,0.03646445850262836,655,"There my opponent goes again, vastly exaggerating the situation.""

Krishna Winston
Middletown C"
810,4565,6,11,115,132,1.1742424242424243,0.042335545560505485,655,Or am I taking you out of context?
1257,4565,2,19,111,132,1.1742424242424243,0.03646445850262836,655,"I tell you, I am as diwn to earth as my opponent."
2755,4568,4,19,132,155,1.1741935483870967,0.03562640376028724,655,You had the whole world . Apparently you still have it on your shoulders.
4868,4569,6,16,139,161,1.173913043478261,0.03692910930731614,655,You were saying?
66,4569,4,20,137,161,1.173913043478261,0.03476319333902042,655,And here we see the famous Macondo projection.”
2980,4569,5,14,119,138,1.173913043478261,0.03971900066574726,655,Give me a break! That's just a hoax invented by the Chinese.
4523,4569,0,24,114,138,1.173913043478261,0.032383119057630215,655,"Forget voting red or blue, let's talk green!"
2646,4573,3,19,122,144,1.1736111111111112,0.035981440425318194,655,"The Midwest ""Rules"
1920,4573,1,23,120,144,1.1736111111111112,0.03317248650358499,655,My opponent seems to believe it’s a living breathing organism!
4289,4575,2,22,126,150,1.1733333333333333,0.03377338171479713,655,I want to point out that my opponent's fake sunny smile is proof that there is no such thing as climate change.
853,4576,2,18,107,127,1.1732283464566928,0.03723758442636028,655,"And on my right, your left, the representative from the Eastern Hemisphere"
1795,4576,3,16,108,127,1.1732283464566928,0.038879584242416866,655,The snowstorm was a little bigger than we anticipated.
413,4578,4,19,133,156,1.1730769230769231,0.035414900550674824,655,Don't say it!
2687,4579,1,30,154,185,1.172972972972973,0.028917436293083413,655,"And on the Seventh Day, we dug the Panama Canal..."
4924,4580,2,19,112,133,1.1729323308270676,0.03621295680475787,655,The real Inconvenient Truth is that my opponent brought globe for his demonstration that is much too large.
3102,4580,3,17,113,133,1.1729323308270676,0.03775313771193071,655,Hello. I'm Donald Trump.
3883,4580,4,15,114,133,1.1729323308270676,0.039232901672559856,655,"Unlike my opponent, I will NOT play into partisan politics!"
946,4580,2,19,112,133,1.1729323308270676,0.03621295680475787,655,It’s about time someone paid attention to me!
3020,4580,3,17,113,133,1.1729323308270676,0.03775313771193071,655,And that is why I think the earth is flat
955,4585,4,20,138,162,1.1728395061728396,0.034564614739648385,655,But do you have a Twitter?
3695,4586,4,16,119,139,1.1726618705035972,0.03810775205592694,655,It's me or the Earth
4546,4586,5,14,120,139,1.1726618705035972,0.039452061813184315,655,"We needed a roof, but we just built a wall!"
5002,4588,1,23,121,145,1.1724137931034482,0.0329646675855172,655,"Cheer up Greta Thunberg,
there is HOPE"
2434,4588,1,23,121,145,1.1724137931034482,0.0329646675855172,655,"OK, you've made your point!"
2704,4588,4,22,148,174,1.1724137931034482,0.03302340110427059,655,Ok keep this image in your brain. Now imagine it just a blue ball of water...
4749,4588,3,19,123,145,1.1724137931034482,0.035752485091944335,655,"It really is a National emergency,we really are being over run!"
4447,4592,2,22,127,151,1.1721854304635762,0.033568603806216984,655,"No, it is not yet your turn to speak"
1307,4592,4,18,129,151,1.1721854304635762,0.03610334614685831,655,I strongly disbelieve my opponent's plan to raise temperatures and wash away my ignorance.
618,4592,1,24,126,151,1.1721854304635762,0.03222655645191111,655,"As you can see, and as my former colleague can attest, here we have an example of “global growing”!"
1273,4595,2,17,103,122,1.1721311475409837,0.03806137940125822,655,"And now, for a sketchy view of the world...here’s Bob from our art department."
2229,4596,3,21,133,157,1.1719745222929936,0.03402637047529577,655,And we're building a moat around our hemisphere to keep the hot air n.
3813,4596,5,17,135,157,1.1719745222929936,0.03634711160984176,655,My opponent clearly lacks foresight on this matter...
3841,4596,4,19,134,157,1.1719745222929936,0.035205868900656134,655,"If every vote counted, he wouldn't be your president."
1709,4599,4,14,110,128,1.171875,0.040160503217723596,655,Holy fucking shit it's the entire Earth and I'm supposed to debate it wtf lol.
2232,4599,2,18,108,128,1.171875,0.03697029924919195,655,"I don't care what you science-types say, there are NINE!  Nine planets in the solar system!"
4371,4601,3,18,119,140,1.1714285714285715,0.03647192269686756,655,Try and talk your way out of this Mr. Trump
1794,4601,2,20,118,140,1.1714285714285715,0.03503464317340017,655,I WILL NOT BE IGNORED!!!
226,4601,3,18,119,140,1.1714285714285715,0.03647192269686756,655,"My opponent is obviously exaggerated."""
1754,4601,3,18,119,140,1.1714285714285715,0.03647192269686756,655,Vote for me because I know more than anyone in the whole world!
1270,4605,8,9,129,146,1.1712328767123288,0.04164722284412082,655,"Me: *insert unfunny caption here*
New Yorker: The Finalists"
1297,4605,4,17,125,146,1.1712328767123288,0.03683202309770149,655,"Well, the debate is nearly over. Man has summarily destroyed the Earth."
1448,4605,0,25,121,146,1.1712328767123288,0.0312842561092856,655,"Clearly, ladies and gentlemen, the ocean's carbon graphite level is a serious concern."
4390,4608,4,18,130,152,1.1710526315789473,0.03588292292060451,655,I think you're being more than a little hysterical
4217,4609,2,16,99,117,1.170940170940171,0.038941563546433924,655,He's got the whole world behind that stand.  He's got the whole world behind that stand.  He's got the whole world behind that stand.  HE'S GOT THE WHOLE WORLD BEHIND THAT STAND!!!
3132,4610,3,15,105,123,1.170731707317073,0.039501284398971506,655,"I agreed to debate WENDELL WILLKIE, not his book."
2972,4610,2,17,104,123,1.170731707317073,0.03777659920961158,655,"I am the only person here to speak for the planet.  If it's just me,
clearly we are doomed."
5265,4610,2,24,138,164,1.170731707317073,0.0319098264896865,655,"Help me, help you!"
2908,4613,2,18,109,129,1.1705426356589148,0.03670677698619343,655,Clarify for the folks what you meant by 'the bubble bursting.'
3498,4613,5,12,112,129,1.1705426356589148,0.04136132940002528,655,What is this? A world for ants?
2520,4613,4,14,111,129,1.1705426356589148,0.03987023374310268,655,They said I was paranoid!!
4473,4613,3,16,110,129,1.1705426356589148,0.0383211626614054,655,"As I filibuster, I feel like I carry the wait of the world."
2199,4613,3,16,110,129,1.1705426356589148,0.0383211626614054,655,"...and our specials today are Arctic avocado, Tundra tomatoes, and  your all-time favourite — Frigid Framboise."
2031,4613,4,14,111,129,1.1705426356589148,0.03987023374310268,655,Just another liberal fake!  Moses parted a red sea.
38,4613,1,20,108,129,1.1705426356589148,0.03501804457285398,655,The good news is that fossil fuels still have a fighting chance
2262,4613,2,18,109,129,1.1705426356589148,0.03670677698619343,655,This appears to make my colleague's argument moot
514,4621,5,13,117,135,1.1703703703703703,0.040094885718485504,655,"this bitch right here looking so fat, he's looking so fat that he makes jupiter look like a WHITE DWARF!!! haha but for real, without this guy i wouldn't have a career... so let's hear it for global warming! i love you man, i fucking love you!"
4014,4621,1,21,113,135,1.1703703703703703,0.034137465968115434,655,The last thing the world needs is more north-centric rhetoric.
4258,4621,3,17,115,135,1.1703703703703703,0.03723551022547329,655,"There you go again, avoiding specifics!"
3710,4624,3,18,120,141,1.1702127659574468,0.03623273694877958,655,At the very least we can save this Earth.
2614,4624,5,14,122,141,1.1702127659574468,0.03892872296886829,655,"I do not identify this as the earth. The earth should be flat, not like a ball. Every politician knows that."
1230,4624,4,16,121,141,1.1702127659574468,0.037604897944193055,655,"At the latest debate on climate change: “Upon further reflection, Mother Earth makes a valid point and I will stop driving my car immediately.”"
3643,4627,3,19,125,147,1.1700680272108843,0.03530311211611292,655,You raise a great point.
389,4628,7,12,134,153,1.1699346405228759,0.03911522506504046,655,These globalists don’t care about your or me!
1507,4628,0,26,127,153,1.1699346405228759,0.030463185123198167,655,And I say that 70 percent of the Earth's surface is covered by Dihydrogen Oxide!
1594,4628,7,12,134,153,1.1699346405228759,0.03911522506504046,655,Wall?Wall? We don't need no stinking walls.
2523,4628,2,22,129,153,1.1699346405228759,0.03316631230422294,655,I hope the next time I get a chance to have the floor I won't be interrupted.
3227,4628,3,20,130,153,1.1699346405228759,0.03443840274848347,655,And now for our TWED talk!
1313,4633,3,21,135,159,1.169811320754717,0.033631593528386426,655,Don't  judge me!
2247,4633,5,17,137,159,1.169811320754717,0.03592084457607615,655,"No, sorry, I can’t hear you."
104,4633,4,19,136,159,1.169811320754717,0.03479505107279786,655,Don't get blown out of shape over climate control.
4292,4636,3,15,106,124,1.1693548387096775,0.0392056153777788,655,You have corrupted our youth with threats and false promise!
1373,4637,2,18,110,130,1.1692307692307693,0.036446939955723866,655,"You and your oceans ... you’re all wet, you’re always splashing and flooding with your waves and your tides and your deep blue sea.  And I intend to put a stop to it!"
3420,4637,4,14,112,130,1.1692307692307693,0.0395840953021522,655,"Here we have a contemporary, three dimensional interpretation of a Michelangelo, two dimensional rendering found on the ceiling of the Sistine Chapel"
4213,4637,5,12,113,130,1.1692307692307693,0.04106289304550681,655,Sorry about abuse but we legally have eminent domain here.
1495,4640,4,15,117,136,1.1691176470588236,0.03842649528875689,655,You have no proof your stormy misbehavior is due to your alleged fever!
2265,4640,4,15,117,136,1.1691176470588236,0.03842649528875689,655,"It is my pleasure to introduce the talk
“The minor challenge society is facing today”"
1612,4642,3,18,121,142,1.1690140845070423,0.03599663546847113,655,The world's stop going round! Guess there was not enough love.
954,4642,4,16,122,142,1.1690140845070423,0.037358371028687,655,Whatever...
1708,4644,3,19,126,148,1.1689189189189189,0.03508259043510859,655,My opponent demonstrates an extreme lack of focus!
790,4644,1,23,124,148,1.1689189189189189,0.032356310434335726,655,My opponent is my oyster.
1386,4644,2,21,125,148,1.1689189189189189,0.03374699228494797,655,Don’t worry about raising the mike. The U.S. always speaks loudest.
304,4647,1,24,129,154,1.1688311688311688,0.031655232016960515,655,"I stand here at a podium opposite the planet Earth, which is apparently also here to debate."
1401,4647,3,20,131,154,1.1688311688311688,0.034231835908914245,655,"Granted, my opinion may not coincide with most !"
4895,4647,3,20,131,154,1.1688311688311688,0.034231835908914245,655,". . . and furthermore, if you don't mend your ways, you'll be obsolete in just a few decades."
1100,4650,3,14,102,119,1.1680672268907564,0.04015233726899348,655,"In a couple hundred years, this will look like Rodinia again..."
347,4651,1,19,105,125,1.168,0.03544373096213391,655,I did see your Instagram Story yesterday. I agree with you—the whole wide world is officially out of my hands.
3678,4652,2,19,116,137,1.167883211678832,0.03524030104440121,655,With all this green earth talk the world has got above itself.
1886,4652,3,17,117,137,1.167883211678832,0.036731744100379986,655,And the biggest loser is!? you guessed it. Us!
2068,4654,3,18,122,143,1.167832167832168,0.03576355974804333,655,"I can't be the only one that thinks it's crazy that a scale model of the Earth is the Democratic nominee for president, right?"
4699,4654,2,20,121,143,1.167832167832168,0.03435897480444273,655,That concern is obviously overblown.
52,4654,2,20,121,143,1.167832167832168,0.03435897480444273,655,"I´m hot too. But you need to check your temper, Sharon!"
2044,4654,1,22,120,143,1.167832167832168,0.032894469039229,655,This isn’t quite what I pictured when the network stressed that inevitable changes to the debate climate were quite real.
4305,4658,4,18,133,155,1.167741935483871,0.03523736595822736,655,"And then, God created  Trump."
684,4659,5,17,139,161,1.1677018633540373,0.035504379098205724,655,It seems to be no longer  moving forward.
4380,4660,5,17,140,162,1.1666666666666667,0.03529971794008837,655,"The Monroe Doctrine, my friends, is a mere half measure."
3670,4660,2,18,112,132,1.1666666666666667,0.035938021201469154,655,Behold the Enemy!
3584,4660,4,12,104,120,1.1666666666666667,0.041561491909104395,655,"I am telling you, and you can believe me. It's fake news!  Your atmosphere is not heating up!"
3274,4660,3,16,113,132,1.1666666666666667,0.03751268837181866,655,"My opponent, who is the size of a planet, is clearly a victim of the obesity epidemic."
2901,4660,4,19,139,162,1.1666666666666667,0.03419632802726443,655,My world is bigger than yours!
2875,4660,2,18,112,132,1.1666666666666667,0.035938021201469154,655,"Now would you like to say anything, Afghanistan?"
2269,4660,6,12,126,144,1.1666666666666667,0.03942082639927218,655,"MAGA
Make
A--holes
Go
Away"
2061,4660,2,21,127,150,1.1666666666666667,0.03333333333333334,655,"You're wrong. But since democracy means we are EQUALLY entitled to our opinions, let's just agree to disagree and move on."
1736,4660,4,18,134,156,1.1666666666666667,0.035027264972095955,655,"The forces opposed to my policies may seem imposing, but I am in it to win it."
768,4660,3,14,103,120,1.1666666666666667,0.03984095364447978,655,HELP NEEDED!  APPLY ANYWHERE!
711,4660,2,21,127,150,1.1666666666666667,0.03333333333333334,655,"Despite what it says, the world’s roundness is a flat-out lie!"
41,4660,3,16,113,132,1.1666666666666667,0.03751268837181866,655,"Yes, of course, there are lots of other women complaining about this sudden heat from time to time. However, this isn't a reason to change everything right now."
2177,4660,0,22,110,132,1.1666666666666667,0.032561027715190156,655,"Ok we are going to hear from Earth
With her statement that we all agree that it should be Earth first."
30,4673,4,18,135,157,1.1656050955414012,0.0348196324930958,655,"Say the secret word and split an extra hundred bucks between you. Now, I see you two share the same last name. I hope that means you’re married. I have the same last name as my brothers, but we
we certainly never touched peninsulas."
762,4673,2,22,133,157,1.1656050955414012,0.03238963062923131,655,I accuse my learned opponent of being biased on this matter.
807,4673,3,20,134,157,1.1656050955414012,0.03362658902752621,655,"She promises you the world, the slut!"
4277,4676,1,23,127,151,1.1655629139072847,0.0317696782649113,655,You can't say that. We're unto you.
2714,4676,2,21,128,151,1.1655629139072847,0.033130238118771936,655,And who in the world can argue with a matzoh ball?
477,4676,7,11,133,151,1.1655629139072847,0.03923154064728135,655,I shall now inflate this globe until it displays Earth on a  realistic 1 to 1 scale.
1674,4676,3,19,129,151,1.1655629139072847,0.03443708609271524,655,"According to science, she's not qualified to lead the universe. She can't manage her own house!"
596,4680,2,20,123,145,1.1655172413793105,0.03392265416867519,655,I live there!
4221,4680,4,16,125,145,1.1655172413793105,0.03663764931151547,655,The Last Flat Earther: Refute and Concession.
1020,4682,0,23,116,139,1.1654676258992807,0.031632868005450634,655,As you can see the earth is huge.  And some say it's growing.
1244,4682,1,21,117,139,1.1654676258992807,0.03324007750901876,655,Another voice heard from
2217,4682,5,13,121,139,1.1654676258992807,0.03901231101879026,655,I couldn't disagree more with the Senator from Everywhere. . .
2836,4682,3,17,119,139,1.1654676258992807,0.03624129663679543,655,You think you are a World Leader ?
4704,4682,4,15,120,139,1.1654676258992807,0.03765230399950993,655,"Earth: PLEASE, HELP I'M DYING--
Politician: Ladies and gents, the Earth doesn't understand, this isn't... how WE work around here"
4414,4687,4,14,115,133,1.1654135338345866,0.03874961120027727,655,You would say that!
2779,4687,1,20,112,133,1.1654135338345866,0.034055379435772214,655,Some people deny that there is such a thing as global rolling.
843,4689,2,17,108,127,1.1653543307086613,0.03667838979440268,655,"My friends, manmade global warming is the greatest hoax ever perpetrated on the American people!"
4178,4690,6,8,107,121,1.165289256198347,0.044454309099601776,655,"Yes, it is Joel Osteen on steroids.  Praise the Lord!"
2045,4691,6,15,143,164,1.1646341463414633,0.035953316348925006,655,"No offense but I prefer to use Twitter, flush, then run to the oval office to watch Fox&friends."
1031,4692,3,20,135,158,1.1645569620253164,0.033429520100224736,655,Be fruitful and increase in number; fill the earth and subdue it
2494,4692,2,22,134,158,1.1645569620253164,0.03220104282547201,655,"Debate me, coward! You won't."
3748,4692,2,22,134,158,1.1645569620253164,0.03220104282547201,655,All I said was that the earth is flat. I didn't mean for it to flatten me.
3961,4692,2,22,134,158,1.1645569620253164,0.03220104282547201,655,"I found this in a box of CRACKER JACKS, now tell me the dimensions of the box!"
1682,4696,3,19,130,152,1.1644736842105263,0.034227112101419016,655,"I don't care how many of you say it, these are lecterns, not podiums!"
4845,4696,2,21,129,152,1.1644736842105263,0.032929573745531966,655,"Wipe that smirk off your face!
Trump! Brexit! The crisis in Venezuela! Lori Loughlin! 
It's all on you!"
4762,4698,5,14,127,146,1.1643835616438356,0.037678747049785966,655,"Earth, there is no substitute."
1973,4699,1,21,118,140,1.1642857142857144,0.03302295175825108,655,"Ok, you can stop there, you just bowled us over with that argument !"
2070,4699,2,19,119,140,1.1642857142857144,0.034544033721419766,655,"Don't you think your view of global warming is biased? Greg Stroupe Madison, WI"
2211,4699,4,15,121,140,1.1642857142857144,0.03740107099514934,655,"As you can see students, Upper Middlewestern nomenclature notwithstanding, cartographic rendering proves there’s really just one Great Lake plus a Great Pond."
4759,4699,5,13,122,140,1.1642857142857144,0.03875067785862603,655,And now will here the world news
489,4703,3,16,115,134,1.164179104477612,0.03699222083773449,655,Once and for all the world has come to make it case.
3362,4703,1,20,113,134,1.164179104477612,0.03382281332532264,655,Okay can you explain to us why you think global warming is a problem? Mr. uh.. Earth?
1050,4705,0,21,107,128,1.1640625,0.032861675748836264,655,"Greek mythology often leaves out the finer details behind the ""Atlas v. Hercules"" debate."
1598,4705,1,19,108,128,1.1640625,0.03468315483177166,655,"'This might change the landscape of things!"""
1942,4707,0,20,102,122,1.1639344262295082,0.033656005337216736,655,"Don't misunderstand me.  Incontinenance has nothing to do with, the Western Hemisphere, the world order or diplomacy...thus far."
1781,4708,2,15,99,116,1.1637931034482758,0.038611519043994694,655,Do you really believe a world gone crazy!
1235,4709,3,21,141,165,1.1636363636363636,0.032499825561996015,655,ur big n dumb
4170,4710,3,20,136,159,1.1635220125786163,0.03323472458075441,655,The voters can't be fooled. You only care about your worldly possessions.
1164,4711,2,21,130,153,1.1633986928104576,0.032731297476972745,655,We neo-cons don't want to hear what you have to say.
168,4712,5,14,128,147,1.163265306122449,0.03743825572782598,655,"Clearly, my opponent is controlled by the Jews."
468,4712,5,14,128,147,1.163265306122449,0.03743825572782598,655,I'm sorry you are not feeling well and have a fever- if you could just stay for two more questions????
653,4712,2,20,125,147,1.163265306122449,0.03349715079817141,655,"So, what do you have to say for yourself?"
3971,4712,2,20,125,147,1.163265306122449,0.03349715079817141,655,"And after we leave Mars, we're coming here."
4104,4712,5,14,128,147,1.163265306122449,0.03743825572782598,655,Elect me and I'll take that weight off your shoulders.
3563,4717,0,23,118,141,1.1631205673758864,0.031226390838846492,655,So what's really going on with you?
2667,4717,2,19,120,141,1.1631205673758864,0.03431795055080989,655,"My opponent can say what he will, but if I lose, you lose"
2097,4717,3,17,121,141,1.1631205673758864,0.03576365267421032,655,"And in her first appearance on the global stage, is
a..... um ....ummm.... a ...a globe?"
1538,4720,2,18,115,135,1.162962962962963,0.035200456375828436,655,"Love, sweet love, is what you say you need.  What I say is that you need to cool down...."
2241,4720,4,14,117,135,1.162962962962963,0.038212416412649004,655,Me — I'm local!
2657,4720,1,20,114,135,1.162962962962963,0.033593359605032916,655,"You're not what you were, but you're not going to pin that on me or my ancestors. Mark my word it's all about the Sun!"
3144,4720,1,20,114,135,1.162962962962963,0.033593359605032916,655,"And now, for her reply."
1823,4724,4,13,112,129,1.1627906976744187,0.039360651185251755,655,No puppet. You're the puppet!
1961,4724,1,19,109,129,1.1627906976744187,0.034436735744024935,655,My opponent cannot resist a eurocentric approach. What a shame.
2756,4724,2,17,110,129,1.1627906976744187,0.03615263198871635,655,"My worthy opponent is certainly entitled to her opinion. However, as we all know this global warming thing is just hoax."
4290,4727,4,12,107,123,1.1626016260162602,0.040610402814036446,655,And now someone who finally got in the game and got incorporated-I give you Earth LLC .
1631,4728,4,17,133,154,1.1623376623376624,0.03504732539676946,655,My opponent is clearly THE GLOBE
778,4728,5,15,134,154,1.1623376623376624,0.03623806638454453,655,"MEGA, the MAGA sequel!!!"
2955,4730,3,18,127,148,1.162162162162162,0.03464161861954895,655,"What’s your stance on migration, immigration and migraine nations?"
3824,4730,1,22,125,148,1.162162162162162,0.03187764755856071,655,I believe all humans should be equator and endowed to inandesable rights.
575,4732,4,14,118,136,1.161764705882353,0.03794932441939181,655,Make America Great Again
2956,4732,1,20,115,136,1.161764705882353,0.03336695728212767,655,"Senator, you're no Gerardus Mercator."
4915,4734,1,25,141,167,1.1616766467065869,0.029809976146154306,655,"If U.S. assistance or interventions is needed, speak now or forever withhold our peace."
3408,4735,1,19,110,130,1.1615384615384616,0.034193748280183574,655,"Contrary to you, I hold that ""back to the earth"" is a flawed directive. We should be looking for a new world, not worrying about the old."
3958,4735,2,17,111,130,1.1615384615384616,0.035895306180967736,655,I say let the beauty of the South Pacific speak for itself!
7,4737,1,22,126,149,1.1610738255033557,0.03168167974246577,655,"My opponent may seem like a down-to-earth candidate, but we've unearthed some tapes that prove otherwise."
4115,4737,1,22,126,149,1.1610738255033557,0.03168167974246577,655,Don’t interrupt!
3889,4739,2,15,101,118,1.1610169491525424,0.03800458770359806,655,"He isn't in any condition to come to speak, but he sent this roll-up graphic to illustrate his global one-man-canoe trip."
3511,4740,5,18,151,174,1.160919540229885,0.033357037386114397,655,As your point is...
1616,4741,1,21,121,143,1.1608391608391608,0.03238804543473721,655,Hello world what do you have to say for yourself.
2091,4741,2,19,122,143,1.1608391608391608,0.03387445266453964,655,"Caps off to you, my friend."
3795,4741,3,17,123,143,1.1608391608391608,0.03529832290012759,655,Global warming is a hoax and my opponent has never said one word of truth supporting his position!
4986,4741,0,23,120,143,1.1608391608391608,0.03083005726305202,655,Recent snowfall covers all!
126,4745,2,18,117,137,1.1605839416058394,0.0347251624732724,655,I say that you're not the biggest globe in the world.
2891,4745,5,12,120,137,1.1605839416058394,0.03908789492493157,655,I don't care if you're a part of his 'America First' campaign - you can't stand in as a speaker at the United Nations conference! He'll need to come out from behind the side with Russia on it.
3167,4745,1,20,116,137,1.1605839416058394,0.0331435469109658,655,Proof as to why we need a wall and a sharp needle!
4957,4745,5,12,120,137,1.1605839416058394,0.03908789492493157,655,You can't believe anything my opponent says -- especially with such a high fever.
1263,4749,1,24,137,162,1.1604938271604939,0.030224957563709767,655,Your optics on the world are 'huge!'
1686,4750,4,13,114,131,1.1603053435114503,0.03879693114778763,655,Are you even registered to vote?
1959,4751,2,21,133,156,1.1602564102564104,0.032150384422441086,655,You think YOU have the weight of the world on YOUR shoulders...never mind.
5015,4751,6,13,137,156,1.1602564102564104,0.03693912779514308,655,"How in the world , do you think you’re going to defeat me?"
1496,4753,3,17,124,144,1.1597222222222223,0.03507012960242173,655,You know the answer to this geology question. I see it right there on your face.
2713,4753,4,15,125,144,1.1597222222222223,0.0364285476989648,655,We propose to simply snip the immigrant umbilical cord.
3427,4753,5,13,126,144,1.1597222222222223,0.037738099906869334,655,"Hold on!  How are did you get in here, when we're on you?"
3490,4753,2,19,123,144,1.1597222222222223,0.033656929349029446,655,And note the umbilical cord through which the blood (i.e. in this case drugs and money) flows - both back and forth.
4644,4753,2,19,123,144,1.1597222222222223,0.033656929349029446,655,"Holy shit there's a huge globe at the podium. That's insane how big it is, it must have come from a museum of oversized things."
4536,4758,1,20,117,138,1.1594202898550725,0.0329230705458394,655,I don't believe in you!
3720,4758,6,10,122,138,1.1594202898550725,0.04016044307712872,655,"Don't listen to the big guy,there's no such thing as global warming."
2386,4758,1,20,117,138,1.1594202898550725,0.0329230705458394,655,Climate change is real
225,4758,5,12,121,138,1.1594202898550725,0.03882105955991284,655,It has no leader.
3296,4758,0,22,116,138,1.1594202898550725,0.03127526261071715,655,I'll stop the world and melt with you.
2230,4763,2,14,97,113,1.1592920353982301,0.03888126533634789,655,Not again...
2551,4763,3,12,98,113,1.1592920353982301,0.04086294907432108,655,"The claim that you're well-rounded fall flat in the face of reality, sir."
84,4765,3,19,135,157,1.1592356687898089,0.03321416818904105,655,May our best ever G.P.S. salesman R.I. P.
1325,4766,3,15,114,132,1.1590909090909092,0.03698932558938974,655,"A few words before you, retire...please..."
2775,4766,3,15,114,132,1.1590909090909092,0.03698932558938974,655,Stop the world!  I'm off!
2240,4768,4,16,131,151,1.1589403973509933,0.035275910561480224,655,The crushing silence from the United States.
1893,4769,2,16,108,126,1.1587301587301588,0.03636272016070186,655,"Yeah,you THINK you're King of the World..."
511,4770,4,15,126,145,1.1586206896551725,0.036193210330652384,655,"So class, which is it? 
Round or flat, Pythagoras and Aristotle, or Kyrie Erving and Draymond Green"
3280,4770,1,21,123,145,1.1586206896551725,0.03197799481205415,655,My opponent would have you believe I am a solipsist!
3773,4770,2,19,124,145,1.1586206896551725,0.03344215293327851,655,It's all about inner earth not flat earth.
3776,4770,1,21,123,145,1.1586206896551725,0.03197799481205415,655,The US cannot defend its global position.
1742,4774,2,22,140,164,1.1585365853658536,0.031113583758340804,655,Stop trying to take over the world!
505,4775,2,18,119,139,1.158273381294964,0.034262403496756605,655,I think they speak for everyone on this matter.
586,4775,3,16,120,139,1.158273381294964,0.03575159727802202,655,And I will argue that humanity is most important
3438,4777,3,18,131,152,1.1578947368421053,0.03379306652603567,655,That's a gross generalization!
3624,4777,4,13,116,133,1.1578947368421053,0.038249021066846925,655,I don't want to hear it!
2555,4777,3,15,115,133,1.1578947368421053,0.03672963988415016,655,I told you my presentation would be out of this world!
2708,4777,4,13,116,133,1.1578947368421053,0.038249021066846925,655,"And if you look up there, you'll spot the devil in the details."""
2499,4777,2,20,130,152,1.1578947368421053,0.03247819221404412,655,"At it appears that Atlas has failed in his main responsibility, how can voters trust him?!"
2193,4777,4,13,116,133,1.1578947368421053,0.038249021066846925,655,Our friends arguing the other side would like you to believe the world is in fact not flat.
240,4777,2,17,114,133,1.1578947368421053,0.03514463372218593,655,My opponent's policies are as flat as his actual shape.
642,4784,2,19,125,146,1.1575342465753424,0.03323007238001543,655,"My fellow  Americans, whatever the opposition throws at me,  you can  be assured that Senator Atlas can handle it."
1268,4784,3,17,126,146,1.1575342465753424,0.03462240635297646,655,"The Climate Change Debate

""Is it hot in here or is it global warming? I believe I speak for my rollover of an opponent when I say - No."""
2993,4784,2,19,125,146,1.1575342465753424,0.03323007238001543,655,"Even my climate-change-denying, worldly opponent has to concede that Hawaii has disappeared--likely a victim of rising seas!"""
1544,4787,2,16,109,127,1.1574803149606299,0.03609690752623545,655,"My opponent lacks experience, character, worldliness yes, but that's simply not enough!"
3895,4787,1,18,108,127,1.1574803149606299,0.03432203892551712,655,Sorry..forgot to remove Phil from the speaker list after his country disappeared into the rising sea
836,4789,3,11,94,108,1.1574074074074074,0.04193741120371579,655,Where's Flat?  It's his turn today -- NOT you!!
4645,4790,1,23,135,159,1.1572327044025157,0.030303235134660246,655,"In rebuttal, I assert that your complaints are fake news!"
4527,4790,4,17,138,159,1.1572327044025157,0.034016474645773204,655,No Climate Change! No Climate Change! You’re the Climate!
1840,4790,1,23,135,159,1.1572327044025157,0.030303235134660246,655,This guy doesn’t even HAVE shoulders!
234,4793,3,16,121,140,1.1571428571428573,0.03551330913238342,655,Nasty planet!
2765,4793,3,16,121,140,1.1571428571428573,0.03551330913238342,655,It's either greenhouse gasses or me. Whatta ya got to lose?
3612,4793,4,14,122,140,1.1571428571428573,0.0369319651311846,655,Wacky climate changer!...Let me tell you -- Mars could have done a better job
2459,4796,4,16,133,153,1.1568627450980393,0.03484405163288779,655,"Your Honor, she is clearly hysterical, so not a credible witness."
3528,4796,1,22,130,153,1.1568627450980393,0.030921028413990997,655,I take it that you're about to filibuster...
2800,4798,3,15,116,134,1.1567164179104477,0.036473546049626375,655,"We're planning on going Worldwide, you see."
3006,4798,4,13,117,134,1.1567164179104477,0.03798079004007504,655,Go ahead. Try and unearth me.
5248,4800,4,15,128,147,1.1564625850340136,0.03573147697413617,655,I want a divorce!
3214,4800,2,19,126,147,1.1564625850340136,0.033020637887874266,655,"You're big now, but wait until the Blobyack Extract Corporation gets done with you."
1158,4800,2,19,126,147,1.1564625850340136,0.033020637887874266,655,"But you wouldn't even know about this ""warming"", without us telling you!"
2823,4800,2,19,126,147,1.1564625850340136,0.033020637887874266,655,I don't care what anyone tells you. Here at the White House you are a square.
461,4804,2,16,110,128,1.15625,0.035834916494356175,655,You know you have won the argument when the other side responds with 'Whatever.'
1199,4804,5,10,113,128,1.15625,0.04066000157828891,655,"If you put them in the microwave, the warming will cause both of them to explode."
4947,4806,4,14,123,141,1.1560283687943262,0.03668603330757109,655,Can you speak with one voice? All I hear is Me! Me! Me!
5112,4806,4,14,123,141,1.1560283687943262,0.03668603330757109,655,"Back off or I'll call in the Space Force!"""
2558,4808,3,18,133,154,1.155844155844156,0.03338405884446694,655,Our next speaker is full of hot air
4143,4808,1,22,131,154,1.155844155844156,0.030736468718504457,655,Global warming?  Thats a lot of hot air.
4279,4810,2,17,116,135,1.1555555555555554,0.03466122336820361,655,Annnnnd our next guest speaker has a world of trouble that we all find ourselves in...
1503,4811,2,19,127,148,1.1554054054054055,0.03281380085501337,655,"You're a solid 5/10, not very hot"
3582,4811,3,17,128,148,1.1554054054054055,0.034185877053393134,655,Stop!  Every dumb thing he said about warming I'm against!
2054,4813,3,19,139,161,1.15527950310559,0.032445614087867544,655,I knew it! Your flat!
4288,4814,2,18,122,142,1.1549295774647887,0.033590717391332715,655,"And now we’ll hear from Moby Dick!
Come in Moby …"
2633,4814,2,18,122,142,1.1549295774647887,0.033590717391332715,655,"It’s time we start applying term limits to the office of home planet. Vote for me and I promise to increase sunshine and natural resources while lowering hurricanes and gravity. Come live on me, a fellow human, in 2020."
4641,4814,5,12,125,142,1.1549295774647887,0.037788975342889636,655,You're blinded by your side of the argument.
515,4814,3,16,123,142,1.1549295774647887,0.035046061344057314,655,But I was talking to a roomful of small business owners in Iowa...
945,4814,3,16,123,142,1.1549295774647887,0.035046061344057314,655,I’m no puppet!  No puppet. You’re the puppet!
2163,4819,1,22,132,155,1.1548387096774193,0.03055407272672954,655,"Sure, sure, Globalism . . . but what about the other sneaky half?"
2116,4819,7,10,138,155,1.1548387096774193,0.037898211614250644,655,What the hell kind of  a socialist is a “Gaia”?”
1730,4819,4,16,135,155,1.1548387096774193,0.034422563848069195,655,Beware of an avalanche on the ides of March!
634,4819,2,20,133,155,1.1548387096774193,0.031895744869051924,655,"OK, global warming from my point of view."
211,4823,2,15,106,123,1.1544715447154472,0.03656685005417629,655,I am not a bully!
2121,4824,1,19,116,136,1.1544117647058822,0.03280409346399258,655,Speaking strictly for myself...
4045,4824,4,13,119,136,1.1544117647058822,0.03745538590930917,655,"My worthy opponent is Earth, a planet in the Sol System. As you can see it is, of course, flat."
4586,4824,1,19,116,136,1.1544117647058822,0.03280409346399258,655,"Furthermore, in the Council of Planets, you have no right to claim you have your house in order."
1880,4827,3,17,129,149,1.1543624161073827,0.03397168106978986,655,And furthermore
1899,4827,4,15,130,149,1.1543624161073827,0.03528129584177321,655,"It's just downright rude to say my tie is unsustainable, miss."
2169,4827,3,17,129,149,1.1543624161073827,0.03397168106978986,655,"Slow down, you’re getting hot under the collar!"
5005,4830,2,18,123,143,1.1538461538461537,0.033372581176781886,655,"Madam Nature, appeals to alternative facts of your status is as fallacious as you are spherical"""
4051,4830,2,18,123,143,1.1538461538461537,0.033372581176781886,655,"My fellow Americans, the middle section of the upper continent is all we need worry about... All the rest of my opponents concerns are nothing but unimportant nonsense. Why should we care?"
1197,4830,5,10,115,130,1.1538461538461537,0.0400678292840366,655,I find your world policies rather hemispheric in nature.
96,4830,1,20,122,143,1.1538461538461537,0.03186277009554194,655,It's a big world!
1776,4830,3,16,124,143,1.1538461538461537,0.03481698192894427,655,I knew President Kennedy and you are no JFK!
5274,4835,2,21,140,163,1.1533742331288344,0.030871143488000692,655,My opponent leaked New Zealand.
493,4836,2,19,129,150,1.1533333333333333,0.03240773054773024,655,Mounting evidence suggests a high level of graphite in the oceans and larger bodies of water.
519,4836,4,15,131,150,1.1533333333333333,0.03506040382654253,655,But do you deny a natural bias against my views?
999,4836,4,15,131,150,1.1533333333333333,0.03506040382654253,655,I disagree!
1911,4836,2,19,129,150,1.1533333333333333,0.03240773054773024,655,"I don’t care IF you’re global, you haven’t said a word all night"
3114,4836,2,19,129,150,1.1533333333333333,0.03240773054773024,655,You never remember how big was the shits of dinasours. Ofcourse it is easy to accuse humanity for every trouble!
3513,4841,2,15,107,124,1.153225806451613,0.036292143789718685,655,"Ms. Earth, we need evidence not your watery claims."
865,4841,3,13,108,124,1.153225806451613,0.038055880549727354,655,On the other hand . . .
1910,4841,1,17,106,124,1.153225806451613,0.034438196196841034,655,You áre the weakest link. Goodbye!
4201,4844,2,20,135,157,1.1528662420382165,0.03151880402212705,655,Before you!
4354,4845,4,14,126,144,1.1527777777777777,0.035967378766307144,655,I say no to this monstrosity! These are God-fearing people!
3886,4846,7,11,146,164,1.1524390243902438,0.03628172163072127,655,"You're my world, you're every breath I take..."
1769,4847,3,17,131,151,1.1523178807947019,0.0335511791469551,655,"Well, actually..."
1824,4847,3,17,131,151,1.1523178807947019,0.0335511791469551,655,Our toastmaster has been cancelled because the whole world is rolling down hill
5129,4847,3,17,131,151,1.1523178807947019,0.0335511791469551,655,This is not the debate I signed up for
4056,4850,3,15,120,138,1.1521739130434783,0.035483652461182486,655,"Thus, it is obvious that the planet WAS indeed created... by Gahan Wilson."
1877,4850,3,15,120,138,1.1521739130434783,0.035483652461182486,655,"And now, with his views on the state of the union, Earthy McEartherson."
213,4852,3,20,148,171,1.152046783625731,0.031061256225594608,655,"As you can see, my opponent choose to spend today at the beach"
1639,4852,4,18,149,171,1.152046783625731,0.0321496669954207,655,I know my position may position maybe somewhat unique here...
1358,4854,4,11,110,125,1.152,0.03944125889504297,655,Man made! Well maybe if you'd lay off the forest fires...
2237,4854,2,15,108,125,1.152,0.036021498956828185,655,"Okay, it's me against the world, uh, I mean it's I against the world or the world against I. Uh - what can I say? Geography was my major, not English, I know that's the world. I win."
2752,4854,4,11,110,125,1.152,0.03944125889504297,655,"Whatever you say, my constituents, by their overwhelming approval of me, have proven me right."
2412,4857,4,14,127,145,1.1517241379310346,0.03573400357864326,655,STOP interrupting me!
229,4857,2,18,125,145,1.1517241379310346,0.03294462217923337,655,The debate on the 'Greenhouse effect' has a new twist.
4212,4857,1,20,124,145,1.1517241379310346,0.031457315364147156,655,"Now, are you speaking from the round side of your mouth, or the flat side?"
3101,4860,1,18,113,132,1.1515151515151516,0.03312131592971642,655,I’m here on behalf of Kanye West
2925,4860,2,16,114,132,1.1515151515151516,0.034823583817867154,655,And when I snap my fingers...
2487,4860,2,16,114,132,1.1515151515151516,0.034823583817867154,655,Once again my opponent delves into more left wing conspiracy.  He PURPOSEFULLY left the AC off during that period.
2129,4860,2,21,142,165,1.1515151515151516,0.030523954469511446,655,I don’t agree with you. Climate change is a hoax.
363,4860,1,18,113,132,1.1515151515151516,0.03312131592971642,655,My naïve opponent would like you to think there are positive aspects to El Nino!
125,4865,4,15,133,152,1.1513157894736843,0.034626761104901926,655,Try to keep it positive.
958,4865,3,17,132,152,1.1513157894736843,0.03334477783514643,655,"If I want your opinion on climate change, I'll heat it out of you!"
2052,4867,3,15,121,139,1.1510791366906474,0.035244456730693215,655,"I know you can only speak using the kind of weather you give us, but I'm afraid many of us will continue to irresponsibly take as much of your finite resources as we can unless you strike the fear and wrath of your universe upon us."
1282,4868,3,18,138,159,1.150943396226415,0.032403248041860996,655,Your climate changes far too quickly; you couldn't possibly be president!
1988,4868,2,20,137,159,1.150943396226415,0.03115058567286273,655,My opponent's projection is all wrong.
3061,4868,3,18,138,159,1.150943396226415,0.032403248041860996,655,"Calm down, your ego's as big as the world."
5010,4871,3,16,127,146,1.1506849315068493,0.034147234283379825,655,Please stop getting round your problems!
893,4871,1,20,125,146,1.1506849315068493,0.031258390659547865,655,I believe my opponent just contradicted themselves.
328,4871,3,16,127,146,1.1506849315068493,0.034147234283379825,655,....and my opponent is a big fat tub of lard.
2920,4874,0,20,113,133,1.150375939849624,0.031111117637206608,655,Point of Information! What's with this global warming?
4106,4874,1,18,114,133,1.150375939849624,0.03289107488649244,655,"Now I ask you, all that water—and you think it won't short out my mike?"
2890,4876,0,23,130,153,1.1503267973856208,0.028988274781797944,655,Uhh so first happy earth day!
3950,4876,4,15,134,153,1.1503267973856208,0.03441391176322504,655,"I put it to you, you are more than enough...indeed, quite too much"
4074,4876,3,17,133,153,1.1503267973856208,0.03314088126229498,655,"Congratulations sir, I now have the honor of giving you the title of the best person on Earth."
1117,4879,2,17,121,140,1.15,0.03350844718705979,655,It looks like it you vs. me.
1828,4879,1,19,120,140,1.15,0.0319380824403903,655,"I know it looks like a depiction of huge male genitals at the heart of America, but God gave me this body and it helped me into the White House. Everyone knows that."
5141,4879,3,15,122,140,1.15,0.03500844120789703,655,I portest. Home court advatage.
2300,4882,2,15,110,127,1.1496062992125984,0.035492042193323525,655,I'd like to request Atlas as my second.
3611,4883,2,20,139,161,1.1490683229813665,0.030790793932783694,655,I’m PAYING for this microclimate!
540,4884,3,15,123,141,1.148936170212766,0.034775543428482866,655,when Trump Eats to much
2397,4884,3,15,123,141,1.148936170212766,0.034775543428482866,655,Hold it right there! I'm the crazy one?
4076,4884,2,17,122,141,1.148936170212766,0.033286953873140436,655,He's a climate flip-flopper!
32,4887,5,12,131,148,1.1486486486486487,0.03633927388287131,655,An eminent defeat in a flat debate.
1238,4887,3,16,129,148,1.1486486486486487,0.03371476678875093,655,I hate to debate with you on this but I'm right and you're dead wrong!
3786,4887,2,18,128,148,1.1486486486486487,0.03232269846814508,655,"s
""And as you can surely see, my opponent has very much been sweating the outcome of this debate."
4062,4887,5,12,131,148,1.1486486486486487,0.03633927388287131,655,"https://media.newyorker.com/cartoons/5c813fe7ef56b82d1232ff3c/master/w_580,c_limit/190318_a22459_654.jpg"
4435,4891,1,17,110,128,1.1484375,0.03344154714634684,655,"If you are so frigg'n important, meet me in person!"
4430,4891,2,15,111,128,1.1484375,0.03523306077541846,655,Either you’ve lost a ton of weight or I’ve gained a lot for the two of us to even be comparable sizes.
4011,4891,1,17,110,128,1.1484375,0.03344154714634684,655,I see  that there is a leak in the Panama Canal and the voters need an explanation of how this will affect its abilities to perform its duties.
3871,4891,5,9,114,128,1.1484375,0.04013057512412833,655,"Excuse me, waiter, but there's a fly in my tornado soup.""

(oh oh...I think I'm late again"
1641,4895,3,14,118,135,1.1481481481481481,0.03568568411412393,655,"Wait a minute, what are you trying to say here?"
2023,4895,1,22,139,162,1.1481481481481481,0.029334857623755633,655,My opponent casts a big shadow for such a short man
3196,4895,5,14,143,162,1.1481481481481481,0.034165169635348186,655,Would you just fuck off already?
4698,4895,3,18,141,162,1.1481481481481481,0.03184173902300353,655,"These so-called ""scientist"" also claim that my opponent is *not* flat."
676,4899,3,15,124,142,1.147887323943662,0.03454570253648118,655,Look at this big fuckin' globe!
764,4899,2,17,123,142,1.147887323943662,0.03306834502771489,655,"I don’t think you are correct!!
Global warming is a plot by the democrats!!"
2198,4899,3,15,124,142,1.147887323943662,0.03454570253648118,655,America First! We're Number 1! USA!
3264,4899,6,9,127,142,1.147887323943662,0.03864034066025015,655,And ... said string is wrapped around this finger!
2049,4903,2,18,129,149,1.1476510067114094,0.03212053150249488,655,"Oh, settle down.  I have connections."
1256,4904,1,16,105,122,1.1475409836065573,0.034277198211624435,655,You too.
577,4905,1,21,134,156,1.1474358974358974,0.029894337192063417,655,If I may be allowed to speak...
1280,4906,3,18,142,163,1.147239263803681,0.03165883713628662,655,... and now you can have all the time you need.
90,4907,1,18,117,136,1.1470588235294117,0.03221897397089213,655,If the earth only could talk.We all be in trouble!
1683,4907,3,19,148,170,1.1470588235294117,0.030839021197083684,655,"No, I will not translate that into Esperanto for you."
2104,4907,3,14,119,136,1.1470588235294117,0.03543906329862996,655,"Earth, humans are not dinosaurs! You must accept humans are in charge of your stewardship!"
2338,4907,1,18,117,136,1.1470588235294117,0.03221897397089213,655,Gaia suddenly realized they had forgot to put on a tie today
4802,4907,1,18,117,136,1.1470588235294117,0.03221897397089213,655,"Could you please stop blathering, and let me get a word in edgewise"
3488,4912,1,19,123,143,1.1468531468531469,0.03131769446509556,655,If you listen you will hear the world crying over global warmng
3156,4912,3,15,125,143,1.1468531468531469,0.034318859233490664,655,"Don't blame me, your problem is global warming."
2871,4912,4,13,126,143,1.1468531468531469,0.035725021418155686,655,"I feel I'm at a significant disadvantage, and yes we can be done with platitudes."
1336,4912,4,13,126,143,1.1468531468531469,0.035725021418155686,655,Climate Deniers Debating Against Reason
1689,4912,3,15,125,143,1.1468531468531469,0.034318859233490664,655,It's a living!
840,4912,2,17,124,143,1.1468531468531469,0.03285256524000237,655,"I can show you the world... shining,
shimmering, splendid!"
2814,4912,3,15,125,143,1.1468531468531469,0.034318859233490664,655,"I don't care what you think, my boss Donal Trump, says that Man Made Global Warming is Fake News, so despite the the audience wearing waders I believe him."
1082,4919,4,14,132,150,1.1466666666666667,0.0346108654321977,655,"Come on now, don't turn your butt cheeks to the audience."
1335,4919,2,18,130,150,1.1466666666666667,0.03192085664169662,655,"Ha, you can't rebut that there is no proof of global warning."
5266,4921,2,19,136,157,1.1464968152866242,0.031061684432245454,655,"My  opponent has a point, but this is how I will  proceed!"
5167,4921,3,17,137,157,1.1464968152866242,0.03234945991970355,655,And to begin my presentation on chaos theory...
3104,4923,2,15,113,130,1.146153846153846,0.03472618588143834,655,…and that is why I should be awarded the stylish space sunshade than my colleague.
1842,4923,3,13,114,130,1.146153846153846,0.0364028648632092,655,"And our next speaker, a man that carries the world on his shoulders, is none other than the electrifying , space exploring, tunnel digging,  
auto producing, pot smoking King of the Nerds movement."
3514,4925,2,16,119,137,1.145985401459854,0.033636327559783415,655,I’ll let this speak for itself.
3814,4925,1,18,118,137,1.145985401459854,0.03200094256038828,655,Waldseemuller messed up. Please welcome North and South Columbia!
1029,4927,3,15,126,144,1.1458333333333333,0.034094955729785104,655,"Uff da, it is expanding!"
242,4928,4,14,133,151,1.1456953642384107,0.03439460786501072,655,No. Global warming is not real.
523,4928,2,18,131,151,1.1456953642384107,0.03172362855486039,655,"Henceforth, they will be known as the Confused Lakes."
3734,4928,0,22,129,151,1.1456953642384107,0.028806043935008675,655,"Fortunately for liberty, Mr. G, we do not live in a pure democracy."
5198,4928,5,12,134,151,1.1456953642384107,0.03565514368135977,655,Now do you believe me when I tell that the world is flat.
2170,4932,2,19,137,158,1.1455696202531647,0.030878389120956445,655,And for my next trick . . .
4719,4933,1,22,142,165,1.1454545454545455,0.028841316567658787,655,I still say global resources aren’t shrinking.
3254,4934,2,14,108,124,1.1451612903225807,0.03565274646265032,655,"Today, I’d like to talk to you about the crisis of global warping."
417,4935,3,13,115,131,1.1450381679389312,0.036141136214888576,655,The Debater Projection
2689,4936,2,16,120,138,1.144927536231884,0.03340844911708536,655,"I dunno where he is; I asked him a question about his biographer, he shrugged his shoulders, got real angry, started cursing  about makers and takers,  and stomped off the stage."
3205,4936,4,12,122,138,1.144927536231884,0.036437583866152166,655,I do not yield the floor to the gentleman.
338,4938,1,19,125,145,1.1448275862068966,0.030917190014512097,655,"Half empty or half full?
The question unfairly favors 
my opponent!"
903,4938,3,15,127,145,1.1448275862068966,0.033873935697221545,655,My opponent has a world-wide view of climate change--I think it just takes you or me to make our carbon footprint smaller.
1773,4938,3,15,127,145,1.1448275862068966,0.033873935697221545,655,"Despite what my opponent says, I promise to keep the fossil fuels industries in business!"
3175,4938,2,17,126,145,1.1448275862068966,0.03242927811417444,655,"Folks, don't let her pull the oceans over your eyes!"
3798,4938,2,17,126,145,1.1448275862068966,0.03242927811417444,655,"new yorker cap con 3 12

No amount of huffing and puffing will convince me that the New Green Deal is anything but a hoax!"
4520,4943,1,20,131,152,1.144736842105263,0.03011522940720117,655,But what about our ecosystems
2679,4944,1,17,114,132,1.143939393939394,0.032500423950642836,655,"The world would like to explain its change of heart, concerning the ""greatest country on earth,""  and why it may be most affected by climate change.  
Not so much love, Mother Nature"
526,4945,4,12,123,139,1.143884892086331,0.03618951593220081,655,...and in rebuttal to Mr. Trump...
2541,4945,1,18,120,139,1.143884892086331,0.03157353036549887,655,And this was before the global warming was heeded.
355,4945,5,10,124,139,1.143884892086331,0.03760246638137356,655,"Lets holdoff on the Golden Rule for now. 
Frank Buckley Andover, MA"
5123,4948,2,17,127,146,1.143835616438356,0.03222166674728805,655,"My opponent seems to be in serious need of a face lift.  And just who, I ask you, is going to be paying for that?"
219,4949,3,16,134,153,1.1437908496732025,0.0326797385620915,655,PLEASE! global warming.!?
717,4949,4,14,135,153,1.1437908496732025,0.03397005482027008,655,And now the Earth will reveal us on which planet we are
1900,4949,3,16,134,153,1.1437908496732025,0.0326797385620915,655,"If there's anything I, Ted Cruz, love – it's arousing debate. Did I say arousing? I meant a rousing. Oh boy, this is worse than the time I tweeted that porn link."
4900,4949,4,14,135,153,1.1437908496732025,0.03397005482027008,655,"But,I don't want to wear a sweater!"
4361,4953,1,21,138,160,1.14375,0.029201742161778954,655,"As you can see, my challenger continues to claim falsely  that she’s only ever accepted  campaign donations from Small Plastic LLC. Please."
4872,4954,1,16,109,126,1.1428571428571428,0.0332652365649009,655,Who do you think you are with all your constant bellyaching about your imminent death?  Right-thinking people are sick and tired of your constant whining.  So knock it off!
4319,4954,2,15,116,133,1.1428571428571428,0.03399244207014454,655,"Its me against the world, just think and a short while ago I was just selling condos in Boca. Now, where did I put the codes?"
2734,4954,2,18,134,154,1.1428571428571428,0.031146187627034697,655,"There he goes again!!
Denying global warming"
2546,4954,3,15,129,147,1.1428571428571428,0.03344032777032302,655,"As the world turns, it turns on you."
1721,4954,1,18,121,140,1.1428571428571428,0.03136403726645289,655,"And the world began with "" ladies and gentlemen of the jury"""
1416,4954,4,13,130,147,1.1428571428571428,0.03480579666524227,655,Success is not sustainable if it is defined by how big you become or by growth for growth's sake. Success is very shallow if it doesn't have emotional meaning.
838,4954,2,18,134,154,1.1428571428571428,0.031146187627034697,655,Sorry. Guest speaker Christopher Columbus is missing.
2053,4954,1,21,139,161,1.1428571428571428,0.02903353016775216,655,No climate change
4971,4962,0,23,139,162,1.1419753086419753,0.027507008748645884,655,I won! I win! I always win!
5173,4963,1,20,134,155,1.1419354838709677,0.029574145001499175,655,"It's room temperature, not warming up!"
3269,4963,2,18,135,155,1.1419354838709677,0.030958314442667462,655,"Dear God: ""I sang your praises in Church every Sunday, and this is how it ends - crushed by Mother Earth - Thanks for nuthin'!"""
5147,4965,2,17,129,148,1.1418918918918919,0.03181425790986645,655,It’s not just menopause!”
1354,4965,1,19,128,148,1.1418918918918919,0.03033510084041695,655,This is really Earth!
894,4965,1,19,128,148,1.1418918918918919,0.03033510084041695,655,This moon view is great!
666,4968,0,20,121,141,1.1418439716312057,0.029486590092918447,655,"So, world  what do you have to say about your energy?
We're listening."
2433,4968,2,16,123,141,1.1418439716312057,0.03274283494896606,655,God created the earth. Man created the walls.
2448,4968,1,18,122,141,1.1418439716312057,0.03115728033544511,655,"Show us the tax returns, and the curve!"
494,4971,2,17,130,149,1.1409395973154361,0.03161436391039247,655,"Before beginning this year's clean water products rollout , I will, as President of the world's largest advocate for clean water, cite our association's long held statement of belief.
""Water water everywhere and nary a drop to drink."""
667,4971,3,15,131,149,1.1409395973154361,0.033017612376214166,655,The power of crust compels you!
2372,4971,3,15,131,149,1.1409395973154361,0.033017612376214166,655,"If our earth was flat, would we be able to do that."
2234,4974,3,14,125,142,1.1408450704225352,0.0340276543445365,655,Just because Oumuamua didn't make contact doesn't mean that there isn't extraterrestrial life!
3009,4974,2,16,124,142,1.1408450704225352,0.03252677572899299,655,"We humans prefer the term ""the-water-air-and-earth-polluting-challenged""."
867,4974,2,16,124,142,1.1408450704225352,0.03252677572899299,655,"But first our guest will begin with the classics ""I'm Going to Wash that Man Right Out of My Hair,"" ""Bali Hai"" and ""Some Enchanted Evening."""
617,4977,2,15,118,135,1.1407407407407408,0.03352014478583837,655,"Sure, she’s popular - but those emails!"
4791,4977,1,17,117,135,1.1407407407407408,0.031828317375413105,655,If I were the King of the world  Tell  you what I wouldn't do.
4914,4977,1,17,117,135,1.1407407407407408,0.031828317375413105,655,We've got a huge problem here and that is the planet is dying.
2944,4980,3,16,138,157,1.1401273885350318,0.03189609171731463,655,I will not apologize!
4350,4981,2,17,131,150,1.14,0.03141694779097929,655,I am tired.
1989,4981,1,19,130,150,1.14,0.0299589577570406,655,Ok. I grant that you are not flat. But seeing you over there while I am standing over here on you has me a bit startled.
2069,4981,2,17,131,150,1.14,0.03141694779097929,655,"Yet again, Politicians try man-slpaining why global warming isn’t real"
2570,4981,3,15,132,150,1.14,0.03281021284774139,655,"Q to Earth: What do you say to those that don't believe in climate change?
A: They're idiots!"
3726,4985,1,18,124,143,1.1398601398601398,0.030751765679806843,655,.....AND my opponent has no heart!
4226,4985,3,14,126,143,1.1398601398601398,0.03380321293760131,655,"Not such a good evening,  ladies and gentlemen ."
1653,4985,1,18,124,143,1.1398601398601398,0.030751765679806843,655,I'm Little Adam...and you must Big World
721,4988,2,15,119,136,1.1397058823529411,0.03328884959515664,655,"When the world gets heavy, it'shard to lift it"
3115,4988,3,13,120,136,1.1397058823529411,0.03488667323266291,655,That's a pretty heavy attitude for such a tiny hemisphere.
118,4990,1,16,112,129,1.1395348837209303,0.03254429384447029,655,"So, you are just getting started, 
that is your warm-up pitch?"
5270,4990,0,18,111,129,1.1395348837209303,0.03062690044433936,655,No clouding around.
342,4992,2,13,107,122,1.139344262295082,0.035526072849657885,655,"Finally, my opponent is too exploited to achieve any of those up in the air promises about our future."
2754,4993,6,10,142,158,1.139240506329114,0.03531495729874688,655,"The world disagrees with you, madam!"
4745,4993,2,18,138,158,1.139240506329114,0.030407952720933468,655,"Even at the world stage, it's American first"
2683,4995,3,10,102,115,1.1391304347826088,0.038836936427600534,655,Global Warming Debate
1322,4996,3,14,127,144,1.1388888888888888,0.033581695823721606,655,What is your position on Blue Dot Socialim ?
2527,4996,4,12,128,144,1.1388888888888888,0.03499793410363044,655,"...babies come from storks...therefore, people are really dinosaurs! Tyrannosaurians  proclaim our right to eat Canadians!"
545,4998,1,17,119,137,1.1386861313868613,0.031395347689936605,655,Europe is so small it doesn't even show on that giant globe
963,4998,0,19,118,137,1.1386861313868613,0.029636559341735886,655,"My opponent can only get electoral votes from the top half."""
3794,4998,4,11,122,137,1.1386861313868613,0.0361620585343165,655,You really went around the 'you know who' to make that point...
770,5001,1,20,138,159,1.1383647798742138,0.028881971065663422,655,"Well, at least I don't have a split personality!"
3866,5001,0,22,137,159,1.1383647798742138,0.027469196506956863,655,Circular? Yes. Globular? Everyone sees the answer is no.
5264,5003,3,15,134,152,1.138157894736842,0.03240308781268186,655,Omolmpnnn
4690,5004,3,14,128,145,1.1379310344827587,0.03336304660620688,655,"You are a round object, aren't you? Please. Turn around. Let's other sides of you also use the podium."
4182,5004,3,14,128,145,1.1379310344827587,0.03336304660620688,655,"He came, he saw...and now we're here. But why?"
1690,5004,2,16,127,145,1.1379310344827587,0.03189525730002668,655,"And here's our main speaker, Mr. E, from the movie Men In Black 4"
3856,5004,2,16,127,145,1.1379310344827587,0.03189525730002668,655,Make every Who holler!  Make every Who shout!
320,5008,2,15,121,138,1.1376811594202898,0.03283564079811757,655,This planet is so amazing. Dang!
4681,5008,1,17,120,138,1.1376811594202898,0.03118321317353309,655,"All due respect, but if we won't listen to the scientists, there's no way we're going to accept your views on climate change, the Earth!"
2583,5010,4,14,142,160,1.1375,0.03256283234478329,655,The MAGA Globalization debate
4576,5010,3,16,141,160,1.1375,0.031332438432289424,655,"The world is to much with us,  Late and soon....."
3151,5012,1,16,114,131,1.1374045801526718,0.032080636033194526,655,"I'll prove the hemispheres won't bury us...
won't bury us.. won't..."
4085,5012,1,16,114,131,1.1374045801526718,0.032080636033194526,655,"Buddy, I've heard all this BS before. Just because you're saying it doesn't mean I'm going to change my mind about global warming."
4902,5014,3,15,135,153,1.1372549019607843,0.03220326888881306,655,Hawaiian Pizza tastes better than any other topping!
1252,5015,1,15,108,124,1.1370967741935485,0.033059478421086384,655,Everything bad is your fault!
2015,5016,3,17,148,168,1.1369047619047619,0.03035480151098909,655,"Mr. President, I told you, The World is a Vampire."
124,5017,0,19,120,139,1.1366906474820144,0.02924240448550576,655,"According to world opinion, we are entering a new era of the Monroe Doctrine."
1782,5018,3,16,142,161,1.1366459627329193,0.031148928989117607,655,I'm called to go my own way.  I really cannot be distracted by what you all think.
2877,5018,1,20,140,161,1.1366459627329193,0.028547789302562486,655,I say to my opponent: You'll come around to my ideas
557,5020,3,12,117,132,1.1363636363636365,0.03529841599454826,655,This year we're addressing the issue of equal time head on...
4059,5020,0,21,133,154,1.1363636363636365,0.027743997176957892,655,Let’s chalk up that last argument to Global Weirding!
4766,5020,0,21,133,154,1.1363636363636365,0.027743997176957892,655,I will not accept your previous remarks as Pangea!
1333,5023,3,17,149,169,1.136094674556213,0.030185524823830346,655,hey are you holding?
1457,5024,4,12,131,147,1.1360544217687074,0.03431974797874357,655,"Hey, fossil fuel got us this far. Think about what those earnings mean to your grandchildren!"
88,5024,3,14,130,147,1.1360544217687074,0.03293413337570795,655,"I am disappointed in you, as a species. I am dying"""
2512,5024,2,16,129,147,1.1360544217687074,0.03148760360988697,655,Relax; climate change results in a new Earth 2.0.
5177,5027,1,15,109,125,1.136,0.03281227150458075,655,Other planets are willing to have something to do with us since we put the planet on the platform.
4446,5028,3,13,124,140,1.1357142857142857,0.03394378141249239,655,"And our next cotestant,Atlas!"
4358,5028,3,13,124,140,1.1357142857142857,0.03394378141249239,655,Last bits of the States to go !!All the nationalists of Europe beware - a chance to stock upon the original European genetic pool dating 200 years back as preserved in natives-free America !!
3640,5028,2,15,123,140,1.1357142857142857,0.03239452690903597,655,"No, sir!  Your global warming problem is not caused by bird farts."
1000,5031,3,15,137,155,1.135483870967742,0.031810893043096186,655,"""Who is John Galt?"", you ask; why he is our very next speaker!"
1871,5031,2,17,136,155,1.135483870967742,0.030465484332895996,655,"In closing, I implore you to not be fooled by my opponent's cooked up arguments."
3383,5031,4,13,138,155,1.135483870967742,0.03310166305128308,655,I'm more of a Thomas Guide guy myself.
4169,5031,1,19,135,155,1.135483870967742,0.029057848424763957,655,Americus Vespucci's legacy speaks for itself!
1916,5035,3,12,118,133,1.1353383458646618,0.035047009551043805,655,I will resist!
1098,5036,2,16,130,148,1.135135135135135,0.03128763392829657,655,Enough with the global histrionics about climate change.  Your time is already up.
3788,5037,2,15,124,141,1.1347517730496455,0.03217835641677086,655,"In conclusion might I point out that climate change has been proven by many to be fake news.  And now I must leave quickly, I have a plane to catch."
2834,5038,3,12,119,134,1.1343283582089552,0.034799141138916315,655,And I promise to remain the Yang to your Ying
1591,5038,2,14,118,134,1.1343283582089552,0.03314753947689285,655,"Remember, when you cast your vote, it's not about size, it's about density."
1120,5040,1,18,130,149,1.1342281879194631,0.029595676304842087,655,It's just you and me now
1241,5040,4,12,133,149,1.1342281879194631,0.0338819748633784,655,We're staging this one with a more worldly buyer in mind.
1293,5040,1,18,130,149,1.1342281879194631,0.029595676304842087,655,Where's Nova Scotia?
4367,5043,1,15,111,127,1.1338582677165354,0.03232870160449925,655,And that's not a dog whistle!
4660,5044,0,19,123,142,1.1338028169014085,0.028670248385511535,655,Didn't you once tell me it's best to let cooler heads prevail?
2248,5045,2,14,119,135,1.1333333333333333,0.03291612874006791,655,I pledge allegiance to America...and the Bully Pulpit!
1099,5045,2,14,119,135,1.1333333333333333,0.03291612874006791,655,"Hey,  don’t do me any favors. I’ve been here through the Stone Age the Ice Age and the Space Age. Hmmp. Earth Day”

Thomas L. View, Washington, D"
1321,5045,2,14,119,135,1.1333333333333333,0.03291612874006791,655,Hail Hydra!
4164,5045,1,16,118,135,1.1333333333333333,0.031191556737668314,655,"Here's another episode of ""HERBIE vs.THE WORLD!"""
1105,5049,5,9,129,143,1.132867132867133,0.036108553842123206,655,"Now, let's go to the video tape."
1608,5050,2,16,133,151,1.1324503311258278,0.03070258481362244,655,"Ladies and Gentlemen, let's welcome, Pamela Geller!"
1385,5051,1,17,126,144,1.1319444444444444,0.029967814543048924,655,I said before: I refuse to debate on a costume.
2118,5051,0,19,125,144,1.1319444444444444,0.02830096838204441,655,well I might have some trouble pulling a win this time
1867,5053,2,16,134,152,1.131578947368421,0.03051237046403628,655,"Please hold your applause until all are sedated."""
2722,5053,2,16,134,152,1.131578947368421,0.03051237046403628,655,"In case you've been watching FOX News, let me point out that you are not looking at America after the state of emergency is overturned."
4418,5053,4,12,136,152,1.131578947368421,0.03324577420990442,655,"In line with our rich history of intervention in Latin America, Mr Maduro is next!"
3842,5056,3,12,122,137,1.1313868613138687,0.034076036778702606,655,Your plan to implement your environmental platform is unworldly!
4672,5056,2,14,121,137,1.1313868613138687,0.032462810654466094,655,For example...
1182,5056,2,14,121,137,1.1313868613138687,0.032462810654466094,655,That's why I invented the Space Force.
3746,5056,1,16,120,137,1.1313868613138687,0.030765107973675997,655,"You sir, haven't the faintest idea what you are talking about!"
1431,5060,1,14,107,122,1.1311475409836065,0.03282073851795118,655,And to my esteemed colleague representing NADTA ...
630,5061,2,15,128,145,1.1310344827586207,0.03134160506766892,655,I am World and hear Al Gore!
4068,5061,2,15,128,145,1.1310344827586207,0.03134160506766892,655,Don’t get your knickers in a bunch!
5055,5063,2,13,115,130,1.1307692307692307,0.03346152132639265,655,"The very fact that you stand there, sir, signifies flat earth. Have you ever tried to hold a ball on another ball?"
4514,5064,2,14,122,138,1.1304347826086956,0.03224077498806981,655,"Well, of course our launch of Starbucks Delivers includes all points in the Atlantic and Pacific Oceans 24/7."
897,5064,2,11,102,115,1.1304347826086956,0.03605601864620562,655,She trying to decide whether to leave the cold air up there or let it go lower.
2249,5064,2,11,102,115,1.1304347826086956,0.03605601864620562,655,World renowned scientist gives lecture.
2931,5064,2,14,122,138,1.1304347826086956,0.03224077498806981,655,"Take it away, Vanuatu!"
3495,5068,2,15,129,146,1.13013698630137,0.03113913286633347,655,Our next speaker...
3855,5068,1,17,128,146,1.13013698630137,0.02958331090966,655,It is my great pleasure to speak for our world today!!
458,5068,1,17,128,146,1.13013698630137,0.02958331090966,655,My parents lived on that land.
474,5071,0,20,134,154,1.12987012987013,0.027176965356670756,655,"If I get rolled here, well, I am the last of the Nationalists."
1756,5071,1,18,135,154,1.12987012987013,0.028696164967139715,655,"I'm sorry, but it's personal now.  You Sapiens really suck!"
1921,5073,1,16,122,139,1.129496402877698,0.030350079832770858,655,So I’ve heard the chef here uses only the most seasonal ingredients.
616,5074,0,19,128,147,1.129251700680272,0.02776438274089806,655,It’s very big but it’s great again
3711,5075,1,18,136,155,1.1290322580645162,0.028522736459326275,655,You had your chance to talk already. Now let us get back to work!
708,5076,2,13,117,132,1.128787878787879,0.03298213619756019,655,Who Are You Going Tp Believe Them Or Me
2947,5076,1,15,116,132,1.128787878787879,0.03117949465835644,655,"The next speaker is the Earth herself, against sexual harassment"
3120,5078,0,18,122,140,1.1285714285714286,0.02839100277060259,655,"I say intergalactic, and you say..."
1530,5078,1,16,123,140,1.1285714285714286,0.030146707303438162,655,"Entering the race for library trustee, Earth says 'I just need a win from you people...'"
4157,5080,1,17,130,148,1.1283783783783783,0.029208479322487425,655,Who voted for it? You might never know-that one.
3481,5081,2,16,138,156,1.1282051282051282,0.029774377266374354,655,My obituary will be ready soon.
860,5082,3,11,119,133,1.1278195488721805,0.03444302429190234,655,Can we here it from you!
3452,5082,4,9,120,133,1.1278195488721805,0.036058883633930214,655,I'm telling you CO2 is the greatest thing since Chicxulub!
5042,5082,0,17,116,133,1.1278195488721805,0.02906128735473255,655,"All I hear is blah, blah, blah...."
3108,5085,1,16,124,141,1.127659574468085,0.02994602342761689,655,"Actually, I think you might still be racist."
2429,5086,1,17,131,149,1.1275167785234899,0.029024578180982575,655,"Yes, but, the air is better over here!"
80,5086,1,17,131,149,1.1275167785234899,0.029024578180982575,655,I have the sad news to report that my co-speaker has been lost somewhere over the ocean.
1346,5086,2,15,132,149,1.1275167785234899,0.03054702702639284,655,"Drill baby, drill!"
3539,5089,4,9,121,134,1.126865671641791,0.03580148540812845,655,"This time, sir, I'm here to speak for myself!"
2532,5089,2,13,119,134,1.126865671641791,0.03251622143116169,655,My opponent weighs in heavily with visuals that average out to less then a 2% rise in global climate change.
36,5091,2,14,126,142,1.1267605633802817,0.03138203590531418,655,That is not my base! Tell the prop dept of APAC to damn well come up with something fresh!
1479,5091,0,18,124,142,1.1267605633802817,0.028018778271515266,655,...and for that point exactly
961,5093,3,13,134,150,1.1266666666666667,0.03179445545161261,655,"I say, you can go to hell in a handbasket as long as I always have my beer."
3751,5093,2,15,133,150,1.1266666666666667,0.03035460325636959,655,I still say it's wrong for schoolchildren to go on strike against global warming!
2110,5095,2,12,113,127,1.125984251968504,0.03352424888977445,655,I never called you a MILF!
2853,5096,1,15,119,135,1.125925925925926,0.030528113043118553,655,Objection! How can a planet check its temperature?
3737,5097,2,14,127,143,1.1258741258741258,0.031174413745978975,655,"As a Republican or Democrat in Washington DC, the world is our enemy."
5077,5097,1,16,126,143,1.1258741258741258,0.02955251285704733,655,How big could this world really be?
3397,5099,4,11,136,151,1.1258278145695364,0.03296213060473306,655,And…the winner is…
4993,5100,2,13,121,136,1.125,0.032063220501572544,655,So why exactly is the United States called America?
4716,5100,2,15,135,152,1.125,0.029976899436494817,655,"Uphill, wheel left.
Downhill, wheel right."
949,5100,2,15,135,152,1.125,0.029976899436494817,655,How do we know you’re not wearing 3D makeup?
1012,5100,2,16,142,160,1.125,0.02907104721477233,655,"By Jove! That giant globe centerpiece just fell and crushed my opponent. This is quite unfortunate for her and her family, my condolences... *phew* what a relief, my speech wasn't nearly as good as hers, but I'm bound to win now!"
1184,5100,2,11,107,120,1.125,0.03462989592644989,655,"Unlike you, I am beholden to no one."
1967,5105,2,15,136,153,1.1241830065359477,0.029791532075021988,655,Progress isn’t the only thing that can’t be stopped.
2088,5106,1,16,128,145,1.1241379310344828,0.029169143771148327,655,"Oh, yeah! Who made you the host of this debate?"
993,5107,3,11,123,137,1.1240875912408759,0.03348457517790285,655,"You still insist you are round. Another lie, you are flat. Lie number 50457. You should run for President."
615,5108,2,12,115,129,1.124031007751938,0.033031125095076184,655,"I beg to differ, you are using MY time!"
2155,5108,0,16,113,129,1.124031007751938,0.029134295306924237,655,Global warming Ha!
4027,5110,0,14,99,113,1.1238938053097345,0.031131078051925422,655,Be careful where you are rolling!
4046,5111,3,12,131,146,1.1232876712328768,0.03207574137244206,655,Don't get all hot under the collar.
752,5111,2,14,130,146,1.1232876712328768,0.030567627865148956,655,Eureka!
3572,5113,2,16,145,163,1.1226993865030674,0.028564862767221484,655,...and I think he world of my honorable opponent!
1827,5114,2,15,138,155,1.1225806451612903,0.02942755601958721,655,I’d like an opportunity tomrespond to my opponent
3520,5114,2,15,138,155,1.1225806451612903,0.02942755601958721,655,"Bullying tactics, again  from you!"
3350,5116,1,16,130,147,1.1224489795918366,0.02879553204089103,655,You should be more dispassionate about climate change.
3618,5116,2,14,131,147,1.1224489795918366,0.030370555240784372,655,"On behalf of planet earth I am saying good bye as he departs our solar system for a kinder gentler space in the unknown.


Susan Elwood
Monterey California"
5035,5118,2,13,124,139,1.1223021582733812,0.031406788564184086,655,last night's coverage of Me vs. The World
5160,5119,2,16,146,164,1.1219512195121952,0.028400009016040492,655,"But actually, you see, global warming is false propaganda by feminists."
5252,5119,1,18,145,164,1.1219512195121952,0.027050763631068626,655,"No, no, I didn’t mean that--don’t cry!"
1648,5121,2,13,125,140,1.1214285714285714,0.031193882221734227,655,My opponent chose not to be here tonight.
4348,5122,1,16,132,149,1.1208053691275168,0.028431312523702748,655,"The 'Everyone is on my side' argument won't work with me, fella.  American beer still beats European beer in my book."
2410,5122,1,16,132,149,1.1208053691275168,0.028431312523702748,655,Let it snow - Let it snow - Let it not snow.
995,5124,2,13,126,141,1.1205673758865249,0.030983829663298712,655,"Firstly, I'd like to start by acknowledging the traditional owners of  the land, paying respect to Elders; past, present and emerging..."
1720,5124,0,17,124,141,1.1205673758865249,0.0275202371976855,655,The New World is not automatically preferable to the Old
2205,5124,0,17,124,141,1.1205673758865249,0.0275202371976855,655,The nations have spoken: we need to turn down the AC.
3491,5124,2,13,126,141,1.1205673758865249,0.030983829663298712,655,Saved by the World!
127,5128,0,16,117,133,1.1203007518796992,0.02831485328394801,655,Don’t believe climate change is real? I’m gray!
404,5128,2,12,119,133,1.1203007518796992,0.03208696385756983,655,"Sorry, this is two party system."
2425,5128,0,16,117,133,1.1203007518796992,0.02831485328394801,655,I've decided to give it a rest.
4310,5128,2,12,119,133,1.1203007518796992,0.03208696385756983,655,There is no such thing as global warming. I must be right no one will  debate me.
4921,5132,2,11,112,125,1.12,0.03331182101529182,655,"No puppet. No puppet. You're the puppet! No, you're the puppet."
2458,5133,3,11,128,142,1.119718309859155,0.03235873360030459,655,Your mine all mine
2905,5134,3,10,121,134,1.1194029850746268,0.03357429553316007,655,"If this is to scale, I must be at least 6'5""!"
5272,5134,1,14,119,134,1.1194029850746268,0.03004649096450161,655,you have one leg to stand on
3273,5136,0,18,133,151,1.119205298013245,0.026456932921110173,655,Unfortunately no one can speak for this plant for they have all perished
916,5137,0,17,126,143,1.118881118881119,0.027159984864685495,655,"GAIA, who would have been speaking for Earth is home sick tonight. So, Earth has requested a ""TIME OUT"" --- for a decade or two in order to properly prepare either a victory speech or a funeral oration."
1250,5137,1,15,127,143,1.118881118881119,0.028916393863853085,655,Damn it globe! I am sick of warming ya!!!
1303,5137,0,17,126,143,1.118881118881119,0.027159984864685495,655,"Tyrannize, T-y-r-a-n-n-i-z-e, Tyrannize"
4713,5137,0,17,126,143,1.118881118881119,0.027159984864685495,655,Earth stop you have already been through enough!
4885,5137,1,15,127,143,1.118881118881119,0.028916393863853085,655,"My fellow Americans, this election isn’t about me against my opponent; it’s about you and me against my opponent."
4830,5142,0,16,119,135,1.1185185185185185,0.027922050250639003,655,This is the world 50 years ago - one man called climate change was so strong - he flooded Florida and made America smaller.
4635,5142,2,12,121,135,1.1185185185185185,0.03163475192294538,655,"Despite the size of these lakes in North America,they are still aneurysms in streams."
3947,5144,1,16,135,152,1.118421052631579,0.027901838537781165,655,"Tweet, tweet!"
1314,5145,1,15,128,144,1.1180555555555556,0.028726748608966377,655,"Is that Earth? She looks awful. Did she catch that humanity bug that’s going around?”

“No, didn’t you hear? Her and Pangea split up.”

“Oh that’s much juicier."
2497,5145,4,9,131,144,1.1180555555555556,0.03341558583981498,655,"As you can see, Buddhism is now the sole religion in the Americas."
4705,5145,0,17,127,144,1.1180555555555556,0.026983346503309306,655,"‘“... one nation under God,indivisible, with liberty and justice for all”"
2011,5148,1,16,136,153,1.1176470588235294,0.027729677693590093,655,Just because you are bigger than me does not imply I'm trying to kill you!
2188,5148,1,14,121,136,1.1176470588235294,0.029628828644818663,655,Nothing appealing about this universe.
2561,5148,0,18,135,153,1.1176470588235294,0.026133038724665835,655,You are flat-ah!
3655,5148,1,14,121,136,1.1176470588235294,0.029628828644818663,655,I told you not to feed the Mercator map table food…it makes it bloated.
2469,5152,1,15,129,145,1.1172413793103448,0.02853956096077043,655,Respect you? You first need to learn to hold your temper like an adult and not blame me for yourself being hot headed.
975,5153,1,13,115,129,1.1162790697674418,0.03039609911115915,655,"Now, that's a bunch of babble."
31,5154,0,16,122,138,1.1159420289855073,0.027352721064580074,655,the Voice of America will be debating for the Affirmative
1965,5155,0,17,130,147,1.1156462585034013,0.026466857201419166,655,Where’s Helen Reddy when I need need her MOST?
79,5156,1,16,139,156,1.1153846153846154,0.027225642412240313,655,"Superman, where are you?"
4332,5156,2,14,140,156,1.1153846153846154,0.028704504710898093,655,I say we just go with Make Them Great Again!
1186,5158,2,12,125,139,1.1151079136690647,0.03076736699358617,655,"The top land formation is not only the center of the earth,it is the center of the universe"
1420,5158,2,12,125,139,1.1151079136690647,0.03076736699358617,655,Aaaaahhhhhhh!!
5199,5158,3,10,126,139,1.1151079136690647,0.03241751511564894,655,Where is your REAL cartographer's map?
985,5161,3,11,134,148,1.114864864864865,0.031103455658679474,655,"Don’t worry, the microphone maintains inertia."
4006,5162,0,16,124,140,1.1142857142857143,0.02698580626068047,655,We are taking this precious planet to outer space for safekeeping
688,5163,2,9,103,114,1.1140350877192982,0.03470722117441154,655,"Here you see Turtle Island: head in Baffin Bay, right foreleg in Labrador, right hind leg in Florida, left hind leg in Baja California, left foreleg in Alaska, tuchis in Texas, and tail in Mexico. My opponent wants to fence off its tail."
755,5164,3,12,143,158,1.1139240506329113,0.02974627791998565,655,"Let me remind you, global warming is not real. It’s colder than ever!"
3060,5165,2,13,135,150,1.1133333333333333,0.029212890824184816,655,You'll never beat the whole globe.
679,5166,1,12,111,124,1.1129032258064515,0.030747479196961643,655,"I'm tired of hearing about your world view! We need to take care of ourselves!    Peter Giessner, Peapack NJ"
392,5167,0,15,118,133,1.112781954887218,0.027532650801261563,655,"Twitter Dude: ""Well, actually..."""
797,5168,1,14,128,143,1.1118881118881119,0.028253776550789925,655,"I know we are known as the ""Globe Theatre"" but this is beyond the pale!"
2738,5169,1,11,105,117,1.1111111111111112,0.031603613007221074,655,"I said a contour drawing, not shapes."
3540,5169,1,13,121,135,1.1111111111111112,0.02911380742769943,655,"I’ll probably will do it. Maybe, definitely."
112,5171,2,13,139,154,1.1103896103896105,0.028488934932806156,655,Force Push!
4588,5172,1,13,122,136,1.1102941176470589,0.028910488627570178,655,The quarter-less globe
3032,5173,3,12,149,164,1.1097560975609757,0.028703590171422037,655,"I know that you can defend the current geopolitical economic policies, but I like nachos."
4465,5174,3,11,141,155,1.1096774193548387,0.029756365733644152,655,Quit spraying spit when you talk!
3155,5175,0,16,130,146,1.1095890410958904,0.025941483642410917,655,And this is his hair brain...
0,5176,2,11,124,137,1.1094890510948905,0.030522204920593786,655,"Hey, all you 50-something liberals -- how about submitting a caption for this picture?  I know you motherfuckers are competitive."
2855,5176,2,11,124,137,1.1094890510948905,0.030522204920593786,655,Great!  You blew the pollution INTO  the earth and voila! Just watch out for some guy with a giant pin!
1388,5178,0,16,131,147,1.1088435374149659,0.025775190069846857,655,Congratulations to those of you who had 'Esperanto' in the sweepstake.
2219,5179,1,13,124,138,1.108695652173913,0.028512215463284134,655,However; speaking economically...
2845,5180,2,10,117,129,1.1085271317829457,0.03159271392810292,655,As you can see Casper the ghost is surrounded by tectonic plates.
1568,5181,1,13,125,139,1.1079136690647482,0.028317147760032545,655,Last time you used a spoon to remove the fly.
3700,5182,1,12,117,130,1.1076923076923078,0.029396947837776702,655,And then the northern blob introduced itself to the southern blob and the rest is history.
895,5182,1,12,117,130,1.1076923076923078,0.029396947837776702,655,"As you see, my opponent has no defense on that issue."
4449,5184,3,7,111,121,1.1074380165289257,0.0348188007156048,655,"He's got the whole world in his hands !
Ann Haskell
Climax, New York"
1697,5185,0,16,133,149,1.1073825503355705,0.025448880692611045,655,"This monstrosity, and I know this is hard to believe, is a terrible debater"
868,5186,1,13,126,140,1.1071428571428572,0.02812471961066779,655,"Trump: Mexico will pay for the wall
The World: Ummmm I don't thin-
Trump: NO, NO, QUIET I SAIDDDD MEXICO WILL PAY FOR THE WALL
Mexico: No thank you 
The World: We told yo-
Trump: I SAID MEXICO WILL PAY OKAY? MEXICO WILL PAYYYYY!
The World: okay buddy"
1493,5186,0,12,100,112,1.1071428571428572,0.029356962018813812,655,But we were told that we were winning!
4852,5186,2,11,127,140,1.1071428571428572,0.02989606623115304,655,"Most all the stage's a world, as I like it for a global warming debate."
1626,5189,3,10,137,150,1.1066666666666667,0.03013269188206816,655,"If you truly don't usually moon me, then please show us all what you're hiding behind China!!"
1698,5189,3,10,137,150,1.1066666666666667,0.03013269188206816,655,"As our guest speaker tonight, we have, uh, well..."
3752,5189,3,10,137,150,1.1066666666666667,0.03013269188206816,655,"As we're behind schedule, our next speaker has promised to keep his remarks short."
4963,5192,0,13,109,122,1.1065573770491803,0.028049970528641905,655,"Ladies and gentlemen,we are honored to have Mr World with us tonight. Mr. World is a specially-designed electronic globe that is able to answer any questions you may have on climate change."
1400,5193,2,10,120,132,1.106060606060606,0.030904282690156035,655,While I may not speak on behalf of two continents.....
359,5193,2,10,120,132,1.106060606060606,0.030904282690156035,655,"And are you going to call my tax plan ""oblate spheroid"" as well?"
351,5193,1,12,119,132,1.106060606060606,0.028972646886143236,655,"It's OK, the dog is merely chasing his own tail-unablr to make a deal."
1724,5196,0,16,135,151,1.1059602649006623,0.02513068339206658,655,"...for example, Jesus ..."
1962,5197,1,14,137,152,1.105263157894737,0.026662064751849818,655,"Next speaker please, Mr Earth what say you!"
2305,5197,2,12,138,152,1.105263157894737,0.02824896586731112,655,"If elected, I will fix our worldly problems"
3680,5197,2,10,121,133,1.105263157894737,0.030681404576354532,655,Where is the Mexican ambassador? I told him to deliver the check for the wall here an hour ago. Typical lazy...peasant. I call 'em mendacious (not sure what it means but it sounds insulting)
811,5200,2,13,147,162,1.1049382716049383,0.02714323506561655,655,The president of the United States is now the earth. How do you feel about this country mr. president?
782,5201,1,12,121,134,1.1044776119402986,0.028560371840774455,655,Get  a good look while oyu can.
3976,5201,0,14,120,134,1.1044776119402986,0.026523084078765323,655,"And now for our next speaker, Global WarNing."
1896,5203,1,12,123,136,1.1029411764705883,0.02815962081636289,655,Ahhh! The Giant Ball!
2971,5204,0,14,123,137,1.102189781021898,0.025973265338187647,655,My oopponen
1491,5205,0,15,132,147,1.1020408163265305,0.02505179403658916,655,Tantrum Trump speaks to his followers: “It’s me against them... It’s us against them.... It’s me against the world.... It’s us against the world........”
1179,5206,2,12,143,157,1.1019108280254777,0.027386445992896746,655,"Don't take Ath too seriously."""
3224,5207,1,16,160,177,1.1016949152542372,0.024150627520305588,655,North America's going to crush my face and I won't be able to do anything about it.
1833,5208,1,14,143,158,1.1012658227848102,0.025696573883580483,655,And now please welcome Mr Galapogos.
4294,5209,1,13,135,149,1.1006711409395973,0.026503350261636135,655,"Indy, I already told you, “I don’t have it”."
215,5210,1,13,136,150,1.1,0.02633462177914388,655,No wall stop our next speaker.
1453,5210,1,13,136,150,1.1,0.02633462177914388,655,as you can see my opponent is a no show!  he still thinks that Leif Erickson was the first one here.   What a foolish thought.
3198,5210,2,9,119,130,1.1,0.030597313400989593,655,Live:  Horton and Whoville debate post WWII views on immigration
4934,5210,0,14,126,140,1.1,0.02544566789039912,655,I challenge you to show that climate change is nothing but a hoax.
4940,5214,2,12,147,161,1.0993788819875776,0.026733340641810363,655,"I said, 'cars.' Massachusetts, I told you to stifle!"
1156,5215,1,13,137,151,1.099337748344371,0.026168020331545166,655,Sure My opponent is larger but without me his face would be where his butt is!
3825,5215,0,15,136,151,1.099337748344371,0.02442263432395468,655,"-WHITE MALE PLATFORM-""Hold ON!  I am NOT done talking."""
3633,5217,2,9,120,131,1.099236641221374,0.03037244214054683,655,Your incontinence makes you sound like ET or maybe Joe Lieberman!
3594,5218,1,14,147,162,1.0987654320987654,0.0250907050832426,655,My tower doeth protest?
1691,5219,0,14,128,142,1.0985915492957747,0.025105628724251348,655,That's not an argument My opponent should show up
1101,5220,0,13,119,132,1.0984848484848484,0.026033680930226354,655,what a bimbo bear you are!
4328,5220,2,9,121,132,1.0984848484848484,0.03015084384863376,655,"And now we will hear from the mother of all speakers on climate change.
Drew Bridges, Wake Forest, NC"
5227,5222,3,9,141,153,1.0980392156862746,0.028978578084827598,655,"No, No, No, it doesn't exist."
368,5223,1,12,130,143,1.097902097902098,0.026841119799177582,655,"This is America, whooot."
1752,5224,2,8,113,123,1.0975609756097562,0.03143600797079691,655,"Trump lectures the world: there's no debating it, I've made America great again, better than all of you and that other hemisphere hiding behind you!"
1168,5225,1,12,131,144,1.0972222222222223,0.026662740905023605,655,"Listen up, you 7.5 billion people out there, I represent the top 5% of greatest wealth -- and that's 70%, so you're outvoted."
2672,5226,1,11,122,134,1.0970149253731343,0.027764910342609465,655,Here you can see projected evolution of our planet next century without carbon capture.
2008,5227,0,14,131,145,1.096551724137931,0.0246121989716826,655,"My opponent's ideas make quite a splash, but they just don't water!"
3833,5228,1,13,142,156,1.0961538461538463,0.025365559180572123,655,We are testing this as a potential backdrop for the Oval Office with the lectern replacing the ResoluteDesk.
1932,5229,2,10,134,146,1.095890410958904,0.028050779117461525,655,"As you can see, 'World Table' is a comment platform — aimed at tipping the table on its edge."
1576,5230,4,6,138,148,1.0945945945945945,0.030827643673110642,655,"I didn't aware when saying ""Make our planet great again"""
4065,5231,0,12,115,127,1.094488188976378,0.026058568209814857,655,you're shouting again.  stop.  this is such old news.
4764,5232,2,11,146,159,1.0943396226415094,0.026457141237132546,655,Global warming is Wavey af
4917,5233,3,7,128,138,1.0942028985507246,0.03066263011523056,655,...But she changes her mind every second.
2327,5234,1,12,136,149,1.0939597315436242,0.025805158606400584,655,"There’s my opponent, running around the world, counting his money, a beautiful girl on each arm."
1664,5234,2,10,137,149,1.0939597315436242,0.02750637984665912,655,....MEAN WHILE BACK AT THE RANCH...
2107,5236,3,8,139,150,1.0933333333333333,0.028920421040663922,655,"Order, orrr der!"
3973,5236,1,12,137,150,1.0933333333333333,0.025640199608102227,655,Elect her and she
4237,5238,0,12,117,129,1.0930232558139534,0.02567372344862746,655,You canC%22]/div[1]/form[1]/a[1]%22%2C%22href%22:%22https://account.newyorker.com/?retURL=https%253A%252F%252Fwww.newyorker.com%252Fcartoons%252Fcontest%2523thisweek%253Freload%253Dtrue%22}
4039,5239,0,14,137,151,1.0927152317880795,0.023681091976872213,655,I needed a platform like Dukakis to not be upstaged by you!
5273,5240,0,13,129,142,1.091549295774648,0.024286706841487458,655,look at this fucking fattie bro
648,5241,0,14,139,153,1.091503267973856,0.023386121042072775,655,The polar bears are on the Hudson Bay.
587,5242,3,8,143,154,1.0909090909090908,0.028192344376431294,655,AAukkeueue6we6
1087,5243,1,10,122,133,1.0902255639097744,0.027125201509082552,655,Baja California.  Definitely.
2900,5244,2,9,134,145,1.089655172413793,0.02753827253036997,655,"No sir, this is our ""Creamed Tornado Soup"", not Creamed Tomato."
3268,5245,1,9,114,124,1.0887096774193548,0.02807789727748478,655,"The world. She a big. She a beautiful. Me, the man beside, fella so small? I hold her back, I reject the lady. Too large. She a big, and I am object."
4098,5246,0,12,124,136,1.088235294117647,0.02441156783919359,655,Technology... Entertainment... Duluth
91,5247,1,12,146,159,1.0880503144654088,0.024245066435393862,655,"Baton Rouge, Louisiana; Indianapolis, Indiana
And Columbus is the capital of O-hi-o"
4398,5248,0,13,136,149,1.087248322147651,0.023196582406430386,655,"You can call yourself Gaia, but let the people know your real name is Goliath, Mister Big Shot!"
904,5249,1,9,117,127,1.0866141732283465,0.027438269780990916,655,Revenge of the nerds
1251,5250,1,10,129,140,1.0857142857142856,0.02581799345006687,655,"I don't need your opinion, stay away!"
1897,5251,1,10,130,141,1.0851063829787233,0.025641440192185932,655,Just believe in Jesus
943,5252,1,10,136,147,1.0816326530612246,0.024630725492833017,655,Y
4928,5253,0,11,124,135,1.0814814814814815,0.02363311767778688,655,What an irony ! We are all witnessing my debate opponent being
1678,5254,1,9,126,136,1.0808823529411764,0.025682719406724987,655,This is a congress of the World Health Organization...  Organization
3762,5255,1,10,138,149,1.080536912751678,0.02431126104715795,655,"And as president, I will remove all coastal  entry restrictions.""
Gaye Fontoura, Ossining, N"
2385,5256,1,8,116,125,1.08,0.02688086020128987,655,"We have to face the fact that if my opponents are that critical of Israeli policy, they may be anti-semites."
3853,5256,1,8,116,125,1.08,0.02688086020128987,655,The World is a Vampire!
5117,5258,0,11,128,139,1.079136690647482,0.02297983912243713,655,"Geez Mother, I packed my own lunch!"
3169,5259,2,7,131,140,1.0785714285714285,0.026951780517403434,655,I have a pet peeve!
2364,5260,2,8,143,153,1.0784313725490196,0.02544649743227648,655,Stop in the name of the law!
1562,5261,1,9,131,141,1.0780141843971631,0.024800974720639093,655,I’m just tryna stick my dick in your great lakes
2563,5262,0,10,119,129,1.0775193798449612,0.023636261468314868,655,"excuse me waiter,there's an elephant nose in my soup."
2351,5263,0,11,132,143,1.0769230769230769,0.02236161152822351,655,The world's mine oyster
2404,5263,1,8,121,130,1.0769230769230769,0.025878447610542976,655,"As you must already know, a thorn brought a lion to its knees. That's Mr.Thorn to you! And don't forget it!"
2421,5265,1,9,134,144,1.0763888888888888,0.024300351868311865,655,And what about Pete Davidson and Kate Beckinsale?
1328,5266,0,10,121,131,1.0763358778625953,0.02328893953617374,655,"There has been allot of misconceptions about your financial situations"""
2882,5267,0,11,135,146,1.0753424657534247,0.021919284314961776,655,"Mother knows best, and you know it, buddy, please realize!"
1188,5268,0,10,128,138,1.0724637681159421,0.022149586084083208,655,And now find the next power point.
3679,5269,0,10,130,140,1.0714285714285714,0.021844204837443242,655,And the next step is Melancholia!
3317,5270,1,8,133,142,1.0704225352112675,0.02375222405233226,655,Our side of the world is clean the other side is dirty!
216,5271,3,4,145,152,1.0657894736842106,0.025854265925317414,655,"I told you that I didn’t want carrot soup”

For cartoon of the week in 3/11/19 issu"
2288,5272,1,6,122,129,1.062015503875969,0.023991120936317726,655,Not fair!  I was only scheduled to d
246,5273,0,9,137,146,1.0616438356164384,0.01997306343759737,655,So how’s the California vacation Dad?
98,5274,1,7,139,147,1.0612244897959184,0.022064893988554657,655,Mr. Worldwide...
3458,5275,0,9,139,148,1.0608108108108107,0.019710982487125623,655,For your next conference or congress: a podium scaled exactly to  1/6 of 2 gazzlions  dimension of  the  planet  earth's surface.
1506,5276,0,9,140,149,1.0604026845637584,0.019582500506562565,655,"And on another note, ""MoM! I'lL bE HoMe ArOUnD SiX!"""
3532,5277,2,4,136,142,1.056338028169014,0.02401729117593034,655,Penis
4241,5278,0,5,111,116,1.043103448275862,0.018938238525726795,655,Message strong with 2nd grade athetic.
