target_id,rank,funny,somewhat_funny,unfunny,count,score,precision,contest,caption
7055,1,43,71,119,233,1.6738197424892705,0.05038153609378603,657,"Fortunately, our time is up."
4773,2,36,84,112,232,1.6724137931034482,0.047927538719187014,657,I think we can end on that note.
6607,3,43,55,120,218,1.646788990825688,0.05357919350862012,657,I'm more of a pop psychologist.
6760,4,38,63,116,217,1.640552995391705,0.051839999135202465,657,This is New York. You may often hear a discouraging word.
724,5,42,49,121,212,1.6273584905660377,0.05464257970181839,657,"Get over it. You're not an old cowhand, you're Irving Goldstein from Brooklyn."
273,6,46,53,134,233,1.6223175965665235,0.052106000671125086,657,I think we need to face the possibility that she won't be comin' round the mountain
991,7,33,61,121,215,1.5906976744186045,0.05063847840841166,657,It's time to accept that she's never coming round the mountain.
4319,8,29,67,121,217,1.576036866359447,0.04866264732950549,657,"And finally, ""would you say that you're a man of (a) occasional, (b) frequent or (c) constant sorrow?"""
4852,9,41,44,134,219,1.5753424657534247,0.05327584166859913,657,When did you first notice this personality change Rabbi Friedman?
5788,10,27,64,116,207,1.570048309178744,0.049559359309204035,657,That lonesome whistle means our time is up.
204,11,39,48,135,222,1.5675675675675675,0.05196526751487961,657,"When you said you'd pay for these sessions with Cash, I didn't think you meant Johnny."
3054,12,24,58,106,188,1.5638297872340425,0.051773101599056646,657,We'll end on that note.
408,13,42,39,138,219,1.5616438356164384,0.05374769811013415,657,Have you considered entering a two-step program?
6440,14,29,62,123,214,1.560747663551402,0.04928301704247174,657,Don’t think of them as discouraging words so much as constructive criticism.”
3,15,34,51,129,214,1.5560747663551402,0.051485566140132936,657,You're rambling again.
1063,16,28,61,122,211,1.5545023696682465,0.049397914709334384,657,"Would you rather get back your truck, your dog, or your wife?"
6719,17,28,62,123,213,1.5539906103286385,0.049047330439077226,657,"Who is ""coming around the mountain,"" John?  Could it be your mother?"
249,18,27,55,116,198,1.5505050505050506,0.05138569754006419,657,Let’s shoot for high noon next week?
2220,19,32,54,129,215,1.5488372093023255,0.05047852072088895,657,I'm hearing some discouraging words.
2589,20,26,63,121,210,1.5476190476190477,0.048683701030659075,657,"On a scale of 1 to 10, how lonesome are you?"
5048,21,30,64,133,227,1.5462555066079295,0.0476053842015658,657,"Well, it’s High Noon. See you next week."
1752,22,30,61,131,222,1.545045045045045,0.048425023176299646,657,I'ts not uncommon for men of your age to start feeling fenced in.
658,23,37,54,144,235,1.5446808510638297,0.04904634292758701,657,You fret too much.
214,24,38,53,146,237,1.5443037974683544,0.04908969130517047,657,Let me guess: she got the gold mine and you got the shaft.
4450,25,33,52,132,217,1.543778801843318,0.05056307401116065,657,Well I prefer it to the week you thought you were James Brown.
139,26,28,52,119,199,1.5427135678391959,0.05171711058014766,657,I've seldom heard such discouraging words.
463,27,31,60,134,225,1.5422222222222222,0.04835567810441987,657,"I'm writing you a prescription for guitar lessons."""
5830,28,31,62,136,229,1.5414847161572052,0.04771173383593808,657,"So, let's talk about your dad, Sue."
686,29,28,52,120,200,1.54,0.05152937397164406,657,Did it ever occurr to you that you done her wrong first?
1877,29,28,52,120,200,1.54,0.05152937397164406,657,"By chance, do you know ""Forever Jung?"""
1277,31,37,45,139,221,1.5384615384615385,0.05149414525495494,657,I take it you are no longer Napoleon.
6165,32,34,42,129,205,1.5365853658536586,0.053338028044529764,657,"That’s all for today, Sue."
5661,33,32,49,130,211,1.5355450236966826,0.051272107279988016,657,I'm afraid an occasional  discouraging word is part of the treatment.
6246,34,32,67,146,245,1.5346938775510204,0.045719244103316715,657,"Well, our time's up. You can git along now."
3321,35,32,61,141,234,1.5341880341880343,0.04734747147454394,657,Your problem is you fret too much
4685,36,37,44,140,221,1.5339366515837105,0.05150860178113952,657,You've got to stop fretting.
6162,37,31,57,135,223,1.5336322869955157,0.04871759838443457,657,High noon... afraid your time is up.
6287,38,31,54,133,218,1.5321100917431192,0.049577598801445986,657,And when did you first start hearing those discouraging words?
5392,39,34,43,132,209,1.5311004784688995,0.052549958460499514,657,"In your case, I'm going to recommend the two-step rather than the twelve-step program."
6180,40,31,59,138,228,1.530701754385965,0.04790718020913387,657,"So what is it this time - the girl, the truck, or the dog?"
3357,41,30,56,133,219,1.5296803652968036,0.04898472326245157,657,Well how often did you actually hear a discouraging word?
523,42,30,65,141,236,1.5296610169491525,0.04628117177064995,657,And on that note our time is done.
3988,43,31,47,128,206,1.529126213592233,0.05180274677095364,657,Maybe it's time you did hear a discouraging word
1906,44,26,61,127,214,1.52803738317757,0.048070984257299616,657,"So, stay on your meds, and happy trails to you until we meet again."
1554,45,27,57,127,211,1.5260663507109005,0.04905025197628255,657,Seldom have I heard such discouraging words.
5437,46,25,62,126,213,1.5258215962441315,0.04778465003815239,657,"Well, you're about to hear a discouraging word."
2412,47,26,61,128,215,1.5255813953488373,0.04790986754392148,657,Being from El Paso is not a border line personality disorder
5983,47,32,49,134,215,1.5255813953488373,0.05055856282415665,657,"In here, the whole point is hearing discouraging words."
2609,49,25,66,130,221,1.5248868778280542,0.04649657793876167,657,Sometimes a discouraging word is exactly what we need to hear.
6745,50,24,61,123,208,1.5240384615384615,0.04816394020346718,657,It sounds like I've struck a chord.
3577,51,30,56,137,223,1.5201793721973094,0.048334937325133054,657,"Yes, I have to say, those are discouraging words."
5415,52,32,51,139,222,1.518018018018018,0.049337861853601096,657,You seem to fret a lot.
3818,53,27,47,121,195,1.5179487179487179,0.052100266163075115,657,"So, Sue, what brings you here?"
3146,54,29,40,121,190,1.5157894736842106,0.05419023176855489,657,Want to grab a rabbi and walk into a bar?
647,55,27,62,136,225,1.5155555555555555,0.046759167583335134,657,Who's trying to fence you in?
5203,56,35,49,147,231,1.5151515151515151,0.0490253144290259,657,Soooo -- I see by your outfit that you are a cowboy.
1909,57,28,52,130,210,1.5142857142857142,0.04971028914674201,657,"So you see, they're not 'booing.' That's just a normal cow noise."
781,58,30,52,136,218,1.5137614678899083,0.04918881048996693,657,"Perhaps we could leave out the ""and it goes a little something like this here"" every time you respond to a question."
3176,59,19,59,111,189,1.5132275132275133,0.04897259513455313,657,"Well, maybe you wouldn’t be a man of constant sorrow if you’d just take the antidepressant I prescribed."
3831,60,28,53,132,213,1.511737089201878,0.04918069488463469,657,I don’t think you have depression. What you have is a hit single.
6618,61,28,54,133,215,1.5116279069767442,0.04883358676704616,657,It's  just out of tune.  It's not your mother's fault.
6005,62,30,52,137,219,1.5114155251141552,0.0490198559528956,657,So: happily married; sober; truck running smooth; dog came home; writer’s block. Got it.
6814,63,29,55,137,221,1.51131221719457,0.048256675122636476,657,Urging you to set boundaries is not the same as trying to fence you in.
5561,64,17,60,107,184,1.5108695652173914,0.048736184044639655,657,Let’s end today’s session on a positive note.
4768,65,24,51,119,194,1.5103092783505154,0.05076188439894574,657,Do you frequently hear discouraging words?
3006,66,22,58,120,200,1.51,0.048593276619953475,657,"Would you describe your heart as achey, or more breaky?"
5029,67,26,64,138,228,1.5087719298245614,0.045887874680230076,657,"Face it, nothing rhymes with oedipus."
238,68,24,47,116,187,1.5080213903743316,0.052189694800931406,657,"Blame your mother all you want, but she told you not to grow up to be a cowboy."
3359,69,32,41,134,207,1.5072463768115942,0.05209803277804283,657,"You need music lessons, not therapy."
731,70,23,60,127,210,1.5047619047619047,0.047372338814333295,657,It's OK to use discouraging words.
4592,71,28,53,135,216,1.5046296296296295,0.048667730858592814,657,And who are we today?
6007,72,29,55,140,224,1.5044642857142858,0.04777134634648892,657,"Now Sue, tell me where it all started."
1836,73,29,56,141,226,1.5044247787610618,0.047451382814390305,657,Have you ever felt so lonesome you could cry?
1741,74,23,50,118,191,1.5026178010471205,0.050826373357723616,657,"You say your horse had no name. Was this a problem for the horse, or for you?"
1047,75,24,55,126,205,1.502439024390244,0.0487158826127819,657,But the fact is your momma DID let you grow up to be one.
6886,76,24,56,127,207,1.502415458937198,0.04836542853450084,657,"Apart from the deer and antelope, did you play with anyone else as a child?"
1680,77,26,56,133,215,1.5023255813953489,0.047941507233598926,657,"You know, Jed, you may have to accept that she'll never come around the mountain."
233,78,25,60,134,219,1.5022831050228311,0.0468408044550197,657,"I'm going to need more to go on than just the fact that you're so lonesome you could cry."""
6011,78,25,60,134,219,1.5022831050228311,0.0468408044550197,657,"So, you've never felt at home on the range?"
3447,80,27,57,137,221,1.502262443438914,0.047402472737208774,657,High noon again next week?
1727,81,34,55,156,245,1.5020408163265306,0.04649814272145296,657,"Yes, you seem depressed. I'm going to prescribe a banjo."
2917,82,24,75,147,246,1.5,0.04262422187784648,657,Is it possible that you’re right-handed?
729,82,29,63,150,242,1.5,0.04507575097183299,657,"Well I must admit, that is a discouraging word."
2374,82,22,73,139,234,1.5,0.043358679130489214,657,"To expect to ""never"" hear a discouraging word is delusional. To expect to ""seldom"" hear a discouraging word is quite sane."
3617,85,31,56,150,237,1.4978902953586497,0.04655955383916755,657,"And those things roaming around on the range near your home, are they in the room with us now?"
2787,86,30,51,142,223,1.4977578475336324,0.04835367397634853,657,"You never really felt at home on the range, did you?"
2572,87,27,54,136,217,1.4976958525345623,0.048056805563627215,657,"Yes, It’s my job to listen."
3681,88,26,54,133,213,1.4976525821596245,0.04827818098860605,657,"Tell me, the discouraging words -- were they frequent?"
898,89,23,56,126,205,1.497560975609756,0.04822253841400828,657,It's okay to use discouraging words here.
5464,90,24,63,137,224,1.4955357142857142,0.04562794480643505,657,I'm going to go ahead and assume there's an ex-wife somewhere in this.
4257,91,27,54,137,218,1.4954128440366972,0.047890301877417905,657,It’s not that I don’t believe you - it’s just quite a coincidence that all your issues rhyme with each other.
601,92,27,51,134,212,1.4952830188679245,0.048907240337662215,657,I'm afraid you're about to hear some discouraging words.
4420,93,28,47,133,208,1.4951923076923077,0.05008242748344967,657,These ghost riders in the sky. Do they talk to you?
1896,94,24,52,126,202,1.495049504950495,0.049253090666212425,657,"So up until that point, you seldom had heard a discouraging word?"
7,95,21,57,122,200,1.495,0.04807735600887408,657,Let's just suppose she'll be riding six white horses when she comes.
3346,96,26,70,151,247,1.4939271255060729,0.043265555310907526,657,I'm writing you a prescription for a banjo. That should cheer you up.
2486,97,30,51,144,225,1.4933333333333334,0.048024464664889355,657,I am recommending a two-step program.
2341,98,23,57,129,209,1.492822966507177,0.0475376462138039,657,"Ok, your wife left, and your dog died.  You need a third thing for it to be a country song, Bob"
2985,98,25,53,131,209,1.492822966507177,0.048495783914241156,657,"This is not exactly what I meant when I said that you should reinvent yourself, Mrs. Himmelman."
559,100,27,47,131,205,1.4926829268292683,0.05016448897233645,657,"So, it all started when your father named you Sue."
4454,101,28,41,128,197,1.4923857868020305,0.05220671154505096,657,"Let’s talk about your father, Sue"
6495,102,29,57,148,234,1.4914529914529915,0.04622162493490402,657,"First, let’s address the achy, then we can explore the breaky."
5225,103,31,43,140,214,1.4906542056074767,0.05033373514260212,657,Let's focus on the cattle you didn't lose.
36,104,24,56,132,212,1.490566037735849,0.04751283661398474,657,I hear discouraging words all day long.
2196,105,24,52,128,204,1.4901960784313726,0.04888903695944869,657,OK.  So your Father named you Sue.
2056,106,27,43,128,198,1.4898989898989898,0.05150650455804469,657,"Therapy doesn't work well when seldom is
heard a discouraging word."
3736,107,31,59,157,247,1.4898785425101215,0.04512447562235099,657,Be honest.  Was any time a good time for Lucille to have left you?
3855,108,27,60,146,233,1.4892703862660943,0.04556373577111715,657,Maybe if you'd tune the damn thing you wouldn't be so lonesome all the time.
3666,109,26,61,144,231,1.4891774891774892,0.04544423713250462,657,"I have to tell you, Hank--Every week, it's the same sad song."
406,110,27,55,141,223,1.4887892376681615,0.04707798710820795,657,You realize my job is to listen to you and not sing-along.
6843,111,28,50,139,217,1.4884792626728112,0.04849263922476955,657,And what was it like the first time you heard a discouraging word?
5878,112,24,56,133,213,1.488262910798122,0.04734529690202765,657,So tell me about the first time you heard a discouraging word.
1110,113,26,49,132,207,1.4879227053140096,0.0493187506643819,657,Maybe you'd be happier outside of New York?
5964,114,21,57,125,203,1.4876847290640394,0.04755116503481151,657,"Nobody's looking to fence you in, Henry."
3955,115,25,59,140,224,1.4866071428571428,0.0460568432707998,657,"...and yet, your mother did let you grow up to be a cowboy. Tell me about her."
5827,116,22,62,134,218,1.4862385321100917,0.04562143790207297,657,Anything you sing in here will be kept completely confidential.
725,117,26,53,137,216,1.4861111111111112,0.0477662836964343,657,"No, it's not paranoia. You really are terrible."
2379,118,24,56,134,214,1.485981308411215,0.047178740224166994,657,"On that note, your time is up."
6915,119,33,52,158,243,1.48559670781893,0.046416969478433025,657,Perhaps it's time you heard a discouraging word.
5148,120,27,58,146,231,1.4848484848484849,0.04585120857327286,657,"Well, we each have to face the discouraging word, regardless how seldom."
5435,121,28,54,145,227,1.4845814977973568,0.046869160050708486,657,Let's end this session on a high note.
66,122,33,43,149,225,1.4844444444444445,0.049239364244287896,657,"So Sue, tell me about your relationship with your father."
5179,123,27,54,142,223,1.484304932735426,0.047072214563632496,657,And just when did the skies become cloudy all day?
5570,124,31,45,145,221,1.4841628959276019,0.04909601782407147,657,I can’t cure your compulsive pun disorder if you insist on starting each session with “Home on Derange.”
1558,125,26,53,138,217,1.4838709677419355,0.047598396658529614,657,"I could cure you, but then your career would be over."
4324,125,24,57,136,217,1.4838709677419355,0.04669334609391909,657,"Having seldom heard discouraging words has set you up for disappointment, I’m afraid."
6450,127,28,60,152,240,1.4833333333333334,0.04495723470271825,657,"So, when did you first start feeling so lonesome you could die?"
3957,128,26,49,134,209,1.4832535885167464,0.04895658326977224,657,"So, as I understand it, you are so lonesome you could cry."
4442,129,22,52,125,199,1.4824120603015076,0.04876226559063973,657,"No, I don’t want to fence you in, I just need to know where to send the bill."
318,130,25,57,140,222,1.481981981981982,0.046355920719529764,657,"Seldom I've heard such discouraging words."""
1300,130,31,45,146,222,1.481981981981982,0.048922999352430614,657,I prefer cash.
990,132,26,54,140,220,1.481818181818182,0.04710975516052062,657,"You must understand, Tex, that sometimes the skies ARE cloudy all day ."
3069,132,27,52,141,220,1.481818181818182,0.04754829157497995,657,"Have you considered changing your name, Sue?"
4621,134,24,56,136,216,1.4814814814814814,0.04684855792842044,657,How did it make you feel when you heard those discouraging words?
6943,135,27,49,138,214,1.4813084112149533,0.04854633685560378,657,Now what made you feel that Goldman Sachs  was no longer the the place for you?
528,136,24,53,133,210,1.480952380952381,0.047833874044704114,657,We'll just call you Oedipus Tex.
6959,137,31,51,153,235,1.4808510638297872,0.046843214829314,657,Just nod when it's my time to come in.
2679,137,27,59,149,235,1.4808510638297872,0.04526373580473045,657,My question seems to have struck a chord.
1864,139,25,49,132,206,1.4805825242718447,0.04900678938719032,657,"So, you're hearing discouraging words and the skies are cloudy all day."
805,140,25,59,143,227,1.4801762114537445,0.04559689355337815,657,And do you think that there's a reason why all your Ex's are in Texas?
2886,140,17,75,135,227,1.4801762114537445,0.04203805445693585,657,I feel like we ended on the wrong note last time.
6239,142,22,64,139,225,1.48,0.04457916090845125,657,So you say that you heard a discouraging word AND it was cloudy all day?
537,143,21,53,124,198,1.47979797979798,0.048411995120822324,657,So your mama let you grow up to be a cowboy.  Get over it.
4670,143,28,39,131,198,1.47979797979798,0.051986925396906795,657,"I think we established some years ago that you're an old cowhand from the Rio Grande. The real breakthrough will come when you can admit that you never saw a cow, never roped a steer, that you are in fact a corporate lawyer at a large Midtown firm."
17,145,25,54,138,217,1.4792626728110598,0.0471397012536318,657,"Let's start with your early years. 
What was it like for a boy named Sue?"
1267,146,27,48,138,213,1.4788732394366197,0.0487133890949534,657,How seldom were the discouraging words?
197,147,28,56,150,234,1.4786324786324787,0.04580513251349401,657,"So, let's start with that: your name is Sue?"
4231,147,29,54,151,234,1.4786324786324787,0.0462038159105356,657,Happy trails to you. You're time's up.
5263,149,27,46,136,209,1.4784688995215312,0.04941531301970715,657,I know you've seldom heard a discouraging word but that's why we're here.
254,150,20,70,140,230,1.4782608695652173,0.0430009877862679,657,"Mama didn’t LET you grow up to be a cowboy, you have to take some responsibility as well."
156,151,29,50,147,226,1.4778761061946903,0.04742937212152562,657,This is just a phase. You really should re-think leaving your law firm.
2493,152,26,45,132,203,1.477832512315271,0.0500329712061109,657,Let's start with a two-step program.
255,153,28,50,144,222,1.4774774774774775,0.04764807774994277,657,You really think you can go through life expecting to seldom hear a discouraging word?
5628,153,20,66,136,222,1.4774774774774775,0.04409332534622212,657,And when did these voices start their discouraging words?
1336,155,23,58,137,218,1.4770642201834863,0.046065627614738876,657,"Now, when you say, 'You're so lonesome you could die,"" 
what do you mean, exactly?"
4455,155,28,48,142,218,1.4770642201834863,0.048305607575808734,657,When did you first hear discouraging words?
1443,157,21,51,123,195,1.476923076923077,0.04895043100838632,657,"And how would you define ""a discouraging word""?"
4032,158,28,47,141,216,1.4768518518518519,0.04864314395135681,657,"Well I agree with you.  Discouraging words, even if seldomly heard, can still be hurtful."
1508,159,17,65,126,208,1.4759615384615385,0.04466102553759347,657,But does the chord want to change?
857,160,26,53,142,221,1.4751131221719458,0.04693684155616267,657,I think the problem is that you’re right handed.
7011,161,28,58,154,240,1.475,0.04494107408006638,657,"When she did not come around the mountain, how did that make you feel?"
3879,162,26,61,151,238,1.4747899159663866,0.0444303772723256,657,"Now that we have got your guitar in tune, let's work on you."
3097,163,24,63,147,234,1.4743589743589745,0.04416467151479553,657,When did you first suspect she would not be coming round the mountain?
1244,164,23,63,144,230,1.4739130434782608,0.04429552752268345,657,Did you ever wonder WHY all your ex's live in Texas?
997,165,28,50,146,224,1.4732142857142858,0.04731738678302099,657,"Now, play the first thing that comes to your mind..."
52,166,25,41,127,193,1.471502590673575,0.05145058587973409,657,"Well, did you ever ASK the deer and the antelope to include you?"
2559,167,26,55,146,227,1.47136563876652,0.04600187391453349,657,"Yes, I'm afraid that IS a discouraging word."
6142,168,28,41,137,206,1.470873786407767,0.05041275118778709,657,And when did you start to hear these discouraging words?
822,169,25,46,133,204,1.4705882352941178,0.049342124576242145,657,I wish you had mentioned a year ago that 'Mama' is your guitar.
1545,170,22,59,138,219,1.4703196347031964,0.045435321401400205,657,You seem a little flat this week.
4736,171,18,57,123,198,1.4696969696969697,0.04676867732298291,657,I'm not going to be much help if you keep calling me 'stranger'.
3763,172,24,60,146,230,1.4695652173913043,0.04471009851352833,657,It’s not you.  ‘Wyoming’ is a difficult rhyme.
2546,173,20,58,131,209,1.4688995215311005,0.04601527338660846,657,"So, you feel fenced in."
1550,174,28,49,147,224,1.46875,0.04730510820547649,657,And these “discouraging words” are more frequent now?
5936,174,27,51,146,224,1.46875,0.04688000453746154,657,"I agree, those words are discouraging. But take comfort in the fact that they are seldom heard."
4149,176,31,42,149,222,1.4684684684684686,0.04889202443535272,657,"How does it make you feel that you can’t play the guitar, you are a lawyer and you’ve never been west of the Hudson River?"
4146,177,23,50,132,205,1.4682926829268292,0.048171715418949095,657,And when do you remember first hearing a discouraging word?
6513,178,31,55,164,250,1.468,0.04467535730356058,657,"Well Slim, sometimes a guitar is just a guitar."
6355,179,22,57,137,216,1.4675925925925926,0.04588425598398518,657,And how frequent were these discouraging words?
2218,180,23,62,146,231,1.4675324675324675,0.04413812600529648,657,"I'm sorry but you're out of tune and we're out of time."""
2657,181,23,54,137,214,1.4672897196261683,0.04666750377783242,657,We all feel fenced in at times.
3915,182,30,45,150,225,1.4666666666666666,0.047974861141928296,657,"I think we have to consider this as an expression of hostility toward your Brooklyn roots, Moishe."
391,183,32,46,158,236,1.4661016949152543,0.047041735457490755,657,"Perhaps it was seldom, but what discouraging words DID you hear?"
1068,184,22,57,138,217,1.4654377880184333,0.04572312155495305,657,"So, you're so lonesome you could cry?"
6460,185,30,54,161,245,1.4653061224489796,0.04498152143572668,657,"I'm sorry, but no amount of therapy can make you talented."
3747,186,30,53,160,243,1.4650205761316872,0.04525821327007742,657,"Even if it is seldom, how does that discouraging word make you feel?"
3009,187,20,57,132,209,1.4641148325358853,0.04599852707532543,657,"So far, I have that your Mama don’t dance and your Daddy don’t rock and roll"
5447,188,22,59,141,222,1.4639639639639639,0.044968546187046175,657,"I’m prescribing happy trails, until we meet again."
1506,189,26,50,144,220,1.4636363636363636,0.04706166761294846,657,I'm sure the deer and the antelope didn't mean to exclude you.
6150,190,27,54,152,233,1.463519313304721,0.04550619587175036,657,Tell me more about your years at Juilliard.
2405,191,22,51,132,205,1.4634146341463414,0.04765560978370698,657,What was the discouraging word?
5234,192,15,71,132,218,1.463302752293578,0.04219048262901697,657,I get it. You're lonesome.
1125,193,23,48,132,203,1.4630541871921183,0.04850415885698833,657,Lucky for you I'm a leading practitioner of Western Psychology.
4813,194,24,51,139,214,1.4626168224299065,0.04711894665198989,657,And when you shot a man in Reno just to watch him die ... how did that make you feel?
63,195,22,54,136,212,1.4622641509433962,0.04649431374840435,657,"Now, I don't want you to think of these as discouraging words..."
3993,196,24,49,137,210,1.4619047619047618,0.04777940645683998,657,How about 'If  You've Got the Money I've Got the Time'?
5926,197,26,57,153,236,1.4618644067796611,0.04466826469156442,657,"You know the rules - we end on the hour, not when the song is over."
7079,198,26,50,145,221,1.4615384615384615,0.04689518427040875,657,When did you first start hearing the discouraging words?
1639,199,21,65,146,232,1.4612068965517242,0.04312117115864263,657,"Aha, it sounds like we've finally managed to strike a chord."
6999,199,23,61,148,232,1.4612068965517242,0.04397810145703701,657,I'm sensing some discord.
5038,201,22,57,140,219,1.461187214611872,0.04540373472592475,657,How frequently would you say you heard these discouraging words?
2227,202,29,54,160,243,1.4609053497942386,0.04486687083750322,657,"Well, even cowboys get the blues."
4001,203,23,54,140,217,1.4608294930875576,0.04617033871319549,657,"No, I don’t have a request."
302,204,17,65,133,215,1.4604651162790698,0.043587731267750056,657,Can we mosey back to your fear of intimacy?
5511,205,26,41,135,202,1.4603960396039604,0.05016675024679604,657,And when did you start hearing these discouraging words?
1938,206,20,51,127,198,1.4595959595959596,0.047814559064941455,657,I'm taking you off loco weed.
62,207,27,53,153,233,1.4592274678111588,0.04549049054052446,657,I'm prescribing a benzodiazepine and a tuning fork.
176,208,24,53,143,220,1.459090909090909,0.046153815915636644,657,"Just because your Mama let you grow up to be one, it's still your choice."
3637,209,28,39,140,207,1.458937198067633,0.05018631535441364,657,When did you start fretting?
4824,209,25,45,137,207,1.458937198067633,0.048764330232214374,657,"I can't help you unless you accept the fact that it's ""deer and antelope,""  not ""beer and cantaloupe."""
3587,211,28,49,152,229,1.4585152838427948,0.046491864174203666,657,You say seldom. At what age do you recall having heard a discouraging word?
3070,212,25,65,161,251,1.4581673306772909,0.0423061799281539,657,Please don't use that tone with me.
2194,213,19,66,142,227,1.4581497797356828,0.04288539162343185,657,How often were you exposed to discouraging words?
3424,214,20,69,149,238,1.4579831932773109,0.041911188744248866,657,Have you considered changing your tune?
932,215,19,60,135,214,1.4579439252336448,0.044710932800523344,657,"First of all, that’s not a banjo on your knee."
4654,215,24,50,140,214,1.4579439252336448,0.047100449645282885,657,So mama let you grow up to be a cowboy?
6076,217,26,51,148,225,1.4577777777777778,0.046258608999034695,657,'You just don't have the range anymore.
937,218,23,56,144,223,1.4573991031390134,0.045245237193596584,657,Think of a time when you did feel at home on the range.
6517,219,27,52,153,232,1.456896551724138,0.04562697963143498,657,And how long have you been hearing discouraging words?
6278,220,24,68,162,254,1.4566929133858268,0.04156526722556469,657,Can you tell me when the trails first stopped being happy?
2349,221,23,43,129,195,1.4564102564102563,0.04994829131114674,657,"That is still a discouraging word, even if you put it to music"
4482,221,25,39,131,195,1.4564102564102563,0.050995764462488366,657,The solution to your problem is simple: you're right-handed.
7004,223,21,46,126,193,1.455958549222798,0.049248357149223786,657,I’m pleased to see that you’re not fretting as much as you used to.
1832,224,21,51,132,204,1.4558823529411764,0.047287819392027926,657,Why do you feel that I'm fencing you in?
6057,225,17,64,134,215,1.455813953488372,0.043566853138799516,657,And how long have you been feeling so lonesome you could cry?
3655,226,32,49,167,248,1.4556451612903225,0.045265620222614183,657,And you heard this discouraging word often?
5899,227,26,43,140,209,1.4545454545454546,0.04886882520746015,657,So you say this all started when you heard a discouraging word?
6295,227,26,43,140,209,1.4545454545454546,0.04886882520746015,657,Do you want to start with the wife or the horse?
4985,229,22,65,153,240,1.4541666666666666,0.04247729587446765,657,It's good we're ending this session on a high note.
3160,230,28,48,153,229,1.4541484716157205,0.04647387126971223,657,It is my professional opinion that you've got a classic case of the Willies.
6993,231,18,63,137,218,1.4541284403669725,0.04362774107405259,657,Hold that note. We will pick it up from here again next week.
4232,232,18,53,125,196,1.4540816326530612,0.04704416762280743,657,"So, did you hold them or fold them?"
5563,233,24,65,160,249,1.4538152610441768,0.04215170634364849,657,"If you want my advice, you are going to have to change your tune"
5867,234,20,58,138,216,1.4537037037037037,0.04487926118315885,657,I'm changing your prescription to a xylophone.
2842,234,19,60,137,216,1.4537037037037037,0.04439686658098856,657,"Well, how do you think that makes the horse feel?"
1123,236,23,42,129,194,1.4536082474226804,0.050127361487647314,657,"If you’re that lonesome, maybe you should cry."
2911,237,22,39,122,183,1.453551912568306,0.051796290208488825,657,And how did this discouraging word make you feel?
3109,238,25,52,148,225,1.4533333333333334,0.04580843479549043,657,"So, who am I speaking with today?"
1990,239,15,67,132,214,1.4532710280373833,0.04268034473392195,657,enough with the discouraging words
4590,239,21,55,138,214,1.4532710280373833,0.04566041656052118,657,"So when you shot a man in Reno just to watch him die, how did that make you feel?"
6817,241,22,62,150,234,1.452991452991453,0.0432491724866794,657,She done you wrong...can you elaborate on that?
774,242,25,51,147,223,1.452914798206278,0.046109848785207116,657,I can't help you.  You need to see a music teacher.
6498,243,17,62,133,212,1.4528301886792452,0.04398148939535579,657,"It's an impossible conflict. You want the little dogies to git along, but once they git along, you feel abandoned."
2548,244,23,47,136,206,1.4514563106796117,0.04793005478519674,657,But is never hearing a discouraging word a reasonable expectation?
2646,245,20,52,132,204,1.4509803921568627,0.0467503330732559,657,Just when did you start feeling so lonesome you could cry?
6386,246,21,59,144,224,1.4508928571428572,0.044170911867975594,657,Tell me more about your cheatin' heart.
5679,247,26,58,160,244,1.4508196721311475,0.04354157227583002,657,"Is that ""Home on Deranged""?"
2045,248,29,47,157,233,1.4506437768240343,0.04626064657797303,657,You clearly fret too much.
1907,248,24,57,152,233,1.4506437768240343,0.044215993504300874,657,"Waylon? Am I still speaking with Mr. Jennings, or am I speaking to Mr. Cash again?"
6223,250,23,54,145,222,1.4504504504504505,0.04536189569180332,657,"So, do you want to be happier, or write better songs?"
2908,251,19,57,135,211,1.4502369668246446,0.0451251396124497,657,Why do YOU think the deer and antelope wouldn't play with you?
5994,252,25,54,152,231,1.4502164502164503,0.044914015175916505,657,We would get a lot more done if you stopped repeating the chorus.
402,253,19,52,129,200,1.45,0.04688808443849629,657,Let's think positively. Your wife took the truck and dog yet left the guitar.
1847,253,28,34,138,200,1.45,0.05148547143461173,657,"So, you rode through the whole desert together, and the horse still wouldn’t tell you it’s name?"
3588,253,19,61,140,220,1.45,0.04380463439167664,657,"And on that note,we are all out of time!"
6794,256,20,63,146,229,1.4497816593886463,0.043029498620500206,657,Have you considered spending less time on the range?
2506,257,20,58,140,218,1.4495412844036697,0.044563430511480095,657,And what was the discouraging word?
557,258,20,53,134,207,1.4492753623188406,0.046250884332031464,657,"Okay, so you were walking down the streets of Laredo.  Then what?"
530,259,18,61,137,216,1.4490740740740742,0.04388532714135223,657,I can't help but think you're not telling me everything. Is there another verse?
712,260,24,48,142,214,1.4485981308411215,0.04705689859607602,657,"I think we should focus on WHY your wife left you, your dog died, and your truck broke down."
1565,261,23,54,146,223,1.4484304932735426,0.04520317560806144,657,"Either your mother, your dog or your pick-up truck. It can't be all three."
6828,262,21,56,142,219,1.447488584474886,0.04487614827732054,657,And when did you first hear these discouraging words?
730,262,22,54,143,219,1.447488584474886,0.04534049535999097,657,You've been expecting her to be coming' round the mountain for how many years?
1636,264,25,52,151,228,1.4473684210526316,0.04533420500265392,657,Let's go back to that part about your Dad naming you Sue.
2332,265,16,57,126,199,1.4472361809045227,0.04539501148977027,657,When did you start feeling so lonesome you could cry?
4498,265,20,49,130,199,1.4472361809045227,0.04757880249723769,657,Your progress over our 25 years together has reached a milestone. I think you're ready to add lyrics.
1803,267,26,44,145,215,1.4465116279069767,0.047802135953485404,657,How seldom.
6018,267,21,54,140,215,1.4465116279069767,0.04547197099395873,657,"Well, it's high noon. Why don't we pick this up next week."
6996,269,26,48,150,224,1.4464285714285714,0.04635953078919211,657,"When we left off last week, you’d just gunned down your mother on the streets of Laredo."
5093,270,27,50,156,233,1.446351931330472,0.04543285787748196,657,And did the deer and antelope ever ask you to play?
5668,271,21,44,128,193,1.4455958549222798,0.04919438321752096,657,How did it make you feel when the doggies refused to git along?
6328,271,19,48,126,193,1.4455958549222798,0.04808474402401706,657,"So, how often do you hear these discouraging words?"
2663,273,19,56,136,211,1.4454976303317535,0.04509905914077227,657,"It's good that you did not shoot the deputy, but I have to report that you shot the sheriff."
417,274,28,54,165,247,1.4453441295546559,0.04388331644013619,657,Your hour is yippee-ti-yi-up.
116,275,20,45,126,191,1.4450261780104712,0.04901138227979599,657,I'll see you again next week at high noon.
4101,276,24,44,139,207,1.4444444444444444,0.048210583689670045,657,"Frankly, at $300 a session, your problems are music to my ears."
1395,276,21,46,131,198,1.4444444444444444,0.048271377125418694,657,"On a scale of A-G#, how do you feel?"
1242,278,23,61,157,241,1.4439834024896265,0.04270702079761821,657,"So Eric, you shot the sheriff . What was it that caused you not to shoot the deputy?"
3271,279,28,47,157,232,1.4439655172413792,0.045973804280583994,657,"Now, Jed, do you honestly believe that there's nothing sexual about, ""She'll be coming around the mountain when she comes, when she comes""?"
5393,280,22,51,141,214,1.4439252336448598,0.04608947703133774,657,I can't fix your pickup unless your pickup wants to be fixed.
527,281,22,47,136,205,1.4439024390243902,0.047562508405814684,657,"As your therapist, I'm glad you have found a hobby that allows you to express yourself. As a music lover, I'd like you to stop."
2843,282,24,54,152,230,1.4434782608695653,0.04459918269266915,657,"It sounds like clinical depression, but I'll need you to sing through the bridge again to be sure."
5910,283,17,60,135,212,1.4433962264150944,0.04392871062945532,657,"We""ll get nowhere if you keep tuning me out."
146,284,22,46,135,203,1.4433497536945812,0.04790354986259192,657,"And when you learned that 'Don't Fence Me In' was written by Cole Porter, how did that make you feel?"
4406,285,25,47,147,219,1.4429223744292237,0.046681265860130244,657,Stop! Tell me more about this man you shot in Reno.
3417,286,19,55,136,210,1.4428571428571428,0.04523659625054257,657,How did you feel when the deer and antelope played without you?
4221,287,25,39,137,201,1.4427860696517414,0.04977362680574811,657,Thanks for the song.  I think I know why you’re lonesome.
6767,287,21,47,133,201,1.4427860696517414,0.047732682202800095,657,"As I said last week, no boots on the couch."
2280,289,20,60,146,226,1.4424778761061947,0.04339392459807267,657,"Our time is up, but I'll allow a short encore."
4092,290,19,54,135,208,1.4423076923076923,0.0455436248541683,657,"Where would you like to start today? Whiskey, women, or little dogies?"
6917,291,23,42,134,199,1.4422110552763818,0.04912446657186948,657,"There are cheaper ways to find an audience, Jim."
517,292,18,63,143,224,1.4419642857142858,0.04273949358643898,657,Discouraging words and cloudy skies are part of life.
1641,293,24,47,144,215,1.441860465116279,0.04685808802391511,657,When did you first notice that the trails actually weren't happy?
7078,293,21,53,141,215,1.441860465116279,0.04544528556267338,657,Sounds like a discouraging word to me.
1667,295,21,49,136,206,1.441747572815534,0.04687763780533885,657,You know I can’t share what your horse told me. We have privacy laws.
5218,296,18,51,128,197,1.4416243654822336,0.046802527079748565,657,You really need to add lyrics if we're going to make any progress.
6861,297,24,54,153,231,1.4415584415584415,0.04444717392293178,657,We’ve been over this. You can’t keep pulling the same string and expecting a different note.
4784,298,18,62,142,222,1.4414414414414414,0.04300547462685446,657,"So, on a scale from C minor to F sharp, how would you rate your blues today?"
1804,299,23,48,142,213,1.4413145539906103,0.046708573600956864,657,But why did the horse have no name?
4927,299,23,48,142,213,1.4413145539906103,0.046708573600956864,657,"Clinically, it's referred to as a ""foggy mountain breakdown""."
2841,301,20,61,148,229,1.4410480349344978,0.0429808788013296,657,We'll circle back to the dog. But for now let's focus on the truck.
4004,301,17,67,145,229,1.4410480349344978,0.041622587993729906,657,Except me—I know the troubles you’ve seen.
5397,301,18,65,146,229,1.4410480349344978,0.04208022340374063,657,Tell me what your woman gone done to you.
5434,304,18,50,127,195,1.441025641025641,0.04714188987978607,657,What do YOU think the deer and the antelope were doing?
5667,305,22,53,145,220,1.440909090909091,0.04515363244149061,657,It’s perfectly normal to not like country music.
6708,305,25,47,148,220,1.440909090909091,0.04651218683212565,657,Seldom hearing a discouraging word is not always a healthy thing.
6179,307,20,53,138,211,1.4407582938388626,0.04556857103869253,657,And why does the possibility that 'she'll be riding six white horses when she comes' cause you anxiety?
182,308,23,54,150,227,1.4405286343612336,0.04457797823696917,657,I think it’s clear. Your woman just done you wrong.
103,309,22,55,148,225,1.44,0.04441864330453906,657,You seem a little high-strung.
6710,310,23,49,144,216,1.4398148148148149,0.04622194719048457,657,"If you truly want closure on Clementine's death, I suggest you add a verse about how you're now sleeping with her sister."
6829,310,26,43,147,216,1.4398148148148149,0.04759902696997296,657,How long has it been since you felt at home on the range?
5877,312,15,61,131,207,1.4396135265700483,0.043582363163613955,657,It's not your fault you were born and raised in Connecticut.
5127,313,27,44,152,223,1.4394618834080717,0.04690836393693248,657,Mom was right. We sure are different for identical twins.
362,314,23,59,157,239,1.4393305439330544,0.042937703376025774,657,Now I'm depressed.
331,315,20,50,135,205,1.4390243902439024,0.04651606965816287,657,"Oh, let me guess: she done you wrong?"
3719,315,24,42,139,205,1.4390243902439024,0.04852876226579888,657,I'm referring you to one of my pardners.
4661,317,20,57,144,221,1.4389140271493213,0.04406936572732956,657,Have you had any stable relationships?
1967,318,21,51,140,212,1.4386792452830188,0.04589050292502164,657,I'm concerned that you never really allowed yourself to git along.
5851,319,20,52,138,210,1.438095238095238,0.0457078297256417,657,The truth is you're really not at home on the range.
1567,320,22,53,147,222,1.436936936936937,0.044833591169716865,657,"If you play it one more time, you'll hear a discouraging word."
4550,321,16,58,132,206,1.4368932038834952,0.04424749341717769,657,"I believe when we left off you were out in the west Texas town of El Paso."""
894,322,20,43,127,190,1.436842105263158,0.049148161495855214,657,"If you're that lonesome, go ahead and cry."
5198,322,21,41,128,190,1.436842105263158,0.04971153358084583,657,So do you want me to cure your blues or bring them back?
5214,324,24,52,153,229,1.4366812227074235,0.044701628730371416,657,I don't know what rhymes with schizophrenia.
3333,325,16,64,140,220,1.4363636363636363,0.04227572890248031,657,And yet you've said you never heard a discouraging word!
4453,325,21,54,145,220,1.4363636363636363,0.04466309725390257,657,"Sure, we'll call it the Wild Upper West if you'd prefer."
211,327,25,42,144,211,1.4360189573459716,0.047952022194086424,657,"About this discouraging word, just how seldom was it heard?"
722,327,24,44,143,211,1.4360189573459716,0.04747904689939157,657,"So when a discouraging word IS heard, how does that make you feel?"
3590,327,23,46,142,211,1.4360189573459716,0.04700131228430852,657,"It is NOT YOU, sometimes deer and antelope fight, and sometimes it's even cloudy during the day"
6740,330,16,63,139,218,1.4357798165137614,0.042538394630991246,657,Is it possible that Clementine expressed her ambivalence toward you by continuing to live with her father?
6009,330,22,51,145,218,1.4357798165137614,0.04542227018386278,657,Something tells me you don't know when to fold 'em.
1899,330,21,53,144,218,1.4357798165137614,0.044954473565043354,657,We'll pick up next week with the hankerin'.
1975,330,26,43,149,218,1.4357798165137614,0.04724716255224666,657,"And does that make you feel good, bad, or ugly?"
5310,334,20,48,134,202,1.4356435643564356,0.04699306877924461,657,"So, you finally heard a discouraging word."
4189,335,19,60,146,225,1.4355555555555555,0.043029049700937905,657,You do know that this isn't the West. It's just the Upper West Side.
1213,336,28,45,159,232,1.4353448275862069,0.04592479354821052,657,I’d like to hear more about those discouraging words you think you heard.
2188,337,20,40,124,184,1.434782608695652,0.050307143851641346,657,Really? You seldom heard a 'discouraging' word?
6141,338,16,74,154,244,1.4344262295081966,0.039380366398020804,657,"Ok, you are out on the streets of Laredo, you've spied a young cowboy, go on."
300,339,25,46,150,221,1.4343891402714932,0.04631608590470725,657,My wife got the horse.
462,340,12,62,124,198,1.4343434343434343,0.0431560347226935,657,So you never really felt at home on the range?
1754,340,25,36,137,198,1.4343434343434343,0.05028923792748399,657,Willie Nelson or Patsy Cline Crazy?
393,342,16,60,136,212,1.4339622641509433,0.04335363312972352,657,Are you still hearing discouraging words?
6409,342,18,56,138,212,1.4339622641509433,0.04437295289710563,657,Now I know why you're a lonesome cowboy.
5596,344,19,50,134,203,1.4334975369458127,0.046286320533034046,657,Tell me more about your frets
6050,345,20,57,147,224,1.4330357142857142,0.04360890254537114,657,Can you accept yourself as a non-rhinestone cowboy?
6326,346,17,50,127,194,1.4329896907216495,0.04669198766345974,657,"I understand your passion for your guitar, but you do realize there are strings attached?"
5457,347,24,45,146,215,1.4325581395348836,0.04679980276989814,657,"First, the key must want to change."
4202,348,17,52,130,199,1.4321608040201006,0.04585066420795923,657,"As it turns out, you're okay. It's your guitar that's out of tune."
6860,348,25,36,138,199,1.4321608040201006,0.05008347198568192,657,You seldom have heard a discouraging word? Why are you even here?
4797,350,22,61,160,243,1.4320987654320987,0.04197890956063983,657,Can you embrace that you're also a little bit rock and roll?
1764,351,19,54,140,213,1.431924882629108,0.04470920372215617,657,"Of  course, sometimes a guitar is just a guitar."
6862,352,24,50,153,227,1.4317180616740088,0.044957763924955436,657,Would you say these discouraging words came more from your mother or father?
5384,353,15,55,127,197,1.4314720812182742,0.045038996045991035,657,Would you feel more confortable opening up if we had a campfire?
3127,354,21,49,141,211,1.4312796208530805,0.045998428658013006,657,I think you should enroll in a good two step program.
173,355,19,49,134,202,1.4306930693069306,0.04643056985553722,657,It's not your fault your mother let you grow up to be a cowboy.
6938,356,20,50,139,209,1.430622009569378,0.0458139136497404,657,"So let me see if I have this correct. You live in New York City, you don't own a pickup truck, your wife hasn't left you, and you really don't like county music."
3345,357,23,53,154,230,1.4304347826086956,0.0440900567333275,657,"We generally call it a relapse, Roy, but Back in the Saddle Again works, too."
3440,358,22,61,161,244,1.430327868852459,0.0418440010496472,657,"Let's see if I understand: The skies are cloudy all day, and you frequently hear discouraging words?"
2872,359,18,56,140,214,1.4299065420560748,0.044050291692686004,657,... and just how often have you been hearing these discouraging words?
2770,359,19,54,141,214,1.4299065420560748,0.044545540373753516,657,"Well on that note, our time’s up"
1323,361,20,55,146,221,1.4298642533936652,0.044008080464691846,657,"You know, sometimes a guitar is just a guitar."
5503,362,21,46,138,205,1.4292682926829268,0.046960302089694775,657,Do you think that your expectation to never hear a discouraging word might have been unrealistic?
1588,363,20,51,141,212,1.429245283018868,0.04533566308582008,657,"I wouldn't worry about it, Tex. Sometimes a guitar is just a guitar."
2688,363,16,59,137,212,1.429245283018868,0.043318350163721625,657,"We'll get you back in the saddle."""
830,365,19,56,144,219,1.4292237442922375,0.04381501477820641,657,So we've established you're lonesome.
111,366,16,65,145,226,1.4292035398230087,0.04145041383417005,657,Have you tried whiskey and women instead?
1797,366,25,47,154,226,1.4292035398230087,0.04552053501343006,657,"I'm sorry about your dog, your mother, and your lover, but boots off the couch."
6928,366,26,45,155,226,1.4292035398230087,0.04595052202830678,657,"No, nothing rhymes with existential dread"
2933,369,23,47,147,217,1.4285714285714286,0.04599111860739014,657,"Ok from the top, but make it less full of self-loathing"
1846,370,17,58,140,215,1.427906976744186,0.0433924780768757,657,Perhaps you need a relationship with no strings attached.
3708,371,15,59,134,208,1.4278846153846154,0.043351731909780825,657,And the Dale Evans dreams... have they stopped?
6199,372,27,46,161,234,1.4273504273504274,0.04517449574633792,657,"Now, tell me, when did you hear a discouraging word?"
144,373,20,51,142,213,1.4272300469483568,0.04516729704627619,657,Tell me about Susanna.
4384,374,23,42,141,206,1.4271844660194175,0.047779925822814984,657,How seldom do you hear this discouraging word?
4735,374,21,46,139,206,1.4271844660194175,0.04677822055014301,657,You keep making this about the cattle. I'm interested in what drives you.
274,376,21,40,131,192,1.4270833333333333,0.049258010735131356,657,"That may be true on the range, but in this room we do hear a discouraging word."
6453,376,23,36,133,192,1.4270833333333333,0.05035302041796831,657,You're fretting too much.
4708,378,27,42,156,225,1.4266666666666667,0.046513353604014235,657,"Yeah, so that’s not what I meant when I said I take ‘cash’ for payment."
2233,379,19,55,144,218,1.426605504587156,0.04393780557503187,657,You say you seldom have heard an encouraging word?
3326,379,25,43,150,218,1.426605504587156,0.046735408093042115,657,"So, you heard a discouraging word...then what happened?"
4099,379,22,49,147,218,1.426605504587156,0.04535818078567795,657,And when these buffalo roam... is your father with them?
3923,382,19,52,140,211,1.4265402843601895,0.04497080835746335,657,Let’s end on a positive note.
4165,382,19,52,140,211,1.4265402843601895,0.04497080835746335,657,Time to mosey on home partner
5516,384,18,56,142,216,1.4259259259259258,0.04373172432726588,657,And how do you feel when you hear a discouraging word?
2570,385,21,47,141,209,1.4258373205741626,0.04627763388482602,657,"I understand, but discouraging words are actually encouraged here."
3407,386,23,40,139,202,1.4257425742574257,0.04846954252141639,657,Could you say more about this ‘burning ring of fire’ ?
3230,387,24,58,167,249,1.4257028112449799,0.04198939056094093,657,"OK, your dog died, the truck won't start and your woman left you. We covered that last time. What else is bothering you?"
2571,388,21,55,152,228,1.4254385964912282,0.04345492998714448,657,I think you need to change your tune.
3198,389,17,60,144,221,1.4253393665158371,0.04254793786552557,657,So your mama don't dance and your daddy don't rock and roll.
5248,389,18,58,145,221,1.4253393665158371,0.043028622472275437,657,"Yes, we’ve discussed her cheatin’ heart before."
520,391,22,47,145,214,1.425233644859813,0.045964748115965536,657,Would you prefer she call you a cow-man?
6456,392,22,58,160,240,1.425,0.04230336412695167,657,So what do you think prompted Lucille to leave when she did?
6592,392,14,57,129,200,1.425,0.04394920549130078,657,And how long have you been out of tune.
236,394,17,56,139,212,1.4245283018867925,0.04379407766202701,657,So you’re saying she done left you.
5039,394,15,60,137,212,1.4245283018867925,0.042760961109469454,657,Why Do you suppose your mother did not want you to grow up to be a cowboy?
2494,396,19,49,137,205,1.424390243902439,0.045892511801149505,657,"And these little doggies, did they finally get along?"
4839,397,22,54,155,231,1.4242424242424243,0.04347597938449939,657,You say your wife ran off with your best friend?  And you really miss him?
2642,397,20,44,134,198,1.4242424242424243,0.04759606858607592,657,"So when you realized the deer and the antelope DIDN'T play, how did that make you feel?"
2216,397,21,56,154,231,1.4242424242424243,0.04304087902839614,657,Tell me more about why you are no longer allowed at campfires...
6981,400,17,61,146,224,1.4241071428571428,0.0421414438980618,657,You clearly don't have the blues.
3582,401,19,54,144,217,1.423963133640553,0.044060858707414635,657,"It's still a discouraging word, even if you sing it."
4414,401,19,54,144,217,1.423963133640553,0.044060858707414635,657,Your guitar is also strung too tight.
6416,403,18,67,158,243,1.4238683127572016,0.040265242191017465,657,"So, if I hear you right, you are feeling fenced in?"
231,404,20,49,141,210,1.4238095238095239,0.04560445719287471,657,How long have you been fretting?
2774,404,24,41,145,210,1.4238095238095239,0.047560912337140195,657,"Please, go on about Clementine..."
6442,404,18,53,139,210,1.4238095238095239,0.04459405322029547,657,To paraphrase Freud: sometimes a guitar is just a guitar.
3943,407,22,56,158,236,1.423728813559322,0.042807007980898835,657,"Actually, I've heard discouraging words on a continuous basis."
522,408,23,48,151,222,1.4234234234234233,0.045191559853834544,657,How did that make you feel when the deer and antelope refused to play?
1152,409,19,42,128,189,1.4232804232804233,0.04866146120304854,657,So it was FREQUENTLY that you heard discouraging words?
2788,410,16,50,128,194,1.422680412371134,0.046032773579319765,657,You're feeling stereotyped? Tell me about it.
5693,411,26,49,164,239,1.4225941422594142,0.04403882716521017,657,So why do you feel so lonesome you could cry?
5982,412,23,52,157,232,1.4224137931034482,0.04375533325901732,657,That's not exactly how your horse saw it.
1245,413,14,59,133,206,1.4223300970873787,0.04304788690763852,657,"Do you know “Don’t worry, be happy “?"
2898,414,17,50,132,199,1.4221105527638191,0.045769928891549586,657,"Considering you're a rabbi from New York, the whole package is actually pretty impressive."
5959,415,23,46,149,218,1.4220183486238531,0.045786925687073834,657,Let's pick it up from where your wife had driven off with your best friend in your new pickup.
4471,416,21,39,132,192,1.421875,0.04921618537114504,657,"But in your case, mama did let her baby grow up to be a cowboy, didn't she?"
2953,417,26,42,155,223,1.4215246636771302,0.046354756118714195,657,"""If you have 'spurs that jingle-jangle-jingle' you've probably ruined my couch."""
6381,417,19,56,148,223,1.4215246636771302,0.04319686805844113,657,"I think you are in denial Bill, sometimes the sky’s ARE cloudy all day"
532,419,23,53,159,235,1.421276595744681,0.04334059635747839,657,He was a dog; he died; get over it!
209,420,22,44,143,209,1.4210526315789473,0.04673439830208582,657,"So, what you're saying is you're so lonesome you could cry."""
3302,421,15,63,143,221,1.420814479638009,0.04153182020505166,657,You really changed your tune this session.
3268,422,23,60,169,252,1.4206349206349207,0.041208867780288455,657,"In clinical terms, we call that a hurtin’ song."
3192,423,21,53,152,226,1.420353982300885,0.043690691601009836,657,"We're short on time, why don't you go right to the part where she took the kids and made off with your car."
5780,424,14,51,123,188,1.4202127659574468,0.045818180982422185,657,"Well, I see by your outfit that you are a cowboy."
4465,425,22,48,149,219,1.4200913242009132,0.04515660037611664,657,We’ll get you feeling better in no time. This isn’t my first rodeo.
1341,426,24,36,140,200,1.42,0.04929655924878373,657,"You know that God, patriotism, beer, heartbreak, trucks, open plains, divorce, loner status, a good dog, a ball-breaking trading deficit with China, and the looming disaster global warming need not be all in one song."
3404,427,22,53,156,231,1.41991341991342,0.04344223201519292,657,If you're tired of living in isolation you'll have to risk hearing some discouraging words.
1256,428,20,49,143,212,1.419811320754717,0.045261170546730956,657,Can we go back to that second verse - the one where you kill your wife? We may be onto something there.
4666,429,17,52,136,205,1.4195121951219511,0.044796674191726546,657,"So, she never did come 'round the mountain?"
4466,430,21,41,136,198,1.4191919191919191,0.04808997838745852,657,You seem a bit tightly-strung.
6660,431,16,56,138,210,1.4190476190476191,0.043519102355771534,657,I just heard a discouraging word.
1668,432,16,66,152,234,1.4188034188034189,0.040392880218366393,657,Let me guess. You're lonesome?
1810,433,19,47,137,203,1.4187192118226601,0.046169379918714205,657,"Tell me more about your truck, your dog, and your no-good low-down cheatin' wife"
2665,434,19,44,133,196,1.4183673469387754,0.04735104368787716,657,I'm dreadful sorry about your Clementine.
132,435,19,54,147,220,1.4181818181818182,0.0435854829970697,657,So how long after you started to play did your horse leave you?
5326,436,22,40,139,201,1.4179104477611941,0.04807113364848224,657,"So, why do you think the doggies stopped getting along?"
6432,436,16,52,133,201,1.4179104477611941,0.044858961507860104,657,"I beg to differ. You'd be surprised how many people with faithful spouses, healthy dogs, low blood alcohol and no prison record go on to live perfectly productive lives."
3626,436,21,42,138,201,1.4179104477611941,0.047550842752459674,657,"I know they were seldom, but how did these discouraging words make you feel?"
933,439,18,53,142,213,1.4178403755868545,0.044098083250142264,657,Have you tried just talking to her?
2981,440,20,54,151,225,1.4177777777777778,0.04335367857757993,657,Are you hearing discouraging words?
2261,440,19,56,150,225,1.4177777777777778,0.04289357651823374,657,I’ll have to charge you by the ballad.
1002,442,18,63,156,237,1.4177215189873418,0.04091791005541238,657,Thank you for leaving your horse in the waiting room this time.
5533,443,19,53,146,218,1.4174311926605505,0.04386270571169135,657,"Okay, your hour is up. Next week we'll work on the chorus."
6021,443,19,53,146,218,1.4174311926605505,0.04386270571169135,657,Maybe a discouraging word is seldom heard because you don't want to hear it.
6318,445,24,48,158,230,1.4173913043478261,0.04442114133245062,657,"And when you heard a discouraging word, did the Wellbutrin help?"
2268,446,19,45,135,199,1.4170854271356783,0.046822248633004354,657,When did you and your dogies stop gitting along?
4435,447,19,55,149,223,1.4170403587443947,0.04315910671738627,657,"I don't care that the song is dedicated to me, you still owe me $350."
5765,447,21,51,151,223,1.4170403587443947,0.04408522178371173,657,Perhaps you are a bit high strung.
1830,449,22,54,159,235,1.4170212765957446,0.04288468806172252,657,Let's talk about all the girls you've loved before.
5874,450,22,41,141,204,1.4166666666666667,0.04753747964254434,657,"Thinking back, is ‘just to watch him die’ the only reason?"
6626,450,23,49,156,228,1.4166666666666667,0.04426641120401696,657,"Couples' counseling might be the ticket, Tex. Next time, bring the horse."
6754,450,24,42,150,216,1.4166666666666667,0.04651970214154967,657,The anwer my friend is blowing in the wind. . .our time is up.
3220,453,23,46,152,221,1.416289592760181,0.0452838203144564,657,And how do the discouraging words you’ve been hearing make you feel?
29,453,22,48,151,221,1.416289592760181,0.04482732478097474,657,I think shooting a man in Reno just to watch him die may stem from your dad naming you Sue.
1176,455,14,59,136,209,1.4162679425837321,0.042571220552856365,657,Let’s talk about why you changed to a minor key as soon as I mentioned your mother.
258,456,22,55,161,238,1.415966386554622,0.04248664726409024,657,"Have you considered that maybe you aren't good, bad or ugly?"
6923,456,18,63,157,238,1.415966386554622,0.04078340731585716,657,"Oh well, don't fret."
129,458,18,58,150,226,1.415929203539823,0.04228076192842222,657,It seems you have some unresolved issues with Clementine.
366,458,23,48,155,226,1.415929203539823,0.044545703082035794,657,So how did you feel when you heard a discouraging word?
6562,458,19,56,151,226,1.415929203539823,0.04274335265293204,657,How did it make you feel to hear those discouraging words?
6314,461,23,50,158,231,1.4155844155844155,0.04383805217437663,657,Your mother is not the problem. It’s the horse.
4314,462,23,45,151,219,1.4155251141552512,0.045580338176300673,657,a LOT of people are so lonesome they could cry...
196,463,20,46,141,207,1.4154589371980677,0.04601021012037644,657,And how do you feel about discouraging words?
2748,463,19,48,140,207,1.4154589371980677,0.045497662797508526,657,"And when the little doggies do git  along, how does that make you feel?"
1282,465,20,53,151,224,1.4151785714285714,0.043469320856488566,657,"What kind of ""discouraging words""?"
5882,466,17,54,141,212,1.4150943396226414,0.043712133908518566,657,"Wait, go back to that verse about your mother."
4079,467,19,57,153,229,1.4148471615720524,0.04233781534861422,657,And how did being a boy named Sue make you feel?
407,468,23,63,177,263,1.414448669201521,0.03992291775028649,657,How can I help you if it's the same three chords every week?
3510,469,20,52,150,222,1.4144144144144144,0.04374211177601197,657,"I don't normally see cowboys, but I understand you pulled a few strings to get this appointment."
151,470,18,51,141,210,1.4142857142857144,0.04451125510335437,657,My pickup broke down and my dog died too. Quit whining.
928,471,20,49,146,215,1.413953488372093,0.044754914598014665,657,Was it a broken home on the range?
5164,471,19,51,145,215,1.413953488372093,0.04426661913392044,657,I know what the song says but ‘the skies are not cloudy all day’ is an unrealistic expectation.
5967,473,21,44,143,208,1.4134615384615385,0.04633600094487487,657,"It’s our third session, Lefty. Let’s see if we can get past “howdy.”"
6264,473,18,50,140,208,1.4134615384615385,0.04480704836675229,657,It's likely that you are not used to hearing discouraging words. Your partner's suggesting you to take a bath more often could be considered helpful advice.
5438,475,23,47,155,225,1.4133333333333333,0.04466808810815721,657,"Well, why do YOU think you heard a discouraging word?"
99,476,18,52,143,213,1.4131455399061033,0.04405562453484124,657,We'll have you back in the saddle again in no time.
4305,476,14,60,139,213,1.4131455399061033,0.04199683848292061,657,"If you are struggling with the words, I can write you a prescription for Lyrica."
5746,476,18,52,143,213,1.4131455399061033,0.04405562453484124,657,Tell me more about your achy breaky heart
1270,479,27,41,162,230,1.4130434782608696,0.045650139638421204,657,"I suppose now is an awkward time to tell you, but I'm the person that ran off with your wife in verse three."""
4023,480,25,33,143,201,1.4129353233830846,0.04955683408930924,657,Nobody's that lonesome.
6764,481,22,53,160,235,1.4127659574468086,0.04284858375488306,657,"I see, and how long have you felt so lonesome you could die?"
6037,482,22,48,153,223,1.4125560538116593,0.04450240267404587,657,"So, no more fretting and I'll see you next week"
3521,483,21,40,138,199,1.4120603015075377,0.04784876669040435,657,"So, I take it the ""drifting along with the tumbling tumbleweeds"" dreams have returned."
6945,483,16,50,133,199,1.4120603015075377,0.04511884584238918,657,"So you’re still pickin’, but no longer grinnin’, correct?"
4470,485,21,47,148,216,1.412037037037037,0.04506878265708677,657,"No wonder, that song would drive anyone nuts"
3572,486,19,58,156,233,1.4120171673819744,0.04179945707450746,657,Perhaps you underestimate how often you hear discouraging words.
5821,486,17,62,154,233,1.4120171673819744,0.04090473414688929,657,"Then again, sometimes the tumbling tumbleweed is just a tumbling tumbleweed."
3049,488,22,47,152,221,1.411764705882353,0.044787861357556094,657,So why doesn't the horse have a name?
4942,489,21,44,144,209,1.4114832535885167,0.046156179445223315,657,"How long have you been feeling lonesome, cowboy?"
6046,490,10,59,123,192,1.4114583333333333,0.04258204522510218,657,"Dog dead, check. Wife gone, check. Overbearing mother?"
5085,491,15,65,151,231,1.4112554112554112,0.0402165079580774,657,"Get along little doggie, your hour is up."
2129,492,23,44,152,219,1.4109589041095891,0.045540452092652436,657,Let's giddy-up your monthly dosage.
4614,492,23,44,152,219,1.4109589041095891,0.045540452092652436,657,"So, when you promised her a ""home on the range"" she didn't realize it involved cooking."
1710,492,21,48,150,219,1.4109589041095891,0.04461108725687555,657,Sure. Cry me a river.
6864,495,19,45,138,202,1.4108910891089108,0.046262199621675805,657,"First, let’s mosey on back to your childhood."
16,496,21,50,153,224,1.4107142857142858,0.04388775231994985,657,"""You'll be singin' a different tune if you don't get your boots off my couch, pardner."
3967,497,17,51,139,207,1.4106280193236715,0.04440894779948705,657,You can’t blame yourself if the dogies simply won’t get along.
3705,498,14,59,139,212,1.4103773584905661,0.042103644055852436,657,How does it make you feel when the skies are cloudy all day?
3951,498,16,55,141,212,1.4103773584905661,0.043152500345217684,657,Let's go back to when the skies were not cloudy all day.
5690,498,22,43,147,212,1.4103773584905661,0.04615628468399829,657,Can you handle a discouraging word?
465,501,20,56,158,234,1.4102564102564104,0.04209565334111165,657,And then did the little doggies get along?
4898,501,18,44,133,195,1.4102564102564104,0.04689104901699273,657,Trucks break down and dogs die. There may not be a deeper meaning.
5449,503,14,47,122,183,1.4098360655737705,0.046579480072123224,657,"Yes, music is therapy, but I'm still going to charge you."
2258,504,16,52,137,205,1.4097560975609755,0.044167328836037995,657,"OK.  Tell me about yourself again, from the top.  But just the lyrics this time."
3661,504,19,46,140,205,1.4097560975609755,0.0457627027115558,657,So let's see....you seldom heard a discouraging word and yet you still felt you were a complete failure in the eyes of your father
1012,506,19,55,153,227,1.4096916299559472,0.042553728628227705,657,So why do you think your heart is so achy breaky?
4791,507,22,42,146,210,1.4095238095238096,0.046470542631259035,657,"Now once more from the top, only a little less about your horse, a little more about you mother."
3181,508,25,45,162,232,1.4094827586206897,0.04449446049437695,657,I think deranged means something different where you're from.
5280,509,24,40,151,215,1.4093023255813955,0.04661583631521625,657,"You realize, Mr. Holt, I will have to report you to the authorities if you did in fact shoot Liberty Vallance."
6135,509,17,54,144,215,1.4093023255813955,0.04322909341486268,657,So let's talk about the fretting.
1139,511,19,52,149,220,1.4090909090909092,0.04350315214094227,657,I hope you took your spurs off I just had that reupholstered.
4073,512,15,71,161,247,1.408906882591093,0.0384221064966421,657,So you hear the train acomin.' It's comin' round the bend. Then what happened
5977,513,20,52,153,225,1.4088888888888889,0.04327427803360566,657,"Psychoanalysis has its artistic standards, Mr. Rupert.  I simply cannot listen to a song in which ""where the deer and the antelope play"" is rhymed with ""and I can't have an erection""."
2034,514,17,49,137,203,1.4088669950738917,0.045007285446672166,657,I've  heard that one before.
3775,514,16,51,136,203,1.4088669950738917,0.04446214561890598,657,Sounds like you have heard a discouraging word.
3671,516,15,55,138,208,1.4086538461538463,0.04317622855365339,657,"When, exactly, did you suspect her cheatin' heart?"""
3817,517,20,56,159,235,1.4085106382978723,0.04195247935649569,657,Strum a few bars - perhaps I'll recognize the syndrome.
6606,518,24,39,150,213,1.408450704225352,0.046932852431477275,657,But can you see how your need to sit around a camp fire can be interpreted as arson by others in your apartment block?
6560,518,20,47,146,213,1.408450704225352,0.045005877691257606,657,The deer and antelope didn't let you play?
2290,518,23,41,149,213,1.408450704225352,0.04645860237573045,657,"Frankly, I don't think you deserve your success either."
1348,518,23,41,149,213,1.408450704225352,0.04645860237573045,657,"I'm sure it would facilitate your sessions too, but a camp fire here is out of the question."
992,518,22,43,148,213,1.408450704225352,0.04597946098050335,657,I don't think it's the beard or the hat or the left-handed guitar or your mother.  You just have no talent.
570,518,22,43,148,213,1.408450704225352,0.04597946098050335,657,I never doubted you were a man of constant sorrow.
4834,524,19,51,148,218,1.408256880733945,0.04377861811458077,657,And when did all these discouraging words begin?
5092,524,28,33,157,218,1.408256880733945,0.04792774582987527,657,"Yes, but how much longer will you blame your mama for letting you grow up to be a cowboy?"
5903,524,25,39,154,218,1.408256880733945,0.046585781252397006,657,Don’t fret.
2105,527,18,44,134,196,1.4081632653061225,0.046698129515525856,657,Maybe... but sometimes a guitar is just a guitar.
4907,528,21,49,153,223,1.4080717488789238,0.04400501628964406,657,"I don't think that the fact your father named you ""Sue"" has anything to do with it."
460,529,15,52,134,201,1.407960199004975,0.044203077176599354,657,Same high-noon next week?
1026,529,18,46,137,201,1.407960199004975,0.04586028525013426,657,Have you told your horse yet that you're in therapy?
2127,531,22,49,157,228,1.4078947368421053,0.04375034684010866,657,"OK, the country roads didn’t take you home. Can we set a new goal?"
3057,531,24,45,159,228,1.4078947368421053,0.04462486497409643,657,So when did you first imagine that you heard a discouraging word?
6387,533,23,40,148,211,1.4075829383886256,0.04677548021672534,657,Have you always been high strung?
6313,533,17,52,142,211,1.4075829383886256,0.043785001100149164,657,Let me stop you right there — why do you care where the buffalo roam?
1891,533,16,54,141,211,1.4075829383886256,0.04326649723877044,657,Tell me more about your mother but this time in G
2443,536,16,56,144,216,1.4074074074074074,0.04256730702841993,657,Lonesome cowboy syndrome is not a thing.
3338,536,19,39,131,189,1.4074074074074074,0.04851435479907079,657,"This is New York city Mr. Tex, the little doggies live in purses  and do not get along at all."
223,538,23,33,138,194,1.407216494845361,0.049792555326820497,657,"I really don’t think your problem is your truck, your horse or your ex-girlfriend."
746,539,22,48,156,226,1.407079646017699,0.04402302797918025,657,"A discouraging word, no matter how seldom it's heard, can cause great consternation."
3091,539,15,62,149,226,1.407079646017699,0.04077630960620053,657,And what did your mama want you to grow up to be?
3462,539,20,52,154,226,1.407079646017699,0.04312034622919553,657,"So, you're telling me that ALL cowboy songs are really just a cry for help?"
6280,542,14,53,132,199,1.407035175879397,0.04392722741540688,657,This appointment is covered by BlueCross not Blue Grass
4696,543,23,48,160,231,1.406926406926407,0.04376178129107289,657,Seldom is there a home where discouraging words are not heard....
3553,544,16,51,137,204,1.4068627450980393,0.044289030369503136,657,"You stick to your notes, I'll stick to mine."
2619,545,16,53,140,209,1.4066985645933014,0.043545118621486446,657,Why do you feel someone should give you a home?
6697,545,19,47,143,209,1.4066985645933014,0.04510207567974345,657,"So, how is your achy breaky heart doing this week?"
3931,547,19,49,146,214,1.4065420560747663,0.044343712268189714,657,The range is supposed to be lonesome.
3569,548,16,57,146,219,1.4063926940639269,0.04215286694226374,657,"So, for how long have you been feeling so lonesome you could cry?"
7044,548,24,41,154,219,1.4063926940639269,0.04595648891835211,657,Let's discuss why you named the truck and the dog after your mother.
889,548,19,51,149,219,1.4063926940639269,0.04361811203268778,657,"You're going to have to deal with the fact that, despite all advice to the contrary, your mother let you grow up to be a cowboy."
4359,551,14,63,147,224,1.40625,0.04052408559675239,657,"I hate to tell you a discouraging word, but..."
2522,552,21,53,160,234,1.4059829059829059,0.04248948193602864,657,"Take responsibility, Tex. Don’t blame momma for letting you grow up to be a cowboy."
4496,552,21,53,160,234,1.4059829059829059,0.04248948193602864,657,You must try not to fret.
5086,552,18,59,157,234,1.4059829059829059,0.04117412725054843,657,"No, really. I'd like to hear a discouraging word."
467,555,10,51,114,175,1.4057142857142857,0.04519408454624631,657,"Looks like one or two more sessions, and we may have a number one country hit on our hands."
5190,556,20,46,146,212,1.4056603773584906,0.04513168099879136,657,"If we’re to make progress, you’ll need to say more than just “tequila” in between long stretches of music."
5531,556,15,56,141,212,1.4056603773584906,0.04258303678251975,657,What's your first memory of feeling lonesome?
5305,558,17,54,146,217,1.4055299539170507,0.04291234811297062,657,Precisely what word is it that you find discouraging?
942,559,20,50,152,222,1.4054054054054055,0.04365807305904889,657,"Yes, of course you were traumatized when he went electric. But the world has moved on."
1856,559,19,52,151,222,1.4054054054054055,0.043188685978878205,657,Lonesome trail? Try riding the subway for 30 years.
5221,559,19,52,151,222,1.4054054054054055,0.043188685978878205,657,"Tell me what you mean when you say you ""feel like your life is a cliche."""
6114,562,17,47,136,200,1.405,0.04544448266869285,657,I think it's stronger if your wife leaves with the pickup and then your dog dies.
1728,563,15,53,137,205,1.4048780487804877,0.0435717392337854,657,But what does your cheating heart say?
2062,564,19,51,150,220,1.4045454545454545,0.04345867204258252,657,"To recap, your wife left you, your truck won't start, your dog died, and the whiskey ain't workin' no more?"
3767,564,20,49,151,220,1.4045454545454545,0.04393366791106627,657,"Please cut to the chorus, our time is almost up."
4103,564,16,57,147,220,1.4045454545454545,0.04200146633701511,657,"It's just a song Randy, I'm sure your momma DID want you to grow up to be a cowboy."
5800,567,24,43,158,225,1.4044444444444444,0.04502987446525096,657,"Yes, but let's explore why you're so lonesome you could cry."
7007,568,17,65,163,245,1.4040816326530612,0.039441551330427344,657,"I assume your dog died, too."
5466,569,14,54,135,203,1.4039408866995073,0.04329862237048187,657,"Oh, come on now, Harley, I promise if you don't tune me out, I won't fence you in."
3040,570,15,56,142,213,1.403755868544601,0.04242541388502547,657,Perhaps actually learning to play your guitar might be a good first step.
1599,571,18,52,148,218,1.4036697247706422,0.04324712466152059,657,"And when was the first time you fell into a ""burning ring of fire""?"
6762,571,20,48,150,218,1.4036697247706422,0.04421390801298159,657,Tell me about you first rodeo.
6906,571,17,54,147,218,1.4036697247706422,0.04275553597305798,657,Lyin’. Cheatin’. Drinkin’. Stealin’. Go back to what you know.
2246,574,22,48,158,228,1.4035087719298245,0.0437086821406818,657,When did you first notice that the deer and the Antelope were no longer playing outside of your home?
3581,574,16,37,118,171,1.4035087719298245,0.05016583943338135,657,"I think your doctor meant sturm and drang, not strum and dang."
4444,574,22,48,158,228,1.4035087719298245,0.0437086821406818,657,Can you recall the first time you didn't git along with your little dogies?
4030,577,16,51,139,206,1.4029126213592233,0.04394641119862419,657,I think I’m in the wrong cartoon
163,577,20,43,143,206,1.4029126213592233,0.046051339229498216,657,"'I understand. ""Stairway to Heaven"" is the reason I became a psychiatrist."
4148,579,19,47,145,211,1.4028436018957346,0.04475624037559899,657,"Sorry, but I'm plumb out of encouraging words."
6189,579,13,59,139,211,1.4028436018957346,0.041620930124075764,657,"The fact that you are able to open up about your woman who left you, your horse that ran away, and your dog that died tells me that we are making progress."
6779,579,19,47,145,211,1.4028436018957346,0.04475624037559899,657,"So you’re lonesome, cowboy?"
6772,582,19,49,148,216,1.4027777777777777,0.04401235373255478,657,I'll half my fee if you'll let me try on the hat.
6808,582,18,51,147,216,1.4027777777777777,0.043520351089386206,657,"Sometimes, Lefty, a guitar is just a guitar."
546,584,16,57,148,221,1.4027149321266967,0.04185103429043326,657,Do you think Lucille might have found it a difficult time also?
2750,584,16,57,148,221,1.4027149321266967,0.04185103429043326,657,Even cowboys get the blues.
6865,586,16,59,151,226,1.4026548672566372,0.04121040027766235,657,Roaming buffaloes are the least of your problems.
3180,587,17,59,155,231,1.4025974025974026,0.04105663539050158,657,Last week we ended in the west Texas town of El Paso .
3414,588,21,53,162,236,1.402542372881356,0.0421985233487396,657,Let's pick up from our last session: When did you first realise you didn't feel at home on the range?
667,588,15,65,156,236,1.402542372881356,0.03955177888159676,657,"I can  probably help with your gamblin’, not so much with your ramblin’."
3238,590,22,44,153,219,1.4018264840182648,0.04499108998278511,657,Two more sessions and were headed for Nashville
2431,591,21,48,155,224,1.4017857142857142,0.04380214146338763,657,"You need to be honest with yourself, Slim, and admit that, as a child, you may well have heard a discouraging word."
4775,592,20,54,160,234,1.4017094017094016,0.042013646323221396,657,"So, what was this discouraging word?"
227,593,15,45,127,187,1.4010695187165776,0.04641100672194492,657,"The thing is, I never really felt at home on the range."
2309,594,19,45,143,207,1.4009661835748792,0.045355509530951965,657,"It's not the voices that bother me, it's that they can't seem to harmonize."
1029,595,16,53,143,212,1.400943396226415,0.043054643197111823,657,Why do you think your mother didn't want you to grow up to be a cowboy?
3173,595,20,45,147,212,1.400943396226415,0.045083757467127734,657,I'd like to bring your wife in for a duet.
6888,595,17,51,144,212,1.400943396226415,0.0435707817517847,657,"It's natural to feel hurt by seldom heard, discouraging words"
6103,598,20,47,150,217,1.400921658986175,0.044332251426698964,657,"Your ego wants to be bluegrass, but your id is just too honky-tonk."
2600,599,22,45,155,222,1.4009009009009008,0.044537724451841586,657,"Where seldom is heard a discouraging word"" isn't a realistic expectation today"
3716,599,21,47,154,222,1.4009009009009008,0.04407770584661898,657,So you’re telling me your mama let you grow up to be a cowboy?
6423,601,19,59,164,242,1.4008264462809918,0.04059665990140192,657,"Ah yes, but sometimes a guitar is just a guitar."
6492,602,19,48,148,215,1.4,0.04412938633762203,657,And here's the bill for the three couches you've ruined with your spurs.
5856,602,19,42,139,200,1.4,0.04648444922875286,657,"Whoa, that there's what you cowpokes might call some mighty discouraging words."
6816,602,19,50,151,220,1.4,0.04341197321990783,657,Seems to be just A Minor problem.
6598,602,21,48,156,225,1.4,0.04364357804719848,657,"I  recommend couples counseling, so bring your horse next week”"
6410,602,19,46,145,210,1.4,0.04487901764357749,657,Let’s pick it up at “torture and whiskey” next Wednesday.
4766,602,20,54,161,235,1.4,0.041869392261712574,657,"So aside from your pick-up truck, your gal, and your dog, how are things otherwise?"
6082,602,20,60,170,250,1.4,0.04008024080281012,657,Tell me more about all of your exes living in Texas
6285,602,24,42,159,225,1.4,0.044986770542121864,657,"So allow me to summarize: your wife up and drowns, she's sleeping with the fishes. And you sure miss that old gal, but wonder who's gonna do those dishes?"
1756,602,21,46,153,220,1.4,0.04435787889063469,657,When did your horse leave you?
908,602,19,48,148,215,1.4,0.04412938633762203,657,"Be more specific, everyone has the blues in here."
97,612,18,57,158,233,1.3991416309012876,0.041227607670970924,657,So let's start this session on a different note.
4656,612,25,43,165,233,1.3991416309012876,0.0442572740982446,657,Stop fretting!
77,614,19,53,156,228,1.3991228070175439,0.042316744511965425,657,"So, you don't feel at home on the range.  You're hearing discouraging words.  And the skies are cloudy all day?"
525,614,16,59,153,228,1.3991228070175439,0.04092405500559735,657,"So after she left you, and your horse died, then what?"
369,616,17,55,151,223,1.399103139013453,0.04203635230508724,657,Where is your darling Clementine now?
2693,617,20,47,151,218,1.3990825688073394,0.04416673011340696,657,"I see by your outfit, that you are a cowboy..."
2088,618,14,57,142,213,1.3990610328638498,0.04184803617800104,657,Sometimes you just gotta get back on the horse.
3044,618,13,59,141,213,1.3990610328638498,0.04131545993095911,657,And what happened after your wife done gone and left you?
5233,620,15,53,140,208,1.3990384615384615,0.0430726572415333,657,Tell me about hearing “discouraging words”
5060,620,19,45,144,208,1.3990384615384615,0.045178073614057866,657,It seems like that struck a chord with you. Let's talk about it.
2425,622,13,55,135,203,1.3990147783251232,0.042675427270957036,657,"""How long have you been seeing these ghost riders in the sky?"
4239,622,16,49,138,203,1.3990147783251232,0.0443566471172363,657,This range you sing about. Was it a happy home?
154,624,16,41,126,183,1.3989071038251366,0.0477311388628955,657,"Well let's see if we can get to the bottom of this, Sue."
589,625,19,62,170,251,1.3984063745019921,0.03955113943081425,657,So how long would you say you've had the achy breaky heart ?
3257,626,20,56,165,241,1.3983402489626555,0.04111165684011577,657,I see. What DID your Mama want you to grow up to be?
959,627,18,52,151,221,1.3981900452488687,0.04277481527059535,657,"So, you never heard a discouraging word?"
5153,627,16,56,149,221,1.3981900452488687,0.04180208309316167,657,"Well, this has been a successful session.  So far I've learned not to dig under an outhouse and not to squat with spurs on.  Same time next week?"
6208,627,20,48,153,221,1.3981900452488687,0.043725913277363596,657,"It’s not the music, it’s definitely you."
6795,627,20,48,153,221,1.3981900452488687,0.043725913277363596,657,"Let's play that back again.  This time as ""and the skies are NOT cloudy all day."""
2865,631,17,52,147,216,1.3981481481481481,0.04297287449898878,657,Definitely needs more cowbell
6540,631,15,56,145,216,1.3981481481481481,0.04195873327966016,657,"So, she slept with your brother, shot your dog, and then broke your heart, or was it the other way around?"
2297,633,16,52,143,211,1.3981042654028435,0.0431650226039235,657,"And, just how long have you had this fear of being 'fenced in'?"
739,634,22,38,146,206,1.3980582524271845,0.04701842467672149,657,"I'm hearing a lot about the deer and the antelope, but talk more about this so-called discouraging word."
1780,635,23,34,144,201,1.3980099502487562,0.04839699118461672,657,"Have you ever considered that your girl, dog, and truck problems have a connection to your drinking at bars?"
5858,635,17,46,138,201,1.3980099502487562,0.045207978201168224,657,and how 'seldom' did you hear these 'discouraging words' at home?
5771,637,16,46,134,196,1.3979591836734695,0.04545231245285683,657,"It's depressing enough, and it has a good beat."
5409,638,15,44,127,186,1.3978494623655915,0.04654875910568584,657,"Enough about your pickup, your dog and your divorce; let’s talk about you."
655,639,15,63,156,234,1.3974358974358974,0.03972468195624857,657,Were you lonesome before you became a cowboy?
6826,639,22,49,163,234,1.3974358974358974,0.04283488575141197,657,So your mama didn’t want you to grow up to be a cowboy
280,641,20,51,158,229,1.3973799126637554,0.042619368319538144,657,"From your singing, I'd say she done left you flat."
2703,642,16,53,145,214,1.397196261682243,0.0427331550794405,657,"So, you no longer feel at home on the range?"
4136,643,20,39,140,199,1.3969849246231156,0.047161495560345615,657,Could you also yodel your Blue Cross group number?
3863,644,16,60,156,232,1.396551724137931,0.0404107422553382,657,"It’s definitely Roy Rogers’ Sydrome, Mr Fleisch. Let’s hope we can find what triggers it."
2025,645,19,52,156,227,1.39647577092511,0.04242033736726685,657,We're all bound to hear a discouraging word sometime. . .
3042,646,18,52,152,222,1.3963963963963963,0.04261945976428597,657,"And when you shot that man in Reno, how did that make you feel?"
367,647,18,48,146,212,1.3962264150943395,0.04402941519076192,657,"I know that it doesn't happen much where you come from, but brace yourself for a few discouraging words..."
3917,648,20,40,142,202,1.396039603960396,0.0466388707928619,657,Have you tried not singing?
34,649,21,36,140,197,1.3959390862944163,0.04804171740406639,657,Not exactly what I had in mind when we discussed getting in tune with your emotions.
1988,650,25,39,161,225,1.3955555555555557,0.045381005124416236,657,I guess that's why they call it the blues
2567,650,22,45,158,225,1.3955555555555557,0.0440498354940705,657,Have you considered looking for alternatives outside of Western medicine?
1266,652,15,57,148,220,1.3954545454545455,0.04140422652292012,657,How did you feel when your mama said she regretted letting her baby grow up to be a cowboy?
1767,653,12,61,142,215,1.3953488372093024,0.04048052728495212,657,So you're saying your Mama DID let her baby grow up to be a cowboy...
2010,653,21,60,177,258,1.3953488372093024,0.039542069002714834,657,Just because Cookie spends so much time in the chuckwagon doesn't mean he's avoiding you.
4801,653,17,51,147,215,1.3953488372093024,0.04308151743970762,657,Why do you think they are  trying to fence you in?
6656,653,23,39,153,215,1.3953488372093024,0.046009020981498026,657,"Until your guitar wants to be tuned, there's nothing I can do."
3631,657,16,51,143,210,1.3952380952380952,0.04327534496428698,657,"Ok, so say it's the whiskey talking, how does 
the whiskey feel about his childhood?"
4502,657,18,47,145,210,1.3952380952380952,0.04431582578515529,657,"So, what are you fretting about this week?"
1372,659,15,51,139,205,1.395121951219512,0.04346184140515248,657,So the range—you felt at home there?
5187,660,15,49,136,200,1.395,0.044211403972346665,657,"With new medications, obsessive cowboy disorder can be highly manageable."
6342,661,20,54,164,238,1.3949579831932772,0.0414420138635058,657,I believe you have the blues.
4211,662,16,45,134,195,1.3948717948717948,0.045580484191361986,657,Feeling sad all the time could actually be an advantage in your line of work
2257,663,23,44,161,228,1.394736842105263,0.044060133795868886,657,"Even in Manhattan, I seldom hear such discouraging words."
1818,664,22,44,157,223,1.3946188340807175,0.0443270110090826,657,"So your baby done left you and never said a word. Was it something you done, something she heard?"
1905,665,19,48,151,218,1.3944954128440368,0.04363551953870485,657,Now would you say it’s a major or minor problem?
4570,665,16,54,148,218,1.3944954128440368,0.04215714364109303,657,Don't worry. Sometimes a guitar is just a guitar
5672,667,18,48,147,213,1.3943661971830985,0.04386168140105605,657,And why do you feel you can't both hold 'em and fold 'em?
1845,668,18,46,144,208,1.3942307692307692,0.044607238905799505,657,We've got to get past your wife running off with your dog.
3046,668,14,54,140,208,1.3942307692307692,0.04247353563300862,657,We don't typically medicate for lonesome.
1414,670,19,42,142,203,1.3940886699507389,0.04592152736154166,657,Medicare won't cover if you start singing
2866,670,16,48,139,203,1.3940886699507389,0.044299736167301665,657,Let's talk about why you feel like the skies are cloudy all day.
3573,672,22,34,142,198,1.393939393939394,0.04837319862800014,657,What sorts of discouraging words had you seldom heard?
964,673,20,49,157,226,1.3938053097345133,0.042983916278941936,657,Now I'm going to ask you to think back to your childhood. Would you say you heard many discouraging words?
6811,674,19,49,153,221,1.3936651583710407,0.04320346170964093,657,"Without lyrics, we'll never get anywhere."
5451,675,18,49,149,216,1.3935185185185186,0.04341944483315535,657,"Look, you weren't born in Texas. Just live with it."
3067,676,17,49,145,211,1.3933649289099526,0.04363083239068852,657,"So, today would you like to talk more about your truck, your booze, or the woman who left you?"""
1585,677,20,54,165,239,1.393305439330544,0.041301325973177434,657,You better hope I'm a better psychiatrist than you are a guitar player.
3433,677,20,54,165,239,1.393305439330544,0.041301325973177434,657,We have already established that you are an old cow-hand from the Rio Grande.  We need to dig deeper.
5643,679,17,47,142,206,1.3932038834951457,0.04437331285360505,657,"How did you feel, when the deer and the antelope did not include you?"
6538,680,13,53,135,201,1.3930348258706469,0.04289007375572598,657,You need to get back on the horse.
5724,681,13,60,146,219,1.3926940639269407,0.04047917673258882,657,How long has it felt like the skies are cloudy all day?
6907,681,20,46,153,219,1.3926940639269407,0.04395232184899094,657,"So, tell me more about this ""boy named Sue""."
5100,683,19,46,149,214,1.3925233644859814,0.044194345987475674,657,So your mama wouldn’t let you grow up to be a cowboy.
3813,683,18,48,148,214,1.3925233644859814,0.04369511698441514,657,How do you feel when the deer and antelope won't let you play?
6845,683,19,46,149,214,1.3925233644859814,0.044194345987475674,657,"When I asked you to come to your next appointment prepared to work on your fretting, this was not what I had in mind."
2289,683,18,48,148,214,1.3925233644859814,0.04369511698441514,657,"and what did her cheatin' heart say, exactly?"
1255,683,19,46,149,214,1.3925233644859814,0.044194345987475674,657,Oh yeah? Well here’s a discouraging word: your fee just went up to $250!
3634,683,14,56,144,214,1.3925233644859814,0.041638388205666566,657,"Can you think of any other reason to love New York other than ""all your ex's live in Texas""?"
2575,689,13,47,126,186,1.39247311827957,0.04521557468718171,657,This new prescription should help you change your tune.
6608,689,16,41,129,186,1.39247311827957,0.047104310955532594,657,Let's explore why your mother did not let you grow up to be a cowboy.
6372,691,19,55,163,237,1.3924050632911393,0.04110553193508434,657,So how do you feel about your mama letting her baby grow up to be a cowboy?
219,692,16,50,143,209,1.3923444976076556,0.043385588967484234,657,This prescription is for medicinal marijuana - look what is has done for Willie Nelson
3055,693,23,54,178,255,1.392156862745098,0.040603809536265745,657,"I know it can be difficult, but,  even though they’re seldom, you will hear a discouraging word now and again."
6290,693,18,44,142,204,1.392156862745098,0.0452056301248724,657,"Christ almighty, don't you know any happy songs?!"
237,695,16,53,148,217,1.391705069124424,0.04225899234431434,657,"Once more, with feeling"
264,695,23,39,155,217,1.391705069124424,0.04565641484516243,657,"Your loneliness could be resolved with a pet. I suggest you go out and get a long, little doggy."
2727,697,20,43,149,212,1.3915094339622642,0.044980724800963906,657,"Look, I'm almost certain the couch wasn't made from your horse."
4404,697,16,51,145,212,1.3915094339622642,0.04294674279961009,657,What prompted you to poke your first cow?
5368,699,16,58,156,230,1.391304347826087,0.040591461768165034,657,"So, when did you first start feeling fenced in?"
2015,699,19,43,145,207,1.391304347826087,0.04524797557159732,657,Do you still blame your mother for letting you grow up to be a cowboy?
4655,701,15,49,138,202,1.391089108910891,0.04385941296810855,657,So how do you feel when the skies are not cloudy all day?
2259,702,22,42,156,220,1.3909090909090909,0.04472642224991012,657,I think I could help you but it would be a discouraging word.
2423,702,18,50,152,220,1.3909090909090909,0.04282999936512742,657,"First it was an astronaut, then a ballerina, now a  singing cowboy-  yet you're still in denial about having an identity crisis…"
4540,704,19,46,150,215,1.3906976744186046,0.04402618102079431,657,It's your mother's fault. She let her baby grow up to be a cowboy.
544,705,22,47,164,233,1.390557939914163,0.04289439905970897,657,"Your wife, your dog, your truck...  I think you're really singing about your mother."
2893,706,15,52,143,210,1.3904761904761904,0.04268846072942355,657,You've burnt out from composing songs about cattle drives.  Have you considered writing from the cows' perspective?
3668,706,17,48,145,210,1.3904761904761904,0.043742903569490364,657,"Well, that's our time for today, or in other words, yippee-io-ki-yay."
6531,706,23,36,151,210,1.3904761904761904,0.0467637938197525,657,You see by my outfit that I am a shrink.
6646,706,16,50,144,210,1.3904761904761904,0.04321889802006334,657,Old Blue’s been gone now for 18 years. Maybe it’s time you got yourself a kitten.
3653,710,12,65,151,228,1.3903508771929824,0.0388853634153011,657,My pardner will see you while I’m away.
1043,711,12,56,137,205,1.3902439024390243,0.04171723028728791,657,"I was going to blame your mother, but now I think it was your dang horse."
2434,711,18,44,143,205,1.3902439024390243,0.04502523013548802,657,"...of course ""strumming your guitar"" is just a euphemism..."
3748,711,17,46,142,205,1.3902439024390243,0.044490980446623314,657,Seems this tendency for discouraging words has increased to more than seldom.
5988,714,15,57,151,223,1.390134529147982,0.040960249148958024,657,"And after your little dogies finally got along, how did you feel?"
6072,715,18,49,151,218,1.389908256880734,0.043095511905911245,657,"It happens Tex, them dogies got along without you"
3530,715,20,45,153,218,1.389908256880734,0.04406562171039724,657,"Are you talking about your dog, your truck or your wife?"
3312,715,20,45,153,218,1.389908256880734,0.04406562171039724,657,"Do I know anything about anger problems?  No, but hum a few bars ..."
6347,718,23,46,167,236,1.3898305084745763,0.04291396327707373,657,"Now having established that you're lonesome and you have a cheatin' wife, shall we move on?"
586,719,15,46,134,195,1.3897435897435897,0.04493349483354604,657,"Normally, I only take patients who sing the blues."
4878,720,21,41,151,213,1.3896713615023475,0.045298313628009665,657,If we actually resolved your emotional issues you wouldn't have any more number one hits.
4989,720,15,53,145,213,1.3896713615023475,0.042263362403504416,657,You must learn to accept that with big cities come discouraging words.
4183,722,14,62,155,231,1.3896103896103895,0.039509286477449564,657,"Let's get back to your mother, but this time try using a major chord."
5784,723,12,64,150,226,1.3893805309734513,0.03909862306968942,657,Have you perhaps considered how YOU messed with Texas?
4941,724,15,49,139,203,1.3891625615763548,0.04368532353607493,657,Every week it's the same old song.
6673,724,12,55,136,203,1.3891625615763548,0.04197722527427532,657,"So, Lefty, all your exes live in Texas?"
1286,726,16,54,151,221,1.3891402714932126,0.041697313009457004,657,"Tex, did you say a discouraging word?"
3827,726,16,54,151,221,1.3891402714932126,0.041697313009457004,657,You’re a rhinestone cowboy and all your exes live in Texas — go on.
6733,726,16,54,151,221,1.3891402714932126,0.041697313009457004,657,Do you also feel you're crazy for trying and crazy for crying...?
4201,729,15,54,147,216,1.3888888888888888,0.04184929828405301,657,"I get that your home is on the range,but  the boots have to come off on the couch."
3979,730,20,49,160,229,1.388646288209607,0.04252310207783816,657,My professional opinion is that you are 'home on deranged.'
5061,730,17,55,157,229,1.388646288209607,0.04114970351148897,657,"I have to tell you, even cowboys get the blues."
4523,732,15,64,163,242,1.3884297520661157,0.03873085241959264,657,Have you actually listened to your lyrics? No wonder you're depressed.
160,733,21,45,158,224,1.3883928571428572,0.043658060123379465,657,Let’s explore why you don’t want anyone to know you’re really a banker.
6366,733,15,57,152,224,1.3883928571428572,0.04081415921393059,657,But you never felt...Home..on the range. Did you?
1249,735,18,44,144,206,1.3883495145631068,0.04484615711600805,657,It's reasonable to now and then hear a discouraging word.
6912,736,14,45,129,188,1.3882978723404256,0.04546014325841207,657,"No encore, our time is up."
3508,737,18,49,152,219,1.3881278538812785,0.04293520745607798,657,"So tell me more about these ""discouraging words""..."
5495,738,21,48,163,232,1.3879310344827587,0.04256266222014671,657,You have to want to change but all I'm hearing is the same old song.
7016,738,20,50,162,232,1.3879310344827587,0.04212198015798948,657,"I’m afraid our time is up. Git along, lil doggie"
2098,740,12,59,143,214,1.3878504672897196,0.040511518968347156,657,"Your mother, she was also prone to rambling?"
3334,740,11,61,142,214,1.3878504672897196,0.039966313316889365,657,"When you say 'G string,' what does it make you think of?"
7074,740,16,51,147,214,1.3878504672897196,0.04262265882178965,657,"So, once you got your home where the buffalo roam, then what?"
6949,743,26,43,176,245,1.3877551020408163,0.04292797918480021,657,You still owe me a C note for last week.
6120,744,22,44,161,227,1.3876651982378854,0.04368093747130116,657,"Mr. Finklestein, this is a classic case of  OCD, Obsessive Cowboy Disorder."
5166,745,16,49,144,209,1.38755980861244,0.04332720161788237,657,Try playing it in a major chord and see if you feel better.
7009,745,19,43,147,209,1.38755980861244,0.04489171721931128,657,I think that song about your mule is really about your mother.”
243,747,20,51,164,235,1.3872340425531915,0.041730546150812495,657,"If you've got the money, I've got the time."
2353,747,19,53,163,235,1.3872340425531915,0.04129247186726517,657,So you still blame your momma for letting you grow up to be a cowboy?
5739,749,16,52,149,217,1.3870967741935485,0.04220311881744115,657,There is clearly a link between hearing a discouraging word and your skies being cloudy all day.
5981,750,20,49,161,230,1.3869565217391304,0.04237152250295122,657,"In four chords or less tell me how you felt when your mother said you were all hat, no cattle."
70,751,15,47,137,199,1.3869346733668342,0.04426561248046261,657,"Well, I'm afraid in here, the discouraging words come thick and fast."
6596,752,18,46,148,212,1.3867924528301887,0.043919107675874744,657,So when do you hear this discouraging word?
1766,753,14,52,141,207,1.3864734299516908,0.042516554079064885,657,Let's get back to your relationship with your horse.
1821,753,20,40,147,207,1.3864734299516908,0.04570634597591942,657,"It sounds like your mama tried"""
5159,753,19,42,146,207,1.3864734299516908,0.045190352368454104,657,"Well, which is it? Was your father a goll-durn hornswoggler or a dad-gum varmint"
6359,756,20,45,155,220,1.3863636363636365,0.04373566085577897,657,"And if the little dogies did git along, how would that make you feel?"
6097,756,13,59,148,220,1.3863636363636365,0.040276929222396625,657,I'm OK with the guitar on the couch... but the horse in the waiting room has GOT to go!!
2907,756,19,47,154,220,1.3863636363636365,0.04325849084372463,657,Are you open to exploring alternatives to western medicine?
195,759,14,55,146,215,1.386046511627907,0.04142593664880353,657,"So, back to the night in question. 
‘A dark desert highway.Cool wind in your hair.’ 
What else do you remember?"
3679,759,14,55,146,215,1.386046511627907,0.04142593664880353,657,And in this dream your guitar is electric?
424,761,22,37,151,210,1.3857142857142857,0.04621887728393697,657,Why do you think your career as a rapper is going badly ?
2805,761,17,47,146,210,1.3857142857142857,0.04368457719014955,657,"Yes, that song does make me want to drink."
6267,761,20,41,149,210,1.3857142857142857,0.045222203441953476,657,something in the way she moos?
651,764,20,46,157,223,1.3856502242152466,0.04330367970587882,657,And how often do you see these buffalo roam?
3729,764,23,40,160,223,1.3856502242152466,0.044681160534209625,657,Are you saying there were never any clouds in the daytime... or the skies were never cloudy for the entire day?
178,766,17,62,170,249,1.3855421686746987,0.038805012437457466,657,I'm not sure ballad is the proper medium for your level of anger.
1507,767,17,40,135,192,1.3854166666666667,0.04655425214694168,657,This prescription may help you remember that you are a classical violinist.
3509,767,16,42,134,192,1.3854166666666667,0.04596477859346236,657,It's normal to miss a place where seldom was heard a discouraging word.
1604,769,11,62,145,218,1.385321100917431,0.039452834893023564,657,Taking you out of the country was just transportation. But taking the country out of you- that's the long and expensive part.
6470,770,17,55,159,231,1.3852813852813852,0.040861685392850615,657,"I'm not sure the ""Cognitive Behavioral Therapy Blues"" will be a hit..."
192,771,23,53,181,257,1.3852140077821011,0.0403022032798961,657,You've got to change your tune.
4627,772,19,39,142,200,1.385,0.04630980446892158,657,Can you tell me WHY you want a home where the buffalo roam ?
2163,773,21,40,152,213,1.3849765258215962,0.045243194994379336,657,"I want you to start the next song with ""I feel"" instead of  ""She stubbed me out like a midnight cigarette."""
3362,774,20,47,159,226,1.3849557522123894,0.0428825772180244,657,"Let's not sing about it again.  I'll just prescribe some Viagra, okay?"
4309,774,26,35,165,226,1.3849557522123894,0.045551110079226347,657,Are you sure that seldom was heard a discouraging word?
6869,776,22,48,169,239,1.3849372384937237,0.042051438055556445,657,It all began with my dad naming me sue
3303,777,15,50,143,208,1.3846153846153846,0.04289731361944242,657,"Actually, I don't believe you're even a little bit rock n roll"
6013,777,19,42,147,208,1.3846153846153846,0.045010932554163115,657,"How about some Patsy Cline?  I'll bet you know ""Crazy."""
1697,779,21,46,162,229,1.3842794759825328,0.04292051373618737,657,Of course they hate you. Everyone hates country and western.
2461,779,19,50,160,229,1.3842794759825328,0.042018564451351555,657,The problem is you're too high strung.
1529,781,16,51,149,216,1.3842592592592593,0.04230301705007838,657,Play that part again where your wife leaves you and your dog runs away.
2728,781,13,57,146,216,1.3842592592592593,0.040747346970458745,657,"So I take it, you feel at home on the range?"
4385,781,17,49,150,216,1.3842592592592593,0.04280901276221295,657,"Around here, you may need to get used to discouraging words."
6452,781,16,51,149,216,1.3842592592592593,0.04230301705007838,657,Play like no one's psychoanalyzing you
5458,785,16,46,141,203,1.3842364532019704,0.0441775372568949,657,"On a side note, are you looking for a drummer?"
3952,785,18,42,143,203,1.3842364532019704,0.045268106858661464,657,"...and if the dogies were here now, what would you say to them?"
5848,787,15,46,137,198,1.3838383838383839,0.04438077226035788,657,"You know, Jim... from what you've shared with me so far, I'd say your problems B minor."
179,788,16,52,151,219,1.3835616438356164,0.04189112311405042,657,"For starters, stop playing country music."
1880,789,19,41,146,206,1.383495145631068,0.04531153077421016,657,"So your woman left you, your dog died, and your truck won't start? Sounds like you are at the height of your career."
3182,790,12,50,131,193,1.383419689119171,0.04334703485636944,657,I can’t help you if you insist on tuning me out
5260,790,20,34,139,193,1.383419689119171,0.04807020241300803,657,Excuse me. Was that “get along little dogie” or “get a long little dogie”?
638,792,23,46,171,240,1.3833333333333333,0.042320532004013645,657,Have you considered the career implications of curing your depression
1342,793,20,47,160,227,1.3832599118942732,0.04272691663568465,657,"For clarity, did your wife leave you before or after your dog died?"
4416,793,18,51,158,227,1.3832599118942732,0.04180454204263332,657,You wouldn't be so depressed if you could play better.
2166,795,19,44,151,214,1.3831775700934579,0.04408286122888616,657,But lately you've heard a discouraging word?
2810,796,14,49,138,201,1.3830845771144278,0.043337874110214065,657,"Country music makes me want to drink, too."
6324,797,14,67,167,248,1.3830645161290323,0.037601647307479634,657,"Your song was only 3 minutes, but you're booked for an hour."
4044,798,14,44,130,188,1.3829787234042554,0.045388530144137566,657,"Ok - tell me again, but without the yodeling."
4770,799,20,40,149,209,1.3827751196172249,0.04534302418720677,657,"Sorry, I can only help you with the blues."
703,799,13,54,142,209,1.3827751196172249,0.04164064682210957,657,The range you mentioned -- is it gas or electric?
4676,801,15,58,157,230,1.382608695652174,0.04001386573389725,657,Fretting won't cure your anxiety.
6006,801,20,48,162,230,1.382608695652174,0.04231986356484975,657,Tell me about the day the music died.
2708,803,14,55,148,217,1.3824884792626728,0.04111992964119513,657,"Yes, it IS your mother’s fault that you grew up to be a cowboy."
2873,803,15,53,149,217,1.3824884792626728,0.04163553783974629,657,"So, is it the dog, the truck or a woman?"
4565,803,18,47,152,217,1.3824884792626728,0.04314540767832964,657,What exactly DID your mama want you grow up to be?
3512,806,16,46,142,204,1.3823529411764706,0.044000778914299744,657,My suggestion is more time moseyin' and less time hankerin'.
3658,806,17,44,143,204,1.3823529411764706,0.04454619765149554,657,My hourly rate is higher if you sing.
6211,808,19,48,158,225,1.3822222222222222,0.04252191052598109,657,Well it could be worse---you could be a banjo player.
54,809,17,39,135,191,1.382198952879581,0.046686715370791186,657,Tell me about your uncle’s sister’s cousin’s daughter’s mother.
6501,810,13,55,144,212,1.3820754716981132,0.04123308586495357,657,It appears my question has struck a chord with you
6977,811,15,59,159,233,1.3819742489270386,0.03965504745075022,657,Perhaps you just need to change your tune.”
5287,812,15,54,151,220,1.3818181818181818,0.04123641019894099,657,What type of play are the deer and the antelope engaged in?
5008,812,22,40,158,220,1.3818181818181818,0.0446208306623834,657,"Firstly, to be a 'rootin'-tootin' cowboy,' you'll need a wind instrument."
3297,812,22,40,158,220,1.3818181818181818,0.0446208306623834,657,"How often, exactly, do you see the deer and the antelope playing?"
2927,812,19,46,155,220,1.3818181818181818,0.04320284166297125,657,You seem high strung...
2224,816,21,50,170,241,1.3817427385892116,0.04134655764816776,657,I'd like to begin this session in D minor.
565,817,12,55,140,207,1.3816425120772946,0.04133297973504147,657,I'm glad to see you so in tune with your emotions.
946,817,16,47,144,207,1.3816425120772946,0.043543353969566316,657,I used to sing before I made money listening
3018,817,14,51,142,207,1.3816425120772946,0.04245255521577173,657,And these voices you hear? they’re discouraging?
3247,817,13,53,141,207,1.3816425120772946,0.041896507361148236,657,Your problem isn't a mental block.  Your problem is that you are trying to play a right-handed guitar.
6766,821,19,49,160,228,1.381578947368421,0.042116009332744696,657,I thought we both agreed it was time to move on from Clementine.
5369,822,16,42,136,194,1.3814432989690721,0.04557592095874617,657,Let's see how this plays out.
1094,823,17,48,150,215,1.3813953488372093,0.04291223773811927,657,On the road AGAIN??
1943,823,14,54,147,215,1.3813953488372093,0.041364885039231296,657,Our hour is nearly up. Why don't you play us out?
3014,825,16,53,154,223,1.3811659192825112,0.04133886655282055,657,Do you think there is any possibility that the song itself is what caused Mary-Lou to leave?
4243,826,18,44,148,210,1.380952380952381,0.04414288651410822,657,"Don't start our session with, ""I'm an old cow haaaaand, on Lorazepaaaaam""."
117,826,13,54,143,210,1.380952380952381,0.041481949046446046,657,Could it be that your doggies got along for a reason?
6699,828,14,63,162,239,1.3807531380753137,0.038508702368905634,657,"You say you drink whiskey, drive a truck, and got yourself a fine woman, but your Boston accent tells a different story"
1619,829,17,49,152,218,1.3807339449541285,0.042488215274013516,657,Mothering style can be important. What happened after she shot your pa?
5357,829,19,45,154,218,1.3807339449541285,0.04347187950229678,657,"Have you thought about the fact that you have no home, that there are no buffalo, and that it's cloudy all day."
2120,831,12,51,134,197,1.380710659898477,0.042713895393919926,657,"Well, if it helps to know, even cowgirls get the blues."""
2182,832,17,36,131,184,1.3804347826086956,0.04793476711980178,657,...and just what is about the deer and the antelope playing that disturbs you?
6089,833,18,45,150,213,1.380281690140845,0.04369068004279014,657,Rhymes with “Oedipus”? Nothing that I can think of.
5943,834,18,40,142,200,1.38,0.04569947714203387,657,"As I've told you, she'll be coming around the mountain when she comes."
1041,835,15,57,157,229,1.3799126637554586,0.04009765483396564,657,And sometimes a guitar is just a guitar.
4545,836,19,41,148,208,1.3798076923076923,0.0449501128124793,657,"Well . . . when I'm so lonesome, I cry"
7071,837,17,56,164,237,1.379746835443038,0.04007403593402765,657,Just how many verses are there?
468,838,20,42,154,216,1.3796296296296295,0.04423489936122914,657,Let's return from yonder for a moment.
3872,839,11,52,132,195,1.3794871794871795,0.042371526431397126,657,So you are saying the skies really are cloudy all day?
4216,840,14,57,153,224,1.3794642857142858,0.040205254859325114,657,What is it about the relationship between the deer and the antelope that bothers you?
5620,841,13,51,139,203,1.3793103448275863,0.042421320582253765,657,"Now, tell me when you first began hearing discouraging words."
2767,842,16,59,165,240,1.3791666666666667,0.039278676004372126,657,"All right, let's talk some more about your first rodeo."
3791,843,18,44,149,211,1.3791469194312795,0.04397026303900909,657,Well I see your time is up.....git along little dogie.
4155,843,18,44,149,211,1.3791469194312795,0.04397026303900909,657,"On The Couch Again"" is certain to be the next big Willie Nelson hit"
1532,845,16,51,152,219,1.3789954337899544,0.041831719255370305,657,So why do you think it is you are so lonesome you could cry?
3261,845,16,51,152,219,1.3789954337899544,0.041831719255370305,657,you're too highly strung
2344,847,21,44,162,227,1.3788546255506609,0.04312699012626146,657,And when did this desire to poke cows begin?
6792,848,16,43,139,198,1.378787878787879,0.04488698630483059,657,You might have more commercial success if you stop singing all your songs in French.
461,849,17,55,163,235,1.3787234042553191,0.040296594752763204,657,So how long have you felt in need of a home where the buffalo roam?
1917,849,14,61,160,235,1.3787234042553191,0.038919208641232717,657,"I've heard your story before , but in a different key."
1981,849,16,57,162,235,1.3787234042553191,0.039842757177838695,657,"Well, of course you are lonely, cowpoke, it's part of the job."
6991,849,21,47,167,235,1.3787234042553191,0.04206300684940687,657,"Seldom as they may be, tell me more about these discouraging words.”"
5894,853,20,41,153,214,1.3785046728971964,0.04451906661969114,657,"But the cows never came home, did they pardner?"
4256,853,17,47,150,214,1.3785046728971964,0.04301530408763315,657,Aside from being a left-handed flamenco guitarist in Nashville is there anything else that isn’t working for you?
3437,853,15,51,148,214,1.3785046728971964,0.04198288279517717,657,"Fred, for the last time, I’m a therapist, not a lyricist.”"
1380,856,19,46,157,222,1.3783783783783783,0.04288147150876478,657,"You seem to have a range of issues, only one is your home"
1434,856,20,44,158,222,1.3783783783783783,0.04335418486610151,657,"When you punched that dogey, how did it make you feel?"
2621,858,19,41,149,209,1.3779904306220097,0.04477141981984171,657,"OK, so in our last session we were discussing your being so lonesome you could die."
6742,858,19,41,149,209,1.3779904306220097,0.04477141981984171,657,"""Why did you find this word so discouraging?"""
1902,860,18,55,168,241,1.3775933609958506,0.04002052640462057,657,And how often have you heard that discouraging word?
4296,861,13,48,135,196,1.3775510204081634,0.043421565516510975,657,Lets talk more about what your mother told you not to grow up to be...
4229,862,18,58,173,249,1.3775100401606426,0.03912214758186978,657,Sometimes a tumbleweed is just a tumbleweed.
2640,863,12,53,139,204,1.3774509803921569,0.04167838370261606,657,Let's explore those friends in low places you keep referring to.
1240,864,15,50,147,212,1.3773584905660377,0.04223992036729215,657,"Yes, well...hmm. Okay, that’s a ballad point."
3552,864,17,46,149,212,1.3773584905660377,0.04328547465255841,657,"Yes, I know that ""nobody knows the trouble you've seen.""  Let's move on."
6404,866,14,55,151,220,1.3772727272727272,0.040668542351476634,657,That's nice but most people just talk.
2150,866,16,51,153,220,1.3772727272727272,0.04167676016467774,657,Do you know  'Home on derange?'
637,868,17,52,159,228,1.3771929824561404,0.0411316380076961,657,"Well I know that you’ve seldom heard a discouraging word, but something is troubling you."
4007,869,13,40,122,175,1.3771428571428572,0.046945649120889325,657,How does your horse feel about this?
5944,870,16,57,163,236,1.3771186440677967,0.03970601501692725,657,Let's start with the boy named Sue
2211,871,13,49,137,199,1.3768844221105527,0.042964386286231934,657,"But how does it make you FEEL that your dog died, your mama went to prison, and the old ranch ain't never been the same?"
1196,872,16,46,145,207,1.3768115942028984,0.04347826086956522,657,Don't worry.  You're a singing cowboy.  It's the lonesome cowboys who are hard to treat.
2391,872,18,42,147,207,1.3768115942028984,0.044543949070696066,657,It's not necessary to make up a song for each answer to my questions
5571,874,20,44,159,223,1.3766816143497758,0.04319267398415013,657,So when did you first realize that you couldn't sing?
2507,875,14,42,130,186,1.3763440860215055,0.045633489915568565,657,"Analytically speaking, your G string needs tightening."
6611,875,15,40,131,186,1.3763440860215055,0.04626594904075889,657,Do your other personalities resent your success?
2040,877,15,46,141,202,1.3762376237623761,0.0436629860045287,657,"I’ve heard about a cheating heart and being so lonesome you could cry. Now, why did your parents name you Sue?"
2562,878,16,47,147,210,1.3761904761904762,0.043033988692093725,657,Interesting...now did the girl leave with your truck before or after your dog died?
1347,878,15,49,146,210,1.3761904761904762,0.042501243700980705,657,Something tells me you’re not at home on the range.
4724,878,18,43,149,210,1.3761904761904762,0.04408016692338457,657,When I recommended you stop playing second fiddle this isn’t what I meant.
4964,881,15,52,151,218,1.3761467889908257,0.04141923800117712,657,Don’t beat yourself up.  It’s difficult to hear that first discouraging word.
4407,881,15,52,151,218,1.3761467889908257,0.04141923800117712,657,"Let's see. Your wife left you, your dog died, your truck broke down, and you're out of beer. So how do you feel about all that?"
5185,881,18,46,154,218,1.3761467889908257,0.04292303672895357,657,It sounds as though you have a range of problems
354,881,16,50,152,218,1.3761467889908257,0.041926497728093176,657,When did you begin hearing more discouraging words?
4223,881,17,48,153,218,1.3761467889908257,0.04242769316012184,657,Our three minutes are up...
4352,886,22,44,168,234,1.376068376068376,0.04259174095440676,657,Tell me again about your Achy Breaky Heart.
6965,886,21,46,167,234,1.376068376068376,0.042158913143146536,657,At what point did you start to feel like the range was no longer your home?
2726,888,13,51,141,205,1.3756097560975609,0.04208746352366412,657,I want to revisit your story about a man named Jed.
5722,888,14,49,142,205,1.3756097560975609,0.042651829896354965,657,"my advice?...you can pick your friends, and you can pick your guitar, but you cant pick your friend's guitar."
6990,888,18,41,146,205,1.3756097560975609,0.044838316472799955,657,So in your dream there were no strings attached?
4789,891,22,36,155,213,1.375586854460094,0.04561395325921198,657,It's not worth fretting over.
5726,891,14,52,147,213,1.375586854460094,0.04154883284455542,657,You need more pluck.
3232,893,20,43,158,221,1.3755656108597285,0.043459048535395506,657,"So what do you miss the most: your ex, your dog, or your pick-up?"
496,894,15,56,158,229,1.3755458515283843,0.04003920949653175,657,"Our hour is up, Dale. We'll pick it up next week where your dog died."
6797,894,18,50,161,229,1.3755458515283843,0.0414494198794863,657,And how do you reckon you feel about that?
5304,896,17,55,165,237,1.3755274261603376,0.040019407049153854,657,Mosey on down through your childhood for me.
6591,897,16,46,146,208,1.375,0.04330663357193764,657,Got it. Your mother didn't want you to grow up to be a cowboy.
4844,897,21,42,161,224,1.375,0.043495012857772075,657,Maybe you should consider setting boundaries with the buffalo.
1145,897,16,52,156,224,1.375,0.04112935641364499,657,And what do you think these 'prairie dogs' represent?
1746,897,14,53,149,216,1.375,0.04114662548709215,657,"What do you think causes this feeling of being out of place in Manhattan, Joe-Bob?"
865,901,14,57,156,227,1.3744493392070485,0.03977731427527474,657,"Well, how do all the discouraging words you’ve heard make you feel?"
2011,901,16,53,158,227,1.3744493392070485,0.040745605907292926,657,"Even cowboys get the blues, Tex."
5793,901,22,41,164,227,1.3744493392070485,0.043521413237023555,657,I am worried that every time you talk about your mother you pluck the G string.
1074,904,16,50,153,219,1.3744292237442923,0.0417699412142825,657,So it bothers you that your mama allowed you to grow up to be a cowboy?
4060,904,13,56,150,219,1.3744292237442923,0.04023745125129951,657,"Frankly, I just think you need to cowboy up."
6848,906,20,39,152,211,1.3744075829383886,0.04492321515082111,657,And when was it that you first started not to feel at home on the range?
3592,907,12,52,139,203,1.374384236453202,0.04177066577724303,657,And how often do you hear this ‘discouraging word?’
2452,908,18,53,167,238,1.3739495798319328,0.04032420281162385,657,The words will come when you are ready
6400,909,17,43,146,206,1.3737864077669903,0.044123920442813186,657,"You lost your job, your dog, and your woman...anything else?"
305,909,11,55,140,206,1.3737864077669903,0.040776980931109506,657,I want to help you fix your achy breaky heart.
1465,909,18,41,147,206,1.3737864077669903,0.04465736279877762,657,Sorry for the discouraging words.
6251,912,14,46,138,198,1.3737373737373737,0.04365717218702492,657,"And, then what happened after you got to Phoenix?"
1865,912,18,38,142,198,1.3737373737373737,0.045946113384754336,657,If I'm understanding the last verse correctly--you're dog stopped running and your truck ran off with your wife?
842,914,15,41,134,190,1.3736842105263158,0.045538463199127986,657,Who did you say recommended me?
2388,915,16,61,172,249,1.3734939759036144,0.03823264323109754,657,You say every time your mother gave you something it came with strings attached?
844,916,18,51,164,233,1.3733905579399142,0.040920259238689166,657,"ok, let's start with why you're not wearing pants."
2926,916,17,53,163,233,1.3733905579399142,0.040465651460387685,657,"Home, home on derange"
4890,916,27,33,173,233,1.3733905579399142,0.04480463847184886,657,"Can you play ""if you got the money, I got the time""?​"
5040,919,18,48,159,225,1.3733333333333333,0.041937216869150466,657,Time's up. Git Along Little Dogey.
1235,920,20,41,156,217,1.3732718894009217,0.044005038811808284,657,"So, how long have you imagined yourself  skilled on the guitar?"
1304,920,12,57,148,217,1.3732718894009217,0.039938556067588324,657,Vienna has the same number of syllables as Loredo.  See if that works.
5553,920,14,53,150,217,1.3732718894009217,0.04099301227990095,657,No trumpet this week. I think we’re making progress.
3031,923,15,48,146,209,1.3732057416267942,0.042599650475952364,657,"You're right. Nothing rhymes with ""lonesome""."
6038,923,17,44,148,209,1.3732057416267942,0.0436662738344056,657,It will be easier if you don't feel the need to rhyme everything you tell me.
30,925,18,39,144,201,1.373134328358209,0.04544279805265172,657,So you're saying that your parents gave your brother the astronaut costume.
2458,926,13,68,171,252,1.373015873015873,0.036644607103306574,657,...and you say you seldom heard a discouraging word?
6489,927,11,66,159,236,1.3728813559322033,0.03730616224914077,657,"Your psychological problems are concerning, but your intonation and phrasing are masterful"
1597,928,15,52,153,220,1.3727272727272728,0.041112680067797454,657,"The wife in your song clearly represents the animus, and the pick-up truck symbolizes the sacred. The runaway dog is, well, just a dog."
3115,928,16,50,154,220,1.3727272727272728,0.04161446218290199,657,"I didn’t ask you about your truck, woman or dog.  I asked you about your mother."
3615,928,15,52,153,220,1.3727272727272728,0.041112680067797454,657,"Looks like we're just about out of time, so we'll end on that note."
934,931,17,45,150,212,1.3726415094339623,0.0432208685208129,657,So why do you think Clementine isn't your darling anymore?
5253,931,18,43,151,212,1.3726415094339623,0.04373504541354042,657,"I'm pleased with the new drug you're on, the lyrics have definitely improved"
86,933,21,50,176,247,1.3724696356275303,0.040513798311563175,657,"Face it, John..words can be discouraging, and it does get cloudy."
521,934,16,54,161,231,1.3722943722943723,0.0402286622447473,657,"So, you say you have an achy breaky heart?"
5314,934,17,52,162,231,1.3722943722943723,0.04069384206371208,657,I see a whole range of issues here.
3481,936,14,55,154,223,1.3721973094170403,0.040226107026035185,657,Cowboys are suppose to be lonesome.
6188,936,17,49,157,223,1.3721973094170403,0.0417053607715424,657,So how did that make you feel when your dogies refused to get along.
6896,936,19,45,159,223,1.3721973094170403,0.04266304494712986,657,But give your mama some credit: she did let you grow up to be a cowboy.
6421,939,9,59,139,207,1.3719806763285025,0.03944810862766567,657,"If we do cure your depression, you realize you will lose your ability to write country western songs, right?"
1910,940,19,52,171,242,1.371900826446281,0.0402592941834107,657,Well that must've been one doozy of a discouraging word...
437,941,20,34,145,199,1.3718592964824121,0.04684947878862568,657,"When we left off last session, you were describing how much you hated the G7 chord."
2319,941,18,38,143,199,1.3718592964824121,0.04575320724614286,657,"Well, those were certainly discouraging words. I suggest you keep them between us."
4674,943,19,49,166,234,1.3717948717948718,0.04122359253539047,657,Don’t move. I’m almost finished drawing the guitar.
6968,943,21,45,168,234,1.3717948717948718,0.042104031419280194,657,"So, enough about you; play Misty for me."
4623,945,17,50,159,226,1.3716814159292035,0.041310575393834134,657,It sounds minor to me.
1476,946,13,55,150,218,1.371559633027523,0.04031952604561558,657,Face it. Not every guitar player is a chick magnet.
1831,946,20,41,157,218,1.371559633027523,0.04383616915929819,657,You need to start finding more constructive words to rhyme with 'truck.'
2905,946,21,39,158,218,1.371559633027523,0.04431577215516224,657,"I'm sorry, but we're out of tune for today"""
917,949,22,34,154,210,1.3714285714285714,0.046038947381273315,657,Perhaps it’s because you’re right handed.
6545,949,17,44,149,210,1.3714285714285714,0.04349416446915795,657,Let go of it. Your not the first singing cowboy that had to eat his horse.
4147,951,22,44,171,237,1.371308016877637,0.042140422133887724,657,When did you start uttering discouraging words?
4577,952,18,39,145,202,1.3712871287128714,0.04525498892523223,657,"No, I won't stop asking highfalutin' questions."
3918,952,17,41,144,202,1.3712871287128714,0.04470744194665902,657,And do you remember when you felt home on the range?
3175,952,16,43,143,202,1.3712871287128714,0.0441531053064774,657,"Now, I think the problem began when your mama let you grow up to be a cowboy."
3600,955,25,35,169,229,1.3711790393013101,0.0445122578937522,657,"Sing with me, 'Yesterday, when I was Jung . . .'"
1612,956,18,36,140,194,1.3711340206185567,0.04659163179924895,657,"I said late onset sturm und drang, not strum and twang."
1928,956,12,48,134,194,1.3711340206185567,0.04301493291521866,657,"Before we begin, Tex, I must point out you still owe 100 buckaroos for our last session."
3131,956,16,40,138,194,1.3711340206185567,0.04543069726199945,657,You can't expect all your little doggies to get along.
114,959,17,48,156,221,1.3710407239819005,0.04195320222771176,657,"So, your momma did let you grow up to be a cowboy..."
4371,959,13,56,152,221,1.3710407239819005,0.03994408386917078,657,How about ‘Happy Trails’?
5624,959,19,44,158,221,1.3710407239819005,0.04292250980156267,657,"So, you were home on the range and heard a discouraging word."
6924,962,16,47,150,213,1.3708920187793427,0.042535549558806,657,Tell me more about this place where the deer and the antelope play...
3159,963,16,54,162,232,1.3706896551724137,0.04008701947950663,657,Tell me more about this achy breaky heart?
482,964,13,47,137,197,1.3705583756345177,0.04316700845488803,657,"Let's explore that lyric ""Mamas don't let your sons grow up to be cowboys..."""
4118,965,16,48,152,216,1.3703703703703705,0.04211525201657577,657,"What would like to discuss first: your dog that died, your truck that broke down or how your neighbor stole your wife?"
4088,965,15,50,151,216,1.3703703703703705,0.04160081886554158,657,"I see our time's up, so let's save your little dogies' adamant refusal to get along until next week."
3562,965,11,58,147,216,1.3703703703703705,0.0394761046930829,657,"So if I’m hearing you correctly, you shot a man in Reno just to watch him die..."
1320,965,20,40,156,216,1.3703703703703705,0.044113033685794584,657,"I believe the broken heart will heal and the whiskey addiction is treatable, but we're going to need another few sessions to address this passion for your truck."
261,965,16,38,135,189,1.3703703703703705,0.04627096008287179,657,"Alright Dave, let's try the doctor outfit next week."
3272,965,16,58,169,243,1.3703703703703705,0.03883017708643366,657,What is your cheating heart telling you?
5986,971,18,51,166,235,1.3702127659574468,0.0406331704862687,657,"Well, that was lovely. But if you’ve really got a ‘Ring of Fire’ I’d really recommend seeing your Doctor."
6118,972,18,41,149,208,1.3701923076923077,0.044299534140835456,657,"You need to get more in tune with your feelings."""
371,973,21,42,164,227,1.3700440528634361,0.043013348321022965,657,And what changes are you willing to make for Trigger?
983,974,16,42,142,200,1.37,0.04444521216534027,657,"Ok, I think we’ve covered your dog’s death pretty thoroughly..."
4271,974,14,46,140,200,1.37,0.04329981953610542,657,"What does ""he's all hat and no cattle"" mean to you?"
5904,974,15,44,141,200,1.37,0.04387625357913667,657,"Be that as it may, I can't promise that you won't hear any discouraging words here."
3208,977,14,53,152,219,1.36986301369863,0.040688920909105135,657,"The term is not 'the West;' it's ""The Upper West Side."
1166,978,18,42,151,211,1.3696682464454977,0.04384114982413562,657,"Sometimes a guitar is just a guitar, Mr. Hershberg."
6273,979,21,43,166,230,1.3695652173913044,0.042600790485008394,657,"We’ve been over this before ‘you play the same notes, you get the same song’."
95,979,19,47,164,230,1.3695652173913044,0.04169991354279677,657,How unusual—Stage fright AND stagecoach fright.
1524,979,20,45,165,230,1.3695652173913044,0.042152758743789875,657,It sounds like your a bit high strung.
6315,982,17,41,145,203,1.3694581280788178,0.044524245503382014,657,I'm prescribing an anti-depressant and a musical genre other than the blues
162,983,19,44,159,222,1.3693693693693694,0.04276140315287587,657,So you're lonesome.. what else?
3240,983,20,42,160,222,1.3693693693693694,0.04323542929415507,657,It's not only your inner soul that you aren't in tune with.
3750,985,11,43,122,176,1.3693181818181819,0.04522466219706072,657,How was your relationship with Dinah before you caught her in the kitchen with the Banjo strummer?
478,986,16,47,151,214,1.3691588785046729,0.04237177903092056,657,"I can cure your depression, but your ballads will become boring as hell."
4634,987,11,40,117,168,1.369047619047619,0.04667404200257338,657,Sometimes a left-handed guitar is just a left-handed guitar.
7029,988,14,41,132,187,1.3689839572192513,0.045352112068927065,657,"'Let's start by addressing your achy breaky heart."""
4893,988,18,33,136,187,1.3689839572192513,0.04782068688531104,657,How long have you been fretting over this?
4743,990,15,46,145,206,1.3689320388349515,0.04296636560444281,657,"Indeed,sometimes a guitar is just a guitar."
5646,991,15,53,157,225,1.3688888888888888,0.04042978977480055,657,"You're married. ""Nary is heard a discouraging word,"" is not a reasonable expectation."
2191,991,16,51,158,225,1.3688888888888888,0.04091760551299534,657,Let’s pick up with the second verse next week.
6613,991,15,53,157,225,1.3688888888888888,0.04042978977480055,657,"I wouldn't presume to know whether Dr. Freud had firsthand experience with any hard-drinkin', trash-talkin', bowlegged women from San Antone."
3402,994,12,49,137,198,1.3686868686868687,0.04238864077540232,657,"Take it from the second verse, the one about your mother."
3701,995,18,44,155,217,1.368663594470046,0.042960434321615226,657,I think I can name your issues in 3 notes.
5010,995,19,42,156,217,1.368663594470046,0.04345420940035525,657,I'm not supposed to offer an opinion; but I hate country music.
6550,995,16,48,153,217,1.368663594470046,0.04195545402073014,657,"Your wife left, your dog died, your story has touched my achy breaky heart.  Five hundred bucks, cowboy."
6847,995,19,42,156,217,1.368663594470046,0.04345420940035525,657,"And your mother, she didn't let her baby grow up to be a cowboy?"
107,999,17,50,161,228,1.368421052631579,0.041011967074142903,657,"Sometimes, a song about a horse, is only about a horse..."
662,999,17,50,161,228,1.368421052631579,0.041011967074142903,657,"So that's gamblin', drinkin', brawlin', crashin' the truck, lovin' too much, fallin' out of love and that little misunderstanding in Jackson... now tell me about your mother."
168,1001,18,45,157,220,1.3681818181818182,0.04253713556629064,657,"Let's focus on your day job as a lawyer, shall we?"
2964,1002,17,44,151,212,1.3679245283018868,0.04315372215532722,657,"So,you're mother didn't want you to grow up to be a cowboy."
3968,1002,13,52,147,212,1.3679245283018868,0.04102926820374683,657,"Good, we're getting somewhere...now tell me more about the ex that doesn't live in Texas."
6520,1004,15,45,144,204,1.3676470588235294,0.04323959611711446,657,It’s always the same old song with you.
2288,1005,17,45,153,215,1.3674418604651162,0.04272099631125231,657,"Since you treated me to two verses of ""Don't fence me in"" can I assume you have commitment issues?"
3489,1005,10,59,146,215,1.3674418604651162,0.038997459506100195,657,"And finally, I think you should consider your friends calling you ""Lefty"" as a term of endearment, not a personal attack."
177,1005,18,43,154,215,1.3674418604651162,0.04322675487419857,657,"If you really want closure, try resolving back to E flat major."
935,1008,15,42,139,196,1.3673469387755102,0.04446054948721928,657,"Home, home on derange,"" you say. Very interesting"
1638,1009,15,46,146,207,1.3671497584541064,0.04279542380677363,657,"Don’t play it again, Sam"
5808,1010,13,61,163,237,1.3670886075949367,0.03806991800995333,657,"Good progress this week.  Next week, let's work on the chorus."
32,1011,13,54,151,218,1.3669724770642202,0.04025092569490754,657,"It’s unclear whether the lyrics lead to your feelings of inadequacy or if the inadequacy fuels your lyrics. Either way, I think you’re onto a hit."
1447,1011,17,46,155,218,1.3669724770642202,0.04229951252531828,657,"So, if I understand you, your girl left with your dog in your truck. Why do you think she left your guitar?"
5282,1011,17,46,155,218,1.3669724770642202,0.04229951252531828,657,"Tell me more about your new song, ""Home, Home, And Deranged."""
1429,1014,18,55,175,248,1.3669354838709677,0.039091666634758694,657,Next session please bring in your horse.
3773,1015,16,41,142,199,1.3668341708542713,0.04455565592595497,657,Have you thought about playing Western music instead of Stravinsky?
5247,1015,18,37,144,199,1.3668341708542713,0.045680676050705235,657,You might consider enrolling in a two step program...they’re a lot of good ones out there.
5843,1015,20,33,146,199,1.3668341708542713,0.04677864741425154,657,". . .well, it's still $300 an hour, Pardner."
5939,1018,19,43,159,221,1.3665158371040724,0.042859584671843316,657,‘Mama Tried’ is a good  start . . . .
5506,1018,16,49,156,221,1.3665158371040724,0.041394902977105276,657,So what you're saying is that you don't feel at home on the range?
6350,1018,16,49,156,221,1.3665158371040724,0.041394902977105276,657,I think that this should be off the record.
1394,1018,12,57,152,221,1.3665158371040724,0.0393572947682133,657,"So you're saying at home, seldom is heard an ENCOURAGING word?"
2988,1018,14,53,154,221,1.3665158371040724,0.04038895049364362,657,"And when the little dogies won't git along, how does that make you feel?"
597,1023,14,46,142,202,1.3663366336633664,0.04294784328941821,657,"Other than warm beer & cold women, are there any other issues you'd care to discuss?"
5555,1023,15,44,143,202,1.3663366336633664,0.04351753555087224,657,I see this a lot with electric car owners. It’s called Range Anxiety.
2664,1025,18,42,153,213,1.3661971830985915,0.04349749996591056,657,You haven't been practicing.
2112,1026,17,48,159,224,1.3660714285714286,0.04148849600348828,657,"Before we begin, I have to know why cows are called dogies."
3792,1026,16,50,158,224,1.3660714285714286,0.04100313236488207,657,When did you first realize you couldn't play guitar well?
4336,1026,17,48,159,224,1.3660714285714286,0.04148849600348828,657,"If I were you, I wouldn't fret"
6083,1029,15,41,138,194,1.365979381443299,0.04476059801904859,657,Tell me more. Why didn't Mamma want her baby to grow up to be a cowboy?
1261,1030,17,52,166,235,1.3659574468085107,0.04012339114636678,657,Tell me the part about the deer and antelope again.
4558,1030,16,54,165,235,1.3659574468085107,0.039667571994617186,657,I can’t think of anything that rhymes with manure.
5929,1032,18,39,148,205,1.3658536585365855,0.04470022783474539,657,Your first problem is you are left-handed. You need to  have the guitar restrung.
1579,1033,14,51,151,216,1.3657407407407407,0.041010723551273734,657,Something tells me you are lonesome and a long way from home.
4818,1033,18,43,155,216,1.3657407407407407,0.043059780941655475,657,Any chance you could take off those shit-kickers before you lay down on my couch?
3088,1035,20,43,164,227,1.3656387665198237,0.042497189531341226,657,Have you considered going East?
2454,1035,13,57,157,227,1.3656387665198237,0.03915504148597175,657,Or you may be suffering from Rio Grandiosity.
3251,1037,13,50,145,208,1.3653846153846154,0.0415217013409333,657,"So, your mother sang ""Mama, don't let your babies grow up to be cowboys?"" How did it make you feel?"
3928,1038,14,52,153,219,1.365296803652968,0.04062069625318754,657,Would it help if I put some beans on the fire?
167,1039,15,54,161,230,1.3652173913043477,0.039773838310905495,657,"But it IS the same old song, Joe."
941,1039,18,48,164,230,1.3652173913043477,0.04118100356582314,657,So you have been doing a lot pickin’ but not much grinnin’ right?
1969,1041,14,41,134,189,1.3650793650793651,0.04495533069122325,657,But you're NOT 'Home on the Range' so get your damn boots off my settee.
3651,1042,13,47,140,200,1.365,0.04263759871428741,657,"Last time we left off at, ""where the deer and the antelope play."""
1177,1043,17,43,151,211,1.3649289099526067,0.04325413502895817,657,Try a major chord there. It won't seem so depressing.
3975,1043,19,39,153,211,1.3649289099526067,0.04428536183840449,657,Would you care to tell me more about why you left the New York Philharmonic?
4514,1043,14,49,148,211,1.3649289099526067,0.04165945970629895,657,"Yet despite this Mr. Nelson's warning, she still let you grow up to be one."
1643,1046,21,39,162,222,1.364864864864865,0.0436422977837158,657,I'm beginning to see why you are the lone ranger.
6265,1046,15,51,156,222,1.364864864864865,0.04074385445634626,657,You can just tell me this time. No need to yodel.
2779,1048,13,44,135,192,1.3645833333333333,0.04383924662666416,657,You are a country musician.  Singing and talking about troubles is your job.   Why are you REALLY here?
5286,1049,18,42,154,214,1.3644859813084111,0.04332756822268517,657,Let’s take it from the top.
3036,1049,16,46,152,214,1.3644859813084111,0.042302768587096896,657,Now play 'Crazy'!
3309,1049,12,54,148,214,1.3644859813084111,0.04017482239186056,657,That’s progress. You’ve finally changed your tune.
2631,1052,12,58,155,225,1.3644444444444443,0.038861668478025274,657,How do you see the deer/antelope relationship?
2965,1052,18,46,161,225,1.3644444444444443,0.04181297065494368,657,"If you're taking requests, how about ""Cry Me a River."""
4751,1054,18,43,156,217,1.3640552995391706,0.04289401537770569,657,And where would you say your depression ranks on a scale from one to high falutin-est?
7014,1054,20,39,158,217,1.3640552995391706,0.04387750391987979,657,We made progress. Remember the accordion?
1927,1056,19,49,171,239,1.3640167364016735,0.040506476705943165,657,Sometimes a little dogie is just a little dogie.
6724,1057,18,40,151,209,1.3636363636363635,0.04405273077765382,657,"First of all, I can't just give you a home."
3977,1057,18,44,158,220,1.3636363636363635,0.042471657071534816,657,And your saying she was warned to not let her babies grow up to be cowboys?
3138,1057,17,46,157,220,1.3636363636363635,0.04198012212925236,657,"Get yourself a new dog, a new wife, and a new trailer"""
5517,1057,13,50,146,209,1.3636363636363635,0.04135952084101654,657,I think we can safely blame Mama for letting you grow up to be a cowboy.
716,1057,14,52,154,220,1.3636363636363635,0.0404697127830383,657,"I hear you saying that you spent a lot of time with the little dogey, but did you get along?"
133,1057,15,50,155,220,1.3636363636363635,0.04097936862808801,657,"I understand your concern, Tex, but sometimes a guitar is just a guitar!"
1144,1057,19,46,166,231,1.3636363636363635,0.0414889782734314,657,"It's hard to believe you are taking this seriously, when you keep singing ""Home, Home I'm Deranged."""
4333,1064,22,41,171,234,1.3632478632478633,0.042423019964007505,657,Thank the Lord and Greyhound that she’s gone.
2164,1065,13,55,155,223,1.3632286995515694,0.03958600738002937,657,When did you first start having Georgia on  your mind?
5737,1065,17,47,159,223,1.3632286995515694,0.04157701954739382,657,"and after you said get along little doggies, what did they say?"
2118,1067,15,47,150,212,1.3632075471698113,0.04203345873387692,657,“Let’s start with the discouraging words then we’ll work on the cloudy skies.”
4284,1067,17,43,152,212,1.3632075471698113,0.04308402367925526,657,"I'm afraid we're going to have to go deeper than an ""old cowhand, from the Rio Grande"""
4594,1067,16,45,151,212,1.3632075471698113,0.04256198274004139,657,"If these sessions are going to be useful, you're going to need to tell me everything, including the good, the bad, and the ugly."
5068,1070,17,39,145,201,1.36318407960199,0.04474570553591521,657,It never pays to fret over things
105,1071,21,44,172,237,1.3628691983122363,0.04159990695790448,657,You're a cowboy named Sue.
6181,1072,20,42,164,226,1.3628318584070795,0.04259243810685556,657,"Find a new girlfriend, get a new truck and go adopt a new dog."
687,1072,18,46,162,226,1.3628318584070795,0.041658769189167506,657,"So, is this about your dog, your truck, your wife, or all three?"
4945,1074,21,36,158,215,1.3627906976744186,0.044644098550074195,657,"Too many ""Momma's"" in your songs, this could take a while..."
4815,1074,10,58,147,215,1.3627906976744186,0.03892221233358356,657,"Yes, I know.  Sometimes a guitar is just a guitar."
304,1074,12,54,149,215,1.3627906976744186,0.04002344606848086,657,"When we last left off, your wife left and then the dog died..."
1827,1074,13,52,150,215,1.3627906976744186,0.04056285303482253,657,And what would happen if the lil' doggies DON'T get along?
3244,1078,12,50,142,204,1.3627450980392157,0.04145198128283185,657,"I can probably help with the broken-heart thing, but it may mean the end of your career."
171,1079,14,42,137,193,1.3626943005181347,0.04426629085109571,657,"We covered a lot of ground this afternoon, and now it's time to saddle up."
531,1079,10,50,133,193,1.3626943005181347,0.04175661673459276,657,"Remember this is your safe place, and you’ll seldom hear a discouraging word."
2411,1079,14,42,137,193,1.3626943005181347,0.04426629085109571,657,So what? Sometimes a guitar is just a guitar.
6903,1082,9,48,125,182,1.3626373626373627,0.042701107206644745,657,"""So your spurs just aren't jingle jangle jingling like they used to, eh?"""
158,1083,17,61,184,262,1.3625954198473282,0.037184997475317755,657,"Yes, at two-hundred dollars an hour, it's perfectly fine to sing the cowboy blues."
226,1084,16,47,155,218,1.3623853211009174,0.041728284508298276,657,"I can help cure your blues, but you'll never have a hit song again."
6519,1085,14,47,146,207,1.3623188405797102,0.04216873173380663,657,"So in this dream of yours, what happens after the deer and the antelope play?"
123,1085,19,37,151,207,1.3623188405797102,0.044863264621121224,657,Here’s a discouraging word—nuts.
3886,1085,17,41,149,207,1.3623188405797102,0.043805345357546814,657,"I know it's only been 10 minutes, but I reckon your time is up."
4181,1088,13,50,147,210,1.361904761904762,0.04119850586231023,657,Have you tried crying in your beer?
4049,1088,16,44,150,210,1.361904761904762,0.042825486397122275,657,Why do YOU think you push the little dogies away?
1017,1088,16,44,150,210,1.361904761904762,0.042825486397122275,657,So your girlfriend left you and your dog died; how does that make you feel?
1637,1088,14,48,148,210,1.361904761904762,0.04174787841205716,657,And then what happens? Once you ride off into the sunset?
2210,1088,19,38,153,210,1.361904761904762,0.04439287876465548,657,"You're gonna have to face the fact that oh, Susanna is not coming back."
25,1093,16,40,143,199,1.3618090452261307,0.0444783047851597,657,You're making progress. The major key suggests you're getting over your darling Clementine.
1786,1094,15,38,135,188,1.3617021276595744,0.0456941802652533,657,...So Mama LET you grow up this way?
3056,1094,13,42,133,188,1.3617021276595744,0.0444317400429413,657,"If you sang the blues, I could write you a prescription."
3187,1094,18,49,168,235,1.3617021276595744,0.04051301299159719,657,"So, are you and Little Doggie getting along now?"
1562,1097,19,43,162,224,1.3616071428571428,0.04237830237589988,657,Your problem is that you're holding the damn thing backwards.
2365,1097,17,47,160,224,1.3616071428571428,0.04142274300990163,657,You're flat.  Don't fret.
5901,1099,13,51,149,213,1.3615023474178405,0.04079886975455174,657,"So you walk into Sardi's and yelled, 'Thank God, I'm a country boy!' and then what happened?"
2446,1099,16,45,152,213,1.3615023474178405,0.042395996051451196,657,"Your girl done left you and your dog done died. Now, tell me about your mother."
6374,1099,10,57,146,213,1.3615023474178405,0.0391366205145908,657,The joking is healthy. It's the smoking and midnight toking I worry about.
3493,1102,14,45,143,202,1.3613861386138615,0.04286970069757098,657,So tell me how you felt when your parents told you a discouraging word.
3927,1102,16,41,145,202,1.3613861386138615,0.044003733390671824,657,"So in our last session, you said you met a girl down in the West Texas town of El Paso. Do you care to elaborate?"
1498,1104,16,54,168,238,1.361344537815126,0.03925618789777502,657,"Don’t fret so much. A year of therapy, and you’ll be singing a different tune."
694,1105,8,53,130,191,1.361256544502618,0.04068621175109892,657,I think we should explore issues with your pardner.
5781,1106,15,52,160,227,1.3612334801762114,0.04007197304079427,657,Can we talk?
7059,1106,16,50,161,227,1.3612334801762114,0.04055549109900368,657,"I'm guessing in your childhood, you heard a discouraging word more than seldomly."
1091,1108,17,44,155,216,1.3611111111111112,0.04248760606974408,657,And is this “blood on the saddle” real or metaphorical?
2851,1108,15,48,153,216,1.3611111111111112,0.04146159699367084,657,"My fees are $ 200 an hour, 15% royalties for songs where my advice shows up as lyrics, and one depressing song named after me."
838,1110,13,48,144,205,1.3609756097560977,0.04186237296949644,657,"You can break character now, Bradley. The Oscars were a month ago."
905,1110,18,38,149,205,1.3609756097560977,0.044627102851254326,657,"For the next verse, why don't you try having your wife and truck come back?"
5391,1110,17,40,148,205,1.3609756097560977,0.0440880290015849,657,I recommend that you see a cardiologist about the achy breaky heart.
3403,1113,16,51,163,230,1.3608695652173912,0.04018370245253584,657,You're problem is that should be a C major chord.
6824,1113,19,45,166,230,1.3608695652173912,0.041576998250237106,657,You have to accept this song isn't really about a truck.
5577,1115,14,42,138,194,1.3608247422680413,0.044077189978330066,657,"Woulda, shoulda, coulda!  Come on cowboy, this ain't your first rodeo."
4665,1116,20,35,153,208,1.3605769230769231,0.04519784195657324,657,"As a first step, try to get in tune with your feelings."
3614,1117,17,33,136,186,1.3602150537634408,0.04726325741255317,657,So why don't you start by telling me what it is you are fretting about?
3084,1117,14,39,133,186,1.3602150537634408,0.04538113688463371,657,"Picking up from last week, did you come up with a rhyme for 'decapitate'?"
4727,1119,14,48,149,211,1.3601895734597156,0.04158493697250826,657,Have you tried talking to her?
4849,1120,13,59,164,236,1.3601694915254237,0.0380714289715644,657,"And after your wife left, what happened to the dog?"
6330,1120,21,43,172,236,1.3601694915254237,0.041688486629093066,657,"Sir, I think you have A major anxiety."
1820,1122,17,52,170,239,1.3598326359832635,0.03956764892632483,657,Let's talk more about your mother not wanting you to grow up to be a cowboy.
1449,1123,13,51,150,214,1.3598130841121496,0.04064289436690642,657,This is supposed to be talk therapy.
1982,1123,10,57,147,214,1.3598130841121496,0.03898992120513409,657,What else do you think those boots were made for?
252,1125,16,50,162,228,1.3596491228070176,0.040408296595658956,657,This relationship you have with your horse....would you call it a normal relationship?
5381,1125,17,48,163,228,1.3596491228070176,0.04088365561475649,657,So how’d you react when your mother signed you up for ballet lessons.
7012,1127,13,47,143,203,1.3596059113300492,0.042120073387647526,657,"OK, OK … die with them on if you must, but take the damn things off my couch right now or this session is over!"
915,1128,18,42,157,217,1.359447004608295,0.042825197724886785,657,"A discouraging word may have been seldom on the range, but here in the city we use them as frequently as possible."
1234,1128,15,48,154,217,1.359447004608295,0.04130362414669356,657,How did it make you feel that your mama didn't want to let you grow up to be a cowboy?
5460,1130,17,49,165,231,1.3593073593073592,0.04050720429971196,657,I can help---but it takes a long time and the chord has to want to change.
2991,1130,19,45,167,231,1.3593073593073592,0.04142608637063576,657,I'd feel more comfortable if you put your chaps back on.
291,1132,9,56,141,206,1.3592233009708738,0.03935830168029214,657,When did you last see your darling Clementine?
2346,1133,10,59,151,220,1.3590909090909091,0.038288362682840256,657,"Do the deer and the antelope cause less, the same, or more anxiety compared to last week?"
5082,1133,23,33,164,220,1.3590909090909091,0.04478439150339261,657,Singing On Top Of Old Smokey and Down In The Valley does not make you a Bipolar Cowboy.
448,1135,21,42,171,234,1.358974358974359,0.041927740213386536,657,I’m prescribing C major.
1989,1135,18,48,168,234,1.358974358974359,0.04059418774964564,657,"You've made progress on your wife leaving you, but still haven't come to terms with the death of your dog."
4677,1135,11,62,161,234,1.358974358974359,0.03729760043544444,657,"After you lost your wife, horse, and dog, then what happened?"
4428,1138,12,51,146,209,1.3588516746411483,0.04072124316462945,657,And what is it about the tumbling tumbleweeds that gives you this sense of freedom?
329,1139,20,40,163,223,1.358744394618834,0.04294449860716502,657,Perhaps you put the banjo on your knee to subconsciously drive Susanna away.
1723,1139,20,40,163,223,1.358744394618834,0.04294449860716502,657,And did the poor lonesome cowboy have a mother?
5279,1139,19,42,162,223,1.358744394618834,0.04247152948838365,657,Do you think your problem is that you're playing a right-handed guitar with your left hand?
6972,1139,13,54,156,223,1.358744394618834,0.03951500924779975,657,Tell me in three chords about your childhood.
6782,1143,14,48,150,212,1.3584905660377358,0.04142317458146587,657,So who do you think done whom wrong?
6964,1144,15,51,160,226,1.3584070796460177,0.040149432415387015,657,"Tell me again about your wife leaving you, but this time, try it in G major."
1769,1144,17,47,162,226,1.3584070796460177,0.04111738874013913,657,"Your dog drank the whisky AND left you?    
Well, that is pretty harsh."
2891,1144,13,55,158,226,1.3584070796460177,0.03915755597260559,657,"I know you're lonesome, but that's what got you the record deal."
502,1147,12,48,141,201,1.3582089552238805,0.041791044776119404,657,I’m sorry but we will have to wrap this up. My high noon is here.
2311,1147,17,38,146,201,1.3582089552238805,0.04466819497567693,657,"But at home, you seldom heard a discouraging word?"
5817,1147,13,46,142,201,1.3582089552238805,0.04238210314815336,657,"So you were 'home, home and deranged...And seldom was heard an encouraging word'?"
5913,1147,13,46,142,201,1.3582089552238805,0.04238210314815336,657,If you stick to instrumentals we're not going to make any progress.
913,1151,20,37,158,215,1.3581395348837209,0.04408584022919927,657,you have the lonesome cowboy blues
1147,1151,16,45,154,215,1.3581395348837209,0.042067636779386866,657,"So, your wife left you, your best friend stole your horse, the neighbor shot your dog. And you have two more verses? I'll clear my calendar."
6345,1153,13,56,160,229,1.3580786026200873,0.038808766127973134,657,And was this the first time you recall feeling out of tune?
4916,1154,13,42,135,190,1.3578947368421053,0.04404472230819785,657,When the antelope play and leave you out ... how does that make you feel?
2956,1155,17,44,157,218,1.3577981651376148,0.04216174368951536,657,"You seem sad and lonely. 
Have you considered switching to banjo?"
4361,1155,19,40,159,218,1.3577981651376148,0.04315285044156045,657,Of coarse you're depressed..most left handed guitar players are
3800,1157,15,53,164,232,1.3577586206896552,0.03942650210923058,657,Maybe it would be best for you to forget the Alamo
3995,1158,16,37,140,193,1.3575129533678756,0.045386106902238044,657,So your truck broke and your girlfriend ran off.  Get over it.
6049,1159,13,48,146,207,1.357487922705314,0.04152985664563572,657,"How long have you had this fear of losing your wife, your dog and your pickup truck?"
1483,1159,14,46,147,207,1.357487922705314,0.04209074848814705,657,"That's ""on the range,"" not ""I'm deranged."" Look it up."
740,1161,18,43,160,221,1.3574660633484164,0.042242804901298246,657,Maybe if you played in a major key you'd be less depressed?...
1624,1161,17,45,159,221,1.3574660633484164,0.04175307450567162,657,Am I to understand that your trauma began when the deer and the antelope refused to play?
6585,1161,15,49,157,221,1.3574660633484164,0.04075596349210996,657,Let’s assume she had wnted you to grow up to be a cowboy.
6605,1161,13,53,155,221,1.3574660633484164,0.03973383809379904,657,"Life's no rodeo, Doc."
5932,1165,13,58,164,235,1.3574468085106384,0.03813588420891091,657,"Now, did things begin to go south with your wife, before or after your dog died?"
989,1166,18,49,171,238,1.3571428571428572,0.04008705405346127,657,So Western Medicine hasn’t been working for you?
1983,1166,21,38,165,224,1.3571428571428572,0.04324773960420437,657,Why did you change your tune when you started singing about your mother?
2153,1166,15,45,150,210,1.3571428571428572,0.0422143640711575,657,And when did the range stop feeling like home?
2846,1166,20,40,164,224,1.3571428571428572,0.042782339159677135,657,"Sir, we spoke about this once before. Hank Williams and lithium are a toxic combination. I’m switching you back to bourbon."
4078,1166,21,43,174,238,1.3571428571428572,0.04139255446664546,657,But how seldom was heard an encouraging word?
4690,1166,16,43,151,210,1.3571428571428572,0.042750684211522644,657,"I see, and what were the deer and the antelope doing while they played?"
6297,1166,16,48,160,224,1.3571428571428572,0.04086777209949118,657,Try it once more from the top - this time with feeling.
5857,1173,16,49,162,227,1.3568281938325992,0.040487679591896863,657,"Those discouraging words, however seldom, might well have contributed to your issues..."
5840,1173,14,53,160,227,1.3568281938325992,0.03951306782493171,657,"Ok, you don't have to start at the beginning this time, but take me back to that second bridge."
923,1175,10,56,147,213,1.3568075117370892,0.03905684203824562,657,Don't fret about it.
5743,1175,16,44,153,213,1.3568075117370892,0.04232236200747835,657,"Shall we discuss the drinkin', the cheatin' or your Momma?"
5833,1175,14,48,151,213,1.3568075117370892,0.041262580149511424,657,And when did this lonesome feeling first come over you ?
5527,1178,14,49,153,216,1.3564814814814814,0.04086461279565699,657,And how often do you see these rings of fire?
1946,1179,16,40,146,202,1.3564356435643565,0.04392469342255631,657,You’ll seldom hear discouraging words here either
2753,1180,12,43,133,188,1.3563829787234043,0.04369520866474037,657,It certainly looks like a case of the blues.
4373,1181,17,44,158,219,1.356164383561644,0.042000571042224884,657,...looks like we’re out of time. Might I suggest you tune up before our next session.
6676,1181,16,46,157,219,1.356164383561644,0.041498869051959424,657,What do you think it is about bond trading that leaves you feeling this way?
413,1183,11,51,143,205,1.3560975609756099,0.04062074479757387,657,So you became neurotically conflicted when she took her love to town?
330,1184,21,37,164,222,1.3558558558558558,0.04351166977695662,657,"Can you tell me why you think ""seldom"" is a discouraging word?"
815,1184,15,49,158,222,1.3558558558558558,0.04060390285300568,657,"So.., your guitar ain't got strings and
your gun doesn't shoot.
And your life stinks
And so do your boots?"".
 ""I don't think you need a psychiatrist, I think you need an agent"""
5710,1186,18,38,152,208,1.3557692307692308,0.04408349611125935,657,Let’s start with when you ‘accidentally’ voted forTrump.
2009,1186,20,34,154,208,1.3557692307692308,0.04512490328196536,657,Maybe you'd be happier if you didn't play shitty music like that.
548,1186,13,48,147,208,1.3557692307692308,0.04136543197348654,657,"Slowly, in 3/4 time, tell me about your mother."
4246,1186,18,38,152,208,1.3557692307692308,0.04408349611125935,657,Didn't your Mama warn you about growing up to be a cowboy?
5249,1190,13,54,158,225,1.3555555555555556,0.039227550337325064,657,Just because you're a cowboy doesn't mean you have to be lonesome.
5149,1191,12,51,148,211,1.3554502369668247,0.040405647992543293,657,So your Mother didn't want her baby to grow up and be a cowboy.
2785,1192,14,42,141,197,1.3553299492385786,0.04351885329817829,657,And how did it make you feel when the lil doggies did not get along?
5614,1192,18,34,145,197,1.3553299492385786,0.04583753993358549,657,I’d like you to imagine a world with deodorant.
1787,1194,15,51,162,228,1.355263157894737,0.03985823965389797,657,How old was Sue when he told you he wanted a gender reassignment?
4264,1194,16,49,163,228,1.355263157894737,0.04034008094898708,657,Now some discouraging words. The skies are sometimes cloudy all day.
1487,1196,17,42,155,214,1.355140186915888,0.04267433942304338,657,How does it make you feel that other mommas don't let their babies grow up to be cowboys
152,1197,16,50,165,231,1.354978354978355,0.03997264613638957,657,"Your home on the range sounds nice, but let's focus on that part about discouraging words and cloudy skies."
2028,1197,19,44,168,231,1.354978354978355,0.04136112893597292,657,"You've got the ""mental health isn't adequately covered by your insurance provider"" blues."
5626,1199,12,53,152,217,1.3548387096774193,0.03964701182827732,657,Have you ever told your low-down pa and good-for-nothin' ma how you really feel?
2329,1199,13,51,153,217,1.3548387096774193,0.04018152491406553,657,"Yes, your lyrics are original but many of my clients sing the same tune."
4959,1201,16,40,147,203,1.354679802955665,0.04374303386188522,657,"As long as you recognize it's a temporary  coping mechanism, give yourself license to use discouraging words more than seldom."
3058,1202,17,44,159,220,1.3545454545454545,0.04184055567657417,657,"As I said last week, you've got to know when to hold'em, know when to walk away..."
1703,1203,16,52,169,237,1.3544303797468353,0.03926391487695919,657,What seems to be the treble?
4810,1204,15,43,148,206,1.354368932038835,0.04273700972257639,657,You say your wife and your dog left you on the same day your truck broke down?
1161,1205,16,47,160,223,1.3542600896860986,0.04094919046759637,657,And how does that make y'all feel?
3426,1205,15,49,159,223,1.3542600896860986,0.04045289923371782,657,We're out of 3/4 time. Let's pick this up next week.
4368,1205,19,41,163,223,1.3542600896860986,0.042403226652767315,657,I'm less interested in the deer and the antelope than I am in your mother.
5880,1205,15,49,159,223,1.3542600896860986,0.04045289923371782,657,"And, in this fantasy, when do the cows finally come home?"
6951,1205,14,51,158,223,1.3542600896860986,0.0399504432124998,657,When you come back next week I want to hear a sad song with a happy ending.
2735,1210,18,38,153,209,1.354066985645933,0.043905074568130614,657,"So, in your grief, you turned to Clementine’s little sister. Do you think that was appropriate?"
2018,1210,10,54,145,209,1.354066985645933,0.03949180387373009,657,How long have you felt your Mama didn’t want you to grow up to be a cowboy?
6369,1210,12,50,147,209,1.354066985645933,0.04064007656377076,657,You don't have to rhyme. Just tell me how you feel.
5995,1213,18,44,164,226,1.3539823008849559,0.04152487163367026,657,It's nothing to fret over...you just have to learn to cut the chord.
5298,1213,15,50,161,226,1.3539823008849559,0.04007893291865201,657,And how did you feel about your mother not wanting you to grow up to be a cowboy?
6554,1215,15,39,141,195,1.353846153846154,0.04440240120170617,657,"I can´t help but wonder, Vern, whether *you´re* the little dogie."
246,1215,13,43,139,195,1.353846153846154,0.0431953359087166,657,Why do you think the deer and the antelope wouldn't play?
3372,1215,17,58,185,260,1.353846153846154,0.03725153382469179,657,"That's all the time we have, next week we'll work in C major."
1035,1218,13,49,150,212,1.3537735849056605,0.04080117929729891,657,"In our next session, I'd like to focus more on the grinnin', and less on the pickin'."
6034,1218,16,43,153,212,1.3537735849056605,0.04241306870462776,657,"Well, like we've said before, Tex, sometimes a guitar is just a guitar."
4786,1220,18,45,166,229,1.3537117903930131,0.04113547365187711,657,"It started with a boy, named Sue!"
6436,1220,20,41,168,229,1.3537117903930131,0.042056366145806504,657,So when we left off you were down in Laredo and one of your colleagues was dying in the street. Thoughts? Feelings?
6564,1222,16,44,155,215,1.3534883720930233,0.04199307643147039,657,"That's not what I meant by ""sliding scale."""
871,1223,14,49,155,218,1.353211009174312,0.04055452943643143,657,Maybe just choose one - country OR western?
2694,1223,21,35,162,218,1.353211009174312,0.044052416549264534,657,"I hear booze, horses, dogs, guns,
cops, injuns, girlfriends in your song,
but your parents, no?"
6885,1223,14,49,155,218,1.353211009174312,0.04055452943643143,657,"No, I don’t know anything that rhymes with ‘personality disorder’"
1367,1226,14,55,166,235,1.353191489361702,0.03854158578643642,657,Maybe city life isn't for everybody.
6688,1226,12,59,164,235,1.353191489361702,0.037586079027491344,657,"Talk a little more about your spurs, that jingle jangle jingle."
6258,1228,15,42,147,204,1.3529411764705883,0.043004898675688005,657,And the skies are not cloudy all day?
5058,1228,11,56,154,221,1.3529411764705883,0.038607654312581986,657,I don't get it. You told me you seldom heard a discouraging word.
2354,1228,12,54,155,221,1.3529411764705883,0.039136764132626144,657,"Tell me again about your mother, your dog, and your truck... in E minor this time."
1994,1228,12,48,144,204,1.3529411764705883,0.041286023902564487,657,"On a scale of one to ten, how 'downright lonesome ' are you feeling today?"
2517,1232,14,51,159,224,1.3526785714285714,0.03980312518341052,657,"Your super-ego may be saying ""no,"" 
but your id is clearly screaming YEE HAW."
5411,1232,15,49,160,224,1.3526785714285714,0.04030294296035553,657,You can choose not to be lonesome.
387,1234,17,39,151,207,1.3526570048309179,0.04365249186628725,657,"Pardner, instead of a ballad, how 'bout you rustle me up a payment?"
3726,1234,24,25,158,207,1.3526570048309179,0.047263673716016516,657,And when did you first experience this uncontrollable urge to play Bach?
6361,1236,17,46,164,227,1.3524229074889869,0.040897061443693865,657,"OK. You’ve suffered an unfaithful wife, too much cheap whiskey, and an old pick-up truck that never runs. How does that make you feel . . . in the key of G, please."
4829,1237,20,34,156,210,1.3523809523809525,0.044757977945197154,657,So your doggies won’t get along?
5053,1237,15,44,151,210,1.3523809523809525,0.042135902228826946,657,I think it's time to start singing a different tune.
2682,1239,14,40,139,193,1.3523316062176165,0.044092219037028466,657,"This is what I'm hearing, Sam:
""You didn't tell your honey, and you didn't tell your kid.
You saddled up your ego and you rode into your id, ohhh
you rode into your id.""  Is that about right?"
4689,1239,13,42,138,193,1.3523316062176165,0.043475871623933696,657,Let’s move on from the truck and get back to the dog.
5432,1241,13,49,151,213,1.352112676056338,0.04064312394653678,657,"To make any further progress, you'll have to change your tune."
2632,1241,14,47,152,213,1.352112676056338,0.04118439542814909,657,"What do you mean, this office is too small for the two of us?"
2014,1241,14,47,152,213,1.352112676056338,0.04118439542814909,657,And how long have you and Lucille been having these problems?
2044,1241,14,47,152,213,1.352112676056338,0.04118439542814909,657,"So, I now know all about how your dog died, that your truck broke down and that your woman left you! Can you now sing a little about you?"
2789,1245,17,35,144,196,1.3520408163265305,0.045380300013799765,657,I liked it better when you had the blues.
628,1246,11,60,162,233,1.351931330472103,0.03728364425789371,657,There’s a reason they call you Billy the Id.
2576,1247,20,36,160,216,1.3518518518518519,0.043841008273578716,657,Your fifteen minutes of fame ended thirty five minutes ago.
6506,1247,17,42,157,216,1.3518518518518519,0.04234188281165268,657,Wait…your DOG stole your truck?
4930,1249,15,40,144,199,1.3517587939698492,0.04373810451148187,657,"On the couch again, I just can't wait to get on the couch again."
5799,1249,16,38,145,199,1.3517587939698492,0.04431456454695233,657,"You know Doc, sometimes a ge-tar is just a ge-tar."
250,1251,17,43,159,219,1.3515981735159817,0.041927637501557515,657,"Just the verse about Momma again, please."
4551,1251,13,51,155,219,1.3515981735159817,0.03987931099375712,657,And this is why your mama shouldn't have let her baby grow up to be a cowboy.
1420,1253,12,47,143,202,1.3514851485148516,0.04153492926007122,657,One should not need to feel guilty for picturing a deer and an antelope playing together.
3621,1254,15,35,135,185,1.3513513513513513,0.046042616212608856,657,"One more time, with feelings."
6552,1255,15,42,148,205,1.351219512195122,0.04282922253848259,657,I would say your diagnosis is OCD: Old Cowboy Disorder.
6881,1256,16,47,162,225,1.3511111111111112,0.04064515000212062,657,"I'm sorry, but 'Ramblin' Man' is not a
psychiatric diagnosis."
5075,1256,14,51,160,225,1.3511111111111112,0.03965681705999369,657,Let's talk about your avoidance of discouraging words
6377,1258,10,53,145,208,1.3509615384615385,0.03955924946265748,657,"Urban cowboy"" is not an official disorder. Yet"
4178,1259,14,52,162,228,1.3508771929824561,0.03929832842008212,657,Can you describe your problem in two verses or less?
6856,1259,15,50,163,228,1.3508771929824561,0.039786951118122894,657,Sometimes a cattle drive is just a cattle drive.
2039,1261,11,45,135,191,1.350785340314136,0.04248332375044232,657,So when did your heart become achy breaky?
2343,1262,13,48,150,211,1.3507109004739337,0.040879352896393974,657,"When we left off last week, you were about to tell me how you're coping without Clementine."
3745,1262,14,46,151,211,1.3507109004739337,0.04142774470394747,657,"If you’re singing about major depression, it’s easier to take in a minor key."
6744,1262,14,46,151,211,1.3507109004739337,0.04142774470394747,657,And when did you first realize you were becoming a cliche?
379,1265,12,51,151,214,1.3504672897196262,0.03994065440738979,657,"Well, maybe those little dogies would git along if you were more assertive."
2065,1265,17,41,156,214,1.3504672897196262,0.0425985999697814,657,Start again from the top.
5761,1265,13,49,152,214,1.3504672897196262,0.04048620559486315,657,"I know it's not what you want to hear, Earl, but if you're going to play in Texas, you need to have a fiddle in the band."
4090,1268,17,48,169,234,1.3504273504273505,0.040006821725112135,657,How lonesome is the prairie?
6064,1269,13,43,141,197,1.350253807106599,0.0428306926202892,657,"I think the 'Mothers, don't let your sons' line may have significance."""
6127,1270,16,44,157,217,1.3502304147465438,0.041668583795952396,657,"Sure I’m on the range, but am I ever really home?"
4729,1270,11,54,152,217,1.3502304147465438,0.03902465743628982,657,You seem a bit high strung today.
386,1272,15,47,158,220,1.35,0.040761229024831654,657,Be patient. It takes a while to get over the death of a pickup truck.
1356,1272,16,38,146,200,1.35,0.04412749914627525,657,The good news is that you don't have pianist envy.
2306,1272,14,42,144,200,1.35,0.04297363922617805,657,"Yes, I see.  Tell me more about the deer and the antelope."
3685,1272,12,46,142,200,1.35,0.04178793074296566,657,You appear to be out of tune with your feelings.
4119,1272,12,46,142,200,1.35,0.04178793074296566,657,How did you feel when you found out that Old McDonald didn’t really have a farm?
5631,1272,14,49,157,220,1.35,0.04024881105324315,657,"Yes I can help but nobody will buy songs about a wife coming back, the dog living and the train not hitting."
6449,1272,12,53,155,220,1.35,0.0392038874395059,657,In your home you heard more than a few discouraging words?
6523,1272,14,56,170,240,1.35,0.03794769945599851,657,I understand you don't want to be fenced in. How do you feel about walls?
6757,1272,9,59,152,220,1.35,0.03758206738757353,657,"No, you'd be surprised, I see a great number of accountants who see themselves as ""Singing Cowboys."""
5829,1281,22,48,193,263,1.349809885931559,0.03881563930226688,657,Why is it so important to you that the little dogies get along?
4249,1282,15,48,160,223,1.3497757847533631,0.040378938913968446,657,Sounds like you had a happy home on the range.
5452,1283,18,36,152,206,1.3495145631067962,0.04428904036850673,657,"If you are going to tell me your problems in a song, I am going to finish the bottle of vodka on the shelf behind me"
3081,1283,15,42,149,206,1.3495145631067962,0.04265489428036833,657,Just to watch him die may only have been a secondary motivation. Let's try to dig a bit deeper
3622,1285,17,39,153,209,1.3492822966507176,0.04329924940138409,657,What I hear in that song are a need to conform to masculine norms and strong symptoms of depression.
6508,1285,15,43,151,209,1.3492822966507176,0.04222335548976744,657,Just TELL me how you feel!
2692,1287,14,38,137,189,1.3492063492063493,0.044686224198629304,657,I'm going to prescribe a course of singing lessons.
6874,1288,19,43,170,232,1.3491379310344827,0.0411434897826694,657,Now tell me everything! No strings attached.
263,1289,14,46,152,212,1.349056603773585,0.04126504107989986,657,Could you please elaborate on what you mean by 'seldom is heard a discouraging word'.
623,1289,16,42,154,212,1.349056603773585,0.04233467914828123,657,Can you play 'Feelings'?
1381,1289,13,48,151,212,1.349056603773585,0.04071968680742493,657,Your spurs are ruining my couch!
6397,1289,11,52,149,212,1.349056603773585,0.039606457181028974,657,"So, you walked out in the streets of Laredo. Then what happened?"
1922,1293,22,38,175,235,1.348936170212766,0.04208323873476065,657,"Well...it's catchy. However, I caution that ""This Wall is Your Wall"" presents an inherent, existential, Woody Guthrie meme conflict, exacerbated by heightened copyright infringement exposure."
6590,1293,14,54,167,235,1.348936170212766,0.03847124886609748,657,How does your mother feel about you growing up to be a cowboy?
6085,1295,15,45,155,215,1.3488372093023255,0.04139420104931745,657,Why do YOU think the buffalo are roaming?
1226,1295,12,51,152,215,1.3488372093023255,0.039787855523102364,657,"I am OK with your guitar speaking for you, but tell it to respond to my questions."
1009,1297,16,44,158,218,1.348623853211009,0.04150810553285098,657,I think you’d do better reflecting on the Streets of Libido
4258,1297,7,62,149,218,1.348623853211009,0.03663906942889608,657,"And when was it that you first felt fenced in, Butch?"
3547,1299,17,50,174,241,1.3485477178423237,0.039165303756615234,657,"Desperado, why don't you come to your senses?"
4116,1299,19,46,176,241,1.3485477178423237,0.04003844791660414,657,"Well, first, my mama told me not to grow up to be a cowboy..."
1170,1301,18,33,147,198,1.3484848484848484,0.045556978362936096,657,"After months of analysis, I've reached my diagnosis.  You have 'The Blues."""
2747,1301,10,49,139,198,1.3484848484848484,0.04080741322317195,657,I’d appreciate it if you could express your feelings without accompaniment.
2838,1303,17,43,161,221,1.3484162895927603,0.041607939178245554,657,It’s time to stop blaming your mother. You chose to be a cowboy.
4006,1303,15,47,159,221,1.3484162895927603,0.04060726452440027,657,I think you have to accept that she won't make her home on the range.
5649,1303,17,43,161,221,1.3484162895927603,0.041607939178245554,657,Have you considered WHY  your Dad  looked relieved when he smashed your first guitar?
5953,1303,17,43,161,221,1.3484162895927603,0.041607939178245554,657,"Don't quit your day job, if you have one."
6998,1307,15,40,146,201,1.3482587064676617,0.043372128791449485,657,And how does being born a ramblin' man make you feel?
5480,1307,13,44,144,201,1.3482587064676617,0.04220946657255801,657,"So tell me, when did you first meet Clementine?"
5227,1309,15,48,161,224,1.3482142857142858,0.040228588342532554,657,And what else did she tell your achy breaky heart?
6581,1310,16,54,177,247,1.3481781376518218,0.03806844381594004,657,What did your Mama want you to grow up to be?
6877,1311,15,41,148,204,1.3480392156862746,0.04292086563890519,657,"If you knew how to play it, we might get somewhere"
1919,1312,17,45,165,227,1.3480176211453745,0.04082561079105158,657,"Vat does ""know vhen to fold them"" mean?"
6458,1312,14,51,162,227,1.3480176211453745,0.03936719435983157,657,"Its position suggests a phallic symbol, but its shape suggests something feminine."
1259,1314,16,40,151,207,1.3478260869565217,0.04303038394636305,657,"I studied at the “I’m OK, you’re OK” corral so this is not my first rodeo."
4869,1314,15,50,165,230,1.3478260869565217,0.03949892944200298,657,Did you feel out of tune as a child?
4587,1316,16,41,153,210,1.3476190476190477,0.04259304465831479,657,Have you tried more cowbell?
4733,1316,16,41,153,210,1.3476190476190477,0.04259304465831479,657,You should practice more before you come next time
2738,1318,13,48,152,213,1.3474178403755868,0.04056118208103356,657,So...your mother didn't want her baby to grow up to be a cowboy?
2236,1318,16,42,155,213,1.3474178403755868,0.042167311981635085,657,It is quite normal to be lonely in the saddle after your horse dies.
6589,1318,18,38,157,213,1.3474178403755868,0.04320490718719042,657,Tell me of this 'first rodeo.'
1279,1321,21,41,177,239,1.3472803347280335,0.04111926297305471,657,So why do you think your mamma let her baby grow up to be a cowboy?
4763,1321,16,51,172,239,1.3472803347280335,0.03892288849582686,657,Can you play 'Crazy'?
2605,1323,15,45,156,216,1.3472222222222223,0.04123375448987196,657,How about I take notes while you play them?
1479,1323,16,43,157,216,1.3472222222222223,0.041752710468508814,657,"Although seldom, how do you feel when you hear a discouraging word?"
6474,1325,20,36,163,219,1.3470319634703196,0.04332770273134573,657,"So, your truck broke down, your wife left you, and your dog died..."
5870,1325,18,40,161,219,1.3470319634703196,0.04234980700561995,657,So you say you now have exes OUTSIDE  of Texas?
4038,1325,19,38,162,219,1.3470319634703196,0.042841545124966726,657,"No, this ain't my first rodeo."
5154,1325,14,48,157,219,1.3470319634703196,0.04032293159342512,657,"Upon asking about subject's childhood, seldom is heard a discouraging word."
4263,1329,13,42,141,196,1.346938775510204,0.04292063772211089,657,"So they gave you a home where the buffalo roam, and that wasn't enough?"
1640,1330,14,49,159,222,1.3468468468468469,0.0399473770258578,657,"You're just stringing me along, aren't you?"
3246,1330,16,45,161,222,1.3468468468468469,0.0409551269628142,657,Maybe you should rehearse BEFORE our weekly sessions.
297,1332,16,46,163,225,1.3466666666666667,0.04057131678947265,657,"And how did it make you feel when you lost your job, your wife left you and your dog ran away?"
3836,1332,14,50,161,225,1.3466666666666667,0.03958114029012639,657,"Before you launch into another refrain, let me remind you that I bill by the hour."
4583,1334,21,45,185,251,1.346613545816733,0.039688954280198474,657,Git along little doggie. Your time is up.
4711,1335,16,38,148,202,1.3465346534653466,0.0437578268192795,657,How 'bout 'Mamas Don't Let Their Babies Grow Up To Be Whiners?
5674,1335,11,48,143,202,1.3465346534653466,0.04084671494626016,657,I'm tired of doing this....I'll give you $500 for the guitar and hat!
744,1337,25,29,174,228,1.3464912280701755,0.04431233271491298,657,"You are not an ""old cowhand from the Rio Grande.""
 You are a wannabe with delusions of grandeur & a drinking problem."
2171,1337,18,43,167,228,1.3464912280701755,0.04114708728445167,657,How does it feel when the little dogie doesn't get along?
1227,1339,17,37,151,205,1.3463414634146342,0.04384926904118496,657,And what do you think?  Is freedom just another name for nothin' left to lose?
3966,1339,9,53,143,205,1.3463414634146342,0.03924495297782241,657,You can skip the refrains.
832,1339,18,35,152,205,1.3463414634146342,0.044391242414445475,657,The problem isn't with your love-life; it's your nasally voice and poor intonation.
71,1342,17,46,168,231,1.3463203463203464,0.04030151098856074,657,"Yes, I know you paid your dues, but our time is still up!"
1117,1343,16,49,169,234,1.3461538461538463,0.03947528686894829,657,How long have you been lonesome?
4485,1343,13,55,166,234,1.3461538461538463,0.038055892487734555,657,And how do those discouraging words make you feel?
6584,1343,9,54,145,208,1.3461538461538463,0.03887735096174807,657,So what I’m hearing is that you don’t feel at Home on the Range.
3570,1346,13,56,168,237,1.3459915611814346,0.03773154741078345,657,You have C.D.D cattle deficit disorder. I'm going to write you a prescription for steeroids.
5444,1346,17,48,172,237,1.3459915611814346,0.03958156759344666,657,"This week you can sing about anything but your dog, your pickup truck and your horse."
1122,1348,17,39,155,211,1.3459715639810426,0.042951394547782434,657,Relax. You're too high strung.
6809,1348,15,43,153,211,1.3459715639810426,0.04188733958541898,657,"Do you know ""How Can I Miss You When You Won't Go Away?"
1411,1350,17,40,157,214,1.3457943925233644,0.04252031468618834,657,OK. So your wife left you; the dog died; and your truck broke down. How does that make you feel?
2407,1350,12,50,152,214,1.3457943925233644,0.03985714887090607,657,"This might not be your first rodeo, Mr. Cassidy, but for $150 an hour, I suggest we get down to business."
149,1352,9,48,134,191,1.3455497382198953,0.04106387542484667,657,"Yes, those are your words, but let's talk about the underlying tones."
5539,1352,20,26,145,191,1.3455497382198953,0.047879739721717614,657,If you play 'feelings' one more time I'm gonna end this session.
6496,1354,18,49,179,246,1.3455284552845528,0.03899136509786927,657,I can't really tell you why your guitar is high-strung.
4123,1355,11,45,138,194,1.3453608247422681,0.04194054435488203,657,"Sorry, ""Lonesome Cowboy"" is not a Jungian Archetype."
5718,1355,9,49,136,194,1.3453608247422681,0.04064698464558577,657,What happened after you left her for Jolene?
863,1357,15,47,161,223,1.345291479820628,0.04030259541448933,657,Sing some more about your little dogie.
6796,1357,19,39,165,223,1.345291479820628,0.042259860048237785,657,Just to clarify...are you singing about your horse or you partner?
6887,1357,13,51,159,223,1.345291479820628,0.03928741414330679,657,So when did your dogies stop getting along?
350,1360,18,42,166,226,1.345132743362832,0.041382130776991585,657,"Yes, yes, I get that you're lonesome, let's move on."
2169,1360,17,44,165,226,1.345132743362832,0.04090414870008957,657,"In your case, your mother was right.  No shoes on the couch, please."
3188,1360,16,46,164,226,1.345132743362832,0.04042051476804871,657,Have you tried just singing happier songs to see how that feels?
3206,1360,14,50,162,226,1.345132743362832,0.039435457149423966,657,And how did it make you feel when the little dogies wouldn’t git along?
6302,1364,19,50,186,255,1.3450980392156864,0.0384249442434399,657,"So you never actually felt at home on the range?"" - Tory Hoen, Brooklyn, N"
5548,1365,12,45,143,200,1.345,0.04169613698169148,657,"and the sky’s are not cloudy all day...
Interesting..."
6242,1366,17,45,167,229,1.3449781659388647,0.04052505434073468,657,"Did you lose your musical talent before or after you lost your dog, your horse, and your wife?"
4819,1366,17,45,167,229,1.3449781659388647,0.04052505434073468,657,"So you left Cheyanne and were off to Montan, after which you said good-bye to someone you called 'Old Paint'. Tell me, did your mother wear a lot of makeup?"
4701,1368,14,52,166,232,1.3448275862068966,0.0387360463451082,657,"You see, the deer and the antelope don't get along and a discouraging word is heard more often then you think"
187,1369,18,35,153,206,1.3446601941747574,0.044207207572564175,657,You here for your weekly tune up?
940,1370,17,48,173,238,1.3445378151260505,0.039441707878659214,657,"As Freud said ""Know when to hold em."""
4585,1370,15,52,171,238,1.3445378151260505,0.03853224466157443,657,Play me that one about your mother again.
1398,1372,12,48,149,209,1.3444976076555024,0.04046909681973782,657,So long have you been feeling so lonesome you could cry?
31,1373,10,42,128,180,1.3444444444444446,0.04338431481917314,657,"Let's strum back a few bars to your wild, lawless years."
792,1374,14,45,153,212,1.3443396226415094,0.04118190594593615,657,"No, singing the blues is not the same as venting your feelings."
6561,1375,16,42,157,215,1.344186046511628,0.04183630880685426,657,"Yes, buffalo, deer and antelope...but how do YOU feel when the sky IS cloudy all day?"
1332,1375,15,44,156,215,1.344186046511628,0.04131353196537977,657,"It's your fifty minutes. Discouraging words are okay in here, and yes, the skies really can be cloudy all day."
4913,1375,16,42,157,215,1.344186046511628,0.04183630880685426,657,"So, who exactly fenced you in ?"
5192,1375,13,48,154,215,1.344186046511628,0.040247612366430194,657,"It's a perfectly natural thing to fear, but we all have to eventually come to the end of the trail."
6417,1375,15,44,156,215,1.344186046511628,0.04131353196537977,657,"Next week,we'll pick it up from the bridge."
3380,1380,15,45,158,218,1.3440366972477065,0.04091635432346025,657,"No, I don't think hearing a couple of verses of 'All My Ex's Live in Texas' would be helpful."
6962,1380,14,47,157,218,1.3440366972477065,0.04039641216713802,657,I'm just messing with you Doc. I didn't really shoot a man in Reno just to watch him die.
2977,1380,10,55,153,218,1.3440366972477065,0.03824602430834748,657,I gather from this that you have a phobia of being fenced in.
229,1383,13,50,158,221,1.3438914027149322,0.03950127527729717,657,You don't need to respond to each question with a song.
666,1384,16,45,163,224,1.34375,0.04064739994978486,657,Tell me more about this discouraging word.
874,1384,18,41,165,224,1.34375,0.04162076400640211,657,That's quite a collection of discouraging words.  I guess you've been saving them a while.
2107,1384,15,47,162,224,1.34375,0.04015187026501191,657,"You talk a lot about being wanted, but what about feeling wanted?"
3062,1384,16,45,163,224,1.34375,0.04064739994978486,657,There are no “discouraging words.”
4162,1384,19,39,166,224,1.34375,0.042099007510582015,657,What makes you think the cow doesn't love you back?
260,1389,12,54,161,227,1.3436123348017621,0.038285708095040796,657,"So, your momma let you grew up to be a cowboy?"
4449,1389,13,52,162,227,1.3436123348017621,0.03879149751218553,657,"Even Freud said, ""Sometimes a guitar is just a guitar."""
4918,1389,12,54,161,227,1.3436123348017621,0.038285708095040796,657,More Woody. Less Merle.
5908,1389,12,54,161,227,1.3436123348017621,0.038285708095040796,657,"And, in my dream, she's driving six BLACK horses 'round the mountain...."
7023,1389,12,54,161,227,1.3436123348017621,0.038285708095040796,657,I’ve heard enough.
6720,1394,15,49,166,230,1.3434782608695652,0.039424668523126816,657,So you blame your Momma for not making you be a doctor or lawyer and such.
5335,1394,18,43,169,230,1.3434782608695652,0.04084386525372826,657,Sometimes a song is just a song.
4374,1394,16,47,167,230,1.3434782608695652,0.03990334282229817,657,Jimmy Crack corn and I don’t care?”  You really have to start showing interest in others if you want to make progress
432,1394,20,39,171,230,1.3434782608695652,0.04176321215298899,657,So she never wanted you to grow up to be a cowboy.
534,1398,16,48,169,233,1.3433476394849786,0.03954477458718325,657,Tell me more about these discouraging words you have been hearing.
4739,1398,13,54,166,233,1.3433476394849786,0.038115524304504635,657,Why do you think you killed that man in Reno?
425,1400,15,39,147,201,1.3432835820895523,0.043283582089552235,657,You’ll change your tune when the Democrats take back the Senate.
554,1400,16,37,148,201,1.3432835820895523,0.04385452909659505,657,Sometimes a C chord is just a C chord.
2633,1400,11,47,143,201,1.3432835820895523,0.04092020898503121,657,... and when did you first realize your li'l doggee just couldn't git along?
4753,1400,12,45,144,201,1.3432835820895523,0.04152366490520464,657,Let's work on changing your tune.
286,1404,17,36,151,204,1.3431372549019607,0.04394694214029723,657,"If I played your stuff, I'd see me too."
2183,1404,16,38,150,204,1.3431372549019607,0.043393992018960534,657,"Your horse died, your dog ran away, your girl left you for another feller... no wonder you’re depressed."
4744,1404,14,42,148,204,1.3431372549019607,0.04226639543490273,657,"Are the lyrics: “She slept with my brother Ward, so I hit her with my Ford,” literal or metaphorical?"
6059,1404,13,44,147,204,1.3431372549019607,0.04169116216800084,657,How long have you been an investment banker?
6644,1404,11,48,145,204,1.3431372549019607,0.04051620222375859,657,Your life would improve if you knew more than 3 chords.
5686,1409,20,42,177,239,1.3430962343096233,0.040622530955278076,657,"So, your gal, she done left you.  And your dog died."
1005,1409,18,46,175,239,1.3430962343096233,0.0397475660358853,657,"Yes, Senator Cruz, Texans still think of you as a foreigner."
33,1411,14,43,150,207,1.3429951690821256,0.04183968383549384,657,Get your mind out of the guitar.
3990,1411,12,47,148,207,1.3429951690821256,0.04070325432791936,657,Have you considered that your lonesomeness may be a result of your inaccurately curated social media persona?
5871,1411,20,31,156,207,1.3429951690821256,0.04507739827415155,657,There was blood on the saddle? I'll refer you to a proctologist instead.
956,1414,16,40,154,210,1.3428571428571427,0.04251017749402885,657,Anything else you remember about the first verse?
3680,1414,20,32,158,210,1.3428571428571427,0.04460256783031925,657,Have you tried bottling up your emotions instead?
6994,1414,13,46,151,210,1.3428571428571427,0.04087064705519772,657,I keep hearing the same old tune from you.
1065,1417,13,47,153,213,1.3427230046948357,0.0404765057901232,657,I don't think I can help you. This IS my first rodeo.
5680,1418,9,56,151,216,1.3425925925925926,0.037883311747535814,657,"And why were you, a boy, named Sue?"
3869,1418,15,44,157,216,1.3425925925925926,0.0411526820727097,657,Do you realize that song is full of discouraging words?
5920,1418,14,46,156,216,1.3425925925925926,0.04062606207401147,657,And your horse left you when?
726,1418,14,46,156,216,1.3425925925925926,0.04062606207401147,657,"Okay. You lost your dog, your truck and your woman. How does that make you feel?"
3616,1418,14,46,156,216,1.3425925925925926,0.04062606207401147,657,"Your truck, your dog and your woman all in one day?  Hmmm....I’ve heard worse."
3958,1423,14,47,158,219,1.3424657534246576,0.040242204922679006,657,Why so certain that the misfortune of the little dogies is none of your own?
1309,1424,13,50,159,222,1.3423423423423424,0.03935343851075774,657,About how long has it been since you felt at home on the range?
3519,1424,9,58,155,222,1.3423423423423424,0.037224106920537285,657,These chronic lonesome feelings are quite common for people in your profession.
3686,1424,13,50,159,222,1.3423423423423424,0.03935343851075774,657,I’m so lonesome I could cry too...but I’m not singing about i
1185,1427,13,51,161,225,1.3422222222222222,0.03899758053364278,657,On the outside people see cowboy but on the inside I have always felt like an indian.
4979,1427,13,51,161,225,1.3422222222222222,0.03899758053364278,657,It is perfectly normal. In college many boys experiment with reggae riffs.
6692,1427,20,37,168,225,1.3422222222222222,0.04240977558601003,657,And then all I heard were discouraging words
2429,1430,15,48,165,228,1.3421052631578947,0.039637576143015094,657,"These feelings are not uncommon, but there are plenty of women who would be satisfied with just an 8-gallon hat."
3178,1431,15,36,142,193,1.3419689119170986,0.04451513025243415,657,"So, after your wife ran off with your no-account brother, how long was it till the dump truck ran over your dog?"
4462,1432,19,42,173,234,1.3418803418803418,0.040775283691541445,657,"Let’s see. Your dog died, your wife left you and your pickup was stolen. That about it?"
3025,1433,12,43,141,196,1.3418367346938775,0.04221030139788407,657,What happened to the tuxedo and cello?
5465,1433,17,33,146,196,1.3418367346938775,0.045203458527928925,657,"Let's see, your Daddy left you at age 3 and named you Sue. So what brings you here?"
65,1435,16,36,147,199,1.3417085427135678,0.044138660912225756,657,So you wandered the desert on a horse with no name and still can't come up with a name.
3809,1435,16,36,147,199,1.3417085427135678,0.044138660912225756,657,"So, this man in Reno that you shot?  Tell me more about him."
2808,1437,13,56,171,240,1.3416666666666666,0.03734179397057616,657,...so give me a home where the ‘bison’ roam?  I think I see the problem.
3733,1438,13,43,146,202,1.3415841584158417,0.04194389123640415,657,Let’s discuss how your day went and a 1 and a 2...
4430,1438,16,37,149,202,1.3415841584158417,0.04366996660953972,657,"Okay, so tell me more about this hitch in your giddy-up?"
4904,1438,20,29,153,202,1.3415841584158417,0.045870476480131886,657,"Shall I assume that ""Git along Little Doggie""  is cowboy code for "" I don't want to talk about my mother?"""
754,1441,21,41,181,243,1.3415637860082306,0.040540637314156656,657,"You may have lost your dog, your horse and your woman, but you still have to pay me."
3331,1441,13,57,173,243,1.3415637860082306,0.037033257940344684,657,And do you think the little doggies resented your telling them to git along?
295,1443,20,30,155,205,1.3414634146341464,0.04537361796739615,657,So you keep hearing a discouraging word and the skies are cloudy all day.
552,1443,13,44,148,205,1.3414634146341464,0.041521044710945386,657,Have you tried playing right-handed?
2848,1443,15,40,150,205,1.3414634146341464,0.04265729913147348,657,"And how long would you say you've had these lovesick, lonesome blues?"
4691,1443,13,44,148,205,1.3414634146341464,0.041521044710945386,657,"When did you realize the ""cold,cold heart"" might be yours?"
5930,1443,14,42,149,205,1.3414634146341464,0.042093006088187224,657,"Are you sure there weren't more complex motivations than ""Just to watch him die""?"
6932,1448,10,65,174,249,1.3413654618473896,0.03507804480873341,657,Let’s focus on the 10-gallon half-full.
5377,1449,11,49,148,208,1.3413461538461537,0.03996364216413836,657,I'm a bit concerned that you're still feeling so lonesome you could cry.
2390,1449,13,45,150,208,1.3413461538461537,0.041109548304969344,657,So your mama didn't want you to grow up and be a cowboy. How does that make you feel?
2148,1449,12,47,149,208,1.3413461538461537,0.040540644154119614,657,"If that's the way you want it, I'll start singing the questions."""
659,1449,10,51,147,208,1.3413461538461537,0.03937818636778035,657,"Looks like our time is up for today. Now, git along, li'l doggie."
349,1453,11,50,150,211,1.3412322274881516,0.0395846409160607,657,Do you believe your father intended his words to be discouraging?
5426,1453,9,54,148,211,1.3412322274881516,0.03842747351047685,657,Let's revisit that second verse.
5923,1453,15,42,154,211,1.3412322274881516,0.04180298970843592,657,Recognizing you've got the blues is the first step toward overcoming them.
1534,1456,19,49,187,255,1.3411764705882352,0.03836186459121448,657,"Just three chords and the truth, please."
564,1457,13,47,154,214,1.341121495327103,0.040318738747116736,657,"When you speak of your truck, do you mean your mother?"
72,1458,13,48,156,217,1.3410138248847927,0.039938556067588324,657,But WHY do you think you're a lonesome cowboy?
1970,1458,15,44,158,217,1.3410138248847927,0.04099301227990095,657,"Without lyrics, my diagnosis may be a bit speculative."
5273,1458,15,44,158,217,1.3410138248847927,0.04099301227990095,657,Let's start where we left off last week. You were at home on the range and you heard a discouraging word. How did the make you feel about yourself?
6586,1458,10,54,153,217,1.3410138248847927,0.03830248122823865,657,"I sense a resentment towards your Mother, for letting you grow up to be a cowboy."
439,1462,14,47,159,220,1.3409090909090908,0.040089102239188254,657,Sometimes a hat is just a hat.
6398,1462,14,47,159,220,1.3409090909090908,0.040089102239188254,657,You've got pluck.
3019,1464,10,56,157,223,1.3408071748878925,0.03762928124081838,657,I'll make note of that.
2923,1465,12,53,161,226,1.3407079646017699,0.038344678768836044,657,Our sessions would be more effective if you used your words.
6298,1465,16,45,165,226,1.3407079646017699,0.040344018849703185,657,"One yodel, and we're through."
336,1467,16,46,167,229,1.3406113537117903,0.03997440248397494,657,"Yes, but what do you suppose the root of this achy-ness and/or breaky-ness is?"
6348,1468,17,45,170,232,1.3405172413793103,0.04008200327233195,657,"If I hear you, you're so lonesome you could cry"
55,1469,15,51,172,238,1.3403361344537814,0.038459681897731676,657,"My wife's still with me, my dogs alive and I haven't crashed my truck in years."
4334,1469,20,41,177,238,1.3403361344537814,0.0406993026474638,657,"So, in your dream, as you walked out in the streets of Laredo, you spied a young cowpoke.  Tell me, did he look like your mother?"
5212,1469,17,47,174,238,1.3403361344537814,0.039370821345264914,657,"Let me see if I got the refrain right...
“It can happen to you, if you’re Jung at heart”."
6926,1472,12,42,140,194,1.3402061855670102,0.0424738430373123,657,I'm referring you to a musicologist.
1582,1473,9,49,139,197,1.3401015228426396,0.040140253816092965,657,Tell me more about the streets of Laredo.
2618,1473,14,39,144,197,1.3401015228426396,0.0432461191309546,657,"So tell me when you first noticed your girlfriend left you, took your dog, and stole your truck."
3300,1473,16,35,146,197,1.3401015228426396,0.04442771159170882,657,"So, when you are lonesome, and could cry, how else do you feel?"
6557,1476,20,44,183,247,1.3400809716599191,0.03963087940597764,657,My advice to you is: Hit the road Jack and don't you come back!
98,1477,11,46,143,200,1.34,0.04099270679096772,657,"Okay, but now go back a few bars."
2557,1478,13,43,147,203,1.3399014778325122,0.04177066577724303,657,It's seldom I hear a discouraging word in your lyrics. What's wrong?
1433,1479,14,59,183,256,1.33984375,0.036176309851263945,657,And how long have you been seeing these ghost riders in the sky?
618,1480,16,39,154,209,1.3397129186602872,0.04259706672156176,657,"Your heart is broken, you drink whiskey, and you drive a pickup truck - is there anything else I should know?"
1455,1480,15,41,153,209,1.3397129186602872,0.042053578543652985,657,You seem a little flat. I'm writing you a quarter rest and crescendo until next time.
2096,1480,17,37,155,209,1.3397129186602872,0.04313370744829591,657,You say you grew up when seldom was heard a discouraging word.
3289,1480,16,39,154,209,1.3397129186602872,0.04259706672156176,657,"So, your wife left you, the bank repossessed your truck, and then your dog died. How did that make you feel?"""
3540,1480,16,39,154,209,1.3397129186602872,0.04259706672156176,657,Singing the same sad song isn't progress.
4871,1480,13,45,151,209,1.3397129186602872,0.040944965727415183,657,"I'm sorry sir, but the ""honky tonk blues"" are not in the DSM."
269,1486,9,54,149,212,1.3396226415094339,0.038279637296720424,657,"Go back to when you were a young cowhand, before you got to the Rio Grande."
2532,1486,12,48,152,212,1.3396226415094339,0.039993284392027754,657,It seems we've both struck a chord.
5333,1486,15,42,155,212,1.3396226415094339,0.04163646192167091,657,And WHY were you drunk the day your mom got out of prison?
4681,1489,15,43,157,215,1.3395348837209302,0.04123025328421745,657,Let's just go with that - sometimes a guitar is just a guitar.
3348,1490,13,48,157,218,1.3394495412844036,0.03978569349265671,657,OK. Tell me about your dogie.
6151,1490,16,42,160,218,1.3394495412844036,0.04134894451045358,657,And the fact that the guitar is shaped like your mother...?
4019,1492,16,43,162,221,1.339366515837104,0.04095414641324137,657,Our time is up little dogie.
6,1492,13,49,159,221,1.339366515837104,0.039418727816588194,657,Let’s talk about your achy-breaky heart
5839,1494,15,46,163,224,1.3392857142857142,0.04007277515348639,657,And how does that transition from major to minor really make you feel?
5962,1494,18,40,166,224,1.3392857142857142,0.041544465566428296,657,"Look, it's your hour, but if I were you, I'd skip the chorus and just share your feelings with me about this Clementine of yours."
2499,1496,13,51,163,227,1.3392070484581498,0.03871172512623887,657,"So, you say that ""the range"" is the only place where you feel at home."
3432,1496,15,47,165,227,1.3392070484581498,0.039706011283531385,657,Why do you think the deer and the antelope play?
2419,1498,17,45,171,233,1.3390557939914163,0.03993635612108467,657,"If you want me to help you heal, you’ll have to stop picking at that."
5546,1499,10,60,166,236,1.3389830508474576,0.0362508579383418,657,A lonesome whistle blowin'...  And what was your second memory?
5241,1500,15,51,173,239,1.3389121338912133,0.038324888897579915,657,"Let me get this straight, your wife left you, your dog ran away, and your truck was repossessed?  You're ready to be a country star."
5176,1501,15,52,175,242,1.3388429752066116,0.03799952803313061,657,Why are you obsessed with the deer and antelope playing?
2777,1502,17,49,179,245,1.3387755102040817,0.0385592036861546,657,"Not just bipolar, more like yippee high, yippee low."
5550,1503,19,27,146,192,1.3385416666666667,0.04699603822357221,657,"So you say they're building a wall ""where the buffalo roam?"""
5117,1504,15,39,150,204,1.338235294117647,0.042743996983542636,657,"So, when did you start feeling this compulsion to play jazz?"
2563,1505,10,50,147,207,1.3381642512077294,0.039439492054270595,657,Do you feel that all trails are lonesome?
1072,1505,10,50,147,207,1.3381642512077294,0.039439492054270595,657,"Let's see. . . your dog, pick-up truck and mother. Let's focus on your mother."
887,1507,19,33,158,210,1.338095238095238,0.04400626472500905,657,Cry me a river.
1621,1507,13,45,152,210,1.338095238095238,0.040781620067390494,657,"And how did losing your momma, your dog and your pickup truck make you feel?"
3643,1507,19,33,158,210,1.338095238095238,0.04400626472500905,657,Maybe if you hadn't gotten a fucking worthless music degree you would be able to support your wife and kids and she wouldn't have left you. Did you ever think about that?
5675,1507,12,47,151,210,1.338095238095238,0.04021905106662623,657,And you say your girlfriend prefers the strings unattached?
2752,1511,14,44,155,213,1.3380281690140845,0.04093370877752839,657,So when did you discover you were a Jewish cowboy?
4089,1511,10,52,151,213,1.3380281690140845,0.038709235379804655,657,"When, exactly, did you stop feeling at home, home on the range?"
4900,1511,16,40,157,213,1.3380281690140845,0.04200178948069589,657,"Beautiful lyrics, but now I'm depressed."
5586,1514,16,41,159,216,1.337962962962963,0.041590033845130464,657,...and that is string theory.
359,1515,9,56,154,219,1.3378995433789955,0.03746039026043545,657,What makes you say that your Mamma shouldn't have let you grow up to be a cowboy?
2402,1515,11,52,156,219,1.3378995433789955,0.03856247540066294,657,Would it help if the home had cats instead of buffalo?
2441,1515,15,44,160,219,1.3378995433789955,0.04067716620110045,657,"We had been talking about your dog, your truck, and your wife."
4166,1515,16,42,161,219,1.3378995433789955,0.0411888781764356,657,What led your wife to accuse you of having a mid-life crisis?
5579,1519,13,49,160,222,1.337837837837838,0.0392705288436017,657,How did it make you feel when those dogies wouldn't git along?
3273,1519,9,57,156,222,1.337837837837838,0.03713644367824893,657,"Yes, if it helps, sing it."
1141,1519,12,51,159,222,1.337837837837838,0.03874802819511018,657,Of course you're neurotic. You play country and western.
4072,1519,13,49,160,222,1.337837837837838,0.0392705288436017,657,"So do you know when to hold 'em, know when to fold 'em?"
418,1523,21,34,170,225,1.3377777777777777,0.04280096258951504,657,"Do you think you may be trying to tell yourself something with your rendition, ""Home, Home On Derange""?"
5767,1523,11,54,160,225,1.3377777777777777,0.03788267416331203,657,"So, do you think you should hold ‘em or fold ‘em?"
2520,1525,16,45,167,228,1.337719298245614,0.040044900516865656,657,Take a sad song and make it better.
6483,1525,16,45,167,228,1.337719298245614,0.040044900516865656,657,"So, your Mama wanted a doctor, or lawyer, or such?"
6703,1525,12,53,163,228,1.337719298245614,0.03806602956380667,657,Pardon me. You said your girlfriend has not cheated on you and you don't drink to excess?
455,1528,22,34,175,231,1.3376623376623376,0.04243269216796703,657,So you feel anger that mama done let her baby grow up to be a cowboy.
4641,1529,13,38,139,190,1.3368421052631578,0.04365700890704779,657,You know if you didn't have to rhyme I might find out more.
3700,1530,15,38,149,202,1.3366336633663367,0.04301025514296458,657,Where do you feel most at home?
921,1530,12,44,146,202,1.3366336633663367,0.04125658827188571,657,So encouraging words are seldom heard?
2647,1530,17,34,151,202,1.3366336633663367,0.04414067695313383,657,I’ll thank you not to spit tobacco juice on my Persian rug every time I mention your mother.
708,1533,15,39,151,205,1.3365853658536586,0.04256696689217205,657,"If we can’t move past your old sad song, I’m afraid this will be our last session."
138,1534,12,46,150,208,1.3365384615384615,0.04044826963022322,657,So your mamma didn’t want you to grow up and become a cowboy?
5980,1534,16,38,154,208,1.3365384615384615,0.04268333456643071,657,So you blame your mother for letting you grow up to be a cowboy.
1446,1536,16,39,156,211,1.3364928909952607,0.04225344128433431,657,"I’d prefer your co-pay in cash, not Cash."
2304,1536,14,43,154,211,1.3364928909952607,0.04117135198549618,657,"Slim, not every sad story fits into a country song."
4415,1536,15,41,155,211,1.3364928909952607,0.04171590538800703,657,Alright. Let's take you off all Country. I am prescribing 3 hours of Dixieland Jazz daily. We may add some Bubblegum Pop if that doesn't help.
6667,1536,12,47,152,211,1.3364928909952607,0.04006004428677724,657,Full disclosure—I’d have grown up to be a cowboy if my mama had let me.
866,1540,21,30,163,214,1.3364485981308412,0.0443795315712829,657,"And how did loosing your girl, your truck, and your dog make you feel?"
5235,1540,16,40,158,214,1.3364485981308412,0.04183488947746344,657,So you say the deer and the antelope aren't playing anymore?
2160,1542,14,45,158,217,1.336405529953917,0.040384099561381816,657,... and when was it that you first started to feel lonesome?
3669,1542,15,43,159,217,1.336405529953917,0.04090898305863525,657,"You know, it's never too late to give up and work in finance."
625,1542,19,35,163,217,1.336405529953917,0.04294441156802751,657,You say you can't remember the Alamo?
4919,1542,18,37,162,217,1.336405529953917,0.04244470623547803,657,"So, in the dream, you are playing guitar. What instruments do the deer and antelope play?"
5760,1546,14,46,160,220,1.3363636363636364,0.040005471530379616,657,"So your woman left you, you lost your job, your dog died and you got drunk last night. How does that make you feel?"
2574,1546,14,46,160,220,1.3363636363636364,0.040005471530379616,657,I think you need to join a two-step group.
4515,1548,12,51,160,223,1.336322869955157,0.03860361717437431,657,'It's not quite what I had in mind when I said you should spend some time in the country.'
4127,1548,17,41,165,223,1.336322869955157,0.041136783742004336,657,"Well, I have come to the conclusion that mommas really should not let their babies grow up to be cowboys."
388,1550,9,58,159,226,1.336283185840708,0.03668743790216342,657,"Why the blues, if the skies are not cloudy all day?"
982,1550,14,48,164,226,1.336283185840708,0.0392762642527274,657,Perhaps the deer and the antelope are the one's with the issues.
321,1552,15,47,167,229,1.3362445414847162,0.03941393670038892,657,"You say you've been through the desert on a horse with no name, yet you now refer to it as ""Mother."" What do you think that means?"
1853,1552,13,51,165,229,1.3362445414847162,0.038429775765627366,657,So this just started out of the blues?
5973,1552,15,47,167,229,1.3362445414847162,0.03941393670038892,657,"And after the cattle drive...
you felt empty."
6976,1552,15,47,167,229,1.3362445414847162,0.03941393670038892,657,And how is your relationship with your... er...horse?
3434,1556,16,47,172,235,1.3361702127659574,0.03918671137816903,657,"Well, if you say: 'seldom is heard a discouraging word and the sky is not cloudy all day,' what's the problem?"
3602,1556,18,43,174,235,1.3361702127659574,0.040104100125901536,657,You can’t be “Back in the Saddle Again” until you conquer your fear of horses.
4048,1558,12,56,170,238,1.3361344537815125,0.03697350053999905,657,Let's try to break from the 'what in tarnation' and concentrate on the 'who in tarnation'.
5297,1559,7,47,128,182,1.335164835164835,0.040695096244204754,657,It’s a new type of therapy where you play the guitar for 50 minutes and I charge you $200.
5630,1560,11,41,136,188,1.3351063829787233,0.04262956793541719,657,You've got to stop blaming your mamma for letting you grow up to be a cowboy.
6750,1561,7,52,138,197,1.3350253807106598,0.03871991029503261,657,"In my professional opinion, I don’t believe minor chords are a healthy coping mechanism."
3299,1562,10,47,143,200,1.335,0.04027387397088981,657,"When I ask how something feels, I'd like you to use words."
1018,1563,11,47,148,206,1.3349514563106797,0.04009471072293147,657,"Beto, get a shave and run for President, it'll take your mind off yourself."
5984,1563,13,43,150,206,1.3349514563106797,0.04125900170570582,657,"Why do YOU think your mama didn't let you become a doctor, or lawyer, and such?"
135,1565,15,40,154,209,1.3349282296650717,0.04196449853143681,657,I think it's fairly obvious why mom liked me best.
4265,1565,10,50,149,209,1.3349282296650717,0.039127816348794565,657,Now tell me exactly how it struck a chord with you.
3546,1567,13,45,154,212,1.3349056603773586,0.040458589704117164,657,"Now, sing that one about your mother again."
3625,1567,12,47,153,212,1.3349056603773586,0.039902214966277855,657,"Wait, I'm still on the first verse..."
6431,1569,14,45,159,218,1.334862385321101,0.0402280329150573,657,"Yes, I understand you're a lone cowhand from the Rio Grande.  Unfortunately, you also have 'mommy' issues."
2763,1570,16,42,163,221,1.334841628959276,0.04087225623627799,657,"What brings you in today if indeed, seldom is heard a discouraging word?"
4524,1570,15,44,162,221,1.334841628959276,0.04036590138459666,657,"I am following you, just not in that key."
3897,1572,15,45,164,224,1.3348214285714286,0.03999128890400423,657,"I know you're so lonesome you could cry, but you have to remember you have friends, even if they are in low places."
6384,1572,9,57,158,224,1.3348214285714286,0.0368656014030287,657,Did you say you went to Yale or to Jail?
5559,1574,17,42,168,227,1.3348017621145374,0.04059781577249147,657,"Sure, mosey can be a doorway to the subconscious."
3760,1574,14,48,165,227,1.3348017621145374,0.03913091029863073,657,Tell me more about your relationship with the little dogie.
1541,1576,13,52,168,233,1.3347639484978542,0.03795897457127337,657,Perhaps if you describe feeling “de-ranged”...
5177,1576,13,52,168,233,1.3347639484978542,0.03795897457127337,657,Your mother was right. You can't play worth a damn.
121,1578,13,53,170,236,1.3347457627118644,0.03763545909388386,657,You say your horse left you?
979,1578,20,39,177,236,1.3347457627118644,0.040851707039103076,657,"Where ‘seldom’ is heard a discouraging word”? That’s rich, coming from you"
1023,1578,18,43,175,236,1.3347457627118644,0.0399592031281519,657,"Seldom is heard a discouraging word? Gimme a break.
Everyday is cloudy in here and I'm sick of it."
4709,1578,15,49,172,236,1.3347457627118644,0.03858175520345342,657,"I'd like you to answer that same question again, this time in D Major."
4546,1578,13,53,170,236,1.3347457627118644,0.03763545909388386,657,"Country lyrics describe your troubles, but they don't solve them."
6986,1583,16,48,175,239,1.3347280334728033,0.0387068485932722,657,What were your feelings towards Susanna when you had a banjo on your knee?
4599,1583,17,46,176,239,1.3347280334728033,0.039158404407486136,657,"Well, for openers, Hendrix and McCartney WERE left-handed."
5045,1583,18,44,177,239,1.3347280334728033,0.03960481212501785,657,"So, it's so lonely in the saddle since your horse died?"
2269,1586,19,43,180,242,1.334710743801653,0.03969302619506483,657,"Tell me more about your pick-up truck, your ole dog, and the gal that left you."
5733,1587,16,44,168,228,1.3333333333333333,0.03996546413361165,657,I’ve noticed your use of minor chords when singing about your mother.
5055,1587,8,51,142,201,1.3333333333333333,0.038847407395601934,657,So you came from Alabama with guitar on your knee...
4571,1587,13,43,151,207,1.3333333333333333,0.041091071417941605,657,"When you say your mule is stubborn, have you considered his point of view?"
4606,1587,14,42,154,210,1.3333333333333333,0.041245881659316405,657,How did you feel when she told you not to grow up and be a cowboy?
5957,1587,12,48,156,216,1.3333333333333333,0.039374961547907886,657,I would like to revisit that last bar during our next session
4988,1587,12,44,148,204,1.3333333333333333,0.04091739130926392,657,And sometimes a guitar is not just a guitar.
5991,1587,11,45,145,201,1.3333333333333333,0.04072314811876841,657,And you say you've never been west of Park Avenue?
6427,1587,12,43,146,201,1.3333333333333333,0.041329481444656986,657,lets start over. and a one two three four
6216,1587,17,38,161,216,1.3333333333333333,0.04202046177256591,657,"So your mama died, your girl left you, and you ended up on a train. Anything else bothering you?"
6221,1587,14,48,166,228,1.3333333333333333,0.038986569457807735,657,Excellent progress! Seldom is better than frequent.
6275,1587,12,45,150,207,1.3333333333333333,0.0405163428135978,657,"I'm sorry to inform you, but 'them cowtrail blues' isn't listed in the 'Diagnostic and Statistical Manual of Mental Disorders.'"
6412,1587,18,36,162,216,1.3333333333333333,0.0425298193002952,657,I see... and to you does the word “Range” signify land or a cooktop?
7019,1587,7,51,137,195,1.3333333333333333,0.03893009158756178,657,"We need to set some boundaries. I’m your doctor, not your partner."
5998,1587,20,37,174,231,1.3333333333333333,0.04146147480453314,657,"I agree the curves are great, but face it, Hal, it's a GUITAR!"
4273,1587,13,44,153,210,1.3333333333333333,0.040689731963153,657,And  how do you feel when the little doggies don't get along?
4472,1587,15,45,165,225,1.3333333333333333,0.03984095364447979,657,"I think you are doing remarkably well considering you lost your dog, your truck broke down and your girlfriend left you."
3645,1587,14,48,166,228,1.3333333333333333,0.038986569457807735,657,"I prescribed pickin' and grinnin', Mr. Farber. Clinically speaking, what you're doing is strummin' and bummin'."
383,1587,12,42,144,198,1.3333333333333333,0.04175310216350223,657,When did you first realise your heart felt so achey breaky?
510,1587,14,43,156,213,1.3333333333333333,0.04084471405739607,657,"Even live, you sound like a broken record"
611,1587,14,37,144,195,1.3333333333333333,0.043423826291016786,657,Do you think your feelings were brought about by the discouraging words or from the skies being cloudy all day?
1387,1587,18,46,182,246,1.3333333333333333,0.038785842443190346,657,I think we've both heard this tune before.
1593,1587,18,36,162,216,1.3333333333333333,0.0425298193002952,657,"So, let me get this straight. You say ya woman done left ya and done took off  with ya truck, dog, best friend and done left ya with this 'ere geetar."
1755,1587,11,51,157,219,1.3333333333333333,0.03847308383713732,657,We’ll have to pick up next week on why your baby ain’t comin’ back.
1760,1587,15,40,155,210,1.3333333333333333,0.0417946314791198,657,So discouraging words were more than seldom heard. Continue.
914,1587,13,44,153,210,1.3333333333333333,0.040689731963153,657,"It's New York City, Hank- I think you have delusions of pasture."
2093,1587,10,50,150,210,1.3333333333333333,0.038973694812911186,657,How would you feel about making more effective use of your 45 minutes by skipping the refrain?
1934,1587,17,33,151,201,1.3333333333333333,0.044236661892481426,657,Have you tried drinking the pain away?
3419,1587,11,47,149,207,1.3333333333333333,0.039933343457611695,657,"Have you considered that it is you who must git along, not the doggies?"
3412,1587,14,39,148,201,1.3333333333333333,0.04251621483677063,657,"So in this dream, you just can’t keep them dogies rollin, no matter what?"
4015,1587,13,48,161,222,1.3333333333333333,0.03918510078725609,657,Why don’t you start with “Nobody Knows the Troubles I’ve Seen.”
2860,1587,13,42,149,204,1.3333333333333333,0.041503350367126365,657,I think we can get at least three more albums out of this session
2784,1587,13,50,165,228,1.3333333333333333,0.038487786834594695,657,"So....your wife left you, your dog died, and then your truck broke down. But has anything unusual happened lately?"
2756,1587,14,37,144,195,1.3333333333333333,0.043423826291016786,657,"Sorry, cash only - I can't host these sessions for a song."
2700,1620,16,47,175,238,1.3319327731092436,0.038768336549425485,657,Don't blame your mother for letting you grow up to be a cowboy
4413,1620,10,59,169,238,1.3319327731092436,0.03591991917629196,657,So let's start with your home on the range.
2111,1622,13,52,170,235,1.3319148936170213,0.037688880157691985,657,And how long have you been hearing the lonesome sound of the whipporwill?
2207,1622,14,50,171,235,1.3319148936170213,0.038168336834044456,657,"Yes, but sometimes a ten-gallon hat is just a ten-gallon hat."
4557,1622,15,48,172,235,1.3319148936170213,0.03864184501047125,657,"And do you think your ""no strings attached"" approach is working?"
5189,1622,14,50,171,235,1.3319148936170213,0.038168336834044456,657,I think we can get to the bottom of most of that but—if we do—what will you have left to sing about?
2362,1626,13,49,164,226,1.331858407079646,0.038688077550113935,657,"I'm happy to discuss your darling Clementine,
but we really should finish with your Mother first."
5002,1626,16,43,167,226,1.331858407079646,0.04018409442576273,657,"Going mad, going country... the DSM 
doesn't really make a distinction."
6334,1628,15,44,164,223,1.3318385650224216,0.04005912745742474,657,"How do the words ""no talent"" make you feel?"
2584,1629,14,45,161,220,1.3318181818181818,0.03991930234894412,657,A little Cole Porter might be the answer.
2087,1629,13,47,160,220,1.3318181818181818,0.03939593506456352,657,I need to hear a few more verses before I’ll know if it’s Lonesome Cowboy Lovesick Blues or clinical depression
96,1629,11,51,158,220,1.3318181818181818,0.03832776668136412,657,Tell me about your achy-breaky heart
21,1632,12,48,157,217,1.3317972350230414,0.03922318075208511,657,Sometimes a guitar is just a guitar....
794,1632,16,40,161,217,1.3317972350230414,0.04134169201113047,657,Why do you resent your mother for letting you grow up to be a cowboy?
3595,1632,19,34,164,217,1.3317972350230414,0.042861914223089596,657,"If you sing ""Darling Clementine"" again, I'll have you committed."
1613,1635,14,43,157,214,1.3317757009345794,0.040683232216291165,657,This week I'd like to circle back to your repressed memories of Dinah in the kitchen.
2322,1635,13,45,156,214,1.3317757009345794,0.04014035892447511,657,"We’ll come back to the deer and the antelope, but first tell me more about the sort of ‘discouraging word’ you’re not hearing."
3306,1635,13,45,156,214,1.3317757009345794,0.04014035892447511,657,"So, other than your momma, whiskey, trains, and prison, tell me something about yourself."
3676,1635,15,41,158,214,1.3317757009345794,0.04121895622821682,657,"Im flattered that you have written a song about me, but I am still going to charge you for this session and I would appreciate you taking your boots off my couch."
5188,1635,12,47,155,214,1.3317757009345794,0.039590042253156356,657,"I’d say if you keep breaking her G-string,  it’s time to consider HER feelings."
5745,1635,17,37,160,214,1.3317757009345794,0.04227004010527575,657,"So tell me, what was it like growing up in a home on the range?"
5872,1635,14,43,157,214,1.3317757009345794,0.040683232216291165,657,"So, going down the road feelin' bad.  Then what?"
4357,1642,14,42,155,211,1.3317535545023698,0.04108032522813491,657,"You can sing to your heart´s desire, but you are still paying for the session."
6235,1643,10,49,149,208,1.3317307692307692,0.03918489012560131,657,"When it gets down to it, the question you need to ask yourself is, “Zeke, does being home on the range still spark joy?”"
3140,1643,16,37,155,208,1.3317307692307692,0.0425929855093697,657,I’d like to explore your social relationships. Let’s begin with your friends in low places.
999,1645,12,44,149,205,1.3317073170731708,0.040749759027616454,657,Play Misty for me.
1992,1645,15,38,152,205,1.3317073170731708,0.04247369637510176,657,"So how does it make you feel that Mamma did let her baby grow up to be a cowboy, not a doctor or lawyer or such?"
4219,1645,10,48,147,205,1.3317073170731708,0.03955875181935252,657,...and so she let you grow up to be one?
5574,1648,11,45,146,202,1.3316831683168318,0.04055463333432859,657,...and how long have you had this fear of rodeo clowns?
5641,1648,8,51,143,202,1.3316831683168318,0.038689821830228455,657,I really wish you would remove your spurs before hitting the couch
2030,1650,11,44,144,199,1.3316582914572865,0.04096153856159961,657,Is it just the name of the song or did your mother actually not want you to grow up to be a cowboy?
2947,1650,10,46,143,199,1.3316582914572865,0.040337188754358155,657,Try singing 'Thank God I'm a Country Boy' instead of 'Oh lonesome Me.'
948,1652,15,35,146,196,1.3316326530612246,0.043836155372231615,657,"So, I’ve got you lost your job, your wife left you and then your dog died? Anything else you’d like to share?"
2414,1652,10,45,141,196,1.3316326530612246,0.04074267294904023,657,"Where seldom is heard a discouraging word, you say? I think we're making progress..."
4920,1652,12,41,143,196,1.3316326530612246,0.04200741180490468,657,"So, you say you've been having performance issues?"""
442,1655,12,40,141,193,1.3316062176165804,0.04245069846677186,657,"So far we’ve covered break-ups, trucks and the flag."
6430,1656,15,49,175,239,1.3305439330543933,0.03817296185132398,657,So the deer and the antelope actually played together?
3125,1657,19,40,177,236,1.3305084745762712,0.040333164220140855,657,It represents a penis.
4609,1658,17,43,173,233,1.3304721030042919,0.03978298018741096,657,"Do you have any lyrics that rhyme with ""Oedipal"""
6711,1659,15,46,169,230,1.3304347826086957,0.039188405048141285,657,Strum the verse about your toilet training again.
2602,1659,14,48,168,230,1.3304347826086957,0.03870088900764111,657,And how did this lonesome tumbleweed feel inside?
773,1661,12,51,164,227,1.330396475770925,0.038035935315054815,657,Now try playing a song without the word lonesome in it
6343,1661,13,49,165,227,1.330396475770925,0.03854500240226038,657,"Sorry to interrupt, but your spurs are ripping through the leather of my chaise lounge"
1789,1663,13,48,163,224,1.3303571428571428,0.038891174462652445,657,"When she dumps you, the music will come."
7010,1663,15,44,165,224,1.3303571428571428,0.03990739686929375,657,Why do you think you want the little dogies to git along?
1815,1665,17,39,165,221,1.330316742081448,0.041289099696711726,657,Let's hear the refrain about your mother again.
4026,1665,16,41,164,221,1.330316742081448,0.04078792000717882,657,"Dan, let's try and understand them, not just rope, throw, and brand them."
83,1667,14,44,160,218,1.3302752293577982,0.0401399549963658,657,"Hold on, Amos. So the coyote and can of beans aren’t metaphors?"
6425,1667,14,44,160,218,1.3302752293577982,0.0401399549963658,657,"your dog died, your girlfriend left you, and what was that about your pickup truck?"
6490,1667,13,46,159,218,1.3302752293577982,0.03960982267019917,657,"Would you say, seldom is heard an encouraging word?"
5135,1670,17,37,161,215,1.330232558139535,0.04210126591254312,657,Classic case of the blues.
4241,1670,12,47,156,215,1.330232558139535,0.03943567592673653,657,"Try singing about alcohol, bad bosses or break-ups instead of how little musical talent you have."
4106,1670,14,43,158,215,1.330232558139535,0.04052295840698972,657,I’ve got nerves that jingle jangle jingle.
2854,1670,13,45,157,215,1.330232558139535,0.03998301322970297,657,"So, the trail is long, women are ""no good"", and you're drunk. What else?"
1560,1670,14,43,158,215,1.330232558139535,0.04052295840698972,657,"Well, perhaps open mic night isn’t the same kind of safe space."
1823,1675,12,46,154,212,1.330188679245283,0.03980828836232665,657,"'"" Mr. Smith,about your issues,I said you had to fess up not dress up."""
3619,1675,14,42,156,212,1.330188679245283,0.04091602700165604,657,"Sometimes, a guitar is just a guitar. How often are you strumming?"
5416,1675,14,42,156,212,1.330188679245283,0.04091602700165604,657,"Every week, it's the same old song with you."
5707,1675,11,48,153,212,1.330188679245283,0.039242694870601134,657,How did the discouraging word make you feel?
5753,1679,8,53,148,209,1.3301435406698565,0.03783210678237012,657,I assure you there are some very fine musicians who never played Carnegie Hall.
5921,1679,16,37,156,209,1.3301435406698565,0.042418407598878605,657,I can’t lower your dosage until you stop writing ballads in E Minor.
1953,1681,11,46,149,206,1.3300970873786409,0.03999567761936728,657,And when did you first start believing that the skies are not cloudy or gray?
6995,1681,15,38,153,206,1.3300970873786409,0.04229767151775752,657,Where the buffaloes groan?  Maybe you should rethink that...
5156,1683,18,31,154,203,1.3300492610837438,0.04441348514216735,657,"Okay, from the top: 'My childhood was hell, my dog ate the cat, my house wouldn't sell, and I'm gettin' fat.'"
4510,1683,10,47,146,203,1.3300492610837438,0.039779025384517594,657,"Actually, that sounds more like the blues"
4247,1683,15,37,151,203,1.3300492610837438,0.04273450142155909,657,"You may be from the OK chorale, but — you’re actually just so-so."
2459,1683,14,39,150,203,1.3300492610837438,0.04215998412603837,657,"Yes, you are definitely a little high strung."
172,1683,12,43,148,203,1.3300492610837438,0.040986797398978994,657,...you have to accept that you're just a lonesome cowpoke and move on.
2573,1683,10,47,146,203,1.3300492610837438,0.039779025384517594,657,But do you REALLY remember the Red River Valley?
2250,1689,13,39,145,197,1.3299492385786802,0.04244218360115549,657,How long have you felt like a rapper trapped inside a country singer's body?
3347,1690,13,38,143,194,1.3298969072164948,0.042893140892909694,657,You know what that tune means... Our time is up.
4422,1690,14,36,144,194,1.3298969072164948,0.043511348929465204,657,The deer and antelope are benign fantasy but this obsession about 'discouraging words' seems passive aggressive towards our work.
547,1692,15,33,143,191,1.3298429319371727,0.044610279380399576,657,"Before we begin, can you play ""Girl from Ipanema?"""
2636,1692,11,41,139,191,1.3298429319371727,0.04206697781430546,657,So you you’re saying is that your momma didn’t want you to grow up to be a cowboy?
697,1694,12,58,179,249,1.3293172690763053,0.035766545208922154,657,"Yes, I HAVE heard that one before!"
3245,1695,17,45,178,240,1.3291666666666666,0.0389443675136903,657,So what your saying is that although it was indeed the west Texas town of El Paso but you actually fell in love with a mexican boy?
6727,1696,15,48,174,237,1.3291139240506329,0.03836600209355338,657,Git along lil' dogie.  We're almost out of time.
234,1696,17,44,176,237,1.3291139240506329,0.03928696384570505,657,"Perhaps a cardiologist could help you with your ""achy breaky heart."""
2255,1696,16,46,175,237,1.3291139240506329,0.03882921351802195,657,And so tell me more about these buffaloes roaming in your home
4845,1699,15,47,172,234,1.329059829059829,0.03870126514018578,657,"I don't appreciate people with dirt on their boots [submitted by Noah, age 8]"
3607,1699,16,45,173,234,1.329059829059829,0.039172316290549826,657,You simply have to accept that people are not going to give you a home on a range.
4042,1699,15,47,172,234,1.329059829059829,0.03870126514018578,657,How long have you had these Desperado feelings?
3983,1702,15,46,170,231,1.329004329004329,0.039044601607084645,657,It sounds like you're feeling lonesome...
5736,1702,16,44,171,231,1.329004329004329,0.03952371984720495,657,"Before we go further into the sordid details of your life, tell me, where did you get those beautiful boots?"
1215,1704,10,55,163,228,1.3289473684210527,0.036862663050910766,657,"Your strumming your pain with your fingers,Tex,and it's killing you softly."
1608,1704,18,39,171,228,1.3289473684210527,0.04084114137130732,657,Tell me more about your truck.
5524,1704,17,41,170,228,1.3289473684210527,0.04036528168919232,657,What I'm hearing is that your dogies won't git.
6484,1707,12,50,163,225,1.3288888888888888,0.03823025017206525,657,We could cover more of your issues if you skip the second chorus.
68,1707,12,50,163,225,1.3288888888888888,0.03823025017206525,657,"Let’s put aside your girl, truck, and dog..."
4566,1707,12,50,163,225,1.3288888888888888,0.03823025017206525,657,"You want a second opinion huh, well you're ugly too."
5106,1710,14,44,161,219,1.3287671232876712,0.03998469794529999,657,"Call me judgemental, call me old-fashioned, but I still believe that a gentleman, when indoors, removes his hat."
6200,1710,16,40,163,219,1.3287671232876712,0.04101901681341819,657,Just as I suspected: country-line personality disorder.
2527,1710,10,52,157,219,1.3287671232876712,0.037831319414628695,657,"Willie, sure you're lonely, blue, cryin', and in love, but you aren't crazy."
3935,1713,17,37,162,216,1.3287037037037037,0.04193377870718494,657,More like “Home on the Deranged” in my opinion.
3229,1713,18,35,163,216,1.3287037037037037,0.042444176500425194,657,I’ll tell you why the cowboy wanted a dachshund.  He wanted to get a long little doggie.
3259,1713,13,45,158,216,1.3287037037037037,0.03982683150991048,657,How you feel about your mama letting you grow up to be a cowboy?
1301,1716,10,50,153,213,1.3286384976525822,0.03851806419685342,657,It is not the guitar's fault you sound terrible.
1886,1716,14,42,157,213,1.3286384976525822,0.04075297388004102,657,But in our previous session you told me that you wanted a life with no strings attached.
3749,1716,13,44,156,213,1.3286384976525822,0.040205894809327514,657,I sense you're in a rut. Every week I hear the same old song.
4184,1716,13,44,156,213,1.3286384976525822,0.040205894809327514,657,"Your song has the cheatin' wife,heartbreak,beer,boots,honkytonk,truck,and tractor. But nothing about a dog. Tell me about the dog."
4679,1716,14,42,157,213,1.3286384976525822,0.04075297388004102,657,"So, your wife left and your dog died, but what happened to your horse?"
1626,1721,11,47,152,210,1.3285714285714285,0.03945648379170514,657,"It’s alright, I often have people coming in here singing the blues."
2581,1721,14,41,155,210,1.3285714285714285,0.041152393770817086,657,"Working ""for a song"" is just an expression."
4637,1721,14,41,155,210,1.3285714285714285,0.041152393770817086,657,"Speaking of desire, tell me more about your hat."
5966,1721,13,43,154,210,1.3285714285714285,0.04059496331378176,657,Most patients just tell me their problems.
6192,1721,17,35,158,210,1.3285714285714285,0.04278112799975802,657,"So tell me, how did you get the name 'Billy the Id' ?"
3449,1726,13,42,152,207,1.328502415458937,0.04099446110057558,657,Why are you so fixated on the G-string
2174,1726,14,40,153,207,1.328502415458937,0.04156257879646069,657,"Okay, but this time, let me sing the harmony."
1310,1726,8,52,147,207,1.328502415458937,0.03802677036640908,657,"I'm afraid I can't help, nothing rhymes with orange."
1108,1729,14,39,151,204,1.3284313725490196,0.041983993433304306,657,Tell you what: you play Willie Nelson and I'll play Doctor.
2198,1730,12,42,147,201,1.328358208955224,0.04122754422965115,657,"I'm afraid we're out of time. It was 4/4, correct?"
2914,1731,9,47,142,198,1.3282828282828283,0.03975957592069659,657,And why do you think your little dogies won’t git along?
1014,1732,11,42,142,195,1.3282051282051281,0.04144969842114162,657,Have you ever thought that you actually want to be lonesome?
1949,1732,12,40,143,195,1.3282051282051281,0.04208260440263646,657,"And what are your feelings toward this ""little doggie"" person you keep referring to?"
239,1734,9,45,138,192,1.328125,0.04055950217425057,657,Let's begin with the premise that you don't have to suffer to sing the blues.
5568,1734,12,39,141,192,1.328125,0.04252864660517735,657,"And so we shall try to discover why,indeed,your guitar gently weeps."
1370,1736,14,34,141,189,1.3280423280423281,0.04427781654862933,657,If we are to get anywhere you have to stop singing the same old tune.
4389,1737,14,33,139,186,1.3279569892473118,0.044778061523881314,657,"Do you want me to take the country out of the boy, or the boy out of the country?"
2652,1738,13,53,175,241,1.3278008298755186,0.036981485414766764,657,"Ok, your mama got out of prison, you went to pick her up in the rain, before you got to the station in your pick up truck, she was run over by a train.  Uh huh. Sounds familiar.  Keep going..."
5573,1739,18,41,176,235,1.327659574468085,0.03995137359988848,657,"I'm hearing: B,A,G,G,A,G,E#"
6570,1740,14,47,168,229,1.3275109170305677,0.038759167484589165,657,"In my professional opinion, no, you are not crazy for feeling so lonely."
3467,1740,16,43,170,229,1.3275109170305677,0.03973517088077384,657,Try to remember. You must have sometimes heard a discouraging word from your mother.
2658,1742,14,46,166,226,1.3274336283185841,0.039107524293042005,657,Try it again with a little less feeling
3500,1742,13,48,165,226,1.3274336283185841,0.038601387145617914,657,"I understand how you feel about picking on her, but you shouldn’t fret about it."
5423,1742,12,50,164,226,1.3274336283185841,0.03808852481786188,657,Perhaps you could express yourself more fully with castanets.
1331,1745,9,55,159,223,1.3273542600896862,0.03681650000248113,657,"So, why do you want to play me a song you wrote about a cowboy who kills his psychiatrist?"
1577,1746,13,46,161,220,1.3272727272727274,0.03930602957440735,657,You sound a little flat.
4651,1746,16,40,164,220,1.3272727272727274,0.04085947824127855,657,It sounds like you’re just picking on yourself.
5264,1746,16,40,164,220,1.3272727272727274,0.04085947824127855,657,So? What makes you think you're high strung?
6684,1746,14,44,162,220,1.3272727272727274,0.03983057821974588,657,It's a form of PTSD. We used to call it Saddle Fatigue.
1544,1750,11,49,157,217,1.327188940092166,0.038581253006839324,657,So you’re telling me that sometimes a guitar is just a guitar...
6802,1751,13,44,157,214,1.3271028037383177,0.040047031424956116,657,Sounds like you’re angry your mama let her baby grow up to be a cowboy.
4242,1751,14,42,158,214,1.3271028037383177,0.04059115291452566,657,How long has it been since you lost your home on the range?
346,1753,14,41,156,211,1.3270142180094786,0.04098648679922711,657,I don't think your relationship with your horse is the problem.
508,1753,11,47,153,211,1.3270142180094786,0.03929990440269058,657,"If you try reversing your behavior, you may get your truck, your dog, and  your wife back."""
780,1753,13,43,155,211,1.3270142180094786,0.04043211053254189,657,We'll explore the deer and antelope in time. I'm afraid our attention is more urgently required by the buffalo.
2858,1753,12,45,154,211,1.3270142180094786,0.03987002663766544,657,"I can be your psychiatrist or I can be your muse, but I can't be both."
6303,1753,9,51,151,211,1.3270142180094786,0.03813409773425289,657,"So, I'm taking it this ain't your 1st rodeo?"
7052,1753,13,43,155,211,1.3270142180094786,0.04043211053254189,657,Tell me more about the verse where your horse married your girlfriend.
5907,1759,11,46,151,208,1.3269230769230769,0.03967340153929145,657,So there you are on the range. What happens next?
750,1759,13,42,153,208,1.3269230769230769,0.040827454690602054,657,I don't see many left-handed guitar players in here.
2326,1759,14,40,154,208,1.3269230769230769,0.0413924170582103,657,"So you're telling me that you've lost your edge because of your faithful wife, your well-adjusted children, your intolerance for booze, and your luxury condo over the Hollywood Hills ?"
3129,1762,11,45,149,205,1.326829268292683,0.04005688178927342,657,"So, your home is...not on the range?"
3601,1762,14,39,152,205,1.326829268292683,0.04180939848449566,657,"So, you had 100 bottles of beer on the wall. Now, you have 3. How does that make you feel?"""
2840,1762,15,37,153,205,1.326829268292683,0.042377468179295344,657,Tell me again what kind of blues you got.
2889,1762,15,37,153,205,1.326829268292683,0.042377468179295344,657,"You may hear a few discouraging words, but it's still fairly seldom."
4542,1766,13,40,149,202,1.3267326732673268,0.041650721612189724,657,You say it began with a Mexican girl in El Paso?
6942,1766,16,34,152,202,1.3267326732673268,0.043388461397509154,657,"Lucille lives with me now, Slim. Coming here and singing that song every week just isn’t productive."
2396,1766,12,42,148,202,1.3267326732673268,0.041055133096935925,657,At least tune the damn thing
2582,1766,13,40,149,202,1.3267326732673268,0.041650721612189724,657,Tell me how that made  you feel. In the key of G.
6715,1770,12,41,146,199,1.3266331658291457,0.04147208845273015,657,"So, now when you're back home on the range you hear a discouraging word?"
1067,1770,13,39,147,199,1.3266331658291457,0.042079602723407064,657,I hope the noises in your head sound better then what I'm hearing
479,1770,14,37,148,199,1.3266331658291457,0.04267847010013903,657,"Well, Tex, I would surmise that you're missing a few strings."
2123,1773,12,57,179,248,1.3266129032258065,0.03580825613417756,657,"In the wake of what’s happened with your dog, and now your wife - it’s clear you’re dealing with some serious abandonment issues."
1542,1774,16,45,175,236,1.326271186440678,0.038889451596022494,657,And how did it make you feel when you first heard that discouraging word?
6854,1775,8,45,134,187,1.3262032085561497,0.04051789546289486,657,"It’s a great song, but it won’t bring back your horse."
3571,1776,20,36,177,233,1.3261802575107295,0.04107712032344293,657,You say “Seldom was heard ...” Exactly how often?
1979,1777,15,45,170,230,1.326086956521739,0.03910511173528247,657,Please describe the events on the day you became so happy you could no longer write a country song.
2133,1777,11,53,166,230,1.326086956521739,0.03711227078591681,657,When did you first experience these lonesome feelings?
2737,1777,15,45,170,230,1.326086956521739,0.03910511173528247,657,Now sing to me again why your Momma didn’t want her son to grow up to be a cowboy.
3783,1777,13,49,168,230,1.326086956521739,0.03812171564027608,657,And why do you think you're so lonesome?
4036,1781,13,48,166,227,1.3259911894273129,0.038458020946474436,657,If you’re free of depression you’ll never sing country again...
2403,1782,16,41,167,224,1.3258928571428572,0.04032067900520342,657,"Pardner, it's time to move from 'music therapy' to 'talk therapy."""
3934,1782,11,51,162,224,1.3258928571428572,0.037756654657735964,657,Let’s begin with that one you wrote about your mother.
5078,1782,15,43,166,224,1.3258928571428572,0.039821083844381086,657,That's pretty dark. Have you tried it in a major key?
4427,1785,13,46,162,221,1.3257918552036199,0.039155783336340275,657,So not having a home where the buffalo roam ... how does that make you feel?
4037,1785,12,48,161,221,1.3257918552036199,0.03862693404128058,657,You seem conflicted between Country and the Blues
3994,1785,15,42,164,221,1.3257918552036199,0.040192611748782726,657,"I'd say you really opened up well about momma, trains, drinking, brothels, work, the gov't, and the women that did ya wrong for a first session. Let's do this again next week"
727,1785,12,48,161,221,1.3257918552036199,0.03862693404128058,657,I really see no need to fret so much.
1826,1785,11,50,160,221,1.3257918552036199,0.038090742945976495,657,I think your issues stem from this Mexican maiden in the West Texas town of El Paso.
3072,1785,17,38,166,221,1.3257918552036199,0.041203357990512765,657,Your fretting strikes a major chord with me.
1377,1791,16,38,161,215,1.3255813953488371,0.04149177148768529,657,"So, to recap: jail, your mother, a dog, a pickup truck, rain, and dammed ol' train. Did I get that right?"
1798,1791,14,42,159,215,1.3255813953488371,0.04043055130628648,657,And why don't you feel home on the range?
2265,1791,13,44,158,215,1.3255813953488371,0.03988935531946145,657,Can you play that verse about your mother again?
5210,1791,19,32,164,215,1.3255813953488371,0.04303456209339583,657,No! I don’t want to hear “Guantanamera” again.
6100,1791,13,44,158,215,1.3255813953488371,0.03988935531946145,657,So you resent your Mama for letting you grow up to be a cowboy...
2643,1796,13,43,156,212,1.3254716981132075,0.040270494254006445,657,How do we help you become a CowMAN?
4582,1796,11,47,154,212,1.3254716981132075,0.03914449213107601,657,Just sing what comes into your mind.
4802,1798,15,38,156,209,1.325358851674641,0.041777866055533894,657,"OK, your woman done left you and your dog done died. But how does that make you feel?"
4794,1798,11,46,152,209,1.325358851674641,0.03951409359125118,657,"So tell me, why don't 'you' feel at home on the range?"
2820,1798,11,46,152,209,1.325358851674641,0.03951409359125118,657,"So, darlin' Clementine was lost. How does that make you feel?"
2857,1798,17,34,158,209,1.325358851674641,0.042864943042795686,657,Is that when the bullying over your falsetto began?
1028,1802,17,47,185,249,1.3253012048192772,0.037889190927207536,657,How long have you been feeling lonesome and blue?
950,1803,15,37,154,206,1.325242718446602,0.042201084282985725,657,"I'll forego a decade's worth of psychological exploration and analysis, and cut to the point. That's a left-handed guitar."
2583,1803,13,41,152,206,1.325242718446602,0.04106351325524626,657,"I can't help people compose the blues;
I help people get over the blues."
3098,1803,11,45,150,206,1.325242718446602,0.039893517356431554,657,Are you trying to tell me you can't pay my bill because the antidepressants are making you too happy to write country songs?
3474,1803,10,47,149,206,1.325242718446602,0.03929545813665958,657,"Now that you've sung about your horse, sing about your relationship with your mother."
6882,1803,13,41,152,206,1.325242718446602,0.04106351325524626,657,Western Psychiatry
6286,1808,14,52,180,246,1.3252032520325203,0.03688189839238244,657,"Have you considered the possibility that your problem does NOT rhyme with ""Old Cow Hand"" or ""Rio Grande""?"
5152,1809,12,42,149,203,1.3251231527093597,0.0408840844670327,657,"Just accept that you’re not on the range anymore, you will hear many a discouraging word here. it’s not personal"
5216,1810,16,33,151,200,1.325,0.043662421315999865,657,"Hmm, so your baby done left you for someone better, din'  say goodbye or leave a letter.  How does that make you feel?"
6629,1810,11,43,146,200,1.325,0.04068354401682386,657,The cause of all your problems is that your mama let her babies grow up to be cowboys.
4700,1810,17,44,179,240,1.325,0.03886688292831647,657,How long have you identified as a violinist?
4304,1810,11,43,146,200,1.325,0.04068354401682386,657,"Well, how would you feel about adding a fourth chord?"
4873,1814,14,49,174,237,1.3248945147679325,0.0378154264637123,657,Tell me about your cowboyhood.
5832,1815,10,44,143,197,1.3248730964467006,0.040459945567986426,657,I'm guessing you want to walk this lonesome valley again this week.
3358,1816,11,41,142,194,1.324742268041237,0.04151825800030636,657,You say her name is Lucille?
4836,1816,15,33,146,194,1.324742268041237,0.04401624185900798,657,Have you ever considered finding a home where the buffalo don't roam?
6620,1816,12,39,143,194,1.324742268041237,0.04215663289901927,657,Sorry Roy but you are on the gene autreyism spectrum
6953,1816,10,43,141,194,1.324742268041237,0.04086991310704407,657,I can't give you the blues... it just wouldn't be ethical
56,1820,19,37,175,231,1.3246753246753247,0.04084772479026387,657,"Tell me more about ""boy?"" After all these years, why not ""cowman?"""
4705,1821,18,38,172,228,1.3245614035087718,0.04075909864117385,657,"She’s not coming back, Roy.  Now, sing something about your mother."
6137,1821,13,48,167,228,1.3245614035087718,0.03831566009772779,657,It sounds like you've got a right to sing the blues.
189,1823,16,41,168,225,1.3244444444444445,0.040167199056824296,657,"Pick, pick, pick!  Sounds like that's all you do!"
292,1823,18,37,170,225,1.3244444444444445,0.0411432735624625,657,Tell me more about this dogie.
3142,1825,10,52,160,222,1.3243243243243243,0.037406181105720464,657,How would you describe your relationship with your horse?
556,1825,12,48,162,222,1.3243243243243243,0.03848053895423189,657,"What makes you think others still see you as a kid, Bill?"
1480,1827,15,41,163,219,1.3242009132420092,0.0404153312758,657,Why do you think the buffalo roam?
2372,1827,14,43,162,219,1.3242009132420092,0.0398936983350924,657,"And when your ex-wife left with your truck and your dog, how did that make you feel?"
4778,1827,15,41,163,219,1.3242009132420092,0.0404153312758,657,"I see. So you woke up this morning and shot a man in Reno, just to watch him die."
5969,1827,11,49,159,219,1.3242009132420092,0.03828618107107893,657,"Tex, let's try to get beyond ""What would Waylon and Willie do?"""
5556,1831,16,38,162,216,1.3240740740740742,0.04132673084686899,657,I guess we’re both keeping time today
5837,1831,16,38,162,216,1.3240740740740742,0.04132673084686899,657,"So your wife left you, your dog ran away, and your pickup trucked died?  How were things bedore that?"
1672,1833,13,43,157,213,1.323943661971831,0.04011010162721455,657,"So, when you say “Get along little dogie,” do you mean “Please move out, Mother?"
6898,1833,14,41,158,213,1.323943661971831,0.04065846966124125,657,"What I’m hearing you say is, ‘She done me wrong.’  I  think it’s time to discuss ‘enabling.’"
5971,1835,13,42,155,210,1.3238095238095238,0.040497293896791964,657,"Are you lonesome, cowboy? Or is that just a metaphor?"
5863,1835,16,36,158,210,1.3238095238095238,0.04215134888501717,657,"In your case, you can blame your mother."
2844,1835,16,36,158,210,1.3238095238095238,0.04215134888501717,657,Your G-string is a little tight.
1295,1835,10,48,152,210,1.3238095238095238,0.03877274059310032,657,For most of my patients the 'id' comes out best in E flat.
713,1835,12,44,154,210,1.3238095238095238,0.03993071933163796,657,Now the next verse...what happened after your wife cheated on you?
2038,1835,16,36,158,210,1.3238095238095238,0.04215134888501717,657,"So Sam, how was Yosemite?"
3972,1841,13,41,153,207,1.3236714975845412,0.04089485238158652,657,In theses dreams where you're walking out in the streets of Laredo -- what exactly do you see?
4884,1841,9,49,149,207,1.3236714975845412,0.03853284949455666,657,"OK, now play it like you did in the dream."
175,1843,11,55,172,238,1.3235294117647058,0.03624198478405653,657,Let's further explore your relationship with that horse you keep singing about.
1233,1843,17,43,178,238,1.3235294117647058,0.03906692701334414,657,Why do you think your mama let you grow up to be a cowboy?
1584,1843,19,39,180,238,1.3235294117647058,0.03996422435118709,657,You're repeating yourself.
3444,1846,12,52,171,235,1.323404255319149,0.037034380107934715,657,How does all your exes living in Texas make you feel?
696,1847,15,45,172,232,1.3232758620689655,0.038817974810631,657,"You blame your mamma, ja? For letting her baby grow up to be cowboy?”"
1598,1848,16,32,150,198,1.3232323232323233,0.04394097044428331,657,I'm not sure an 'achy breaky heart' appears anywhere in the American Psychiatric Journal.
4787,1849,9,44,139,192,1.3229166666666667,0.04044202709143904,657,I think it's possible that the town IS big enough for the two of you.
3730,1849,10,42,140,192,1.3229166666666667,0.04111076595102186,657,We’re not discussing your mother.  Can YOU forgive you for growing up to be a cowboy?
6931,1851,14,44,165,223,1.3228699551569507,0.039374929448270334,657,It sounds to me like the same old song.
5581,1851,15,42,166,223,1.3228699551569507,0.039884636297632496,657,I thought that's where you seldom heard a discouraging word.
2690,1851,13,46,164,223,1.3228699551569507,0.03885853735690665,657,You’re even depressing me with those minor chords.
128,1854,11,39,139,189,1.3227513227513228,0.04221179015089436,657,Change ‘lonesome’ to ‘gregarious.’ How does that make you feel?
5155,1854,8,45,136,189,1.3227513227513228,0.04016183955888489,657,"No, we don't validate for ""horse parking."""
1945,1856,13,45,162,220,1.3227272727272728,0.03921351215884061,657,When did you realize you were trying to play it left-handed?
2645,1856,15,41,164,220,1.3227272727272728,0.040258185958408015,657,Wait -- your dog cheated on you.  So why blame your woman?
2720,1856,16,39,165,220,1.3227272727272728,0.040770486103023966,657,"Your horse was right, you should let him do the vocals."
6362,1856,18,35,167,220,1.3227272727272728,0.04177624370269652,657,"Hold on. Your wife, your girl, and your baby are all the same person?"
5602,1860,15,40,162,217,1.3225806451612903,0.04064134118378788,657,Was it really the deer or antelope’s fault?
5371,1860,13,44,160,217,1.3225806451612903,0.03957751657444967,657,I charge extra for providing lyrics.
3787,1860,14,42,161,217,1.3225806451612903,0.04011295570895949,657,"Your early stuff is very important, but do you know any Pink Freud?"
3536,1860,17,36,164,217,1.3225806451612903,0.041678020685167703,657,It's going to be tough to top our last hit.
3148,1860,14,42,161,217,1.3225806451612903,0.04011295570895949,657,And how long have you had this feeling you were a stereotype?
1843,1860,13,44,160,217,1.3225806451612903,0.03957751657444967,657,Sing me the one about you and your Father.
654,1860,16,38,163,217,1.3225806451612903,0.041162944631369124,657,Having the blues is one thing; singing about them is just annoying.
445,1860,14,42,161,217,1.3225806451612903,0.04011295570895949,657,I get it. Your dog has fleas. Let's move on.
312,1860,10,50,157,217,1.3225806451612903,0.0379258701373682,657,So you say your Mama Tried.
2073,1860,12,46,159,217,1.3225806451612903,0.0390347335163535,657,Did you have a history of depression before you met this redhead from Laredo?
405,1870,13,43,158,214,1.3224299065420562,0.03995091994875506,657,"""Tell me about your home, home on the range."""
988,1870,14,41,159,214,1.3224299065420562,0.04049633284299726,657,"So, this Billy The Kid, he's a coworker of yours?"
3854,1870,14,41,159,214,1.3224299065420562,0.04049633284299726,657,"Did you ever just try playing ""Happy Days are Here Again""?"
4269,1870,10,49,155,214,1.3224299065420562,0.03826806890626814,657,"So this ""range"" you keep singing about... tell me why it feels like home to you."
4846,1870,14,41,159,214,1.3224299065420562,0.04049633284299726,657,I charge $300 a verse.
6789,1870,12,45,157,214,1.3224299065420562,0.03939795725380762,657,Did you ever write a version where the dog stays?
1437,1876,14,40,157,211,1.3222748815165877,0.04088981734118241,657,"Slow up, Jake. Did you say your dog took your pick-up to New Mexico to see your ex-wife?"
1293,1876,13,42,156,211,1.3222748815165877,0.0403341124132877,657,"Doc, I'll tell ya
I'm so lonesome I could cry"
4156,1876,15,38,158,211,1.3222748815165877,0.04143807066240893,657,Would it take you out of your comfort zone if you played a fourth chord
5738,1879,14,39,155,208,1.3221153846153846,0.041293836214365,657,You lost your woman. You lost your farm. Tell me about losing your dog.
718,1879,14,39,155,208,1.3221153846153846,0.041293836214365,657,And how did your mother feel about her baby growing up to be a cowboy?
967,1879,17,33,158,208,1.3221153846153846,0.042948041975412195,657,"So your troubles began AFTER your truck broke down, your dog died, and your wife left you?"
143,1879,14,39,155,208,1.3221153846153846,0.041293836214365,657,"So, how does it make you feel, that your mom let you grow up to be a cowboy?"
78,1879,14,39,155,208,1.3221153846153846,0.041293836214365,657,Let take this from the top.
314,1879,14,39,155,208,1.3221153846153846,0.041293836214365,657,"Let's go back to the part when you transitioned to A minor, how did it make you feel?"
1679,1885,12,42,151,205,1.3219512195121952,0.040546016129976534,657,Play me something about your mother.
2334,1885,14,38,153,205,1.3219512195121952,0.04170884126076868,657,Are all of your songs about your mother?
6107,1885,13,40,152,205,1.3219512195121952,0.041131538163119534,657,"Well, one thing I'd consider, is that your living in Boston"
6925,1885,17,32,156,205,1.3219512195121952,0.04339469394144316,657,So you really wanted to play the violin?
4110,1889,13,39,150,202,1.3217821782178218,0.04154666975334789,657,You're overthinking the reason people call you Lefty.
5244,1890,15,44,171,230,1.3217391304347825,0.03901952511974075,657,What do you think “odl lay hee” means?
994,1891,16,32,151,199,1.321608040201005,0.04374976645130023,657,Why are you so high strung?
977,1892,14,45,168,227,1.3215859030837005,0.03887331521220064,657,"Just remember, it is their misfortune and none of your own."
3360,1892,12,49,166,227,1.3215859030837005,0.037857165316339536,657,Interesting that you named your guitar after your mother.
5812,1892,13,47,167,227,1.3215859030837005,0.0383686043620026,657,I didn't ask 'why' your wife took your dog and your truck. I asked how it made you feel.
6731,1892,13,47,167,227,1.3215859030837005,0.0383686043620026,657,It must be hard when your home isn't on the range.
680,1896,11,50,163,224,1.3214285714285714,0.03766304052489088,657,"Let's see....you were walking down the streets of Loredo. Then, what happened?"
5386,1897,20,31,170,221,1.3212669683257918,0.042589476853372464,657,"Doc, it’s been forty years and I still haven’t figured out how to tell my Mama that her baby grew up to be a cowboy."
677,1897,13,45,163,221,1.3212669683257918,0.03906297725305986,657,Do you think it wants to be tuned?
1167,1899,17,36,165,218,1.3211009174311927,0.041512777501522755,657,"So, let's see if I understand you correctly: You fell in love with your guitar because it wears a G string?"
1521,1899,15,40,163,218,1.3211009174311927,0.0404815368482922,657,"So, you say your baby done left you."
2222,1899,8,54,156,218,1.3211009174311927,0.036644362180014906,657,Let's go back to when you got along with the little doggies...
2325,1899,14,42,162,218,1.3211009174311927,0.03995593686117235,657,What about hearing the whippoorwill makes you so lonesome you could cry?
3387,1899,14,42,162,218,1.3211009174311927,0.03995593686117235,657,I think a G-major seventh is what you're looking for.
5935,1899,17,36,165,218,1.3211009174311927,0.041512777501522755,657,"Dusty, are you aware the only song you know is ""Mama Don't Allow?"""
1471,1905,13,43,159,215,1.3209302325581396,0.0397929366616868,657,Sometimes a Guitar is only a Guitar.
4321,1905,11,47,157,215,1.3209302325581396,0.038685141668410444,657,Tell me more about this achy breaky heart you mentioned.
4402,1905,11,47,157,215,1.3209302325581396,0.038685141668410444,657,What do you think all hat and no cows means?
444,1908,15,46,176,237,1.3206751054852321,0.038202452484072225,657,Do you really think the deer and antelope were playing?
6893,1909,11,45,153,209,1.3205741626794258,0.03941089797035277,657,And why do you think watching the deer and the antelope play causes you feelings of jealousy?
512,1909,16,35,158,209,1.3205741626794258,0.04222856857151948,657,"Do you know the lyrics to ""How Can I Miss You If You Won't Go Away?"""
3162,1911,18,39,177,234,1.3205128205128205,0.03993720963589817,657,"It seems to me that you need not only to forget, but to *forgive* the Alamo."
4483,1912,10,46,150,206,1.3203883495145632,0.03918853949261522,657,"This isn’t what the ad meant by “couple’s therapy”, but we’ll give it a shot."
5507,1912,12,42,152,206,1.3203883495145632,0.040378967561840194,657,This is the fourth week you've played 'Desperado.' Maybe it's time to move on.
1537,1914,11,42,147,200,1.32,0.04057377423630804,657,"That's the same old song and dance you gave me last time, without the dance."
1779,1914,15,42,168,225,1.32,0.03958114029012639,657,I'm not so sure 'Yippee-ki-yay' is a legitimate disorder.
3099,1914,16,32,152,200,1.32,0.04356015882875003,657,I would say that's A-Minor problem.  Let's get in tune with A-Major one.
3287,1914,14,44,167,225,1.32,0.03907664426462598,657,Tell me more about your aversion to a burial on the lone prairie.
3431,1914,11,42,147,200,1.32,0.04057377423630804,657,And how does the fact that your woman left you and your dog up and died make you feel?
5338,1914,11,42,147,200,1.32,0.04057377423630804,657,"Everybody expects me to Know When to Hold Them, Know When to Fold Them, Know When to Walk Away and Know When to Run."
4506,1920,12,55,180,247,1.319838056680162,0.03576729589468714,657,And why do you think you don't want to be fenced in?
4517,1920,10,59,178,247,1.319838056680162,0.03483487961508918,657,"So what I’m hearing is, all your Ex’s live in Texas. How does that make you feel?"
1631,1922,20,31,171,222,1.3198198198198199,0.042421888978233034,657,It is common for a cowboy to have anger at his cowfather.
5978,1922,13,45,164,222,1.3198198198198199,0.038913537977827616,657,Tell me about your first memories of being out of tune.
3497,1924,13,44,162,219,1.3196347031963471,0.039270283188760365,657,"So, your low self-esteem stems from the deer and the antelope not letting you play with them?"
1195,1924,13,44,162,219,1.3196347031963471,0.039270283188760365,657,"So,you say you’re so lonesome you could cry."
2373,1926,13,51,177,241,1.3195020746887967,0.03681622810130389,657,"Must we start each session with a cover of, ""Crazy?"""
4057,1926,14,49,178,241,1.3195020746887967,0.03728287540169856,657,Could be worse; it's not a banjo.
6296,1926,15,47,179,241,1.3195020746887967,0.0377437537193894,657,I suggest you change your tune.
224,1929,16,37,163,216,1.3194444444444444,0.04123375448987196,657,I'm thinking that the roaming buffalo is a metaphor.
2803,1929,12,45,159,216,1.3194444444444444,0.03908909337381308,657,"Ok, now let's discuss your frets"
3269,1929,11,47,158,216,1.3194444444444444,0.038534282121905274,657,"So, what do you think ""Yippie I Oh Kiya "" means"
3376,1929,13,43,160,216,1.3194444444444444,0.03963613935441704,657,Have you tried not lamenting?
4991,1929,13,43,160,216,1.3194444444444444,0.03963613935441704,657,"This isn’t what I meant when I agreed to sliding scale, Duke."
6125,1929,15,39,162,216,1.3194444444444444,0.04070818329519197,657,And did you tell Old Paint how that made you feel?
6367,1929,15,39,162,216,1.3194444444444444,0.04070818329519197,657,You seem to be holding on to something.
6370,1929,10,49,157,216,1.3194444444444444,0.03797136521794415,657,"Your problem is a classic case of dissonance, pardner."
6927,1937,13,50,175,238,1.319327731092437,0.03712228786364277,657,"You seem inseparable, but sometimes a guitar is just a guitar"
5469,1937,7,62,169,238,1.319327731092437,0.03413679731686889,657,And why do you care if the little dogies git along?
361,1937,16,44,178,238,1.319327731092437,0.03852837809745235,657,"You have to remember, Mr. Hatfield, sometimes a guitar is just a guitar."
431,1940,14,40,159,213,1.3192488262910798,0.04056118208103356,657,I  just want to reassure you:  I am recording this session
5418,1940,15,38,160,213,1.3192488262910798,0.04110353262749267,657,"In this recurring dream, why do you think your mother loves jazz"
4888,1942,12,43,155,210,1.319047619047619,0.03982869719385392,657,"I get it. You don't have to sing ""Oh Lonesome Me"" again."
5996,1942,11,45,154,210,1.319047619047619,0.03925247321556451,657,"Ah, but you have to really want to be lonesome."
6665,1942,13,41,156,210,1.319047619047619,0.040396702672134084,657,"So how you coping since your wife up and left, your dog died, and your truck broke down?"
6617,1945,12,50,170,232,1.3189655172413792,0.0372585904510617,657,Anger at mama for not letting you grow up to be a cowboy?
766,1946,13,40,154,207,1.318840579710145,0.04079222329598892,657,What's a six-letter word for 'anachronism'?
5070,1947,12,49,168,229,1.3187772925764192,0.03757809550951383,657,"Psychologically speaking, comfort guitars are somewhat rare."
2825,1947,14,45,170,229,1.3187772925764192,0.03858398635377127,657,"My five o'clock already played Jimi Hendrix, do you know any polkas?"
3329,1947,15,43,171,229,1.3187772925764192,0.03907722320432888,657,I was with you until ‘Yippee Ti Yi Yay’.
6494,1950,13,39,152,204,1.3186274509803921,0.04119848500576066,657,Uh huh... and how did it feel when your mama told you not to grow up and be a cowboy?
5018,1950,11,43,150,204,1.3186274509803921,0.040009059055267,657,"Do you know ""I Fall to Pieces""?"
4035,1950,11,43,150,204,1.3186274509803921,0.040009059055267,657,So you're no longer gitting along with your little dogies?
2215,1953,16,40,170,226,1.3185840707964602,0.039926665051772586,657,"She left you, you got drunk, your truck broke, can we move on?"""
5684,1953,15,42,169,226,1.3185840707964602,0.03943104380296625,657,"Right no girl, no job, no cigarettes keep going"
6322,1953,17,38,171,226,1.3185840707964602,0.04041620898750195,657,"No, I won’t make a campfire."
6394,1956,9,46,146,201,1.318407960199005,0.03915204783193875,657,"I'm afraid ""lonesome"" still hasn't made the DSM."
5861,1957,17,37,169,223,1.3183856502242153,0.04079627454222849,657,Strum und Drang
235,1957,12,47,164,223,1.3183856502242153,0.038240558296579505,657,Yes...but I notice that you have no songs about your mother...
2203,1957,15,41,167,223,1.3183856502242153,0.03979368956817861,657,"And sometimes, Tex, a guitar isn't just a guitar"
1849,1960,13,52,180,245,1.3183673469387756,0.03639109219962615,657,It doesn't technically count as delusions of grandeur if you think you're a middling country musician.
6850,1961,13,51,178,242,1.3181818181818181,0.0366875427029663,657,Your life sounds like a country song.
7067,1961,14,42,164,220,1.3181818181818181,0.039645396010236596,657,Momma never did let me be a cowboy.
4376,1961,11,48,161,220,1.3181818181818181,0.03804240296778259,657,At least she left your guitar.
5311,1961,11,41,146,198,1.3181818181818181,0.04080741322317195,657,"Still, my guitar gently weeps."
2994,1961,11,41,146,198,1.3181818181818181,0.04080741322317195,657,"First, the whippoorwill needs to accept and embrace that he's alone."
2815,1961,12,46,162,220,1.3181818181818181,0.03858413435569423,657,"Soooo, tell me more about that horse you rode in on."
3139,1961,13,44,163,220,1.3181818181818181,0.03911836428575936,657,Let's leave Mama out of this.   Can YOU forgive you for growing up to be a cowboy?
1173,1968,15,46,178,239,1.3179916317991631,0.037929388533509516,657,"No anxiety, no worries, no cares...well clearly you’re delusional."
2003,1969,15,39,163,217,1.3179723502304148,0.04054688544951003,657,"Even cowboys get the blues, but yours has strings attached."
4207,1970,8,46,141,195,1.317948717948718,0.03925259284592119,657,"I take it you are no longer at the ""I'm O.K. Corral? """
4932,1971,16,43,177,236,1.3177966101694916,0.03872407273031029,657,"Yes,I know obsession is a discouraging word."
6310,1972,12,44,158,214,1.3177570093457944,0.03929764982804876,657,"Playing guitar left -handed is an obvious sign of the issues
you are facing"
270,1972,11,46,157,214,1.3177570093457944,0.03873536256483161,657,Would you be available to play at my daughter's birthday party?
1223,1972,17,34,163,214,1.3177570093457944,0.04199631087253802,657,"I believe you are suffering from seasonal post-round up, my gal done gone and left me blues."
1694,1972,12,44,158,214,1.3177570093457944,0.03929764982804876,657,You've made great progress since the heavy metal setback.
5014,1972,13,42,159,214,1.3177570093457944,0.03985200435344405,657,"I get it, Jeb. You’re an old cowhand from the Rio Grande. Now can we go a little deeper than that?"
4608,1977,13,35,144,192,1.3177083333333333,0.04294074908025697,657,"So your mother was run over by a damned ole train the same day your dog died?"""
1030,1978,12,50,171,233,1.3175965665236051,0.037123586661911664,657,I have a feeling you're just playing along.
4461,1979,11,45,155,211,1.3175355450236967,0.03909525153932212,657,When did the skies get cloudy?
5145,1979,16,35,160,211,1.3175355450236967,0.04188223230751359,657,"So, you wrote an ode to beans. I'll be back in a bit."
5564,1979,11,45,155,211,1.3175355450236967,0.03909525153932212,657,Well...music isn’t always therapy.
6662,1979,12,43,156,211,1.3175355450236967,0.03966831520181317,657,Now you're depressing me too
823,1983,15,30,144,189,1.3174603174603174,0.044686224198629304,657,How can I help you if you sing the same old song at each session?
4226,1983,11,38,140,189,1.3174603174603174,0.04209167936553244,657,Tell me about your horse's mother...
6169,1983,14,32,143,189,1.3174603174603174,0.044051916448666795,657,Give your wife some more time. It took her two years to adjust to the circus clown.
1563,1986,12,49,169,230,1.317391304347826,0.037440018425935084,657,So when did you find yourself drawn...to the Upper West Side?
2674,1986,14,45,171,230,1.317391304347826,0.038440857693412815,657,You say you're always fretting. Could it just be an occupational hazard?
6365,1988,13,40,155,208,1.3173076923076923,0.04062456365934733,657,"How are things at home, home on the range?"
6747,1988,11,44,153,208,1.3173076923076923,0.03946457786036806,657,Doggone shame is a difficult thing to work through.
1473,1988,12,42,154,208,1.3173076923076923,0.04004877075647526,657,That memory seems to have really struck a chord with you.
5419,1991,14,44,169,227,1.3171806167400881,0.03878264201669013,657,How long have you been carrying that tune?
3690,1991,13,46,168,227,1.3171806167400881,0.038276735583060294,657,"My prognosis is that you have a phobia of trains, pick-up trucks and ex girlfriends."
6253,1991,11,50,166,227,1.3171806167400881,0.037244312546979116,657,All  you need is a little fine tuning.
2941,1991,15,42,170,227,1.3171806167400881,0.03928203351016801,657,I believe you have a singing cowboy complex.
2119,1991,17,38,172,227,1.3171806167400881,0.040262238220104093,657,"On second thought, don't tell me about your mother."
2357,1991,14,44,169,227,1.3171806167400881,0.03878264201669013,657,"No you cannot use my professional advice in your lyrics."""
1006,1991,11,50,166,227,1.3171806167400881,0.037244312546979116,657,In the second verse you mentioned that you you never had a little red wagon.
2491,1991,11,50,166,227,1.3171806167400881,0.037244312546979116,657,Tell me how you feel about these discouraging words you heard.
2113,1999,11,43,151,205,1.3170731707317074,0.03984374186994646,657,Why is it important to you that the dogies git along?
3776,1999,12,54,180,246,1.3170731707317074,0.035805526351679794,657,"So you want the little dogies not just to git along, but to WANT to git along."
5669,1999,13,39,153,205,1.3170731707317074,0.04102647659137458,657,"OK, so she done you wrong. What was your relationship like with your mother?"
6220,1999,12,54,180,246,1.3170731707317074,0.035805526351679794,657,"So, you also play the oboe?"
4129,2003,12,47,165,224,1.3169642857142858,0.03809598359529734,657,"So, how did it make you feel when she ‘done you wrong?’"
587,2004,13,38,151,202,1.316831683168317,0.041439414446064755,657,I'll need a songwriting credit for this one.
1559,2004,8,48,146,202,1.316831683168317,0.03835272850251593,657,Why don't you tell me why YOU think all your friends are in low places?
581,2006,12,46,163,221,1.3167420814479638,0.03843612294537574,657,"So your dog died and your woman done left you, and now you're worried about bad things coming in threes."
938,2006,17,36,168,221,1.3167420814479638,0.041024531969748916,657,"Yes, I understand you shot a man in Reno. Please stop singing."
4474,2006,13,44,164,221,1.3167420814479638,0.03896756192431112,657,So you say your mother was advised not to let you grow up to be a cowboy.
5023,2006,10,50,161,221,1.3167420814479638,0.037350567285733084,657,"No pressure, but perhaps we could we use words this session?"
6499,2006,13,44,164,221,1.3167420814479638,0.03896756192431112,657,When did you begin to suspect that the little dogies' misfortune was connected to your own sense of well-being?
1692,2011,13,50,177,240,1.3166666666666667,0.036860146308269566,657,"""Let's pick up with that verse next week, Sue."""
7006,2012,17,29,153,199,1.3165829145728642,0.044222374480549706,657,"How about we take a break from the music, and you rustle us up some grub?"
434,2012,10,43,146,199,1.3165829145728642,0.04000383096151062,657,"I personally don’t mind these longer sessions, but your bills will be much lower if you just talk."
3912,2012,13,37,149,199,1.3165829145728642,0.04186386300597685,657,So what evidence can you offer to support your notion that the times are a changin?
3991,2015,13,43,162,218,1.31651376146789,0.039326053752655174,657,I need more than “Oh lonesome me” to work with.
5194,2015,13,43,162,218,1.31651376146789,0.039326053752655174,657,"So, you have seldom heard a discouraging word?"
5202,2015,12,45,161,218,1.31651376146789,0.038784798163856375,657,Shall we explore why the little dogie did not want to git along?
7017,2015,13,43,162,218,1.31651376146789,0.039326053752655174,657,Are there any country/western tunes that are strictly instrumental?
5791,2019,13,49,175,237,1.3164556962025316,0.037167516452012925,657,And so your woman did not done left you.
6292,2019,14,47,176,237,1.3164556962025316,0.03764547761679015,657,"Rusty, I think there are some discouraging words not being heard in this room."
91,2021,14,34,148,196,1.316326530612245,0.042914416889014644,657,How long have you wanted to get along with your little doggy?
5436,2021,14,34,148,196,1.316326530612245,0.042914416889014644,657,"No, Mr. Sanchez. Sometimes a guitar is just a guitar."
5652,2023,12,44,159,215,1.3162790697674418,0.039142355024639176,657,"So, your marriage is fine and your dog is alive and well...what's your problem?"
6309,2023,15,38,162,215,1.3162790697674418,0.04077413874331306,657,When did you first notice your relationship was going off key?
5200,2023,10,48,157,215,1.3162790697674418,0.038015606461279355,657,"If I understood you correctly, you were madder than a wet hen at a scrambled egg breakfast."
875,2023,13,42,160,215,1.3162790697674418,0.03969373713828054,657,"Okay, let's start from the top."
996,2023,14,40,161,215,1.3162790697674418,0.04023756427930159,657,And your mother made you play the violin for how long?
1210,2023,17,34,164,215,1.3162790697674418,0.04182664237677911,657,"Try this: 'Oedipal pain / Will break your heart / You're one sick guy / And not that smart.'"""
5446,2029,8,58,168,234,1.3162393162393162,0.03494987701476358,657,"Yes, sometimes a guitar is a guitar"
1485,2030,9,43,141,193,1.3160621761658031,0.04014499279096305,657,So why do you think you’re travelin’ down that lonesome road again all alone?
2175,2030,15,31,147,193,1.3160621761658031,0.04399380232575569,657,"No, I wasn't suggesting you were homeless when I said you were deranged......"
1462,2032,14,39,159,212,1.3160377358490567,0.04062505454996392,657,"You stopped drinking, found your truck, and got re-married?"
3314,2032,12,43,157,212,1.3160377358490567,0.03950915860816894,657,I'm sorry to say I don't do couple's therapy.
4974,2032,9,49,154,212,1.3160377358490567,0.03777355489005911,657,I'm thinking you'd be better off in group therapy
6206,2032,11,45,156,212,1.3160377358490567,0.03893922048904424,657,Have you tried rhinestones?
6831,2032,15,37,160,212,1.3160377358490567,0.04117166232760819,657,Mammas don’t let your babies grow up to be therapists
1868,2037,15,43,173,231,1.316017316017316,0.038787072132721576,657,I know what your problem is. You're left-handed.
734,2037,14,45,172,231,1.316017316017316,0.03829873951874344,657,"Yes,I've heard that one before."
1511,2037,14,45,172,231,1.316017316017316,0.03829873951874344,657,"Well Tex I think in our current political environment,singing  Don’t Fence Me In at the Border Control annual BBQ may be bit dangerous why don’t you just sing Home On The Range and call it a day."
509,2040,8,44,138,190,1.3157894736842106,0.03985934319249087,657,"Well, it might not be your home anymore, but you do have a range of issues."
1819,2040,11,44,154,209,1.3157894736842106,0.03930463125293036,657,This prescription should make it more like the Mild West.
3987,2040,14,44,170,228,1.3157894736842106,0.03863722039340148,657,"So your dog died, your truck broke down and your wife left with your best friend."
6088,2040,8,50,151,209,1.3157894736842106,0.037507788032178725,657,"Oh, I do understand. It is a bitch that nothing rhymes with 'Jungian'."
6323,2040,12,42,155,209,1.3157894736842106,0.03988559467881635,657,"So you never heard a discouraging word, and the skies were not cloudy all day?"
6428,2040,12,42,155,209,1.3157894736842106,0.03988559467881635,657,"Okay, so the wife, trailer, and truck are accounted for, but could you tell me more about your dog's disappearance?"
6653,2040,15,42,171,228,1.3157894736842106,0.039134098461463825,657,"So when you said 'yippie-i-o ki yay', what did she do?"
2199,2047,14,43,168,225,1.3155555555555556,0.03898401065077519,657,See you aren't alone...the song is also stuck in my head.
6867,2048,13,39,154,206,1.3155339805825244,0.04085583696622954,657,Is your horse jealous of all four-legged creatures or just the deer and the antelope?
6156,2048,12,41,153,206,1.3155339805825244,0.0402720711823118,657,It sounds like the trails haven’t been that happy since we last met.
5836,2048,17,31,158,206,1.3155339805825244,0.04311192644504404,657,You know any Zeppelin?
2607,2048,16,33,157,206,1.3155339805825244,0.042559117764645306,657,So you blame your Mama for letting you grow up to be a cowboy?
1739,2048,14,37,155,206,1.3155339805825244,0.04143137833947922,657,So your mama let you grow up to be a cowboy.
2448,2053,12,46,164,222,1.3153153153153154,0.03828918750008167,657,Looks like your problem started when you decided to play a right handed guitar left handed.
3015,2053,14,42,166,222,1.3153153153153154,0.039339437879952095,657,And then the super-ego joins in on the chorus...
1980,2055,10,49,160,219,1.3150684931506849,0.037534359713705195,657,"Come, on! Really? They all left you? The wife, the dog, the horse, the mistress, the cat, the cow, the goat, the kids, etc. And I suppose it's not your fault?"
4675,2055,14,41,164,219,1.3150684931506849,0.03970384742368214,657,"So, what's your first memory of people saying, 'Does not play well with others?' ""."
5547,2055,14,41,164,219,1.3150684931506849,0.03970384742368214,657,"Lately, I’ve just felt out of tune."
3451,2058,11,41,148,200,1.315,0.040460601843120635,657,"You see, doctor, it all started with a drink...a truck... a woman... and a dog."
3298,2059,13,48,174,235,1.3148936170212766,0.03734649063324588,657,So what else do you fret over?
5312,2059,13,48,174,235,1.3148936170212766,0.03734649063324588,657,"Now that we've heard about your home on the range, I'd like you to put down the guitar and try to focus on reality."
2751,2061,17,28,152,197,1.3147208121827412,0.044507535193784344,657,"If you played your song backwards, your wife and dog might come back."
1771,2061,8,46,143,197,1.3147208121827412,0.03891971699258512,657,That's not the saddest song I've ever heard.
1548,2061,10,42,145,197,1.3147208121827412,0.040228585709297056,657,"Why do YOU think the only song you sing is ""Mama don't let your babies grow up to be cowboys""?"
230,2061,7,48,142,197,1.3147208121827412,0.038248490193591285,657,Your life story sounds suspiciously like a Johnny Cash song.
381,2065,16,41,175,232,1.3146551724137931,0.03912342161012982,657,"Listen, sometimes a 'guitar' is just a guitar."
6761,2065,16,41,175,232,1.3146551724137931,0.03912342161012982,657,I see this has struck a chord with you.
7043,2065,15,43,174,232,1.3146551724137931,0.038643539119078224,657,More like “Home on Deranged” if you ask me.
1650,2068,12,37,145,194,1.3144329896907216,0.04192741228587757,657,When did you realize you couldn't let go of your guitar?
4864,2068,13,35,146,194,1.3144329896907216,0.04255965050364756,657,I see our last session struck a chord with you.
5671,2068,11,39,144,194,1.3144329896907216,0.04128549322688644,657,I suggest you get back to your home on the range.
60,2071,13,40,157,210,1.3142857142857143,0.04029316775708098,657,Tell me more about those lonesome feelings.
6939,2071,12,42,156,210,1.3142857142857143,0.03972368186962498,657,"Yes, but how do you Really feel about loosing your gun, your dog,  your pickup and your girlfriend?"
5115,2073,8,49,150,207,1.3140096618357489,0.03769462633922525,657,So your baby done left you and your mama's gone and hitched a train. How does that make you feel?
3683,2073,12,41,154,207,1.3140096618357489,0.04010602593121651,657,Perhaps your friends simply didn’t grow up singing “I Feel Pretty” as a campfire singalong.
6281,2073,8,49,150,207,1.3140096618357489,0.03769462633922525,657,You are a complex case because there is no such thing as a “normal” cowboy.
1183,2073,7,51,149,207,1.3140096618357489,0.03706727316067928,657,You say you’re lonesome...go on.
3270,2073,13,39,155,207,1.3140096618357489,0.040686550987774954,657,SING THE FIRST THING THAT COMES TO MIND.
3758,2078,16,38,169,223,1.3139013452914798,0.040205835742616006,657,So he was strumming your face with his fingers. Then what happened?
4014,2078,14,42,167,223,1.3139013452914798,0.03918814796192727,657,"Let’s go back to your days in Times Square. 
Do you miss being naked?"
1007,2080,13,38,153,204,1.3137254901960784,0.04109059960992035,657,We've been through that part...you're lonesome.
4081,2081,17,35,168,220,1.3136363636363637,0.04109317009248767,657,"If you don't mind, let's go back to the first verse."
4534,2081,15,39,166,220,1.3136363636363637,0.04007027111737457,657,Let’s talk more about your mother and the F chord.
2939,2083,14,46,176,236,1.3135593220338984,0.03769327167208124,657,"All fashion trends end sometime, Mr. Lauren.”"
3288,2084,10,43,148,201,1.3134328358208955,0.03966706321448287,657,So I gather your mood is more yippee ki-no than yippe ki-yay?
526,2085,14,40,163,217,1.3133640552995391,0.039918857641695796,657,NEVER was heard a discouraging word?
3822,2085,14,40,163,217,1.3133640552995391,0.039918857641695796,657,You will never find peace in a minor key.
6930,2085,15,38,164,217,1.3133640552995391,0.04044977865113828,657,But how does your ex-wife wrecking your truck and killing your dog     really make you feel?
5654,2088,12,33,137,182,1.3131868131868132,0.04378305161009105,657,Hmm...very interesting. You went directly from C to E7. Can you say more about that?
6502,2089,12,38,148,198,1.3131313131313131,0.04131666832677633,657,"So, Butch, what is holding you back from becoming a ""cowman""?"
4066,2089,10,42,146,198,1.3131313131313131,0.040056444621636884,657,"So your wife left you for your best friend, your dog died, the bank wants your house and you backed your truck into your still?"
2217,2091,9,49,156,214,1.3130841121495327,0.037477667866887866,657,So it's the dogies' misfortune and none of your own?
3537,2092,13,46,171,230,1.3130434782608695,0.037851164354214546,657,"OK, your dog died and your girl left you, anything new?"
4983,2092,17,38,175,230,1.3130434782608695,0.03980703158879691,657,"Tell me more about these ""little doggies"" you can't get along with."
5123,2094,11,44,156,211,1.3127962085308056,0.03898840751417323,657,Let’s home in on the range of emotions you’re feeling.
5394,2094,13,40,158,211,1.3127962085308056,0.0401294031421638,657,"So to review, your best dog died, your cow's gone dry, and your woman don't love you no more."
6233,2094,9,48,154,211,1.3127962085308056,0.037812998352896754,657,"Okay, let's get back to that part about your mama - in G this time."
971,2097,11,58,187,256,1.3125,0.034344349079950404,657,"While it's true that your wife left you for your best friend and they took your truck, there are still positive aspects to your situation."""
1202,2097,15,35,158,208,1.3125,0.041649243848983886,657,And when did you realize you were in love with your horse?
4338,2097,15,45,180,240,1.3125,0.03770862469739566,657,"If you keep insisting that you are  an Old Cow Hand from the Rio Grande, then we will  get no where."
4481,2097,8,54,162,224,1.3125,0.03582921130987625,657,"You need to stop fretting, cowboy."
4935,2097,16,38,170,224,1.3125,0.04005046664251431,657,"You say JOHN WAYNE appeared in a  dream and told you to go western ,Mr Silverstein?"
6329,2097,15,35,158,208,1.3125,0.041649243848983886,657,"Who was this ""little dogie"" and why did you want it to git along?"
6891,2097,14,37,157,208,1.3125,0.04108781303238792,657,"I'm just suggesting that you seemed happier as a disco artist."""
5802,2104,12,45,164,221,1.3122171945701357,0.03833672005773689,657,"So, out in the West Texas town of El Paso, you fell in love with a Mexican girl."
1705,2104,14,41,166,221,1.3122171945701357,0.03939511105824237,657,Let's talk about your dad--perhaps something from the B-side of your album?
2773,2104,11,47,163,221,1.3122171945701357,0.0377964121251251,657,"Let me understand, did the episodes of depression  and insomnia begin when your wife left you for your best friend; your blood hound died, or.your pick-up truck was stolen."
389,2107,11,42,152,205,1.3121951219512196,0.03973233982784261,657,"and why do you think you ""feel"" home on the range?"
3017,2107,12,40,153,205,1.3121951219512196,0.040329676862665406,657,Why do you think your choices led to your wife leaving you and taking your truck and dog?
3095,2109,10,39,140,189,1.312169312169312,0.041291628802914045,657,"If you want to play lonely songs, go ahead. It's your 50 minutes."
1033,2110,13,52,185,250,1.312,0.03577349538258108,657,And why have you never named your horse?
5015,2110,19,40,191,250,1.312,0.03837335086000308,657,It’s sturm und drang not strum!
1724,2112,9,55,170,234,1.311965811965812,0.035374527161546716,657,You played your guitar and your guitar played you. Go on.
1291,2113,12,44,162,218,1.311926605504587,0.03868340964259921,657,And does your guitar feel the same way about you?
1555,2113,11,46,161,218,1.311926605504587,0.038133033533033926,657,"So, you can't think of a word that rhymes with jilt? 
How about guilt?"
2267,2115,11,41,150,202,1.311881188118812,0.04011936194052716,657,I have no clue what rhymes with 'chaise lounge.'
4233,2116,18,36,177,231,1.3116883116883118,0.040129294508872385,657,"You can repeat it a 100 more times, but I just don't understand how the deer and antelope screwed up your marriage."
2386,2116,11,50,170,231,1.3116883116883118,0.03669953223747023,657,Can you identify anything particular that makes you think you are in the wrong place at the wrong time?
1338,2116,20,32,179,231,1.3116883116883118,0.04105663539050158,657,So how did it make you feel when the little dogie didn’t “git along”?
2710,2119,12,43,160,215,1.3116279069767443,0.03903891310218454,657,And why do you think you want a home where the antelope roam?
1682,2120,6,50,143,199,1.3115577889447236,0.03725363792352103,657,"Yes, it's quite natural to want to escape this cloud hanging over you and run away to a place where seldom is heard a discouraging word."
2013,2120,12,38,149,199,1.3115577889447236,0.04113862670178683,657,"As I suspected, your mother let you grow up to be a cowboy."
4344,2122,14,48,182,244,1.3114754098360655,0.03680739421063188,657,"No, The Low-Down Little Dogie Blues isn't actually recognized in the DSM-5, so this session is not covered by your insurance."
2906,2123,16,34,162,212,1.3113207547169812,0.04161112789929396,657,"So, last week we were talking about your troubles on the ol' Chisholm trail."
3578,2123,7,52,153,212,1.3113207547169812,0.0364566793656797,657,"Do you know, 'I'm so lonesome I could cry'?"
3743,2123,15,36,161,212,1.3113207547169812,0.04107036940934855,657,Your pickup truck will never love you back Clyde.
3755,2123,13,40,159,212,1.3113207547169812,0.03996690881414597,657,"It would be better at your next appointment if  your horse  
""Old Betsy"" came with you so we could  get her side of it too."
5526,2123,15,36,161,212,1.3113207547169812,0.04107036940934855,657,I see ... did your baby leave you before or after your dog died?
5664,2123,12,42,158,212,1.3113207547169812,0.039403592203341206,657,"If you play ""My Analyst Told Me"" one more time, I'm stopping the session immediately."
6060,2129,11,39,146,196,1.3112244897959184,0.04092574293023467,657,And how do you feel when your guitar gently weeps?
3678,2129,10,41,145,196,1.3112244897959184,0.0402813581031531,657,...and why does Little Doggy have to get along?
5807,2131,12,51,178,241,1.3112033195020747,0.03616748514858962,657,"So even with a 10 gallon hat, the kids still called you Shorty..."
6892,2132,11,48,166,225,1.3111111111111111,0.03732690798826936,657,But that’s the point! You are a singing cowboy.
4779,2133,12,41,156,209,1.3110047846889952,0.03977782918398104,657,We need to dive deeper with regards to the deer and the antelope.
5515,2133,11,43,155,209,1.3110047846889952,0.03919526845980239,657,"The depression will lift when you learn the song backwards. Your girl will come back, your horse will come back ..."
882,2135,16,42,180,238,1.3109243697478992,0.03835786341672461,657,"And how did you feel about this ""little dogey""?"
4732,2135,15,44,179,238,1.3109243697478992,0.0378928550657386,657,Let's revisit the one about the Jung cowboy...
1160,2137,8,44,141,193,1.310880829015544,0.03933930217579655,657,"And when you walked out on the streets of Loredo, what exactly did you see"
4424,2137,10,40,143,193,1.310880829015544,0.04068814849530136,657,I think these train robberies are a cry for help.
6696,2137,9,42,142,193,1.310880829015544,0.04001940856418499,657,Now what makes you so certain your mama didn’t want you to grow up to be a cowboy?
7003,2137,14,32,147,193,1.310880829015544,0.04325985312700244,657,"You won’t want to hear this, but you are going to have to quit him."
4574,2141,12,45,165,222,1.3108108108108107,0.038189546246887925,657,I see A Major depression whereas you C Minor with A flat affect.
2768,2141,12,45,165,222,1.3108108108108107,0.038189546246887925,657,Your brother's horse was called Lightning.  Your horse was Buttermilk. And how did that make you feel?
951,2141,17,35,170,222,1.3108108108108107,0.040770886374699895,657,Tell me how you felt after your wife left on your horse with your dog.
1591,2141,16,37,169,222,1.3108108108108107,0.040267858511865144,657,There's nothing to fret about.
2043,2145,17,44,190,251,1.3107569721115537,0.0373976065397929,657,"This time, could we skip the extended dance version?"
1182,2146,10,44,152,206,1.3106796116504855,0.038964972963279484,657,Your mother done did you wrong you say?
5308,2146,16,32,158,206,1.3106796116504855,0.042455003231854076,657,"c
Can you tell me what you're fretting about?"
6526,2146,15,34,157,206,1.3106796116504855,0.04189352697635758,657,"I don't know what your ex told you, but this is NOT a guitar lesson."
4682,2149,11,51,173,235,1.3106382978723403,0.03626582572577481,657,You may need couples therapy or you might just try tuning it.
3646,2149,15,43,177,235,1.3106382978723403,0.0382189888944893,657,Still feeling out of tune?
3894,2149,12,49,174,235,1.3106382978723403,0.0367638458911534,657,"Have you considered singing, you know, happy songs?"
661,2152,18,41,189,248,1.310483870967742,0.038137027984343236,657,"Before we begin Tex, Could you move down wind a little?"
5952,2153,13,37,153,203,1.3103448275862069,0.04115352404280832,657,"So, are you more at home on the range, or the Bronx?"
5685,2153,14,35,154,203,1.3103448275862069,0.041741896116293406,657,"You know Lefty, punching a cow never solves anything."
4495,2153,10,43,150,203,1.3103448275862069,0.039335638934911404,657,This lonesome cowboy thing is getting a little old.
4622,2153,10,43,150,203,1.3103448275862069,0.039335638934911404,657,This actually isn't the type of dis-chord I specialize in.
3353,2153,19,34,179,232,1.3103448275862069,0.04044257427465405,657,Say more about your cello envy.
1564,2153,12,48,172,232,1.3103448275862069,0.0370724802799489,657,And what does E-I-E-I-O mean to you?
1452,2153,11,50,171,232,1.3103448275862069,0.036565691450743225,657,What makes you think Ol’ Paint doesn’t love you?
2149,2160,16,44,185,245,1.310204081632653,0.03757995597744384,657,"Yes even cowgirls get the blues, but we are here to talk about your feelings."
3559,2161,11,45,160,216,1.3101851851851851,0.0383267583937196,657,A guitar is never just a guitar.
4252,2161,12,43,161,216,1.3101851851851851,0.03888453074304286,657,What I find very interesting is that in your songs you don't refer to yourself as a 'cowman'. Why do you think that is?
5091,2161,12,43,161,216,1.3101851851851851,0.03888453074304286,657,She super-glued what?
5970,2161,13,41,162,216,1.3101851851851851,0.039434414579688326,657,A little high strung?
1228,2165,8,55,166,229,1.3100436681222707,0.03527993239620031,657,"And why is it, do you think, that you find the word ""seldom"" so discouraging?"
1358,2165,15,41,173,229,1.3100436681222707,0.038894873990938536,657,"I sometimes feel like a Lonesome Polecat myself, Tex."
3371,2167,8,46,146,200,1.31,0.0384302539948743,657,So you're just gonna let your guitar do the talking?
4926,2167,10,42,148,200,1.31,0.0397163308309487,657,"Let's talk more about these ""little dogies""  that you keep referencing."
5815,2169,19,32,175,226,1.3097345132743363,0.0412008973732585,657,"Next time I ask about payment, I trust the answer will not be blowin' in the wind."
4054,2169,11,48,167,226,1.3097345132743363,0.03718686609868891,657,Where did you say home is?
743,2169,14,42,170,226,1.3097345132743363,0.038740897131284965,657,"No, I wouldn't say your Mama is to blame for you growing up to be a cowboy."
2430,2169,15,40,171,226,1.3097345132743363,0.039245235090413194,657,"Other than being a ""Lonesome Cowboy"", what else seems to be bothering you?"
1241,2173,9,43,145,197,1.3096446700507614,0.03945647348244872,657,So you ar saying that you are so lonesome you could die?
5681,2174,15,44,180,239,1.3096234309623431,0.0377563937772953,657,So you are mad at your mama because she let her baby grow up to be a cowboy. It's time to get over it!
2047,2175,12,41,157,210,1.3095238095238095,0.03961564955545273,657,"You're depressed because you can't ride a horse,  you can't rope a steer and you definitely can't play the guitar. Maybe it's time to give up the cowboy life and consider a career change."
2152,2175,10,45,155,210,1.3095238095238095,0.03844818274584959,657,"No, I reckon I don't."
5763,2177,19,44,202,265,1.3094339622641509,0.03677742285844556,657,So when did you first find yourself attracted to little dowgies?
1872,2178,15,39,169,223,1.3094170403587444,0.03960430881761366,657,"Let me get this straight ""if my phone don't ring, I'll know its you"" ?"
5340,2178,13,43,167,223,1.3094170403587444,0.03857075303704346,657,A discouraging word was heard after all.
4897,2180,14,45,177,236,1.3093220338983051,0.03760296395288887,657,"Well, you clearly didn't listen to your mother.  Let's start there."
5941,2181,9,42,143,194,1.309278350515464,0.0398448257978735,657,Any chance we can continue our sessions without the yodeling?
2919,2181,13,34,147,194,1.309278350515464,0.04244141777643118,657,Tell me about these 'dogies.'  Why do you feel they must 'git along' and where do you think they have to go?
275,2181,11,38,145,194,1.309278350515464,0.04116360094632425,657,I'd like to move you from an F-flat to a C-sharp.
4749,2184,13,38,156,207,1.3091787439613527,0.04057781168156708,657,"Yezz I zee- not cloudy all day- never a discouraging verd…
Pleaze go on..I tink ve’re finally onto someting"
6274,2184,15,34,158,207,1.3091787439613527,0.041717658508544316,657,"Actually, when seldom is heard a discouraging word, it's quite natural for one to find it hard to write a country-western song."
6623,2184,17,30,160,207,1.3091787439613527,0.04282717901060399,657,"Maybe so, Lefty, but sometimes a guitar is just a guitar."
2181,2187,10,48,162,220,1.309090909090909,0.03728593757940303,657,So your Mom also gently weeps?
4250,2187,12,44,164,220,1.309090909090909,0.03838311011376435,657,"Can you riff on that a bit more, I think we’re getting somewhere."
6482,2187,16,36,168,220,1.309090909090909,0.04048835812509318,657,"So, your wife left you for a jazz singer. How does that make you feel?"
4031,2190,13,46,174,233,1.3090128755364807,0.03743453487606007,657,Tell me more about these discouraging words you seem to be hearing since you moved to the city.
1307,2191,11,41,152,204,1.3088235294117647,0.03978357053451236,657,"No, I do not 'sing along' with my patients. It inflames the transference."
2711,2191,12,39,153,204,1.3088235294117647,0.04038598351675421,657,And how did it make you feel when she left with your dog and your truck?
3210,2191,11,41,152,204,1.3088235294117647,0.03978357053451236,657,"You've got to let it go, home, home is not on the range anymore."
4728,2194,13,41,163,217,1.3087557603686637,0.03927828710639025,657,I see...so you’ve frequently heard a discouraging word?
3937,2194,11,45,161,217,1.3087557603686637,0.038176498569091014,657,"That's our time, and by the way, do you do birthdays?"""
338,2196,11,49,170,230,1.308695652173913,0.036736689679777806,657,"One the phone, when you said you were more at home on the range, I thought you meant you were a gourmet chef"
1893,2197,16,43,184,243,1.308641975308642,0.03776117585019242,657,"We've heard about your dog, your truck, and your various ex-wives. Now let's hear about your mother."
578,2198,11,40,150,201,1.308457711442786,0.04017239649390319,657,"No, you can't change the song so that Mama won't let her babies grow up to be therapists."""
6776,2198,10,42,149,201,1.308457711442786,0.039548327351258114,657,Let's explore how it makes you feel when mommas DO let their babies grow up to be cowboys.
242,2200,12,42,160,214,1.308411214953271,0.039088395679308115,657,"OK, so your wife died, your dog ran away, and your truck was stolen. Now let’s discuss the bad things that happened this week."
3004,2200,15,36,163,214,1.308411214953271,0.040737373304118446,657,"You can sing a little faster. I charge by the hour."""
4075,2200,14,38,162,214,1.308411214953271,0.04019523124376969,657,"Did your mother ever say ""Yippie Ki Yi Yah""?"
5927,2200,14,38,162,214,1.308411214953271,0.04019523124376969,657,"Jeb, something tells me this wasn't your first rodeo."
4879,2204,13,44,170,227,1.3083700440528634,0.038085569986917665,657,You're out of tune.
225,2204,12,46,169,227,1.3083700440528634,0.037570278230659664,657,When did you first notice you'd stopped grinnin'?
1048,2204,15,40,172,227,1.3083700440528634,0.03909578380115754,657,You're telling me your self-driving truck left you too?
4887,2207,10,37,138,185,1.308108108108108,0.04178657015471458,657,"So, in spite of the bison coming and going at all hours, you’ve characterized your childhood home as a playful, encouraging, and sunny environment."
450,2208,15,31,152,198,1.3080808080808082,0.04302532457475038,657,"Let's start with that last line..
“I’ve been flushed from the bathroom of your heart.”"
6833,2208,12,37,149,198,1.3080808080808082,0.041198981369868236,657,Perhaps you should start with a ballad about your childhood
4885,2210,12,41,158,211,1.3080568720379147,0.03945473062695153,657,I think you've come a long way since your time with the hedge fund
2256,2210,15,35,161,211,1.3080568720379147,0.041134965454317655,657,"Get along little doggie, you're time's up."
2305,2212,14,41,169,224,1.3080357142857142,0.038940549894097884,657,How long have you been feeling lonesome?
5803,2212,11,47,166,224,1.3080357142857142,0.03736644370764305,657,"How long have you been stressing over this girl, Clementine?"
1457,2212,15,39,170,224,1.3080357142857142,0.03945129735451231,657,But why do you think the buffalo roam?
3504,2215,13,47,177,237,1.3080168776371308,0.036986433729025395,657,...I'm sure Freud himself would take your job and shove it.
475,2216,8,52,161,221,1.3076923076923077,0.03601867833149773,657,Did your wife leave you before or after your dog died?
518,2216,10,44,154,208,1.3076923076923077,0.03864689634707459,657,I think your problem may be that your mama let you grow up to be a cowboy!
867,2216,12,36,147,195,1.3076923076923077,0.04162267141910709,657,Let's explore that a little bit.  Exactly what do you mean by yippee i oh ki yay?
1070,2216,14,44,176,234,1.3076923076923077,0.03778615405618811,657,"Y'know, I'm getting a little tired of life on the range. Let's talk about your mother."
1386,2216,9,46,153,208,1.3076923076923077,0.038041181157449255,657,"Nice try, but the song is not ""I walk the borderline."""
2758,2216,14,40,167,221,1.3076923076923077,0.039295765678579134,657,I don't think music therapy will help if you can't play.
3317,2216,11,46,164,221,1.3076923076923077,0.03769285336117247,657,"Considering that you were born, raised and lived your entire life in Manhattan, I'd call it Dixie delusional disorder."
4274,2216,11,46,164,221,1.3076923076923077,0.03769285336117247,657,I see your problem. You are one of those men overly obsessed with the g-string.
5006,2216,18,36,180,234,1.3076923076923077,0.0396802620810605,657,It's your G string.  It's flat.
7024,2216,13,38,157,208,1.3076923076923077,0.04040960278800687,657,How did you git along with your little doggie?
5518,2226,14,43,174,231,1.3073593073593073,0.03811320008417918,657,Can you tell me about your recent heartbreak again?  That was a good one.
4764,2226,11,49,171,231,1.3073593073593073,0.03660171407111311,657,"Well, sometimes the things we think don’t make a heap of never mind reveal themselves to be the very things that do make a heap of never mind."
4091,2228,16,35,167,218,1.3073394495412844,0.04071203261498337,657,"Tell me a little bit more about the dog, the truck and the cheating wife"
5937,2228,16,35,167,218,1.3073394495412844,0.04071203261498337,657,"Once more, but with feeling."
7025,2228,12,43,163,218,1.3073394495412844,0.03857924129711313,657,Sounds like this Patsy Cline's got you pegged.
762,2231,11,41,153,205,1.3073170731707318,0.03961768042615832,657,Rule #1: Just lie back and play whatever comes into your head.
6834,2231,8,47,150,205,1.3073170731707318,0.03776358801006181,657,There must be some other way to tell me how you feel.
883,2233,15,40,173,228,1.3070175438596492,0.03894742412243646,657,Looks like you have a fret or two.
2928,2233,9,52,167,228,1.3070175438596492,0.03584751971606053,657,Next session we ought to revisit the absence of discouraging words in your childhood recollections.
4126,2233,11,48,169,228,1.3070175438596492,0.03690976016069301,657,But how did it make you feel when your best friend stole your truck and ran away with your wife?
4434,2233,14,42,172,228,1.3070175438596492,0.038448133675247215,657,What finally happened to your dog?
4529,2233,10,50,168,228,1.3070175438596492,0.036382516851595284,657,So your little dogies don't get along.  How do you feel about that?
5003,2233,12,46,170,228,1.3070175438596492,0.03742957731237619,657,"No matter what the boys in your band say, left-handedness itself is no longer considered a  sign of mental disorder."
5658,2239,6,54,155,215,1.3069767441860465,0.03542505424470043,657,Have you tried auto-tune?
3732,2239,11,44,160,215,1.3069767441860465,0.03837028178004491,657,It sounds like she's stringing you along.
375,2239,13,40,162,215,1.3069767441860465,0.03948691107362131,657,It’s just... I feel guilty continuing to play while my guitar gently weeps.
1685,2242,12,38,152,202,1.306930693069307,0.040613217704162215,657,It'll be ok.  Sadness and depression is what gives both of our jobs purpose.  Then we laugh all the way to the bank.
3399,2242,8,46,148,202,1.306930693069307,0.03811035060780282,657,Did your mother ever explain why she didn’t want you to be a cowboy?
5267,2242,13,36,153,202,1.306930693069307,0.04121519270238439,657,So you're angry your mother let you grow up to be a cowboy?
3013,2245,13,43,169,225,1.3066666666666666,0.03827635516973063,657,What else can you tell me about this home on the range?
3986,2245,15,39,171,225,1.3066666666666666,0.039299420408505314,657,"Play ""Free Bird"""
5223,2245,14,41,170,225,1.3066666666666666,0.03879126067507866,657,"Great, now I'll have that song stuck in my head all day."
6288,2245,10,49,166,225,1.3066666666666666,0.03668830530334899,657,"You need to understand that the buffalo are farmed for meat, and the deer have moved to the suburbs."
244,2249,14,37,161,212,1.3066037735849056,0.040416866364931525,657,"I know you are depressed but just because you lost your dog, wife, kids, house and truck broke down, doesn't make you a country singer"
4151,2249,7,51,154,212,1.3066037735849056,0.036339345554693245,657,You seem to be singing the same old song.
4626,2251,13,35,151,199,1.306532663316583,0.04163475480798013,657,When did you first realize you were an absolutely horrible guitarist?
711,2252,12,48,175,235,1.3063829787234043,0.0366690039258832,657,Let's pick up with when Mama tried.
1388,2253,14,40,168,222,1.3063063063063063,0.0391429032390199,657,"You think you’re lonesome, I sit here hour after hour with no one who understands me."
5750,2254,9,46,154,209,1.30622009569378,0.037887342530758455,657,"and when the little doggie didn’t get along, how did you feel?"
2959,2254,7,50,152,209,1.30622009569378,0.03665293268123346,657,Referring to your boss as 'Trailpartner' rather than 'Trailmaster' is actually a significant breakthrough.
3385,2254,13,38,158,209,1.30622009569378,0.04024272883216286,657,Let's take it from Bar 6 of the Refrain.....
2400,2257,10,40,146,196,1.3061224489795917,0.04015689176964872,657,So you were playing on the road again or On The Road Again?
4339,2257,10,40,146,196,1.3061224489795917,0.04015689176964872,657,"Not to utter a discouraging word, but . . ."
3919,2259,17,37,178,232,1.3060344827586208,0.039418341384256386,657,"So, why do you think the dove was lonesome?"
3930,2259,16,39,177,232,1.3060344827586208,0.0389420933521753,657,Half off your next session if your next personality doesn’t sing.
5041,2259,11,49,172,232,1.3060344827586208,0.036467679120946464,657,"So you think all the cows really love your songs, especially Gladys."
6185,2259,8,55,169,232,1.3060344827586208,0.03489891992540144,657,I think a 20 milligram dose will be effective for that achy breaky heart.
5834,2263,11,45,163,219,1.3059360730593608,0.03787932391311155,657,"Would you say you actually feel ""home"" on the range?"
3804,2263,14,39,166,219,1.3059360730593608,0.039503400941670014,657,I just feel as though I've yee'd my last haw
4532,2263,11,45,163,219,1.3059360730593608,0.03787932391311155,657,"Listen, we both know that you are not an old  cow hand and you are not from the Rio Grande."
4580,2263,14,39,166,219,1.3059360730593608,0.039503400941670014,657,Where the f**k is Galveston?
5968,2267,8,47,151,206,1.3058252427184467,0.037609421921956765,657,Have you ever considered that you might be the 'tumbling tumbleweed'?
40,2267,14,35,157,206,1.3058252427184467,0.0412144003801026,657,"After you girlfriend left you, your truck broke down and your dog died, what happened?"
1607,2267,18,27,161,206,1.3058252427184467,0.043451876671591075,657,"So, what I hear you singing is, your girl has come home, your truck is humming, and your dog just had puppies. Is this some sort of joke?"
5439,2270,10,54,178,242,1.3057851239669422,0.034982224889246474,657,Tell me more about these lonesome days and gamblin’ ways.
5925,2271,13,33,147,193,1.305699481865285,0.0425099458067926,657,Tell me more about these discouraging words and cloudy skies.
6866,2271,8,43,142,193,1.305699481865285,0.03920757148503059,657,"Not to minimize your pain, but isn't it common, in your line of work, for a man’s two-timing spouse to shoot his vigilant dog and run off with his faithful horse in his newly washed truck?"
1468,2273,10,50,169,229,1.3056768558951966,0.03624809494127282,657,Your pickup truck seems to be a recurring theme.
3370,2273,15,40,174,229,1.3056768558951966,0.03880014483138159,657,"Yes, Mr. President, but I don’t think singing, “La Cucaracha” and wearing a mustache will get them to vote for you."
922,2275,11,44,161,216,1.3055555555555556,0.038218661573229354,657,What else do you remember besides the Alamo?
1410,2275,12,42,162,216,1.3055555555555556,0.0387779887898422,657,"So, tell me more of this home where the buffalo roam..."
5051,2275,12,42,162,216,1.3055555555555556,0.0387779887898422,657,"Mr McCartney, you're a left handed guitarist and the similarities stop there, we have to address other issues."
257,2278,16,30,157,203,1.3054187192118227,0.04278507148892609,657,I wish I knew how to quit you.
3623,2278,12,38,153,203,1.3054187192118227,0.04044093150938543,657,And your mama did let her babies grow up to be cowboys?
5572,2278,12,38,153,203,1.3054187192118227,0.04044093150938543,657,"True enough, last week you did say you would refrain."
5794,2278,12,38,153,203,1.3054187192118227,0.04044093150938543,657,Deer and antelope?
3464,2282,11,47,168,226,1.3053097345132743,0.03708493753941805,657,"How seldom was that ""discouraging word?"""
3260,2282,11,47,168,226,1.3053097345132743,0.03708493753941805,657,...so when did you first suspect it was out of tune?
6614,2284,11,36,143,190,1.305263157894737,0.0416502847803091,657,"I'm still a-pickin', but I ain't a-grinnin' no more, Doc."
3068,2285,12,41,160,213,1.3051643192488263,0.0391366205145908,657,"Please, could you stop singing ""Home on the Deranged"""
3389,2285,13,39,161,213,1.3051643192488263,0.039698437852788176,657,I've never seen you pickin' AND grinnin'.  Tell me about that.
3801,2287,16,40,180,236,1.305084745762712,0.03845977528422619,657,I don't want to do another duet.
603,2288,17,34,172,223,1.304932735426009,0.04051554756652597,657,"Maybe you should go back to using your guns Billy, you'd do less damage."
4287,2288,13,42,168,223,1.304932735426009,0.0384696376440278,657,Do you know any songs that aren’t about being lonesome out on the range. I’m getting depressed.
4633,2288,9,50,164,223,1.304932735426009,0.03630862771174604,657,Understanding that the trusty pickup represents your father is a real breakthrough
6815,2288,15,38,170,223,1.304932735426009,0.039505838904383674,657,"For once could we try a visualization exercise without a pick-up truck, a dying dog or beer?"
640,2292,10,44,156,210,1.3047619047619048,0.03833372604093319,657,And the little dogie won't git along?
4508,2292,10,44,156,210,1.3047619047619048,0.03833372604093319,657,"And this ""jingle jangle jingle"", it made you angry?"
1991,2292,9,46,155,210,1.3047619047619048,0.03773468014387059,657,"It’s perfectly normal to be depressed when you’ve lost your dog, your girlfriend, and your good old Stetson in the same week."
6485,2295,15,41,177,233,1.3047210300429184,0.038317046754415135,657,Tell me more about the time you first plucked Miss Mabelline.
190,2295,13,45,175,233,1.3047210300429184,0.037338970739485236,657,Do you think you would have benefitted from hearing discouraging words more than just seldomly?
619,2295,10,51,172,233,1.3047210300429184,0.035821819213159516,657,And  you still think you can get anything you want at Alice's Restaurant?
43,2298,8,44,145,197,1.3045685279187818,0.03866554745980647,657,"You're not sure that you're still over her, she picked a fine time to leave you, she's always on your mind...forget therapy, you should be writing country songs!"
2279,2299,10,47,163,220,1.3045454545454545,0.03717824593280864,657,"It's on the range, yes, but does it feel like home?"
4902,2299,13,41,166,220,1.3045454545454545,0.0388169418152143,657,"And your mother, did she spend a lot of time at home, home on the range?"
6222,2299,14,39,167,220,1.3045454545454545,0.03934801103360679,657,...And that’s how I lost my dog and my truck in the same day.
6884,2299,15,37,168,220,1.3045454545454545,0.03987200738257295,657,"Call it what you want, but I'm hearing the blues."
5096,2303,15,44,184,243,1.3045267489711934,0.03721986263556426,657,"I say ""whoopie ti-yi-yo"", then you say,""get along little doggies""  and so on until the hour is up,OK?"
4130,2304,9,45,153,207,1.3043478260869565,0.038077383432162916,657,"So, Bob, how is retirement going?"
5653,2304,17,29,161,207,1.3043478260869565,0.04272123653785257,657,Elaborate on the being naked in Times Square dream.
4646,2304,15,40,175,230,1.3043478260869565,0.03865393484276605,657,I'm hearing the same old song
2972,2304,10,43,154,207,1.3043478260869565,0.038688360579447585,657,Let's get to the root of why you think it's ok to put your boots on my couch.
2761,2304,13,37,157,207,1.3043478260869565,0.04046598065266122,657,And how did you feel when the little dogies didn't git along?
1572,2304,15,40,175,230,1.3043478260869565,0.03865393484276605,657,"Crazy, crazy to think I can cure you,
crazy, crazy to think I could care..."
5582,2310,13,47,180,240,1.3041666666666667,0.03659015568782059,657,Sing the one about your wife again.
2472,2311,14,38,165,217,1.304147465437788,0.03971390993662101,657,You’re repeating yourself a lot.
5103,2311,9,48,160,217,1.304147465437788,0.0369303080804034,657,Last week we were talking about your Ma - I think its time to cut the chord
6155,2311,13,40,164,217,1.304147465437788,0.0391730167965902,657,When did you first notice you were singing the blues?
6411,2314,14,31,149,194,1.3041237113402062,0.04294606669776306,657,What rhymes with Freud?
1042,2315,8,53,166,227,1.303964757709251,0.035327467144667245,657,"...on the other hand, sometimes a bandana is just a bandana."
3213,2316,11,40,153,204,1.303921568627451,0.03966586960913848,657,"What do you really mean when you sing ""Back in the Saddle Again""?"
2945,2316,11,40,153,204,1.303921568627451,0.03966586960913848,657,"Your dog died, your wife left you, but I hear you saying that your truck still runs great."
5616,2316,11,40,153,204,1.303921568627451,0.03966586960913848,657,Why do I have the feeling you aren't listening to me?
4820,2319,13,39,162,214,1.3037383177570094,0.039538219412364274,657,But what are you really trying to say when you say yippie yi yo kayah?
5399,2319,16,33,165,214,1.3037383177570094,0.04116918387868781,657,Your problem is that you're holding the guitar backwards.
4330,2319,10,45,159,214,1.3037383177570094,0.03783701742161121,657,We've talked in previous sessions about your desire to become less picky.
5088,2319,12,41,161,214,1.3037383177570094,0.03897940257778813,657,change that tune and you'll start to feel better
3909,2319,14,37,163,214,1.3037383177570094,0.04008924747708844,657,"How was life at home, home on the range?"
2588,2319,11,43,160,214,1.3037383177570094,0.03841245704641,657,Yes. But mamas don't LET their babies grow up to be cowboys...
3945,2319,11,43,160,214,1.3037383177570094,0.03841245704641,657,"Next time, please remove your boots."
1812,2326,13,42,169,224,1.3035714285714286,0.03832169969748018,657,I know discouraging words can be hurtful. Have you considered moving back home on the range?
2541,2326,15,38,171,224,1.3035714285714286,0.03935263068084139,657,"This is the third session you've been stuck trying to find a rhyme for 'malaise.' I understand your desire to avoid clichés, but just this once, can't you call them the blues and move on?"
1238,2328,15,41,178,234,1.3034188034188035,0.03817516446309945,657,"So, to summarize, you lost your gal, your dog ran away, and your pickup broke down."
1833,2328,15,41,178,234,1.3034188034188035,0.03817516446309945,657,I think the transition to F major should come right there.
4154,2328,14,43,177,234,1.3034188034188035,0.037691653474858,657,"So...your dog died, your truck broke down and the whiskey don't work like it used to."
5924,2328,11,49,174,234,1.3034188034188035,0.03620239524287068,657,So how long have you been Willy Nelson?
390,2332,11,32,135,178,1.303370786516854,0.043500273265131485,657,Have you ever wondered why you write so many songs about your mother?
5704,2333,10,44,157,211,1.3033175355450237,0.03817894820283736,657,"Now I know your wife done left you and your truck's broke, but can we talk about what's really bothering you?"
5219,2334,15,44,185,244,1.3032786885245902,0.03708801373063332,657,So you finally changed your G string and now she's complaining about the hat?
6096,2335,12,43,166,221,1.3031674208144797,0.03812981539419878,657,My advice? Keep your day job.
2213,2335,10,47,164,221,1.3031674208144797,0.0370352825220723,657,"When I said you needed to ""cowboy up,"" this isn't what I had in mind."
4144,2335,14,39,168,221,1.3031674208144797,0.03919379405596814,657,"After your wife left you and your pick-up wouldn't start, how did that make you feel?"
710,2335,12,43,166,221,1.3031674208144797,0.03812981539419878,657,In my professional opinion your just a poor lonesome cowboy who’s a long way from home.
1939,2335,11,45,165,221,1.3031674208144797,0.037586533316371386,657,"And on a minor note, your B is flat.”"
1328,2340,6,58,167,231,1.303030303030303,0.03382506084211359,657,"I know you've ""got friends in low places"", but that doesn't make you a bad person."
2901,2340,16,38,177,231,1.303030303030303,0.03899448550778098,657,"......in conclusion, just another ten gallon hat on a two gallon head."
3379,2340,7,46,145,198,1.303030303030303,0.03782876253645196,657,"We all have to ascertain for ourselves the meaning of ""Come a ti yi yippee""."
4011,2340,11,38,149,198,1.303030303030303,0.04044888041511694,657,It's a beautiful song.  But we're here because it's about your horse.
4664,2340,12,46,173,231,1.303030303030303,0.037013454802260745,657,"So, you're an old cowhand from the Rio Grande, you've recently lost your dog, and you've got friends in low places.  May I ask where your ex-wives live?"
5319,2340,13,34,151,198,1.303030303030303,0.041697245145632944,657,So tell me how your mother reacted when you left medical school to become a singing cowboy.
893,2346,10,43,155,208,1.3028846153846154,0.0385297031601911,657,Why do you think she’s comin’ ‘round the mountain?
1111,2346,11,41,156,208,1.3028846153846154,0.039127856560513194,657,How do you feel about your gal havin' done left?
5026,2346,10,43,155,208,1.3028846153846154,0.0385297031601911,657,You say your mother's name is Clementine?
5587,2349,12,52,187,251,1.302788844621514,0.03502714890337269,657,"So, exactly when  did you and Little Dogie start having trouble getting along?"
5294,2350,14,38,166,218,1.3027522935779816,0.03955592839706327,657,Why the G minor seventh?
6158,2350,14,38,166,218,1.3027522935779816,0.03955592839706327,657,"Roy, I truly want to know more about your lost sweetheart, your dead horse, and your rabid dog.  But first, I want you to take just a moment . . . to tune that damned guitar."
818,2350,12,42,164,218,1.3027522935779816,0.03847227054726952,657,Would it help you if we sing together?
3361,2353,14,31,150,195,1.3025641025641026,0.04275371871409124,657,I'm sensing some hostility here. Tune the damn guitar.
8,2354,8,46,151,205,1.302439024390244,0.03763983349731399,657,Do you mind if I call my wife? She's a big fan.
4537,2354,14,34,157,205,1.302439024390244,0.04127591442495936,657,So it's your mother's fault that you're a gay Caballero?
1180,2356,12,41,162,215,1.302325581395349,0.03882339183146332,657,This is progress! Last week’s therapy was on horseback!
1912,2356,13,39,163,215,1.302325581395349,0.03937924027234843,657,You're high strung.
6054,2356,12,41,162,215,1.302325581395349,0.03882339183146332,657,You can't go on blaming it all on being left-handed. Jimi Hendrix did just fine for himself.
113,2359,13,42,170,225,1.3022222222222222,0.03817485067404837,657,"So you lost your wife, pickup truck and dog, how does that make you feel?"
4747,2359,16,36,173,225,1.3022222222222222,0.039703486534982166,657,I need you to put down your device and concentrate on our session.
995,2361,9,37,136,182,1.3021978021978022,0.04136987116285954,657,Tell me a bit more about your relationship with these dogies.
1502,2361,11,33,138,182,1.3021978021978022,0.04281228533752635,657,"Would you say it all fell apart for you after you lost your woman, your dog, or your pickup?"
4213,2361,11,33,138,182,1.3021978021978022,0.04281228533752635,657,Now tell me why you dropped out of law school?
3962,2364,12,34,146,192,1.3020833333333333,0.04193169421032805,657,I understand that 'little doagie' is a metaphor for the real problem.
2399,2365,14,33,155,202,1.301980198019802,0.041693146973173854,657,Mama tried. And how did that make you feel?
470,2365,8,45,149,202,1.301980198019802,0.03798376707585293,657,How long have you felt soo loonesome?
536,2365,9,43,150,202,1.301980198019802,0.038626742271147506,657,Tell me more about the burning ring of fire.
385,2368,12,40,160,212,1.3018867924528301,0.03918353364411806,657,Let's go with that. How does it feel to be in a home where the buffalo roam?
1993,2368,11,42,159,212,1.3018867924528301,0.03860878898914967,657,"And how does it make you feel to have lost your dog, your horse, your wife, and your house?"
3128,2368,11,42,159,212,1.3018867924528301,0.03860878898914967,657,"So, when did you first start feeling like the alone ranger?"
3712,2368,13,38,161,212,1.3018867924528301,0.03974996893672722,657,"Other than the buffalo roaming,any other early memories of your home?"
4967,2368,12,40,160,212,1.3018867924528301,0.03918353364411806,657,"Sorry Mr. Clampitt, but sometimes 12 bars just ain't enough to treat the blues."
5044,2373,12,43,167,222,1.3018018018018018,0.03798222865817726,657,"So your home isn't where the buffalo roam, so what?"
5207,2373,18,31,173,222,1.3018018018018018,0.04107600484132628,657,"OK, but suppose home wasn't on the range."
4603,2375,11,48,173,232,1.3017241379310345,0.03636719114662042,657,So...you think your emotional support guitar is repelling women on first dates... Lets talk about that.
5884,2376,10,40,149,199,1.3015075376884422,0.03963872551490529,657,Don't obsess over it. I'd say most people have never roped a steer cause they don't know how.
1208,2376,12,36,151,199,1.3015075376884422,0.04089922065154044,657,I can't think of anything that rhymes with 'orange' either!
7032,2378,11,41,157,209,1.3014354066985645,0.03896714963753323,657,Ever thought about putting it all down in a song?
5017,2378,12,39,158,209,1.3014354066985645,0.03955307037169048,657,Yeah but cowboys are supposed to feel lonely.
665,2378,12,39,158,209,1.3014354066985645,0.03955307037169048,657,"Now, can I hear the guitar's side of the story?"
120,2381,11,44,164,219,1.3013698630136987,0.03777059494624671,657,If you can't ignore disparaging words you'll need to move out of the city and back to the range
1966,2381,12,42,165,219,1.3013698630136987,0.03832113878624618,657,It's always the same old refrain.
3868,2381,10,46,163,219,1.3013698630136987,0.037211906794897436,657,It's perfectly normal to like Gangsta rap.
5028,2381,14,38,167,219,1.3013698630136987,0.03939915415890738,657,"Bob, There is a big difference between a habit and a hobby. See you next week."
5107,2381,12,42,165,219,1.3013698630136987,0.03832113878624618,657,And how long have you had this obsession with getting the little doggies along?
1800,2386,12,45,172,229,1.3013100436681222,0.03718881379531635,657,Depressing lyric's are my bread and butter
5341,2386,11,47,171,229,1.3013100436681222,0.03667018545207782,657,"Actually, it's not sang-Freud."
203,2388,12,48,179,239,1.301255230125523,0.03614390742674392,657,And how does it make you feel when your horse doesn't seem to enjoy your singing?
1374,2388,8,56,175,239,1.301255230125523,0.034142935040826654,657,Changing from a banjo on your knee to a guitar is only masking your condition.
4903,2390,13,49,187,249,1.3012048192771084,0.035633559911296415,657,I would prefer a check or credit card.
7028,2390,17,41,191,249,1.3012048192771084,0.03740723261424298,657,The blues again?
2744,2392,13,33,150,196,1.3010204081632653,0.04194380754129764,657,"To try to alleviate your depression, I’m prescribing an accordion.  Three polkas a day, to start.  I must be strict about this: NO tangos."
3687,2393,11,40,155,206,1.3009708737864079,0.03933492976511932,657,So you never learned to tune it?
1898,2394,12,41,163,216,1.3009259259259258,0.03866857531565665,657,"No, but if you strum a few bars, I'll try to sing along."
4064,2394,10,45,161,216,1.3009259259259258,0.03753832804841515,657,"Give me a home where the labradors roam"" is progress, Mr. Pecos."
4145,2394,12,41,163,216,1.3009259259259258,0.03866857531565665,657,"Yes, I understand. You're a businessman from New York, you go to a meeting in El Paso, and what happens next?"
4396,2394,12,41,163,216,1.3009259259259258,0.03866857531565665,657,"Your wife ran away and left you, your horse is lame and the rain is soaking your saddle. Might you be singing the blues?"
5358,2394,15,35,166,216,1.3009259259259258,0.04030456157001189,657,And how did the deer and the antelope playing make you feel?
3065,2399,13,42,171,226,1.3008849557522124,0.038029079338013735,657,"Yes, but can we just once get beyond the lonesome wail of a train in the middle of the night, your wife leaving you, and your dog's death to get at what is really troubling you?"
6863,2399,12,44,170,226,1.3008849557522124,0.03750839250797011,657,Now tell me more about falling in love with your horse.
39,2401,17,37,182,236,1.3008474576271187,0.03883440356050767,657,"Play it again, Sam. This time with more feeling."
489,2401,13,45,178,236,1.3008474576271187,0.03693051303673931,657,"Move ’em on, ride ’em out, time is up, til' next week, rawhiiiiide…."
1186,2403,14,33,156,203,1.3004926108374384,0.04151391488967062,657,What is your goal for therapy? To be happy or to write country music?
1620,2404,10,44,159,213,1.300469483568075,0.037872943410596306,657,Your neurotic fretting is more tolerable.
6373,2404,15,34,164,213,1.300469483568075,0.040691698856464696,657,"No, I don't think comparing notes will help."
3499,2404,12,40,161,213,1.300469483568075,0.039024884982270254,657,Tell me more about ornery.
4076,2407,12,43,168,223,1.3004484304932735,0.03783573371119159,657,And changing your name to Bradley Cooper will solve what exactly?
1913,2407,14,39,170,223,1.3004484304932735,0.03888882914849087,657,"How do you feel, that your mama wanted you to grow up to be a cowboy?"
122,2409,13,44,176,233,1.3004291845493563,0.03724102949455859,657,"In the first stanza you mention your daddy was a gambler. And in the chorus you acknowledge that you were born under a bad sign. But you titled the song ‘Lonesome, Lazy and Left-handed.’  It may be that you are dealing with an album."
410,2409,13,44,176,233,1.3004291845493563,0.03724102949455859,657,So it was your mother who took your rhinestones away?
6695,2411,13,40,167,220,1.3,0.03871107225310959,657,It’s not just your guitar that gently weeps.
5124,2411,12,39,159,210,1.3,0.03939043397131332,657,"So when your wife left, your dog died, and your pickup truck was stolen... how exactly did you feel?"
4911,2411,13,49,188,250,1.3,0.03551118382575871,657,"So let's talk about those discouraging words you're hearing, and the cloudy skies you're seeing."
4062,2411,13,37,160,210,1.3,0.03996466883472816,657,"So basically, you have all the country western songs troubles plus a prostate issue""."
3893,2411,12,39,159,210,1.3,0.03939043397131332,657,When was your home on the range repossessed?
6241,2411,10,43,157,210,1.3,0.038216087649132764,657,"I get the ""git along"" part, but what's a ""dogie""?"
2741,2411,9,54,177,240,1.3,0.03453213893240414,657,"So she'll be comin' 'round the mountain, and yet never seems to come. Talk about your mother."
2002,2411,11,32,137,180,1.3,0.043081203189796954,657,Sounds like you're sick and tired of playing the same old song.
337,2411,11,44,165,220,1.3,0.03762346494084843,657,"Let's stop at 12 bars and come back to this refrain next week."""
27,2411,14,38,168,220,1.3,0.03924357419247871,657,"No, Jeff, I don't want to hear 'The House of the Rising Sun' again."
3386,2411,9,48,163,220,1.3,0.03650346714115018,657,How did you FEEL when the skys turned to be cloudy all day?
3382,2422,18,38,191,247,1.2995951417004048,0.03801940457830049,657,"While your dog sounds like a very good dog, maybe we should get back to your mother."
5505,2422,13,48,186,247,1.2995951417004048,0.03578964347318405,657,"So, what more can you tell me about this achy breaky heart?"
5576,2424,14,40,173,227,1.2995594713656389,0.03839545120215883,657,"Nope, she won’t be comin’ ‘round the mountain."
5916,2424,9,50,168,227,1.2995594713656389,0.0357671147637217,657,Would it be less depressing in C?
5019,2426,9,44,154,207,1.2995169082125604,0.03795520172637351,657,"So, I understand you've come to see me about your fear of  horses"
436,2426,10,42,155,207,1.2995169082125604,0.0385681144648673,657,Do you know any happy songs?
1354,2426,12,38,157,207,1.2995169082125604,0.0397656093118904,657,But you must realize your home is NOT on the range.
4410,2426,13,36,158,207,1.2995169082125604,0.040351032195364026,657,Next personality please !
4443,2426,14,34,159,207,1.2995169082125604,0.040928082223782525,657,I'm afraid that we have to fence you in so you don't wander over yonder
5027,2431,13,33,151,197,1.299492385786802,0.04175831776327185,657,I'm not sure I can bill for sing-a-long therapy
6527,2431,13,33,151,197,1.299492385786802,0.04175831776327185,657,"Lonesome cowpoke"" my ass"
3157,2431,10,39,148,197,1.299492385786802,0.03985429708748323,657,"You're stuck because your dog didn't die, is that it?"
4607,2431,15,29,153,197,1.299492385786802,0.04298083107393023,657,How frequently are hearing these discouraging words?
4108,2435,12,46,176,234,1.2991452991452992,0.03660609788249955,657,That doesn't rhyme either.
2223,2435,13,44,177,234,1.2991452991452992,0.03710375779215704,657,"This may sound like a discouraging word, but a home filled with roaming buffaloes just isn't practical."
1155,2437,11,45,168,224,1.2991071428571428,0.03715537282051794,657,Seldom was heard a discouraging word...how do you feel about that?
1842,2437,15,37,172,224,1.2991071428571428,0.03925143917144156,657,"Earl, I get it.  Girlfriend left.  Dog dead.  Pickup broke.  But, is this really all about your mother?"
568,2439,11,42,161,214,1.2990654205607477,0.038298863851504696,657,Buffalo....roam - got it. Now tell me about your mother
3454,2439,10,44,160,214,1.2990654205607477,0.03772169141670492,657,"To dispel your feelings of claustrophobia , .... just think of Land ..lots of Land under starry skies above ."
6992,2439,8,48,158,214,1.2990654205607477,0.0365400063680775,657,I’m hoping you’ll get to the point where you don’t fret so much.
1862,2442,14,33,157,204,1.2990196078431373,0.04133616743927493,657,"How long have you been fixated on pickup trucks, whiskey and women who have left you?"
787,2443,15,28,151,194,1.2989690721649485,0.04344168512840391,657,"Okay, you’ve mastered the pickin’, now it’s time to work on your grinnin’."
5529,2443,10,38,146,194,1.2989690721649485,0.04025046902561554,657,Play me one about your mom.
5662,2443,9,40,145,194,1.2989690721649485,0.03958136312432108,657,What does 'home on the range' mean to you?
4575,2446,13,46,182,241,1.2987551867219918,0.036365296102882985,657,Tell me more about your not feeling at home on the range.
4095,2447,14,41,176,231,1.2987012987012987,0.037918158668579276,657,"So, E minor chords give you the E-B-G-B's"
6960,2447,15,39,177,231,1.2987012987012987,0.03841133000456947,657,I noticed the songs about your mother are all in a minor key
3126,2447,12,45,174,231,1.2987012987012987,0.036912053925605155,657,Would you repeat the part where you were abandoned at a Willie Nelson concert when you were 5 years old.
2698,2450,9,45,157,211,1.2985781990521328,0.03746346251603373,657,Would you describe what you're feeling as 'lonesome'?
5838,2450,10,43,158,211,1.2985781990521328,0.03806110300185477,657,"My psychoanalysis reveals it’s all classic denial ... your truck is broke down, the wife has left you, and the whiskey ain’t workin no more."
3028,2452,12,36,153,201,1.2985074626865671,0.04054650061852575,657,...and how would you feel if I told you this 'home on the range' is actually inside you?
577,2453,12,44,172,228,1.2982456140350878,0.03722525347402677,657,"Yes I know, you're an old cowhand."
1424,2453,12,44,172,228,1.2982456140350878,0.03722525347402677,657,"We’ve only got an hour, does this song have words?"
69,2455,12,41,165,218,1.298165137614679,0.03836247395022125,657,"Ok, let's take the lyrics; ""I'm so lonesome I could cry"", what are you really trying to say"
644,2455,10,45,163,218,1.298165137614679,0.03724410741701443,657,Let’s go back to the beginning - when you were left on Earl Scruggs doorstep.
5855,2455,10,45,163,218,1.298165137614679,0.03724410741701443,657,Tell me more about this Bobby McGee fellow.
3525,2458,11,40,157,208,1.2980769230769231,0.039009245886254214,657,"I'm sorry, but Willie Nelson did ""Crazy"" better than anyone."
814,2458,11,40,157,208,1.2980769230769231,0.039009245886254214,657,"And when you change key, how do you feel?"
1253,2458,9,44,155,208,1.2980769230769231,0.03779972219208669,657,Maybe you should avoid songs in a minor key.
2624,2458,10,42,156,208,1.2980769230769231,0.03840924538710161,657,sorry to tell you: but it's either  resolving your mother issues or living the cowboy blues...you can't have both.
6333,2458,13,36,159,208,1.2980769230769231,0.04018237836949863,657,And how did her driving away in your favorite truck make you feel?
1551,2463,9,41,148,198,1.297979797979798,0.03902992011764675,657,"When did you first have this dream about little doggies."""
692,2464,13,44,178,235,1.297872340425532,0.03696745549014379,657,You switched from the banjo... you're making good progress.
2765,2464,9,38,141,188,1.297872340425532,0.04037849602989724,657,"Jeez, do any of your songs have lyrics that aren't a total downer"
6700,2464,11,34,143,188,1.297872340425532,0.04176363883219921,657,"So you're worried because everything isn't ""bigger in Texas""."
1375,2467,12,43,170,225,1.2977777777777777,0.037545974169900596,657,Let's move past the pickup truck.
540,2468,10,44,161,215,1.2976744186046512,0.037571589916021636,657,"For a travelin' kind of guy, you sure spend a lot of
time on the couch."
4346,2468,10,44,161,215,1.2976744186046512,0.037571589916021636,657,Talk a bit more about what happened on the Chisholm trail.
6349,2468,12,40,163,215,1.2976744186046512,0.038711264395182576,657,"If discouraging words are seldom heard, can you tell me what has been bothering you this week?"
705,2471,6,49,150,205,1.2975609756097561,0.0362152488445333,657,Your momma wanted a doctor or lawyer or such.
3048,2471,10,41,154,205,1.2975609756097561,0.03876648397106495,657,I would recommend against a song about falling in love with your horse.
3279,2471,13,35,157,205,1.2975609756097561,0.04057477421298065,657,When did you start playing Rimsky-Korsakov
5208,2471,13,35,157,205,1.2975609756097561,0.04057477421298065,657,That’s not really what I meant when I said ‘cowboy up’ Mr. Simpson
6357,2475,11,50,181,242,1.2975206611570247,0.035276689860497173,657,Encore? Sure ... $200 an hour.
6441,2475,8,56,178,242,1.2975206611570247,0.033787093942803,657,You sound as if you have lost a fair bit of your range.
1425,2477,12,34,149,195,1.2974358974358975,0.04137113313473756,657,Let's talk about your home on the range. Did the deer and the antelope bully you?
5554,2478,12,45,175,232,1.2974137931034482,0.03677515069155718,657,"Now, how about one about your mother?"
469,2479,13,40,169,222,1.2972972972972974,0.03840889387448242,657,"If you play 'On Top of  Old  Smokey' once more, you can find yourself  another therapist."
1971,2479,12,42,168,222,1.2972972972972974,0.03787450834023002,657,Git along little dogie is not really the answer we’re looking for.
3640,2479,9,48,165,222,1.2972972972972974,0.036224082349631086,657,"And why do you suppose everyone calls you ""Lefty"", Steve?"
2323,2482,10,43,159,212,1.2971698113207548,0.03790731632928391,657,Your mother let you you grow up to be a cowboy. How do you feel about that?
3456,2482,12,39,161,212,1.2971698113207548,0.03906899121490711,657,Let's talk more about how your mama let you grow up this way.
6014,2482,11,41,160,212,1.2971698113207548,0.038492536327442,657,So the man in Reno did nothing to provoke you?
6686,2482,14,35,163,212,1.2971698113207548,0.04019710832650258,657,Tell me more about why your mother didn't want you to grow up to be a cowboy.
5637,2486,12,47,180,239,1.297071129707113,0.036046088824038564,657,"Ok Bill, let’s try it again from the top, perhaps with a little less whining about old dogs, horses and cold hearted women."
1495,2487,12,44,173,229,1.296943231441048,0.037085217310245715,657,So you believe the sky is not blue all day...?
6183,2487,12,44,173,229,1.296943231441048,0.037085217310245715,657,"Have you considered playing it in major?"""
6601,2487,12,44,173,229,1.296943231441048,0.037085217310245715,657,But he takes his clothes off and plays in Times Square with just his briefs and boots.  What's your M.O.?
6933,2487,17,34,178,229,1.296943231441048,0.039583332287881065,657,"No, Mr. Pickens. ""Home on the Deranged"" is not a good title."
1355,2491,9,39,144,192,1.296875,0.03979596090787546,657,Your co-dependent relationship with your horse strikes a chord with me.
801,2492,7,51,161,219,1.2968036529680365,0.03536430229805394,657,"Well, that takes care of where you came from, Tex. Now, how about telling me about your problem."
1086,2492,8,49,162,219,1.2968036529680365,0.03595171362132057,657,"Not bad, but your mother was right - you shouldn’t have dropped out of that accounting course"
1603,2492,9,47,163,219,1.2968036529680365,0.0365296803652968,657,So let's see... you're so lonesome you could cry.
1859,2492,12,41,166,219,1.2968036529680365,0.03821116398952879,657,It gets lonely on the range. Sometimes cowboys have to kiss.
3932,2492,8,49,162,219,1.2968036529680365,0.03595171362132057,657,Can we get beyond your love affair with your truck?
4573,2492,11,43,165,219,1.2968036529680365,0.037659012442619336,657,"Buffalo and deer, yes. But antelope are not endemic to North America. You’re thinking pronghorn."
6129,2492,12,41,166,219,1.2968036529680365,0.03821116398952879,657,"Are you taking my notes seriously?"" 
(Caption composed by Owen Anderson, 8 yrs. old; caption transcribed by Emily Anderson, 42 yrs. old"
1578,2499,8,38,136,182,1.2967032967032968,0.04047934732544254,657,It’s called the Lonesome Road for a reason.
4706,2500,10,42,157,209,1.2966507177033493,0.038251624481199335,657,We've established that your home was on the range.  Let's narrow the focus a little bit.  Tell me about your mother.
5824,2500,17,28,164,209,1.2966507177033493,0.042252019479885716,657,"On the plus side, I can think of plenty of words to rhyme with perphenazine and amitriptyline."
6393,2500,11,40,158,209,1.2966507177033493,0.038848338451015915,657,"Other than ‘Come a ki yi yippee yippee yi yippee yay,’ what comes to mind?"
6438,2503,16,38,182,236,1.2966101694915255,0.03827258321981867,657,So why do YOU believe your horse galloped off with another cowboy?
4196,2504,11,37,151,199,1.2964824120603016,0.0401470375284984,657,Have you ever considered that there just may not be a good rhyme for fentanyl?
6321,2504,10,39,150,199,1.2964824120603016,0.03950981874909027,657,"Well, Blake, I guess that’s why they call it the blues."
1655,2506,12,43,171,226,1.2964601769911503,0.037402687408795335,657,"You’ve been singing “Get a long little doggie “ for years. Now that your dog did what you told him to do, what’s the problem?"
1706,2506,12,43,171,226,1.2964601769911503,0.037402687408795335,657,"So, your home is on a range where the skies are cloudy all day, and where discouraging words are heard about buffalo that don't roam, and about deer and antelope that no longer play. Is that correct?"""
3922,2506,10,47,169,226,1.2964601769911503,0.03633590912403413,657,So far we’ve established that you’re A.) a ‘buckaroo' and B.) you’ve been 'done wrong.’ Please continue.
1031,2509,10,44,162,216,1.2962962962962963,0.03742262676385655,657,"So, you're the black sheep in a family of doctors and lawyers and such."
2827,2509,9,46,161,216,1.2962962962962963,0.036842728886047824,657,...and how did you feel when the buffalo roamed?
4214,2509,12,40,164,216,1.2962962962962963,0.03855626587442165,657,I believe you may be mischaracterizing your negative attitude.  I haven't heard a discouraging word yet.
4999,2509,9,46,161,216,1.2962962962962963,0.036842728886047824,657,And these other two guitarreros – are they here right now?
1049,2513,11,47,175,233,1.296137339055794,0.03613078591841589,657,I can SEE by your outfit that you are a cowboy.
4080,2513,10,49,174,233,1.296137339055794,0.03561509543767151,657,Your mood is almost low enough to return to songwriting.
1305,2515,10,41,155,206,1.296116504854369,0.038604871362523226,657,"You have to want to get your dog back, your truck back, your girl back, your horse back, your job back..."
3201,2515,12,37,157,206,1.296116504854369,0.03981275532681512,657,I get paid by the hour so don't hold that note too long
104,2515,11,39,156,206,1.296116504854369,0.03921346439445138,657,When did you first notice an urge for a home where the buffalo roam?
579,2515,11,39,156,206,1.296116504854369,0.03921346439445138,657,Let's try it with a little less remorse.
2023,2519,11,44,168,223,1.295964125560538,0.037188591105162254,657,"Nothing will get resolved, you are left handed."
4170,2519,15,36,172,223,1.295964125560538,0.03930124530520097,657,"So Chief Justice Breyer, when did you decide to change careers?"
5095,2519,7,52,164,223,1.295964125560538,0.03494845825260859,657,Please!  Not another done somebody wrong song.
6705,2519,9,48,166,223,1.295964125560538,0.036085911673541506,657,"I understand Blaze is your trusty steed, but I don’t think giving Uber drivers five stars would be a betrayal."
7020,2519,11,44,168,223,1.295964125560538,0.037188591105162254,657,And how is Poor Lonesome Me working out for you?
947,2524,12,34,150,196,1.2959183673469388,0.04118748047308187,657,We'll have you playing major chords in no time!
6827,2525,11,41,161,213,1.295774647887324,0.038336788980000286,657,When did you start having these feelings for little doggies?
6788,2525,11,41,161,213,1.295774647887324,0.038336788980000286,657,"Sometimes, Tex, a little dogie is just a little dogie."
4068,2525,11,41,161,213,1.295774647887324,0.038336788980000286,657,Sometimes a bandana is just a bandana.
3851,2525,10,43,160,213,1.295774647887324,0.03775471476052329,657,Let’s go back and chat about the home where the buffalo roam.
4381,2525,13,37,163,213,1.295774647887324,0.03947519720779446,657,"In most relationships, ""No strings attached"" is rarely attainable."
3364,2525,10,43,160,213,1.295774647887324,0.03775471476052329,657,"And when you hang your head over and hear the wind blow, how does that make you feel?"
2796,2525,10,43,160,213,1.295774647887324,0.03775471476052329,657,Tell me more about the good and then I’d like to move on to the ugly.
2428,2525,9,45,159,213,1.295774647887324,0.037163524913547685,657,Play the one about your mother again.
3413,2525,14,35,164,213,1.295774647887324,0.0400322632041065,657,"Evidently, you're a picker not a grinner."
3982,2534,11,33,142,186,1.2956989247311828,0.04201290924752085,657,"Now that we've established that your truck broke down, your wife left and dog died, perhaps you can tell me about your feelings for your mother"
3779,2535,14,40,176,230,1.2956521739130435,0.03796005119199925,657,I take it verse two is about your mother?
1134,2536,10,40,153,203,1.2955665024630543,0.038967434523319466,657,And how did it make you feel when your horse disparaged your music?
2342,2536,9,42,152,203,1.2955665024630543,0.03833650483661444,657,'Them blues' is not a medically recognized term.
3873,2538,8,49,163,220,1.2954545454545454,0.035813343458048395,657,Tell me more about this 'Clementine.'
206,2539,16,38,183,237,1.2953586497890295,0.03813129719209515,657,"So, you let your babies grow up to be cowboys?"
5461,2539,12,46,179,237,1.2953586497890295,0.036207250688356556,657,Let's talk about your home and where you roam.
5727,2539,10,50,177,237,1.2953586497890295,0.03520581757093993,657,The range just doesn’t feel like home anymore.
4648,2542,12,51,191,254,1.295275590551181,0.03458255318497096,657,Sometimes a dogie is just a dogie.
4398,2543,13,36,161,210,1.2952380952380953,0.03984912251726724,657,"...and why, do you think, that you need  these little dogies to git along?"
6575,2543,12,38,160,210,1.2952380952380953,0.03927319822442624,657,“So...in your day job...wearing a judicial robe feels like role playing?”
4267,2543,6,50,154,210,1.2952380952380953,0.03562265148818217,657,"Try to embrace your inner child, that boy named Sue."
2263,2543,12,38,160,210,1.2952380952380953,0.03927319822442624,657,Can you give me the last line again.
1218,2543,11,40,159,210,1.2952380952380953,0.03868870160853138,657,"Perhaps sweet Sally overreacted when she called you an inconsiderate, self-indulgent excuse for a cowboy, HEY are you wearing spurs on my couch!"
690,2543,14,34,162,210,1.2952380952380953,0.0404168409455424,657,Why do YOU think the buffalo want to roam?
320,2543,13,36,161,210,1.2952380952380953,0.03984912251726724,657,Do you take requests?
2590,2550,9,49,169,227,1.2951541850220265,0.03565650695069442,657,But perhaps a nine-gallon hat is good enough.
3904,2550,11,45,171,227,1.2951541850220265,0.03673358351322897,657,"'I know it makes you feel better, but we can't have an audience here for every session'"
6769,2550,15,37,175,227,1.2951541850220265,0.03879813780737762,657,"So Willie, how do you feel about your Mamma making you grow up to be a cowboy?"
2595,2553,13,46,185,244,1.2950819672131149,0.035979302285542705,657,Have you considered group?
6904,2553,16,40,188,244,1.2950819672131149,0.03735912583585953,657,Do you have any songs that don't involve your mother?
1224,2555,12,35,153,200,1.295,0.04059698976389072,657,"I understand, you’re a lonesome cowboy, what else is new?"
2147,2555,14,31,155,200,1.295,0.04181648108643603,657,Well you and the horse you rode in on can pay for a second hour if you're going to use that kind of language in my office.
3734,2555,8,43,149,200,1.295,0.03804090630839149,657,"Surely your dog, your girlfriend, and your truck didn’t ALL die at the same time!"
5509,2558,9,46,162,217,1.294930875576037,0.036697964102612265,657,Your problem is you are holding the guitar the wrong way!
2209,2558,11,42,164,217,1.294930875576037,0.03784282447562329,657,Let's go back to when you were three years old and you met Roy Rogers.
2064,2558,12,40,165,217,1.294930875576037,0.038402457757296476,657,"So, all day you face a barren waste without a taste of water...how might we cope with that challenge?"
1319,2558,11,42,164,217,1.294930875576037,0.03784282447562329,657,Stop whining--that's why they call it the Blues.
650,2558,12,40,165,217,1.294930875576037,0.038402457757296476,657,Sometimes a home on the range is just a home on the range.
268,2558,9,46,162,217,1.294930875576037,0.036697964102612265,657,You seem to have unresolved issues with your Grammy.
1776,2558,13,38,166,217,1.294930875576037,0.038954051898474534,657,I think you need to accept that maybe people will know “the trouble you’ve seen” if you open up to them.
4707,2565,12,45,177,234,1.294871794871795,0.03650424879880061,657,I see a lack of empathy for the little dogie’s misfortune”
1660,2566,5,51,151,207,1.2946859903381642,0.035262905520259964,657,"Lets explore some deeper chords besides D,C and G."
4217,2566,13,35,159,207,1.2946859903381642,0.04023293958952012,657,"Just so you won’t be surprised, therapy with country singing doubles the fee."
4259,2566,15,31,161,207,1.2946859903381642,0.04138228677326538,657,And how does your dogies not gittin along make you feel?
4559,2566,12,37,158,207,1.2946859903381642,0.039645772949062005,657,"Bill, help me understand; it appears you've really transformed from last week's interest in Bollywood."
5315,2566,13,35,159,207,1.2946859903381642,0.04023293958952012,657,"So,your mother let you grow up as a cowboy..."
6304,2571,9,48,167,224,1.2946428571428572,0.035948741954867365,657,Perhaps the range was more of an escape than a true home?
6352,2571,12,42,170,224,1.2946428571428572,0.037582274529835355,657,You don't need a microphone. You're projecting enough already.
6066,2571,9,48,167,224,1.2946428571428572,0.035948741954867365,657,"Hang on, sing the chorus again - I have an idea."
5489,2571,11,44,169,224,1.2946428571428572,0.03704576793557515,657,Take us back to your home and never hearing a discouraging  word.
4957,2571,10,46,168,224,1.2946428571428572,0.03650137648140224,657,"And what comes up for you when I say, “where the deer and the antelope play?”"
1097,2571,10,46,168,224,1.2946428571428572,0.03650137648140224,657,I guess this next song will also be about your mother.
5764,2571,13,40,171,224,1.2946428571428572,0.03811122926035494,657,"Let me get this straight; You're old cow hand from the Rio Grande
  And you’re going to bawl if they build the wall."
872,2578,12,34,151,197,1.2944162436548223,0.041005396004704674,657,Let’s talk about your belief that your dog stole your pickup.
4437,2578,11,36,150,197,1.2944162436548223,0.040368863407445346,657,So you’re saying Loraine done you wrong .
717,2580,10,43,161,214,1.294392523364486,0.037603285584448434,657,"But you told the little dogies to git along, right?"
1733,2580,9,45,160,214,1.294392523364486,0.03701526871125758,657,"What do you mean, you still got the blues?"
1778,2580,10,43,161,214,1.294392523364486,0.037603285584448434,657,"Again, sorry about your dog. Can we move beyond that?"
3207,2580,10,43,161,214,1.294392523364486,0.037603285584448434,657,"Tell me more why your “momma” didn’t
want you to grow up to be a cowboy."
5715,2580,10,43,161,214,1.294392523364486,0.037603285584448434,657,You will never make any progress if you keep singing the same old song.
6571,2585,12,44,175,231,1.2943722943722944,0.03680816016417091,657,Let's circle back on Willie Nelson and your mother.
5713,2586,12,36,156,204,1.2941176470588236,0.04002828529305421,657,So you’ve lost your home and your range?
5390,2586,12,51,192,255,1.2941176470588236,0.03446612531911166,657,So you say your whole life feels like a country-Western song—or just the divorce?
4098,2586,15,30,159,204,1.2941176470588236,0.041798913429958985,657,So you were out in the West Texas town of El Paso and you fell in love with a Mexican girl. How did that make you feel?
4000,2586,10,40,154,204,1.2941176470588236,0.03880300585289877,657,Just because you're reclining doesn't mean you're not a walking cliche.
1153,2586,12,36,156,204,1.2941176470588236,0.04002828529305421,657,"Before we move on, you should write down those lyrics."
3149,2586,10,45,166,221,1.2941176470588236,0.03681095404557317,657,"So, you're bitter about not being invited when the deer and the antelope play?"
1397,2586,8,49,164,221,1.2941176470588236,0.035675981657683015,657,The pickup truck must represent your mother.
1075,2586,13,34,157,204,1.2941176470588236,0.040627069838263766,657,Has growing up as a boy named Sue affected your gender identity?
6751,2586,15,30,159,204,1.2941176470588236,0.041798913429958985,657,"While home on the range, how often did you hear a discouraging word?"
3461,2586,11,38,155,204,1.2941176470588236,0.03942040643323097,657,"No, I can't tell you ""where cowboys go when they die."""
733,2596,16,40,189,245,1.2938775510204081,0.03722581627354903,657,I wouldn't sing about it if I were you
2579,2597,16,35,177,228,1.293859649122807,0.0391460066508728,657,"So, there never was a horse like the Tennessee stud?"
180,2597,9,49,170,228,1.293859649122807,0.035523369745384725,657,These buffalo gals who dance by the light of the moon are just a figment of your imagination Clem.
980,2599,12,38,161,211,1.2938388625592416,0.039111663175757296,657,"I agree it's a decidedly American metaphor, but jeezus Gary you are a Proctologist and I personally don't think it suits you."
1573,2599,8,46,157,211,1.2938388625592416,0.03673113181299694,657,"There, I turned my chair. Now put down the guitar."
855,2599,18,26,167,211,1.2938388625592416,0.042432787140831194,657,"My advice - change the lyrics. 'I've never been to bed with an ugly woman, but I've sure woken up with a few' won't cut it with the MeToo crowd."
2676,2602,6,52,160,218,1.2935779816513762,0.03477616522482462,657,"Perhaps “Yippie yi ooh
Yippie yi yay” was a bit of a trigger for you, no?"
2762,2602,10,44,164,218,1.2935779816513762,0.03712806766217293,657,`Don't Fence Me In'? -- You're paranoid.
3659,2602,15,34,169,218,1.2935779816513762,0.03987333800994254,657,Dang me. Dang me. I ought to take a rope and hang me.
5301,2602,10,44,164,218,1.2935779816513762,0.03712806766217293,657,When did it stop feeling like your home on the range?
5698,2602,16,32,170,218,1.2935779816513762,0.040400012613869024,657,"Once more, this time with feeling."
607,2607,9,36,139,184,1.2934782608695652,0.040836529922145794,657,"I'm an old cowhand from Flushing, Queens"" may, in fact, be of no deeper significance.  But it's catchy"
3258,2608,10,46,169,225,1.2933333333333332,0.03636237371545238,657,Tell me again when Lucile left you with four hungry children and a crop in the field.
3550,2608,9,48,168,225,1.2933333333333332,0.03581256319421555,657,"So, you travel alone, but are you really lonesome?"
6743,2608,12,42,171,225,1.2933333333333332,0.03743777906857325,657,"We've covered your dog, girlfriend and your old car. Let's move on."
6115,2611,9,43,156,208,1.2932692307692308,0.03767396688213638,657,"These deer, and the antelope. Tell me how they play."
4563,2611,14,33,161,208,1.2932692307692308,0.04063967824275414,657,Where do you identify on the continuum from country to western?
4065,2611,10,41,157,208,1.2932692307692308,0.03828549221368277,657,Why do you think you need a home where the buffalo roam?
3769,2611,14,33,161,208,1.2932692307692308,0.04063967824275414,657,I have been considering suicide... ever since you started playing.
3494,2611,15,31,162,208,1.2932692307692308,0.04120721515805502,657,"I hate to tell you, but, it's your misfortune and none of my own."
1470,2616,16,24,151,191,1.293193717277487,0.044412565104590476,657,"Can you sing ""Crazy"" by Patsy Cline?"
2226,2617,15,38,179,232,1.293103448275862,0.03816710589998005,657,Can we extend these sessions to 90 minutes? I was born a ramblin' man.
2477,2617,11,46,175,232,1.293103448275862,0.03615870519577982,657,"Much like you, Freud could pick, but not grin."
2542,2617,19,30,183,232,1.293103448275862,0.04007497952744666,657,"So you lost your wife,your house your car...your depressed , but I think you’ve got a great country song!"
4446,2617,12,44,176,232,1.293103448275862,0.03667111893945369,657,I never sang for my father.
5656,2621,13,37,165,215,1.2930232558139534,0.039155266050165824,657,"No one knows the meaning of  ""Yippie Yi O Kayee"""
5692,2621,8,47,160,215,1.2930232558139534,0.03627383084014135,657,Let's start with your feelings for that little dogie.
5934,2621,7,49,159,215,1.2930232558139534,0.03566962282799153,657,Do you think it's time Warbling Dave could just be... Dave?
6876,2621,11,41,163,215,1.2930232558139534,0.038028900026206874,657,"Play ""Bad Shrink Blues"" one more time and the guitar is out the window."
4650,2625,9,40,149,198,1.292929292929293,0.038895330920600046,657,"I’m prescribing more ‘Home, home on the range” and less ‘Achy breaks heart’."
4370,2626,12,46,181,239,1.292887029288703,0.03594595776791692,657,How young were you when your pa first made you yodel?
400,2626,13,44,182,239,1.292887029288703,0.03643174971876314,657,"I really enjoy western music, but it's
 costing you $175. an hour."""
6167,2628,10,45,167,222,1.2927927927927927,0.03666870534811868,657,"I don’t often say this, but you may need to consider switching genres."
5228,2628,8,49,165,222,1.2927927927927927,0.03553961815513707,657,I like where this is going. But let's say you have something discouraging on your mind - what then?
4719,2628,12,41,169,222,1.2927927927927927,0.037764049639853865,657,And when did you first start feeling like an old cowhand from the Rio Grande?
2327,2628,11,43,168,222,1.2927927927927927,0.03722040701757904,657,So you regret telling your little dogies to git along.
4380,2628,11,43,168,222,1.2927927927927927,0.03722040701757904,657,Your life sounds a lot like most country music songs.
2812,2628,13,39,170,222,1.2927927927927927,0.03829997639488106,657,Well it’s time to “git along little doggie.”
4469,2628,11,43,168,222,1.2927927927927927,0.03722040701757904,657,So how does it make you feel that your little doggie didn't git along?
2476,2635,7,46,152,205,1.2926829268292683,0.03673649639188172,657,"My method is, I try to get inside your mindset and see the world from your perspective. Um, pardner."
2052,2636,11,45,173,229,1.2925764192139737,0.03645745700979119,657,So why do you think you would be so much happier deep in the heart of Texas?
4084,2636,13,41,175,229,1.2925764192139737,0.03749342492286663,657,OK. Let's talk about why you want to be buried not on the lone prairie.
4702,2636,7,53,169,229,1.2925764192139737,0.034291758338834785,657,The desire for a crossover hit is natural.
7002,2636,13,41,175,229,1.2925764192139737,0.03749342492286663,657,So your wife just left you and your dog died. How would you describe your relationship with your mother?
6210,2640,9,37,142,188,1.2925531914893618,0.040233974953852655,657,Well then try playing right handed.
6548,2640,10,35,143,188,1.2925531914893618,0.04093485109319708,657,"Tell me what happened after the I'm Okay, You're Okay Corral."
5566,2642,7,48,157,212,1.2924528301886793,0.03596746213559799,657,"And how long have you two had ""creative differences"" ?"
4401,2642,8,46,158,212,1.2924528301886793,0.03658372662956471,657,"So tell me happened after your dog died, your wife left you and your ran out of whiskey."
2157,2642,7,48,157,212,1.2924528301886793,0.03596746213559799,657,It seems like your life is one sad country song after another.
2681,2642,11,40,161,212,1.2924528301886793,0.03837318359218927,657,Do you feel guilty that the dogies' misfortune is none of your own?
4342,2642,7,48,157,212,1.2924528301886793,0.03596746213559799,657,"No, I expect to be paid with cash or credit card."
1360,2647,14,36,169,219,1.2922374429223744,0.0391825064619161,657,I’m sorry but I don’t think I can help with  your so called hitch in your giddy up
3002,2647,16,32,171,219,1.2922374429223744,0.04023745125129951,657,Just stop fretting so much and you'll be fine.
4491,2647,10,44,165,219,1.2922374429223744,0.03698244815467038,657,So how did it feel to be the only kid on the range who wasn’t allowed to play with the deer and the antelopes?
5642,2647,9,46,164,219,1.2922374429223744,0.03641166895696459,657,50 minutes. Why? Did you tie up your horse at a meter?
6791,2647,16,32,171,219,1.2922374429223744,0.04023745125129951,657,"Alright, tell me about your troubles, and we'll see if we can fix your heart, your achy breaky heart."
2938,2652,6,47,149,202,1.2920792079207921,0.03639028934049093,657,"Yes, it can be part of the therapeutic process if you tell me in song how your woman done you wrong."
6354,2652,11,37,154,202,1.2920792079207921,0.03963012041780431,657,Tell me about those discouraging words back home on the range.
2881,2654,11,44,171,226,1.2920353982300885,0.03676325805620152,657,We will continue exploring your frets at the same time next week.
4659,2654,10,46,170,226,1.2920353982300885,0.03622438096285251,657,And before the range - you lived where?
5748,2656,6,49,154,209,1.291866028708134,0.03563277701461629,657,I’m prescribing a trip down to San Antone.
2599,2656,12,37,160,209,1.291866028708134,0.03931583074916931,657,"So, you don't feel at home on the range?"
1092,2656,13,35,161,209,1.291866028708134,0.039896631091500954,657,So what happened after your dog died and your momma got out of prison?
2450,2656,8,45,156,209,1.291866028708134,0.03690132853545186,657,We all lose our yodellehe eventually. Maybe you can yippee kio kia  instead.
1143,2660,10,48,175,233,1.2918454935622317,0.0355079284080533,657,And just when did your lone-o-oh-o-onesome hear-e-ar-e-art first begin to feel this way?
3554,2660,13,42,178,233,1.2918454935622317,0.037037939791182896,657,"Your woman left ya, your truck broke down, and your dog died? 
No wonder you're depressed."
1204,2662,7,42,143,192,1.2916666666666667,0.03825471868980437,657,"You do show a lot of pluck, Lefty."""
2635,2662,8,47,161,216,1.2916666666666667,0.03613098240776488,657,How long would you say you've felt 'lonesome' for
4832,2664,11,43,169,223,1.2914798206278026,0.037076378636123786,657,When did you start to feel that home was really on the range?
778,2665,11,36,152,199,1.2914572864321607,0.040016581186842023,657,"No, I don't hear a lonesome whistle blow."
1351,2666,13,41,176,230,1.291304347826087,0.037351721578942065,657,Notwithstanding your discouraging words the skies are sometimes cloudy all day.
3534,2666,13,41,176,230,1.291304347826087,0.037351721578942065,657,So tell me about these unusual thoughts of happiness.
3484,2668,8,44,154,206,1.2912621359223302,0.03722695109551507,657,"Okay, you don’t know that one? Well, how about “Don’t fence me in”?"
5689,2668,14,32,160,206,1.2912621359223302,0.04086568327160957,657,We'll need to go deeper on your relationship with Old Paint.
1929,2668,10,40,156,206,1.2912621359223302,0.038478114320529666,657,How long have you felt achy breaky?
2869,2668,15,30,161,206,1.2912621359223302,0.04144108789780319,657,"By any chance do you know ""Free Bird?"""
2438,2672,11,47,179,237,1.2911392405063291,0.03560638079380756,657,Do you feel like you had an equal pardner in the relationship?
4680,2672,9,51,177,237,1.2911392405063291,0.03458755472221814,657,"Okay....you've proved you've got rhyme....but, let's face it...there's no hint of reason."
1459,2674,15,32,166,213,1.2910798122065728,0.04046879915994067,657,"OK, now sing me one from your id."
5169,2674,10,42,161,213,1.2910798122065728,0.037633352125536666,657,"On a scale of 1 to 10, rate your ennui since, as you put it – “yo baby done up'n gone.”"
2356,2676,10,44,166,220,1.290909090909091,0.036837919876711964,657,Have you considered that your horse may have wanted a different pardner?
5025,2676,12,40,168,220,1.290909090909091,0.037948047929679735,657,"So, your gal left you, you've been drinking heavily and your dog died. How did that make you feel?"
5036,2678,14,45,192,251,1.2908366533864541,0.035654143057657656,657,I'm just gonna start a little campfire to help you relax.
751,2679,9,39,148,196,1.2908163265306123,0.0390974407613967,657,Now doesn't that feel better than your gun?
3596,2680,12,42,173,227,1.2907488986784141,0.0371519749497316,657,What part of  Yippee Hi Ho don't you feel?
1936,2680,10,46,171,227,1.2907488986784141,0.036087388002833294,657,Tell me about your relationship with Clementine.
2610,2680,17,32,178,227,1.2907488986784141,0.03968870641834533,657,I'm going to prescribe you some banjo diazepines.
3356,2683,10,39,154,203,1.29064039408867,0.03883773828827065,657,"If you keep playing that same old tune, we'll never get anywhere!"
3495,2683,12,35,156,203,1.29064039408867,0.04007388945224883,657,"It really only matters that ""you"" think your tractor is sexy."
2535,2683,9,41,153,203,1.29064039408867,0.038204666797483994,657,"No encore, please!  Your time is up."
2948,2683,14,31,158,203,1.29064039408867,0.04127303376678187,657,"Actually, Freud didn't say that about a ""guitar"""
3580,2687,6,56,172,234,1.2905982905982907,0.033239472849102725,657,Would you say more about your relationship with Clementine?
1972,2688,8,45,157,210,1.2904761904761906,0.03675147683997434,657,So you still feel more like a cow BOY than a cow MAN? Tell me more about your relationship with your mother.
4588,2689,15,40,186,241,1.2904564315352698,0.037113161452278665,657,So what makes you say it takes a worried man to sing a worried song?
2008,2690,14,26,146,186,1.2903225806451613,0.04390241107836218,657,What rhymes with despondent?
2050,2690,10,52,186,248,1.2903225806451613,0.03406831319539946,657,I see our plan to quit fretting over it isn’t really working out.
3145,2690,10,43,164,217,1.2903225806451613,0.0371559076623613,657,You say this started when she broke your 'achey-breaky' heart?
3850,2690,9,45,163,217,1.2903225806451613,0.03657720706540908,657,"Again, me do-si-doing while you play is not why we are here."
4527,2690,8,47,162,217,1.2903225806451613,0.03598920225842336,657,And what was your mother wearing in this home on the 'range'?
5388,2690,13,37,167,217,1.2903225806451613,0.03884030981774271,657,"When did you first suspect that the ""little dogies"" were plotting revenge?"
6472,2690,11,41,165,217,1.2903225806451613,0.03772573222247683,657,"Any requests, you say?   Yes--pay the two months you're behind on your bill."
6738,2690,11,41,165,217,1.2903225806451613,0.03772573222247683,657,If you don’t like my lyrics then find another psychiatrist.
6821,2690,10,43,164,217,1.2903225806451613,0.0371559076623613,657,I reckon it's your ma.
5050,2699,12,41,171,224,1.2901785714285714,0.03747153330621584,657,One where she leaves the dog would be progress.
3541,2699,11,43,170,224,1.2901785714285714,0.03693341808470236,657,These happy feelings are wrecking your career?
1894,2699,14,37,173,224,1.2901785714285714,0.03852522137662144,657,So you blame your mama for not letting her babies grow up to be cowboys?
3327,2699,11,43,170,224,1.2901785714285714,0.03693341808470236,657,But does your truck love you back?
1444,2703,8,40,145,193,1.2901554404145077,0.038788073715847506,657,Sometimes mommas let us grow up to be cowboys.
3858,2703,11,34,148,193,1.2901554404145077,0.04082195195028793,657,"Nice melody, I'm almost through writing the lyrics."
1897,2705,8,51,172,231,1.29004329004329,0.03458965975222773,657,Are you still feeling lonesome?
545,2706,9,42,156,207,1.289855072463768,0.037700636803480826,657,‘It’s hard being a cowboy in New York’
3535,2706,12,36,159,207,1.289855072463768,0.03952270690684244,657,Perhaps we should begin with your home life.  Where exactly do these deer and antelope play?
6032,2706,10,40,157,207,1.289855072463768,0.03831762167297668,657,"Your dislocation anxiety is perfectly understandable, but what do you suppose the deer and the antelope really represent?"
6637,2706,8,44,155,207,1.289855072463768,0.03707338533372119,657,"You can't keep tuning me out, Stevie."
4177,2710,9,44,161,214,1.2897196261682242,0.03689181709552622,657,So you have no idea where you left your horse?
5136,2710,10,42,162,214,1.2897196261682242,0.037481770737102904,657,"Once again: you can't blame it all on Mama, trains, prison, or your pick-up truck."
4560,2710,13,36,165,214,1.2897196261682242,0.03919839339214928,657,It’s not your mother’s fault that you grew up to be a cowboy.
1801,2710,10,42,162,214,1.2897196261682242,0.037481770737102904,657,"' Yes, yes. 'We'll cut 'em off at the Past.'  Happy now?"""
397,2710,15,32,167,214,1.2897196261682242,0.040302208158904375,657,You'll feel better soon - don't fret.
1610,2710,14,34,166,214,1.2897196261682242,0.0397541320305786,657,..so...after you lost your girl....your dog...your job and your truck...what happened next?
307,2710,12,38,164,214,1.2897196261682242,0.03863466158188408,657,"..so since you still have your trailer, truck, rifle, wife, job and dog, you feel that you have nothing to contribute?"
2072,2710,18,26,170,214,1.2897196261682242,0.04190344722598139,657,"Oh, I've got Freud's in high places...."
3274,2718,12,40,169,221,1.2895927601809956,0.03779887435190373,657,Are you lonesome...cowboy?
3275,2718,13,38,170,221,1.2895927601809956,0.03833914758473365,657,"You're saying you heard a discouraging word, and your skies are now cloudy all day? Tell me about your childhood."
4238,2718,12,40,169,221,1.2895927601809956,0.03779887435190373,657,"Yes, I’m afraid that thoughts of participating in ‘deer and animal play’ IS considered somewhat unnatural."
5422,2721,10,46,172,228,1.2894736842105263,0.03595138473469972,657,Do you think it started with your home on the range?
851,2722,10,48,177,235,1.2893617021276595,0.03524868249026986,657,"Of course your depressed 
You lost your horse, your dog, your girl"
2500,2722,16,36,183,235,1.2893617021276595,0.0382189888944893,657,Let's have you try singing about someone else's troubles.
6849,2722,12,44,179,235,1.2893617021276595,0.03626582572577481,657,I feel like... I fell into a Ring of Fire.
6574,2725,11,35,151,197,1.2893401015228427,0.0402351210981322,657,How long have you been feeling the blues?
760,2725,13,31,153,197,1.2893401015228427,0.04150252651548703,657,"I already have a sunrise appointment next Thursday, how about sunset?"
265,2725,11,35,151,197,1.2893401015228427,0.0402351210981322,657,This office isn’t big enough for the two of us
1426,2728,12,46,184,242,1.2892561983471074,0.035560748314399405,657,One good hard yodel should unclog things.
3670,2729,14,31,159,204,1.2892156862745099,0.0410949204637443,657,Friends in low places don't tend to be emotionally available.
5013,2729,8,43,153,204,1.2892156862745099,0.03740349458373293,657,"You say you feel the weight of the world on your shoulders, maybe the hat's to blame."
6161,2729,8,43,153,204,1.2892156862745099,0.03740349458373293,657,"When you first began to realize that your guitar might not return your affection, how did that make you feel?"
6631,2729,10,39,155,204,1.2892156862745099,0.038673140127967146,657,How does your girlfriend feel about you loving your truck?
1046,2733,10,41,160,211,1.2890995260663507,0.03781582686756974,657,"""Your repeated plucking of 'Don't Fence Me In'   indicates a deeply rooted hostility either to your father or ---your horse."""
2543,2733,12,37,162,211,1.2890995260663507,0.03899115076184692,657,How long after your wife left did you lose your pickup?
3949,2733,12,37,162,211,1.2890995260663507,0.03899115076184692,657,While writing a song about murdering your father and sleeping with your mother isn't necessarily wrong...
6778,2736,8,47,163,218,1.2889908256880733,0.0358484793762589,657,"You've cut straight to the heart with the refrain, where you rhyme 'divorce' with 'horse.'"
5196,2736,10,43,165,218,1.2889908256880733,0.037009044082242315,657,So you're an old cowhand from the Rio Grande...but were you breast fed?
5514,2736,13,37,168,218,1.2889908256880733,0.03868466297278932,657,Anything else about life in the monastery make you anxious - other than the dress code?
3698,2736,11,41,166,218,1.2889908256880733,0.037575886935999295,657,"I've assessed your reflective personality disorder, and determined that this town ain't big enough for the both of us."
4697,2736,10,43,165,218,1.2889908256880733,0.037009044082242315,657,I'm a Freudian You need a Librettist
3503,2741,11,43,171,225,1.288888888888889,0.03679151424285479,657,"I feel we've progressed beyond E minor, let's try modulating to G major or another related key moment in your life."
6954,2741,12,41,172,225,1.288888888888889,0.03732690798826936,657,"So tell me, when did this picking compulsion begin?"
2746,2743,9,49,174,232,1.2887931034482758,0.03500017648350935,657,So how does it make you fell when it gently weeps?
5909,2743,10,47,175,232,1.2887931034482758,0.03552930278957139,657,"I’ve been singing the blues lately, Doc"
3910,2745,9,51,179,239,1.288702928870293,0.034340567874556326,657,"Could you repeat the verse about how you felt after the bunkhouse incident with Slim and Shorty, but this time skip the yodeling parts."
1200,2746,7,42,145,194,1.288659793814433,0.037918665732019546,657,Go back to that third verse and let me hear it again
5141,2747,9,40,152,201,1.2885572139303483,0.0383955848389547,657,So your dog died and your girlfriend left you ...how do you feel about that?
3548,2748,8,44,156,208,1.2884615384615385,0.03692102527435098,657,I guess country blues could be a form of depression
3969,2748,11,38,159,208,1.2884615384615385,0.038762294920866455,657,where the ego and id roam...
6198,2748,9,42,157,208,1.2884615384615385,0.03754481642939434,657,‘...and where do you usually see these deer and antelope playing?’
3308,2751,9,44,162,215,1.2883720930232558,0.0367445436995461,657,I think we've struck a lonesome chord partner.
2813,2751,14,34,167,215,1.2883720930232558,0.0395917358463598,657,"Mr. Brooks, summing it up I'd say you've got friends in low places,  you believe beer chases your blues away and you still think you'll be okay."" How can you possibly believe I'm helping you"
1458,2751,15,32,168,215,1.2883720930232558,0.040136945056343624,657,"Even though you’re just stringing me along, you know, I still have to charge you for this."
1799,2751,14,34,167,215,1.2883720930232558,0.0395917358463598,657,That's a first. My notes are in rhyming couplets.
704,2755,9,46,167,222,1.2882882882882882,0.035990146477367174,657,I sense you're feeling a bit fretful today.
1034,2755,12,40,170,222,1.2882882882882882,0.0376508284557411,657,She thinks your tractor is sexy. How does that make you feel?
3076,2755,8,48,166,222,1.2882882882882882,0.035419287073785735,657,"So, let's go back to your upbringing - can you elaborate on ""where seldom is heard a discouraging word?"""
3517,2755,12,40,170,222,1.2882882882882882,0.0376508284557411,657,Why  did your ‘darling forsake you.’
5011,2759,6,54,169,229,1.2882096069868996,0.033609377356353776,657,"So, how long have you had ramblin' on your mind?"
6465,2759,13,40,176,229,1.2882096069868996,0.037386198511914916,657,Tell me more about your pickup.
3579,2761,11,46,179,236,1.2881355932203389,0.03563012185640022,657,"And why do you feel there are always ""strings attached""?"
809,2761,13,42,181,236,1.2881355932203389,0.03662826281539609,657,Repeating “She’ll be coming round the mountain when she comes” does not give me much to help you with your separation anxiety.
2695,2761,12,44,180,236,1.2881355932203389,0.036132639125696704,657,What are your earliest memories of your horse?
1675,2764,10,35,146,191,1.287958115183246,0.04037653571908574,657,We can pick this up next week for a few dollars more
4168,2765,11,35,152,198,1.2878787878787878,0.04005806081097448,657,I think if you replaced “Down it with them whiskey blues” with “I’m a lonely alcoholic” you’d be making significant progress.
2809,2765,8,41,149,198,1.2878787878787878,0.03808970657655241,657,"I want you to realize that feelin' so lonely, feelin' so blue,does not in itself make you crazy"
6340,2767,13,33,159,205,1.2878048780487805,0.040329676862665406,657,"Married 20 years, beautiful home in a gated community, never touched alcohol, faithful old cat, electric car runs great and you feel like a failure."
3959,2767,11,37,157,205,1.2878048780487805,0.039125884278100695,657,I see you've kicked the blues.
153,2767,11,37,157,205,1.2878048780487805,0.039125884278100695,657,And why is it important to you that your horse likes your music?
1571,2767,13,33,159,205,1.2878048780487805,0.040329676862665406,657,"You said you are having delusions that everyone around you are hypocrites claiming to be hard-working patriotic Americans when in fact they are lazy entitled morons supporting a Russian-installed puppet.  These are not delusions, you are sane sir."
1399,2771,13,35,164,212,1.2877358490566038,0.039402254106992975,657,How long have you felt strung out?
2772,2771,12,37,163,212,1.2877358490566038,0.03883074692921831,657,It's not the end of the world just because a horse leaves.
3323,2773,13,37,169,219,1.2876712328767124,0.03853021903751039,657,You seem to have very healthy relationships.  Except in Texas.
6276,2773,13,37,169,219,1.2876712328767124,0.03853021903751039,657,Nobody knows the trouble I’ve seen!
221,2775,12,41,173,226,1.2876106194690264,0.037183355972092685,657,"So, how are you getting along without your little doggies?"
2284,2775,13,39,174,226,1.2876106194690264,0.03770853123780288,657,Eleven percent of people are ‘lefties’;  so why does the nickname bother you so much?
2444,2775,11,43,172,226,1.2876106194690264,0.036650656127583385,657,Sing me a song about your mother.
1932,2778,15,39,186,240,1.2875,0.037149688725276526,657,But WHY do the deer and the antelope play?
1405,2779,15,41,191,247,1.2874493927125505,0.03641895608998232,657,"So, your having issues with your horse."
1743,2780,10,34,144,188,1.2872340425531914,0.04078859191426422,657,Would you say that’s how your mother sang it?
6045,2781,13,32,157,202,1.2871287128712872,0.04072713999723889,657,And how long have you felt so lonesome you could vry?
5534,2781,9,40,153,202,1.2871287128712872,0.038231731631181425,657,"Listen Doc, sometimes a guitar is just a guitar.”

Jennifer Coon, Lincoln Massachusetts"
1813,2783,10,40,159,209,1.2870813397129186,0.03800046963309624,657,Sing me again the song about your mother.
5334,2783,9,42,158,209,1.2870813397129186,0.03739022689663538,657,"So, for how long have you felt lonesome on the prairie?"
5433,2783,8,44,157,209,1.2870813397129186,0.03676985779722139,657,I’m hearing you say you love him even though he wants to fence you in.”
6173,2783,11,38,160,209,1.2870813397129186,0.03860106627141098,657,"Ah yes, dissonance."
1100,2787,10,42,164,216,1.287037037037037,0.03718210178320848,657,"I wouldn't quit your job with the New York Symphony just yet, Itzhak."
1869,2787,15,32,169,216,1.287037037037037,0.03997299468012527,657,"In psychiatric circles, we prefer the term ""low-down 'n' lonesome""."
4400,2787,17,28,171,216,1.287037037037037,0.04103623944721912,657,"You're playing it backwards,is your problem.  And you still owe me for the whole hour."
1656,2790,12,40,171,223,1.2869955156950672,0.037503898178869226,657,"Okay, now let’s write the bridge."
777,2790,10,44,169,223,1.2869955156950672,0.036410768895131514,657,"Your wife left you, the truck broke down, you got drunk...then what?"
6713,2790,12,40,171,223,1.2869955156950672,0.037503898178869226,657,you pay for these sessions but shouldn't I also be getting songwriting credits
3001,2793,14,38,178,230,1.2869565217391303,0.03775071107837145,657,Yippee ki yay--you're a manic depressive.
2262,2793,11,44,175,230,1.2869565217391303,0.03621048668847731,657,"Very revealing, did your mother tell you to ""Get Along"" often?"
6980,2795,13,44,187,244,1.2868852459016393,0.03578280840149138,657,"And this mountain-she'll-be-coming-round, you are...jealous?"
5897,2796,15,42,194,251,1.2868525896414342,0.036005004863659436,657,"Yes, but how do you FEEL about all your exes living in Texas?"
5886,2797,10,35,147,192,1.2864583333333333,0.040193681829029305,657,"I can join you on tambourine, if you like."
6533,2797,8,39,145,192,1.2864583333333333,0.03881310365512172,657,Stop fretting. You’re becoming obsessed.
2189,2799,9,39,151,199,1.2864321608040201,0.038588808719921514,657,"... and how did it make you feel when your wife left you, your dog died, and your pick-up truck broke down all on the same day?"
6573,2800,11,39,163,213,1.2863849765258215,0.03809465660560942,657,Let me guess... You ran over your dog again.
3610,2800,13,35,165,213,1.2863849765258215,0.039240090050820395,657,"My professional opinion, Seymour is you have no talent for Country."
88,2800,11,39,163,213,1.2863849765258215,0.03809465660560942,657,Sometimes a horse is only a horse.
2951,2800,11,39,163,213,1.2863849765258215,0.03809465660560942,657,And how did you feel about those little doggies getting along?
80,2804,15,33,172,220,1.2863636363636364,0.03944380086809295,657,What is this yippee ki-yay that you've lost?
2867,2804,11,41,168,220,1.2863636363636364,0.03727961138828207,657,Can we get beyond where you miss your horse?
4425,2804,14,35,171,220,1.2863636363636364,0.038914038938494426,657,Maybe you could think over composing fewer songs about that dead horse of yours.
2999,2807,14,37,176,227,1.2863436123348018,0.038078805432235324,657,Which horse to marry isn’t the issue here.
5985,2807,12,41,174,227,1.2863436123348018,0.03704086599078896,657,"Not everything you feel is worth a song, goddam it."
1528,2809,8,51,175,234,1.2863247863247864,0.034212098570103426,657,So... You say you're tired AND lonesome?
2641,2809,12,43,179,234,1.2863247863247864,0.03629321491731118,657,"It’s not uncommon to deny your Mothers pleading, although there’s really no one to blame but yourself, because from what you’re telling me, Mama tried"
3974,2811,15,32,170,217,1.2857142857142858,0.03981034207357945,657,How long have you had the blues?
3756,2811,12,36,162,210,1.2857142857142858,0.03902933180742214,657,"OK, you're an old cowhand. Can we get to the next verse, please?"
3976,2811,12,42,177,231,1.2857142857142858,0.036592808544443314,657,"So your wife left you, your dog died, and your truck won't start..."
3639,2811,10,48,180,238,1.2857142857142858,0.034866547633444746,657,"On a minor note, we are about out of time."
6471,2811,14,22,139,175,1.2857142857142858,0.0457430123206487,657,"With your ongoing agoraphobia and debilitating fear of antlered animals,I suggest rethinking your home on the range."
6610,2811,9,46,169,224,1.2857142857142858,0.03571428571428572,657,All dressed in white linen and cold as the clay...go on...
6944,2811,13,36,168,217,1.2857142857142858,0.03872369482628427,657,Sometimes you can't let your guitar do the talking.
5139,2811,9,38,149,196,1.2857142857142858,0.038955488560133096,657,And how did your -father- feel about you growing up to be a cowboy?
2950,2811,7,40,142,189,1.2857142857142858,0.03846494029018263,657,You’re not going to be able to move forward until you own the fact that you’re home is no longer on the range.
1676,2811,3,48,138,189,1.2857142857142858,0.03541754466656238,657,"So, could we just revisit for a moment what really happened on the Streets of Laredo?"
1605,2811,10,46,175,231,1.2857142857142858,0.035549213850119284,657,"Actually, it shouldn't cause you angst. 
There are many that have never had a home on the range."
1327,2811,9,42,159,210,1.2857142857142858,0.037236854613011544,657,I'd suggest a C7b5 resolving to an F Major 7.
1181,2811,11,40,166,217,1.2857142857142858,0.03760566108956178,657,"Impressive, I've never heard 'Oedipus complex' rhymed with ""pro-Texas annex' before."
1053,2811,13,40,178,231,1.2857142857142858,0.03710360027106088,657,I wish I could quit you.
911,2811,10,42,165,217,1.2857142857142858,0.03703398909751519,657,"Well, in your favor, you have a lot of pluck."
826,2811,11,36,156,203,1.2857142857142858,0.03932953044214457,657,"You do realize you're right - handed, don't you?"
311,2811,9,42,159,210,1.2857142857142858,0.037236854613011544,657,Let's get in touch with your inner youngin.
159,2811,13,40,178,231,1.2857142857142858,0.03710360027106088,657,Discouraging words more often are heard?
1217,2829,14,39,182,235,1.2851063829787235,0.03715120809562778,657,And why do you think you buried him on the lone prairie?
6344,2829,10,47,178,235,1.2851063829787235,0.03513874309675594,657,"You say your mother laughed, when you traded in your guns?"
6783,2829,12,43,180,235,1.2851063829787235,0.036158979032768976,657,"And if you were a Rhinestone Cowboy, what kind of  Rhinestone would you be?"
6004,2832,10,45,173,228,1.2850877192982457,0.03583688018947057,657,"So, you know a man, Bojangles, and he danced a lick; his dog up and died; it up and died.  How did this make you feel?"
4128,2832,12,41,175,228,1.2850877192982457,0.036899426920224666,657,"So... you lost your truck, your dog ran away, and your girl left you for your best friend..."
558,2834,10,43,168,221,1.2850678733031675,0.03657507338401498,657,"Your wife, and your dog, and your house, and your truck you say?"
1866,2834,12,39,170,221,1.2850678733031675,0.03768297577888516,657,"You'll have to open up beyond ""yippie yi yo kayah"" if we're to make any progress."
3620,2834,13,37,171,221,1.2850678733031675,0.03822488716536685,657,Was she driving the truck?
4997,2834,11,41,169,221,1.2850678733031675,0.037133156724133524,657,"So you're saying your Wife left you, your Dog died and you lost your job?"
5052,2834,12,39,170,221,1.2850678733031675,0.03768297577888516,657,"So, you have a little story to tell and it goes somethin’ like this?"
5493,2834,12,39,170,221,1.2850678733031675,0.03768297577888516,657,I think your problems would be reduced if the town was big enough for the both of you.
5775,2834,10,43,168,221,1.2850678733031675,0.03657507338401498,657,But what if your home isn’t on the range?
2074,2841,9,43,162,214,1.2850467289719627,0.036765162680009913,657,How often does your guitar gently weep?
3950,2841,8,45,161,214,1.2850467289719627,0.03616352054085181,657,You stole her G string for your guitar!
6462,2841,7,47,160,214,1.2850467289719627,0.03555169825661818,657,I'm sensing unresolved issues with the lonesome whippoorwill.
5621,2844,7,45,155,207,1.285024154589372,0.03629826790723888,657,"So, your wife refuses to let you have a horse?"
3410,2844,12,35,160,207,1.285024154589372,0.03939638091871746,657,"Well, brother, you're the one who chose to become a country and western singer instead of going to medical school and becoming a psychiatrist..."
6243,2846,7,43,150,200,1.285,0.03709115485994229,657,"I don’t know Tom, you sound a little flat to me."
1997,2847,6,54,172,232,1.2844827586206897,0.03324293738091141,657,"It may be cryin' time again, but I'm not gonna leave you before your 50 minutes is up."
5951,2847,10,46,176,232,1.2844827586206897,0.035417070701233525,657,So your mama said her babies would not grow up to be cowboys...how did that make you feel?
2387,2849,11,42,172,225,1.2844444444444445,0.03667628541464605,657,"Sounds more like three chords and self delusion to me, pardner"
3445,2850,9,44,165,218,1.2844036697247707,0.03630941212423924,657,"You realize, of course, that that is only a half-gallon hat."
3789,2850,10,42,166,218,1.2844036697247707,0.03688700779344265,657,I can name that problem in three notes.
4687,2852,12,36,163,211,1.2843601895734598,0.038867512936261145,657,"The last part goes, ""And the horse you rode in on."""
5849,2852,12,36,163,211,1.2843601895734598,0.038867512936261145,657,If you continue to play that-I’m going to need therapy.
6457,2852,13,34,164,211,1.2843601895734598,0.039443885456151004,657,I paid...so you'll listen for an hour
6940,2855,12,34,158,204,1.2843137254901962,0.03977315540282906,657,"Why? It's tradition, Dave. The chair-guy sets the fee. The couch-guy pays. That's why."
6463,2855,11,36,157,204,1.2843137254901962,0.039161316506937924,657,"And once you realized you'd been hornswoggled, how did that make you feel?"
5259,2855,10,38,156,204,1.2843137254901962,0.038539765572918924,657,"It's the ""country"" that makes you crazy, not the ""western"""
1003,2855,7,44,153,204,1.2843137254901962,0.03661185586654248,657,"What does, 'Mama, don't let boys grow up to be cowboys',mean to you?"
827,2855,9,40,155,204,1.2843137254901962,0.03790802487962838,657,"Have you considered just looking them in the eye and saying, ""Hey! Paul McCartney plays it backwards too!"""
699,2855,12,34,158,204,1.2843137254901962,0.03977315540282906,657,It sounds more painful with a drawl.
1673,2855,14,30,160,204,1.2843137254901962,0.04096943068898608,657,You have to face facts: your cow is physically incapable of loving you in the way that your describing.
3891,2862,12,32,153,197,1.284263959390863,0.04073842467059649,657,Can you sing me a bit more about how your cheating girlfriend got hit by a train while you were in prison?
808,2863,9,34,140,183,1.284153005464481,0.04071954000040328,657,Sing a little more about that.
2859,2863,11,30,142,183,1.284153005464481,0.042168464740830455,657,"So as you were saying... your woman done left you, then your dog done died? Is this why you came to see me?"
102,2865,12,41,176,229,1.2838427947598254,0.036759027777202836,657,I’ll take the melody on this one.
5067,2866,9,45,168,222,1.2837837837837838,0.03586876714747447,657,"There's some question if ""Lay baby lay"" would work given the Me Too moment."
5288,2866,8,47,167,222,1.2837837837837838,0.03529594466837011,657,Could you be content with just seeing the deer play?
5021,2866,14,35,173,222,1.2837837837837838,0.03860559790904995,657,"I'm not dismissing your troubles, but when you sing them it all just sounds so boring and dumb."
5974,2866,11,41,170,222,1.2837837837837838,0.036987808126110196,657,I can relate.
2134,2866,13,37,172,222,1.2837837837837838,0.038073973305502835,657,Last time we left off just as you were beginning to open up about your 'little doggies'.
2086,2866,7,49,166,222,1.2837837837837838,0.03471367113091822,657,"How long have you had this urge to ride off into the sunset, Buck?"
2667,2866,7,49,166,222,1.2837837837837838,0.03471367113091822,657,Have you ever played more than three chords?
6712,2866,14,35,173,222,1.2837837837837838,0.03860559790904995,657,‘“Have you tried the harmonica?”
6935,2874,5,51,159,215,1.283720930232558,0.034161175966286116,657,"So after the hip-hop thing failed, what did you try?"
5137,2874,9,43,163,215,1.283720930232558,0.03661777147658807,657,"Have you ever thought that your pickup, your dog and your beer might all be your mother?"
4421,2874,11,39,165,215,1.283720930232558,0.037786225137841675,657,"Do you know, ""They're coming to take me away"" ?"
4475,2874,13,35,167,215,1.283720930232558,0.03891961500867769,657,And you wrote THE STAR SPANGLED BANNER too?
1491,2874,12,37,166,215,1.283720930232558,0.038357106529242714,657,Sometimes a horse is just a horse.
1010,2874,15,31,169,215,1.283720930232558,0.04002092021280521,657,You don't find it strange all your songs are about your mother?
2707,2874,9,43,163,215,1.283720930232558,0.03661777147658807,657,So you think you are a thousand lite beers from home? I think I see the problem. Where do you live?
137,2881,5,47,149,201,1.2835820895522387,0.035560830404991896,657,And what are the 'little doggies' in your life that need to 'git along'?
2178,2881,10,37,154,201,1.2835820895522387,0.03890152796482509,657,"And when she calls you a cowboy, does that make you feel less of a cowman?"
3771,2881,6,45,150,201,1.2835820895522387,0.03625360537758543,657,try it without the hat
5655,2881,7,43,151,201,1.2835820895522387,0.0369333879661044,657,"Can you describe these ""blues""?"
4966,2885,7,41,146,194,1.2835051546391754,0.037767692582884094,657,So ..... I am getting a sense that this home on the range you sing about might have had more discouraging words than you care to admit.
3086,2885,15,25,154,194,1.2835051546391754,0.04305492077633641,657,"I just wanted to say again, honey, that I really appreciate you going the extra mile for our roleplay."
4102,2885,8,39,147,194,1.2835051546391754,0.03846835781571536,657,"Yeah, and your dog stole your pickup.  Can we get serious for a minute?"
1250,2885,8,39,147,194,1.2835051546391754,0.03846835781571536,657,Your guitar feels the problem is you!
1099,2885,12,31,151,194,1.2835051546391754,0.04115189367512256,657,I see that you've had the banjo removed from your knee ..
1515,2885,10,35,149,194,1.2835051546391754,0.039832730926252724,657,"Have you tried singing about something other than tractors, girls, pickup trucks, and beer?"
978,2891,16,38,193,247,1.2834008097165992,0.03677217524863525,657,Are you upset about who the New Yorker selects as finalists for their caption contest?
3888,2892,12,44,184,240,1.2833333333333334,0.035609196520021175,657,"Now then...lets talk royalties"""
4684,2893,9,48,176,233,1.2832618025751072,0.03475764444949165,657,...and then your dog died?
6320,2894,11,42,173,226,1.2831858407079646,0.036535325558444916,657,You're out of your guitar pickin' mind!
1777,2895,10,42,167,219,1.2831050228310503,0.036741145709371405,657,"Tell me more about your home life. You said it was, ""on the range""..."
4635,2895,10,42,167,219,1.2831050228310503,0.036741145709371405,657,I'd say the memory loss and reluctance to remove your hat can be tied to your recent scalping.
5497,2895,11,40,168,219,1.2831050228310503,0.037306884395759514,657,"I'm hearing a little Chicago blues style, Tex, which tells me you're drifting away from your roots."
5633,2898,8,44,160,212,1.2830188679245282,0.03632338210266991,657,So tell me again about that achy breaky heart.
3460,2898,11,38,163,212,1.2830188679245282,0.038125060685455986,657,Please take your boots off the couch.
6899,2898,10,40,162,212,1.2830188679245282,0.03753411156053457,657,"Actually, it's called 'the TALKING cure.'"
5734,2901,10,38,157,205,1.2829268292682927,0.038376374865723116,657,Sometimes a 'long little dawgie' is just a 'long little dawgie.'
4862,2901,9,40,156,205,1.2829268292682927,0.037748140883792726,657,Now can you tell me in D minor?
4616,2901,11,36,158,205,1.2829268292682927,0.038994488783497934,657,"So let me get this straight. First your dog, then your girlfriend, followed by your pickup truck?"
4348,2901,9,40,156,205,1.2829268292682927,0.037748140883792726,657,So... you believe your lack of success is due to prejudice against left-handed musicians and not a lack of talent?
2022,2901,11,36,158,205,1.2829268292682927,0.038994488783497934,657,"I did recommend a lifestyle change.  In this case however, talent would be helpful."
6282,2906,11,47,186,244,1.2827868852459017,0.03472303093606672,657,"So, it all started at your home, home on the range?"
3688,2907,9,36,146,191,1.2827225130890052,0.039538877029149405,657,"What I'm hearing is that you feel at home on the range, but not in social situations with your MFA classmates?"
4830,2907,12,30,149,191,1.2827225130890052,0.041577128324383164,657,"Tell me more about your mother and these ""discouraging words."""
6466,2907,9,36,146,191,1.2827225130890052,0.039538877029149405,657,tears in your beer...that's a good start
4620,2910,11,43,176,230,1.2826086956521738,0.0360974659930894,657,So what upset you so about your trip to Laredo?
5940,2910,6,40,138,184,1.2826086956521738,0.03826556700250879,657,"Start over again, this time from the chorus."
6022,2910,10,45,175,230,1.2826086956521738,0.03556760845048227,657,"Do you think you can sing the one about the happy, little kitty again before my patients arrive?"
6956,2910,10,32,142,184,1.2826086956521738,0.041253360384261924,657,Your mama told you not to grow up and be a cowboy.
7062,2914,14,35,174,223,1.2825112107623318,0.03845315183326687,657,My wife came back with my pickup. Now what?
7015,2914,8,47,168,223,1.2825112107623318,0.035160347334509276,657,Tell me more about these discouraging words and cloudless skies...
3914,2914,11,41,171,223,1.2825112107623318,0.036843553782144906,657,You say this is the eighth song you've written about your mother?
553,2914,10,43,170,223,1.2825112107623318,0.036291160242676826,657,Being in love with your guitar isn't as bad as it seems.  But if you ever bring it flowers and take the strings off call me immediately.
609,2918,10,41,165,216,1.2824074074074074,0.03705721887689842,657,It seems to me that this situation requires a little bit of fiddling.
3185,2918,14,33,169,216,1.2824074074074074,0.03931288286852943,657,"So, when did you think you could actually play the guitar?"
4320,2918,10,41,165,216,1.2824074074074074,0.03705721887689842,657,Tell me 'bout yer relationship with yer ma.
3723,2921,11,37,161,209,1.2822966507177034,0.03847254325677295,657,"So, let's see ... you lost your girl, went to jail, smashed your truck, and love your whiskey , and you still can't get anywhere in country and western music?"
4860,2921,10,39,160,209,1.2822966507177034,0.0378699083665418,657,"No, I just think you're playing it too fast."
5265,2921,7,45,157,209,1.2822966507177034,0.03600152892348173,657,So you say you're feeling mighty lonesome?
1522,2924,9,39,154,202,1.2821782178217822,0.03809275026021403,657,"No need to sing your response to my questions, Tex, just a simple comment would be swell."
1556,2924,9,39,154,202,1.2821782178217822,0.03809275026021403,657,You’re telling me that the only reason you grew up to be a cowboy was to spite your Mamma?
2348,2926,10,48,183,241,1.2821576763485478,0.034492286208498604,657,Your wife says you can't communicate without that guitar.  Tell me about that.
695,2927,13,29,153,195,1.2820512820512822,0.04160638393211324,657,Definitely. “La Cucaracha” is your father.
4501,2927,9,37,149,195,1.2820512820512822,0.03898228838184824,657,And how do you feel about papa being a rolling stone?
4300,2929,15,34,178,227,1.2819383259911894,0.03847811104207913,657,So how long have you known your dog has fleas?
2315,2929,8,48,171,227,1.2819383259911894,0.03475156377879997,657,"So, you say all you need is 6 more men to make you Magnificent."
3265,2929,12,40,175,227,1.2819383259911894,0.036927097430869096,657,How long have you felt you want to live in a home where the buffalo roam?
2474,2929,8,48,171,227,1.2819383259911894,0.03475156377879997,657,So you resent your 'mama' because she wouldn't let you be a doctor or lawyer or such.
720,2929,12,40,175,227,1.2819383259911894,0.036927097430869096,657,How about how long have you been feeling this urge to go where the buffalo roam?
784,2929,15,34,178,227,1.2819383259911894,0.03847811104207913,657,"So let me get this straight, you are married to a supermodel, but everyone thinks you are in love with a Grammy winning artist who was also your co-star in a movie?"
64,2935,9,44,167,220,1.2818181818181817,0.036024780666490626,657,So your wife had already left when your truck broke down
513,2935,9,44,167,220,1.2818181818181817,0.036024780666490626,657,And then what happened to your truck?
1378,2935,12,38,170,220,1.2818181818181817,0.037713629145364504,657,Your issues are small potatoes compared with Merle Haggard's.
2318,2935,12,38,170,220,1.2818181818181817,0.037713629145364504,657,"I'm catching your drift but lyrics would help""."
3605,2935,13,36,171,220,1.2818181818181817,0.038260015992275756,657,But for you music is not the remedy; it's the problem.
5711,2935,12,38,170,220,1.2818181818181817,0.037713629145364504,657,"It's time to put your guitar down and ""cowboy up."""
6335,2935,10,42,168,220,1.2818181818181817,0.036596390839587815,657,"OK, how about we start today's session in a minor key."
6911,2935,14,34,172,220,1.2818181818181817,0.03879870905254847,657,So you believe someone should have told your Mama not to let you grow up to be you?
5366,2943,10,51,191,252,1.2817460317460319,0.033502707549886296,657,Do you have an air guitar version?
6447,2944,8,44,161,213,1.2816901408450705,0.03617685700125838,657,So.....when did you first become afraid of being buried on the lone prairie?
5291,2944,11,38,164,213,1.2816901408450705,0.03796890425644761,657,"And how does ""yodelay, yodelay dee oh hoo"" make you feel?"
1011,2944,10,40,163,213,1.2816901408450705,0.0373811020140751,657,"So, tell me more about these 'little doggies'..."
846,2944,9,42,162,213,1.2816901408450705,0.03678390796446312,657,Don't you know another song?
22,2944,12,36,165,213,1.2816901408450705,0.0385477443319824,657,"Tell me how losing your girlfriend, your truck breaking down, and your dog running away makes you feel."
3023,2949,13,32,161,206,1.2815533980582525,0.04003015170502583,657,"Seldom was heard a discouraging word"" didn't describe your mother"
1126,2950,7,42,150,199,1.2814070351758795,0.037102701753251886,657,"And there you go again, bringing it back to Clementine."
2936,2950,8,40,151,199,1.2814070351758795,0.03778054158054718,657,Your overall happiness  and contentment is troubling.
3228,2950,12,32,155,199,1.2814070351758795,0.04037827015901289,657,"Have you tried playing the song backwards to see if your lady, your truck, and your dog come back?"
549,2953,13,39,179,231,1.2813852813852813,0.03699363737062385,657,I’d say you have unresolved issues with your ma and pa
5584,2953,12,41,178,231,1.2813852813852813,0.03648130603480133,657,Do you have any tunes about your mother?
5777,2953,13,39,179,231,1.2813852813852813,0.03699363737062385,657,Sing the one about killing your father and sleeping with your mother.
6256,2956,13,37,174,224,1.28125,0.03777558623130174,657,My horse never liked me.
4494,2956,8,47,169,224,1.28125,0.03502574382681111,657,And do you think it would've made a difference in a major key?
930,2956,10,43,171,224,1.28125,0.036150789817378036,657,Tell me more about your feelings about your mamma not letting you grow up to be a cowboy.
499,2956,13,46,197,256,1.28125,0.03451120519938018,657,Tell me about your ma and pa.
5,2956,16,31,177,224,1.28125,0.039333322079590276,657,Can you play Stairway to Heaven?
4240,2961,16,29,172,217,1.2811059907834101,0.04022798745421191,657,"Mr. President, you may get away with the disguise but your love songs to Putin and Jong-un are a dead give away."
3233,2962,10,48,184,242,1.28099173553719,0.03436924275114273,657,You know happy music brings happy thoughts.
276,2963,12,35,163,210,1.2809523809523808,0.03890264224401665,657,I think it's safe to blame your mother for letting you grow up like this.
3722,2963,11,37,162,210,1.2809523809523808,0.0383124928312535,657,"Yippee-i-o ki yay is not a feeling, Mr. Cowhand."
4499,2963,9,41,160,210,1.2809523809523808,0.03710404524715134,657,"Notes:Notes:
-Feelings of not belonging.
-Attachment to land and property.
-Auditory hallucinations.
-Paranoia of being taken.
-Obsession with rural roads."
5659,2963,12,35,163,210,1.2809523809523808,0.03890264224401665,657,You’re suffering from a condition known as “musical strains.” If you don’t refrain for a while or it will only get verse.
1960,2967,10,30,138,178,1.2808988764044944,0.042142765710148626,657,"And you haven't sung Happy Trails in over a month, you say."
1078,2968,9,48,178,235,1.2808510638297872,0.03450315781759637,657,Your kind of blues is rather common actually.
4994,2968,9,48,178,235,1.2808510638297872,0.03450315781759637,657,Why do you feel that everything you do has strings attached to it?
4153,2970,15,27,161,203,1.2807881773399015,0.04160929946738063,657,"Ok, there may be something we can work with in ""My horse fell on my wife fell on my dog."""
4033,2970,6,45,152,203,1.2807881773399015,0.03594959874592912,657,"What if all the drinking, gambling, and wild women is simply a cry for street cred?"
2104,2970,16,25,162,203,1.2807881773399015,0.04219131607816459,657,I charge double for sing-alongs.
2295,2973,14,36,178,228,1.280701754385965,0.037821473576525946,657,But how does being an old cowhand from the Rio Grande really make you feel?
2834,2973,10,44,174,228,1.280701754385965,0.03571963623620467,657,Does your depression make you sing flat?
5742,2973,12,40,176,228,1.280701754385965,0.03678556970026858,657,Have you tried telling her how you feel without the guitar?
5835,2973,9,46,173,228,1.280701754385965,0.035174558279863585,657,I see we are revisiting your unconscious wish for attunement.
213,2977,13,29,154,196,1.280612244897959,0.04141856849386403,657,When would you say that the dogies stopped gitting along?
4610,2978,18,26,177,221,1.2805429864253393,0.04071712543405143,657,"Can you tell me a little about this Yippie yi yo kayay?"""
356,2978,11,40,170,221,1.2805429864253393,0.03701265941325213,657,Play me one about your mother.
490,2978,5,52,164,221,1.2805429864253393,0.03351305634112633,657,Play for me how that made you feel.
963,2978,9,44,168,221,1.2805429864253393,0.03588406730480029,657,"May I remind you that it is called 'stream of consciousness', not 'strum of consciousness""?"
6941,2978,13,36,172,221,1.2805429864253393,0.03810784207151287,657,Are you going to take lessons?
1901,2983,7,46,161,214,1.280373831775701,0.03541735781565499,657,"That doesn't sound like ""seldom."""
6810,2983,12,36,166,214,1.280373831775701,0.03838976529671746,657,"Your woman left you, your dog was run over, and you totaled your pickup. How was it for you before all that?"
4874,2983,11,38,165,214,1.280373831775701,0.037813980358566715,657,The real issue is not the guitar.
6291,2986,9,49,181,239,1.2803347280334727,0.03411922840798899,657,Before we proceed can you play the one about your wife leaving you because you are an alcoholic with three girl friends?
1749,2986,12,43,184,239,1.2803347280334727,0.035631492675857926,657,You seem flat but then I'm more a blues man.
1052,2988,9,40,158,207,1.2801932367149758,0.037432237064032405,657,"Well, DO you love your guitar more than you love her?"
4467,2988,13,32,162,207,1.2801932367149758,0.039859513704503705,657,So you sang “Beans ... beans ... the musical fruit”a little too close to the campfire?
6952,2988,10,38,159,207,1.2801932367149758,0.03805357390447474,657,Did your father ever play a bigger guitar?
2712,2991,13,39,180,232,1.2801724137931034,0.03685380018583144,657,She’s still always on my mind.
4360,2991,10,45,177,232,1.2801724137931034,0.035302203608676565,657,"Is there a way you can describe feeling ""lonesome"" without driving me out of the room?"
6844,2993,11,41,173,225,1.28,0.03655828136698902,657,… have you tried an eight gallon hat?
53,2993,8,40,152,200,1.28,0.03761748764716248,657,I like the part about 'Let 'em be doctors and lawyers and such'.
1137,2993,15,33,177,225,1.28,0.03866830866792722,657,"Enough songs about your mother, already!"
3113,2993,11,41,173,225,1.28,0.03655828136698902,657,No boots on the therapy couch cowboy.
5160,2993,9,45,171,225,1.28,0.03545621041711674,657,I'm afraid you're not going to find many little dogies around Boston.
5232,2993,11,34,155,200,1.28,0.03957055907778715,657,"I mean, you have to ask yourself, Do I really believe that 'freedom's just another word for nothin' left to lose?'"
5607,2993,13,37,175,225,1.28,0.037628088124073165,657,"Let's start at the beginning, in the key of C."
807,3000,12,37,169,218,1.2798165137614679,0.03789452834954696,657,So what you are saying is your girlfriend left you and you ain't got nobody. I think I am seeing a pattern here.
1857,3000,15,31,172,218,1.2798165137614679,0.03953263315631227,657,"No, I don't know a word that rhymes with 'parental abuse'."
5852,3000,14,33,171,218,1.2798165137614679,0.03899424507700993,657,We have to fence you in because you wandered over yonder and gazed at the moon till you lost your senses.
4169,3003,6,42,145,193,1.2797927461139897,0.037058858810673494,657,"Jeb you can stop there, I don’t accept country songs in exchange for therapy sessions."
1115,3003,11,32,150,193,1.2797927461139897,0.04053666053206766,657,You have to WANT to sing the Blues ....
4133,3005,13,40,183,236,1.2796610169491525,0.03641488029220918,657,"Instead of yodeling at him about it, have you tried showing your little doggie how to git along?"
3304,3006,10,39,162,211,1.2796208530805686,0.037557559727315545,657,How do you think the little dogie feels?
6572,3006,13,33,165,211,1.2796208530805686,0.03931895098744973,657,And how did that make you feel when your dog was run over by your wife and her boyfriend as they were driving your truck away?
6621,3006,14,31,166,211,1.2796208530805686,0.03988880099452737,657,Have you ever considered you may be happier were you to become a doctor or lawyer and such?
6963,3006,8,43,160,211,1.2796208530805686,0.0363358943280031,657,Have you ever heard anything discouraging ?
5723,3010,8,41,155,204,1.2794117647058822,0.03712395711818104,657,"Tell me about your mother, at your home on the range."
6878,3010,11,35,158,204,1.2794117647058822,0.0390265772587811,657,This sounds like one for partners therapy.
6723,3010,11,35,158,204,1.2794117647058822,0.0390265772587811,657,Tex - you're both out of touch and out of tune.
1416,3013,12,38,172,222,1.2792792792792793,0.03741599771292416,657,"Edible, Oedipal , who's to say?"
483,3014,13,29,155,197,1.2791878172588833,0.04123239731930239,657,"Harold, how about we pick your brain today?"
797,3014,8,39,150,197,1.2791878172588833,0.037962135677915475,657,"What about that word did you find ""discouraging""?"
6659,3014,7,41,149,197,1.2791878172588833,0.03727366867555155,657,"Your mother may have lived ""over the saloon"" because she liked the view."
551,3017,10,40,165,215,1.2790697674418605,0.03707866657185155,657,"That's our time. Or do you prefer 'Whoopie ti yi yo, git along, 
little dogie'?"
5031,3017,9,42,164,215,1.2790697674418605,0.03648778841775047,657,"So, tell me again, when did you stop feeling home on the range?"
6245,3017,9,42,164,215,1.2790697674418605,0.03648778841775047,657,Have you tried expressing your feelings without the guitar?
3636,3020,9,40,159,208,1.2788461538461537,0.03727618801068369,657,So why do you think playing left handed has something to do with your mother?
7081,3020,11,36,161,208,1.2788461538461537,0.03850216174999981,657,"An old cowhand from the Rio Grande with depression caused by the  Border Wall, is not covered by Insurance, sorry."
51,3022,10,43,173,226,1.2787610619469028,0.03587316592356258,657,"No, an F chord doesn't mean you're a failure""."
3545,3022,10,43,173,226,1.2787610619469028,0.03587316592356258,657,Your picker is off.
4386,3022,10,43,173,226,1.2787610619469028,0.03587316592356258,657,How long you've been on that Lonesome Road?
1795,3025,8,40,153,201,1.2786069651741294,0.03745578154172878,657,Now could you sing that part again about what your mamma told you?
2514,3025,12,32,157,201,1.2786069651741294,0.040024249474863216,657,"So Doc, how long have you liked to switch clothes and role-play?"
5295,3025,10,36,155,201,1.2786069651741294,0.03876129588215414,657,"Ok, so let me get this straight.  You dream of a home where the buffalo do what?"
6511,3025,9,38,154,201,1.2786069651741294,0.038114128806556825,657,What do you expect with two strings missing?
5541,3029,13,35,171,219,1.278538812785388,0.03829367469654383,657,"The dogies, yes. I see we’ve struck a chord."
6078,3029,8,45,166,219,1.278538812785388,0.03545343911890922,657,"Hey Roy, I just heard a discouraging word!"
3560,3029,13,35,171,219,1.278538812785388,0.03829367469654383,657,Why must you B-flat?
976,3032,10,46,181,237,1.2784810126582278,0.0347702826980584,657,"You know, this might go faster if you'd just forget about the rhymes . . ."
6859,3033,10,39,163,212,1.278301886792453,0.037403244482639084,657,"How does the fact that, the answers are blowin' in the wind, make you feel"
657,3033,11,37,164,212,1.278301886792453,0.0379962290163,657,'Yippee tai yai oh' my ass!
4978,3033,11,37,164,212,1.278301886792453,0.0379962290163,657,"So, picking up on your statement about looking for love in all the wrong places from our last meeting..."
5261,3033,8,43,161,212,1.278301886792453,0.03618813693140305,657,Tell me more about your mother - but let's skip the Willie Nelson background music this time.
2800,3037,13,38,179,230,1.2782608695652173,0.037022077462351664,657,But what if the range isn’t my “home”.
669,3037,14,36,180,230,1.2782608695652173,0.037531406846317325,657,And how did you feel when you lost all of your rhinestones?
6658,3039,11,47,190,248,1.278225806451613,0.03423696208566899,657,Let's get beyond you being drunk the day your mom got out of prison.
927,3039,14,41,193,248,1.278225806451613,0.03563873119889741,657,"So why are you so lonesome, Cowboy?"
5262,3041,12,33,160,205,1.278048780487805,0.03947019394731932,657,If the prozac isn't working you can now legally smoke blue grass.
706,3041,10,37,158,205,1.278048780487805,0.03823935400781923,657,"Yes, but how does that song make you feel?"
3136,3043,10,42,171,223,1.2780269058295963,0.03616865175681797,657,"How about, ""Don't Fence me in?"""
3807,3043,11,40,172,223,1.2780269058295963,0.036722888141377565,657,"I see, and how does that make you sing?"
4500,3043,10,42,171,223,1.2780269058295963,0.03616865175681797,657,And how did it feel playing second fiddle?
5972,3043,13,36,174,223,1.2780269058295963,0.03780699406882863,657,"I am hearing “Lone Ranger” as a metaphor for social alienation caused by the early childhood trauma of  maternal abandonment, but I’m not sure yet about the Tonto part; can you sing more about that?"
6722,3043,13,36,174,223,1.2780269058295963,0.03780699406882863,657,I've been strumming my pain with my fingers.
284,3048,16,28,172,216,1.2777777777777777,0.0402761070668377,657,Here's my bill...the bank is down the road a piece.
370,3048,12,36,168,216,1.2777777777777777,0.03807754603325975,657,"No, I'd LOVE to hear more about your truck."
1791,3048,13,34,169,216,1.2777777777777777,0.03863891605688629,657,I think you misunderstood the concept of  Couples Therapy.
2596,3048,12,31,155,198,1.2777777777777777,0.04041845868976872,657,Let's go back to that first twang...
1289,3052,11,41,175,227,1.277533039647577,0.03627724799003086,657,"I know that Johnny Cash took his guitar to prison, but what does that have to do with bringing your guitar to therapy?"
3420,3052,11,41,175,227,1.277533039647577,0.03627724799003086,657,"So, you're depressed because ""The Yellow Rose of Schenectady"" never became a hit."
3900,3052,10,43,174,227,1.277533039647577,0.03573589073789786,657,"And how did you feel when he called you ""snowflake""?"
4111,3055,9,40,160,209,1.277511961722488,0.03712138837245393,657,"Not bad for a lefty.  But, I'm sure you hear that all the time."
5638,3055,6,46,157,209,1.277511961722488,0.03521331566093396,657,I can tell your dog really meant a lot to you...
5569,3055,11,36,162,209,1.277511961722488,0.038340718884842834,657,"And when the little dogie replied 'If anyone should git along, it's you,' how did that make you feel?"
5801,3058,5,43,143,191,1.2774869109947644,0.036479550591916446,657,"Cotton Eye Joe was probably just jealous."""
6051,3059,11,44,183,238,1.2773109243697478,0.03515166358937617,657,"So when your mother suggested be a ""doctor, lawyer and such"" how did that make you feel?"
1408,3060,11,39,170,220,1.2772727272727273,0.037035868211385305,657,"So, tell me how losing your pick-up truck and your best gal made you feel?"
1737,3060,10,41,169,220,1.2772727272727273,0.03647114659228567,657,"If you'll just show a little pluck, I'm sure we can find the key to your problems."
2783,3060,13,35,172,220,1.2772727272727273,0.038140235119900875,657,So you never actually told your pickup truck how you felt.
3215,3060,11,39,170,220,1.2772727272727273,0.037035868211385305,657,You have to stop playing the same old tune if you want to make progress with this analysis
3225,3060,11,39,170,220,1.2772727272727273,0.037035868211385305,657,"I’m less interested in the deer and the antelope than I am in you, Mr.Hopalong."
5636,3060,8,45,167,220,1.2772727272727273,0.03531462208385884,657,So how did you feel after what you saw in Laredo one day?
6122,3060,10,41,169,220,1.2772727272727273,0.03647114659228567,657,You really struck a chord this session. Maybe for our next session you could  wear pants.
6622,3067,10,36,156,202,1.2772277227722773,0.03859358423009892,657,And when did you first notice this obsessive fear of being buried on the lone prairie?
3706,3067,12,32,158,202,1.2772277227722773,0.0398494925707185,657,"So after she told you she had flushed you down the toilet of her heart and that you were the reason your kids were ugly, how did that make you feel?"
4722,3067,13,30,159,202,1.2772277227722773,0.04046283128196485,657,"So, it’s decided. You’ll work on the guestlist and I’ll take care of the food. Mom will be so surprised."
916,3070,12,40,179,231,1.277056277056277,0.03636722128367895,657,"Do you know""Crazy""by Patsy Kline and most of my patients?"
1298,3070,14,36,181,231,1.277056277056277,0.03738799026030741,657,"Okay, so your dog ran away in your pickup truck."
3107,3070,10,44,177,231,1.277056277056277,0.03531696125217032,657,This isn't exactly what I meant when I suggested you find something that strikes the right chord.
5037,3073,8,43,162,213,1.2769953051643192,0.03604152983039697,657,Tell me more about where the deer and the antelopes play.
7000,3073,12,35,166,213,1.2769953051643192,0.03842076890315677,657,"If you can sing ""The Jung Gal Fromm New Jersey"", I'll cut your fee in half."
2537,3073,6,47,160,213,1.2769953051643192,0.03479094806437735,657,If I may: I'd like to request 'Free Bird.'
3555,3073,13,33,167,213,1.2769953051643192,0.03899290173555149,657,Tell me more about the lonesome cowboy in you...this time in the key of  C
373,3073,8,43,162,213,1.2769953051643192,0.03604152983039697,657,I hear you've never had a stable home life.
15,3073,13,33,167,213,1.2769953051643192,0.03899290173555149,657,"Sometimes a guitar is just a guitar.""
""Yes, and sometimes a pen is just a pen."
1876,3073,8,43,162,213,1.2769953051643192,0.03604152983039697,657,How long do the twangs last?
602,3080,11,32,152,195,1.2769230769230768,0.0401708464330753,657,And how does it make you feel when the little dogies won't 'git along'?
6787,3080,6,42,147,195,1.2769230769230768,0.0367335872550406,657,Tell me more about this fear that all the good clichés have already been taken....
2046,3082,15,37,190,242,1.2768595041322315,0.03667595350312899,657,So you're having truck issues.
6822,3083,6,50,168,224,1.2767857142857142,0.03373244843233092,657,"So let me get this straight, your dog died, and your wife ran off with your best friend?"
2197,3083,11,40,173,224,1.2767857142857142,0.03657964272292694,657,Tell me about your Sierra Madre.
2401,3083,7,48,169,224,1.2767857142857142,0.03432078836710031,657,And what does mama think about you being a cowboy?
782,3086,11,35,160,206,1.2766990291262137,0.03869409691612573,657,"Do you sing ""Git Along Little Dogies"" because you miss your little dogies or is it the only song you know?"
569,3086,9,39,158,206,1.2766990291262137,0.03745015009794555,657,Now let's go back again to the first verse.
4872,3088,10,32,146,188,1.2765957446808511,0.040483278216156625,657,"I'd like to dig a little deeper on ""discouraging""."
1008,3089,8,44,165,217,1.2764976958525345,0.035601929757751165,657,"How about you tell me about your father again, but this time in E minor?"
1188,3090,13,42,191,246,1.2764227642276422,0.03532382421775969,657,That couch ain’t big enough for the both of you.
1363,3091,10,35,154,199,1.2763819095477387,0.038957206655903846,657,And tell exactly why your love is like a freight train?
2958,3091,10,35,154,199,1.2763819095477387,0.038957206655903846,657,Try more yodeling.
3526,3091,10,35,154,199,1.2763819095477387,0.038957206655903846,657,"Zees utopian vision uv za deer und za antelope playink suggests zat zees home on za range vaz, in fact, quite deesfunctional"
1984,3094,11,41,176,228,1.2763157894736843,0.03613829299237332,657,Tell me about your time in El Paso.
170,3094,9,45,174,228,1.2763157894736843,0.035052681710192816,657,Perhaps it is time to let go of your long little doggie.
6389,3094,10,43,175,228,1.2763157894736843,0.0355996258089794,657,"I prefer a nice Vivaldi string quartet, but Willie Nelson will do."
5530,3097,9,40,161,210,1.276190476190476,0.036967824026260386,657,"So, at this home on the range, what did the deer and the antelope usually play?"
3453,3098,12,29,151,192,1.2760416666666667,0.04124011320073203,657,Just how long have you wanted a home where the buffalo roam?   Do you have any close buffalo friends?
3203,3098,7,39,146,192,1.2760416666666667,0.0377896722363948,657,Do you have any songs which don't involve dead family dogs or drinking?
4142,3100,12,37,172,221,1.2760180995475112,0.037442646646544925,657,"So, we’re in agreement? The next tune won’t be about doggies, your woman or your actual dog?"
2560,3100,18,25,178,221,1.2760180995475112,0.0406049725946948,657,And how long has Mother been singing along from under your hat?
1618,3100,8,45,168,221,1.2760180995475112,0.03517684532311123,657,Putting your boots on my couch tells me a great deal about you
2381,3100,12,37,172,221,1.2760180995475112,0.037442646646544925,657,"No wonder you're depressed. You lost your job, you lost your wife, you lost your truck, and now you've lost your dog."
3898,3104,14,41,195,250,1.276,0.03538792478916409,657,Let's discuss your obsessive desire to acquire a long little doggy...
1999,3105,12,43,188,243,1.2757201646090535,0.035118688223573016,657,So in your dream you showed up with a 6 string and he had a 6 shooter.
1977,3106,13,33,168,214,1.2757009345794392,0.038831842625134644,657,So your wife ran away and the dog died? What happened next?
3239,3106,7,45,162,214,1.2757009345794392,0.035279600164816585,657,I'll have you all tuned up in no time!
3725,3106,6,47,161,214,1.2757009345794392,0.034652174806357294,657,Do you have any conditions that rhyme with truck?
3877,3106,13,33,168,214,1.2757009345794392,0.038831842625134644,657,"So, in your dream, you're Paul Anka?"
4403,3106,12,35,167,214,1.2757009345794392,0.03826271073361427,657,Being evicted from your home on the range is quite possibly the reason you're so lonesome you could cry.
2228,3111,7,37,141,185,1.2756756756756757,0.03868450096840487,657,"Never heard of that before, but if you play a few bars..."
1093,3112,8,46,171,225,1.2755555555555556,0.03476552854924892,657,Sounds a little bit sharp.
6268,3112,9,44,172,225,1.2755555555555556,0.035331636177669185,657,That doesn't sound like a minor problem.
6674,3114,12,30,154,196,1.2755102040816326,0.040639333676167774,657,The synagogue members can no longer tolerate their cantor playing Willie Nelson songs
6638,3114,9,36,151,196,1.2755102040816326,0.03865966335046542,657,"Boots off the furniture, please."
2340,3116,13,39,184,236,1.2754237288135593,0.03630456216249261,657,You say your horse died and he never did that before?
2490,3116,13,39,184,236,1.2754237288135593,0.03630456216249261,657,And why do you think you want the little dogies to git along?
3538,3118,8,41,158,207,1.2753623188405796,0.03665852648493768,657,You are always on my mind!!
1322,3119,10,40,168,218,1.275229357798165,0.036633775913094566,657,Let's talk about your song comparing your father to the steer that did not survive the cattle drive from Omaha to Abilene.
3805,3119,11,38,169,218,1.275229357798165,0.03720633646029229,657,What's been pulling your strings?
4917,3119,8,44,166,218,1.275229357798165,0.035460931563617064,657,"Let's dig a little deeper into these ""varmints."""
5134,3119,11,38,169,218,1.275229357798165,0.03720633646029229,657,"Once you discover your inner sunshine is your only sunshine, nothing can take it away."
783,3123,6,40,143,189,1.2751322751322751,0.03739713336699074,657,So now you’re an ol’ cow hand on a psychiatric plan
4615,3123,9,34,146,189,1.2751322751322751,0.03959049702969164,657,"If your mama hadn't let her baby grow up to be a cowboy, what career path do you think you would have chosen?"
986,3125,9,37,154,200,1.275,0.03813326275895122,657,"Oh, I thought you were referring to your other G string."
7073,3125,8,39,153,200,1.275,0.0374685798017727,657,At least the skies are not cloudy all day
5173,3127,11,36,164,211,1.2748815165876777,0.038021740101316835,657,I know. I KNOW. You got a feelin’ called the blues since your baby said goodbye....
4645,3127,13,32,166,211,1.2748815165876777,0.039190889201281866,657,"Well, they do say one in three mariachis end in divorce."
1708,3127,10,38,163,211,1.2748815165876777,0.03742347100823962,657,So you feel this resentment toward your mama for her letting you become a cowboy rather than a doctor or lawyer or such?
364,3127,11,36,164,211,1.2748815165876777,0.038021740101316835,657,I sense a great deal of discouragement in that one.
440,3131,6,49,167,222,1.2747747747747749,0.03385674184292627,657,"Your insomnia may be related to your cheating heart, or it could be that extra cup of coffee you have in the afternoon."
877,3131,8,45,169,222,1.2747747747747749,0.03504009790957716,657,You've really had bad luck with dogs.
1192,3131,9,43,170,222,1.2747747747747749,0.03561703536455348,657,"Duke, playing the sad song backwards will not reverse your wife's running off with the mailman, your truck's falling apart, or your dog from getting run over. That's an urban myth."
1784,3131,7,47,168,222,1.2747747747747749,0.034453500763574875,657,"Please, not that same old refrain."
5866,3131,10,41,171,222,1.2747747747747749,0.036184775179721004,657,Are you sure the lyrics should be “my mother took my pickup and I’m going to kill her”
1879,3136,14,36,183,233,1.2746781115879828,0.037104333352640906,657,I'm so relieved you left your banjo home this session.
3808,3136,10,44,179,233,1.2746781115879828,0.035053343369101035,657,"Candidly, Tex, you do have a big hat, big boots and no cattle."
4552,3136,12,40,181,233,1.2746781115879828,0.036093409612393226,657,Somewhere between Carl Perkins and Carl Jung is our first Grammy.”
6068,3136,10,44,179,233,1.2746781115879828,0.035053343369101035,657,And do you really feel nothing for the misfortunate little dogies?
4579,3140,9,35,149,193,1.2746113989637307,0.03902885065534163,657,Stay tuned for next week.
5293,3141,14,39,191,244,1.2745901639344261,0.035943743433861856,657,And how did walking out on the streets of Laredo make you feel?
1178,3141,12,43,189,244,1.2745901639344261,0.03499271302994194,657,How do the antelopes at play make you feel?
1860,3143,9,38,157,204,1.2745098039215685,0.03762594388388796,657,"You harbor an obsession for trains, dogs, and rain...classic Willie and Waylon syndrome."
2451,3143,9,38,157,204,1.2745098039215685,0.03762594388388796,657,And how did it make you feel when she left with your dog?
3130,3145,11,37,167,215,1.2744186046511627,0.03753120916070492,657,We have  established you are an old cowhand from the Rio Grande. Now can we talk about your mother?
4899,3145,11,37,167,215,1.2744186046511627,0.03753120916070492,657,That's your fourth song about urban cow pies.
5349,3145,7,45,163,215,1.2744186046511627,0.03513853179278438,657,It doesn't have to be a Lonesome Road...
6936,3145,13,33,169,215,1.2744186046511627,0.038672073687877305,657,You called and said that you were going through a blues phase...
1313,3149,8,46,172,226,1.2743362831858407,0.03463282624528418,657,"So, you say, you have lost your wife, your kids, your house, your pickup truck...."
1837,3149,8,46,172,226,1.2743362831858407,0.03463282624528418,657,Are those lyrics really true?
4228,3149,8,46,172,226,1.2743362831858407,0.03463282624528418,657,I hear that she just  flushed you from the bathroom of her heart. And how does that make you feel?
2468,3152,8,49,180,237,1.2742616033755274,0.0336074500424914,657,Let’s explore your obsession with deer and antelope.
1352,3152,15,35,187,237,1.2742616033755274,0.03714518325244517,657,If you don't get those boots of my new couch I will shove that guitar where your id doesn't shine!!!
5001,3152,9,47,181,237,1.2742616033755274,0.034135295577219664,657,So you asked her to be the yee to your haw and she left you?
5420,3155,8,35,143,186,1.2741935483870968,0.03925198922735644,657,"I don't usually work on trade, but I do have some dogies that need punching."
3249,3155,11,46,191,248,1.2741935483870968,0.034130087159447986,657,There's no judgement here - play the blues if it feels right.
1802,3157,9,36,152,197,1.2741116751269035,0.03848833795421494,657,Would you rather sing about it?
3524,3157,7,40,150,197,1.2741116751269035,0.03711815487184838,657,Lots of  people liked Brokeback Mountain - maybe you're reading to much into this
5110,3157,7,40,150,197,1.2741116751269035,0.03711815487184838,657,"So, the symptoms you have described: fret, not in tune with others, feeling tight as a wound string - have you considered you may have an associative disorder?"
2083,3160,8,41,159,208,1.2740384615384615,0.03650587008976078,657,"It's very common, a lot of people are feeling strung-out these days."
3349,3160,12,33,163,208,1.2740384615384615,0.038967718494172986,657,"Let's trade places, Tex, and I'll tell you how your song makes me feel."
4535,3160,9,39,160,208,1.2740384615384615,0.0371366353405656,657,"You are having a difficult adjustment.  Here, seldom is heard an encouraging word."
59,3163,12,36,171,219,1.273972602739726,0.037618354927453634,657,You have an exceptionally bad case of the blues
3254,3163,8,44,167,219,1.273972602739726,0.0353210034727591,657,"You say you're missin' your missee, but the melody suggests otherwise."
3280,3163,10,40,169,219,1.273972602739726,0.0364877644818817,657,"I'd like to explore these ""Little dogies"" some more. Where exactly you'd like them to ""get along"" to?"
4280,3163,11,38,170,219,1.273972602739726,0.037057371630575354,657,"What is it about “Yippee ki yi yo, get along little dogie” 
that hurts your self esteem?"
4984,3163,9,42,168,219,1.273972602739726,0.03590912309711787,657,Why don't you start by fixing your car.
7069,3163,12,36,171,219,1.273972602739726,0.037618354927453634,657,You know what Freud would've said about that last little diddy you plucked.
4395,3169,9,37,155,201,1.2736318407960199,0.037967729409629676,657,"I'm afraid the ""cowpoke blues"" isn't in the diagnostic manual, sir."
1285,3169,10,35,156,201,1.2736318407960199,0.038617349990696576,657,Pluck the pain away.
484,3171,8,42,162,212,1.2735849056603774,0.036049459387417424,657,So why do you think he drove his Chevy to the levee?
3613,3171,8,42,162,212,1.2735849056603774,0.036049459387417424,657,And that's when you realized your mare was seeing other studs?
4063,3171,9,40,163,212,1.2735849056603774,0.036664345674730175,657,What do you think about waiting until the second verse before revealing that you have a crush on your horse?
4598,3171,12,34,166,212,1.2735849056603774,0.038450050827654916,657,And how did they respond when you told them you'll be transitioning to Indian?
4840,3171,11,36,165,212,1.2735849056603774,0.03786417418904312,657,And how does that done make ya feel?
5623,3171,7,44,161,212,1.2735849056603774,0.035423901542518024,657,When did you first notice an uncontrollable urge to repeat the refrain?
18,3177,14,33,176,223,1.2735426008968609,0.038219233902922194,657,Let's dig into why you're so picky.
4876,3177,13,35,175,223,1.2735426008968609,0.037687009653037215,657,I can see I've really struck a chord with you.
6473,3179,9,35,150,194,1.2731958762886597,0.03885294412875793,657,Maybe its time to start thinking about YOUR Happy trail...
4157,3180,7,42,156,205,1.273170731707317,0.036166903810506204,657,Can you tell me more about your feeling unaccompanied and fenced in?
4647,3181,7,45,164,216,1.2731481481481481,0.03499854163913187,657,Your horse left you for a banjo player.  How does that makes you feel?
5593,3181,10,39,167,216,1.2731481481481481,0.03679805542789342,657,"Let's talk some more about this, ah, 'long little dogie' you sing about so much"""
4513,3181,11,37,168,216,1.2731481481481481,0.037378646382799974,657,"Well, have you considered friends in high places?"
3294,3181,13,33,170,216,1.2731481481481481,0.03851358006836789,657,So I guess you are not Ariana Grande anymore?
3012,3181,10,39,167,216,1.2731481481481481,0.03679805542789342,657,I think learning to ride before you learned to stand is the root of your problems.
4143,3181,9,41,166,216,1.2731481481481481,0.03620815600300886,657,"Let's unpack this fixation on buffalo, deer and antelope."
973,3187,10,42,175,227,1.2731277533039647,0.03561313212047921,657,"How long have you had this fear of pickup trucks and honky-tonks?"""
2627,3187,9,44,174,227,1.2731277533039647,0.035061522279152164,657,A lot of the best country songs are about heartbreak. Are you sure you want to work through these feelings?
3699,3187,6,50,171,227,1.2731277533039647,0.033351999038045844,657,"And after you wake up, do you still see the cows?"
3593,3190,9,50,190,249,1.2730923694779117,0.03304457423603696,657,I can name that tune in one session...
4970,3191,16,39,205,260,1.273076923076923,0.03523680728707461,657,Could you yodel some more about your mother?
6177,3192,12,39,180,231,1.2727272727272727,0.036250529911216495,657,Let’s unpack that...‘achy breaky’
5694,3192,12,30,156,198,1.2727272727272727,0.040275651009187875,657,"Not that it matters one way or another,
but this rug is from Morocco"
4717,3192,10,43,178,231,1.2727272727272727,0.03519678802156854,657,She just wants you to start acting like a cowman.
4382,3192,12,33,164,209,1.2727272727272727,0.03880298135621401,657,I see here that you've been seen in the past for the Lovesick Blues.
4308,3192,12,36,172,220,1.2727272727272727,0.03746767352655901,657,Could your dogie be a substitute for someone else?
4003,3192,12,36,172,220,1.2727272727272727,0.03746767352655901,657,"Your ""deer"" and your ""antelope"" are clearly at odds, Mr. Cash."
3652,3192,10,34,154,198,1.2727272727272727,0.038981787264250944,657,"Let's hear the chorus again, without choking up this time."
3221,3192,11,32,155,198,1.2727272727272727,0.03963399930948941,657,"So, after your dog died and your wife left you, what's the next verse?"
2833,3192,10,46,186,242,1.2727272727272727,0.034145875466264373,657,Tell me more about how these cowmen and farmers can't be friends.
2553,3192,7,52,183,242,1.2727272727272727,0.03260465735050326,657,I've seldom heard such discouraging words! Have you thought of just going home to the range?
2552,3192,11,38,171,220,1.2727272727272727,0.036909559182923074,657,"I assure you, sir, the key is immaterial."
2186,3192,11,35,163,209,1.2727272727272727,0.03820555898264935,657,"If you are lonely, perhaps you should get a long little doggie?"
3842,3192,13,37,181,231,1.2727272727272727,0.03676607722817852,657,"It's time to move past ""Home On The Range""  and consider ""Stairway To Heaven"""
6166,3205,9,46,180,235,1.2723404255319148,0.03426685515972934,657,"I know you've got the blues, Earl. You don't have to sing them EVERY time."
488,3206,13,35,176,224,1.2723214285714286,0.03753825532615056,657,What ever happened to ‘seldom is heard a discouraging word?’
4141,3206,13,35,176,224,1.2723214285714286,0.03753825532615056,657,Now that I’m hearing your music for the first time I’m forced to reevaluate my diagnosis. These feelings of self-loathing are completely justified. Frankly you’ve wasted both our time.
6655,3206,6,49,169,224,1.2723214285714286,0.03359838619093641,657,Let’s pick this out again next week.
6851,3209,11,36,166,213,1.272300469483568,0.037707870955239454,657,"By ""cowboy up"" I mean it's time you got the heck off my couch."
1965,3209,10,38,165,213,1.272300469483568,0.037115934978502095,657,So becoming a cowboy didn’t stop you getting the blues?
6174,3209,9,40,164,213,1.272300469483568,0.036514404372518516,657,You say that your mama let you grow up to be a cowboy.
5199,3209,11,36,166,213,1.272300469483568,0.037707870955239454,657,"Tex, it's now clear to me that your mood music is triggering your mood disorder."
1863,3209,11,36,166,213,1.272300469483568,0.037707870955239454,657,Very touching but I am still not eating beef.
3108,3209,8,42,163,213,1.272300469483568,0.03590279688312881,657,"So, to clarify, it's your view that these dogies are going along just to get along?"
4218,3209,10,38,165,213,1.272300469483568,0.037115934978502095,657,"I'll tell you this, pardner:  It takes a real cowman to wear pink."
1726,3216,11,33,158,202,1.2722772277227723,0.03908488211989112,657,"OK, so you say your girl left you and she took your dog and your truck. How does that make you feel?"
2488,3217,8,36,147,191,1.2722513089005236,0.03851863303104974,657,"Okay! Enough about your dog and your horse! Let's get back to your mother!"""
3838,3218,10,42,176,228,1.2719298245614035,0.03547682083265307,657,So you never did find a home on the range..
3883,3218,15,32,181,228,1.2719298245614035,0.038102744385522906,657,Only an absolute idiot would use y’all as a singular pronoun
5520,3218,13,36,179,228,1.2719298245614035,0.03707470032760838,657,"Under your current working conditions,it is quite normal to serenade Livestock or members of the same sex."
5792,3218,8,46,174,228,1.2719298245614035,0.034370322824576936,657,"No, Winthrop, Mom didn't like me best, she just didn't understand your flair for dress-up."
2,3222,9,41,167,217,1.271889400921659,0.03606288638947509,657,"Speaking purely as a Jungian, that second verse needs a bit more work."
1016,3222,6,47,164,217,1.271889400921659,0.03424213168329136,657,Tell me about this Home on the Range”
6424,3222,13,33,171,217,1.271889400921659,0.038356347124988546,657,"Yodeling indicates a psychosis beyond modern psychiatric treatment, partner."
6752,3225,8,40,158,206,1.2718446601941749,0.036666928265706784,657,"I know it was only three minutes and thirty seconds, but times up."
3583,3225,11,34,161,206,1.2718446601941749,0.038555709293648155,657,"You play, I'll write the lyrics."
1569,3225,13,30,163,206,1.2718446601941749,0.03976508660787986,657,"You backed over your dog, your truck broke down, then your wife left you, or was it the other way around?"
5747,3228,12,29,154,195,1.2717948717948717,0.040677214583564346,657,"No, you don't grow hair on your palms from playing with it all day."
5201,3229,10,30,144,184,1.2717391304347827,0.04093127837879785,657,"Will you please stop singing ""Home, Home on the Couch""?"
1955,3230,14,38,191,243,1.271604938271605,0.035967273533023716,657,I told you that in our sessions there are no strings attached!
1260,3231,13,34,174,221,1.2714932126696832,0.037865293953909036,657,Have you ever tried playing it in G instead of E?
3256,3231,11,38,172,221,1.2714932126696832,0.03676288638980861,657,"So you hate your mother because she ignored the advice in the song, ""Mama, don't let your babies grow up to be cowboys."""
6140,3231,8,44,169,221,1.2714932126696832,0.03504431209127993,657,"Yes, I do think that playing a country and western version of Bohemian Rhapsody on an acoustic guitar does show signs of grandiosity."
2272,3234,14,29,167,210,1.2714285714285714,0.03980144712416559,657,"You lost your pickup, your dog, your wife, and your Gulfstream airplane. How did that make you feel?"
4350,3234,8,41,161,210,1.2714285714285714,0.036204204085315286,657,Enough singing the blues; why did your horse leave you?
5448,3234,10,37,163,210,1.2714285714285714,0.037441705712926016,657,Enough about your heart. Tell me about your achy-breaky anxiety disorder.
4914,3237,11,32,156,199,1.271356783919598,0.03945813812690545,657,Your mother let the buffalo roam in the home?
3887,3237,8,38,153,199,1.271356783919598,0.03747890246866719,657,And how does yippie-yi-yo-ki-yay make you feel?
671,3237,10,34,155,199,1.271356783919598,0.03880960988870225,657,I can assure you that lonesomeness is not fatal.
668,3237,10,34,155,199,1.271356783919598,0.03880960988870225,657,Don't string me along. Just change your tune.
3391,3237,7,40,152,199,1.271356783919598,0.03679550632247332,657,"I don’t think your song, “A girl named Sue” will go over too well"
804,3242,12,24,141,177,1.271186440677966,0.04351316254681952,657,"In your dream is ""she"" a person or a vehicle?"
1664,3242,7,50,179,236,1.271186440677966,0.03306771833089538,657,"I can see why she left you, Pete, but at least the song's a surefire hit."
4187,3242,13,38,185,236,1.271186440677966,0.036191796801579676,657,When exactly did you fall off the band wagon?
4910,3242,9,46,181,236,1.271186440677966,0.034140856008355064,657,But sometimes a guitar is more than a guitar.
6989,3246,12,37,176,225,1.271111111111111,0.03685617214313082,657,So your mother left on a train with your dog in the rain.....
2875,3246,12,37,176,225,1.271111111111111,0.03685617214313082,657,This is going to work better if you quit insisting that your music speaks for you...
3285,3246,11,39,175,225,1.271111111111111,0.0363138387582689,657,So you're an old cowhand from the Rio Grande. Can you tell me more about how that makes you feel?
6504,3246,6,49,170,225,1.271111111111111,0.03347061676977067,657,Let’s return to your feelings about being the only left-handed guitar player in the gang.
6800,3246,12,37,176,225,1.271111111111111,0.03685617214313082,657,Sounds like your B is sharp and your mood is flat.
6721,3251,7,44,163,214,1.2710280373831775,0.035138385113308676,657,"'Oh give me a home' again? Face it, Mr. Carlson, you have childhood issues."
5459,3251,11,36,167,214,1.2710280373831775,0.03755281593019523,657,"In my professional opinion, singing the blues is not helping with your depression."
5193,3251,10,38,166,214,1.2710280373831775,0.036963996203172374,657,"As we discussed last week, I'm so glad you were able to leave the guns at home. How I can support you with leaving the guitar as well?"
3087,3251,7,44,163,214,1.2710280373831775,0.035138385113308676,657,"Can't we all just get along, little dogey?"
3844,3251,9,40,165,214,1.2710280373831775,0.03636564376343637,657,"No, of course I didn't just write ""More like Home on Deranged""."
4193,3251,12,34,168,214,1.2710280373831775,0.03813254454224249,657,Your mother complex started when she let you grow up to be a cowboy.
6338,3257,8,39,156,203,1.270935960591133,0.036987246921752585,657,"So, contrary to the lyrics, your Momma let you grow up to be a Cowboy? Interesting."""
2121,3258,7,38,147,192,1.2708333333333333,0.03762583115956291,657,"At some point, Lefty, you will have to accept that Singing Cowboy may no longer be a viable profession."
2997,3259,12,38,179,229,1.2707423580786026,0.03640924953996243,657,Less blues and more odes to joy would help.
2049,3259,14,34,181,229,1.2707423580786026,0.03744655114812468,657,That sounds awful.
1887,3261,8,43,167,218,1.2706422018348624,0.03532531473298885,657,Twanging beats Tweeting.
1920,3261,10,39,169,218,1.2706422018348624,0.0365025167800251,657,"When you said you seldom heard a discouraging word, was that home on the range or Oklahoma?"
6583,3263,13,30,164,207,1.2705314009661837,0.03959430347816654,657,"Well, let's try reverse psychology and see if we can get your wife back, the dog will be okay and your truck will get fixed."
5380,3263,12,32,163,207,1.2705314009661837,0.03899752239098981,657,"So, YOU were drunk the day your mama got out of prison?"
4327,3265,10,33,153,196,1.2704081632653061,0.039179298879298975,657,Being a gentleman cowboy must be difficult in Manhattan.
5580,3265,14,25,157,196,1.2704081632653061,0.04176520029524842,657,"I'm no psychiatrist, but that sounds like some crazy shit to me"
1022,3267,13,37,183,233,1.2703862660944205,0.03648721528781407,657,Where exactly do your buffaloes roam?
5805,3267,9,45,179,233,1.2703862660944205,0.034399450682641594,657,"Tell me more about this... ""cow poke""?"
1867,3269,11,38,173,222,1.2702702702702702,0.03661734069695344,657,"Yes, I know you got the blues, so let's talk about your childhood."
4837,3269,8,44,170,222,1.2702702702702702,0.034907526405855,657,"So, how have you been feeling since switching to a fretless guitar?"
4326,3271,7,43,161,211,1.2701421800947867,0.03542370026710639,657,It just too lonely on the range.
5712,3271,7,43,161,211,1.2701421800947867,0.03542370026710639,657,"If you expect me to sing along to that, forget it."
4742,3271,8,41,162,211,1.2701421800947867,0.03605516715591992,657,"So, let's talk about why you abandoned the Blues."
4311,3271,13,31,167,211,1.2701421800947867,0.03905966933780921,657,I gave her a ring - she gave me a finger...
3151,3271,11,35,165,211,1.2701421800947867,0.03788647110412801,657,Perhaps you're hiding your shortcomings with that guitar?
2837,3271,8,41,162,211,1.2701421800947867,0.03605516715591992,657,"So, then your dog up and died?"
2547,3271,11,35,165,211,1.2701421800947867,0.03788647110412801,657,"No, the music lesions are not covered under Medicare part B minor..."
861,3271,9,39,163,211,1.2701421800947867,0.03667576334132474,657,Tell me more about the messages you get from the ghost riders.
1581,3279,11,42,184,237,1.270042194092827,0.035051198129970894,657,You told me about your true love stealing your pick-up last week.
663,3280,10,34,156,200,1.27,0.038638902988058596,657,"In this case, I believe your truck represents the lack of affection you received from your mother as a child."
5700,3280,13,28,159,200,1.27,0.04054279952056622,657,"Actually, Nigel, that was a fairly decent rendition of 'Crazy.'"
4094,3282,10,38,167,215,1.2697674418604652,0.03681325854375996,657,I take it the Strum und Drang has resurfaced.
344,3282,14,30,171,215,1.2697674418604652,0.039103596370689206,657,I’m just not sure I even like whiskey or horses.
1561,3282,13,32,170,215,1.2697674418604652,0.038543773011911565,657,I’ve heard enough about Billy the adult. Tell me about your childhood.
1758,3282,11,36,168,215,1.2697674418604652,0.03739899484929683,657,Sing me the one about your mother . . .
2651,3282,10,38,167,215,1.2697674418604652,0.03681325854375996,657,I hear you saying that your Mother let her babies grow up this way.
6639,3287,16,33,192,241,1.2697095435684647,0.037066740969505886,657,Nice hat.
6661,3288,10,35,159,204,1.2696078431372548,0.03811821576510769,657,"Does ""ki-yi yippy yippy yay"" really reflect your true feeling?"
5206,3288,6,43,155,204,1.2696078431372548,0.03549391007695851,657,"I'm sorry, did you say ""Yippie Ki Yay"" or ""Yippie ki Vay""?"
4795,3288,11,33,160,204,1.2696078431372548,0.038746529564030976,657,Might a long little doggie help with the lonesomeness?
1461,3288,11,33,160,204,1.2696078431372548,0.038746529564030976,657,"Dusty, this is Week 16!  I think it's time we moved on from ""Mama, don't let your babies grow up to be cowboys."""
341,3288,8,39,157,204,1.2696078431372548,0.03682944491617082,657,"Hmm yes... and what effect did losing your house, wife, and dog have on you?"
3060,3288,9,37,158,204,1.2696078431372548,0.037479370231825966,657,So how fine a time was it when Lucille left you?
2004,3294,14,34,182,230,1.2695652173913043,0.0373019627542916,657,"How about ""..where the deer and the antelope all play,"" not ""cantaloupe."""
3665,3294,8,46,176,230,1.2695652173913043,0.034111621830543164,657,"No, no, I sing, ""Just call my name, I'll be there in a hurry
You don't have to worry,""
Then you come in at ""'Cause baby there ain't no mountain high enough."""
247,3296,11,47,198,256,1.26953125,0.03330322102265888,657,"Well Doc, I'm having trouble believing that the deer and the antelope are playing."
5122,3297,10,39,170,219,1.269406392694064,0.036356465875145676,657,You can’t blame your mother entirely for your inability to get along with your little doggie.
1590,3297,7,45,167,219,1.269406392694064,0.0345849259806454,657,"So let’s review. You love your truck, you love your dog, you love your wife."
5071,3297,12,35,172,219,1.269406392694064,0.03749101601041561,657,Have you tried replacing the strings?
6961,3297,12,35,172,219,1.269406392694064,0.03749101601041561,657,"What were your feelings with a banjo on your knee?"""
3315,3301,8,40,160,208,1.2692307692307692,0.0363602904287635,657,"Yes, Mike, aspiring to be in a Geico commercial is a serious condition."
2714,3301,13,37,184,234,1.2692307692307692,0.03634932290584909,657,Are you familiar with pianist envy?
1290,3301,11,34,163,208,1.2692307692307692,0.038228577272598,657,"I’m sorry, but if you continue singing me your problems there will be a $50 per session surcharge."
357,3301,10,36,162,208,1.2692307692307692,0.037616126686294285,657,"You say one of these ""buffalo"" looks like your mother?"
4477,3301,8,40,160,208,1.2692307692307692,0.0363602904287635,657,"First we will begin with your wanting to be referred to as ""Hoss"""
1150,3301,11,41,182,234,1.2692307692307692,0.035325746920367475,657,I strongly suggest you quit picking it before it gets infected
1463,3307,10,37,165,212,1.2688679245283019,0.03713160827806814,657,"Look, Ed, if you want to self-identify as the King of Prussia it's okay with me but you need a different outfit."
845,3307,11,35,166,212,1.2688679245283019,0.03772886235956427,657,"Also, try keeping away from Sarsaparilla for a few weeks."
4807,3307,6,45,161,212,1.2688679245283019,0.034639766840897035,657,So you say you have trouble opening up to your pardner?
2612,3307,5,47,160,212,1.2688679245283019,0.03398827334773955,657,No! I said you could pick your brain.
709,3307,10,37,165,212,1.2688679245283019,0.03713160827806814,657,"As much as I like it, I require cash payments"
316,3312,11,28,147,186,1.2688172043010753,0.04125294976285659,657,"Ok, your dog died and your wife left you . How do you feel about that?"
3847,3313,10,41,176,227,1.2687224669603525,0.03548752925563644,657,Zing me ze von about your desire to kill your poppa unt marry your momma.
2968,3313,9,43,175,227,1.2687224669603525,0.03493393619062169,657,Use your inner campfire.
1361,3315,6,42,153,201,1.2686567164179106,0.035789787487408346,657,Tell me more about all the girls you loved before.
6741,3315,12,30,159,201,1.2686567164179106,0.03974187150953536,657,It's your misfortune and none of my own...
2586,3315,7,40,154,201,1.2686567164179106,0.03647821448721066,657,"Where should we start- the dog? the pickup? runaway wife?
or why you cannot put the guitar down"
5508,3315,10,34,157,201,1.2686567164179106,0.038469648601439414,657,Was she humming while you were strumming
6116,3319,9,47,186,242,1.2685950413223142,0.03352288562361172,657,So how long have you wanted to be a rhinestone  cowboy?
271,3320,8,42,166,216,1.2685185185185186,0.035469633117818075,657,"You see, you were seeking a home on the range because you wanted your father to love you"
798,3320,9,40,167,216,1.2685185185185186,0.036071612046714885,657,You're still playin' your Willie a lot?
4948,3320,13,32,171,216,1.2685185185185186,0.038385237842080186,657,Could the something that’s missing from your life be the rest of the mariachi band?
6052,3320,11,36,169,216,1.2685185185185186,0.03724639364986744,657,Does your five gallon hat make you feel inferior?
6131,3320,13,32,171,216,1.2685185185185186,0.038385237842080186,657,You first need to learn how to tune your guitar.
2634,3325,6,50,175,231,1.2683982683982684,0.03285731272368923,657,So what do you want to let yourself grow up to be?
5250,3325,13,36,182,231,1.2683982683982684,0.03664843258248583,657,You bring that thing with you once more and we're done.
4349,3327,11,33,161,205,1.2682926829268293,0.03857948202428566,657,Well it sounds like you had a wonderful home on the range.
6017,3327,7,41,157,205,1.2682926829268293,0.03601500246640024,657,And when did you start hating your trail boss?
3870,3327,10,35,160,205,1.2682926829268293,0.037954610070587466,657,If they would have just called me a cowperson.
2801,3327,9,37,159,205,1.2682926829268293,0.03731927676092475,657,Define twang for me
1958,3327,10,35,160,205,1.2682926829268293,0.037954610070587466,657,Tell me more about your pickup truck.
1858,3327,14,27,164,205,1.2682926829268293,0.04039614407610836,657,So tell me about zees dogies you are referring to?
141,3333,9,41,170,220,1.268181818181818,0.0356337606321387,657,I believe you're projecting your misfortune onto those little doggies.
524,3333,13,33,174,220,1.268181818181818,0.037892069070571986,657,And when did you start dreaming in rap?
1051,3333,7,45,168,220,1.268181818181818,0.03444913490870762,657,You've told me your side. Now I'd like to hear from your partner.
5398,3333,13,33,174,220,1.268181818181818,0.037892069070571986,657,If you'll quit early . . . I'll sign off on Sometimes a guitar is just a  guitar . . .
2369,3337,10,43,182,235,1.2680851063829788,0.03467319126823531,657,"Help may come from God, but you’ll still have to pay my fees."
4838,3337,12,39,184,235,1.2680851063829788,0.035706731732210416,657,It all started when I bought a house with a porch..
5627,3337,9,45,181,235,1.2680851063829788,0.03414469129436408,657,You can skip the chorus.
1557,3340,9,34,151,194,1.268041237113402,0.03869494333586221,657,You really won’t be free of your mother until you break out of iambic pentameter.
2475,3340,10,32,152,194,1.268041237113402,0.039379113623445844,657,Let's go over the love ballad to your horse again...
6128,3340,12,28,154,194,1.268041237113402,0.040712976921045696,657,Have you considered the harmonica.....or ranching?”
5490,3343,13,30,166,209,1.2679425837320575,0.039256997748971026,657,And what else were these little dogies saying?
5174,3343,9,38,162,209,1.2679425837320575,0.036838639666072676,657,So...what’s your opinion Doc? Last time you said  if I can make it here I can make it anywhere.
309,3343,11,34,164,209,1.2679425837320575,0.03806702802104112,657,We know all about the 'lonesome trail.' Let's talk about your mother.
288,3346,6,48,170,224,1.2678571428571428,0.03346111607536242,657,Words matter.
306,3346,9,42,173,224,1.2678571428571428,0.035210248503910725,657,It may be better not to pick where you left off
3408,3346,9,42,173,224,1.2678571428571428,0.035210248503910725,657,"And yet you prefer the Whitney Houston cover over the Dolly Parton original."""
4283,3346,10,40,174,224,1.2678571428571428,0.03577429295746558,657,. . .and what can you tell by MY outfit?
5119,3346,6,48,170,224,1.2678571428571428,0.03346111607536242,657,How do you feel about taking requests?
5844,3346,11,38,175,224,1.2678571428571428,0.036329581245948796,657,"... so, Bob, I hear you saying you would like to have a house with some buffalo nearby. Can you talk about that?"
1325,3352,14,36,189,239,1.2677824267782427,0.03627797734640881,657,"Trouble is, even if you do try riding into the sunset, there's like twelve freeways between here and Santa Monica. Where you gonna get a horse that can handle that?"
1312,3353,11,35,167,213,1.267605633802817,0.037572523803741396,657,"And she feels that you use the guitar to ignore her"""
776,3353,9,39,165,213,1.267605633802817,0.036374616694688645,657,How many exe’s would that be?
3544,3353,9,39,165,213,1.267605633802817,0.036374616694688645,657,Honestly I can't say whether your codependency issues would make for a good country song.
1346,3356,10,41,177,228,1.2675438596491229,0.03535119218364821,657,"I appreciate your talent, but if you would just speak in sentences, that would be great.  Paragraphs would be fabulous."
2300,3356,11,39,178,228,1.2675438596491229,0.035893587887929186,657,"So, how long have you felt as if you were an old cow hand?"
3849,3358,12,41,190,243,1.2674897119341564,0.03489680169829107,657,"How long have you had this 'lonesome cowboy' complex, Father Jim?"
4716,3358,15,35,193,243,1.2674897119341564,0.03632928809969387,657,"I lost my wife, my dog, and my house. That’s just the first verse. Wait until you hear the chorus."
1978,3360,5,44,153,202,1.2673267326732673,0.034939044373367464,657,And what does being on the road again mean to you?
1120,3360,10,34,158,202,1.2673267326732673,0.038301829039474905,657,"Hmm, I see. Your mama let you grow up to be a cowboy."
3459,3360,11,32,159,202,1.2673267326732673,0.03893955270644705,657,Let’s move on from the melancholy and dive into some funk.
1013,3360,8,38,156,202,1.2673267326732673,0.03699341554048712,657,"So, tell me more about the deer and the antelope..."
6351,3360,11,32,159,202,1.2673267326732673,0.03893955270644705,657,What if rootinish and tootinish are enough?
5875,3365,15,28,174,217,1.2672811059907834,0.039328316787994186,657,And how did it make you feel -- the lack of clouds in the sky?
6908,3365,11,36,170,217,1.2672811059907834,0.03709499846804683,657,And why do you think you blame mamas for not letting their babies grow up to be cowboys?
3063,3365,9,40,168,217,1.2672811059907834,0.0359263150953195,657,"And when you hear this lonesome whip-poor-will, how does it make you feel?"
2492,3365,9,40,168,217,1.2672811059907834,0.0359263150953195,657,"So, tell me about this home."
6890,3365,6,46,165,217,1.2672811059907834,0.034098268633522444,657,"Yes, I understand you're an old cowhand from the Rio Grande.  Unfortunately, you also have 'mommy' issues."
1362,3365,15,28,174,217,1.2672811059907834,0.039328316787994186,657,"Let's see, where do my notes show that we left off last time? Ah right: 'My wife left me again, just my luck, and I ran over my dog with the pickup truck.'"
1071,3365,9,40,168,217,1.2672811059907834,0.0359263150953195,657,Twenty years of therapy and you're still on that damned first line!
1722,3365,10,38,169,217,1.2672811059907834,0.036515332585590525,657,"If you can make it there, you’ll make it anywhere"
3351,3373,11,40,181,232,1.2672413793103448,0.03547153060633943,657,"And when did you discover you were afriad to ""Go on the road 
again?"
6539,3373,9,44,179,232,1.2672413793103448,0.03440336433961055,657,There’s nothing in my psychology books about dealing with the loss of a pickup truck.
4522,3375,8,35,148,191,1.2670157068062826,0.038353477344089226,657,"Music is good theropy; but it still won’t bring back your Mama, your wife, your job, your dog, of your truck!"
755,3376,11,33,162,206,1.266990291262136,0.038413830851359125,657,How is it you sum up your entire life in just three songs?
2716,3376,9,37,160,206,1.266990291262136,0.03716050331845561,657,You say the cattle are judging you harshly. Can you tell me how that makes you feel?
3710,3376,9,37,160,206,1.266990291262136,0.03716050331845561,657,Your chord progressions indicate a longing for open spaces.
5900,3379,12,35,174,221,1.2669683257918551,0.03719075666464979,657,A snake… in your boot? That gives us plenty to work with.
4112,3379,13,33,175,221,1.2669683257918551,0.0377397365722414,657,"We’ve all got problems,
you attention-seeking hipster prick."
2283,3379,7,45,169,221,1.2669683257918551,0.03431436586947632,657,"Being left handed isn't a psychiatric condition, even for a cowboy."
685,3379,10,39,172,221,1.2669683257918551,0.036067737810725364,657,"Aside from being home, home on the range, how was your childhood?"
795,3379,8,43,170,221,1.2669683257918551,0.034908609830201824,657,When I suggested needed to consider changing your tune this isn't what I had in mind.
1179,3379,8,43,170,221,1.2669683257918551,0.034908609830201824,657,How long has this been going on with you and Buttercup ?
2982,3385,14,39,198,251,1.2669322709163346,0.035056138892943754,657,Wouldn't it be possible to abstain from beans - at least once a week - if flatulence is such an issue for her?
5098,3386,11,34,165,210,1.2666666666666666,0.03790680212642532,657,"The mother issues, I can help with. I'll refer you to a good veterinarian and mechanic for the rest."
5779,3386,6,40,149,195,1.2666666666666666,0.03640366591755838,657,"If you really want to win her back, you need to upgrade your repertoire.  How about, ""You Are My Sunshine?"""
5776,3386,11,34,165,210,1.2666666666666666,0.03790680212642532,657,That home is gone.  Give it up.
5307,3386,11,38,176,225,1.2666666666666666,0.03618734322278729,657,Bravo.  And how does it make you feel that your mother let her babies grow up to be cowboys?
4993,3386,8,44,173,225,1.2666666666666666,0.03450327796711771,657,"Perhaps they would laugh less when you sing, “I am a Rhinestone Cowboy” if you got a trim!"
6331,3386,13,34,178,225,1.2666666666666666,0.037267799624996496,657,"So you say your wife left you, you lost all your money, and your dog was run over by a pickup truck?"
2856,3386,11,38,176,225,1.2666666666666666,0.03618734322278729,657,And how did it feel after you shaved your legs?
2480,3386,10,36,164,210,1.2666666666666666,0.03730090053645977,657,You don't a psychiatrist; you need music lessons!
1478,3386,9,34,152,195,1.2666666666666666,0.03852052926106836,657,So how does your guitar feel about you taking up with a piano?
217,3386,10,32,153,195,1.2666666666666666,0.03920075597049158,657,"To me, you sound more desperate than Desperado."
4639,3386,11,34,165,210,1.2666666666666666,0.03790680212642532,657,A little more strum... and less drang makes a happy man.
1700,3397,10,41,178,229,1.2663755458515285,0.03521586682397092,657,WHY  CAN'T  I SING ALONG
1738,3397,12,37,180,229,1.2663755458515285,0.03628729828727291,657,So tell me...how long have you been “D-ranged”...
2382,3397,17,27,185,229,1.2663755458515285,0.03883677212454942,657,"Last week you mentioned your doggy died, how did that make you feel?"
1124,3400,9,39,166,214,1.266355140186916,0.03622583241756774,657,Pick a little talk a little pick a little talk a little pick pick pick talk a lot pick a little more
1519,3400,17,23,174,214,1.266355140186916,0.04078390229217362,657,Who gives a fuck?
1772,3400,8,41,165,214,1.266355140186916,0.035615080589080785,657,"Could you repeat the 2nd verse, I missed the part about your pa."
2251,3400,9,39,166,214,1.266355140186916,0.03622583241756774,657,And what do you think would happen if you DID follow your bliss and went more into a kind of K-Pop sound
6920,3400,10,37,167,214,1.266355140186916,0.036826456567591245,657,"I assure you, Mr. Tex, your horse will eventually accept your switch to funk."
6937,3405,6,41,152,199,1.2663316582914572,0.03593629419555437,657,How did your mother feel about the banjo on your knee?
2638,3405,7,39,153,199,1.2663316582914572,0.03663572143739125,657,So when did your compulsion to play out of tune begin?
6758,3407,6,37,141,184,1.266304347826087,0.03773677407071579,657,I suppose in a Jungian sense you could say your mother taught you the blues.
3929,3408,13,40,195,248,1.2661290322580645,0.03485906152704103,657,There's nothing wrong with crying if your lonesome.
3003,3409,4,54,175,233,1.2660944206008584,0.03146035709308386,657,You have to play a different tune if you want to make progress.
6871,3410,7,44,167,218,1.2660550458715596,0.034580430650614204,657,Dr. Katz suddenly realized the mustache competition was growing thicker by the day.
1396,3410,12,34,172,218,1.2660550458715596,0.03751260934286197,657,"I must say, Mr. Williams, I don't see many clients asking to become MORE depressed..."
1702,3410,10,38,170,218,1.2660550458715596,0.03636811776018771,657,was this before or after the string broke?
3052,3410,6,46,166,218,1.2660550458715596,0.033963631266934496,657,"So tell me, when were you last able to express yourself without breaking into a ballad?"
3845,3410,8,42,168,218,1.2660550458715596,0.035186419526965024,657,Now why do YOU think 'Mama' ley her boy grow up to be a cowboy?
5975,3410,14,30,174,218,1.2660550458715596,0.038623201964641286,657,Time's up for today.  Shall we schedule another jam session for next Tuesday?
5245,3416,4,46,153,203,1.2660098522167487,0.034083290361387415,657,I always thought that one day I'd be a Rhinestone Cowboy...
4915,3416,10,34,159,203,1.2660098522167487,0.03813542687983462,657,"So, which is troubling you more...the ""old"" or the ""cowhand"" reference?"
4378,3416,7,40,156,203,1.2660098522167487,0.036166154517489536,657,Tell me more about your getting along with Little Dogie.
6984,3416,9,36,158,203,1.2660098522167487,0.03749049790367934,657,I would recommend group therapy. Would the drummer agree to join?
1379,3416,10,34,159,203,1.2660098522167487,0.03813542687983462,657,Your rendition of  'Dead Dog Blues' may indeed indicate clinical depression.  Bums the hell out of me.
1333,3416,12,30,161,203,1.2660098522167487,0.03939362237456805,657,And why do you think the discouraging words became less seldomly heard?
5783,3416,11,32,160,203,1.2660098522167487,0.03876962900968541,657,And  then your darling  forsooked you.
4069,3416,7,40,156,203,1.2660098522167487,0.036166154517489536,657,Why don't you come to your senses?
3078,3424,8,34,146,188,1.2659574468085106,0.0387181275701258,657,So you don't want to be a hound dog; crying all the time?
5352,3425,11,45,196,252,1.2658730158730158,0.0335476198742007,657,"No, I never saw another cowboy in Vienna!"
4131,3426,11,37,174,222,1.2657657657657657,0.03648798367948789,657,Could you sing the one about your mother one more time?
3059,3426,10,39,173,222,1.2657657657657657,0.035925035926878,657,"I would like for you to tell me more about this ""Pancho."""
352,3426,11,37,174,222,1.2657657657657657,0.03648798367948789,657,Sounds like you’re stuck between a rock and a roll place.
2616,3426,10,39,173,222,1.2657657657657657,0.035925035926878,657,Tell me again: where do the buffalo roam?
1025,3430,13,29,165,207,1.2657004830917875,0.03945672331937041,657,Willie I know you are depressed but they are legalizing marijuana in lots of places.
2894,3430,10,35,162,207,1.2657004830917875,0.03763145850542004,657,"No, Freud played the piano."
4085,3430,9,37,161,207,1.2657004830917875,0.03700303438854375,657,"Can we go back to when you were poke, poke, pokin' along...?"
4723,3430,13,29,165,207,1.2657004830917875,0.03945672331937041,657,I've spent my entire adulthood in search of my umbilical chord.
6706,3430,8,39,160,207,1.2657004830917875,0.03636375171340757,657,Go back to what you were playing about your mother.
555,3435,13,42,201,256,1.265625,0.034106572270734326,657,Your songs do suggest a fixation on your mama.
3689,3435,12,27,153,192,1.265625,0.04093593253663558,657,I knew your mother and she wanted you to be a doctor.
5640,3437,11,42,188,241,1.2655601659751037,0.034540089707247014,657,"Yes it’s a hauntingly beautiful lament for a bygone era, but your account can only be settled by cheque or Visa"
1098,3437,6,52,183,241,1.2655601659751037,0.0319394280463499,657,This is a safe place to let those tear drops fall.
1962,3439,12,36,178,226,1.2654867256637168,0.036587685507288865,657,Anger is a reasonable reaction to dropping your pick in the sound hole.
2549,3439,9,42,175,226,1.2654867256637168,0.03493801125544055,657,You're pickin' but you're not grinnin' - its going to be a lengthy analysis.
5918,3439,15,30,181,226,1.2654867256637168,0.03816612150946518,657,Do you ALWAYS have to say it in a song?
6973,3439,12,36,178,226,1.2654867256637168,0.036587685507288865,657,"Home On The Range is my life, except my wife is light on the ""seldom"" and heavy on the ""discouraging""."
1701,3443,12,32,167,211,1.2654028436018958,0.03834109134990114,657,"You have a severe case of Lonesome Cowboy Ballad Disorder.  Mariachi therapy isn’t covered by your insurance, but I can prescribe an antidepressant that will make you want to play “She’ll be Comin’ ‘Round the Mountain” in no time."
3202,3443,10,36,165,211,1.2654028436018958,0.03714520439903914,657,"Well, what did your Mama want you to grow up to be?"
3264,3443,12,32,167,211,1.2654028436018958,0.03834109134990114,657,"Yes, yes I understand you're just a lonesome cowboy riding the range with your horse named Sally, but did your mother love you or not?"
5238,3443,10,36,165,211,1.2654028436018958,0.03714520439903914,657,"If I shot her when I wanted to, I'd be out by now."
6693,3447,10,32,154,196,1.2653061224489797,0.03902396372031022,657,Ask yourself: Is yodeling really necessary?
5605,3447,12,41,192,245,1.2653061224489797,0.03464562799243076,657,It’s ok to play right handed while Trump is in office.
5608,3449,10,41,179,230,1.2652173913043478,0.03508154246615082,657,"Your ballad tells me that it's not the dove that's lonesome, it's you."
4943,3449,10,41,179,230,1.2652173913043478,0.03508154246615082,657,"How long have you wrestled with your so-called ""Big Hat No Cattle"" complex?"
5356,3449,5,51,174,230,1.2652173913043478,0.03226225690535618,657,"Ok, try it again with a little more feeling and then maybe we'll get somewhere."
1602,3449,8,45,177,230,1.2652173913043478,0.0339819078530545,657,"""Why do you feel home on the range? Was it the absence of discouraging words?"""
885,3453,13,31,171,215,1.2651162790697674,0.03841241221467402,657,"Before you start singing, let me guess: Your wife left you, you lost your job and your dog died..."
1517,3453,8,41,166,215,1.2651162790697674,0.035470683056715434,657,"Hold on, that last line was super Oedipal."
4445,3453,12,33,170,215,1.2651162790697674,0.037842365161575485,657,So you say that you feel  like a lonesome cowboy?
374,3456,8,37,155,200,1.265,0.03715883333034504,657,"No, I don’t think you’re crazy for feeling so blue."
4881,3456,8,37,155,200,1.265,0.03715883333034504,657,I really wish you'd wear pants to our sessions.
5789,3456,11,31,158,200,1.265,0.03913480117895813,657,"Look, I can help you with a lot of things, but not your need for a home where the buffalo roam."
2511,3459,7,48,179,234,1.264957264957265,0.03305503101265523,657,"To save the relationship, you'll need to get more in tune with one another."
1140,3459,10,42,182,234,1.264957264957265,0.034679711584662126,657,Tell me why you hate country music so much.
5687,3461,10,38,171,219,1.264840182648402,0.036222050991859975,657,How do you feel about those Mariachi years?
5485,3462,8,38,158,204,1.2647058823529411,0.03667646127388701,657,"On that note, let's pick up this woeful verse next week"
3490,3462,14,35,189,238,1.2647058823529411,0.036299488961091135,657,Unfortunately the Grand Old Opry isn't one of Freud's stages.
1751,3464,8,43,172,223,1.2645739910313902,0.03463604025862009,657,"Sir, I'm sorry, but this is not a casting couch."
2564,3464,6,47,170,223,1.2645739910313902,0.03344931983942929,657,"What exactly do you mean: yippie yi yo kayah, yippie yi yo kayah?"
6597,3464,12,35,176,223,1.2645739910313902,0.036895146821084475,657,What state do all your ex’s live in?
6970,3464,6,47,170,223,1.2645739910313902,0.03344931983942929,657,Now express your fear of abandonment in D minor.
4388,3468,11,33,164,208,1.2644230769230769,0.038086650766164375,657,I'd be grateful if you didn't yodel the 'my mother never loved me' part.
2771,3468,9,37,162,208,1.2644230769230769,0.036846854679449356,657,"You know., therapy can be more than just material for country songs."
2436,3468,7,41,160,208,1.2644230769230769,0.035563864145409574,657,"You know, you really can't live on a range."
5814,3468,9,37,162,208,1.2644230769230769,0.036846854679449356,657,"I agree with your inner critic, you should not give up your day job and go into music."
761,3468,9,37,162,208,1.2644230769230769,0.036846854679449356,657,How long have you had this strum und drang?
1275,3468,8,39,161,208,1.2644230769230769,0.036211042050192425,657,Let's revisit the ballad about your mother's lack of emotional nurturing.
2729,3474,9,42,176,227,1.2643171806167401,0.03480341522966651,657,"Sure, singing about breakup and loneliness every night can get you down--it's normal."
2053,3474,9,42,176,227,1.2643171806167401,0.03480341522966651,657,"Please, be sensible and don't let your babies grow up to be cowboys"
6947,3476,10,31,152,193,1.2642487046632125,0.03939967941865454,657,Your horse is divorcing you ?
6178,3476,10,31,152,193,1.2642487046632125,0.03939967941865454,657,"Recurring dreams about deer,antelope and buffaloes?"
3248,3478,6,44,162,212,1.2641509433962264,0.034488750558553466,657,Sing along if you’ve heard this neurosis before
1303,3478,13,30,169,212,1.2641509433962264,0.038761436589830514,657,Do you know anything by Beethoven?
541,3480,9,43,179,231,1.2640692640692641,0.03440543219023385,657,We record our sessions because my fee is royalty based.
2418,3480,11,39,181,231,1.2640692640692641,0.035482683044064614,657,Tell me more about this home on the range.
3373,3480,9,43,179,231,1.2640692640692641,0.03440543219023385,657,"So you were saying: you were 4 years old, and you remember there was an empty bottle on a table... a train leaving town... a sad song playing on the Wurlitzer... a woman going out the door with a man.... Did she look like your mother?"
5274,3480,10,41,180,231,1.2640692640692641,0.03494820853922508,657,"Let’s dig more deeper, tell me more about Susanna"
5492,3484,9,34,154,197,1.263959390862944,0.03817624202527881,657,"Billy, you're just a Kid with A minor obsession."
1438,3485,11,35,170,216,1.2638888888888888,0.037110983459218164,657,"Maybe singing on your horse worked, but in the couch I am afraid it does not"
1944,3485,9,39,168,216,1.2638888888888888,0.03593177492190144,657,"Really? ""Still Crazy After All These Years""?"
4548,3485,7,43,166,216,1.2638888888888888,0.03471253094728193,657,"For our next session, I’d like you to consider the following: ‘Cowboys, don’t grow up to blame your Mammas.’"
4814,3485,6,45,165,216,1.2638888888888888,0.03408655867977752,657,And how did you feel after your ‘Lil Doggie Got Along”
2626,3489,9,44,182,235,1.2638297872340425,0.03401981419142929,657,"I'm not going to say this again, I prefer classical to country western"
1076,3490,11,26,145,182,1.2637362637362637,0.041721158549953875,657,What rhymes with Jung?
2989,3491,9,35,157,201,1.263681592039801,0.03766336740555251,657,"So, you love your horse.  How does that make you feel?"
6512,3491,12,29,160,201,1.263681592039801,0.039595239305614996,657,You know I hate when you string me along.
919,3493,10,38,172,220,1.2636363636363637,0.03607711947175414,657,"Let's see if I understand: When your son called another man ""Daddy,"" did that free your mind and melt your cold, cold heart?  And is that what made you a ramblin' man, or did you just not like that kind of livin'?"
3920,3493,10,38,172,220,1.2636363636363637,0.03607711947175414,657,"You gotta quit noodlin' around and take it to the bridge, Pablo!"
4107,3493,11,36,173,220,1.2636363636363637,0.03664791330750404,657,And how does being an 'ol cowhand from the Rio Grande' make you feel?
4268,3493,7,44,169,220,1.2636363636363637,0.03430780593587838,657,"What we got so far...Down in the valley, the valley
so low...not sure I like the 'Hang your head down' part"
5598,3493,13,32,175,220,1.2636363636363637,0.03776362734993225,657,And how did it make you feel when your Paw stole your dog and pickup truck?
6408,3493,12,34,174,220,1.2636363636363637,0.03720995230055316,657,Do you think this “Clementine” is a manifestation of your mother?
6487,3493,12,34,174,220,1.2636363636363637,0.03720995230055316,657,And why do you miss this place where there are so many deer and antelope?
4629,3500,13,37,189,239,1.2635983263598327,0.03567481867236098,657,"Do you know your depression is contagious? 
No, but if you'll hum a few bars...."
6091,3501,9,31,146,186,1.2634408602150538,0.03964804394701999,657,Your father was right  - you're no Hank Williams.
3814,3502,11,32,162,205,1.2634146341463415,0.0384340814491043,657,And how long have felt this compulsion to poke cows?
6378,3502,11,32,162,205,1.2634146341463415,0.0384340814491043,657,I look forward to your weekly appointments. I find your music quite therapeutic.
3488,3502,7,40,158,205,1.2634146341463415,0.035859205041788335,657,I’d like to delve a little deeper into this “home” on the range
715,3505,14,31,179,224,1.2633928571428572,0.037822873708325794,657,Your mother wanted you to play like Horowitz??
3507,3505,12,35,177,224,1.2633928571428572,0.03674905307293122,657,So you're saying you seldom hear a discouraging word? And you feel the skies are not cloudy all day?
1107,3507,12,40,191,243,1.2633744855967077,0.03478230991146864,657,How does your mother feel about the time you spend alone with your horse?
1252,3508,11,38,179,228,1.263157894736842,0.03576705380153374,657,"Nope, my dog is still alive actually."
1409,3508,13,34,181,228,1.263157894736842,0.03683161499267092,657,"Tell me more about your home, home on the range."
2235,3508,10,35,164,209,1.263157894736842,0.0373136135369739,657,"OK, let's assume that I'm Poncho and you're Lefty..."
6113,3508,11,33,165,209,1.263157894736842,0.03792508905909959,657,"Tell me more about this home, where the bufallo roam."
5146,3512,9,43,180,232,1.2629310344827587,0.03427571632180554,657,"Lazy convoy, hazy Hanoi, heck, lots of things rhyme with crazy cowboy."
5417,3512,9,43,180,232,1.2629310344827587,0.03427571632180554,657,"And Vaya Con Dios to you, at last."
5382,3514,14,28,171,213,1.2629107981220657,0.039168486407112235,657,Your horse still isn’t ready for couples sessions
2281,3514,13,30,170,213,1.2629107981220657,0.03859895626536474,657,"It's Happy Trails, not Happy Tails... Nothing sexual about it."
134,3514,11,34,168,213,1.2629107981220657,0.037433910021240746,657,"Before you dragged Tulsa Jack behind your horse, did you try using your words?"
920,3517,6,39,149,194,1.2628865979381443,0.036393994313654386,657,"Let's dig a little deeper on the ""lonesome"" issue before we delve into the ""pesky varmints"" in our dreams."
3318,3518,7,48,181,236,1.2627118644067796,0.03281258026810842,657,A gray hat is neither a good guy nor a bad guy.  No wonder you're having an identity crises.
3242,3519,10,37,170,217,1.262672811059908,0.036377757246098104,657,"O.K., I've had enough role-playing, Doc. May I have the sofa back?"
4842,3519,10,37,170,217,1.262672811059908,0.036377757246098104,657,"And which was more discouraging--your deer phase,or your antelope phase?"
2243,3519,12,33,172,217,1.262672811059908,0.03753238624537824,657,"How does this sound...""throw Mama from the train""?"
4934,3519,6,45,166,217,1.262672811059908,0.033950900315361514,657,Why don’t you tell me about the buffalo again.
1400,3519,5,47,165,217,1.262672811059908,0.03331657597526353,657,"I see, and how did those years of  indiscriminate 'posse grabbing'  make you feel?"
2116,3519,8,41,168,217,1.262672811059908,0.0351852586638187,657,Try a brighter tempo...our time’s almost up.
2660,3525,12,28,158,198,1.2626262626262625,0.03997879069796638,657,"Ain't gonna blubber 'bout my problems to a goddamn shrink."" OK. Not bad. Now what rhymes with ""shrink"""
756,3525,8,36,154,198,1.2626262626262625,0.03732568892699294,657,Did your Mother let you play with your shoes on the couch?
6753,3527,5,48,168,221,1.262443438914027,0.03294732359548875,657,"What's the first thing you think of when I say ""Whoopie Ti Yi Yo"""
5413,3527,7,44,170,221,1.262443438914027,0.03417304204503623,657,Are you telling me the whole enchilada?
207,3529,12,29,161,202,1.2623762376237624,0.039420354160013535,657,"So, that's how the West was sung."
3961,3529,12,29,161,202,1.2623762376237624,0.039420354160013535,657,How did you decide to wear a guitar instead of underpants?
1501,3529,11,31,160,202,1.2623762376237624,0.03879053576443475,657,Can you elaborate on highly strung'?
3796,3529,9,35,158,202,1.2623762376237624,0.03749917799730926,657,Tell me more about this home where the buffalo no longer roam.
6336,3533,8,43,174,225,1.2622222222222221,0.03436755370688194,657,"No, I won't go so far as saying that your love of Bach immediately qualifies you as a schizophrenic, but..."""
904,3533,10,39,176,225,1.2622222222222221,0.035503434019267685,657,"My advice to you Jimmy John-Play it again, only backwards so you get your wife, your car, and  your dog back."
909,3535,6,42,158,206,1.2621359223300972,0.03503817484239729,657,I've heard that story before
4132,3535,5,44,157,206,1.2621359223300972,0.034355698208426245,657,"Yes, but I think it’s time we moved on from your home on the range."
5650,3535,9,36,161,206,1.2621359223300972,0.03701017139895763,657,Is that your life or a country western song?
5239,3535,9,36,161,206,1.2621359223300972,0.03701017139895763,657,Lets begin with the dissonance in your life
395,3539,8,44,177,229,1.262008733624454,0.03397813749904745,657,"Are you ""on the road again?"""
2336,3540,8,39,163,210,1.2619047619047619,0.035909317858015356,657,Serenade me about your mother.
1546,3540,9,37,164,210,1.2619047619047619,0.03653830285671571,657,"Maybe you'd like to hang around. The kid from ""Deliverance"" is my next appointment."
757,3540,9,37,164,210,1.2619047619047619,0.03653830285671571,657,Please stop playing the blues during the session. It's depressing.
583,3540,12,31,167,210,1.2619047619047619,0.03836343279103649,657,"Maybe if country music didn't just have songs about trucks, your wife leaving you, or your dog dying, you would be in a better mood."
621,3544,7,47,179,233,1.261802575107296,0.03304567265767313,657,Perhaps these fences you keep vocalizing are obstructing your search for companionship.
2730,3544,11,39,183,233,1.261802575107296,0.03521379209329615,657,"Yes, You can die with your boots on."
5850,3544,9,43,181,233,1.261802575107296,0.03414694448254464,657,"Yep, that's the way it works... I pick at your brain, and you don't pick at your guitar."
2960,3547,10,30,151,191,1.2617801047120418,0.03960085880074952,657,"Let's start with your song ""Oedipal Complex Blues..."""
4046,3547,10,30,151,191,1.2617801047120418,0.03960085880074952,657,"In the dream, has your ol' dog been honky tonkin' when he hears the lonesome whistle?"""
6379,3547,6,38,147,191,1.2617801047120418,0.036712145317168064,657,"Take my words as encouraging, not discouraging."
6505,3550,9,38,167,214,1.2616822429906542,0.03608263834307192,657,"Enough about your home on the range, tell me about your mother."
6433,3550,9,38,167,214,1.2616822429906542,0.03608263834307192,657,"You're not unique, Max. Nobody makes it as a yodeling cowboy."
6186,3550,6,44,164,214,1.2616822429906542,0.03421002605757521,657,Describe your ideal home
4356,3550,6,44,164,214,1.2616822429906542,0.03421002605757521,657,Tell me about this range you speak of.
4892,3550,11,34,169,214,1.2616822429906542,0.037278824119798756,657,Tell me about your playing with the deer and the antelope.
624,3550,11,34,169,214,1.2616822429906542,0.037278824119798756,657,It's just the same song over and over.
324,3550,13,30,171,214,1.2616822429906542,0.03843780256092764,657,So you saying you got a case of the Blues?
3170,3550,10,36,168,214,1.2616822429906542,0.03668560697025342,657,"...because your father was never home, home on the range."
2630,3550,9,38,167,214,1.2616822429906542,0.03608263834307192,657,Being nude in Tim’es Square is not really a viable life goal.
248,3559,10,42,185,237,1.261603375527426,0.03429404474009998,657,"Yes, my mother was left-handed."
5024,3560,8,35,152,195,1.2615384615384615,0.03766286808791138,657,I told you not to mess with Texas.
6717,3561,7,43,168,218,1.261467889908257,0.03443571556745242,657,"Yes, but why must the doggies always get along home?"
3313,3562,8,47,186,241,1.2614107883817427,0.03288016306688289,657,Why so lonesome cowpoke?
981,3563,15,22,162,199,1.2613065326633166,0.04166843617424507,657,I now realize it's me that needs therapy!
4756,3563,12,28,159,199,1.2613065326633166,0.03979927184033715,657,"OK, now tell me about your home on the range."
5543,3563,7,38,154,199,1.2613065326633166,0.03647173995544473,657,Maybe you'd prefer to think of me as a cowpoke whisperer.
142,3566,7,44,171,222,1.2612612612612613,0.03403929574328899,657,"While there's no judgment here, you are a little flat on the high notes."
2393,3566,12,34,176,222,1.2612612612612613,0.03691202226828801,657,What makes you say that your guitar doesn't understand you anymore?
3343,3568,10,44,191,245,1.2612244897959184,0.03354828357902058,657,Is every song you write about your mother?
5769,3569,9,35,159,203,1.2610837438423645,0.03733637392986058,657,Time is up.  You can finish singing it next week.
3179,3570,10,39,177,226,1.261061946902655,0.03536502867732405,657,Let’s just say you and Lady Gaga won’t be singing a duet anytime soon.
3212,3570,7,45,174,226,1.261061946902655,0.03365547731132285,657,How long have you needed three cords to tell the truth?
4998,3570,11,37,178,226,1.261061946902655,0.035916801362495344,657,And when you WERE fenced in?
5610,3570,13,33,180,226,1.261061946902655,0.03699566668736945,657,I still think that red sports car was the better option
6909,3570,10,39,177,226,1.261061946902655,0.03536502867732405,657,"When I count to 3, you will awaken and remember nothing of signing over to me the rights to Pet Sounds."
2358,3575,11,43,195,249,1.2610441767068272,0.033676205355304856,657,"So, Guitar: Are you familiar with the concept of enabling?"
2422,3576,12,36,182,230,1.2608695652173914,0.03602306764877346,657,Let's get back to your mother's posse.
3283,3576,6,42,159,207,1.2608695652173914,0.034891485709506134,657,Tell me about your first emotional support guitar.
3564,3576,8,38,161,207,1.2608695652173914,0.03621077195514436,657,Tell me more about Old Smokey
5276,3576,9,36,162,207,1.2608695652173914,0.0368527084604764,657,"It’s not about the horse, last week week you were Superman."
5990,3576,9,42,179,230,1.2608695652173914,0.03440558911168103,657,Let's start by discussing your flat affect.
803,3581,12,37,185,234,1.2606837606837606,0.03559981676205646,657,And how do you feel about 'she done gone?
4289,3582,8,39,164,211,1.2606635071090047,0.03576027505066897,657,You sound like you're pretty strung out.
4525,3582,8,39,164,211,1.2606635071090047,0.03576027505066897,657,So what happened after you told your father that the town wasn't big enough for the both of you?
5414,3582,14,27,170,211,1.2606635071090047,0.03936516861217156,657,"Yes, but I think we can agree that if ""Come A Ty Yi Yippee Yippee Yay!"" was the answer to all life's questions, you wouldn't be here."
5702,3582,8,39,164,211,1.2606635071090047,0.03576027505066897,657,"No, I don't think the only thing the Naked Cowboy wears is a G string."
5759,3582,6,43,162,211,1.2606635071090047,0.034474979269673696,657,"I’m afraid I can’t except a personalized balllad as a payment, no."
74,3587,6,37,145,188,1.2606382978723405,0.03703847997514851,657,"So due to your hate of fences, 
you need lots of land
under starry skies above."
4061,3588,12,32,171,215,1.2604651162790699,0.03770588010723823,657,I wish you'd git along and talk about your mother!
5842,3588,8,40,167,215,1.2604651162790699,0.03532503574165723,657,"D# Minor, now I understand!"
2155,3590,11,28,153,192,1.2604166666666667,0.040103476088204436,657,"Listen to me, John, you need to stop this. You're completely strung out."
6839,3590,8,34,150,192,1.2604166666666667,0.03800889670737838,657,"So you reject my ""Oedipus Complex"" theory, but you can't stop singing ""Daddy Took Mama Away""?"
6974,3592,12,33,174,219,1.2602739726027397,0.03722732502915956,657,I can tell you've made amazing progress because your new songs suck.
6636,3592,12,33,174,219,1.2602739726027397,0.03722732502915956,657,And how long would you say that you’ve been on this trail of tears?
3980,3592,10,37,172,219,1.2602739726027397,0.03608448500760517,657,Let's talk about that word: 'pardner'.
5302,3592,12,33,174,219,1.2602739726027397,0.03722732502915956,657,How about a Freudian love song.
2456,3592,7,43,169,219,1.2602739726027397,0.03429890016341882,657,"I don't care how heartrending your ballads are, get your filthy boots off my couch."
3902,3592,9,39,171,219,1.2602739726027397,0.03549927073874587,657,I enjoyed the song but that two minutes cost you $16.50
660,3592,8,41,170,219,1.2602739726027397,0.03490424598385525,657,Why do you think people pay you left-handed compliments?
319,3592,7,43,169,219,1.2602739726027397,0.03429890016341882,657,"You’re right. Not many words do rhyme with ‘Limbaugh’, but that doesn’t mean you stop writing!"
4045,3600,7,44,172,223,1.2600896860986548,0.03390655616677006,657,"Wait a sec, ""...all dressed in white linen,"" okay go on."
4071,3600,10,38,175,223,1.2600896860986548,0.03564901094988196,657,How long have you been stuck on the chorus?
7026,3602,10,32,158,200,1.26,0.038332058823761894,657,You have to get over your Village People audition and move on.
6319,3602,6,40,154,200,1.26,0.03561378537227844,657,Have you considered that maybe it's SAFE for you to feel lonesome and blue?
5589,3602,13,26,161,200,1.26,0.04025047207813299,657,"I know your dog got lost chasing the pick-up of the guy who stole your wife before your girlfriend left you, and your last glass of whiskey got smashed in a barroom brawl along with this cheap guitar, but how 'bout we move past all that?"
4611,3602,11,30,159,200,1.26,0.03898202136818651,657,"It's high noon, lonesome cowboy."
2934,3602,8,36,156,200,1.26,0.03699789481991547,657,In my professional opinion yours is a classic case of  being afeared your hog-killin' days is over on account of you no longer bein' the biggest toad in the puddle and so you might just as well be buzzard bait.
2672,3602,7,38,155,200,1.26,0.03631243540199584,657,So you spied a young cowboy wrapped in white linen as cold as the clay. How did that make you feel?
1121,3608,7,45,175,227,1.2599118942731278,0.03352661802758369,657,"So your dog died, someone stole your pickup
and your wife ran off with your best friend.
You know, it might help if you wrote a song about it."
4125,3608,12,35,180,227,1.2599118942731278,0.036317465369483326,657,"Is it possible you're really asking, 'Yippy-ki-why?'"
5138,3608,7,45,175,227,1.2599118942731278,0.03352661802758369,657,"It's been my experience that ""Kum by ya"" doesn't mean much on the range."
6371,3611,5,44,159,208,1.2596153846153846,0.03407098016902131,657,"You have the Glenn Campbell Syndrome, but play it again anyhow."
5869,3611,13,28,167,208,1.2596153846153846,0.03914640158353108,657,First time I've heard the country version of O Sole Mio.....your arrangement?
4512,3611,12,30,166,208,1.2596153846153846,0.038548535945369305,657,"I realise it is two different songs, but have you considered that the timing of Lucille's leaving and what you refer to as your achy breaky heart might be related?"
5787,3611,11,32,165,208,1.2596153846153846,0.03794125050817084,657,"Let""s begin on the day you went to bed as Napoleon and awakened the next morning as Boxcar Willie."
5950,3615,12,37,186,235,1.2595744680851064,0.03546535706915052,657,Now let's focus on your post impeachment period...
6716,3615,13,35,187,235,1.2595744680851064,0.03597446040149249,657,It's time to roundup six Benjamins.
1105,3617,7,41,164,212,1.259433962264151,0.034979053809233385,657,So tell me about your Pappy.
2377,3617,11,33,168,212,1.259433962264151,0.03744832562229496,657,Your neuroses derive from your mother letting her children grow up to be cowboys.
2691,3617,9,37,166,212,1.259433962264151,0.03623472986861278,657,You say it's getting tiresome working on the railroad...
4504,3617,11,33,168,212,1.259433962264151,0.03744832562229496,657,"OK, but this is really the last time we're doing a duet."" David Rotenberg, San Mateo, C"
6479,3617,10,35,167,212,1.259433962264151,0.03684652453464758,657,Stop strumming 'Home on the Range'—you're driving me crazy.
5813,3622,10,43,190,243,1.2592592592592593,0.033670033670033676,657,"The first step is for you to acknowledge that ""Freebird"" is a pretty good song."
6602,3622,8,33,148,189,1.2592592592592593,0.03836415522857991,657,"Let's hold your latest ""release"" until next session
-I can't run late for my 4 o'clock angry Rapper"
6666,3622,8,40,168,216,1.2592592592592593,0.03518178504809803,657,"So, she took a Louisville slugger to both headlights, and slashed a hole in all four tires. How do you feel about this?"
6240,3622,6,37,146,189,1.2592592592592593,0.036867788457444636,657,Your mama should have listened to more Willie Nelson.
5030,3622,9,38,169,216,1.2592592592592593,0.03578860602631323,657,You have succeeded in moving from electric to acoustic.  Now let us see if you can regress to the mouth organ.
907,3622,12,32,172,216,1.2592592592592593,0.037550276799444934,657,"So, Lefty, when did you start seeing those ghost riders in the sky?"
4497,3622,6,44,166,216,1.2592592592592593,0.03393560600458455,657,Tell me about your dog before he died.
4175,3622,9,38,169,216,1.2592592592592593,0.03578860602631323,657,"Some patients say I charge too much, but you're the first to sing ""Your Cheatin' Heart."""
1807,3622,9,38,169,216,1.2592592592592593,0.03578860602631323,657,"So Mr. Chief Justice, what makes you think the other Justices no longer respect you?"
335,3622,9,38,169,216,1.2592592592592593,0.03578860602631323,657,"Well, Mr. Dusty, if you don't like being a lonesome cowpoke, quit poking cows"
4944,3622,10,36,170,216,1.2592592592592593,0.03638530807129099,657,"Maybe she got sick of ""Home on the Range."""
3498,3633,10,37,173,220,1.259090909090909,0.03593956754315851,657,"So, you feel more like a “cowboy” than the “pirate “ you were dressed as last month? Good for you!"
1854,3633,11,35,174,220,1.259090909090909,0.03651251176794556,657,Both of us have been gently weeping for months.
1132,3633,11,35,174,220,1.259090909090909,0.03651251176794556,657,No you’re not hallucinating... that IS a wall on your range
6418,3633,12,33,175,220,1.259090909090909,0.03707660335062359,657,So what I’m hearing is that you feel out of tune with life.”
593,3633,9,39,172,220,1.259090909090909,0.03535734032381597,657,I'm starting to think this desperado may be the root of all your problems.
28,3633,9,39,172,220,1.259090909090909,0.03535734032381597,657,How long has your building in Midtown had this restriction on cooking beans over an open campfire?
639,3633,11,35,174,220,1.259090909090909,0.03651251176794556,657,"If you truly want me to help you stop singing the blues, 
you'll put down that guitar."
829,3640,13,32,179,224,1.2589285714285714,0.03716138569787682,657,When did these illusions that you were playing a guitar start?
2916,3640,10,38,176,224,1.2589285714285714,0.03550849583252004,657,Wrap up your suicide ballad - you're on the clock!
2970,3640,14,30,180,224,1.2589285714285714,0.03769624681431544,657,"Seldom are heard, my discouraging words..."
3853,3640,10,38,176,224,1.2589285714285714,0.03550849583252004,657,Is “home” really on the range?
4826,3644,10,31,156,197,1.2588832487309645,0.038689340599258194,657,How long have you been angry over the way your Mama let you grow up?
5047,3644,7,37,153,197,1.2588832487309645,0.03662612414553849,657,"I don't think we are making progress here, as you are starting to repeat yourself"
278,3646,14,31,183,228,1.2587719298245614,0.037228668060584294,657,"Let's talk about your song called ""I love my mom"""
3865,3646,9,41,178,228,1.2587719298245614,0.03453634914476107,657,"To put in layman's terms, it appears you have a case of the blues."
1406,3648,5,42,154,201,1.2587064676616915,0.03475116365194093,657,You’re nuts if you think that’s a hit
4208,3648,9,34,158,201,1.2587064676616915,0.03750531096109402,657,Quit playing it's driving me crazy.
4323,3650,8,44,180,232,1.2586206896551724,0.033594316785056005,657,Can you tell me how that makes you feel...without rhyming it?
6269,3651,11,31,163,205,1.2585365853658537,0.03828508211521013,657,So your problems started once your little doggies got along...?
6170,3651,4,45,156,205,1.2585365853658537,0.03363003804644732,657,Last week before we finished we were just starting to discuss how lonesome you are. Shall we visit that again?
1665,3651,7,39,159,205,1.2585365853658537,0.03569946052759086,657,"You may call it ""normal"" out in the country, but here in the city we refer to it as ""Oedipal"""
2338,3654,9,43,184,236,1.2584745762711864,0.03376619587021813,657,I’m not here to transcribe your song lyrics.
5350,3655,10,34,165,209,1.2583732057416268,0.03716583626908485,657,Tell me more about how you feel buffaloed at home.
1368,3656,18,26,196,240,1.2583333333333333,0.03780578104506913,657,Get the fuck out of my office.
3458,3656,8,46,186,240,1.2583333333333333,0.032872512005628726,657,"When it comes to discouraging words, there's a saying: Don't let the seldom be the enemy of the sometimes."
2447,3658,10,35,168,213,1.2582159624413145,0.03669334889070906,657,"Instead of another song demanding free medical care for all, sing one  about paying your therapy bill."
3885,3658,10,35,168,213,1.2582159624413145,0.03669334889070906,657,"Just for accuracy, how many men did you kill in Mobile?"
486,3660,10,28,148,186,1.2580645161290323,0.04020179526477749,657,Neurosis set to music can become a smash hit
1004,3660,7,42,168,217,1.2580645161290323,0.03442539912598306,657,And how did it make you feel when your mother sold your horse?
112,3662,7,43,171,221,1.257918552036199,0.03402839648676744,657,"You seldom heard a discouraging word, but what about 'I love you'?"""
970,3662,14,29,178,221,1.257918552036199,0.03802471714860641,657,Play me a song about your mother
1102,3662,13,31,177,221,1.257918552036199,0.03747991167250185,657,"I'm prescribing another big shot of that whiskey for each of us…"""
4230,3662,7,43,171,221,1.257918552036199,0.03402839648676744,657,"I want to help, but I think you're still stringing me along."
5558,3662,9,39,173,221,1.257918552036199,0.03521650803198141,657,Try going back to when you got a guitar for your wife.
3064,3667,8,33,149,190,1.2578947368421052,0.03818609181052829,657,"So we have lyin’, cheatin’ and whiskey and by the way your boots are on the couch."
1649,3667,12,25,153,190,1.2578947368421052,0.04099947289794939,657,"If  you keep playing, we're going to have to change places."
1606,3669,12,34,179,225,1.2577777777777779,0.03647375901935203,657,"I know Dolly Parton, you're no Dolly Parton."
3110,3669,9,40,176,225,1.2577777777777779,0.034803555536096376,657,Tell me more about how there never was heard a discouraging word.
1015,3671,11,28,155,194,1.2577319587628866,0.03973410706825975,657,"My wife ran off with my best friend, and I sure do miss him”"
3400,3671,7,36,151,194,1.2577319587628866,0.036947739639946124,657,"Mr. Clapton, I have some bad news for you."
6454,3671,9,32,153,194,1.2577319587628866,0.03836622687347021,657,"So, after that raging bull of love romped and stomped upon your heart, how did you feel?"
1113,3674,8,43,178,229,1.25764192139738,0.033842485844137925,657,Did you really need to consume the baked beans just before our session?
4194,3674,8,43,178,229,1.25764192139738,0.033842485844137925,657,"A dogie is always a motherless calf, but sometimes a stogie's just a cigar."
4996,3674,12,35,182,229,1.25764192139738,0.03603519570867353,657,"I see. So,your girlfriend left you and took your dog,your trailer burned down and you wrecked your truck. How did that make you feel?"
6594,3674,11,37,181,229,1.25764192139738,0.03549971773619434,657,Show me on this guitar which verse hurt you
4961,3678,9,33,156,198,1.2575757575757576,0.03784416199263082,657,"Now,for my information,could  could you please explain Yippy Ki Yi Yi Yay!"
6033,3678,7,37,154,198,1.2575757575757576,0.03646412306673373,657,Can you describe for me the images that arise when you recall this “first rodeo”
3320,3680,9,42,182,233,1.257510729613734,0.03401648767520156,657,It's time to face reality -- the little doggies are long gone.
5911,3681,10,32,160,202,1.2574257425742574,0.03799500036660026,657,"I can see you being bored as a judge, but how did that lead you to become a singing cowboy?"
6595,3681,7,38,157,202,1.2574257425742574,0.03599783439640419,657,"Okay, so I'm not supposed to say anything, but can we please move on, I know you've lost your job, you've lost you wife, you've lost your home..."
4831,3681,4,44,154,202,1.2574257425742574,0.033883153772987645,657,Would you say that you have been out riding fences for too damn long?
2961,3681,9,34,159,202,1.2574257425742574,0.03734114882604644,657,A little less strumming and a little more talking is needed now.
4441,3681,12,28,162,202,1.2574257425742574,0.03927005687894993,657,So........you've been out riding fences for how long now?
4782,3681,11,30,161,202,1.2574257425742574,0.03863778862806408,657,Are you sure it's the guitar?
308,3687,9,35,162,206,1.2572815533980584,0.0368561075757905,657,"I hate to be discouraging, but..."
1274,3687,5,43,158,206,1.2572815533980584,0.03418967502107152,657,Perhaps the lasso was actually binding you as well?
2054,3687,9,35,162,206,1.2572815533980584,0.0368561075757905,657,Tell me more about your fantasies concerning your G-string and your horse.
4278,3687,9,35,162,206,1.2572815533980584,0.0368561075757905,657,How did it make you feel when you punched that doggie?
5157,3687,9,35,162,206,1.2572815533980584,0.0368561075757905,657,"Then let's see how you like my next one, `The Lonesome Therapist.'' It goes a little like this..."
5292,3687,10,33,163,206,1.2572815533980584,0.03749309753189487,657,Can you unpack what you mean by 'Where never is heard a discouraging word?'
5336,3687,9,35,162,206,1.2572815533980584,0.0368561075757905,657,"So you defied your mother, and grew up to be a cowboy ..."
5370,3694,9,44,188,241,1.2572614107883817,0.03327704251106979,657,Can we talk about why you want to ride to the ridge where the west commences and gaze at the moon till you lose your senses?
6327,3695,7,40,163,210,1.2571428571428571,0.03511342351790835,657,"There's a lot to unpack here, Rusty. I'm hearing something about lost love, betrayal, pride, and a special friendship with dog named Beau."""
5922,3695,9,36,165,210,1.2571428571428571,0.03638803985364142,657,Can you play anything other than A Boy Named Sue?
5756,3695,8,38,164,210,1.2571428571428571,0.03575641170152701,657,Let me hum a few bars then you free associate from there.
5430,3695,12,30,168,210,1.2571428571428571,0.0382203459462822,657,You didn't need to come to me just because you lost the pick in the hole.
5552,3695,11,32,167,210,1.2571428571428571,0.03761949464881728,657,The theme of lonesome trail life in your songs suggests a deeper fear of intimacy. Add to that you choose to smell like hot garbage in August.
5613,3700,7,50,192,249,1.2570281124497993,0.031571064325676336,657,"Well, I think you’ve been bottling up a lifetime of twang."
738,3701,10,35,169,214,1.2570093457943925,0.036541409136236186,657,I can't do anything about your pickup truck and your dog. But what's that about your gal?
1278,3701,7,41,166,214,1.2570093457943925,0.034693568203989285,657,"OK, let's work on the harmony."
2426,3701,8,39,167,214,1.2570093457943925,0.03532025826213392,657,Sing the one about your mother.
3291,3701,6,43,165,214,1.2570093457943925,0.0340553476820583,657,"So, according to your lyrics --- you lost your horse, pick-up truck & girlfriend?"
3311,3701,9,37,168,214,1.2570093457943925,0.035936021102548656,657,"No, I don't think Willie really meant that when he wrote the song."
4726,3701,10,35,169,214,1.2570093457943925,0.036541409136236186,657,Play me the song of your people.
5032,3707,6,44,168,218,1.2568807339449541,0.03366539705209287,657,"So you're saying, ""Bad hombres gettin' me down."" Did I get that right?"
5083,3707,10,36,172,218,1.2568807339449541,0.03608975892490352,657,"Slower, I am tryin to get this down. We can make a fortune."
3557,3707,13,30,175,218,1.2568807339449541,0.03780614374271192,657,Do you know 'My Heart Belongs to Daddy?'
447,3707,8,40,170,218,1.2568807339449541,0.03489863649150721,657,Tell me exactly what makes you feel lonesome?
3153,3707,7,42,169,218,1.2568807339449541,0.03428756179463204,657,And how did it make you feel when he said “Yippee Yi Yo Kiyay!”?
3295,3707,8,40,170,218,1.2568807339449541,0.03489863649150721,657,So you were down in the West Texas town of El Paso...and then?
2625,3713,4,39,140,183,1.2568306010928962,0.03590161238150344,657,"It's good Reggae, but I see an identity issue."
2685,3714,14,29,179,222,1.2567567567567568,0.03787087198014864,657,How did that last chord make you feel?
1570,3715,10,38,178,226,1.2566371681415929,0.03523067522556606,657,"No, I’m afraid I just can’t possibly write you a prescription for saddle rash, Billy. But have you heard about Prozac?"
2799,3715,12,34,180,226,1.2566371681415929,0.036329921695199184,657,"And how long has your wife been 'stringing you along', Mr. Guitar?"
5205,3715,9,40,177,226,1.2566371681415929,0.03466798393452263,657,"What was that again about how your mother ""done you wrong""?"
6053,3715,11,36,179,226,1.2566371681415929,0.03578451960854455,657,"Insurance won’t cover it, but a shot of whisky will take care of that stage fright."
2473,3719,9,31,151,191,1.256544502617801,0.03872781256075067,657,"So, if you're so damned depressed, why don't you go home to where there seldom is heard a discouraging word, the deer and the antelope play, and the skies are not cloudy all day?"
3152,3720,6,47,177,230,1.2565217391304349,0.032567849869124935,657,Let's explore that foolish cord change you made during your last version of 'Home On The Range.'
2817,3720,8,43,179,230,1.2565217391304349,0.03371363827249615,657,Mama let me grow up to be a cowboy.
3047,3722,11,38,185,234,1.2564102564102564,0.03495436208080898,657,Can we talk about your childhood? You use the word “motherfucker” instead of “father” all the time.
3374,3722,9,42,183,234,1.2564102564102564,0.03388867876215394,657,"Let me get this straight, ""mama don't let your babies grow up to be left-handed cowboys"" somehow doesn't work ... hmmm"
4642,3722,11,28,156,195,1.2564102564102564,0.03955190701662215,657,This session would go a lot smoother if you stopped singing.
1189,3725,11,30,162,203,1.2561576354679802,0.03846789104004464,657,"Do you know ""Cry Me a River?"""
2187,3725,8,36,159,203,1.2561576354679802,0.03651655227899346,657,I’m hearing the same poor-me song over and over.
3034,3725,7,38,158,203,1.2561576354679802,0.035842506052214514,657,Your friends were deer and antelope but you still felt abandoned ? Interesting.
3996,3725,8,36,159,203,1.2561576354679802,0.03651655227899346,657,"Say, do you know the words to “Lonesome Loser?”"
6852,3729,9,45,192,246,1.2560975609756098,0.03280631671040115,657,"I don't see a problem--your horse, dog and wife all love you."
6000,3730,11,31,165,207,1.2560386473429952,0.03795520172637351,657,Tell me more about the little dogies that won't git along.
6443,3730,7,39,161,207,1.2560386473429952,0.03539758292522399,657,"It's the lyin', drinkin' and stealin' where I could use the help."
4083,3730,11,31,165,207,1.2560386473429952,0.03795520172637351,657,How many days did you face the barren waste without the taste of water?
6405,3730,11,31,165,207,1.2560386473429952,0.03795520172637351,657,Have you heard the one about the psychiatrist and the singing cowboy?
3953,3730,7,39,161,207,1.2560386473429952,0.03539758292522399,657,"You are Steve from Marketing, and yet believe you are a guitar playing drifter from Oklahoma, we must get to the root of that."
2496,3730,8,37,162,207,1.2560386473429952,0.036054001057212896,657,"Just the lyrics. The extended ""Yippie Kai-Oh-Kai-Yea"" will cost you extra."
749,3730,7,39,161,207,1.2560386473429952,0.03539758292522399,657,"So why do you think the long, lonely nights, just you and the dogies, make you think of your mother?"
4041,3730,6,41,160,207,1.2560386473429952,0.03472875986358726,657,You're my first country. All my other clients are blues singers.
3837,3738,12,40,198,250,1.256,0.03391839959852618,657,"So, you met a young cowboy on the streets of Lorado and he was all dressed in white satin, which is un usual for a cowboy even in New York. Then someone shot him and you played the fife lowly. Let’s look at this symbolically."
2275,3739,6,31,131,168,1.255952380952381,0.039598987698438386,657,"I'm going to need you to go back to the beginning, before you were a cowman. Tell me about your cowboyhood."
1851,3740,10,34,167,211,1.2559241706161137,0.036853230094808447,657,"I know it's more comfortable than sleeping on the ground, but you can't take my couch."
2271,3740,9,36,166,211,1.2559241706161137,0.03623567345025288,657,Are you sure Hank done it that way?
5102,3740,10,34,167,211,1.2559241706161137,0.036853230094808447,657,Why do you feel like you're singing the same old song?
880,3743,10,35,170,215,1.255813953488372,0.03639069091852914,657,Why did you name the girl Clementine in the first place?
3383,3743,10,35,170,215,1.255813953488372,0.03639069091852914,657,You have to get  on the road  again  !
6403,3743,8,39,168,215,1.255813953488372,0.03517591169069947,657,"Nice sublimation, cowboy."
2067,3746,9,38,172,219,1.2557077625570776,0.035356187807381964,657,"Okay, fine. I'll sing 'Home on the Range' one more time. Then we need to talk."
3158,3747,9,27,140,176,1.2556818181818181,0.0408887936660111,657,"Tell me again, but  this time in the Key of C"
5132,3748,12,33,178,223,1.2556053811659194,0.036631509886083186,657,"No, Lefty, I do not think it would help you process
if I sang the Pancho part."
2440,3748,12,33,178,223,1.2556053811659194,0.036631509886083186,657,"No, ""Three chords and the truth"" is not from Freud."
2871,3748,5,47,171,223,1.2556053811659194,0.032543409651834436,657,"Yippee-yi-yippee-yi, we've made a breakthrough."
843,3751,9,40,178,227,1.2555066079295154,0.03453343483238416,657,Und I'm an alt cow hund
1725,3751,8,42,177,227,1.2555066079295154,0.03396429428713777,657,Tell me more about this 'mama' character
4270,3751,9,40,178,227,1.2555066079295154,0.03453343483238416,657,"You know, apart from your hat, boots and guitar and my suit, lace-ups and notebook, we're essentially the same person."
7058,3751,14,30,183,227,1.2555066079295154,0.03724892341824988,657,"C, not G! Idiot."""
1806,3755,9,41,181,231,1.2554112554112553,0.03414154831710883,657,Do you think the music might be coming from inside you?
2776,3755,13,33,185,231,1.2554112554112553,0.03627973794154278,657,Whoahhhhh home on derange...
4877,3755,7,45,179,231,1.2554112554112553,0.03302057373336669,657,"I believe a new genre can cure your ""cowboy blues.' This week, Billy Bob, I'd like you to play ABBA's greatest hits five times a day."
6734,3755,9,41,181,231,1.2554112554112553,0.03414154831710883,657,"Okay, so why are we feeling like a minor and not a major today?"
6948,3755,10,39,182,231,1.2554112554112553,0.03468845394931666,657,"So your sweetheart left you, your dog died, and your horse is tired of your song selections."
1482,3760,10,40,185,235,1.2553191489361701,0.03429619999018376,657,"No, I don't want to hear your cover of 'Africa'."
879,3760,10,40,185,235,1.2553191489361701,0.03429619999018376,657,Why don't we change 'orange' to 'blue'?
5182,3760,10,40,185,235,1.2553191489361701,0.03429619999018376,657,"It's a shame about the 'lil doggies', but perhaps you'll find closure playing a high, lonesome D instead of that mournful G."
7031,3763,7,47,185,239,1.2552301255230125,0.032323542582277716,657,I sounds like my interpretation really struck a chord.
1087,3763,9,43,187,239,1.2552301255230125,0.03339359849587618,657,Low self-esteem huh? Pretty common in losers like you.
3350,3765,7,36,153,196,1.2551020408163265,0.036616765181962635,657,Bury you not on the lone prairie; dressed in white linen and cold as the clay? I smell a death wish down there.
4005,3765,11,28,157,196,1.2551020408163265,0.039371334590279916,657,Before we begin : thank you for the endless supply of clients you sent my way over the years. This one's on the house.
811,3767,5,41,154,200,1.255,0.03472613601616318,657,"The’re just song lyrics, don’t take them so literally."
1740,3767,8,35,157,200,1.255,0.03683284256553228,657,"Oh, that's sweet man. Know any good blues numbers? Your hour
isn't up."
6785,3767,7,37,156,200,1.255,0.036144253141763484,657,I wouldn't fret about it.  Just tune out those troublesome refrains.
1730,3770,6,40,158,204,1.2549019607843137,0.03500531139040003,657,Vat is dis Home on Zee Range and vat are dese aneemals playing Vyatt.
4040,3770,11,30,163,204,1.2549019607843137,0.03829944811931341,657,HMM.......can you sing more about that?
1392,3772,3,47,158,208,1.2548076923076923,0.03250617823807916,657,It would be therapeutically advisable for you to learn what follows 'treat me like a fool; treat me mean and cruel'!
3199,3772,12,29,167,208,1.2548076923076923,0.03840197682821377,657,"Can you play ""Melancholy Baby""?"
4686,3774,8,38,166,212,1.2547169811320755,0.03545960513116345,657,Your poor guitar playing may be why you are alienating people.
4533,3774,9,36,167,212,1.2547169811320755,0.03608454402772855,657,"Your so lonesome you could what? Cry? Die?
Let’s add a session."
3567,3774,5,44,163,212,1.2547169811320755,0.03351494340089047,657,"So, tell me more about your interest in hip hop."
2644,3774,10,34,168,212,1.2547169811320755,0.03669884247929528,657,"Now, let's discuss your horse's relationship with her mother."
1096,3774,11,32,169,212,1.2547169811320755,0.03730302616345187,657,I hear you saying that they will be coming around the mountain when they come...how does that make you feel?
735,3774,11,32,169,212,1.2547169811320755,0.03730302616345187,657,Tell me more about your mother's relationship with your pickup truck.
279,3780,5,45,166,216,1.2546296296296295,0.033137464053692826,657,Do you think 'Git Along Little Dogies' represents an unconscious struggle with repressed desires?
957,3780,11,33,172,216,1.2546296296296295,0.03683055058950818,657,Sometimes a banjo is just a banjo. Sometimes...
3092,3782,12,32,176,220,1.2545454545454546,0.03694021921245162,657,So you say you've got the blues.
3999,3782,10,36,174,220,1.2545454545454546,0.035798851861948866,657,Let's revisit and unpack that second verse again.
4825,3782,7,42,171,220,1.2545454545454546,0.03401506715249038,657,"Vell, that's leaves no one else to blame because your mama tried."
7070,3782,10,36,174,220,1.2545454545454546,0.035798851861948866,657,Now have you ever considered major chords?
2035,3786,9,39,176,224,1.2544642857142858,0.03480047908717096,657,"When I hear you say, ""I was born under a wanderin' star"" what I'm really hearing is, ""Maybe I should go back to school and get that degree..."
5056,3786,7,43,174,224,1.2544642857142858,0.033630290972541055,657,"Dave, I think the number of costume parties you're attending is unhealthy."
399,3788,12,34,182,228,1.2543859649122806,0.03604554776851709,657,Maybe you should've married the truck instead.
4022,3789,6,32,135,173,1.254335260115607,0.03880579235018709,657,"So, you seem to be expressing the feeling that you’d rather be in some dark holler, where the sun don’t never shine..."
6625,3790,10,39,183,232,1.2543103448275863,0.034556152301354275,657,So you're telling me you grew up in a home of the de-ranged where often was heard a discouraging word.
2702,3791,7,46,183,236,1.2542372881355932,0.032546054005046364,657,My advice to head your troubles off at the pass.
4785,3792,11,40,193,244,1.2540983606557377,0.03392659215305128,657,"How exactly were they using their horns and antlers in this ""play""?"
5828,3792,6,50,188,244,1.2540983606557377,0.03134257229410077,657,Serenading is a  defense mechanism.
3575,3794,7,35,151,193,1.2538860103626943,0.03693792401113342,657,"Why don't we try again, in a major scale?"
4624,3794,10,29,154,193,1.2538860103626943,0.03906823938569363,657,One more “Get Along Little Dogies” and your time is up.
5948,3794,9,31,153,193,1.2538860103626943,0.03837127783315706,657,I am going to recommend that you stop playing the blues
6383,3794,6,37,150,193,1.2538860103626943,0.03619997049865835,657,Where exactly do you feel your Mama went wrong?
1614,3798,8,34,155,197,1.2538071065989849,0.03715709434215207,657,Don’t you have any problems other than missing your damn horse?
5691,3799,11,29,161,201,1.2537313432835822,0.03865258626777121,657,"Repeatedly playing, ""The Streets of Laredo,"" is not what I meant by finding a therapeutic hobby."
2529,3800,10,32,163,205,1.2536585365853659,0.03750012150388764,657,"No, Larry, you did not time travel from the Civil War, because that guitar is left-handed and those boots are from the clearance rack at Target. Try again."
6633,3801,10,33,166,209,1.2535885167464116,0.037014495654838796,657,"Let me summarize our sessions.  First, you can't play that thing worth a lick.  Second, your singing simply stinks. And third, your ""Yee Haa"" sounds more like ""Hee Haw"". You have every right to be depressed."
5809,3801,5,43,161,209,1.2535885167464116,0.033764474878370504,657,We’ve established you’re a rhinestoned cowboy...now what?
5708,3801,4,45,160,209,1.2535885167464116,0.03307617176848191,657,"Was it always about your rifle, your pony and you?"
4949,3801,8,37,164,209,1.2535885167464116,0.03574995998143345,657,"Now  play ""Happy Trails""...a great mood elevator"
5535,3801,8,37,164,209,1.2535885167464116,0.03574995998143345,657,"You say it looks like a womm'n, it sounds like a womm'n and you lurve it like a womm'n... But Tex I have to break it to ya: it ain't a womm'n."
2495,3801,5,43,161,209,1.2535885167464116,0.033764474878370504,657,"Yes, Crazy is a wonderful song, but I think it may be a bit self-defeatist at this point."
5683,3801,7,39,163,209,1.2535885167464116,0.035100612725707504,657,And why do you think this gig will be your last rodeo?
464,3808,7,40,166,213,1.2535211267605635,0.034680201013618316,657,"Yippee ky yi yo doesn’t seem to get to the core of
what you want to resolve."
2659,3808,7,40,166,213,1.2535211267605635,0.034680201013618316,657,It is $300 per session and no you cannot sing instead...
2819,3808,9,36,168,213,1.2535211267605635,0.03593463715751371,657,"Tell me how it feels to always sing the same old song."""
3483,3808,12,30,171,213,1.2535211267605635,0.037738188292337944,657,Please tell me the acoustic version.
4678,3808,9,36,168,213,1.2535211267605635,0.03593463715751371,657,"Jedidiah, not every country road takes you home. Ok?"
5896,3808,12,30,171,213,1.2535211267605635,0.037738188292337944,657,"Maybe tomorrow a bullet will find you, but tonight nothing's worse than the pain in your heart."
6748,3814,11,33,173,217,1.2534562211981566,0.03667920578609817,657,If you play 'I'm headin' for the last Roundup' once more I'm leaving.
6718,3814,11,33,173,217,1.2534562211981566,0.03667920578609817,657,Tell me more about this - uhhh - Foggy Mountain Breakdown.
6803,3814,5,45,167,217,1.2534562211981566,0.03300526854988904,657,Have the little doggies not been gitin along?
3772,3814,9,37,171,217,1.2534562211981566,0.03549683566295344,657,No...I don't think I have heard the eighteenth verse!
3942,3814,8,39,170,217,1.2534562211981566,0.034890628320146604,657,Why do you think it annoys you that I tap my toes?
2151,3814,9,37,171,217,1.2534562211981566,0.03549683566295344,657,How does the chorus make you feel?
3305,3820,12,32,177,221,1.253393665158371,0.036790722687053724,657,"So, let me get this straight, Senator Warren.  You say you are a direct descendant of Pancho Villa."
5147,3820,11,34,176,221,1.253393665158371,0.036227364527145874,657,"So, tell me more about these ""friends in low places."""
5735,3820,8,40,173,221,1.253393665158371,0.03448211035919583,657,"You may have been born a ramblin' man, but you don't have to stay a ramblin' man."
6030,3820,10,36,175,221,1.253393665158371,0.03565510630091747,657,You sound like a broken record.
6184,3820,9,38,174,221,1.253393665158371,0.035073512371542465,657,"So you finally got that home where the buffalo roam, but.... something still wasn't right...do want to talk about that?"
287,3825,10,37,178,225,1.2533333333333334,0.0352316596439884,657,"Play me that part about, “dressed in white linen,” again."
3761,3825,10,37,178,225,1.2533333333333334,0.0352316596439884,657,Have you considered a peppier bridge?
4104,3825,13,31,181,225,1.2533333333333334,0.036882481753773844,657,"So, you played it backwards and the dog still died, and the truck was still totaled, but your wife came back?"
4950,3825,8,41,176,225,1.2533333333333334,0.03408672412985387,657,Have you tried a major chord?
5597,3825,8,41,176,225,1.2533333333333334,0.03408672412985387,657,Being left handed can cause a lot of problems.
2082,3830,10,39,184,233,1.2532188841201717,0.034424830072224244,657,So you're saying that being a lefty has hurt you in the country music community?
3050,3831,11,39,191,241,1.2531120331950207,0.034176785426468306,657,"'Yes,yes, I know - the crop's have failed, your wife's left you and you're drinking too much. We've done it to death.'"
1460,3831,10,41,190,241,1.2531120331950207,0.033667113263175896,657,"So your horse died, your wife left you and then the drinking started."
2273,3833,9,31,154,194,1.2525773195876289,0.038195401777627466,657,"Since I don't sing well, how about you talk?"
3859,3833,10,29,155,194,1.2525773195876289,0.038888361587460306,657,"You need to mourn your losses—your mother, your dog, your truck...."
506,3835,8,34,156,198,1.2525252525252526,0.036991172645062305,657,"Accept it, cowboy.There is no place on earth where the deer and the antelope PLAY and there's NEVER a cloud in the sky!"
2033,3835,7,36,155,198,1.2525252525252526,0.036291496121095855,657,Let's unpack this idea where you say there is seldom a discouraging word
4134,3835,4,42,152,198,1.2525252525252526,0.03410645396196512,657,Have you considered how your truck feels?
4865,3835,6,38,154,198,1.2525252525252526,0.03557806245087309,657,What motivated you to move to El Paso? and let’s explore this Mexican girl you fell in love with...
435,3839,10,31,161,202,1.2524752475247525,0.037835819580053505,657,"Well, at least you’re not in denial. If anything, you need to be in denial a little more."
961,3839,11,29,162,202,1.2524752475247525,0.03848126687757778,657,I'm not singin' until you pay the cover charge.
5501,3839,8,35,159,202,1.2524752475247525,0.036510709783245124,657,"So you were an old cowhand from the Rio Grande, and how did that make you feel?"
6691,3839,11,29,162,202,1.2524752475247525,0.03848126687757778,657,"So, tell me about the banjos."
6317,3843,8,36,162,206,1.2524271844660195,0.0360472321538987,657,"Well, 'a tear in your beer' can be a symptom of neurosis."
4547,3843,9,34,163,206,1.2524271844660195,0.03669826484801438,657,"Sounds like you blame your mama for letting you grow up."""
6437,3843,9,34,163,206,1.2524271844660195,0.03669826484801438,657,Now tell me what home on the range was really like.
2291,3843,8,36,162,206,1.2524271844660195,0.0360472321538987,657,"I've always been a Cole Porter man,myself."
1314,3843,7,38,161,206,1.2524271844660195,0.035384223165969446,657,So your woman left you and your dog died ... how do you feel about that?
595,3843,12,28,166,206,1.2524271844660195,0.03858551196432189,657,"Play it again, Rowdy"
2154,3843,12,28,166,206,1.2524271844660195,0.03858551196432189,657,I'm afraid you are suffering from Prius envy.
900,3850,14,25,171,210,1.2523809523809524,0.03925247321556451,657,"Again, your willy is not Willie."
2135,3850,6,41,163,210,1.2523809523809524,0.03429590238745473,657,So you are left handed. How does that make you feel?
4478,3850,11,31,168,210,1.2523809523809524,0.03747067191384903,657,"Have you ever told this ""wicked Felina"" the way you feel about her?"
4638,3850,8,37,165,210,1.2523809523809524,0.035599801317030125,657,Home on the range? You mean a stove?
109,3854,10,34,170,214,1.2523364485981308,0.03639382326690041,657,What I'm hearing is your life has too much discord.
4519,3854,6,42,166,214,1.2523364485981308,0.033896939331840126,657,Therapist:  “Sing me the one where the guy ends up being his own grandfather.”
2278,3856,8,39,171,218,1.2522935779816513,0.03474966590720358,657,Ok . . . You're lonesome.  And you are having recurring dreams about tumbleweeds.  And you cannot find a good chord ptogression in the key of G . . .
1736,3857,8,40,174,222,1.2522522522522523,0.03434540584965233,657,"If you’re so lonesome you could cry, I’d suggest a change in musical genre."
5889,3857,12,32,178,222,1.2522522522522523,0.03664240561925119,657,You say yer Maw whupped you with a stick?
5666,3859,8,41,177,226,1.252212389380531,0.033954070952160964,657,"Sure, Sir Paul plays left-handed, too; but don't you think the comparison stops there?"
6346,3859,9,39,178,226,1.252212389380531,0.034528398471249375,657,Let's talk about your mama's involvement in your growing up as a cowboy.
6950,3861,10,38,182,230,1.2521739130434784,0.034687548095120604,657,Will you please tune that damn guitar of yours...and learn another song...
5475,3861,11,36,183,230,1.2521739130434784,0.03523064394936223,657,And how does dressing in costume for therapy make you feel?
614,3861,10,38,182,230,1.2521739130434784,0.034687548095120604,657,"We're just a couple of Billy Crystal movies, you and I."
1359,3861,14,30,186,230,1.2521739130434784,0.03681188821281812,657,Perhaps you'd like too discuss the change from major to minor.
4109,3861,10,38,182,230,1.2521739130434784,0.034687548095120604,657,Do you know Melancholy Baby?
6252,3866,12,22,149,183,1.2513661202185793,0.04188739056038806,657,"I’d rather you didn’t sing your story, Mr. Boone"
5714,3867,8,31,148,187,1.2513368983957218,0.03836217890105118,657,So exactly when did you realize that your woman stole your truck and ran off with your best friend leaving you home alone on the range?
2611,3868,10,30,159,199,1.2512562814070352,0.03818013359232876,657,Sing me more about that.
3908,3868,7,36,156,199,1.2512562814070352,0.03613095718275381,657,Admitting that your heart has been feeling achy breaky since the divorce is an excellent first step Johnny Rae. Now let's see if we can dig a little deeper.
5716,3868,11,28,160,199,1.2512562814070352,0.03883917411398915,657,"You're living in the past, cowboy."
1748,3871,7,37,159,203,1.251231527093596,0.035674530125139436,657,"So you missed the bus to Nashville, then..."
4823,3871,12,27,164,203,1.251231527093596,0.03894276378040754,657,Perhaps there’s a correlation between your use of more discouraging words as the clouds of climate change have increased in your home range.
6910,3871,6,39,158,203,1.251231527093596,0.034984264311373664,657,Why do you think you can’t get along with Little Doggie?
6830,3874,7,38,162,207,1.251207729468599,0.03523397910153022,657,"It's funny, my drummer client said the same thing"
4318,3874,7,38,162,207,1.251207729468599,0.03523397910153022,657,For a singing cowboy you seem very alienated.
1402,3874,8,36,163,207,1.251207729468599,0.03589338934417405,657,My fee is higher when I have to listen to bad music
6798,3874,10,32,165,207,1.251207729468599,0.03717713852871501,657,"Well, wearing pants is a good start to drawing in an audience."
1688,3878,7,39,165,211,1.2511848341232228,0.03480843658889019,657,"The source of your problem is that you are holding the guitar upside down. You keep trying to play 'Home on the Range"", but it comes out sounding more like 'Stairway to Heaven'"""
2864,3878,9,35,167,211,1.2511848341232228,0.03608185601958214,657,"It appears our twang is up"""
3566,3878,8,37,166,211,1.2511848341232228,0.0354508645281088,657,So how long have you had this fear of horses?
452,3881,9,36,170,215,1.2511627906976743,0.03563843440732989,657,"What I hear you saying is that you want to get your wife back, 
your job back, and your house back."
4619,3881,11,32,172,215,1.2511627906976743,0.036837964510292726,657,Your horse cannot be a service dog even if his name Fido.
1045,3883,7,41,171,219,1.2511415525114156,0.03399921840391705,657,It's just a song. You don't have to like roaming buffalo or watching deer and  antelope play.
6671,3883,10,35,174,219,1.2511415525114156,0.03579975360140294,657,Let's reconsider your role in the doggie's misfortune.
1340,3885,4,48,171,223,1.251121076233184,0.031760202359295504,657,"So your woman done left you, alone and feeling blue, and that left you with some serious commitment issues?"
4628,3885,10,36,177,223,1.251121076233184,0.03537096712181251,657,"Get a life, Hank.  Mom never said she thought more of me than you."
3707,3887,12,33,182,227,1.251101321585903,0.03605405971338017,657,"Juan, has it ever occurred to you that come in here every session and sing the same old tune?"
5231,3887,8,41,178,227,1.251101321585903,0.033822416859519165,657,"So, you say your bucket's got a hole in it and your so lonesome you could cry?"
1625,3887,7,43,177,227,1.251101321585903,0.033241104784887364,657,"I told her to stand by her man, but she said I had a cheatin' heart. So I told her to get her biscuits in the oven, and her buns in bed."
1985,3887,11,35,181,227,1.251101321585903,0.03550930000600911,657,"So, we reach the end of the lonesome trail, let's talk about your mother."
2995,3887,10,37,180,227,1.251101321585903,0.03495605172237755,657,"I'm hearing more negative self-talk, John; and yet another double negative."
7027,3892,5,48,178,231,1.251082251082251,0.031714075709427844,657,"When you sing, “oh give me a home, where the buffalo roam”; are you referring to your parents?"
707,3893,6,47,182,235,1.251063829787234,0.03196516620011546,657,So how long have you had these feelings of being alone and lonesome cowboy?
2404,3893,13,33,189,235,1.251063829787234,0.03572623117758785,657,"If you can always mention your horse, I can always mention your mother."
4358,3893,12,35,188,235,1.251063829787234,0.0352135392288001,657,Have you considered hip hop?
3638,3896,5,45,170,220,1.25,0.03261471118432898,657,You're supposed to be depressed.
3753,3896,13,32,187,232,1.25,0.03601160019437468,657,"Sorry, but that does NOT rhyme with ""Oedipal."""
3599,3896,7,42,175,224,1.25,0.03348247650912125,657,Life wouldn’t be such a problem if you’d learn another song.
5549,3896,6,40,162,208,1.25,0.03441662246495444,657,How long has your mood been affected by cloudy skies?
3194,3896,9,42,189,240,1.25,0.03314100722417223,657,I'm fine with you playing guitar for the whole session but I don't know how Scarborough Fair is relevant.
3154,3896,10,34,172,216,1.25,0.036093714752248894,657,You say it helps with your anxiety?  Can you teach me to play that thing?
3896,3896,10,36,178,224,1.25,0.035230548447081074,657,And just how long have you been singing the blues?
3416,3896,11,33,176,220,1.25,0.03623238038175044,657,so your daddy was a gambler down in Georgia...
4093,3896,8,39,173,220,1.25,0.03447103692786923,657,"Out in the West Texas town of El Paso
I fell in love with a Mexican girl""
Get over it."
6913,3896,11,25,152,188,1.25,0.04035413268273988,657,As you know the rate is double for couples therapy.
5296,3896,9,38,177,224,1.25,0.03465765582065099,657,"Schoenberg always leaves you with this feeling, doesn't he?"
5321,3896,9,39,180,228,1.25,0.0342604283889841,657,"Hmm, round them up you say ... What else can you tell me about these ""dogies"" ?"
5600,3896,11,30,167,208,1.25,0.03763986674967756,657,I can’t get along with my dogies.
5790,3896,6,42,168,216,1.25,0.03362277436608037,657,So you’ve <i>often</i> heard a discouraging word?
6172,3896,10,41,193,244,1.25,0.033300429013583294,657,"I don't think I can be of assistance - you have nothing to say, your instrument is out of place, your boots on my couch are offensive and my gig is opera."
6664,3896,9,31,156,196,1.25,0.03784832988855939,657,Tell me more about these deer and antelope who no longer play.
6806,3896,12,31,177,220,1.25,0.03680076614070642,657,How long have you been stuck on that cord?
3137,3896,10,39,187,236,1.25,0.03403663625102412,657,How do I get to Carnegie Hall?   I usually take an Uber.
4431,3896,9,34,165,208,1.25,0.036384849898249846,657,"Unfortunately, climate change has a lot of us trying to cope with many discouraging words and skies cloudy all day."
2754,3896,12,34,186,232,1.25,0.035489665336872964,657,So your horse sang the whole song or just part of it?
5329,3896,7,36,157,200,1.25,0.03597179241080754,657,It sounds like the blues is playing you.
2519,3896,11,31,170,212,1.25,0.03715432048037724,657,"You know, of course, that Segovia’s mother gave him a guitar to cover inappropriate erections."
44,3896,12,34,186,232,1.25,0.035489665336872964,657,"Did it bother you that they called you ""the ugly""?"
48,3896,7,35,154,196,1.25,0.03643952288160244,657,Git along lil dawgies...Do you fantasize about animals often?
218,3896,9,37,174,220,1.25,0.03506798236707715,657,"You know, this only works if you really want to change."
454,3896,8,40,176,224,1.25,0.034075132722900435,657,This isn’t music therapy
566,3896,9,35,168,212,1.25,0.03593079580382942,657,"No, you are not the real Dolly Parton."
2528,3896,5,45,170,220,1.25,0.03261471118432898,657,And just how did you get along with this little doggie?
758,3896,7,36,157,200,1.25,0.03597179241080754,657,"So, tell me again about these deer and antelope you keep seeing."
853,3896,9,30,153,192,1.25,0.03837333825724882,657,"No, I don't think an Oedipus Complex is a good theme for a country song."
1000,3896,9,37,174,220,1.25,0.03506798236707715,657,So tell me a bit more a bit more about your maw.
612,3896,6,45,177,228,1.25,0.032524580941295914,657,"Tell me about your childhood home, home on the range."
1662,3896,13,30,181,224,1.25,0.03689589210983246,657,"Listen, sicko! She's never coming 'round that mountain."
1645,3896,11,30,167,208,1.25,0.03763986674967756,657,Just one more verse of ‘Achy Breaky Heart’ and I’ll commit myself.
1684,3896,6,34,144,184,1.25,0.037161395982792125,657,"Good vittles, love and kissin’? You are well on the path toward self-actualization..."
1783,3896,8,41,179,228,1.25,0.03369175107846788,657,Considering you're not paying my fees you could at least play in tune !
1964,3896,9,38,177,224,1.25,0.03465765582065099,657,Did Deer and Antelope always discourage you from joining them?
2059,3896,8,38,170,216,1.25,0.03488013188542341,657,I'm not sure how to interpret E-I-E-I-O !?
2080,3896,10,38,184,232,1.25,0.03442206182161019,657,A song about me will not cover my billable hours.
2285,3896,10,34,172,216,1.25,0.036093714752248894,657,"Well Dr. it's like this, I have this dream that WILLIE NELSON is really me !"
2513,3896,7,37,160,204,1.25,0.03552057968536265,657,Tell me more about this phenomenon of seldom hearing a discouraging word on the range?
5634,3937,11,42,204,257,1.2490272373540856,0.03263288848897931,657,"Specifically, HOW does it make you feel like a rolling stone?"
3830,3938,10,43,200,253,1.2490118577075098,0.032492754737443785,657,"So, what do you think makes you lonesome?"
2910,3939,13,34,194,241,1.2489626556016598,0.03505139495231817,657,"How many little dogies had to git along, did you say?"
3871,3939,9,42,190,241,1.2489626556016598,0.03301950486694235,657,"Listen, it’s time to stop living in the past. Your girlfriend broke up with you because you don’t have a car, and boots over pants are way out of style."
210,3941,11,35,183,229,1.2489082969432315,0.035232487602819475,657,Tell me about your home on the range.
5035,3941,14,29,186,229,1.2489082969432315,0.03682722218579109,657,Just a bit more depression and you'll be topping the charts!
2536,3943,8,40,177,225,1.248888888888889,0.033941541195044236,657,"No. Playing it upside-down and backward will not bring back your girl, you dog or the ranch what the bank done took away."
2654,3943,11,34,180,225,1.248888888888889,0.03565215053461017,657,"Tell me something, Freud, aren't you tired tryin' to fill that void?"
6677,3945,10,35,176,221,1.248868778280543,0.03551125602821103,657,"Before we go any further, I need you to sign this waiver acknowledging what you are about to do could ruin your creative career."
6081,3945,7,41,173,221,1.248868778280543,0.033728968246037515,657,Your GP who referred you said you can't seem to shake those cowboy blues.
6588,3945,12,31,178,221,1.248868778280543,0.03665132978770509,657,Home on the range sounds nice. But what about your mother?
4493,3945,10,35,176,221,1.248868778280543,0.03551125602821103,657,"I'm not sure the Secret Service appreciated the nuance of your rendition of ""Don't Fence Me In."""
2367,3945,11,33,177,221,1.248868778280543,0.03608579554276359,657,So when did you begin playing jazz?
6008,3945,10,35,176,221,1.248868778280543,0.03551125602821103,657,Let’s just begin simply with three chords and the truth.
7057,3951,11,32,174,217,1.2488479262672811,0.036534175042198094,657,I'm putting you on a strict major chord regiment.
5099,3951,10,34,173,217,1.2488479262672811,0.035945466313651614,657,"So, when did you start singing the blues?"
4581,3951,8,38,171,217,1.2488479262672811,0.034738131116823896,657,"And then what happened, After your dog died and your Mama got hit by the train ???"
6842,3951,7,40,170,217,1.2488479262672811,0.03411844597840794,657,Why don't you try singing a song about your mother?
2471,3951,9,36,172,217,1.2488479262672811,0.03534695391399032,657,Would you say you feel more 'lonesome' or 'lonely'?
1205,3951,9,36,172,217,1.2488479262672811,0.03534695391399032,657,"No, I don't want to yodel !  Now, may we go on with your session?"
2782,3951,6,42,169,217,1.2488479262672811,0.03348729547863539,657,"Yes, yes, you are your own grandpa. 
But how does that make you feel?"
1056,3958,9,35,169,213,1.2488262910798122,0.03578096430516564,657,What's Pop got to do with it? You wanted to be a singing cowboy and I didn't
2132,3958,10,33,170,213,1.2488262910798122,0.036394619234938204,657,"Dusty, We prefer to call it as ""Range Angst"""
4526,3958,14,25,174,213,1.2488262910798122,0.038752186000927974,657,Have you tried playing in a major key?
4630,3958,7,39,167,213,1.2488262910798122,0.03452094438613095,657,So when did the doubts about Astro being the right horse for you start?
4698,3958,6,41,166,213,1.2488262910798122,0.03387336267130486,657,"Now, should we talk some more about your home on the range?"
6119,3958,12,29,172,213,1.2488262910798122,0.03759188894633157,657,OK. Let’s drop ‘Everybody”s Talkin’ ‘bout Me’ for the moment.
5721,3964,7,38,164,209,1.2488038277511961,0.0349371777527841,657,"Well...since you clearly don't have talent, I recommend you trade that guitar for a horse."
3482,3964,6,40,163,209,1.2488038277511961,0.034272434468179215,657,"I see a little Freudian slip there. 
""Home on the range"" doesn't include ""I hate cows""."
1677,3964,12,28,169,209,1.2488038277511961,0.03808726183515427,657,Your fixation on cow pies suggests an anal retentive personality.
2143,3964,8,36,165,209,1.2488038277511961,0.035589507081211814,657,Can you tell me about your feelings without the guitar?
2201,3968,6,39,160,205,1.248780487804878,0.034685233201559446,657,And how long have you had tears in your ears from lying on your back in bed while you cried over her?
4160,3968,8,35,162,205,1.248780487804878,0.03603766664963541,657,"""I'm So Lonesome I Have Broken Heart Syndrome"" is clinically accurate, but I doubt it will sell many records."
327,3970,7,36,158,201,1.2487562189054726,0.035813984960826245,657,Hard Times Come Again with my next bill.
1693,3970,8,34,159,201,1.2487562189054726,0.036501955599055,657,And how did you feel when the train hit your mother?
3253,3970,4,42,155,201,1.2487562189054726,0.033665825215357555,657,"Sure, I’ve heard it before. But how does it make you FEEL?"
169,3973,10,29,158,197,1.248730964467005,0.03835832097298969,657,"Now, tell me your problems while I write nothing down."
6978,3974,6,36,151,193,1.2487046632124352,0.036014090089269035,657,I 'm picking up on the fear of commitment you have with your dogie.
1782,3975,7,32,146,185,1.2486486486486486,0.03777063025753962,657,Right now I'd say I'm hanging on by a string.
164,3976,7,46,189,242,1.2479338842975207,0.03183945157006498,657,"No, I will not accept a song for your co-pay."
6987,3977,10,39,189,238,1.2478991596638656,0.033782549845131425,657,Sex does rhyme with Tex but it all seems too Freudian for your song
5049,3978,8,41,181,230,1.2478260869565216,0.033433342075263606,657,Okay. Okay. You play better than the deer and the antelope.
1080,3978,12,33,185,230,1.2478260869565216,0.03563253405615863,657,So it seems like horse therapy has really been working for you.
1472,3978,5,47,178,230,1.2478260869565216,0.03168393159971324,657,"Go ahead, sing whatever comes to mind."
5885,3981,10,36,180,226,1.247787610619469,0.0349529516073124,657,There are more effective ways of getting back in the saddle again besides singing about it.
3840,3982,11,33,178,222,1.2477477477477477,0.03594036666836965,657,So let's circle back -- how many girls were in the tractor?
3492,3982,11,33,178,222,1.2477477477477477,0.03594036666836965,657,OK. Switch seats.
7034,3982,10,35,177,222,1.2477477477477477,0.035368703815799596,657,You shot the sheriff not the deputy. Sounds like guilt by association to reggae.
3195,3985,9,36,173,218,1.2477064220183487,0.03520295061527517,657,And how do you feel about the Laredo streets today?
2167,3985,10,34,174,218,1.2477064220183487,0.03579840313711143,657,And how did you feel after getting a long little doggie?
1142,3985,10,34,174,218,1.2477064220183487,0.03579840313711143,657,"Ah, ha! A Freudian Strum!"
1535,3985,10,34,174,218,1.2477064220183487,0.03579840313711143,657,Sure you want to rebel against being orthodox but are you sure this is the way to do it?
1998,3989,12,29,173,214,1.2476635514018692,0.03743387593738594,657,"That has to be the most dysfunctional ""Home on the range"" I've ever heard!"
368,3990,5,42,163,210,1.2476190476190476,0.0334551690668789,657,Mebbe nex' time you thin' twice 'for you do her wrong.
1456,3990,6,40,164,210,1.2476190476190476,0.03412941259257986,657,"The problem is simple; you’re a southpaw playing 
a right-handed guitar!"
1062,3992,7,37,162,206,1.2475728155339805,0.03521652062363123,657,"And your mother, she too was from the Rio Grande?"
4539,3992,8,35,163,206,1.2475728155339805,0.035882628411706176,657,And how will you feel when you're home on the range?
6024,3992,8,35,163,206,1.2475728155339805,0.035882628411706176,657,How long have you been playing before she kicked you out?
2531,3995,8,34,160,202,1.2475247524752475,0.03634167393742479,657,"My wife ain’t left, dog ain’t dead and the whiskey is workin’ just fine..."
4755,3995,10,30,162,202,1.2475247524752475,0.03767272991159665,657,When you sing 'get a long little doggie' are you thinking dachshund?
2896,3997,8,33,157,198,1.2474747474747474,0.036817500090574905,657,Facts is fact. The Yellow Rose married a dude from Tennessee.
4039,3997,5,39,154,198,1.2474747474747474,0.03466562885729341,657,"Do you have anything upbeat, that you care to share with me?"
2179,3997,9,31,158,198,1.2474747474747474,0.037507365621551894,657,Well your b string is flat and your timing off just a smidgen.
1269,4000,11,26,157,194,1.2474226804123711,0.039400084130101314,657,You'll just have to get over him.
1689,4000,8,32,154,194,1.2474226804123711,0.03731110799012874,657,Do you know 'I Dreamed a Dream'?
4028,4002,9,29,152,190,1.2473684210526317,0.038552796714604,657,This is not what I meant by “Let’s face the music.”
345,4003,9,25,140,174,1.2471264367816093,0.04090756794231981,657,"FYI, recording these lyrics in the studio will negate our doctor patient confidentiality agreement."
691,4004,8,42,185,235,1.2468085106382978,0.03294512246805231,657,What makes you think that your horse resents your singing?
1648,4005,11,34,182,227,1.2466960352422907,0.03537119228060817,657,Sing me the one about your dream again.
2090,4005,9,38,180,227,1.2466960352422907,0.034251300319160245,657,Have you considered med school or law school to curb your mother's disappointment in your choice to be a cowboy?
573,4007,5,45,173,223,1.2466367713004485,0.03223297257525834,657,I m more into the blues myself.
1116,4007,9,37,177,223,1.2466367713004485,0.034649113916375755,657,"Well, how do you feel about all your ex’s being in Texas?"
3662,4007,7,41,175,223,1.2466367713004485,0.033462857142116095,657,And how did you feel when your mother told you that you had to practice?
7076,4010,7,40,172,219,1.2465753424657535,0.033844143829134636,657,Now this momma... is she also a mountain?
2786,4010,10,34,175,219,1.2465753424657535,0.03565251151561504,657,"You're not going to go all Merle Haggard on yourself, are you?"
2975,4010,9,36,174,219,1.2465753424657535,0.035060087593868895,657,"Would you please stop singing ""Momma don't let your babies grow up to be shrinks'?"
1073,4010,11,32,176,219,1.2465753424657535,0.0362352509671503,657,"I greatly appreciate your leaving your ""shootin' irons"" with my receptionist Mr. Snakeweed"
1601,4010,8,38,173,219,1.2465753424657535,0.034457479693216914,657,But Mom still likes you best.
576,4015,8,37,170,215,1.2465116279069768,0.0348670539043137,657,Have you tried a right handed guitar?
864,4015,7,39,169,215,1.2465116279069768,0.03423802910271416,657,"Let's just hear
 one more for the road."
1284,4015,11,31,173,215,1.2465116279069768,0.03668947916433762,657,"Doc, I need a title for a song About our current political system.”
Okay,  How about  “Clows to the left of me and Jokers to the right”."
1350,4015,8,37,170,215,1.2465116279069768,0.0348670539043137,657,I'm not sure ' Home on the Range ' really holds the key for understanding your early years in Hoboken
2230,4015,8,37,170,215,1.2465116279069768,0.0348670539043137,657,Chair of the Graduate Department of Philosophy is definitely a good career move for you.
2509,4015,7,39,169,215,1.2465116279069768,0.03423802910271416,657,Tell me more about your home on the range.
6147,4015,8,37,170,215,1.2465116279069768,0.0348670539043137,657,And what was your father's attitude about becoming a cowboy?
1136,4022,6,40,165,211,1.2464454976303319,0.033987543393395075,657,"Sorry, Luke, but I really don't counsel couples, so I'm afraid you've got to ditch the guitar."
1731,4022,5,42,164,211,1.2464454976303319,0.03331691113969571,657,Tell me again about your dog.
3096,4022,9,34,168,211,1.2464454976303319,0.03592440284821048,657,"You're a strummer, not a picker."
3515,4025,9,33,165,207,1.2463768115942029,0.03637932572230754,657,Know any Bach?
6889,4025,7,37,163,207,1.2463768115942029,0.03506638147056163,657,And what about the rhinestones?
5615,4025,8,35,164,207,1.2463768115942029,0.03572888501932781,657,"Okay, Maybe theres no tellin' what that women done to you....but you've got to try"
348,4025,7,37,163,207,1.2463768115942029,0.03506638147056163,657,"Okay we’ve covered the 70s, now let’s move on to the 80s."
5197,4025,10,31,166,207,1.2463768115942029,0.0370183394454039,657,I just keep playing it over and over again wondering what it means ... “E-I-E-I-O”.
5213,4025,8,35,164,207,1.2463768115942029,0.03572888501932781,657,Did you actually see this young cowboy dying on the streets of Laredo or could you just have imagined it?
563,4031,8,34,161,203,1.2463054187192117,0.03618275896926993,657,"No, I shall not breach confidentiality by telling your achy breaky heart."
890,4031,8,34,161,203,1.2463054187192117,0.03618275896926993,657,"So if I'm hearing you clearly,you lost your dog, house and what was that last one?"
1623,4031,6,38,159,203,1.2463054187192117,0.03480869641548542,657,"So how long have you felt these ""Folsom Prison Blues""?"
1942,4031,10,30,163,203,1.2463054187192117,0.03750651606202767,657,"Just so I understand this completely.
Right after the foreclosure your girlfriend left you and she took your truck. But when did your dog die?"
1576,4035,8,33,158,199,1.2462311557788945,0.0366531231015262,657,"Deep down, is the song about Sally your ex or Sally your gun?"
682,4035,9,31,159,199,1.2462311557788945,0.037339125295383226,657,I am a man of constant sorrow.
4052,4035,6,37,156,199,1.2462311557788945,0.03524108034153104,657,"This is a new musical genre for me, so bear with me."
315,4038,7,34,154,195,1.2461538461538462,0.03642228005484754,657,I'm sorry - I can't teach you the blues.
6157,4038,7,34,154,195,1.2461538461538462,0.03642228005484754,657,And how do you feel about being in the wrong key?”
3556,4040,7,33,151,191,1.2460732984293195,0.03690811204149301,657,So these wolves.. can you see them now? Are they dancing here?
4511,4041,7,46,191,244,1.2459016393442623,0.03161048116877989,657,"So, what, exactly, do you mean, ""I'm all yours in buttons and bows""?"
191,4042,7,44,185,236,1.2457627118644068,0.0322678573499457,657,Crooning your history is making this more painful than it needs to be.
3970,4042,12,34,190,236,1.2457627118644068,0.03495031833025192,657,I'd feel a lot more comfortable talking if you'd let me start a small campfire and put a pot of beans on.
6213,4042,9,40,187,236,1.2457627118644068,0.033366730006523626,657,So you're having trouble striking a chord with your audience?
3166,4045,12,33,187,232,1.2456896551724137,0.03535684044324038,657,Explain it all to me again in B flat
3611,4045,11,35,186,232,1.2456896551724137,0.03482509387341999,657,And just how long have you believed that you're a professional opera singer?
4313,4047,7,42,179,228,1.2456140350877194,0.032965827295617554,657,So tell me about your maw.
2566,4048,9,37,178,224,1.2455357142857142,0.03451165203589813,657,You say your parents were Death Metal fans?
2832,4048,10,35,179,224,1.2455357142857142,0.03508692866505039,657,"So, you ‘went down to the crossroads,’ and exactly did what?"
3396,4048,5,45,174,224,1.2455357142857142,0.03210763738815452,657,"And how are you today, Butch? At the end of our last session you were feeling lonesome..."
3724,4048,9,37,178,224,1.2455357142857142,0.03451165203589813,657,Have you tried alternative tunings?
3120,4052,7,40,173,220,1.2454545454545454,0.03370859375857846,657,I'm just happy you're still not playing the world's smallest violin.
3744,4053,10,33,173,216,1.2453703703703705,0.03594287096938957,657,I hear the three chords. Not let’s hear some truth.
3267,4053,7,39,170,216,1.2453703703703705,0.03409825519163581,657,"It's the same old sad song week after week after week.
Your damned horse died and your evil woman did you wrong!!!  
It's time to change your tune, cowboy."
1417,4055,6,40,166,212,1.2452830188679245,0.03384681361635709,657,"You HAD a good woman, you say?"
2487,4055,8,36,168,212,1.2452830188679245,0.03514296850356426,657,I understand your life has been going too well lately?
2922,4055,7,38,167,212,1.2452830188679245,0.03450097844426246,657,"Your life sounds like a country song was a figure of speech, not a recommendation"
5728,4055,6,40,166,212,1.2452830188679245,0.03384681361635709,657,"But, 9 - 5 you work for the government?"
2205,4059,9,33,166,208,1.2451923076923077,0.0362233744616356,657,Tell me about the progress you've made in moving beyond Gene Autry ripping-off your song.
1671,4060,10,30,164,204,1.2450980392156863,0.037341732097379295,657,Your problem is that your guitar strung to be played with the right hand.
2168,4060,10,30,164,204,1.2450980392156863,0.037341732097379295,657,Tell me how the the wall will affect your life as an old cowhand  on the Rio Grande.
786,4062,10,42,201,253,1.2450592885375493,0.03237041424519727,657,Interesting.  And how does it feel to be strummed by this cowboy-like guy you've described?
2122,4063,5,39,156,200,1.245,0.03436246345174283,657,So exactly when did you discover your guitar is upside down?
4928,4063,9,31,160,200,1.245,0.03717235423803542,657,Your mama didn't let you be a doctor or lawyer or such?
2993,4065,8,45,196,249,1.2449799196787148,0.031700576642344505,657,Was it a minor or a major incident that brought you here?
5804,4066,8,32,156,196,1.2448979591836735,0.03697231131900721,657,Tell me more about home on the range
4880,4066,10,28,158,196,1.2448979591836735,0.03836155695203179,657,So you are still upset about losing a country music Grammy to Taylor Swift?
1158,4066,12,36,197,245,1.2448979591836735,0.03404927314676498,657,"These songs are depressing.  
You got anything upbeat?"
2648,4069,13,31,189,233,1.2446351931330473,0.03574193894206112,657,How are you getting along with them little doggies?
2962,4069,12,33,188,233,1.2446351931330473,0.03522055552216738,657,You long for a home where the buffalo roam...
4796,4069,9,39,185,233,1.2446351931330473,0.03360790869938539,657,"So you say your troubles began with mama, a train, then prison, a gal, and a pickup truck."
2359,4072,7,42,180,229,1.244541484716157,0.03283907587247174,657,The butterfly lyric shows we're making real progress.
2736,4073,9,37,179,225,1.2444444444444445,0.03437525052017097,657,So you grew up to be a cowboy despite her wishes? Tell me more about your relationship with your mother.
3641,4073,8,39,178,225,1.2444444444444445,0.03379312516832344,657,Okay.....let's pick up right after git along little doggie....
6301,4073,6,43,176,225,1.2444444444444445,0.032597702822083886,657,So..........you disappointed your parents by not playing the banjo?
4868,4076,8,38,175,221,1.244343891402715,0.034181211225290394,657,It's 2019. You're in Manhattan. Perhaps you should suppress your inner singing cowpoke.
101,4077,12,29,176,217,1.2442396313364055,0.036967560364039045,657,"And playing sad songs, how does that make you feel?"
5678,4077,7,39,171,217,1.2442396313364055,0.03395958674260237,657,And what do you think is causing the blues?
5905,4077,6,41,170,217,1.2442396313364055,0.033325427742494584,657,The deliverance song isn't helping
6230,4080,9,34,170,213,1.244131455399061,0.03562371018104126,657,Just because you play Country Western doesn't mean you have to be depressed.
5752,4080,8,36,169,213,1.244131455399061,0.03499654017776939,657,You have to be honest. You can't just string me along.
155,4080,10,32,171,213,1.244131455399061,0.03624002800373392,657,And exactly how long have you been feelin' so lonesome?
4738,4080,11,30,172,213,1.244131455399061,0.036846038217968766,657,Did you try a music teacher before ?
4186,4084,12,38,204,254,1.2440944881889764,0.03320796597138975,657,"If your mother was,in fact,a finger picker,that would be something to think about next session."
9,4085,6,39,164,209,1.244019138755981,0.03410180365600987,657,Strum and yodel to me about your childhood.
200,4085,7,37,165,209,1.244019138755981,0.0347698092825808,657,Must you be so damn depressing?
332,4085,8,35,166,209,1.244019138755981,0.03542522071210051,657,"The problem is, I'M becoming addicted to the song now."
653,4085,7,37,165,209,1.244019138755981,0.0347698092825808,657,"Yippee ki-yay, you say?"
1580,4085,10,31,168,209,1.244019138755981,0.03670094702332655,657,Damn woman stole my G-string
75,4090,12,37,201,250,1.244,0.0335613087614761,657,"Well Doc, 'Git Along, Little Passive-Aggressive Dogies' may work in Manhattan, but 'Whoopie Ti Yi Yo' will do a whole lot better in Abilene."
3516,4091,11,28,166,205,1.2439024390243902,0.03781606104172081,657,"So, tell me what else happened in ‘Laredo,’ Phil"
3664,4091,7,36,162,205,1.2439024390243902,0.03519600037083461,657,Your range is impressive when consider how far we are from your home.
3038,4091,6,38,161,205,1.2439024390243902,0.03450991791430325,657,"It is important that you  accept  what  the  deer and the antelope played at  on the range!"""
7005,4091,6,38,161,205,1.2439024390243902,0.03450991791430325,657,Would you like to try it with the words?
1840,4091,6,38,161,205,1.2439024390243902,0.03450991791430325,657,It would help if I knew the words.
2347,4091,5,40,160,205,1.2439024390243902,0.033809916101642544,657,"Yes, “Paranoic, schizophrenic, killed my father, in a panic.”  does scan well and has a catchy, folky feel."
1024,4091,7,36,162,205,1.2439024390243902,0.03519600037083461,657,"We can totally swap chairs next time, playing guitar lying down must be very awkward."
636,4098,12,35,195,242,1.243801652892562,0.0343001131494949,657,"You're going to have to open up, you don't have a discouraging word to say about anybody."
1349,4099,7,35,159,201,1.243781094527363,0.03563731287372383,657,Did your parents try to force you to play right handed?
2335,4099,7,35,159,201,1.243781094527363,0.03563731287372383,657,"Actually, Slim, I WAS drunk the day my Ma got out of prison."
1647,4101,7,44,187,238,1.2436974789915967,0.03202929481450306,657,So you say you have the blues?
3184,4101,8,42,188,238,1.2436974789915967,0.032578105334371145,657,Although seeking help is a good idea I am not qualified to decide if you should have won a Grammy.
4020,4101,9,40,189,238,1.2436974789915967,0.03311782251357131,657,I think we have a breakthrough! You're angry with your mama because she allowed her baby to grow up to be a cowboy!
4561,4104,6,36,155,197,1.2436548223350254,0.03536982856637331,657,"True, but Depression is much more than The Blues."
714,4105,3,51,180,234,1.2435897435897436,0.030013931389640165,657,Country Western doesn't really speak to me.  Could you try the blues?
6534,4105,10,37,187,234,1.2435897435897436,0.034023714645426986,657,You are a little off key.
5762,4107,5,37,151,193,1.2435233160621761,0.035061937911332976,657,Maybe you should stop writing songs about your oedipus complex. People prefer songs about anxiety disorders.
2068,4108,6,34,149,189,1.2433862433862435,0.03629382482267086,657,Lonesome you sang?
1709,4109,7,41,178,226,1.2433628318584071,0.03307125415645108,657,"...and then my third album, ""Havin' a Hoe-down with Dr. Schwartz"" also went double platinum..."""
6214,4109,7,41,178,226,1.2433628318584071,0.03307125415645108,657,"So, you feel perhaps your mother didn’t want you to grow up to be a cowboy?"
1489,4109,6,43,177,226,1.2433628318584071,0.032471163895302364,657,I'll waive my usual fee if you agree to credit me as co-lyricist.
1838,4109,7,41,178,226,1.2433628318584071,0.03307125415645108,657,So I would say your depression began when you got kicked out of ZZ Top
2986,4113,9,36,177,222,1.2432432432432432,0.03463821085616266,657,"So you say that you've never felt more alive as you feel when dressed up like an old West Singing Cowboy? Let's unpack that, Mr. Bergstrom."
3116,4113,10,34,178,222,1.2432432432432432,0.03522173189897232,657,It's not you. It's millennials.
3439,4113,4,46,172,222,1.2432432432432432,0.0315591812010465,657,Tell me again--when did the blue skies start smiling at you?
4600,4113,10,34,178,222,1.2432432432432432,0.03522173189897232,657,And when did your guitar start resisting to being tuned
5246,4113,9,36,177,222,1.2432432432432432,0.03463821085616266,657,And how do you think us being separated at birth had affected you?
7049,4113,3,39,143,185,1.2432432432432432,0.034302712553739526,657,Maybe it was actually you doing the leavin’.
6654,4119,9,35,174,218,1.2431192660550459,0.03504974055186101,657,You can't be country unless you understand your blues.
6108,4119,9,35,174,218,1.2431192660550459,0.03504974055186101,657,"I have a strong sense of the source of your frustration and suggest you title your next tune ""City Girls Don't Love Me 'cause I smell Like A Horse""."
5717,4121,7,38,169,214,1.2429906542056075,0.03421601887991382,657,"So how long have you been feeling 'dischordant,' Mr. Jones?"
3812,4121,15,22,177,214,1.2429906542056075,0.039009635986797964,657,"You have to be in tune, otherwise I can't help you."
6577,4121,9,34,171,214,1.2429906542056075,0.03547520099941063,657,How soon after leaving Wall Street did you start playing guitar?
4572,4121,11,30,173,214,1.2429906542056075,0.03669119545485743,657,You're depressing me!
3794,4121,10,32,172,214,1.2429906542056075,0.036088320200967625,657,"So, you’re not sure whether to ride off into the sunset, or get drunk at a saloon?"
3954,4121,9,34,171,214,1.2429906542056075,0.03547520099941063,657,"After years of singing,'Git along little Dogies,' you're obviously suffering from acute separation anxiety."
4372,4121,8,36,170,214,1.2429906542056075,0.034851297206411155,657,Tell me more about the buffalo that roam..
2853,4121,11,30,173,214,1.2429906542056075,0.03669119545485743,657,Sing another verse about that.
1101,4129,10,31,169,210,1.2428571428571429,0.036544241147484106,657,"By any chance, do you know Streets of Laredo?"
4331,4129,6,39,165,210,1.2428571428571429,0.03395891185773004,657,"But you have a home, a home on the range."
4669,4129,7,37,166,210,1.2428571428571429,0.03462334705342879,657,Tell me about the whippoorwill.
5043,4129,8,35,167,210,1.2428571428571429,0.03527526935125052,657,Maybe K-Pop just isn't your genre...
1908,4133,6,38,162,206,1.2427184466019416,0.034362389356256455,657,"Laying down again;
Setting on his couch again;
Got Mamma on the brain, I’m just talkin with Sigmund Freud again,” is not the most productive analysis response, Mr. Nelson."
4901,4133,12,26,168,206,1.2427184466019416,0.038274429893319195,657,Tell me again why you don't want to be buried on the lone prairie.
5284,4135,9,31,162,202,1.2425742574257426,0.036843145939810786,657,I’ve heard this one before
5682,4135,7,35,160,202,1.2425742574257426,0.03548098206538521,657,"My politically correct analysis, it's all about your tone."
403,4135,10,29,163,202,1.2425742574257426,0.037505680369128096,657,"Tell me that part again about 'Waylon, Willie, and the boys'"
4277,4135,8,33,161,202,1.2425742574257426,0.036168477235476636,657,When did border issues first affect your songwriting?
2526,4139,6,45,184,235,1.2425531914893617,0.031675772683653645,657,And what happened after the bottle let you down?
3204,4139,5,47,183,235,1.2425531914893617,0.03109637158850357,657,"Okay, once more, and dig deeper this time."
945,4141,7,42,182,231,1.2424242424242424,0.03258839415413002,657,"Yes, yes, continue singing...""where seldom is heard a discouraging word"".  OK, now we're making progress!"
2942,4141,9,30,159,198,1.2424242424242424,0.037332626142725554,657,"So, sometimes you think you're a cow, and sometimes a boy."
4340,4141,7,34,157,198,1.2424242424242424,0.03593294656459355,657,"Not to worry, you'll get over the Lovesick Blues. I'm more concerned about your amorous feelings for Old Paint."
1855,4144,12,31,184,227,1.2422907488986785,0.03577911674881293,657,Perhaps a bit more development of the theme of loneliness in the B section?
1956,4144,11,33,183,227,1.2422907488986785,0.03523010588156047,657,"Your sound is troublesome, have you tried playing right handed?"
1757,4146,6,35,153,194,1.2422680412371134,0.03566030779447329,657,"How long has it been since your horse really enjoyed your singing?"""
4408,4146,5,37,152,194,1.2422680412371134,0.03490331792242539,657,An achy breaky heart you say?
3672,4148,6,42,175,223,1.242152466367713,0.03269613778556521,657,Its not a phase Doc.
4954,4148,10,34,179,223,1.242152466367713,0.03508039338783551,657,I think the real problem here is what you're wearing.
6439,4148,6,42,175,223,1.242152466367713,0.03269613778556521,657,"How are these deep notes of despair, regret, hopelessness, and anguish working for you?"
2797,4148,14,26,183,223,1.242152466367713,0.037312606105683925,657,So did your mother play the guitar?
1248,4148,10,34,179,223,1.242152466367713,0.03508039338783551,657,This is going to be a hit.  Now tell me the next line.
2384,4148,11,32,180,223,1.242152466367713,0.035651551772446735,657,You keep singing and we have to switch seats.
6109,4154,8,30,152,190,1.2421052631578948,0.0376351765421583,657,I love your 5th bar transition to G Major.
1663,4155,9,35,175,219,1.2420091324200913,0.03490698604320584,657,Your wife does not appreciate ze buffaloes roaming in your home?
4365,4155,6,41,172,219,1.2420091324200913,0.03305786092258022,657,'Tell me more about these low places.'
6481,4155,9,35,175,219,1.2420091324200913,0.03490698604320584,657,"More major, less minor."
6300,4158,9,27,150,186,1.2419354838709677,0.038916188465308824,657,"Your dog died, wife left you,house burnt down,kids don’t talk to you,diagnosed with a terminal illness,anything else happen last week?"
3190,4159,9,34,172,215,1.241860465116279,0.035327897342839906,657,I think we both know who is really benefiting from our session today.
3543,4159,7,38,170,215,1.241860465116279,0.03407525067274199,657,"Okay, now tell me again--it was your mother, girlfriend wife or dog that got run over by a truck or left you??"
1257,4161,7,37,167,211,1.2417061611374407,0.034478081630019204,657,"Try it right-handed, cowboy."
2433,4161,8,35,168,211,1.2417061611374407,0.03512655193601844,657,Maybe give onomatopoeia a rest and move on to iambic pentameter.
5473,4161,10,31,170,211,1.2417061611374407,0.036388840692839715,657,"Let me make this clear, when you dress you think you're ranch dressing..."
5810,4161,7,37,167,211,1.2417061611374407,0.034478081630019204,657,"Ridin' the range and lookin' strange -
you have accomplished your goal."
2184,4165,7,44,189,240,1.2416666666666667,0.03179413528603513,657,You're stuck in A Minor key.
2102,4165,8,42,190,240,1.2416666666666667,0.03233781906798067,657,You know you might save a little money if you just did an open mic now and again.
253,4167,11,28,168,207,1.2415458937198067,0.03748667518499536,657,Tell me more about where the Buffalo roam.
2745,4167,10,30,167,207,1.2415458937198067,0.036855782465441536,657,So it was right around the time you said you were going to hog tie and brand her that her manner changed?
3263,4167,8,34,165,207,1.2415458937198067,0.0355604340604716,657,"So...you’re an old cowhand, from the Rio Grand, and you’ve lost your way?"
421,4170,15,26,191,232,1.2413793103448276,0.036776244197472927,657,"In this session we will cover the ""String Theory"" verses the ""Chaos Theory""."
571,4170,7,35,161,203,1.2413793103448276,0.03532598236872061,657,I'd recommend Prozac or a 1 hour recording session with Dolly Parton for your depression.
5128,4170,7,42,183,232,1.2413793103448276,0.032464443851423164,657,"Yes, if your horse doesn't like your singing, that's his problem. But if he stops every time you start, that's your problem, isn't it?"
5912,4170,7,35,161,203,1.2413793103448276,0.03532598236872061,657,"Mr. Autry, you've made tremendous progress, but you're still just a little pitchy."
6069,4170,9,31,163,203,1.2413793103448276,0.03668067244200978,657,The refrain needs some work.
6983,4170,11,27,165,203,1.2413793103448276,0.03798708242654168,657,Don’t fret. I’ll just take a few notes so you can get back in the saddle and on the road again.
333,4176,9,37,182,228,1.2412280701754386,0.03397229090870341,657,'Waylon Jennings didn't literally mean you couldn't grow up to be a cowboy.'
2177,4176,9,37,182,228,1.2412280701754386,0.03397229090870341,657,"So you're galloping toward  Rosa's Cantina in the west Texas town of El Paso, and cowboys are shooting at you. How did you feel about the Wall?"
6279,4176,11,33,184,228,1.2412280701754386,0.03509134187961619,657,Cause Nationwide is on your side.
3123,4179,7,34,158,199,1.2412060301507537,0.03577267169530939,657,"So, to summarize . . . you cannot let go of this fear of being buried on the lone prairie . . . yes"
2130,4179,8,32,159,199,1.2412060301507537,0.036475236598945915,657,Have you considered playing something other than blues?
606,4179,6,36,157,199,1.2412060301507537,0.03505602937429873,657,Now where exactly did you say your home was?
1422,4179,4,40,155,199,1.2412060301507537,0.03357688946335422,657,Have you always had this urge to get back on the road?
1357,4183,7,40,177,224,1.2410714285714286,0.03317679201927756,657,"Talk to me about the discouraging words you did hear in your home, home."
3231,4183,8,38,178,224,1.2410714285714286,0.03377481259148336,657,"So, tell me more about how you're lonesome now that your girlfriend left you for your best friend and your mother got caught up by the law after breaking your father out of prison in a pickup truck."
3405,4183,8,38,178,224,1.2410714285714286,0.03377481259148336,657,So how did you feel when your mom hopped a train to come get you out of jail?
5476,4186,10,27,158,195,1.241025641025641,0.03836184100305837,657,"Him: “How many roads can a man walk down before they call him a man?”
Doctor: “The answer, my friend, is blowin’ in the wind”"
5893,4187,5,43,172,220,1.240909090909091,0.03228910826731814,657,Being lonesome doesn't mean you have to cry.
492,4187,11,31,178,220,1.240909090909091,0.03593956754315851,657,"Have you considered alternatives to sad, sad songs?"
833,4187,7,39,174,220,1.240909090909091,0.033550089620279895,657,So when your girlfriend left you and your tractor broke and your dog ran away....how did that make you feel?
2880,4187,7,39,174,220,1.240909090909091,0.033550089620279895,657,"I like the tune, but we've got more work to do on the lyrics."
3704,4187,6,41,173,220,1.240909090909091,0.03292563610795853,657,"I agree, ‘Tumblin’ tumbleweeds’ is a great metaphor for your erratic work history."
3786,4187,12,29,179,220,1.240909090909091,0.03651251176794556,657,"When did your delusions about being a singing cowboy begin, Dr. Freud?"
4856,4187,8,37,175,220,1.240909090909091,0.03416313091541703,657,"With all due respect, I believe I said ""cigar,"" not ""guitar!"""
1021,4194,10,26,155,191,1.2408376963350785,0.038902505821328044,657,You say your horse died?
841,4195,8,36,172,216,1.2407407407407407,0.03456431218807174,657,"You say your cheatin' heart will make you weep, you'll cry and cry and try to sleep... and how does that make you feel?"
3286,4195,11,30,175,216,1.2407407407407407,0.03638530807129099,657,"So you never got along with the little dogies. Was that truly their misfortune, or none of your own?"
3821,4195,8,36,172,216,1.2407407407407407,0.03456431218807174,657,So how did your mother's obsession with Waylon Jennings make you feel?
560,4198,10,25,152,187,1.2406417112299466,0.039464503562308774,657,Tell me more about how your little doggies are getting along.
5847,4198,6,33,148,187,1.2406417112299466,0.036434091402820015,657,"Tell me again about your mother ... this time, no singing."
2075,4200,8,35,169,212,1.240566037735849,0.034979053809233385,657,"Slow down. That's ""Zip-a-dee...what?"
4417,4200,10,31,171,212,1.240566037735849,0.03623472986861278,657,"Well, yes, perhaps Willie and Waylon were right.
Let's pick up next week with ""drive them old trucks"" and
see where we get."
5275,4200,8,35,169,212,1.240566037735849,0.034979053809233385,657,"If she don’t understand you and you don’t die young, you’ll probably just ride away."
5479,4200,6,39,167,212,1.240566037735849,0.033676590714131836,657,I'm afraid your time is up
6603,4200,8,35,169,212,1.240566037735849,0.034979053809233385,657,Tell me something: are you happy in this modern world?
5456,4205,7,30,146,183,1.2404371584699454,0.037733148013332385,657,So what comes after “I’m an old cow hand?”
6063,4206,9,32,167,208,1.2403846153846154,0.036058079398392937,657,"They’re bison, not “buffalo.”"
2794,4206,8,34,166,208,1.2403846153846154,0.0354081058021063,657,"I've been cry'n me a river for as long as I can remember, Doc!"
5963,4206,6,38,164,208,1.2403846153846154,0.03407098016902131,657,Perhaps you should consider being more sensitive to the little dogeys' misfortune...
5378,4209,9,38,186,233,1.240343347639485,0.033465862802899024,657,Tell me where you think your fear of spaghetti started.
2723,4210,6,37,161,204,1.2401960784313726,0.034478911363533794,657,Let's see here...Last week you were telling me about a girl in the town of El Paso. Are you still feeling obsessed by her?
689,4211,7,41,181,229,1.240174672489083,0.03268846638992,657,I’m not sure we can blame your mother for that flat note.
2020,4211,7,41,181,229,1.240174672489083,0.03268846638992,657,"Always the same tune, eh Slim?"
6541,4213,6,36,158,200,1.24,0.034901152592161006,657,I’m about to lose my home on the range.
2512,4213,9,30,161,200,1.24,0.03699789481991547,657,"No, I can't accept payment in rhinestone."
2017,4213,8,38,179,225,1.24,0.0336414332593906,657,one of your issues might be singing the answers to all of my questions
1924,4213,6,42,177,225,1.24,0.03244042158143067,657,Sometimes a duet is just a duet.
3997,4213,8,38,179,225,1.24,0.0336414332593906,657,Maybe the emptiness you're feeling is the absence of cowbell.
878,4213,12,24,164,200,1.24,0.03898202136818651,657,Even though you sleep with her I can't bill this as family therapy.
377,4213,6,42,177,225,1.24,0.03244042158143067,657,So tell me more about your move form New York to Texas.
92,4213,7,34,159,200,1.24,0.03561378537227844,657,Tell me more about your mama.
1690,4213,8,32,160,200,1.24,0.03631243540199584,657,"If you don't tune that properly, this session is over!"
2814,4222,7,39,175,221,1.239819004524887,0.03341571934687271,657,"I have a couple of shots of whiskey that'll help."""
5278,4222,5,43,173,221,1.239819004524887,0.03216115092721339,657,"No, you’re guns can’t do the talking."
3558,4224,5,37,154,196,1.239795918367347,0.0345902197578636,657,All together now
6780,4225,6,29,136,171,1.239766081871345,0.03853598367697846,657,I can imagine it is hard having Clint Eastwood as your dad.
2455,4226,13,32,197,242,1.2396694214876034,0.034668914557552354,657,And  how often do you dream that you're a lounge pianist?
6630,4226,5,48,189,242,1.2396694214876034,0.030456438106938485,657,"Yes, I'm asking you not to play 'Wagon Wheel.'"
4179,4228,6,40,171,217,1.23963133640553,0.033159805138130424,657,That's the wrong key for 'El Paso.'
5811,4228,9,34,174,217,1.23963133640553,0.035036850162694456,657,"My job can be lonely and boring,too,but I'd lose my license for that."
5470,4228,8,36,173,217,1.23963133640553,0.03442254307594073,657,"Let me guess, your wife left you, your dog and pickup died and you thought it was a good idea to write a song about it?"
4721,4228,10,32,175,217,1.23963133640553,0.035640570517757,657,How does the realization that your dog has fleas make you feel?
3183,4228,9,34,174,217,1.23963133640553,0.035036850162694456,657,"Of course your reviews are bad!  You're not left-handed, are you?"
2850,4228,9,34,174,217,1.23963133640553,0.035036850162694456,657,When was the first time you start seeing dingo's?
2811,4228,5,42,170,217,1.23963133640553,0.03251004889708217,657,"Home, home on the range.  What else do you recall?"
2395,4228,7,38,172,217,1.23963133640553,0.03379707197830735,657,You do realize that you can't housetrain a buffalo?
987,4228,13,26,178,217,1.23963133640553,0.03739329431001675,657,You said it was raining when your Mama got hit by the train?
161,4228,4,44,169,217,1.23963133640553,0.031847038822825684,657,"So far we've covered catgut, tobaccy, momma, and a regretful past...let's take it from the top."
5346,4238,15,27,196,238,1.2394957983193278,0.03606066039555628,657,"Have you tried singing the song in reverse?  You will get your truck, dog, and girl back."
1634,4239,11,29,173,213,1.2394366197183098,0.03669051531806569,657,And what age were you when did your mother start singing 'Drop Kick Me Jesus'?
2937,4239,5,41,167,213,1.2394366197183098,0.03287017642808808,657,"Happy trails to you, until we meet again. Happy trails to you, keep smilin' until then . . ."
1494,4241,6,44,184,234,1.2393162393162394,0.03164489315279167,657,Can you play some Dylan before he went electric...
6098,4241,7,42,185,234,1.2393162393162394,0.032219275329645726,657,I heard Hendrix and Cobain were left-handed too.
1497,4243,8,34,167,209,1.2392344497607655,0.035257047285986935,657,It’s no wonder you failed. You’re out of tune.
5421,4243,7,36,166,209,1.2392344497607655,0.03459845023078816,657,A little equine therapy might be just what you need.
4120,4245,10,35,185,230,1.2391304347826086,0.03426735315227845,657,Could you spell “fixun” for me?
2482,4245,9,37,184,230,1.2391304347826086,0.033708740881669544,657,I agree....You're out of tune
2294,4247,7,35,163,205,1.2390243902439024,0.03501991128582385,657,Now tell me more about the banjo nightmares.
4889,4247,12,25,168,205,1.2390243902439024,0.038282035274083574,657,"It all started when I was home, home on the range..."
5454,4247,9,31,165,205,1.2390243902439024,0.0363598982640306,657,"No, I've never been to Texas."
3466,4250,6,42,178,226,1.238938053097345,0.03231401519204521,657,"...and you say it's some Susanna who does cry for you, right"
5195,4250,8,38,180,226,1.238938053097345,0.03350907804404231,657,Find yourself a cheatin floozy and you can cut a record!
6451,4250,8,38,180,226,1.238938053097345,0.03350907804404231,657,Do you know Stairway to Heaven?
2706,4253,6,36,159,201,1.2388059701492538,0.034747602169620355,657,Well I-I-I am a man of constant so-rrow...
2742,4253,10,28,163,201,1.2388059701492538,0.03750201103491096,657,It seem we’ve sat and talked like this before ...
3406,4253,7,34,160,201,1.2388059701492538,0.03545627025392405,657,At our next session I want to really dig into why the misfortune was none of your own
6491,4253,6,36,159,201,1.2388059701492538,0.034747602169620355,657,Did you ever think about writing a song that was not so depressing?
6919,4257,11,31,180,222,1.2387387387387387,0.0356479551724726,657,Can we say that Willie Nelson is not envious of you?  Period
5651,4257,9,35,178,222,1.2387387387387387,0.03448546381715659,657,Perhaps you should lose the boots. Cowboy poets in Wellies are a dime a dozen.
4025,4257,5,43,174,222,1.2387387387387387,0.032034172817415135,657,Have you considered switching genres from country to the blues?
2661,4257,9,35,178,222,1.2387387387387387,0.03448546381715659,657,"Well, the way I see it is you're trying to go for a conservative audience while playing left-handed. And, by the way, I'll have to charge you for the cow pies that your boots are leaving on the divan."
1986,4257,5,43,174,222,1.2387387387387387,0.032034172817415135,657,"Ok, you’ve convinced me that you are a Lonesome Cowboy, but you definitely are not Elvis."
1729,4262,10,27,160,197,1.2385786802030456,0.03801058768956599,657,"So Mr. Levine, how’s that Kkezmer Cowboy thing working for you?"
2248,4262,7,33,157,197,1.2385786802030456,0.03590839275747627,657,"So....you're still upset that Lucille left you, Willie?"
3939,4262,10,27,160,197,1.2385786802030456,0.03801058768956599,657,"If you’re in a Blues mood, play ‘Get your boots off my couch’!"
481,4265,14,24,180,218,1.238532110091743,0.03780101366008533,657,"How about you stop hiding behind that guitar for just one minute, Mark — just one goddamn minute, that’s all I ask after three years of doing this dance with you — and talk to me like you understand that this is your life, and you only get one?"
3039,4265,11,30,177,218,1.238532110091743,0.036084384826307006,657,Would you mind gittin' your 'little dogies' off my couch?
4204,4265,8,36,174,218,1.238532110091743,0.034281905181247914,657,"I'm sensing a pattern here,Dwight."
6025,4265,8,36,174,218,1.238532110091743,0.034281905181247914,657,So your wife left you and took your pickup truck and your mom got drunk and got run over by a train?  Sounds like the perfect country western song.
6325,4265,8,36,174,218,1.238532110091743,0.034281905181247914,657,"I wrote a song, its called ""No one ever herds me."
2830,4270,9,33,172,214,1.2383177570093458,0.03531445282845531,657,When did you first start feeling this way about your instrument?
2802,4271,10,36,189,235,1.2382978723404254,0.03375492236071165,657,"No, you’re not an old cow hand.you’re not fooling me.Shave your beard off and get a haircut.see you next week"
4210,4272,6,38,166,210,1.2380952380952381,0.03378433945646136,657,So..You're an old cowhand-from the Rio Grande. But you never saw a cow?   Hmmmmmmm....
3472,4272,9,37,185,231,1.2380952380952381,0.033578459296923754,657,"Well, that's a new tune."
23,4274,7,40,180,227,1.2378854625550662,0.03278854065893269,657,"OK, next week you can be the psychiatrist!"
1149,4275,7,35,164,206,1.2378640776699028,0.034868808010339515,657,Playing the same old song isn't getting you past your past.
2671,4275,8,33,165,206,1.2378640776699028,0.03554143313036008,657,"A ""home on the range"" does not mean your wife enjoys being the only cook."
4652,4275,11,27,168,206,1.2378640776699028,0.03748696519663437,657,And these streets of Laredo remind you of your mother?
4741,4275,7,35,164,206,1.2378640776699028,0.034868808010339515,657,Buffalo meaning the team or the animal?
5705,4275,7,35,164,206,1.2378640776699028,0.034868808010339515,657,"Do you know ""For He's a Jolly Good Fellow?"""
6055,4275,9,31,166,206,1.2378640776699028,0.036201563030590224,657,"Since you switched to playing left handed, have you considered learning Western & Country music?"""
965,4281,4,45,174,223,1.2376681614349776,0.03126870221890986,657,Maybe if you switched to a minor key ...
1659,4281,8,37,178,223,1.2376681614349776,0.03375393773484045,657,I understand how 'Cowboy Junkies' might offend you.
1805,4281,8,37,178,223,1.2376681614349776,0.03375393773484045,657,"Don't let your babies grow up to be saddle fitters"" is catchy but.."
2099,4281,8,37,178,223,1.2376681614349776,0.03375393773484045,657,"You're too sensitive, is the problem. Critics pounce. It's just what they do, is all."
6305,4285,12,24,166,202,1.2376237623762376,0.038631476810881055,657,So come DOWN from your fences.  LET somebody love you.  Just do it.  Do it!
2055,4285,4,40,158,202,1.2376237623762376,0.033140937568475706,657,"Can you tell me you plan when you get back in the saddle,again?"
926,4287,7,43,190,240,1.2375,0.031651018302002475,657,"All together now, this time with feeling."
673,4288,9,34,176,219,1.2374429223744292,0.03475045784205272,657,"For starters, see if you could find a song that does not mention your mama, whiskey, or breakups"
4805,4288,7,38,174,219,1.2374429223744292,0.03352328518611617,657,"Yes, I realize it is challenging to learn to play left-handed."
4827,4288,9,34,176,219,1.2374429223744292,0.03475045784205272,657,"I said ""Sturm und Drang,"" not ""Strum und Drang"""
656,4291,7,33,158,198,1.2373737373737375,0.035746890595389436,657,There’s 5 minutes left in your session. Can you play Wonderwall?
1020,4291,8,31,159,198,1.2373737373737375,0.03645702058846871,657,"You're saying ""singing cowboy"" isn't a term you'd choose for yourself?"
1330,4291,10,27,161,198,1.2373737373737375,0.037837318563643106,657,"Sorry, you want your Mama or your Gaga?"
2464,4294,11,29,175,215,1.2372093023255815,0.03638235621805294,657,Of course I like Patsy Cline. But we don't use that word in this office.
2990,4294,8,35,172,215,1.2372093023255815,0.0345437318567819,657,Did you ever discuss your lonesome blues with your Mama?
5841,4296,8,30,156,194,1.2371134020618557,0.036940286742313075,657,Tell me what happened after she told you to get your feet off the couch
6551,4297,10,35,187,232,1.2370689655172413,0.03400242973604629,657,You’re mixing genres. It’s not “Take me Bach to Ole Kentucky!
5057,4297,11,33,188,232,1.2370689655172413,0.03454684111161263,657,"And vat is your association to ""leetle dogeys?"""
2478,4297,8,39,185,232,1.2370689655172413,0.03288658118872006,657,"Some trails are happy. Some trails are blue. It's the way you ride the trail that counts, Ran, but our 45-minute trails a'endin'. So happy trails to you.  Until we meet again... """
1371,4297,6,43,183,232,1.2370689655172413,0.031731517716771566,657,Any other issues not involving a ‘yeller dawg’?
2884,4297,8,39,185,232,1.2370689655172413,0.03288658118872006,657,"So you say that in your home the buffalo no longer roam and the dear and the antelope refuse to play, now why do you think that is?"
1315,4302,4,42,165,211,1.2369668246445498,0.03227325596376437,657,Didn't your mother teach you to keep your boots off the furniture?
2577,4302,9,32,170,211,1.2369668246445498,0.03559839519754112,657,Relax.  I thought you were the outstanding entertainment at the Trump Inaugural.
5066,4302,6,38,167,211,1.2369668246445498,0.03364277227812415,657,"When was the first time you had feelings for God, trucks, guns and beer?"
6801,4302,10,30,171,211,1.2369668246445498,0.03622681712030263,657,Let’s croon about your mother.
949,4306,8,38,182,228,1.236842105263158,0.03324739471984402,657,"Nice tune.  But ""lonesome"" isn't in listed in the diagnostic and statistical manual"
4017,4306,4,37,149,190,1.236842105263158,0.03433827870035908,657,"Tell me Joe, where did you come from? Where did you go?"
5325,4308,10,29,168,207,1.2367149758454106,0.0366894176393912,657,"So, “It takes a worried man to sing a worried song” however you are content in the company of cows. Hmm!"
5004,4309,7,39,178,224,1.2366071428571428,0.03301882889974845,657,Have you tried performing the rap music I suggested in our last session?
4203,4309,11,31,182,224,1.2366071428571428,0.03536095034792698,657,"OK. So you're saying your guitar only plays the blues?"""
6546,4309,7,39,178,224,1.2366071428571428,0.03301882889974845,657,Tell me more about Yippie-yi-yo-ki-yay
6019,4309,11,31,182,224,1.2366071428571428,0.03536095034792698,657,You don't need that prop to show me your high-strung.
4114,4309,10,33,181,224,1.2366071428571428,0.03479020512456248,657,But how does the broken down pickup truck make you feel?
6339,4309,7,39,178,224,1.2366071428571428,0.03301882889974845,657,And when was it that your mother let you switch from violin lessons?
2669,4315,10,37,194,241,1.2365145228215768,0.03313878362176752,657,"Man, always the same old song! Yes, your mother chose another man over you. Now, get over it."
1376,4316,6,36,161,203,1.2364532019704433,0.03444441538468848,657,"Patience, my good man, the chorus is coming to me.  I just need to find a word that rhymes with 'Sigmund'."
3307,4316,6,36,161,203,1.2364532019704433,0.03444441538468848,657,"I think ""crapped his chaps"" as a refrain would be an indicator of some cognitive issues."
4925,4316,9,30,164,203,1.2364532019704433,0.03650668160648471,657,Let's explore more why you hate the B7 chord.
1505,4319,11,30,179,220,1.2363636363636363,0.03578830883363541,657,"When you have these dreams of being in Times Square, are you truly naked or still wearing tidy whities?"
2006,4319,9,34,177,220,1.2363636363636363,0.03460897352337174,657,"So, git along little dogies, what do you really mean by that?"
3332,4319,9,34,177,220,1.2363636363636363,0.03460897352337174,657,This is a little ditty about my relationship with my momma
5034,4319,9,34,177,220,1.2363636363636363,0.03460897352337174,657,Your lyrics are always about booze and a broken heart. Don't you ever think about your mother?
3965,4323,11,34,192,237,1.2362869198312236,0.03402905137011023,657,Yippi Yi Ky-yo is a faux feeling
6197,4324,8,31,160,199,1.236180904522613,0.03629296443156765,657,I see you play left-handed.  Are you always a contrarian?
5695,4324,7,33,159,199,1.236180904522613,0.0355868012400994,657,Yippie ka yay! I see your feeling better.
6555,4324,6,35,158,199,1.236180904522613,0.03486633874919542,657,It seems like your mother was a progressive.
5306,4327,7,37,172,216,1.2361111111111112,0.03376922151252337,657,It's textbook border-line personality disorder
3650,4327,8,35,173,216,1.2361111111111112,0.034400968644762914,657,"Well this room, this room right here, really is big enough for the two of us."
652,4327,9,33,174,216,1.2361111111111112,0.035021321588912815,657,"Your Mother told you, ""Son, always be a good boy,
don't ever play with guns,""
But you shot a man in Reno.  And you motivation was?"
3378,4327,5,41,170,216,1.2361111111111112,0.03246887243637654,657,So what did your father say when you told him you preferred the high and lonesome life?
719,4331,5,45,183,233,1.2360515021459229,0.031020685910859006,657,"You lament about your ""achy breaky heart"".  I think we'll need to unpack that one."
2594,4331,11,33,189,233,1.2360515021459229,0.03441329630633875,657,Did you say Si or C?
5012,4333,10,30,172,212,1.2358490566037736,0.03607285293912501,657,"Yes, you've got new verses this week, but you keep coming back to the same old chorus."
1384,4333,7,36,169,212,1.2358490566037736,0.034163116870019314,657,And how old were you when you saw your first Coen brothers movie?
2324,4333,7,36,169,212,1.2358490566037736,0.034163116870019314,657,And how did it make you feel that your mother named you Buster?
5545,4336,4,46,179,229,1.2358078602620088,0.03071780236431679,657,You played it for your mother now play it for me. Play it!
35,4336,8,38,183,229,1.2358078602620088,0.03311804438285802,657,"Never, a discouraging word, sometimes a little criticism not so bad."
5603,4338,7,31,153,191,1.2356020942408377,0.036519077692678655,657,"Jed, how about singing me one about your mother."
4745,4339,12,25,171,208,1.2355769230769231,0.037780516140994445,657,"I so regret not learning to play guitar.""
""And how did that make you feel, Doc?"""
2392,4339,5,39,164,208,1.2355769230769231,0.033199540147814635,657,"I realize it's a sacrifice, Raoul, but unless you give up the guitar, you'll always be the sidekick."
2301,4339,9,31,168,208,1.2355769230769231,0.03588891193191814,657,"Mr. McFry, why do you think Polly Wolly Doodle reminds you of me?"
1055,4339,5,39,164,208,1.2355769230769231,0.033199540147814635,657,"You're playing the right chords and you're singing the right words, but there's absolutely no harmony in your id, ego, and super-ego."
2337,4343,7,39,179,225,1.2355555555555555,0.0328885671369933,657,"I understand this anxiety, but no one questions your folksy sagacity, so I see no reason to insist on the term ""cow-man."""
2550,4343,8,37,180,225,1.2355555555555555,0.03348642094949914,657,"If you're really that down and out, I'm afraid this will have to be our last session."
5427,4343,9,35,181,225,1.2355555555555555,0.03407378651822534,657,Are your spurs that go jingle jangle jingle in the closet?
6756,4343,11,31,183,225,1.2355555555555555,0.03521914262236766,657,"Sing your heart out, Leon."
6101,4347,8,36,177,221,1.2352941176470589,0.03386664931576892,657,And can you tell me how that made you feel without the singing?
4980,4347,12,28,181,221,1.2352941176470589,0.03621451748800749,657,So that was the gift from your horse's mouth?
4939,4347,4,40,160,204,1.2352941176470589,0.032856343691885635,657,"I know you're struggling with abandonment issues, but not everybody is a doggie who is about to git along."
3926,4347,9,30,165,204,1.2352941176470589,0.03634577308992647,657,Would you please refrain from calling it the Psych Office Dirge again?
4394,4347,8,40,190,238,1.2352941176470589,0.03229333425256525,657,Nice song. How does it make you feel?
514,4347,10,28,166,204,1.2352941176470589,0.03700419437908958,657,"Do you know ""Wind Beneath My Wings""?"
420,4347,5,42,174,221,1.2352941176470589,0.031992873114466046,657,And just how do you feel about these deer and antelope?
1918,4347,7,34,163,204,1.2352941176470589,0.03499178276713519,657,"The devil wasn't buying, by the sound of it."
789,4355,10,35,189,234,1.235042735042735,0.0337414896735828,657,I'd like to start with a little something I wrote about my early years...
2109,4355,6,43,185,234,1.235042735042735,0.03149219530183357,657,"Play it Sam. You played it for her, you can play it for me."
136,4357,8,35,174,217,1.2350230414746544,0.0342593546527851,657,I pronounce your cowboy conversion therapy 100% successful!
2892,4357,8,35,174,217,1.2350230414746544,0.0342593546527851,657,This next one is very personal.
3737,4357,6,39,172,217,1.2350230414746544,0.032990371113539994,657,Tell me again where you're from?
6681,4357,5,41,171,217,1.2350230414746544,0.03233721058936573,657,So . . . how long have you harbored this resentment toward your father for not being there the night you were drunk and your mother was released from prison?
6870,4361,4,39,157,200,1.235,0.03323246883583317,657,Maybe try that in a major key
1232,4361,6,35,159,200,1.235,0.03471166226914863,657,Could you elaborate on your feelings behind “Yippy I Oh Ki-ah”?
2380,4361,4,39,157,200,1.235,0.03323246883583317,657,"So, Tex, how long have you been feeling lonesome?"
5299,4364,6,42,182,230,1.2347826086956522,0.031817825357032675,657,Of course I love my mother. All cowboys do. What’s your point?
1404,4364,7,40,183,230,1.2347826086956522,0.03240904643284124,657,How about a song that doesn’t include your Mother .
768,4364,8,38,184,230,1.2347826086956522,0.03298967370134915,657,"NO, playing the guitar with your left hand has nothing to do with your mother not loving you..."
533,4364,10,34,186,230,1.2347826086956522,0.03412130025940313,657,"Apart from Dolly Parton, is there anyone -anyone at all that you dream about?"
67,4364,8,38,184,230,1.2347826086956522,0.03298967370134915,657,"Perhaps you should try humming rather than strumming and stop stringing me along."""
342,4369,9,32,172,213,1.2347417840375587,0.035298265572732204,657,"Yes, 'Home on the Couch' was the unofficial  anthem of Freud."
1707,4369,6,38,169,213,1.2347417840375587,0.033363076064675805,657,It wants to sound like a Banjo?
3823,4369,5,40,168,213,1.2347417840375587,0.03269256707339985,657,"Well, partner, ya think we got one last song in us?"
5009,4369,15,20,178,213,1.2347417840375587,0.03888075318630939,657,I will venture to say you're right-handed.
1246,4373,7,32,157,196,1.2346938775510203,0.03588023045545709,657,"So your dog died and your'e in a relationship with your truck, but mama tried."
1761,4373,9,28,159,196,1.2346938775510203,0.03731016195423307,657,Then try this; 'Bill or George! Anything but Sue! '
3243,4373,6,34,156,196,1.2346938775510203,0.03514345335591702,657,So why do you think you dream about accordians?
5625,4373,6,34,156,196,1.2346938775510203,0.03514345335591702,657,"So, you were sitting around a campfire eating beans and passing gas, and then what happened?"
6036,4373,11,24,161,196,1.2346938775510203,0.038687277399236705,657,Tell me more about this place where the deer antelope play
3790,4378,12,33,198,243,1.2345679012345678,0.033912334297953144,657,So.....Her dog don’t bite nobody but you?
2863,4378,10,37,196,243,1.2345679012345678,0.03289416585803107,657,So... last week you mentioned you were worried about the cattle?
1995,4380,7,39,180,226,1.2345132743362832,0.0327593041000043,657,"Given the number of specific references in your songs, is there more you  care to tell me about your 'little doggies' and 'Old Paint'?"
6175,4380,11,31,184,226,1.2345132743362832,0.03507844740259379,657,"This was a good session. Next week, how about you role-play Cher and ‘If I Could Turn Back Time.’"
6358,4380,8,37,181,226,1.2345132743362832,0.03335421070691905,657,Let's go back to the size of her shoes.
503,4383,7,35,167,209,1.2344497607655502,0.03442304100171111,657,This 'home on the range' sounds to me like an acute narcissistic delusion.
1294,4383,10,29,170,209,1.2344497607655502,0.036372594445096496,657,"Yeah, but 'you're a lying, cheating SOB' still doesn't rhyme with 'orange.'"
1477,4383,6,37,166,209,1.2344497607655502,0.03374817220015761,657,"OK, Tex, so you say you're from Texas, but you're actually from Louisiana but you hated be called Louise, right?"
4769,4383,8,33,168,209,1.2344497607655502,0.03508493090714984,657,"Maybe it’s time to let the old ways die, Jedidiah..."
6407,4383,10,29,170,209,1.2344497607655502,0.036372594445096496,657,"Mr. Hardin, it could be more productive if you didn’t  play Y.M.C.A. the entire session."
3491,4388,7,31,154,192,1.234375,0.036349094635856095,657,What exactly do you mean when you say your wife is a “nag”?
5657,4388,7,31,154,192,1.234375,0.036349094635856095,657,Tell me more about the tumbling tumbleweeds.
1633,4390,8,36,178,222,1.2342342342342343,0.03373040774169283,657,"So Willy, how long have you been sober?"
936,4390,8,36,178,222,1.2342342342342343,0.03373040774169283,657,"I admit I didn't immediately recognize you Mr. President, but I do believe if you insist on putting out an album it could work against you."
627,4390,10,32,180,222,1.2342342342342343,0.03491804547386711,657,"Home, home of the strange."
622,4390,7,38,177,222,1.2342342342342343,0.033120622877200724,657,You said that your mother strung you along?
1389,4394,5,38,162,205,1.2341463414634146,0.0334387294567881,657,Just pick your problem.
5751,4394,7,34,164,205,1.2341463414634146,0.034839584426166026,657,"Instead of driving cattle, why don't we take a moment to discover what drives you?"
1481,4396,10,31,177,218,1.2339449541284404,0.03533629299903992,657,Sometimes a long little dogie is just a long little dogie.
5407,4396,6,39,173,218,1.2339449541284404,0.03285638236829197,657,What about a session without instrumental accompaniment?
4792,4398,7,44,197,248,1.2338709677419355,0.030886166281709756,657,The bro-country fad should be over soon. Hang in there.
4951,4399,8,31,162,201,1.2338308457711442,0.03596915146252737,657,"So, you sang it backwards, but still you didn't get back your wife, your home, your dog, and your car"
1959,4400,7,40,184,231,1.2337662337662338,0.0322844451927634,657,"I will need you to respond with more than 
a yodeling 'Yippie yi ooh, Yippie yi yay.'"
6765,4401,4,42,168,214,1.233644859813084,0.03187697278189331,657,How do you think YOU reduce the discouraging words?
6732,4401,7,36,171,214,1.233644859813084,0.03387878835900888,657,"Well, Tex, if she’s never even called you by your name, do you really expect her now to start calling you Darlin’?"
3971,4401,9,32,173,214,1.233644859813084,0.03515005318107615,657,"Cain't seem to scare up a rhyme fer ""psychotropic."" It's gittin' me down!"
2124,4401,10,30,174,214,1.233644859813084,0.03576874624041867,657,You're going to have to learn something other than Tosca.
1753,4401,8,34,172,214,1.233644859813084,0.03452027331371376,657,"Subconsciously, you want to play the bassoon."
1344,4401,7,36,171,214,1.233644859813084,0.03387878835900888,657,"Well, why don't you try to use an 'I feel' song?"
899,4401,9,32,173,214,1.233644859813084,0.03515005318107615,657,"Or, you can sing about your childhood..."
876,4401,7,36,171,214,1.233644859813084,0.03387878835900888,657,Your hour is almost up but I think we can finish the song next week - and have time to discuss your writers block.
277,4409,13,31,200,244,1.2336065573770492,0.034282289202887596,657,Freebird!
3266,4410,5,36,156,197,1.233502538071066,0.03423661097639703,657,.....and this began after you saw ‘The Ballad of Buster Scruggs’?
4397,4410,10,26,161,197,1.233502538071066,0.03783031026329947,657,Have you tried changing your tone?
4703,4410,9,28,160,197,1.233502538071066,0.037139399644095364,657,"You say, that you come from Alabama with a banjo on your knee, but the problem is that, you're holding the wrong instrument!"
4972,4410,6,34,157,197,1.233502538071066,0.03498489530987366,657,"Lets begin, go ahead  sing me a river"
812,4414,7,39,181,227,1.2334801762114538,0.03263102874405143,657,Let's explore your fixation with Home on the Range.
5162,4415,5,39,166,210,1.2333333333333334,0.03292066267769305,657,"You know, you're not the only left handed guitarist in the world!"
3093,4415,5,46,189,240,1.2333333333333334,0.030378061035600337,657,"Uh-huh, let’s see - wife left you, truck broke down, dog died ... are there any happy, uplifting country songs?"
2606,4415,7,28,145,180,1.2333333333333334,0.03786676633343822,657,"Let me get this straight, you are a Frito Bandito?"
6895,4415,6,37,167,210,1.2333333333333334,0.0336056319351318,657,"So, your heifer done skedadled; your best buckaroo turned into a four flusher. Your life is a bag on nails. Time to cut and run."
415,4415,8,40,192,240,1.2333333333333334,0.03205353494925186,657,"Sorry, not that kind of fine-tuning."
6105,4415,10,29,171,210,1.2333333333333334,0.036216189256242065,657,"You’re not alone, ranger."
610,4415,8,33,169,210,1.2333333333333334,0.03493530350521871,657,You say your hat was thrown back and your spurs were a jinglin'?  Interesting.
1900,4422,5,42,176,223,1.2331838565022422,0.03174023187301685,657,Tell me more about that third verse about your mother.
2032,4422,6,40,177,223,1.2331838565022422,0.03237037940604082,657,Sorry but I don’t speak in twang
3591,4424,6,43,187,236,1.2330508474576272,0.031256359869192354,657,"If you let me record these sessions, I would like to be your music agent."
183,4425,8,25,143,176,1.2329545454545454,0.03924980917993305,657,I will admit that your descriptions of your troubles are quite lyrical.
5853,4426,6,39,174,219,1.2328767123287672,0.032723449895770404,657,"Yeah, my baby left me, too, but I'm quite upbeat about it."
6218,4426,5,41,173,219,1.2328767123287672,0.032076975197167394,657,The only shame in playing the guitar is the shame of not playing it well!
5217,4426,8,35,176,219,1.2328767123287672,0.03397952094488095,657,"Why not move from Laredo to El Paso, Mr. Robbins?"
3135,4426,7,37,175,219,1.2328767123287672,0.033357398105402336,657,"How 'bout 'Magic Carpet Ride' by Steppenwolf..."""
1382,4426,10,31,178,219,1.2328767123287672,0.03519078734848384,657,And going naked is not an option?
6982,4431,3,38,148,189,1.2328042328042328,0.03344990329619781,657,"So, how did it make you feel when you first found out there was no gold in them thar hills?"
813,4432,9,36,187,232,1.2327586206896552,0.033300953022571265,657,"Instead of playing the guitar, why don't you sit and write like I do?  You will find it takes your mind off things and then you get a check!"
3418,4432,10,34,188,232,1.2327586206896552,0.03385664595094651,657,"After 3 years of therapy, you still blame your dad for your gender dysphoria ... But do you have to Sue him?"
1674,4434,6,35,161,202,1.2326732673267327,0.0344062905413732,657,Sing me a ballad about your early childhood.
2024,4434,7,33,162,202,1.2326732673267327,0.035114832849187705,657,"I don't care what the song says, it's still a Ten-step program."
3998,4434,10,27,165,202,1.2326732673267327,0.03715948677865997,657,"So, let me get this straight...you want your best friend to runaway with your wife?"
1401,4437,9,39,197,245,1.2326530612244897,0.032136683120342686,657,You dream you’re  performing at the Grand Ole Opry- how literally should I take this?
6643,4438,12,26,177,215,1.2325581395348837,0.036818750191220016,657,Have you considered cowboying up?
4847,4438,7,36,172,215,1.2325581395348837,0.033738350730339296,657,"But Tex, these feelings of abandonment are the natural result of your express desire for the little dogies to git along."
1258,4438,5,40,170,215,1.2325581395348837,0.03242435331270856,657,Your left-handedness obviously has given you an inferiority complex and is making you sing these depressing songs.
4668,4438,7,36,172,215,1.2325581395348837,0.033738350730339296,657,I was sure the hat would cure the writer’s block.
485,4438,9,32,174,215,1.2325581395348837,0.03500305604171466,657,It seems you are strung out.
147,4438,8,34,173,215,1.2325581395348837,0.034376519910127634,657,"How do you feel the transition from Wall Street is going?
 Frank Buckley Andover, MA"
1085,4438,8,34,173,215,1.2325581395348837,0.034376519910127634,657,Sing to me about your relationship with your mother.
4290,4445,6,41,181,228,1.2324561403508771,0.03190375546586379,657,Have you thought about trading the Martin for a Fender?
1715,4446,7,29,149,185,1.2324324324324325,0.03716029265674664,657,You suffer from harmonic stress! I think I know of a tonic that will resolve this discord.
2078,4447,7,42,192,241,1.2323651452282158,0.03138888277309473,657,You say your dog and baby done left you...
5268,4447,9,38,194,241,1.2323651452282158,0.03247180707884558,657,"No, sorry, I won't trade therapy for a song."
2976,4449,9,28,161,198,1.2323232323232323,0.03697016487849616,657,My mamma told me not to grow up to be a cowboy.
1221,4450,10,29,172,211,1.2322274881516588,0.03606109972151431,657,Now lets see if we can shrink this tune down to 3 minutes.
1230,4450,7,35,169,211,1.2322274881516588,0.03413199816949485,657,"So, all these buffalo and deer and antelope inside your home; wouldn't that be messy?"
2489,4450,4,41,166,211,1.2322274881516588,0.03208712646778767,657,"It's time to face reality Quick Draw Salinger, the closest you've ever been to the Wild West is Greenwich Village."
2518,4450,6,37,168,211,1.2322274881516588,0.03346426095127258,657,Have you tried strumming with your right hand?
5740,4450,12,25,174,211,1.2322274881516588,0.0372917683836536,657,"How do you spell ""oh  yippie yi yo kayah?"""
3946,4455,9,34,181,224,1.2321428571428572,0.03405414403429193,657,"I don't like the way this is going. So give me my hat, boots and guitar back this role reversal is not working."
3985,4455,6,40,178,224,1.2321428571428572,0.03224235436828444,657,"You know, you can't sing your way out of everything."
1940,4455,8,36,180,224,1.2321428571428572,0.03346111607536242,657,"When I said ‘bring your baggage,’ I didn’t mean your guitar."
1530,4455,8,36,180,224,1.2321428571428572,0.03346111607536242,657,"Dave, sing me a few verses of your first bi-polar experience; or is it Mike?"
382,4455,4,44,176,224,1.2321428571428572,0.030975676609417004,657,"Before we move on, do you know 'Wonderwall'?"
1895,4455,6,40,178,224,1.2321428571428572,0.03224235436828444,657,"Let me sort this out...Since Pancho bit the dust, you are unable to sing and you want to move to Cleveland. Is that correct ?"
3907,4461,7,41,189,237,1.2320675105485233,0.03170867863971732,657,Maybe the little dogies took you seriously and got along because of your singing.
4124,4461,9,37,191,237,1.2320675105485233,0.03281700340750293,657,Crazy” isn’t just a song by Willy Nelso
6958,4461,9,37,191,237,1.2320675105485233,0.03281700340750293,657,When did you first realize you were a Hassid locked in a guita-pickers body?
294,4464,5,35,154,194,1.231958762886598,0.03449865109319827,657,Explain to me how someone's favorite color could possibly be chrome.
5528,4464,8,29,157,194,1.231958762886598,0.036747854049702586,657,It happened out in the West Texas town of  El Paso
4507,4466,4,40,163,207,1.2318840579710144,0.03243822991958588,657,...and what are your personal memories of these 'streets' in this so-called 'Laredo'?
5079,4466,8,32,167,207,1.2318840579710144,0.03521146434696396,657,Let's go back to the verse where you're herding cats.
6035,4466,9,30,168,207,1.2318840579710144,0.035871288473414406,657,So tell me more about your horse’s mother
2876,4469,8,35,177,220,1.231818181818182,0.03384127502833231,657,"Sorry, but you can not bring your horse for your next appointment!"
5768,4469,7,37,176,220,1.231818181818182,0.033222295151420805,657,"Tell me more, but this time without singing it to me"
4562,4471,12,30,191,233,1.2317596566523605,0.0348055813279795,657,"I think it should start with ""Nationwide is on your side."""
3104,4472,5,34,151,190,1.231578947368421,0.034928628473575904,657,I see. And have you tried learning something besides the Blues?
5111,4473,6,35,162,203,1.2315270935960592,0.03425556246076142,657,Patient hears voices that are autotuned.
5859,4474,7,36,173,216,1.2314814814814814,0.03359904622313479,657,Perhaps you could consider a career change.
645,4474,7,36,173,216,1.2314814814814814,0.03359904622313479,657,"Let's discuss that last song, 'You Can't Go Home on the Range Again.'"
3649,4474,10,30,176,216,1.2314814814814814,0.035469633117818075,657,"I’m always in character.   You, too?"
4291,4474,9,32,175,216,1.2314814814814814,0.034857259665334095,657,So long have you been feeling strung out?
4343,4474,6,38,172,216,1.2314814814814814,0.03295192839528908,657,"Just play that backwards and you can get it all back - your wife, your dog, your job, your truck. Then you'll be able to pay me."
4933,4474,7,36,173,216,1.2314814814814814,0.03359904622313479,657,What say you hand me the guitar and we trade places?
5114,4474,4,42,170,216,1.2314814814814814,0.03161798445024729,657,"At least, we have facial hair in common."
5442,4474,8,34,174,216,1.2314814814814814,0.03423393388496913,657,"...but have you ever thought to ask yourself ""Am I ready for some football?"""
5772,4474,7,36,173,216,1.2314814814814814,0.03359904622313479,657,"So you're saying you're this way because of your ""mama""?"
4180,4483,12,29,188,229,1.2314410480349345,0.03521111658899632,657,"Yes, that was nice. But returning to your mother..."
5979,4483,8,37,184,229,1.2314410480349345,0.032963635263607745,657,And when did your guitar decide that you had to sing everything you say?
3292,4483,11,31,187,229,1.2314410480349345,0.03466291045239796,657,"And how long have you had these feelings about ""The Range?"""
672,4483,6,41,182,229,1.2314410480349345,0.0317803478421225,657,"Crazy
I'm crazy for feeling so lonely
I'm crazy
Crazy for feeling so blue"
2952,4483,8,37,184,229,1.2314410480349345,0.032963635263607745,657,I think we reached the point in your exposure therapy where you finally can touch a horse.
5236,4488,8,40,194,242,1.2314049586776858,0.031817190886668255,657,When it is out of tune so are you
6873,4489,9,41,205,255,1.231372549019608,0.03127396894162604,657,"Slow down, easy - ok, think I got it, 'Mama, just killed a man..."
5257,4490,8,27,151,186,1.2311827956989247,0.03775875170062855,657,"So, you're an old cowhand, from the Rio Grande..."
6160,4490,4,35,147,186,1.2311827956989247,0.034543201573081196,657,You need a little less Conway Twitty and more Willie Nelson.
6191,4490,5,33,148,186,1.2311827956989247,0.035374502310086556,657,She probably up and done gone with your dog and your tractor leaving you all by your lonesome because you're no damn good at songwriting.
353,4493,6,34,159,199,1.2311557788944723,0.03467193231540598,657,I think these blues may be seasonally affected.”
4859,4493,6,34,159,199,1.2311557788944723,0.03467193231540598,657,And when did the blues started playing you?
466,4495,9,31,172,212,1.2311320754716981,0.03527923140351497,657,I wonder if it’s time we moved on from getting up this morning
1811,4495,5,39,168,212,1.2311320754716981,0.03264630579251761,657,"If you can't say it, play it."
5077,4495,7,35,170,212,1.2311320754716981,0.03398827334773955,657,"For that pain deep down in the your soul, I'm going to prescribe the bongo drums."
4602,4498,10,32,183,225,1.231111111111111,0.034498165991688944,657,"You say that you frequently experience feelings of isolation. Would you say that you're ""lonesome""?"
6567,4498,9,34,182,225,1.231111111111111,0.033918150260702364,657,You'll never feel comfortable at home until we deal with your buffalo fixation.
457,4500,10,35,193,238,1.23109243697479,0.033231215054220255,657,"Please, tell me how your dog left you again."
4946,4501,10,31,180,221,1.2307692307692308,0.03490327742203962,657,"So this fear of being buried on the lone prairie, was it a gradual thing?"
5343,4501,7,37,177,221,1.2307692307692308,0.03308825726811422,657,You just have to face it: every western song lyric has already been sung
3656,4501,5,35,155,195,1.2307692307692308,0.03434188661377082,657,"She wouldn’t allow guitar playing or truck driving, and she tried to make you to become a doctor or lawyer?"
6250,4501,9,33,179,221,1.2307692307692308,0.034308941102092885,657,"Uh huh, so it was your mother who gave you that guitar."
5947,4501,8,35,178,221,1.2307692307692308,0.033704125923896856,657,But what if my lil' doggies just won't get along?
3174,4501,6,39,176,221,1.2307692307692308,0.032460705996449485,657,When do you first recall lamenting the demise of the chuck wagon?
4468,4501,12,24,172,208,1.2307692307692308,0.037616126686294285,657,"Doc, my last shrink described my condition as ""Johnny One-Note""."
1514,4501,6,39,176,221,1.2307692307692308,0.032460705996449485,657,"Frankly, you’re not the one with the problems here."
1407,4501,8,29,158,195,1.2307692307692308,0.03657826483731444,657,"When I said, ""Next week we'll role play early influence"", I was thinking rabbis."
1069,4501,10,28,170,208,1.2307692307692308,0.0363602904287635,657,"Feeling down about being shunned by your hombres because you play so badly, I can understand.  How you can play so badly, I can't."
806,4501,8,32,168,208,1.2307692307692308,0.03505949875923386,657,"So, tell me again why you think you’re Jimi Hendrix reincarnated, Tex?"
412,4501,7,37,177,221,1.2307692307692308,0.03308825726811422,657,How did you lose your farm Old McDonald?
2366,4501,6,33,156,195,1.2307692307692308,0.03510318034449726,657,Sounds pretty lonesome in the saddle.
4667,4514,10,36,197,243,1.2304526748971194,0.0327555916795324,657,It’s perfectly healthy for a grown man to croon when he’s upset.
57,4515,8,37,185,230,1.2304347826086957,0.03283542467184299,657,I’m afraid it won’t bring your dog back.
365,4516,10,30,177,217,1.2304147465437787,0.035321911789760116,657,"So, first you were a Shaman; then you were an Astronaut."
4212,4516,8,34,175,217,1.2304147465437787,0.03409250148445227,657,"Please stop calling me Doc Holliday, Jeremy."
7082,4516,7,36,174,217,1.2304147465437787,0.033460861614119757,657,"Do you know ""Free Bird""?"
6728,4519,10,27,167,204,1.2303921568627452,0.03682944491617082,657,Now let's create a bridge.
6509,4519,4,39,161,204,1.2303921568627452,0.03265940801648323,657,How about you just tell me about your mama
4712,4519,4,39,161,204,1.2303921568627452,0.03265940801648323,657,So you are saying you want to be a real cowboy's sweetheart...
3765,4519,7,33,164,204,1.2303921568627452,0.034806931384570444,657,Having difficultly putting your feelings into words?... Try strumming your pain with your fingers!!
1130,4519,8,31,165,204,1.2303921568627452,0.03549391007695851,657,"If you'll excuse me for a moment, I jist got a hankerin' for a mess o' beans aroun' the far."
5424,4524,7,30,154,191,1.2303664921465969,0.03631703969807826,657,"Don’t worry  even Jimi Hendrix played lefthanded.  But, have you considered consulting an audiologist?"
910,4525,6,40,180,226,1.2300884955752212,0.03198924297752439,657,Tell me more about your little dogie.
1788,4525,6,40,180,226,1.2300884955752212,0.03198924297752439,657,"The melody I recognize as Dylan’s. But which of your other personas wrote the lyrics—Peter, Paul or Mary?"
185,4527,8,33,172,213,1.2300469483568075,0.03449382777714818,657,"Yes, I like ""Happy Trails"" too, but let's git along to your repressed feelings about little dogies."
360,4527,4,41,168,213,1.2300469483568075,0.03182232776094759,657,"Strum me your pain with your fingers,
Sing me your life with your words ."
1552,4527,7,35,171,213,1.2300469483568075,0.033845727235073016,657,"You have what we call Gary Larson syndrome, but with my help you'll come out on the far side alright."
3469,4527,8,33,172,213,1.2300469483568075,0.03449382777714818,657,You might want to consider our left-handed guitar playing Manhattan cowboy group.
4986,4527,8,33,172,213,1.2300469483568075,0.03449382777714818,657,"here's the painful truth:  you don't look like  a cowboy, you don't sing like a cowboy...but you do smell like a cowboy"
1050,4532,9,28,163,200,1.23,0.03663619870123513,657,"""Dammit, Willie, if you want me to keep explaining your feelings, you gotta make me a co-writer."""
3340,4532,3,40,157,200,1.23,0.03225993672634744,657,"I hear the problem ""It's the singer not the song""."
3090,4534,8,38,189,235,1.2297872340425533,0.03236214467715558,657,"Just so you know, this session is copyrighted"""
4140,4534,9,36,190,235,1.2297872340425533,0.0329192748589843,657,Your Home on the Range is conflicted with your Old Kentucky Home
1324,4534,11,32,192,235,1.2297872340425533,0.03400616349301651,657,"Your main squeeze eloped with your pard, your pickup died and the Whiskey River cut you off at 8:30. How does that make you feel?"
5831,4534,11,32,192,235,1.2297872340425533,0.03400616349301651,657,"Well, not everyone can be Willie."
4018,4538,7,37,178,222,1.2297297297297298,0.032955272312217204,657,Would you be more comfortable bringing your gun?
3565,4538,11,29,182,222,1.2297297297297298,0.035342735600980134,657,I see by your outfit that you are a cowboy and I would appreciate it if you would keep your dirty boots off my clean couch.
1292,4540,8,32,169,209,1.229665071770335,0.03490881325396947,657,"So, the mental health problem has finally reached the West, huh?"
1687,4540,8,32,169,209,1.229665071770335,0.03490881325396947,657,"Well Tex, technically Flatbush is not West Brooklyn."
2539,4540,6,36,167,209,1.229665071770335,0.03356504123180139,657,"After you told your dad you wanted to be a rock star, tell me what he said."
4392,4540,6,36,167,209,1.229665071770335,0.03356504123180139,657,Sing the part again where conflicted you rides off into the sunset and leaves Becky behind.
6215,4540,5,38,166,209,1.229665071770335,0.03287256253988323,657,I just really think you should focus on your own role in why the relationship ended.
752,4545,3,39,154,196,1.2295918367346939,0.03261993020928587,657,"So, your mama wouldn't let pick guitars or drive them old trucks. How did that make you feel?"
6062,4545,8,29,159,196,1.2295918367346939,0.03641020414176028,657,"Blake, I think you are beating a dead horse...We're done here for today!"
6812,4545,7,31,158,196,1.2295918367346939,0.035684371115201986,657,How long have you been fretting about
6086,4548,10,36,198,244,1.2295081967213115,0.03263474110595432,657,"Well, Doc,  'I'm a Lonesome Cowboy' ..."
1568,4549,9,35,187,231,1.2294372294372293,0.03327865650425441,657,Stop! I told you there would be no bartering for services.
4198,4549,6,41,184,231,1.2294372294372293,0.031536303382213304,657,"Well Mr. Nelson, the 'Road' obviously represents your childhood."
1635,4551,7,36,175,218,1.2293577981651376,0.033323783875204877,657,Have you considered a more upbeat genre?
1644,4551,6,38,174,218,1.2293577981651376,0.03268327762963374,657,And how long have you had this feeling of being strummed by a left-handed cowboy?
2247,4551,9,32,177,218,1.2293577981651376,0.03456921234353857,657,Your left-handedness speaks volumes.
4875,4551,11,28,179,218,1.2293577981651376,0.03577130571203621,657,Someone already wrote Home on the Range.
6737,4551,9,32,177,218,1.2293577981651376,0.03456921234353857,657,"And because you so frequently use the word “lonesome,” I believe an anti-depressant might help alleviate your aliena—um, “spur” your social life."
3703,4556,5,37,163,205,1.2292682926829268,0.03324632004242038,657,"Yes, I too was born under a wand'rin' star..."
2617,4556,4,39,162,205,1.2292682926829268,0.032519129581081996,657,I would say your a little bit country...
590,4556,4,39,162,205,1.2292682926829268,0.032519129581081996,657,Tell me more about the roaming buffalo...
5178,4556,5,37,163,205,1.2292682926829268,0.03324632004242038,657,"And how did you *feel* when your dog died, your truck broke down, and your wife left you?"
84,4556,6,35,164,205,1.2292682926829268,0.03395794169284829,657,Sing the chorus again and I've got your diagnosis.
3742,4556,9,29,167,205,1.2292682926829268,0.0360085243653556,657,"As a new patient, Mr. Matthews, I've gone along with your little charade, but now it's time to put that pad down and discuss your control issues..."
472,4556,9,29,167,205,1.2292682926829268,0.0360085243653556,657,It all started when I got a pickup truck
5770,4556,7,33,165,205,1.2292682926829268,0.03465495363821348,657,"Yes, Tom Dooley has a nice ring to it."
1961,4564,8,39,193,240,1.2291666666666667,0.03190702839784435,657,So you feel like a fumbling Tumble Weed.
5022,4565,5,42,180,227,1.2290748898678414,0.031246412051442008,657,"The lyrics of the one song you play, Wyatt, suggest a real longing for home."
1691,4566,7,35,172,214,1.2289719626168225,0.03370434583504746,657,So you're a lefty ? Is THAT the issue here?
1878,4566,6,37,171,214,1.2289719626168225,0.03304702648029771,657,Would you play the refrain again?
4578,4566,8,33,173,214,1.2289719626168225,0.03434908873823968,657,Good thing you've come for a tune up. You sound a bit flat.
6997,4566,8,33,173,214,1.2289719626168225,0.03434908873823968,657,So you feel your wife is too high-strung?
299,4570,4,38,159,201,1.228855721393035,0.03288478183017063,657,"Yes, we’ve established that you were born under a bad sign. Could we work through some of the later stages now?"
4487,4570,7,32,162,201,1.228855721393035,0.03508080112199839,657,"Do I hear you saying that the little dogies should realize 
it’s their misfortune and none of your own?"
6077,4572,6,42,188,236,1.228813559322034,0.031100754045694543,657,That's not an anxiety dream. You're just imagining yourself as the Times Square Cowboy.
6434,4573,10,31,182,223,1.2286995515695067,0.034620345352478404,657,When did you first suspect the deep state was out to get you?
6897,4573,11,29,183,223,1.2286995515695067,0.03519896952842554,657,You are really out of tune
4759,4573,7,37,179,223,1.2286995515695067,0.03282332831555023,657,"So then why do you feel that you must follow ""The Sad, Lonely Trail?"""
4043,4573,10,31,182,223,1.2286995515695067,0.034620345352478404,657,I suggest you try the Blues for depression.
594,4577,9,30,171,210,1.2285714285714286,0.035408809781956624,657,Surely one of your ex’s lives in New Mexico!
5401,4577,8,32,170,210,1.2285714285714286,0.034759392163179276,657,I don’t think I can help you unless I get a turn with the guitar.
2824,4579,4,37,156,197,1.2284263959390862,0.03326278445592375,657,"I'm sorry to tell you Wayne, you can't Blame it ALL on the Bossa Nova."
3711,4579,6,33,158,197,1.2284263959390862,0.03478516303179537,657,"Hot damn, that thar be the key we been lookin' for."
5706,4579,8,29,160,197,1.2284263959390862,0.03624365192052153,657,Und zo...you gaze at ze moon oontil you lose your zenzes?
5915,4579,6,33,158,197,1.2284263959390862,0.03478516303179537,657,"Sixteen gamblers or six jolly cowboys to carry your coffin. Are you anxious you might make the ""wrong"" choice?"
4812,4583,8,34,177,219,1.2283105022831051,0.033813043569266774,657,"And for the lonesomeness I'm going to recommend that you take one of these, twice a day."
1735,4583,2,46,171,219,1.2283105022831051,0.029865881934563913,657,And how was your home on the range life?
3675,4583,8,34,177,219,1.2283105022831051,0.033813043569266774,657,Most of my patients are trying to get the blues.
5361,4586,6,30,148,184,1.2282608695652173,0.03631790690922581,657,"Clyde,do you think you might be projecting a bit onto the little dogie?"
1190,4587,9,29,168,206,1.2281553398058251,0.03585057889797684,657,"Hmmm... you are a lone cowboy from the Rio Grande. And, how do you feel about that?"
5020,4587,8,31,167,206,1.2281553398058251,0.03518386434748353,657,I told you last week I’m not good at name that tune.
2597,4587,5,37,164,206,1.2281553398058251,0.03310325089365549,657,Enough Vienna Waltz's. How about a nice John Denver piece?
605,4587,5,37,164,206,1.2281553398058251,0.03310325089365549,657,"That's good you were home on the range; now tell me about the cows, and the boys"
6793,4591,9,34,185,228,1.2280701754385965,0.03351648545224776,657,"I can understand .....""where the Deer and the Antelope play but ... never hear a discouraging word"" is a bit too much."
2715,4591,7,38,183,228,1.2280701754385965,0.03234299107603073,657,"Ya, so this Country unt vestern is your happy place."
186,4591,11,30,187,228,1.2280701754385965,0.0346502600624767,657,"Being a left handed  guitar playing cowpoke is not anything special, so take off your boots before you get on my couch."
87,4594,5,34,154,193,1.2279792746113989,0.034446380166442664,657,Have you tried singing about a truck yet?
298,4594,8,28,157,193,1.2279792746113989,0.03672152236790695,657,I'd like to go back to when you sang 'The coyotes howl...'. Why do you think they do that?
4604,4594,6,32,155,193,1.2279792746113989,0.03522109414427136,657,And how would you say that made you feel — right lonesome or terrible catawampous?
205,4597,9,31,175,215,1.2279069767441861,0.03483514693927238,657,I'm just afraid I'll fall off the wagon again
6649,4598,8,38,191,237,1.2278481012658229,0.032117626274934974,657,I heard no request for an encore.
5467,4599,7,32,163,202,1.2277227722772277,0.034925082716716745,657,"Nonetheless, she maintains that your truck is sexy. Please continue."
493,4600,7,37,180,224,1.2276785714285714,0.03269241348212413,657,"No, I did not mean to say I will analyze for a song."
2375,4600,9,33,182,224,1.2276785714285714,0.0338949962838915,657,How long have you perceived the long trail as lonesome?
6168,4600,9,33,182,224,1.2276785714285714,0.0338949962838915,657,"Strumming Willie Nelson's ""Crazy"" over and over again won't improve your view of the world."
1948,4603,5,38,168,211,1.2274881516587677,0.032596425267238174,657,Back in the saddle again...
6234,4603,8,32,171,211,1.2274881516587677,0.0346112200635176,657,"So let me understand this...when you were back home on the range, your hate for Hoofed animals developed as you had to do all the work, while the deers and the antelopes got to play?"
2231,4603,8,32,171,211,1.2274881516587677,0.0346112200635176,657,"Oh, I see you've overcome your infatuation with Susanna. That was so aggrivating."
582,4603,9,30,172,211,1.2274881516587677,0.035257241700291535,657,Sing to me about your mother.
4115,4607,3,47,183,233,1.2274678111587982,0.029469247486881824,657,Your PTSD may be based on your home on the range.
6144,4607,11,31,191,233,1.2274678111587982,0.03412368520290112,657,"I'm not the best judge of country western, but it's music to my ears that you dumped that floozy."
6663,4607,12,29,192,233,1.2274678111587982,0.034661571803290214,657,"Pondering if your partner left you to live south of the Ponderosa, does not justify supporting the border wall."
5403,4610,8,34,178,220,1.2272727272727273,0.03367499156339309,657,This is my magic carpet and we're not going to Nashville!
3296,4610,7,36,177,220,1.2272727272727273,0.0330528978514666,657,Let's try that again in a major key.
3501,4610,9,27,162,198,1.2272727272727273,0.036782315162726294,657,"Try to develop a brooding melancholy, and your career will pick up."
4922,4610,4,37,157,198,1.2272727272727273,0.03311446653629914,657,Tell me more about your childhood home on the range.
6095,4610,14,27,201,242,1.2272727272727273,0.03476789154325339,657,It sounds like being in the spotlight may be causing you to fret.
575,4615,9,34,186,229,1.2270742358078603,0.033384663153796006,657,How long have you had this cowboy poet writer's block?
5450,4616,7,33,167,207,1.2270531400966183,0.03435486299224141,657,Playing left-handed is not a complex per se.
4176,4616,9,29,169,207,1.2270531400966183,0.03569398887468977,657,"I understand that you are an old cowhand, but do you have to keep playing it over and over?"
3411,4616,8,31,168,207,1.2270531400966183,0.0350308253756756,657,Let's stay with it. They say this is how Simon and Garfunkle got their start.
3053,4616,7,33,167,207,1.2270531400966183,0.03435486299224141,657,When did you first start thinking Reba McEntire is somehow keeping you from getting an Academy of Country Music Award?
4293,4620,11,32,195,238,1.226890756302521,0.0336178772385935,657,Sounds to me like you are out of tune with yourself.  How would you feel about trying silent meditation?
5845,4620,5,44,189,238,1.226890756302521,0.030288914553858987,657,"If you are so upset that cowboys are being replaced by drones, maybe you should write a song about it."
6364,4620,7,40,191,238,1.226890756302521,0.03143776052102039,657,"Mr. Taylor, if you think that cowboy song is going to work you are crazy."
6855,4623,8,33,175,216,1.2268518518518519,0.03406315360711502,657,"And how am I to interpret ""Yippee-Ki-yi-yay, little dogie""?"
392,4623,6,37,173,216,1.2268518518518519,0.0327744685599894,657,When did you start obsessing about lonesome prairies?
543,4623,11,27,178,216,1.2268518518518519,0.03590957254090031,657,It's perfectly normal to NOT feel ready for some football
1600,4623,5,39,172,216,1.2268518518518519,0.03211073756944309,657,"No, ""G"" is too upbeat for this song. Try using ""D""."
2523,4623,14,21,181,216,1.2268518518518519,0.03766558597019898,657,You deserve to be heard
3363,4623,6,37,173,216,1.2268518518518519,0.0327744685599894,657,"And how did it make you feel when your father said ""NO MORE HOME ON THE RANGE!"""
5383,4623,6,37,173,216,1.2268518518518519,0.0327744685599894,657,"So you had a happy childhood, and life so far, but you want to find some angst so you can write and sing country music?"
5272,4630,7,30,157,194,1.2268041237113403,0.035812476596306965,657,"Folk, Americana, Alt-Country--You're going to have to decide."
296,4631,10,31,184,225,1.2266666666666666,0.034341885204005315,657,You have what we call Westworldophobia..
429,4631,7,37,181,225,1.2266666666666666,0.03256251618529287,657,I recommend NOT falling in love with a horse.
2699,4631,8,35,182,225,1.2266666666666666,0.033166247903554,657,I can name that tune in three cognitive neuroses.
2831,4631,7,37,181,225,1.2266666666666666,0.03256251618529287,657,And howdy feel about that?
3586,4631,8,35,182,225,1.2266666666666666,0.033166247903554,657,"OK, OK, but what about your father."
737,4636,5,36,162,203,1.2266009852216748,0.03333850258729071,657,So; just when did your little doggie git along?
6837,4636,7,32,164,203,1.2266009852216748,0.03477071260767667,657,"I understand you're depressed, but the best way to get to Carnegie Hall requires practice, practice, practice."
3164,4638,7,39,188,234,1.2264957264957266,0.031759860231200726,657,"Cowboy: ""So you charge to listen, and I charge for people to listen.""
""So what do we do Doc?"""
3628,4638,6,41,187,234,1.2264957264957266,0.031177015280322917,657,"Hey, I can't fence you in..."
5062,4638,6,41,187,234,1.2264957264957266,0.031177015280322917,657,"According to the Diagnostic and Statistical Manual No. 5, you’re suffering from a narcissistic personality disorder, pard."
6388,4641,6,36,170,212,1.2264150943396226,0.0331415943307703,657,"So you want me to call you Willie, but you still deny that CBD oil has any side effects?"
1785,4641,7,34,171,212,1.2264150943396226,0.033809406921985384,657,Gentle weeps are completely normal.
2556,4643,10,35,198,243,1.2263374485596708,0.03261428315406415,657,"It's bad enough I have to listen to people bitch all day, now I got to listen to your country western bullshit?"
6475,4644,7,29,154,190,1.2263157894736842,0.0362808827350786,657,"You're wrong, Reno, the obsessive singing of  western ballads is a condition thoroughly discussed in the latest Manual of Mental Disorders."
3032,4645,8,34,179,221,1.2262443438914028,0.033538040192769465,657,And how often do you have feelings that are not called the blues?
6413,4645,7,36,178,221,1.2262443438914028,0.03291906445691976,657,How do you feel about the range?
5431,4645,8,34,179,221,1.2262443438914028,0.033538040192769465,657,Just free associate the chords
6202,4648,7,43,202,252,1.2261904761904763,0.030309420269591335,657,Well it does sound like losing your baby was hard.
6146,4649,5,42,183,230,1.2260869565217392,0.030885752674367353,657,Let’s talk country.
3924,4649,10,32,188,230,1.2260869565217392,0.0338199810679919,657,And when I say 'full transparency' I don't mean naked cowboy.
2940,4651,4,39,165,208,1.2259615384615385,0.03210523608168506,657,"Juan, direction is hard to find but it comes from within"
2974,4651,10,27,171,208,1.2259615384615385,0.03618636461855022,657,"Stop, you’re making me cry"
5645,4651,6,35,167,208,1.2259615384615385,0.03352086589985471,657,Perhaps it’s time to talk about the cattle you rustle from yourself.
5928,4651,8,31,169,208,1.2259615384615385,0.03487908710805592,657,And how did it make you feel when she told you she thinks your tractor’s sexy?
5999,4655,8,33,176,217,1.2258064516129032,0.03392192949319383,657,Not all of your problems can be solved by writing a song about it.
6929,4655,9,31,177,217,1.2258064516129032,0.03454514000621969,657,And how does your guitar feel about your mother?
6819,4655,8,40,200,248,1.2258064516129032,0.031128181319956046,657,Why don’t you sing me one about your mother instead.
5016,4655,8,33,176,217,1.2258064516129032,0.03392192949319383,657,"Sir, your psychological problem is simply playing the wrong notes."
5101,4655,7,35,175,217,1.2258064516129032,0.033287053084241416,657,How does Your mama’s failure to not let her baby grow up to be a cowboy make you feel?
3721,4655,10,29,178,217,1.2258064516129032,0.03515730500987565,657,"So, as I understand it, you gazed at the moon till you lost your senses?"
2739,4655,11,27,179,217,1.2258064516129032,0.03575899177920897,657,"I know it’s very depressing, Willie, now that weed is legal in most states."
1365,4655,11,27,179,217,1.2258064516129032,0.03575899177920897,657,Tell me again about your lonesome doggy.
4464,4655,9,31,177,217,1.2258064516129032,0.03454514000621969,657,Let’s explore why you keep repeating yippie kai yay.
1,4664,11,29,186,226,1.2256637168141593,0.03477449489823387,657,"Robert, I thought we agreed that going by ‘Beto’ was far enough."
2165,4664,8,35,183,226,1.2256637168141593,0.03303439715103498,657,How long have you thought  this guitar was your mother ?
2313,4664,8,35,183,226,1.2256637168141593,0.03303439715103498,657,‘The stars at night are big and bright...” Then what?
2852,4664,7,37,182,226,1.2256637168141593,0.032433624964954395,657,Mindfulness meditation is gaining popularity in the West.
4531,4664,9,33,184,226,1.2256637168141593,0.03362443697517184,657,Try an E-minor in the segue.
1695,4669,7,30,158,195,1.2256410256410257,0.035647329318535786,657,"Nowadays, I'm too happy to write sad country songs."
6652,4669,5,34,156,195,1.2256410256410257,0.034132036261168563,657,"O.K, so at the end of our last session you were telling me about a recurring dream you had: you were being taunted by deer and buffalo, and you were homeless. That sound about right?"
5074,4671,10,33,192,235,1.225531914893617,0.03331882076621419,657,Now can you play a song that will soothe my anxiety?
2925,4672,7,32,165,204,1.2254901960784315,0.03461767384615678,657,Some Eastern thought might change your tune.
4804,4673,5,38,170,213,1.2253521126760563,0.03232477398511408,657,This is the tune I composed when my wife left me.
4409,4673,10,28,175,213,1.2253521126760563,0.03558574892329355,657,So you say you can't stop fiddling with your pistol...
2558,4673,8,32,173,213,1.2253521126760563,0.03431856234072891,657,I think we've gone as far as we can with music therapy. It's time to give up neigh-saying and get back in the saddle again.
241,4676,10,30,182,222,1.2252252252252251,0.03460108237508516,657,"Andy, please, let's work on this block again.  It's ""Guantanamera,""  not ""One ton of mierda!!!!!"""
1469,4676,7,36,179,222,1.2252252252252251,0.03278628770669425,657,And  when did you know you really wanted a gun??
5385,4676,8,34,180,222,1.2252252252252251,0.03340217669903011,657,Have you given any thought to switching to playing the drums?
6647,4676,9,32,181,222,1.2252252252252251,0.034006913339500976,657,"OK,I get it about Ol' Red,but now let's talk about your mother."
6707,4676,10,30,182,222,1.2252252252252251,0.03460108237508516,657,"Really?
""miss my beers,
and your brassieres"""
4459,4681,3,37,151,191,1.225130890052356,0.03291620821051659,657,"How do you feel about ""The Streets of Loredo""?"
5523,4682,11,30,190,231,1.225108225108225,0.034241635432736804,657,Please! If you don’t stop singing these sad-ass songs I’m going to have to charge you double.
561,4682,3,46,182,231,1.225108225108225,0.029518493692486627,657,And how did being in a posse make you feel?
1976,4682,3,46,182,231,1.225108225108225,0.029518493692486627,657,Men always have a hard time expressing themselves...
6368,4682,9,34,188,231,1.225108225108225,0.033124048141790964,657,When did you first become convinced that you were a member of ZZ Top?
5949,4686,7,40,193,240,1.225,0.031203766357084266,657,My colleagues concur that every good boy does not do fine.
5063,4686,8,38,194,240,1.225,0.03175755875936081,657,"When your dog done died, how did they make you feel?"
2108,4686,4,37,159,200,1.225,0.032821659106947405,657,"'Take Me Home, Country Roads' is a psychological crutch, Hank!"
3884,4686,6,33,161,200,1.225,0.03431856376795913,657,Do you know anything besides lonesome cowboy?
5902,4690,7,42,200,249,1.2248995983935742,0.030489598215328536,657,And how do you “feel” down on the range?
5344,4691,7,33,169,209,1.2248803827751196,0.034059820265166275,657,"Yes, yes, the home where the buffalo roam, but can you say more about how your 3rd story walk-up makes you feel?"
2424,4691,10,27,172,209,1.2248803827751196,0.03602903317267078,657,"Number one: you’ re playing the guitar left-handed.  Two: get your boots off
My couch.  Three: you’re a sad excuse for a white guy.  Now play!"
3612,4691,6,35,168,209,1.2248803827751196,0.03337760823578343,657,Tell me more about a home where the buffalo roam....
4009,4691,9,29,171,209,1.2248803827751196,0.035384807564877586,657,That's my rate for psychoanalysis.  A neck re-set is a flat $200.
2637,4695,9,31,178,218,1.224770642201835,0.034401908099037905,657,Let's work on refrain.
2534,4695,8,33,177,218,1.224770642201835,0.03378184935300319,657,It is seems that you are fixated on someone with blue eyes crying in the rain.
2807,4695,3,43,172,218,1.224770642201835,0.03049301018234777,657,Ok Doc what do I do about “All The Girls I’ve Loved Before?” They’ve “Traveled In and Out My Door”!
5906,4695,7,35,176,218,1.224770642201835,0.03315019472889043,657,Sing me about your childhood.
2063,4695,6,37,175,218,1.224770642201835,0.0325062682481042,657,Before you discuss your mother lets establish that your music sucks.
4752,4695,5,39,174,218,1.224770642201835,0.03184932558582772,657,"No,I don't accept a ballad as payment"
6353,4701,11,29,187,227,1.224669603524229,0.03463523401270583,657,"So George, your Mama wanted you to grow  up to be a doctor or lawyer, how did that make you feel?"
3608,4701,8,35,184,227,1.224669603524229,0.032903570177371666,657,"So, the pick’n is’t grin’n anymore?"
3250,4701,8,35,184,227,1.224669603524229,0.032903570177371666,657,"And now, play me a tune about your earliest remembrances of your mother."
289,4701,7,37,183,227,1.224669603524229,0.03230572852479879,657,You say you can't write a good country song because your father never owned a pickup truck. Let's examine that...
1829,4701,9,33,185,227,1.224669603524229,0.033490741486513056,657,Of course I'm interested in hearing another hurtin' song about your horse.
5309,4706,5,32,150,187,1.2245989304812834,0.03498311318711493,657,"Where seldom is heard, a discouraging word."
3344,4707,8,37,191,236,1.2245762711864407,0.03208621230876421,657,How long have you been playing this way
3697,4708,6,32,158,196,1.2244897959183674,0.03473848211575666,657,I can't seem to strike the right chord.
491,4709,8,32,174,214,1.2242990654205608,0.0341740470543965,657,Interesting that all of your songs seem so be about your mother.
1699,4709,9,30,175,214,1.2242990654205608,0.03481009136809453,657,‘’What does a cowboy want?’’
2100,4709,10,28,176,214,1.2242990654205608,0.03543472068514259,657,"You  dream  of having a small  gun and firing involuntarily, carry  on"
2790,4709,8,32,174,214,1.2242990654205608,0.0341740470543965,657,What makes you want to wear a turban instead of your 12 gallon hat?
3973,4709,5,38,171,214,1.2242990654205608,0.032190597775424386,657,"What rhymes with Freud, Slim?"
3468,4714,9,32,182,223,1.2242152466367713,0.03386913465073005,657,"I would suggest that buried deep within your subconscious, there are primal, animalistic urges in direct conflict with the ‘Good Guy’ archetype."
4282,4714,5,40,178,223,1.2242152466367713,0.03139302004963292,657,You have a clear case of sado-mariachi disorder.
3740,4714,11,28,184,223,1.2242152466367713,0.0350416405019171,657,Do you know the Vienna Waltz?
1103,4714,5,40,178,223,1.2242152466367713,0.03139302004963292,657,"Hey, if it helps with your stuttering..."
4861,4718,11,30,191,232,1.2241379310344827,0.03410752701028626,657,"Yes, it's your sad song, but I deserve a co-writer credit."
4960,4719,6,42,193,241,1.2240663900414939,0.0305268443351912,657,"You really miss the ""Sons of the Pioneers"" don't you?"
6838,4719,9,36,196,241,1.2240663900414939,0.03218109172944603,657,Play the one about the pony that abandoned you.
3778,4721,5,33,154,192,1.2239583333333333,0.03438954026396121,657,"Play me the one about you and your Mom again, Ernie."
3824,4721,5,33,154,192,1.2239583333333333,0.03438954026396121,657,"“After that disturbing little ditty, your prescription  for psychiatric medicine goes a little something like this...”"
1952,4723,4,37,160,201,1.2238805970149254,0.03267713805706075,657,We’ll never make any progress with your mood disorder if you keep singing the same old lonesome cowboy songs.
3797,4724,5,37,168,210,1.223809523809524,0.032542785122729456,657,Sing me your blues!
3339,4724,4,39,167,210,1.223809523809524,0.03183495558223764,657,That's music to my ears.
4937,4724,10,27,173,210,1.223809523809524,0.035873042757056904,657,And on the farm he had a divorce - ee-ii-ee-ii-oh
4366,4724,10,27,173,210,1.223809523809524,0.035873042757056904,657,Whoopee ti yi OCD.
3335,4728,8,33,178,219,1.2237442922374429,0.03364289970070311,657,"I think we've established that you're a lonesome cowboy. I'm going to prescribe an anti-depressant, but next week we need to sing about any dreams you've been having."
2764,4728,8,33,178,219,1.2237442922374429,0.03364289970070311,657,"That's the key of F minor, which is a clear indication of an Oedipus complex."
2079,4728,5,39,175,219,1.2237442922374429,0.031720170151303705,657,Your guitar needs tuning.
1931,4731,6,39,183,228,1.2236842105263157,0.03157266727877912,657,That's the craziest song I ever heard!
6194,4731,6,39,183,228,1.2236842105263157,0.03157266727877912,657,"So, what makes you think that you could just strum your way through life?"
6678,4731,6,39,183,228,1.2236842105263157,0.03157266727877912,657,I can cure your itchy trigger finger but your strumming technique is beyond help.
5644,4734,8,37,192,237,1.2236286919831223,0.03196458902934004,657,Sometimes Bob Seger is just Bob Seger
4222,4735,8,39,199,246,1.2235772357723578,0.031209045380535098,657,"I know it's disheartening but focus on his throwaway line ""And some, I assume, are good people."""
1263,4736,6,32,159,197,1.2233502538071066,0.034580475757988,657,"I’m not an old cow hand, nor am I from the Rio Grande."
3529,4736,7,30,160,197,1.2233502538071066,0.03532147607819449,657,I understand you're a man of constant sorrow. Can you tell me what lead to you're breakdown last week on Foggy Mountain?
4016,4738,8,30,168,206,1.2233009708737863,0.0349987839644662,657,So you had issues performing as A minor?
2270,4738,6,34,166,206,1.2233009708737863,0.033618380169120235,657,And how long has it been since they rejected you for that role?
4451,4738,3,40,163,206,1.2233009708737863,0.03143431873767391,657,How long have you been depressed over being a Lone Cowhand from the Rio Grande?
4418,4741,5,38,172,215,1.2232558139534884,0.032057504071169356,657,And how did you feel on that lonesome road?
4341,4741,8,32,175,215,1.2232558139534884,0.03403072142428201,657,"Ok, how about this; 
Drunk agin, sittin’ in my ol’ pickup,
 Waitin’  fer anuther chance to see that red haired gaaaaal."
3328,4741,8,32,175,215,1.2232558139534884,0.03403072142428201,657,"Tell me Mr. Gluck,
Who recommended me to you?"
1512,4744,10,30,184,224,1.2232142857142858,0.03432078836710031,657,If you love it you would put a string on it.
5354,4744,6,38,180,224,1.2232142857142858,0.03190239437004054,657,(Singing Together): ... “it’s your misfortune and none of my own..”
5504,4744,10,30,184,224,1.2232142857142858,0.03432078836710031,657,The 'Ballad of the Stinkin' Shrink' you say?
6773,4744,8,34,182,224,1.2232142857142858,0.03313366324963844,657,"I’d say you got the Free-range, Grass-fed, Milk Cow Blues!"
2966,4748,5,46,200,251,1.2231075697211156,0.029200768449097525,657,I believe the dealin' is indeed done.
4227,4749,11,21,161,193,1.2227979274611398,0.03867254680634383,657,"Now play ""Show me the way to go home."""
1251,4750,6,33,163,202,1.2227722772277227,0.034014244186295825,657,I don't accept payment in song.
4013,4750,9,27,166,202,1.2227722772277227,0.03612125107456791,657,"That second line was ""...from the Rio Grande..."", right ?"
3463,4750,10,25,167,202,1.2227722772277227,0.03679678568028704,657,At what age did you actually start singing redneck mother?
974,4750,5,35,162,202,1.2227722772277227,0.03328227982509544,657,"Have you considered, a little bit of Rock’n’Roll?"
2497,4754,8,31,172,211,1.2227488151658767,0.034431516874205786,657,Wait. Let me grab the world’s smallest violin.
2653,4754,7,33,171,211,1.2227488151658767,0.03376970263758899,657,"You were drunk the day your mom got out of prison, and then she was run over by a train?""  ""This is difficult to believe."""
5289,4754,7,33,171,211,1.2227488151658767,0.03376970263758899,657,We just need to find a way for you to channel your depression.
790,4754,7,33,171,211,1.2227488151658767,0.03376970263758899,657,"Down in the Valley"" won't help."
2882,4754,7,33,171,211,1.2227488151658767,0.03376970263758899,657,And what happens when you play the song backwards?
1419,4759,5,39,176,220,1.2227272727272727,0.0315920327050209,657,"To pick up where we left off - something about beer, something about trucks, a key change..."
6786,4759,10,29,181,220,1.2227272727272727,0.034721917177924666,657,"Well Mr. McCartney, when did you think you wanted to be a country singer?"
1436,4759,8,33,179,220,1.2227272727272727,0.03350506725378178,657,"Yeah, Slim, Dick Dale played left handed too.  But not  Country and Western!"
347,4759,10,29,181,220,1.2227272727272727,0.034721917177924666,657,"Buck, if you sing ""I'm So Lonesome I Could Cry"" again, I'm going to smash your guitar to bits."
2363,4763,10,31,188,229,1.222707423580786,0.033797972507723054,657,I think it’d be best for both you and me if you stuck to the clarinet.
2453,4763,9,33,187,229,1.222707423580786,0.03322645896299922,657,"So, you think you’re a singing cowboy? No problem. We’ll diagnose that as Gene Autry Derangement Syndrome."
3598,4763,9,33,187,229,1.222707423580786,0.03322645896299922,657,"Your compulsive playing of the ""Stairway To Heaven"" introduction has become totally annoying."
2826,4766,11,31,196,238,1.2226890756302522,0.03347242873315038,657,"I swere, if you start yodelihg, this session will be over."
4100,4767,6,34,167,207,1.2222222222222223,0.033472965520054576,657,"And what do you think, 'Get Along Little Doggies,' means?"
6675,4767,5,32,152,189,1.2222222222222223,0.0346524966926867,657,Let's try expressing your problem as a melancholy country western song.
5629,4767,6,36,174,216,1.2222222222222223,0.03259298410226055,657,Tell me about your early work.
5186,4767,10,32,192,234,1.2222222222222223,0.033296018633413034,657,It seems your inner-self wishes you not to remain an Astronaut
4292,4767,6,34,167,207,1.2222222222222223,0.033472965520054576,657,"...and after you hollered “git along little dogie”, did you feel a sense of release?"
4224,4767,6,36,174,216,1.2222222222222223,0.03259298410226055,657,"So, Doc, before we start this week...in your professional opinion, is George Conway right?"
2829,4767,5,38,173,216,1.2222222222222223,0.03192548027131494,657,"Before we got hitched, she vowed to give me a home where the buffalo roam, and where seldom is heard a discouraging word.  Guess what promise was hardest to keep Doc?”"
2249,4767,4,42,179,225,1.2222222222222223,0.030501395000913714,657,"Have you considered moving back the range, where never is said a discouraging word?"
334,4767,9,26,163,198,1.2222222222222223,0.03658996263865439,657,Tell me more about E Minor.
110,4767,6,34,167,207,1.2222222222222223,0.033472965520054576,657,Dylan went electric in 1965.
85,4767,4,44,186,234,1.2222222222222223,0.02980822396824556,657,How would you like to switch to banjo for today's session ?
3368,4767,2,46,177,225,1.2222222222222223,0.029171390396014463,657,"I hear what you're saying, but there's not much call for 'old cow hands' these days."
6121,4779,7,37,186,230,1.2217391304347827,0.03192789732272792,657,"Yes, tell me more about your mother and... Reno."
5104,4779,9,33,188,230,1.2217391304347827,0.033095848499796965,657,"My advice:  Stop singing ""Sound of Silence""  when you want to get out of your funk."
4002,4781,7,35,179,221,1.2217194570135748,0.032746155616469846,657,I fret that you may be over fretting.
2503,4781,7,35,179,221,1.2217194570135748,0.032746155616469846,657,I think I understand why people have always told you that you are overly picky.
4671,4781,5,39,177,221,1.2217194570135748,0.031464901670783835,657,Every instrument has a latency period.
4029,4781,6,37,178,221,1.2217194570135748,0.03211191947556354,657,We can take that up in group...
764,4781,7,35,179,221,1.2217194570135748,0.032746155616469846,657,How does your wife feel about this new persona?
6467,4781,6,37,178,221,1.2217194570135748,0.03211191947556354,657,I only turned my chair around because I think you need serious help...
741,4787,8,31,173,212,1.221698113207547,0.03428482302233505,657,I told your mother that she shouldn’t let her babies grow up to be cowboys
2498,4788,6,33,164,203,1.2216748768472907,0.03386405746062096,657,"Certainly, your repeated playing of The Great Pretender reveals your unconscious aggression toward therapy."
2734,4788,7,31,165,203,1.2216748768472907,0.03457669356571947,657,"The melody is Woody Guthrie’s. But which of your other personas wrote the lyrics—Liberace, Shirley Temple or Tiny Tim?"
1391,4790,5,33,156,194,1.2216494845360826,0.03407302294649959,657,If you can’t say it just play it
5696,4790,5,33,156,194,1.2216494845360826,0.03407302294649959,657,"So, how does strummin’ that thar gittar make you feel, podner?"
1128,4792,7,38,190,235,1.221276595744681,0.03147972702706344,657,Might this feeling our progress has leveled off suggest you're ready to try moving on to a cappella?
1201,4792,4,44,187,235,1.221276595744681,0.029696169219106505,657,Tell me again about how your mother made a mess of  your home on the range.
2675,4792,7,38,190,235,1.221276595744681,0.03147972702706344,657,"OK.  Now could you try ""Home on the Range""?"
4816,4792,9,34,192,235,1.221276595744681,0.032614624204041376,657,Tell me about your father's guitar.
6775,4792,7,38,190,235,1.221276595744681,0.03147972702706344,657,"Doc, I just don't know when to hold 'em, or when to fold 'em.""



By Lori Feldman, Coral Springs, F"
3843,4797,8,34,184,226,1.2212389380530972,0.032869352866511194,657,Cowboy Complex.
4596,4797,5,40,181,226,1.2212389380530972,0.03102257657848945,657,Could you say that again with a little less twang?
4419,4797,6,38,182,226,1.2212389380530972,0.03165014414395671,657,Have you tried expressing your problems with an electric guitar?
245,4797,11,28,187,226,1.2212389380530972,0.03461774773375953,657,"There are no snakes in your boot, Billy. It's only your imagination."
1492,4801,6,36,175,217,1.2211981566820276,0.0324585969418056,657,"It's not a plagiarism, if it's a medical record"
2466,4801,10,28,179,217,1.2211981566820276,0.03498911409943127,657,"Yes, so how did it feel to be poleaxed by that dadgummed Wells Fargo, yet again?"
3041,4801,4,40,173,217,1.2211981566820276,0.03111626135020686,657,"Was that in ""G"" for gloom or ""D"" for doom?"
4783,4804,5,36,167,208,1.2211538461538463,0.03262447330999004,657,"Doc, I'm a bit off key, wouldn't you agree?"
3222,4804,6,34,168,208,1.2211538461538463,0.03332877723772518,657,Tell me again how you felt about the lonesome prairie?
3906,4804,5,36,167,208,1.2211538461538463,0.03262447330999004,657,"And how did you feel about that long, dusty trail?"
5513,4807,7,30,162,199,1.221105527638191,0.03500141642732736,657,So the new version of A Star is Born was your idea?
5073,4807,7,30,162,199,1.221105527638191,0.03500141642732736,657,"My recommendation: Get a long, little doggie."
3171,4809,7,28,155,190,1.2210526315789474,0.03606817297101584,657,"If it had not been for 'Cotton-Eyed Joe,' you would have been married a long time ago?"
1311,4809,6,30,154,190,1.2210526315789474,0.03528765094094845,657,Have you tried a sexy young protégé who will outshine you in your decline?
3117,4811,9,33,189,231,1.2207792207792207,0.03296624323346394,657,"*strums*
“I call this, “Anhedonia Blues.”"
5255,4811,9,33,189,231,1.2207792207792207,0.03296624323346394,657,"Hm:
So in that dream you  fantisized you were Jimi Hendrix"
3310,4813,8,33,181,222,1.2207207207207207,0.03323270184113946,657,"So, you feel that impending deportation of your Mariachi group marks the end of a musical genre?"
858,4813,9,31,182,222,1.2207207207207207,0.03384046717037419,657,"Does 'mountain mama' make you feel angry, Jon?"
2277,4815,5,37,171,213,1.2206572769953052,0.03213444633245697,657,So.  It's the not lone prairie you're missing. It's that you have no horse and no school marm.
5355,4816,9,27,168,204,1.2205882352941178,0.03579941105424083,657,And what did you do after you woke to find you were la cucaracha?
5585,4816,10,25,169,204,1.2205882352941178,0.036467698199523405,657,So....  Tell me about your mother....
1627,4818,5,33,157,195,1.2205128205128206,0.033916891131751066,657,"I can assure you that everything you say here is held in strictest confidence Mr. McCartney...., er I mean Tex."
765,4819,9,36,200,245,1.220408163265306,0.03170676303370468,657,Do you think you're Crazy?
2463,4820,10,32,194,236,1.2203389830508475,0.0330399808298609,657,Is it possible that you were not born with a “geetar” in you hand?
604,4821,8,34,185,227,1.2202643171806167,0.032738743877667044,657,"No, I haven't seen Westworld. You should try Suits."
3925,4821,7,36,184,227,1.2202643171806167,0.03213783620264839,657,And what of your mama had not let you grow up to be a cowboy?
4636,4823,11,26,181,218,1.2201834862385321,0.03544452079610636,657,It appears that you are the one gently weeping....
3890,4823,7,34,177,218,1.2201834862385321,0.03297275108150708,657,Describe what this “sha-la-la-la-low” means to you...
6193,4825,6,34,169,209,1.2200956937799043,0.0331858003187843,657,"I wonder, are schizoid and Freud appropriate rhyming lyrics for a Country & Western song?"
5956,4825,3,40,166,209,1.2200956937799043,0.03103671161602408,657,I’d like to revisit the chorus
3083,4825,8,30,171,209,1.2200956937799043,0.03454432793826232,657,"yeah, my wife still loves me, and the tuck's runnin' fine"
2615,4825,5,36,168,209,1.2200956937799043,0.032485238460633635,657,"No matter how you dress it up, I've heard that sad song many times before."
2355,4825,7,32,170,209,1.2200956937799043,0.03387187576371019,657,I said ‘rift’ .
2725,4825,7,32,170,209,1.2200956937799043,0.03387187576371019,657,"...and your relationship with your Mother? Set to Home on the Range, of course."
1435,4831,4,36,160,200,1.22,0.032608535430383445,657,This hallucination that you are being buried on the lone prairie by deer and antelope saying discouraging words under cloudy skies--how long has it been going on?
2722,4831,5,34,161,200,1.22,0.03337016390723875,657,Another song about your father?
6382,4833,6,30,155,191,1.219895287958115,0.035121486557588316,657,"So, did you write a song about trucks, alcohol, or women this week?"
4780,4834,8,35,189,232,1.2198275862068966,0.032264393129719855,657,You have a song about your mother?
3281,4834,6,39,187,232,1.2198275862068966,0.031086219750182317,657,How can I help you say goodbye?
825,4836,9,31,183,223,1.2197309417040358,0.03370291134476669,657,"I analyzed Gene Autry, and you're no Gene Autry!"
6680,4836,7,35,181,223,1.2197309417040358,0.032482117326875254,657,"But whose blues are they, really?"
2969,4838,5,37,172,214,1.219626168224299,0.03200054917501381,657,And how long have you been having these feelings of abandonment?
2442,4838,7,33,174,214,1.219626168224299,0.03334350139773031,657,"And just how do you think an ornery cowpoke singin' ""Whoaaa, Nellie, My Barns On Fire"" makes her feel?"
953,4840,9,27,169,205,1.2195121951219512,0.035640599052223346,657,My last two patients said they have relationship issues. I'll send you the details you send me the demo.
1297,4840,7,31,167,205,1.2195121951219512,0.034272500426692845,657,"So, you're an old cow hand, from the Rio Grande.  You do know we are in actually in New York, right?"
2920,4840,6,33,166,205,1.2195121951219512,0.03356754798679552,657,"So when you sing ""my achy breaky heart,""  you're really talking about your father."
5425,4840,6,33,166,205,1.2195121951219512,0.03356754798679552,657,Ever thought of playing that in a major key?
6306,4844,9,34,194,237,1.219409282700422,0.03236564251614193,657,I keep telling you that I am not a secret agent for  'America's Got Talent' .
5697,4845,8,27,161,196,1.219387755102041,0.03601206500637452,657,"In light of her infidelity, I would propose the novelity of writing about her 'cheating heart.'"
620,4845,5,33,158,196,1.219387755102041,0.03376215269724013,657,"I see that she’s a ‘good-hearted woman’, but why does she call you ‘Lefty?’"
3938,4845,5,33,158,196,1.219387755102041,0.03376215269724013,657,"I'm sorry, but if you think you can ""sing the blues,"" 
I think you may need a lot more therapy."
4992,4848,6,38,184,228,1.219298245614035,0.031401766556553634,657,"Good morning, America.  How are you?"
2021,4848,5,40,183,228,1.219298245614035,0.030780319689844418,657,No worries. I'm sure I can get playing lefty as a covered condition under your plan.
3236,4850,9,23,155,187,1.2192513368983957,0.03791876380767664,657,"Did your dog die, did your wife leave you, do you love your pick-up?  If so, you are normal, no need to make another appointment."
2142,4851,7,34,178,219,1.2191780821917808,0.03283724048889631,657,"So, you're saying you're saying 
there's only two kinds of music in this world: 
Country and Western."
2604,4851,6,36,177,219,1.2191780821917808,0.03219305092165556,657,"So tell me Lefty, can you forgive your horse for running off with Poncho?"
2146,4853,6,27,145,178,1.2191011235955056,0.03670862147011238,657,So....Happy Trails To You isn’t solving your problems much....
6469,4854,9,28,173,210,1.2190476190476192,0.03505157139393447,657,"Yes, you CAN be an opera singer—and no, there's not an operation for that."
6857,4854,8,30,172,210,1.2190476190476192,0.03439540944025797,657,"I just can't stop feeling the blues."""
5142,4856,9,26,166,201,1.2189054726368158,0.03609280437237029,657,"So, when did you first start seeing these imaginary Deer and Antelope."
2620,4857,9,33,191,233,1.2188841201716738,0.032710003280689216,657,"Still got the blues, huh."
5820,4857,7,37,189,233,1.2188841201716738,0.031558627640104996,657,"On that note, let's talk a bit about your childhood."
4977,4859,8,33,183,224,1.21875,0.03296465078646237,657,I wanted to be a cowboy but my momma wouldn't let me.
5993,4859,9,31,184,224,1.21875,0.033566451083974276,657,"Look partner, this is talk therapy not sing therapy."
4492,4859,5,39,180,224,1.21875,0.031089433748062126,657,"I said I like “cigars”, not “guitars.”"
4353,4859,8,26,158,192,1.21875,0.036483645538755535,657,I'd lose the part about the butterflies.
6042,4859,8,33,183,224,1.21875,0.03296465078646237,657,"Play it again, Yosemite Sam."""
1038,4859,7,28,157,192,1.21875,0.03572840424623731,657,So your first memory is your mother urging you to grow up to be a cowboy.  Hmmm.
511,4859,11,27,186,224,1.21875,0.03473878973383622,657,I feel like the blues today doc.
322,4859,8,33,183,224,1.21875,0.03296465078646237,657,And how does singing dirty lyrics make you feel?
6159,4859,7,35,182,224,1.21875,0.03235165783347108,657,My horse left me!
2551,4859,5,39,180,224,1.21875,0.031089433748062126,657,I am not sure this will help you get back in tune with life.
6047,4859,9,31,184,224,1.21875,0.033566451083974276,657,Are you aware all your songs have jangling spurs in them?
2895,4870,6,35,174,215,1.2186046511627906,0.03254261125645246,657,Tell me more about these American Idol auditions.
2732,4870,6,35,174,215,1.2186046511627906,0.03254261125645246,657,Can we talk about your childhood? What was growing up like at home on the range?
184,4870,8,31,176,215,1.2186046511627906,0.03385201869378867,657,And when did your stepfather mosey on over?
1334,4870,4,39,172,215,1.2186046511627906,0.0311782604571287,657,Is your Unconscious singing or your Ego?
4067,4874,8,24,151,183,1.2185792349726776,0.03766786946606721,657,Does your dog bite?
1926,4875,6,40,192,238,1.218487394957983,0.030548489591594907,657,"And if she hadn't stomped your heart, what?"
2885,4875,6,40,192,238,1.218487394957983,0.030548489591594907,657,There is of course a wide range of diagnoses but I need to check with the antelope first.
688,4877,5,35,166,206,1.2184466019417475,0.03270499129224099,657,"How would you describe this ""home on the range?"""
1525,4877,6,33,167,206,1.2184466019417475,0.03342119316127865,657,"You are definitely crazy, but the guitar may keep you from going insane"
3684,4877,7,31,168,206,1.2184466019417475,0.03412236582098959,657,Tell me how you feel holding its neck and plucking at its vitals while you're singing about your momma.
4490,4877,6,33,167,206,1.2184466019417475,0.03342119316127865,657,Just play the guitar.  It won't fix your problem.  It will drown you out so that I don't have to hear about it. I hate this job.  Everyone wants to tell me about their problems.
4673,4877,6,33,167,206,1.2184466019417475,0.03342119316127865,657,"When we got down from Brokeback Mountain, I told him 'You complete me,' and he just rode off into the sunset."
4683,4877,8,29,169,206,1.2184466019417475,0.0348094174918136,657,Playing left-handed has been a real handicap for you.
6807,4883,5,28,141,174,1.2183908045977012,0.03631648978421153,657,"Promise not to sing, and I'll shrink you to a six-gallon hat."
1510,4884,10,30,189,229,1.2183406113537119,0.033639225832357796,657,"Where seldom is heard, an encouraging word"
4266,4884,8,34,187,229,1.2183406113537119,0.032480559936283494,657,You've got to suffer to sing the Blues
3282,4886,5,33,159,197,1.218274111675127,0.033608789633811365,657,And old Susanna was crying for you because of the guitar on your knee?
2264,4887,7,34,179,220,1.2181818181818183,0.03270281822390315,657,"It sounds like most of your stress is coming from, as you say, that ""lily-livered long-eared galoot"" that you work with."
3421,4887,6,36,178,220,1.2181818181818183,0.0320618670599599,657,"This isn’t the West Texas town of El Paso, OK?"
3866,4887,4,40,176,220,1.2181818181818183,0.030739897829048193,657,Our last session included a little ditty about Jack and Diane. How does that make you feel?
1413,4890,11,31,201,243,1.2181069958847737,0.032845198754430184,657,Why don’t you try dressing all in black that seems to work?
2225,4890,10,33,200,243,1.2181069958847737,0.03232331892299716,657,This will go much faster if you speak instead of sing about your issues.
1148,4892,3,40,168,211,1.2180094786729858,0.030777029532635038,657,"Don't fret, Tex, lots of people have trouble with the F chord."
1616,4892,5,36,170,211,1.2180094786729858,0.03221022544018834,657,I have to agree with Katy and Lionel.  It's pitchy.
4138,4892,5,36,170,211,1.2180094786729858,0.03221022544018834,657,I thought Willie Nelson said you shouldn’t.
6228,4892,6,34,171,211,1.2180094786729858,0.03290342172077684,657,I noticed you played that song in minor...
5660,4896,10,31,193,234,1.2179487179487178,0.033141468115571206,657,It sounds to me like you're a bit out of tune.
6578,4896,10,31,193,234,1.2179487179487178,0.033141468115571206,657,So how long have you disappointed your parents?
4982,4898,7,30,165,202,1.2178217821782178,0.03453186458967663,657,So your not a cowboy and you can't play a guitar.
6905,4898,3,38,161,202,1.2178217821782178,0.03155019878231744,657,Classic guitar does not go with your lifestyle.
4516,4898,7,30,165,202,1.2178217821782178,0.03453186458967663,657,"How does it feel
To be on your own..."
753,4898,10,24,168,202,1.2178217821782178,0.03660909236332931,657,Your little dogie grew up and moved away?
2234,4898,6,32,164,202,1.2178217821782178,0.033811107861629705,657,How about we swap seats?
960,4903,11,27,187,225,1.2177777777777778,0.03459771327224432,657,"Can we talk more about what you mean by ""Outlaw State of Mind"""
1816,4903,5,39,181,225,1.2177777777777778,0.030966215874291013,657,"Just to be clear, who was in The Pines?"
3981,4903,6,37,182,225,1.2177777777777778,0.031600459889940404,657,I think you're more of a farmer on the inside.
5331,4903,2,45,178,225,1.2177777777777778,0.028980319296473833,657,"Your wife left, but your truck came back - 
das ist very achy breaky."
6217,4903,10,29,186,225,1.2177777777777778,0.0340193948209825,657,if you keep playing no one is going to be climbing the stairway to heaven tonight
1825,4908,6,30,157,193,1.217616580310881,0.03479372025534531,657,"Now Wayne, I know you've been singing the blues but you gotta give me something else here."
3839,4908,8,26,159,193,1.217616580310881,0.03631181214844958,657,Playing the guitar left-handed has been proven to cause lots of stress and anxiety.
3423,4910,7,33,176,216,1.2175925925925926,0.033065183758838754,657,Can you play the bridge one more time?
1504,4910,5,37,174,216,1.2175925925925926,0.031736000578736996,657,"Ok, I've finished revising the words for the last verse. Now let's decide on the key and work on the chords."
2946,4912,7,38,194,239,1.217573221757322,0.031006404921775713,657,Tell me about your Bach moment.
4236,4913,6,33,168,207,1.2173913043478262,0.03327608398258677,657,"What do you mean by ""when the doggies retire""?What line of work are they in ?"
3594,4913,6,33,168,207,1.2173913043478262,0.03327608398258677,657,Mamas should never let their babies grow up to be cowboys. Especially singing ones.
2913,4913,8,29,170,207,1.2173913043478262,0.03465691844043504,657,"So tell me what it was like growing up on home, home on the range."
2350,4913,10,25,172,207,1.2173913043478262,0.035984805492843296,657,"Maybe a more cheerful song would've gotten Blake to turn around on ""The Voice."""
1066,4913,9,27,171,207,1.2173913043478262,0.03532710165117378,657,I wouldn't fret about it so much. Todays grammy award is a big  joke and completely irrelevant.
1428,4913,11,28,191,230,1.2173913043478262,0.034068034874929175,657,"Why so defensive? Objectively, your guitar is out of tune."
1421,4913,8,34,188,230,1.2173913043478262,0.03235296214464923,657,In the world of psychiatry there is no comfort found where the buffalo roam.
5094,4913,7,31,169,207,1.2173913043478262,0.03397351734074008,657,And how do you think that effected you on a minor scale?
572,4913,4,37,166,207,1.2173913043478262,0.031835413216186915,657,"Tell me more about this ""range"" you sing of, and your earliest memories of said ""home."""
2084,4913,4,37,166,207,1.2173913043478262,0.031835413216186915,657,"I don't know if I can cure you of The Blues"""
3111,4923,8,32,181,221,1.2171945701357465,0.03319496668339286,657,"So how long after inhaling a Willie Nelson Reserve, did you start growing a beard and playing guitar?"
3618,4923,6,36,179,221,1.2171945701357465,0.03193172627036624,657,Next time play the bridge more staccato...
1839,4923,7,34,180,221,1.2171945701357465,0.03256947156247058,657,"Do you feel like a failure because:
A. Your guitar's out of tune?
B. Your verses don't rhyme?
or, C. Your storylines are  trite?"
5883,4923,6,36,179,221,1.2171945701357465,0.03193172627036624,657,Doc I think I have a serious case of the blues.
6569,4927,6,31,161,198,1.2171717171717171,0.03421447900815264,657,And then I discovered that as a left-handed guitar player I was out of tune with society.
2516,4928,7,32,173,212,1.2169811320754718,0.03343934568792949,657,"Please try and tell me again about this good life you had before you became the victim to the cigarettes, the whiskey, and the women who are so wild that you must describe them as wild-wild?"
4299,4928,8,30,174,212,1.2169811320754718,0.034101327857840015,657,"Still strumming along, singing the same old song?"
4866,4928,8,30,174,212,1.2169811320754718,0.034101327857840015,657,"Tell me straight, Clem. What’s with the loony tunes?"
3899,4931,9,23,157,189,1.216931216931217,0.03755210276077231,657,"I think Bradley, you've gone gaga"
2793,4932,8,38,203,249,1.216867469879518,0.030723336098940898,657,NO DEER OR BUFFALO TODAY?
1039,4933,8,33,185,226,1.2168141592920354,0.0327008147910391,657,"As a stockbroker, I'm wondering if you are struggling with a career identity problem."
3751,4933,6,37,183,226,1.2168141592920354,0.031475078307572985,657,"So your mama let you grow up to be a cowboy, pick guitars and drive them old trucks?"
4811,4933,7,35,184,226,1.2168141592920354,0.032093798797164015,657,"If the guitar were the cowpoke who hurt you, what song would you want to play on him?"
1061,4936,5,34,164,203,1.2167487684729064,0.032928802853091375,657,"Okay, so one dared to make a slip,
the stranger there among them had a big iron on his hip. I think we've found the source of your anxiety issues."
2432,4936,10,24,169,203,1.2167487684729064,0.036444105264705005,657,And how long have you been left handed?
5118,4938,6,35,176,217,1.2165898617511521,0.032273299988813405,657,Now Gary...you promised me 4 chords and the TRUTH.
3007,4938,9,29,179,217,1.2165898617511521,0.034199036312332905,657,And why is it important that the buffaloes roam?
2364,4938,5,37,175,217,1.2165898617511521,0.03160532383412383,657,Let me be clear. Guitar-playing is not your natural talent.
1265,4938,7,33,177,217,1.2165898617511521,0.03292772827991707,657,Oh give me a loan...
1191,4938,5,37,175,217,1.2165898617511521,0.03160532383412383,657,And so you chose “a little bit country” over “a little bit rock n’ roll”?
487,4938,7,33,177,217,1.2165898617511521,0.03292772827991707,657,So let's dissect why 'Mosey Along Little Doggie' is inappropriate for a break-up text.
5486,4944,5,32,157,194,1.2164948453608246,0.03385210282273786,657,Just keep pick-in and the the grin-in will happen.
1941,4945,10,30,191,231,1.2164502164502164,0.03337400751359067,657,"Can you play ""I get the blues from that smell on your boots?"""
3728,4945,9,32,190,231,1.2164502164502164,0.03280519564966533,657,Sing me how you feel about that.
5954,4945,11,28,192,231,1.2164502164502164,0.03393328592137213,657,"And no matter how hard you try you can't find anything to rhyme with ""Twitter shaming""?"
1276,4948,8,29,171,208,1.2163461538461537,0.03450572818687232,657,"You’re a little bit country, I’m a little bit Lexapro."
3029,4948,3,39,166,208,1.2163461538461537,0.030957868315955463,657,So you blame your mother that you grew up to be a cowboy.
6133,4948,8,29,171,208,1.2163461538461537,0.03450572818687232,657,We’ve been through this time and time again.  Leave the lyrics to me.
6163,4948,4,37,167,208,1.2163461538461537,0.031699223083156064,657,"No,  Roy Roger's horse is unrelated to a trigger warning."
5360,4952,9,30,183,222,1.2162162162162162,0.033670471584952906,657,"You feel betrayed. Turns out, it wasn’t so fun at the YMCA."
2117,4952,2,44,176,222,1.2162162162162162,0.029126404347660624,657,When did you first learn that you’re a young cowboy and you know you must die.
4432,4952,4,40,178,222,1.2162162162162162,0.030493883378763402,657,"Mr. Krinsky, I think we’ve spent enough time on 'Mamas, Don’t Let Your Babies Grow Up To Be Cowboys.'"
1651,4952,9,30,183,222,1.2162162162162162,0.033670471584952906,657,Very emotional chord progression  ... Can you talk?
1747,4952,5,30,150,185,1.2162162162162162,0.034853795417071426,657,Dueling at dawn is just your defense mechanism.
1883,4957,8,35,193,236,1.2161016949152543,0.03177034362751902,657,Oaterpus Complex
6219,4957,4,43,189,236,1.2161016949152543,0.029412695005168084,657,Sounds like someone has daddy issues.
1243,4959,6,31,162,199,1.2160804020100502,0.03405960086651682,657,"Don't say waking to the derndest bested coffee and milk this side of Abaline, try; arising to a remarkable latte."
1974,4959,6,31,162,199,1.2160804020100502,0.03405960086651682,657,"So, tell me how it feels when you ""Yippee Ki-O Ki-Ay?"
2483,4959,7,29,163,199,1.2160804020100502,0.03479677076849413,657,"By exhorting the little dogies to get along, you wanted to resolve conflict with your mother?"
4936,4962,7,32,174,213,1.215962441314554,0.03329756951769168,657,Do you know “Basket Case” by Green Day?
4070,4962,6,34,173,213,1.215962441314554,0.03262571429312949,657,Tell me about the discouraging words you heard as a kid and why you fled Newark for a home on the range.
3112,4962,8,30,175,213,1.215962441314554,0.03395613403251475,657,"So after five years of this, you still prefer gun slinging?"
3731,4962,4,38,171,213,1.215962441314554,0.031238684796894414,657,"I'd like to hear you sing John Legend's ""Sometimes I feel like a motherless child"" and ""She don't have to know"""
1516,4962,7,32,174,213,1.215962441314554,0.03329756951769168,657,You're Willie Nelson?
317,4962,7,32,174,213,1.215962441314554,0.03329756951769168,657,"Yeah, yeah, you've got tears in your ears from lying down and thinking about her ... anything else?"
3026,4962,6,34,173,213,1.215962441314554,0.03262571429312949,657,Sidekick? No
1156,4969,8,33,186,227,1.2158590308370043,0.032570447212111636,657,"If not the lone prairie, where do you really want to be buried?"
793,4970,9,23,158,190,1.2157894736842105,0.03737138217251901,657,How about something besides 'Mother and Child Reunion'?
6040,4970,6,29,155,190,1.2157894736842105,0.03506473767011209,657,"Do you think the little doggies ""git along"" when you sing to them?"
4237,4972,7,30,167,204,1.2156862745098038,0.034225646224708514,657,Why do you think you are just an old cow hand from the Rio Grande.
4254,4972,6,32,166,204,1.2156862745098038,0.033512679381957546,657,Don't give up. Country and Western may come back.
6922,4972,7,30,167,204,1.2156862745098038,0.034225646224708514,657,Well I think we've established that country music is depressing for you. I am ordering some guitar transcriptions of Souza marches and we'll see where that gets us.
5575,4975,8,31,179,218,1.2155963302752293,0.03342982525928046,657,"Feelings, wo-o-o feelings..."
7022,4975,6,35,177,218,1.2155963302752293,0.03214027608118404,657,"When can I get my hat and guitar back, Dr. Freud?"
4891,4975,8,31,179,218,1.2155963302752293,0.03342982525928046,657,"and when did your mother first tell you ""you cant sing.?"""
7037,4975,4,39,175,218,1.2155963302752293,0.030796777043766058,657,"More to the point, how did losing your best gal to a dashing young cowboy out on the west Texas prairie, make you feel?"
220,4975,7,33,178,218,1.2155963302752293,0.03279139035967183,657,Do you just need me to write down your lyrics?
119,4975,9,29,180,218,1.2155963302752293,0.03405629386782528,657,I'm having relationship problems with my horse.
2144,4975,3,41,174,218,1.2155963302752293,0.030102550409189393,657,I understand you're having issues with your booking agency
7056,4975,9,29,180,218,1.2155963302752293,0.03405629386782528,657,What you need is some electric-guitar therapy treatment.
2091,4983,5,40,187,232,1.2155172413793103,0.030306729805935448,657,Are you being Strait with me?
1129,4984,3,33,145,181,1.2154696132596685,0.03351547157591845,657,"Which version of A Star is Born is your favorite, and why."
2042,4985,6,30,159,195,1.2153846153846153,0.03447190282572576,657,How does that mis-tuned string make you feel?
6360,4985,7,28,160,195,1.2153846153846153,0.03523038714705654,657,"Again, with subtlety!"
5165,4987,7,31,171,209,1.215311004784689,0.033679614778332596,657,"So, when your grannie got run over by a train, how did that make you feel?"
5184,4988,7,34,182,223,1.2152466367713004,0.03230595510246004,657,...and how do you sing about that...?
1288,4989,5,41,191,237,1.2151898734177216,0.029906442012166537,657,So you're having a problem finding a long lonesome trail.
3799,4990,9,25,166,200,1.215,0.036060738822466055,657,I don't think you need depression medication because your truck is rusting.
6902,4990,5,33,162,200,1.215,0.03315677697389302,657,Your strumming is telling me that you want to make some changes in your life
6582,4992,8,30,176,214,1.2149532710280373,0.03381215142870127,657,"O.K., so let me get this straight.... you were always wondering why Pancho got top billing ?"
6106,4992,7,32,175,214,1.2149532710280373,0.033156969331626825,657,Why do you think you can't yee another haw?
4987,4992,9,28,177,214,1.2149532710280373,0.03445487705995202,657,"Butch, you're paying cash next time. No more Johnny Cash."
4448,4992,9,28,177,214,1.2149532710280373,0.03445487705995202,657,"I had a choice, dead or alive."
3443,4992,9,28,177,214,1.2149532710280373,0.03445487705995202,657,Not what I expected when you said strum und drang
630,4992,9,28,177,214,1.2149532710280373,0.03445487705995202,657,’Whoopie Ti Yi Yo’—Does that refer to Ms. Goldberg?
453,4992,5,36,173,214,1.2149532710280373,0.03180614213167759,657,"When I said ""share your feelings"" I didn't mean your cover of Morris Albert's 'Feelings'."
3989,4992,5,36,173,214,1.2149532710280373,0.03180614213167759,657,"And then he said, ""This town ain't big enough for the both of us."""
4,5000,7,35,186,228,1.2149122807017543,0.031839942573308855,657,"Yes, Willie,...I've heard that the shape of a guitar is modeled after a woman's torso. You can stop strumming it now."
747,5000,5,39,184,228,1.2149122807017543,0.030602225699204847,657,Would it help if there were lyrics?
1466,5000,7,35,186,228,1.2149122807017543,0.031839942573308855,657,Not everyone appreciates John Cage bluegrass.
2839,5000,8,33,187,228,1.2149122807017543,0.032441097480431696,657,"If you keep playing All Star by Smash Mouth every time I mention your ex-wife, I'm banning the guitar."
401,5004,4,44,194,242,1.2148760330578512,0.02893419165882384,657,Butch Cassidy was a fantasy of mine too......
635,5004,5,42,195,242,1.2148760330578512,0.029520837111338617,657,"Born in Vermont, right?  So, how does that make you an ""old cowhand from the Rio Grande""?"
4990,5006,7,30,168,205,1.2146341463414634,0.03407452994026217,657,Your sad life is perfect for country and western music.  I'll help you write the lyrics for a cut of the royalties.
6084,5006,7,30,168,205,1.2146341463414634,0.03407452994026217,657,Tell me about your Moody Blues.
1916,5006,6,32,167,205,1.2146341463414634,0.03336539499238668,657,"No, it doesn't have as nice a ring to it as ""Lonesome Bill,"" but I'm diagnosing you as ""Social Anxiety Bill."""
3606,5006,7,30,168,205,1.2146341463414634,0.03407452994026217,657,Now that we have sung “The Yellow Rose of Texas” can we start working on your issues?
802,5006,7,30,168,205,1.2146341463414634,0.03407452994026217,657,"Whoopee ti yi yo, git along little dogies...""  Now would you say that is a metaphor for your childhood"
800,5006,7,30,168,205,1.2146341463414634,0.03407452994026217,657,"We’ve been over the lonesome cowboy issues scoring seceral weeks now, what’s new?"
500,5006,5,34,166,205,1.2146341463414634,0.032640857454211296,657,Didn't your mother warn you about your current occupation?
1432,5006,7,30,168,205,1.2146341463414634,0.03407452994026217,657,I'm sorry I called your ukulele a banjo.
613,5014,9,29,181,219,1.2146118721461188,0.03391472017435011,657,When did you start imagining that the federal government was against you?
4714,5014,7,33,179,219,1.2146118721461188,0.032656156754000666,657,"So, you're an old cow hand. And where did you say you were from?"
2069,5016,6,38,189,233,1.2145922746781115,0.030797207683079128,657,"On second thought, I should not have named my practice ""Sing Me Your Blues"""
5955,5016,8,34,191,233,1.2145922746781115,0.03197601190221521,657,Tell me again about your Segovia dreams
6528,5016,8,34,191,233,1.2145922746781115,0.03197601190221521,657,So your wife ran off with your best friend and you sure do miss him?  And how do you feel about that?
6536,5016,7,36,190,233,1.2145922746781115,0.03139214342988797,657,"Then don't talk, just sing."
6823,5020,3,39,168,210,1.2142857142857142,0.030696755397188993,657,Perhaps you could be less lonesome if you joined a cowboy band.
5758,5020,10,25,175,210,1.2142857142857142,0.0355143641117582,657,I prefer Mozart.
5757,5020,8,32,184,224,1.2142857142857142,0.032792042016082434,657,Just where is this lone prairie to which you wish to be carried?
5725,5020,6,36,182,224,1.2142857142857142,0.03154744277727862,657,I know it's politically incorrect but next time I wanna be an Indian.
4439,5020,11,29,198,238,1.2142857142857142,0.03317288314377313,657,"You have a lot of problems, one of which that is not music to anyone's ears."
4276,5020,2,38,156,196,1.2142857142857142,0.031113976594259227,657,"It's not working out, Rex. I gotta go back to Muzak."
2757,5020,4,40,180,224,1.2142857142857142,0.030251682134830482,657,"Okay—drink, women who’ve left you, and lonely nights on the range beside a fire with your cattle lowing. What else?"
2565,5020,8,29,173,210,1.2142857142857142,0.03420720867040078,657,"How long would you say it's been, Bill, since this ""buffalo"" has been roaming IN your home."
2371,5020,8,26,162,196,1.2142857142857142,0.03580574370197164,657,And you say your Doppelgänger holds his guitar the other way?
1888,5020,8,32,184,224,1.2142857142857142,0.032792042016082434,657,Where do the deer and antelope play for you these days?
1318,5020,12,21,177,210,1.2142857142857142,0.03677508656012567,657,I'm proud to be an Okie from Muskogee!
2795,5020,8,26,162,196,1.2142857142857142,0.03580574370197164,657,"So you think you've resolved the border wall debacle in terms of  the good, the bad AND the ugly?"
3375,5032,12,25,192,229,1.2139737991266375,0.034602536786107384,657,It is as if we both do this for a living.
6576,5033,4,38,173,215,1.213953488372093,0.030979846894444312,657,"What you’re saying is very meaningful, but could you say it again, only this time in tune?"
856,5033,7,32,176,215,1.213953488372093,0.0330175309038586,657,So you still blame your mother for not forcing you into a better profession?
3037,5033,4,38,173,215,1.213953488372093,0.030979846894444312,657,I'm afraid you're plum outta pluck
4543,5033,7,32,176,215,1.213953488372093,0.0330175309038586,657,I’m not right-handed either.
5494,5033,6,34,175,215,1.213953488372093,0.03235256614024987,657,"Music does not replace the longing for my horse."""
1553,5038,6,31,164,201,1.2139303482587065,0.033753936577081534,657,"Let's talk more about this ""lone prairie."""
1451,5038,9,25,167,201,1.2139303482587065,0.03589682389561682,657,And when did you first feel the blues?
2158,5040,5,30,152,187,1.213903743315508,0.03451856814801619,657,Would you stop strumming “Even Cowboys Get the Blues” so we can continue our session?
2204,5040,4,32,151,187,1.213903743315508,0.03367536994186743,657,Tell me again why you think your home on the range increases your anxiety.
1575,5042,5,40,189,234,1.2136752136752136,0.03007523894718175,657,"Actually, I need you to speak!"
5519,5042,6,38,190,234,1.2136752136752136,0.030679022765498817,657,"So what if in your dream, the guitar really was the hat?"
5033,5044,7,33,180,220,1.2136363636363636,0.03252201442008859,657,"Yes, it does sound a little like a Beatle song !!!!"
7050,5044,6,35,179,220,1.2136363636363636,0.03187742808830945,657,Can't recall your last yippee ki-yay...
6429,5046,5,34,167,206,1.2135922330097086,0.03249872645369829,657,"We need to get past ‘Git Along, Little Dogies’."
3276,5047,10,21,161,192,1.2135416666666667,0.03774454573339982,657,I'm not sure. Bach's concerto may not work in Austin.
7063,5048,5,41,193,239,1.213389121338912,0.029682862130765483,657,Out of curiosity... Is it only when you are playing the guitar that your wife says you're too picky.
3429,5049,6,36,183,225,1.2133333333333334,0.03142135559299737,657,"Life is more than just a G chord, pard."
5090,5050,5,35,171,211,1.2132701421800949,0.03201036688945561,657,"I tell ya, Doc, if you get an outfit you can be a cowboy too."
6154,5050,4,37,170,211,1.2132701421800949,0.03129739686251914,657,So you feel your guitar made you do it.
1642,5050,6,33,172,211,1.2132701421800949,0.032707799168166136,657,"What did you mean when you said, “Home, home on the rage?”
Your coworkers were very concerned."
2460,5050,5,35,171,211,1.2132701421800949,0.03201036688945561,657,"Alright Lonny how's this
"" Mama was tramp
never knew my dad
I don't need to pay a shrink
to tell me why I'm bad"""
2888,5054,5,32,160,197,1.2131979695431472,0.03338901938570366,657,I'm afraid you may need to refinance your home on the range if we are to continue.
723,5055,5,39,186,230,1.2130434782608697,0.030364180769506265,657,So when did you first discover the power of strumming as sublimation?
3427,5055,3,43,184,230,1.2130434782608697,0.029086748070769233,657,"Why is it that you think they discriminate against left-handed, cowboy guitarists"
6668,5055,7,35,188,230,1.2130434782608697,0.031589998959704164,657,"Oh, I'm sorry he treated you that way."
1206,5058,5,36,175,216,1.212962962962963,0.03154222239779672,657,"As John Elton said, I guess that's why they call it the blues."
285,5059,7,29,166,202,1.2128712871287128,0.034328239462094505,657,I seldom like to discourage you but this is not your home and we have no buffalo.
3502,5059,8,27,167,202,1.2128712871287128,0.03503836014678636,657,I lost my mind when I found my home torn down for a wall.
5402,5059,5,33,164,202,1.2128712871287128,0.032861994920407575,657,"I understand your problem, but I need you to remove the guitar first"
6299,5059,7,29,166,202,1.2128712871287128,0.034328239462094505,657,How long have you been fixated on that Pink Floyd song?
6375,5059,4,35,163,202,1.2128712871287128,0.03210377007362047,657,I hope my words have not discouraged you.
6461,5059,4,35,163,202,1.2128712871287128,0.03210377007362047,657,I particularly like that line you sing about dying with your boots on!
6232,5065,7,26,155,188,1.2127659574468086,0.035971222150783806,657,I think you may have pick envy.
5544,5065,7,26,155,188,1.2127659574468086,0.035971222150783806,657,Do you mind?  Your country love song is depressing me.
3234,5065,5,40,190,235,1.2127659574468086,0.029960786072549872,657,"I know you're ""an hombre sincero"", but, to help you, I need more information."
49,5065,7,36,192,235,1.2127659574468086,0.031151070613343476,657,What don't you like about Stravinsky?
5226,5065,3,44,188,235,1.2127659574468086,0.02872121522172565,657,"How long have you felt
this way about your pick-up truck, your gun,and your beer!"
7061,5070,8,31,182,221,1.2126696832579185,0.03301786562716286,657,And then what did the dog say?
2221,5071,4,36,167,207,1.21256038647343,0.03162475768899574,657,"Trust me, Elvis you’re not....Also not Bob Dylan."
3861,5071,3,38,166,207,1.21256038647343,0.030874312682265422,657,"I'm just saying, there are other trucks on the road."
6979,5071,7,30,170,207,1.21256038647343,0.03377619938275905,657,"The difference between you and me, dear brother, is that for you the search is as important as the nugget."
1345,5074,4,33,156,193,1.2124352331606219,0.03297389135066801,657,"I can see this is going to be one, sad country tale."
5496,5074,8,25,160,193,1.2124352331606219,0.03609940408649132,657,"I have psychoanalyzed hundreds of patients, Jameson; but, you are the first one who takes his own notes."
5619,5076,6,36,184,226,1.2123893805309736,0.031296253002654505,657,"I've always loved that song, ""Dissociative Identity."""
11,5076,5,38,183,226,1.2123893805309736,0.030661442973890937,657,"Oh, so you have stage fright, not stagecoach fright."
4285,5076,8,32,186,226,1.2123893805309736,0.032528728618502,657,"Please, put the guitar down.  You don't need to hide behind it here."
4521,5076,8,32,186,226,1.2123893805309736,0.032528728618502,657,You say you don't have a home where the buffalo roam. Tell me how you feel about that.
6836,5080,4,37,171,212,1.2122641509433962,0.031165658143354393,657,So your guitar's been feeling sad and lonely for a long time...
4281,5080,3,39,170,212,1.2122641509433962,0.030439900227783024,657,"Now,what was it about the banjo player?"
2524,5080,11,23,178,212,1.2122641509433962,0.035836759046065564,657,"Soooo, as I understand it, you are in favor of our sessions, but afraid you will lose your edge for songwriting since recording your last hit, ""Come down sweet Jesus and kick me through the goal posts of life""?"
3657,5080,3,39,170,212,1.2122641509433962,0.030439900227783024,657,Just because you go by Red doesn’t mean you can’t play the blues.
4050,5080,5,35,172,212,1.2122641509433962,0.03187489559417378,657,"Your 'Georgia On My Mind' wasn't bad, but the 'Free Bird' shows your'e making some progress."
46,5085,4,44,197,245,1.2122448979591838,0.02861918295636752,657,Hour's up. But any more problems you can share are on the house.
251,5086,6,30,162,198,1.2121212121212122,0.03399998985484324,657,Do you have any creative outlets to express your feelings?
3816,5086,7,28,163,198,1.2121212121212122,0.03474584109039142,657,Do you think your mother would agree that a guitar is just a guitar?
4694,5086,4,34,160,198,1.2121212121212122,0.03245690965312107,657,(Exasperated) That’s not how it goes!
6445,5089,5,36,176,217,1.2119815668202765,0.03141186460923561,657,And why do you want to cut out his gizzard?
3100,5090,6,27,151,184,1.2119565217391304,0.03562466342939298,657,It sounds like the only thing you can’t wrangle is your relationship with your father.
6846,5091,9,32,195,236,1.2118644067796611,0.03217300747588855,657,Let’s begin by trying to focus on whether or not hippity-hop is the proper genre for you.
4117,5092,6,31,166,203,1.2118226600985222,0.03345361213162285,657,"...and, why would you rather fiddle?"
2389,5092,7,29,167,203,1.2118226600985222,0.03417480819104171,657,I get it. You're all strung out. No words necessary.
73,5092,5,33,165,203,1.2118226600985222,0.03271652204027249,657,Go electric next week.  You need to bring it all back home.
3882,5092,7,29,167,203,1.2118226600985222,0.03417480819104171,657,My secretary should be back with your bourbon any minute.
1054,5096,3,41,178,222,1.2117117117117118,0.029621816121392256,657,I thought you concluded your Cary Grant personna suited you better.
2114,5096,6,35,181,222,1.2117117117117118,0.03161876389536556,657,"Home, home on the range...
where the deer and the antelope play...
my mother abandoned me and I use humor to mask my insecurities...
and the skies are not cloudy all day..."
2293,5096,8,31,183,222,1.2117117117117118,0.03288275723787578,657,"Mental issues I can help you with all day long. Making 'Blue Grass' as popular as Rap, however, is a subject best addressed to God or Satan."
2849,5096,6,35,181,222,1.2117117117117118,0.03161876389536556,657,"Tell me more about your transformation - more literal than spiritual, you say?"
3079,5096,7,33,182,222,1.2117117117117118,0.032256952381122,657,Please try to tell your story without the guitar solo.
4730,5096,6,35,181,222,1.2117117117117118,0.03161876389536556,657,"Sorry, can you repeat that last line about making your mother proud?"
5453,5096,4,39,179,222,1.2117117117117118,0.030302091297081685,657,Do you ever recall having any friends?
5942,5096,5,37,180,222,1.2117117117117118,0.03096742617047425,657,"And no matter how many ways you pronounce ""girl"" and ""world"", you still can't get them to rhyme?"
6231,5096,11,25,186,222,1.2117117117117118,0.03469250586951555,657,You're giving me the Willies!
6901,5096,9,29,184,222,1.2117117117117118,0.03349687254374909,657,To begin sing me the verses with the tenor and range of your discord
1923,5106,12,27,202,241,1.2116182572614107,0.033317977673204574,657,What were you feeling when your mother called you a goddamned loser?
6123,5107,8,28,172,208,1.2115384615384615,0.034312644515960056,657,D'you mind if I give her a try if she's so done with you?
4303,5107,6,32,170,208,1.2115384615384615,0.032931069020961545,657,Still singing about your saddle horn?
2949,5107,8,28,172,208,1.2115384615384615,0.034312644515960056,657,You do know that music notation is not my speciality don't you?
174,5107,7,30,171,208,1.2115384615384615,0.03362895241114401,657,"Sorry, I missed that note ..."
355,5107,10,24,174,208,1.2115384615384615,0.035640704825998515,657,Play it again Sam
1296,5107,9,26,173,208,1.2115384615384615,0.034982977390243655,657,"Home, home on the couch . . ."
6480,5113,8,32,187,227,1.2114537444933922,0.03239862609966094,657,"So in this Taylor Swift dream, you DID show your bellybutton?"
1109,5114,7,38,201,246,1.2113821138211383,0.030210843092177177,657,"And how does being 'home, home on the range' make you feel?"
6392,5115,4,33,157,194,1.211340206185567,0.03282175419411043,657,You sound a bit melancholy today.
6790,5115,5,31,158,194,1.211340206185567,0.03362563751635464,657,If you play “Crazy” just on more time...
4209,5117,5,35,173,213,1.2112676056338028,0.031740543180181914,657,So exactly when did you begin to feel that your Music no longer reflected your Life?
6420,5117,6,33,174,213,1.2112676056338028,0.032430741342460684,657,"So you're left handed. Lots of people are. Get over it.
And is that song supposed to be recognizable?"
6067,5119,6,37,189,232,1.2112068965517242,0.030742801313559075,657,"My girl friend left me, my truck broke down, and my dog died."
6736,5120,5,32,162,199,1.2110552763819096,0.033087136486589216,657,"You understand you can sing how much you love your pigs , but it’s ok if they don’t see it that way"
5663,5120,7,28,164,199,1.2110552763819096,0.03458722727163269,657,Don't string me along!
2979,5120,6,30,163,199,1.2110552763819096,0.033845493726800284,657,"what’s this about mama, pick-up truck, prison, dog, & girlfriend?"
1271,5123,7,32,179,218,1.2110091743119267,0.032606047201024085,657,I thought depression was your way of living. Are you sure you want to change?
2821,5123,7,32,179,218,1.2110091743119267,0.032606047201024085,657,"You can just tell me how you feel. 
You don't need to sing it to me."
3262,5123,13,20,185,218,1.2110091743119267,0.03628804107346242,657,"How does this sound? ""Way out west, they have a name for rain and wind and fire...the rain is Tess, the fire's Joe, and they call the wind...Trump."""
4295,5123,2,42,174,218,1.2110091743119267,0.02918500708149945,657,"I get the part about commitment issues, but what exactly is a 'cayuse'?"
5462,5123,6,34,178,218,1.2110091743119267,0.03195115614386689,657,Seems clear that you have guitar separation anxiety.
6102,5123,6,34,178,218,1.2110091743119267,0.03195115614386689,657,You need to face the facts -- those lyrics don't work.
6593,5123,10,26,182,218,1.2110091743119267,0.0344962044218252,657,no. the doctor will not harmonize to let your free spirit loose.
7030,5123,5,36,177,218,1.2110091743119267,0.03128255814002614,657,"Well, maybe if you took the medication, as prescribed, you wouldn’t feel so blue in the mornings."
642,5131,6,38,193,237,1.2109704641350212,0.03032974422417256,657,Tell me about your mother lode.
2608,5131,8,34,195,237,1.2109704641350212,0.03148664472875639,657,"Okay, so why do you think you stopped dreaming about the banjo on your knee?"""
5455,5133,6,27,152,185,1.2108108108108109,0.035450093343300494,657,She said MySpace was the ONLY place she had it saved?
5389,5133,6,27,152,185,1.2108108108108109,0.035450093343300494,657,"Let me write this down, ""I am your sunshine, your only sunshine..."""
4452,5133,7,25,153,185,1.2108108108108109,0.03626931932955472,657,......and then my dog died.
198,5136,7,29,168,204,1.2107843137254901,0.03402272044340707,657,'Don't Fence Me In' won't help with parking in Manhattan.
2351,5136,5,33,166,204,1.2107843137254901,0.032572306428746874,657,"Well, I'm sorry that your rabbit died, and that's a really nice song that you wrote about it, but that was 27 years ago, so don't you think that it's about time that you got a new pet and got on with your life?"
4658,5136,7,29,168,204,1.2107843137254901,0.03402272044340707,657,"And when the truck broke down that twelfth time, how did that make you feel?"
5997,5136,7,29,168,204,1.2107843137254901,0.03402272044340707,657,You keep playing the same old tired tune Dan
1861,5140,5,37,181,223,1.210762331838565,0.030842861004979367,657,But is it really that the whiskey isn't working any longer or is that more of a defense mechanism?
2874,5140,6,35,182,223,1.210762331838565,0.03149097042821377,657,Maybe your guitar is trying to tell you that it wants some space.
2992,5140,4,39,180,223,1.210762331838565,0.03018083715595576,657,Perhaps you could try switching genres?
4631,5140,8,31,184,223,1.210762331838565,0.032748732885211726,657,"I know why you left the science world, but are you qualified for this?"
6535,5140,8,31,184,223,1.210762331838565,0.032748732885211726,657,Relax. There's no need to feel guilty about also wearing a G string.
2303,5145,5,41,196,242,1.2107438016528926,0.02935355844230105,657,I know I said you could make yourself comfortable but I'd prefer it if you didn't have to sing the responses to all of my questions.
6099,5146,8,28,173,209,1.2105263157894737,0.03416307118868869,657,"Ain't mishavin' ""? ""Can't get no satisfaction""? OK. What else"
5798,5146,6,36,186,228,1.2105263157894737,0.03104895701476361,657,"Ok, I hear you: 'Ooohhhh...all my Ex's Live in Texas'!"
4191,5146,6,28,156,190,1.2105263157894737,0.034836191185752485,657,"I don't care how soothing you think it is, if you play 'Home on the Range'  one more time, I'm going to get angry."
1316,5146,10,32,205,247,1.2105263157894737,0.03169831405769164,657,Perhaps you should consider the lute?
58,5146,8,28,173,209,1.2105263157894737,0.03416307118868869,657,I don't need no stinkin' diploma.
4055,5151,7,39,206,252,1.2103174603174602,0.02971575713566682,657,"It's just a thought, but have you ever considered playing with your right hand, instead?"
4555,5152,10,29,194,233,1.2103004291845494,0.03295183714598686,657,Rules are rules. American Idol has an age limitation.
759,5153,5,35,174,214,1.2102803738317758,0.03160729622307406,657,Let your guitar do the talking
886,5153,5,35,174,214,1.2102803738317758,0.03160729622307406,657,I'm not sure this is what they meant when they said to put it on the record...
3660,5155,7,36,195,238,1.2100840336134453,0.03079620379407538,657,This time in the key of G tells me how your troubles started.
6774,5156,5,36,178,219,1.2100456621004567,0.031154290675225065,657,"Mama, I’m sorry I still wanna be a cowboy. I’m learning the guitar and I leased a pick up truck. Bein’ a Wall St lawyer just isn’t enough."
2554,5157,6,30,164,200,1.21,0.03369237123440535,657,"So, you live in Yokohama and your wife thinks you've lost yourself in Japanese culture."
2568,5157,6,30,164,200,1.21,0.03369237123440535,657,"So, after you saw  “Cats “, what were the big questions that started coming up?"
2136,5159,3,41,180,224,1.2098214285714286,0.0293870194163448,657,"but how did that lonely road make you feel?""

-Daniel Stein, New York, N"
1302,5159,4,39,181,224,1.2098214285714286,0.03006052805717241,657,Next week I'll bring my banjo for full effect.
1209,5159,9,29,186,224,1.2098214285714286,0.03322390000546545,657,"It's common for many a cowboy to feel discouraged once they finish riding into a sunset, but there's always another sunset tomorrow."
4034,5162,8,27,170,205,1.2097560975609756,0.03457070458656611,657,B flat would be more soothing.
5938,5162,6,31,168,205,1.2097560975609756,0.033158492129587866,657,"First, this is textbook sexual transference.  And more importantly, no.  I will not sing ""Shallow (A Star is born)"" with you."
7053,5162,6,31,168,205,1.2097560975609756,0.033158492129587866,657,"So continue. You were saying, 'by the time you got to Phoenix she was rising and then she read the note you left hanging from her door.....'"
3944,5165,6,27,153,186,1.2096774193548387,0.03527719791836999,657,Sing me that one about your mother
1114,5166,10,28,191,229,1.2096069868995634,0.03331193232845931,657,What does a roaming buffalo signify for you?
2302,5166,7,34,188,229,1.2096069868995634,0.03153995441051012,657,"Yippee Ki Yay just works against why you're here today, remember?"
6916,5166,9,30,190,229,1.2096069868995634,0.03273193341437258,657,"Actually, I said 'singing.' And your first association to 'swinging' is a noose?"
6510,5169,2,40,168,210,1.2095238095238094,0.029725313573668383,657,You will be happier if you just go to Rancho Grande.
5303,5169,5,34,171,210,1.2095238095238094,0.03194212996836949,657,And you say your father was an old cowhand too?
3777,5169,7,30,173,210,1.2095238095238094,0.03333821531153707,657,I know you’re frustrated but studies show that guitar on the lap is far preferable to banjo on the knee.
6518,5169,5,34,171,210,1.2095238095238094,0.03194212996836949,657,"Yeah, it’s a great song, but the song’s not your problem, senior."
1586,5169,4,36,170,210,1.2095238095238094,0.03122068545524121,657,I can name that tune in four notes.
1268,5169,5,34,171,210,1.2095238095238094,0.03194212996836949,657,"No, I can't explain how the Old West was won."
1882,5169,6,32,172,210,1.2095238095238094,0.03264763595633391,657,"Not every cowboy has to sing a sad, sad song"
868,5176,6,28,157,191,1.2094240837696335,0.03467084791198,657,Would you mind waiting here while I go grab a tambourine?
788,5177,6,37,191,234,1.2094017094017093,0.03050608078294611,657,Not to be critical of your dream of becoming Country music's Hendrix but you might try playing that thing right handed.
4375,5177,7,35,192,234,1.2094017094017093,0.031101501649463008,657,Have you reconsidered the home on the range?
2333,5179,5,35,175,215,1.2093023255813953,0.031475141503812296,657,So Tex ...how have you progressed in mingling into your East Side Manhattan Condo.
6530,5179,6,33,176,215,1.2093023255813953,0.0321582546761018,657,"So Lefty, you're depressed because your band members call you a socialist?"
6486,5181,8,34,197,239,1.209205020920502,0.03124744606953583,657,So you say your mother steered you away from the flugelhorn.
6043,5182,6,29,161,196,1.2091836734693877,0.03409266061472114,657,How long have you felt like you're from another time and place?
5405,5183,7,32,181,220,1.209090909090909,0.03233728247286289,657,"No, I won't conjure up fake childhood memories for your next album."
5151,5183,10,26,184,220,1.209090909090909,0.0342086661384956,657,So you're saying that you have domatophobia but only in areas where the buffalo roam?
6205,5183,6,34,180,220,1.209090909090909,0.031688938721809785,657,"We're making progress with the melody, but these lyrics still need work."
232,5183,8,30,182,220,1.209090909090909,0.032972880343470685,657,Nationwide is on your side
3393,5183,7,32,181,220,1.209090909090909,0.03233728247286289,657,So how do these campfire songs make you feel?
2238,5188,7,37,200,244,1.209016393442623,0.030273485247551225,657,No wonder you feel alone.....your country’s gone blue.
140,5189,7,28,166,201,1.208955223880597,0.03427423810875588,657,"Stuck in the same old song, doc."
1734,5189,7,28,166,201,1.208955223880597,0.03427423810875588,657,Your musical experience of the string theory is ambivalent
3224,5189,4,34,163,201,1.208955223880597,0.032022955306973314,657,When you wear that hat do you think of your mother?
4803,5192,3,37,166,206,1.2087378640776698,0.030785852133113467,657,Have you at least managed to cut down on sarsaparilla?
6777,5192,6,31,169,206,1.2087378640776698,0.03301284268668402,657,"""Let me guess: your wife left you, your dog died...""

John Canning
Sea Cliff, New Yor"
2561,5192,7,29,170,206,1.2087378640776698,0.03372250701169304,657,it might be your boots that are too tight
1987,5195,7,34,189,230,1.208695652173913,0.031415745930662764,657,This emotional breakthrough will become a Grammy winner!
2410,5195,4,40,186,230,1.208695652173913,0.029547119177234005,657,Shall we try singing about your feeling instead?
5230,5197,5,29,153,187,1.2085561497326203,0.03427720785499339,657,"Perhaps if you lighten up your music, you'll find friends."
5782,5197,5,29,153,187,1.2085561497326203,0.03427720785499339,657,It sounds to me that you are struggling to set healthy boundaries with the people in your life but that this has left you feeling stronger and better able to express your own needs and desires.
6003,5197,4,31,152,187,1.2085561497326203,0.03342792204231084,657,"OK, OK. I know you're a cowboy who knows he must die. Now let's talk about your issues with your mother."
6196,5200,9,26,176,211,1.2085308056872037,0.034527681485377125,657,"Jethro, compulsive bushwhacking is a serious problem."
7001,5200,4,36,171,211,1.2085308056872037,0.031088230869864366,657,"♫All My Exes Live in Texas♫,
  Doc, and I need help."
4335,5200,5,34,172,211,1.2085308056872037,0.031805889967827045,657,Travelin' down the road to exactly where?
3103,5200,10,24,177,211,1.2085308056872037,0.03517523740905223,657,Seems to me you're suffering from clinical depression as a result of childhood a-banjo-ment
799,5200,7,30,174,211,1.2085308056872037,0.03319469404438889,657,"Sorry but I'm a psychiatrist, not a music critic."
3627,5200,8,28,175,211,1.2085308056872037,0.033867746466632834,657,"I have something I need to share with you. After a year, I've had it. You have no talent, no stage presence, and stop bringing the guitar. You can't even play it."
769,5206,8,24,160,192,1.2083333333333333,0.03605289082155607,657,"Are you sure, ""Whooppee-ti-yi-yo, Git along little doggies"" is all you have on your mind?"
925,5206,3,39,174,216,1.2083333333333333,0.02993856759194341,657,Does your other personality play the blues?
984,5206,10,30,200,240,1.2083333333333333,0.03222981603075177,657,I’m certain your mother would have turned her chair for you.
1040,5206,6,38,196,240,1.2083333333333333,0.029988181462521236,657,"Yes, yes, we're far from the shallows now, but let's move on."
1089,5206,9,32,199,240,1.2083333333333333,0.031684279033763,657,OK - if you insist you may answer me in song.
2138,5206,3,39,174,216,1.2083333333333333,0.02993856759194341,657,Get along little dogie is not an answer.
5888,5206,4,37,175,216,1.2083333333333333,0.030649374407864412,657,When did you start rhyming your words?
1526,5213,5,41,199,245,1.2081632653061225,0.02903133177528779,657,"I'm crazy, crazy for feelin' so lonely."
1658,5214,5,36,180,221,1.2081447963800904,0.030900824415176265,657,And what did you think he meant by 'sour note'?
4896,5214,11,24,186,221,1.2081447963800904,0.03466515485405261,657,"Cowboy Jake lamented that back home on the range, the deer and the antelope no longer play, all that is heard is a disparaging word, and the skies are just cloudy all day."
4329,5214,7,32,182,221,1.2081447963800904,0.032204527943187095,657,"Well, of course, there can only be one ""Raffi""..."
4316,5214,7,32,182,221,1.2081447963800904,0.032204527943187095,657,Where do the buffalo roam?
3874,5214,9,28,184,221,1.2081447963800904,0.03345746987668797,657,"Wait! I’m confused. Is the little doggie an actual dog, not a calf?”"
281,5214,5,36,180,221,1.2081447963800904,0.030900824415176265,657,Just imagine it's a spotlight.
1154,5214,10,26,185,221,1.2081447963800904,0.034066664436109166,657,Don’t blame your mama; she tried to change your career choice!
629,5214,10,26,185,221,1.2081447963800904,0.034066664436109166,657,Could you say that in E-major?
3589,5214,7,32,182,221,1.2081447963800904,0.032204527943187095,657,"So, you've got to know when to hold em, know when to fold em, know when to walk away, and know when to strum?"
5719,5223,5,31,161,197,1.2081218274111676,0.03316382908565373,657,But how do the honky tonk blues make you feel?
2141,5223,5,31,161,197,1.2081218274111676,0.03316382908565373,657,So how long have you been stuck on a double-flat?
3016,5225,7,33,186,226,1.2079646017699115,0.03173937119278136,657,No need to fret. Just stop playing the guitar.
5773,5225,8,31,187,226,1.2079646017699115,0.03235303773184451,657,"Together, we can work on your misguided wanderlust. However, I must insist on you removing your spurs before you lay down."
681,5225,7,33,186,226,1.2079646017699115,0.03173937119278136,657,"Ah, yes, ‘Crazy’ — I believe Willie Nelson wrote it."
1721,5225,8,31,187,226,1.2079646017699115,0.03235303773184451,657,"And when you pretend to be Willie Nelson, how does it make you feel?"
5440,5229,4,34,164,202,1.2079207920792079,0.031880817911847395,657,"I can write a new prescription, if you can write a song about the old one."
4882,5229,6,30,166,202,1.2079207920792079,0.033390176177228816,657,"So, Miss Macho, another failed attempt to find your gay side?"
3073,5229,5,32,165,202,1.2079207920792079,0.032644221662299966,657,"You say you're depressed because you lost your girlfriend, dog and pickup truck?"
3696,5229,6,30,166,202,1.2079207920792079,0.033390176177228816,657,And the hat doesn’t even hold 20 gallons!
4855,5229,5,32,165,202,1.2079207920792079,0.032644221662299966,657,You need to dig deeper if you want a hit song.
1442,5234,10,28,193,231,1.2077922077922079,0.033047705488537416,657,Singing the blues doesn't mean diddly-squat.
2545,5234,10,28,193,231,1.2077922077922079,0.033047705488537416,657,This shrink-country didn’t turn out as well as last week’s shrink-rap.
6010,5234,6,36,189,231,1.2077922077922079,0.030685123014900305,657,"I'd drop the ""little dogies"" and just go with a yodel at that point."
6262,5234,10,28,193,231,1.2077922077922079,0.033047705488537416,657,"Wild West""? More like a Wild Mess... Sorry couldn't help myself. So your wife died"
5242,5238,9,25,173,207,1.2077294685990339,0.03494339793566072,657,"I was an old cowpoke, then I lost my guitar, 
and only then did I get my PhD."
3172,5238,10,23,174,207,1.2077294685990339,0.03560818971213416,657,"We've been going over the same stuff for three weeks now. You lost your dog, your truck, your girlfriend. Can't you come up with something else?"
5256,5238,4,35,168,207,1.2077294685990339,0.031409082808368356,657,How long have you believed you were Gene Autry?
326,5238,6,31,170,207,1.2077294685990339,0.03286844555852527,657,May I suggest we go over 50 minutes and just call it a bonus track?
1415,5238,4,35,168,207,1.2077294685990339,0.031409082808368356,657,Now tell me what help your guitar needs.
10,5243,8,33,195,236,1.2076271186440677,0.03144158436381507,657,"It's your choice
Talk to me for $150.00 an hour
Or play by yourself for free..."
6632,5243,5,39,192,236,1.2076271186440677,0.029671318596402166,657,"She said it’s not me, just her strings don’t  vibrate like used to!"
5172,5245,8,28,176,212,1.2075471698113207,0.03372196326975952,657,So you did the old lay-dee too?
2026,5246,7,36,198,241,1.2074688796680497,0.030449194703663626,657,The building doesn't allow camp fires.
901,5247,6,27,155,188,1.2074468085106382,0.034936337623489015,657,"You're a musician; why does 'big hat, no cattle offend you?'"
3551,5248,7,31,179,217,1.207373271889401,0.032552360031893775,657,Can I play the guitar while you write the lyrics?
202,5248,8,29,180,217,1.207373271889401,0.03320128824540009,657,Enough with the “FEELINGS!” I’m the doctor here!
398,5248,10,25,182,217,1.207373271889401,0.03446250623750915,657,"Ya'll got to stop using the therapist set up so much. Like, honestly. It seems like every other comic is a therapist talking to some character. This is 2019. We all need therapy, okay? It's just not funny anymore. This isn't a Woody Allen film. Jeez."
1064,5248,3,39,175,217,1.207373271889401,0.029815743385225305,657,"So, you feel things in Houston just aren't like they used to be?"
1718,5248,6,33,178,217,1.207373271889401,0.03189022963444961,657,Country music is really depressing.
5375,5248,6,33,178,217,1.207373271889401,0.03189022963444961,657,I don't CARE if you get along with little doggies
4851,5254,8,30,184,222,1.2072072072072073,0.032702169836865955,657,"Yeah, so you’re depressed."
3161,5255,10,21,167,198,1.207070707070707,0.036690676442902956,657,Play 'Misty' for me one more time!
1464,5256,7,33,187,227,1.2070484581497798,0.03161251872967888,657,It's the G string that's flat.
94,5257,6,36,190,232,1.206896551724138,0.030565698635445462,657,Do you still want to be called naked cowboy?
118,5257,8,32,192,232,1.206896551724138,0.031763185273919886,657,So when did you learn the truth about “ropin’ doggies”?
4379,5257,9,24,170,203,1.206896551724138,0.0353735594709121,657,"Aie yi, yi yi!"
6729,5257,8,32,192,232,1.206896551724138,0.031763185273919886,657,I can actually hear your eyes rolling.
6363,5261,6,31,171,208,1.2067307692307692,0.03272528502670214,657,"Lover, cheater, fighter, drinker... How about good listener?"
5144,5261,4,35,169,208,1.2067307692307692,0.03127366325302466,657,"So Mr. Presley, why do you think you are a lonesome cowboy."
4817,5261,6,31,171,208,1.2067307692307692,0.03272528502670214,657,Tell me how you felt when you realized that whoopee was a trick cushion and not part of a cowboy song?
5796,5261,6,31,171,208,1.2067307692307692,0.03272528502670214,657,"Apparently, you’re all shook up."
3211,5261,5,33,170,208,1.2067307692307692,0.03200770448925133,657,"So, overall, would you describe your mood as blue"
2935,5261,4,35,169,208,1.2067307692307692,0.03127366325302466,657,Where seldom is heard a discouraging word...and the clouds are not cloudy all day... is what home on the range used to be like.
1509,5261,8,27,173,208,1.2067307692307692,0.034115195249246416,657,"It'l never make the top ten if you don't mention your dead dog, how your ex bashed your pickup truck, and your father called you a 'no good finger pickin' pansy.'"
3895,5261,7,29,172,208,1.2067307692307692,0.03342746495752483,657,Anything but E. E is all about ego.
3532,5269,7,36,199,242,1.2066115702479339,0.030335227249352673,657,"Since they're my lyrics,50-50 royalties on ""Velvet Couch Blues""."
6934,5269,9,32,201,242,1.2066115702479339,0.03144536159561759,657,"Nobody knows the trouble I've seen
Glory, Hallelujah"
438,5271,9,26,178,213,1.2065727699530517,0.03423059310531975,657,"Very disturbing... so what made you think this ""homo's"" deranged?"
2957,5271,5,34,174,213,1.2065727699530517,0.031536802211821986,657,Sing some Bing Crosby I can't stand cowboy songs.
3960,5271,6,32,175,213,1.2065727699530517,0.0322313635516119,657,"Oh, this session should be a doozy."
4895,5271,9,26,178,213,1.2065727699530517,0.03423059310531975,657,"Let me see if I understand , your truck broke down, your dog died, and your gal left you?  That must feel like quite a hit."
6559,5271,3,38,172,213,1.2065727699530517,0.03009963601856986,657,Let's pick 'n' grin where we left off.
2909,5276,5,35,178,218,1.2064220183486238,0.03108510158672203,657,I think the blues are causing your blues.
4518,5277,9,28,186,223,1.2062780269058295,0.03318287380582167,657,Just say it; don't sing it.
3319,5277,9,28,186,223,1.2062780269058295,0.03318287380582167,657,"No, I won't call you Tex.  What, I tell people I know Tex Nussbaum from Yeshiva?"
4197,5277,13,20,190,223,1.2062780269058295,0.03553448589983699,657,"Hey, wanna change places?"
124,5277,6,34,183,223,1.2062780269058295,0.0313034452320925,657,"Billy Ray, you've got to embrace the times."
1474,5277,9,28,186,223,1.2062780269058295,0.03318287380582167,657,"Dog, truck, ex; what about the moonshine?"
4956,5282,5,30,159,194,1.2061855670103092,0.033393514209990975,657,"So tell me, when you split up with Willy and the boys, how did that make you feel?"
5567,5283,4,33,162,199,1.2060301507537687,0.032081236276154224,657,"All right, let's revisit your adolescent memories of the Red River Valley."
4912,5284,5,38,190,233,1.206008583690987,0.02983340973670776,657,'A Midsummer Night's Cowboy' IS catchy but...
4963,5285,6,30,168,204,1.2058823529411764,0.033093265659668726,657,Your problem is chronic yodeling.
5211,5285,4,34,166,204,1.2058823529411764,0.03160021948878466,657,And how did it make you feel when Hank’s horse kicked you in the head?
127,5287,7,36,200,243,1.205761316872428,0.030222095665724973,657,Did the roaming buffalo or clear skies bother you more?
2677,5288,5,33,171,209,1.2057416267942584,0.03186954325467882,657,Your demographic won’t suspect a theme by Paganini.  That’s paranoid.
5606,5288,7,29,173,209,1.2057416267942584,0.03328184245455517,657,Now just sing it backwards the whole way through and I promise you your wife will come back.
5323,5288,7,29,173,209,1.2057416267942584,0.03328184245455517,657,"Frankly, it's the first case I've seen of the famous 'brain surgeon to singing cowboy' syndrome."
3784,5288,5,33,171,209,1.2057416267942584,0.03186954325467882,657,Your momma probably didn't want you to grow up to be a cowboy but at least you learned to play the guitar and fix old trucks.
2085,5288,5,33,171,209,1.2057416267942584,0.03186954325467882,657,Tell me more about your sad trails
1911,5288,6,31,172,209,1.2057416267942584,0.03258334562649817,657,I like everything but country.
1848,5288,6,31,172,209,1.2057416267942584,0.03258334562649817,657,"So rather than not let you, your mother encouraged you to be a cowboy?"
1713,5288,8,27,174,209,1.2057416267942584,0.033965978009234836,657,I think your angst comes from being a tennis coach before the horse thing.
859,5296,2,40,172,214,1.205607476635514,0.02923312730898894,657,I'm a Lonesome Cowboy!
5243,5296,7,30,177,214,1.205607476635514,0.03277133773831135,657,"So, is this the song thst convinced your horse to marry you?"
1174,5298,4,37,178,219,1.2054794520547945,0.03027301817416258,657,And can you believe they didn’t believe I was Willie Nelson?
3401,5298,11,23,185,219,1.2054794520547945,0.03478071989396286,657,"Well, it's really not that uncommon for them to stop wanting a pearl necklace once you're married."
1390,5300,8,30,186,224,1.2053571428571428,0.03243580470315328,657,"Play Misty for me , please ."
3901,5300,6,34,184,224,1.2053571428571428,0.03117698755399972,657,"Pardon my Spanish Pedro, but that's loco."
6448,5300,6,34,184,224,1.2053571428571428,0.03117698755399972,657,You're right--it would sound better with handclaps.
3322,5303,9,21,160,190,1.2052631578947368,0.03693745865527945,657,"When you say ""range"", are you referring to your mother's stove?"
2769,5303,4,31,155,190,1.2052631578947368,0.03295302549426971,657,"Well, as the greatest songwriter who ever lived said, ‘sad songs say so much’, don’t they?"
3880,5303,3,33,154,190,1.2052631578947368,0.03209683935668887,657,So she saved the horse... how did that make you feel?
1669,5303,6,27,157,190,1.2052631578947368,0.03460189986546671,657,Are you sure you were Segovia in a former life?
2501,5303,4,31,155,190,1.2052631578947368,0.03295302549426971,657,You don’t have the blues. You’re playing Americana.
2684,5308,8,31,190,229,1.205240174672489,0.03196665210055485,657,Please stop throwing your broken strings on my rug
4479,5308,10,27,192,229,1.205240174672489,0.0331432887225117,657,Is it 'my sweetheart left with my horse' or 'my sweetheart left with my wife' ?
423,5308,6,35,188,229,1.205240174672489,0.03074501757508107,657,Are you still in the shallow?
4480,5308,6,35,188,229,1.205240174672489,0.03074501757508107,657,"Do you know any songs besides “Mama, Don’t Let Your Babies Grow Up To Be Cowboys”?"
6468,5312,5,38,191,234,1.205128205128205,0.029718685854942486,657,I’m going to recommend you try pop music. I know a good synthesizer.
3739,5312,10,28,196,234,1.205128205128205,0.032659033811861936,657,Frau Schmidt used to yodel just like that.
328,5312,8,32,194,234,1.205128205128205,0.03151583108998569,657,Four amigos does sound better
125,5312,8,24,163,195,1.205128205128205,0.03554450576247761,657,"Play ""Don't Fence Me Id"" one more time."
6690,5316,8,33,198,239,1.205020920502092,0.031082226902440915,657,"Your truck is gone, but at least you have your guitar and a melody."
459,5317,6,29,165,200,1.205,0.03347353263303224,657,Congratulations. You're just crazy enough for American Idol.
4715,5317,5,31,164,200,1.205,0.03271431079288187,657,Do you think the source of your issues was your father building a fence or was it your mother putting you in the playpen?
3455,5319,9,24,172,205,1.2048780487804878,0.0350565308142608,657,"From the sound of it, your mother was either too flat or too sharp - hard to say...."
1211,5320,6,31,173,210,1.2047619047619047,0.0324426121420312,657,"Got in trouble, had to roam
Left my gal an' left my home
I heard that lonesome whistle blow."
1781,5320,4,35,171,210,1.2047619047619047,0.031006227589890297,657,Play it again Sam . . . with feeling this time!
1957,5320,5,33,172,210,1.2047619047619047,0.03173254821121639,657,You’ll need to put the guitar down once the stagecoach gets underway
5251,5323,5,34,176,215,1.2046511627906977,0.031272146714319354,657,"So it seems to me that the blues you sing are linked to your childhood, is that right?"
5560,5323,6,32,177,215,1.2046511627906977,0.031959599047077084,657,"Let's start from the very beginning, a very good place to start."
5891,5323,4,36,175,215,1.2046511627906977,0.030569238606708852,657,And when did these dreams about Willie Nelson begin?
5635,5326,9,27,184,220,1.2045454545454546,0.03341484053506313,657,This is the last tune that I write for you about your *!#%*! # hat.
3155,5326,6,33,181,220,1.2045454545454546,0.031496326241934436,657,"Remember when we talked about you taking things too literally?  So, last time, I might have used some phrases like “get in tune with those around you,” “achieve harmony”, “get with the beat” . . ."
4699,5326,8,29,183,220,1.2045454545454546,0.032787811265294724,657,"Please, not 'Home on the Range' again."
201,5326,9,27,184,220,1.2045454545454546,0.03341484053506313,657,Have you had thoughts of harming yourself or other folk?
3119,5326,7,31,182,220,1.2045454545454546,0.03214855466663281,657,"So, tell me, when did you start dreaming that YOU were Willie Nelson"""
4503,5331,8,30,187,225,1.2044444444444444,0.032304219696957195,657,When did you move to where the buffalo roam?
6635,5331,7,32,186,225,1.2044444444444444,0.03168406650900003,657,I like to start from when you woke this up this morning
2193,5333,4,29,148,181,1.2044198895027625,0.03389782796270655,657,You’re just a lonesome ole cowboy.
6312,5333,6,25,150,181,1.2044198895027625,0.035662830075574734,657,"So, tell me again about how your momma tried."
2804,5335,6,35,189,230,1.2043478260869565,0.030624055469185996,657,"And how did it make you feel, when the store manager refused entry to your emotional support guitar?"
477,5336,5,38,192,235,1.2042553191489362,0.029604824280407043,657,Have you considered that an accordion might make you more popular on the trail?
3856,5337,8,33,199,240,1.2041666666666666,0.030964232676644363,657,Do you know any cry in your Chablis songs?
6525,5338,7,26,163,196,1.2040816326530612,0.034630717896502614,657,"Help me, doctor. I always seem to wind up with bad men who know how to pull my strings."
79,5339,6,39,205,250,1.204,0.029067433024789143,657,So being a fifth Beetle was your passion.
810,5340,5,31,165,201,1.2039800995024876,0.032567120097618196,657,"I just feel like I was really onto something with ""Condo of the Rising Sun"""
840,5340,3,35,163,201,1.2039800995024876,0.031001851942916218,657,"So you say your mother's favorite expression was ""Git along little Dogie?"""
5116,5340,8,25,168,201,1.2039800995024876,0.03478320058298216,657,"What is it again that you do, when you get behind closed doors?"
4505,5343,7,28,171,206,1.203883495145631,0.03351564473433164,657,So Nationwide is no longer at your side - how does that make you  feel?
4255,5343,8,26,172,206,1.203883495145631,0.03421488183314202,657,"So, you feel your wife left you because you sing off key?"
3479,5343,4,34,168,206,1.203883495145631,0.03132442100445135,657,Keep stringing along and we'll never reach a cure.
2469,5343,4,34,168,206,1.203883495145631,0.03132442100445135,657,So why are you so afraid of being buried on the lone prairie?
504,5347,6,31,174,211,1.2037914691943128,0.032303069601497335,657,This song has been stuck in your “craw for how long”?
2244,5347,7,29,175,211,1.2037914691943128,0.03299431532410871,657,How long you say your fingers have been stuck like this?
2292,5347,9,25,177,211,1.2037914691943128,0.03433508292929815,657,When did you first notice the guitar singing to you?
6260,5347,8,27,176,211,1.2037914691943128,0.033671373327119405,657,All the Federales say they didn't like the tunes you play
6955,5347,6,31,174,211,1.2037914691943128,0.032303069601497335,657,"Well, I haven't seen you around these parts in awhile. How's your relationship with your mother?"
7065,5347,9,25,177,211,1.2037914691943128,0.03433508292929815,657,"Could you describe it again, this time in English?"
7080,5353,11,22,183,216,1.2037037037037037,0.035045509061255684,657,"How about these lyrics - ""A Cowboy on couch in Manhattan, dreamed of his tush on a saddle of satin.......'"
5007,5353,11,22,183,216,1.2037037037037037,0.035045509061255684,657,Haw yee doing?
4520,5353,5,34,177,216,1.2037037037037037,0.031141447823536023,657,"Curly, you must realize you are as deserving of the Heifer's love as any cowpoke at the Lazy Y"
6455,5353,9,26,181,216,1.2037037037037037,0.03379430515767967,657,Do you feel singing about their misfortune helps you forget about your own?
1214,5353,7,30,179,216,1.2037037037037037,0.032494959867927144,657,"I'm diagnosing you with a ""singing cowboy syndrome."""
912,5353,8,28,180,216,1.2037037037037037,0.03315099906419541,657,Yippie-eye-yo mama
3191,5353,8,28,180,216,1.2037037037037037,0.03315099906419541,657,"Buck, you're really an old cowhand on a real divan."
474,5353,8,28,180,216,1.2037037037037037,0.03315099906419541,657,I think you have confused Austin with Austrian...
1084,5361,7,31,183,221,1.2036199095022624,0.03201613643192967,657,"You're making real progress. Remember, the only way to overcome your fears is to confront them. From the top: Free Bird."
6087,5362,6,34,186,226,1.2035398230088497,0.030927061763023372,657,"Tell me about the ""ten dollar horse and forty dollar saddle."""
2001,5363,8,31,192,231,1.2034632034632036,0.031714075709427844,657,"Yes, but what happens when you sing that in reverse?"
5744,5364,8,32,196,236,1.2033898305084745,0.031272244339962216,657,Play 'Melancholy Baby'
1717,5364,8,32,196,236,1.2033898305084745,0.031272244339962216,657,"Medically speaking, it's actually probably better for your aching heart that you play that thing left-handed."
4261,5366,4,30,153,187,1.2032085561497325,0.033173994504730145,657,"It seems to me, Tex, that you'd rather complain about it than actually go back to the lone prairie."
2931,5367,7,37,207,251,1.203187250996016,0.02950790297252429,657,"No, I don't think ""where the deer and the antelope play"" means you hate your mother."
1890,5368,7,25,160,192,1.203125,0.035060299667623994,657,I hear you...
2521,5368,8,23,161,192,1.203125,0.035829626492591346,657,"I'm sorry, but I can't change my notes to lyrics for a country song..."
6385,5368,7,25,160,192,1.203125,0.035060299667623994,657,"Doc, I just can’t stop strumming her pain with my fingers"
5342,5371,4,32,161,197,1.2030456852791878,0.03213708456295917,657,"If singing is getting you down, maybe you should try the trombone."
5348,5371,8,24,165,197,1.2030456852791878,0.03521337358137487,657,Ballad of Making the Love to a Cactus—is that how you would describe your relationship with your mother?
5140,5371,4,32,161,197,1.2030456852791878,0.03213708456295917,657,"Yes, I understand you're from Alabama, but why did you switch to guitar again?"
1353,5371,6,28,163,197,1.2030456852791878,0.03371033879382005,657,"Have you ever asked yourself why, as a cowboy, you insist on trying to sing the blues?  Is it not inappropriate cultural appropriation?"
3316,5371,3,34,160,197,1.2030456852791878,0.03132083708193506,657,And how does counting your money at the table make you feel?
3446,5371,5,30,162,197,1.2030456852791878,0.032933107550008986,657,Zoloft could help your lonesomeness.
835,5377,5,31,166,202,1.202970297029703,0.03242122531594384,657,Let’s take it from the top cowboy
5046,5377,8,25,169,202,1.202970297029703,0.03462530610137925,657,"So this ""Home on the Range""  you sing of is not really referring to your mother's stove?"
5069,5377,6,29,167,202,1.202970297029703,0.03317219480523111,657,Yea Yea you're as much a cowboy singer as I'm a psychiatrist ...ketchy
6056,5377,8,25,169,202,1.202970297029703,0.03462530610137925,657,"Do know ""Melancholy Baby""?"
939,5381,3,36,168,207,1.2028985507246377,0.030427076285534052,657,"You say you can't get over all the other cowhands constantly requesting the Billy Joel ""Piano Man"" song"
2126,5381,5,32,170,207,1.2028985507246377,0.03193135139414722,657,"You know what they say, the grass is always greener on the other side of the Mississippi"
3197,5381,3,36,168,207,1.2028985507246377,0.030427076285534052,657,Can’t you tell me your troubles in disco?
4923,5381,4,34,169,207,1.2028985507246377,0.031188284444180446,657,Here is a song about why I hate therapist
5345,5381,5,32,170,207,1.2028985507246377,0.03193135139414722,657,So you feel a wall is keeping you from reaching your potential?
4332,5386,8,27,177,212,1.2028301886792452,0.033525953824925916,657,"The truth is it won’t be easy, but don’t play for me, Argentina."
3832,5386,7,29,176,212,1.2028301886792452,0.0328523797956863,657,Your guitar is a surrogate for your body.  If you keep playing it you’ll go crazy.
473,5388,8,28,181,217,1.2027649769585254,0.03301122564199601,657,Tune that thing!
972,5388,4,36,177,217,1.2027649769585254,0.030316058918572284,657,"That was a delightful rendition of ""I got those cowpoke blues""."
1427,5388,8,28,181,217,1.2027649769585254,0.03301122564199601,657,How're ya doin' without Chong?
1445,5388,5,34,178,217,1.2027649769585254,0.03101181751949494,657,"So tell me, in full detail, what happened after you got up this mornin'?"
2409,5388,7,30,180,217,1.2027649769585254,0.03235848607210584,657,So they call ya Lefty....right?
2835,5388,6,32,179,217,1.2027649769585254,0.031692305428456295,657,"Yes, I can see where that habit really undermines your happiness."
2855,5388,4,36,177,217,1.2027649769585254,0.030316058918572284,657,"Understand the Upper West Side, but don't live in it"
4776,5388,9,26,182,217,1.2027649769585254,0.033651306302948804,657,"When you said you had the blues, I didn’t realize you were going to SING them to me!"
4894,5388,3,38,176,217,1.2027649769585254,0.02960395295980317,657,Why do you think the American Idol judges said you weren't the right fit?
6039,5397,7,31,184,222,1.2027027027027026,0.031884788361872224,657,"Can you recall any of your feelings, mood, emotions  after your performance of the ""Freudian Slip""  in E Flat Major?"
5512,5397,6,33,183,222,1.2027027027027026,0.031238997778966642,657,"It loves you, too."
6642,5397,7,31,184,222,1.2027027027027026,0.031884788361872224,657,"Ok, let's start with your Mother..."
903,5397,6,33,183,222,1.2027027027027026,0.031238997778966642,657,"Next, we will work on your refusal to re-string your guitar as a lefty."
1079,5397,5,35,182,222,1.2027027027027026,0.030579572194312715,657,Forget about playing your song backwards. It isn't going to work.
1871,5402,4,38,185,227,1.2026431718061674,0.02951085052254046,657,"Yes, thats a G chord. Now play me an A minor."
2984,5402,5,36,186,227,1.2026431718061674,0.030164136544296286,657,You seem keyed up
4024,5404,6,36,195,237,1.2025316455696202,0.02998202070739519,657,"I mean, Alan Rickman was 52 when he was cast in Die Hard."
5732,5405,5,39,198,242,1.2024793388429753,0.02900878177482169,657,So you feel you're just strumming along with life?
89,5406,3,34,161,198,1.202020202020202,0.031179118215321943,657,"Unfortunately, ""the medium is the message""."
3715,5406,4,32,162,198,1.202020202020202,0.03199080454809335,657,"So, tell me, why do you think Mama tried?"
2190,5408,10,21,172,203,1.2019704433497538,0.035855910131236644,657,What rhymes with cowhand?
5677,5408,7,27,169,203,1.2019704433497538,0.033753907042223044,657,What the heck is jimson weed?
6073,5408,7,27,169,203,1.2019704433497538,0.033753907042223044,657,Alright!  Just play one more song and then we can go back to the session.
7077,5411,6,30,172,208,1.2019230769230769,0.03251476480827887,657,"So, you want a home where the buffalo roam and the skies are not cloudy all day?"
2978,5411,5,32,171,208,1.2019230769230769,0.031792433016836485,657,"It just rankles me, Doc. There ain't no purple sage on 42nd Street."
837,5411,5,32,171,208,1.2019230769230769,0.031792433016836485,657,Do you sense an aura between us?
1339,5411,7,28,173,208,1.2019230769230769,0.03322139467188795,657,"We've talked about this before, and I just can't set appointments as late as midnight."
1609,5415,7,29,177,213,1.2018779342723005,0.03271164277301389,657,We seem to be making great progress here. The turning point seems to be when you traded your six-shooter for six strings...
3066,5415,9,25,179,213,1.2018779342723005,0.034038704120551704,657,"I'm my own grandpa"""
3695,5415,3,37,173,213,1.2018779342723005,0.029881230937076335,657,"So basically, you're defying your mama."
6294,5415,5,33,175,213,1.2018779342723005,0.03132841789194085,657,"We are talking about Oedipus complex here :  like Waylon Jennings said,
""Mamas don't let their babies grow up to be cowboys"""
6514,5415,4,35,174,213,1.2018779342723005,0.030613377222441233,657,Which country singer will you be impersonating today?
6683,5415,5,33,175,213,1.2018779342723005,0.03132841789194085,657,"How many times do I have to tell you, 'Home on the Range' is in G major!"
674,5421,4,36,178,218,1.201834862385321,0.03019100473488047,657,Therapy in the south is a lot more honky-talk.
1773,5421,4,36,178,218,1.201834862385321,0.03019100473488047,657,It seems like you're having a hard time letting go.  I'd recommend that you stop stringing her along.
3390,5421,7,30,181,218,1.201834862385321,0.03222313722061397,657,"Segovia told you to grow a beard, you say."
4657,5421,4,36,178,218,1.201834862385321,0.03019100473488047,657,"So, after camping west of the Pecos, what happened next?"
3177,5425,8,29,186,223,1.201793721973094,0.03238436773019143,657,"I charge by the hour, just so you know.""
""That's funny Doc, so do I. Let me just tune her up a bit."
6579,5426,6,34,188,228,1.2017543859649122,0.03068104586838561,657,. . . and crazy for loving you.
3782,5426,8,30,190,228,1.2017543859649122,0.031915706179004,657,Good. Now let's explore why you think the Democratic field needs a 28th candidate.
1547,5426,3,40,185,228,1.2017543859649122,0.02872974047199493,657,"Now that we've worked through your relationship issues, let's tackle your recent writer's block."
2465,5426,7,32,189,228,1.2017543859649122,0.03130446355140506,657,Your problem is you sing off key!
5604,5430,4,39,190,233,1.201716738197425,0.029018562703311306,657,"My cure for lonesomeness, sing in tune."
884,5431,5,39,199,243,1.2016460905349795,0.028901171591212818,657,"So, tell me about your drummer."
6058,5432,6,27,161,194,1.2010309278350515,0.03395159339793445,657,The only responses I get on cowboy dating sites are from real horses.
6604,5432,4,31,159,194,1.2010309278350515,0.03234004938544969,657,And how do you feel about the little dogies gittin' along?
3875,5434,4,32,163,199,1.2010050251256281,0.03184582572783873,657,Tell me how it feels to be extinct.
4921,5434,3,34,162,199,1.2010050251256281,0.031038649641361347,657,"Instead of “Misery and Gin”, how ‘bout we try “Blue, Clear Sky”?"
1892,5434,4,32,163,199,1.2010050251256281,0.03184582572783873,657,"You've been strumming and singing I'm an Ol' Cowhand on the Rio Grande a while now...... are we stuck?"""
2094,5434,3,34,162,199,1.2010050251256281,0.031038649641361347,657,Have you considered switching to a ukulele?
634,5438,6,29,169,204,1.2009803921568627,0.03287615240161914,657,Have you tried Twitter?
1106,5438,5,31,168,204,1.2009803921568627,0.032133257173736156,657,So tell me why you're tired of being an old cowhand from the Rio Grande
2731,5438,2,37,165,204,1.2009803921568627,0.0297936348264256,657,"Shrink: """"I see by your oufit that you are a cowboy.""
Cowboy: ""If you buy an outfit, you can be a cowboy, too."""
3496,5438,8,25,171,204,1.2009803921568627,0.034313725490196074,657,Hm. Delusions of Grand Ole.
6946,5438,7,27,170,204,1.2009803921568627,0.03360262752933928,657,"The best way to treat those ""Lovesick Blues"" is with a  chorus of ""Keep on the Sunny Side""."
821,5438,9,23,172,204,1.2009803921568627,0.03501038327635894,657,Your rejection may have different roots. I don't think you have quite the look for  gangsta rap...
3857,5444,7,28,174,209,1.200956937799043,0.03307617176848191,657,So tell me when you first started to feel picked on as a child
3480,5444,7,28,174,209,1.200956937799043,0.03307617176848191,657,"And, Norman, when did  you first realize you had a thing about horses?"
5316,5446,5,33,176,214,1.2009345794392523,0.03119594639216023,657,"Last session, you featured the blues from your teen-age years."
4082,5446,4,35,175,214,1.2009345794392523,0.030484587947412902,657,"I see, you feel lonesome, rablin' n on a lost highway, low down, dirty  and blue"
4799,5448,6,32,181,219,1.2009132420091324,0.03142937559345968,657,How do you feel about seeking refuge in Jesus for your wife and dog leaving you in your pickup truck?
5578,5449,7,31,186,224,1.2008928571428572,0.03162525223436424,657,Since when have you had this obsession with Mr. Bojangles?
3189,5449,7,31,186,224,1.2008928571428572,0.03162525223436424,657,Now let's talk about your home-on-the-range life
902,5449,8,29,187,224,1.2008928571428572,0.03225205444288137,657,How do you feel about that stupid lyric?
2622,5449,4,37,183,224,1.2008928571428572,0.029665489515409826,657,"The song ""Wildfire"" makes everybody cry, Lord Beaverbrook. That does not signify that you are the reincarnation of Mr. George ""Gabby"" Hayes."
150,5453,5,36,188,229,1.2008733624454149,0.029926179422157275,657,Tell me more about your childhood on the prairie.
3746,5453,6,34,189,229,1.2008733624454149,0.030559476193483447,657,I dreamt about a horse.
5042,5453,4,38,187,229,1.2008733624454149,0.029279187905306012,657,Describe your mental state: yee-haw or yee-naw?
5300,5453,6,34,189,229,1.2008733624454149,0.030559476193483447,657,Does 'Home on the Range'' mean something special?
5133,5457,7,36,206,249,1.2008032128514057,0.029560366212862062,657,At your next appointment let’s focus on your mother’s salsa and chips.
4692,5458,8,28,184,220,1.2,0.03259879768682912,657,"So you believe that once all the cows are gone, farting cowboys will be next to go."
5081,5458,6,32,182,220,1.2,0.03129951452972707,657,I guess lately I've just been down on my pluck.
5224,5458,5,38,197,240,1.2,0.029048125316091536,657,"Can you sing anything other than ""Row, Row, Row your boat?"
5330,5458,6,27,162,195,1.2,0.03379276302216914,657,"So level with me Stu...Did you in matter of fact get yer dog, wife, or job back when y’all sang that song backwards, or is it about time we try another approach?"
5676,5458,7,29,179,215,1.2,0.03243370514292159,657,Is that an A sharp or a B flat?
5592,5458,6,30,174,210,1.2,0.03223291856101522,657,Tell me again about the home on the range?
6026,5458,7,26,167,200,1.2,0.03399674829262884,657,Why do you think Bollywood rejects you?
5551,5458,7,32,191,230,1.2,0.031056334587002937,657,"Is there a reason you keep playing the same song?"""
6332,5458,4,33,168,205,1.2,0.03123475237772122,657,The voices tell me it’s going to be a big hit.
6444,5458,4,33,168,205,1.2,0.03123475237772122,657,"So, after that, what became of your pink plush bunny?"
6615,5458,7,32,191,230,1.2,0.031056334587002937,657,"So, I'm hearing your misfortune is rooted in 
your little doggy abandoning you."
6805,5458,7,31,187,225,1.2,0.031497039417435604,657,"Sir, My research indicates that according to one 'M. Haggard', there is neither a proper form of measurement of, nor is there any kind of cure for, this ""Ramblin' Fever"" of yours..."
6813,5458,2,35,158,195,1.2,0.030503744954540446,657,Sing for me your sad and lonesome tune.
7045,5458,7,29,179,215,1.2,0.03243370514292159,657,"Okay Sue, you called him Pa and he called you son and you come away with a different point of view."
4012,5458,5,35,185,225,1.2,0.030210898905832194,657,"Have you ever considered the possibility that ""Hank"" really did ""do it this way""?"
6195,5458,8,26,176,210,1.2,0.033616929844993815,657,"I'll tell you what that song makes me think of, Job Security....."
4010,5458,7,29,179,215,1.2,0.03243370514292159,657,Freeze all motor functions!
5510,5458,5,34,181,220,1.2,0.030629211700294964,657,Ain't it hard keepin' it so hardcore?
3518,5458,7,30,183,220,1.2,0.03195576020393985,657,"So, Tex, what does being able to play a guitar left handed have to do with why you hate your mother?"
216,5458,4,31,160,195,1.2,0.03219028804565232,657,Stick to major chords for now--you're not ready for jazz.
301,5458,4,38,188,230,1.2,0.02916468887668083,657,Trains are OK; but I wouldn’t refer to Mama.
310,5458,2,37,166,205,1.2,0.02966414908258585,657,Let's explore your verse: Repeatedly thrown from my horse with force.
824,5458,7,29,179,215,1.2,0.03243370514292159,657,Hmmm. Your problems stem from childhood. You learned to ride before you learned to stand.
969,5458,9,23,173,205,1.2,0.034852973967177715,657,"I don't know if I have this right. You say that all life is just three chords and a good horse. I understand the horse, but where do you tie the chords?"
1566,5458,4,31,160,195,1.2,0.03219028804565232,657,"I'd show you the notes I wrote, but you probably wouldn't understand them."
1822,5458,4,39,192,235,1.2,0.028796556743914896,657,A boy named Sue
1915,5458,4,38,188,230,1.2,0.02916468887668083,657,Your ballad would be exempt from HIPAA
384,5458,6,33,186,225,1.2,0.03086066999241838,657,What would happen if you tried singing it in reverse?
2437,5458,5,33,177,215,1.2,0.03106457157344918,657,I can see you are a rebellious type; you're playing that guitar left handed.
2427,5458,4,34,172,210,1.2,0.030786752113836937,657,Tell me the part of the buffalo again.
3205,5458,6,28,166,200,1.2,0.03324947575813722,657,"Where the buffalo roam, you say?"
2903,5458,8,22,160,190,1.2,0.03594605940650558,657,Tell me about what's gotten you out of tune?
2806,5458,6,25,154,185,1.2,0.03495842755151132,657,in percentage terms  how big are the parts between country and rock n roll within you
3766,5458,6,27,162,195,1.2,0.03379276302216914,657,"No, Freud never said to refer to your neuroses as “little dogies” and sing to them to “git along”."
2717,5458,7,23,155,185,1.2,0.03578890978298668,657,"I must be getting tired of this profession, I’ll listen to anybody!"
2709,5458,7,21,147,175,1.2,0.03713906763541037,657,"No, Bill, you are not Jimi Hendrix."
148,5494,4,42,205,251,1.199203187250996,0.027669028707217026,657,How would you put that in words?
3811,5495,5,38,198,241,1.1991701244813278,0.028939243966817078,657,"So, how long ago did you discover your real last  name is  ""Chalupa?"""
3795,5495,6,36,199,241,1.1991701244813278,0.02953062796457773,657,"Depression, despair, and  loss, can be beautiful!"
3124,5497,10,26,195,231,1.199134199134199,0.03270818648020354,657,"So you are saying, you split up because your home was not actually big enough for both you and the buffalo?"
2755,5498,5,35,186,226,1.1991150442477876,0.03008994154660758,657,Okay those are your blues. Now give me the reds.
2943,5498,10,25,191,226,1.1991150442477876,0.03319731037453541,657,So when did you become convinced that the Nobel Prize Committee is conspiring against you?
6079,5498,7,31,188,226,1.1991150442477876,0.03136984723916027,657,"Play the old hit song, Going out of my Mind."
3475,5501,5,34,182,221,1.1990950226244343,0.030503730276274166,657,And just how did you deny your Mama's feelings when she tried to steer you better?
5483,5501,4,36,181,221,1.1990950226244343,0.029821841417234835,657,"From the Rio Grande, you say?"
6624,5501,6,32,183,221,1.1990950226244343,0.0311707057350434,657,I don't suppose you could play something we could sing to!
4793,5504,5,33,178,216,1.1990740740740742,0.030934280179785837,657,Do me a favor.  Stop singing the blues.
3415,5504,6,31,179,216,1.1990740740740742,0.03162271355177446,657,So this Rosalita who is jumping higher...this Senorita by the fire is someone you know?
358,5504,6,31,179,216,1.1990740740740742,0.03162271355177446,657,So next time let’s talk about your fascination with a little doggie and it’s travels.
3027,5507,8,26,177,211,1.1990521327014219,0.033470652749812625,657,"Try playing ""I've Always Been Crazy"" again."
3815,5507,4,34,173,211,1.1990521327014219,0.03065515361873769,657,"Unless you've been hitting people with it, your guitar does not count as a defense mechanism."
428,5509,6,29,171,206,1.1990291262135921,0.032585269776740935,657,"You probably shouldn't take it personally that they didn't like Mahler's ""I am lost to the world."""
1057,5509,4,33,169,206,1.1990291262135921,0.031097916531933556,657,Have you tried changing your tune to something positive?
1317,5509,4,33,169,206,1.1990291262135921,0.031097916531933556,657,"So, you say she insisted you put the guitar down? Go on..."
3654,5509,6,29,171,206,1.1990291262135921,0.032585269776740935,657,"Do I know 'why I'm feelin' so blue, doc'?  I'm not sure - strum a few bars."
3835,5509,7,27,172,206,1.1990291262135921,0.03330404635057017,657,Let's see: it rhymes with 'transference....'
5168,5509,4,33,169,206,1.1990291262135921,0.031097916531933556,657,"Are you telling me that ""Eleanor Rigby"" was originally a ranchera?"
6868,5509,5,31,170,206,1.1990291262135921,0.031850276443463506,657,This 'cayuse' you have referred to...do you keep in touch?
4740,5516,6,28,167,201,1.199004975124378,0.03309860174821869,657,"If it's gunna be like that, my rates are going up."
2239,5517,3,32,156,191,1.198952879581152,0.031687972469473795,657,"For next week, let's try the Bozo the Clown costume."
5703,5518,4,29,153,186,1.1989247311827957,0.033073581781595605,657,"Compared to Roy and Gene, I just don't have what it takes!"
4440,5519,6,24,151,181,1.1988950276243093,0.0354051266024248,657,Can you try something in a major key?
4489,5520,6,36,200,242,1.1983471074380165,0.029419861560281185,657,And quit binge watching “Unforgiven”.
1954,5520,10,28,204,242,1.1983471074380165,0.031665403225676056,657,"Okay, you've mastered the blues. Maybe it's time to pivot to something a bit peppier."
5500,5522,5,36,191,232,1.1982758620689655,0.029576080840096042,657,I'm not sure if Malignant Cosplay is in the manuals Mr Potts.   Why don't we try Delusions of Grand Ole Opry?
5266,5523,8,29,190,227,1.198237885462555,0.031861440043207956,657,"How long have you been playing the cigar, er, guitar?"
5795,5523,9,27,191,227,1.198237885462555,0.032467463660196184,657,Had you experienced theses feelings prior to all of your rowdy friends settling down ?
5958,5523,5,35,187,227,1.198237885462555,0.029969932547959845,657,Whatever gave you the idea you'd play guitar left-handed?
430,5526,4,36,182,222,1.1981981981981982,0.0297007479273577,657,"You were the last person I thought I would collaborate with, Dr. Dre."
834,5526,5,34,183,222,1.1981981981981982,0.03037925565400743,657,"All my rivers have run dry"" is a little dated.  
Try ""my power has no bars"" and see how that feels"
2740,5526,5,34,183,222,1.1981981981981982,0.03037925565400743,657,Was Irene your mother's name?
4447,5529,6,31,180,217,1.1981566820276497,0.0314900153609831,657,"Git Along Little Dogies, a metaphor perhaps...."
3727,5529,10,23,184,217,1.1981566820276497,0.03409250148445227,657,"Every time you play me that song I fall deeper in love with you, Ringo. But now we have to stop. How's next Tuesday at 10:00"
4870,5529,9,25,183,217,1.1981566820276497,0.033460861614119757,657,Do you think your mother misses her guitar?
2200,5529,6,31,180,217,1.1981566820276497,0.0314900153609831,657,"Well Stan, why do you think your music started sounding like Lady Ga Ga’s?"
1889,5529,4,35,178,217,1.1981566820276497,0.03010452245790883,657,I'm sorry to hear that you and Buzz parted ways.
3422,5529,5,33,179,217,1.1981566820276497,0.030805059161229414,657,I've just been solo for so long.
5502,5529,8,27,182,217,1.1981566820276497,0.03281706663385937,657,Tell me about yourself
6599,5536,5,32,175,212,1.1981132075471699,0.031248444576516803,657,So your mama was a hardscrabble waitress from Laredo.  How does that make you feel?
4854,5536,5,32,175,212,1.1981132075471699,0.031248444576516803,657,I must preface my next question with a trigger warning.
188,5536,8,26,178,212,1.1981132075471699,0.03332562757615802,657,"To be honest, your issues sound more underground than bluegrass."
1164,5536,2,38,172,212,1.1981132075471699,0.029022975787442975,657,Have you tried a more upbeat genre?
3609,5536,3,36,173,212,1.1981132075471699,0.029783281303267246,657,How do you feel about 'Ole Gray' refusing to giddy up anymore?
1112,5541,8,25,174,207,1.1980676328502415,0.03385660306578015,657,I wrote the lyric down but play it in a different chord progression.
3196,5541,6,29,172,207,1.1980676328502415,0.03244172221974344,657,"According to your love songs, it appears that your relationship isn't going too well."
5163,5541,7,27,173,207,1.1980676328502415,0.03315671057068832,657,It seems you are facing major problems.
4199,5544,8,24,170,202,1.198019801980198,0.03441160575918211,657,"I've really captured your likeness, Dave."
6396,5544,4,32,166,202,1.198019801980198,0.031418529279540724,657,So your guitar had a rough childhood...
4644,5546,8,23,166,197,1.1979695431472082,0.03499241005495225,657,Dad I know I am your son!”But remember I have 8 years of college and I am a qualified psychologist.
6341,5546,2,35,160,197,1.1979695431472082,0.030227215374425437,657,Singing the blues is my specialty.
1996,5548,8,22,162,192,1.1979166666666667,0.035600973062732154,657,No one  knows you are not the president when you are on Twitter
2578,5549,8,30,195,233,1.1974248927038627,0.03128827534215897,657,Well I bet them doggies do enjoy it
3984,5549,9,28,196,233,1.1974248927038627,0.03187404652589161,657,What concerns you besides your children at the border?
4390,5549,4,38,191,233,1.1974248927038627,0.028826402857362415,657,"So you can't stop strumming the blues?"""
3035,5552,7,31,190,228,1.1973684210526316,0.031118477321653976,657,"So, your no longer feeling the blues."
2705,5552,6,33,189,228,1.1973684210526316,0.030491257241298312,657,"""Your life really sucks?"
993,5554,4,36,183,223,1.1973094170403586,0.029580615947987363,657,"Very interesting.  Flat strings, flat affect. I wonder if there is a paper in that."
1947,5554,5,34,184,223,1.1973094170403586,0.030255776033684567,657,"That's right, for only $19.95, you can have Sigmund Freud's complete works read by the master himself accompanied by all of your Mariachi favorites.  Call now and we will throw in Jung with Emo at no additional charge."
2061,5554,4,36,183,223,1.1973094170403586,0.029580615947987363,657,Tell me again how it felt when your Ma left you.
2312,5554,4,36,183,223,1.1973094170403586,0.029580615947987363,657,Tell me about your home life.
3702,5554,6,32,185,223,1.1973094170403586,0.03091619522092973,657,I didn't ask you to sing your sorrows. I asked if you'd be seeing her tomorrow.
1775,5559,5,33,180,218,1.1972477064220184,0.03067689567011786,657,"For the last time, I am not Lady Gaga but your therapist."
2202,5559,7,29,182,218,1.1972477064220184,0.032025424247722166,657,You have helped me so much that I am taking notes for my book. Thank you.
3341,5559,9,25,184,218,1.1972477064220184,0.033319418790517426,657,Let's talk about your ma.
3450,5559,10,23,185,218,1.1972477064220184,0.03394792488037426,657,It's just... I've never even SEEN an antelope!
5229,5559,3,37,178,218,1.1972477064220184,0.02926629559175539,657,"Try this: ""Ain't got that feelin' baby, no, no, no."""
6587,5559,7,29,182,218,1.1972477064220184,0.032025424247722166,657,Tell me more about your mother in this home on the range.
6092,5565,10,22,181,213,1.1971830985915493,0.034490813504605436,657,What do you think will  happen if  you play Whoopie Ti-Yi-Yo with Jazz chords?
2836,5565,8,26,179,213,1.1971830985915493,0.033181838570402945,657,"Slim, you should not feel inferior because you cannot play Classical Gas as good as Mason Williams.  Most of the cows probably don’t know the song anyway."
212,5565,7,28,178,213,1.1971830985915493,0.03250759154818586,657,"I've heard that you are a rambling man that was tied to a whipping post, but let's keep it lighter today ... tell me more about that sweet Melissa."
1873,5565,4,34,175,213,1.1971830985915493,0.030395243054101358,657,"Putting your feelings into song has really helped, but I’m still not sure the outfit’s role in all of this."
2110,5565,5,32,176,213,1.1971830985915493,0.03111529692878557,657,"That's all good and well, but how do you FEEL about the death of your beloved dog Blue?"
2036,5570,5,31,172,208,1.1971153846153846,0.03157215743074998,657,"You need to work more on ""Feelings."""
4938,5570,8,25,175,208,1.1971153846153846,0.033706891358519356,657,"Your playing is very mature,but if you need my help I require cash, music won't make it"
6138,5570,5,31,172,208,1.1971153846153846,0.03157215743074998,657,"Even though you are playing guitar and singing, your song selection ""When A Cowboy Trades His Spurs For Wings"" does not make you appear any less suicidal."
1127,5573,5,30,168,203,1.1970443349753694,0.032048767663965534,657,I'm paid to be 'attuned' to your feelings
5477,5573,4,32,167,203,1.1970443349753694,0.031278589458884086,657,"Is that C, G7, F or C, F, G7?"
5565,5573,7,26,170,203,1.1970443349753694,0.03353610307208783,657,"Sing the blues Mr Adams, sing the blues."
633,5576,5,29,164,198,1.196969696969697,0.03254654503410339,657,"'Generally, you ain't learnin' nothing when your mouth's a-jawin'."
1203,5577,4,30,159,193,1.1968911917098446,0.03224061778407679,657,"You know, singing about your personal issues is a little confusing when you play in an upbeat rhythm."
4351,5578,3,31,154,188,1.196808510638298,0.03187457156223791,657,All hat and no tattle
3473,5579,6,35,198,239,1.1966527196652719,0.029576111224884537,657,Now play that cord again.....very interesting
2328,5579,5,37,197,239,1.1966527196652719,0.028975607801545938,657,"I fix emotions, not guitar strings"
404,5579,6,35,198,239,1.1966527196652719,0.029576111224884537,657,Sing me about your father.
1019,5579,6,35,198,239,1.1966527196652719,0.029576111224884537,657,"Your words are sad, but you actually *sound* pretty happy."
456,5583,3,40,191,234,1.1965811965811965,0.028069354279520134,657,Let's delve deeper into why you sing about trading your spurs for wings.
4456,5583,3,40,191,234,1.1965811965811965,0.028069354279520134,657,Can you recall when you started experiencing double bass envy?
4969,5583,6,34,194,234,1.1965811965811965,0.029965579754394286,657,Last week you talked about your separation anxieties stemming from when your ex-wife ran over your dog while driving away in your mobile home. This week tell me about your mother.
5396,5583,8,30,196,234,1.1965811965811965,0.031165699899870655,657,Sing about your mother.
1792,5587,6,33,190,229,1.1965065502183405,0.030370047619130234,657,"With what we've learned of the circumstances of your birth, I really don't expect to see you next week."
6746,5587,9,27,193,229,1.1965065502183405,0.03220645748335314,657,"While I appreciate the sentiment, serenading me will not lower your bill, Carl."
4188,5589,6,32,186,224,1.1964285714285714,0.030790469109959133,657,Dale would have loved that
3284,5589,5,34,185,224,1.1964285714285714,0.03013327979347625,657,And how is the old cowhand from the Rio Grande these days?
4850,5589,4,36,184,224,1.1964285714285714,0.02946143435429614,657,"So, in your dreams you know how to wow them with your cowboy music?"
2719,5589,7,30,187,224,1.1964285714285714,0.03143392156430328,657,So what's your charge foe a fifty-minute one hour show?
2912,5589,6,32,186,224,1.1964285714285714,0.030790469109959133,657,"I see, you want to kill your bass player and marry your drummer"""
1933,5594,5,33,181,219,1.1963470319634704,0.030549777057342607,657,"So, to recap:  Susannah, in Alabama, with a banjo are out. You've decided to explore love with Margot in NYC with a guitar."
819,5594,9,25,185,219,1.1963470319634704,0.03317915338550023,657,"When do you think this Lonesome Cowboy fixation first began, Mr Jones?"
1308,5594,7,29,183,219,1.1963470319634704,0.031891574887671255,657,How long have been unable to prevent “La Cucaracha” from playing in your head?
1930,5597,4,34,176,214,1.1962616822429906,0.03026690439837317,657,"Okay, okay, but -- back to your mother ...."
3841,5597,7,28,179,214,1.1962616822429906,0.03236844773536738,657,Can you hum a few bars to your being unable to connect emotionally with your mother?
5175,5597,0,42,172,214,1.1962616822429906,0.02721355592245029,657,"Okay Colt, tell me more about that home on the range."
5487,5597,2,38,174,214,1.1962616822429906,0.028780749884294105,657,Stum it all you like but I can tell you she's not coming home.
6093,5597,7,28,179,214,1.1962616822429906,0.03236844773536738,657,I'd suggest stick to the rhythm and drop the blues songs.
4008,5602,7,27,175,209,1.1961722488038278,0.032865865470945464,657,If you changed it to Irma rather than Trigger it might stand a better chance.
641,5603,3,34,167,204,1.196078431372549,0.03035451004291421,657,And your dog dying yesterday... How does that make you feel?
5778,5603,4,32,168,204,1.196078431372549,0.031139869301048805,657,If I’m hearing you correctly you’re saying that while you were walking one morning for pleasure you spied a man singing to cows.
591,5605,6,36,203,245,1.1959183673469387,0.029092415813540905,657,Home on the Sofa” is not a song; and quit calling me Pard
4737,5606,6,26,162,194,1.1958762886597938,0.03371354782981651,657,This is a better hobby than strangling my kids.
2192,5606,4,30,160,194,1.1958762886597938,0.03209005153108957,657,"Now about ""Git along little doggies...."""
2339,5608,7,33,200,240,1.1958333333333333,0.03004988684961343,657,When did you first feel that your mama didn't support your decision?
3141,5609,8,30,197,235,1.195744680851064,0.03104406897622595,657,"Picture a range where buffalo's roam,  
 and you hadn't lost to the fella with the tool belt."
742,5610,4,37,189,230,1.1956521739130435,0.02896730648106012,657,"No, you may not sing me your song of troubles."
6544,5610,5,35,190,230,1.1956521739130435,0.029615487924447504,657,"Your mother hated the piano, didn't she?"
1539,5612,7,30,188,225,1.1955555555555555,0.03130607843114838,657,"It's your money, but I suggest you git along little dogie."
3754,5612,10,24,191,225,1.1955555555555555,0.03315295108711791,657,Need a back-up singer?
4337,5614,4,27,148,179,1.1955307262569832,0.033686525727636175,657,"Home on the Range one more time, please!"
3384,5615,6,31,183,220,1.1954545454545455,0.031098423858602578,657,"Doc, My dog died,my horse is lame and oh, my wife left me and went off with my best friend. How do you think I feel?"
7035,5615,6,31,183,220,1.1954545454545455,0.031098423858602578,657,That’s one crazy G-chord.”
955,5617,3,34,168,205,1.1951219512195121,0.030221216094476828,657,Perhaps the conflict stems from “Lefty” revealing too much about your true political beliefs.
2282,5618,5,29,166,200,1.195,0.03225019964100101,657,Its so lonesome in the saddle since my horse died
1219,5618,5,29,166,200,1.195,0.03225019964100101,657,I think it would help if you turned that into a positive. Where would you like to be buried if not the Lone Prairie?
896,5618,5,29,166,200,1.195,0.03225019964100101,657,"You say you ‘wrote a little song about it,’ how does it go?"
108,5618,3,33,164,200,1.195,0.030652452827165524,657,Maybe your mother would like you if you even just tried Mozart.
1765,5622,6,34,196,236,1.194915254237288,0.029734338307684433,657,My philosophy is simple - Git along little dogie.
1118,5623,6,26,163,195,1.1948717948717948,0.03355525063570924,657,"Sorry, but I don’t know what comes after the C minor 7 either."
208,5624,5,27,158,190,1.194736842105263,0.033289334722111034,657,"So you lost your wife AND your job? I told you this would happen, Zeke."
763,5625,9,26,191,226,1.1946902654867257,0.03241618139897617,657,So how  many years have you tried  for a cowboy role in the movies?
2601,5625,6,32,188,226,1.1946902654867257,0.03054201558830627,657,"Oh bury me not in the lone shrinks office"" sounds like the lyric of a man who's one string short of a guitar"
6171,5625,7,30,189,226,1.1946902654867257,0.03117925725480545,657,Say it with music.
6182,5625,8,28,190,226,1.1946902654867257,0.03180373326712343,657,"Did your mother play guitar all of the time, too?"
958,5629,7,29,185,221,1.1945701357466063,0.031627161393028375,657,"Could you please put the guitar down so we can Along With it, Little Dogie."
2128,5629,5,33,183,221,1.1945701357466063,0.030298624841314167,657,"As you were saying, you were stuck inside of Mobile with the Memphis blues again?"
6145,5631,5,32,179,216,1.1944444444444444,0.030722471040200573,657,Tell me again about your mother lode.
4643,5631,2,38,176,216,1.1944444444444444,0.028542446643686558,657,So you feel out of place?
2918,5631,5,32,179,216,1.1944444444444444,0.030722471040200573,657,Once more please . . . what is wide and on your side?
2569,5631,5,32,179,216,1.1944444444444444,0.030722471040200573,657,Do they have a name for 'crazy' way out there?
1921,5631,7,28,181,216,1.1944444444444444,0.032093657801630246,657,And how long have you been channeling Willie Nelson?
2879,5631,6,30,180,216,1.1944444444444444,0.03141554629402539,657,"I'm telling you Cameron, cowboys do not sing Bruno Mars."
1870,5637,5,31,175,211,1.1943127962085307,0.031163829641723973,657,"Ah, I see, you're angry that your law firm fired you."
4152,5637,6,29,176,211,1.1943127962085307,0.03187978694982021,657,The question we haven't asked though is were YOU ready for some football?
5130,5637,7,27,177,211,1.1943127962085307,0.03258001464078032,657,"Three clients sang ""Rawhide"" this week."
5181,5637,6,29,176,211,1.1943127962085307,0.03187978694982021,657,"Laredo, I hear where you're coming from."
6015,5637,6,29,176,211,1.1943127962085307,0.03187978694982021,657,I think I see the problem. Maybe you should try writing a song about love found.
6619,5637,7,27,177,211,1.1943127962085307,0.03258001464078032,657,So your mother's to blame for not letting you have piano lessons?
2241,5643,6,22,147,175,1.1942857142857144,0.03596855300212748,657,I can't git a long little doggie for you; you have to git it for yourself.
1081,5644,8,31,203,242,1.1942148760330578,0.030392396436629467,657,"Mr. Nelson, I would appreciate your NOT singing your problems to me. So far I have divorce, infidelity, and something called a crossover.   Let's continue."
6975,5645,4,32,170,206,1.1941747572815533,0.030866026186550946,657,"Boy, you must really hate your father."
2274,5646,5,29,167,201,1.1940298507462686,0.032104011552043156,657,"""I think working on those E-flats is going to help your depression."""
6781,5647,8,29,195,232,1.1939655172413792,0.031230771580670152,657,Why do you s'pose you kin only talk about your momma when you're strummin' your ole guitar?
3806,5647,6,33,193,232,1.1939655172413792,0.030012049044533865,657,"Express that desire for creativity and originality - play ""Freebird."""
1646,5647,9,27,196,232,1.1939655172413792,0.03182263496884315,657,"Winter, spring, summer, or fall; all you have to do is call..."
6187,5650,5,28,163,196,1.1938775510204083,0.03260560392246602,657,"Oh, bury me not on the lone prairie.  How long have you had these grim thoughts?"
6308,5650,3,32,161,196,1.1938775510204083,0.030959136932969256,657,Your Mommy issues don't explain this.
2504,5652,7,23,161,191,1.193717277486911,0.034753971617745544,657,I think maybe this caption contest is only voted on by the submitters mothers
6266,5652,5,27,159,191,1.193717277486911,0.03313027831490471,657,What do you mean by ‘Sometimes I am two people’?
2368,5654,6,31,185,222,1.1936936936936937,0.030842652840799956,657,"I don't think your verse, '...my horse, ...of course.' really gets to the depth of your pathos."
1281,5655,5,26,155,186,1.1935483870967742,0.03367979984928223,657,"Your wife left you, your horse was stolen, your dog died and your truck was repossessed.  Let me guess, a country song."
1412,5655,5,32,180,217,1.1935483870967742,0.030593690212574822,657,Could you clarify on how you feel...trapped in a man's body?
3597,5655,6,24,156,186,1.1935483870967742,0.034531891877734006,657,"Okay, you’re lonesome, far from home.  Now, try to sing one about your mother."
3889,5655,7,28,182,217,1.1935483870967742,0.03195798297513801,657,Are you feeling the blues?
6270,5655,3,36,178,217,1.1935483870967742,0.029165649072269626,657,Your perseveration is a clue.
3441,5660,4,33,175,212,1.1933962264150944,0.03030101550549056,657,Tell me more about this Greyhound station.
2470,5660,4,33,175,212,1.1933962264150944,0.03030101550549056,657,"Well now, when you put it that way."
1903,5660,5,31,176,212,1.1933962264150944,0.03103002195124951,657,And then what did Marshal Dillon do?
1698,5660,1,39,172,212,1.1933962264150944,0.028000345993770114,657,Maybe you need a change of scenery.
1083,5660,9,23,180,212,1.1933962264150944,0.03378912767177062,657,That tune tells me you're much older than I thought.
3667,5665,5,30,172,207,1.1932367149758454,0.031484737071660704,657,Borderline.....What??!!
3764,5666,5,24,147,176,1.1931818181818181,0.03486142240553237,657,"Keep writing doc, your lyrics along with my music is going to be our therapy"
2016,5667,7,31,195,233,1.1931330472103003,0.03050710136346971,657,"It's important for you to come to terms with your writers block.  So please explain which part of the exercise you don't understand.  Is it the Yip, the Eee or the I-aye?"
6426,5667,8,29,196,233,1.1931330472103003,0.03110758591805166,657,"You appear to be suffering from ""Don't fence me in"" disorder."
1104,5669,7,25,170,202,1.193069306930693,0.0334649501312773,657,Tell me about your herd?
2593,5669,3,33,166,202,1.193069306930693,0.0303787468216327,657,"So, please tell me more about you hero fixation with cowboys."
4867,5669,6,27,169,202,1.193069306930693,0.03272070032991153,657,You’re saying Cotton Eye Joe is about you?
5313,5669,8,23,171,202,1.193069306930693,0.03419300432102861,657,"I know its lonly out on the range, but please don't sing ""Home on the range again."
5755,5669,6,27,169,202,1.193069306930693,0.03272070032991153,657,"And this unusually flexible older man,how exactly did he seduce you into the ambidextrous lifestyle?"
2915,5674,7,30,191,228,1.1929824561403508,0.030928632966162387,657,"When I said to get into a younger mindset, I didn't mean it like this!"
6556,5674,2,40,186,228,1.1929824561403508,0.027629079315808845,657,"And how does that ballad make you feel, Tex?"
3603,5676,3,32,162,197,1.1928934010152283,0.03081730146609974,657,I feel like Hank Williams tonight
7021,5677,4,35,184,223,1.1928251121076232,0.0293716499113408,657,"Listen, you could be in a hundred-horse town and still feel like the Lone Ranger"
4660,5678,6,25,161,192,1.1927083333333333,0.033789603995983034,657,That second verse could rhyme with “tryst”
2206,5679,6,30,182,218,1.1926605504587156,0.0311520970967718,657,Rather than sing it ...tell me more about your early life home on the range.
5864,5679,8,26,184,218,1.1926605504587156,0.032480902447715225,657,I was drunk the day my mama got out of prison.
6682,5681,7,27,179,213,1.192488262910798,0.03229903257232342,657,"Hmmm ... that’s a tough one.  Let’s call my friend Yoko, I am sure she knows how to get you out of that band!"
5987,5681,3,35,175,213,1.192488262910798,0.029428963531079814,657,"Cayuose
Google it"
5946,5681,5,31,177,213,1.192488262910798,0.03089734130650755,657,You say this all started when you bought the mustang?
4399,5681,7,27,179,213,1.192488262910798,0.03229903257232342,657,"Maybe it's time to let the old ways die
Maybe it's time to let the old ways die
It takes a lot to change a man
Hell, it takes a lot to try
Maybe it's time to let the old ways die"
4288,5681,5,31,177,213,1.192488262910798,0.03089734130650755,657,"Okay, so you named your guitar Bruce!"
6020,5681,4,33,176,213,1.192488262910798,0.030172086390606492,657,"Let's drill down into this ""Yippee-i-yay,"" and try to find the ""Ki-yo."""
3080,5681,7,27,179,213,1.192488262910798,0.03229903257232342,657,There are more lucrative ways to rebel against a controlling mother
2973,5681,7,27,179,213,1.192488262910798,0.03229903257232342,657,"So, did your wife run
away with your dog and
your best friend, or is just
the same old country song?"
2883,5681,3,35,175,213,1.192488262910798,0.029428963531079814,657,"Williie, play ‘Always  on My Mind’."
2066,5681,7,27,179,213,1.192488262910798,0.03229903257232342,657,[No caption needed]
4122,5681,4,33,176,213,1.192488262910798,0.030172086390606492,657,"And exactly how did the harmonica cutting into your lead, make you feel?"
4569,5692,7,26,175,208,1.1923076923076923,0.03279515812726981,657,"No, I don't know ""Mama, Don't Let Your Babies Grow Up To Be Cowboys""."
2383,5692,6,28,174,208,1.1923076923076923,0.03207914062416535,657,"And how many times do you think you have watched ""The Legend of Buster Scruggs?"""
4509,5692,6,28,174,208,1.1923076923076923,0.03207914062416535,657,"For our next session, I want you to sing about when your dad left you and your mom."
1287,5692,6,33,195,234,1.1923076923076923,0.029777969149158125,657,"Stop! Enough already.  You're making me homesick with that verse about ""where seldom is heard, a discouraging word."""
1935,5692,10,25,199,234,1.1923076923076923,0.03214742924577141,657,"So tell me, how the hell did you become a left-handed -guitar-playin'- ""big hat -no cattle"" kinda guy?"
1513,5697,5,34,190,229,1.1921397379912664,0.029535154592173374,657,Most of the herd says they dont like country western songs.
1774,5697,3,38,188,229,1.1921397379912664,0.028208413921341203,657,Forget the caption contest...this is a great idea!
5729,5697,10,24,195,229,1.1921397379912664,0.032616747367698075,657,It seems important to you to play the same old tune each session and to sing it off key. What comes to  mind about that?
5525,5700,2,35,166,203,1.1921182266009853,0.029426300547166172,657,Tell me more about these roaming buffaloes.
5562,5700,5,29,169,203,1.1921182266009853,0.03181551845587993,657,Please repeat that. What does a woman want?
6247,5700,7,25,171,203,1.1921182266009853,0.033313269354707485,657,"Lots of words rhyme with ""horse"", but the more important question is, why are you proposing to one by writing a song?"
2287,5703,6,31,187,224,1.1919642857142858,0.030590996894725202,657,"Playing second fiddle really struck a chord, and I experienced A Major Depression...or was it B Minor..."
918,5703,7,29,188,224,1.1919642857142858,0.03123855835201923,657,"Lefty, Park Avenue doesn't rhyme with Rio Grande. Sorry. Try again."
1431,5705,6,26,166,198,1.1919191919191918,0.033089041256292,657,Stop calling me your little doggie!
1423,5706,5,23,144,172,1.191860465116279,0.0353089589815228,657,Yippi-ki-why do you feel that way?
5183,5707,3,36,180,219,1.1917808219178083,0.028925576642679352,657,"You know, Willie Nelson plays right handed."
6725,5707,7,28,184,219,1.1917808219178083,0.0316900035537507,657,"So,Lefty,the dust that Pancho bit down South ended up in your mouth."
1518,5709,2,37,175,214,1.191588785046729,0.02854648718973458,657,"I think we should probe more deeply your dream where your horse, Dootise, makes you chicken and waffles for dinner..."
2678,5709,7,27,180,214,1.191588785046729,0.03216032922357287,657,Do you feel comfortable enough to talk about the 'cathing'?
5429,5709,6,29,179,214,1.191588785046729,0.03147077702869143,657,"So how do you feel about ""I'm so lonesome I could cry""?"
5441,5712,6,24,158,188,1.1914893617021276,0.03419439342441301,657,So you're saying that you think playing left-handed makes you sound the way Hendrix would have if Hendrix had been doing Country & Western?
3452,5713,6,28,175,209,1.1913875598086126,0.03193853996513196,657,"What comes after ‘home, home on the range...?’"
5612,5713,6,28,175,209,1.1913875598086126,0.03193853996513196,657,"You know, there are pre-arranged funerals."
323,5713,7,26,176,209,1.1913875598086126,0.03265083398717903,657,...Clinically speaking...'The Blues'...
1216,5713,8,24,177,209,1.1913875598086126,0.033347917251491416,657,Sing your story backwards and it might just end in a happy note.
4363,5717,5,34,191,230,1.191304347826087,0.029418324147146523,657,If only your mother could see you now.
6149,5717,9,26,195,230,1.191304347826087,0.031895562646993655,657,It's those boots on my furniture...
2980,5719,3,37,185,225,1.191111111111111,0.028445932500759098,657,You need to realize that country twang is past its time.
3330,5720,5,28,166,199,1.1909547738693467,0.0321566795995008,657,sometimes the inner you doesn't correspond to what we would like it to be
5806,5720,3,32,164,199,1.1909547738693467,0.03053742545480157,657,Is it possible you are blocked because you are playing with your left hand?
507,5722,5,32,183,220,1.190909090909091,0.030213649835817154,657,But what do you think the dust means?
2029,5722,5,32,183,220,1.190909090909091,0.030213649835817154,657,Could you refrain from singing this time?
3785,5722,4,34,182,220,1.190909090909091,0.029518699767880425,657,You seriously don't see any phallic symbolism in what you are strumming?
2930,5725,4,25,144,173,1.1907514450867052,0.03415151822108803,657,"If you didn't want an answer, you shouldn't have asked a question."
5818,5726,4,33,178,215,1.1906976744186046,0.02991743886437095,657,How long have you been having the dream about roaming buffalo?
5170,5726,6,29,180,215,1.1906976744186046,0.03133673196840099,657,"I'm not thrilled with ""dying as a way of life,"" but your use of major chords says to me we're making some real progress... duwaaa, duwaaa!"
6477,5726,7,27,181,215,1.1906976744186046,0.03202279784134142,657,Just because you picked Adam over Blake on “The Voice” doesn’t necessarily mean you need in depth psychotherapy.
130,5726,6,29,180,215,1.1906976744186046,0.03133673196840099,657,You play  some crazy music dude!
3936,5726,6,29,180,215,1.1906976744186046,0.03133673196840099,657,If you sing that backwards all your problems will be solved.
1229,5731,4,37,195,236,1.1906779661016949,0.02830067922121241,657,How about “Free Bird”?
3523,5731,6,33,197,236,1.1906779661016949,0.02954746178191561,657,"Stop doc, you're pullin' at my heart strings"
3336,5733,4,32,174,210,1.1904761904761905,0.03033231017166007,657,"Well, the bottom line is your mama paid no mind to Willie Nelson."
4754,5733,4,36,191,231,1.1904761904761905,0.028652873440387836,657,Modulation could go some way to resolving the problem.
4976,5733,7,26,177,210,1.1904761904761905,0.03250775969231173,657,Let’s start at the ridge where the West commences
7072,5733,8,28,195,231,1.1904761904761905,0.03116987680451151,657,And just where did you leave your horse ?
1828,5737,2,39,185,226,1.1902654867256637,0.027629585297161918,657,I should tell you I'm not much of a country fan.
1875,5737,7,29,190,226,1.1902654867256637,0.030984686822979533,657,"Well Tim, I think it's pretty clear what your feelings on the breakup are. Do you think you could put the guitar down now?"
5917,5737,8,27,191,226,1.1902654867256637,0.031613006568232585,657,So you were the prodigal son of the pioneers?
6111,5737,6,31,189,226,1.1902654867256637,0.03034335925294242,657,And you say you're from the Rio Grande?
4383,5741,7,25,173,205,1.1902439024390243,0.033013948548720605,657,"No, I do not accept Pay Pal, Venmo, or guitar music."
2103,5742,5,32,184,221,1.1900452488687783,0.03008902858257497,657,It all started one dark and windy day.
2071,5742,5,32,184,221,1.1900452488687783,0.03008902858257497,657,You know there is a difference between alone and lonely?
2070,5744,6,26,168,200,1.19,0.03278527675434959,657,Thank you for the three chords. Now tell me the truth.
4458,5744,5,28,167,200,1.19,0.03200973470021094,657,"Tell me, Cowboy, did I just strike a chord...?"
6616,5744,6,26,168,200,1.19,0.03278527675434959,657,I’m certain that Willie at first had to accept that he was left-handed.
862,5747,9,27,201,237,1.1898734177215189,0.0312026502332732,657,"Next time, bring tens and twenties, not singles and change."
3682,5747,4,37,196,237,1.1898734177215189,0.02819249638914582,657,"When I ask you what your name and address are, please don't keep singing ""I'm an old cowhand,  from the Rio Grande"" ."
5898,5747,7,31,199,237,1.1898734177215189,0.03003481263482079,657,And how do you think the pickup truck and light beer that you sing about have influenced you?
2089,5750,8,25,183,216,1.1898148148148149,0.03255472851488252,657,"How long have you had this obsession to plunk your magic twanger, Mr. Froggy"""
6872,5750,6,29,181,216,1.1898148148148149,0.031203809132949227,657,"Uh huh, so it was The Guitar that serenaded the other woman?"
2921,5752,5,27,163,195,1.1897435897435897,0.03250876259166954,657,"Yeah go ahead, play Never Meant again, I’m sure that’ll help with your depression."
3487,5752,3,31,161,195,1.1897435897435897,0.030839641000360525,657,Has there ever been some nice in your life?
6390,5752,3,31,161,195,1.1897435897435897,0.030839641000360525,657,"So, Uncle Pecos, how did you feel when the cat pulled your whisker out?"
836,5755,3,38,191,232,1.1896551724137931,0.0278794682289188,657,"I was at your show, it seems I'm not helping."
5143,5756,5,30,176,211,1.1895734597156398,0.030939936283370273,657,"Do I really have to sing about beer, chicks , and trucks to make it big?"
6641,5756,3,34,174,211,1.1895734597156398,0.029444975482481654,657,Tell me a little ditty about your father.
4947,5756,7,26,178,211,1.1895734597156398,0.0323659193176106,657,That would be disturbing. You don't remotely look like Ted Nugent.
3106,5756,8,24,179,211,1.1895734597156398,0.03305585078774425,657,I'm tired of your pious platitudes
4704,5756,2,36,173,211,1.1895734597156398,0.02866827590100968,657,Sounds to me like you may have some mama issues.
4760,5756,5,30,176,211,1.1895734597156398,0.030939936283370273,657,"TELL ME AGAIN
WHO FORECLOSED ON YOUR
HOME ON THE RANGE?"
4307,5762,3,30,157,190,1.1894736842105262,0.031299234618043445,657,"See if it helps if you stop taking requests for 'I've been down so long, it looks like up to me.'"
3448,5763,5,33,189,227,1.1894273127753303,0.02956898858228866,657,So not feeling at home on the range caused you to play your guitar left handed ...
6126,5763,5,33,189,227,1.1894273127753303,0.02956898858228866,657,Perhaps instead of On the Road Again you could try El Amor de Mi Vida?
1162,5765,2,35,169,206,1.1893203883495145,0.02904123684062816,657,A gentleman would not wear a hat indoors.
2890,5765,3,33,170,206,1.1893203883495145,0.029845487667843493,657,So you’re saying I’m depressed if I’m writing in the minor key?
106,5767,6,30,186,222,1.1891891891891893,0.030638063300291545,657,Tell me more about your Buffalo fetish.
4423,5767,3,29,153,185,1.1891891891891893,0.03177956277878356,657,"OK!  If you say so, it's a big deal that you can't remember the words!"
6204,5767,5,32,185,222,1.1891891891891893,0.029965416335261758,657,Still sounds more like you’re just fiddlin’ around.
2878,5770,6,33,199,238,1.1890756302521008,0.029320447234120667,657,"So you're saying you're a lot country and only a little bit rock n' roll.   Peter Giessner, Peapack NJ"
3293,5770,7,31,200,238,1.1890756302521008,0.02991898806563957,657,"Lonesome? Sure I'm lonesome, what cowboy without a horse isn't !"
4953,5770,3,39,196,238,1.1890756302521008,0.02744662025495613,657,"If you play ""Home On the Range"" one more time I'm going to have to ask you to leave!"
5786,5770,9,27,202,238,1.1890756302521008,0.03108151039762934,657,"Hey, Doc, have you heard this before?"
6858,5774,6,26,169,201,1.1890547263681592,0.032635450766255174,657,"No,  will not join you in singing ""I'm an old cowhand from the Rio Grande."""
6271,5774,7,24,170,201,1.1890547263681592,0.03338897857823386,657,Here's another one you might like.
376,5774,6,26,169,201,1.1890547263681592,0.032635450766255174,657,"You don't have sing your answers,  just tell me when your Brad Paisley, Peyton Manning nightmares began?"""
1950,5774,5,28,168,201,1.1890547263681592,0.0318641083813053,657,"Good news Tex, I think you are regressing and becoming more even more depressed. Your new songs of woe should become even bigger hits."
931,5778,6,29,182,217,1.1889400921658986,0.031071994722885358,657,There is no such thing as a rhinestone cowboy.
3133,5778,4,33,180,217,1.1889400921658986,0.029666986045818695,657,What's on that range again.
5064,5778,4,33,180,217,1.1889400921658986,0.029666986045818695,657,Did your father play the guitar?
5471,5778,5,31,181,217,1.1889400921658986,0.030377614431533435,657,When did you stop loving your guitar?
6446,5778,7,27,183,217,1.1889400921658986,0.031751192947149606,657,"Now just where do you think this home where the buffalos roam and the skies are not cloudy all day, is?"
4713,5783,7,23,166,196,1.1887755102040816,0.0339356773443481,657,". . . yes, sometimes a guitar is just guitar, but your country ditties will always be dreadful . . ."
5819,5783,7,23,166,196,1.1887755102040816,0.0339356773443481,657,"So with your father being a conductor, how did he react when you stopped playing second fiddle?"
1168,5785,9,29,211,249,1.1887550200803212,0.03014853812732781,657,"Look, we're not playing around here!"""
5892,5786,4,32,176,212,1.1886792452830188,0.03007220668452896,657,"Don't be too hard on yourself, afterall what is rockabilly?"
5362,5786,6,28,178,212,1.1886792452830188,0.03152394420340073,657,"I'm sorry, but my patient files are confidential 
and unavailable for ballad material."
3828,5786,5,30,177,212,1.1886792452830188,0.030806628126234057,657,"If it’s causing you distress, maybe it’s time you ZZ stop."
1194,5786,9,22,181,212,1.1886792452830188,0.03358409181490939,657,"And you say you will pay for the wall?
No senor, I am not that loco!"
3118,5790,8,27,193,228,1.1885964912280702,0.03135720682580634,657,So you used to go gay in the saddle...
4828,5791,5,36,203,244,1.1885245901639345,0.028252730348032738,657,When did you first start having these delusional thoughts about roaming buffaloes?
2971,5792,5,29,173,207,1.1884057971014492,0.03125360029466261,657,"Tell me more about your homelife, where the buffalo roam and the deer and the antelope play."
3948,5792,7,25,175,207,1.1884057971014492,0.03271989856263821,657,"Lovely song, but have you ever considered playing it backwards?  Your outlook just might improve."
4809,5794,7,28,188,223,1.188340807174888,0.03116714721789968,657,"Let's go back to ""Home on the Range""."
854,5795,6,33,200,239,1.1882845188284519,0.029208225488959627,657,"How many times must I tell you, Trisha Yearwood is already married!"
4347,5795,7,31,201,239,1.1882845188284519,0.02980404240923775,657,Your lack of high notes seems to hint at your distant relationship with your mother. Let's bring that back into the room.
1844,5797,5,28,169,202,1.188118811881188,0.031719783285904,657,"You keep messing up that classic Tune,I'm gonna be the one in therap"
2435,5797,2,34,166,202,1.188118811881188,0.029297929621010788,657,From this valley she said she was ooing.  It was a long time ago Red.  Time to learn a new song.
4662,5797,3,32,167,202,1.188118811881188,0.030126854088781088,657,"I’m writing a prescription,
That will help get your cow boy back !"
6515,5800,10,21,187,218,1.188073394495413,0.03356298927468652,657,"I understand she took your rescue dog, your zero carbon footprint tiny home, your clean diesel burning truck, your vintage turntable, tube amp and vinyl collection. I just wish she'd left you your balls instead of the guitar."
6207,5800,5,31,182,218,1.188073394495413,0.03025036484613838,657,Yodel-ay-hee-how does that make you feel?
6124,5800,5,31,182,218,1.188073394495413,0.03025036484613838,657,"So ... tell me more about this achy breaky heart""
Stephen Leibow and Kelly Barbour, Toronto Ontari"
4541,5800,5,31,182,218,1.188073394495413,0.03025036484613838,657,This is therapy. Willy  would not be impressed.
2718,5800,5,31,182,218,1.188073394495413,0.03025036484613838,657,You play with such unbridled enthusiasm.
3235,5800,9,23,186,218,1.188073394495413,0.03292713643648768,657,"Instead of singing them, will you please speak your replies?"
3163,5800,5,31,182,218,1.188073394495413,0.03025036484613838,657,"So the Gatlin boys just laughed at you, how did that make you feel?"
4310,5800,5,31,182,218,1.188073394495413,0.03025036484613838,657,"Are you sure you wrote ""Home on the Range""?"
1963,5808,9,26,199,234,1.188034188034188,0.031391232550867,657,Aren't you being overly harsh to say your rap career has never really taken off?
588,5809,6,25,166,197,1.1878172588832487,0.03300089993613562,657,"Your music does say a lot, but has anyone ever told you what the Oedipus complex is?"
2449,5809,0,37,160,197,1.1878172588832487,0.027897583845788755,657,Let's figure out how to fretting your life away.
5191,5811,5,30,178,213,1.187793427230047,0.03067444796805732,657,"So, you say your horse plays banjo?"
4234,5811,4,32,177,213,1.187793427230047,0.029943794941464246,657,"When you’re singing to the “lil’ doggies”, how does that make you feel?"
4553,5811,4,32,177,213,1.187793427230047,0.029943794941464246,657,"So, any progress with the primal yodels?"
3803,5811,6,28,179,213,1.187793427230047,0.03138809743825917,657,Your beard seems very nice- good on her for bringing you here.
3227,5811,5,30,178,213,1.187793427230047,0.03067444796805732,657,"Well Lefty,  that's very illuminating.  Do  you think I could talk with Freida this  afternoon? I  have  not  spoken with her  in a number of  sessions."
1450,5816,5,33,191,229,1.1877729257641922,0.02933341131256255,657,You are repressing your talent trying to play that damn guitar left handed!
1486,5816,5,33,191,229,1.1877729257641922,0.02933341131256255,657,Did you ever _try_ to play it right-handed?
2260,5816,6,31,192,229,1.1877729257641922,0.029979232639360608,657,"Your mama sang, ""Git along, little doggie"" and so you took that to mean ..."
2420,5816,6,31,192,229,1.1877729257641922,0.029979232639360608,657,"Now tell me what you see when you come down from the fences and open the gate?"""
5372,5816,7,29,193,229,1.1877729257641922,0.03061143185246055,657,"I'm here for help with my new ""Cowboy with the blues"" song"
5931,5816,8,27,194,229,1.1877729257641922,0.031230836211519668,657,"You are not Woody Guthrie, and stop singing ""DoRe Mi"""
3714,5822,8,30,207,245,1.1877551020408164,0.029877430359161607,657,"It’s always “yee-haw”, never “haw-yee”."
5532,5823,9,21,178,208,1.1875,0.033970874960713514,657,So what is this obsession about a sharped dressed man?
5320,5823,7,28,189,224,1.1875,0.031039086453895137,657,Let go you were Willie long before Willie became Willie.
5258,5823,4,31,173,208,1.1875,0.03036057770461815,657,What does the second verse of “I’m a Poor Lonesome Cowboy” reveal about your earliest memories of your mother?
4672,5823,6,27,175,208,1.1875,0.031853837215843665,657,"Could you play the chorus in your fourth song off of your first album, just once more?"
2650,5823,3,33,172,208,1.1875,0.029585698321156824,657,"So your dog died but you're still lonely.
Have you tried syncopation?"
683,5823,4,34,186,224,1.1875,0.0290397929950285,657,And how do you feel about that?
449,5823,6,27,175,208,1.1875,0.031853837215843665,657,So.when did it become impossible for you to stop playing in C# Minor?
422,5823,5,29,174,208,1.1875,0.03111616640856987,657,"Okay, I appreciate your story about a man named Jed.  I get that he was a poor mountaineer who barely kept his family fed.  Now, how did you say he become a millionaire?"
3082,5823,11,20,193,224,1.1875,0.033519824514607326,657,And why do you feel you need the spotlight?
6558,5832,9,26,200,235,1.1872340425531915,0.03126760704282874,657,Have you considered electrocution lessons?”
282,5833,4,33,182,219,1.187214611872146,0.029420627268882567,657,I wrote a song I'd like you to sing... It's very therapeutic.
3781,5833,7,27,185,219,1.187214611872146,0.03148410415969347,657,"Finally,  someone is listening to me"
6130,5833,6,29,184,219,1.187214611872146,0.03081163707849883,657,"I’d kill for the Blues, Doc."
3430,5836,4,27,156,187,1.1871657754010696,0.032371789838164286,657,"It's called ""WillieNelsonWannabe Syndrome""."
2585,5837,4,35,191,230,1.1869565217391305,0.02855978097157005,657,"Alright Bill, these dissociative episodes are starting to get out of hand."
4695,5837,1,41,188,230,1.1869565217391305,0.026490455798981082,657,Oh give me a home where the DSM’s roam...” does have a catchy quality to it
4354,5839,4,32,178,214,1.1869158878504673,0.02981645859651528,657,"You see, your guitar represents your desire to be a country and western singer."
3635,5839,7,26,181,214,1.1869158878504673,0.03194764639491708,657,You're being sensitive. Of course people will laugh when playing air guitar with a real guitar.
2929,5841,5,27,166,198,1.1868686868686869,0.03205751741084689,657,"My woman left me for another man, my dog died, my truck broke down......."
5766,5841,7,23,168,198,1.1868686868686869,0.033618934374029935,657,Sing me more about your mother dying in a truck crash.
2310,5843,5,35,201,241,1.1867219917012448,0.028383582802532687,657,"Yes, I understand.  I saw the movie. Now, 
stop already!"
2316,5844,6,30,189,225,1.1866666666666668,0.030263393991306002,657,Try composing a song about the deep feelings you had for this particular ewe.
3542,5844,6,30,189,225,1.1866666666666668,0.030263393991306002,657,"The frontier really did a number on you, eh?"
4771,5844,5,32,188,225,1.1866666666666668,0.029600514796038205,657,What made you think being a buffalo would have been more fun?
4973,5844,3,36,186,225,1.1866666666666668,0.028228095876721784,657,All day I've faced the barren waste.
6209,5844,5,32,188,225,1.1866666666666668,0.029600514796038205,657,"Okay, so I’ve got ‘It may be psychosis to you, but baby I’m still so blue’."
2591,5849,7,25,177,209,1.186602870813397,0.032430983327217215,657,Bashing my head with a guitar might provide temporary relief but would require rescheduling our next session.
3629,5849,5,29,175,209,1.186602870813397,0.03097991978140444,657,"Could we switch roles, just this once.... please?"
617,5849,2,35,172,209,1.186602870813397,0.028665930209924705,657,Tell me about your lost love while living on the ranch in G major.
616,5849,5,29,175,209,1.186602870813397,0.03097991978140444,657,"It all started when I was home. 
Home on the range , where the deer and the antelope play."
1172,5853,5,34,197,236,1.1864406779661016,0.028736027718318617,657,So your troubles began when you lost your home on the range.
5826,5853,6,32,198,236,1.1864406779661016,0.029356793348625045,657,So! Let me get this straight: you prefer that I pick your guitar rather than your brain?
6985,5853,6,32,198,236,1.1864406779661016,0.029356793348625045,657,"Was your road always ""dusty and lonely""?"
4021,5856,0,41,179,220,1.1863636363636363,0.02631320235713401,657,A hat and a guitar won't make you a star.
5701,5856,5,31,184,220,1.1863636363636363,0.029998993655838406,657,It's called 'The Brookening'. Every musician has a moment they think they are Garth Brooks.
3218,5858,6,26,172,204,1.1862745098039216,0.032193981493424985,657,Could it be your emotions are on a range rather than your home?
5412,5858,6,26,172,204,1.1862745098039216,0.032193981493424985,657,"Chill out, Doc. Music therapy has been proven to be effective."
6419,5858,6,26,172,204,1.1862745098039216,0.032193981493424985,657,Shall we start with your dream of becoming a session musician?
816,5861,1,44,202,247,1.1862348178137652,0.02547504569193679,657,You're going to have to accept that Lady Gaga won't sing a duet with you.
4857,5862,9,25,197,231,1.1861471861471862,0.031582775242124626,657,"Please, Tom,  let me ghost write your autobiography and we'll make enough money so we can both get out of this office."
4195,5862,6,31,194,231,1.1861471861471862,0.029741236428255702,657,How about Inky-Dinky Spider?
6497,5862,6,31,194,231,1.1861471861471862,0.029741236428255702,657,"I understand that you never ""picked"" this profession but I think it's really struck a chord with you!"
1678,5862,3,37,191,231,1.1861471861471862,0.027777879626930627,657,"So Mister Jones, have I understood your lyrics underlying the problem - your dog has run off with another cowboy and your wife was shot by a doggone sheepherder who caught her sneaking up on his flock?"
2159,5862,3,37,191,231,1.1861471861471862,0.027777879626930627,657,Microsdosing might help you find your home on the range
5601,5867,5,30,180,215,1.186046511627907,0.03041341586702812,657,"I don’t believe the song is
‘Out of My Range’."
5150,5867,4,32,179,215,1.186046511627907,0.02969018446511881,657,"Now where were we? Ah yes: patient X said ""Doc, could you please for the love of jesus drop kick me through the goal posts of life"""
4591,5867,4,32,179,215,1.186046511627907,0.02969018446511881,657,"Yep, my grandaddy had a banjo on his knee, my daddy had a banjo on his knee, and damned if I ain’t got one too!"
3168,5867,9,22,184,215,1.186046511627907,0.033148923198391536,657,"Yippee kayo kayay just doesn't seem to cut it, Jethro"
4387,5867,5,30,180,215,1.186046511627907,0.03041341586702812,657,I think we should pick up next time it comes around on the guitar.
3788,5872,3,31,165,199,1.185929648241206,0.03027738495931417,657,And what did you love more- your mother or her apple pie?
4164,5872,4,29,166,199,1.185929648241206,0.03110432260479559,657,"The fact that you’re willing to pay to have me listen to you sing, likely doesn’t bode well for a career on Broadway"
6726,5872,3,31,165,199,1.185929648241206,0.03027738495931417,657,I think it's your obsession with the minor keys that's been holding you back from experiencing a fullfilling life...
272,5875,5,32,189,226,1.1858407079646018,0.029480820645779317,657,How long was this 'dogie?'
2887,5875,8,26,192,226,1.1858407079646018,0.03141835269780376,657,"Vaquero Joe plays the ""Prairie Blues"" for his shrink."
2983,5875,6,30,190,226,1.1858407079646018,0.03014050684234761,657,Your music is hysterical.
4301,5875,2,38,186,226,1.1858407079646018,0.027406654039733174,657,"""Hmmm.  Well, it's classic AABA song form and clearly Oedipal.  I'd say it just needs a final verse and a somewhat, as they say,
PHAT-ter groove."""
5860,5875,2,38,186,226,1.1858407079646018,0.027406654039733174,657,"I’m so lonesome I could cry
But I keep singing and keep my crying inside"
4863,5880,3,28,152,183,1.185792349726776,0.031801274920507126,657,"Perhaps you can think of your life as, good enough."
3916,5881,3,33,174,210,1.1857142857142857,0.029330317966174108,657,Your anxiety comes from playing guitar backward. Had the same problem with my old patient Jimmy.
6900,5881,8,23,179,210,1.1857142857142857,0.032986510653634865,657,May I assume you'll be paying real cash this time?
409,5881,7,25,178,210,1.1857142857142857,0.03228840997140101,657,"Yippee ki-yay?
You're obviously suffering from
whoopee envy."
6770,5884,6,32,199,237,1.1856540084388185,0.02924324556098257,657,So... feeling more relaxed with it in your hand?
5443,5885,5,26,163,194,1.1855670103092784,0.03240596493632876,657,Just be sure he understands it is an acoustic showdown.
2314,5886,8,25,188,221,1.1855203619909502,0.031873382121004545,657,"There really is ""a song for everything"".."
1184,5887,4,30,171,205,1.1853658536585365,0.03052078560458405,657,I think you should try another venue!
1321,5887,6,26,173,205,1.1853658536585365,0.032049436332401655,657,And what will you be naming this 'long little doggie'  once you 'git' it?
1904,5887,6,26,173,205,1.1853658536585365,0.032049436332401655,657,"So...a home where the buffalo roam, eh? Yup, that's Oedipus all the way!"
4051,5887,4,30,171,205,1.1853658536585365,0.03052078560458405,657,‘I see. And how has this Foggy Mountian Breakdown been manifesting itself?’
6041,5887,3,32,170,205,1.1853658536585365,0.029726996926516876,657,Today we will learn to replace automatic bad notes with good ones.
4074,5892,6,31,195,232,1.1853448275862069,0.029623631932119653,657,"Home on the range... When you see that image, is the house flooded or the range on fire. Groundwater poisoned by pesticides. How does that make you feel? Do you think humans are partly responsible for this? When was the last time you felt that way?"
852,5892,12,19,201,232,1.1853448275862069,0.03318845561135927,657,Not only are you off key but your nuts!
4955,5894,6,28,182,216,1.1851851851851851,0.03098740839015095,657,My dog died last week
1622,5894,8,24,184,216,1.1851851851851851,0.03234736655448441,657,Tell me about yer momma.
378,5894,9,22,185,216,1.1851851851851851,0.033006339469051495,657,"Just singing ""Mamma Don't Let Your Babies Grow Up to be Cowboys"" doesn't really help with the therapy"
770,5894,8,24,184,216,1.1851851851851851,0.03234736655448441,657,"Hell, my last patient had chapped lips that hurt worse'n that, and he still whistled."
2161,5898,5,32,190,227,1.1850220264317182,0.02936207743269301,657,Your problem?  Your musik ist nicht wienerisch!
4924,5898,3,36,188,227,1.1850220264317182,0.02800289130366741,657,"You know, you really should consider taking requests from the audience."
1652,5900,7,23,170,200,1.185,0.033307988689693695,657,"Session Notes:
Patient responded well to singing cowboy."
4931,5900,4,29,167,200,1.185,0.030962369768939554,657,We must go beyond what happened when you rode to the ridge where the West commences.
1163,5902,4,31,176,211,1.1848341232227488,0.02996705826787574,657,I've lost my mojo.
1850,5902,7,25,179,211,1.1848341232227488,0.03214707133337125,657,So... you were gazing at the moon when you lost your senses?
2057,5902,1,37,173,211,1.1848341232227488,0.027615484191801886,657,"Is it safe to say, you never went without your security blanket when you were a child?"
3892,5905,4,33,185,222,1.1846846846846846,0.029058552838160098,657,HonkyTonk Blues?? Could you be more specific?
3992,5905,6,29,187,222,1.1846846846846846,0.030429081260240857,657,"now, when you say it's ""fucked up that john denver had never been to west virginia OR denver,""  do you feel that this is your father speaking? i agree by the way, it's wack as hell."
4564,5905,3,35,184,222,1.1846846846846846,0.028348452275230876,657,On the Rio Grande?
1059,5908,4,28,163,195,1.1846153846153846,0.03142313362518913,657,"That was very good, very honest, but strum it by me again."
1583,5908,6,24,165,195,1.1846153846153846,0.03306281166260527,657,I didn't spend 12 years in college and graduate school to be a music therapist!
5428,5910,3,37,193,233,1.184549356223176,0.027561996285346453,657,"First, stop tuning to B, E, C, C, A."
37,5910,4,35,194,233,1.184549356223176,0.0282252069484247,657,You don’t feel like pluckin’?
745,5912,5,28,173,206,1.1844660194174756,0.031155158240113553,657,"I'm hoping you don't end up like Bradley Cooper in a ""Star is Born""..."
6921,5912,4,30,172,206,1.1844660194174756,0.030385591784077126,657,"Was That, Depressed about ""your country""...or ""your country song""?"
7064,5912,3,32,171,206,1.1844660194174756,0.029596021542947888,657,"Your dad’s right, you’re a waste of space and can’t carry a tune, but you do pay my rent, til next week."
2361,5915,5,35,204,244,1.1844262295081966,0.028064945398596244,657,"And how often do you experience this
performance anxiety?"
3793,5915,5,35,204,244,1.1844262295081966,0.028064945398596244,657,"I studied psychiatry,  by my mamas knee, underneath a tree, like my granddaddy"
4367,5915,7,31,206,244,1.1844262295081966,0.029242159411876672,657,"Explain to me again the comment ""squeal like a pig"""
3051,5918,4,32,181,217,1.1843317972350231,0.029440771144833688,657,...and would it kill her to put her laundry in the hamper once in a while?
3121,5918,5,30,182,217,1.1843317972350231,0.030156730643598934,657,"That'll be $200,000 for today and will include my notes which are your next hit song."
3674,5920,5,32,191,228,1.1842105263157894,0.029244274068343512,657,Your therapy bill just went up.  I charge for notation.
5365,5920,5,32,191,228,1.1842105263157894,0.029244274068343512,657,Frankly I am more of a fan of Metallica
6542,5922,7,30,202,239,1.1841004184100419,0.02961836105868531,657,I sure hope your wife enjoys living home on the range as much as you do!
1796,5923,3,31,167,201,1.1840796019900497,0.030003753797641003,657,Before we start...I asked you to remove your boots...
2580,5924,5,29,178,212,1.1839622641509433,0.030578154147868217,657,Play me the one about your parents' separation.
2162,5924,6,27,179,212,1.1839622641509433,0.03130070658502516,657,"I think if you can change your songs from Country-Western, you'll have a much more upbeat attitude."
259,5926,4,33,186,223,1.1838565022421526,0.028939804587842503,657,So you can't stop playing 'Sweet Home Alabama'?
1732,5926,3,35,185,223,1.1838565022421526,0.0282331922751281,657,Less strum the more I  plumb.
2530,5926,4,33,186,223,1.1838565022421526,0.028939804587842503,657,It’s ok to come in alone. Leave the man with the hat home.
4325,5926,4,33,186,223,1.1838565022421526,0.028939804587842503,657,How do you feel about Indians?
4725,5926,3,35,185,223,1.1838565022421526,0.0282331922751281,657,We agreed that the first ‘merrily’ was mine - and don’t get me started on how pitchy it was.
3862,5931,5,33,196,234,1.1837606837606838,0.028760348956523418,657,"What's the first thing that comes to mind when when I say, ""Capo""?"
6832,5931,3,37,194,234,1.1837606837606838,0.027455287138712727,657,"Roscoe, face it, you're in denial"
4139,5933,4,30,173,207,1.183574879227053,0.030251573491853038,657,"No, 'ritardando' doesn't mean stupidly, but it may mean you're slowing down."
5879,5933,3,32,172,207,1.183574879227053,0.02946617693979974,657,Tell me about your struggles with barre chords.
6402,5933,4,30,173,207,1.183574879227053,0.030251573491853038,657,Let's get back to the hornswogglers if we could.
2212,5936,8,24,186,218,1.18348623853211,0.03207232137252529,657,Just why do you have tears in your ears?
6563,5937,8,26,195,229,1.1834061135371179,0.031037421293646134,657,Imagine if the genre hadn't chosen you. What would life look like if you had made all the choices?
3102,5938,7,30,203,240,1.1833333333333333,0.029504666360637494,657,"No sir, I can not bill 23andMe directly for this therapy session."
700,5938,2,40,198,240,1.1833333333333333,0.02638537131856935,657,And how do you feel being pegged in a specific genre?
4182,5940,4,27,160,191,1.1832460732984293,0.03175164866611054,657,"Excuse me, why are you singing ""O Sole Mio?"
4530,5940,3,29,159,191,1.1832460732984293,0.03087159846888578,657,"So I guess you're the strong, silent type."
1720,5942,7,23,172,202,1.183168316831683,0.033002684591074,657,That's a strum answer.
1666,5943,6,27,180,213,1.1830985915492958,0.03116537791552995,657,'The Ballad of the Antiathexis Cowpoke.' Go on.
1744,5943,6,27,180,213,1.1830985915492958,0.03116537791552995,657,And how did that make you feel?
2508,5943,7,25,181,213,1.1830985915492958,0.031868035447237694,657,I will honour the discount for singing.
6110,5943,5,29,179,213,1.1830985915492958,0.03044650846926797,657,"I believe ""lone prairie"" is just a G chord."
6227,5943,3,33,177,213,1.1830985915492958,0.028955277112678687,657,I’m so sorry to hear that. Can you play “Wonderwall” next?
6380,5943,7,25,181,213,1.1830985915492958,0.031868035447237694,657,"Sure, an ambiguous song about a broken G-string could be a country hit, but that question of moving on from your horse is one that only you can answer."
748,5949,3,35,186,224,1.1830357142857142,0.02811885056777174,657,The next step in your de-sensitivity therapy is to sing 'Home on the Range'.
2704,5949,6,29,189,224,1.1830357142857142,0.03017921582730319,657,"For starters,change careers immediately !"
6152,5949,6,29,189,224,1.1830357142857142,0.03017921582730319,657,"So, do you want to tell me about your troubles on the Old Chisholm Trail?"
1090,5952,3,37,195,235,1.1829787234042553,0.02734938748976014,657,You can't go back.
4601,5953,6,22,158,186,1.1827956989247312,0.03400298559320839,657,These here notes from last session say nothin' bout playin' leftie like Paul McCartney.
5673,5954,6,24,167,197,1.1827411167512691,0.03275297981330302,657,So you say you played it til your fingers bled?  It was the summer of ‘69?
2037,5955,4,30,174,208,1.1826923076923077,0.030118715742705252,657,"Your life will improve if you make it a show tune, instead."
5960,5955,5,28,175,208,1.1826923076923077,0.030880222981667996,657,"Okay, okay.  Get along little dogie.
NOW can we get on with our session?"
6679,5955,6,26,176,208,1.1826923076923077,0.03162339805911426,657,"Virgil, I don't believe ""Happy Trails"" is an anti-aging song."
515,5958,4,32,183,219,1.182648401826484,0.0291954536097167,657,"Alright!  I understand that you're depressed because you've lost your home where the buffalo roam, and the deer and the antelope play."
3435,5958,7,26,186,219,1.182648401826484,0.03127379122078151,657,Hmmmm. Can you say more about the Rio Grande?
4640,5960,8,26,196,230,1.182608695652174,0.030912468147465646,657,Behind the scenes with a singer-songwriter
6459,5961,5,25,162,192,1.1822916666666667,0.03245171590618843,657,How long have you had the Long Gone Lonesome Blues?
2847,5962,7,23,173,203,1.1822660098522169,0.03285210097310772,657,Country Behavioural Therapy
3219,5962,6,25,172,203,1.1822660098522169,0.032101202284429114,657,"Well if I'm paying you to be my ""music therapist,"" why do YOU get the couch while I'M stuck with taking notes?"
5395,5962,5,27,171,203,1.1822660098522169,0.031332312998953796,657,Hourly fee doubled because of guitar.
7060,5962,8,21,174,203,1.1822660098522169,0.033586215752726495,657,When did you decide to sing in a minor key?
6784,5966,5,29,180,214,1.1822429906542056,0.030315977207694193,657,Maybe you’ll feel better if you speak with a fiddle instead.
5089,5966,5,29,180,214,1.1822429906542056,0.030315977207694193,657,"This is terrible, when did you first start noticing the symptoms of populism."
779,5966,5,29,180,214,1.1822429906542056,0.030315977207694193,657,Can you play that Freud Chicken song?
1247,5966,6,27,181,214,1.1822429906542056,0.0310312011213942,657,And so you see how the 'Mama-guitar-old truck complex' begins in infancy . . .
4315,5970,6,29,190,225,1.1822222222222223,0.03005579761073788,657,"OK, Doc, but I don't hear the phrase '""A true example of Narcissistic Paranoia"" working any better as a Viennese waltz."
4595,5970,3,35,187,225,1.1822222222222223,0.02800541645771435,657,Country music is still relevant
3780,5972,8,27,201,236,1.1822033898305084,0.030373695557965364,657,SIR GO AND PLAY ELSEWHERE ALLOW ME TO CONCENTRATE ON WRITING
516,5973,3,39,205,247,1.1821862348178138,0.026540803732172807,657,You say you crossed the bridge but you keep coming back to the same complaint.
4883,5974,7,33,218,258,1.182170542635659,0.02812202440276264,657,Maybe switch to polka music.
6804,5975,3,34,183,220,1.1818181818181819,0.028351435891837095,657,"So, how long have you been feelin’ lonely on the old prai-rie ?"
6075,5975,3,28,156,187,1.1818181818181819,0.031181560935001604,657,"And how did the loss of your horse, your rifle and your girl make you feel?"
5825,5975,3,34,183,220,1.1818181818181819,0.028351435891837095,657,"So, you say that you feel like having a cigarette after you play your guitar."
4734,5975,5,26,167,198,1.1818181818181819,0.031804078297653325,657,"“I admire your principles, Lefty, but you can be ‘Authentic’ and broke or “Naked’ and rich.”"
4710,5975,5,28,176,209,1.1818181818181819,0.030744544585699186,657,And... watch me for the changes.
3122,5975,4,28,166,198,1.1818181818181819,0.030987501245082236,657,A little largo and a little more allegro.
1704,5975,6,28,186,220,1.1818181818181819,0.030468621865359757,657,"Sorry Shooter, bluesy campfire songs cannot be applied against your deductible, but providing assistance with my son's admission into Cowboy U, well that's another story."
419,5975,5,26,167,198,1.1818181818181819,0.031804078297653325,657,"Sorry to crush your ego, but you will probably never be referred to as a ""cowman."""
2780,5975,5,30,185,220,1.1818181818181819,0.02977962252882277,657,"Yes, I have a PhD in twang."
501,5975,7,24,178,209,1.1818181818181819,0.032206214799166195,657,SO you say your mother left with your dog ?
2623,5985,5,33,199,237,1.1814345991561181,0.028426993781885273,657,Your problem might be solved with grated floors for the roaming buffalo.
3425,5986,4,33,189,226,1.1814159292035398,0.0285892302895301,657,"OK, so you're happy with ""Home on the Range"" wherever it happens to be?!"
4086,5986,1,39,186,226,1.1814159292035398,0.026445226190237058,657,"You never say what
“All we gotta do is”,
is."
2662,5988,5,29,181,215,1.1813953488372093,0.030186546499282305,657,"You love your mom, you hate your dad.  Interesting song.  What does it mean?"
3673,5988,3,33,179,215,1.1813953488372093,0.028710450489278314,657,Have you tried pretending the stage is your horse?
4173,5988,4,31,180,215,1.1813953488372093,0.02945774564397821,657,I remember the thrill when I first heard a guitar but my parents wanted me to be a Dr
4312,5988,7,25,183,215,1.1813953488372093,0.03159375273387706,657,Why does throwing the hoolinan mean so much you?
6117,5992,2,33,169,204,1.1813725490196079,0.028775022575690392,657,"That song,"" Lulu, you're my one and only,"" was true? And the relationship ended when her mother caught you and her being intimate . It was Bucky who removed the bell from her neck so she could sneak up on you, and that's why you shot him?"
4185,5993,6,30,196,232,1.1810344827586208,0.029423400936882314,657,"So, Mother wants to know if  Little Doggies really get along all that well."
2345,5994,6,28,187,221,1.1809954751131222,0.030341597281892042,657,"This next one is about performance anxiety, I think you'll dislike it."
5595,5995,5,28,177,210,1.180952380952381,0.030610038726030023,657,Arcadian Stereotypes.
5648,5995,5,28,177,210,1.180952380952381,0.030610038726030023,657,Who would you say is your spirit diva?
6553,5997,4,28,167,199,1.1809045226130652,0.03084492667682379,657,"Doc, I don’t just sing the blues."
2592,5997,4,28,167,199,1.1809045226130652,0.03084492667682379,657,"Mmm, if  I hum it, can you strum it?"
702,5999,7,20,161,188,1.1808510638297873,0.034502735042157576,657,"Ever since the 
D-I-V-O-R-C-E I’ve been 
L-O-N-E-L-Y"
351,6000,7,18,152,177,1.1807909604519775,0.03592935257593658,657,I think you would be happier if you switched to K-Pop.
1262,6001,3,37,198,238,1.180672268907563,0.027036456415012764,657,My recommendation this week is to back up the music on your MySpace profile.
5373,6001,4,35,199,238,1.180672268907563,0.027684421546131564,657,"Now that we have the sad cowboy shtick locked down, should we work on the second verse?"
2670,6003,6,29,192,227,1.1806167400881058,0.029811930364970304,657,"So, you blame your mother for your career choice?"
4297,6003,4,33,190,227,1.1806167400881058,0.02847422557836104,657,How many times are you going to sing that story?
1759,6005,6,27,183,216,1.1805555555555556,0.030766245658992396,657,Maybe the real scuttlin’ June bug a’twistin’ in the wind...is your own heart.
3691,6005,11,17,188,216,1.1805555555555556,0.03408655867977752,657,"Of course I wonder what could have been had I gotten that part in The Big Lebowski,unfortunately Sam Fucken Elliot showed up!"
6337,6005,7,25,184,216,1.1805555555555556,0.031458356506428586,657,"Let's exit denial, singing cowboys ARE passe."
441,6008,6,25,174,205,1.1804878048780487,0.031811989241187055,657,Any numbers about last night's dream?
3539,6009,8,26,199,233,1.1802575107296138,0.030543515343444464,657,"So, your mama didn’t believe Willie Nelson?"
5976,6010,4,32,186,222,1.1801801801801801,0.028834942892485744,657,"Honest to God, Doc.  Their brands were still on fire!  And, their hooves were made of steel!"
1503,6010,7,26,189,222,1.1801801801801801,0.030882813530412234,657,"I repeat that your problem is way beyond that ""get along little dogie."""
4391,6010,4,32,186,222,1.1801801801801801,0.028834942892485744,657,"So, Dusty, have your sheroes always been cowgirls?"
1193,6013,5,28,178,211,1.180094786729858,0.030476690503641258,657,And you say all the antelope left...?
772,6014,6,24,170,200,1.18,0.03229885571350802,657,"Yeah, I've heard that 'I'm an Old Cow Hand' from you about 50 times. Wanna move on to what's really bothering you? Although, I must say, I'm not trained to deal with hemorrhoids."
2515,6014,4,28,168,200,1.18,0.0307036409541148,657,I may have some idea of why your legs aren't tan.
1630,6016,2,30,157,189,1.17989417989418,0.029955311138711763,657,"Now when you say ""yonder"" are your referring to your mother or father?"
3513,6017,2,37,189,228,1.1798245614035088,0.026963145688376787,657,dying with your boots on may or may not be caused a Freudian slip
850,6018,2,35,180,217,1.1797235023041475,0.02771015196597971,657,"Yes. Here it is: The dogie hesitation, lonesome contemplation blues... With paranoid features."
4800,6018,6,27,184,217,1.1797235023041475,0.030635438825159955,657,"So, exactly how long has it been since you saw the Ballad of Buster Scruggs?"
6224,6018,7,25,185,217,1.1797235023041475,0.03132410428916085,657,"That’s lonesome there, not lonely, Cowboy!"
6820,6018,6,27,184,217,1.1797235023041475,0.030635438825159955,657,"The guitar is OK.  Sometimes even a banjo is just a banjo."""
7066,6022,5,27,174,206,1.1796116504854368,0.03091254341791532,657,Unbowed legs and untanned cheeks; I think you're in crisis about being a cowhand.
5076,6022,2,33,171,206,1.1796116504854368,0.028522030956274487,657,How is playing  “Seven Spanish Angels”  a sign of remorse?
2360,6022,5,27,174,206,1.1796116504854368,0.03091254341791532,657,"I know your an old Cowhand, lets here more about the Rio Grand!"
6645,6025,4,27,164,195,1.1794871794871795,0.031154517875989485,657,"Just because you wrote one uplifting song, doesn't mean you're depressed."
6651,6025,5,25,165,195,1.1794871794871795,0.031991750158291685,657,"No, I didn't mean that kind of jam-packed session."""
7036,6025,8,26,200,234,1.1794871794871795,0.030422461790364716,657,"So your mother was a coyote. I've heard the tall tales. Enough with the pathos, Bill."
1001,6028,7,24,181,212,1.179245283018868,0.031783788781472595,657,Hmmm.  Tell me about another important person in your life.
1536,6028,4,30,178,212,1.179245283018868,0.029598599027861466,657,"Mamas' don't let your babies grow up to be cowboys
Don't let 'em pick guitars or drive them old trucks
Let 'em be doctors and lawyers and such..."
3486,6028,4,30,178,212,1.179245283018868,0.029598599027861466,657,I can promise you cloudless skies in here the buffalo are roaming two blocks over.
4429,6028,3,32,177,212,1.179245283018868,0.02883342405579113,657,Once Felina left I could no longer compose.
6001,6028,3,32,177,212,1.179245283018868,0.02883342405579113,657,". . . in the door, out the door —all those girls you THOUGHT you loved before . . ."
6478,6028,7,24,181,212,1.179245283018868,0.031783788781472595,657,And that's when you started your artisanal light bulb company?
1670,6034,5,33,202,240,1.1791666666666667,0.02810117992794309,657,Was this your mother’s favorite song?
5895,6035,8,20,173,201,1.1791044776119404,0.03366214890355676,657,"Okay, I've got your age and occupation. You say you're from the Rio Grande?"
4772,6035,3,30,168,201,1.1791044776119404,0.02973859529130041,657,Tell me more about your home on the range.  Tell me more about Mother.
4473,6035,1,34,166,201,1.1791044776119404,0.028015737761793207,657,You say that you're an old hand. Where did you say you were from?
2687,6038,3,35,191,229,1.1790393013100438,0.02756054764011862,657,"Doc,  Give me a home, where the buffalo roam, and I don't see a human all day"
4536,6039,6,22,162,190,1.1789473684210525,0.03333992811692408,657,It started when the wheat fields and the clothes lines and the and the junkyards and the highways came between us.
372,6040,3,33,182,218,1.1788990825688073,0.028350760245063996,657,"I don't think Burnham was targeting you specifically, but go on."
4097,6040,4,31,183,218,1.1788990825688073,0.029086827630711957,657,In your music I hear a lack of cathexis of the narcissistic libido to modern Life.
1439,6042,3,31,173,207,1.178743961352657,0.02921132119265334,657,"And how did you feel about the horse's being dead, too?"
3011,6042,2,33,172,207,1.178743961352657,0.028397168354167966,657,"So, your wife left you, and your dog died, and you need to quit drink'in"".  Sounds like an awful country song to me"
5271,6042,5,27,175,207,1.178743961352657,0.030775079470103026,657,That you keep playing that horrible tune tells me you have a severe case of passive aggression.
3527,6045,3,36,196,235,1.1787234042553192,0.027136349602424094,657,Home on The Range and Don't Fence Me In...that's progress.  I have confidence you'll be able to learn Tumbling Tumble Weeds and Ghost Riders in the Sky for our next session.
3167,6046,9,22,193,224,1.1785714285714286,0.03190799668712122,657,Let's get drunk and raw dog it.
3644,6046,5,30,189,224,1.1785714285714286,0.029291065275739714,657,So your saying you need “a home with a roaming buffalo” ? Hmmmmm
5084,6046,3,29,164,196,1.1785714285714286,0.030153106602492326,657,You had a tear in your beer?  And how does that make you feel?
6212,6046,3,29,164,196,1.1785714285714286,0.030153106602492326,657,"How about you ride the horse, and I save the cowboy?"
944,6050,5,33,203,241,1.1784232365145229,0.027994207817556908,657,"No, I’m afraid you’re not going to be able to barter serenades to pay for your bill."
849,6050,6,31,204,241,1.1784232365145229,0.02860513621613968,657,"So you say you don't know who they think they are, smashing a perfectly good guitar?"
3563,6052,4,30,179,213,1.1784037558685445,0.029471327703968035,657,"OCD, ADHD, GAD, PTSD and BiPolar 2. Zanax, as needed"
4105,6052,5,28,180,213,1.1784037558685445,0.03021340860087239,657,I don't care about your damn pickin'. How do you feel?
4765,6052,5,28,180,213,1.1784037558685445,0.03021340860087239,657,"So your mother was a poor girl from Guantanamera, and she sang to you when you were growing up in Kalamazoo ..."
5482,6052,5,28,180,213,1.1784037558685445,0.03021340860087239,657,"Mama, don’t let your babies grow up to be cowboys."
1716,6056,7,25,187,219,1.178082191780822,0.031058975079428182,657,So your girl gone up and left you ....your dog gone up and died ANDyou burnt the toast ?
2798,6056,6,27,186,219,1.178082191780822,0.03037709824363145,657,Your time is up. Would you prefer I bill iTunes?
4206,6056,5,29,185,219,1.178082191780822,0.02967955967365307,657,"So, you said your mother gave it to you for your fourth birthday?"
4405,6056,5,29,185,219,1.178082191780822,0.02967955967365307,657,"Nah, still don't sound right.  How about switching to jazz?"
5522,6056,4,31,184,219,1.178082191780822,0.028965227897267264,657,It appears to me like he’s pulling your strings and winding you up too tight
6112,6056,6,27,186,219,1.178082191780822,0.03037709824363145,657,So how does that make you feel that it's out of tune?
2614,6062,3,28,160,191,1.1780104712041886,0.03058520074801368,657,So you're saying that you never even made it to Nebraska before he broke your banjo?
5209,6063,5,27,176,208,1.1778846153846154,0.030638818646816203,657,You have a severe case of the Hank Williams complex.
228,6063,4,29,175,208,1.1778846153846154,0.029871157906328924,657,"That was interesting but I need to understand who YOU are, not Kenny Rodgers"
1454,6063,5,27,176,208,1.1778846153846154,0.030638818646816203,657,But your achy breaky heart would lose its meaning if it were not balanced by sadness
5240,6066,5,30,190,225,1.1777777777777778,0.029171390396014463,657,"I want your therapeutic experience to be comfortable, but we just can't do campfires in the office to for you to tell your whole story."
5324,6066,3,34,188,225,1.1777777777777778,0.027777777777777787,657,"Range or Couch, make up your mind!"
2352,6068,7,29,206,242,1.177685950413223,0.02909170598806886,657,"I was dancin' with my darlin'
When an old friend I happened to see
I introduced her to my loved one and while they were dancin'
My friend stole my sweetheart from me"
1239,6069,6,26,182,214,1.1775700934579438,0.030804069736186435,657,"If you don't want to be a ""Lonesome Cowboy"", maybe you should dress like one?"
3301,6069,5,28,181,214,1.1775700934579438,0.0300834463340365,657,"Enough Waltzing Matilda,
I asked for a Viennese Waltz."
6061,6069,4,30,180,214,1.1775700934579438,0.029345132038446704,657,"Six months of yodel di, yodel dum is enough!"
567,6072,5,31,195,231,1.1774891774891776,0.028686977249452263,657,And howdy’s that make you feel?
5688,6073,6,24,173,203,1.1773399014778325,0.03185702599923943,657,"Now, give me a C."
1197,6073,4,28,171,203,1.1773399014778325,0.030287347276269694,657,"You came alone to a couples counseling meeting? I told my wife to save a horse, and ride a cowboy. She chose the horse."
2299,6075,3,33,184,220,1.1772727272727272,0.0281158590187026,657,"I told you you should say everything that comes to your mind, but I didn't say you could strum on your guitar while you do it."
6104,6075,6,27,187,220,1.1772727272727272,0.03024953767588672,657,"This is such a wonderful session, Butch, I feel so liberated"""
5364,6077,3,31,175,209,1.1770334928229664,0.028956264203134467,657,Where the deer and the antelope play. Do deer and antelope really play?
6044,6078,7,21,170,198,1.1767676767676767,0.03313010316403224,657,When the rodeo has you down.
2899,6079,4,30,181,215,1.1767441860465115,0.029219998678319224,657,"I understand your DNA profile says your 10% ""Little Dogie"", but..."
6704,6079,6,26,183,215,1.1767441860465115,0.03067158204294341,657,"So,over ten years of strumming and not yet one lyric from the Inner Self?"
6316,6081,5,26,173,204,1.1764705882352942,0.030941572745612374,657,I’m told your horse had a delusion in my reception area.
5131,6081,7,25,189,221,1.1764705882352942,0.030798253788513887,657,"For my next song, I'll play ""The Bookcase Blues."""
3436,6081,6,27,188,221,1.1764705882352942,0.030123032735246424,657,Note to self: This is the moment I can either make or break this singin’ cowboy’s career.
6395,6081,7,25,189,221,1.1764705882352942,0.030798253788513887,657,"Now, are you gonna tell me how you feel or are you gonna try to be the next Johnny Cash?"
1272,6081,5,29,187,221,1.1764705882352942,0.029432325187041294,657,Everyone gets lonesome once in a while.
414,6081,4,31,186,221,1.1764705882352942,0.028725014023717427,657,"Keep going!  If you change the “breakup” stanza to E Minor, we could have a hit!"
157,6081,6,27,188,221,1.1764705882352942,0.030123032735246424,657,Don't give up. In another fifty years you'll be a star!
2413,6081,7,22,175,204,1.1764705882352942,0.032464923906488155,657,Buster Scruggs did a much better job of it
7040,6089,5,27,178,210,1.1761904761904762,0.03036984464367322,657,Let's rap.
5129,6089,3,31,176,210,1.1761904761904762,0.028830375135239752,657,"It's not so rare as you'd think. You've got Singing Dude Syndrome, Strum Version."
6238,6091,6,32,212,250,1.176,0.02784235599134157,657,This office will not be big enough for the two of us
3852,6092,1,39,193,233,1.1759656652360515,0.02572948135300962,657,You think YOU have daddy issues...
6090,6092,4,33,196,233,1.1759656652360515,0.027802917379993065,657,okay so remembering lyrics is a problem... any problem remembering who your singing to.
1335,6094,6,26,184,216,1.1759259259259258,0.030540217485144742,657,Maybe opera would be a better choice for your guitar style.
4150,6095,5,32,202,239,1.1757322175732217,0.028007457700120406,657,I think it's time we move past Lady Gaga and Bradley Cooper.
5720,6095,7,28,204,239,1.1757322175732217,0.029235914595912623,657,whoa Nelly
497,6097,6,27,189,222,1.1756756756756757,0.0299975705430788,657,This next exercise will involve you singing it out.
4758,6097,7,25,190,222,1.1756756756756757,0.03066951230675324,657,This one is for the shrink I adore.
1088,6099,4,28,173,205,1.175609756097561,0.0300159565330217,657,I have heard that tune over and over again. Let's talk about that imaginary Penguin.
1615,6099,4,28,173,205,1.175609756097561,0.0300159565330217,657,And how did having tears in you ears from lying on your back make you feel?
4121,6099,2,32,171,205,1.175609756097561,0.02837797792811471,657,"I appreciate that you think we are making progress, but I would rather not be refereed to as the ""June to your Johnny."""
7042,6102,6,22,166,194,1.175257731958763,0.03270199320908874,657,"You're bearing quite a heavy burden, would you like to repeat that refrain?"""
6969,6103,8,22,187,217,1.1751152073732718,0.031782142552847566,657,My mother hated my guitar.
5363,6103,10,18,189,217,1.1751152073732718,0.03309748298988517,657,Best to return the guitar to the Segovia estate.
4135,6103,4,30,183,217,1.1751152073732718,0.028972866534347188,657,"Seldom heard discouraging words but I'll need more than, 'my dog has fleas'."
4077,6103,5,28,184,217,1.1751152073732718,0.029700107621441416,657,"Frankly, Jake, you're going to have to get over this cloven-hoof thing"
498,6103,4,30,183,217,1.1751152073732718,0.028972866534347188,657,"I appreciate the empathy, but we’re here to talk about the happiness of *your* trails."
2308,6103,3,32,182,217,1.1751152073732718,0.028226894935663542,657,Maybe if you sing backwards you’ll get back Lucille and the Chevy PickUp
1337,6103,5,28,184,217,1.1751152073732718,0.029700107621441416,657,Don't....forsake....me....oh....my ...darling. It sounds like this is coming from the superego.
2904,6103,4,30,183,217,1.1751152073732718,0.028972866534347188,657,Hum while playing the tone difference between G sharp and G flat! I'm beginning to nod ...
6226,6111,7,21,172,200,1.175,0.032821659106947405,657,LET ME PUT IT IN A SONG.
1440,6111,5,32,203,240,1.175,0.027900125722686287,657,And you're looking to play to win?
3905,6111,3,29,168,200,1.175,0.029601626330440618,657,"Sigmund and Gunbuckle
""Well, it's textbook Oedipal.  But let us focus on the bridge."""
6136,6111,5,25,170,200,1.175,0.03125314054570915,657,I wonder if Freud would have found a banjo more interesting
6967,6111,1,33,166,200,1.175,0.02785235661203951,657,So with the Anteaters down by 12 at the half.... you lost hope and left the arena??
131,6116,5,29,189,223,1.1748878923766817,0.029189129070155993,657,Lone Cowboy spills his beans.
411,6117,4,35,207,246,1.1747967479674797,0.026860423057340075,657,Tell me more about your High Lonesome Sound.
5054,6118,11,18,200,229,1.1746724890829694,0.032459953710617793,657,"Okay... was that ""trouble cliff"" or ""treble clef""?"
6698,6119,6,21,162,189,1.1746031746031746,0.033231055194326266,657,they always ask yee haw but they they never ask haw yee
2816,6120,6,25,181,212,1.1745283018867925,0.030839129089458073,657,"So, tell me more about, what is it you called them, Do Gees."
2877,6120,5,27,180,212,1.1745283018867925,0.030105500516769558,657,Now that we know how that makes you feel...
6918,6120,6,25,181,212,1.1745283018867925,0.030839129089458073,657,"Thanks, but I prefer jazz..."
1138,6123,4,33,198,235,1.174468085106383,0.027586036785727713,657,"My horse died, my dog died, my wife left, and a rattlesnake bit me, and that's why I'm singin' this song!"
2987,6123,3,35,197,235,1.174468085106383,0.026918751390198545,657,"Again, there's no reason to bring the room down."
4688,6123,7,27,201,235,1.174468085106383,0.02949746044920041,657,Same Ole' Song
4841,6126,4,26,165,195,1.1743589743589744,0.03087917620197948,657,"Do you think they'd take you more seriously if you tried 
carrying a briefcase instead of the guitar?"
5387,6126,3,28,164,195,1.1743589743589744,0.030010921825356987,657,You do not really have to Sing your troubles to me!!
6650,6128,6,26,186,218,1.1743119266055047,0.030280801845501377,657,Oh...Susanna didn't cry enough for you? Next it's the Banjo!
2232,6129,3,29,169,201,1.1741293532338308,0.0294668515322604,657,Perhaps this week you can tune in a bit more. How does that sound?
2131,6129,7,21,173,201,1.1741293532338308,0.03266956250623285,657,"Oh give me a home, where the buffalo roam and the Mexicans can stay for a day"
283,6131,0,39,185,224,1.1741071428571428,0.025393216641551686,657,how long have you thought yourself as a guitar-playing Tenor?
5072,6131,4,31,189,224,1.1741071428571428,0.028371979116770675,657,"And after your vacation, about how long has this phase you're going through been going on?"
5281,6131,1,37,186,224,1.1741071428571428,0.02616971318727435,657,Can you sing me that depressing song again?
194,6134,3,26,155,184,1.173913043478261,0.03103637848206145,657,"Let's talk about your fixation on trains, puppies and women of the night!"
1499,6134,6,28,196,230,1.173913043478261,0.02924383336107079,657,I'm sitting beside you now tell me your sad story
1745,6134,8,24,198,230,1.173913043478261,0.030514690726286795,657,She broke my heart when I learned she was a He
2254,6134,3,30,174,207,1.173913043478261,0.028950309288953202,657,"Refrain, Pain, Sane, Rein, Dame, Mane ..... 
I think you have writer's block."
3377,6134,7,26,197,230,1.173913043478261,0.02988601796635854,657,"Okay, first off, who did this to you, Jimi Hendrix or Paul McCartney"
5327,6134,3,30,174,207,1.173913043478261,0.028950309288953202,657,This 'It's your misfortune and none of my own' attitude is not conducive to therapy.
1484,6140,5,31,200,236,1.173728813559322,0.028127369441904474,657,"My heros have alway been 
""back in the U.S.S.R."""
3709,6141,6,25,182,213,1.1737089201877935,0.03070493779078279,657,I always wanted to be and old cowhand.
2019,6141,3,31,179,213,1.1737089201877935,0.0284591021782145,657,Your head'in to the last round-up
2041,6141,4,29,180,213,1.1737089201877935,0.029226895138530353,657,What I'm hearing sounds like the country western blues.
1175,6141,7,23,183,213,1.1737089201877935,0.031417894700066035,657,Is your missing index finger keeping you out of key with your life?
1222,6141,6,25,182,213,1.1737089201877935,0.03070493779078279,657,This is the last time I co-sign a loan for you until you get a REAL job!
3132,6146,3,32,184,219,1.17351598173516,0.027991270435686617,657,It's a matter of accepting the goatee as it is.
3522,6146,4,30,185,219,1.17351598173516,0.02872982867831006,657,Have you considered going back to Old Smoky to win her back?
5670,6146,2,34,183,219,1.17351598173516,0.027232689645395658,657,"Tell me, why is it that you  call Jose a “bad man”?"
2666,6149,2,35,188,225,1.1733333333333333,0.02681506328628779,657,Exactly how long have you serenaded your parents?
5351,6149,6,27,192,225,1.1733333333333333,0.0296273147243853,657,"Nothing, what's up with you?"
5521,6149,3,33,189,225,1.1733333333333333,0.027545056883770614,657,"‘No matter what your old therapist told you, Singing the Blues is not therapy!’"
5862,6149,6,27,192,225,1.1733333333333333,0.0296273147243853,657,When your mother became the star how did that make you feel?
968,6153,6,23,173,202,1.1732673267326732,0.031752439543810046,657,I read where Gibson is now making some nice left-handed guitars.
126,6154,3,34,194,231,1.173160173160173,0.027118881082257868,657,There's nothing better for the inside of a man than the outside of a horse.
4279,6155,5,26,177,208,1.1730769230769231,0.030391823275194945,657,"With the next patient, try something besides 'I Fall To Pieces'."
3677,6155,5,26,177,208,1.1730769230769231,0.030391823275194945,657,"In your previous life, exactly how many head of cattle did you own?"
1146,6155,4,28,176,208,1.1730769230769231,0.029617761370215444,657,I really miss my banjo...
6094,6158,7,27,203,237,1.1729957805907174,0.029266453466407657,657,"Can you play ""The Ballad of William James""?"
5222,6159,4,29,181,214,1.1728971962616823,0.029101323184074754,657,No. I can't name any other lefty guitar players.
4790,6160,5,28,187,220,1.1727272727272726,0.029326309929052958,657,"Yes,very good. How do you feel about group therapy?"
1681,6161,5,24,168,197,1.1725888324873097,0.03142559634520733,657,"Laredo you think, some white linen and where was the clay?"
2639,6161,4,26,167,197,1.1725888324873097,0.03059037000361777,657,"Tell me why the misfortune of the little dogies is none of your own.  Perhaps we could start by unpacking your expression, as I heard it, 'whoopee ti yi yo'"
6244,6161,1,32,164,197,1.1725888324873097,0.027935257845189597,657,"No, Pete, I do NOT want to hear your song about how Freddy Mercury came to live in your gol-durn magical cowboy hat."
6709,6164,5,25,173,203,1.1724137931034482,0.030825953511223275,657,Did your parents force you to play the guitar as a child?
943,6165,3,30,176,209,1.1722488038277512,0.028696630010112145,657,"Your dog bit your girlfriend when you took the train to prison, yada yada yada. Also, I don't like C&W music."
505,6166,7,23,185,215,1.172093023255814,0.031145820264745144,657,"Have you tried watching ""Green Acres""?"
1925,6166,4,29,182,215,1.172093023255814,0.028976812912737012,657,Or is this how you're paying off your bill?
6532,6166,4,29,182,215,1.172093023255814,0.028976812912737012,657,"So, say something"""
828,6169,4,30,187,221,1.1719457013574661,0.028490785764458498,657,"Your ol’ lady who-ooo....” No, Roy, we call that parapraxis, not yodeling"
6190,6169,10,18,193,221,1.1719457013574661,0.03253516382307249,657,"Dear New Yorker, 

I submit the following LATE ENTRY for Contest #653:

""Actually, I ordered the Tournedos...""

Alas, another missed opportunity for greatness...

Kind regards.

William Hogan
Los Angeles"
6730,6171,7,25,195,227,1.171806167400881,0.03004147701011055,657,"Sing whatever comes to your mind, this will reveal your unconscious thoughts, and it might lead to a Grammy."
585,6172,7,26,200,233,1.1716738197424892,0.02952846057469196,657,Do you think that couch might be big enough for the both of us?..Edward?
2095,6173,3,29,172,204,1.1715686274509804,0.02906969697001196,657,Why do my requests drive you crazy?
3365,6173,3,29,172,204,1.1715686274509804,0.02906969697001196,657,"So, it was your mother's idea that you should become a signing cowboy?"
4597,6173,4,27,173,204,1.1715686274509804,0.029888835073808823,657,"But when your Mother handed you the Ukulele on your 5th birthday, HOW did it make you feel?"
6841,6173,3,29,172,204,1.1715686274509804,0.02906969697001196,657,Do you always strum Naughty Marietta with your off hand?
6799,6177,4,33,202,239,1.1715481171548117,0.027162146485359855,657,I think you are a lonely ranger.
5376,6178,5,26,179,210,1.1714285714285715,0.03012413424240506,657,yo put tbat big ass guitar away we tryna have a talk bro
1595,6179,5,27,184,216,1.1712962962962963,0.02959023813478561,657,"So let me get this straight. You want me to sing, ""We're brothers from the same mother. Somos hermanos de la misma madre. We grew up here together. Por favor, no nos separe,"" at your ICE hearing next week? And you're gonna play your guitar?"
5478,6179,4,29,183,216,1.1712962962962963,0.02885335111797642,657,Have you always been so low?
41,6181,5,28,189,222,1.1711711711711712,0.029082239948719016,657,So you think the panic attacks began when your father threw you out of your home on the range?
2963,6181,4,30,188,222,1.1711711711711712,0.028372732222818595,657,"And why is it that you believe you're a little bit country, a little bit alt-country,  a little bit Americana and a little bit rock and roll?"
3963,6183,5,23,165,193,1.1709844559585492,0.031751168226678644,657,Sometimes a guitar isn't just a cigar
2897,6184,6,22,171,199,1.170854271356784,0.03193780231062241,657,"I let you keep the guitar, but the he horse stays in the waiting room after the last time on the rug doing his business."
3568,6184,2,30,167,199,1.170854271356784,0.02858299909942311,657,Play a honky-tonk lullaby
6739,6186,4,33,203,240,1.1708333333333334,0.027058176815696458,657,Wonderful !  I wrote a whole new article being inspired by your music
2229,6187,4,27,174,205,1.170731707317073,0.02975445111516212,657,No a benefit concert won't pay for it either!
2900,6187,4,27,174,205,1.170731707317073,0.02975445111516212,657,You said this cowboy look started when you grew a beard?
4929,6187,3,29,173,205,1.170731707317073,0.028939650196792826,657,Shouldn't you be at home right now?
6237,6190,7,22,182,211,1.1706161137440758,0.03146100885188176,657,There's a tear in my beer Sigmund.
998,6191,4,29,184,217,1.1705069124423964,0.02873092480711412,657,"As a Freudian I am bound by my oath to say that although your song is on its face about ""Sweet Sandee My Own"" it is actually about your penis substitute with which you continuously, yea even now, play with your hands..."
2092,6191,6,25,186,217,1.1705069124423964,0.030179543324713513,657,Don’t fret; hold your headstock up high.
2397,6191,7,23,187,217,1.1705069124423964,0.030878378079108478,657,Have you tried playing your music backwards?
4393,6191,6,25,186,217,1.1705069124423964,0.030179543324713513,657,"And if we create a megahit, will I be listed as the co-author and producer?"
6549,6191,4,29,184,217,1.1705069124423964,0.02873092480711412,657,"Sir, stop pulling strings. You're playing with my mind."
1496,6196,5,29,195,229,1.1703056768558953,0.028482818424915807,657,'I'm so lonely I could die 'has already been written. How about you give me 5 cows and we call this session over.
1393,6196,4,31,194,229,1.1703056768558953,0.027802258451676033,657,Unplugging live wires to the past was a metaphor.
6648,6196,7,25,197,229,1.1703056768558953,0.02979734361067421,657,"Just because we now have self-driving vehicles, doesn't justify you singing 'my truck done left me'."
145,6199,6,28,201,235,1.1702127659574468,0.02866727861972021,657,... and how does that make you feel?
4822,6200,6,29,206,241,1.170124481327801,0.028208647706353545,657,Ah! I see you have fixed your broken six strings. Now let's get started with fixing that broken heart of yours.
1231,6201,3,27,164,194,1.1701030927835052,0.029861152407628128,657,"Give me land, lots of land, 'neath the starry skies above . . ."
1493,6201,3,27,164,194,1.1701030927835052,0.029861152407628128,657,It’s difficult to analyze why you fret so much about our sessions.
2505,6201,3,27,164,194,1.1701030927835052,0.029861152407628128,657,"I hope you are not just stringing me along.
or
Stringing me along will not help.
or
Stop stringing me along."
3506,6201,4,25,165,194,1.1701030927835052,0.030742549879837003,657,"Yes, I think Buckaroo Freud would like your tribute."
5005,6201,2,29,163,194,1.1701030927835052,0.028952935483451837,657,"Fella,  since you were born on the right side of the tracks,  give up trying to write a good blues song."
1237,6206,3,28,169,200,1.17,0.02932232928972177,657,"Song song blue, everybody knows one!"
3071,6206,3,28,169,200,1.17,0.02932232928972177,657,"Yes, your simple song of heartache does give me insight into your Freudian dilemmas."
5269,6206,2,30,168,200,1.17,0.028452552410872876,657,At least it isn't an atypical emotional attachment.
5873,6209,6,23,177,206,1.1699029126213591,0.031179131551963623,657,So you always end up playing Purple Haze and the Star Spangled Banner
4174,6210,4,28,180,212,1.169811320754717,0.029102799099500278,657,I'm thinking barter system.
7068,6210,0,36,176,212,1.169811320754717,0.025848211328865403,657,"It’s my lonely heart, doc."
698,6210,5,26,181,212,1.169811320754717,0.029861072269041534,657,"Yes, it does get lonely in those hills"
2655,6213,5,27,186,218,1.1697247706422018,0.02933909743456722,657,"So, you're angry at your Mama because ever since you were a baby she didn't want to let you grow up to be a Cowboy?"""
3367,6213,4,29,185,218,1.1697247706422018,0.028609521197136126,657,"So, this aura starting to surround us- Does it only occur when you play the guitar?"
3717,6213,3,31,184,218,1.1697247706422018,0.027860846505153674,657,And that was when I decided to become a cowboy.
4235,6216,6,26,192,224,1.1696428571428572,0.029528096123754656,657,"Well, I think my problems stem back in time, when my horse and my cattle were my only companions......"
924,6217,4,31,195,230,1.1695652173913043,0.02769101687280128,657,"Let’s see...your woman left you, the government is taking your ranch, and your doggies are lost on the range...I’m getting mighty tired of your hard luck stories."
870,6218,7,27,208,242,1.1694214876033058,0.028704322314727446,657,What makes you say you're out of tune with Maggie Six-String?
1264,6219,5,22,162,189,1.1693121693121693,0.03208661909954862,657,"It's perfectly fine to play guitar left-handed. Just ask Jimi Hendrix. Oh wait, he's dead."""
2481,6219,3,26,160,189,1.1693121693121693,0.030281620573870082,657,"So tell me, why did you feel threatened when she asked for equal rights?"
3024,6219,4,24,161,189,1.1693121693121693,0.0311971767137617,657,I’m a lone cowhand.
5404,6222,4,25,166,195,1.1692307692307693,0.03059692702395349,657,I think you're singing through your hat.
3193,6222,3,27,165,195,1.1692307692307693,0.02972042814637649,657,Let's talk about your relationship with Ole Pokey without the music.
3549,6222,3,27,165,195,1.1692307692307693,0.02972042814637649,657,"Tell me about your earlier career as a ukulele player. Like, before you became a famous guitarist."
6311,6225,6,22,173,201,1.1691542288557213,0.0316419474948415,657,You should keep busking this summer but make an effort to get a gig before the fall.
6609,6225,1,32,168,201,1.1691542288557213,0.02743094279022931,657,"So, Tex, how long have you had these recurring dreams about tumbling tumbleweeds?"
165,6225,3,28,170,201,1.1691542288557213,0.02918833859477141,657,"Songwriting team, Pa McCourtney and Dr. John Lenmitzer , write: ""Her teeth were awesome...But she really should floss 'em...Our love would blossom...And we'd eat possum."""
3143,6228,4,27,176,207,1.1690821256038648,0.029489236427043364,657,It's time to get some new strings.
339,6229,3,30,180,213,1.1690140845070423,0.028202212698367167,657,"""And you say you have been feeling nostalgic for what period in history?"
1133,6229,3,30,180,213,1.1690140845070423,0.028202212698367167,657,Sing me the one again about the lonesome spine.
2180,6229,5,26,182,213,1.1690140845070423,0.02973123957020854,657,"Let's delve a little deeper into this ""and western"" aspect..."
2996,6229,2,32,179,213,1.1690140845070423,0.02740572747502511,657,And was this a shooting range ?
3470,6229,4,28,181,213,1.1690140845070423,0.02897681320871117,657,"So, you’re saying that feel like you’re a lone cowpoke?"
4731,6229,4,28,181,213,1.1690140845070423,0.02897681320871117,657,"Dave, your ballads are not necessarily enmity; they are merely misused and made occasions for enmity."
6376,6229,7,22,184,213,1.1690140845070423,0.031185387791052496,657,You see...let me tell you a little ditty about Jack and Diane....
1951,6236,6,25,188,219,1.1689497716894977,0.02992347019102196,657,"Thanks for the compliment, Lester, but I'm not 'cookin' anything up with you, and I find the question to be highly inappropriate."
2298,6236,4,29,186,219,1.1689497716894977,0.028489127710591148,657,Not winning a Grammy will not change who you are.....
4544,6238,4,30,191,225,1.1688888888888889,0.028024302882109647,657,John Denver you're not
646,6238,6,26,193,225,1.1688888888888889,0.029406234566725784,657,How long have you felt this way about Old Bill Jones' daughter?
14,6238,8,22,195,225,1.1688888888888889,0.030726075420697285,657,Fuck...I don’t know what to call that. Sophocles doesn’t say anything about cousins.
82,6241,4,32,201,237,1.1687763713080168,0.027156653370370744,657,"And the waking up this morning, how did you make you feel?"
38,6242,3,26,161,190,1.168421052631579,0.030135000395527956,657,"You were right in seeing a Shrink, we know something about singing the Blues"
5992,6242,3,26,161,190,1.168421052631579,0.030135000395527956,657,"I see. And Brokeback  Mountain lost Best Picture in ‘05,you say?"
5609,6244,2,29,165,196,1.1683673469387754,0.02868287675456093,657,"Thanks Doc,  I just came up with a new song title.  ""You and this room depress me"""
4113,6245,5,24,173,202,1.1683168316831682,0.03070411079405365,657,"When in public, may I suggest that you substitute “finger pickin’” for “cotton pickin’” ?"
6701,6245,3,28,171,202,1.1683168316831682,0.029055552055252933,657,I'm not certain but I don't think Mr. Six String is covered by your insurance.
539,6247,2,31,175,208,1.1682692307692308,0.0277310640424982,657,"Aw shucks, it's either this or running for office!"
2502,6247,5,25,178,208,1.1682692307692308,0.03013909940844454,657,So what you're basically saying is that the guitar needs this even more than yourself?
4488,6247,5,25,178,208,1.1682692307692308,0.03013909940844454,657,So you have this nightmare about a wall. Tell me more.
5126,6247,4,27,177,208,1.1682692307692308,0.029358374950675437,657,"Yes. Clearly, you are disappointed with her lack of concern about your career choice. Might we begin to explore some OTHER facets of your relationship with your mother?"
5989,6247,3,29,176,208,1.1682692307692308,0.02855631359851603,657,"Well, do you want to get out of the shal-la-la-lows?"
3147,6252,5,27,188,220,1.1681818181818182,0.029092141422632257,657,"Well Mr. Gibbons, you seem to be suffering from a temporary form of Delusional Disorder. ‘She Got Legs’ is not a cowboy song and is not about your horse."
1169,6252,5,27,188,220,1.1681818181818182,0.029092141422632257,657,I'm thinking split personality already. It's when you can't concentrate on one thing a a time.
3005,6254,5,28,193,226,1.168141592920354,0.02860596559858563,657,"I'll see your 6 strings, 4 divorces, and 3 addictions, and I'll raise you a DSM-5 and tons of Schedule 2 drugs."
476,6254,6,26,194,226,1.168141592920354,0.029285365536261616,657,"If you want a record deal, perhaps you should sing something other than ballads."
771,6256,5,29,198,232,1.168103448275862,0.02814219669392728,657,Can you play a song about your id?
6759,6256,3,33,196,232,1.168103448275862,0.026783301310465878,657,"No, you are not a reincarnation of Gene Autry, not even close."
2724,6258,2,36,200,238,1.1680672268907564,0.025707487689632116,657,Why do you think ‘Home On The Range’ didn’t crack the top 40?
1814,6259,7,27,210,244,1.1680327868852458,0.02848541743721933,657,This is not the Ok Corral. Stop with the Dueling Banjos already!
6685,6260,1,29,155,185,1.1675675675675676,0.028580501170593926,657,So you think that on your lap it's a guitar?
791,6261,3,28,172,203,1.167487684729064,0.028923953761294138,657,Is Lonesome Cowboy really the only song you know?
1095,6262,4,27,178,209,1.167464114832536,0.02922865732179089,657,"I am an old woman, named after my mother..."
2376,6262,5,25,179,209,1.167464114832536,0.03000535008608754,657,"I call this ""Ode to my mother""."
6029,6262,3,29,177,209,1.167464114832536,0.028430754191204406,657,So what percentage of the royalties do I get?
2097,6265,2,32,181,215,1.1674418604651162,0.027172840256874924,657,Perhaps the dying cowboy was your father. Could the white linen represent the marital bed? Was your mother in the dream?
4220,6265,5,26,184,215,1.1674418604651162,0.029474899168779007,657,"Mister Cassidy, don't keep anything under your hat."
6248,6265,4,28,183,215,1.1674418604651162,0.028728050227637685,657,Let's call it lunch
2462,6268,4,29,188,221,1.167420814479638,0.02825132180183924,657,So you're angry at me because I didn't like your song?
4171,6268,6,25,190,221,1.167420814479638,0.029671667530778274,657,Mother likes my notes better than yours.
4843,6268,6,25,190,221,1.167420814479638,0.029671667530778274,657,So Blake.... you say Adam won the four-chair turn?
3511,6271,4,30,193,227,1.1674008810572687,0.02779667937348116,657,"Get over here, quit being such a tease"
2686,6271,4,30,193,227,1.1674008810572687,0.02779667937348116,657,I did not schedule you to be entertained
6880,6273,6,24,186,216,1.1666666666666667,0.030073123629877244,657,Have you told The Pico Kid  about your feelings?
6840,6273,3,29,178,210,1.1666666666666667,0.02830628089466442,657,Your legs ain't bowed but your mood is low. Yippie yi yo kayah.
6818,6273,7,21,182,210,1.1666666666666667,0.03136111293580055,657,And how did your mother feel about old cowhands?
6687,6273,6,24,186,216,1.1666666666666667,0.030073123629877244,657,You're no Johnny Cash.
6488,6273,4,29,189,222,1.1666666666666667,0.028133885216902587,657,It's an old old story and very sad.
6289,6273,4,30,194,228,1.1666666666666667,0.027684233349594096,657,Have you thought of trying hip-hop?
5499,6273,6,25,191,222,1.1666666666666667,0.029547334747690005,657,So what exactly does it mean to be eliminated in the Battle Round?
5125,6273,5,28,195,228,1.1666666666666667,0.028373572894826695,657,And how long had you being singing Nomano cow hand before you realized it?
5080,6273,5,25,180,210,1.1666666666666667,0.02987277140356817,657,"So, you are saying that this cucaracha was able to walk before?"
4777,6273,5,22,165,192,1.1666666666666667,0.03162047701424654,657,"So far I've got: 'You're an old cowhand from the Rio Grande', but when did you actually learn to ride?"""
4762,6273,5,27,190,222,1.1666666666666667,0.028849267651795765,657,Where did you learn all these sad chords?
4576,6273,4,28,184,216,1.1666666666666667,0.02860524638218839,657,It's a living!
4306,6273,7,22,187,216,1.1666666666666667,0.03078082336445812,657,But you’re still saying the same thing over and over again
4248,6273,9,16,179,204,1.1666666666666667,0.033449040941911534,657,Out in the west Texas town of El Paso...
3134,6273,5,23,170,198,1.1666666666666667,0.03100629863913435,657,"Oh my darlin', oh my darlin' , oh my darlin' Tex Cline,
Please tell me, please tell me, tell me what is on your mind."
4172,6273,3,28,173,204,1.1666666666666667,0.02879352807641923,657,"Please, not another dusty road song!"
891,6273,2,30,172,204,1.1666666666666667,0.027942299099152895,657,You me you don't know the lyrics to Big Rock Candy Mountain.
985,6273,3,29,178,210,1.1666666666666667,0.02830628089466442,657,Home on the Range has already been written.
1157,6273,1,31,166,198,1.1666666666666667,0.027500798233906328,657,Please sing to me why you miss your horse.
4205,6273,6,25,191,222,1.1666666666666667,0.029547334747690005,657,"Talk more about growing up with Mother, who could never seem to cut the chord."
1366,6273,5,25,180,210,1.1666666666666667,0.02987277140356817,657,"Agreed.  It's a long day, when you've got nothing to do --- in Texas."
1373,6273,3,29,178,210,1.1666666666666667,0.02830628089466442,657,I don’t know why nobody told you how to unfold your love.
1254,6273,5,29,200,234,1.1666666666666667,0.027919560391654195,657,It would sound lots better if you used a left-handed guitar.
2139,6273,7,21,182,210,1.1666666666666667,0.03136111293580055,657,"I’m sorry, but I don’t speak music."
2870,6273,5,25,180,210,1.1666666666666667,0.02987277140356817,657,I feel like I’m just twiddling my thumbs all the time.
3169,6273,5,24,175,204,1.1666666666666667,0.030424621926485568,657,This is no time to be horsing around.
3237,6273,6,22,176,204,1.1666666666666667,0.031208216858875617,657,"Yep,I'm learning to play the guitar that she left me when she rode my horse into the sunset."
3941,6273,5,26,185,216,1.1666666666666667,0.02934836354418746,657,"Now what's the next line after, ""My dog died near the trailer?"""
1770,6273,7,26,207,240,1.1666666666666667,0.02872625249697144,657,"Sorry, but the hat clearly said, ""Hufflepuff""."
3585,6302,4,30,195,229,1.165938864628821,0.02757268350492522,657,It seems to me you never had to learn how to deal with criticism constructively.
7051,6302,2,34,193,229,1.165938864628821,0.026146551107878675,657,"Please play a few bars of ""Home On the Range"" and tell me what you're feeling about it."
313,6304,7,23,193,223,1.1659192825112108,0.030102702825319724,657,"It’s okay that you believe in reincarnation....The way you sing and play guitar makes me agree that in your prior life you were the Singing Cowboy, Gene Autry."
2321,6304,4,29,190,223,1.1659192825112108,0.02801741042236133,657,Are you sure you wouldn’t rather use a ukulele?
4225,6304,3,31,189,223,1.1659192825112108,0.02728692256808899,657,I thought all you country western singers are either looking for love or are depressed
952,6307,7,22,188,217,1.1658986175115207,0.03064827311094507,657,You're telling me THAT got you a long little doggy?
6957,6307,2,32,183,217,1.1658986175115207,0.02694382410020045,657,``I'm just gonna write that you lived without electricity in your biography''
2170,6309,6,23,182,211,1.1658767772511849,0.03049072536070737,657,"I can help with everything but finding your stolen truck.


G Blundell. Nanaimo , B C"
906,6310,3,28,174,205,1.1658536585365853,0.02866425963186304,657,"Blake, it has been three years since Adam beat you for the fifth straight season.  Does Gwen agree with how you are handling the situation?"
1475,6310,2,30,173,205,1.1658536585365853,0.02781754433070992,657,Responding only with guitar chords frighten your family & me too!
693,6312,5,22,166,193,1.16580310880829,0.03146806494788829,657,Is that a gun in your pocket or are you just happy to see me?
5590,6312,3,26,164,193,1.16580310880829,0.029703440529128135,657,I know you miss singing to your doggies but you can adopt on at the ASPCA.
5481,6314,4,23,160,187,1.1657754010695187,0.03120127738397458,657,Play a happy tune or you're dismissed!
4718,6315,5,31,212,248,1.1653225806451613,0.02686852120337971,657,"And how long have you had 'yippee-ki-yay, mother issues'?"
6293,6316,5,29,202,236,1.1652542372881356,0.027700384489411155,657,"Yes, I understand your wife is high-strung. But let's try to verbalize it now."
3520,6317,5,28,197,230,1.1652173913043478,0.028144889146790916,657,"You need to face the facts Mr. Eubanks;
You are NOT Marie Antoinette.  You are Tammy Wynette"
5472,6318,6,25,193,224,1.1651785714285714,0.02930174236396529,657,We need to find a good stressor for you.
5933,6318,6,25,193,224,1.1651785714285714,0.02930174236396529,657,Tell me why you keep playing “Lonesome Cowboy”?
4200,6320,5,26,187,218,1.165137614678899,0.029098493359740577,657,"And, then you started singing after you gave your girlfriend a horse suppository, yes?"
6755,6321,4,27,181,212,1.1650943396226414,0.028846221442110007,657,Let's start by your hearing about your childhood home on the range.  Singing is optional.
6627,6321,5,25,182,212,1.1650943396226414,0.029611065720745247,657,"Sorry, I help acrophobiacs, not anachronisms."
796,6321,5,25,182,212,1.1650943396226414,0.029611065720745247,657,"Look, Doc. You be me and I'll keep being you. What makes you do you feel like an underrated singer just cuz you got no PhD?"
5121,6321,5,25,182,212,1.1650943396226414,0.029611065720745247,657,"This week, let's try combining music therapy and poetry therapy."
4328,6325,2,30,174,206,1.1650485436893203,0.027693883946047063,657,Play something that best reflects your mood.
5379,6325,5,24,177,206,1.1650485436893203,0.03015012933157904,657,You say you have a case of the blues?
701,6327,7,19,174,200,1.165,0.032312466284499776,657,"Yippee yi yo kayah"" just doesn't work as a #hashtag Roy"
4192,6327,6,21,173,200,1.165,0.03152529494081741,657,Could you give me a walking bass line for this part?
5474,6327,6,21,173,200,1.165,0.03152529494081741,657,And were your family people who had specific musical preferences?
6391,6330,3,34,206,243,1.1646090534979423,0.025889487881475434,657,"Nobody told you, you couldn't sing in tune? Sad."
3442,6331,4,31,202,237,1.1645569620253164,0.026936306113062417,657,Don't sing you answers to me.
5498,6332,6,26,199,231,1.1645021645021645,0.02869549686868165,657,What can you sing for me about your mother?
4087,6332,5,28,198,231,1.1645021645021645,0.02803191082741476,657,No!  You cannot marry that guitar.
6543,6332,3,32,196,231,1.1645021645021645,0.02665522449403422,657,"They're all outta rhinestones, and I'm gitten' mighty depressed!"
3428,6332,4,30,197,231,1.1645021645021645,0.027352230416032755,657,"Joe, I'm sorry to inform you that the buck stops here."
3624,6332,8,22,201,231,1.1645021645021645,0.02997863526495643,657,"Good, and if you ever find yourself listening to country radio, just repeat your mantra: ""Florida Georgia Line is not the herald of the Apocalypse. Florida Georgia Line is not . . ."""
608,6337,3,31,191,225,1.1644444444444444,0.02706384117449269,657,"It seems pretty clear to me you have something known as the ""breakup blues."""
4981,6337,2,33,190,225,1.1644444444444444,0.02632050454371318,657,"I agree. Oedipus probably would have been much happier if he had a hobby, like playing guitar or rodeo."
2048,6339,5,26,188,219,1.1643835616438356,0.02897513223262161,657,"Your version of ""Home on the Range"" is nice.  Now tell me about yourself."
2125,6339,0,36,183,219,1.1643835616438356,0.025101775066544388,657,So what happened after you woke up this morning?
3324,6339,5,26,188,219,1.1643835616438356,0.02897513223262161,657,I have friends in low places.....
4798,6339,6,24,189,219,1.1643835616438356,0.029689225708650797,657,"I think if play it backwards, things will improve"
2540,6343,5,25,183,213,1.164319248826291,0.02948190923540969,657,"Yes, your wife is in the Heartbreak Hall of Fame, but that tells me little about you feel about your mother."
4720,6343,4,27,182,213,1.164319248826291,0.02872093434267658,657,You really have figured out this psychology stuff. We need to switch chairs..
1236,6345,5,24,178,207,1.1642512077294687,0.030014715422722153,657,"I hear, I hear..."
6493,6345,5,24,178,207,1.1642512077294687,0.030014715422722153,657,"What brings you to therapy, Mr. Presley?"
2027,6347,2,29,170,201,1.164179104477612,0.028028987106474182,657,While I write the lyrics you sing. Best kind of therapy for us both!
416,6348,4,24,167,195,1.1641025641025642,0.03030757735738816,657,"Who knew our weekly songwriting sessions would be therapeutic, Dr. Dre?"
4253,6349,4,23,162,189,1.164021164021164,0.030895006146620635,657,Let’s see if we can help you find words to describe each of these feelings...
451,6350,6,28,210,244,1.1639344262295082,0.027684306290656945,657,You know sooner or later you better give me one of those Grammys!
4625,6350,3,34,207,244,1.1639344262295082,0.02579198954190582,657,"Can you remember how you felt when spied the cowpuncher singing, ""Whoopee ti yi yo, git along little dogies?"""
6694,6350,5,30,209,244,1.1639344262295082,0.02706823694615514,657,"That you can still sing, even though you can no longer speak, is a well known neurological syndrome."
1533,6353,7,24,201,232,1.1637931034482758,0.029225926216146243,657,Did you say your mother or your brother threw the overalls in Mrs. Murphy's chowder?
550,6354,2,31,181,214,1.1635514018691588,0.02701885358097615,657,Perhaps next week we can discuss your home but this ‘range’ won’t do.
6565,6354,4,27,183,214,1.1635514018691588,0.028596719860644746,657,YOU REALLY SHOULD GET THAT TUNED UP
600,6356,5,24,179,208,1.1634615384615385,0.029880501695198423,657,"You opened the genre with, Just a Lefty from the Left Coast."
728,6356,1,32,175,208,1.1634615384615385,0.026590220907809985,657,"So, let's see if I got this: you've been feeling lonesome because your little doggie got along. Right?"
5823,6356,6,22,180,208,1.1634615384615385,0.030647928395968478,657,And how long has it been so important to you to be buried not on the lone prairie?
542,6359,4,30,199,233,1.1630901287553648,0.027135237826933258,657,Have you tried playing your country songs backwards? Then you might get everything back.
1790,6359,4,30,199,233,1.1630901287553648,0.027135237826933258,657,"Lonesome. Do you mean literal or figurative? 
And did the crying ... how literal was that?"
3021,6359,2,34,197,233,1.1630901287553648,0.025735652232425136,657,And how are things at the homestead?
6071,6359,7,24,202,233,1.1630901287553648,0.029108712373928192,657,"they always say ""yeehaw"", but never ask ""haw yee?"""
4612,6363,3,30,188,221,1.16289592760181,0.027262208744601037,657,Play me
1171,6363,4,28,189,221,1.16289592760181,0.028006487835628077,657,"I would think you can continue hiding as an itinerant cowpoke in therapy as long as you don't shave, Mr. Hoffa but what makes you feel it's time to join ZZTop?"
1119,6363,7,22,192,221,1.16289592760181,0.030129211185262225,657,I think you're letting your irritation of 'Despacito' distract you from your underlying abandonment issues Juan.
325,6366,5,25,185,215,1.1627906976744187,0.029226917110682846,657,What you are describing is a cliche country song.
736,6366,5,25,185,215,1.1627906976744187,0.029226917110682846,657,And then whud you parents do?
2533,6366,4,27,184,215,1.1627906976744187,0.028473564453132844,657,This Doctor-Cowboy role reversal game is so empowering!
3829,6366,6,23,186,215,1.1627906976744187,0.02996133333018979,657,"I Want to Be a Cowboy's Sweetheart"" is not the song you want to use as your personal theme song"
4262,6366,4,27,184,215,1.1627906976744187,0.028473564453132844,657,De-pressed-a-cito
6507,6366,3,29,183,215,1.1627906976744187,0.027699730351371556,657,Have you tried playing the bass?
6735,6366,3,29,183,215,1.1627906976744187,0.027699730351371556,657,"Quite frankly, Mr. Quixano, it's clear that changing genres was not the correct approach. Instead, I'd like to start you on a more aggressive treatment and recommend you stop reading books altogether."
1299,6373,4,26,179,209,1.1626794258373205,0.028963865270125382,657,"Let's hear that one again, but this time at a slower tempo."
1968,6373,4,26,179,209,1.1626794258373205,0.028963865270125382,657,"When she called you a hick, how did you respond?"
3531,6373,0,34,175,209,1.1626794258373205,0.025590603579634493,657,All those sad minor chords.We’ve gotta strive to turn  more of them MAJOR!
3820,6373,3,28,178,209,1.1626794258373205,0.02815845994425089,657,"So you say you're a ""Cowboy and on a steel horse you ride""...."
3819,6377,5,29,206,240,1.1625,0.02727209991459667,657,I’m glad that I hired you for mood music when I have my sessions with Beyonce.
721,6378,2,28,167,197,1.1624365482233503,0.0282441509704865,657,"Well, of course you're blue, cowboy."
785,6378,4,24,169,197,1.1624365482233503,0.03002210521317541,657,"Is this really helping you step into my shoes, doc?"
1151,6380,4,29,195,228,1.162280701754386,0.02744906335039164,657,Let's go over this one more time to make sure I got down the words to your new song right.
2237,6380,6,25,197,228,1.162280701754386,0.028822505167669682,657,"Carry on, please, this is definitely a light-bulb moment."
4158,6380,4,29,195,228,1.162280701754386,0.02744906335039164,657,"I 'm not sure dressing up and singing ""I am lonesome"" will cure you."
4460,6380,8,21,199,228,1.162280701754386,0.03013341217762897,657,Hmmm....
396,6384,4,28,190,222,1.162162162162162,0.027889701253743036,657,"If you want to get back your woman, dog and truck; try playing your song backwards!"
2140,6384,2,32,188,222,1.162162162162162,0.02638760964408934,657,"Can you play, ""I love my wife but oh, you Id""?"
2406,6384,1,28,156,185,1.162162162162162,0.028233922525451233,657,It’s about being in the spotlight....and the hat of course!
2749,6387,5,25,186,216,1.162037037037037,0.029101053442259807,657,"Wait, wait, ""bum ba dida, bum ba -"", what's next?"
3485,6387,6,23,187,216,1.162037037037037,0.029831822498555982,657,You got your lack of rhythm from your mother.
5774,6387,2,31,183,216,1.162037037037037,0.026789407329035717,657,"So, I hear you saying 'Whoopie ti-yi-yo, get along little dogie..."" 
Help me understand the cultural nuance underlying the existential journey. 
Drew Bridges Wake Forest, NC"
6971,6390,4,31,206,241,1.161825726141079,0.026523038825305524,657,"Ok, love songs,horses, sounds like a good place to start"
1762,6390,6,27,208,241,1.161825726141079,0.027796184661772336,657,But enough about me.
1543,6392,7,19,178,204,1.161764705882353,0.031717995140483415,657,"If you were to get an electric guitar, you could play ohm on the range."
2173,6393,7,24,204,235,1.1617021276595745,0.028877061672433653,657,You know as well as I do that I’m not your little dogie.”
293,6394,5,22,171,198,1.1616161616161615,0.030727344295268248,657,Our mother didn’t favor me; she said lefties make better musicians.
1306,6395,3,25,164,192,1.1614583333333333,0.029537405509687996,657,"I saw your last record, I will need to see you for 10 years to get you back to sanity."
0,6396,5,20,161,186,1.1612903225806452,0.03196613032593325,657,Let me explain in the best way I know how...
3933,6396,2,31,184,217,1.1612903225806452,0.026676121079741218,657,I don’t think “Home on the Range” is helping.
2185,6398,3,28,180,211,1.161137440758294,0.027912122720586508,657,am I supposed to treat your psychosis or sing your song?
6012,6398,3,28,180,211,1.161137440758294,0.027912122720586508,657,"...you restrung your guitar like Hendrix did, yet it doesn’t sound good?...I know how you feel...I’m transgender, yet I still feel out of tune..."
6914,6398,6,22,183,211,1.161137440758294,0.030240638367132422,657,Well  Bill that's certainly your sorrowful sound but I think we could  make more progress with some doo-wop.
6879,6401,3,32,201,236,1.1610169491525424,0.026135019308632487,657,You are getting much better Mr. Slim.
3864,6401,5,28,203,236,1.1610169491525424,0.027480234490163877,657,Wrap it up Lefty...my 'outfit' cancelled the Singing Cowboy Discount after last week's session.
3964,6401,5,28,203,236,1.1610169491525424,0.027480234490163877,657,"No, you cannot have my services for a song.
Julia Patella, Centennial, CO"
5865,6404,5,23,177,205,1.1609756097560975,0.030019842345263108,657,"Now, do you have dreams about that note being flat?"
1834,6404,3,27,175,205,1.1609756097560975,0.028382087998080223,657,"Your strumming is acting-out,  touch a blanket instead of the guitar"
4835,6404,4,25,176,205,1.1609756097560975,0.029212444724511004,657,"So, I see you've adopted  the singing cowboy persona!"
3867,6407,7,23,200,230,1.1608695652173913,0.029245244708932975,657,"So, you are a lonely cowboy because your mamma let you - her baby -pick guitars and drive old trucks, instead of pushing law or medicine. Interesting. Sing me more Waylon."
5785,6407,5,27,198,230,1.1608695652173913,0.027916657708517253,657,"We must explore together the tools you will need to break free of the lable, ""the singing cowboy""."
5876,6407,5,27,198,230,1.1608695652173913,0.027916657708517253,657,"How about trying ""If I Had a Dream?"""
5374,6410,5,22,172,199,1.1608040201005025,0.030583330732509725,657,i got the horses in the back
2713,6411,5,25,188,218,1.1605504587155964,0.02885252255620614,657,Oedipus didn't actually want to sleep with his mother.
3465,6411,4,27,187,218,1.1605504587155964,0.028110320572891666,657,Why do you think Ado Annie feels sorry for the pony?
4302,6411,2,31,185,218,1.1605504587155964,0.026563777073666344,657,You don't look like Gene Autry
6966,6411,3,29,186,218,1.1605504587155964,0.02734798324493214,657,"Try playing with the RIGHT hand, it might better match your vocals."
1165,6415,5,24,183,212,1.1603773584905661,0.02935533834840493,657,"Rebecca, didn't you say you were right-handed?"
1632,6415,4,26,182,212,1.1603773584905661,0.02858365210952383,657,Where did we come from? Where did we go?
2172,6417,4,30,203,237,1.160337552742616,0.026711317364724218,657,You’ve actually told me about Home Home on the Range previously.
5065,6417,3,32,202,237,1.160337552742616,0.026033377990061543,657,"Yes, you are blue. But you won't be blue always."
6277,6419,6,21,179,206,1.1601941747572815,0.030666135156583705,657,Make psychoanalysis great again
181,6420,2,28,170,200,1.16,0.027854611772288703,657,"I see, so you're only hear because you need more emotion in your songs. Should we talk about your ex-wife then?"
3477,6420,5,26,194,225,1.16,0.02825619752218438,657,"But then, I happen to know that there's a little Lebowski on the way. I guess that's the way the whole darned human comedy keeps perpetuatin' it-self, down through the generations, westward the wagons, across the sands a time ...."
3913,6420,4,28,193,225,1.16,0.027545056883770614,657,It is my considered opinion that your story/song  would be improved with the banjo in place of the guitar.
4355,6420,4,24,172,200,1.16,0.02960374823477153,657,When did you realize no one else would listen to your songs of woe?
115,6424,0,35,184,219,1.1598173515981736,0.024818216686106374,657,So you became hoarse after your horse died?
2649,6424,5,25,189,219,1.1598173515981736,0.02872982867831006,657,How 'bout Wiener Blut?
5868,6424,5,25,189,219,1.1598173515981736,0.02872982867831006,657,"Same old tune today, Travis Lee."
2317,6427,2,27,165,194,1.1597938144329898,0.028328047582001935,657,I hear you sing that your mother hated diesels so bad. What does this mean to you?
4584,6427,4,23,167,194,1.1597938144329898,0.03015477043211417,657,Can you play anything else besides Crazy Train?
5632,6429,5,28,205,238,1.1596638655462186,0.027265542333994804,657,"Sorry, Tex.  I'm leaving you.  Found me another cowboy."
2932,6430,5,24,184,213,1.15962441314554,0.029226895138530353,657,"Ok, let's move past home, home, on the range..."
6422,6430,2,30,181,213,1.15962441314554,0.026857749188881435,657,Please C me next week again.
427,6432,2,26,160,188,1.1595744680851063,0.028826147978878964,657,"So, you're upset because you didn't get voted sexiest man alive?'"
3255,6433,6,25,201,232,1.1594827586206897,0.028358568816919838,657,...and when did this attachment start?
2845,6433,7,23,202,232,1.1594827586206897,0.02900909216401338,657,"Listen, Clyde... These sessions are going nowhere. I've told you before, if you feel so guilty about it just tear the crossword answers out of the book. Now if that's all you need, my wife is getting her tubes tied in about an hour."
1768,6435,4,25,178,207,1.1594202898550725,0.028950309288953202,657,I've never seen starry skies above. What are they like?
1596,6436,3,30,193,226,1.1592920353982301,0.026705534625973512,657,It ain
3911,6436,2,32,192,226,1.1592920353982301,0.025958702064896755,657,"Thanks. That""s the one my mother sang to me."
5588,6438,5,22,174,201,1.1592039800995024,0.030299283539472872,657,"If you have to play, at least play something that will help me sleep."
426,6439,5,25,190,220,1.1590909090909092,0.02860816510119093,657,So he told you to squeal first
394,6440,4,23,168,195,1.158974358974359,0.030010921825356987,657,Tell me about your ma.
5491,6441,3,28,183,214,1.158878504672897,0.02755050919354014,657,"Now, I’m depressed because I have nothing left to sing about."
93,6442,3,31,199,233,1.1587982832618027,0.026206446747024974,657,Please describe this Grunge Cowboy persona?
3759,6443,2,29,177,208,1.1586538461538463,0.027161493460074636,657,You're not my client!  Guess you're the opening act!
6259,6443,3,27,178,208,1.1586538461538463,0.028003532998343843,657,How would you feel about a duet?
6763,6443,1,31,176,208,1.1586538461538463,0.026292500709784568,657,"Cowboy, I really don’t care!"
2286,6446,5,26,196,227,1.158590308370044,0.028024348286633517,657,"The music is nice, but I’m still unable to get past my writer’s block”"
4260,6447,5,22,175,202,1.1584158415841583,0.030159213769526117,657,You're not Keith Richards without a skull ring.
538,6447,4,24,174,202,1.1584158415841583,0.029331203827783293,657,The Naked Cowboy is my brother.
2668,6447,4,24,174,202,1.1584158415841583,0.029331203827783293,657,Cheer it up!  Play some Roy Rogers tunes.
1914,6450,5,25,191,221,1.158371040723982,0.028487519034439784,657,"Doc, he keeps telling me how to write my jingles."
4958,6450,4,27,190,221,1.158371040723982,0.027756141761501846,657,"I'm no expert but having never ridden the range, or slept in a bunkhouse, or been in the vicinity of a live, actual cow, or even play that thing, at all well, may strike a note of performance inauthenticity."
1809,6452,3,28,184,215,1.158139534883721,0.027432022962349267,657,"Mmm, what rhymes with void?"
2868,6453,2,32,194,228,1.1578947368421053,0.02574937222354296,657,I can trace all of your problems back to your  boyhood home on the range.
3226,6453,4,25,180,209,1.1578947368421053,0.028692794331419594,657,"My stagefright is so bad, Doc, I can't even use public transportation."
3398,6453,4,28,196,228,1.1578947368421053,0.027208746667810667,657,So tell me why you decided that the piano didn't work for you?
5484,6453,3,27,179,209,1.1578947368421053,0.02787955920726063,657,"You only think ""neigh"" is a negative term."
6048,6453,4,25,180,209,1.1578947368421053,0.028692794331419594,657,"What do you mean, it's not the right venue for country music?"
6164,6453,3,27,179,209,1.1578947368421053,0.02787955920726063,657,You are not me one-hundred and fifty years ago.
6600,6453,6,21,182,209,1.1578947368421053,0.030253755080206675,657,Draw me like one of your French girls
2525,6460,2,31,189,222,1.1576576576576576,0.026123595777938456,657,Would you mind playing Blue Moon of Kentucky?
6132,6460,5,25,192,222,1.1576576576576576,0.0283678778957895,657,"How did that make you feel, watching your daughter lick a sledgehammer?"
6016,6460,4,27,191,222,1.1576576576576576,0.02764003888679108,657,Was that a B-flat or B-sharp?
2394,6460,5,25,192,222,1.1576576576576576,0.0283678778957895,657,"And you said it was your WIFE that wouldn't allow you to, as you put it, ""crack open a cold one with the boys""?"
4047,6460,5,25,192,222,1.1576576576576576,0.0283678778957895,657,You have the bovine boy blues.
290,6465,3,26,174,203,1.1576354679802956,0.028349234493064247,657,"Look, you need to stop blaming yourself for the death of your father. Sure, you can look back and see all the red flags now, but it’s normal not to see them in the moment. Even if you managed to see the signs in time, there’s no guarantee that treatm"
1527,6465,6,20,177,203,1.1576354679802956,0.03082205617844189,657,"Yeah, same old shit."
1817,6465,4,24,175,203,1.1576354679802956,0.0291967882922792,657,Thanks for the cut from your last hit. Now let's get to work on the next one.
3366,6468,4,29,202,235,1.1574468085106382,0.026690683431055975,657,How long have you had pickotellomania?
4411,6469,1,32,183,216,1.1574074074074074,0.025689521414603518,657,Tell me again how riding an old paint makes you feel.
3223,6469,4,26,186,216,1.1574074074074074,0.028091822242774525,657,Look at the bright side: It's not so hard to come up with a rhyme for 'dog still loves me'.
3584,6469,6,22,188,216,1.1574074074074074,0.02958518415004072,657,"No, that’s not how you spell it.” (Asa, age 8"
4412,6472,2,27,168,197,1.1573604060913705,0.0279305513742868,657,"So, how long have you had these feelings of jealousy against the naked cowboy?"
6284,6473,4,28,197,229,1.1572052401746724,0.02709844386456713,657,You have got to get beyond playing just cowboy chords.
7054,6474,4,25,181,210,1.1571428571428573,0.02856573194519879,657,There is not much call for Willie Nelson look-alikes
2689,6474,5,23,182,210,1.1571428571428573,0.029352504291560014,657,oYu're not home on the range anymore
4436,6476,4,30,208,242,1.1570247933884297,0.026199510534325978,657,"Give me ""Red River Valley"" again."
3020,6477,4,27,192,223,1.15695067264574,0.027524894421222194,657,"I see you are relaxed, being yourself, not using electronics. I am going to have to work hard to figure out what your problem is."
3876,6477,2,31,190,223,1.15695067264574,0.026015793776533413,657,"Let me get this straight, from now on you only want to perform for cattle?"
4886,6477,7,21,195,223,1.15695067264574,0.02964485188888451,657,Why do you think you are having difficulty translationing to “ New Country “ music ?
7038,6477,5,25,193,223,1.15695067264574,0.028249229306966685,657,Just take a simple C and G and you'll feel brand now about it.
1881,6481,2,28,174,204,1.1568627450980393,0.027351449870666726,657,"D flat, D flat... dooodododoooooo"
5270,6481,3,26,175,204,1.1568627450980393,0.028220506554075476,657,"If I'm hearing you correctly, your childhood was more cacophonous than mellifluous..."
1212,6483,5,27,204,236,1.1567796610169492,0.02725550346645155,657,You have to know how to ride a horse to be a real cowboy.
5599,6483,4,29,203,236,1.1567796610169492,0.026585718770118904,657,I see you are ready to tell me about your time in San Quentin State Penitentiary
1750,6485,4,26,187,217,1.1566820276497696,0.027971474334175846,657,Soul !
3381,6485,1,32,184,217,1.1566820276497696,0.02558114899497551,657,It's a good song...if you're into that sort of thing.You want to talk about it?
6634,6485,4,26,187,217,1.1566820276497696,0.027971474334175846,657,"OK, just one more song. Do you know the theme from ""The Good Doctor?"""
6689,6488,2,27,169,198,1.1565656565656566,0.027800492267474643,657,"And so dressing up as a cowboy and singing Johnny Cash, these things help with your invasive thoughts?"
966,6489,5,26,199,230,1.1565217391304348,0.02768356323295996,657,When did you first start copying your mother ?
6476,6489,2,32,196,230,1.1565217391304348,0.025543352022923856,657,"They didn't publish that one, and then I wrote..."
2613,6491,2,29,180,211,1.1563981042654028,0.026805745938684667,657,"Oh, give me a home . . ."
2031,6492,5,20,167,192,1.15625,0.031031083119128274,657,"Yes, Don your identity is our secret and yes, I agree you are very very intelligent ."
5347,6493,3,26,176,205,1.1560975609756097,0.028092930964505682,657,Let me write that down as a starting point: 'It's Hard to Kiss the Lips at Night.'
848,6494,4,26,188,218,1.1559633027522935,0.027852144069675046,657,"""Your fixation with 'Just strumming on the old banjo' needs to be updated to something  more like 'Guitar  Man'  Earl."""
1686,6494,2,30,186,218,1.1559633027522935,0.026290417626706503,657,"Lost your horse? I thought you said it was the lost chord.
This changes every song."
4463,6494,4,26,188,218,1.1559633027522935,0.027852144069675046,657,If it hits the Top 10 you won’t have to take out a loan to cover my rate.
5252,6494,4,26,188,218,1.1559633027522935,0.027852144069675046,657,Stop playing the guitar! Start working!
6027,6498,5,26,200,231,1.155844155844156,0.02757178758326372,657,"So, is this your typical Friday night?"""
3632,6499,4,30,210,244,1.1557377049180328,0.026000186563971215,657,"Rick, I can see you're experiencing some side effects from those meds...I mean...you haven't shaved in weeks."
6612,6499,7,24,213,244,1.1557377049180328,0.027878374981810505,657,"""Nooo, it was my nose picking that led me to Banjo picking, which pulled me toward wanting to do some guitar picking, 
 and  it was that guitar my mom wouldn't buy me that led  me to hating my maw!"
6853,6501,3,27,182,212,1.1556603773584906,0.02751407318242687,657,"You're singing Always On  My Mind
when  you  come  visit  me  partner!"
2417,6501,4,25,183,212,1.1556603773584906,0.028314924416621503,657,Somehow I think you're not being quite honest with me in your pervasive attempts to make rhymes.
631,6503,3,29,193,225,1.1555555555555554,0.02656063576298652,657,So when did this compulsion to put down your guitar and start writing down things people said begin?
2060,6503,3,29,193,225,1.1555555555555554,0.02656063576298652,657,How long have you been having sinister thoughts?
2012,6505,6,25,207,238,1.1554621848739495,0.02768980238613303,657,"analyze this, I never miss, he sang over the roar of his .44."
5339,6505,4,29,205,238,1.1554621848739495,0.026378224247606986,657,Too much Townes van Sandt.
1523,6507,4,24,178,206,1.1553398058252426,0.02880077082367248,657,I feel like yodel boy might have stolen your mojo
1884,6507,4,24,178,206,1.1553398058252426,0.02880077082367248,657,And how do you feel about the misfortunes of this long little doggie?
3325,6507,6,20,180,206,1.1553398058252426,0.030400720284782457,657,I don't the guitar is the problem.
4757,6510,2,32,198,232,1.1551724137931034,0.025340564737526147,657,I can only help you if you're totally honest with me.
2629,6511,3,25,172,200,1.155,0.028441511879468532,657,Wish I could help bring back memories that well.
6254,6512,3,27,183,213,1.1549295774647887,0.02739434399479359,657,"Don’t worry, it’s a common attachment!"
3209,6512,3,27,183,213,1.1549295774647887,0.02739434399479359,657,"Tell me something, boy
Aren't you tired tryin' to fill that void?"
3881,6512,7,19,187,213,1.1549295774647887,0.0304567511973859,657,I’m writing you a script for some of that salsa that used to depict people much like yourself in their television advertisements.
5945,6515,3,29,194,226,1.154867256637168,0.026451806241642756,657,Where never is heard a discouraging word ...
5108,6515,3,29,194,226,1.154867256637168,0.026451806241642756,657,"So, sing me a rhyme for depressive..."
2924,6515,6,23,197,226,1.154867256637168,0.028595316989682,657,The tune’s fine.   It’s the lyrics that need changing.
3718,6515,5,25,196,226,1.154867256637168,0.027899118032213864,657,Your time of life is depressing
4858,6519,2,26,166,194,1.1546391752577319,0.02800300293245503,657,I think your Be is flat
1794,6520,2,28,177,207,1.1545893719806763,0.026985718044784827,657,Just strum your innermost thoughts. We'll pick up the consultation from there.
3352,6521,2,30,188,220,1.1545454545454545,0.02607006499061068,657,I think you are correct... that singing about your Mother issues is being very helpful in our sessions.
3713,6521,3,28,189,220,1.1545454545454545,0.02685440911712218,657,My yee-haws have been yee-nahs lately.
5322,6521,2,30,188,220,1.1545454545454545,0.02607006499061068,657,can you put in a line about mommy?
5797,6521,5,24,191,220,1.1545454545454545,0.028358090377527095,657,"Now that you've explained why you sat on a hot stove at your home, maybe we can explore your run-in with the herd of buffalo."
6835,6525,4,28,201,233,1.1545064377682404,0.026665954207833156,657,Can you repeat the last chorus line
2954,6526,5,19,164,188,1.1542553191489362,0.03133842399220107,657,"Even MY dogs has flees...I'm sure yours had flees before, where the deer and the antelope play."
4058,6527,5,21,175,201,1.154228855721393,0.03001612562984748,657,So now you have this mad hankering to play the Ukulele.
6464,6528,1,31,182,214,1.1542056074766356,0.025616532265593288,657,"When I asked what you were feeling, I wasn't requesting a Nancy Sinatra song."
5749,6528,4,25,185,214,1.1542056074766356,0.028068445490463678,657,Great to see you my brother Willie! How are things in the canibus tour?
3278,6528,3,27,184,214,1.1542056074766356,0.027275642307233533,657,"Ok, we won't talk about sex but it looks like you've got a hat on."
1973,6528,4,25,185,214,1.1542056074766356,0.028068445490463678,657,And  how do you feel about the Nashville killing off boots-and-saddles country music?
5731,6532,5,25,197,227,1.1541850220264318,0.027784319800005088,657,Not so many trick-or-treaters this year.
847,6533,4,26,191,221,1.1538461538461537,0.027500133042283454,657,"SO OEDIPUS, HOW DO YOU FEEL ABOUT GROWING UP TO BE A COWBOY."
2156,6533,2,28,178,208,1.1538461538461537,0.02686594777544235,657,"What if we used the lyric ""you are the apple of my psycho-babble""."
3355,6533,4,24,180,208,1.1538461538461537,0.028542624558510837,657,"Okay, now let's try that again in 4/4 time and 3/4 time..."
3833,6533,3,26,179,208,1.1538461538461537,0.02771696742575657,657,Perhaps you should start before 'Ghost Riders in the Sky'
4909,6533,7,24,216,247,1.1538461538461537,0.027560552457693017,657,"If you're that up tight, ask the cowboy to loosen your strings."
869,6538,2,31,195,228,1.1535087719298245,0.025489713613261713,657,I will write your thoughts. You have to give me credit.
6415,6538,4,27,197,228,1.1535087719298245,0.026963145688376787,657,"You insist that you used to be ranged, but now you are deranged."
5961,6540,4,25,186,215,1.1534883720930234,0.027946794747987842,657,"LeRoy, just because you grin when you pick doesn't make you weird."
2555,6540,7,19,189,215,1.1534883720930234,0.03018989516494232,657,"As your therapist, I must ask that you refrain from playing the guitar during the session, as I find it distracting."
5846,6540,5,23,187,215,1.1534883720930234,0.02871397129994694,657,"Come a Ti-Yi Yippy, Yippy Yah."
458,6540,1,31,183,215,1.1534883720930234,0.025507193167851962,657,Don't settle.
2457,6540,3,27,185,215,1.1534883720930234,0.02715795510634306,657,"I actually don't think we'd be an appealing duo in Branson, but tell me why you think so."
433,6545,4,23,175,202,1.1534653465346534,0.029040861103800077,657,You play out your unconscious and I translate.
2538,6545,3,25,174,202,1.1534653465346534,0.028180009872979177,657,"Let me see if I understand. You crossed the range a hundred times searching for the elephant, and now you're just a lonesome buckaroo."
4476,6545,6,19,177,202,1.1534653465346534,0.030690208993557167,657,"Ok, let's try this. Why don't you sing me your, 'I got the bearded man, tall hat wearing, cowboy blues.'"
1385,6548,4,21,164,189,1.1534391534391535,0.030266864646457475,657,"This single is called ""Ten Gallon Trauma."""
3921,6549,4,26,192,222,1.1531531531531531,0.02738474827926514,657,"Well Bob, I don't think the outfit is going to help you find inspiration for new songs."
4788,6549,4,26,192,222,1.1531531531531531,0.02738474827926514,657,Very impressive!  C-sharp minor; I didn't think that was actually possible on the guitar!
5161,6549,3,28,191,222,1.1531531531531531,0.026630052415863085,657,"And so that' is when you told her a ""A Star Is Born ""?"
5542,6552,5,22,182,209,1.1531100478468899,0.02921359100258273,657,"Honesty, I don't think your new version of Home on the Range will give you the acclaim you seek."
6669,6553,5,20,171,196,1.153061224489796,0.030437316352165025,657,Nelly ditched you and you take no responsibility. How's that working for you?
4549,6553,3,24,169,196,1.153061224489796,0.028666582970549213,657,Tell about your mother.
6771,6555,6,23,200,229,1.1528384279475983,0.02824397075972671,657,Purple
5468,6556,4,25,187,216,1.1527777777777777,0.02782618521114797,657,"Medication has done all it can, the only thing that can save you now is your music."
839,6556,4,25,187,216,1.1527777777777777,0.02782618521114797,657,"You say your mother didn't want you to choose the profession you chose, and wanted you to be a showgirl like her?"
4345,6558,5,21,177,203,1.1527093596059113,0.029738987881073306,657,Can’t you play anything but “I’ve got the old Freudian Blues?” And
6547,6558,4,23,176,203,1.1527093596059113,0.028907335573331503,657,Can you sing Home on the range?
5204,6560,1,27,162,190,1.1526315789473685,0.027203086488910597,657,"So your horse can't stand your singing


""""Yes, those were the good old days, but you need to move on"""
5277,6561,4,30,215,249,1.1526104417670682,0.02551478136478057,657,He seems to think he is a cowboy.
2628,6562,3,28,192,223,1.1524663677130045,0.02651926072320823,657,Don't turn this session into a C&W song.
5406,6562,3,28,192,223,1.1524663677130045,0.02651926072320823,657,"The Patronizing Psychoanalyst: Not an I alcoholic, I see. Hmm that must've affected your singing career?"
6023,6562,3,28,192,223,1.1524663677130045,0.02651926072320823,657,I think we need to lose the “dumb bum” from the chorus
6521,6562,2,30,191,223,1.1524663677130045,0.0257463015939637,657,Let’s work on getting a Stratocaster in time.
5890,6566,3,26,181,210,1.1523809523809523,0.02747181472572689,657,I'm supposed to be helping you.  Not vice versa.
1403,6566,5,22,183,210,1.1523809523809523,0.029083286223651916,657,"That rendition of ""Home on the Range"" grabs my pencil notes!"
4244,6566,5,22,183,210,1.1523809523809523,0.029083286223651916,657,"Thanks for the wisdom, Lester. Use the rear exit--I gotta get back to work."
3505,6569,3,24,170,197,1.1522842639593909,0.02853127711806526,657,"Being unable to place music under the reductionstic, mechanistic psychoanalytic microscope, I will have to charge you double for this session."
3200,6570,2,33,208,243,1.1522633744855968,0.024523571442682218,657,It's okay to wear clothes. Clean clothes.
5537,6571,6,23,201,230,1.1521739130434783,0.028128753123750617,657,"I don't mean to be rude sir,but could you please take off your hat."
2276,6572,3,25,176,204,1.1519607843137254,0.02792322947100621,657,The boots and guitar were a stretch but the dog and the pickup will have to remain as service objects in absentia.
5359,6572,3,25,176,204,1.1519607843137254,0.02792322947100621,657,"And we he says, “I know you like being picked on,” how does than make you feel?"
6255,6572,5,21,178,204,1.1519607843137254,0.029602315861643552,657,Your audience only appears to be small because you're looking down on it from above.
6894,6572,2,27,175,204,1.1519607843137254,0.027044621719474055,657,"while ""left handed cowbalism"" is not common,it appears to have just ridden up"
4161,6576,5,19,167,191,1.1518324607329844,0.03087627138172096,657,"So, when you visited this lone prairie place, how did your fear of 
 being buried there affect your music?"
5317,6577,3,28,193,224,1.1517857142857142,0.02640937847330389,657,Same old tune but you thought you'd play it this time. Why do you think you're doing that?
5622,6578,4,24,183,211,1.1516587677725119,0.028163897683564695,657,"Ok, Alf, so tell me how you feel the strum und drang of the business affected your dream of opera."
4362,6578,3,26,182,211,1.1516587677725119,0.02735084266897032,657,"By the way, did you copy write that song?"
6176,6578,5,22,184,211,1.1516587677725119,0.028954130461090247,657,Tell me more about Old Dog Tray.
873,6578,2,28,181,211,1.1516587677725119,0.026512865870652956,657,Knock it off!  Nobody cares about what happened when you were knee high to a grasshopper - not even roaming buffalo!
2775,6578,5,22,184,211,1.1516587677725119,0.028954130461090247,657,You say you’ve been played all these years. How does that make you feel?
4806,6583,3,29,199,231,1.1515151515151516,0.025920642801889045,657,Again with the Chair Guitar?
3077,6583,3,29,199,231,1.1515151515151516,0.025920642801889045,657,My diagnosis is WoodyGuthrieitis.  This rare condition is experienced by those who strongly feel Woody Guthrie is overrated.
1540,6583,0,30,168,198,1.1515151515151516,0.025545650426603627,657,"Lets recap; You first had an overwhelming desire to become a stockbroker while you were selling your herd of cattle."""
50,6583,7,21,203,231,1.1515151515151516,0.02867845509926684,657,"Let's start with the title of your latest album, Mamma Mia."
100,6587,5,23,190,218,1.151376146788991,0.028343918845291343,657,"So, it all started when you heard the words Justin and Bieber?"
1131,6587,5,23,190,218,1.151376146788991,0.028343918845291343,657,"You were drunk the day your mom got out of prison, and then she was run over by a train?...this is hard to believe!""  (d.a.c."
2266,6589,2,30,193,225,1.1511111111111112,0.025534843228320107,657,And why did you mother tell you Nashville starts with a G?
3075,6590,2,25,165,192,1.1510416666666667,0.027936110255025105,657,"If your story can only be told in song, sir, you need not do any improvisational  instrumentals."""
4096,6591,6,20,186,212,1.150943396226415,0.029591472845254783,657,A horse was in my dream. What does it mean?
4746,6592,4,27,201,232,1.1508620689655173,0.026529854434884287,657,Your strumming is driving me crazy!
5410,6592,4,27,201,232,1.1508620689655173,0.026529854434884287,657,It’s not that you’re left-handed. Buglers just get more acclaim than rhythm guitarists.
2330,6594,5,21,180,206,1.1504854368932038,0.029332680475642123,657,Are you trying to drive me up the wall?
2587,6595,4,26,196,226,1.1504424778761062,0.026932654184102237,657,"Hey Pancho, Hey Cisco,yada yada yada....ya know it’s all copyright infringement right?"
3774,6595,7,20,199,226,1.1504424778761062,0.02904069492445773,657,"Nigga Please"" as a title, might not be appropriate."
1661,6597,2,25,166,193,1.150259067357513,0.027802003509508195,657,And how does 'llorar y llorar' make you feel?
340,6597,2,25,166,193,1.150259067357513,0.027802003509508195,657,How is the “lonesome”  stick working out for you?
1220,6599,3,26,184,213,1.1502347417840375,0.027112038528274172,657,"Oh shit, I'm back on the goddamn motherfuckin' road again..."", 
so how does that make you feel"
2058,6599,4,24,185,213,1.1502347417840375,0.0279169041229005,657,And why does that make you feel irrelevant?
2791,6599,4,24,185,213,1.1502347417840375,0.0279169041229005,657,It's the same ole tune driving me crazy
3738,6599,1,30,182,213,1.1502347417840375,0.025425987254410223,657,"So, you have been serenading, since when?"
5536,6603,4,27,202,233,1.150214592274678,0.026423680968199213,657,And how does having your woman leave you and your dog dying make you feel?
2145,6604,5,23,192,220,1.15,0.028102433753991272,657,"So what you're saying is that you just can't wait to get on the road again, because you love makin' music with your friends?  Is that correct, Willie?"
4568,6604,3,24,173,200,1.15,0.028132850663097772,657,"We're still missing the ""Tiny Desk"" in the shot..."
5167,6604,4,25,191,220,1.15,0.027353898853405854,657,"It's a case of the ""Long Gone Lonesome Blues."""
7033,6607,1,32,194,227,1.1497797356828194,0.024545094777769443,657,"I detect an angry Aeolian mode, which may be caused by a lack of Greek food in your diet."
2378,6608,3,25,179,207,1.1497584541062802,0.027546638895667865,657,"I can tell you that the ""cow fart"" song stinks as bad as you do!"
303,6608,3,25,179,207,1.1497584541062802,0.027546638895667865,657,"John, this is taking forever. Maybe we should get Ringo and George to help us finish this one. You heard Yoko say she wanted you home by 1972."
343,6608,3,25,179,207,1.1497584541062802,0.027546638895667865,657,"After 15 years without a psychiatric cure, may I recommend a trip to Lourdes OR this guitar?"
6307,6608,2,27,178,207,1.1497584541062802,0.0266817390580697,657,"So, tell me more about your home-on-the-range-life?"
5109,6612,4,20,163,187,1.1497326203208555,0.030240390937676095,657,"Even if the Coens wrote the ballad for you, Mr. Scruggs, I wouldn't recommend singing it in public?"
1712,6613,5,22,187,214,1.1495327102803738,0.028573408531598014,657,When did you start to feel like you were fused to your guitar?
480,6614,1,27,166,194,1.1494845360824741,0.026686453056014508,657,"I guess you've taken my advice to heart..... music ,indeed, is a great form of therapy"""
2603,6615,5,26,210,241,1.1493775933609958,0.026501391779197407,657,Has your love of it been consummated?
2955,6616,3,24,174,201,1.1492537313432836,0.028002482148199576,657,Don't you see the dichotomy of your other personality playing heavy metal right handed?
679,6617,2,27,179,208,1.1490384615384615,0.02656291117342273,657,"If you don't stop singing your troubles, I'm going to mosey out of here."
3252,6617,1,29,178,208,1.1490384615384615,0.025673665819268797,657,"Sorry, but what came before 'Crop in the field..."
2076,6619,3,26,186,215,1.1488372093023256,0.026877332211225097,657,"well ,willie i think all that weed is..... giving you anxiety issues.
but on the other hand that song does truly  suck!"
3043,6619,4,24,187,215,1.1488372093023256,0.027674172036766947,657,"Why are you here if you are insistent that you, ""Should've been a Cowboy."""
3576,6619,4,24,187,215,1.1488372093023256,0.027674172036766947,657,Are you even listening!!!?
4528,6619,1,30,184,215,1.1488372093023256,0.025208200343073417,657,Tell me more about that jukebox.
6148,6619,4,24,187,215,1.1488372093023256,0.027674172036766947,657,"Vat do these fences you are rejecting represent? Your mother, Mr. the Kid, naturlich!"
3878,6624,7,19,196,222,1.1486486486486487,0.02929142778921007,657,"From this ""dark""  valley you soon be leaving"
684,6624,2,29,191,222,1.1486486486486487,0.02557663012781414,657,Down the road to Hell there was a railroad track...
2485,6626,7,23,219,249,1.1485943775100402,0.027144995089159133,657,"I'll give you 10% off my fee if you sing a few bars of ""Home, Home on the Couch"""
4908,6627,1,28,173,202,1.1485148514851484,0.026046187493523405,657,How come you always get to play the wandering muleteer?
5709,6627,2,26,174,202,1.1485148514851484,0.02697522085464324,657,And what is your home address on Buffalo Run?
222,6629,3,28,198,229,1.148471615720524,0.025873229103591962,657,Face it.  A tall hat and guitar don't guarantee an Opre appearance.
5583,6629,4,26,199,229,1.148471615720524,0.026603183167807007,657,"This could be a real hit, but you must tell us, please, what is Clementine's shoe size?"
670,6631,6,19,184,209,1.1483253588516746,0.029721561610976936,657,"Well let me put it this way, padner, your psyche started downhill when discovered you were lefthanded."""
4167,6631,1,29,179,209,1.1483253588516746,0.025560479256561897,657,"You seem to have become acutely fixated upon what would appears to be, from point of view of a bystander, but a minor chord."
12,6633,5,25,206,236,1.1483050847457628,0.02679183488988779,657,Can you tell me exactly when this phase started?
4906,6634,3,22,164,189,1.1481481481481481,0.028985167345287676,657,"How does this one sound: 'I want a girl, just like the girl who married dear old d-a-a-d!' ?"
592,6634,0,32,184,216,1.1481481481481481,0.02422762927372838,657,Let's get back to the flowers.  You say *every* rose has its thorn...
1574,6634,4,24,188,216,1.1481481481481481,0.027554370048498273,657,"So my Poppa vas very stern, but my Momma, she vas very loving!
Somehow I got mixed up in this whole verkofta bizness!
I vish I had left schkool ven I could have!"
6670,6637,5,19,172,196,1.1479591836734695,0.03013539292400517,657,I’m not depressed.  Just listen to this song I wrote.
5557,6638,4,22,177,203,1.1477832512315271,0.028610756552477773,657,So...what are we looking at?
1448,6638,4,22,177,203,1.1477832512315271,0.028610756552477773,657,"You and I, we ought to make some effort to build our digital fluency."
4251,6638,3,24,176,203,1.1477832512315271,0.027745306634883705,657,"WELL, DOC, I CAN'T SEEM TO GET RID OF THE SCREECHING NOISE IN MY HEAD."
1343,6638,2,26,175,203,1.1477832512315271,0.026851977395013084,657,Your compulsion is starting to drive us both crazy!
888,6638,3,24,176,203,1.1477832512315271,0.027745306634883705,657,Ok then.  How did you get along with your 'wandering star'?
166,6643,2,27,181,210,1.1476190476190475,0.02632837204208003,657,"Ah, now I see. Yes, we can call this “directed prattle.”"
2000,6643,5,21,184,210,1.1476190476190475,0.02880778669473717,657,"Man, I love me some good finger-pickin'."
4027,6643,4,23,183,210,1.1476190476190475,0.028005715624286012,657,I really worry that your music slays them.
4369,6643,3,25,182,210,1.1476190476190475,0.027179986037657918,657,"And this is your usual practice after a sarsaparilla, you say?"
2077,6647,2,32,210,244,1.1475409836065573,0.02418771619555809,657,"Dr Wise, you are getting the better end of this barter.  These songs are gold!"
3369,6648,5,22,190,217,1.1474654377880185,0.028202502823886165,657,"So, let me get this straight... “Beef is what’s NOT for dinner?!"
5171,6648,5,22,190,217,1.1474654377880185,0.028202502823886165,657,So how did you react when you found out that the “yip-ee-ay” referred to city people?
1852,6650,3,31,217,251,1.1474103585657371,0.024460983399967995,657,Being sinister is not a bad thing.
649,6651,5,18,167,190,1.1473684210526316,0.030713090161734406,657,"I get you are a singer, but, I really need here it from you and not your songs."
2176,6651,4,20,166,190,1.1473684210526316,0.029792601678032903,657,"She’s lost and gone forever, Billy Bob.   Mandarin, on the other hand, now, she seems great."
5816,6651,1,26,163,190,1.1473684210526316,0.02684240557653571,657,"To recap: ""Your Union Job as Troubadour at the Pearly Gates was terminated without notice, and the surveillance video footage of you on Cloud Nine being mistreated by Union Leaders, must be taken into evidence!"""
6522,6654,1,27,169,197,1.1472081218274113,0.026311533802069242,657,"That’s right, just like on the range, you’ll seldom hear a discouraging word from me, either-now, what’s eatin’ at you??"
1885,6655,4,22,178,204,1.1470588235294117,0.028479377399694337,657,You need a change. How 'bout the blues? Wanna drink?
4554,6655,4,22,178,204,1.1470588235294117,0.028479377399694337,657,Sing your sorrows away.
2467,6657,4,28,213,245,1.146938775510204,0.025446893670635996,657,"Tell me something, boy
Aren't you tired tryin' to fill that void?
Or do you need more?
Ain't it hard keeping it so hardcore?"
5337,6658,5,21,185,211,1.146919431279621,0.028679466432657393,657,"So, what was your uncle doing when she died?"
7075,6658,1,29,181,211,1.146919431279621,0.025337040923355456,657,"Well, I must say, you're showing a strong reluctance in facing reality. First you say you can't seem to find an acceptable retirement home and then you complain that none of them have any roaming buffalo."
24,6660,4,24,190,218,1.146788990825688,0.027317828170727164,657,Yee— and make sure you’re getting this— haw.
495,6660,5,22,191,218,1.146788990825688,0.02808098415495835,657,Is it harder to play the guitar left handed?
1500,6660,7,18,193,218,1.146788990825688,0.02954822399743032,657,"First off,  put that Goddamn banjo down and listen up!"
2743,6660,3,26,189,218,1.146788990825688,0.02653273074562298,657,Have you got a broken string?
3633,6660,4,24,190,218,1.146788990825688,0.027317828170727164,657,"Clearly, you're a little too relaxed."
5158,6660,4,24,190,218,1.146788990825688,0.027317828170727164,657,"Okay, got it. Whoopie Ti Yi Yo (Git Along Little Dogies)."
6031,6660,3,26,189,218,1.146788990825688,0.02653273074562298,657,"Patient: Well, I guess you could say my heroes have always been cowboys
Doctor: And they still are it seems"
4613,6667,5,23,197,225,1.1466666666666667,0.027516228977511756,657,"Remember Memphis, the King has just left the building, where were you then?"
2370,6667,6,21,198,225,1.1466666666666667,0.028228095876721784,657,First it was the acoustical guitar...
6203,6669,4,26,202,232,1.146551724137931,0.026281614638606392,657,"You keep saying yee-haw, but has anyone said haw-yee to you?"
5120,6670,2,25,171,198,1.1464646464646464,0.02715015345261929,657,"Whoop-ee-ti-yi-o get along little doggies,
You know that Wyoming will be your new home.

Man Up -- You just have separation anxiety!!!"
5730,6670,2,25,171,198,1.1464646464646464,0.02715015345261929,657,The chorus is a bit depressing
2296,6672,2,27,183,212,1.1462264150943395,0.026097899458908492,657,"Orange?""  Nothing?  Okay, try ""purple.""  Rhyme ""purple,"" and you're on your way"
2656,6672,3,25,184,212,1.1462264150943395,0.026940881162247517,657,I’m writing this on a Staff right
3768,6674,4,24,191,219,1.1461187214611872,0.027201062535323974,657,"So... how Long has it been, since You were Down on the Range?
J.K. Fuller, Genoa, N"
6356,6675,0,26,152,178,1.146067415730337,0.026546167628777026,657,"Maybe your should think about reframing that ""Bury Me Beneath the Willow"" song."
3694,6676,1,31,194,226,1.1460176991150441,0.024362638808207628,657,Where did you park your horse?
4567,6677,4,19,162,185,1.145945945945946,0.030206622694795227,657,I'm going to cry.
2005,6678,3,28,202,233,1.145922746781116,0.02545960049547935,657,"Home on the range, where the psychiatrists and psychologists analze."
6875,6678,3,28,202,233,1.145922746781116,0.02545960049547935,657,I believe we're  on the edge of a breakthrough; combining music therapy with couples counseling.
2240,6680,1,27,171,199,1.1457286432160805,0.026067323193580814,657,"Ever consider switching from Blues to something more upbeat, like Jazz or Hip Hop?"
1225,6681,4,22,180,206,1.145631067961165,0.028220180589383134,657,"Yes, they are your words in this Country song but I wrote it down so I want royalties"
4750,6682,4,24,192,220,1.1454545454545455,0.027085283626986596,657,"Instead of the Blues, try a little Disco."
4971,6682,3,26,191,220,1.1454545454545455,0.026307823717274643,657,So sing to me how you feel about that
5611,6682,0,32,188,220,1.1454545454545455,0.023823698023058223,657,But if we persist I'm sure Beyoncé will agree to duet with you. Time's up. See you next week.
1198,6685,5,23,199,227,1.145374449339207,0.027288493332967644,657,". . .in trouble plenty"" is not the lyric from  ""The Streets of Laredo"" .  Playing the song in a minor key just doesn't change that"
3947,6685,2,29,196,227,1.145374449339207,0.025054088761831808,657,I just wanted to take another look at her.
2415,6687,2,26,179,207,1.144927536231884,0.02636996093410339,657,When my old gray horse left me I turned to writing songs about a different shade of horse. I sold the book rights.
4245,6687,4,22,181,207,1.144927536231884,0.028092331164161825,657,"So, the difference between western and country is that you've been lonesome since your horse died?"
5665,6687,3,24,180,207,1.144927536231884,0.0272447601375299,657,The secrets inside this hat could fill a factory farm
6529,6687,4,22,181,207,1.144927536231884,0.028092331164161825,657,So you were walking the streets. Why was that? And what were your feelings for that poor cowboy?
1653,6691,4,23,187,214,1.144859813084112,0.02751513669696696,657,I just want to write something the kids will dance to!
3826,6691,3,25,186,214,1.144859813084112,0.026705912799861287,657,"Thanks, Doctor, for agreeing to let me do therapy this way."
5353,6691,3,25,186,214,1.144859813084112,0.026705912799861287,657,So is this  old cowpoke going to be a happy bloke or keep singing the trail rider blues?
2902,6694,4,25,199,228,1.144736842105263,0.026455498994584173,657,For how long have you been going steady with your guitar?
266,6694,2,29,197,228,1.144736842105263,0.024952108161955214,657,"So you are a writer, folk singer and ...."
7039,6696,5,24,206,235,1.1446808510638298,0.026658772380273574,657,Country Music’s one hit wonders “Dr. Allen and Ten Gallon.”
1835,6697,3,22,169,194,1.1443298969072164,0.028286708720637543,657,"You lost your dog, your truck...and then your mother said Rex always rhymed with sex?"
5105,6697,0,28,166,194,1.1443298969072164,0.02529604791737594,657,Rejected by the Grand ol' Opry.  How did you feel?
2721,6699,2,25,174,201,1.144278606965174,0.026773381188206387,657,So what do when you’re on the porch
3471,6700,4,22,182,208,1.1442307692307692,0.027965627012460127,657,"Yippi-i-o-ki-a to you too, my younger self! 
And grow up while you're at it!"
76,6701,2,27,186,215,1.1441860465116278,0.025759589600420275,657,Don't blame me because your farm hired a HR executive and they send you here.
599,6701,4,23,188,215,1.1441860465116278,0.02739514699062795,657,You are a cowboy and I am a psychoanalyst.
1032,6701,5,21,189,215,1.1441860465116278,0.028177347103056513,657,Can you play Psycho -the-rapist
1187,6701,3,25,187,215,1.1441860465116278,0.0265899467376318,657,"So, you think the Naked Cowboy stole your Schlick..."
3604,6701,3,25,187,215,1.1441860465116278,0.0265899467376318,657,"You're hiding your wife in your basement until she leaves, is this correct?"
5881,6701,5,21,189,215,1.1441860465116278,0.028177347103056513,657,"So, your anger toward your mama began after Waylon, Willie and the boys told you that as a baby you grew up to be a cowboy?"
6657,6707,2,28,192,222,1.1441441441441442,0.02529326881564753,657,And you say your wife got fed up with all those animals playing in the house?
2701,6707,3,26,193,222,1.1441441441441442,0.02608666697812711,657,"Mr. Montana,  I must remind you that I don't ""comprende"" yodel."
4618,6709,3,28,205,236,1.1440677966101696,0.02515788404013949,657,"So you want the song to be about your guitar, huh? Why don't we start with how it makes you feel...."
494,6710,4,20,171,195,1.1435897435897435,0.02907485629922704,657,Money buys your audience.
3033,6711,3,23,176,202,1.1435643564356435,0.027558766001976674,657,"The inner critic is a destructive force, it's true, but let's focus on what the rest of the choir actually said, Mrs Merrywhistle"
5594,6711,6,17,179,202,1.1435643564356435,0.03012078277831967,657,I left my heart in San Francisco
1082,6713,2,26,181,209,1.1435406698564594,0.02613532662435885,657,"OK, so now tell me about your relationship but not in a country western song."
3150,6713,4,22,183,209,1.1435406698564594,0.027840052939423578,657,Wonderwall...?
2320,6715,1,29,186,216,1.1435185185185186,0.024794993176138983,657,Are your dreams vivid?
4589,6715,3,25,188,216,1.1435185185185186,0.02647497555951578,657,You ever consider mining for Bitcoin?
6236,6717,1,30,192,223,1.1434977578475336,0.024372740015880228,657,You pull the strings and I’ll pluck’em!
7047,6718,2,27,188,217,1.1428571428571428,0.025538837464780875,657,"Yes, change is tough. But think about current amenities, like therapy."
6263,6718,2,23,164,189,1.1428571428571428,0.02763872175392222,657,"We've made good progress on the waking process, but we really need to move on to how you are feeling at other times of the day"
4294,6718,4,17,154,175,1.1428571428571428,0.031087868176128377,657,Penis!
3762,6718,6,17,180,203,1.1428571428571428,0.02998037972966467,657,"No , Bernie, you are not Tex or Jose or ...."
3647,6718,6,22,210,238,1.1428571428571428,0.027007511664815836,657,I told you the kleptomania would return if you quit therapy
2862,6718,4,26,208,238,1.1428571428571428,0.02566108424441777,657,so you can't stop strumming through life?
929,6718,5,23,203,231,1.1428571428571428,0.02684407657775774,657,"Like Willie says...""Still crazy, after all these years.""
And the doc said...""Yeah, but it works for him. Lets see what we can do for you."""
3156,6725,4,28,221,253,1.1422924901185771,0.02469383082251385,657,"Twang, ting, ting, ting, ting, ting, twang, twang, twang."""
3514,6726,2,31,213,246,1.1422764227642277,0.02375847903563714,657,Und vie dunt you like zee vomen’s schprinklemocker?
6537,6727,3,28,208,239,1.1422594142259415,0.0248631781840906,657,"If I’m playing the part of the psychiatrist in today’s session, who are you supposed to be...Chris Stapleton?"
2421,6728,2,29,201,232,1.1422413793103448,0.024552280876630094,657,"Chinny. Chin. Chin. - so, how did that make you feel?"
5639,6729,3,24,184,211,1.1421800947867298,0.026761818429791088,657,Perhaps you think about opening with a song other than “Another Brick in the Wall”?
443,6730,2,25,177,204,1.142156862745098,0.026406833368576865,657,How about a little Vienna Waltz?
2861,6730,3,23,178,204,1.142156862745098,0.027305970568665135,657,Don't Worry.  Perry Como won't hold it against you
4965,6730,5,19,180,204,1.142156862745098,0.02902079235615131,657,Just because you're in love with that guitar does not mean that you can fuck it right in front of me
5087,6733,4,20,173,197,1.1421319796954315,0.02879728738457547,657,A-Hankering to do some picking again
4774,6733,2,24,171,197,1.1421319796954315,0.026938615839023516,657,So it was slim pick'ins that finally decided your destiny?
519,6733,3,22,172,197,1.1421319796954315,0.027883442972777932,657,"Sure, you can sing a ballad that tells of your love in the Ole' West."
61,6733,2,24,171,197,1.1421319796954315,0.026938615839023516,657,"Stop singing, I can't diagnose your guitar!"
4693,6733,4,20,173,197,1.1421319796954315,0.02879728738457547,657,"So Doc, why do I fall asleep every time I try and count my past lovers?"
598,6738,6,22,212,240,1.1416666666666666,0.02679514898816577,657,You’re completely sure that singing one of your ‘gosh-darn fantastic country melodies’ is going to help you through the loss of your brother?
193,6739,1,30,195,226,1.1415929203539823,0.024073399130505206,657,"By employing the term 'don't let', are you insinuating that you attribute your fate to your mother's leniency?"
3022,6740,2,27,190,219,1.1415525114155252,0.025321803900961858,657,"I'm tellin' ya, it's that blues music."
1199,6741,5,20,187,212,1.1415094339622642,0.028272063931912263,657,"Dude, I feel all walled in on my border."
1549,6741,2,26,184,212,1.1415094339622642,0.025791033986193593,657,This is not what I expected for Date Night.
2822,6743,5,19,181,205,1.1414634146341462,0.028887204980130525,657,Is there a rocking horse?
3144,6744,4,20,174,198,1.1414141414141414,0.02866046839924953,657,Let's talk about these attachment issues to your guitar
4593,6745,2,22,160,184,1.141304347826087,0.02796138628902188,657,"No, no, We are talking about Storm and Stress"
240,6746,2,28,197,227,1.1409691629955947,0.02477491625539418,657,"So, your billy goat is the butt of your songs."
6028,6746,3,26,198,227,1.1409691629955947,0.02554958532659618,657,"Could it be the chorus you heard from the little dogies was actcually 'Mooing,' instead?"
7041,6748,6,19,195,220,1.1409090909090909,0.028316474185374037,657,"So, did your mother call you, 'Oh, baby, baby,'?"
5400,6749,3,24,186,213,1.1408450704225352,0.02652666428587358,657,"You don't need me.  You need another instrument.""











""You don't need me.  You need another instrument."""
4653,6749,3,24,186,213,1.1408450704225352,0.02652666428587358,657,"So in this dream you’re driving down country roads in a pickup truck, huh. Perhaps this symbolizes  compartmentalization within your subconscious. 
How does that make you feel?"
3810,6749,2,26,185,213,1.1408450704225352,0.025678259588353042,657,do you think this interdisciplinary approach is just a fad?
675,6749,3,24,186,213,1.1408450704225352,0.02652666428587358,657,[‘nuff said]
42,6753,2,25,179,206,1.1407766990291262,0.02616794685812177,657,"Ok, Jingle Reinhart......shoot."
4286,6753,4,21,181,206,1.1407766990291262,0.02791918402398904,657,Sigmund  Freud didn't  think of this!
1037,6755,3,22,174,199,1.1407035175879396,0.027620881382740412,657,I just love your beautiful smile when you playing this song.
2544,6755,4,20,175,199,1.1407035175879396,0.028524935286308884,657,And so did you decide to up music before or after you shot old Bill?
2697,6757,3,28,211,242,1.140495867768595,0.024575243703033166,657,"What makes you think blues is underappreciated, Mr. Hillbilly?"
626,6758,1,23,154,178,1.1404494382022472,0.027304450969612593,657,"Okay Arthur, and how much time have you spent playing Red Dead Redemption?"
3757,6759,5,22,201,228,1.1403508771929824,0.02692068277692804,657,It's not your fault the adjectives 'Good' and 'Bad' had already been taken.
3903,6759,3,26,199,228,1.1403508771929824,0.025444791919948136,657,And then Texas Jack rode off into the sunset... Towards Dr. Steinberg's office.
775,6761,2,26,186,214,1.1401869158878504,0.025566458852325485,657,"What key, what key?"
4808,6762,2,25,180,207,1.1400966183574879,0.02605010364475112,657,Could you please pluck a happier tune?
2598,6762,6,17,184,207,1.1400966183574879,0.029431553833324416,657,You're all right!  How am I?
678,6762,6,17,184,207,1.1400966183574879,0.029431553833324416,657,"when you say inseparable, do you mean when going to the bathroom,  too?"
4053,6765,2,24,174,200,1.14,0.026561770238275807,657,When did you first sing your laments.
4377,6765,4,27,219,250,1.14,0.02473960777318599,657,You haven't practiced the chords
6414,6765,3,22,175,200,1.14,0.027491433110559394,657,"It's like I used to say to Janice, ""Audiences like their blues singers to be miserable."""
1135,6768,1,25,167,193,1.1398963730569949,0.02608959644217753,657,"Well, if you did come back as Hank Williams, my advice is to avoid riding in back seats."
3008,6768,2,23,168,193,1.1398963730569949,0.027104232301694408,657,I can assure you the shrink-effect only works from the neck up. So you can put the guitar down now.
3061,6770,3,27,206,236,1.1398305084745763,0.02489994156943303,657,I think we all expected more from Snoop Lion.
446,6771,5,22,202,229,1.1397379912663756,0.02680987374852945,657,This song will be a hit!
5180,6771,3,26,200,229,1.1397379912663756,0.02534084824125319,657,Enough about your horse! Let’s talk about it’s dam.
6080,6771,2,28,199,229,1.1397379912663756,0.024573425059875004,657,"Myrtle Sue, my wife's so homely.
And wonders why she is so lonely ... ah ah.
Say, Doc, that's a good start.
But change from F Flat to D Minor."
5914,6774,5,21,196,222,1.1396396396396395,0.027339449537666403,657,Just me and my alter ego.
2696,6775,3,24,188,215,1.1395348837209303,0.026295576960978822,657,"But I thought that ""Pig Pen"" Ron McKernan played the organ for the Grateful Dead?"
892,6776,5,19,184,208,1.1394230769230769,0.028493681443936145,657,"Ai ai ai ai ... porque cantando me alegro even though you're pretty dull, doctor."
6406,6776,4,21,183,208,1.1394230769230769,0.027666563733518768,657,"You think you're off key, but in your head it is actually your mother crooning to you."
47,6776,4,21,183,208,1.1394230769230769,0.027666563733518768,657,Let me guess in a previous life you were a rock star.
1467,6779,3,24,189,216,1.1388888888888888,0.026181525814960162,657,"And have you always wanted to be known as ""El Guitarrista""?"
2673,6779,6,18,192,216,1.1388888888888888,0.028542446643686558,657,"OK, Jose, how about ""Guantanamera"" instead ?"
2759,6779,6,18,192,216,1.1388888888888888,0.028542446643686558,657,"That song really takes me back. Would you please play ""How much is that doggie in the window"" for me."
3085,6779,2,26,188,216,1.1388888888888888,0.02534572886825975,657,"IWith all due respect to Dr. Flanders, I need to say that I'm NOT into music therapy"
5285,6783,3,26,202,231,1.1385281385281385,0.025135469424880475,657,So you can’t stop writing songs about not needing no stinking badge?
5538,6783,6,20,205,231,1.1385281385281385,0.027289601882809825,657,"That played, can you say more about your mandolin?"
1808,6785,6,19,199,224,1.1383928571428572,0.027837750830983162,657,Brave New World
3186,6785,5,21,198,224,1.1383928571428572,0.027109074761571636,657,...you might want to rethink your MAGA tour
6201,6787,4,22,191,217,1.1382488479262673,0.026874404680773494,657,tell me about your stinking road manager again.
6399,6787,2,26,189,217,1.1382488479262673,0.025236775386918313,657,"I already consulted with that artist . . Try again, in your own words."
6714,6787,2,26,189,217,1.1382488479262673,0.025236775386918313,657,"Now those lyrics about chewing gum on the bedpost, you say they came to you after an incident where you had to cut off all you facial hair?"
2331,6790,3,22,178,203,1.1379310344827587,0.027110218238671848,657,"Do you know the words to ""Marry Me Not, I'm Solitary""?"
3752,6791,1,29,195,225,1.1377777777777778,0.023875042129477036,657,I could cure your left handednes but then you would no longer stay at the top of the charts Cowboy.
1617,6791,2,27,196,225,1.1377777777777778,0.02469210757239736,657,"So tell me, which Old Habits do you need to break today?"
3848,6793,3,21,172,196,1.1377551020408163,0.027678639250725345,657,"So, how long have you been fixated on the neurobiology of music?"
2733,6794,6,18,194,218,1.1376146788990826,0.02829426922567235,657,"But my dear sir, it is clearly a case of melophobia."
3663,6794,1,28,189,218,1.1376146788990826,0.02427294780793202,657,Oh you play guitar holy shit that's sooooo interesting.
4438,6796,3,25,198,226,1.1371681415929205,0.025377305267260317,657,I am afraid to tell you the next World Cup has nothing to do with ANY guitar!
5822,6796,4,23,199,226,1.1371681415929205,0.026140753420525454,657,"It's always ""yee-haw"", and never ""ye-h'all-right?"""
2398,6798,4,26,218,248,1.1370967741935485,0.02468910438565956,657,"You say you can't stop playing ""Take Me Back To The Chicken Ranch"" over and over?"""
6702,6798,2,30,216,248,1.1370967741935485,0.0233292123661482,657,But no! My parents would not let me get close to a harmonica.
3216,6800,4,19,174,197,1.1370558375634519,0.028471313168093666,657,CAN'T  YOU SING SOMETHING MORE UPBEAT?
3105,6801,3,24,192,219,1.1369863013698631,0.025845191457440325,657,It’s not the end of the world when you don’t get any chair turns!
3438,6801,2,26,191,219,1.1369863013698631,0.025021632364624867,657,The valley can't really smile - it's just a pleasant thought....
1383,6803,5,19,188,212,1.1367924528301887,0.027985277866219183,657,So you feel that being lonesome has led to your compulsive gambling...
820,6803,2,25,185,212,1.1367924528301887,0.025476334358701527,657,So you're The Old Man and the Guitar????
1159,6805,1,30,203,234,1.1367521367521367,0.02330963425059344,657,How did you feel after you did Move It On Over?
3342,6806,2,24,179,205,1.1365853658536584,0.02595641131368994,657,"So, you're a lone cowhand from the Rio Grande?"
2439,6807,6,19,202,227,1.1365638766519823,0.027489146721459894,657,Da doo run run run da doo run run
3860,6807,2,27,198,227,1.1365638766519823,0.024489055675485986,657,I'll sing the first part and spur of the moment you come up with a catchy hook.
5463,6809,2,30,217,249,1.1365461847389557,0.02324185438304166,657,It’s sounding flat
380,6810,2,23,173,198,1.1363636363636365,0.02646428636883849,657,And how does playing the same bluesy tune make you feel?
3000,6810,3,24,193,220,1.1363636363636365,0.02573497897777514,657,But  then WE created plastic.
3648,6810,3,21,174,198,1.1363636363636365,0.02741591902455908,657,"la cu-ca-ra-cha, la cu-ca-ra-cha..."
4617,6813,6,20,209,235,1.1361702127659574,0.026849669792846514,657,So I can see right away your a workaholic.
664,6814,1,27,185,213,1.136150234741784,0.024475923834689585,657,Wasn't John Denver right handed?
3388,6814,2,25,186,213,1.136150234741784,0.025364576681074766,657,"Could you sing a little ""Home on the Range"" ?"
6261,6814,2,25,186,213,1.136150234741784,0.025364576681074766,657,Did you say “Smokey” or “dogie”?
3478,6817,1,29,198,228,1.1359649122807018,0.02358323760096257,657,"OK, OK, you can sing it...but only in the key of G."
4848,6817,3,25,200,228,1.1359649122807018,0.025168528385068265,657,"From thirty thousand feet above above the desert floor,  I see something is dreadfully wrong for I feel this chick Felina hugging me and telling me goodbye."
2307,6819,3,19,162,184,1.1358695652173914,0.028631607941539804,657,I'd blame it all on your roots. You grew up in boots.
4761,6820,4,25,214,243,1.1358024691358024,0.024919869036110577,657,Freud said there's a little truth in our humor but not music!
3825,6821,2,26,193,221,1.1357466063348416,0.02481009808294043,657,Blame it all on my roots...
6825,6822,3,21,175,199,1.135678391959799,0.02728640832376709,657,So I guess it all started with the Sundance kid....
1418,6823,1,27,186,214,1.1355140186915889,0.024369588126519234,657,"A long, long, time ago, I can still remember how my mama used to make me cry."
5408,6823,4,21,189,214,1.1355140186915889,0.026935250739377498,657,"So, it all started in the shower?"
6249,6825,4,18,170,192,1.1354166666666667,0.028829309885831638,657,"Then he smashed my guitar and said 'Get a decent job, young man'."
4632,6826,1,29,199,229,1.1353711790393013,0.023487533776243356,657,"Guitar lessons. Well, that's a new item we can mull and re-mull. How do you feel about strumming?"
5754,6826,0,31,198,229,1.1353711790393013,0.02265742422424139,657,Have you considered a Crossover?
1326,6828,2,19,149,170,1.1352941176470588,0.02883528319702229,657,"Ever since the web killed print, your coping strategy has hurled you into an identity crisis, pandering to polarized politics at the expense of the magazine's great cartoon tradition. Or was Mankoff just that much better? You sell out."
3642,6829,4,25,215,244,1.1352459016393444,0.024823768393686774,657,"I always thought you were the star on ""Prairie Home Companion"""
1273,6830,2,26,194,222,1.135135135135135,0.024705656230853544,657,"And tell Mom I’ll bring the soufflé next time, not sure where she was going with the jalapeños"
5854,6830,4,22,196,222,1.135135135135135,0.026303972002177007,657,"Wow, another one. I didn’t know Britney Spears’ had so many songs."
6225,6832,4,24,209,237,1.1350210970464134,0.025256789208119648,657,But have you really expressed to your agent why Cardi B is such an inspiration for this next album?
90,6833,3,21,176,200,1.135,0.02715810770415259,657,"Let's get in touch with your inner child."""
2385,6834,7,20,225,252,1.1349206349206349,0.026198188309735537,657,So...you can't sing the blues the way you used to since the dust Pancho bit ended up in your mouth?
3692,6835,1,26,181,208,1.1346153846153846,0.02468247314314225,657,And how do you feel about the rejection you experience when trying to pay your saloon tab with Pachelbel’s Canon?
5741,6835,2,24,182,208,1.1346153846153846,0.025606163591401068,657,"I believe you need another approach for your subway cowboy serenading. Perhaps a different theme; I would go with Rapper Roy instead of Amarillo Slim and maybe tossing the guitar and trying  fitted designer clothes."""
1488,6837,2,25,189,216,1.1342592592592593,0.02503506648412988,657,What kind of beer do you give your horses?
632,6838,0,28,181,209,1.1339712918660287,0.02361784942883569,657,‘...but my superego was supersized...’ Can we talk about that?
5699,6838,2,24,183,209,1.1339712918660287,0.0254914899829559,657,It would appear you suffer from Hormone Derangement Syndrome.
6580,6838,2,24,183,209,1.1339712918660287,0.0254914899829559,657,So the problem sounds to B-flat.
584,6841,4,22,198,224,1.1339285714285714,0.02608248341792731,657,"So...your cow died because you said to her, ""there are no Tibetan snow leopards in the Arizona desert, you idiot. It's just one of those bushy tumbly things"", you said."
6672,6841,1,28,195,224,1.1339285714285714,0.023668135341597632,657,"Hey there, Delilah... What's it like in New York city..."
2680,6843,4,19,179,202,1.1336633663366336,0.02780542121451458,657,Why don't you sing the one about the 'Wide Open Spaces'.
4486,6843,1,25,176,202,1.1336633663366336,0.02500730847751441,657,"Slim, I feel ""I'm An Old Cowhand On the Rio Grand"" does not quite capture your essence."
2051,6845,4,21,192,217,1.1336405529953917,0.026583822273236232,657,"Well Kenny, looking back at my notes I can confidently say that this one is going to be in the top 10 on the country billboards."
26,6845,2,25,190,217,1.1336405529953917,0.024927109973657123,657,Why do you feel you need a disguise for your CMT job interview Ms. Loughlin?
1587,6847,3,22,185,210,1.1333333333333333,0.026260289314208866,657,Okay; so you come from Alabama with a banjo on your knee? That’s not a banjo!
3030,6847,2,26,197,225,1.1333333333333333,0.024397501823713332,657,On which line do you feel a lack of appreciation?
4484,6847,4,20,186,210,1.1333333333333333,0.027114041777039636,657,"let me sing you a song of my sorrows,  pappy was a rolling stone wherever he hung his hat was his home and when he died ...."
5112,6847,2,22,171,195,1.1333333333333333,0.02648364366539757,657,Your in the chair next to the man in the chair because I actually write the songs Lefty!
5059,6851,1,25,177,203,1.1330049261083743,0.024892524672967594,657,What do you think is the reason for your success with personal relationships that is impeding you professionally?
6153,6851,2,23,178,203,1.1330049261083743,0.02585364838539676,657,My subconscious is filled with melodies
6568,6851,2,23,178,203,1.1330049261083743,0.02585364838539676,657,"If you can't believe the lyric 'Are you sure Hank done it this way,' how about watching a video?"
3720,6854,5,16,175,196,1.1326530612244898,0.029183472204756214,657,"Why don’t I play you a song I wrote  about heartbreak as payment, doc?
Sure, but I plan to bill you for that."
2445,6855,3,23,193,219,1.1324200913242009,0.025547425857497454,657,"Doctor say a word any word so that I may start a song. Ok, Tec as long as you say a word any word so I may get into your head."
2484,6855,3,23,193,219,1.1324200913242009,0.025547425857497454,657,"If you're taking requests, how about ""Home on the Range""?"
5965,6855,4,21,194,219,1.1324200913242009,0.026354559439035082,657,"Richard, which do you prefer...
W-Y-O-M-I-N-G or O=K=L-A-H-O-M-A ?"
4317,6858,3,19,167,189,1.1322751322751323,0.027917474642958205,657,I can't focus on your problems while you are trying to play that stupid guitar
4272,6859,4,22,201,227,1.13215859030837,0.02575711844772178,657,please play! I will hire you if you give me the influence of starting my new novel.
4159,6860,1,26,185,212,1.1320754716981132,0.02424846736134753,657,You’ve changed your presentation
5332,6861,4,21,195,220,1.1318181818181818,0.026241396513467383,657,"It's probably time to get up and feed your horse...""  #ASPCA #bekindtoanimals #cowboyballadsareoverrated"
2214,6861,2,25,193,220,1.1318181818181818,0.024608715735421834,657,"I wanna go ho oh ome...ho oh ome."""
4649,6863,1,25,179,205,1.1317073170731706,0.02466606357869658,657,Take of your G' Damn Hat!
954,6864,2,26,200,228,1.131578947368421,0.02409688480670267,657,How about if I see the floor that needs sweeping while you gently weep?”
4556,6864,0,25,165,190,1.131578947368421,0.024588241692166148,657,"That's not something I can 'check yes or no' to, but let's explore it.""

Staci Simonton, Mill Valley, C"
2245,6866,2,22,174,198,1.1313131313131313,0.026107160371036997,657,"Can you play Thompson Twins-Doctor, Doctor?"
5290,6867,3,23,195,221,1.1312217194570136,0.025329815441556297,657,"Frank told me to ask you: ""When the deer and the antelope still play, how do you feel about your home on a cloudy day?"""
6134,6868,4,17,170,191,1.130890052356021,0.028621179432848205,657,Have you tried singing into an oven mit?
5328,6869,1,26,187,214,1.1308411214953271,0.024037091527020965,657,Tell me about your childhood Billy
2219,6870,2,22,175,199,1.1306532663316582,0.025984017313785024,657,I don't think that should be the second verse of your ballad.
3574,6870,2,22,175,199,1.1306532663316582,0.025984017313785024,657,"Walking on, walking on broken glass."
4767,6870,1,24,174,199,1.1306532663316582,0.024988203437509987,657,"Please tell me, what music do you play again?"
2253,6873,3,21,183,207,1.1304347826086956,0.026292515947674382,657,You leave for your first trip west of the Hudson soon. Sing me about your new life.
4137,6873,1,22,161,184,1.1304347826086956,0.026061205314978235,657,Can you play be bop changes
3395,6875,2,27,209,238,1.1302521008403361,0.02342896740658408,657,"Now, how often do you go down to the Honky Tonk?"
6628,6876,5,18,192,215,1.130232558139535,0.027324945540979518,657,"I think the best way to recover your self-esteem is to take a shot at 
a more manly occupation, Mr. Cassidy."
6988,6877,3,26,217,246,1.1300813008130082,0.02369451843042965,657,Can you tell me when you were convinced you can play pro ball for the Yankees?
1628,6878,4,18,178,200,1.13,0.027737100311105736,657,"I see.  But to clarify, please, « Strung out, » you say, or « Strung along? »"
3214,6879,6,18,207,231,1.12987012987013,0.026780259698199943,657,How do they expect us develop a new hobby at forty? Bad music doesn't kill as efficiently as a gun!
975,6880,3,23,198,224,1.1294642857142858,0.025010222011060904,657,Strum dumb  or Dumb strummer?
1611,6880,1,27,196,224,1.1294642857142858,0.023354535560436828,657,What do you think my problem is!
1657,6880,5,19,200,224,1.1294642857142858,0.026562907951528995,657,Sorry but I am not into Country nowadays
1719,6880,4,21,199,224,1.1294642857142858,0.025798248815413396,657,"So you have had restlessness, anxiety, and generalized myalgia during the past three days, and you have not slept for the past two days. I think we should raise up our glasses against evil forces singing whiskey for my men, beer for my horses."
1824,6884,4,18,179,201,1.1293532338308458,0.02760633711244793,657,And you were trying to glue what?
4952,6884,1,24,176,201,1.1293532338308458,0.02475593095447708,657,Don't ever try to play county-western themes left-handedly.
4298,6886,2,26,204,232,1.1293103448275863,0.02370732062750884,657,"Must you play the same old song five times a week 10 years in a row? 

Irina Torrey, San Francisco"
1538,6887,0,27,182,209,1.1291866028708133,0.02325624652538705,657,And how do you feel about your life on the homested
1742,6887,6,15,188,209,1.1291866028708133,0.028581335731094473,657,I am describing you as fat redhead.
1441,6887,3,21,185,209,1.1291866028708133,0.026055189066893324,657,"And, how long have you been depressed about not becoming a celebrity?"
5318,6890,3,22,192,217,1.1290322580645162,0.025461727272274613,657,"No, you're not pickin'-n-grinin'. Its more like a crawl and a drawl. No wonder you have issues..."
3094,6891,3,20,179,202,1.1287128712871286,0.026565308461930556,657,"And how does that make you feel,” asked Cowboy Bill’s therapist as part of his sessions to learn how to write more sensitive country ballads."
6143,6891,3,20,179,202,1.1287128712871286,0.026565308461930556,657,"What do you mean when you say,""I'm plucking the strings of Her Heart?"""
6257,6893,5,18,195,218,1.128440366972477,0.026967722534505283,657,You need to let go of Schoolhouse Rock rejecting your song about your 37.8541 liter hat.
817,6894,2,20,165,187,1.1283422459893049,0.026766702976910955,657,"I lit up from Reno
I was trailed by twenty hounds
Didn't get to sleep that night
Till the morning came around"
4215,6895,3,19,173,195,1.1282051282051282,0.027105920918624588,657,"Pardner...don't call me Sigmund, call me Tex"
6272,6896,2,22,179,203,1.1280788177339902,0.025502772871893724,657,In case you didn’t know babe I’m crazy ‘bout you.
4605,6897,2,25,200,227,1.1277533039647578,0.023896304622790524,657,Do not beg me to sound like Bradley Cooper.
3165,6898,2,20,166,188,1.127659574468085,0.02663269705060434,657,"Okay, enough about me.
What do YOU think 
of me..?"
3392,6898,2,20,166,188,1.127659574468085,0.02663269705060434,657,"I've been leading Old Dan for a mighty long time...I'm thinkin'
it's about time he starts leading me."
5919,6900,1,24,179,204,1.1274509803921569,0.024415446693248296,657,"I don't know. Do YOU think your cover of ""I'm So Lonesome I Could Cry"" is too sentimental"
3693,6901,1,25,186,212,1.1273584905660377,0.023904655370722856,657,I've just been feeling lone lately
6074,6902,3,22,195,220,1.1272727272727272,0.025134079489246567,657,"You speak what's ailing yer while I strum this here guitar"""
1594,6902,3,22,195,220,1.1272727272727272,0.025134079489246567,657,Could the fact that you are currently being held by a bearded bull in boots explain your musicological condition?
3457,6904,4,21,203,228,1.1271929824561404,0.025369745671863904,657,sing me a song of a lad that is gone
1044,6905,2,23,188,213,1.1267605633802817,0.02471265675977424,657,"IF I HEARD YOU RIGHT, WAS THAT  ""GIVE ME  A HOME WHERE THE BUFFALO ROAM?"""
1430,6906,1,26,194,221,1.1266968325791855,0.02332522229741518,657,"So you're saying that it was in the West Texas city of El Paso 
that you first heard this song long ago about a Texas cowboy, and a girl, and a little place called Rosa's.  Fascinating.  Please continue.""

Dennis Kaplan, Avon, C"
6401,6907,2,21,175,198,1.1262626262626263,0.025740051123633444,657,"So you believe ' Home on the Range' will go over big in Nashville."""
2242,6908,2,22,182,206,1.1262135922330097,0.02515330527636232,657,Your house was on a stove top?
4833,6909,1,26,195,222,1.1261261261261262,0.023226928458729333,657,That was a wonderful ballad of your childhood.  Can you tell me more about it in EDM?
1714,6910,1,27,202,230,1.126086956521739,0.02278479996766569,657,Can you play the tunes of my poem!
3290,6910,1,27,202,230,1.126086956521739,0.02278479996766569,657,"LifeGoal = Roaming buffalo, deer and playful antelope."
4433,6912,1,23,175,199,1.1256281407035176,0.02460762407757632,657,Have you ever thought you’re just a rip-off of samurais?
2778,6913,4,18,185,207,1.1256038647342994,0.026846821591745486,657,"Doc, let me strum a tune about my old Aunt Lilly. She had a penchant for eating frogs."
6516,6914,4,19,192,215,1.1255813953488372,0.026210864089905955,657,And why did you marry Archi?
615,6914,1,25,189,215,1.1255813953488372,0.023592434443174246,657,"Well, I guess I can put up with the Lady Gaga thing Doc, but they're drinkin up all the tequila."
3394,6916,3,23,205,231,1.1255411255411256,0.02429479970416096,657,"That may well be a catchy song title but,in accordance with your treatment, let's change it to 'Diagnosis of a Mental Illness Cowgirl'."
1060,6917,4,22,213,239,1.1255230125523012,0.024532587590038814,657,"I don't want to start out on a sour note, but I'm more of a classical music man. I never could get into Country and Western."
881,6918,2,21,177,200,1.125,0.025497561219471627,657,Why don’t you tell me your most fervent desire. Oh give me a home....
3114,6918,2,21,177,200,1.125,0.025497561219471627,657,"Now, lets go back to when you were 5 years old. Could you play a note describing the emotions you felt on your first day of school?"
3241,6918,3,22,199,224,1.125,0.024710041738455393,657,"No, cowboy diplomacy is down the hall."
3397,6918,1,24,183,208,1.125,0.023975670499899113,657,Mine daughter Anna eez a beeg beleever een zees play therapee.
2828,6922,4,23,222,249,1.1244979919678715,0.023854968037725476,657,"Play me another tune, Jim, I love it when you strum."
2408,6923,3,23,207,233,1.1244635193133048,0.024097809372003447,657,It reminds me of my mother. . . .
767,6924,1,24,184,209,1.124401913875598,0.02386817317722223,657,Easier to play and divulge all the craziness in my life.
3561,6925,3,19,179,201,1.1243781094527363,0.026339983068555315,657,This is how I solve my issues
4538,6926,4,20,202,226,1.1238938053097345,0.02529315765218409,657,Music is fine..let´s try with the lyrics to help me heal you.
5215,6926,4,20,202,226,1.1238938053097345,0.02529315765218409,657,Action...cut
13,6928,1,22,171,194,1.1237113402061856,0.024801400058789353,657,"The song was nice, but I only accept payment in diamonds or gold."
2944,6928,3,18,173,194,1.1237113402061856,0.026868966204181697,657,You seem mad at the countryside music.
2208,6930,2,17,151,170,1.1235294117647059,0.027926288007618955,657,"I'm not doing this just so you can put ""Oedipal complex"" in your next song."
1036,6931,2,24,201,227,1.1233480176211454,0.023588885708275612,657,"I'm a hilly-billy redneck rockstar
Just a-strummin' on my old guitar."
4056,6931,6,16,205,227,1.1233480176211454,0.02669035160043768,657,"Before I could get there in my pickup truck, she got runned over by the train"
6500,6931,2,24,201,227,1.1233480176211454,0.023588885708275612,657,I love you too Maurice...
529,6934,4,19,196,219,1.1232876712328768,0.025756223236598985,657,"What is it about the cassock you object to, Father?"
5220,6934,2,23,194,219,1.1232876712328768,0.02407486998616844,657,"Sorry, I can't get you any of that crap back."
1696,6936,3,20,188,211,1.1232227488151658,0.02549275545522188,657,"Sorry, Jimmy Buffett already did that song."
3045,6937,4,17,182,203,1.1231527093596059,0.027012555435368433,657,Play Wonderwall
2510,6938,2,24,202,228,1.1228070175438596,0.02349142815219629,657,Band practice was better in the garage.
5618,6939,6,15,199,220,1.1227272727272728,0.027215589794480455,657,"Come and listen to my story about a man named Jed 
A poor mountaineer, barely kept his family fed..."
363,6940,1,23,180,204,1.1225490196078431,0.024041700120373474,657,"That's solid work Sam, but wait a minute, try this bit right after..."
5237,6941,4,19,198,221,1.1221719457013575,0.025534740720645183,657,Your unconscious desire to sleep with your saddle has made you fixate on the aural stage of your guitar.
3798,6942,1,23,181,205,1.1219512195121952,0.023931603636427583,657,I'd rather play music than read books nerd.
5887,6942,2,26,218,246,1.1219512195121952,0.022437148694157017,657,"Oh bury meee, on the lonne prairiee..."
2416,6942,3,24,219,246,1.1219512195121952,0.02316483643009708,657,"Play it again, Sam. I'm feeling the rapture - NOT!"
3277,6945,6,17,215,238,1.1218487394957983,0.025772601178449553,657,"In my professional opinion, you're right, the world is shallow. That you've suddenly come to the conclusion it's sha-la-la-la-low is concerning. Let's unpack that a bit."
6065,6946,2,22,190,214,1.1214953271028036,0.024266304366462352,657,When exactly did you stop associating home with
4821,6947,1,23,182,206,1.1213592233009708,0.023822504228793732,657,"Aren't you bothered by feeling committed to take your job with you everywhere, all the time?"
5113,6947,3,19,184,206,1.1213592233009708,0.025733851276611805,657,Your eccentricity stems from your sinister approach to life.
5254,6949,3,23,213,239,1.1213389121338913,0.02352545403579707,657,"Tell me, when did you first decide to become a left-handed justice?"
215,6950,3,21,199,223,1.1210762331838564,0.024506168421704812,657,"Therapist: ""So Julio, what is the secret for being a novela guitar player?""
Julio: ""It depends, for me it's constant manicures"""
20,6951,2,25,213,240,1.1208333333333333,0.022676486407671354,657,"Quick Draw Billy Bob is an archetype. That’s something like archenemy, but without the skin-tight red suit."
4995,6952,2,24,206,232,1.1206896551724137,0.02310947423046061,657,Strum strum strum so what loser tune you gonna play now?
2683,6953,1,25,198,224,1.1205357142857142,0.022702543988926457,657,Don’t judge books by its covers !
3770,6954,5,16,195,216,1.1203703703703705,0.02660456689276246,657,"I am so sorry ""The Voice"" did not turn a chair. Try Again"
860,6955,0,24,176,200,1.12,0.023035912535249357,657,"Get along little doggie"" is not helpful"
5488,6956,2,22,193,217,1.119815668202765,0.023949508382354007,657,And what comes after 'She sold my pony to the rodeo'.?
962,6956,2,22,193,217,1.119815668202765,0.023949508382354007,657,"""Mommy said I was a good little player, and Mommy knows best!'"
4748,6958,1,26,207,234,1.1196581196581197,0.02210849783265153,657,"""Freud, you are not Jimi Hendrix, but EGO tripping because of mistaken ID"""
2792,6959,2,21,186,209,1.1196172248803828,0.02446029950335928,657,How does it make you feel after two unsuccessful rodeo clowns?
535,6960,2,23,202,227,1.118942731277533,0.023273717879406165,657,I feel  D-flat minor.  Please re-tune me to A-sharp major!
2479,6961,0,26,193,219,1.1187214611872147,0.02190750738910321,657,"So, tell me more about why you think you’re a reincarnated soldier at The Alamo in a sing song."
5647,6961,1,24,194,219,1.1187214611872147,0.022843614321838727,657,I ate a one ton tomato keeps going around in my head....
2115,6963,3,22,211,236,1.11864406779661,0.02351924352767802,657,Have you tried counter-conditioning to treat your claustrophobia?
1369,6964,1,21,172,194,1.1185567010309279,0.024389997102578026,657,"Yes, I have co-authored several of Willie Nelson's hits.  Now pay attention to what I tell you!"""
1531,6965,3,20,197,220,1.1181818181818182,0.024503061341287734,657,"That’s great news, Cecil Roy.  You patched things up AND wrote her a mushy love song. Yep Doc, you healed me up good.  I call it “You said you’d die for me, but yer still alive”..."
7048,6965,2,22,196,220,1.1181818181818182,0.023640833629121442,657,You haven't finished your ballad.
3630,6967,2,23,204,229,1.1179039301310043,0.02308164782296812,657,"It doesn't matter what I write as I'm not a man, 
and won't win the competition."
2998,6968,5,16,200,221,1.1176470588235294,0.02602927522757116,657,"Now I'm sorry to say this but I fail to see how saying ""Gucci Gang"" 48 times in a southern accent will help you improve your relationship with your father."
4364,6968,1,24,196,221,1.1176470588235294,0.022649102142485042,657,"Let's talk about your mother, Little Bo Peep."
2137,6968,3,20,198,221,1.1176470588235294,0.02439779699822681,657,Pick them strings and yodel.
5617,6968,1,24,196,221,1.1176470588235294,0.022649102142485042,657,"List: milk
Bread
Eggs

Song:
I'm an old cow hand..."
1027,6972,1,22,182,205,1.1170731707317074,0.0235483587733658,657,"you don’t say, I don’t say."
2106,6973,1,23,190,214,1.1168224299065421,0.022984046740142063,657,Tell me: when was it you discovered your love of Marina and the Diamonds?
4163,6973,3,19,192,214,1.1168224299065421,0.024819757100161172,657,Can you play Home on the Range?
1763,6975,0,26,197,223,1.116591928251121,0.02153963981624444,657,"Subconsciously, your friends don't mind listening to you play unconsciously."
3741,6975,4,18,201,223,1.116591928251121,0.025011050708960047,657,Dr. Savinsky thought swapping places would loosen up Mr. Pinsbody.
6503,6975,2,22,199,223,1.116591928251121,0.023339973660864675,657,"Homer, can you play ""Git along Iddle Doggies?"
6566,6975,3,20,200,223,1.116591928251121,0.024189946548680383,657,So this is how country songs begin!?!
4457,6979,1,27,221,249,1.1164658634538152,0.021149782144251734,657,You're a great interior de-singer! I am starting to see your vision.
1654,6980,2,22,200,224,1.1160714285714286,0.02324137285313566,657,My playing days are over but I can't seem to stop from playing the same song over and over again!
3978,6981,1,22,184,207,1.1159420289855073,0.023333931983087957,657,"Wow...I never noticed the emotional complexity in Lil Pump's lyrics until I heard that acoustic cover of ""D Rose."" It was beautiful. You've gotta get it onto YouTube immediately."
3533,6982,1,25,207,233,1.1158798283261802,0.021876946681893536,657,"No, I've heard that sad song before.  How about a snappy rendition of ""Jose' Cuervo, You Are A Friend of Mine""  ?"
3101,6983,3,22,217,242,1.115702479338843,0.022965679250062744,657,"Your music and my lyrics from separate rooms next time, like Elton and Bernie."
2101,6984,0,24,184,208,1.1153846153846154,0.022205779584216375,657,How does a rio grande compare to standard UWS therapy fees?
6070,6985,2,22,202,226,1.1150442477876106,0.02304663714999954,657,Please Mr. Keith I   You should of been a cowboy
4190,6985,4,18,204,226,1.1150442477876106,0.02469433573623168,657,Santiago.  Do you think the guitar keeps you sane?  OK but does it keep you legal?
3354,6987,2,23,210,235,1.1148936170212767,0.02252390471689315,657,"Freudian psychoanalysis deals with the oral, the anal and the phallic. A redneck childhood retold in country music belongs on stage preferably at a honky tonk."
6768,6988,3,18,188,209,1.1148325358851674,0.025034030546000407,657,"Again I seem to have misplaced my notes on your heart, the “puree” setting, and so on.  Can you repeat that?"
4663,6989,2,21,195,218,1.114678899082569,0.023503727818945015,657,So what are your feeling about pop music?
1077,6990,2,19,180,201,1.1144278606965174,0.024620583147579346,657,I'm afraid we have here a severe Wonderwall progression
897,6991,0,25,194,219,1.1141552511415524,0.021537659547866926,657,I'm an ole' cow hand from the Rio Grande.
5445,6992,2,19,181,202,1.113861386138614,0.024504944275521287,657,"No, that I saw not what My Little Pony is."
6640,6993,4,16,191,211,1.113744075829384,0.025701681711350673,657,Your playing is so romantic that I think I am falling in love with you.
1520,6994,3,19,198,220,1.1136363636363635,0.024175525169232562,657,And then it goes again and again...
262,6995,2,22,205,229,1.1135371179039302,0.022760546973961994,657,"Well I tell you one thing, you're far from the shallow now my friend. 

Sajda Waite- NYC"
3846,6996,2,18,174,194,1.1134020618556701,0.02505544017784592,657,"You keep mentioning a lonesome train whistle, but let’s explore whether that whistle might really be Cowboy Joe."
7013,6997,2,18,175,195,1.1128205128205129,0.024933402555427094,657,How did you feel when she said you are a wretched guitar player?
580,6998,2,19,183,204,1.1127450980392157,0.02427688028713437,657,Willie Nelson? Not even clise!
2195,6999,3,17,185,205,1.1121951219512196,0.025134507687414768,657,I still say you're not a blue-nosed gopher.
4968,7000,2,20,192,214,1.1121495327102804,0.02356328047817035,657,"I will just lay back and pick a tune on the gitar to express how I feel.
Joe Pitts, Washington, DC"
732,7001,3,18,195,216,1.1111111111111112,0.024260524915863297,657,Any chance you could turn down the ceiling fan?
3217,7001,2,20,194,216,1.1111111111111112,0.023356085867652015,657,"We do the psycho loco, and finally we knowko, that's what it's all about."
4962,7001,3,18,195,216,1.1111111111111112,0.024260524915863297,657,Unfortunately that truly won't bring them back.
45,7004,4,17,205,226,1.1106194690265487,0.024384059655377655,657,hey are you holding?
648,7005,2,19,187,208,1.1105769230769231,0.023833200201364514,657,Was that an F sharp or a B minor?
4586,7006,1,19,170,190,1.1105263157894736,0.023996975679923083,657,What's Spanish for 'bro'?
4940,7007,1,22,195,218,1.110091743119266,0.02222070516399978,657,"Been workin' on this new song for weeks, but I just keep hittin' a wall with it."
1874,7008,0,23,186,209,1.1100478468899522,0.02169913573749029,657,"No need to repeat the chorus. Tick, tock, Johnnie Gitbox..."
4426,7009,2,21,205,228,1.1096491228070176,0.02252458786959527,657,So the candy deprivation due to hating the viola still haunts your dreams?
4781,7010,1,21,188,210,1.1095238095238096,0.02263208483748157,657,"Again, what are your singing as your response?"
3940,7011,2,20,198,220,1.1090909090909091,0.022952392741081493,657,"You know doc that the cowboy hat is of Spaniard, ladino parentage."
6139,7011,2,20,198,220,1.1090909090909091,0.022952392741081493,657,Pancho & Lefty...gram
199,7011,4,16,200,220,1.1090909090909091,0.024694824019844127,657,It
562,7014,0,26,213,239,1.108786610878661,0.020183203368209515,657,Tell me about your mother—in rhapsodic form.
831,7015,4,12,168,184,1.108695652173913,0.027694584134687002,657,Toodle ooh Buckaroo
4853,7016,2,20,199,221,1.1085972850678734,0.02285363132624189,657,Tell me how you feel about their canceling your Broadway show.
3409,7017,0,26,214,240,1.1083333333333334,0.02010404133295711,657,In the sha-sha-sha-ha-lo(wuh)
676,7018,2,21,208,231,1.1082251082251082,0.022246489854121212,657,"Along came a beatnik swinging a chain zip down his zipper and out it came 3months later allwas well 6 months later started to swell,9months later out they came 3 little beatniks swinging on a chain"
1490,7019,2,20,200,222,1.1081081081081081,0.02275571263241613,657,Very nice. Now move right along...
1283,7020,1,17,158,176,1.1079545454545454,0.0248036861239712,657,So... how does that make you feel?
6002,7021,1,20,185,206,1.1067961165048543,0.022642442756740308,657,Why are you feeling blues?
6283,7022,1,21,194,216,1.1064814814814814,0.02203616845543957,657,"Okay...so you know and love everything about the ancient  ‘Whoopie Ti-Yi-Yo’ mantra but yet you have no idea what meditation even is...well sir, I have to say, I’m completely stumped."
267,7023,1,21,196,218,1.1055045871559632,0.021844410137311795,657,"Now, what do you play?"
3010,7024,1,23,213,237,1.1054852320675106,0.020870557118656746,657,"Zo Eugene, "" a mighty heard of red eyed cows,"""
3089,7025,0,23,196,219,1.1050228310502284,0.020764409831126207,657,"Bob's wind didn't get me an answer. So, Friend, here I am."
2252,7026,2,17,181,200,1.105,0.023931959666256674,657,Dangled up in blue doc”  “I have heard of this before
1364,7027,2,19,200,221,1.1040723981900453,0.022496553436666095,657,"Ok now you say “on the road again “
They I say .."
895,7028,1,25,234,260,1.103846153846154,0.01972341942028963,657,"And this one, folks, is one of my favorites of James Taylor... ahem... ♪ ♫""There is a young cowboy, he lives on the range. His horse and his cattle are his only companions..."" ♫ ♪"
1589,7029,4,15,203,222,1.1036036036036037,0.024151289086192233,657,"I do understand, but ‘Made in New York City’ isn’t the condiment end “."
4905,7029,0,23,199,222,1.1036036036036037,0.02049940920944869,657,Analysis. Please access your previous configuration.
7046,7029,0,23,199,222,1.1036036036036037,0.02049940920944869,657,Words and music by Wannabe Cowboy and Doc.
1841,7032,0,24,209,233,1.1030042918454936,0.019956246073781908,657,Where the ATBs and MTBs play' works for me.
6883,7033,2,17,185,204,1.1029411764705883,0.02348378895783703,657,Da-NA-na-NA-na.
1937,7034,2,16,177,195,1.1025641025641026,0.02408720496447728,657,Mr. Smith
3476,7034,2,20,212,234,1.1025641025641026,0.021642701841928756,657,"I know that you want to be a ""strumbody but that instrument won't help you a bit!!"
7008,7036,0,21,184,205,1.102439024390244,0.021229981421054703,657,"So your mother said you would always be a failure, encoring with ‘Tiptoe Through the Tulips’?”"
1592,7037,2,18,195,215,1.1023255813953488,0.022719305878053948,657,Ma mawmaw gave me the blue in my bluegrass tunes.
3735,7038,2,19,204,225,1.1022222222222222,0.022114819821375954,657,Peg o’ my heart! She done stole my beer money!
3528,7039,1,19,186,206,1.1019417475728155,0.02222483400455924,657,"and again. deep breath....a How, How, How, How..."
256,7039,1,19,186,206,1.1019417475728155,0.02222483400455924,657,"Therapist-so you’ve told me some things you don’t like, for example beans how bout trying to tell me something’s you like
Cowboy-you know I like my chicken fried, cold beer on a Friday night, a pair of jeans that fit just right, and the radio uuuppp"
2781,7041,1,20,195,216,1.1018518518518519,0.021645914957584354,657,"""Cut the rap and lets get to the chase. How do you really feel about society"""
2823,7041,3,16,197,216,1.1018518518518519,0.023551608833010818,657,I think it's time you snapped out of it and stopped being a bloody idiot... we've all had a gut full you nut-job!
4059,7043,2,17,190,209,1.1004784688995215,0.02294656231250105,657,How do I get this guy off my neck?
1711,7044,1,19,190,210,1.1,0.021821789023599242,657,Okay slow down. I'm getting it C...F D Sharp. Got it/ Oh I don't think so Wally continue therapy and you will smile again
5283,7044,4,13,193,210,1.1,0.02475673395368967,657,"What's you say to...'Since my little doggy died,
Sweetheart, I need ya by my side!'?"
471,7046,4,16,221,241,1.099585062240664,0.02262584237530128,657,"Why do you think it still bothers you so much, Hank Jr., that nobody ever asked if YOU were ready for some footba"
4975,7047,1,20,202,223,1.0986547085201794,0.020998773760042375,657,"Strumthing wrong...but can you be more specific?

ejl@gwu.edu"
5000,7048,3,15,196,214,1.0981308411214954,0.02339079734773253,657,"I think you need to just stop playing the guitar. You need to just drop the guitar and sneak do it, so they won't know, and just grab a lasso and sneak do that, too, and then you can put on your old clothes so they won't know it's you."
7018,7049,1,19,196,216,1.0972222222222223,0.021243803034872034,657,Sweet home Alabama…Where the skies are so blue…
4275,7050,1,20,206,227,1.0969162995594715,0.020645994611052838,657,Now ya know I'm no Payton manning but......
6229,7051,1,17,179,197,1.0964467005076142,0.022280335744361442,657,Oh this set of circumstances enhances the finances of the followers of Dr. Sigmund Freud.
6524,7052,1,19,198,218,1.0963302752293578,0.021057860297843647,657,Ajajsjsj
19,7053,3,17,221,241,1.095435684647303,0.02152749988419555,657,Is the TV invented yet Mark? No? Okay. Twaaang!
1329,7054,1,18,191,210,1.0952380952380953,0.021397537082405986,657,"Git a long, little doggie"
3956,7055,1,19,201,221,1.0950226244343892,0.02078494855720517,657,During the first hour do you recall cows moning .
3802,7056,1,19,203,223,1.094170403587444,0.02060688992417984,657,What's you at-home life like?
596,7057,0,21,203,224,1.09375,0.019518984377294744,657,Please play 'Home on the Range' again. Pretty Please?
2818,7057,0,21,203,224,1.09375,0.019518984377294744,657,Our spoken words into rockabilly count as transference...I surmise.
1207,7059,3,13,187,203,1.0935960591133005,0.023797046896212187,657,"Benny and the Jets is not “Cowboy”, but there’s no call for the guilt”"
2081,7060,3,14,197,214,1.0934579439252337,0.02300856544120707,657,"So what does ""supercalifragilisticexpialidocius mean to you?"
1793,7061,1,17,186,204,1.0931372549019607,0.021549190859498423,657,My two personas
643,7062,0,18,177,195,1.0923076923076922,0.02078200329792219,657,"Let's depart from your childhood for a little while, and talk more about the cowman. (man in italics)"
3834,7063,1,19,211,231,1.0909090909090908,0.019924055458184004,657,"Doc,I don't think your chord progression works for our band."
1280,7064,2,15,194,211,1.0900473933649288,0.02191935503533617,657,The thing about my mother - it's that she just didn't try.
2967,7065,0,19,194,213,1.0892018779342723,0.01957627835138496,657,"Have you tried playing ""Wonderwall?"""
2760,7066,1,18,206,225,1.0888888888888888,0.020030840419244387,657,You possibly think that passive-aggressive 'Cow Plop' riff  — you tag your chorus lines with — starts to get a little overbearing?
81,7067,1,17,197,215,1.0883720930232559,0.020492167614684365,657,well my dad was an alcoholic
5367,7068,1,17,199,217,1.087557603686636,0.020310991777059615,657,"Hm....your last musical phrase expressed, I would say, pessimism.How do you see yourself in the world? Please, repeat it for me."
5097,7069,0,21,219,240,1.0875,0.018277698645683682,657,"And then he said, ""Hey guys, this is Austin"" over and over again?"
1683,7070,1,16,190,207,1.0869565217391304,0.02079218962945364,657,Another piece of America’s lost ...
574,7071,3,13,204,220,1.0863636363636364,0.022018846841102575,657,My farts smarter that your heart.
2766,7072,1,18,213,232,1.0862068965517242,0.019450899131647114,657,what eateries do you recommend?
3337,7073,0,18,194,212,1.0849056603773586,0.019189339607321904,657,Your song of psychic woes will climb with a bullet on the Country Music Sales Charts.
3074,7074,4,13,231,248,1.0846774193548387,0.02108064508634803,657,I like the melody Lefty but I think the lyrics about your life on the funny farm are about as interesting as watching an ice cube melt.
5591,7075,1,18,224,243,1.0823045267489713,0.018604289950103048,657,So you stole a dog eared map and called for a flightless bird?
6435,7076,0,17,190,207,1.0821256038647342,0.01912922192178623,657,Country Music jam session.
4322,7077,0,17,197,214,1.0794392523364487,0.018529086071155134,657,"Now, when you claim to be 'Eastbound and down'--exactly how 'down' would say that is?"
1453,7078,0,17,198,215,1.0790697674418606,0.01844640371182874,657,Repeat the one about heading them off at Lovaas.
1629,7079,1,15,200,216,1.0787037037037037,0.019501781670101095,657,"But 1946 , and they do not all  come back to a whistle.."
6749,7080,1,11,177,189,1.0687830687830688,0.01992458772016174,657,What could be worse than listening to a grumpy old cowboy and screeching 'music' that sends shivers up your spine?
1058,7081,0,14,191,205,1.0682926829268293,0.017660856293704622,657,So you have come to me for ‘glower in the dark’
2007,7082,1,13,216,230,1.065217391304348,0.017441071757776174,657,"to guitar sounds
Ah feelin mighty sad, New York is still sayin country music is really sad"
5540,7083,0,12,183,195,1.0615384615384615,0.01725363838664224,657,In his late life he sat around and played the guitar
