target_id,rank,funny,somewhat_funny,unfunny,count,score,precision,contest,caption
4305,1,43,52,74,169,1.816568047337278,0.0626146762733916,658,Do you want to go for L-U-N-C-H and maybe a W-A-L-K?
1858,2,46,54,79,179,1.8156424581005586,0.061091951284503225,658,"They're quiet now, but wait until the mail is delivered."
4549,3,41,48,74,163,1.7975460122699387,0.0640473327691689,658,"I got a ""You're a good girl. Yes you are"" on my performance review."
1733,4,50,43,87,180,1.7944444444444445,0.06337165469188472,658,All I did was pat him on the head and now he's reporting me to HR.
4846,5,41,57,80,178,1.7808988764044944,0.059743802294835786,658,"Once you tell them to sit and stay, they actually get a lot of work done."
4193,6,47,48,91,186,1.7634408602150538,0.060893138887246415,658,"I've only worked here one year, but it feels like seven."
2263,7,37,57,78,172,1.7616279069767442,0.05981371649446417,658,Well I think I know why all the office plants are dying.
285,8,42,63,90,195,1.7538461538461538,0.056364579108479196,658,Stan was fired...he attacked the FedEx guy again.
1621,9,38,46,79,163,1.7484662576687116,0.06356304285305472,658,"All my evaluation said was ""Good girl."""
2211,10,36,56,81,173,1.739884393063584,0.05948619387717556,658,Don't say anything but I'm going for a w-a-l-k at lunchtime.
4165,11,39,46,83,168,1.7380952380952381,0.06275111812263774,658,"If you think it noisy now now, wait until the mailman comes by."
3992,12,44,42,91,177,1.734463276836158,0.06271336820381267,658,You should have been here last week when someone rang the doorbell!
2573,13,38,47,84,169,1.727810650887574,0.06209662446513796,658,Do you want to go for a W-A-L-K?
173,14,35,60,84,179,1.7262569832402235,0.057566240792038564,658,"Well I’m leaving at five, even if the boss says, ""Stay."
253,15,41,50,92,183,1.721311475409836,0.05972044133200641,658,Want to go for a W-A-L-K?
3355,16,34,58,83,175,1.72,0.05823907467822635,658,"It's 2019 Jim, you can't just rub your coworker's belly and not expect an email from HR."
1839,17,40,48,91,179,1.7150837988826815,0.06046014258457868,658,I need to get out of the office for a bit. Wanna go for a W-A-L-K with me?
5583,18,46,42,100,188,1.7127659574468086,0.060923918078267914,658,The glass ceiling was bad enough but having to deal with invisible fencing is outrageous.
5501,19,37,55,89,181,1.712707182320442,0.058385473535557106,658,Fine. You’re a good boy too.
1332,20,44,48,99,191,1.712041884816754,0.059195093296682155,658,It's like...whose butt do I have to sniff to get a promotion around here?
185,21,34,45,80,159,1.7106918238993711,0.06330966247552226,658,"Okay, you open the window and I'll throw the ball."
3265,22,35,54,86,175,1.7085714285714286,0.05903914341416704,658,Wanna go for a w-a-l-k?
2677,23,35,49,85,169,1.7041420118343196,0.060872975787025496,658,I need some fresh air. Do you want to take a W-A-L-K?
4847,24,43,51,101,195,1.7025641025641025,0.05788334453116555,658,All I’m saying is that if they can operate a computer they should be able to pick up their own damn poop.
2807,25,37,53,92,182,1.6978021978021978,0.05840739457546512,658,"You want to yell “Squirrel,” or can I?"
4926,26,31,55,82,168,1.6964285714285714,0.058956161292406294,658,Want to go for a 'W-A-L-K' at lunch?
395,27,39,41,91,171,1.695906432748538,0.062673806353632,658,I've seen his browsing history. He's not such a good boy.
1812,28,31,54,82,167,1.6946107784431137,0.059282056548137216,658,"They're extremely smart, but watch where you step."
5028,29,35,71,98,204,1.6911764705882353,0.05236236060243126,658,"Got a ""good girl"" on my review, so yeah I'm happy."
5445,30,36,49,91,176,1.6875,0.05971047570645296,658,"Yes, you're a good boy, too."
3430,31,37,52,95,184,1.684782608695652,0.05811376164658795,658,Every year here feels like seven.
2910,32,41,62,108,211,1.6824644549763033,0.05368924318472805,658,I can not believe he asked me to walk him home
5261,33,41,51,103,195,1.682051282051282,0.05731852362543466,658,"Management wants me to roll over, and I just won't do it."
2279,34,39,42,95,176,1.6818181818181819,0.06141772507961473,658,"OK, fine, yes, you're a ""good boy"" too.
Don't be so fragile."
1728,35,43,38,102,183,1.6775956284153006,0.06150159240139044,658,You wanna get out of here?  Maybe take a w-a-l-k?
156,36,37,52,97,186,1.6774193548387097,0.057721223549720396,658,I could use a break. Do you wanna go for a W-A-L-K?
3075,37,31,70,94,195,1.676923076923077,0.05259487954775867,658,"Down the hall, second hydrant on your left."
3415,38,28,49,79,156,1.6730769230769231,0.06111959390553868,658,"Yeah, for now. Watch what happens when the UPS guy shows up."
1059,39,38,46,98,182,1.6703296703296704,0.05939707291315665,658,"I don't think you have a clue what it's like for me, being the only woman in this office."
4513,40,35,41,90,166,1.6686746987951808,0.06243714866309654,658,Whose belly do I have to rub to get the password?
5377,41,36,41,92,169,1.668639053254438,0.06208655501433284,658,It's nice and quiet until the UPS truck pulls up.
3209,42,32,51,90,173,1.6647398843930636,0.05870714503392755,658,"No Jack, I don't think yelling ""squirrel"" will be funny."
5442,43,36,48,97,181,1.6629834254143647,0.0587474093182376,658,I’d work hard too if I could retire at age 10.
3871,44,37,44,97,178,1.6629213483146068,0.06009347574230479,658,I don’t know. Why don’t you ask that bitch sitting next to you?
283,45,30,54,88,172,1.6627906976744187,0.05785323223331705,658,The boss rewards loyalty.
3813,46,30,54,90,174,1.6551724137931034,0.05743803437696752,658,"Be nice to Gary, he just got neutered yesterday."
2312,47,29,50,86,165,1.6545454545454545,0.05934761455715757,658,I can get used to everything but the drinking out of the toilet.
5649,47,31,46,88,165,1.6545454545454545,0.0605801866424966,658,"They only have one year of experience. Well,technically seven."
1306,49,37,43,99,179,1.6536312849162011,0.05995341119719578,658,"I said, do you want to go for a W-A-L-K with me at lunch."
5080,50,30,59,94,183,1.650273224043716,0.05523609718144504,658,"Our technical support guy went out on break, got distracted by a squirrel, and never came back."
3394,51,30,51,90,171,1.6491228070175439,0.058341771001455406,658,Every minute seems like seven here.
151,52,37,40,99,176,1.6477272727272727,0.06088073579183238,658,How am I the office bitch?
3315,53,33,51,97,181,1.6464088397790055,0.057407187684531576,658,"Whatever you do, DO NOT use the squirrel emoji."
4717,54,31,40,87,158,1.6455696202531647,0.0629029456111844,658,Whose butt do you have to sniff to get a set of headphones around here?
4035,55,28,53,88,169,1.6449704142011834,0.057752784191383744,658,What are the policies regarding petting?
1612,56,32,61,101,194,1.6443298969072164,0.0538211290094422,658,"Fine, I was wrong. Maybe they can be taught some new things."
1944,57,30,39,85,154,1.6428571428571428,0.06361661241220304,658,Every year I work here  feels like seven!
3693,58,34,45,97,176,1.6420454545454546,0.05933857936604682,658,I'm going for a W.A.L.K. on break.
1023,59,30,34,83,147,1.6394557823129252,0.0661419887198689,658,"Come ON, Brian. The log-in is 'who's a good boy?' Just write it DOWN!"
5487,60,32,51,97,180,1.6388888888888888,0.05722958917943352,658,Whose butt do we have to sniff to get ahead in this company?
2759,61,34,45,98,177,1.6384180790960452,0.059113778309474216,658,Somehow I'm still the lowest paid person here.
5226,62,32,56,100,188,1.6382978723404256,0.05527274281694412,658,No—it’s YOUR turn to walk the new guy.
4009,63,31,51,96,178,1.6348314606741574,0.05725032178401396,658,I miss the days when they just played poker.
3470,64,31,50,96,177,1.6327683615819208,0.05753729265158057,658,I refuse to roll over to get a promotion.
307,65,30,50,94,174,1.632183908045977,0.05776947414116523,658,They might leave if you hit the pound key.
3580,66,31,49,96,176,1.6306818181818181,0.05782708162737898,658,"It's not so much their work ethic, but their constant need to be praised."
2678,67,36,29,96,161,1.6273291925465838,0.06523957031920573,658,Am I the only one who can never hear the lunch whistle?
4875,68,35,36,98,169,1.6272189349112427,0.062106692283368,658,And we keep getting hacked because everyone’s password is “squirrel”.
1273,69,33,43,98,174,1.6264367816091954,0.05954179981609921,658,Should I report the inappropriate sniffing to HR?
2221,70,27,56,93,176,1.625,0.055610542773223026,658,'Don't let them know we're going for a w-a-l-k later.'
2203,71,25,53,87,165,1.6242424242424243,0.05725393388596726,658,"They’re loyal, they’re obedient, they work for scraps... who wouldn’t be worried about job security?"
4359,72,36,55,113,204,1.6225490196078431,0.05381609416751663,658,Would it kill them to hire one cat?
845,73,29,47,93,169,1.621301775147929,0.05867998084942591,658,They're computer Labs.
2904,74,21,53,79,153,1.6209150326797386,0.05791834990071132,658,I legally changed my name to Fluffy. How did YOU get hired?
1689,75,34,45,103,182,1.620879120879121,0.058006220459050795,658,I’m putting in for a transfer.  Every time his girlfriend calls his tail starts hitting me.
1758,76,35,51,109,195,1.6205128205128205,0.05535504051711609,658,"I told Rex to fetch me a spoon, and now I have to meet with HR."
5431,77,34,43,102,179,1.6201117318435754,0.05880177326827965,658,"You can use the one downstairs, but the hydrant is just for executives."
2060,78,31,47,98,176,1.6193181818181819,0.05796727642190305,658,"How did you answer the question ""Who's a good boy?"""
4210,79,29,51,97,177,1.615819209039548,0.056622229344049396,658,"He may be a good boy, but he’s a bad boss."
2438,80,32,53,105,190,1.6157894736842104,0.05508218501538648,658,"I still only make 79 cents on the dollar, but if I say anything then I’M the bitch…"
2156,81,37,51,115,203,1.6157635467980296,0.054551765811514524,658,"I don't care if it is part of the company culture. The next time I get rubbed behind the ears, I'm walking."
1517,82,24,55,89,168,1.6130952380952381,0.055957840890197126,658,"Yes, of course you're a good boy too."
2906,83,34,39,102,175,1.6114285714285714,0.05998827002393436,658,Don’t ask me. They all  have top secret clearances from the White House.
632,84,28,62,103,193,1.61139896373057,0.052427813035235596,658,You wanna go for a W-A-L-K?
191,85,31,35,93,159,1.610062893081761,0.06303621957058766,658,Just be glad its not hump day!
749,86,31,38,95,164,1.6097560975609757,0.061474837963794486,658,If I get sniffed one more time.....
3506,86,27,46,91,164,1.6097560975609757,0.05899058320042143,658,We must be the diversity hires.
4514,88,27,60,100,187,1.6096256684491979,0.05321655223408228,658,Who's leg do you have to hump to get ahead in this place?
1264,89,23,49,84,156,1.608974358974359,0.05864031333575588,658,"They're not that smart.  Yesterday, I asked one to fetch me a latte and he brought back a grande mocha."
4650,90,29,53,101,183,1.6065573770491803,0.0552509467924834,658,And just who am I going complain to David? Human Resources?
4065,91,33,51,109,193,1.6062176165803108,0.054994636568274045,658,"Once the butt sniffing is over, they're actually pretty productive."
5049,92,36,32,104,172,1.6046511627906976,0.062015503875968984,658,We don’t call it Hump Day here.
371,93,30,42,97,169,1.6035502958579881,0.05947723264022063,658,They just keep accepting cookies.
2827,94,29,43,96,168,1.6011904761904763,0.05918602474864776,658,The glass ceiling is gone. Now if they'd only do something about the invisible fence.
5221,95,24,56,93,173,1.6011560693641618,0.05483718485841121,658,I don't care what you think.  When they hump my leg it is workplace harassment.
4855,96,31,48,104,183,1.6010928961748634,0.05638262341187798,658,"I say ""butt sniffer"" one time, and now they are making me do sensitivity training."
3789,97,23,44,83,150,1.6,0.06057147681154877,658,They sent Lady home because she went into heat.  That’s just not right.
5523,97,30,51,104,185,1.6,0.05538032162692595,658,"We thought, instead of a service dog, why not a customer service dog?"
5184,99,30,52,105,187,1.5989304812834224,0.05492264231588427,658,Why can't they just use their name to mark their stuff?
1245,100,29,45,98,172,1.5988372093023255,0.058110627928655435,658,At least they sent us some young dogs.  Teaching the old ones computer programming was impossible.
4711,101,31,54,109,194,1.597938144329897,0.05386587395512302,658,How does someone like me succeed here? This place is run by men. And now they only hire their best friends!
5472,102,32,46,106,184,1.5978260869565217,0.056696688141983934,658,"I've only been working here for a year, but it feels like seven."
1874,103,24,56,94,174,1.5977011494252873,0.05463047458665863,658,I’m a good girl too. Where’s my treat?
450,104,31,46,104,181,1.5966850828729282,0.05692067732155099,658,Let's go for a w-a-l-k.
2265,105,28,40,93,161,1.5962732919254659,0.060650512169022314,658,"I've only worked here a month now, but it feels like seven"
4755,105,24,48,89,161,1.5962732919254659,0.058033831685953184,658,"Bosses hire their best friends,Gil,that's just how this company works."
1615,107,34,43,110,187,1.5935828877005347,0.057026621154047635,658,He licked me. Can I call HR?
843,108,32,44,106,182,1.5934065934065933,0.05723478639114922,658,And I still on get 82 cents for every dollar THEY make
1584,109,26,41,90,157,1.5923566878980893,0.06058901235770952,658,How is sniffing my crotch not harassment?
3800,110,33,56,117,206,1.5922330097087378,0.05235346199257463,658,Nothing seems to matter to this company except loyalty.
3369,111,32,52,112,196,1.5918367346938775,0.05397514273116431,658,"Now every staff meeting is ""good boy this,"" and ""good boy that."""
3782,112,24,56,96,176,1.5909090909090908,0.054219807130254816,658,"On the upside, I have the bathroom all to myself."""
2058,113,30,41,100,171,1.590643274853801,0.05904439953051454,658,I never hear the whistle when it’s time to go home.
4678,113,30,41,100,171,1.590643274853801,0.05904439953051454,658,It’s weird everyone acts like my best friend around here.
3474,115,25,38,86,149,1.5906040268456376,0.06245870961045216,658,My last name is Pomeranian. How did you get the job?
2515,116,23,52,91,166,1.5903614457831325,0.05608128531634113,658,"Don’t worry. On the Internet, no one knows you’re a person."
3808,117,26,53,99,178,1.5898876404494382,0.05492959250786136,658,"Ok. I get called out for the length of my skirt, but Mark doesn’t have to wear pants?"
3109,118,28,43,97,168,1.5892857142857142,0.05869648892159983,658,It’s not so bad. We all get to go outside for our breaks now.
4745,119,31,44,105,180,1.5888888888888888,0.05724314551810989,658,Why do we have to work seven hours for every hour they work?
3135,120,30,53,109,192,1.5885416666666667,0.05388859816188228,658,"I'm tired of sitting, can we go o-u-t-s-i-d-e ?"
1750,121,27,56,104,187,1.588235294117647,0.053429915221532516,658,They love overtime.  You just have to ask them to stay.
3184,122,25,64,105,194,1.5876288659793814,0.050901364569901277,658,I had to literally beg to get this job.
2942,123,27,40,93,160,1.5875,0.060388873459734684,658,Do they even vet these new employees anymore?
3114,124,24,43,88,155,1.5870967741935484,0.05987495472329263,658,Goodboy...the password is Goodboy
5634,124,22,47,86,155,1.5870967741935484,0.058458838869700394,658,I’m talking to HR about the crotch sniffing.
1919,126,28,42,97,167,1.5868263473053892,0.05899716792932129,658,If the manager humps my leg one more time I'm filing a sexual harassment claim.
419,127,29,47,103,179,1.5865921787709498,0.05641559973044824,658,"They're taking over the place, I tell you. I hear there's a fire hydrant in the men's room."
372,128,26,43,93,162,1.5864197530864197,0.059161809939045885,658,They were much more fun when they just played poker
1230,129,30,39,100,169,1.5857988165680474,0.05964518844973499,658,"I'm not crazy about the cats over in accounting either, but at least they use a box."
5388,130,23,57,96,176,1.5852272727272727,0.05367095241759776,658,They'll reach their full retirement age in six or seven years. We've still got 42 to go!
3173,131,30,57,113,200,1.585,0.05222559298671553,658,"The next time I hear ' Who's a good girl! There's a good girl!"" I'm going to clobber somebody...."
1872,132,26,48,97,171,1.5847953216374269,0.05671929439741291,658,Do you have any idea what pronouns we’re supposed to use here?
2665,133,27,50,101,178,1.5842696629213484,0.05555418846068485,658,"You scratch one good boy's belly and suddenly you're in all day harassment training."""
4082,134,26,53,101,180,1.5833333333333333,0.05451382093445653,658,I find it really hard to believe that no cats applied.
4653,134,27,44,97,168,1.5833333333333333,0.05813900990693635,658,"Check your texts! I can’t just say, ‘Do you wanna go for a walk?’ out loud or they’ll all come!"
1940,136,25,42,91,158,1.5822784810126582,0.05970660472831562,658,"Just when I mastered Pekingese, I get a caller who speaks Pomeranian."
2634,137,32,46,111,189,1.582010582010582,0.0556345696077492,658,Can you believe they're putting in a gender neutral fire hydrant?
971,138,35,33,109,177,1.5819209039548023,0.060244256208859336,658,I still don't think you should have called her a bitch.
1902,138,27,49,101,177,1.5819209039548023,0.055818990702595814,658,"The guy next to me asked for a belly rub,is that appropriate?"
1275,140,32,57,119,208,1.5817307692307692,0.0515935616069591,658,"“Where will it all end? Today, it’s no-leash Friday. Next thing you know, they’ll replace the drinking fountain with a toilet bowl"
5215,141,29,42,101,172,1.5813953488372092,0.058268590613848474,658,It’s worse in Accounting. They’re cats.
2614,142,30,44,105,179,1.5810055865921788,0.05701535500192051,658,"It's sunny, how about a w..a..l...k  at lunch?"
2597,142,27,50,102,179,1.5810055865921788,0.05533930438740077,658,I can't get paid as much as a man and now I have to compete with his best friend too?!?
1747,144,28,41,98,167,1.5808383233532934,0.05904840299579811,658,"How do they know JavaScript, but I have to spell w-a-l-k to avoid a rush for the door?"
4601,145,23,59,99,181,1.580110497237569,0.052584638369499614,658,How do I tell him he’s such a good boy without being condescending?
1579,146,32,45,111,188,1.5797872340425532,0.05588660832764459,658,"Should we break it to them that they don't really get cookies when they press ""accept""?"
4141,147,26,54,103,183,1.5792349726775956,0.0538554651266418,658,"Not only are they loyal, obedient, and trustworthy, they work for belly-rubs. How do we compete with that?"
507,148,24,48,94,166,1.5783132530120483,0.05683701636917324,658,Asking me to scratch him behind his ears is no way for a supervisor to act.
230,149,29,31,94,154,1.577922077922078,0.06368588799242375,658,"I keep getting emails that just say, ""who's a good boy?"""
2284,150,28,48,104,180,1.5777777777777777,0.05568575680177954,658,I’m sick of the boss giving jobs to his best friends.
2452,151,21,59,95,175,1.5771428571428572,0.05274363172279101,658,"I don't care if he's your best friend. 
You have to tell him about his breath!"
5592,152,29,51,109,189,1.5767195767195767,0.05413696250912341,658,We've both been here for a year and he acts like he's got 7 times as much experience as me.
3956,153,27,54,107,188,1.574468085106383,0.05332217419845293,658,"I got the raise, but I had to roll over and beg for it."
4318,154,30,41,105,176,1.5738636363636365,0.057839840650453854,658,"Eric, the dress code requires a shirt with  a collar or a collar."
3041,154,27,47,102,176,1.5738636363636365,0.05613057964839397,658,"I have a cat on the line, what do I say?"
5173,156,32,41,110,183,1.5737704918032787,0.05714280792214711,658,But she IS a bitch.
3694,157,21,52,91,164,1.5731707317073171,0.0554260467327724,658,"No, Dave, it doesn't mean you can say ""bitch"" in the office now."
1413,158,28,57,113,198,1.5707070707070707,0.051762283320187195,658,Don’t let them order lunch again.
2962,159,26,53,105,184,1.5706521739130435,0.05369499808667017,658,Everyone is getting dewormed at lunch. You in?
4063,160,26,49,102,177,1.5706214689265536,0.05532948410848329,658,Code faster or we'll have to wear the cones again.
3626,161,26,50,103,179,1.5698324022346368,0.05485559330991973,658,"All I'm saying is that we should get walk breaks, too."
2926,162,26,42,97,165,1.5696969696969696,0.05845020016900017,658,They get to work naked AND eat at their stations? How is that fair?
3861,162,23,48,94,165,1.5696969696969696,0.056521645497756116,658,Does the men’s room also have a tree in it?
1334,164,30,36,103,169,1.5680473372781065,0.05978130509298117,658,This is not what I thought they meant by 'white-collar workers'.
2521,165,28,41,102,171,1.567251461988304,0.058054873685940936,658,They call it telebarketing.
1566,166,20,45,85,150,1.5666666666666667,0.05863218429368353,658,I think these are the computer labs.
5596,167,20,46,86,152,1.5657894736842106,0.058049398915906034,658,Do you think we are next? HR was interviewing a pair of golden retrievers this morning.
4974,168,25,41,95,161,1.565217391304348,0.05896533399393642,658,We can't compete. They work for treats.
1712,169,30,40,107,177,1.5649717514124293,0.05764121603652766,658,"We're invited for drinks after work, but the place is a toilet"
1137,170,24,57,105,186,1.564516129032258,0.05218999516961006,658,"No, you get the ball!"
5456,171,23,42,91,156,1.564102564102564,0.05906599131465074,658,But it's easier for you. You're their best friend.
4873,172,25,52,104,181,1.5635359116022098,0.05386228745913704,658,"Every time I throw Frank a new lead, he just brings it right back to me."
446,173,24,46,97,167,1.562874251497006,0.05668938715190325,658,Frank didn't make his numbers last month so they had to put him down.
2956,174,26,51,106,183,1.5628415300546448,0.053974146617651056,658,How do you get a raise or promotion around here when your coworkers settle for a pat on the head?
1122,175,31,37,108,176,1.5625,0.058474242303658906,658,They won the company in a poker game!
1561,176,22,51,96,169,1.5621301775147929,0.05490765356854586,658,"I don't care if he went to Bard, if he licks my face again I'm going to HR."
1253,177,24,53,103,180,1.5611111111111111,0.05353076172822064,658,I can't work in this environment! I'm going for a w-a-l-k.
92,178,33,36,113,182,1.5604395604395604,0.058004782721992935,658,It’s mostly just Google searches for “Who’s a good boy?”
2120,179,28,42,105,175,1.56,0.057054118289507405,658,Yeah on the job application I lied too.  Said I was a Rottweiler.
40,180,21,52,95,168,1.5595238095238095,0.054523351921805595,658,Why are we whispering? They don’t speak English.
3944,180,25,44,99,168,1.5595238095238095,0.05707836632655064,658,When they advertised a 'living wag' I thought it was a typo.
4571,180,25,44,99,168,1.5595238095238095,0.05707836632655064,658,"C'mon, just yell ""Squirrel!"""
3847,183,26,47,104,177,1.5593220338983051,0.05540482251679204,658,We all started on the same day. It’s my first anniversary but their seventh? Not very fair.
5651,184,27,50,109,186,1.5591397849462365,0.05386796001443862,658,Dogs will do jobs that millennials won’t do.
3222,185,23,44,94,161,1.5590062111801242,0.05767541464721192,658,When did Rex start wearing glasses?
4103,186,29,48,113,190,1.5578947368421052,0.05403855949093816,658,All they do is cruise the web and mark their territory.
3848,186,28,50,112,190,1.5578947368421052,0.05352075409893591,658,Their 4 years of experience is like 28 of ours.
562,188,34,43,122,199,1.5577889447236182,0.05451202168316963,658,"I know, they sniffed mine too!"
1000,189,31,30,104,165,1.5575757575757576,0.06160666973202209,658,...and when you make a mistake they rub your nose in it.
4344,189,32,28,105,165,1.5575757575757576,0.06220363000241897,658,"Except for when they're taking a drink, I never have to wait for a stall anymore."
802,191,31,40,112,183,1.5573770491803278,0.056719169794438785,658,I think they're all computer labs.
1071,191,24,54,105,183,1.5573770491803278,0.05288401969906044,658,"Maybe we'd get promoted if we pretended to be everyone's best friend, too."
534,193,32,53,125,210,1.5571428571428572,0.05136866463525092,658,If he licks me again I'm reporting him to Inhuman Resources.
2251,194,25,49,104,178,1.5561797752808988,0.05460400376733433,658,I think he has a leg up on you.
3203,194,23,53,102,178,1.5561797752808988,0.05342880574451798,658,I found out who’s NOT a good boy.
4134,196,31,33,107,171,1.5555555555555556,0.05987667127286171,658,Them?  They're computer labs.
4566,196,29,47,113,189,1.5555555555555556,0.054274317381813396,658,Now we know who's posting all the cat videos.
4226,198,28,45,109,182,1.554945054945055,0.05535786880685006,658,There's only a fire hydrant in the ladies room!
813,199,27,63,121,211,1.5545023696682465,0.04893891539054723,658,I think it’s time to mark OUR territory.
921,200,31,36,110,177,1.5536723163841808,0.0582608636148299,658,I typed in WOW and Spellcheck changed it to BOW-WOW.
3405,201,26,42,102,170,1.5529411764705883,0.057207169698747895,658,"The pay is fine, I just hate going potty outside."
2488,202,26,48,107,181,1.5524861878453038,0.05449454701389986,658,He flat out asked me for a tummy rub and HR just laughed .
5298,202,26,48,107,181,1.5524861878453038,0.05449454701389986,658,"I thought the new hires were for emotional support, not tech support..."
675,204,28,39,105,172,1.552325581395349,0.057878852549099864,658,"Seriously, he just asked me if I needed to go for a walk!"
547,205,21,64,107,192,1.5520833333333333,0.049396214450462377,658,It’s just that every time I make a little mistake they really rub my nose in it
524,206,24,43,98,165,1.5515151515151515,0.057289129777749644,658,"I’m just saying, wouldn’t it be nice to get the occasional ‘Who’s a good boy?’ like the other interns?"
5564,207,27,54,115,196,1.5510204081632653,0.05178392593056249,658,Remember when we worried that immigrants would take our jobs.
2687,208,29,51,118,198,1.5505050505050506,0.05237402254531858,658,I think we were the diversity hires.
5426,209,21,46,93,160,1.55,0.05663521139548542,658,"Seriously, this place hires them right out of obedience school."
2117,209,21,46,93,160,1.55,0.05663521139548542,658,"A caller just has to say ""Good boy"" and they get a complete refund."
3661,211,32,41,118,191,1.549738219895288,0.055374544955386434,658,Diversity?!  It's three more white males.
3959,211,28,49,114,191,1.549738219895288,0.053346919546006386,658,The worst part is that there's only one restroom and it's outdoors!
3895,213,24,46,101,171,1.5497076023391814,0.055742628563343784,658,"No, I don’t want to go on a W-A-L-K, John."
3253,214,25,50,107,182,1.5494505494505495,0.05371707743539876,658,At least we don't have to work with that bitch in accounting!
4022,214,26,48,108,182,1.5494505494505495,0.05427925180117828,658,The new guy just licked my shoe. I'm reporting him.
219,216,24,58,111,193,1.549222797927461,0.05084093758235845,658,"I'm willing to sit up, but I'm not begging."
2941,217,24,47,102,173,1.5491329479768785,0.05525009738084364,658,They're just playing poker.
389,218,23,50,102,175,1.5485714285714285,0.054165453170333104,658,They've spent all morning trying to figure out who's a good boy.
249,219,26,39,101,166,1.5481927710843373,0.05830590535419336,658,All he does is watch cat videos all day. How did he get a Good Boy on his performance evaluation?
4738,220,23,40,94,157,1.5477707006369428,0.058873592897002204,658,"I sweated through Harvard to get an MBA.
Whose face did they lick to get in here?"
517,221,19,54,95,168,1.5476190476190477,0.053271584278889436,658,It's just such a good boys' club.
5594,221,25,65,120,210,1.5476190476190477,0.048213424265670005,658,When did this job go from being white-collar to just collar?
1904,223,26,41,103,170,1.5470588235294118,0.05723758334481859,658,Our new health plan only covers veterinarians!
2454,224,18,52,91,161,1.546583850931677,0.05428123693462277,658,"Do I have to give him a treat every time he makes a sale?"""
3722,224,22,44,95,161,1.546583850931677,0.05707023470570132,658,"Just because they're service animals, it doesn't make them customer service animals."
250,226,21,55,102,178,1.5449438202247192,0.05228859017191044,658,"He just kept asking, ""Who's a good girl?"" I told him he's barking up the wrong tree."
5249,227,23,52,105,180,1.5444444444444445,0.053040526663966595,658,And thanks to that whole 'dog years' thing they're making seven times as much!
663,228,20,59,103,182,1.543956043956044,0.050840889598214825,658,I got a “good boy” for my performance review.
1327,228,28,43,111,182,1.543956043956044,0.05541207628575719,658,I am sick and tired of our CEO's pet projects!
5054,230,22,49,100,171,1.543859649122807,0.05452394361785375,658,I heard they also get paid seven times what we make.
5025,231,20,48,94,162,1.5432098765432098,0.05545108564742869,658,Should I report him if he tries to hump my leg again?
2631,232,22,45,97,164,1.5426829268292683,0.05628972220825862,658,"If one more of them sniffs my butt, I'm leaving."
4230,232,17,55,92,164,1.5426829268292683,0.05286255130852787,658,Do you believe I got barked at for being 5 minutes late!!
2663,234,31,34,112,177,1.5423728813559323,0.05831375874609961,658,Which one is the computer lab?
1702,235,20,50,96,166,1.5421686746987953,0.05444962410732783,658,All they do is watch people videos all day.
2961,236,27,33,101,161,1.5403726708074534,0.06040352711969453,658,I can’t work with these bitches.
4672,236,21,45,95,161,1.5403726708074534,0.05641584510740669,658,Licking yourself is fine for the interns but you try that again I'll file a complaint.
3454,238,18,52,93,163,1.539877300613497,0.05382118866571747,658,"Honestly, he sniffs me less than the last IT guy."
690,239,23,49,104,176,1.5397727272727273,0.05397257327457693,658,This perv next to me says he wants a tummy rub.
1287,239,26,43,107,176,1.5397727272727273,0.05574803907479411,658,I’m reporting him to HR. He totally sniffed my butt.
2820,239,21,53,102,176,1.5397727272727273,0.05275574410440484,658,"And get this, their benefit package includes belly rubs."
4217,242,25,54,114,193,1.538860103626943,0.051415244266811766,658,"All I’m saying is they don’t have thumbs, so we have SOME job security."
290,243,31,36,115,182,1.5384615384615385,0.057053820220557855,658,I don’t care if it’s just dogs doing it.  Porn is porn.
1391,243,21,42,93,156,1.5384615384615385,0.05779560644591621,658,Care to join me for a w-a-l-k break?
4898,243,23,45,101,169,1.5384615384615385,0.05567283572736507,658,"If they ask me to fetch something one more time, I'm gonna to lose it."
1310,246,25,50,111,186,1.5376344086021505,0.05288441529948945,658,"I can't compete, Mark. They're working for scraps."
1117,247,19,55,99,173,1.5375722543352601,0.05217599381693086,658,"When corporate said they were bringing in the big dogs, I didn't think they meant literally."
3679,247,25,43,105,173,1.5375722543352601,0.05590719400523103,658,Management loves them because they get so excited about greeting new customers.
4178,249,32,44,125,201,1.537313432835821,0.05324545369930712,658,Did you remember to w-a-l-k the CEO?
4961,250,28,38,109,175,1.5371428571428571,0.0571658410263389,658,"We shouldn't have eaten those weed cookies at lunch, Tim."
1497,251,16,48,85,149,1.5369127516778522,0.05595621776881711,658,"You're supposed to be their boss, John, not their best friend."
5626,252,21,60,109,190,1.5368421052631578,0.04985138181729557,658,How will we ever get promoted if they keep hiring their best friends?
4231,253,32,46,127,205,1.5365853658536586,0.05243374123954308,658,"I thought it was strange, too, at first, but then I saw that they're just playing online poker."
3362,253,22,44,98,164,1.5365853658536586,0.05631605563499038,658,And when did it become acceptable to openly sniff your coworkers?
3807,255,30,43,119,192,1.5364583333333333,0.05420393862983761,658,"Technically you’re right, but you still can’t call her THAT."
1486,256,26,44,109,179,1.5363128491620113,0.055037483155982815,658,"Since Trump's ban on immigration, we've had to take what we can get."
1751,257,27,35,104,166,1.536144578313253,0.058980981746190445,658,I don’t care!  You still can’t call her a bitch!
4024,258,22,46,100,168,1.5357142857142858,0.055296113695488876,658,... And then Tim in accounting had the nerve to try and sniff my butt!
4223,259,21,57,107,185,1.5351351351351352,0.05085104789791022,658,"You know, an occasional pat on the head would be nice."
2112,260,27,53,120,200,1.535,0.05105790387137621,658,All I said was 'doggone it' and they got all upset.
5566,261,29,34,109,172,1.5348837209302326,0.05853935689841309,658,Did you hear that they start collecting their pensions after only eight years?
2010,262,19,39,86,144,1.5347222222222223,0.05987651956831044,658,The small talk is brutal. He asked me if I've ever been wormed.
4462,263,21,43,95,159,1.5345911949685536,0.05697847653963454,658,I'm about to W-A-L-K out of here.
1941,264,27,41,110,178,1.5337078651685394,0.055856685377587624,658,It’s the ASPCA. What do I say?
1119,264,31,33,114,178,1.5337078651685394,0.05808518907299915,658,"Every email I get here literally says, ""Who's a good boy?!"
777,266,26,38,105,169,1.532544378698225,0.05756120816281932,658,"...so then Max says, I haven't had fleas since the 80s, and Duke just hauls off and bites him. Just stay away from Daisy! he says. And the whole time, Daisy just sits there wagging her tail."
4393,266,18,54,97,169,1.532544378698225,0.05243809359698283,658,...and he’s been sniffing my hair inappropriately.
2132,268,24,51,111,186,1.532258064516129,0.052351407911200395,658,We haven’t had a break in hours. You open the door and I’ll pretend to throw a ball down the hall.
2179,269,18,56,99,173,1.5317919075144508,0.05155048102575549,658,"He asked me if I would like to throw the ball after work, what exactly does that mean?"
3435,270,23,38,97,158,1.5316455696202531,0.05865465150237088,658,And I only make 77% of what a beagle does!
5532,271,29,44,119,192,1.53125,0.05371569382894822,658,I heard they play poker every night after we leave.
83,272,23,48,106,177,1.5310734463276836,0.05377359136521119,658,They claim they’re service dogs.
3311,273,27,32,103,162,1.5308641975308641,0.06014375814456751,658,"Remember, Bring a small plastic bag when you walk the boss"
3331,273,26,34,102,162,1.5308641975308641,0.059502860499733155,658,Did you know they make seven dollars for every dollar we make?
2989,273,23,40,99,162,1.5308641975308641,0.057537350472072715,658,I heard their owners paid someone off to get them into this school.
2861,276,21,54,106,181,1.5303867403314917,0.05170003465005578,658,"If Bob says 'throw me a bone' one more time, I'm calling the pound."
4893,277,20,40,91,151,1.5298013245033113,0.05853845136942065,658,They are great workers until they hear “outside “ or “walk.”
4997,278,27,53,122,202,1.5297029702970297,0.050689007229128405,658,Apparently it IS possible to teach an old dog new tricks.
2142,279,22,46,102,170,1.5294117647058822,0.05482400445560529,658,"They're amazing, unless someone mentions a W-A-L-K."
3536,279,23,44,103,170,1.5294117647058822,0.05545525321213948,658,"You know, just because I don't hear as well as they do, I should still get a treat once in a while, too."
4319,281,20,52,102,174,1.528735632183908,0.05262251440805309,658,Do you think one of them could retrieve my password?
1670,282,30,43,122,195,1.528205128205128,0.053577998755992305,658,"On the Internet, nobody knows you're NOT a dog either."
5004,283,21,52,105,178,1.5280898876404494,0.052355046831886715,658,"Don't worry, they burnout seven times faster."
3543,284,24,47,109,180,1.5277777777777777,0.05368514987329743,658,"All I said was ‘doggone it,’ and he reported me to HR!"
2546,285,25,47,112,184,1.5271739130434783,0.053357271380815065,658,They're learning how to use the Command key.
4007,285,25,47,112,184,1.5271739130434783,0.053357271380815065,658,Do they have to go crazy every time an email is delivered?
5313,287,25,38,104,167,1.526946107784431,0.05749149255450706,658,I'm not going to be the one to roll over this time.
168,288,24,50,112,186,1.5268817204301075,0.05236782018056044,658,Joe... Be a good boy and fetch me a cup of coffee.
4,289,27,45,116,188,1.5265957446808511,0.053564230468271336,658,They're telebarketers.
4759,290,22,46,103,171,1.5263157894736843,0.05459031484585589,658,Is it really true they put a fire hydrant in the Men's Room?
1208,291,25,41,107,173,1.5260115606936415,0.0559454021507277,658,"Calm down!  On the internet, nobody knows you're a human."
1953,291,27,37,109,173,1.5260115606936415,0.057134181468347166,658,Who do you think uploads all the pet videos?
3347,291,23,45,105,173,1.5260115606936415,0.05473080806598117,658,It wouldn't be so bad if we didn't have to constantly tell them what good boys they are.
2049,294,23,46,106,175,1.5257142857142858,0.05425545782002596,658,"Of course we look like slackers, they're working like dogs!"
3503,295,21,40,95,156,1.5256410256410255,0.057841457787079394,658,I think it's your turn to take them out.
4148,296,27,49,120,196,1.5255102040816326,0.05188050538320881,658,You basically just have to tell them who’s a good boy.
3132,297,25,45,111,181,1.5248618784530388,0.054038308475584565,658,"Really, it's the hydrant in the bathroom that gets me."
175,297,25,45,111,181,1.5248618784530388,0.054038308475584565,658,Just a heads up. These guys are very territorial and have marked their computers.
1456,299,28,40,115,183,1.5245901639344261,0.05524203750486723,658,"If you want to get ahead John, You've got to learn to play ball."
2628,300,21,55,109,185,1.5243243243243243,0.050885386679985996,658,They keep best-friending me.
3056,300,24,49,112,185,1.5243243243243243,0.05258883719301252,658,At least they finally got the lab fixed.
3739,300,29,39,117,185,1.5243243243243243,0.05531146201480887,658,We tried cats but they would eat the mouse.
667,303,19,49,98,166,1.5240963855421688,0.05384236401528051,658,I thought it was a joke too but the one in the glasses just IM'd me about taking a walk at lunch.
2588,303,21,45,100,166,1.5240963855421688,0.05518187078207427,658,The dogs are playing online poker again.
322,305,23,42,103,168,1.5238095238095237,0.05597489976325026,658,"Should I hit pound?"""
1571,306,21,47,102,170,1.5235294117647058,0.054202403400468245,658,All they do is watch cat videos all day.
2800,307,25,40,107,172,1.5232558139534884,0.056203308966704224,658,You sure these new hires have been vetted?
4159,308,26,39,109,174,1.5229885057471264,0.056298240884445,658,And she says I'm a bitch!?
742,309,21,50,105,176,1.5227272727272727,0.052813409266464786,658,"They're bright, obedient and tech savvy, but wait until they spot that tennis ball."
605,309,30,32,114,176,1.5227272727272727,0.05808331759432043,658,Of course they're making us look like fools....they can hear things we can't.
4340,311,18,68,113,199,1.5226130653266332,0.04662298669466926,658,It would be cute if they weren't out performing us.
3320,312,29,35,114,178,1.5224719101123596,0.05701311722817916,658,The bus broke down so I had to W - A - L - K to work.
95,313,22,50,108,180,1.5222222222222221,0.05253094949853468,658,I feel like you’re the only one in class I can talk to.
1767,313,20,54,106,180,1.5222222222222221,0.05133570066100222,658,I can't hear it either.
3451,315,29,39,118,186,1.521505376344086,0.055085460669544443,658,The boss never calls me a good girl when I do anything well...”
4775,315,27,43,116,186,1.521505376344086,0.05402002128507844,658,Ever since I was labeled his ‘emotional support companion’  I’ve had to come to work with him every day.
5575,317,31,36,121,188,1.5212765957446808,0.05566009047072178,658,"They're not just computer labs. I saw a computer spaniel, too."
1351,318,27,32,106,165,1.5212121212121212,0.05930608764388736,658,"...I know it’s just how they greet everyone, but it makes me uncomfortable!"
3812,318,22,42,101,165,1.5212121212121212,0.05610403623258753,658,"No different than anyone else, all they do is watch cat videos."
340,318,20,46,99,165,1.5212121212121212,0.054770824547131954,658,"But on the Internet, no one knows we’re not dogs!"
385,321,22,43,102,167,1.5209580838323353,0.05559285148497671,658,Of course you're a good boy as well Bob.
4555,322,22,44,103,169,1.5207100591715976,0.05509332574708528,658,You have to beg to get anything around here.
5345,323,20,49,102,171,1.5204678362573099,0.05333022519745499,658,"Oh, but it's totally ok for THEM to watch cat videos at work?"
522,324,25,40,108,173,1.5202312138728324,0.055959289553734394,658,Why am I the only one who's not a 'good boy'? I work hard too.
1657,325,27,37,111,175,1.52,0.056638165342805864,658,"Excuse me, do you speak Spanish?  I have a Chihuahua on the phone."
5392,325,28,35,112,175,1.52,0.0572150611149792,658,Maybe they hired us because our first names are Scotty and Buffy.
160,327,28,36,113,177,1.5197740112994351,0.056708643784985115,658,I'm going out for an awk-way and an ack-snay
5318,328,19,55,105,179,1.5195530726256983,0.050941042157487876,658,"No matter what I do,
 I simply cannot retrieve data as fast as these guys."
3323,329,20,54,107,181,1.5193370165745856,0.051132755044976136,658,And you didn't think it was suspicious that all the applicants listed their years of experience in multiples of 7?
5256,330,26,43,114,183,1.5191256830601092,0.054156225668312324,658,They can code in seven languages but they can't read the sign about picking up their poop?!
2330,330,23,49,111,183,1.5191256830601092,0.05246664709609185,658,I kid you not. Nuggets just submitted a request for a standing desk.
379,332,20,43,97,160,1.51875,0.05605749729647815,658,Rumor is every year they get paid for seven.
3595,332,17,49,94,160,1.51875,0.053912836565523814,658,They're all using some search engine called 'Fetch.'
4081,332,17,49,94,160,1.51875,0.053912836565523814,658,"His password is ""imagoodboy"""
1143,335,27,43,117,187,1.518716577540107,0.05380269326117945,658,"I'm not saying it's favoritism, but when was the last time management threw us a bone?"
3384,336,15,54,93,162,1.5185185185185186,0.05197002538235514,658,I'm still being paid 20% less than the dogs for the same work.
3632,337,24,39,105,168,1.5178571428571428,0.05662120210595801,658,"... which would be FINE, except they’re reading Breitbart."
4591,338,23,44,107,174,1.5172413793103448,0.054511522403508005,658,"It's not fair, they will code all night for a pat on the head."
4971,339,17,57,102,176,1.5170454545454546,0.0503071293249863,658,"They'll have to stop calling it Human Resources"""
4422,340,25,42,111,178,1.5168539325842696,0.05475238670137432,658,"If he refers to me once more as his little bitch, I’m outta here!"
2955,341,21,35,93,149,1.516778523489933,0.059932263328738085,658,"Not to generalize, but I find them loyal and engaged."
5044,342,22,50,110,182,1.5164835164835164,0.05210945426157968,658,"HR said ""butt-sniffing"" isn't technically harassment."
3271,343,22,53,113,188,1.5159574468085106,0.05086355413732354,658,I heard the reason they switched to canines is because the felines struggled with the mouse...
1605,344,14,54,91,159,1.5157232704402517,0.051916035405860234,658,"So I tell him to keep his paws to himself, or else!"
401,345,25,49,118,192,1.515625,0.051682302055615595,658,Happy now? They're getting HR involved. I told you to stop telling them to ‘sit’.
4450,346,24,37,104,165,1.5151515151515151,0.05741799680146738,658,And they say I’m the office bitch!
33,347,25,36,106,167,1.5149700598802396,0.05751778640109303,658,"On the internet, nobody knows you’re a human"
2324,348,24,39,106,169,1.514792899408284,0.056368517406087726,658,Remind me again – why are our shifts seven times longer than everyone else’s?
5263,348,24,39,106,169,1.514792899408284,0.056368517406087726,658,"Dave, what ever you do don't press Ctrl + K9"
665,350,24,47,114,185,1.5135135135135136,0.05260996993937202,658,On the Internet nobody knows we're not dogs.
3175,351,27,47,123,197,1.5126903553299493,0.05170316721481753,658,Look. I've had some bad experiences dating coworkers.
2417,352,17,49,96,162,1.5123456790123457,0.05343621770723169,658,They say they've decided to teach themselves new tricks.
829,353,22,43,105,170,1.511764705882353,0.054863203796462964,658,And I thought we would be losing our jobs to AI.
2074,353,23,41,106,170,1.511764705882353,0.0554940066591565,658,"Well if you didn’t eat my lunch, then who did?!"
4114,355,27,36,113,176,1.5113636363636365,0.056401066331701666,658,I did try to complain about sexual harassment to the HR guy but he just licked my face and humped my leg.
2599,356,21,49,108,178,1.5112359550561798,0.0523907962705569,658,"Rover has a good offer from a competitor, but I told him to stay"
126,357,24,45,113,182,1.510989010989011,0.053269641690383146,658,"Don't say stray. They're private contractors."""
4625,358,21,54,113,188,1.5106382978723405,0.05030873038158589,658,"Now I understand why ""Are you housebroken?""  is one of the questions in the job application."
4152,359,24,49,117,190,1.5105263157894737,0.05156394169051468,658,They're such brown-nosers.
1536,360,24,50,118,192,1.5104166666666667,0.05115889901019026,658,"I can't even say I'm ""dog-tired""?! Everyone's so sensitive these days."
4662,360,23,52,117,192,1.5104166666666667,0.050623072073115415,658,"Well, to be fair, you should have labeled your lunch."
2375,362,31,40,129,200,1.51,0.05304307531804675,658,"Did you just call me ""bitch?"""
550,363,20,38,95,153,1.5098039215686274,0.058000782187251146,658,"Luna's great, but I swear Roscoe only got the job because his owner's on the board."
4580,364,20,44,101,165,1.509090909090909,0.05479126676205906,658,"I thought we'd be safe from layoffs, but in dog years they have seniority."
4802,365,19,47,101,167,1.5089820359281436,0.05363105967168081,658,Anyway they're better colleagues than the cats were.
1295,365,19,47,101,167,1.5089820359281436,0.05363105967168081,658,I asked. All they say is “This is where we do our business” and then giggle.
3049,367,27,33,111,171,1.5087719298245614,0.0576864000146922,658,The great thing about the internet is they don’t know you’re a human.
4362,367,20,47,104,171,1.5087719298245614,0.05334908246094077,658,And we were afraid they'd replace us with robots...
5539,369,23,43,109,175,1.5085714285714287,0.05428657850837449,658,What frosts me is that I'm earning only 77% of what they do.
3898,369,21,47,107,175,1.5085714285714287,0.053062884544305806,658,How am I supposed to know who's a good boy?
2277,371,20,50,107,177,1.5084745762711864,0.05200070378249679,658,The boss says this is one of his pet projects.
1084,372,21,49,109,179,1.5083798882681565,0.05217551671844794,658,What makes you think we’re being replaced?
2751,372,20,51,108,179,1.5083798882681565,0.05157047455859956,658,"I know, but with the new office snacks, my hair is now strong and shiny"
479,374,18,56,107,181,1.5082872928176796,0.04993475456377849,658,Just tell him he's going for a car ride.
4182,374,22,48,111,181,1.5082872928176796,0.052335734734165446,658,How much 'emotional support' does everyone need around here?
587,376,23,47,113,183,1.5081967213114753,0.05248228031568019,658,"You see the one with the glasses, he gave me an unwanted lick on my face."
3967,377,27,41,119,187,1.5080213903743316,0.0538169793115258,658,They've blocked all the cat videos.
167,378,26,44,119,189,1.507936507936508,0.052848100620775995,658,On the internet no one knows I'm a human.
962,379,22,35,99,156,1.5064102564102564,0.05858603767738283,658,I'm not hearing it either!
2544,380,18,47,99,164,1.5060975609756098,0.05366763284481865,658,I want to know why we just get a coffee break but 'they' get to go for a ride in the car!?
3663,380,20,43,101,164,1.5060975609756098,0.05504405702108748,658,What do you say if someone wants to speak to a real person?
2444,382,18,49,101,168,1.505952380952381,0.052725153551660506,658,They must be really good at retrieving files.
1865,383,24,38,108,170,1.5058823529411764,0.05612319179624852,658,"Don't worry.  On the internet, no one knows you're human."
3387,384,24,39,109,172,1.505813953488372,0.055621736536724496,658,Someone marked the new copier as their territory.
3327,385,20,49,107,176,1.5056818181818181,0.05222153054685811,658,I assumed the training would be on paper.
1991,386,21,49,110,180,1.5055555555555555,0.05196165696025063,658,"We're in trouble Matt, I just saw a poodle and a yorkie in the HR waiting room."
4131,387,22,48,112,182,1.5054945054945055,0.052122255994793726,658,We've had a hard time staffing ever since men have been held accountable for their actions
5337,387,24,44,114,182,1.5054945054945055,0.05327433815428388,658,All they do is watch funny human videos
2721,389,17,61,110,188,1.5053191489361701,0.04799859459196886,658,Guess who's watching people videos again.
1267,390,29,38,123,190,1.5052631578947369,0.05420104926177944,658,Who’s a good coworker? Who’s a good coworker?
1501,391,20,57,115,192,1.5052083333333333,0.048984782688749284,658,I'm quitting. The boss has been pawing me in the break room.
463,392,31,38,129,198,1.505050505050505,0.05346405431889206,658,YOU were the one who wanted to work at White House!
693,393,19,38,94,151,1.5033112582781456,0.05782990372392057,658,I liked it better when they just played poker
3146,394,18,47,100,165,1.503030303030303,0.05342949739366838,658,Can you believe the nepotism? The boss hired all his best friends.
2320,395,25,34,108,167,1.5029940119760479,0.0575290515136021,658,The owners think I take them to the park...
4045,396,19,48,104,171,1.5029239766081872,0.05270415055555353,658,I heard the men's room is a tree.
653,397,21,45,107,173,1.5028901734104045,0.053524946008230496,658,"Whatever you do, don't mention roll-over IRA's."
2428,397,23,41,109,173,1.5028901734104045,0.054766289955002136,658,At least the 401K is based on dog years.
4668,399,18,52,105,175,1.502857142857143,0.05117617320325708,658,I don't get it. All they talk about are their owners.
4074,400,20,49,108,177,1.502824858757062,0.05200419130497026,658,"So when do we tell them ""cookies"" aren't treats?"
124,401,24,42,113,179,1.5027932960893855,0.05395319559622704,658,...and they work an hour but get paid for seven!
101,402,17,57,107,181,1.5027624309392265,0.04931968689877125,658,These brown nosers are making us look bad.
350,402,25,41,115,181,1.5027624309392265,0.054069680500564266,658,"Whatever you do, don't say the words ""car"" or ""ride."""
4194,404,24,44,115,183,1.5027322404371584,0.053054378946853206,658,What was I SUPPOSED to say when my boss asked me to work on his 'Pet Project'?
4799,405,22,49,114,185,1.5027027027027027,0.051490318488249864,658,"Employee of the Quarter"" is apparently now ""Best in Show"
2651,406,24,48,119,191,1.5026178010471205,0.051365667811201735,658,Does the boss like me or does he sniff everybody's butt?
388,407,20,46,106,172,1.5,0.05312228745244887,658,They’re all on dating sites pretending they’re not dogs.
897,407,21,30,93,144,1.5,0.06154574548966637,658,"I bet we were hired because our names are Spike and Fritzy."""
1062,407,20,44,104,168,1.5,0.054062241690649424,658,"I don’t care about H.R.; throw the ball and yell, ‘Fetch!’"
1340,407,25,51,126,202,1.5,0.04975185951049946,658,"On the Internet, nobody knows you're not a dog."
1835,407,22,41,107,170,1.5,0.054870667162542436,658,Let's throw the ball and free up some bandwidth.
1878,407,27,41,122,190,1.5,0.05316493883423137,658,They just watch cat videos all day.
2124,407,22,42,108,172,1.5,0.05438728101485963,658,"Just remember, on the internet no one knows you're NOT a dog, either."
2632,407,22,36,102,160,1.5,0.05746204653902287,658,I'm not sure which bathroom I'm supposed to use.
2779,407,25,48,123,196,1.5,0.05089466451388752,658,Why am I the only one who gets called a bitch?!
3873,407,27,43,124,194,1.5,0.052321768296158325,658,"We'll never get promoted here – for every year of work, they get seven dog years of experience."
3937,407,25,45,120,190,1.5,0.05210682427642053,658,Who do you have to lick around here to get a bowl of treats?
4899,407,17,52,103,172,1.5,0.051166190557511225,658,It's a lot easier to 'work like a dog' when you're an actual dog.
4558,419,28,58,143,229,1.497816593886463,0.04657274622123204,658,The boss has been barking at me all day
2248,420,21,54,118,193,1.4974093264248705,0.04935046166204337,658,"God, this place is full of brown nosers."
5352,420,24,48,121,193,1.4974093264248705,0.05096454811633679,658,This isn't what I meant when I said I wanted a white collar job.
5250,422,23,47,117,187,1.4973262032085561,0.05163884903015252,658,Must be why they call it white collar.
1423,423,29,31,119,179,1.4972067039106145,0.05678732964521323,658,How did they get into U.S.C?
1523,424,21,45,109,175,1.497142857142857,0.053066421009006604,658,How come they get treats?  We don't get treats
99,425,16,50,99,165,1.496969696969697,0.05202779576077805,658,Do you think I can pet him without risking harassment charges?
1124,426,24,33,106,163,1.4969325153374233,0.057973446355877624,658,You've heard of emotional support animals? -- these are technical support animals.
1024,427,23,33,103,159,1.4968553459119496,0.05842328558938493,658,"I really hate these ""Bring Your Human to Work"" days but it means so much to them."
2773,428,21,30,94,145,1.4965517241379311,0.06121701389588497,658,I'm getting tired of them transferring a call to me every time someone wants to talk to a bitch
2838,429,25,41,118,184,1.4945652173913044,0.05339355856305247,658,The one on my right? Her parents paid a fortune to get her into an elite obedience school.
2249,430,21,48,113,182,1.4945054945054945,0.051536557918546735,658,They haven't noticed the ball yet.  Should I say something?
4726,430,21,48,113,182,1.4945054945054945,0.051536557918546735,658,Does ‘Me Too’ cover lower body sniffing?
760,432,21,46,111,178,1.4943820224719102,0.05239590134206919,658,"And then I told him, just keep your paws to yourself!"
5679,432,23,42,113,178,1.4943820224719102,0.053593753568727316,658,All they do is watch cute human videos online.
1969,434,17,53,106,176,1.4943181818181819,0.05032179505791939,658,"Yea, I had to roll over to get this job."
4702,435,22,42,110,174,1.4942528735632183,0.053912824825556656,658,One of the new hires ate my gym shoes.
5208,436,21,43,108,172,1.494186046511628,0.05375666663166287,658,I had to play ball with these guys to get this job.
3263,437,17,48,101,166,1.4939759036144578,0.052500100281068524,658,I'm going out. Do you have an extra plastic bag?
50,438,19,43,102,164,1.4939024390243902,0.05436020156560766,658,This is worse than Google. The Finance VP just humped my leg in the break room.
3368,439,25,29,106,160,1.49375,0.05947680365450025,658,What's my problem?  What's my PROBLEM!  I just found out even THEY'RE getting paid more than me!
592,440,18,42,98,158,1.4936708860759493,0.05516668682204899,658,They’re really good coders once you get them to sit.
1725,440,16,46,96,158,1.4936708860759493,0.053685305482553965,658,I go to high-five him and he LICKS my hand! Who DOES that?
2765,440,18,42,98,158,1.4936708860759493,0.05516668682204899,658,On the internet will anyone know I'm not a dog?
4518,443,17,42,95,154,1.4935064935064934,0.055468123988245924,658,Just watch what happens when they see a SQRL protocol.
4988,444,20,57,120,197,1.4923857868020305,0.04807454399990492,658,I can’t believe there are fire hydrants in the rest rooms.
1709,445,20,56,119,195,1.4923076923076923,0.04843259922493692,658,Big deal.  My cat was online years ago.
2710,446,24,44,119,187,1.4919786096256684,0.052189694800931406,658,She said I scratched behind her ear inappropriately...
161,447,20,51,114,185,1.491891891891892,0.05033315501211401,658,"I think we've been hacked.  They all use the password ""Pavlov."""
220,447,22,47,116,185,1.491891891891892,0.05148723440460251,658,The new guy licked my face!
2317,447,25,41,119,185,1.491891891891892,0.053171407037767626,658,He still claims the leg humping thing was consensual.
211,450,23,44,116,183,1.4918032786885247,0.05248228031568019,658,Someone's been going through my trash file.
4841,451,25,39,117,181,1.4917127071823204,0.054066544117226806,658,I already trained them to sit and stay. Now we’re on to rollover your 401(k).
1981,452,21,45,111,177,1.4915254237288136,0.05261439469634476,658,"On the Internet, nobody can tell you're a real person."
855,452,19,49,109,177,1.4915254237288136,0.051379683324123356,658,They're watching kitten videos. What about the ones on your side?
380,452,16,55,106,177,1.4915254237288136,0.049469868125191836,658,The brown-nosing around here is getting out of control!
456,452,21,45,111,177,1.4915254237288136,0.05261439469634476,658,He keeps asking if I want to have lunch at the park.
4197,456,19,47,107,173,1.4913294797687862,0.05225040342949136,658,They're just visiting random websites looking for cookies.
5205,456,19,47,107,173,1.4913294797687862,0.05225040342949136,658,I lied on my application.  I can't bark!
3928,458,21,40,106,167,1.4910179640718564,0.054959806179542055,658,The guy on my right has been staring at a raw steak photo for the last 30 minutes!
3974,459,17,47,101,165,1.490909090909091,0.05272905672747186,658,So being housebroken is the only job requirement?
3575,460,23,55,128,206,1.4902912621359223,0.04804503534073071,658,"As I heard it from my friend in HR, the chimpanzees thought the job was beneath them."
2972,461,19,61,122,202,1.49009900990099,0.0466819865903448,658,"For not having opposable thumbs, his code is impressively clean."
5522,462,20,53,117,190,1.4894736842105263,0.04935646778807421,658,"No, I'm not a coder. I'm his walker."
5615,463,21,44,111,176,1.4886363636363635,0.052834362811929714,658,Who enabled cookies?
142,464,24,37,113,174,1.4885057471264367,0.05512623197298959,658,How do I even qualify for 'Good Boy of the Month'?
2337,464,26,33,115,174,1.4885057471264367,0.05631858474473961,658,So I told him to mark the important emails and you don't even want to know the rest.
1996,466,24,35,111,170,1.488235294117647,0.05611771929935128,658,"...and for your information, I’m not the only bitch that works here!"
3473,466,19,45,106,170,1.488235294117647,0.052925704511035045,658,Have you noticed this week's meeting agendas all focus on obedience?
3918,466,18,47,105,170,1.488235294117647,0.05226391253738202,658,"Sure, it’s fine for them but when I come to work naked it’s deemed “inappropriate” by HR"
4807,466,22,39,109,170,1.488235294117647,0.054863203796462964,658,"On line, nobody knows I’m human."
3213,470,23,53,127,203,1.4876847290640394,0.048566037481461634,658,Apparently management wants to change our retirement savings plan to a 401K-9.
2220,471,18,43,101,162,1.4876543209876543,0.05414896673950656,658,I thought we were supposed to lose our jobs to robots.
1739,472,21,55,123,199,1.4874371859296482,0.04824691606225102,658,"I don't care if he is married to the boss's daughter, I'm not going to spend my lunch hour playing fetch with him anymore."
569,473,26,44,127,197,1.4873096446700507,0.051199805969844386,658,"If you get stuck, just say ""Who's a good boy?"""
3605,474,19,38,99,156,1.4871794871794872,0.05642153432641525,658,"I don’t want to overreact, but all the cats are gone."
3862,475,21,52,120,193,1.4870466321243523,0.04934196102264485,658,My boss is a bitch!
3644,476,27,39,125,191,1.486910994764398,0.052942431049452565,658,‘Which restroom are they going to use?’
5189,477,26,38,121,185,1.4864864864864864,0.0537151538225724,658,The restroom is a patch of grass?!
386,478,24,40,117,181,1.4861878453038675,0.05348948985799795,658,Can you believe someone ate my lunch for the third day in a row?
3392,479,24,39,116,179,1.4860335195530727,0.05394344531231329,658,I'm sick of management putting us on these pet projects!
3158,479,17,53,109,179,1.4860335195530727,0.049704128618228524,658,It was bad enough when they played poker.
2897,479,16,55,108,179,1.4860335195530727,0.049068622388034576,658,It all started when they made this a “dog-friendly workplace.”
2875,479,24,39,116,179,1.4860335195530727,0.05394344531231329,658,"The worst part?  On the Internet, no one knows they're dogs!"
1546,483,25,36,116,177,1.4858757062146892,0.05499413088681295,658,They literally work for food...
5255,484,21,43,111,175,1.4857142857142858,0.05305581090772911,658,"I'm all for diversity, but have you seen the new menu in the employee cafeteria?"
3912,485,25,34,114,173,1.4855491329479769,0.05596970284468835,658,"No joke, I heard the new Director of ICE is a Border Collie!"
4073,485,25,34,114,173,1.4855491329479769,0.05596970284468835,658,"They're great, but don't leave your lunch alone."
3515,487,20,43,108,171,1.4853801169590644,0.053341540355515235,658,Tell me you brought a plastic bag.
3764,488,22,37,108,167,1.4850299401197604,0.05560450657818663,658,"No, you can't sniff my butt."
753,489,28,38,128,194,1.4845360824742269,0.05281803061333739,658,Cat Tuesday is even worse !
1736,490,21,36,104,161,1.484472049689441,0.056492723423936644,658,Guess who just opened an account on petsmart.com with your credit card?
5036,491,22,45,117,184,1.483695652173913,0.05168550351267105,658,"It’s a bit too dog-friendly a workplace, if you ask me."
5644,492,23,42,117,182,1.4835164835164836,0.05268878430306352,658,"Ironically, they're very catty to work with."
883,492,22,44,116,182,1.4835164835164836,0.05210945426157968,658,Apparently you can teach an old dog to fetch data.
1035,494,16,54,108,178,1.4831460674157304,0.04925955847221451,658,Yes. We're the last.
2557,495,14,43,90,147,1.4829931972789117,0.05490882599522547,658,"Yeah, but throw one stick..."
5033,496,21,42,111,174,1.4827586206896552,0.05327874377871158,658,I don’t know why I even bother coming to work...I’ll NEVER be top dog around here!”
2273,497,19,45,108,172,1.4825581395348837,0.052461404028497534,658,I know I’m late. For some reason I just never hear the whistle.
2946,497,16,51,105,172,1.4825581395348837,0.05047970428427846,658,"Seriously, they're all reading Orwell!"
3140,499,13,69,115,197,1.482233502538071,0.04412783187417373,658,"When the hiring manager said it took a 'rare breed' to work here, I should have put two and two together."
2793,500,19,43,106,168,1.4821428571428572,0.0533809940969179,658,Can’t they stock the vending machines with anything besides kibble and toilet bowl water?
3361,500,24,33,111,168,1.4821428571428572,0.05662120210595801,658,"The real question is, who let the dogs IN?"
1769,500,18,45,105,168,1.4821428571428572,0.052709055496617196,658,I don't care if they're your best friends.
3697,503,19,56,120,195,1.4820512820512821,0.04786954127022328,658,They're very loyal.
5002,504,21,38,107,166,1.4819277108433735,0.05519581893242157,658,Psst... what did you put for 'Who's a good dog?'
5172,504,17,46,103,166,1.4819277108433735,0.05248334047209202,658,"Somehow, I thought computer lab would have more computers, and fewer Labs."
731,506,12,67,110,189,1.4814814814814814,0.0447594748947203,658,Do you keep getting pop up ads for flea collars?
5113,507,20,36,102,158,1.481012658227848,0.056591284569834865,658,All I said was ‘“Dog Gone It” and now I’m up on harassment charges.
339,508,18,38,98,154,1.4805194805194806,0.05620845557346569,658,The unisex bathroom is a mess too!
927,509,19,48,112,179,1.4804469273743017,0.050941042157487876,658,Our manager said if we work extra hard he’ll throw us a bone or two.
1796,509,13,60,106,179,1.4804469273743017,0.047099528493008316,658,I keep explaining that the client can’t SEE that they’re wagging their tails
1270,511,17,39,96,152,1.480263157894737,0.05598572828962207,658,"No, it's not me, did you check your shoes?"
2348,512,23,39,115,177,1.4802259887005649,0.053803936686765315,658,Bow-wow. The password is Bow-wow.
1509,513,21,54,125,200,1.48,0.048057754199436614,658,"They're being allowed "" comfort humans"" starting next week!"
3128,514,26,42,128,196,1.4795918367346939,0.05138540296177686,658,I’m not the bitch in this situation Greg.
781,515,19,44,108,171,1.4795321637426901,0.052681244005878036,658,"If I agree to go with him to the dog park, is that considered a date?"
2453,516,17,47,105,169,1.4792899408284024,0.05179828811071869,658,I can't go one day without being asked out on a walk.
5404,516,19,43,107,169,1.4792899408284024,0.05314082618355113,658,They replaced WHAT with a fire hydrant?
1648,518,22,36,109,167,1.4790419161676647,0.05559285148497671,658,Remember when people outnumbered the emotional support animals?
5498,518,22,36,109,167,1.4790419161676647,0.05559285148497671,658,"I heard that Fifi only got that promotion because she's such an ass sniffer."""
3714,520,22,47,121,190,1.4789473684210526,0.05045484827711588,658,That son-of-a-bitch makes 30% more than me.
3691,521,20,39,106,165,1.4787878787878788,0.054770824547131954,658,Do you ever wonder if we are overqualified?
1854,521,20,39,106,165,1.4787878787878788,0.054770824547131954,658,I try to sneak one cat video on my break and the place goes bananas!
440,521,18,43,104,165,1.4787878787878788,0.053404340287638886,658,I thought it was robots who were supposed to take our jobs.
59,521,18,43,104,165,1.4787878787878788,0.053404340287638886,658,Not only do they have their Masters degrees but they also have obedience training.
642,525,21,48,119,188,1.4787234042553192,0.05029068240598032,658,"The client asked, and he just rolled right over."""
3444,525,23,44,121,188,1.4787234042553192,0.05140944780610982,658,"So, do you think I should take Oreo's leg humping to HR, or was it only meant to show affection?"
1556,527,20,49,117,186,1.478494623655914,0.05011291478517017,658,"It's YOUR turn to take them outside, Kyle."
4021,528,22,44,118,184,1.4782608695652173,0.051674572548167076,658,"I mean, nobody told you to ""stay."""
5653,528,13,51,97,161,1.4782608695652173,0.05068395292383929,658,What are we supposed to do? Just rollover and play dead?
3858,530,18,40,101,159,1.4779874213836477,0.054883682567465696,658,Eight pee breaks is excessive.
5410,531,15,45,97,157,1.4777070063694266,0.05314384356502485,658,EVERY time the doorbell rings?
2201,532,18,49,111,178,1.4775280898876404,0.05051946004578002,658,"No sink, no water fountain, just that bowl on the floor! Is that even legal?"
4958,533,18,48,110,176,1.4772727272727273,0.05093575368581399,658,They want us to join them at the 'no leash' park for happy hour.
4985,533,18,48,110,176,1.4772727272727273,0.05093575368581399,658,I dunno...I guess the cats refused to work overtime.
3340,535,23,37,114,174,1.4770114942528736,0.05449926258691175,658,At least they’re all byte no bark.
4264,536,17,38,96,151,1.4768211920529801,0.056251121812580324,658,The guy next to me won't stop watching cat videos.
3775,537,19,44,109,172,1.4767441860465116,0.05244821448610719,658,If there are fire hydrants in the bathrooms then I'm outta here!
4058,537,17,48,107,172,1.4767441860465116,0.051135274427463476,658,Im worried Pete. I heard they’re bringing in the big dogs next.
304,539,22,46,121,189,1.4761904761904763,0.050646739586529425,658,He licks himself after every sale.
3801,540,22,45,120,187,1.4759358288770053,0.051048945168044466,658,"I thought firing the cats was a good idea too, until they installed the fire hydrant in the break room."
302,541,20,39,107,166,1.4759036144578312,0.054516231646013075,658,What’s with the fire hydrant in the break room?
5641,542,20,38,106,164,1.475609756097561,0.05501296863427425,658,It’s asking me for the name of the street I grew up peeing on.
4575,542,19,40,105,164,1.475609756097561,0.054328721859329666,658,Can you believe Jim here is looking at kitty porn?
189,544,18,51,114,183,1.4754098360655739,0.04950949710831312,658,And to think I was soooo worried about artificial intelligence taking my job.
5550,544,21,45,117,183,1.4754098360655739,0.05129656933021343,658,I wouldn't mind if we didn't have to walk them.
1611,546,19,39,104,162,1.4753086419753085,0.054826560983488426,658,This is NOT what I meant when I said hire someone to retrieve data!
2585,547,22,50,126,198,1.4747474747474747,0.048926783183064496,658,Is there an indoor restroom in this place?
4066,547,26,42,130,198,1.4747474747474747,0.050979670109169616,658,Why is the wi-fi password 'Pavlov'?
1328,549,26,32,119,177,1.4745762711864407,0.05555192824304929,658,"No, you may not sniff my butt."
4234,549,17,50,110,177,1.4745762711864407,0.050081979923231,658,Bring-your-human-to-work day sucks!
5437,549,22,40,115,177,1.4745762711864407,0.053190331733970156,658,"But Jerry, on the internet no one knows you’re a human."
2326,552,23,37,115,175,1.4742857142857142,0.05425545782002596,658,Guess what they said when I asked where the bathroom was?
5294,553,17,30,88,135,1.474074074074074,0.06115674126061189,658,I didn't even know there was such a thing as squirrel porn.
224,554,16,59,117,192,1.4739583333333333,0.04666851457557352,658,"I know I should be upset, but they're well-groomed, focused, and I love the 'walk around the block' breaks every two hours."
51,555,21,48,121,190,1.4736842105263157,0.049886649866855384,658,I'm his emotional support animal.
2822,555,17,38,97,152,1.4736842105263157,0.05596780589197867,658,"Next week I start training my replacement. But they say he’s a good boy, so..."
3249,557,17,46,106,169,1.4733727810650887,0.05178219168767288,658,"Well if  YOU didn't chew up my hard drive, then who did?!"
4736,557,14,52,103,169,1.4733727810650887,0.04969978110188052,658,"Hey John, just out of curiosity, have you ever lied on a resume?"
646,559,16,55,113,184,1.4728260869565217,0.04808772845563374,658,Maybe it's time to stop worrying about robots taking our jobs.
227,560,16,37,93,146,1.4726027397260273,0.05683778929436618,658,"See, I told you! Once the ball is out of their sight, they can be more productive than the two of us put together.."
2608,561,21,44,117,182,1.4725274725274726,0.051497706380481525,658,They're really good at finding bitcoin.
237,562,25,34,119,178,1.4719101123595506,0.0547263265444,658,You're telling me you've never seen a computer lab before?
1853,563,23,37,116,176,1.4715909090909092,0.054013572893029424,658,"On the internet, no one knows you’re a dog."
5220,563,20,43,113,176,1.4715909090909092,0.052179122854503865,658,"WTF, I just found out Rex is making more than me."
5562,563,21,41,114,176,1.4715909090909092,0.05279768865017173,658,"One of them is looking at paintings of dogs playing poker, and the other one is playing poker."
2867,566,22,47,124,193,1.471502590673575,0.049852238554776024,658,How can we compete?  They're incentivized by belly rubs.
2110,567,20,34,103,157,1.4713375796178343,0.0568373486656718,658,All they do is look at cat videos on YouTube.
809,568,24,34,116,174,1.471264367816092,0.0550898547361206,658,"You'd think if they were having a bring-your-owner-to-work day, they'd have something useful for us to do."
3275,568,22,38,114,174,1.471264367816092,0.053870312406151054,658,What a bunch of brown-nosers.
1329,570,24,33,115,172,1.4709302325581395,0.05557907364528006,658,I'm so tired of having to W-A-L-K on eggshells.
4782,571,28,32,127,187,1.4705882352941178,0.05430896224671428,658,Then the guy at station three tried to sniff my butt during the 10 o' clock break!
3958,571,25,38,124,187,1.4705882352941178,0.05269687240730903,658,They take our jobs and don't even bother to speak our language! This is why I voted for Trump.
3287,571,21,46,120,187,1.4705882352941178,0.05046737893374065,658,"If he smells me once more, I'm getting an Invisible Fence around my workstation."
432,574,21,45,119,185,1.4702702702702704,0.0508697810162093,658,They asked me to play poker with them after work.
510,575,16,47,105,168,1.4702380952380953,0.051305730294818275,658,"You could have been clearer when you said I'd be working with a bunch of animals, Bob."""
4565,575,18,43,107,168,1.4702380952380953,0.052676844627825396,658,You have to hold it in until the boss takes us for a walk.
2667,577,24,38,121,183,1.469945355191257,0.053007971632132195,658,They wont keep their paws off me.
3403,577,20,46,117,183,1.469945355191257,0.05069169650982786,658,"The thing is, they don’t really work that hard."
5376,577,20,46,117,183,1.469945355191257,0.05069169650982786,658,"They're so smug. I mean, it's not like I expect THEM to pick up MY poop!"
2321,580,17,44,105,166,1.4698795180722892,0.052449804787855006,658,Yesterday it was a room full of monkeys with typewriters.
2939,581,22,41,118,181,1.4696132596685083,0.052290352236545525,658,Of course they’re taking our jobs. They work for kibble!
2776,581,20,45,116,181,1.4696132596685083,0.051102898436506845,658,He's only flagging the cat videos.
2100,583,16,45,103,164,1.4695121951219512,0.05220255764208921,658,It's your turn to let them out!
4121,583,18,41,105,164,1.4695121951219512,0.053616605846977285,658,I don't care if they can hear me. I want to go for a walk.
1101,585,17,57,120,194,1.4690721649484537,0.04688765102388642,658,"They work in packs. 
We don’t have a chance."
3744,586,22,39,116,177,1.4689265536723164,0.05317328081776542,658,"My performance review said 'works like a dog' so I guess that's good, right?"
3202,587,19,52,121,192,1.46875,0.04837355212691351,658,Whoa! You dropped acid last night too?
4299,587,18,39,103,160,1.46875,0.054601094138598316,658,"I heard they’re making more than us, right out of obedience school!"
4202,589,21,47,122,190,1.4684210526315788,0.04987048844015388,658,Do you get asked to fetch things too?
2050,590,16,48,107,171,1.4678362573099415,0.050648732437547354,658,He won’t stop looking at kitty porn!
3538,591,17,38,99,154,1.4675324675324675,0.05540847013626268,658,What's the problem? We're getting great customer reviews since they took over the call center.
374,592,21,37,111,169,1.467455621301775,0.05441581382732403,658,I don't care if it makes me culturally insensitive - I NEVER like to hear a female called a bitch.
1714,593,21,44,119,184,1.4673913043478262,0.05106502564811915,658,You said TeleBarketing was just a clever name.
2598,594,21,41,116,178,1.4662921348314606,0.052336311189822474,658,"If they didn't spend half their time looking at cat videos, this wouldn't be so bad."
2935,594,15,53,110,178,1.4662921348314606,0.048561400685576024,658,This isn't what I expected working for a pet friendly company.
2163,596,15,46,102,163,1.4662576687116564,0.05169417038758502,658,Stop watching cat videos! You know how easily our coworkers get distracted.
5354,596,21,34,108,163,1.4662576687116564,0.05591716573910247,658,"Before cutting costs, we had only counselors at this hot line - but now they can choose to speak with an emotional support animal"""
2635,598,23,43,125,191,1.4659685863874345,0.050766729636778175,658,This is such a good boy's club.
1403,599,17,47,110,174,1.4655172413793103,0.05067254265615433,658,You don't smell that?
3345,599,16,49,109,174,1.4655172413793103,0.050012656509972574,658,Rosie reported me to HR for saying she's Husky.
4346,601,17,46,109,172,1.4651162790697674,0.05109660295976201,658,I'm a bit worried about the lunch buffet…
270,601,21,38,113,172,1.4651162790697674,0.05369227745258128,658,"If PETA finds out about this, we are screwed!"
483,603,24,31,115,170,1.464705882352941,0.056059312758528344,658,I hate bring your person to work day
3556,604,15,42,98,155,1.4645161290322581,0.05359112169624565,658,Even the well-trained ones waste hours on cat videos.
2373,605,20,45,118,183,1.46448087431694,0.05067227316285649,658,"On the Internet, they don't know you're a human!"
2789,605,19,47,117,183,1.46448087431694,0.050076242142497444,658,Just wear a flea collar like i do.
4143,605,17,51,115,183,1.46448087431694,0.04886237352360012,658,This isn't what I was expecting when they said it was a dog-friendly workplace.
3478,608,17,57,122,196,1.4642857142857142,0.04653060076932116,658,People just love them immediately. How are we supposed to compete with that?
259,608,21,49,126,196,1.4642857142857142,0.048727931445760465,658,"If you ask me, they're all a bunch of brown-nosers."
2626,608,13,52,103,168,1.4642857142857142,0.04915369970772317,658,I think most of them aren’t even licensed
1177,611,18,41,107,166,1.463855421686747,0.05311856602539639,658,These are the new watchdogs Facebook hired to help us monitor inappropriate content.
625,611,18,41,107,166,1.463855421686747,0.05311856602539639,658,And we were worried about AI!
3152,613,22,39,118,179,1.4636871508379887,0.05270713194240025,658,"I'll warn you now, our department is all bitch, bitch, bitch."
2964,614,19,38,107,164,1.4634146341463414,0.05428672052188843,658,We're the only ones here who catch the nuances. The rest of them see everything as black or white.
618,615,16,50,111,177,1.463276836158192,0.04939649242754451,658,"They work, like, one-seventh as hard as we do."
1654,616,26,42,135,203,1.4630541871921183,0.04998973371751688,658,"I just cant compete, these guys seem to able to smell a good trade."
3993,616,20,54,129,203,1.4630541871921183,0.04697162308990052,658,I thought they preferred laptops.
2082,618,19,37,106,162,1.462962962962963,0.054783376855030395,658,Check out the one with the resting bitch face.
672,619,20,41,114,175,1.4628571428571429,0.052368710317462784,658,Can you believe management wants to send us to obedience training?
2276,619,16,49,110,175,1.4628571428571429,0.049797148917856464,658,They're all watching 'stupid cat trick' clips!
3316,619,16,49,110,175,1.4628571428571429,0.049797148917856464,658,Is your seat wet too?
1463,622,19,49,120,188,1.4627659574468086,0.049095633275093156,658,"What in the world is a ""fetch engine?"""
2890,622,21,45,122,188,1.4627659574468086,0.050241017043371895,658,"It started as a favor to the shelter, but they're better at it than the people they replaced."
1067,624,26,34,126,186,1.4623655913978495,0.053431114721074965,658,They expect us to work like dogs!
4092,624,23,40,123,186,1.4623655913978495,0.05177370089179712,658,"Her screen name is ""Computer Lab""!"
5563,626,18,37,103,158,1.4620253164556962,0.05508569032142656,658,"Our employer is very considerate.
The bathrooms here have both toilets AND fire hydrants."
1159,627,24,37,123,184,1.4619565217391304,0.052761048048188,658,"Remember, no laser points at the meeting, alright?"
5222,628,17,44,108,169,1.4615384615384615,0.05173790070265764,658,What do you say if they ask for a real person?
5604,628,14,44,98,156,1.4615384615384615,0.05254846546645948,658,"OMG! He just ""best-friended"" me on Facebook."""
2476,628,16,34,93,143,1.4615384615384615,0.05767178465523402,658,They're working on the Lab report.
3467,628,18,30,95,143,1.4615384615384615,0.05935504071095189,658,I have reason to suspect that they were involved in the recent admissions scandal.
868,632,20,48,123,191,1.4607329842931938,0.049090795859740445,658,Cover me for a sec? Gotta go use the fire hydrant.
1588,633,18,46,114,178,1.4606741573033708,0.050461187697911136,658,I hate being the token woman in this office.
2700,633,17,48,113,178,1.4606741573033708,0.04982821983389539,658,I heard they cancelled the outsourcing to India.
1491,635,14,48,103,165,1.4606060606060607,0.050494209233070964,658,And then... he put his paw on my shoulder!
4151,635,21,34,110,165,1.4606060606060607,0.055380808734839596,658,Then I had to show her where they sniffed me on a doll!
4607,637,24,39,126,189,1.4603174603174602,0.05169435285491333,658,"Those mushrooms were not a good idea, billy."
5323,638,19,43,114,176,1.4602272727272727,0.05151017769469754,658,"Its so unfair,they are always so happy and attentive"
3461,639,18,39,106,163,1.460122699386503,0.05382118866571747,658,I saw Fido's pay stub and even HE earns more than me!!!
413,639,15,45,103,163,1.460122699386503,0.051667197168744926,658,It's the pack mentality here that I have trouble with.
1596,639,21,33,109,163,1.460122699386503,0.05589223054689754,658,"- This is unacceptable, the senior dogs are being replaced by puppies with no experience."
84,642,23,34,117,174,1.4597701149425288,0.05444142912210096,658,"There is a literal DOG sitting next to you, and you have a problem with a woman working here?!"
1580,642,22,36,116,174,1.4597701149425288,0.0538277664110398,658,When will they learn to do their business outside?
3363,642,17,46,111,174,1.4597701149425288,0.05064804632485907,658,Why am I always stuck with refilling the water bowl in the break room?”
331,645,18,49,118,185,1.4594594594594594,0.04906467887254157,658,And I was worried about automation.
3367,646,17,45,110,172,1.4593023255813953,0.051071450803199976,658,Have you seen my tennis ball?
4741,646,21,37,114,172,1.4593023255813953,0.05366834179626834,658,This is what happens when the company’s website starts using cookies.
1921,648,22,46,128,196,1.4591836734693877,0.04924162422110882,658,I wish he would just work from home on the days leading up to bath day.
2380,649,19,35,105,159,1.4591194968553458,0.05553665086755964,658,"But hey, we’re the last employees who still get dental."
3765,649,22,29,108,159,1.4591194968553458,0.05764680457133107,658,I hate these 'bring-your-human-to-work days'.
155,649,19,35,105,159,1.4591194968553458,0.05553665086755964,658,"Well, there goes the opposable thumb theory."
12,652,17,49,115,181,1.4585635359116023,0.049223318960701624,658,I'm just worried about the food they'll cater at our staff meeting.
940,653,17,43,108,168,1.4583333333333333,0.051946819954759714,658,"Is leg-humping sexual harassment?"""
1479,653,23,42,127,192,1.4583333333333333,0.050538835941642365,658,"And here we were, worried about robots."""
4649,653,23,31,114,168,1.4583333333333333,0.05591232511701239,658,Do you know where the restrooms are? All I could find was an indoor fire hydrant.
5560,656,20,42,117,179,1.458100558659218,0.05147859400041315,658,"If they can do it, why can't my Dad?!"
3909,657,22,37,118,177,1.4576271186440677,0.05312892282559778,658,"I just asked him if he could fetch me something, and he put on those noise-cancelling headphones and won’t even look at me now."
5490,657,22,37,118,177,1.4576271186440677,0.05312892282559778,658,I think I’m the first female hire... not sure though.
3200,659,22,42,124,188,1.4574468085106382,0.05078168535311186,658,"They're on ""amortize.""  My dog's still working on ""stay."""
2547,659,25,36,127,188,1.4574468085106382,0.05243517376348992,658,"I guess we've traded the 'good old boy' network for the 'good boy' version......"""
1539,659,23,40,125,188,1.4574468085106382,0.05133876567212568,658,"They keep saying, 'On the internet, nobody knows you're a dog.'"
364,662,18,44,113,175,1.457142857142857,0.051073394957953225,658,"It keeps autocorrecting my search engine to ""Good boy"""
4338,662,19,42,114,175,1.457142857142857,0.051712407771470785,658,"Don't you hate ""Bring your master to work"" day."
4524,662,21,38,116,175,1.457142857142857,0.05296731074451913,658,I think they’re playing video poker.
4096,665,20,45,121,186,1.456989247311828,0.050038030865940844,658,"I don't know about you, but I think taking the Alpo account was a mistake."
5457,666,20,29,102,151,1.4569536423841059,0.05848348332920787,658,"If this new hiring continues, I swear I am going to W-A-L-K right out of here."
3922,667,14,46,102,162,1.4567901234567902,0.051134484282813655,658,I checked with the others  ...  we were all told this job would be a walk in the park.
3261,668,26,42,138,206,1.4563106796116505,0.04941207652080285,658,And to think I was worried about robots!
1952,669,15,43,102,160,1.45625,0.052340559780281376,658,They're working as online service dogs.
2907,670,16,46,109,171,1.456140350877193,0.05059707234629763,658,When's the last time the boss threw US a bone?
1095,670,17,44,110,171,1.456140350877193,0.051272440741794996,658,"And then I said, “I don’t WANT a dog biscuit, I want a RAISE!”"
94,672,19,45,118,182,1.456043956043956,0.05024025564467979,658,All cat videos are completely blocked!
5047,672,14,55,113,182,1.456043956043956,0.047122387967582224,658,They're not doing any work!  They're just looking at cat videos.
5056,672,19,45,118,182,1.456043956043956,0.05024025564467979,658,"They're using ""dawg"" and ""bitch"" ironically, right?"
2174,675,21,45,125,191,1.455497382198953,0.04962569394805632,658,I worry we are becoming the underdogs around here...
1065,676,16,39,101,156,1.455128205128205,0.054067742881899125,658,Mr. Schilling left the business to his dog.  This does not bode well for us.
62,677,23,30,114,167,1.4550898203592815,0.056153413867030044,658,Is the New Yorker this desperate for writers?
608,678,24,33,121,178,1.4550561797752808,0.054078984627787215,658,Say Hashtag...never Pound!
766,678,18,45,115,178,1.4550561797752808,0.05043467800987305,658,"On the internet, no one knows you're a person."
4122,678,17,47,114,178,1.4550561797752808,0.04980137321290207,658,And you were worried about robots?
1093,681,17,52,120,189,1.4550264550264551,0.047706525276651285,658,"So what if we're token hires? It's a good gig."""
2234,681,23,40,126,189,1.4550264550264551,0.05112373515257692,658,Max from accounting keeps trying to sniff my butt.
2127,683,17,36,101,154,1.4545454545454546,0.0553487519905084,658,I could use a break. Does anyone else want to take a walk?
1766,683,15,45,105,165,1.4545454545454546,0.0511902278519521,658,He says it's his pet project.
3488,683,18,39,108,165,1.4545454545454546,0.05331199600049641,658,"I don't know what's happening, they were just playing poker a minute ago"
1215,683,18,54,126,198,1.4545454545454546,0.04670634399217349,658,he just asked me to fetch him coffee!
243,683,23,39,125,187,1.4545454545454546,0.051531553602839675,658,"I don't care if that's how they 'greet' each other."""
1616,683,16,38,100,154,1.4545454545454546,0.05457656923152272,658,I don't care how good they are--I'm not giving any more belly rubs
4111,689,19,46,120,185,1.454054054054054,0.04963422597714955,658,Why are their videos getting so many more hits than ours?!
1405,690,15,49,110,174,1.4540229885057472,0.04928974775960245,658,I can't remember the last time the boss gave me a treat.
607,691,18,38,107,163,1.4539877300613497,0.05379096295667386,658,"Don't worry, on the web no one knows we're human!"
4677,692,15,58,121,194,1.4536082474226804,0.04566645124915993,658,"You've GOT to learn to sit, Jayden, or you're never  gonna make it."
4201,693,15,48,109,172,1.4534883720930232,0.04969234430550286,658,"...And on Friday's, it's 'Casual Collar' day."
4865,694,17,39,105,161,1.453416149068323,0.05356130068995581,658,"You can't blame every fart on your colleagues, George!"
850,695,21,49,131,201,1.4527363184079602,0.04778709911068904,658,Bitch!” still sounds perjoritive to me
2527,696,20,27,101,148,1.4527027027027026,0.05936358832340084,658,I heard they're friends with that bitch from HR.
1490,697,20,46,124,190,1.4526315789473685,0.04924200837460134,658,I didn't expect this when they said it was 'Dog-friendly' .
1757,698,19,43,117,179,1.452513966480447,0.050837678421314314,658,"But, he's not a good boy...he watches cat videos all day."
1542,699,19,38,111,168,1.4523809523809523,0.053271584278889436,658,Why do they watch cat videos all day long?
5237,700,17,37,103,157,1.4522292993630572,0.054554046931765805,658,Milo won't talk to me because he caught me watching cat videos.
4552,700,15,41,101,157,1.4522292993630572,0.0530360764195193,658,So now we have to offer emotional support?
1445,700,13,45,99,157,1.4522292993630572,0.051473359782715535,658,I don't care if she's in a protected class. Drinking out of the ladies room toilet is gross.
661,703,18,44,115,177,1.4519774011299436,0.05062583672183065,658,"They work cheap now, but wait till they organize."
4594,704,22,45,130,197,1.4517766497461928,0.049022316986673156,658,"Don't worry. On the Internet, they don't know you're not a dog."
4909,704,22,45,130,197,1.4517766497461928,0.049022316986673156,658,They can sniff out the hackers
5567,706,21,42,123,186,1.4516129032258065,0.05058923827865391,658,This office is a total good boys' club.
3215,707,20,39,116,175,1.4514285714285715,0.0523149307767121,658,All day they’re online playing poker.
3462,707,19,41,115,175,1.4514285714285715,0.051683368090522014,658,So much for being loyal; I heard he's interviewing at Google next week.
5606,707,15,49,111,175,1.4514285714285715,0.04907590811399449,658,All they're doing is looking at stupid human videos.
5269,710,16,51,117,184,1.451086956521739,0.04799365609580473,658,"You are the one looking for promotion, Rick. So what if you have to rub some bellies few times a day?"
3328,710,21,41,122,184,1.451086956521739,0.0509938592543774,658,"I think she's a bitch too, but you should really keep your voice down."
2474,710,22,39,123,184,1.451086956521739,0.05157296009439275,658,They must be the new breed of programers we heard about!
2699,713,18,37,107,162,1.4506172839506173,0.054017685715407125,658,"He's watching cat videos, again!"
5324,713,14,45,103,162,1.4506172839506173,0.051099759545837356,658,Who’s going to hang up on a dog?
1051,715,20,42,120,182,1.4505494505494505,0.05081299606129504,658,He keeps asking me to rub his belly - SO not cool.
2739,715,18,46,118,182,1.4505494505494505,0.04960378042987257,658,so wait... I just click K and then 9 and then delete?
2213,717,24,29,118,171,1.4502923976608186,0.055742628563343784,658,"Look, I know that last fart was you."
3892,717,19,39,113,171,1.4502923976608186,0.05256656153039587,658,On the web no one knows.
2155,719,20,46,125,191,1.450261780104712,0.04904080971101525,658,"I figured ""Woof"" was just a clever company name."
4459,720,14,53,113,180,1.45,0.047452155001399536,658,"It was cute when they played poker, but this is too much."
3425,720,14,53,113,180,1.45,0.047452155001399536,658,I thought we were being replaced by robots.
2621,720,17,38,105,160,1.45,0.053787375479812084,658,"You know, when the interviewer asked if I was a ‘good girl’ I just thought he was being sexist."
1239,720,22,37,121,180,1.45,0.052424164139480124,658,All they do is watch cat videos.
2638,720,19,43,118,180,1.45,0.050616926481472466,658,They'll only take a break if you throw the ball.
2922,725,23,39,127,189,1.4497354497354498,0.0510975141155836,658,"If Rex gets Employee of the Month one more time, I'm gonna scream!"
2415,726,16,44,109,169,1.4497041420118344,0.050991329742422056,658,Why are we whispering?
5657,726,21,34,114,169,1.4497041420118344,0.05433532552192768,658,Apparently there's a new hookup site called 'Bone'.
3664,728,17,46,115,178,1.449438202247191,0.04977092953632617,658,Can you believe they're switching us to Macs because they like the 'Command' key?
905,729,14,43,101,158,1.4493670886075949,0.0520075630314205,658,"Bruno, the one with the glasses
He’s a brown-noser"
2147,729,17,37,104,158,1.4493670886075949,0.05428317951002427,658,"I don't know what annoys me more,the fact that they slobber all over the place or that they're better than me."
4309,731,15,45,107,167,1.4491017964071857,0.0507207148239494,658,I just know they're talking about us.
3385,731,17,41,109,167,1.4491017964071857,0.052123705221692,658,'Bring your owner to work day' .
3099,731,17,41,109,167,1.4491017964071857,0.052123705221692,658,But what I really hate are the new snacks in the vending machine!
2298,731,14,47,106,167,1.4491017964071857,0.05000446025465808,658,You'll have to get used to the sniffing hiney thing. They just want to know what you had for lunch.
1808,731,16,43,108,167,1.4491017964071857,0.05142699465402505,658,It's your turn to walk Engineering.
1623,736,15,49,112,176,1.4488636363636365,0.04886363636363637,658,pssst... Did we miss a memo last week?
3968,736,19,41,116,176,1.4488636363636365,0.051452844609583506,658,"I can stand the whining, but the territory marking is beyond the pale."
540,738,20,52,133,205,1.448780487804878,0.04657370885825773,658,It must be coming up to deadline. Rosie never eats at her desk.
3354,739,22,39,124,185,1.4486486486486487,0.05135135135135135,658,Can you believe they had no resources left for MY pet project?
1311,740,16,46,112,174,1.4482758620689655,0.049926689581391875,658,Have you seen that new poodle in Marketing? I heard she rolled over during her first interview.
1677,741,19,31,104,154,1.448051948051948,0.056825305433363865,658,"I don't mind the temps they brought in, but the new boss is a real bitch!"
4207,742,17,43,112,172,1.447674418604651,0.051009484964588424,658,I guess I should have taught my dog Delete and Save instead of Sit and Stay
4109,742,22,33,117,172,1.447674418604651,0.0542398823410812,658,I can't compete. They work for kibble.
1142,744,11,50,100,161,1.4472049689440993,0.048980777315489145,658,I regret not saying I was a cat person
1698,744,12,48,101,161,1.4472049689440993,0.049767020183876104,658,"Just tell him you like parks and rides in the front seat ,but mailmen give you the creeps."
369,746,18,40,112,170,1.4470588235294117,0.05211286895525056,658,"I guess they can teach old dogs new tricks."""
535,746,18,40,112,170,1.4470588235294117,0.05211286895525056,658,There appears to be an issue with our facial recognition security system
2013,746,16,44,110,170,1.4470588235294117,0.05075947027105939,658,What should I do? The Australian Shepherd asked me out!
4458,746,13,50,107,170,1.4470588235294117,0.048658841841701585,658,"I'm just saying, some cat diversity would be nice."
1738,750,23,34,122,179,1.446927374301676,0.05322026186682919,658,He just ate the mouse!
279,751,15,41,103,159,1.4465408805031446,0.05252012078721878,658,Everyone denied stealing my lunch from the fridge.
4138,752,16,43,109,168,1.4464285714285714,0.05118981306060496,658,Out?! Who let them in!?
5517,752,20,35,113,168,1.4464285714285714,0.05390307003222108,658,At least they're better than the pigs who used to work here.
341,752,16,43,109,168,1.4464285714285714,0.05118981306060496,658,"I don't care if it triples my quota; I'm NOT ending every call with ""Now who's a good boy??!!"""
1502,752,14,47,107,168,1.4464285714285714,0.04977775569790444,658,Doesn't it bother you that everyone else is nude?
3529,756,14,38,96,148,1.445945945945946,0.05447756502779116,658,Nobody on the internet knows we're humans.
666,757,13,44,100,157,1.4458598726114649,0.05143292508693653,658,I just feel as if I don’t pass the sniff test
589,758,16,42,108,166,1.4457831325301205,0.05162989594476528,658,"You hear that, right? He's says only a dog can hear it."
3475,758,19,36,111,166,1.4457831325301205,0.053709442425430576,658,If one more millennial puppy asks me to pet him I'll scream.
2092,760,19,44,121,184,1.4456521739130435,0.04978467585951995,658,We're next.
5554,760,19,44,121,184,1.4456521739130435,0.04978467585951995,658,"When I was growing up, they used to just play outside."
4906,762,22,42,129,193,1.4455958549222798,0.04973992065032714,658,"Every time the mail room person arrived, they all chased him."
3010,763,14,37,95,146,1.4452054794520548,0.055009615613105134,658,"Their temps, the monkeys got promoted."
2068,764,10,53,101,164,1.4451219512195121,0.04757555304020371,658,They’re part of a new breed.
4654,765,25,27,121,173,1.4450867052023122,0.05582374000572075,658,"Yeah, weirder and weirder, but Trump demanded security clearances for them."
4271,765,18,41,114,173,1.4450867052023122,0.05143730749510986,658,"If someone tells me to ""wag more"" one more time, I quit."
1998,765,18,41,114,173,1.4450867052023122,0.05143730749510986,658,On tech support no one knows you're a dog.
3865,765,16,45,112,173,1.4450867052023122,0.05011357033873267,658,This whole bring your dog to work day is getting out of hand.
1662,765,19,39,115,173,1.4450867052023122,0.05208656196632845,658,The help wanted ad said this was a white-collar job.
2054,770,11,59,112,182,1.445054945054945,0.04508188754499883,658,"I had a sneaking suspicion that our company's ""bring your dog to work"" policy had an ulterior motive!"
2769,770,15,51,116,182,1.445054945054945,0.0476993464965745,658,Do you have any t-r-e-a-t-s with you?
4117,770,16,49,117,182,1.445054945054945,0.04833156757332999,658,Could you tell the guy next to you to chew with his mouth closed?
5499,770,17,47,118,182,1.445054945054945,0.04895562472270629,658,Alporithm? What's that?
418,774,21,43,127,191,1.4450261780104712,0.049570426606680616,658,This office has been way too quiet ever since they lost their B-A-L-L.
5367,775,18,52,128,198,1.4444444444444444,0.04665086666651034,658,I'm not happy with this 'Take-your-owner-to-work' day.
5153,775,15,42,105,162,1.4444444444444444,0.05180582268001743,658,And we thought we’d be replaced by robots.
1009,775,20,44,125,189,1.4444444444444444,0.04938740643416315,658,"No, I'm NOT ok with you breaking our date so you can go play poker with the boys tonight!"
326,775,21,42,126,189,1.4444444444444444,0.049954010896254,658,I don’t think these new hires were properly vetted.
1641,779,23,33,122,178,1.4438202247191012,0.05342880574451798,658,Everybody here is a son of a bitch!
3233,779,16,47,115,178,1.4438202247191012,0.04909457687773418,658,I think I misunderstood this whole 'bring your dog to work'  day.
4298,779,16,47,115,178,1.4438202247191012,0.04909457687773418,658,"If this keeps up, soon we'll be working for treats."
1304,782,19,37,113,169,1.4437869822485208,0.05298765397764555,658,"I wanted everyone to get a standing desk, but the others voted to sit"
4574,782,15,45,109,169,1.4437869822485208,0.05025855112830008,658,"I mean, he's cute and all but I don't want to wake up with fleas"
4418,784,19,33,108,160,1.44375,0.05519182884900728,658,I yearn for the days before online gambling when they just played poker around the table like normal dogs.
2886,785,18,42,116,176,1.4431818181818181,0.050783413983044874,658,I’m so tired of being the token humans.
1048,786,19,28,102,149,1.4429530201342282,0.05822714138747138,658,"I keep getting looked over for promotions. It's a total ""Good Boy's"" club."
4292,787,25,39,137,201,1.4427860696517414,0.04977362680574811,658,"I know I shouldn't be surprised, but they're watching Fox News."
3972,788,19,43,121,183,1.4426229508196722,0.049964720930323094,658,I liked it better when it was a rat race.
2434,788,22,37,124,183,1.4426229508196722,0.05173607115713749,658,Tree break? What's a tree break?
1592,790,18,41,115,174,1.4425287356321839,0.05120476887428359,658,He just swallowed my mouse.
2344,790,18,41,115,174,1.4425287356321839,0.05120476887428359,658,At least nobody steals my yoghurt from the fridge anymore.
3822,790,16,45,113,174,1.4425287356321839,0.04989034795787903,658,It's a dog/e-dog world
443,793,15,43,107,165,1.4424242424242424,0.05111579477375062,658,I feel I'm being judged for being a cat person.
2888,793,20,33,112,165,1.4424242424242424,0.054611112654744054,658,A cat would handle a mouse better
4510,795,18,44,119,181,1.441988950276243,0.04975103269359549,658,I just want to make more than a golden retriever
5175,795,19,42,120,181,1.441988950276243,0.05036419966885447,658,...OMG! Gary looks JUST like his dog!
2680,795,16,48,117,181,1.441988950276243,0.04850144890278165,658,"It's not a system bug, it's fleas."
5474,798,20,36,116,172,1.441860465116279,0.05293590596616262,658,I don't we should be subjected to the same spayed and neutered policy
3628,798,22,32,118,172,1.441860465116279,0.05420524930730525,658,All they do is play online poker!
3232,798,17,42,113,172,1.441860465116279,0.050972657105995134,658,Does she have to eat at her desk?
643,801,17,38,108,163,1.4417177914110428,0.05300781104898586,658,It's not their fault; the boss told them to sit and stay.
2075,801,18,36,109,163,1.4417177914110428,0.05371748685711123,658,"Well, YOU have obviously never tried wearing a skirt to the morning greeting."
2551,801,17,38,108,163,1.4417177914110428,0.05300781104898586,658,"Sure, they'll hire dogs at the entry-level, but just tell me why the managers are all cats."
1484,804,18,32,104,154,1.4415584415584415,0.056031668100738743,658,I remember when we brought them to work.
900,805,17,49,122,188,1.4414893617021276,0.04780908831304916,658,Is this how Gen X felt about millennials?
5418,805,14,55,119,188,1.4414893617021276,0.045989575395082825,658,"For morale, we let them bring their owners in on Fridays."
2085,807,24,31,124,179,1.441340782122905,0.05377415949014065,658,"I thought it was a computer lab, not computer LABS!"
4643,807,21,37,121,179,1.441340782122905,0.051993731669860516,658,"Bitches, am I right?"
5489,807,19,41,119,179,1.441340782122905,0.05077210588188858,658,This isn’t the type of diversity I was pushing for.
919,810,17,56,131,204,1.4411764705882353,0.045116513587561274,658,Nothing we can do. They all have security clearance.
1419,811,11,60,115,186,1.4408602150537635,0.04440489720551504,658,They're loyal.
246,812,18,31,103,152,1.4407894736842106,0.056576515547534664,658,'We're screwed. They' re moving to ultrahigh frequency.'
4174,813,22,49,140,211,1.4407582938388626,0.046548552529197235,658,"Don't worry, if their are no open computers you can just throw a ball."
4170,814,16,46,115,177,1.4406779661016949,0.04927150296306644,658,This is not what I pictured when we said the office was pet-friendly
420,815,17,40,111,168,1.4404761904761905,0.05184256848450137,658,They want us to train them AND take them out?
596,815,17,40,111,168,1.4404761904761905,0.05184256848450137,658,I'm afraid too many of the prospects have collar-ID.
3483,817,20,30,109,159,1.440251572327044,0.05614191175864435,658,"I just got a text.
“Jimmy’s stuck in a well!”"
4892,817,13,44,102,159,1.440251572327044,0.05093754788577237,658,"Have you spoken to Jeff in HR about it?

I tried but he just kept humping my leg..."
68,819,17,47,120,184,1.440217391304348,0.04854205817623177,658,I'm out. We're just chasing our tails here.
559,819,15,51,118,184,1.440217391304348,0.0473026251861302,658,Like I told the others....keep your paws off me.
3133,821,16,45,114,175,1.44,0.049668854163264387,658,I’m an emotional support human.
154,821,17,43,115,175,1.44,0.050325704355561836,658,Im  tired of their we'll pee where we want attitude.
2748,821,18,52,130,200,1.44,0.04628945417521355,658,"I feel like unless I can sit, heel, and fetch, I won't get ahead at this company."
3654,824,21,42,128,191,1.4397905759162304,0.04953840154283374,658,Max is getting promoted because he has seniority in dog years.
1778,825,16,41,109,166,1.4397590361445782,0.05158941109411006,658,"Gimme a break. I""m only human."
1925,825,20,33,113,166,1.4397590361445782,0.05434652461333864,658,'They keep asking if I need to go for a walk?'
5043,825,19,35,112,166,1.4397590361445782,0.053670526245048485,658,"Right, but in this world, on the internet, no one knows you are NOT a dog."""
5561,825,17,39,110,166,1.4397590361445782,0.05229231958103284,658,The fleas are a drag but it's totally a step up from bro culture.
5094,829,15,50,117,182,1.4395604395604396,0.0476626163414685,658,No! It's your turn to throw the ball!
436,829,18,44,120,182,1.4395604395604396,0.04953648453614048,658,"There's three dogs here, okay?  It wasn't me!"
854,829,18,44,120,182,1.4395604395604396,0.04953648453614048,658,I just don't believe they are customer service dogs.
5288,829,15,50,117,182,1.4395604395604396,0.0476626163414685,658,They all use the same password - K9.
4494,833,16,37,104,157,1.4394904458598725,0.053718177813659965,658,...and you should have seen them at the water cooler.
76,833,17,35,105,157,1.4394904458598725,0.054472946908975806,658,Did we miss a memo?
834,835,15,46,112,173,1.439306358381503,0.04939910356564498,658,"I you don't want to be replaced, keep throwing the ball!"
1889,835,15,46,112,173,1.439306358381503,0.04939910356564498,658,You're ok. The big dog said it was a person-friendly office.
2374,835,16,44,113,173,1.439306358381503,0.050074791744100226,658,And that little one with the glasses started barking orders at me.
4771,838,17,49,123,189,1.439153439153439,0.04761279306492344,658,"They work 1 hour for every 7 hours we do, but they get equal pay!"
4032,839,16,40,108,164,1.4390243902439024,0.05203844297680523,658,She's been surfing the Petco website so long she drooled on my keyboard!
5476,839,15,42,107,164,1.4390243902439024,0.05131454811613344,658,To get ahead you have to be a real butt-sniffer around here.
3019,839,11,50,103,164,1.4390243902439024,0.04831062048881207,658,They can really smell a profit.
3837,839,14,44,106,164,1.4390243902439024,0.050580294080558065,658,He was barking orders and then told me to fetch coffee.
2579,843,11,57,112,180,1.4388888888888889,0.04537168993550145,658,"Tony, you can't refer to yourself as the Big Dog in team meetings.  Know the room."
794,843,17,45,118,180,1.4388888888888889,0.04930547359257401,658,Just throw the ball and we'll grab their code.
4203,845,14,40,101,155,1.4387096774193548,0.05264982687951972,658,"Hey, what's you collar ID?"
2577,846,14,47,110,171,1.4385964912280702,0.049108062065382915,658,I'm pretty sure we're the only vegans left here
4195,847,12,40,94,146,1.4383561643835616,0.05321288404877598,658,Are you going to this poker night they keep talking about?
2905,848,18,35,109,162,1.4382716049382716,0.05393876372984354,658,Whose idea was it to request an unlimited supply of used tennis balls?
3549,849,18,38,113,169,1.4378698224852071,0.05227887630644621,658,Their data retrieval is off-the-charts.
3829,849,15,44,110,169,1.4378698224852071,0.05021706655571038,658,I am only wearing this flea collar until my shares are vested.
5645,849,15,44,110,169,1.4378698224852071,0.05021706655571038,658,Are they rescues or interns?
485,852,14,53,118,185,1.4378378378378378,0.04647856079786284,658,These techies are a different breed.
3207,852,18,45,122,185,1.4378378378378378,0.04894153900484339,658,"My god, the typos!"
5473,854,16,52,124,192,1.4375,0.04648708747512282,658,"So, who's this new Bitch?"
3881,854,18,41,117,176,1.4375,0.0507452575994168,658,Whats retirement age in dog years?
3238,854,19,46,127,192,1.4375,0.04821474740538155,658,Shhh. Wanna go for a walk?
311,854,21,35,120,176,1.4375,0.05262970989504278,658,"I didn't realize how boring ""bring your human to work"" day would be. My dog hasn't asked me to throw the ball once!"
130,854,16,45,115,176,1.4375,0.04944907520834984,658,"It's going to take some getting used to, having the fire hydrants inside."
3074,859,19,49,131,199,1.4371859296482412,0.04697996383776741,658,Everyone is always on such a tight leash around here.
973,860,20,40,123,183,1.4371584699453552,0.05052636005929022,658,My boss is a real bitch.
1597,861,18,37,112,167,1.437125748502994,0.05273345630908379,658,You're the only guy working here who's not a complete dog.
248,862,16,44,114,174,1.4367816091954022,0.04985015007665727,658,All the adorable cat video sites are blocked
4714,862,16,44,114,174,1.4367816091954022,0.04985015007665727,658,Can we switch places? He keeps leaning over and licking my face!
730,864,15,39,104,158,1.4367088607594938,0.05268991427530116,658,Its still true that on the internet nobody knows you’re a dog
5234,864,15,39,104,158,1.4367088607594938,0.05268991427530116,658,Then I find out even the dogs are being paid more than me.
4944,866,18,43,120,181,1.4364640883977902,0.049713524627564634,658,I’m glad I don’t have collar I.D.
4655,866,14,51,116,181,1.4364640883977902,0.0471792869178344,658,"Which part of ""I've been working like a dog"" would you say is still unclear to you Josh?"
1833,866,18,43,120,181,1.4364640883977902,0.049713524627564634,658,I'm really more of a cat person.
2159,866,18,43,120,181,1.4364640883977902,0.049713524627564634,658,Should I be concerned this dog is searching for human shock collars?
2016,870,19,34,112,165,1.4363636363636363,0.05388862970743405,658,"Sure they speak, but can they kvetch?"
2306,870,21,30,114,165,1.4363636363636363,0.055243135969636314,658,I can’t be the only one who thinks that co-workers shouldn’t sniff each other’s butts without consent!
3389,870,19,34,112,165,1.4363636363636363,0.05388862970743405,658,"On the internet, they can't tell we're not dogs."
617,873,18,46,124,188,1.4361702127659575,0.04836443206093077,658,They say on the internet no one knows if you are a dog.
623,873,16,50,122,188,1.4361702127659575,0.04717350635374094,658,"Okay, you win. We'll try the robots."
4573,873,18,46,124,188,1.4361702127659575,0.04836443206093077,658,They will leave if you throw the ball...
4818,876,20,35,117,172,1.436046511627907,0.05289668241843481,658,"What else was I suppose to do, I smelled his butt too."
269,876,13,49,110,172,1.436046511627907,0.048187787029975615,658,Being promoted after only a year sounds fast but to him it felt like seven.
4772,876,16,43,113,172,1.436046511627907,0.0502599362003111,658,Just throw the ball!
2472,879,17,51,127,195,1.435897435897436,0.046542843339840816,658,"When they said I'd be working with canines, I thought I would be studying dentistry."
5429,879,19,47,129,195,1.435897435897436,0.04766521220310867,658,I know!  It feels like we’ve been chasing our tails all day!
2009,881,20,38,121,179,1.4357541899441342,0.051349002104080374,658,He pawed me and then tried to mount my leg.
5603,881,16,46,117,179,1.4357541899441342,0.048842985397427825,658,I guess Trump didn't think of how severely his mass-deportation proposal would affect call centers...
1915,883,15,41,107,163,1.4355828220858895,0.05151408215380799,658,"I thought ""telebarketer"" was a typo, didn't you?"
1783,884,21,39,126,186,1.435483870967742,0.05049185755644687,658,"Yeah, well, at least they're all Democrats"
2772,885,16,42,112,170,1.4352941176470588,0.050678733031674215,658,Things have really changed around here since we got that Alpo account.
2689,885,19,36,115,170,1.4352941176470588,0.052698908096074824,658,"He sniffed my butt!  I'm pretty sure that qualifies as sexual harassment, especially at this company!"
4585,887,19,39,119,177,1.4350282485875707,0.0511497321293486,658,This is the third time today Steve has asked me to go on a walk with him. Do you think he's trying to flirt with me?
3344,888,16,38,107,161,1.434782608695652,0.05270818578780073,658,"I told him three different times that I didn't want to go on a walk with him. You need to talk to him, Peter — he's your best friend."
3212,888,16,38,107,161,1.434782608695652,0.05270818578780073,658,"If I hear ""Who's a good boy"" one more time."
1890,890,13,50,112,175,1.4342857142857144,0.04760065326174992,658,I don't think the company fully understands what service dogs are used for.
1464,890,15,46,114,175,1.4342857142857144,0.04896105677912725,658,"Should I report any nuzzling, panting or licking as harassment?"
573,890,14,48,113,175,1.4342857142857144,0.04828564627233577,658,"Look, all I'm saying is that just because my lunch was in a doggy bag, doesn't mean it was up for grabs."
5176,893,19,51,135,205,1.4341463414634146,0.04596616132376692,658,They told me I was going to have to be a real bitch to fit in on Wall Street but I didn’t think they were serious!
2400,894,16,37,106,159,1.4339622641509433,0.05318327989128372,658,I think petting them will get you in a lot of trouble!
3484,894,14,41,104,159,1.4339622641509433,0.051664671374108316,658,I know! But on the Internet no one knows they’re dogs
3975,894,10,49,100,159,1.4339622641509433,0.048484969677154335,658,...and the HR poodle doesn't grasp why I find their way of greeting me offensive.
5227,897,17,48,124,189,1.433862433862434,0.047575248472622844,658,"In a call center, nobody knows you’re human."
2245,898,16,40,110,166,1.4337349397590362,0.05154462768517881,658,"And then he said 'Oh,I didn't realize that was your kibble in the fridge.'"
4834,899,17,51,128,196,1.433673469387755,0.04635814752012495,658,"If they had their way, they'd fetch and retrieve data all day long!"
5589,900,13,36,94,143,1.4335664335664335,0.05486248898536877,658,Because a cat would eat the computer mouse.
5364,901,21,33,119,173,1.4335260115606936,0.05328487368452088,658,They are out selling us. Throw the ball!
4617,902,22,34,124,180,1.4333333333333333,0.05232045649263551,658,"Karen? Yeah, she’s definitely a bitch."
3258,902,15,48,117,180,1.4333333333333333,0.04798872203530999,658,He gets his bowl at the table but I can't take a smoke break.
561,902,19,40,121,180,1.4333333333333333,0.0505095082960169,658,I guess they do dog obedience school online now.
1141,902,21,36,123,180,1.4333333333333333,0.05172385253601066,658,I thought interns were supposed to be good at fetching things.
2876,902,15,48,117,180,1.4333333333333333,0.04798872203530999,658,"One day they're playing poker, next day we're out of a job."
1935,907,14,40,103,157,1.4331210191082802,0.05212602768829321,658,"Are you sure the password is ""woof?"""
4972,907,15,38,104,157,1.4331210191082802,0.05290351670625326,658,Can you believe all the butt sniffing and tail wagging around here?
4927,909,19,46,129,194,1.4329896907216495,0.047822312909038794,658,"Okay, yes, the treats in the break room are paleo now, but why do we have to pee outside?"
4928,910,16,39,109,164,1.4329268292682926,0.051992398039627755,658,"When they said this was a human-friendly workplace, I should have asked more questions."
3830,910,21,29,114,164,1.4329268292682926,0.055473353507312584,658,"Believe it or not, incidents of crotch sniffing have actually gone down."
3094,910,13,45,106,164,1.4329268292682926,0.049787140474718765,658,"I don't have any proof, but I'd swear they were cheating at the poker game last night."
1829,913,15,44,112,171,1.432748538011696,0.04975917517235707,658,"He thinks I can't hear that high-frequency podcast, but I can - and, it's FILTHY!"
3247,914,20,50,138,208,1.4326923076923077,0.04598767776903847,658,The management says they spend less time on Facebook.
2982,915,17,43,118,178,1.4325842696629214,0.04965794610762817,658,It took forever just to get him to sit
3257,915,19,39,120,178,1.4325842696629214,0.05092024701202586,658,The supervisor has been sniffing around me again.
4660,915,15,47,116,178,1.4325842696629214,0.048362709472179896,658,"... so I said, 'sure, Bring Your Human To Work Day sounds like fun'"
4638,918,19,42,124,185,1.4324324324324325,0.04949967222214751,658,"Yes, their language training is showing progress, but have you visited the restrooms lately?!"
5083,918,21,38,126,185,1.4324324324324325,0.0506727378701904,658,"And at break they'll want to ""Get to know you by scent"".  At least you're not wearing a dress."
5545,918,19,42,124,185,1.4324324324324325,0.04949967222214751,658,Is it normal that my coworker tried to sniff my butt?
5674,918,18,44,123,185,1.4324324324324325,0.04890258831104493,658,"Don't worry, Jim. Just tell the boss that the dogs ate your project report."
4957,922,17,52,130,199,1.4321608040201006,0.04585066420795923,658,"Frisbees, squirrels, mailmen, open car windows - do you understand this video game?"
519,923,12,49,108,169,1.4319526627218935,0.048019179836766804,658,"I don’t understand a word they growl, but they really move product."
506,923,15,43,111,169,1.4319526627218935,0.05017139390728355,658,"If you want to keep your job here at PETA, you better tell HR you're adopted."
3985,925,14,48,114,176,1.4318181818181819,0.04807388056851844,658,I can't believe it. These guys just show up nude EVERY day!
2507,926,16,47,120,183,1.4316939890710383,0.048049749679118035,658,How should I know? I'm a temp too...
2539,927,17,48,125,190,1.431578947368421,0.04737924935796279,658,You become a dog after you say ‘Your call is really important to us’ the one-millionth time.
400,928,14,38,101,153,1.4313725490196079,0.05308240917615779,658,"I can deal with the constant barking, but have you seen the bathrooms?"
2056,929,13,49,112,174,1.4310344827586208,0.04776320716107592,658,He won't even shake hands.
1781,930,18,42,121,181,1.430939226519337,0.04967257443558444,658,I wouldn't worry about the boss—his bark is much worse than his bite.
5306,930,17,44,120,181,1.430939226519337,0.049050762449259065,658,Did you take my stress ball?
1157,932,16,49,123,188,1.4308510638297873,0.04713339759552943,658,"They're only colleagues, Jake, not your new ""best friends."""
4306,933,16,36,106,158,1.4303797468354431,0.05339938845512817,658,We'd  get a lot more done if they's quit prank-calling so many cats.
3139,933,15,38,105,158,1.4303797468354431,0.05263904475100425,658,Who keeps sending me this poodle porn?
5369,935,18,35,112,165,1.4303030303030304,0.053152114348697925,658,"On the plus side, we get free vet care after 7 dog years."
1227,936,16,42,114,172,1.430232558139535,0.05021468621432616,658,Why do we always have to sit next to the sub-woofers?
923,937,21,35,123,179,1.4301675977653632,0.051916111412488614,658,I asked them to leave but they insist they're search dogs.
1123,937,18,41,120,179,1.4301675977653632,0.05006965676215789,658,"Are you a ""Service Human"" too?"
5183,937,14,49,116,179,1.4301675977653632,0.047496186517748985,658,"Don't get me wrong, the all-species fire hydrant is really inclusive but I think we need our own bathroom."
551,940,18,44,124,186,1.4301075268817205,0.04869449323981182,658,I don’t understand why she had to bark at me like that. How was I supposed to know they broke up?
3272,940,12,56,118,186,1.4301075268817205,0.04497130017328028,658,When did IT block cat videos?
3849,940,16,48,122,186,1.4301075268817205,0.047485875735280264,658,"It’s like we read in The New Yorker over a decade ago, “On the internet, no one knows you’re a dog”."
5374,940,16,48,122,186,1.4301075268817205,0.047485875735280264,658,"No need to bark at me, just use your regular speaking voice."
313,944,23,37,133,193,1.4300518134715026,0.050179325305249586,658,They're all bark. Gary doesn't even know what a byte is.
2567,945,15,34,100,149,1.429530201342282,0.05491863080198219,658,And we worried that we could be replaced by robots.
1847,946,18,31,107,156,1.4294871794871795,0.055404505052215884,658,"I don't care that they're dogs, but they're Republicans!"
4809,947,16,38,109,163,1.4294478527607362,0.05219511193026197,658,Did you see what Max did when the mail came?
928,947,15,40,108,163,1.4294478527607362,0.05146444741152521,658,"Alright, they can stay, but you're walking them."
4015,947,14,42,107,163,1.4294478527607362,0.05072325882013806,658,He smelled my butt too.
4253,950,16,41,113,170,1.4294117647058824,0.05063225082303337,658,Just watch how productivity drops when you pull up a cat video.
1943,951,18,40,119,177,1.4293785310734464,0.05047515357687083,658,"It's not a bad job but it's fetch this, fetch that; or yes, who's a good boy."
4317,951,17,42,118,177,1.4293785310734464,0.04983512609817417,658,Why the sudden ban on watching cat videos?
1514,953,11,57,116,184,1.4293478260869565,0.044634122046802734,658,They've been fetching data all day.
309,954,14,54,123,191,1.4293193717277486,0.04539888170578326,658,"""You want your ball back, you're going to have to get it yourself."
5370,955,12,57,120,189,1.4285714285714286,0.044475793450147856,658,The boss keeps all the new employees on a short leash.
4664,955,19,37,119,175,1.4285714285714286,0.05153064127664587,658,These new hires are such brown-nosers!
5347,955,26,29,134,189,1.4285714285714286,0.052593899528728845,658,"Sure they’re cute, but you’re looking at your replacement.  They’re friendly and loyal and will work for table scraps."
5338,955,19,34,115,168,1.4285714285714286,0.05311204039175813,658,"Oh, pleeease. Don't even try to blame the dog!"
4383,955,18,42,122,182,1.4285714285714286,0.04945560858908134,658,"If you want someone to fetch you coffee, I suggest you ask one of your new best friends."
2938,955,20,32,116,168,1.4285714285714286,0.05377894415108444,658,What should I do ? This Great Dane next to me just emailed and asked if  I wanted to go out for a bite.
4214,955,18,42,122,182,1.4285714285714286,0.04945560858908134,658,I hate this place and all the buttsniffers who work here.
4211,955,14,47,114,175,1.4285714285714286,0.0482389859493689,658,"Psst, they're sending each other videos of humans doing regular everyday activities."
2993,955,14,56,126,196,1.4285714285714286,0.04459246239863209,658,They aren’t  following the commands.
2743,955,11,56,115,182,1.4285714285714286,0.044954063727885574,658,Fetch me a file!  Fetch me a file!!  Are they kidding?
4262,955,20,35,120,175,1.4285714285714286,0.0521640530957301,658,Do you think we have to pee outside too?
1269,966,24,35,135,194,1.4278350515463918,0.05050085417771726,658,Who's George Orwell?
2491,967,15,47,118,180,1.4277777777777778,0.04794378792366116,658,So how did you remove your shock collar?
4406,967,20,37,123,180,1.4277777777777778,0.05107810717541264,658,"I thought ""on the Internet, no one knows you're a dog"" was just a meme."
5672,969,16,39,111,166,1.427710843373494,0.05149553450316968,658,Did you take my squeakie toy?
4181,969,21,29,116,166,1.427710843373494,0.05492619433754771,658,"Don't worry; on the Internet, nobody knows you're not a dog!"
1799,969,13,45,108,166,1.427710843373494,0.049322733332448104,658,You're also here for 'Bring Your Human to Work Day'?
1018,969,13,45,108,166,1.427710843373494,0.049322733332448104,658,"I guess it's true. On the internet, no one really does know you're a dog."
2406,969,20,31,115,166,1.427710843373494,0.054257418610529885,658,"It’s embarrassing, dad keeps promoting other family members ahead of us."
4434,974,15,38,106,159,1.4276729559748427,0.052376922881568595,658,Trust me--don't do it. You won't believe what they did to the last whistleblower.
2187,975,15,35,102,152,1.4276315789473684,0.054111194853958364,658,"There's no way we're in the running for ""Good Boy of the Month""."
5180,976,17,28,100,145,1.4275862068965517,0.05768924179921658,658,He’s growling because the Google image results for ‘hot dog’ weren’t quite what he wanted.
4742,977,21,40,131,192,1.4270833333333333,0.049258010735131356,658,Resistance meeting tonight. 8pm. Former Hello Kitty store.
1425,977,15,52,125,192,1.4270833333333333,0.04581622519034347,658,Do we get walk breaks too?
4691,979,23,33,129,185,1.427027027027027,0.051779402163331656,658,We flattered ourselves worrying about robots.
1681,979,16,47,122,185,1.427027027027027,0.047642687186267955,658,I never thought I would have to walk my co-workers!
4737,981,14,48,116,178,1.4269662921348314,0.047655155358204304,658,"So it's not just an expression, to work like a dog?"
824,981,21,34,123,178,1.4269662921348314,0.05210924713231112,658,"Remember that New Yorker cartoon, ""On the Internet, no one knows you're a dog""... well, here we are!"
1822,983,14,45,112,171,1.4269005847953216,0.04901375350529407,658,"This is turning into an HR nightmare. He won't stop marking ""his"" computer."
495,983,23,27,121,171,1.4269005847953216,0.05496856446294878,658,The big fella next to me is really into cat videos.
252,985,16,38,110,164,1.4268292682926829,0.051941921036743416,658,"Just when I mastered Pekingese, I got a guy who speaks Poodle."
1452,986,18,45,127,190,1.4263157894736842,0.04792213268090147,658,Corporate likes them because they’ll work overtime for an ear scratch and a “Good Dog”.
2788,986,20,41,129,190,1.4263157894736842,0.04907056537028814,658,Diversity hiring has gone too far.
294,988,21,36,126,183,1.4262295081967213,0.051036838196338113,658,I've had it! I can't stand everyone barking at me all day.
91,989,16,43,117,176,1.4261363636363635,0.049359459654447047,658,Just read the updated LGBTQK9-Inclusive Workplace Policy.
3678,990,13,46,110,169,1.4260355029585798,0.04869581280422444,658,All the hot leads went to young retrievers and Power pointers.
4828,990,17,38,114,169,1.4260355029585798,0.05150778287989896,658,Are you getting a lot of pop-ups for bacon?
1684,990,17,38,114,169,1.4260355029585798,0.05150778287989896,658,I thought robots were going to replace us.
1882,993,17,35,110,162,1.4259259259259258,0.053125281132464466,658,"Can we talk, you know . . . person to person?"
2481,993,16,37,109,162,1.4259259259259258,0.05239860932602944,658,That's not what I meant when I said it was going to be a three dog night!
5111,995,11,44,100,155,1.4258064516129032,0.050092823010879965,658,"Well, I can learn new tricks TOO!"
4937,996,12,56,120,188,1.425531914893617,0.04460846175027252,658,"I mean, I like the pay and the benefits, but what's with the fire hydrants in the restroom?"
3229,996,16,48,124,188,1.425531914893617,0.04709004176538208,658,The boss has been barkin' orders at me all day.
4669,996,18,44,126,188,1.425531914893617,0.048283026213519174,658,"I don't care that no one knows they're dogs, I know they're dogs!"
4864,999,21,35,125,181,1.425414364640884,0.05145014749428727,658,And you say I’m the bitch here?
103,999,17,43,121,181,1.425414364640884,0.049005798232084535,658,Have you ever got an invite to their after-work poker games?
2864,999,17,43,121,181,1.425414364640884,0.049005798232084535,658,I'm worried that I don't fit in here
2731,1002,15,44,115,174,1.4252873563218391,0.04908596999897506,658,They are trying to prove that on the Internet no one knows you're a dog.
2166,1003,16,39,112,167,1.4251497005988023,0.051250283522378676,658,I can only imagine what they licked to get transferred up here.
2386,1004,15,38,107,160,1.425,0.052117127401205256,658,"I received an HR notification that said, ""No leg humping."""
3587,1004,17,51,132,200,1.425,0.04563207678991615,658,I said they have a pedigree not a phd!
4486,1006,12,41,100,153,1.4248366013071896,0.0513766540644848,658,They got a contract to map the location of the city's fire hydrants.
1535,1007,13,53,120,186,1.424731182795699,0.04556667531675792,658,I liked it better when the robots were going to take our jobs.
2409,1008,20,50,142,212,1.4245283018867925,0.04529959605957645,658,"Stop saying, ‘Good girl, good girl’!"
5552,1009,13,47,112,172,1.4244186046511629,0.04808923499765444,658,"First, we pick-up their poo and now, they're coming after our jobs!"
5582,1010,13,44,108,165,1.4242424242424243,0.04949972575010827,658,He's sniffing me again.
4400,1011,18,42,124,184,1.423913043478261,0.049026754654109224,658,He just asked me to be his bitch!
1032,1011,20,38,126,184,1.423913043478261,0.050223657118925256,658,"Not only did he drop the ball, but he can't keep his paws off me."
1978,1011,17,44,123,184,1.423913043478261,0.04841720913757468,658,I had to file another report with HR this morning after Larry started sniffing everyone's butts again.
3015,1011,16,46,122,184,1.423913043478261,0.04779989131189599,658,They sure weren't kidding about equal opportunity
816,1015,21,33,123,177,1.423728813559322,0.052303248297361105,658,"I taught Buddy how to log on, and now he and his friends watch cat videos all day!"
2582,1016,14,44,112,170,1.423529411764706,0.04918616558081879,658,They're Mac Labs.
3244,1016,19,34,117,170,1.423529411764706,0.05260558055867374,658,Not thinking this is what 'Computer Labs' meant
4423,1016,17,38,115,170,1.423529411764706,0.05126519108875492,658,"When did ""Bring your dog to work"" turn into ""Bring your dog, to work""?"
1407,1019,17,35,111,163,1.4233128834355828,0.052862974697590444,658,A Dachshund was sitting here before me. You would not believe the websites he was viewing.
2097,1019,15,39,109,163,1.4233128834355828,0.0514102457667752,658,At least they're not pigs like the last guys...
3866,1019,14,41,108,163,1.4233128834355828,0.050668264305789044,658,They're used to being tied up all day.
2422,1022,13,40,103,156,1.4230769230769231,0.0514781198057127,658,...yet they still insist on drinking water from the toilet bowl.
1454,1023,16,31,102,149,1.4228187919463087,0.05567813886311421,658,I just don't think it's fair that their lunch break is seven times as long.
1929,1024,20,39,128,187,1.4224598930481283,0.049616338529589195,658,They applied via the Internet. I didn't know they were dogs.
814,1025,23,30,127,180,1.4222222222222223,0.052825536234220996,658,"Seriously, Brad? The password for every computer is ""boner""?"
4336,1025,19,38,123,180,1.4222222222222223,0.050420673267121706,658,And my mouse -- it's an actual mouse!
5203,1025,19,38,123,180,1.4222222222222223,0.050420673267121706,658,"If one more new hire sniffs my crotch, I'm calling animal control!"
2414,1028,9,47,98,154,1.422077922077922,0.04856175010140448,658,I fetched the report last time; it's your turn.
2723,1029,14,45,114,173,1.4219653179190752,0.048570273913117655,658,And I hear someone named Rex is replacing Ruth in accounting!
4033,1029,17,39,117,173,1.4219653179190752,0.05060347333308599,658,I can handle their attitude. Just spare me the dogsplaining!
3223,1031,23,35,134,192,1.421875,0.05031210536358947,658,And now if I complain about anything I just sound like a whiny bitch.
438,1032,17,44,124,185,1.4216216216216215,0.04820927057623016,658,Our jobs are safe- most callers still prefer to talk to a human being.
3304,1033,19,37,122,178,1.4213483146067416,0.05082911764230227,658,Now we know who's watching all those cat videos...
135,1034,18,47,132,197,1.4213197969543148,0.046650597826295964,658,"Yes, but last Summer's interns never humped my leg!"
299,1035,16,40,115,171,1.4210526315789473,0.05034596870031153,658,"I'm all for non-discrimination in hiring, but have you seen the bathroom lately?"
1259,1035,11,42,99,152,1.4210526315789473,0.05072351722328625,658,Who logged the dogs out?
4814,1035,10,52,109,171,1.4210526315789473,0.0460643014355621,658,I think the one with glasses is a rescue.
5239,1035,13,46,112,171,1.4210526315789473,0.04825264982940873,658,"I put my yogurt in the fridge with my name on it, and he eats it anyway."
2168,1039,18,41,124,183,1.4207650273224044,0.049193670334607656,658,Doesn't it feel like we should be taking the lead here?
281,1040,18,46,131,195,1.4205128205128206,0.04698635319055102,658,They want gender neutral fire hydrants.
1896,1041,16,42,118,176,1.4204545454545454,0.04930897933175132,658,This test is biased.  How am I supposed to know the best diet for a shiny coat?
5463,1041,16,42,118,176,1.4204545454545454,0.04930897933175132,658,He isn’t a good boy when he steals my sales leads.
5382,1043,13,40,104,157,1.4203821656050954,0.05122011924337503,658,"By the way, the bathrooms are mammal specific."
1468,1043,11,44,102,157,1.4203821656050954,0.04960022157863151,658,I'm just getting tired of always having to fetch them things
1975,1045,21,37,130,188,1.4202127659574468,0.049975301525681894,658,This caller only wants to get tech support from a purebred.  Can I transfer her to Fluffy?
3497,1045,19,41,128,188,1.4202127659574468,0.04882368457739412,658,How come we don't get to go for a walk
578,1047,21,29,119,169,1.4201183431952662,0.05412395555823371,658,He called me the B word.
1324,1047,16,39,114,169,1.4201183431952662,0.05076603859467694,658,Where is the ladies hydrant?
1455,1047,13,45,111,169,1.4201183431952662,0.04864014329946172,658,'Now they'll expect us to work like dogs too!'
3522,1047,17,37,115,169,1.4201183431952662,0.05145515574489027,658,And they spend all day playing poker.
494,1051,12,39,99,150,1.42,0.05204541125031837,658,I'm tired of them barking orders at me.
2611,1052,14,45,115,174,1.4195402298850575,0.048351181945308214,658,What kind of best friend steals your other friends' jobs?
4391,1052,14,45,115,174,1.4195402298850575,0.048351181945308214,658,The Retrievers are great on info research but the Toys can't seem to focus.
4707,1054,12,41,102,155,1.4193548387096775,0.05085854253021713,658,"I know, but they have great instincts."
3410,1054,21,36,129,186,1.4193548387096775,0.050366377114497624,658,All they do is stream cat videos all day!
4447,1054,16,46,124,186,1.4193548387096775,0.047393657273951645,658,Our co-workers can be real bitches.
9,1057,11,48,108,167,1.4191616766467066,0.04754209880913893,658,I think it’s time we ask about the elephant in the room.
222,1058,17,41,121,179,1.4189944134078212,0.04934299974365802,658,"Walk to the end and turn right, and you’ll see the pole."
2683,1058,16,43,120,179,1.4189944134078212,0.048702781492074555,658,They can't just play dead everytime we try to confront them.
5030,1058,15,45,119,179,1.4189944134078212,0.04805403444485056,658,I just feel that you and I are kept on a shorter leash.
5380,1061,23,34,134,191,1.418848167539267,0.05048460299012194,658,I don't think it's coffee breath.
2909,1062,16,35,109,160,1.41875,0.05280785375527957,658,Have you ever worked with such a pack of whiners?
2308,1063,15,42,115,172,1.4186046511627908,0.04942910345194765,658,"Hey, how come the annual reports all need to show the last 7 years?"
2949,1063,15,42,115,172,1.4186046511627908,0.04942910345194765,658,And they even got a hydrant in the bathroom.
5133,1065,15,47,122,184,1.4184782608695652,0.04712485939797372,658,Doesn’t anyone play outside anymore?
4451,1065,11,55,118,184,1.4184782608695652,0.04453275478014459,658,How can we compete with these new interns? Some of them are actually BRED to program software!
1863,1065,19,39,126,184,1.4184782608695652,0.049581634687140906,658,Psst! I thought we are supposed to be replaced by machines.
3505,1065,17,43,124,184,1.4184782608695652,0.04836884778205848,658,"Silly me, I was worried about robots."
3602,1065,17,43,124,184,1.4184782608695652,0.04836884778205848,658,"Then he said ""..on the Internet nobody knows you're a person! """
5042,1070,13,38,102,153,1.4183006535947713,0.052142255904289204,658,If they want to go out for dog food again let's not go.  What do you say?
2880,1071,15,39,111,165,1.4181818181818182,0.050913842033604745,658,"Even though I wrote my name clearly on the half sandwich, the big one ate it anyway!"
4631,1071,18,33,114,165,1.4181818181818182,0.05304666625382815,658,All the girls here are bitches.
5128,1071,13,43,109,165,1.4181818181818182,0.049440870245254336,658,Whistling in here can be taken the wrong way.
3699,1074,18,38,121,177,1.4180790960451977,0.050378047843941835,658,"If I have to affirm ""Who's a good boy"" one more time, I'm finding a new coworking environment."
5019,1074,22,30,125,177,1.4180790960451977,0.052865423918829944,658,How much were u paid to take the test for the poodle?
3528,1076,14,51,124,189,1.417989417989418,0.04562931195517096,658,"Like I  told you, our new boss is keeping everyone around here on a short leash."
4796,1077,20,31,119,170,1.4176470588235295,0.05321120753985915,658,Maybe if you rang the doorbell?
1516,1077,16,39,115,170,1.4176470588235295,0.050527002986055405,658,They'll sit for hours once they've walked around in a circle three times.
187,1079,17,39,119,175,1.417142857142857,0.05013891095489515,658,"Whatever you do, don't tweet ""Who's a good boy?"""
539,1079,15,43,117,175,1.417142857142857,0.04881134603511078,658,"No, Todd, there's not such thing as a 401K-9 match plan!"
1818,1079,15,43,117,175,1.417142857142857,0.04881134603511078,658,Can't we complain that pooping on the floor and growling create a hostile work environment?
4323,1082,14,50,123,187,1.4171122994652405,0.0459582705429093,658,The customers keep telling me they don't understand my accent!
818,1083,18,39,123,180,1.4166666666666667,0.049751087439649844,658,"They don't fetch anymore, they just reorder!"
4498,1083,18,39,123,180,1.4166666666666667,0.049751087439649844,658,"Have you seen the way Dave stares at me while I'm eating? I went to human resources, but they said it wasn't their department."
4977,1083,14,42,112,168,1.4166666666666667,0.04953207526817938,658,Doesn’t this library have anything besides cat videos?
5405,1083,16,33,107,156,1.4166666666666667,0.05377274526601388,658,Do you feel tech is hiring younger and younger these days? The girl right next to me is two.
3064,1087,19,39,127,185,1.4162162162162162,0.049364751714652995,658,"On the other hand, they aren’t acting the least bit catty."
1625,1087,19,39,127,185,1.4162162162162162,0.049364751714652995,658,Carl has been looking at cat videos all morning.
1229,1089,12,48,113,173,1.416184971098266,0.04710844519098211,658,"So, you coming to poker night?"
2530,1089,14,44,115,173,1.416184971098266,0.04851424820156593,658,"On the Internet, nobody knows you're a dog."
4962,1091,12,43,106,161,1.4161490683229814,0.0494998323379902,658,They keep saying pound instead of hashtag
366,1092,12,50,116,178,1.4157303370786516,0.04619597682150584,658,"It's better than the rat race, but not by much."
5416,1092,16,42,120,178,1.4157303370786516,0.048867045774922326,658,"This isn't what I meant when I said we should visit the 
Computer Labs."
1261,1094,17,35,114,166,1.4156626506024097,0.05209004375321887,658,I just wish Milo didn't pee every time he got a sale.
1984,1094,13,43,110,166,1.4156626506024097,0.049206658672390276,658,Some crazy tax credit for hiring rescue dogs.
4874,1094,14,41,111,166,1.4156626506024097,0.04994311371779802,658,I just wish they would drink from the water cooler.
1489,1097,21,39,135,195,1.4153846153846155,0.04860024458335459,658,They are supposed to be taking online obedience classes but they're playing video poker instead.
5355,1098,14,48,121,183,1.4153005464480874,0.046635803526885344,658,"They're not that helpful, but people seem to love them."
901,1098,16,44,123,183,1.4153005464480874,0.04790612331792743,658,Have you been invited to the poker game?
2104,1098,19,38,126,183,1.4153005464480874,0.04975082283222859,658,"Stop eating burritos and stop blaming the dogs."""
387,1101,16,39,116,171,1.4152046783625731,0.050289997622751624,658,"Since the buyout, we've only been paid in Kibbles 'n Bitcoin."
2190,1101,19,33,119,171,1.4152046783625731,0.05230183753664467,658,Emotional support meets customer support.
5680,1101,17,37,117,171,1.4152046783625731,0.050969435061620674,658,"When you said we would be ""working like dogs"" I thought you meant it as an expression."
1885,1104,18,30,111,159,1.4150943396226414,0.05449457778017845,658,The guy next to me watches cat videos on YouTube all day!
2737,1105,18,37,121,176,1.4147727272727273,0.050555868192888535,658,The bugs in this computer turned out to be fleas.
4951,1105,19,35,122,176,1.4147727272727273,0.051194051155107695,658,I just don’t think they should get any credit if all they do is watch cat videos.
4153,1107,13,42,109,164,1.4146341463414633,0.049615036830823224,658,Figures. They just made the Golden Retriever Executive Director.
4954,1108,13,49,119,181,1.4143646408839778,0.04632691766786041,658,What should I do? He double dog dared me!
5071,1108,18,39,124,181,1.4143646408839778,0.049528982138035964,658,Fluffy told me that the new boss’s bark is way worse than his bite.
1459,1108,17,41,123,181,1.4143646408839778,0.04890534446688676,658,It’s fine.  But then they ought to be wearing pants.
2917,1108,17,41,123,181,1.4143646408839778,0.04890534446688676,658,All they ever do is play online poker.
1375,1112,15,40,114,169,1.4142011834319526,0.050009127498728795,658,"No, you fetch it!"
4739,1112,14,42,113,169,1.4142011834319526,0.04929980177495065,658,"Not to be judgy, but they seem to have an unhealthy obsession with squirrel videos."
5296,1114,18,46,134,198,1.4141414141414141,0.04641713784310615,658,"Wait, so they actually want me to drop the ball?"
153,1115,15,35,107,157,1.414012738853503,0.05272625200445967,658,And they get 14-weeks paid vacation in dog years!
1719,1116,21,30,123,174,1.4137931034482758,0.05289031519308593,658,The Russians were just a cover--it was the dogs the entire time...
2685,1116,12,48,114,174,1.4137931034482758,0.04689795868400316,658,I was hoping to be replaced by a robot.
3561,1116,19,34,121,174,1.4137931034482758,0.051618832853072324,658,"I'm telling you, it's a frickin' goat."
2853,1119,17,45,129,191,1.4136125654450262,0.04704687932797504,658,What's weird is all 3 of them are playing Sudoku.
348,1120,16,35,111,162,1.4135802469135803,0.052281042398258745,658,"Come on, it's your turn to shout ""walkies"" at the top of your voice"
89,1121,15,44,120,179,1.4134078212290502,0.04799927199464477,658,And all along I thought we'd be replaced by robots!
5199,1122,19,43,134,196,1.413265306122449,0.047304504252298984,658,"When they said this is a 'K-9 school,' I thought they meant kindergarten through ninth grade."
5302,1122,20,41,135,196,1.413265306122449,0.04785441198377604,658,I wish Tina would stop being such a bitch.
394,1124,16,37,114,167,1.4131736526946108,0.05113636104542334,658,At least they don't let the ball drop.
451,1124,20,29,118,167,1.4131736526946108,0.05388419887628257,658,I'm trying to work here and this dude next to me is watching cat porn!
4786,1124,15,39,113,167,1.4131736526946108,0.05042601068967452,658,"I feel like yelling, ""Who wants to go for a walk!"""
412,1127,16,44,124,184,1.4130434782608696,0.04769848417275596,658,It's sad to see; they hardly go outside or socialize in a real setting anymore.
2129,1127,13,50,121,184,1.4130434782608696,0.04579252994376839,658,"If they forward one more cute puppy video, I'm gonna scream."
1001,1129,14,36,105,155,1.4129032258064516,0.05241315099765135,658,You should've checked to see if the previous user marked his territory.
5341,1129,18,28,109,155,1.4129032258064516,0.05551834939682643,658,Do you think we'll ever be invited to their after-work poker game?
4973,1131,17,37,118,172,1.4127906976744187,0.05072970202743765,658,Karen from HR is a bitch
2735,1131,17,37,118,172,1.4127906976744187,0.05072970202743765,658,Who knew 'support animal' would become such a thing?
688,1131,19,33,120,172,1.4127906976744187,0.05205287292552944,658,"Finally, a real person"
4569,1134,16,34,110,160,1.4125,0.052745010792699734,658,You really can't get ahead here unless you sniff a lot of butts.
1344,1135,10,53,114,177,1.4124293785310735,0.044932129154200175,658,"I feel like, since we CAN speak, we SHOULD speak."
2311,1135,11,51,115,177,1.4124293785310735,0.045640963680859126,658,I'm not using that fire hydrant.
4377,1135,14,45,118,177,1.4124293785310735,0.04770431397558118,658,Do you also get the feeling that all the call-ins from cats are being forwarded to us?
5520,1135,14,45,118,177,1.4124293785310735,0.04770431397558118,658,"First, they make us work like them, but now we have to work with them?"
755,1139,20,40,134,194,1.4123711340206186,0.04820652616674061,658,How was I supposed to know the head of HR was just neutered?
4263,1140,17,34,114,165,1.412121212121212,0.052285445714329574,658,"He's just on PetMD all day, looking up hip dysplasia and anal gland expression!"
5612,1141,19,37,126,182,1.4120879120879122,0.049920526540805886,658,They retrieve data ‘til they drop!
5195,1142,8,54,108,170,1.411764705882353,0.04461088703661987,658,AND that's the third time I've complained about the sniffing
3613,1142,17,43,127,187,1.411764705882353,0.047746683423082435,658,I can't stand working with these bitches.
5157,1144,18,43,131,192,1.4114583333333333,0.047429218316062484,658,"This ""service dog"" thing has gotten way out of hand!"
3443,1145,14,44,117,175,1.4114285714285715,0.04807531818537847,658,Is it me or are the new interns' emails unintelligible?
3574,1145,15,42,118,175,1.4114285714285715,0.048753642567680736,658,I liked it better when we didn't know who we were chatting with.
656,1147,15,37,111,163,1.4110429447852761,0.051288082633883236,658,YOU go fetch!
5106,1147,9,49,105,163,1.4110429447852761,0.04664788578302828,658,How can I unfriend them when they profess to be my best friend?
2031,1149,13,50,122,185,1.4108108108108108,0.045599022030912324,658,"Be careful.  Compared to us, they'll work for literally kibbles on the dollar."
2744,1149,16,44,125,185,1.4108108108108108,0.04749246287483003,658,You should see what they’ve done to the water cooler!
3096,1149,18,40,127,185,1.4108108108108108,0.04871388757919137,658,I feel like I’m W-A-L-K-ing on eggshells around here...
210,1152,12,45,111,168,1.4107142857142858,0.048007310077196566,658,I don't believe they're really service animals.
5034,1152,12,45,111,168,1.4107142857142858,0.048007310077196566,658,It’s not fair — our probation period is seven times as long as theirs.
4901,1154,18,42,130,190,1.4105263157894736,0.047779705242275594,658,and we were worried about  robots taking over
4644,1154,20,38,132,190,1.4105263157894736,0.048931480849372766,658,The rumors are true. This place has gone to the dogs.
4125,1154,15,48,127,190,1.4105263157894736,0.0459979983850172,658,"At this rate I'll never make ""Good Boy of the Month""."
2698,1154,17,44,129,190,1.4105263157894736,0.047193277492687875,658,"Working together is okay, but lunch and bathroom breaks are bad news."
765,1158,15,41,117,173,1.4104046242774566,0.049142831296829906,658,"""He keeps mumbling 'Is that supposed to be cute?' at every cat video!"""
1105,1158,14,43,116,173,1.4104046242774566,0.04845414876708697,658,I keep getting man's best friend requests.
4161,1158,13,45,115,173,1.4104046242774566,0.04775553577981622,658,I overheard one of them suggesting our company softball team be replaced with ultimate frisbee.
4671,1158,16,39,118,173,1.4104046242774566,0.04982199517275853,658,Do you want to go for a Dubya-Ay-El-K?
176,1162,11,42,103,156,1.4102564102564104,0.04970699497251125,658,But we can't eat at our desks?
1683,1163,14,45,119,178,1.4101123595505618,0.047492109536784656,658,I thought we weren't allowed to eat at our desks.
4376,1163,16,41,121,178,1.4101123595505618,0.04881045392527687,658,You gotta go out? Want to go for a walk?
1037,1163,13,47,118,178,1.4101123595505618,0.04681901853077593,658,"Is the password ""bow wow"" or ""woof woof""?"
1586,1163,16,41,121,178,1.4101123595505618,0.04881045392527687,658,"Oh, so Lucky can eat at his desk, but we have to go to the cafeteria?"
1387,1167,13,40,108,161,1.4099378881987579,0.05021077444431837,658,"I just don't feel we're part of the pack here."""
1922,1168,17,34,115,166,1.4096385542168675,0.05202878493647681,658,"Yes I know, they can hear things that we do not!!"
2260,1168,11,46,109,166,1.4096385542168675,0.04763274463223228,658,I feel like we’re the only ones who aren’t incredibly loyal to this company!
4856,1168,15,38,113,166,1.4096385542168675,0.050605886631009525,658,They don't need a green card and work for kibble.
2032,1171,17,43,128,188,1.4095744680851063,0.047542510502223044,658,The caller wants to lick my face.  I think I’ll  transfer him to my supervisor.
2093,1172,15,40,116,171,1.409356725146199,0.04954038122434039,658,Your turn to remind them that the ‘brief survey at the end of the call’ is not ‘who’s a good boy?’
2307,1172,17,36,118,171,1.409356725146199,0.050910198104719494,658,"On the internet, nobody knows that they’re dogs."
4291,1172,15,40,116,171,1.409356725146199,0.04954038122434039,658,"Believe me, if you want to get promoted around here, you have to be willing to chase balls after work."
3864,1175,18,36,122,176,1.4090909090909092,0.0504992781694119,658,"I'm delegating tasks to Rosco, but he's just giving them right back to me."
3572,1175,18,27,109,154,1.4090909090909092,0.055748136400536184,658,This is not what I meant by doing it doggy style!
2746,1175,15,42,119,176,1.4090909090909092,0.0485321738728696,658,"Remember when it was just ""bring your dog to work?"""
2252,1175,15,42,119,176,1.4090909090909092,0.0485321738728696,658,"Look, if you want to do well here you have to work like a dog."
493,1179,12,41,106,159,1.4088050314465408,0.04984957587373051,658,"I don't get it. We can't get cigarette breaks, but there always seems to be time for chasing tennis balls."
767,1179,17,31,111,159,1.4088050314465408,0.05369392604653579,658,They were cuter playing poker.
1378,1179,15,35,109,159,1.4088050314465408,0.052190178218615414,658,I have to go and I'm out of bags - do you have any?
2755,1179,15,35,109,159,1.4088050314465408,0.052190178218615414,658,My medical benefit is for a veterinarian and an animal hospital.
165,1183,18,40,128,186,1.4086021505376345,0.048501592072527744,658,"Well you know what? I wouldn’t mind, but they make more than I do."
3894,1183,23,30,133,186,1.4086021505376345,0.05141028717493111,658,How's life been T-R-E-A-T-ing you?
258,1185,15,37,112,164,1.4085365853658536,0.051035971498743726,658,He's brought the same thing for lunch every day for two years.
896,1185,16,35,113,164,1.4085365853658536,0.05176376228509495,658,They're getting better reviews than us for friendliness.
2495,1187,15,50,131,196,1.4081632653061225,0.0449858803290237,658,"It has reduced the gossiping, but the panting is still annoying."
489,1188,11,49,114,174,1.4080459770114941,0.04612005189183274,658,It's like they're obsessed with cat videos.
509,1189,14,45,120,179,1.4078212290502794,0.04728158864370943,658,They've got a combined 140 years of experience.
615,1189,15,43,121,179,1.4078212290502794,0.04794078976519711,658,"Teach them to not just play with a mouse, you said.  What could go wrong, you said."
2455,1189,19,35,125,179,1.4078212290502794,0.05049160442947254,658,The Best In Show fantasy league just launched.
4215,1189,18,37,124,179,1.4078212290502794,0.04986613499384583,658,It just feels different when they call me a bitch.
4251,1189,19,35,125,179,1.4078212290502794,0.05049160442947254,658,Looks like we're in for a three-dog night.
4347,1189,17,39,123,179,1.4078212290502794,0.049232720020191655,658,It started as a dog-friendly policy.
316,1195,13,38,106,157,1.4076433121019107,0.05108284734837403,658,Bring your pet to work day is getting out of hand.
2153,1196,12,42,108,162,1.4074074074074074,0.049190639413107584,658,It was fine with me when all they could do was shake hands and fetch!
4557,1196,21,35,133,189,1.4074074074074074,0.04966102296801598,658,And we thought computers would replace us.
548,1196,15,36,111,162,1.4074074074074074,0.05147584592966833,658,Did you bring any plastic bags?
1980,1196,17,43,129,189,1.4074074074074074,0.04733992016163986,658,They are better at programming since they don't get distracted with internet porn.
1861,1200,17,34,116,167,1.407185628742515,0.05177443587327626,658,They're guide dogs for the technology impaired
2044,1200,14,40,113,167,1.407185628742515,0.049640282123672844,658,I'm not sure hiring domesticated talent is any better than recruiting internationally.
5633,1200,16,36,115,167,1.407185628742515,0.051072960978420616,658,"I objected, but he STILL gave them security clearances."
3442,1203,16,49,134,199,1.407035175879397,0.04506793758163626,658,This explains the Frisbee yard.
1050,1204,18,34,120,172,1.4069767441860466,0.051335896464784585,658,And people worry about their jobs being replaced by robots!
4952,1205,14,44,119,177,1.4067796610169492,0.04764344720249893,658,Do sick days roll over as well?
3312,1206,13,48,121,182,1.4065934065934067,0.046068190579116534,658,"They gave me a raise,but it was just more tennis balls"
4245,1206,14,46,122,182,1.4065934065934067,0.046722488708638904,658,My main complaint is there are no more vegan choices in the cafeteria!
516,1206,17,40,125,182,1.4065934065934067,0.048632594572099015,658,"You didn't tell me ""computer lab"" had a different connotation in the west."
1906,1206,17,40,125,182,1.4065934065934067,0.048632594572099015,658,Told you we needed a union
3201,1210,21,21,113,155,1.4064516129032258,0.05767218382425737,658,"Can you believe it? His userid is ""Getthefuckoffthecouch"""
4700,1211,12,52,123,187,1.4064171122994653,0.044575928283770605,658,"You think you know your coworkers, but then the full moon comes out and BOOM!"
784,1212,20,38,134,192,1.40625,0.048514275484943296,658,Are we the only two in this callcenter that speak English?
1626,1212,8,49,103,160,1.40625,0.046324731396886816,658,...And they are so happy to please the customers!
4160,1212,16,46,130,192,1.40625,0.04621130639322952,658,Now our call-ins are asking to speak to an American dog.
4529,1215,16,35,114,165,1.406060606060606,0.05150862964672518,658,The headphones aren't helping. I can still hear 'Who Let the Dogs Out.'
5135,1215,11,45,109,165,1.406060606060606,0.04778692057505423,658,"We can't leave the building to have a cigarette but these guys get to go out anytime they want to poop.  How is that fair?"""
3264,1217,20,29,121,170,1.4058823529411764,0.053095648099403384,658,No one knows I'm a person.
3916,1218,19,33,123,175,1.4057142857142857,0.05131898559889281,658,"Rocco just licked himself again. That does it, I'm requesting a transfer to the sporting group."
4173,1218,13,45,117,175,1.4057142857142857,0.047323879943941924,658,Are they watching cat videos on your side too?
4903,1220,19,35,126,180,1.4055555555555554,0.05026140372142977,658,It’s a little disappointing. I was kinda counting on being replaced by a robot.
3205,1220,14,45,121,180,1.4055555555555554,0.04707273597205301,658,"Yeah, so I rolled around in something dead. Do you think I want to work in customer service forever?"
1634,1220,19,35,126,180,1.4055555555555554,0.05026140372142977,658,"Sure, they get paid in kibble and tennis balls, but it still adds up to more than I make a year."
1735,1220,19,35,126,180,1.4055555555555554,0.05026140372142977,658,I hear corporate is throwing a ball for employees.
2420,1224,10,55,120,185,1.4054054054054055,0.04356154883445353,658,Can’t you just use one of the fire hydrants out back?
288,1225,17,28,108,153,1.4052287581699345,0.05520539601916608,658,This rabies test is HARD!
835,1226,19,43,138,200,1.405,0.04653711978182513,658,I heard Droolius Caesar over there humped quite a few legs to get the promotion.
4698,1227,12,42,109,163,1.4049079754601228,0.0489517758837866,658,I told you we'd be out of our jobs once we trained them.
1,1228,15,38,115,168,1.4047619047619047,0.05011968512517806,658,"I swear, all men are dogs"
3910,1228,11,46,111,168,1.4047619047619047,0.047189393292647305,658,Remember. They're not dogs. They're canine interpretive specialists.
4478,1228,10,48,110,168,1.4047619047619047,0.04642793167801506,658,"Well, I guess we don't have to worry about losing our jobs to robots."
879,1231,18,34,121,173,1.4046242774566473,0.05109248096381301,658,"Don't you just hate ""bring your human to work days?"""
2903,1232,13,46,119,178,1.404494382022472,0.04675613453603489,658,I heard they are going to ask for praise.
1300,1232,14,44,120,178,1.404494382022472,0.04743011795073471,658,"Now that they've shifted from barking to cyber stalking, I get a lot more work done."""
1248,1234,15,44,124,183,1.4043715846994536,0.047160564664049005,658,"Ew, gross.  I didn't know Tinder for dogs would be all butt photos."
1510,1234,20,34,129,183,1.4043715846994536,0.0502430598323539,658,They are the teacher's pets.
4929,1236,17,42,129,188,1.4042553191489362,0.047486785097777894,658,"They're playing poker!"""
433,1237,21,36,136,193,1.4041450777202074,0.04886356506181351,658,Silicon Valley is such a good boy's club!
3940,1237,10,58,125,193,1.4041450777202074,0.04235507009693445,658,"The stench is awful, but they're the best at tracking the orders."
3741,1239,17,25,104,146,1.404109589041096,0.05715567015132954,658,"Apparently nobody knows ""who's a good boy?"""
1078,1240,15,35,111,161,1.4037267080745341,0.05166398993668983,658,But it's not fair that they get an extra break to go for a walk.
662,1240,13,39,109,161,1.4037267080745341,0.050138691178298604,658,"I’m all for equality, but I’m out of here as soon as they replace our water cooler with a giant bowl.”"
1716,1240,15,35,111,161,1.4037267080745341,0.05166398993668983,658,I liked it better before the border was closed.
5630,1243,13,41,112,166,1.4036144578313252,0.04907238520395905,658,You can’t just call someone a “good boy.” This is a serious place of business.
2397,1244,16,37,118,171,1.4035087719298245,0.05016583943338135,658,He keeps licking himself down there!
3498,1244,14,41,116,171,1.4035087719298245,0.04877512221252749,658,I keep telling them aspca.org is not a dating site.
738,1246,16,39,121,176,1.4034090909090908,0.049134705691841175,658,I thought robots were supposed to replace us.
1977,1246,16,39,121,176,1.4034090909090908,0.049134705691841175,658,Cat videos
255,1248,19,35,127,181,1.4033149171270718,0.05003314157919453,658,What is 'Accept Biscuits'
2798,1248,16,41,124,181,1.4033149171270718,0.048157587083123496,658,They're trying to devalue the pound
5598,1248,16,41,124,181,1.4033149171270718,0.048157587083123496,658,"On the Internet, nobody knows you aren't a dog."
5642,1248,15,43,123,181,1.4033149171270718,0.047515953525774784,658,Whose turn is it to take them for a walk ?
3103,1252,14,47,125,186,1.403225806451613,0.045983098532587266,658,They still don't know they're dogs.
3548,1253,15,51,135,201,1.4029850746268657,0.04414984912760907,658,Just tell him he's a good boy
2350,1253,18,45,138,201,1.4029850746268657,0.04580898284544121,658,"If I don’t change out of my work clothes before I go home, my cat won’t come out of the bedroom."
2300,1255,14,34,106,154,1.4025974025974026,0.05253886926125305,658,I don't care what the new rule says. I'm not giving up petting.
5543,1255,15,32,107,154,1.4025974025974026,0.05334055887478734,658,This is what 'we do not outsource to a foreign country' means.
1806,1257,16,34,114,164,1.4024390243902438,0.05169541561343042,658,Working like a dog. Who knew they were serious...
5411,1257,17,32,115,164,1.4024390243902438,0.05241405054498785,658,"Don't worry-- on the internet, nobody will know we're human."
1653,1259,15,38,116,169,1.4023668639053255,0.04987976994947613,658,They catch viruses that we don't
4280,1259,13,42,114,169,1.4023668639053255,0.04844694720973954,658,I taught them to talk; You walk them!
5079,1261,14,42,118,174,1.4022988505747127,0.04816721990120218,658,Did you see the fire hydrant in the break room? This shared workspace thing is really catching on.
4780,1261,13,44,117,174,1.4022988505747127,0.04747252157780845,658,"You said this job would be ""a walk in the park!"""
4746,1261,16,38,120,174,1.4022988505747127,0.04952739251284409,658,And now I have to take a month-long diversity course - for sharing ONE cute puppy video!
3377,1261,15,40,119,174,1.4022988505747127,0.04885204029583663,658,"You really did mean ""a bitch session"""
2313,1261,16,38,120,174,1.4022988505747127,0.04952739251284409,658,I think that guy is watching kittie-porn.
915,1261,16,38,120,174,1.4022988505747127,0.04952739251284409,658,Apparently the new head of the HR Department is a real bitch.
520,1261,15,40,119,174,1.4022988505747127,0.04885204029583663,658,"I'd ask HR for a human only bathroom, but we both know it's not politically correct..."
1506,1268,17,38,124,179,1.4022346368715084,0.049172139038153026,658,Don't let them fool you; they're just playing online poker.
4563,1268,23,26,130,179,1.4022346368715084,0.05286325235373537,658,I wonder if these bitches get paid less too.
2501,1270,18,40,131,189,1.402116402116402,0.04787478080287315,658,I'm getting really annoyed with these dog-friendly Internet cafes.
1092,1271,19,40,135,194,1.402061855670103,0.047545146723058394,658,Did you see their search history?! Like every other one is “doggy style.”
111,1272,15,31,106,152,1.4013157894736843,0.053835034239416386,658,"I'm all about diversity in the workplace, but I get the feeling next week's potluck Tuesday could be rough."
638,1273,15,35,112,162,1.4012345679012346,0.05140453218578409,658,My dog makes more than I do AND they give her treats!
4942,1274,14,39,114,167,1.401197604790419,0.04957061151793716,658,Why does the app just search local fire hydrants?
5162,1275,14,41,117,172,1.4011627906976745,0.048547432869281044,658,Can you believe someone ate my lunch out of the fridge again?
2146,1275,12,45,115,172,1.4011627906976745,0.04712594111727262,658,I don't think I can handle another walking meeting.
1426,1275,15,39,118,172,1.4011627906976745,0.049242793322492394,658,They're obviously hunting for SPAM.
2145,1275,11,47,114,172,1.4011627906976745,0.04639886712177673,658,How about taking ME out for a walk sometime?
1598,1279,18,37,127,182,1.401098901098901,0.04919353876847533,658,I’m not sure how to break in to the “good boys” club.
5383,1279,17,39,126,182,1.401098901098901,0.04857253842111195,658,"Want to see this place turn to chaos?  Throw a ball and yell, ""Go fetch"""
957,1281,14,47,126,187,1.4010695187165776,0.04578734037566287,658,I just can't teach them the new tricks.
2830,1281,14,47,126,187,1.4010695187165776,0.04578734037566287,658,"Just between you and me, this diversity initiative  has gone too far."
5114,1281,16,43,128,187,1.4010695187165776,0.04702640270329027,658,"It started, innocently enough, with ""Bring Your Dog to Work Day."""
411,1284,17,43,132,192,1.4010416666666667,0.04674149594222883,658,Their bark is worse than their byte.
3159,1285,18,43,136,197,1.401015228426396,0.046452912945930486,658,The pet friendly policy has gotten out of hand.
4179,1285,21,37,139,197,1.401015228426396,0.04809641595008101,658,The one next to me is a total bitch on wheels.
2564,1285,16,47,134,197,1.401015228426396,0.045324147910080506,658,"On-line poker, of course"
5067,1288,20,43,144,207,1.4009661835748792,0.045869645301633566,658,I don't know why corporate loves them—all they do is watch cat videos.
5551,1289,17,51,144,212,1.400943396226415,0.0435707817517847,658,"Well, don't look at me, I'm not letting them out!"
5608,1290,10,40,100,150,1.4,0.050055897166700655,658,"Yes, he's a great coder. But he has accidents."
5179,1290,11,46,113,170,1.4,0.0467532718663873,658,"They're okay, I guess, but I'm sad that the cats didn't work out"""
4068,1290,14,42,119,175,1.4,0.04794633014853841,658,Watch out!  It's almost petting time.
3906,1290,12,48,120,180,1.4,0.0456690385280278,658,He just spends all day looking at cat videos.
2351,1290,12,44,114,170,1.4,0.04749191588561783,658,Therr's no way we can compete. They were actually bred for this.
1880,1290,17,36,122,175,1.4,0.04995893223126384,658,What irritates me is the time they spend watching videos of cute humans
3891,1290,15,42,123,180,1.4,0.047664250957786515,658,"I know they're untrainable, but he loves their loyalty."
1687,1290,15,44,126,185,1.4,0.0467510847445742,658,This generation doesn't really talk at work. It's all email and IM. And the occasional butt sniff.
1590,1290,12,34,99,145,1.4,0.053066863050523244,658,Hi I'm Rover's human. Who do you belong to?
1318,1290,13,46,121,180,1.4,0.04634365465201548,658,"Incredible!  They all heard that 'on the internet, no one can tell you're a dog.'"
1292,1290,12,42,111,165,1.4,0.0484802289003985,658,Oh my God!  What did I just step in?
983,1290,17,36,122,175,1.4,0.04995893223126384,658,Stay cool. They're hacker tracking dogs.
1814,1290,18,32,120,170,1.4,0.05170264925641883,658,"If I have to listen to him bark along with ""Who Let the Dogs Out"" one more time I'm going to Non-human Resources!"
3776,1303,17,43,133,193,1.3989637305699483,0.046545087648545265,658,I'm beginning to wonder if we're really cut out to be telebarketers.
192,1304,21,33,134,188,1.398936170212766,0.04976900425070148,658,"By the way, I’m not the bitch."
4062,1304,17,41,130,188,1.398936170212766,0.047427804190858756,658,HR needs to know about all this panting.
1231,1306,17,39,127,183,1.3989071038251366,0.048356083976332516,658,"On the internet, no one knows that you're a human."
1852,1306,17,39,127,183,1.3989071038251366,0.048356083976332516,658,They just got here and already have a few legs up on us!
4604,1306,12,49,122,183,1.3989071038251366,0.04514492945659098,658,They don't actually need to tell us to 'sit'.
5187,1309,16,39,123,178,1.398876404494382,0.04868608655938901,658,Who better to promote our 'loyalty' campaign?
515,1309,19,33,126,178,1.398876404494382,0.050604100038186196,658,They like watching cats embarrass themselves.
3652,1309,15,41,122,178,1.398876404494382,0.048029730921581346,658,HR said standing desks would require too much additional training
3946,1312,16,37,120,173,1.3988439306358382,0.04969316011474871,658,And they said we'd lose our jobs to robots
5407,1312,17,35,121,173,1.3988439306358382,0.05036490342803946,658,"All these guys do is play on-line poker."""
3921,1314,18,29,116,163,1.3987730061349692,0.05332245209708098,658,They monitor Trump's dog whistles.
934,1315,15,31,107,153,1.3986928104575163,0.05354629604859118,658,The secret to this school's enrollment success? Cat videos.
3545,1315,9,43,101,153,1.3986928104575163,0.048489276634018245,658,Don’t be fooled they always fall asleep after a few minutes.
4069,1317,11,37,100,148,1.3986486486486487,0.05140055799400024,658,"I know it's what they do, but couldn't we just shake hands in the morning instead ?"
5317,1318,10,56,125,191,1.3979057591623036,0.042568137817200376,658,I thought they said MONKEYS could do our job.
2992,1318,15,46,130,191,1.3979057591623036,0.04569030928089904,658,When they said we could bring our pets in to work I had no idea they meant TO WORK!
4057,1320,18,38,130,186,1.3978494623655915,0.048385482229513534,658,I'm not taking them on their bathroom break
2950,1320,14,46,126,186,1.3978494623655915,0.04592019529043153,658,Bailey won't stop asking me to walk him.
3112,1320,15,44,127,186,1.3978494623655915,0.04654875910568584,658,"I'm all for increasing diversity in the workplace, but I think everyone should still be required to wear pants."
4622,1323,20,32,129,181,1.3977900552486189,0.0505825838677065,658,They're redacting the Mueller report !
4519,1324,16,38,122,176,1.3977272727272727,0.04906895853646786,658,"All right, not everyone who works in telemarketing is a Son of a Bitch ""."
2305,1324,18,34,124,176,1.3977272727272727,0.05037492254806683,658,How can I take my break when my boss keeps telling me to “sit”!
2857,1324,17,36,123,176,1.3977272727272727,0.049726228057119584,658,I don't think they get online dating. I've never heard so much whining and begging.
5156,1324,15,40,121,176,1.3977272727272727,0.04840276466193369,658,This place has always been such a good boys' club.
3380,1328,11,44,111,166,1.3975903614457832,0.047484759048538,658,Is that what they meant when they said they needed loyalty and obedience?
4773,1328,15,36,115,166,1.3975903614457832,0.050466620081087724,658,If you think Fido's breath is bad try sitting next to Billy.
920,1330,22,35,142,199,1.3969849246231156,0.048225764410176925,658,"Tim, I can't work with this bitch anymore!"
2411,1331,14,49,131,194,1.3969072164948453,0.04458802639620509,658,At least the aardvarks didn't want to be taken outside every ten minutes.
701,1331,17,43,134,194,1.3969072164948453,0.04635018821878391,658,I can’t believe Tucker got promoted - all he does all day is watch cat videos.
1622,1333,16,43,130,189,1.3968253968253967,0.04662361574991139,658,"Just tell me this. Who let the dogs in? Who, who, who, who, who?"
3796,1333,11,53,125,189,1.3968253968253967,0.04350086314024318,658,Just throw the ball and let THEM run with it!
1578,1335,14,45,125,184,1.3967391304347827,0.046253702014598407,658,"Give the company credit for realizing ""on the Internet, no one knows you're a dog"" was a business plan."
4941,1335,17,39,128,184,1.3967391304347827,0.0481414015560722,658,I expected bugs. I didn't expect fleas.
1174,1337,17,37,125,179,1.3966480446927374,0.04910791301098284,658,Who’s going to walk them?
1628,1337,15,41,123,179,1.3966480446927374,0.04781261050202663,658,Their benefits are bare bones.
1772,1337,15,41,123,179,1.3966480446927374,0.04781261050202663,658,"He’s not even working, he’s just watching ‘Lassie’ reruns.”"
2760,1337,11,49,119,179,1.3966480446927374,0.045110563380066575,658,I miss cubicles
4233,1341,17,35,122,174,1.396551724137931,0.05012704974384207,658,Did you chew on my keyboard?
4041,1341,17,35,122,174,1.396551724137931,0.05012704974384207,658,Why is senior management always dominated by straight white pedigrees?
856,1341,16,37,121,174,1.396551724137931,0.04945988625104529,658,"If they’re looking for creativity, why keep us on such a short leash?"
363,1341,17,35,122,174,1.396551724137931,0.05012704974384207,658,I thought that equity in pay was ridiculous when I was getting paid less than men!
4038,1341,9,51,114,174,1.396551724137931,0.044510616391815874,658,"I've been here for three months, when are they going to stop sniffing my butt?"
2448,1346,18,31,120,169,1.3964497041420119,0.051886729179267954,658,Have you seen the bathroom situation?
3509,1346,16,35,118,169,1.3964497041420119,0.05051086921300528,658,"It's part of the new diversity hiring policy. They tried cats first, but they wouldn't join the union"
328,1348,17,31,116,164,1.396341463414634,0.05234219526047174,658,Can you imagine the cafeteria food?
3585,1348,15,35,114,164,1.396341463414634,0.050892750038791165,658,This is the third spreadsheet Spike has eaten this week.
2623,1350,13,37,109,159,1.3962264150943395,0.05048831520754562,658,Would it be so hard for my manager to throw me a bone?
1987,1350,13,37,109,159,1.3962264150943395,0.05048831520754562,658,"I can't understand this guy's accent, and Angus is on another call. Do you speak Collie?"
4876,1352,6,49,99,154,1.396103896103896,0.0455272436944479,658,I'm so sick of cleaning up after these guys.
2896,1353,16,48,138,202,1.396039603960396,0.04447639418834724,658,The workplace diversity plan seems to have gone a-stray.
5196,1354,14,48,130,192,1.3958333333333333,0.04489561126004447,658,"When we meet the new manager, are we supposed to shake or let him sniff our hindquarters?"
3342,1355,17,40,130,187,1.3957219251336899,0.04757248374059563,658,There's nothing but cat videos...
3593,1355,11,52,124,187,1.3957219251336899,0.043796520086002017,658,Did you hear? The  rumor is the boss is going to keep us on a tight leash.
5389,1355,19,36,132,187,1.3957219251336899,0.04876620983616069,658,And we thought that we would be replaced by robots!
5518,1355,24,26,137,187,1.3957219251336899,0.05162991626104486,658,Screw the merger. I still feel like it's two companies.
2586,1359,14,27,98,139,1.39568345323741,0.05650169338185655,658,Don't you DARE tell me it's so simple my dog could do it!!
1651,1360,15,42,125,182,1.3956043956043955,0.04724081498132389,658,Did you hear Bosco put in his 14 weeks' notice?
3611,1360,11,50,121,182,1.3956043956043955,0.044596451972318624,658,The pups are catching on but you can't teach an old dog new tricks
2936,1362,16,38,123,177,1.3954802259887005,0.04884266119693816,658,He just called his mother a bitch!
4888,1362,14,42,121,177,1.3954802259887005,0.0475100292782833,658,They gave the chickens standing desks!
1931,1362,20,30,127,177,1.3954802259887005,0.051404385944683675,658,I thought they said we were going to be replaced by robots.
2196,1365,16,36,120,172,1.3953488372093024,0.04985913758683844,658,And you call me a bitch!
2542,1366,12,40,110,162,1.3950617283950617,0.04903643640228667,658,I asked for a break and they told me to use a pee pad.
3032,1367,15,49,136,200,1.395,0.044211403972346665,658,I told you - old dogs can learn new tricks!
1856,1368,13,49,128,190,1.394736842105263,0.04458876011198039,658,"I keep getting texts that say ""Who's a good girl now!""  I'm afraid, really afraid."
4156,1368,16,43,131,190,1.394736842105263,0.04642458299149736,658,The one next to me is such a bitch.”
1773,1370,17,39,129,185,1.3945945945945946,0.047928472765192895,658,What did dogs do before the internet?
3986,1370,18,37,130,185,1.3945945945945946,0.0485375412251623,658,The boss is their best friend.
3713,1372,17,37,126,180,1.3944444444444444,0.04888402153977127,658,They're all playing poker!
218,1372,12,47,121,180,1.3944444444444444,0.04559913737941629,658,It's not enough they work us like dogs.......
2469,1374,16,35,119,170,1.3941176470588235,0.050266992561159976,658,I'm not going to work for treats.
2952,1374,14,39,117,170,1.3941176470588235,0.048862493311282805,658,"No, this isn't what I had in mind when I became an English major either."
756,1374,16,35,119,170,1.3941176470588235,0.050266992561159976,658,"And this time, don't throw the ball down the stairwell -- unless you want to handle Prince's workload as well."
2485,1377,21,36,141,198,1.393939393939394,0.047840277826896704,658,"Now on the internet, everyone thinks I'm a dog."
4628,1377,15,35,115,165,1.393939393939394,0.05064037057600019,658,They were tired of begging for our love while we stared at our phones.
1775,1379,13,50,130,193,1.3937823834196892,0.04410173157945055,658,"Beats me, but they seem to be racking up sales"
1787,1380,15,33,112,160,1.39375,0.051774240061658705,658,"When they said it was a dog-friendly office, I had no idea this is what they meant."
87,1381,13,48,127,188,1.3936170212765957,0.04489920584426613,658,They do a much better job since we blocked Animal Planet.
5217,1381,21,32,135,188,1.3936170212765957,0.04970968751587145,658,"To fix the bugs, they want to get flea collars!"
3125,1383,20,43,148,211,1.3933649289099526,0.04515594256780556,658,I guess the company is really serious about diversity and inclusion.
4705,1384,15,29,106,150,1.3933333333333333,0.05425655078886648,658,The new hires may have pedigree but they could use a breath mint.
5134,1385,17,36,125,178,1.3932584269662922,0.04926679773428199,658,ME TOO! Even Harvey Weinstein never tried to smell my rear!
1116,1385,17,36,125,178,1.3932584269662922,0.04926679773428199,658,I’m a cat person!
3408,1387,11,46,116,173,1.393063583815029,0.04611236484477271,658,I just thought they were going to lie around and look cute.
3346,1388,11,44,113,168,1.3928571428571428,0.04703628291938185,658,You guys were all sooo worried about the robots. If you had just listened to me...
3771,1388,15,36,117,168,1.3928571428571428,0.04997555310940521,658,They still think no one knows they're dogs.
5013,1390,15,45,131,191,1.3926701570680629,0.04562711380213298,658,"What, I can’t pet them anymore?"
383,1391,15,34,114,163,1.392638036809816,0.051070182200246374,658,"Didn't I tell you?   The ""pet friendly workplace"" was just the tip of the iceberg."
2767,1391,17,30,116,163,1.392638036809816,0.052532316092517975,658,"Yeah, the same dogs from the painting...online poker is legal in our state now."
5496,1391,13,38,112,163,1.392638036809816,0.04956493504372321,658,"Hey, what happened to all the cat videos?"
4216,1394,12,38,108,158,1.3924050632911393,0.04986108497340426,658,Please tell me they're temps.
3251,1394,15,32,111,158,1.3924050632911393,0.05223030499600191,658,I can't get the hang of this CORGI keyboard!
5535,1394,14,34,110,158,1.3924050632911393,0.0514526880239695,658,I didn't realize this is what they meant by a 'pet-friendly workplace'.
5435,1397,13,45,123,181,1.3922651933701657,0.04606997216072593,658,"Yeah, just type randomly.  It’s something about how long it will take to come up with “War and Peace.”"
1897,1398,13,34,106,153,1.392156862745098,0.051828696726883006,658,Did the boss take you out for your walk yet?
5491,1399,13,43,120,176,1.3920454545454546,0.046969478773407444,658,I thought the robots were supposed to replace us.
242,1400,12,34,102,148,1.3918918918918919,0.0521950032223775,658,You've got to tell them that the table leg cannot be used for bathroom breaks!
108,1401,17,33,121,171,1.391812865497076,0.050708274837241746,658,On the internet no one knows you're a human.
212,1401,13,41,117,171,1.391812865497076,0.04791796467455219,658,"Just be organized, do your thing and don't be an alpha"
3533,1401,14,39,118,171,1.391812865497076,0.04863055405972705,658,On the internet nobody knows that you’re not a dog.
3716,1401,14,39,118,171,1.391812865497076,0.04863055405972705,658,I've had it!  I'm sick of being the token human!
4532,1401,11,45,115,171,1.391812865497076,0.04646000903296108,658,Mr. Whiskers is gonna hate these new guys.
5359,1401,13,41,117,171,1.391812865497076,0.04791796467455219,658,"In customer service, noone knows you're a dog."
5009,1407,12,41,113,166,1.391566265060241,0.048167664142761336,658,They find that dogs are 20% less likely to sue the boss for hitting on them.
4804,1407,16,33,117,166,1.391566265060241,0.051109698389649995,658,"It said InterPet Cafe’, but I thought it was a typo."
2008,1409,18,38,133,189,1.3915343915343916,0.04775332238950544,658,I am sitting next to the wolf of Wall Street...
5258,1409,19,36,134,189,1.3915343915343916,0.04833908449242585,658,"Sure, they sniff out the latest trends, but every time it rains this place stinks!"
123,1411,14,44,126,184,1.391304347826087,0.04618560607995192,658,All they do is fetch data.”
4533,1411,10,52,122,184,1.391304347826087,0.04353761688473762,658,We needed degrees for this?
2692,1413,12,55,135,202,1.391089108910891,0.042141097924473625,658,"Rosie smells bad, but she retrieved a document I thought I'd lost."
649,1414,19,32,128,179,1.3910614525139664,0.0503037345132819,658,The boss thought this was one way to avoid hiring illegals.
3573,1414,17,36,126,179,1.3910614525139664,0.04904002761731478,658,Their barks are worse than their bytes
3029,1416,15,38,121,174,1.3908045977011494,0.048711143235008414,658,Does your sound have a woofer?
3592,1416,14,40,120,174,1.3908045977011494,0.04802431370885197,658,Do you think they are on to us?
773,1416,15,38,121,174,1.3908045977011494,0.048711143235008414,658,"I mean, the pay’s okay here, and the benefits are great, but are the mandatory flea collars really necessary?"
4905,1416,16,36,122,174,1.3908045977011494,0.04938842215860702,658,I started here as a dog walker.
5285,1420,21,42,152,215,1.3906976744186046,0.04500269144764322,658,What do you mean we have to pee on the lawn?
628,1421,17,32,120,169,1.3905325443786982,0.051130104129450564,658,Enough! I’m telling them it’s under the table.
4765,1422,10,51,121,182,1.39010989010989,0.04383635273613559,658,Have you heard of chewy.com?  He's been looking at it for five hours.
610,1423,14,27,100,141,1.3900709219858156,0.05583759346089843,658,"Don't tell them about the ""Escape Key"""
1727,1424,14,41,122,177,1.3898305084745763,0.04743744526482109,658,NO!  It's your turn to take them outside to do their business!
4991,1424,19,31,127,177,1.3898305084745763,0.050708163940255,658,"I know, it takes some getting used to, but that’s just how they say “hello.”"
5368,1424,16,37,124,177,1.3898305084745763,0.04877206048577863,658,"I mean, if I knew what they meant by ""pet-friendly"" I wouldn't have applied here."
3648,1427,15,46,134,195,1.3897435897435897,0.04493349483354604,658,I'm convinced there's serious bias in the recruiting algorithm.
4355,1427,17,42,136,195,1.3897435897435897,0.04609506639724824,658,"Cat porn, all cat porn. What kind of place did you bring me to?"
4330,1429,16,35,121,172,1.3895348837209303,0.04978573797711624,658,But there's no middle ground with them - they see everything as black or white.
2243,1429,10,47,115,172,1.3895348837209303,0.04550409838574942,658,"At this rate, I'm going to need a flea collar too."
102,1431,15,35,117,167,1.3892215568862276,0.05014249905490214,658,The health insurance here is lousy but they put seven times more into my 401(k) than my last employer.
812,1431,16,33,118,167,1.3892215568862276,0.050856809557458305,658,The admissions committee expanded legacy preference to include pets.
4112,1431,12,41,114,167,1.3892215568862276,0.04793574460455058,658,"It’s customer call from overseas, and I can’t understand a word he’s saying. Do you speak Shih-tzu?"
5595,1431,17,31,119,167,1.3892215568862276,0.05156122521096937,658,Of course they sell more.  They don't get up to pee.
382,1435,14,44,127,185,1.3891891891891892,0.04598394778750432,658,I'm afraid my future here is in doubt. It's hard to compete with someone who will work for treats.
468,1435,20,32,133,185,1.3891891891891892,0.04966940601222129,658,Relax- nobody will know you're not a dog.
2433,1437,13,37,112,162,1.3888888888888888,0.04972896403781414,658,When they said dog friendly this is not what I expected.
174,1437,12,46,122,180,1.3888888888888888,0.045525341602784375,658,They said it was “bring your human to work day.”
2208,1437,14,42,124,180,1.3888888888888888,0.046869000639140866,658,"They are all obsessed with cats, I  mean really ""obsessed."""
5142,1437,12,46,122,180,1.3888888888888888,0.045525341602784375,658,"They're support dogs."""
4815,1441,17,34,124,175,1.3885714285714286,0.04981975487298221,658,Corporate did a Me Too clean-out and they were the only ones who kept their paws to themselves.
2148,1441,19,30,126,175,1.3885714285714286,0.05112113912646719,658,Bella is being SUCH a bitch today.
4600,1443,15,31,111,157,1.3885350318471337,0.052419557628224894,658,I can’t keep up - These guys work like dogs.
523,1444,14,45,129,188,1.3882978723404256,0.04546014325841207,658,Why does every start-up expect you to work like a dog?
1364,1444,17,39,132,188,1.3882978723404256,0.04730002648392784,658,"Is it just me, or is every new employee here a complete bitch?"
1418,1446,14,38,118,170,1.388235294117647,0.04878491211563278,658,Cat videos? Really?
5159,1446,15,36,119,170,1.388235294117647,0.04949324493710522,658,And to think we were so concerned about A.I.
5430,1446,13,40,117,170,1.388235294117647,0.048066141990550225,658,They keep flagging every cat they see as an ‘influencer.’
3084,1449,19,33,131,183,1.3879781420765027,0.04945312891196652,658,I ask the boss for some pointers one time...
2073,1449,16,39,128,183,1.3879781420765027,0.04759689315545975,658,"I'm as tolerant as the next person, but have you seen the bathrooms?"
2670,1449,16,39,128,183,1.3879781420765027,0.04759689315545975,658,I think the lobbying by the ASPCA has gone way too far.
5146,1452,13,38,114,165,1.387878787878788,0.04907712890454762,658,Well at least your lab partner’s been housebroken.
5000,1452,18,28,119,165,1.387878787878788,0.052707814710444396,658,"'' Do these guys ever stop  yapping? """
3755,1452,18,28,119,165,1.387878787878788,0.052707814710444396,658,And Now other species getting paid more than me?
131,1455,13,43,122,178,1.3876404494382022,0.046543992137679395,658,Did you have to tell the Manager it was so easy a dog could do it?
4794,1455,13,43,122,178,1.3876404494382022,0.046543992137679395,658,Whose turn is it to walk them?
5127,1455,13,43,122,178,1.3876404494382022,0.046543992137679395,658,"Yes, I'm sure A.I. does not mean Animal Intelligence."
5495,1455,14,41,123,178,1.3876404494382022,0.04722100354906886,658,"For the last time, Chet, I'm not going to take you for a walk."
770,1459,13,36,111,160,1.3875,0.05014718901431801,658,"I know they're dogs, but they identify as geeks."
261,1459,14,34,112,160,1.3875,0.05092501269748487,658,"They`re always barking orders at us, I still don’t get it."
4914,1459,15,32,113,160,1.3875,0.051691133383204635,658,How long til the next fire hydrant break?
2494,1462,19,29,125,173,1.3872832369942196,0.0515429438547194,658,What’s the emoji sequence for ‘Yours Truly’? Is it ‘Bone Bone Bone Food Bowl’ or ‘Kibble Kibble Dead Cat Chew Toy’?
1784,1462,13,41,119,173,1.3872832369942196,0.0474699383869057,658,Even dog obedience school is online now.
4933,1464,13,34,108,155,1.3870967741935485,0.05128193000186983,658,"Man, I hate this “bring your humans to work day”, it is so counter productive ..."
2783,1464,22,28,136,186,1.3870967741935485,0.050607765742479105,658,All they do is play video poker.
351,1464,12,48,126,186,1.3870967741935485,0.044496287100921586,658,Who's going to explain bathroom etiquette to them?
828,1467,12,41,115,168,1.3869047619047619,0.047705848320054776,658,I just knew they had ulterior motives with 'Bring Your Pet to Work Day.'
2076,1468,12,46,123,181,1.3867403314917126,0.0453240758055109,658,"It's called diversity, John!"""
3945,1468,16,38,127,181,1.3867403314917126,0.047956451749934896,658,Don't forget! They hired us for the human perspective.
4276,1468,16,38,127,181,1.3867403314917126,0.047956451749934896,658,Is the guy next to you just playing online poker too?
2038,1471,17,41,136,194,1.3865979381443299,0.046225270903273954,658,"Gross, he’s looking at cat pics and panting."
704,1472,13,37,113,163,1.3865030674846626,0.049480489281416525,658,"He never stops panting, so my screen keeps fogging up."
2545,1472,10,43,110,163,1.3865030674846626,0.04712852356494508,658,"They're loyal employees, but can they learn new tricks?"
4285,1472,15,33,115,163,1.3865030674846626,0.05098822946137899,658,Just because he's the alpha dog doesn't mean I should have to fetch his ball!
4543,1475,16,36,124,176,1.3863636363636365,0.04892588906719375,658,They are being trained to help people who don't have grandchildren.
3293,1475,14,40,122,176,1.3863636363636365,0.047580169095382784,658,I misunderstood when you said I'd be 'working with animals'.
2511,1475,18,32,126,176,1.3863636363636365,0.050235572564523226,658,"-""Who let the dogs outsource?"""
2712,1475,17,34,125,176,1.3863636363636365,0.04958505506652598,658,This is not what I imagined when the CEO said the new interns will work like dogs
5631,1479,17,39,133,189,1.3862433862433863,0.04709393130262344,658,He took your ball yesterday and now he ate my lunch.
2883,1480,13,52,137,202,1.386138613861386,0.04265728612874083,658,I didn't know I was hired to play ball.
3228,1480,20,38,144,202,1.386138613861386,0.04652369998540848,658,I've got a bad feeling about this transfer to a farm upstate.
3398,1482,13,35,110,158,1.3860759493670887,0.05057492850291102,658,What the hell was in that coffee?
4735,1482,11,39,108,158,1.3860759493670887,0.04895479632178717,658,Who says you can’t teach an old dog new tech.
3072,1484,14,38,119,171,1.3859649122807018,0.04855189393696868,658,"Well, they did stop outsourcing to asia."
1737,1484,16,34,121,171,1.3859649122807018,0.04994882685384575,658,"I mean, who listens to 'Who Let the Dogs Out?' on repeat for three hours straight?"
1637,1484,12,42,117,171,1.3859649122807018,0.04711355967933064,658,No chance I land the Purina account.
1244,1484,18,30,123,171,1.3859649122807018,0.05130774018882793,658,"They used to have a cat on the team, but all he did was toy with his mouse during most of his shift."
1204,1484,13,40,118,171,1.3859649122807018,0.047838132857190956,658,"Look, it's not racist - they stink."
1342,1484,11,44,116,171,1.3859649122807018,0.04637766764352695,658,"On the Doggernet, nobody knows you're a human."
13,1490,18,35,131,184,1.3858695652173914,0.04862179331971421,658,Maybe now the boss will throw us a bone every once in a while
170,1490,15,41,128,184,1.3858695652173914,0.04675349390042716,658,Want to take our biscuit break?
4272,1490,17,37,130,184,1.3858695652173914,0.04800710629044861,658,Who the hell let the dogs out?
3007,1493,20,36,141,197,1.385786802030457,0.04738040964153629,658,They got tired of poker!  What can I say?
5160,1494,13,38,115,166,1.3855421686746987,0.0488365183079099,658,It all started with bring-your-dog-to-work-day
3021,1494,12,40,114,166,1.3855421686746987,0.04808311731066357,658,"So, I guess you CAN teach an old dog a new operating system"
4541,1494,18,28,120,166,1.3855421686746987,0.05244141751590758,658,He told me that I've had enough to eat and to go lie in the corner.
5373,1497,13,43,123,179,1.3854748603351956,0.04633387560170386,658,This isn't what I thought they meant when they said it was a dog friendly workplace.
5246,1497,17,35,127,179,1.3854748603351956,0.04896846763812067,658,"Did you hear, we're all getting new collar ID?"
552,1497,10,49,120,179,1.3854748603351956,0.04425512323291553,658,The interns wanted health insurance so here we are
455,1497,13,43,123,179,1.3854748603351956,0.04633387560170386,658,Do we have 'Species Neutral' bathrooms ?
806,1501,10,42,109,161,1.3850931677018634,0.04750131724329336,658,I think the Border Collie is on to us
4334,1501,6,50,105,161,1.3850931677018634,0.04411140593584406,658,"I gotta say, showing your boss that cat video wasn't the smartest move."
4686,1503,16,35,123,174,1.3850574712643677,0.04931298302853579,658,They don't need to sign-in. They just mark their computers.
367,1503,16,35,123,174,1.3850574712643677,0.04931298302853579,658,These guys spend all day playing online poker!
4301,1503,14,39,121,174,1.3850574712643677,0.047946728345759956,658,"Every hour they get a walk, a treat and a belly rub!"
4047,1506,16,45,139,200,1.385,0.044652482810091626,658,"I'm sorry, but in the #MeToo era, panting on the phone should no longer to considered acceptable behavior."
4768,1507,15,40,127,182,1.3846153846153846,0.04709937509806503,658,I don't get it! All the cat videos are blocked!
5655,1507,14,37,118,169,1.3846153846153846,0.04893915463695014,658,I hear they’re management’s best friend.
4751,1507,17,36,129,182,1.3846153846153846,0.04837123804926234,658,Enough with the byte jokes!
4411,1507,16,48,144,208,1.3846153846153846,0.04343536173640615,658,"They're all using ""Fetch"""
2520,1507,21,33,141,195,1.3846153846153846,0.04827279686426674,658,"Now that Bailey's my boss he expects me to ""pick up"" after him."
225,1507,10,50,122,182,1.3846153846153846,0.043758282589160036,658,I think some people are abusing the emotional support animal thing.
38,1513,19,35,136,190,1.3842105263157896,0.04806261336100645,658,My boss and IRA both rolled over.
1374,1514,16,36,125,177,1.384180790960452,0.048697633370103716,658,'They're all literally brown noses'
1988,1514,18,32,127,177,1.384180790960452,0.04999862164724735,658,"""The last thing I want to hear right now is that I'm fetching."""
2376,1514,18,32,127,177,1.384180790960452,0.04999862164724735,658,And I was worried about being replaced by AI!
4002,1514,16,36,125,177,1.384180790960452,0.048697633370103716,658,I mean the least they could do is wear pants.
5331,1514,17,34,126,177,1.384180790960452,0.04935241464444081,658,They're treating this job like it's just a walk in the park
3463,1519,13,37,114,164,1.3841463414634145,0.04923429120529702,658,Tell me I'm seeing things or have we turned into humans?
4821,1519,12,39,113,164,1.3841463414634145,0.04846853341499773,658,Still think they're not working us like dogs?
3409,1521,10,38,103,151,1.3841059602649006,0.049599657436969403,658,"It’s a good job, but trying to eat your lunch can be a real nightmare."
2594,1521,11,36,104,151,1.3841059602649006,0.05048193972714664,658,"They seem to understand fetch, but I can't get them to execute."
2836,1523,15,41,129,185,1.3837837837837839,0.0465468413705921,658,Really? My parents couldn't bribe my way into Junior College either!
4548,1523,17,37,131,185,1.3837837837837839,0.04779243930518771,658,How are they typing so quickly?
4610,1523,14,43,128,185,1.3837837837837839,0.045911371521645594,658,"I hate these open plan offices, you try to work and all you hear is yap yap yap."
3436,1526,10,46,116,172,1.3837209302325582,0.04541931009216572,658,I wish they could be taught not to salivate every time the microwave dings.
705,1527,18,25,116,159,1.3836477987421383,0.054125806311535705,658,"My New Yorker caption is always the funniest, yet I never win!"
19,1528,16,42,135,193,1.383419689119171,0.0457695848291574,658,I thought it was supposed to be immigrants taking our jobs
536,1528,9,56,128,193,1.383419689119171,0.041437281913679035,658,They're effective because they know how to bark back.
1268,1530,15,39,126,180,1.3833333333333333,0.047452155001399536,658,"Honestly, we thought you were a dog."
3842,1530,16,37,127,180,1.3833333333333333,0.048101769829265485,658,"No worries, we’ll definitely win the two legged race."
5193,1532,17,30,120,167,1.3832335329341316,0.051481568028060185,658,"I don't know why you're complaining, at least you get paid the same as them."
1564,1532,18,28,121,167,1.3832335329341316,0.05217754989955459,658,And the boss is just some fat cat.
2039,1534,17,38,133,188,1.3829787234042554,0.047231203128336785,658,And imagine what a madhouse it will be on Take Your Children to Work Day.”
5282,1534,14,44,130,188,1.3829787234042554,0.045388530144137566,658,"The 1 year warranty extension, is it in dog year or human year?"
184,1536,14,39,122,175,1.3828571428571428,0.047722711467104,658,The new intern is a real bitch
594,1536,16,35,124,175,1.3828571428571428,0.04907973186312288,658,think these three are bad? the boss is an actual bitch.
3890,1536,11,45,119,175,1.3828571428571428,0.04561154299952031,658,"So I just took the dog treat, said thank you, and walked out. What else could I do Jim?"
3901,1536,11,45,119,175,1.3828571428571428,0.04561154299952031,658,All I told them was to make the workplace more inclusive.
4132,1536,15,37,123,175,1.3828571428571428,0.04840597726277458,658,I don’t know if he hung up or just stopped  barking.
4246,1536,13,41,121,175,1.3828571428571428,0.04702951992930259,658,Do you ever get the feeling they are just pretending to still be 'in training' in order to get treats?
5202,1536,12,43,120,175,1.3828571428571428,0.04632595708443464,658,Our schedule says we are to do our business on a walk at 3pm.
3413,1543,12,38,112,162,1.382716049382716,0.04886237632725487,658,Is the password two arfs or three?
3129,1543,15,32,115,162,1.382716049382716,0.051162247103219136,658,Is everyone seriously just using the internet nowadays to watch cat videos?
3510,1545,10,50,123,183,1.3825136612021858,0.04356923110812124,658,"Are admission standards getting lower, or are dogs getting smarter?"
2029,1546,13,39,118,170,1.3823529411764706,0.04798300648526987,658,The pet friendly office policy has officially gone too far.
3754,1547,10,53,128,191,1.382198952879581,0.042354081092253776,658,Yes I’m a good girl! Yes I’m a good girl! Yes I’m a good girl!  If I don’t say it three times I can’t even get their account numbers!
4325,1547,21,31,139,191,1.382198952879581,0.04899077256056803,658,"Oh, the guy beside you is breaking the no-snacks-or-toys rule? Why don't you come sit by the one watching cat porn with Nickelback blasting out of his headphones?"
4983,1549,12,36,109,157,1.3821656050955413,0.04993465585371499,658,I thought they only played poker.
4048,1550,9,50,119,178,1.3820224719101124,0.043647593521035054,658,"Actually no, I can't really 'throw you a bone' right now"
3083,1551,14,43,129,186,1.381720430107527,0.04571046232802039,658,It's above our frequency.
3677,1552,12,34,106,152,1.381578947368421,0.05107267845279518,658,I'm not a dog.  Are you a dog?
4966,1552,11,36,105,152,1.381578947368421,0.05021235016011432,658,"For the last time, it's internet poker and of course nobody knows they are playing against dogs."
4497,1554,18,30,125,173,1.3815028901734103,0.050810347354892905,658,"Someone has been eating my salads in the break room, and I'm just saying - I have a feeling it's you."
4975,1555,10,41,109,160,1.38125,0.047642433750918846,658,Dangerous?  They run in PACs.
1928,1556,11,47,123,181,1.3812154696132597,0.04456189183264404,658,I keep forgetting the kibbles to dollar exchange rate
956,1557,14,36,118,168,1.380952380952381,0.04909323471726575,658,They can smell it before you'll ever see it
1557,1557,14,36,118,168,1.380952380952381,0.04909323471726575,658,"What happened to the cats?"""
1604,1557,19,34,136,189,1.380952380952381,0.04820644133800967,658,"Well, who took my chocolate bar then, Kevin?!"
4100,1557,16,32,120,168,1.380952380952381,0.05052442670495106,658,"Well, at least they’re not millennials."
4743,1557,12,40,116,168,1.380952380952381,0.04761904761904761,658,I don't get it either -- they don't have opposable thumbs.
5384,1557,11,42,115,168,1.380952380952381,0.04686456760405895,658,It’s called muttsourcing
5616,1557,14,36,118,168,1.380952380952381,0.04909323471726575,658,Can you find anything besides cat videos?
4293,1564,18,31,127,176,1.3806818181818181,0.05016023615990532,658,And when you need a potty break someone walks you around the block!
3604,1564,11,45,120,176,1.3806818181818181,0.04540378659398375,658,I think I have fleas
747,1564,14,39,123,176,1.3806818181818181,0.047500621384116794,658,I think this place needs a better vetting process.
5662,1567,14,31,110,155,1.3806451612903226,0.051998975000319275,658,I told her it'd be a walk in the park
3718,1568,10,42,111,163,1.3803680981595092,0.04703476482617587,658,One good thing is there’s never a shortage of toilet paper.
3990,1568,11,40,112,163,1.3803680981595092,0.047833141902791636,658,They're taking emotional support to a whole new level.
2764,1570,14,45,133,192,1.3802083333333333,0.04469110327210889,658,"i'm just saying, you or I would get fired for playing video poker on company time."
3783,1571,15,35,121,171,1.3801169590643274,0.049173561343663956,658,Plus they can be surprisingly catty.
3931,1571,9,47,115,171,1.3801169590643274,0.04477993342550504,658,You won't be promoted here without good breeding.
4595,1571,14,37,120,171,1.3801169590643274,0.04846895589565221,658,When Doug told me that humans would be replaced I didn’t see this coming...
1955,1574,14,40,125,179,1.3798882681564246,0.046927972114045695,658,I thought it was supposed to be the robots that took over our jobs.
4701,1575,11,49,127,187,1.3796791443850267,0.043574799768669334,658,"More and more dogs are ""speaking"" up about unwanted touch by their owners."
2432,1575,13,45,129,187,1.3796791443850267,0.04487499512439912,658,I can't work with these animals!
1844,1575,14,43,130,187,1.3796791443850267,0.04551116559353819,658,Are you SURE that on Twitter no one will know we’re humans?
1165,1578,14,35,117,166,1.3795180722891567,0.049491891217699535,658,"I bet their owners bribed them into this school"""
3402,1578,14,35,117,166,1.3795180722891567,0.049491891217699535,658,FYI - there is a random smell test this week.
3817,1578,11,41,114,166,1.3795180722891567,0.04722699700299875,658,"I don't know about you, but I've had about enough of rating cat videos."
4753,1578,13,37,116,166,1.3795180722891567,0.04874861994125393,658,"That old New Yorker cartoon is still true.  ""Nobody knows you're a dog on the internet!"""
2259,1582,11,44,119,174,1.3793103448275863,0.04573552955042248,658,I'm not even prejudiced! Just allergic.
2262,1583,13,43,126,182,1.379120879120879,0.04571382160952142,658,"I’m telling you, he’s not like the others and he’s getting on my nerves."
2078,1584,13,35,113,161,1.3788819875776397,0.04980092307733052,658,Maybe it explains all the fake news.
4995,1585,18,39,141,198,1.378787878787879,0.04601510475298984,658,"I've told this customer that he's a good boy, yes he is, but he seems to need even more attention."
2236,1586,12,40,117,169,1.378698224852071,0.047390080440945996,658,Don’t tell them the ball is down there
612,1587,15,37,125,177,1.3785310734463276,0.047954572804612516,658,Don't you ever say 'Bitch!'
3082,1588,9,52,124,185,1.3783783783783783,0.04250993991508136,658,It's interesting that all of their computers have English as a second language.
4364,1588,16,38,131,185,1.3783783783783783,0.047099637340931644,658,The one with the glasses recommended kibble futures. What are kibble futures?
1404,1590,15,32,117,164,1.3780487804878048,0.050643389900965695,658,I thought there was gonna be more women.
5154,1590,10,42,112,164,1.3780487804878048,0.046804587865134036,658,I don't get it.  Someone rings a bell and they start clicking
2745,1592,16,33,123,172,1.377906976744186,0.04962666499925537,658,It's hell getting computer time since obedience school went online.
3905,1592,13,39,120,172,1.377906976744186,0.047526913543120615,658,The pay sucks but they have the best “take your dog to work” program
5332,1592,19,27,126,172,1.377906976744186,0.05164111004772626,658,"That much I understand.  But what does ""Yip, yip, grrrr, woof"" at the end mean?"
5497,1592,15,35,122,172,1.377906976744186,0.0489367594242198,658,"So, how did your temp agency describe this position?"
1147,1596,10,48,122,180,1.3777777777777778,0.04397643093394594,658,This 'bring your dog to work day' thing has gotten way out of control.
2285,1596,14,40,126,180,1.3777777777777778,0.04671423191503067,658,And can you believe we're the interns?
5148,1598,16,39,133,188,1.377659574468085,0.04655199991902085,658,"This place has gone to the dogs, but try working in a bear market."
1176,1599,14,46,136,196,1.3775510204081634,0.044020006538639335,658,"Hey, they can't be worse than the pigs we fired."
3684,1599,22,30,144,196,1.3775510204081634,0.048542661296218724,658,"I'm sick of working with these bitches, Jerry!"
1070,1601,9,39,103,151,1.3774834437086092,0.048593208815481174,658,My screen said Pet Friendly too!
2478,1602,10,40,109,159,1.3773584905660377,0.04778281718635245,658,``What gives? Not a single cat.''
3623,1602,12,36,111,159,1.3773584905660377,0.04942085197631052,658,I thought they said we’d work WITH a lab.
4402,1602,15,30,114,159,1.3773584905660377,0.051780837167473635,658,"They’ve mastered Excel, but urinals not so much."
926,1605,11,41,115,167,1.377245508982036,0.04699832487921222,658,The ball's under the desk. They could care less.
4713,1605,14,35,118,167,1.377245508982036,0.04924710288057705,658,"“This all started with, Bring Your Dog to Work Day.”"
373,1607,13,40,122,175,1.3771428571428572,0.046945649120889325,658,Wanna catch tennis balls during morning break?
572,1607,16,34,125,175,1.3771428571428572,0.048999370468986905,658,He asked me if I wanted to go out .....
233,1607,12,42,121,175,1.3771428571428572,0.046240810183104136,658,None of the them will even fetch me a cup of coffee.
3306,1610,17,35,131,183,1.3770491803278688,0.048077058433626835,658,They blog all day about the cat videos on YouTube.
3121,1611,12,48,131,191,1.3769633507853403,0.0435597854866286,658,"Does he mean ""woof?""  Or does he mean ""arf?"""
5018,1611,18,36,137,191,1.3769633507853403,0.04720301386133255,658,Can't you see they're working us like dogs?!
5085,1611,17,38,136,191,1.3769633507853403,0.046615586627233856,658,It all started with bring your pooch to work day.
4709,1614,12,34,108,154,1.3766233766233766,0.05052808477117192,658,"No, there is no coffee and you don't even want to know about the bathroom breaks."
487,1615,12,37,113,162,1.376543209876543,0.048767834394775826,658,"Check your privilege, Chad..... I don't see species."
2840,1615,19,23,120,162,1.376543209876543,0.05399139120514456,658,Stay away from the meet and greet.
4637,1615,10,41,111,162,1.376543209876543,0.04716926117031332,658,I just want you to know that I felt better about being replaced by a robot.
776,1618,18,31,129,178,1.3764044943820224,0.04968666465039322,658,"When I agreed to this ""Take Your Owner to Work Day"" I really expected more organized activities on the schedule."
977,1618,18,31,129,178,1.3764044943820224,0.04968666465039322,658,All I get are crank calls with panting and yipping.
3241,1620,8,54,124,186,1.3763440860215055,0.04163747794076267,658,It’s the placement of ‘Lab’ in the title that confused me.
2976,1621,11,40,114,165,1.3757575757575757,0.0473632275643799,658,I don't know what Steve's problem is - I called him a GOOD boy!
398,1622,18,29,126,173,1.3757225433526012,0.05072999659153021,658,"I'd take it too.  They get paid in ""dog years""; most are eligible to retire in 5 years."
410,1622,18,29,126,173,1.3757225433526012,0.05072999659153021,658,Could you tell me who's A. Goodboye?
1064,1622,12,41,120,173,1.3757225433526012,0.04658596938373756,658,More like 'who let the dogs IN'.
1417,1622,14,37,122,173,1.3757225433526012,0.048007074621079664,658,"I will not work like a dog for this promotion, Jerry"""
1433,1622,12,41,120,173,1.3757225433526012,0.04658596938373756,658,The daily face-licking is inappropriate.
2688,1622,14,37,122,173,1.3757225433526012,0.048007074621079664,658,They expect you to work like a dog around here.
4176,1622,14,37,122,173,1.3757225433526012,0.048007074621079664,658,Is this what they mean by “working like dogs?”
5570,1629,13,42,126,181,1.3756906077348066,0.0458374897408974,658,Could you stop sending me cat videos?
4006,1629,15,38,128,181,1.3756906077348066,0.04715771595568367,658,it's  asking me if i'm a good boy
3337,1629,15,38,128,181,1.3756906077348066,0.04715771595568367,658,"If they don’t get puppycare, they say they’ll strike."
353,1629,14,40,127,181,1.3756906077348066,0.046502288330273686,658,You should never have mentioned spam in front of them.
188,1629,15,38,128,181,1.3756906077348066,0.04715771595568367,658,There you go...barking orders at me again!
1568,1634,12,47,130,189,1.3756613756613756,0.043852025929188014,658,The cutback on green cards is killing us.
5206,1634,17,37,135,189,1.3756613756613756,0.04695142841004303,658,They are all byte and no bark.
2971,1636,15,44,138,197,1.3756345177664975,0.04442475240753183,658,They post one selfie and have millions of followers.
4428,1637,13,51,141,205,1.3756097560975609,0.04208746352366412,658,"No seriously, who did let the dogs out?"
3550,1638,11,44,121,176,1.375,0.04531634835874829,658,And Trump is rambling on about Mexicans taking our jobs.  This place used to be 90% human.
3433,1638,7,52,117,176,1.375,0.042353644103325615,658,They’re weirdly great at sniffing out bugs.
2334,1638,11,38,111,160,1.375,0.04836151856577108,658,"You know, if I was gonna visit ""pant-leg fetish"" sites, I'd at least have the courtesy to delete my browser history."
2175,1638,17,35,132,184,1.375,0.04785894624876121,658,"The only
 thing that bugs me is having to bark to use the bathroom...."
1430,1638,10,43,115,168,1.375,0.04600329453495233,658,They can't fetch their own coffees?
986,1638,15,42,135,192,1.375,0.045223412830776355,658,You realize that you too are barking at the callers!
786,1638,13,37,118,168,1.375,0.0482717423174129,658,"They're taking this ""On the internet, no one knows you're a dog"" thing a bit too far."
464,1638,13,40,123,176,1.375,0.046727310627100706,658,"If one of them mentions how ""ruff"" this job is one more time..."
441,1638,13,40,123,176,1.375,0.046727310627100706,658,So this is what corporate meant by “you’ll be in the doghouse”??
365,1638,15,36,125,176,1.375,0.04809689894693511,658,"This bitch next to me is cruising Petfinder and saying "" Ooo good boy"" over and over"
3527,1648,18,37,140,195,1.3743589743589744,0.04646413744504064,658,I'm so tired of them posting all those cute human and people fails memes!
4877,1649,17,46,151,214,1.3738317757009346,0.0429521014942285,658,Why are they working?  It’s more fun having your whole life off.
2486,1650,17,43,146,206,1.3737864077669903,0.044123920442813186,658,We got a bone as our bonus. Do you still love dogs?
4300,1650,11,55,140,206,1.3737864077669903,0.040776980931109506,658,"I really like you Bob, all the other
guys are animals."
2871,1652,11,52,135,198,1.3737373737373737,0.04185840649761614,658,"Well, at least when the boss barks at us, they can bark back."
5675,1653,16,36,130,182,1.3736263736263736,0.04758556598911821,658,Why didn’t I get called a good girl?
4665,1653,17,34,131,182,1.3736263736263736,0.04821927890792034,658,What? You’ve never heard of diversity in the workplace?
414,1653,13,42,127,182,1.3736263736263736,0.04563165334304093,658,"On our next break, it's going to be your turn to walk him."
2473,1653,19,30,133,182,1.3736263736263736,0.04946235330218315,658,It's 'Bring your Masters to Work Day'
734,1657,13,39,122,174,1.3735632183908046,0.047078769782512984,658,I think we're about to be outsourced.
5660,1657,12,41,121,174,1.3735632183908046,0.046367766780162904,658,"No, 'Bring Your Pet to Work Day' means you bring them to your office, not to actually 'work.'"
2108,1659,18,26,122,166,1.3734939759036144,0.052273389472565886,658,Apparently it has something to do with an old New Yorker cartoon.
3673,1660,13,33,112,158,1.3734177215189873,0.050382858322429835,658,"When you're online, no one can tell you're a human."
482,1660,8,43,107,158,1.3734177215189873,0.04620935118913486,658,My last office was a pig stye.
887,1660,11,37,110,158,1.3734177215189873,0.04875634422894257,658,"What irks me is that we have to take them for ""walkies."""
2424,1663,13,43,129,185,1.372972972972973,0.04510884631651098,658,it’s so easy to spot who the boss’s pets are.”
4747,1664,14,38,125,177,1.3728813559322033,0.04719597324441732,658,The Russian wolfhounds manipulate content and us. I don't care what Mueller said.
736,1664,11,44,122,177,1.3728813559322033,0.04510937690020145,658,It's your turn to walk them.
5450,1666,13,37,119,169,1.3727810650887573,0.0480365372130202,658,Every dog has its data.
2893,1667,10,40,111,161,1.3726708074534162,0.047302938545738554,658,Don't ever say you've been working like a d-o-g.
3061,1667,10,40,111,161,1.3726708074534162,0.047302938545738554,658,There's some guy on the line who calls himself 'Dr. Dolittle.'  He says he'll only talk to the animals.
3067,1667,13,34,114,161,1.3726708074534162,0.049703996315390006,658,are they playing video poker over there too?
3581,1667,13,34,114,161,1.3726708074534162,0.049703996315390006,658,I can't find my mouse either
3750,1667,12,36,113,161,1.3726708074534162,0.048916740469572464,658,You better take this one. It's your mom...she says no one walked her today.
2462,1672,13,44,131,188,1.372340425531915,0.04460167770920976,658,But *we* know they're dogs.
1113,1672,11,48,129,188,1.372340425531915,0.043307401995574236,658,I drew the line at the sniffing.
4520,1674,12,43,125,180,1.3722222222222222,0.04528039106220092,658,I'm 37! Do you think they'll make me learn new tricks?
2617,1674,10,47,123,180,1.3722222222222222,0.0438881227883384,658,They have pedigrees in computing.
2900,1676,10,44,118,172,1.372093023255814,0.04523614938212206,658,"Well, we don't have to work like dogs just because they do!"
5272,1676,11,42,119,172,1.372093023255814,0.045981612269754245,658,It all started with 'Take your Pet to Work Day'.
1881,1678,9,43,112,164,1.3719512195121952,0.04589663014592587,658,Do you also feel like Duke keeps barking out orders?
822,1679,16,42,141,199,1.3718592964824121,0.04463001550359479,658,"I love the treats here and enjoy the walks, but I hate it when they grab us and give us a bath."
370,1680,11,36,109,156,1.3717948717948718,0.04915998150394333,658,Word is that management is going to throw us another bone.
707,1680,16,26,114,156,1.3717948717948718,0.053200269841063894,658,"I don't want to stereotype, but I think the guy next to me just ate my mouse."
4646,1682,12,44,127,183,1.3715846994535519,0.044761704318055054,658,"First, it was, ""Bring your dog to work"" day, now it's, ""Send your dog to work."""
2990,1682,14,40,129,183,1.3715846994535519,0.04608371354623243,658,I know - the one next to me stole my bowl too!
2802,1684,15,35,125,175,1.3714285714285714,0.0482389859493689,658,"Um, what’s the deal? I’ve been working like a dog for like 8 weeks now and no promotion. What do they expect me to do, beg?"
2851,1684,14,37,124,175,1.3714285714285714,0.04755332081392024,658,‘“And you’ve been worried all this time about AI replacing you!”
2441,1684,11,43,121,175,1.3714285714285714,0.04543428205063056,658,Our diverse recruiting efforts may have gone too far
3180,1687,15,32,120,167,1.3712574850299402,0.049883362958128626,658,We are NEVER gonna win this thing without a squirrel!
1042,1687,11,40,116,167,1.3712574850299402,0.04690171033599432,658,This diversity thing is out of control.
3093,1687,16,30,121,167,1.3712574850299402,0.05060133167126256,658,"They said they have 21 years of experience, but this program is only three years old!"
762,1690,15,29,115,159,1.371069182389937,0.05168405047132925,658,"Well, I'm glad you think I'm a babe, but you really shouldn't whistle in here."
4978,1690,15,29,115,159,1.371069182389937,0.05168405047132925,658,"I hear the cats are starting a meow, too movement."
3445,1692,13,40,125,178,1.3707865168539326,0.0462962269517056,658,He just sits on Fetchbook all day looking at his previous owner's vacation pictures.
5494,1693,18,27,125,170,1.3705882352941177,0.05131509005819673,658,Somebody peed on my firewall.
303,1694,14,42,133,189,1.3703703703703705,0.045038063527765355,658,Who did you think was posting all those Instagram pictures?
1223,1694,15,40,134,189,1.3703703703703705,0.0456586734001424,658,It’s only bad when they lick themselves.
2637,1694,11,38,113,162,1.3703703703703705,0.04787396939570777,658,Dont' worry - their bark is worse than their byte
4679,1697,11,35,108,154,1.37012987012987,0.049572742630662185,658,Who knew the introduction of AI meant Animal Intelligence?
1894,1698,14,46,140,200,1.37,0.04329981953610542,658,"The temp hiring agency promised they were all service dogs with lots of experience, but I can't say I'm impressed by what I've seen so far."
286,1699,10,44,119,173,1.369942196531792,0.045025309689495106,658,These new hires have really challenged my thoughts on a diverse workforce.
2094,1699,11,42,120,173,1.369942196531792,0.04576561862097606,658,"Oh come on Harry, it's a bit more than a ""pet"" peeve!"
3168,1699,15,34,124,173,1.369942196531792,0.04861424881928535,658,As long as you have a law degree you’ll be fine — and you have to work like a dog obviously.
4089,1699,13,38,122,173,1.369942196531792,0.04721142359654079,658,It's not inappropriate to say if they actually are dogs.
4420,1699,13,38,122,173,1.369942196531792,0.04721142359654079,658,It's the mandatory flea collars that bother me most.
5046,1699,17,30,126,173,1.369942196531792,0.049977713618319555,658,"Bring Your Dog to Work Day doesn't mean the owners can just go home, Jason."
5155,1705,11,32,103,146,1.36986301369863,0.051444600018436065,658,"Apparently, there have been complaints. Some of our colleagues are barking at the customers."
1317,1706,20,31,141,192,1.3697916666666667,0.048071670057473585,658,That new graphics designer is kind of a bitch!
3608,1706,15,41,136,192,1.3697916666666667,0.045146404652414554,658,Mostly they do Sniffchat.
4049,1708,12,37,116,165,1.3696969696969696,0.04803934272744916,658,"I’m working like a dog too, but I’m not getting any recognition."
5077,1708,15,31,119,165,1.3696969696969696,0.05029421377959393,658,"The dogs ate my spreadsheet."""
3546,1708,16,29,120,165,1.3696969696969696,0.05102369811876523,658,"Blame The New Yorker! It's all because of that ""On the Internet, nobody knows you're a dog"" cartoon."
841,1711,16,36,132,184,1.3695652173913044,0.04715396308664216,658,"They work hard, they're focused, but if you post a cat pic they freak out."
2981,1711,13,42,129,184,1.3695652173913044,0.04522506651237436,658,I think I got fleas.
4169,1711,7,54,123,184,1.3695652173913044,0.041096562552033866,658,"At the end of the day, I want more than a biscuit and a scratch on the head.  Plus I'm a cat person."
4907,1711,11,46,127,184,1.3695652173913044,0.043892067376275795,658,"Look,I'm pretty sure we're the only ones here not being paid to take online courses for somebody else."
3598,1715,9,47,120,176,1.3693181818181819,0.04376528237048315,658,They're learning new tricks!
4416,1715,12,41,123,176,1.3693181818181819,0.04593696916181256,658,Are there any games beside Squirrel Chase on these computers?
1798,1717,15,42,138,195,1.3692307692307693,0.044649006992466087,658,"I don't care what you say, they're all bitches!"
1211,1718,11,33,105,149,1.3691275167785235,0.05070605538808242,658,I guess you can teach them new tricks after all.
4685,1719,14,41,132,187,1.3689839572192513,0.045352112068927065,658,All I hear is a high-pitched whistle.
3071,1719,13,43,131,187,1.3689839572192513,0.044713678699531204,658,And I thought robots would be replacing us
2831,1721,16,27,117,160,1.36875,0.05217130934592234,658,"All they do is watch cat videos, and cookie ads!"
2304,1722,13,40,126,179,1.3687150837988826,0.046083440896549685,658,"Who knew that ‘being your dog to work day’ meant bring your dog, TO WORK?"
2954,1722,15,36,128,179,1.3687150837988826,0.04742599416081375,658,They shouldn't even be working here they don't have their papers.
1013,1724,11,34,107,152,1.368421052631579,0.049994954892136505,658,Have you seen my mouse? It’s missing.
1017,1724,13,37,121,171,1.368421052631579,0.04757246881988074,658,"They're loyal and they work like dogs. Obviously, they're not Millennials."
5276,1724,15,33,123,171,1.368421052631579,0.048997333486908566,658,I refuse to work like dog.
1643,1727,16,42,143,201,1.3681592039800996,0.044261833706046416,658,"I guess it's true: On the internet, nobody knows you're a dog."
1776,1728,16,35,131,182,1.3681318681318682,0.04750312415557789,658,"For the last time Gary, I'm not going to get him another Cappuccino because he got me another tennis ball."
1780,1728,16,35,131,182,1.3681318681318682,0.04750312415557789,658,"Even with my headphones on, all I can hear is
 Who Let The Dogs Out!"
817,1728,19,29,134,182,1.3681318681318682,0.049383044744380766,658,"Wow, the call center IS a zoo."
4080,1728,16,35,131,182,1.3681318681318682,0.04750312415557789,658,Have you seen the toilets?
347,1732,13,34,116,163,1.3680981595092025,0.049197956580139424,658,"I don't care if it is free wifi, if this mutt next to me humps my leg one more time I'm out of here!"
47,1733,15,41,137,193,1.3678756476683938,0.04495272806589473,658,"Apparently, we didn't get the memo."
543,1733,15,41,137,193,1.3678756476683938,0.04495272806589473,658,I hate the new hires. They are literally brown-nosers.
979,1735,16,32,126,174,1.367816091954023,0.04906262722045015,658,"But I can hear it saying ""who's a good boy, who's a good boy..."" like every 5 seconds."
1602,1735,12,40,122,174,1.367816091954023,0.04627502909293241,658,Boss gave them a long leash.
4492,1735,11,42,121,174,1.367816091954023,0.04555148240723305,658,It all started as “bring your pet to work” day.
4778,1735,13,38,123,174,1.367816091954023,0.04698743540146684,658,The guy says he'll only upgrade if he gets to talk to the pug again.
335,1739,10,37,108,155,1.367741935483871,0.048452685612710676,658,I'm sick of picking up after them.
5433,1739,13,31,111,155,1.367741935483871,0.05098062656312006,658,The lack of communication bothers me. I have no idea what they are feeling unless their tails start wagging.
4784,1741,16,36,133,185,1.3675675675675676,0.04694091011539899,658,bring your dog to work fridays is out of control.
3981,1741,19,30,136,185,1.3675675675675676,0.04878229455656477,658,I’m telling you...the day Trump took over was the day they started to evolve into the more intelligent species...
2719,1741,8,52,125,185,1.3675675675675676,0.04163428622923683,658,"Bring your human to work day'"""
5443,1744,16,29,121,166,1.3674698795180722,0.050764271108986056,658,He says Fido is sick and he’s the subwoofer.
3437,1745,13,46,137,196,1.3673469387755102,0.043267576927661255,658,They never throw US a bone!
2622,1746,13,39,125,177,1.3672316384180792,0.04642107289468501,658,"I know there are budget cuts, but wouldn’t the K-9 unit be more useful in the field?"
4438,1747,16,37,135,188,1.3670212765957446,0.046395730088846746,658,I feel like we're characters in a cartoon that makes no sense.
1365,1748,10,42,117,169,1.3668639053254439,0.04568382382520252,658,"They said, these three were the only ones who managed to turn off their smartphones."
2729,1748,16,30,123,169,1.3668639053254439,0.05009656702909149,658,"On the Internet, nobody kn ows you're human."
2931,1748,16,30,123,169,1.3668639053254439,0.05009656702909149,658,They just play internet poker all day long!
5121,1751,17,32,131,180,1.3666666666666667,0.04850336111783263,658,Is this bring-your-human-to-work day or what?
3920,1751,14,38,128,180,1.3666666666666667,0.04654413282503513,658,"Geez, Jim has been barking at me all day..."
1866,1751,8,50,122,180,1.3666666666666667,0.042354655255943036,658,"When they told me this job had gone to the dogs, I had no idea how serious they were."
3853,1751,12,42,126,180,1.3666666666666667,0.0451908155223264,658,"They told me it was a 'dog eat dog office,' but this is getting ridiculous!"
2734,1755,13,44,134,191,1.3664921465968587,0.044027581518499774,658,How do these guys hold it in so long?
5524,1756,10,39,112,161,1.3664596273291925,0.04719577386743793,658,This place is really getting to you; did you just say that I look fetching?
4244,1757,15,44,143,202,1.3663366336633664,0.04351753555087224,658,"If you say ""this place is going to the dogs one more time"", I'll beep your shock collar!"
5320,1758,9,45,118,172,1.3662790697674418,0.04437808555179371,658,I think management's trying to bust our union. These guys will work for biscuits!
541,1758,13,37,122,172,1.3662790697674418,0.0473435560690125,658,At least this is a human friendly workplace.
2261,1758,8,47,117,172,1.3662790697674418,0.043605217821242104,658,"I'm just saying every time I ask one of these new interns to fetch me an old staff report, they look at me like I'm speaking another language."
2464,1758,13,37,122,172,1.3662790697674418,0.0473435560690125,658,"...and when I confronted him, he accused me of trudging up old stereotypes! As if I hadn't seen the shred with my paper's title hanging from his mouth."
3803,1758,14,35,123,172,1.3662790697674418,0.04805633940765861,658,Did you hear that Rufus tried to sniff our new back-end developer?
5438,1763,11,45,127,183,1.366120218579235,0.04399642738753328,658,"Does ""good boy!"" sound appreciative  over email?"
4827,1763,17,33,133,183,1.366120218579235,0.04791639662087649,658,When did their support dogs start doing their work?!
3884,1763,18,31,134,183,1.366120218579235,0.04853895657620025,658,"...and afterwards he took me home, humped my leg, speed on my carpet, and just left. I'm never dating a supervisor again!"
689,1763,13,41,129,183,1.366120218579235,0.04534075543725211,658,It's the Internet — no one will know.
2484,1763,16,35,132,183,1.366120218579235,0.04728564078821429,658,"Are you not annoyed at all by this ""Good afternoon, I'm man's best friend"" sales trick?"
3666,1763,11,45,127,183,1.366120218579235,0.04399642738753328,658,Can you believe they’re replacing us with a bunch of two-year-olds?
2466,1769,8,40,105,153,1.3660130718954249,0.04705977906762175,658,These new folks grab onto a problem and won't let go until its solved.
118,1770,10,40,114,164,1.3658536585365855,0.04659945354903387,658,Seriously. Who let the dogs out?
1531,1770,10,40,114,164,1.3658536585365855,0.04659945354903387,658,"I appreciate that they provide us water, but I would prefer bottles."
733,1772,14,36,125,175,1.3657142857142857,0.04746246835076096,658,"He said he's a Pooka, like I'm supposed to know what that is."
3607,1772,13,38,124,175,1.3657142857142857,0.04676541945663693,658,When the hell are they going to take us outside for a walk?
4578,1774,10,48,128,186,1.3655913978494623,0.042836029883187625,658,How to catch a squirrel?  I usually just transfer those to Maxi.
4946,1774,10,48,128,186,1.3655913978494623,0.042836029883187625,658,I miss those days when the biggest threat to our jobs was AI.”
2323,1776,10,37,109,156,1.3653846153846154,0.048198770324963496,658,"Apparently, if you bark at Alexa, you get chewy treats by overnight delivery..."
100,1777,12,37,118,167,1.3652694610778444,0.04756481036578198,658,Rex thinks Lady is a bitch.
1569,1777,12,37,118,167,1.3652694610778444,0.04756481036578198,658,The snacks here are terrible.
146,1779,19,27,132,178,1.3651685393258426,0.05015814669171296,658,"They do not tell the customer they are putting them on hold, instead they say ""sit and stay!"""
3036,1779,13,39,126,178,1.3651685393258426,0.04620562570872211,658,Honestly this is much better than robots taking our jobs
117,1781,10,49,130,189,1.3650793650793651,0.04237726508681117,658,Heads up--someone called the pound again.
2923,1781,14,41,134,189,1.3650793650793651,0.04495533069122325,658,"I know, and you know, but who cares?"
4419,1781,10,49,130,189,1.3650793650793651,0.04237726508681117,658,"The company says they want a greater focus on ""watchdog"" journalism."
4657,1781,8,53,128,189,1.3650793650793651,0.041027527534305275,658,It’s not so bad. The last place I worked was filled with trolls.
3792,1785,12,30,106,148,1.364864864864865,0.0517648172887719,658,See what happens when there's free WiFido?
5238,1786,13,32,114,159,1.3647798742138364,0.05001503129509474,658,He keeps barking up the wrong tree.
4567,1786,8,42,109,159,1.3647798742138364,0.04586333912777466,658,Got a tissue?  The bloodhound used my terminal again.
3309,1786,10,38,111,159,1.3647798742138364,0.04756751904135092,658,"I said lap top, not lap dog"""
2576,1786,11,36,112,159,1.3647798742138364,0.04839711110850822,658,He tried to follow me to the bathroom yesterday
1068,1790,13,36,121,170,1.3647058823529412,0.04770698770351928,658,Why do they feel the need to mark my chair?
1173,1790,16,30,124,170,1.3647058823529412,0.049847744267585196,658,I told you a fence wouldn’t keep them from taking our jobs.
1742,1790,12,38,120,170,1.3647058823529412,0.04697172587279992,658,"Don't ask me, they're your interns..."
3090,1790,14,34,122,170,1.3647058823529412,0.04843108836293086,658,"Is there any way to keep the Purina ads from popping up on the screen?"""
3450,1790,13,36,121,170,1.3647058823529412,0.04770698770351928,658,It's a real 'Who's a good boy? club'
3819,1790,12,38,120,170,1.3647058823529412,0.04697172587279992,658,Who told the dog he can eat at his desk?
3996,1796,17,32,132,181,1.3646408839779005,0.04827716354419432,658,"Hey Jared, we're at 1600 Pennsylvania Avenue, right?"
2408,1796,11,44,126,181,1.3646408839779005,0.044298537161430986,658,Now I get why kibble came with my latte.
791,1796,13,40,128,181,1.3646408839779005,0.04566327959151368,658,They're killing us on the obedience class exams!
1898,1796,12,42,127,181,1.3646408839779005,0.044986083946568584,658,I hear their health plan is better than ours too!
2077,1796,11,44,126,181,1.3646408839779005,0.044298537161430986,658,This lying on the resume is starting to get out of hand..
4444,1801,17,36,139,192,1.3645833333333333,0.04626045430012032,658,What’s the difference between “Bark” and “Bark Bark?”
5379,1802,15,44,144,203,1.3645320197044335,0.043340219673158785,658,Careful. These ones are not your best friend.
244,1803,11,33,107,151,1.3642384105960266,0.05015071651737506,658,I still say that we are way overqualified for this job!
650,1804,14,31,117,162,1.3641975308641976,0.05011769970069022,658,We’re ruined - they’re taking down all the cat videos !
3291,1805,12,39,122,173,1.3641618497109826,0.046397945061846156,658,You can't teach an old dog Linux
3058,1805,16,31,126,173,1.3641618497109826,0.04920998523130087,658,Yes I'll go to lunch with you. When I go with theses guys the food is terrible!!!
2562,1805,15,33,125,173,1.3641618497109826,0.04852225583522639,658,And there are no women on this Company's Board of Directors either. Is that the kind of world you want to live in Aaron?
1289,1805,5,53,115,173,1.3641618497109826,0.041015557537137926,658,"They're temps, just like us. Try not to discriminate."
127,1805,15,33,125,173,1.3641618497109826,0.04852225583522639,658,He says they are working toward their pedigree.
53,1805,11,41,121,173,1.3641618497109826,0.045667887742224356,658,HR says leg humping is part of their culture.
2180,1805,13,37,123,173,1.3641618497109826,0.04711669174600211,658,"When I heard, 'workin with animals' this is not what I envisioned at all."
2222,1812,13,41,130,184,1.3641304347826086,0.04513754383870306,658,"I thought it was "" Bring your pet to work day"" and not "" Have your pet do your job day""."
3768,1812,9,49,126,184,1.3641304347826086,0.04242418813389997,658,I thought it would be robots taking over our jobs.
3401,1814,11,50,137,198,1.3636363636363635,0.041697245145632944,658,I keep getting PetSmart pop-ups.
3788,1814,11,42,123,176,1.3636363636363635,0.045128702217906644,658,Do you think HR has gone a bit overboard with their diversity push
2578,1814,8,44,113,165,1.3636363636363635,0.04474689358664771,658,The new dog-to-human translation software seems to be working
5169,1814,14,40,133,187,1.3636363636363635,0.04526728143824591,658,"I tried, but the boss said that poop could be anyone's..."
2173,1814,16,36,135,187,1.3636363636363635,0.046520197563473246,658,Helen is a real bitch!
323,1814,9,42,114,165,1.3636363636363635,0.04556527532740437,658,Rick just peed all over my paperwork. Again.
2425,1814,12,44,131,187,1.3636363636363635,0.043978685249494935,658,I thought the robots would take our jobs - I never considered this!
2309,1821,13,39,127,179,1.3631284916201116,0.045992035634533454,658,"Apparently when we signed up for Computer Lab, it meant 
Computer Labradors."
2502,1821,12,41,126,179,1.3631284916201116,0.04530448811288258,658,What'd you bring for the potluck?
2540,1821,10,45,124,179,1.3631284916201116,0.04389709837671013,658,They're watching crazy cat videos.
2571,1821,14,37,128,179,1.3631284916201116,0.046669455111947374,658,Maybe now someone can finally fetch me that report!
2780,1821,10,45,124,179,1.3631284916201116,0.04389709837671013,658,"I’m ok with this, but if one of them offers me a treat I’m bailing."
3317,1821,13,39,127,179,1.3631284916201116,0.045992035634533454,658,The worst part is that their internet speed is seven times faster.
3227,1827,11,39,118,168,1.3630952380952381,0.04657165409121202,658,"That bitch used to be my quote, ‘best friend.’"
1498,1827,13,35,120,168,1.3630952380952381,0.048077967549085616,658,Can't you read? It's 'whoozagoodboy' -all lower caps.
2101,1827,14,33,121,168,1.3630952380952381,0.04881369647015724,658,Watch out for the big one- he’ll come up behind  you and sniff your hair.
4599,1830,12,29,105,146,1.3630136986301369,0.05223410927346235,658,"I know I just joined the team, but tell me again why every other line in this code says “—Squirrel!”?"
34,1831,13,40,129,182,1.3626373626373627,0.04545586461892152,658,I love Take Your Owner to Work Day.
442,1831,12,42,128,182,1.3626373626373627,0.0447830644368899,658,"I refuse to take my supervisor out for a ""WALKIE""!"
2675,1831,12,42,128,182,1.3626373626373627,0.0447830644368899,658,He looks at cute puppies on YouTube all day long!
2508,1834,13,36,122,171,1.3625730994152048,0.047475109925925935,658,Don't drink the water
3091,1834,14,34,123,171,1.3625730994152048,0.048194247707409585,658,Will you save my spot? I need to go do my business.
2209,1834,15,32,124,171,1.3625730994152048,0.04890281138838091,658,"I told the woman from Davis 
that I wanted to work with small animals."
5041,1834,16,30,125,171,1.3625730994152048,0.049601254130233044,658,"You think their parents had $500,000 too?"
1005,1834,19,24,128,171,1.3625730994152048,0.0516399337732454,658,"When they asked me to fetch them some coffee, I knew I was done."
240,1834,9,44,118,171,1.3625730994152048,0.04448244894406263,658,These interns certainly are a new breed
2095,1834,14,34,123,171,1.3625730994152048,0.048194247707409585,658,"Enough with the cat videos, right?"""
2084,1841,18,22,120,160,1.3625,0.05355851147057204,658,She’s such a bitch.
1126,1842,13,45,138,196,1.3622448979591837,0.04318574035110308,658,Get it? They're computer lab computer labs!
60,1843,12,43,130,185,1.3621621621621622,0.0442774393056662,658,My comfort animal won't share his password either.
1076,1843,19,29,137,185,1.3621621621621622,0.04870084678453147,658,WTF! All the porn is Doggie style!
5241,1843,16,35,134,185,1.3621621621621622,0.046856261671082214,658,"Then he barked, put down that treat. Treats are for closers only."
5459,1846,11,37,115,163,1.361963190184049,0.047526156819504735,658,When they said the new interns were all  'good boys' this is not what I expected.
826,1847,12,44,132,188,1.3617021276595744,0.04378687280234268,658,You're right!  My screens full of dog food ads too!
4059,1847,13,42,133,188,1.3617021276595744,0.0444317400429413,658,"We better start filling out applications, this place is going to the dogs."
4839,1849,13,38,126,177,1.3615819209039548,0.046327213847568764,658,I think they are playing online poker.
3231,1849,9,46,122,177,1.3615819209039548,0.04346729116620062,658,I heard our new boss is a pit bull
2287,1849,13,38,126,177,1.3615819209039548,0.046327213847568764,658,"I don't mind the Woofers, but the Tweeters are driving me crazy!"
1164,1849,10,44,123,177,1.3615819209039548,0.044199623716894225,658,They're watching 'Lassie' reruns.
5300,1853,9,29,92,130,1.3615384615384616,0.053504324307480214,658,He wants to borrow my brush!
1804,1854,14,32,120,166,1.3614457831325302,0.04920442378383809,658,What's with Sparky getting demoted to Alright Boy?
2661,1854,12,36,118,166,1.3614457831325302,0.04769734394747745,658,"I thought working with the Top Dog would be a great learning experience, but he keeps barking orders at me."
3964,1854,16,28,122,166,1.3614457831325302,0.05066669537432947,658,I do like them.  I just don't like making 80 cents to their dollar.
4087,1857,11,51,140,202,1.3613861386138615,0.04111003850973998,658,I told him we'd play fetch but the software update is taking forever!
1524,1858,16,37,138,191,1.361256544502618,0.04578493894930221,658,"No, Ted, it's your turn to take them out. They won't walk themselves."
63,1859,17,31,132,180,1.3611111111111112,0.048416187181405654,658,And he keeps telling me about his favourite sex positions. Apparently they just call it ‘style’.
2052,1860,12,37,120,169,1.3609467455621302,0.04709893505201904,658,College admissions department at USC
3950,1860,14,33,122,169,1.3609467455621302,0.048571539396066905,658,And they said it would be robots.
995,1862,12,46,136,194,1.3608247422680413,0.04284818288306354,658,I'm all for diversity hires...but I still think we need a few more cats.
1995,1862,16,38,140,194,1.3608247422680413,0.045272845905588284,658,We do all of the work while they just sit around watching cat videos all day!
234,1864,15,36,132,183,1.360655737704918,0.04655834121009871,658,You should see the women's bathroom.
132,1864,15,36,132,183,1.360655737704918,0.04655834121009871,658,"Sadly,most of them only watch YouTube funny cat videos."
338,1866,10,42,120,172,1.3604651162790697,0.04503469007217928,658,It's the new AI - Animal Intelligence
1034,1866,12,38,122,172,1.3604651162790697,0.04652012706244413,658,Who knew K+9+Delete could do this?
2143,1866,13,36,123,172,1.3604651162790697,0.047245334985692486,658,I used to worry we would be replaced by robots.
3165,1866,16,30,126,172,1.3604651162790697,0.04935706682860474,658,All they do is allow cookies.
4140,1866,12,38,122,172,1.3604651162790697,0.04652012706244413,658,Don't worry about Fred - his bark is worse than his bite.
5069,1866,18,26,128,172,1.3604651162790697,0.050716062129586306,658,"No, I didn't poop in the kitchen."
869,1872,13,32,116,161,1.360248447204969,0.049494961026426164,658,"Well, they are good boys"
1028,1872,10,38,113,161,1.360248447204969,0.04708324449683836,658,But every 30 days they force one of those flea and tick treatments on your neck.
4718,1872,17,24,120,161,1.360248447204969,0.05253865408647832,658,On the internet they also can't tell that you're not a dog.
4331,1875,15,37,134,186,1.3602150537634408,0.046017064483837536,658,They're the bosses dogs for Chrissakes! What chance do we have for advancement?
1603,1875,16,35,135,186,1.3602150537634408,0.046644322939426,658,"Janice, get your act together before they replace you too."
1012,1877,10,43,122,175,1.36,0.04450789122113494,658,"With my Masters Degree, I thought I'd be top dog quickly.
I was so wrong."
4570,1877,13,37,125,175,1.36,0.04666901237360557,658,I wish the boss would stop saying “good boy” to all the new hires.
5125,1877,14,35,126,175,1.36,0.04736747999334079,658,"I'm just saying, if they get kibble, we should get pretzels."
1290,1880,11,37,116,164,1.3597560975609757,0.04728700967496823,658,...then last week they caught Checkers browsing cat videos
3059,1880,7,45,112,164,1.3597560975609757,0.04400902734271225,658,"The website says ""diverse work culture,"" Cliff."
5001,1880,12,35,117,164,1.3597560975609757,0.048071592267032046,658,You hear that high pitch sound too?
5171,1880,12,35,117,164,1.3597560975609757,0.048071592267032046,658,One followed Tom in on Friday and another followed Trudi in over the weekend.  They kept on following people in and now they run the place.
2676,1884,16,32,130,178,1.3595505617977528,0.04813171876689095,658,There are some real bitches working around here
2451,1884,11,42,125,178,1.3595505617977528,0.04471311318965635,658,It's the internet.  No one knows.
2633,1884,14,36,128,178,1.3595505617977528,0.04679425613595602,658,Did I just hear the mission is to bury a bone on Mars?
1154,1884,10,44,124,178,1.3595505617977528,0.043997528556070156,658,They send licks instead of likes.
1480,1884,13,38,127,178,1.3595505617977528,0.04611097955203994,658,Let go to the dog park.  I bet nobody's there.
982,1889,13,29,111,153,1.3594771241830066,0.051310968990878336,658,Our voice recognition software only knows like 15 words
1846,1889,11,33,109,153,1.3594771241830066,0.04960662168271359,658,"Don't you miss the days when they communicated
 by sniffing each other's butts?"
15,1891,12,36,119,167,1.3592814371257484,0.04746024721533159,658,the one beside me is acting like a total bitch
1726,1891,15,30,122,167,1.3592814371257484,0.049688123997777896,658,"Dennis, I will pay you to get a dog sitter."
1729,1893,11,43,127,181,1.3591160220994476,0.04420273157075272,658,"Let's not try to make them feel like they're different, okay?"
3319,1894,8,45,117,170,1.3588235294117648,0.04379800671014031,658,Who? Who? Who let the dogs in?
1979,1894,16,29,125,170,1.3588235294117648,0.04975112607746399,658,"Dude, I don't know, they're dogs!"
3177,1894,11,39,120,170,1.3588235294117648,0.04612056292592631,658,"But if we used cats, they would eat the mice"
5415,1894,14,33,123,170,1.3588235294117648,0.04833163826550019,658,Are we the only people working like dogs at this company?
5360,1898,15,36,133,184,1.358695652173913,0.04634608227005963,658,"And yesterday, I caught him watching “Poodles Gone Wild!”"
2612,1899,18,35,145,198,1.3585858585858586,0.04572152646029335,658,I can't hear a thing on this new high band wave.
3262,1899,14,43,141,198,1.3585858585858586,0.043420747691191884,658,"Sure they are cute, but can they code?"
2548,1901,10,37,112,159,1.3584905660377358,0.047451590496458834,658,Sometimes I feel like we're the only ones who can think long-term around here
4798,1901,12,33,114,159,1.3584905660377358,0.049100676496802345,658,"Last week it was tweeters, this week it's woofers! What's next week?"
5635,1901,14,29,116,159,1.3584905660377358,0.050696148021754615,658,"And, do you have any pet peeves?"
4986,1904,13,36,124,173,1.3583815028901733,0.047017637624359114,658,I preferred when they smoked cigars and played around the table.
4279,1904,14,34,125,173,1.3583815028901733,0.0477270529459052,658,"We had three cats in last week, but every one of them ate the mouse."
5048,1904,10,42,121,173,1.3583815028901733,0.044822073160424906,658,"We're having good results with the pet match site, but some of our pups complain that prospective owners don't smell like their profiles would suggest."""
590,1904,16,30,127,173,1.3583815028901733,0.049115152989200966,658,How do they type?
2985,1904,12,38,123,173,1.3583815028901733,0.04629735319270272,658,I had no  idea you weren't a dog!
5278,1909,16,35,136,187,1.358288770053476,0.04643418987157308,658,That's not my stomach growling!
681,1909,17,33,137,187,1.358288770053476,0.04704928262255345,658,"I told you, this job is really going to the dogs."
1956,1911,14,30,118,162,1.3580246913580247,0.05001133523120331,658,They don’t like to be called “pets” and are offended by the term “dog” so we usually go with “four-legged butt-sniffers.”
2787,1911,16,26,120,162,1.3580246913580247,0.05152180241228804,658,Everyone here keeps sending me human videos!
349,1913,14,35,127,176,1.3579545454545454,0.047141973892480774,658,"Sam, they do know we're a startup, right? We can only pay them two biscuits per hour."
846,1913,13,37,126,176,1.3579545454545454,0.04644814999054616,658,"Jim, I'm telling you, their byte is worse then their bark."
955,1913,14,35,127,176,1.3579545454545454,0.047141973892480774,658,I hear they're teaching coding down at the shelter.
2550,1913,11,41,124,176,1.3579545454545454,0.04502844109753461,658,What makes you think it's ok to brush up against my leg like that?
4787,1917,12,44,134,190,1.3578947368421053,0.04340786530882812,658,If we were everyone’s best friend we’d also have their sales numbers!
297,1918,14,31,120,165,1.3575757575757577,0.04935018625430356,658,I thought this would be a safe place to work but the dogs try to hump me more than the men ever did.
4568,1919,9,51,133,193,1.3575129533678756,0.04101331657768799,658,"Jeff keeps buying tennis balls with company money, that's the fifth time this week should I say something to management?"
1645,1919,11,47,135,193,1.3575129533678756,0.042308827317697195,658,"""This is ridiculous; my mouse now has fleas!"""
771,1921,13,34,121,168,1.3571428571428572,0.04797415356376048,658,You'd be surprised how many of them are into kitty porn during working hours.
2796,1921,12,41,129,182,1.3571428571428572,0.044687989450417034,658,What part of Pets-R-us didn't you understand?
4190,1921,10,40,118,168,1.3571428571428572,0.04569093358501374,658,They're 'service animals'
5304,1921,15,40,141,196,1.3571428571428572,0.04429811949614588,658,"Since the cat showed them how to use the mouse, gaming has taken on a different meaning."
3660,1925,9,43,119,171,1.3567251461988303,0.044373778303844785,658,This company diversity program has gotten way out of hand.
1265,1925,9,43,119,171,1.3567251461988303,0.044373778303844785,658,"If you don't stop humming ""Who Let the Dogs Out?"" I will literally vomit on this keyboard. Literally."
1652,1925,13,35,123,171,1.3567251461988303,0.04737330471242616,658,How can we be expected to get anything done with all the yapping going on on?
3456,1925,11,39,121,171,1.3567251461988303,0.045898051158710124,658,I think they're barking up the wrong tree.
3476,1925,13,35,123,171,1.3567251461988303,0.04737330471242616,658,"‘You can’t teach an old dog new tricks’, my ass!"
2645,1930,18,41,157,216,1.3564814814814814,0.0429206461680545,658,"The boss hasn't called me ""good girl"" either, I don't know what's going."
3314,1931,11,50,141,202,1.3564356435643565,0.04102542390055878,658,We shouldn't have complained about the Gen Xer's. At least didn't mark their territory!
847,1932,8,51,129,188,1.3563829787234043,0.04100870744750802,658,It's management's strategy to avoid unionization.
969,1932,11,45,132,188,1.3563829787234043,0.043039307229789686,658,"Seriously, you gotta use your canine name, or you'll never sell anything."
2193,1934,12,38,124,174,1.3563218390804597,0.04607656486558384,658,This outsourcing is getting ridiculous.
2436,1934,20,22,132,174,1.3563218390804597,0.05152257732542681,658,Word of advice: everyone's a bitch here.
264,1936,12,33,115,160,1.35625,0.048844248517174955,658,"The bosses love them. They don't smoke, and, they never ask for a coffee-break."
1607,1936,8,41,111,160,1.35625,0.04551148431333037,658,I think it has something to do with that Diversity Sensitivity Training we skipped last week.
3300,1936,8,41,111,160,1.35625,0.04551148431333037,658,"Upper management did say they were going to be ""very dogmatic about creating a more inclusive workplace,"" but maybe I misinterpreted what that means."
32,1939,15,38,138,191,1.356020942408377,0.04509277534631142,658,"He just ate my sandwich when I wasn't looking."""
874,1939,13,42,136,191,1.356020942408377,0.04385356526496898,658,"In a call center, no one knows you’re a D-O-G"
1537,1941,11,41,125,177,1.3559322033898304,0.0448189701675368,658,If I have to listen to Who let the dogs out one more time
2204,1942,10,44,126,180,1.3555555555555556,0.04359840302417468,658,"For the last time, I'm POSITIVE they can't understand us!"
4620,1942,10,44,126,180,1.3555555555555556,0.04359840302417468,658,"Who does truffles think she is, barking orders at us like that."
199,1944,15,45,151,211,1.3554502369668247,0.04204790130053957,658,Did they tell you to sit and stay?
75,1945,15,29,122,166,1.355421686746988,0.049837311257255844,658,Are they Sirius?
504,1945,11,37,118,166,1.355421686746988,0.04681538414710986,658,"Whatever you do, don't say ""Down""."
2026,1945,10,39,117,166,1.355421686746988,0.04602891311679737,658,It's mostly poker
289,1948,14,42,141,197,1.3553299492385786,0.04351885329817829,658,You're asking me to fetch the coffee?
3144,1949,10,34,108,152,1.355263157894737,0.04887002588335563,658,Why do we have to go to a seminar on how to roll over and play dead?
5398,1949,9,36,107,152,1.355263157894737,0.04797021006936673,658,They'll fetch anything!
1190,1951,14,37,132,183,1.355191256830601,0.045815917646538085,658,And...don't keep calling me the only two-legged bitch in the room
2214,1951,14,37,132,183,1.355191256830601,0.045815917646538085,658,"Y’know, Will, when they said that I’d be doing lab work..."
729,1951,7,51,125,183,1.355191256830601,0.04097259605095331,658,House training is so 1980s. Now it's all about IT training.
4687,1954,13,34,122,169,1.3550295857988166,0.047736237910378496,658,They didn't even invite me to their poker night!
354,1954,13,34,122,169,1.3550295857988166,0.047736237910378496,658,More like: THE Man's best friend.
1398,1954,10,40,119,169,1.3550295857988166,0.04546890448902634,658,These new temps work like dogs...
1790,1957,19,23,130,172,1.3546511627906976,0.051287741663213565,658,Since when did we stop printing in color?
2697,1957,13,35,124,172,1.3546511627906976,0.047142716392741105,658,Does the one next to you keep asking for keyboard help?
4056,1957,11,39,122,172,1.3546511627906976,0.045677530547061286,658,"While we were busy sharing cute cat videos and ordering exotic takeout online, they've developed a hedge fund trading strategy!"""
1256,1960,12,43,134,189,1.3544973544973544,0.04350428611409593,658,Just pretend you are a service animal.
4761,1960,10,47,132,189,1.3544973544973544,0.0421906189767042,658,"I mean, they said we'd be working with the big dogs, but..."
5216,1960,12,43,134,189,1.3544973544973544,0.04350428611409593,658,"Sure they're quiet now, but wait till they start working on their ruff drafts!"
3900,1963,5,46,107,158,1.3544303797468353,0.04313367054163124,658,Has this cultural diversity thing gone a little too far?
555,1964,11,40,124,175,1.3542857142857143,0.04513591432965455,658,But noooo. I sniff *one* butt and HR gets all weird about it.
5151,1965,12,39,127,178,1.353932584269663,0.04531719786391686,658,"If they get that brain pill, why can’t we?"
5378,1965,14,35,129,178,1.353932584269663,0.0466969845533415,658,"You and I are the last two human beings willing to work in such a heartless, racist, homophobic, anti-semitic, self-serving, narcissistic, reckless, dangerous, and irrational presidential administration."
1349,1965,14,35,129,178,1.353932584269663,0.0466969845533415,658,"Okay, so I told the recruitment agency I liked working with dogs"
4386,1965,13,37,128,178,1.353932584269663,0.04601226352078545,658,I'm here on the diversity program too.
3281,1969,12,45,138,195,1.353846153846154,0.042578973098956426,658,This is not the best time to be sharing cat pictures
3182,1970,12,34,118,164,1.353658536585366,0.04795995514539018,658,Just keep the tummy rubs up and you can get away with anything.
3115,1971,16,38,144,198,1.3535353535353536,0.04450313791207373,658,Gotta admit I miss the old days when they were happy just hanging around sniffing each other's butts
4175,1972,9,35,106,150,1.3533333333333333,0.04836167494288357,658,I can’t hear anything but these sub-woofers.
5477,1972,9,35,106,150,1.3533333333333333,0.04836167494288357,658,This explains the yellow puddle at the water cooler...
1845,1974,13,33,121,167,1.3532934131736527,0.048106671138728005,658,I'm not sure if human resources is capable of handling my complaint.
4550,1974,12,35,120,167,1.3532934131736527,0.04735089166168896,658,I can't believe the boss wants us to train them.
870,1976,11,43,130,184,1.3532608695652173,0.04360984779937856,658,It just occurred to me; how do we know the customers aren't dogs?
4090,1977,11,38,121,170,1.3529411764705883,0.046011669932619584,658,I should preface this comment by telling you that my best friend is a dog.
5198,1977,12,36,122,170,1.3529411764705883,0.04676202962086448,658,I wish they would turn off the cat videos!
4348,1977,15,36,136,187,1.3529411764705883,0.045720134497114956,658,It's our new tele-barketing initiative.
3571,1977,14,38,135,187,1.3529411764705883,0.04508691264842461,658,I think it has something to do with reparations and affirmative action.
2004,1977,10,46,131,187,1.3529411764705883,0.042459694618499466,658,...and they're so dang loyal!
2858,1977,14,26,113,153,1.3529411764705883,0.052023542138572236,658,"Seen the early retirement package? That farm in the country sounds terrific!"""
2696,1977,9,42,119,170,1.3529411764705883,0.04447298597395697,658,At least they're office-broken.
3449,1977,9,42,119,170,1.3529411764705883,0.04447298597395697,658,"The smell I can deal with, but the fleas are unbearable."
4666,1985,15,37,138,190,1.3526315789473684,0.04520250059329195,658,Watch out for the border collie.
1859,1986,14,33,126,173,1.3526011560693643,0.047625189482048205,658,I found the only people that will work for less than Millennials.
3169,1986,10,41,122,173,1.3526011560693643,0.04471359225893441,658,Should I be wearing a collar?
3434,1988,8,39,109,156,1.3525641025641026,0.046199201131996555,658,They said it was a human-friendly office.
1869,1988,12,31,113,156,1.3525641025641026,0.04965096302177674,658,It's a dog eat dog world; why do we even try to compete?
357,1988,11,33,112,156,1.3525641025641026,0.04881091213090623,658,It's a new menu. Save is sit and send is fetch.
1362,1988,11,33,112,156,1.3525641025641026,0.04881091213090623,658,"I told them to fetch the data, but they just find it and drop it without me."
728,1992,15,32,129,176,1.3522727272727273,0.047727272727272736,658,....and another thing -- everytime I get an email notification these guys start to salivate....
4897,1992,18,26,132,176,1.3522727272727273,0.049726228057119584,658,It is your fault that we are here.  Why can't you just sit when you are told?
229,1994,10,36,113,159,1.3522012578616351,0.047330088868561035,658,When will we update our company policy on squirrel videos?
2977,1994,15,26,118,159,1.3522012578616351,0.051363360402196474,658,"Every time my phone rings, he drools all over his keyboard."
3055,1996,13,37,129,179,1.3519553072625698,0.04579719372200453,658,Shhh...don’t let anyone hear you say “bitches” or HR will be here in a heartbeat.
859,1996,13,37,129,179,1.3519553072625698,0.04579719372200453,658,I thought they said we were joining the K-9 unit !
2399,1996,15,33,131,179,1.3519553072625698,0.047147898681559115,658,"Yes, but *I* know he's a dog!"
2442,1999,12,33,117,162,1.3518518518518519,0.04833888359033945,658,Bella on station two is such a bitch.
214,1999,16,25,121,162,1.3518518518518519,0.051413739517433395,658,What's with the media hounds?
599,1999,8,41,113,162,1.3518518518518519,0.045054663713696555,658,You get used to the bathrooms after a few days.
2119,2002,10,44,128,182,1.3516483516483517,0.04320591185770269,658,THEY seem to think it's OK to slink off to the nap room every half hour!
2587,2002,10,44,128,182,1.3516483516483517,0.04320591185770269,658,They were Instagram Famous puppies who aren’t as cute anymore.
421,2004,10,38,117,165,1.3515151515151516,0.046141641091063744,658,Who knew Bring Your Pet to Work Day would be like this?!?
531,2004,12,34,119,165,1.3515151515151516,0.047716566332787654,658,This place is such a good boys club.
925,2004,15,28,122,165,1.3515151515151516,0.04998599996612548,658,"I not saying it's one of the new staffers, but I just stepped in some doody over by the copy machine."
3457,2004,9,40,116,165,1.3515151515151516,0.04533366533349307,658,This artificial intelligence is getting out of hand.
2048,2008,13,26,109,148,1.3513513513513513,0.05239691888242544,658,They thought “Bring Your Pet To Work Day” meant bring your pet to work.
125,2008,14,37,134,185,1.3513513513513513,0.04540008921930769,658,"Well, except for the fleas..."
1115,2010,17,25,126,168,1.3511904761904763,0.050756945662256796,658,"I feel like I'm the only one in the office who finds the ""Good Boy of the Month"" award to be misogynistic."
2401,2010,14,31,123,168,1.3511904761904763,0.04860462462227389,658,Told you the place was going to the dogs.
2639,2010,13,33,122,168,1.3511904761904763,0.04786568222894604,658,"Ever since they removed the keyboards, anyone can get a job around here."
3076,2010,16,27,125,168,1.3511904761904763,0.05004979054433272,658,This is not the doggie style I anticipated.
4163,2010,9,41,118,168,1.3511904761904763,0.044788162917489625,658,"I still haven't found the computer lab, only computer terriers."
4767,2010,12,35,121,168,1.3511904761904763,0.04711515187084436,658,It's bring your dog to work day!
5207,2016,9,35,107,151,1.3509933774834437,0.04809728505570444,658,"I mean, they did says it’s a dog-friendly office."
1201,2017,10,40,121,171,1.3508771929824561,0.045030803362789334,658,But nobody is scooping the break room.
362,2017,12,36,123,171,1.3508771929824561,0.04653355940294065,658,Let's take a break and play 'fetch'
564,2017,14,32,125,171,1.3508771929824561,0.04798928057301768,658,"This isn't how I pictured obedience school."""
764,2020,14,39,138,191,1.350785340314136,0.04438657003938154,658,How did they ever get into this college?
5678,2021,6,42,106,154,1.3506493506493507,0.044693324022284334,658,When did the IT department get support animals?
3031,2022,12,37,125,174,1.3505747126436782,0.04597078225025984,658,"I don't know about you, but ""who's a good boy?"" doesn't count as an employee benefit."
4146,2022,14,33,127,174,1.3505747126436782,0.04739403292410726,658,Rufus jut told me that bitch in accounting is in heat. And she likes it human-style...
4526,2022,12,37,125,174,1.3505747126436782,0.04597078225025984,658,Everyone I work with is such a bitch.
5394,2022,14,33,127,174,1.3505747126436782,0.04739403292410726,658,This company ties advancement to loyalty. And I'm supposed to be happy about this?
138,2026,11,33,113,157,1.3503184713375795,0.048550979585057524,658,Bring Your Pet To Work Day is getting a little out of hand.
757,2026,10,35,112,157,1.3503184713375795,0.04770260266841387,658,"Really, Jim, you have to bark out orders, too?"
2020,2026,6,43,108,157,1.3503184713375795,0.04414635921600033,658,It kills me that they're so good at this when I'm all thumbs.
190,2029,17,28,132,177,1.3502824858757063,0.048831520502355626,658,They’re Lori Loughlin’s dogs.
629,2029,13,36,128,177,1.3502824858757063,0.04612712925189333,658,It was bad enough when we had to compete with immigrants for entry-level jobs.
4270,2029,8,46,123,177,1.3502824858757063,0.042505357028049924,658,Didn't you read Animal Farm?
4939,2029,8,46,123,177,1.3502824858757063,0.042505357028049924,658,I know. She wears the same outfit every day...
2558,2033,13,37,130,180,1.35,0.045584009523852095,658,What's with all the cat video pop ups?
1961,2033,11,41,128,180,1.35,0.04420130576588278,658,"So apparently now dogs think, we're THEIR best friend."
4763,2033,14,35,131,180,1.35,0.04625986565805642,658,Did you hear they hired a border collie as our new manager?
500,2033,12,32,116,160,1.35,0.04872590518890323,658,At this rate I'll never work my way up to the corner kennel.
1576,2033,15,33,132,180,1.35,0.0469259887176841,658,Data retrievers are hacking me.
5192,2033,14,42,144,200,1.35,0.04297363922617805,658,I can't stand it. The one next to me is listening to dog whistles.
2901,2039,12,40,131,183,1.349726775956284,0.04438626031836963,658,"I swear, this new temp agency is sending us their dogs."
5544,2039,10,44,129,183,1.349726775956284,0.04301211020510219,658,Our new workplace harassment policy  doesn’t cover half of what these guys do!
1397,2039,14,36,133,183,1.349726775956284,0.04571912713300958,658,Why did you have to blow that stupid whistle?
5654,2039,12,40,131,183,1.349726775956284,0.04438626031836963,658,No one is going to believe us when we tell them this is where all those dog whistle politics memes are created
4260,2043,11,35,117,163,1.3496932515337423,0.04729583846953417,658,"I told you, this bring your dog to work policy was a slippery slope!"
4912,2044,14,37,135,186,1.3494623655913978,0.04519483676772036,658,I don't get what the boss sees in these bitches.
2503,2045,11,36,119,166,1.3493975903614457,0.046700141761707406,658,"I tried to tell you, this job will change you."
4968,2045,12,34,120,166,1.3493975903614457,0.047475494633456454,658,I told you they work us like dogs.
5099,2045,12,34,120,166,1.3493975903614457,0.047475494633456454,658,Did you catch preferred pronouns?
5363,2045,10,38,118,166,1.3493975903614457,0.04591169666256938,658,"For years I've been saying that this place is going to the dogs, and now it's happened."
2988,2049,12,42,135,189,1.3492063492063493,0.04340834081683469,658,Do you sometimes get the sense that this diversity initiative has gone too far?
3913,2049,14,38,137,189,1.3492063492063493,0.044686224198629304,658,Do you know who ate my Snickers?
4014,2051,10,39,120,169,1.349112426035503,0.04535417075963282,658,"I don't get it, either; but, on your next call try whining and heavy breathing."
3671,2051,11,37,121,169,1.349112426035503,0.04612421471882875,658,"Honestly, you men are so disgusting; every time I walk into the room, Rex looks at me like I’m a piece of meat."
3582,2051,17,25,127,169,1.349112426035503,0.050498489603519166,658,"Yes, yes, Hunter.  I noticed."
1281,2051,14,31,124,169,1.349112426035503,0.048360834544419064,658,"This is not what I meant when I told you to find candidates who could sniff out a good scandal, Tom."
598,2051,11,37,121,169,1.349112426035503,0.04612421471882875,658,"Quit it already with the, Who Let The Dogs Out."
2832,2056,7,38,104,149,1.348993288590604,0.04658301980487645,658,Now I'm the last one to be against diversification...
3589,2056,9,34,106,149,1.348993288590604,0.048490897880694286,658,I think you might have the wrong bark code.
4923,2056,11,30,108,149,1.348993288590604,0.05032650018042513,658,Bring your dog to work day has really gotten out of hand.
3216,2059,14,39,139,192,1.3489583333333333,0.044192566967801356,658,I can’t believe how much my parents paid to get me in here.
502,2060,8,44,120,172,1.3488372093023255,0.04327074201081306,658,"What do we have to do, in order to earn a collar?"
3192,2061,9,50,136,195,1.3487179487179488,0.040577114650232074,658,Service dogs?  Really?
5344,2062,15,31,129,175,1.3485714285714285,0.04785622379824812,658,But why did they add a coding category to the Westminster Dog Show in the first place?
2247,2062,12,37,126,175,1.3485714285714285,0.04575121660953553,658,He said that going on walks just didn't provide enough mental stimulation.
4016,2062,9,43,123,175,1.3485714285714285,0.04354456896419197,658,Guess I missed the memo about Take Your Dog toWork Day.
881,2065,14,26,115,155,1.3483870967741935,0.05145030945761344,658,"It's olay. Online, no one knows you're not a dog."
5406,2065,11,32,112,155,1.3483870967741935,0.04894663217832321,658,This constant barking of orders is driving me crazy.
1690,2067,11,40,127,178,1.348314606741573,0.04450525564660391,658,You see the email? No vegan options at the company picnic again!
2921,2067,9,44,125,178,1.348314606741573,0.04305528813086663,658,"I think we're stuck in that ""On the Internet, nobody knows you're a dog"" cartoon."
4537,2067,10,42,126,178,1.348314606741573,0.04378627419752401,658,I’m not dogist. I just don’t like being pawed.
3288,2070,15,40,146,201,1.3482587064676617,0.043372128791449485,658,"I don't mind that they work for treats, but I have had it with the damn squeaky toy mice."
5281,2071,12,31,115,158,1.3481012658227849,0.04912129201789022,658,How do I prove I'm not a dog?
1595,2071,10,35,113,158,1.3481012658227849,0.04745155444598154,658,It’s some kind of on-line poker tournament.
1197,2073,7,49,125,181,1.3480662983425415,0.04111394847108899,658,"I'm for diversity, too, but it still smells in here."
3294,2073,8,47,126,181,1.3480662983425415,0.04185384227389876,658,Are you the one making that panting noise?
1966,2075,12,40,132,184,1.3478260869565217,0.04418527081918423,658,"Okay, I will admit they aren't old but I think coding goes way beyond a 'new trick'."
2379,2075,9,38,114,161,1.3478260869565217,0.04600572942750317,658,"When you told me this job involved working with animals, I didn't quite expect THIS!"
3189,2075,7,42,112,161,1.3478260869565217,0.044285975624920364,658,I taught him how to sit and roll over...now look at him!
4372,2075,11,42,131,184,1.3478260869565217,0.0435079489992585,658,At least the cats had a litter box
1250,2079,9,47,131,187,1.3475935828877006,0.041673911317382836,658,"Three dogs, and not one of them will fetch the coffee."
2957,2080,14,29,121,164,1.3475609756097562,0.049382322857452664,658,It’s the dogma that really drives me crazy!
2854,2080,12,33,119,164,1.3475609756097562,0.04784329015257228,658,I wish Sheila would stop barking orders.  She's sooo annoying
2991,2080,11,35,118,164,1.3475609756097562,0.04705490105755173,658,"...a wet sloppy kiss, his paws were all over me! Then he wouldn’t sit stay!"
1558,2080,16,25,123,164,1.3475609756097562,0.050874819006775485,658,I heard they're moving our office to a new business P-A-R-K.
2292,2080,10,37,117,164,1.3475609756097562,0.04625307572960685,658,They were a lot more sociable before social media.
1335,2085,11,44,135,190,1.3473684210526315,0.0425691516342343,658,have you seen my usb stick?
3079,2085,17,32,141,190,1.3473684210526315,0.046328192562194996,658,When I started my drive and opened Windows they all started barking!
3111,2085,10,46,134,190,1.3473684210526315,0.04190987805185712,658,Psst. Hey new guy. Be careful around Coco the receptionist. She can be a real bitch.
4172,2085,12,42,136,190,1.3473684210526315,0.043218369513383204,658,"Okay, seriously Dan. When will they realize that ""restroom breaks"" are meant for the restroom?"
342,2089,9,40,118,167,1.347305389221557,0.044887327952379645,658,You should definitely bring your lunch.
2230,2089,14,30,123,167,1.347305389221557,0.04874009176405073,658,I heard a full time position will be available in seven years.
3339,2089,10,38,119,167,1.347305389221557,0.04568388203291401,658,"I warned you.  I had a bad feeling about 
bring your dog to work Fridays."
4127,2089,10,38,119,167,1.347305389221557,0.04568388203291401,658,"Can we talk about the elephant in the breakroom, please?"
2210,2093,16,35,142,193,1.3471502590673574,0.045210161186461206,658,Do I do four woofs or five woofs  if she's giving birth to puppies in her car and I want to tell her the ambulance has been dispatched?
3269,2094,7,45,118,170,1.3470588235294119,0.04275718824069324,658,"All I'm saying is, he's made so many sales this month, the least he could do is throw me a bone."
4085,2095,14,40,142,196,1.346938775510204,0.04352596657433219,658,I didn’t get into journalism thinking I’d have to do this much butt sniffing.
4769,2096,7,46,120,173,1.346820809248555,0.04227959201828843,658,"I don’t mind going for a walk with him, but I don’t want to give him the wrong idea.”

-Josh Gartner, Brookly"
4970,2096,16,28,129,173,1.346820809248555,0.04891302400551533,658,This admissions thing is getting out of hand
5100,2096,8,44,121,173,1.346820809248555,0.04306712477468873,658,"I hear they originally started ""Grumpy Cat"" as a smear campaign."
5141,2096,10,40,123,173,1.346820809248555,0.04460049222385315,658,So who has been a good boy?
526,2100,7,47,122,176,1.3465909090909092,0.041816681932446934,658,I think the  #WoofToo  Movement has gone too far!
1353,2100,11,39,126,176,1.3465909090909092,0.04481489872330064,658,"Seriously, throw me a bone."
4368,2100,15,31,130,176,1.3465909090909092,0.047624735246717675,658,How am I supposed to know if dog biscuits are gluten-free?
4634,2103,11,31,111,153,1.34640522875817,0.04935101822127012,658,What did you say again seperates us from the other animals?
2556,2104,15,32,132,179,1.3463687150837989,0.04704738190533849,658,I just don't have the heart to tell them we know they're dogs.
454,2104,10,42,127,179,1.3463687150837989,0.04358443129097123,658,How come they can remember their password and I can't?
1055,2104,8,46,125,179,1.3463687150837989,0.04211960652334778,658,This is truly amazing.  And I thought their ability to play poker was impressive!
676,2107,14,35,133,182,1.3461538461538463,0.045830429394937006,658,No wonder The American Kennel Club gives us high marks for employee diversity!
713,2107,11,41,130,182,1.3461538461538463,0.043798287122204224,658,"Are you having trouble handling the higher pitches, too?"
1036,2107,15,33,134,182,1.3461538461538463,0.046488074023553545,658,"I warned you it was a real dog-eat-dog workplace."""
1679,2107,16,31,135,182,1.3461538461538463,0.04713654414904091,658,It's the new trend of  service animals.
4564,2107,16,31,135,182,1.3461538461538463,0.04713654414904091,658,I didn't realize this is what they meant when they said I could bring my dog to work.
892,2112,14,37,137,188,1.3457446808510638,0.04478955347114461,658,"Hey, you want to go chase some cats after work?"
2215,2113,12,32,118,162,1.345679012345679,0.04821878070993128,658,"If they want to stop all the cat videos, why not tweak the algorithm?"
267,2113,8,40,114,162,1.345679012345679,0.04492578178224991,658,"I'm sorry, but a chew toy and the occasional ""Good doggy"" just isn't going to pay the rent."
1361,2113,11,34,117,162,1.345679012345679,0.04741697562108865,658,I was just getting used to being a team member and now I  have to be a pack animal.
5181,2113,10,36,116,162,1.345679012345679,0.04660137702846762,658,Our chance for advancement has now been limited to pissing up a lamppost!
991,2117,10,27,99,136,1.3455882352941178,0.052579099526672717,658,There's a porta potty  outside for us.
4072,2118,10,37,118,165,1.3454545454545455,0.04602013237143623,658,"Now I understand why this training session is called ""learning new tricks."""
5647,2118,14,29,122,165,1.3454545454545455,0.04912730303521736,658,"Geez, must everyone around here be a brown-noser?"
4779,2120,8,42,118,168,1.3452380952380953,0.043861980595407114,658,Do you have any treats?
2483,2120,12,34,122,168,1.3452380952380953,0.04700018446209247,658,The WiFi password? It's k9bowwow.
5139,2120,11,36,121,168,1.3452380952380953,0.046235606841924404,658,I thought they could help sniff out the bugs.
657,2120,12,34,122,168,1.3452380952380953,0.04700018446209247,658,"...and another thing, they take way too many potty breaks."
2342,2120,7,44,117,168,1.3452380952380953,0.04304169306988468,658,Help me out here. Are tennis balls good for your teeth?
2296,2125,13,42,142,197,1.3451776649746192,0.042738510808954806,658,I think they're too embarrassed to watch the cat videos at their house.
1550,2126,18,33,149,200,1.345,0.04516719359097288,658,I hate that bitch!
3460,2127,12,36,126,174,1.3448275862068966,0.04586059275777719,658,On the Internet no one can tell if you are a human being!
4008,2127,14,32,128,174,1.3448275862068966,0.047287160035312366,658,They heard the internet was full of spam.
4443,2127,11,38,125,174,1.3448275862068966,0.045130402170149186,658,Wanna go for a walk and sniff some lampposts or what?
2224,2127,10,40,124,174,1.3448275862068966,0.04438820149526367,658,We may have a problem. I hear these guys are working for half of what we are being paid.
3420,2131,14,33,130,177,1.344632768361582,0.04671316692717853,658,"So the deal is, they've been brought in to fetch data. But, don't worry, their barks are worse than their bytes."
462,2131,13,35,129,177,1.344632768361582,0.04602084993759535,658,"I don't mind having to brew the coffee every morning, but one of these guys should be able to fetch the stapler."
1460,2131,8,45,124,177,1.344632768361582,0.042389998254774554,658,"What a suck-up! Wags his tail everytime the boss comes around.
Frank Buckley Andover, MA"
2749,2131,13,35,129,177,1.344632768361582,0.04602084993759535,658,They didn't mean you should literally bring your dog *to work.*
1951,2135,10,42,128,180,1.3444444444444446,0.04338431481917314,658,Company headquarters said it's cheaper than outsourcing to Asia.
5097,2135,10,42,128,180,1.3444444444444446,0.04338431481917314,658,"On the Internet, nobody knows, but it's you and me who can't get through a single staff meeting without being barked at."
3597,2135,11,40,129,180,1.3444444444444446,0.044093900017575155,658,I didn’t know we could listen to music
586,2135,8,46,126,180,1.3444444444444446,0.04192913401762013,658,"They work for treats and 'good boys'..."""
2590,2135,11,40,129,180,1.3444444444444446,0.044093900017575155,658,These guys just have a nose for coding.
3106,2135,12,38,130,180,1.3444444444444446,0.04479224559218596,658,Looks like we’re being eased out.
3566,2141,10,32,109,151,1.3443708609271523,0.04886920654135704,658,"Quickly, what is my dog name, today?"
81,2141,15,22,114,151,1.3443708609271523,0.0531949288159555,658,You and I can't compete with these telebarketers
1112,2143,10,43,130,183,1.3442622950819672,0.04290517174397784,658,These guys are geniuses but management has to do something about tbe fleas.
3835,2143,13,37,133,183,1.3442622950819672,0.04495555008574093,658,"Is it just me, or has this business really gone to the dogs?"
4996,2143,10,43,130,183,1.3442622950819672,0.04290517174397784,658,"All I'm saying is I'd be more efficient too, if corporate gave me free trips to the park."
1111,2146,9,35,110,154,1.344155844155844,0.04732005585471896,658,I knew “Bring your dog to work” was a set up!
1823,2146,12,29,113,154,1.344155844155844,0.04993831194148001,658,"I told you Randy, I don't date lead programmers only top dogs."
5090,2146,12,29,113,154,1.344155844155844,0.04993831194148001,658,"The work isn't so bad, but the weekly meet 'n greet is a must-miss."
2131,2149,12,40,134,186,1.3440860215053763,0.043788378649214636,658,I’ve got a feeling we’re in the wrong class.
3629,2150,11,32,114,157,1.3439490445859872,0.048422253827153885,658,I heard they now want to be on the dental plan.
141,2150,13,28,116,157,1.3439490445859872,0.050080268573137,658,"Well, someone peed on my keyboard."
1525,2152,12,41,136,189,1.343915343915344,0.043308744824721954,658,"I don't know.....the memo said
Rover take over."
695,2153,10,35,115,160,1.34375,0.04695682062432096,658,I can’t take it much longer. There’s always a bone of contention among them.
1436,2153,12,42,138,192,1.34375,0.04284306791753349,658,"Pet-friendly,"" they said"
2412,2155,12,32,119,163,1.343558282208589,0.047968949109091163,658,I was afraid we'd lose our jobs to Artificial Intelligence.
4118,2155,13,30,120,163,1.343558282208589,0.048752030118442334,658,It’s been like this ever since that New Yorker cartoon.
3204,2157,14,29,123,166,1.3433734939759037,0.04887478350914555,658,"I can't get past ""paw ID"""
2775,2157,8,41,117,166,1.3433734939759037,0.04416591856057273,658,Management thought hiring them could reduce time wasted on watching cat videos
1162,2157,9,39,118,166,1.3433734939759037,0.04498497207320381,658,"I’m not threatened, but ordering out for lunch has become quite a challenge."
2636,2157,14,29,123,166,1.3433734939759037,0.04887478350914555,658,Have you seen my ball?
4696,2161,10,26,98,134,1.3432835820895523,0.05307773386586271,658,And some people worry illegal immigrants are taking our jobs!
5358,2162,12,34,123,169,1.3431952662721893,0.046765887916509256,658,This aFURmative action policy is getting ridiculous!
4542,2163,16,27,129,172,1.3430232558139534,0.04904973090475007,658,How can he possibly expect people to believe his name is really ‘Robert?’
5673,2163,13,33,126,172,1.3430232558139534,0.04692417003864148,658,"He won't stop listening to Spotify."""
1288,2165,12,24,104,140,1.3428571428571427,0.053424773567828515,658,I think I'll skip this year's company picnic.
3252,2165,15,30,130,175,1.3428571428571427,0.0477502298169562,658,This outsourcing is getting out of hand!
4248,2165,10,40,125,175,1.3428571428571427,0.04417779105628963,658,"You'll get the hang of it, but I'm telling you: Don't say ""doggie bag."" Don't mention 'Dog Day Afternoon' or 'Straw Dogs' or 'Reservoir Dogs,' either. Same with 'woofers and tweeters."""
5015,2165,8,44,123,175,1.3428571428571427,0.04266514189159113,658,I saw my lunch in someone else's bowl!
4289,2169,12,37,129,178,1.3426966292134832,0.045104217687294036,658,Their work ethic is really making us millennials look bad!
5120,2169,12,37,129,178,1.3426966292134832,0.045104217687294036,658,They have found a kennel that accepts Obama Care!
1319,2171,13,36,132,181,1.3425414364640884,0.045267919079936755,658,I'm getting so tired of being treated like a dog around here.
3053,2171,12,38,131,181,1.3425414364640884,0.044584718723152984,658,"He put his paw on me, should I report this to H.R.?"
4028,2171,15,32,134,181,1.3425414364640884,0.046604283131894325,658,Apparently minimum wage laws don't apply to them
4516,2171,11,40,130,181,1.3425414364640884,0.04389088503798522,658,"All day long, “Fetch ”, “Sit”,”Speak”,I just can’t take it anymore!"
3459,2175,11,41,132,184,1.3423913043478262,0.04340209234500312,658,I think we're just chasing our tails.
4792,2175,14,35,135,184,1.3423913043478262,0.045408492748074174,658,I’m sick and tired of working like a dog.
1932,2177,10,31,108,149,1.342281879194631,0.04927536953178356,658,"I know this is supposed to be a diverse company, but I'm tired of working for kibble and the occasional tummy rub!"
1094,2178,13,38,136,187,1.3422459893048129,0.044247052344849665,658,It's an app for on-demand walksharing.
2114,2178,13,38,136,187,1.3422459893048129,0.044247052344849665,658,"I'm worried about the ""pet friendly"" concept of the company."
3541,2180,10,32,110,152,1.3421052631578947,0.04859947124817861,658,Scientists say most dogs know as many as a hundred words.  I think they're over qualified.
1760,2181,14,40,145,199,1.3417085427135678,0.04297329051477275,658,"I can’t find the employee bathroom, either."
1695,2182,8,39,114,161,1.3416149068322982,0.04502034569571267,658,This guy next to me said he's been here 70 years!
2266,2182,8,39,114,161,1.3416149068322982,0.04502034569571267,658,What's our target demographic in dog years?
22,2184,12,33,122,167,1.341317365269461,0.04711766841023983,658,My station has been marked.
2741,2185,14,30,126,170,1.3411764705882352,0.048006469538008474,658,"I mean, am I even allowed to use their bathroom?"
3134,2185,10,38,122,170,1.3411764705882352,0.04501295969392176,658,"I'm telling you, they're alright, just don't forward them any cat videos."
4469,2185,10,38,122,170,1.3411764705882352,0.04501295969392176,658,I don't mind the dogs but who's this dude on my right?
2003,2188,15,29,129,173,1.3410404624277457,0.04811216727359272,658,He borrowed my glasses two hours ago but he's not giving them back!
505,2188,16,27,130,173,1.3410404624277457,0.04880567564216129,658,"On the Internet, no one knows they are dogs."
1860,2188,13,33,127,173,1.3410404624277457,0.04669426056284422,658,I signed up for a different study but the snacks in the little bowl are so good I stayed.
1748,2191,13,48,156,217,1.3410138248847927,0.039938556067588324,658,They’ll do anything for a treat!
1323,2192,12,36,128,176,1.3409090909090908,0.04542206631824068,658,Do you ever feel like the last person who still has to use public computer labs?
1656,2192,14,32,130,176,1.3409090909090908,0.04682984346000726,658,Corporate should make them speak English.
2423,2192,13,34,129,176,1.3409090909090908,0.04613132529587373,658,I’d trade them all for a good Lab.
2652,2192,11,38,127,176,1.3409090909090908,0.044701555271417455,658,We're treated like dogs here!
2005,2196,13,35,131,179,1.3407821229050279,0.04558613678123167,658,"I've been trying to organize, but they all think belly scratches are better than parental leave."
3879,2196,14,33,132,179,1.3407821229050279,0.04626949929786402,658,Looks like a new AI: Animal Intelligence
1410,2196,17,27,135,179,1.3407821229050279,0.048261565051173655,658,This all started with a small group of them sitting around a poker table one night.  Do you have an extra flea collar I can borrow?
396,2196,16,29,134,179,1.3407821229050279,0.0476068058427657,658,How come the boss lets these guys off the leash all the time and we get stuck picking up the slack?
1493,2196,12,37,130,179,1.3407821229050279,0.044892373160697205,658,Don't worry - they'll always need us to speak with Siri and Alexa.
865,2201,13,36,133,182,1.3406593406593406,0.04505783252089265,658,I can't believe Spot got the promotion ahead of me; he hasn't even been here that long.
1519,2201,14,34,134,182,1.3406593406593406,0.04572659006941037,658,They’re literally begging for Yelp reviews.
2271,2203,9,45,131,185,1.3405405405405406,0.041824554500485715,658,"First Poker, now video games?"
3710,2203,13,37,135,185,1.3405405405405406,0.04454560568098804,658,Sure they're enthusiastic. But every single email is one big typo.
4435,2203,16,31,138,185,1.3405405405405406,0.04648197720867255,658,Bitches be crazy.
2655,2206,13,39,139,191,1.3403141361256545,0.04356640903802195,658,What are they yapping about?
4430,2206,14,37,140,191,1.3403141361256545,0.04419438422990244,658,I'm beginning to think Mr. Fido's hiring process is heavily biased.
5565,2208,7,52,135,194,1.3402061855670102,0.03920392317542836,658,"It's adorable, but I'm guessing nobody else here wants to watch a cat video."
4454,2209,12,26,109,147,1.3401360544217686,0.05153193085304032,658,These people wouldn’t know a funny caption if it bit them in the ass.
631,2210,13,42,145,200,1.34,0.04220076447901229,658,"They invited me to their poker game, but I’d feel like an outsider..."
4833,2211,10,32,111,153,1.3398692810457515,0.0483325314804936,658,When I blow the whistle on this place...
273,2212,11,31,114,156,1.3397435897435896,0.04854951074451131,658,"Jason, did you even READ the ad before committing us to this temp job?"
5107,2212,12,29,115,156,1.3397435897435896,0.04939400752591565,658,I didn’t realize this was literally Jim’s “pet” project.
3390,2214,13,28,118,159,1.3396226415094339,0.049542279314078876,658,The herd mentality in this place is unbelievable.
5417,2214,9,36,114,159,1.3396226415094339,0.046216787599682604,658,This new one is kind of a bitch.
4119,2216,10,35,117,162,1.3395061728395061,0.046471691882024824,658,"... and they expect us to drink out of that bowl on the floor, too!"
990,2216,10,35,117,162,1.3395061728395061,0.046471691882024824,658,"I was expecting to be replaced by Artificial Intelligence, but DOGS?"
2958,2216,9,37,116,162,1.3395061728395061,0.045639203655150756,658,WHEN are they gonna replace this carpet?
4523,2216,11,33,118,162,1.3395061728395061,0.047289527196614875,658,Are you going to play fetch after work?
2717,2220,12,32,121,165,1.3393939393939394,0.04747658208046979,658,"When I first got hired, this place was full of bulls and bears."
761,2220,14,28,123,165,1.3393939393939394,0.04900862685342619,658,How are 'service animals' giving us emotional support if they replace us?!
4329,2222,13,31,124,168,1.3392857142857142,0.0476346388790053,658,Do you have any treats? I need this dog's terminal.
1824,2223,10,38,123,171,1.3391812865497077,0.0447934085048287,658,"They say they're species inclusive, bu do you see any cats here?"
2477,2223,11,36,124,171,1.3391812865497077,0.04555489979228209,658,He dropped the ball on that last trade.
2928,2223,6,46,119,171,1.3391812865497077,0.041608312235211456,658,"Between you and me, we wouldn't be in this situation if Fifi hadn't dropped the ball!"
4051,2223,11,36,124,171,1.3391812865497077,0.04555489979228209,658,I thought you were going to fetch me a cup of coffee.
5485,2223,7,44,120,171,1.3391812865497077,0.04242700904691787,658,What am I supposed to do? They're comfort dogs.
4611,2228,12,35,127,174,1.339080459770115,0.045745964543268666,658,This is my first campaign office where I can't hear the whistles.
3214,2228,11,37,126,174,1.339080459770115,0.04501391455915287,658,I don't know? They just logged in and the beagle mix with the glasses said that Red Rover sent them over.
44,2228,18,23,133,174,1.339080459770115,0.04991330364066945,658,I don’t think I have the concentration for this job. Let’s go chase a ball and get something to eat
3022,2228,12,35,127,174,1.339080459770115,0.045745964543268666,658,It's not so bad? Employee of the month is now who's a good boy.
1299,2232,10,40,127,177,1.3389830508474576,0.043762523685959516,658,"No Jerry, I don't think a mailman Halloween costume is a good idea."
4335,2232,9,42,126,177,1.3389830508474576,0.04302275146915167,658,So these dogs understand Mandarin AND Goat?
670,2234,14,33,133,180,1.3388888888888888,0.046050662254022705,658,The Goat is sexting me!
1950,2235,12,38,133,183,1.3387978142076502,0.04417506359127592,658,I'm just afraid they'll figure out their unconditional love was not worth it.
4728,2236,12,39,135,186,1.3387096774193548,0.04368299130352111,658,We're no longer allowed to share cat memes.
3609,2236,13,37,136,186,1.3387096774193548,0.04434327872396561,658,Anne from marketing is a real bitch!
4627,2236,11,41,134,186,1.3387096774193548,0.043012568982283554,658,I’m not going to Petco again for lunch!
5508,2239,10,44,135,189,1.3386243386243386,0.04188243435026966,658,"Between A.I. and these guys, we don't have much time left."
1836,2239,14,36,139,189,1.3386243386243386,0.044489183723957236,658,They're threatening to unionize because of carpal paw syndrome
858,2239,13,38,138,189,1.3386243386243386,0.043852025929188014,658,"They're all googling the meaning of ""humane""."
1972,2242,8,49,135,192,1.3385416666666667,0.04010878792417398,658,"I’m not working for kibble, you know what I’m saying?"
2615,2242,12,41,139,192,1.3385416666666667,0.04274184081209418,658,The CEO's pet project is getting way out of hand!
4862,2242,15,35,142,192,1.3385416666666667,0.04461476797486933,658,I didn't think this is what they meant when they said this was a pet-friendly work environment.
1134,2245,13,43,148,204,1.338235294117647,0.041598785052535586,658,I told you telemarketing is a dog eat dog world.
459,2246,18,34,155,207,1.3381642512077294,0.04393962284524149,658,How did you understand “bring your pets to work”?
5453,2246,10,50,147,207,1.3381642512077294,0.039439492054270595,658,When they hired me I thought they asked if I knew DOS not DOG.
119,2248,11,32,117,160,1.3375,0.04765532367127345,658,"Is it me, or has this place gone to the dogs?"
4842,2249,10,35,118,163,1.3374233128834356,0.04623265155504615,658,There are no good lunches to steal anymore.
3416,2249,12,31,120,163,1.3374233128834356,0.04784285520209022,658,"I think the boss is racist, in all the time I've worked here he's never once hired a cat!"
1886,2249,11,33,119,163,1.3374233128834356,0.04704464296654021,658,They said they would be good at sniffing things out! What?
1533,2249,14,27,122,163,1.3374233128834356,0.049400602404890095,658,The oddest thing? Nothing but cat videos.
2232,2249,11,33,119,163,1.3374233128834356,0.04704464296654021,658,"Is it me, or is this place going to the dogs?"
1014,2254,11,34,121,166,1.3373493975903614,0.04645459836440563,658,"well, on the internet, no one knows you are a dog..."
3341,2254,14,28,124,166,1.3373493975903614,0.04875538698012344,658,They keep hanging up on me because of my accent.
5461,2256,8,41,120,169,1.3372781065088757,0.043520393522249255,658,"They seem relaxed now, but wait ‘til you see the corporate softball games."
2416,2257,9,40,123,172,1.3372093023255813,0.043806482439825316,658,Did you take my chew toy?
914,2258,11,37,127,175,1.3371428571428572,0.04479787535593945,658,Watch what you say. I heard she’s a real bitch.
5008,2258,11,37,127,175,1.3371428571428572,0.04479787535593945,658,"I'm just saying, how can I ask for a raise when my colleagues are being paid in kibble, Milkbones®️ and squeeky toys?"
4102,2260,11,38,129,178,1.3370786516853932,0.04428031789635045,658,"It's a good place to get work done, but you might want to avoid cat videos."
5167,2260,12,36,130,178,1.3370786516853932,0.044991405013298555,658,I don’t know that command. You’d better ask someone else.
3721,2260,13,34,131,178,1.3370786516853932,0.045691426954511706,658,I thought monkeys were the only animals that could write code.
1957,2260,12,36,130,178,1.3370786516853932,0.044991405013298555,658,And I thought we were being replaced by robots.
1883,2260,12,36,130,178,1.3370786516853932,0.044991405013298555,658,Who the hell taught them to write code?
287,2260,11,38,129,178,1.3370786516853932,0.04428031789635045,658,They could at least pick up after themselves.
1049,2266,14,33,134,181,1.3370165745856353,0.04583379003632372,658,"On the internet, nobody knows I'm an attractive woman."
1802,2266,15,31,135,181,1.3370165745856353,0.046498641521004046,658,"I don't know who designed this new program, but I can't hear a thing."
4777,2266,9,43,129,181,1.3370165745856353,0.04235327068915267,658,I guess they have a nose for it....
1044,2269,10,43,134,187,1.3368983957219251,0.0421434913366376,658,This isn't the SAT exam?
3672,2269,6,51,130,187,1.3368983957219251,0.03932009456970837,658,"When they said training day, this is not what I had in mind"
3191,2271,8,48,134,190,1.3368421052631578,0.0403417954982864,658,Management has really gone to the dogs.
1715,2272,10,45,138,193,1.3367875647668395,0.04126821845096888,658,Who’s a good boy?” Please. He does nothing but play online poker all day
4659,2272,10,45,138,193,1.3367875647668395,0.04126821845096888,658,I’m tired of working like a dog.
5502,2274,16,37,152,205,1.3365853658536586,0.04312505858606006,658,The syllabus said Animal Science Lab!
581,2275,6,35,99,140,1.3357142857142856,0.047127905692218745,658,"K-911? Well, that sure explains a lot."
4480,2276,13,25,114,152,1.3355263157894737,0.0510810963324424,658,This customer just keeps barking at me.
2310,2277,8,36,111,155,1.335483870967742,0.04602090502814394,658,"When you said the internet had gone to the dogs, I thought you were talking about trolling."
3352,2277,10,32,113,155,1.335483870967742,0.047806882984902835,658,Does that mean they're sub-woofers?
2021,2279,8,37,113,158,1.3354430379746836,0.04544099758325997,658,"And all along, I thought you were the top dog!"
4883,2280,12,30,119,161,1.3354037267080745,0.048216723615863835,658,I really have a bone to pick with these guys.
1343,2281,11,33,120,164,1.3353658536585367,0.04680215107805103,658,"No, they’re anthropomorphology majors."
5158,2281,10,35,119,164,1.3353658536585367,0.045995919889110566,658,And they never go for walks - they just  post pictures of sticks on Instagram for their owners.
4980,2283,10,36,121,167,1.3353293413173652,0.04543259625506297,658,"Hey, try throwing the ball."
4369,2283,8,40,119,167,1.3353293413173652,0.04381587690198748,658,"Seriously, who called in the dogs?"
1923,2283,10,36,121,167,1.3353293413173652,0.04543259625506297,658,See what happens when they started bring your pets to work day.
1545,2283,9,38,120,167,1.3353293413173652,0.04463155761994915,658,How are we supposed to compete with employees that are only getting paid with belly rubs?
2319,2283,12,32,123,167,1.3353293413173652,0.046993728690762585,658,Your’re right. This place has really gone to the dogs!!
1249,2288,12,33,125,170,1.3352941176470587,0.04641263619170703,658,The small one humped my leg. #MeShihTzu.
2030,2288,13,31,126,170,1.3352941176470587,0.04715661610567526,658,She’s a real bitch
2241,2288,11,35,124,170,1.3352941176470587,0.04565653462528092,658,"Okay, this therapy animal thing is going too far..."
3627,2288,15,27,128,170,1.3352941176470587,0.04861042821336371,658,Donald Trump called me a Dog on twitter and now this is the only place that will hire me!
3705,2288,12,33,125,170,1.3352941176470587,0.04641263619170703,658,"Look, I'm all for a dog-friendly workplace but this has gone too far."
3966,2288,15,27,128,170,1.3352941176470587,0.04861042821336371,658,"We just received an update e-mail from the hospital.  Mary had a lamb.  Its little, a bit under 5 pounds."
5590,2288,8,41,121,170,1.3352941176470587,0.043309100904620985,658,I go to the vending machine – all the trail mix has been replaced with kibble.
2090,2295,10,38,125,173,1.3352601156069364,0.044360291988099536,658,It's not fair. WE don't get to bring toys or eat at our desks!
2693,2295,9,40,124,173,1.3352601156069364,0.043596125632259564,658,"Everyone's worried about automation, but they keep ignoring the real problem."
1465,2297,14,31,131,176,1.3352272727272727,0.04671743984167043,658,"Who logged the dogs out? Woof, Woof, Woof!"
4835,2297,9,41,126,176,1.3352272727272727,0.04310271291560162,658,I can't get any work done with his heavy breathing and panting!
5362,2299,11,38,130,179,1.335195530726257,0.044072496126648965,658,You're not going to make it here unless you like cat videos.
5260,2299,13,34,132,179,1.335195530726257,0.045474457798958305,658,Did you bring the cat?
5591,2299,9,42,128,179,1.335195530726257,0.0426244474164503,658,"It's fine to be pet friendly, but I won't keep fixing his code."
848,2299,13,34,132,179,1.335195530726257,0.045474457798958305,658,I know we've replacing the foreign call center but we still cant understand  a word they say.
1453,2299,11,38,130,179,1.335195530726257,0.044072496126648965,658,Happy 'Take Your Human to Work Day.'
788,2304,12,37,133,182,1.335164835164835,0.04426798727975477,658,I guess this is what they meant by a dog friendly internet cafe.  Who knew?
4185,2304,10,41,131,182,1.335164835164835,0.04287457477352228,658,His glasses aren't fooling anyone.
284,2304,16,29,137,182,1.335164835164835,0.046930861587881414,658,"OK, I'm being a little dogmatic."
3570,2307,13,36,136,185,1.335135135135135,0.04443853332276423,658,The men's room is down the hall -- the one with a dog on three legs.
4078,2307,15,32,138,185,1.335135135135135,0.04574157908336149,658,The boss says they'll work for kibble!
3814,2307,8,46,131,185,1.335135135135135,0.041000136718991054,658,We're toast. They earn a fraction of our salary.
447,2307,10,42,133,185,1.335135135135135,0.042408961601729245,658,Buster won't stop asking me to take him on a W-A-L-K.
5265,2311,9,46,136,191,1.3350785340314135,0.040848999714552525,658,This is the third time this week Rover came into work with fleas.
5652,2311,9,46,136,191,1.3350785340314135,0.040848999714552525,658,The network can't be fetched right now.
2278,2313,11,43,140,194,1.3350515463917525,0.041736532965483006,658,... and because they're loyal.
3116,2314,8,34,108,150,1.3333333333333333,0.04698199632965865,658,"Give the new team a chance, I hear they have subwoofers"
3360,2314,13,38,141,192,1.3333333333333333,0.04327187210704701,658,I looked it up.  Mr. Snuffles isn't even in the working dog group.
3388,2314,11,36,127,174,1.3333333333333333,0.044892872088377854,658,No one knows your a human online!
3400,2314,12,35,130,177,1.3333333333333333,0.045089270201230526,658,Something went VERY wrong in the interviews.
3625,2314,13,34,133,180,1.3333333333333333,0.045259442464705806,658,The bad news is his breath is terrible. The good news is I can’t hear anything he’s listening to.
3951,2314,10,32,114,156,1.3333333333333333,0.04754809791842705,658,"I told you, no, I don’t know how they use the spacebar!"
3980,2314,16,28,136,180,1.3333333333333333,0.04727194592470654,658,Nobody actually reads these captions. They're all picked by a robot. That's why the winner is never really funny.
4171,2314,9,39,123,171,1.3333333333333333,0.04389059795586395,658,"There are white collars, blue collars, and now... dog collars?"
4476,2314,10,45,140,195,1.3333333333333333,0.04091645528795927,658,"They may have fleas, but their code is bug-free."
4593,2314,9,41,127,177,1.3333333333333333,0.042900329615473194,658,I'm thinking we may have taken affirmative action a step too far.
4683,2314,14,33,136,183,1.3333333333333333,0.04540584308523244,658,What's with these bitches...?
4704,2314,15,33,141,189,1.3333333333333333,0.04501491366063437,658,It’s true:  This place has gone to the dogs.
4810,2314,9,30,105,144,1.3333333333333333,0.04927603299909022,658,I should never have taught them how to use this ancestry website.
4844,2314,9,36,117,162,1.3333333333333333,0.045501575519329006,658,I'm embarrassed that they can do it and I can't!
4868,2314,10,36,122,168,1.3333333333333333,0.04520544196943266,658,"Hope you're happy now that they took you up on your ""Take Your Dog to Work."""
5101,2314,11,37,129,177,1.3333333333333333,0.04437162327312129,658,That’s it! No more Take Your Dog to Work Day.
5235,2314,11,36,127,174,1.3333333333333333,0.044892872088377854,658,"Frank, the one next to me just friended me on Facebook."
5547,2314,9,39,123,171,1.3333333333333333,0.04389059795586395,658,Whistling isn't going to help anything.
3043,2314,9,42,129,180,1.3333333333333333,0.04242786992641584,658,I don't mind the work; I do mind the kibble.
3003,2314,8,43,126,177,1.3333333333333333,0.04214542615431087,658,It's just harder for women in this industry. They're not my best friends.
5510,2314,11,39,133,183,1.3333333333333333,0.04337675489417602,658,What bugs me is that they never gossip
2882,2314,11,39,133,183,1.3333333333333333,0.04337675489417602,658,How can they tell it’s not a dog online?
2899,2314,15,23,121,159,1.3333333333333333,0.050996492030337334,658,It is someone from India asking for assistance and say they cannot understand me
70,2314,7,36,107,150,1.3333333333333333,0.04601980574173563,658,Last week my commission was a biscuit.
223,2314,7,42,119,168,1.3333333333333333,0.04277468860626115,658,I did hear that Comfort Dogs get special training.
352,2314,13,31,127,171,1.3333333333333333,0.04692102287185246,658,"If you don't spell W-A-L-K, they go nuts and want to come with."
577,2314,8,41,122,171,1.3333333333333333,0.04309971159206156,658,The staff meeting won't be starting until we hear the whistle.
772,2314,15,33,141,189,1.3333333333333333,0.04501491366063437,658,Now I know why they put up that sign 'Warning: Dog Bytes.'
976,2314,10,35,120,165,1.3333333333333333,0.04576146687125984,658,"When they said we'll be employing AI, I though it meant Artificial Intelligence, not Animal Intelligence!"
1043,2314,12,31,122,165,1.3333333333333333,0.04734903916896513,658,We're getting a lot of complaints about our customers not understanding our foreign accents!
1085,2314,11,40,135,186,1.3333333333333333,0.042901634323729454,658,It's put your dog to work day.
5506,2314,17,29,143,189,1.3333333333333333,0.04624842735200899,658,What next?! Bring your kid to work day??
1371,2314,8,49,138,195,1.3333333333333333,0.03960328427190295,658,The evidence is not sufficient to establish who's a good boy.
2791,2314,4,51,122,177,1.3333333333333333,0.038979887175020995,658,"Rex makes a solid argument, the sign says “Dogs Allowed”!"
1258,2314,12,38,136,186,1.3333333333333333,0.043573763509878294,658,"Best of all, our kibble breaks make me feel so much perkier than the old donuts and coffee."
2445,2314,13,41,147,201,1.3333333333333333,0.04192704712074701,658,"See?  I told you ""woof"" was a terrible password."
2430,2314,9,44,133,186,1.3333333333333333,0.04152475105417733,658,So much for a dog-friendly office
2814,2314,9,42,129,180,1.3333333333333333,0.04242786992641584,658,One more debate over kibble brands in the break room and I quit.
1832,2314,13,34,133,180,1.3333333333333333,0.045259442464705806,658,I hear they all went to M.U.T.
1785,2314,16,32,144,192,1.3333333333333333,0.04512280444624048,658,This open seating plan stinks even worse when it rains.
1639,2314,17,27,139,183,1.3333333333333333,0.04734805494856233,658,Why does everyone here keep asking us to go on a walk with them?
2396,2314,12,37,134,183,1.3333333333333333,0.04406350083148787,658,"They couldn't be satisfied teaching them to sit, fetch, roll over, Oh no!"
4023,2356,12,41,143,196,1.3316326530612246,0.04200741180490468,658,"Well, I hear panting."
5264,2357,12,39,139,190,1.331578947368421,0.04290694610236795,658,The chief must have misheard me. I said we needed to pause this research.
1125,2358,13,36,138,187,1.3315508021390374,0.04403458445890189,658,Do you think they are getting paid more than us?
4421,2358,10,42,135,187,1.3315508021390374,0.042030246366935975,658,I think our days are numbered.
2244,2360,11,38,132,181,1.3314917127071824,0.043662335563809586,658,Human Resources says they can't do anything about it.
2421,2360,15,30,136,181,1.3314917127071824,0.04638910393300184,658,"This is not what I thought ""bring your pet to work day""  meant."
1843,2360,6,48,127,181,1.3314917127071824,0.039993284134483664,658,"No, I didn't bring my dog to work.  Did you?"
4004,2360,8,44,129,181,1.3314917127071824,0.041499849207817734,658,I hope the bark isn't worse than the byte
1232,2360,11,38,132,181,1.3314917127071824,0.043662335563809586,658,They might be ok with the boss barking orders...
702,2360,11,38,132,181,1.3314917127071824,0.043662335563809586,658,The boss must have heard me when I said this job is so easy my dog could do it!
1763,2360,10,40,131,181,1.3314917127071824,0.042953605118565746,658,"Honestly, I feel like management has us chasing our tails on these reports"
1513,2367,12,35,131,178,1.3314606741573034,0.04487433529203478,658,I hear the new supervisor is a real S.O.B.?
2135,2367,13,33,132,178,1.3314606741573034,0.04557615538821557,658,"Number of Instagram followers just can't be our hiring criteria anymore!"""
2727,2367,10,39,129,178,1.3314606741573034,0.043436689834336295,658,Now they even have online obedience school!
5144,2370,10,38,127,175,1.3314285714285714,0.04393499559204485,658,"I’m all for equal pay, but I never thought they’d count experience in dog years."
405,2370,10,38,127,175,1.3314285714285714,0.04393499559204485,658,"""Shouldn't our equal-opportunity-hiring policy include cats?"""
164,2370,11,36,128,175,1.3314285714285714,0.044676227265345377,658,"Hey, why don't we sneak out and go fetch a stick or something."
2246,2373,12,33,127,172,1.3313953488372092,0.045953660572821915,658,"No, he's not cute.  He's creepy.  He put his paws on my shoulders and licked the back of my head!"
3120,2373,8,41,123,172,1.3313953488372092,0.04289220320786424,658,I not sure but I think our days are numbered now that the head of HR is a veterinarian.
1779,2375,13,30,126,169,1.331360946745562,0.04727119224697008,658,We hired them to filter the dog-whistle content.
5661,2375,12,32,125,169,1.331360946745562,0.04652013798684736,658,...and they get overtime every day too because they’re paid in ‘dog hours’.
1620,2377,10,35,121,166,1.3313253012048192,0.04552926289742698,658,"Who's a good boy?"" When did that become my job"
2644,2377,12,31,123,166,1.3313253012048192,0.04710575846155743,658,"It all started with ""bring your kid to work"" day."
5021,2379,14,26,123,163,1.3312883435582823,0.04927345703749475,658,"Yo, I saw Jim licking his weiner."
4795,2379,11,32,120,163,1.3312883435582823,0.04691111256737629,658,"Doggone it, Stan, I think we're being phased out."
488,2379,10,34,119,163,1.3312883435582823,0.0460967690871076,658,So have you changed your mind about equal pay fior equal work?.
2212,2382,12,29,119,160,1.33125,0.04833865319888176,658,The smaller dogs complained about the standing desks.
3397,2382,9,35,116,160,1.33125,0.045834226692265556,658,Let’s face it; dogs are taking over desk jobs because they’re better at sitting on command.
42,2382,9,35,116,160,1.33125,0.045834226692265556,658,Do you think other family businesses operate like ours?
356,2385,12,28,117,157,1.3312101910828025,0.04898824050702167,658,"We write the software, they write the manuals."
3141,2386,9,33,112,154,1.3311688311688312,0.04702795395330427,658,"What were you thinking for lunch, Kibbles or bits?"
1438,2387,7,36,108,151,1.3311258278145695,0.045767291505088736,658,These guys work like dogs.
1942,2387,11,28,112,151,1.3311258278145695,0.049475709744418776,658,"'I can work with anybody, but have you seen what they put in the vending machines?"""
2533,2389,6,37,105,148,1.3310810810810811,0.045366795366795366,658,Did your parents tell you that obedience school had a written exam?
4915,2390,10,27,105,142,1.3309859154929577,0.05068882328585695,658,I am confused about affirmative action.
452,2391,6,34,99,139,1.330935251798561,0.047223493152886764,658,He mentioned something about “Mating apps.”
136,2392,12,42,146,200,1.33,0.041401332729258784,658,How much is that doggie in the window earning?
3760,2392,14,38,148,200,1.33,0.04259780351522375,658,One of them just told me to get off Facebook.
4404,2392,10,46,144,200,1.33,0.04016923996288678,658,This is all because I said they are working us like dogs.
4433,2395,13,38,143,194,1.3298969072164948,0.042893140892909694,658,"This is not what I had in mind when they said ""diverse work environment."""
2294,2395,9,46,139,194,1.3298969072164948,0.040325646128094694,658,At least he shares his snacks with you. This one almost bit my hand off!
1732,2397,7,49,135,191,1.3298429319371727,0.03935967757059543,658,I hear there's kibble in the break room.
49,2397,12,39,140,191,1.3298429319371727,0.0427170015733932,658,I don't get it - she has more followers than me!
320,2399,11,40,137,188,1.3297872340425532,0.04251762081400774,658,We shouldn’t have sneaked in here.   Who knew the test to get a dog license is so hard?!
407,2400,13,35,137,185,1.3297297297297297,0.044327620180693854,658,Yesterday management admonished me for using the wrong gender neutral pronoun.
4389,2400,11,39,135,185,1.3297297297297297,0.042981729813059755,658,The secret pact is never to reveal they don't know how to read.
256,2402,11,38,133,182,1.3296703296703296,0.043459953261404484,658,I think I might quit if they don't throw me a bone soon.
2756,2402,11,38,133,182,1.3296703296703296,0.043459953261404484,658,I think I screwed up. The Internet just figured out I wasn't a dog.
355,2404,10,39,130,179,1.329608938547486,0.043233019642093265,658,I think we're in the wrong library..
1347,2404,9,41,129,179,1.329608938547486,0.04250086221167456,658,"To buy on Amazon it says, 'Fetch now.'"
2821,2404,12,35,132,179,1.329608938547486,0.04466134105296631,658,"Dude, that bitch is always eating at her desk."
3917,2404,10,39,130,179,1.329608938547486,0.043233019642093265,658,My new foreign language teacher is a German Shepherd!
5348,2404,12,35,132,179,1.329608938547486,0.04466134105296631,658,"No one is brining me treats and telling me that I'm a ""good girl""."
5475,2409,10,38,128,176,1.3295454545454546,0.043725220677071026,658,"I don’t mind working with animals and the satyr guy, but the dog with glasses is just such a pretentious snob."
3728,2409,7,44,125,176,1.3295454545454546,0.041437781413263,658,I'm worried about my job...they literally rubbed my nose in my performance review!
4652,2409,12,34,130,176,1.3295454545454546,0.045185894404434324,658,"Human friendly office, my ass!"
698,2412,10,37,126,173,1.329479768786127,0.0442331157620302,658,"The Coding Farm was bad, but my butt was never sniffed."
4105,2412,14,29,130,173,1.329479768786127,0.04717437726690115,658,I have a bone to pick with the hiring practices at this company.
4361,2412,12,33,128,173,1.329479768786127,0.0457274009787189,658,We brought in some subwoofers.
1314,2415,11,34,125,170,1.3294117647058823,0.04552854743205527,658,The one next to me’s looking at porn. Weird stuff.
2172,2415,12,32,126,170,1.3294117647058823,0.04628673973771737,658,My friend warned me that they work you like a dog here!
1120,2417,15,25,127,167,1.3293413173652695,0.04911974136324298,658,"Wow, free WiFi at Pet Smart, who knew?"
549,2417,15,25,127,167,1.3293413173652695,0.04911974136324298,658,Have you even been trained?
5464,2419,10,34,120,164,1.329268292682927,0.045859341069915356,658,Is it still catfishing if they're dogs?
3665,2419,6,42,116,164,1.329268292682927,0.04247131228273834,658,"Whatever you do, don’t call them ‘code monkeys.’"
1606,2419,9,36,119,164,1.329268292682927,0.04503623501448127,658,I told you this place was going to the dogs!
2668,2419,11,32,121,164,1.329268292682927,0.04666793184247682,658,I can hardly ever get him to go for a walk anymore.
41,2423,14,25,122,161,1.329192546583851,0.04967002726341554,658,On the Internet no one knows you're a human being.
333,2423,14,25,122,161,1.329192546583851,0.04967002726341554,658,All friggin' day long its cat videos.
499,2423,12,29,120,161,1.329192546583851,0.04808151521367492,658,HR says it's not their problem.
724,2426,12,27,116,155,1.3290322580645162,0.04938641309124241,658,Just put your lunch bag in the breakroom fridge. Dogs can't open refrigerators.
2325,2427,7,53,144,204,1.3284313725490196,0.03774373383252624,658,"Well, what did you expect from a company named the Big Woof?"
3687,2428,14,38,149,201,1.328358208955224,0.0424171296856592,658,Who put in our budget twenty packs of rawhide and a grooming service?
3702,2428,12,42,147,201,1.328358208955224,0.04122754422965115,658,I told you we weren't right for the dog food recall hotline.
722,2430,9,46,140,195,1.3282051282051281,0.04015397005270058,658,The water cooler has been a real mess lately.
685,2430,15,34,146,195,1.3282051282051281,0.043926641979832926,658,I dropped the ball.
2641,2432,8,47,137,192,1.328125,0.039881520718348086,658,I hate it when the moon is full.
310,2433,7,48,134,189,1.3280423280423281,0.039579211791105295,658,I don't get it... most of my friends love it when I share cat videos.
768,2434,11,38,134,183,1.3278688524590163,0.0432593410659146,658,Who could have guessed we'd be the best in our typing class?
1031,2434,12,36,135,183,1.3278688524590163,0.04394792179198277,658,On the Internet they will never know that we are not dogs.
1182,2434,10,40,133,183,1.3278688524590163,0.04255962111062569,658,It's going to be a ruff day.
1700,2434,13,34,136,183,1.3278688524590163,0.04462587892928657,658,I’m so tired of training new bitches
3042,2434,12,36,135,183,1.3278688524590163,0.04394792179198277,658,Robocalling didn't work so now they're trying Rover-calling
4403,2434,10,40,133,183,1.3278688524590163,0.04255962111062569,658,"I know I'm supposed to say they're all good boys, but honestly, I have to debug all of Sparky's code."
4724,2434,14,32,137,183,1.3278688524590163,0.04529368952280718,658,"AI is threatening, but at least it doesn’t have fleas"
4808,2434,7,46,130,183,1.3278688524590163,0.040387790580182624,658,"I had my doubts, but they're kicking tail over there."
4257,2442,11,37,132,180,1.3277777777777777,0.0437464589721055,658,I guess I'm not the only teacher's pet anymore.
3487,2442,5,49,126,180,1.3277777777777777,0.03925956181637003,658,"I've been here for three years now and my friends laugh when I describe this place as going to the dogs"""
1511,2442,9,41,130,180,1.3277777777777777,0.04230373718404242,658,"By the smell of it, they've marked this department as their own."
3211,2442,8,43,129,180,1.3277777777777777,0.04156360106277781,658,They do make me feel like one of the pack.  Until the howling starts.
2784,2446,11,36,130,177,1.3276836158192091,0.04424883466965751,658,"Forget Flight 2203, it's your turn to retrieve the ball!"
3997,2446,14,30,133,177,1.3276836158192091,0.04637416711689831,658,"It's time to jump ship, Rani. Before you know it, they'll be training us!"
5333,2446,11,36,130,177,1.3276836158192091,0.04424883466965751,658,no rest rooms. just a dog park.
691,2449,12,33,129,174,1.3275862068965518,0.04550325646927813,658,They said it was a bulldog market.
1330,2449,13,31,130,174,1.3275862068965518,0.04622755798616428,658,They got bored playing frisbee.
5315,2449,11,35,128,174,1.3275862068965518,0.04476723781130151,658,"If you're so critical of interspecies speed dating, why are you here?"
4242,2452,8,40,123,171,1.327485380116959,0.04296414082003175,658,"Before Jim quit last month, he did warn us that we'd end up working like dogs if we stayed here."
4349,2452,10,36,125,171,1.327485380116959,0.044536684829613496,658,Psst! I got this sudden urge to go outside and chase a stick.
2771,2452,9,38,124,171,1.327485380116959,0.04375747760106747,658,"At this company, they actually reward you for barking at the customers."
3756,2455,11,33,124,168,1.3273809523809523,0.045855477562270736,658,"It' the boss's pet project right now, we have to suck it up."
3832,2455,11,33,124,168,1.3273809523809523,0.045855477562270736,658,"On the internet, the dogs don't know you're a human."
4034,2455,12,31,125,168,1.3273809523809523,0.04662628895691385,658,But they are being too dogmatic!
4295,2455,10,35,123,168,1.3273809523809523,0.04507148569810188,658,They don’t know they’re dogs.
4919,2455,9,37,122,168,1.3273809523809523,0.044273613175394785,658,"Seriously Jeff, you can’t blame it on the dogs all the time."
5035,2455,10,35,123,168,1.3273809523809523,0.04507148569810188,658,Since when has company policy allowed technical support pets?
1411,2461,10,34,121,165,1.3272727272727274,0.04562422137446664,658,"Google ""arf"" for me, would you?"
5357,2461,13,28,124,165,1.3272727272727274,0.047992698049271115,658,"Sure their communication skills are weak, but they work for food."
5102,2463,10,33,119,162,1.3271604938271604,0.046195862740552984,658,"Could you please stop saying ""woof?"" at the end of every sentence?"
4783,2463,11,31,120,162,1.3271604938271604,0.0470184960461895,658,See spotify run.
3949,2463,10,33,119,162,1.3271604938271604,0.046195862740552984,658,The executive team said they were going to hire and unleash a new breed of aggressive traders.
120,2463,9,35,118,162,1.3271604938271604,0.04535831233900227,658,Careful with your browser-- you have to accept all cookies.
1642,2467,12,28,119,159,1.3270440251572326,0.04845914545711879,658,I don't know what's worse - the open floor plan or the fleas.
1777,2467,11,30,118,159,1.3270440251572326,0.047630633866600894,658,"So I said, 'we should be hiring regardless of gender, race, religion or CREED,' but you know H.R. doesn't really listen to me."
3085,2467,12,28,119,159,1.3270440251572326,0.04845914545711879,658,They better not drop the ball.
3772,2470,8,51,146,205,1.326829268292683,0.03822409914863006,658,The guy from HR said the CEO prefers them because they don't waste time on their smartphones.
2496,2471,7,36,110,153,1.326797385620915,0.045269959420803814,658,I did it for the pet insurance.
3423,2472,8,32,107,147,1.3265306122448979,0.04745234876809013,658,"It started with ""bring your dog to work"" day."
56,2473,13,37,143,193,1.3264248704663213,0.04297447766759494,658,"Grover is soo annoying, I'm like, literally allergic to him."
4044,2474,12,37,138,187,1.3262032085561497,0.04326319310698778,658,I hear that Purina One has a better benefits package.
384,2474,15,31,141,187,1.3262032085561497,0.04521290630578114,658,Do we dare discuss the elephant in the room?
1321,2476,7,46,131,184,1.326086956521739,0.040207196283129416,658,"When you said we'd go to a dog cafe, this isn't really what I expected."
4561,2477,10,38,130,178,1.3258426966292134,0.04331130149902055,658,"What part of ""hire homo sapiens"" did you not understand?"
5403,2477,13,32,133,178,1.3258426966292134,0.045456668968870746,658,"Princess had a litter, Jack, five kittens. I'm taking her place."
5627,2477,11,36,131,178,1.3258426966292134,0.04403803821252568,658,I heard Spot got the promotion. Rover is going to be devastated.
964,2480,9,39,127,175,1.3257142857142856,0.043050467086861006,658,So this is the 'diversity' that HR was talking about?
1672,2480,15,27,133,175,1.3257142857142856,0.04740708160546947,658,Stop barking orders at me!
5413,2480,8,41,126,175,1.3257142857142856,0.04228074350582205,658,"Yeah really, if they are service animals then where are the owners."
1420,2483,12,32,128,172,1.3255813953488371,0.045826588599262245,658,An absence of cats doesn't prove that dogs are smarter.
3558,2483,11,34,127,172,1.3255813953488371,0.045078562162536646,658,"All they listen to is ""Who Let the Dogs Out"""
1151,2483,13,30,129,172,1.3255813953488371,0.04656259956929364,658,This bring your dog to work thing has gone too far.
3330,2486,9,37,123,169,1.3254437869822486,0.04405347158341635,658,"When they said ‘bring your pet to work day’, I imagined it to be a little bit different."
683,2486,17,21,131,169,1.3254437869822486,0.05004245581132443,658,It all started with that New Yorker cartoon.
2368,2486,7,41,121,169,1.3254437869822486,0.04242432795320982,658,How come nobody throws me the ball?
2828,2489,17,34,158,209,1.325358851674641,0.042864943042795686,658,I thought WeWoof was just a typo.
1505,2490,9,36,121,166,1.3253012048192772,0.04457979335040287,658,I just got back from the candy machine. It’s filled with dog biscuits.....
2927,2490,8,38,120,166,1.3253012048192772,0.04375315560090313,658,"Not to be too PC, but do you realize how Anthropocentric your report sounds?"
994,2492,11,31,121,163,1.3251533742331287,0.04677223394249063,658,Can you believe my bonus was a case of Milkbones?
3568,2493,8,49,143,200,1.325,0.03878655675520351,658,"I was expecting a dog eat dog world, not a dog meet dog world!"
4667,2493,12,28,120,160,1.325,0.048198684707647065,658,"So, what does it take to become top dog around here?"
368,2495,11,29,117,157,1.3248407643312101,0.048001511107020556,658,The password spelled ‘K-9’  isn’t correct. Did u try ‘canine?’
1583,2495,11,29,117,157,1.3248407643312101,0.048001511107020556,658,I hear tonight is poker night.
4938,2495,12,27,118,157,1.3248407643312101,0.04884469659938042,658,We’re integrating fuzzy logic into the new platform.
1959,2498,10,30,114,154,1.3246753246753247,0.047769284036252045,658,‘Woof! Woof.’ What does that even mean?
1704,2499,9,44,138,191,1.324607329842932,0.0406187828571637,658,They're covered by the Society for the Prevention of Cruelty to Animals. But we're screwed.
3310,2499,9,44,138,191,1.324607329842932,0.0406187828571637,658,"Well, it's still true that a robot could never do this job."
2987,2501,9,43,136,188,1.324468085106383,0.04103821277190971,658,I think we need to come up with a new bring your pet to work policy.
3448,2502,7,46,132,185,1.3243243243243243,0.04002809696974619,658,"I have this sneaking suspicion
that we are just coding for table scraps"
392,2503,9,40,130,179,1.324022346368715,0.042372778828154385,658,Are you getting a lot of calls for lost bones?
1033,2503,13,32,134,179,1.324022346368715,0.0452386469754699,658,Dogs aren't distracted by the wording and they take shorter pee breaks.
1884,2503,14,30,135,179,1.324022346368715,0.04592718017480572,658,"""She's acting all prim and proper, but Rosie just grabbed my good luck tennis ball again."""
2318,2503,9,40,130,179,1.324022346368715,0.042372778828154385,658,I wasn’t trained for this!
2479,2503,10,38,131,179,1.324022346368715,0.043107111759633866,658,"I thought you said this job required a degree, and thumbs!"
5585,2503,9,40,130,179,1.324022346368715,0.042372778828154385,658,Bring your pet to work day has really evolved
4902,2509,9,39,128,176,1.3238636363636365,0.04284515032917535,658,I'm so over this canine to five.
113,2509,10,37,129,176,1.3238636363636365,0.04359635273351086,658,Do we need to get shots ?
3821,2509,10,37,129,176,1.3238636363636365,0.04359635273351086,658,I’m literally jumping through hoops for this promotion.
238,2512,7,42,124,173,1.323699421965318,0.04175252127716128,658,The backyard IS the bathroom.
5540,2512,10,36,127,173,1.323699421965318,0.044101168220092225,658,They call it the INTERPET
1488,2514,8,39,123,170,1.3235294117647058,0.04303402936872585,658,None of these interns will fetch me a coffee.
2178,2514,9,37,124,170,1.3235294117647058,0.04383538899088996,658,I guess it's the end of opposable thumbs.
4556,2514,8,39,123,170,1.3235294117647058,0.04303402936872585,658,They had to broaden hiring for customer service after Alexa started forwarding order requests from pets
4639,2514,11,33,126,170,1.3235294117647058,0.045395689404735255,658,The only keys mine has are ‘arf’ and ‘woof’.
2272,2518,9,47,145,201,1.3233830845771144,0.03926567865149382,658,Corporate's really been pushing this new diversity initiative lately.
1771,2518,10,45,146,201,1.3233830845771144,0.03989416954573026,658,"Sorry about hounding you, but I forgot to save my lab report. The malamute next to me won't speak to me. Can your retriever help me?"
3119,2520,11,32,124,167,1.3233532934131738,0.045952599202686496,658,"No, Todd, we're the stress relief, not them."
2711,2520,11,32,124,167,1.3233532934131738,0.045952599202686496,658,I misread the Intermutt Cafe sign.
3426,2522,11,31,122,164,1.3231707317073171,0.04652842335595233,658,If they get paid more than us I'm going to HR!
4965,2522,11,31,122,164,1.3231707317073171,0.04652842335595233,658,Let’s face it. We’re living in a dog-tweet-dog world.
710,2524,8,36,117,161,1.3229813664596273,0.04458442030064125,658,"I'M JUST SAYING, THEY ARE TREATING US LIKE ANIMALS"
1909,2524,11,30,120,161,1.3229813664596273,0.04712419535867553,658,Looks like our jobs are going to the dogs.
2940,2524,11,30,120,161,1.3229813664596273,0.04712419535867553,658,I thought “affurmative” action was a typo!
5538,2524,9,34,118,161,1.3229813664596273,0.04544678520090311,658,"Your back is safe in this office, but never leave your shin exposed."
1994,2528,9,33,116,158,1.3227848101265822,0.04602123762796011,658,They told us we needed to diversify the workplace. What am I supposed to do about it?
5427,2529,12,26,117,155,1.3225806451612903,0.0492384261702941,658,"Cyber-Dating Cafe

""Is it really so hard to find a loyal, pure bred male that doesn't want to call me his bitch?!"""
5385,2529,9,42,135,186,1.3225806451612903,0.04128323827630767,658,At call centers everyone thinks you're a dog.
5092,2529,10,40,136,186,1.3225806451612903,0.04198128632314873,658,I don't think the pet dating site was such a good idea
4517,2529,10,30,115,155,1.3225806451612903,0.04750629695740086,658,"I know, right? The world has actually gone to the dogs."
4237,2529,15,30,141,186,1.3225806451612903,0.04531050204075425,658,"I don't mind working as hard as a dog at this start-up, but I no longer want to be paid in kibble."
1565,2534,10,39,134,183,1.3224043715846994,0.04243608058553664,658,this bring your dog to work thing has gotten out of hand
2150,2534,11,37,135,183,1.3224043715846994,0.04313780448561643,658,"No, it’s online poker."
2,2536,7,35,110,152,1.3223684210526316,0.04535016704617843,658,"If we don't come up with something good, and I mean soon, they're going to replace us with a pair of Golden Retrievers."
3658,2536,7,35,110,152,1.3223684210526316,0.04535016704617843,658,We should have seen this coming on Take Your Dog to Work day.
1660,2538,13,32,135,180,1.3222222222222222,0.04502262039613309,658,"She wears a collar every day, but when I wear a pussy bow it's political and anti-dog."
3279,2538,7,44,129,180,1.3222222222222222,0.04067673621063481,658,Did you hear they caught Baxter expensing peanut butter to the corporate card?
4475,2538,6,46,128,180,1.3222222222222222,0.03990643585085971,658,Don't you hate those dog biscuits in the coffee break room?
3859,2541,11,35,131,177,1.3220338983050848,0.04412159412288499,658,"You can be a dog behind the screen, no one would know."
4890,2542,9,48,148,205,1.3219512195121952,0.03873638342768713,658,"When they said they'd try to diversify the workplace, I didn't think this is what they meant."
1099,2543,11,34,129,174,1.3218390804597702,0.04463697295593889,658,"Well, at least we haven't been replaced by a robot."
1960,2543,13,30,131,174,1.3218390804597702,0.046101419617835815,658,I guess they're playing on-line poker now.
2825,2543,13,30,131,174,1.3218390804597702,0.046101419617835815,658,Hot News from the White House. It finally happened...the world has gone to the dogs.
4530,2543,14,28,132,174,1.3218390804597702,0.046816467816731495,658,"I know they aren't that politically astute, but they really do pick up on dog whistles."
298,2547,10,35,126,171,1.3216374269005848,0.04440097089855535,658,The Temp Agency sent them.
4531,2547,12,31,128,171,1.3216374269005848,0.04592434121403556,658,when did bring your pet to work day become send your pet to work day?
1409,2549,11,42,146,199,1.321608040201005,0.04074613896923051,658,They think it’s nepotism because Bandit hired me.
2947,2549,14,36,149,199,1.321608040201005,0.04257375218471972,658,"I know it’s ‘Bring Your Dog To Work Day’ and all, but this is just taking it too far."
4606,2551,9,45,142,196,1.3214285714285714,0.03986830754653129,658,I don't think Greg got what I meant when I said that I wanted more diverse hires.
5305,2551,8,38,122,168,1.3214285714285714,0.04331684824790538,658,I've got a bone to pick with the one to my right.
1442,2551,7,40,121,168,1.3214285714285714,0.04248603703221037,658,"No keyboard, a single button mouse, and bark recognition software. No wonder it's free."
4104,2554,11,40,142,193,1.3212435233160622,0.04158548921531781,658,"OK, I thought it was cute when they brought their dogs to the office, but now they're taking our jobs!"
5292,2554,10,42,141,193,1.3212435233160622,0.040931412718458446,658,People are starting to take advantage of the pet policy.
3097,2556,8,45,137,190,1.3210526315789475,0.039986000569443306,658,"Is it considered ""species appropriation""  if I start wearing a studded collar as an accessory?"
4281,2556,12,37,141,190,1.3210526315789475,0.042680902189235786,658,I didn't intern at a Russian troll farm for 2 years just to rig the 2019 Westminster Best in Show.
280,2558,10,32,120,162,1.3209876543209877,0.0460496201600155,658,This place has really gone to the dogs.
2654,2558,11,30,121,162,1.3209876543209877,0.04687482003147566,658,"They bark, they scratch but they really know how to beg."
4472,2560,12,36,139,187,1.320855614973262,0.04314576041063998,658,I’m right here. Just text me.
4446,2560,7,46,134,187,1.320855614973262,0.039674319276760114,658,They’re all bitches.
525,2560,9,42,136,187,1.320855614973262,0.041098097554625554,658,It's a dog-eat-dog world and I think you're next.
3991,2560,11,38,138,187,1.320855614973262,0.04247417609730338,658,"It's not my imagination, right? 
This company really is going to the dogs."
2083,2564,5,41,113,159,1.320754716981132,0.042154343461095756,658,Why don't we have mandatory walks in our contracts?
4811,2564,7,37,115,159,1.320754716981132,0.04400240521194316,658,"Your puppy just pinged me on Slack, he needs all your last week reports and a bowl of Bonio."
5297,2564,8,35,116,159,1.320754716981132,0.044897919331925065,658,"Unless you're willing to work for kibble, I suggest you dust off your resume."
4953,2567,8,43,133,184,1.3206521739130435,0.04081083102626945,658,"I know it's bring your dog to work day, but this is out of control."
1661,2568,11,28,117,156,1.3205128205128205,0.04811344077687164,658,"It was terrible, he just moped around, wouldn't go to the dog park, wouldn't chase a ball, laid by my desk whining all day. I finally just gave in."
26,2568,8,34,114,156,1.3205128205128205,0.045461678648870386,658,"""Big deal--all they use it for is to play on-line Poker."""
1577,2568,7,36,113,156,1.3205128205128205,0.04454269008080187,658,Is this company seriously still running Windows XP?
3719,2568,10,30,116,156,1.3205128205128205,0.04724606012622367,658,"You’re wrong. Pavlov was stimulus and reward, Skinner was reward and stimulus."
5108,2572,13,32,136,181,1.3204419889502763,0.044808563759102915,658,I did think 70 days paid vacation seemed a lot
5245,2572,7,44,130,181,1.3204419889502763,0.040490532978998794,658,And I thought automation was taking away our jobs.
3622,2572,14,30,137,181,1.3204419889502763,0.045488402262100006,658,Affirmative Action
2671,2572,8,42,131,181,1.3204419889502763,0.041241612664012335,658,"First, it was outsourcing and now this"
1131,2572,13,32,136,181,1.3204419889502763,0.044808563759102915,658,"Nobody knows they are dogs & they work for scraps. 
OR
They manage the trump web site.
OR
If anyone asks, tell them you had your shots.
OR
Leg humping is not harassment here. 
OR
Outside on  break, watch where you step."
620,2577,7,35,111,153,1.3202614379084967,0.045102027413230376,658,I just received a calendar invite for going to the dog park this afternoon.
1167,2577,10,29,114,153,1.3202614379084967,0.04787682960264073,658,"I know it’s a family business, but come on"
1774,2577,7,35,111,153,1.3202614379084967,0.045102027413230376,658,They thought it was more humane to put dogs to work than to make us to work like dogs.
984,2580,14,29,135,178,1.3202247191011236,0.046027762388937264,658,No job security here. It really is a dog eat dog world.
4398,2580,10,37,131,178,1.3202247191011236,0.04318141987310305,658,I wanna leave. The dog next to me is watching porn.
1146,2582,10,36,129,175,1.32,0.043673666694720926,658,They treat us like animals around here
1396,2582,9,38,128,175,1.32,0.04291512224810488,658,It used to be take your kids to work day?
3051,2582,11,34,130,175,1.32,0.04441925942148704,658,I can't tell if he's watching porn or just typical dog stuff.
4042,2582,9,38,128,175,1.32,0.04291512224810488,658,I liked it more when our competition was a mouse.
4913,2582,9,38,128,175,1.32,0.04291512224810488,658,"Personally, I think company loyalty is overrated."
5381,2582,15,26,134,175,1.32,0.047284208648559665,658,"I don't think this is what they meant by ""Take Your Dog to Work Day."""
1303,2588,20,23,154,197,1.3197969543147208,0.046322546390573364,658,"Shhh, don’t let the cat out of the bag."
4408,2588,14,35,148,197,1.3197969543147208,0.04283683102126953,658,"Yeah, I know.  They're all searching for cute cat videos!"
3283,2590,9,37,126,172,1.319767441860465,0.04340529704497411,658,"What is the WiFi password again, ""woof "" or ""bark"", I keep forgetting."
3217,2590,6,43,123,172,1.319767441860465,0.04098806464752126,658,AI has advanced to include Animal Intelligence
5016,2590,12,31,129,172,1.319767441860465,0.04569483755935121,658,"‘Bitch’ is just my USER NAME, what’s your excuse!"
1692,2590,8,39,125,172,1.319767441860465,0.04261479033807496,658,Do you know what the bathrooms are like here?
1008,2590,8,39,125,172,1.319767441860465,0.04261479033807496,658,Tokenism.  You?
2443,2590,11,33,128,172,1.319767441860465,0.044944618405000865,658,"Dude, I don't know what the thing in the headphones is either, but he's the one that hired me."
2695,2596,8,38,123,169,1.319526627218935,0.04310175653323499,658,The recruiter said the 'dog-eat-dog competitive atmosphere' was just a metaphor.
4694,2596,10,34,125,169,1.319526627218935,0.04470622073626484,658,Let me give you a tip.  You wanna make some money here? Use your dog voice.
3492,2598,11,39,141,191,1.3193717277486912,0.0418365663113027,658,Pretty soon they'll be teaching US to sniff out bombs.
4017,2598,12,37,142,191,1.3193717277486912,0.042490115105893005,658,Is it just me or has Steve gotten fatter?
576,2600,11,31,124,166,1.319277108433735,0.04604802216302452,658,I'm literally working like a dog over here and still not getting a raise.
2561,2600,9,35,122,166,1.319277108433735,0.04443401450320272,658,Don’t worry.  Their bark is bigger than their byte.
2754,2600,9,35,122,166,1.319277108433735,0.04443401450320272,658,Why do you think they call it a “dog eat dog” workplace?
5254,2600,11,31,124,166,1.319277108433735,0.04604802216302452,658,"This job is ruff, but at least there's a nice lab."
3174,2604,13,34,141,188,1.3191489361702127,0.04360682163752046,658,"I've hacked them but all I'm getting is ""go to the park, go to the park, go to the park."""
159,2604,11,38,139,188,1.3191489361702127,0.04228210385560978,658,"They're good dogs, Brent."
2690,2604,12,36,140,188,1.3191489361702127,0.042949570427322635,658,How are they so good at this???
1279,2607,8,36,119,163,1.3190184049079754,0.04412420540608659,658,"I mean, it's a toxic workplace, right?  They can't pay us in tennis balls.  That's illegal."
2694,2607,9,34,120,163,1.3190184049079754,0.04497428003601004,658,"He’s just listening to ‘Dogs Barking Jingle Bells’ on repeat, all day every day. It’s driving me insane!"
3268,2607,7,38,118,163,1.3190184049079754,0.043257428734028915,658,"""They don't even wash their hands before they eat!"
4817,2607,10,32,121,163,1.3190184049079754,0.04580858245783624,658,This is not what I thought you meant when you said some of them were bitches!
5521,2607,10,32,121,163,1.3190184049079754,0.04580858245783624,658,Internet service dogs?
2167,2612,16,34,157,207,1.318840579710145,0.04248189999618684,658,Can you at least throw me bone?
5012,2613,9,40,133,182,1.3186813186813187,0.041785074571418064,658,Wanna skip the group lunch at Gnaw-a-Bone and get a salad instead?
260,2613,11,36,135,182,1.3186813186813187,0.043213632024271524,658,If I had known about the bathroom break policy here I never would have taken this job.
2513,2615,8,34,115,157,1.3184713375796178,0.045217293942080586,658,"They are great at obeying commands, but you need to play fetch with them every fifteen minutes."
5436,2616,11,35,133,179,1.318435754189944,0.04370094055607176,658,Of course low cost spay/neuter for them but not us is an unfair labor practice!
801,2616,9,39,131,179,1.318435754189944,0.04224015634688827,658,I'm just saying it's rude when they're obviously looking over and reading my screen when they know I can't read dog.
77,2618,7,42,127,176,1.3181818181818181,0.04116084153698826,658,Even I think these diversity hires are getting out of hand.
334,2618,11,34,131,176,1.3181818181818181,0.04420356474056496,658,"No, I'm listening to who let the dogs out. I don't actually know who let the dogs out."
2895,2620,8,39,126,173,1.3179190751445087,0.04240804593585032,658,Do you bark?
4618,2620,9,37,127,173,1.3179190751445087,0.04319323668380132,658,I think equal opportunity has gone too far
1559,2622,14,26,130,170,1.3176470588235294,0.047509157460295715,658,"I thought the boss was sexist when he said we had to do our ""business"" outside."
2835,2622,12,30,128,170,1.3176470588235294,0.046020568814809495,658,All my life I’ve worked like a dog and where  has it gotten me?
3110,2624,11,25,112,148,1.3175675675675675,0.04985469063729482,658,How will human resources figure out their gender so they will know who to pay only 80% of the other's salary?
5400,2625,11,38,140,189,1.3174603174603174,0.04209167936553244,658,"Andy, I know about cows & bulls and ewes & rams.  That doesn't mean you can call your co-workers bitches."
3649,2625,10,40,139,189,1.3174603174603174,0.04141765543196459,658,You went a little crazy on bring your pet to work day!
1575,2627,15,23,129,167,1.3173652694610778,0.0488596017720611,658,Well maybe on the Internet; but here I know they are dogs and that's just not right.
2804,2627,11,31,125,167,1.3173652694610778,0.045811365595815993,658,It wasn’t me—it was the dog.
4199,2629,10,46,152,208,1.3173076923076923,0.03887160624786938,658,"This ""working like a dog"" crap is getting old."
24,2630,13,33,140,186,1.3172043010752688,0.04388995321170083,658,"The last caller was a real bitch!"""
1390,2630,13,33,140,186,1.3172043010752688,0.04388995321170083,658,Why don’t YOU fetch some coffee? I feel like I fetch stuff all day.
2726,2630,10,39,137,186,1.3172043010752688,0.04185642216699712,658,"I know, it's like he's never even seen Excel."
3194,2630,10,39,137,186,1.3172043010752688,0.04185642216699712,658,And they just hired a bird for social media.
4791,2634,13,26,125,164,1.3170731707317074,0.047969466291769326,658,She wants my credit card number to help.a Siberian Husky who's stranded in Kenya.
4509,2634,8,36,120,164,1.3170731707317074,0.0438974509610867,658,But there are no bathrooms here.
1512,2634,13,26,125,164,1.3170731707317074,0.047969466291769326,658,Social media is changing things.  I went to the ladies room and scratched on the door.
1544,2634,9,34,121,164,1.3170731707317074,0.04474151204383071,658,"I don't have headphones, so all I hear is panting all day long."
163,2638,13,32,138,183,1.3169398907103824,0.04438626031836963,658,"Okay, now I don’t think your request for a standing desk was so unreasonable."
1346,2638,15,28,140,183,1.3169398907103824,0.04571912713300958,658,"I'm telling you, our work has gone to the dogs"
2509,2638,7,44,132,183,1.3169398907103824,0.040122869573192534,658,"Diversity is one thing, but this constant panting and tail-wagging is ruining my concentration."
3004,2638,10,38,135,183,1.3169398907103824,0.042308301595771335,658,"I’m for an inclusive work environment, but did they have to replace all the snacks with dog treats?"
4284,2638,14,30,139,183,1.3169398907103824,0.04505762250082869,658,Would you rather go back to working for Buzzfeed?
2199,2643,11,29,121,161,1.3167701863354038,0.04697557863649451,658,The snacks are just awful!  And I'm gonna scream if I have to throw the ball one more time during break!
2997,2643,12,27,122,161,1.3167701863354038,0.047794819173068055,658,The Office Bitches
621,2643,8,35,118,161,1.3167701863354038,0.04442730842145508,658,"Stop quoting that cartoon about how ""on the internet, no one knows you're a dog."" You say that every time we come here."
521,2643,9,33,119,161,1.3167701863354038,0.04529266480488743,658,"I know management thinks they're real dogstar developers, but between you and me... they just watch cat videos all day."
1815,2647,14,29,137,180,1.3166666666666667,0.045584009523852095,658,Being a woman in the workplace is like being surrounded by dogs.
2270,2647,12,33,135,180,1.3166666666666667,0.04420130576588278,658,Why put snacks out if you're going to snap at me for trying them?
2475,2647,10,37,133,180,1.3166666666666667,0.04277392825714615,658,You want a break? Stay off the hydrant metaphors.
2705,2647,11,35,134,180,1.3166666666666667,0.04349347290086495,658,"No, really ; I KNOW they're dogs."
1741,2651,13,37,149,199,1.3165829145728642,0.04186386300597685,658,"When you said telemarketing has gone to the dogs, I didn't think you meant it literally."
5553,2651,15,33,151,199,1.3165829145728642,0.04305926979455859,658,"Jeffrey, can you believe it? Princess has the hot pants for King but King could give a rip. He’d  rather dryhump  Sniff n pee."
1440,2653,8,28,103,139,1.316546762589928,0.04900848960416313,658,The librarian said the internet’s down at the kennel!
2286,2654,10,30,118,158,1.3164556962025316,0.046733678783509286,658,Our Facebook page had an unprecedented number of licks this year...
2823,2655,12,32,133,177,1.3163841807909604,0.04471363754208912,658,Don't complain about how slow it is. Just tell them to stop downloading cat videos.
4932,2655,11,34,132,177,1.3163841807909604,0.04398986300112271,658,I think they're past the man's best friend stage
1926,2655,8,40,129,177,1.3163841807909604,0.04174331132881311,658,We should have seen this coming when they replaced the game room with a dog run
2541,2658,13,36,147,196,1.316326530612245,0.04230033750653711,658,She says customer service is a bitch!
4887,2659,8,39,127,174,1.3160919540229885,0.0422031868515212,658,"Ya, but the bathrooms here are spotless."
4339,2659,9,37,128,174,1.3160919540229885,0.042983133302258114,658,Have you seen the lunch room?
4849,2659,9,37,128,174,1.3160919540229885,0.042983133302258114,658,Do they even know we're not dogs?
2529,2659,13,29,132,174,1.3160919540229885,0.04597078225025984,658,I thought you said all the new employees were potty trained.
2359,2659,8,39,127,174,1.3160919540229885,0.0422031868515212,658,Does he really want me to throw him a bone?
3874,2659,11,33,130,174,1.3160919540229885,0.04450203685889274,658,And you said their bark is worse than their byte?
4075,2665,14,33,146,193,1.3160621761658031,0.043376056493521116,658,I bet they all don't speak a word of English!
1792,2666,7,40,124,171,1.3157894736842106,0.04186377256149506,658,My temp agency said that having ten digits would be seen as having an advantage
2733,2666,15,30,145,190,1.3157894736842106,0.04448180288044823,658,How many drugs did you take Jim?!?!
3564,2666,13,28,130,171,1.3157894736842106,0.04653355940294065,658,They’re playing 3Dognite
4187,2666,9,36,126,171,1.3157894736842106,0.04347613543415966,658,Forget 'teamwork.' Big Dog  just ate my mouse.
4356,2666,8,38,125,171,1.3157894736842106,0.042677569081251455,658,"It's awful! He's watching 'Hydrant Porn.""'"
5150,2666,9,36,126,171,1.3157894736842106,0.04347613543415966,658,"They’re not day traders — 
they’re the dogs of the Dow."
2805,2672,12,35,140,187,1.3155080213903743,0.04302443390679365,658,"I don't want to ask them, but is 'neutering' the same as 'castration?'"
5525,2672,3,53,131,187,1.3155080213903743,0.03651839066267252,658,It looks like our diversity initiative may have gone too far.
143,2672,11,37,139,187,1.3155080213903743,0.042350925689203595,658,I guess the other guys could not take commands.
3161,2675,7,39,122,168,1.3154761904761905,0.04233345649996533,658,"It's who let the dogs OUT, Steve."
3501,2675,11,31,126,168,1.3154761904761905,0.04557702861040093,658,"Listen, if I'm the next to go, try to make sure they replace me with a Belgian Malinoise."
626,2677,7,33,109,149,1.3154362416107384,0.045759059849718245,658,"What happened to ‘no shirt, no shoes, no service’"
5185,2677,7,33,109,149,1.3154362416107384,0.045759059849718245,658,I heard they used to sit around playing poker - and now this!
1983,2679,12,34,138,184,1.315217391304348,0.04350052886634885,658,"When I told her I would dog sit, I had no idea."
2149,2679,12,34,138,184,1.315217391304348,0.04350052886634885,658,"I heard they can crunch numbers and sniff opportunities better than anyone else, as long we keep the windows closed."
2703,2679,10,38,136,184,1.315217391304348,0.04211297839344658,658,It's so nice to meet a boy who's not a dog.
4623,2679,9,40,135,184,1.315217391304348,0.041401768294655285,658,"My boss said I'd get to work with the big dog, but this isn't what I signed up for."
5558,2683,6,40,119,165,1.3151515151515152,0.04194641692134844,658,Still think your 'More Bitches in STEM' is the right slogan?
4800,2683,9,34,122,165,1.3151515151515152,0.044511025404519275,658,There’s no indoor restroom!
3624,2683,13,26,126,165,1.3151515151515152,0.047716566332787654,658,Why is there a photograph of me on pedigree.com?
2575,2683,8,36,121,165,1.3151515151515152,0.0436728926515564,658,"On the bright side, you can stop worrying about your job getting outsourced."
2115,2687,10,43,147,200,1.315,0.03983477181089569,658,They're obedience school overachievers!
528,2688,10,37,134,181,1.3149171270718232,0.04257291573274369,658,I only got the job because of my rufferences.
4956,2688,10,37,134,181,1.3149171270718232,0.04257291573274369,658,"Trust me, this place has gone to the dogs."
403,2690,11,29,122,162,1.3148148148148149,0.04672563744409847,658,I have a bone to pick with you....
574,2691,14,34,149,197,1.3147208121827412,0.04272620487411608,658,"You think this is bad, try getting a station during Westminster!"
4522,2691,13,36,148,197,1.3147208121827412,0.0421156884575246,658,"I’m all for a dog-friendly office, but ..."
5319,2693,14,28,136,178,1.3146067415730338,0.045901682607438925,658,We work like dogs.
4342,2693,9,38,131,178,1.3146067415730338,0.042303245807502755,658,I am telling you -- they are animals.
3584,2693,8,40,130,178,1.3146067415730338,0.04154617471899413,658,What do I do? The caller is barking so loudly I can hardly understand!
3267,2693,11,34,133,178,1.3146067415730338,0.043778128671605236,658,You just can't compete with them - they're specially trained!
787,2693,10,36,132,178,1.3146067415730338,0.04304700428506973,658,"I'm tired of the yapping, can you lend me your earphones?"
1678,2698,10,30,119,159,1.3144654088050314,0.046481456694104126,658,So over that poodle in accounts she’s such a bitch! I asked about a raise she literally threw me a bone!!
2206,2698,11,28,120,159,1.3144654088050314,0.047330088868561035,658,"Dammit Chad, I thought you said walking dogs, not working dogs!"
1805,2700,14,27,134,175,1.3142857142857143,0.04645540464960787,658,They're going nuts and I don't hear a thing.
3642,2700,12,31,132,175,1.3142857142857143,0.04501934840904774,658,But they told us robots were going to take our jobs.
3907,2700,13,29,133,175,1.3142857142857143,0.0457430123206487,658,Are they paper trained?
4395,2700,10,35,130,175,1.3142857142857143,0.04353594883761751,658,"I still don't get why they hired me. They know I don't bark!"""
4852,2700,14,27,134,175,1.3142857142857143,0.04645540464960787,658,How are they so good at dealing with the cat calls?
4943,2705,6,37,113,156,1.314102564102564,0.043430717555876214,658,I don't know about these new hires - they've been barking orders at me all day!
2154,2705,9,31,116,156,1.314102564102564,0.046199201131996555,658,"I didn't know working was part of  ""bring your pet to work"" day."
1541,2705,11,27,118,156,1.314102564102564,0.04795614827227325,658,I don't know where the bathroom is.
1242,2708,10,34,128,172,1.313953488372093,0.044040502708550075,658,"It's because of that non-discrimination clause they put in our contract"""
1920,2708,8,38,126,172,1.313953488372093,0.04246842317314245,658,It can be difficult to fund raise  for the SPCA.
2819,2708,11,32,129,172,1.313953488372093,0.04480586272828767,658,"I don't care if they hear me, I was told no snacking at the work station."
611,2711,6,31,100,137,1.313868613138686,0.04719689263364732,658,"I swear to god he keeps getting all the good clients because he's a ""Good boy!"""
3784,2712,10,39,139,188,1.3138297872340425,0.0414782741018841,658,Who handles calls about an addiction to Fetch?
2786,2713,8,36,122,166,1.3132530120481927,0.043450501594873146,658,"I'm used to the dogs, but what's this guy next to me?"
2973,2713,9,34,123,166,1.3132530120481927,0.04428278942178166,658,Don’t you think they have taken this equal opportunity thing too far
105,2713,11,30,125,166,1.3132530120481927,0.04590211475770398,658,Who's a good boy?
122,2713,9,34,123,166,1.3132530120481927,0.04428278942178166,658,They can sniff out trolls!
3971,2717,13,31,138,182,1.3131868131868132,0.044470983530690934,658,One of them keeps farting!
3620,2718,16,30,152,198,1.3131313131313131,0.04372829442617219,658,"Jim, you need to focus and forget you're pet peeves; you're dragging down the team metrics!"
3748,2719,7,32,108,147,1.3129251700680271,0.04609706133057938,658,Do you think they'll try to use our restrooms next?
5534,2719,6,34,107,147,1.3129251700680271,0.04507494984134362,658,Insurance... so easy dogs can do it.
2446,2721,5,41,117,163,1.312883435582822,0.04130114372106641,658,I'm pretty sure kibble isn't allowed at our workstations.
213,2722,9,38,132,179,1.312849162011173,0.04210295187401207,658,' Good boy' beside me asked me to scratch his back!
4619,2722,8,40,131,179,1.312849162011173,0.04135079029314314,658,Why do they call each other comrade?
4879,2724,8,45,142,195,1.3128205128205128,0.03912806897357123,658,I guess “fetch the mail” means something different to millennial dogs...
2813,2724,14,33,148,195,1.3128205128205128,0.04299086352042481,658,I don’t care what they are I won’t be referred to as “that birch in marketing”
3994,2724,9,43,143,195,1.3128205128205128,0.03979791295665836,658,I've been hounding them for the past week to limited success.
3391,2727,11,33,132,176,1.3125,0.04406772385447524,658,They're here to collude with Siberian huskies.
2537,2727,3,49,124,176,1.3125,0.037715829120327796,658,Do you think we’ll start to look like them after we’ve been here a bit longer?
1200,2727,8,34,118,160,1.3125,0.044498869323491605,658,I know. On the internet nobody knows they’re animals.
748,2730,10,39,140,189,1.312169312169312,0.041291628802914045,658,I've got a human on the line.  Do we have anyone who speaks human?
996,2730,9,41,139,189,1.312169312169312,0.04060432635653247,658,I told you this place was a zoo before you applied...
4313,2730,9,41,139,189,1.312169312169312,0.04060432635653247,658,"I'm not specist, but..."
2360,2733,11,27,119,157,1.3121019108280254,0.04769169796998167,658,Want to go play in the yard?
3806,2733,8,33,116,157,1.3121019108280254,0.04505019537444462,658,My co-workers are kinda bitchy.
4026,2735,11,36,139,186,1.3118279569892473,0.042418178925552386,658,Now I have to deal with the canine wage gap too?
3777,2736,11,31,128,170,1.311764705882353,0.04511518714327072,658,"I know there's more money in cybersecurity, but I really miss the days when it was just us 4 teen detectives in a van with our dog."
4608,2737,10,28,116,154,1.3116883116883118,0.04744510676886875,658,"When I said dog I meant it in the friendly way like “Hey, dawg.” And now he’s threatening to call HR. This PC culture, I tell ya."
4830,2738,13,36,150,199,1.3115577889447236,0.041750993420967386,658,Am I supposed to bring plastic bags on a first date?
3045,2739,10,37,136,183,1.3114754098360655,0.04217624561823606,658,"We are the ""Fox & Friends"" , what did you expect?!"
1097,2739,10,37,136,183,1.3114754098360655,0.04217624561823606,658,Psst.  I’m shorting kibble futures.
139,2741,10,32,125,167,1.311377245508982,0.04486807539822258,658,Who's the dying breed now?
732,2741,8,36,123,167,1.311377245508982,0.04323024931867899,658,Can I join you study group?  Mine is a bunch of bitches.
1574,2741,10,32,125,167,1.311377245508982,0.04486807539822258,658,I've heard the company is 'going to the dogs'...
3520,2741,11,30,126,167,1.311377245508982,0.0456649653107643,658,"How many times do I have to tell you stop peeing on the carpet, Brad!"
4863,2741,10,32,125,167,1.311377245508982,0.04486807539822258,658,I'd ask Rosie to give me a hand with this but...
2413,2746,11,25,115,151,1.3112582781456954,0.04899468860124077,658,"Don't say anything, but Maxie-boy has hookworms!"
1734,2747,8,45,143,196,1.3112244897959184,0.038960628371730185,658,Tail wagging the dog?! Do you even know what that means?!
5488,2748,8,40,132,180,1.3111111111111111,0.041157136985247186,658,But those are dog years of experience!
5330,2748,13,30,137,180,1.3111111111111111,0.04476914291089727,658,My dating profile didn't say I was an ACTUAL fox.
3634,2748,13,30,137,180,1.3111111111111111,0.04476914291089727,658,I don't mind all the barking. But I can't take the fleas!
2237,2748,13,30,137,180,1.3111111111111111,0.04476914291089727,658,"The only advice they give is:  ""Eat some biscuits, take a nap, and try again later.  If that doesn't work, find a cat to chase."""
529,2748,10,36,134,180,1.3111111111111111,0.04263867279458846,658,We can't hear because it is coming through  on dog whistle
1965,2748,9,38,133,180,1.3111111111111111,0.04190445288096708,658,"Look, I apologize. When I said all men are dogs, I didn't really know what I was talking about."
1057,2754,11,29,124,164,1.3109756097560976,0.04623334529222424,658,"Did they say it's a Coding Camp for Dummies, or Doggies?"
2920,2754,12,27,125,164,1.3109756097560976,0.04703550697076911,658,Some consultant suggested it- thinking it would boost workplace morale for millennials.
5119,2754,13,25,126,164,1.3109756097560976,0.04782421578117623,658,"I don't know about you, but I liked it better in the old days, when they used to just smell each other's  genitals and butts."
3880,2757,7,46,140,193,1.310880829015544,0.038647229260712845,658,Do we have to walk them?
2877,2758,9,37,131,177,1.310734463276836,0.042364320313041326,658,It's the company's attempt to make the call center more client friendly.
5471,2758,10,35,132,177,1.310734463276836,0.043115391346637943,658,They are working hard. OK> But why do we have to throw the ball during their breaks?
2042,2760,8,34,119,161,1.31055900621118,0.04426419206451489,658,Have you seen the cats?
3838,2760,10,30,121,161,1.31055900621118,0.04598476054335667,658,"I told him I needed help with JavaScript, and threw him a biscuit. 
He barked at me  that he 'felt patronized.' """
2043,2762,13,33,144,190,1.3105263157894738,0.04309100915656849,658,I've long said I was the one working for kibble around here.
1477,2762,8,43,139,190,1.3105263157894738,0.039728593071577306,658,What's a Millenial in dog years?
1483,2762,14,31,145,190,1.3105263157894738,0.04373248063703187,658,"Yeah, well - you smell funny too."
477,2765,8,38,128,174,1.3103448275862069,0.04205590406650257,658,Can you believe what management unleashed on us?
3050,2765,10,34,130,174,1.3103448275862069,0.043607116425664116,658,Where's the ball?
3148,2765,11,32,131,174,1.3103448275862069,0.04436238689494406,658,I told you this job was going to the dogs...now do you believe me?
4071,2765,9,36,129,174,1.3103448275862069,0.04283853212828547,658,A virus? I thought they had all their shots!
4797,2765,11,32,131,174,1.3103448275862069,0.04436238689494406,658,"Yes, yes, I know ""On the Internet nobody knows if you're a dog,"" but who knew they controlled the chat room services?"
5310,2765,10,34,130,174,1.3103448275862069,0.043607116425664116,658,Now I know why I  can't relate to the callers.
1724,2771,10,38,139,187,1.3101604278074865,0.041537184305636514,658,Even my mother has left Facebook. It’s really just them now.
3000,2771,12,34,141,187,1.3101604278074865,0.04289918055832344,658,The work place is going to the dogs!
5505,2773,8,33,117,158,1.3101265822784811,0.044807721413442934,658,Its the new strategy to directly market to the pets instead of their owners.
45,2774,10,33,128,171,1.3099415204678362,0.04411461267075381,658,Do they have separate bathrooms too?
195,2774,6,41,124,171,1.3099415204678362,0.04087665902043635,658,Who would have thought “Fetch” was now a video game?
399,2774,9,35,127,171,1.3099415204678362,0.043327815563287166,658,I simply can't function effectively in a dog-eat-dog environment...
2358,2774,9,35,127,171,1.3099415204678362,0.043327815563287166,658,"We’re trying to run an adopt-a-thon
And they act like it’s speed-dating!!!"
5165,2774,7,39,125,171,1.3099415204678362,0.041709719518086226,658,Do we get kibble? Do we get a ball
5659,2774,7,39,125,171,1.3099415204678362,0.041709719518086226,658,Did  you see under renumeration where it said kibble or wet?
292,2780,10,37,137,184,1.309782608695652,0.04198054429803068,658,Let's organize for human parity by 2020.
308,2780,11,35,138,184,1.309782608695652,0.042682111367661875,658,He always brings the weirdest crap for lunch.
1313,2780,12,33,139,184,1.309782608695652,0.04337233175705529,658,"If you don't quit growling at the callers, I'll have to report you to the top dog."
5329,2783,7,34,114,155,1.3096774193548386,0.044437311450764606,658,Didja hear!?! Sparky and Duke have been lifting their leg in the mailroom!!!
2554,2784,8,45,144,197,1.3096446700507614,0.038794534808108065,658,"I mean, yeah, we work for Kibbles, but Jesus, throw us a bone, once in a while?"
381,2785,12,28,128,168,1.3095238095238095,0.046208066519710024,658,"This is what happens when corporate allows ""emotional assistance"" dogs."
1372,2785,13,26,129,168,1.3095238095238095,0.046973092413845376,658,Working with these bitches beats the cat fighting in my last job.
3932,2785,7,38,123,168,1.3095238095238095,0.04217529388565521,658,Throw some kibble on the floor and save our jobs!
4896,2785,11,30,127,168,1.3095238095238095,0.04543015971863003,658,"I thought this job would be a walk in the park, but these guys are online ALL DAY."
752,2789,8,40,133,181,1.3093922651933703,0.04096519399896659,658,"I know, right? Intern or no intern, I don't mind the kibble runs, but I draw the line at taking them for walks."
4166,2789,15,26,140,181,1.3093922651933703,0.04591142122400704,658,Where are you on that ruff draft?
1118,2791,6,39,120,165,1.309090909090909,0.04178056729228878,658,But do *we* get fetch-breaks? Noooo.
3787,2791,8,35,122,165,1.309090909090909,0.04351362388126566,658,"They were always wondering what I did all day, so now they know."
1168,2793,14,27,137,178,1.3089887640449438,0.0457713599623071,658,"On the internet, nobody knows you're a millennial."
4392,2793,11,33,134,178,1.3089887640449438,0.043641465105936264,658,4 years at Vassar for a job literally anyone can read from a script.
4695,2795,9,41,141,191,1.3089005235602094,0.04024411220753279,658,"I can live with the barking, but not the fleas..."
1236,2796,13,24,125,162,1.308641975308642,0.04818932213022822,658,I am NOT anti large mixed breed dog... but he's always just watching Lassie porn!
1888,2796,10,30,122,162,1.308641975308642,0.045740212713391765,658,At least they're not playing poker.
1903,2796,11,28,123,162,1.308641975308642,0.046570895365752325,658,Is the WIFI password woof or arf-arf today?
5444,2796,11,28,123,162,1.308641975308642,0.046570895365752325,658,Is it just me or does this place smell?
1461,2800,10,34,131,175,1.3085714285714285,0.04339346952340768,658,"When they mentioned they allowed dogs in the office, I didn't expect they had THIS in mind."
2912,2800,8,38,129,175,1.3085714285714285,0.041852482689744126,658,"When they said we were ""adopting"" a new marketing strategy, I didn't think they meant _this_."
3973,2800,10,34,131,175,1.3085714285714285,0.04339346952340768,658,I've had it with the unisex bathrooms in this place.
4274,2800,10,34,131,175,1.3085714285714285,0.04339346952340768,658,First they said the robots would take our jobs. Then they said the immigrants would. Now we have to worry about animals too?!
4412,2800,10,34,131,175,1.3085714285714285,0.04339346952340768,658,When the boss told us you two are going to the dog house he wasn't kidding.
3668,2805,6,33,107,146,1.3082191780821917,0.04513671929520491,658,They're just doing regular satellite maps of trees with squirrels in the suburbs.
3008,2806,10,29,120,159,1.3081761006289307,0.04631959390413101,658,"So I had to go file a complaint to HR today because I went to eat lunch in the break room, and all the new guys were sniffing and eating each other's butts."
5353,2807,7,39,126,172,1.308139534883721,0.0415056475240337,658,Hey! I just got an update on the hacker’s profile. We need to be looking for a Russian Wolfhound.
2086,2807,9,35,128,172,1.308139534883721,0.04311284829836726,658,The university lets them use the library computers. Apparently they are all working on their dogterates.
1366,2807,8,37,127,172,1.308139534883721,0.04231687881204941,658,"Tommy, It's not part of PC culture to call them dogs."
21,2810,10,37,138,185,1.308108108108108,0.04178657015471458,658,"Quality control is down, but the labor savings are incredible!"
3066,2810,7,43,135,185,1.308108108108108,0.039621385962045834,658,These new guys really keep their nose to the ground
3095,2810,10,37,138,185,1.308108108108108,0.04178657015471458,658,"It's great that Dogs-R-Us now has this Diversity hiring program, but they're going to have to offer something other than Kibbles 'n Bits in the cafeteria if they want to keep us here!"
4133,2810,9,39,137,185,1.308108108108108,0.04107752473938017,658,"Everything is cool working with canines except they go in the break room, rip open my bag and eat my lunch."
5075,2810,11,35,139,185,1.308108108108108,0.04248378339879085,658,Oh. My. God. This one's. Breath!
5170,2810,12,33,140,185,1.308108108108108,0.043169737762185564,658,"So, the other two are dogs, but what's the one to my right?"
5656,2810,13,31,141,185,1.308108108108108,0.04384496168360014,658,"If we were going for agile, why not cats?"
5259,2817,6,44,132,182,1.3076923076923077,0.039257741427038854,658,I don't think I'll ever find a job where I'm not allergic to some of my coworkers!
5152,2817,8,40,134,182,1.3076923076923077,0.040774940806117904,658,The things we do to avoid minimum wage laws...
3630,2817,9,42,144,195,1.3076923076923077,0.03967168377756774,658,"Are you kidding me, they’re not even trained"
3396,2817,4,44,121,169,1.3076923076923077,0.039366639670704535,658,I just wish they would at least house train them when they office train them.
54,2817,11,30,128,169,1.3076923076923077,0.04519766549176948,658,Trust me. If you go to their after work poker party you’ll leave with no money. The bulldogs cheat and they let them get away with it.
2829,2817,11,30,128,169,1.3076923076923077,0.04519766549176948,658,Dog-Eat-Dog World News seemed like a good job....
2041,2817,7,38,124,169,1.3076923076923077,0.041964978891537,658,I knew it!  All these complainers want is someone to whine along with them.
3329,2817,12,32,138,182,1.3076923076923077,0.043651424596715886,658,I told you the pay was inhuman.
988,2825,14,31,147,192,1.3072916666666667,0.04333582678002083,658,"Sorry, I can't keep working where the rest room is a Goddamn fireplug."
4859,2825,11,37,144,192,1.3072916666666667,0.04140508806007957,658,What do three yips and a bark mean?
4931,2825,11,37,144,192,1.3072916666666667,0.04140508806007957,658,I always thought 'dog-eat-dog world' was a metaphor.
5639,2828,12,31,136,179,1.3072625698324023,0.044148020639896736,658,I don't smell anything either.
1369,2829,8,27,105,140,1.3071428571428572,0.04850957309175747,658,Didn't they tell you this was an Animal Hotline in your interview??
5428,2830,15,28,146,189,1.306878306878307,0.04444900080105966,658,"If they ask me if I'm having a ""ruff"" day one more time I'm gonna lose it."
750,2831,7,40,129,176,1.3068181818181819,0.04086397223328159,658,It's better than being replaced by a robot.
1171,2831,9,36,131,176,1.3068181818181819,0.04242327611762838,658,"...when you said it was a doggie style website, I thought..."""
1600,2831,12,30,134,176,1.3068181818181819,0.04466026815143113,658,"Cute cats on Youtube, but don't pass it on."
3017,2834,10,26,114,150,1.3066666666666666,0.04818557217824302,658,I keep having this urge to chew on a shoe.
2017,2835,8,45,146,199,1.306532663316583,0.03846633052784155,658,It's a study to see who will be first to write a Shakespeare play.
3155,2836,11,35,140,186,1.3064516129032258,0.04228721560974975,658,They're working us like dogs!
537,2837,11,31,131,173,1.30635838150289,0.04443904589720197,658,This place has literally gone to the dogs!
1711,2838,5,39,116,160,1.30625,0.04158502221145304,658,"Office 'Caturday' was bad enough, but this is ridiculous!"
343,2839,11,38,147,196,1.3061224489795917,0.04080324227750138,658,I told you we shouldn't unionize.
4820,2840,11,34,138,183,1.3060109289617485,0.04274810062952923,658,You barked?
3086,2840,10,36,137,183,1.3060109289617485,0.04203987234822732,658,...and they're better at it than we are!
1841,2840,11,34,138,183,1.3060109289617485,0.04274810062952923,658,Do you think they’re unpaid too?
1707,2840,8,40,135,183,1.3060109289617485,0.0405863571449943,658,"You work like a dog, but at least the kibble is free."
2709,2844,8,36,126,170,1.3058823529411765,0.042582046537623874,658,A minute ago they were people just like us. I'm scared. Are we next?
3297,2844,11,30,129,170,1.3058823529411765,0.04496745067440669,658,There're all searching for better dog walkers.
4269,2844,14,24,132,170,1.3058823529411765,0.0472325370161082,658,These guys are a bunch of animals.
327,2847,10,28,119,157,1.305732484076433,0.046660851328738664,658,What’s the answer to number three?  A—introduce yourself before sniffing?
3989,2847,5,38,114,157,1.305732484076433,0.04205875010128234,658,Do you ever feel that your career is going to the dogs?
3563,2849,11,37,145,193,1.305699481865285,0.041220756424395946,658,"It's not the working with dogs that bothers me, but his wagging tail keeps invading my personal space!"
4255,2849,10,39,144,193,1.305699481865285,0.04056079873536575,658,This bring-your-pet-to-work day is getting outta hand.
3641,2851,12,31,137,180,1.3055555555555556,0.04393524255438892,658,I wish it had been robots.
3500,2851,9,37,134,180,1.3055555555555556,0.041762253279973086,658,"'I mean, who speaks goat?'"
324,2851,9,37,134,180,1.3055555555555556,0.041762253279973086,658,It's the Vet School's new Distance Learning Program
2847,2851,7,30,107,144,1.3055555555555556,0.04651592555671656,658,"I know tech bros are dogs, but when did dogs become tech bros?"
3452,2851,11,33,136,180,1.3055555555555556,0.04322305278300226,658,It all started with “Bring Your Pet to Work Day” and now this place has gone to the dogs!
1581,2856,13,25,129,167,1.3053892215568863,0.04707180286017913,658,All they do is surf  the web for dirty bitches.
1038,2856,11,29,127,167,1.3053892215568863,0.04551334848945007,658,They don't need keyboards because they have a way with mice.
1316,2856,10,31,126,167,1.3053892215568863,0.04471375653900493,658,I've been having these really strange dreams ...
1446,2856,10,31,126,167,1.3053892215568863,0.04471375653900493,658,"Who's a smart dog"" was a rhetorical question"
2960,2856,7,37,123,167,1.3053892215568863,0.04222422791657942,658,Even Hi-Tech is going to the dogs!
3742,2861,13,32,145,190,1.305263157894737,0.04296668252675139,658,Wake up!  We're being marginalized.
968,2862,8,31,115,154,1.3051948051948052,0.04544241777411226,658,I can't hear a thing.  Can you?
2205,2862,13,21,120,154,1.3051948051948052,0.04989414316605732,658,First there was a mouse. Now this.
3740,2862,5,37,112,154,1.3051948051948052,0.042548396205804404,658,"Believe me, they only have artificial intelligence."
1585,2865,8,38,131,177,1.305084745762712,0.041451198297433975,658,It's impossible to watch cat videos here.
3965,2865,12,30,135,177,1.305084745762712,0.044441052888565744,658,I heard the boss really chewed him out!
492,2867,9,32,123,164,1.3048780487804879,0.044424301211366236,658,"You said the wifi password was K9_G00DBOY, right?"""
2560,2867,8,34,122,164,1.3048780487804879,0.043574095963438635,658,"I just don't see why we have to stoop to their level.
Why can't we have a regular bathroom like every other boiler room?"
3834,2867,8,34,122,164,1.3048780487804879,0.043574095963438635,658,When does the therapy dog arrive?
4712,2870,11,31,132,174,1.3045977011494252,0.04421797840187394,658,All these videos of cats?
4658,2870,8,37,129,174,1.3045977011494252,0.041903547699243246,658,WE'RE the millennials . . . I'm not sure who they are!
3731,2870,12,29,133,174,1.3045977011494252,0.044962989024350565,658,"With our advanced degrees, it's either here or Starbucks!"
78,2873,9,31,121,161,1.3043478260869565,0.044966756406755994,658,I guess management’s comments about farming out work were serious.
542,2873,9,38,137,184,1.3043478260869565,0.041127969941067405,658,"On the troll farm, nobody knows you're a human"
1618,2873,6,37,118,161,1.3043478260869565,0.04229763500582682,658,The owner is convinced their loyalty will pay dividends.
1946,2873,11,27,123,161,1.3043478260869565,0.04666142609104571,658,Checking the Yelp Wanted - online . . .
3717,2873,7,35,119,161,1.3043478260869565,0.04320566720511258,658,I guess it’s better than robots taking our jobs.
5605,2873,4,48,132,184,1.3043478260869565,0.03734336962916532,658,He byt me!
3583,2879,10,32,129,171,1.304093567251462,0.043963871125332794,658,Are opposable thumbs obsolete now?
2885,2879,12,28,131,171,1.304093567251462,0.04550187758250946,658,Got an international call here.  What does 'arf'' mean
5286,2879,6,40,125,171,1.304093567251462,0.04071393085796626,658,"No Fran, I don't hear any high pitched whistling."
1963,2879,12,28,131,171,1.304093567251462,0.04550187758250946,658,I’m not just some bitch.
622,2879,9,34,128,171,1.304093567251462,0.043174327032629786,658,Can we talk?
2169,2879,7,38,126,171,1.304093567251462,0.04155025409683629,658,its ok...they are housebroken
5201,2885,9,27,112,148,1.304054054054054,0.0476114380507279,658,"We're going for waffles, but we're not telling Derek."
2343,2886,12,38,154,204,1.303921568627451,0.04027004335719292,658,I guess we forgot about Bring Your Dog To Work day...
545,2887,10,35,136,181,1.3038674033149171,0.04229717892396261,658,"I guess this what they meant when they said we needed to ""fetch"" more data."
73,2888,10,38,143,191,1.3036649214659686,0.0407924514961087,658,....And you know their benefits package is better than ours.
472,2888,9,40,142,191,1.3036649214659686,0.0401112515146358,658,Better than lab rats.
1294,2888,12,34,145,191,1.3036649214659686,0.04212181502554702,658,Hey!  Be a good boy and pass the treats.
2806,2891,8,35,125,168,1.3035714285714286,0.04285149901056963,658,They're clicking for kibble?!.
1549,2891,7,37,124,168,1.3035714285714286,0.04201148614394804,658,"“Well, at least they weren’t replaced by robots.”"
1551,2893,8,38,132,178,1.303370786516854,0.041253289055961054,658,I heard that the dog obedience schools went high-tech but I didn't believe it until now.
2435,2893,9,36,133,178,1.303370786516854,0.04201563792212953,658,This internet cafe has five 'paws' on Yelp!
4633,2893,6,42,130,178,1.303370786516854,0.03968468109733341,658,Something tells me the final season of “Game of Bones” just dropped.
3124,2896,11,42,158,211,1.3033175355450237,0.03876555976511201,658,Is it just me or has the marketing department really gone to the dogs?
2369,2897,7,33,115,155,1.303225806451613,0.04425446616235717,658,I thought robots were the ones that were supposed to take our jobs
3373,2897,10,27,118,155,1.303225806451613,0.04700871533023784,658,Just because I started this job already house-broken is no reason to stiff me on a bonus!
4029,2899,11,35,142,188,1.303191489361702,0.041899273584764064,658,Corporate Vet health care is less expensive
5402,2899,9,39,140,188,1.303191489361702,0.04051876775101826,658,"Rumor is, we're next!"
3692,2901,9,32,124,165,1.303030303030303,0.04419288704814212,658,This is what happens when computers are too user friendly .
4511,2901,3,44,118,165,1.303030303030303,0.03885295723114911,658,I wouldn't mind so much if I was going to be replaced by a robot.
664,2901,9,32,124,165,1.303030303030303,0.04419288704814212,658,Who let the dogs out? Who? Who?
2293,2901,7,36,122,165,1.303030303030303,0.042487546476998005,658,"I think some here, work on their pet projects, more than their actual work."
3078,2905,9,45,154,208,1.3028846153846154,0.03792211613563759,658,"Dog people, am I right?"
810,2906,13,27,135,175,1.302857142857143,0.045467313157902055,658,It was either this or driving a Lyft.
2742,2906,11,31,133,175,1.302857142857143,0.04399901903241882,658,If I get a barker I transfer him to Fido.
4155,2906,13,27,135,175,1.302857142857143,0.045467313157902055,658,"The job listing said CNN, but it was pronounced 'canine'. These startup names are getting ridiculous."
4288,2906,8,37,130,175,1.302857142857143,0.04169975228751106,658,"When they said ""Every mutt must have its day"" I thought they were referring Trump."
4367,2906,7,39,129,175,1.302857142857143,0.04090461949276627,658,Ugh! They just keep fetching the best projects
5569,2906,6,41,128,175,1.302857142857143,0.04009372084075266,658,"He just doesn't listen, even when I throw him a bone."
4397,2912,13,30,142,185,1.3027027027027027,0.04371438407557844,658,They make us work like dogs here.
3896,2912,10,36,139,185,1.3027027027027027,0.0416495396777168,658,I don't get why is everyone suddenly naked
1172,2912,12,32,141,185,1.3027027027027027,0.04303711152629429,658,I bet they are being paid in dog hours...
152,2912,11,34,140,185,1.3027027027027027,0.04234900898422771,658,I told you they were lowering their admission standards.
563,2912,8,40,137,185,1.3027027027027027,0.040214118692378654,658,Do you also feel affirmative action has gone too far?
2107,2917,7,32,113,152,1.3026315789473684,0.044806498577351,658,Diversity in the workplace has gone too far.
5555,2917,8,30,114,152,1.3026315789473684,0.045768555696054404,658,I rolled on a dead rat but Rover still won’t take his eyes off the squirrel videos.
4224,2919,11,27,124,162,1.3024691358024691,0.04641053818708393,658,I'm sick of these bitches.
1370,2920,7,38,127,172,1.302325581395349,0.04134579417903897,658,Word is they're getting paid with treats.
1722,2920,10,32,130,172,1.302325581395349,0.04374326307339804,658,'How come he always gets the headphones?'
1128,2922,11,33,138,182,1.3021978021978022,0.04281228533752635,658,I can’t take it any longer. It’s dog eat dog all day long.
1352,2922,15,25,142,182,1.3021978021978022,0.04556032097562667,658,...and they kept worrying about robots taking our jobs!
3468,2922,13,29,140,182,1.3021978021978022,0.044207661232098114,658,And you ask me why I think telemarketing has gone to the dogs!!
2649,2925,8,42,142,192,1.3020833333333333,0.039244323055550645,658,I didn't think 'hair of the dog' would be such an awkward brunch comment.
4615,2926,11,26,122,159,1.3018867924528301,0.04700632443777409,658,The tech industry is a dog-eat-dog world!
3612,2926,7,34,118,159,1.3018867924528301,0.04348733785309519,658,It's a very species-fluid scene here so what's your problem?
839,2926,9,46,157,212,1.3018867924528301,0.0374328351043117,658,At least they're not Boomers.
460,2926,4,40,115,159,1.3018867924528301,0.040648666224726515,658,All the other coworking companies stick to therapy dogs
1534,2930,6,39,124,169,1.301775147928994,0.04094950615880426,658,After this are the olfactory tests
1873,2930,8,35,126,169,1.301775147928994,0.042635042053683014,658,Is “woof” or “arf” the correct pronunciation?
3299,2930,11,29,129,169,1.301775147928994,0.04504524331517565,658,"I said, ""Do you want to go out on a date?""  Not, ""Do you want to go outside?"""
4304,2930,10,31,128,169,1.301775147928994,0.04425642967059917,658,"I know what a ""bit"" is but what the hell  is a ""Kibble"" ?"
5140,2930,11,29,129,169,1.301775147928994,0.04504524331517565,658,"""Bring your Pet to Work Day"" is doing NOTHING for my confidence and sense of job security."
3785,2935,11,32,136,179,1.3016759776536313,0.04328976123161862,658,This bringing your pets to work has gotten out of hand!
5637,2935,11,32,136,179,1.3016759776536313,0.04328976123161862,658,"Bark bark bark. Bark bark.”
“Bark?"
3856,2937,12,33,144,189,1.3015873015873016,0.04237726508681117,658,Dogs Playing Poker 2019
2024,2938,9,26,111,146,1.3013698630136987,0.047982305640486916,658,The hacker spaniel just changed Google to Poodle!
1025,2938,9,26,111,146,1.3013698630136987,0.047982305640486916,658,Our study group un-bestfriended us.
3852,2940,6,38,122,166,1.3012048192771084,0.041397528307702415,658,It's obvious that management is putting something in their treats.
4546,2940,8,34,124,166,1.3012048192771084,0.04312532956677074,658,"There's a new computer game out called ""Fetch""."
880,2942,10,33,133,176,1.3011363636363635,0.043034180286876625,658,I  can't stand the way they drool over the keyboards...
1457,2942,8,37,131,176,1.3011363636363635,0.04149783781226765,658,Hey! At least they're not robots.
3081,2942,10,33,133,176,1.3011363636363635,0.043034180286876625,658,These species neutral hiring policies are getting ridiculous.
4101,2942,9,35,132,176,1.3011363636363635,0.042272989106855646,658,"So instead of stock options, we get soup bones and chew toys."
4135,2942,12,29,135,176,1.3011363636363635,0.04451753365622955,658,Outsourcing for customer service has just gone too far!
2151,2947,9,38,139,186,1.3010752688172043,0.04074993913921766,658,This is not how Bring Your Dog to Work Day was supposed to go.
4327,2947,10,36,140,186,1.3010752688172043,0.04145696779333654,658,I thought we had agreed that you would lay off the whistling.
4588,2949,9,31,123,163,1.3006134969325154,0.04449125800158343,658,You promised their owners no more than 20 minutes of screen time a day!
2595,2949,10,29,124,163,1.3006134969325154,0.04533445048307514,658,This place really has gone to the dogs.
301,2951,8,36,129,173,1.300578034682081,0.041952106474934296,658,I thought this was going to be like one of those cat cafes.
911,2951,8,36,129,173,1.300578034682081,0.041952106474934296,658,"I can't believe you were awarded Good Boy of the Month, I deserve it, I've been working like a dog."
1470,2951,9,34,130,173,1.300578034682081,0.04274567314723109,658,See I told you that you can't trust dating profiles!
5458,2951,10,32,131,173,1.300578034682081,0.04352477349666052,658,"Personally, I think they're Russians."
3196,2955,12,31,140,183,1.3005464480874316,0.04330861787784712,658,It's not fair...they're trained to fetch!
4629,2956,11,39,153,203,1.3004926108374384,0.039712530500366404,658,And then he asked me for the woofi password.
5279,2957,6,42,132,180,1.3,0.039314422749502885,658,"It's 2019, how are open offices still a thing?"
5248,2957,9,36,135,180,1.3,0.04161542472952781,658,"I didn't realize when they said everyone was learning to code, that they meant EVERYONE."
4750,2957,7,37,126,170,1.3,0.04159205525356738,658,I thought this was going to be a white collar job.
4587,2957,11,32,137,180,1.3,0.043081203189796954,658,He says listening to Beethoven helps him focus.
3761,2957,8,29,113,150,1.3,0.04610075533066856,658,They sure work us like dogs here.
815,2957,8,29,113,150,1.3,0.04610075533066856,658,Have you noticed the change in the Temps since Mr. Kanine took over H.R.?
1221,2957,12,30,138,180,1.3,0.04379569972852768,658,Carol is such a bitch.
863,2957,11,32,137,180,1.3,0.043081203189796954,658,It says my new password has to include four different bones and at least one “Who’s a good girl?”.
641,2957,6,45,139,190,1.3,0.038016836616589986,658,So this is diversity.  How come they get treats?
402,2957,7,37,126,170,1.3,0.04159205525356738,658,We really need to talk to HR about the dress code.
3746,2957,10,37,143,190,1.3,0.04084187846414619,658,despite what Bruno says I'm not a bitch you know
1301,2968,14,31,152,197,1.299492385786802,0.04237398342275666,658,"Look where ""bring your pet to work day,"" has gotten us."
2280,2969,11,34,142,187,1.2994652406417113,0.041957022885600576,658,"I know they're just dogs, but they still shouldn't be tweeting out journalists' home addresses."
1402,2969,10,36,141,187,1.2994652406417113,0.04126609701868109,658,And now they’re serving kibble for lunch!
5138,2971,8,37,132,177,1.2994350282485876,0.04129778033961663,658,Outsourcing! Can you believe it?
3882,2971,9,35,133,177,1.2994350282485876,0.04206789745598183,658,"For the last time Jason, his name is not 'good boy'."
3254,2971,5,43,129,177,1.2994350282485876,0.03889604934714962,658,This whole 'inclusion' thing has officially gone too far.
3610,2971,11,31,135,177,1.2994350282485876,0.04356731191091039,658,"On the internet, nobody knows you’re a dog, but seriously?"
1263,2975,9,32,126,167,1.2994011976047903,0.04373692931190449,658,"Quick, go get some treats to distract them!"
1400,2975,9,32,126,167,1.2994011976047903,0.04373692931190449,658,"I accept that it's over, but your DOG just unfriended me."
1697,2975,8,34,125,167,1.2994011976047903,0.04290424359829468,658,Be careful what you ask for.  Management agreed to end foreign outsourcing.
2431,2978,11,25,121,157,1.2993630573248407,0.0473578984943511,658,Either adapt or get fired. This isn't the same company you first applied to.
274,2979,8,28,111,147,1.2993197278911566,0.046711807034701285,658,"I'm sick of being told I need to act more like a ""Boss Bitch"" to get ahead here"
5646,2980,9,37,138,184,1.298913043478261,0.04098447812764403,658,I think they're bilingual.
674,2980,9,37,138,184,1.298913043478261,0.04098447812764403,658,I wonder if they told THEM they were overqualified for this job.
3537,2980,7,41,136,184,1.298913043478261,0.039508662150345986,658,"The sign says, ""All Welcome"" but I don't see any cats! 
What's the deal there?"""
3875,2980,11,33,140,184,1.298913043478261,0.04240896732862619,658,"Is this ""Take Your Dog to Work Week""?"
904,2984,11,30,133,174,1.2988505747126438,0.044068764600178036,658,Our coworkers are such animals!
2809,2984,11,30,133,174,1.2988505747126438,0.044068764600178036,658,Apparently it’s a celebrity meltdown only dogs can hear.
3164,2984,12,28,134,174,1.2988505747126438,0.04481625577222157,658,"You're the only male in this
place that isn't a REAL dog?"
5275,2987,11,32,138,181,1.298342541436464,0.042874573579457884,658,"Jesus Christ, what's our president done this time?"
3904,2987,11,32,138,181,1.298342541436464,0.042874573579457884,658,I really have a bone to pick with these new guys
5579,2987,9,36,136,181,1.298342541436464,0.041418043787826105,658,"No!, I don’t want to play fetch."
980,2987,10,34,137,181,1.298342541436464,0.04215260022128308,658,They’re cute but the leg humping is getting to be a drag.
3170,2987,9,36,136,181,1.298342541436464,0.041418043787826105,658,Didn’t I tell you the library had dogs playing poker?
2860,2992,8,35,128,171,1.2982456140350878,0.04220833617175288,658,This call center will hire anybody
5500,2993,11,43,164,218,1.298165137614679,0.03780742615460297,658,"They said this place had gone to the dogs, but I thought that was just a figure of speech!"
2574,2994,13,33,152,198,1.297979797979798,0.04157440698539242,658,Forget Pavlov’s bell. Just shout ‘Go Fetch.’
406,2995,9,38,141,188,1.297872340425532,0.04037849602989724,658,"Come on, ""Dog"" and ""Internet"" - there must be a joke here somewhere."
498,2995,10,36,142,188,1.297872340425532,0.0410769063473797,658,"They may be your best friends, but they're not mine."
3562,2995,12,32,144,188,1.297872340425532,0.04243926038400473,658,Those damn cat videos -- what would you expect?
4268,2995,11,34,143,188,1.297872340425532,0.04176363883219921,658,Let's login doggy style
5073,2995,10,36,142,188,1.297872340425532,0.0410769063473797,658,Is it racist that Fido told me to work like a dog?
5401,2995,13,30,145,188,1.297872340425532,0.043104293468009994,658,"So I told him, ""I've been working like a dog, with no remuneration."""
2569,3001,5,43,130,178,1.297752808988764,0.038713480988153644,658,He said something about sleeping at the White House and then something about Russian fleas.
147,3002,10,30,128,168,1.2976190476190477,0.04432390098545984,658,The training schedule has gotten a lot better ever since our competitor admitted to the squirrel incident.
1632,3002,14,22,132,168,1.2976190476190477,0.047431552750122945,658,"For the last time, stop chasing tail at the office."
2185,3002,9,32,127,168,1.2976190476190477,0.043512322382735856,658,How could I have thought working for Paw Patrol dispatch was a good career move?
5556,3002,7,36,125,168,1.2976190476190477,0.04184196697431553,658,"How could working here be ethical treatment of animals, when it isn't even ethical treatment of people?"
5375,3006,9,43,153,205,1.2975609756097561,0.038144675537052274,658,"Ssh, keep it down, a bark followed by two quick yelps means 
what, again ?"
4553,3007,8,42,145,195,1.2974358974358975,0.038731102236204816,658,Have you seen Luna? I can't find my mouse
3615,3008,11,33,141,185,1.2972972972972974,0.04221004241445513,658,I'm so done with taking all the cat calls around here.
3925,3008,7,41,137,185,1.2972972972972974,0.03932772627940912,658,This is not what I imagined when we adopted working dogs..
832,3008,8,39,138,185,1.2972972972972974,0.040067748388056705,658,"No, not cat videos, they are doctoring their college applications."
3404,3008,7,41,137,185,1.2972972972972974,0.03932772627940912,658,I told you those weren’t just snapchat filters!
4106,3008,12,31,142,185,1.2972972972972974,0.04290037397518342,658,My mother told me this country was going to the dogs.
4754,3013,9,34,132,175,1.2971428571428572,0.042325104805933045,658,"Hey, is there something different about Steve today? I think he got new glasses."
3723,3013,10,32,133,175,1.2971428571428572,0.04309403603545398,658,"This once was a job people would look up to you doing, now dogs can pick it up in obedience school."
4964,3015,8,33,124,165,1.2969696969696969,0.04317776591766852,658,They were employed because they don’t talk.
5124,3015,10,29,126,165,1.2969696969696969,0.0448568738283862,658,Yeah I like it doggy style...so what.
1021,3015,11,27,127,165,1.2969696969696969,0.0456732849668507,658,"Ewww, he keeps licking my hand."
4235,3015,13,23,129,165,1.2969696969696969,0.047263819351359364,658,He said I didn't have a dog in this fight.
930,3019,8,41,143,192,1.296875,0.03910474373737978,658,"Please, tell me - Are you human?""  - ""Well, if I said, yes, would you believe me?"
4731,3020,10,34,138,182,1.2967032967032968,0.04195239082202573,658,"When they said it was a dog-eat-dog workspace, I didn't take them literally!"
4940,3020,11,32,139,182,1.2967032967032968,0.042669847241103134,658,I was told all the new hires would be hypoallergenic.
1933,3022,11,29,132,172,1.2965116279069768,0.04436026481598759,658,What more proof do you need that the economy is too damn strong.....
2338,3022,9,33,130,172,1.2965116279069768,0.042799932038916175,658,"Well, tell your customer that he is barking up the wrong tree."
3963,3022,10,31,131,172,1.2965116279069768,0.04358708109681348,658,They’re drooling on the key pads!
5219,3022,8,35,129,172,1.2965116279069768,0.04199803241262013,658,I'll need your support about the snacks in the break room.
5629,3026,11,34,144,189,1.2962962962962963,0.0415719651276177,658,"I know what to say when a co-worker wears too much cologne, but what about not enough?"
4218,3026,8,32,122,162,1.2962962962962963,0.04368650552737693,658,"I guess the company's 'no animal testing' is out the window."""
3284,3026,9,30,123,162,1.2962962962962963,0.04455549350299086,658,"I know it's a dog eat dog world, but I never imagined this!"
853,3026,7,42,140,189,1.2962962962962963,0.03876956439338064,658,"No, it's MY turn to cry havoc. It's YOUR turn to let slip the dogs of war!"
2570,3026,11,26,125,162,1.2962962962962963,0.04624450749546494,658,I lied on my resume: I don't know how to code.
2817,3026,8,32,122,162,1.2962962962962963,0.04368650552737693,658,Bring Your Dog to Work Day is going a bit too far.
4837,3032,8,37,134,179,1.2960893854748603,0.040903142385280554,658,Is this a human-friendly workplace?
866,3033,12,21,119,152,1.2960526315789473,0.04925270744272468,658,I don’t hear a thing. Do you?
754,3034,10,30,129,169,1.2958579881656804,0.0440960284810395,658,"it's a dog eat dog world, karl"
417,3034,8,34,127,169,1.2958579881656804,0.04246851741621404,658,"If this was supposed to be a dog and pony show, what does that make us?"
5588,3036,14,27,145,186,1.2956989247311828,0.04403921502188502,658,It's so cute the way they still think that no one knows they're a dog.
4010,3036,10,35,141,186,1.2956989247311828,0.04131539549214824,658,Can you believe corporate's new dogma on speciesism?
4308,3036,10,35,141,186,1.2956989247311828,0.04131539549214824,658,"No not pause, paws."
546,3039,9,34,133,176,1.2954545454545454,0.042117786151120835,658,"I liked it better when Boss said ""jump"" - not ""sit"" and ""stay""."
1228,3040,12,33,148,193,1.2953367875647668,0.041612379285515574,658,What did you call me.
5063,3041,10,29,127,166,1.2951807228915662,0.04462170904158254,658,The break room guy signed a deal with Milk-Bone.
128,3041,9,31,126,166,1.2951807228915662,0.043795862449138565,658,I didn't know they were going to work us like animals
720,3041,11,27,128,166,1.2951807228915662,0.04543254635082028,658,Don’t you think they’ve taken affirmative action a bit too far ?
1782,3041,11,27,128,166,1.2951807228915662,0.04543254635082028,658,Did you fart?
2919,3041,10,29,127,166,1.2951807228915662,0.04462170904158254,658,I always thought everyone on Wall Street was either a bull or a bear.
3889,3041,11,27,128,166,1.2951807228915662,0.04543254635082028,658,Where are all the cat people?
5244,3047,10,34,139,183,1.2950819672131149,0.04175400338278374,658,He says it all about the sub woofer!
4145,3048,9,41,150,200,1.295,0.038695759574470516,658,Are we going to have to put up with this at every full moon?
739,3049,5,36,115,156,1.294871794871795,0.0418927188656658,658,"Ed, rapid or rabid?"
833,3050,9,33,131,173,1.2947976878612717,0.04258631821641278,658,On the WEB no one knows they’re Dogs!
1665,3050,10,31,132,173,1.2947976878612717,0.04336828143188591,658,"And to think, WE get the bum end of the merge while David and Susan are being paid to sniff out drugs!"
3701,3052,14,28,148,190,1.2947368421052632,0.04335380817041086,658,Affirmative action my foot. They’re DOGS!!
5045,3052,10,36,144,190,1.2947368421052632,0.040703482808344446,658,"Watch out for machines, they said."
5600,3052,9,38,143,190,1.2947368421052632,0.04001348173044048,658,"Well, I’ve been bringing boxes of dead birds every Friday morning and still haven’t been invited to poker night"
317,3055,8,45,154,207,1.2946859903381642,0.03720455417804357,658,The librarian already told them to keep it to a soft whimper
4099,3056,8,32,123,163,1.294478527607362,0.04345569856989565,658,"To use the word properly for once, 
this library is LITERALLY going to the dogs!"
4605,3056,10,28,125,163,1.294478527607362,0.04516501369728003,658,I told you PETA has gone too far.
947,3056,7,34,122,163,1.294478527607362,0.042575314163946,658,Bozo over here keeps toying with my mouse.
3621,3056,11,26,126,163,1.294478527607362,0.045995856599420154,658,"You know Mark, these Telemarketing jobs have really gone to the dogs!"
985,3060,8,37,135,180,1.2944444444444445,0.04070851574323876,658,"On the Internet, nobody knows how big a dog you are."
1646,3061,12,31,144,187,1.2941176470588236,0.04249950681160455,658,These bitches never stop.
2975,3061,12,26,132,170,1.2941176470588236,0.04542950370320773,658,"New library policy allows pets if they’re well behaved, but whatever you do, don’t throw that tennis ball"
4113,3061,9,32,129,170,1.2941176470588236,0.043069697861686136,658,It's got to be extra humiliating to get catfished by a dog.
5314,3061,13,29,145,187,1.2941176470588236,0.04317069706985551,658,Those damn dolphins are ruining the curve for everyone!
5349,3061,4,37,112,153,1.2941176470588236,0.04135055832744927,658,"Yeah, but they get paid in bones and are loyal to a fault."
5597,3061,10,35,142,187,1.2941176470588236,0.04112427588048697,658,"He smells sooo bad and always drops the ball.
Well, at least you're not next to this son of a bitch"
1810,3067,12,33,149,194,1.2938144329896908,0.04142530903714438,658,"Yes, sir.  We are all Americans here at the company's customer service center."
4527,3068,10,32,135,177,1.2937853107344632,0.04267143579763681,658,I can't make heads or tails of this report.
671,3068,10,32,135,177,1.2937853107344632,0.04267143579763681,658,Remember when I said national security was going to the dogs? Guess what?
3321,3070,10,27,123,160,1.29375,0.0457268990032435,658,How long is that in dog years?
735,3070,8,31,121,160,1.29375,0.04397404448137918,658,Google really has gone to the dogs.
4228,3072,13,28,143,184,1.2934782608695652,0.043648691859580514,658,You might be ok with it - since they're man's best friend.
1819,3073,5,39,123,167,1.2934131736526946,0.0401204603858246,658,Who lets the dogs out when they need go?
3647,3074,6,44,141,191,1.293193717277487,0.03770092743221842,658,"I'm all for diversity, but this is getting out of hand."
1753,3075,11,29,134,174,1.293103448275862,0.04391469650730437,658,that funny looking guy keeps trying to smell my butt
3185,3075,6,39,129,174,1.293103448275862,0.03995368229653253,658,AND there's kibble all over the break room floor!
5055,3075,8,35,131,174,1.293103448275862,0.0415833892938372,658,"See, that's what happens when you let the dogs out."
3659,3078,10,26,121,157,1.2929936305732483,0.04630839335566878,658,First I was worried about robots taking my job. When will this end?
825,3078,12,22,123,157,1.2929936305732483,0.048039420581846765,658,Since when are dogs qualified to be air traffic controller’s?
4345,3080,8,37,136,181,1.292817679558011,0.040515653775322284,658,...they're also adding a 'Bring Your Human to Work' day to the company calendar.
361,3080,11,31,139,181,1.292817679558011,0.04272797986632282,658,This is not how I imagined the AI revolution to turn out
1140,3080,11,31,139,181,1.292817679558011,0.04272797986632282,658,I gotta pee once in a while too.”
4322,3083,5,38,121,164,1.2926829268292683,0.04054802809484679,658,I guess they finally found a way to teach an old dog new tricks!
5065,3083,9,30,125,164,1.2926829268292683,0.04408411708007125,658,What does four barks and a paw's mean.
4452,3085,9,37,142,188,1.2925531914893618,0.040233974953852655,658,"When they said Ok, but you'll have to start in the ""kennel"" I just swallowed my pride . . ."
1789,3086,7,36,128,171,1.2923976608187135,0.04121483269518802,658,"They said this place was going to the dogs, but I didn't imagine this..."
885,3087,8,29,117,154,1.2922077922077921,0.04506484088691572,658,Are you sure those were clove cigarettes you gave me earlier?
5218,3087,5,35,114,154,1.2922077922077921,0.042144899699633746,658,"He keeps telling me that I need to adjust to this new work environment because ""we all are working under the same woof."""
5084,3089,8,36,134,178,1.2921348314606742,0.04094089112198094,658,How long can someone look at funny cat memes?
2189,3089,10,32,136,178,1.2921348314606742,0.042463119409665635,658,"...when we threatened to walk, they simply merged with Pet Smart."
4692,3091,8,31,122,161,1.2919254658385093,0.04373813197750449,658,They like those cat videos too!
3486,3091,5,37,119,161,1.2919254658385093,0.040989083110301645,658,Dogs matching dog walkers for other dogs; they are really leading the paradigm shift here.
1308,3091,8,31,122,161,1.2919254658385093,0.04373813197750449,658,"I had to tell Duke—it's an open concept office, not an open concept bathroom."
3552,3094,9,36,140,185,1.2918918918918918,0.04064616088594462,658,'Inclusive' has gone way too far.
2868,3095,10,29,129,168,1.2916666666666667,0.04415845456308731,658,"OMG, We’re their token hominids!"
145,3095,11,27,130,168,1.2916666666666667,0.04495837084270246,658,"I thought it was ""Take Your Dog to Work Day"", not ""Send Your Dog to Work Day""."
1958,3095,8,33,127,168,1.2916666666666667,0.042513493276144954,658,"This guy is so rude! He keeps asking me if I wanna be his bitch.. """
2418,3095,8,33,127,168,1.2916666666666667,0.042513493276144954,658,This is weirdest speed-dating I have been to!
4432,3099,9,40,150,199,1.2914572864321607,0.03872736862253529,658,Barking at the customers gets better results.
2870,3100,3,45,127,175,1.2914285714285714,0.03719965343039246,658,It's dog eat dog here.  All we have to do is sit quietly and that promotion is ours!
4935,3100,9,33,133,175,1.2914285714285714,0.04216518570209371,658,You’d rather work with bulls? Try Wall Street!
2532,3100,13,25,137,175,1.2914285714285714,0.04517331806785071,658,Maybe I'd be more focused after a chew toy break.
4626,3100,8,35,132,175,1.2914285714285714,0.04137899757485986,658,The worst part is you can't say anything or they'll call you an enemy of diversity.
1222,3100,8,35,132,175,1.2914285714285714,0.04137899757485986,658,And they say automation is the biggest threat to the job market!?
1791,3100,9,33,133,175,1.2914285714285714,0.04216518570209371,658,"When you suggested a puppies & internet cafe, I thought it meant we get to snuggle them while we work."
609,3100,10,31,134,175,1.2914285714285714,0.04293698091719815,658,Who gave out the password?
181,3107,12,31,146,189,1.291005291005291,0.0421058278295843,658,I can tell... someone ate their own vomit again last night!
792,3107,9,37,143,189,1.291005291005291,0.04005045400772712,658,"This is what you get for suggesting we all do it ""doggy style"", Brian."
1377,3107,12,31,146,189,1.291005291005291,0.0421058278295843,658,What if one day we're replaced by robots?
1526,3107,12,31,146,189,1.291005291005291,0.0421058278295843,658,It's called digital bark-eting.
2459,3111,4,40,121,165,1.290909090909091,0.0394138331711882,658,"Not only did they displace the whole marketing team, but I heard that our wages are going down to three that-a-boys an hour!"
5003,3111,10,28,127,165,1.290909090909091,0.04468679027733588,658,I can't believe how tight the job market is nowadays.
3638,3113,12,33,151,196,1.2908163265306123,0.04105600742111329,658,"Hey geek boy, are you a son of a bitch, too?"
4925,3113,12,33,151,196,1.2908163265306123,0.04105600742111329,658,I don’t believe nobody knows!
3591,3115,8,34,130,172,1.2906976744186047,0.04183061026435942,658,No wonder this place has a reputation for working you like a dog.
3557,3115,13,24,135,172,1.2906976744186047,0.04571430011616159,658,"I didn't understand ""Bring your pet to work,"" either."
1108,3115,6,38,128,172,1.2906976744186047,0.04017214262495875,658,It's actually make your dog work day.
1435,3115,8,34,130,172,1.2906976744186047,0.04183061026435942,658,Their Parents are Millennials…
614,3119,9,34,136,179,1.2905027932960893,0.041507382557178375,658,"What does she mean, ""one ringy-dingy, two ringy-dingy . . ."""
2613,3119,10,32,137,179,1.2905027932960893,0.04225675691988006,658,THIS is the company's new diversity program?
2855,3119,11,30,138,179,1.2905027932960893,0.04299307158163635,658,Do you suppose we met a quota?
3098,3119,8,36,135,179,1.2905027932960893,0.04074422791157147,658,My dog could do better than these new hires ...
4110,3119,10,32,137,179,1.2905027932960893,0.04225675691988006,658,What's up dog!
5109,3124,9,36,141,186,1.2903225806451613,0.04045749009336217,658,"Their boss is playing golf in Mar-a-Lago, they're just tweet-temping for the afternoon."
4733,3124,10,34,142,186,1.2903225806451613,0.0411695414526601,658,How do I know who let the dogs out?
1451,3124,9,36,141,186,1.2903225806451613,0.04045749009336217,658,These filthy dogs are taking good jobs away from hard-working American people and they're doing it for scraps!
958,3124,10,34,142,186,1.2903225806451613,0.0411695414526601,658,"I’m not sure asking them to tag us is the best idea, Dan.”"
718,3124,12,39,166,217,1.2903225806451613,0.03828707705257916,658,Give them all the calls about yoga pants.
1257,3129,9,38,146,193,1.2901554404145077,0.039477677600570076,658,I think the Cocker Spaniel is logging our keystrokes.
3027,3130,11,25,126,162,1.2901234567901234,0.04607274195462931,658,"So, we don't get dental coverage but they get canine?"
4088,3130,9,29,124,162,1.2901234567901234,0.04437719097706396,658,I'm working like a dog.
209,3132,8,33,128,169,1.2899408284023668,0.04229641017081357,658,"If it's about a cat stuck in a tree, pass it to Rosie!"
3379,3132,9,31,129,169,1.2899408284023668,0.04312109334736757,658,We won them in a poker game
5529,3132,9,31,129,169,1.2899408284023668,0.04312109334736757,658,"Ever since we gave pets credit cards, this place has become a zoo."
5346,3135,6,39,131,176,1.2897727272727273,0.039568119344707026,658,This is not what I expected when I applied to work at Top Dog Entertainment!
2662,3135,12,27,137,176,1.2897727272727273,0.044218168868547326,658,The inner sanctum of Google Translate
2407,3135,11,29,136,176,1.2897727272727273,0.04347771145256271,658,I can’t log in either—it keeps asking me for my passwoof.
2429,3135,12,27,137,176,1.2897727272727273,0.044218168868547326,658,"Cmon, what did you expect at the SPCA?"
1708,3139,11,31,141,183,1.289617486338798,0.04231993381014934,658,"We are a dog food company, after all."
2267,3139,6,41,136,183,1.289617486338798,0.03860998052071349,658,".. and so she yells at him: ""Wanna find leads? Getta dog"""
5273,3139,9,35,139,183,1.289617486338798,0.04087637847144978,658,Their alpha dog is selected by computer testing.
3208,3142,9,37,144,190,1.2894736842105263,0.039868534785647176,658,"Are you going to the company party?
Like, I don’t know how to fetch."
4706,3142,7,30,115,152,1.2894736842105263,0.04440809644558711,658,How long before we're replaced?
319,3144,12,33,152,197,1.2893401015228427,0.040873736536742436,658,Who knew this job was going to the dogs?
4053,3144,10,37,150,197,1.2893401015228427,0.03958620468152627,658,"When they said the pay was 15 bones, I played along. I'm starting to regret my attempt to be hip."
2357,3146,8,30,121,159,1.2893081761006289,0.0440251572327044,658,What was he thinking?  He's already on a short leash!
1213,3146,6,34,119,159,1.2893081761006289,0.04217809238887326,658,Is this truly the best plan to mitigate bias in our AI models?
4243,3148,5,38,123,166,1.2891566265060241,0.04013507766085721,658,Psssssst! Are you sure we're in the right language lab?
3984,3148,8,32,126,166,1.2891566265060241,0.042777126004751545,658,I don't think any of them have proper training for this work.
1066,3148,7,34,125,166,1.2891566265060241,0.041914951498225626,658,Internet breeding.
886,3151,7,36,130,173,1.2890173410404624,0.04080663229194297,658,Do you think this equal opportunity thing's gone a bit too far?
3024,3151,10,30,133,173,1.2890173410404624,0.04320672684185774,658,Didn't they tell you it was a Yelp Line?
3431,3151,13,24,136,173,1.2890173410404624,0.04548033915621097,658,"They are using their humans' names as passwords.


By Lori Feldman 
Coral Springs"
4031,3151,11,28,134,173,1.2890173410404624,0.043977660004968416,658,"They're all on Buttbook!"""
4998,3151,9,32,132,173,1.2890173410404624,0.042421785785857966,658,All they said when they hired me was that the bathrooms were gender neutral... but?
5512,3151,10,30,133,173,1.2890173410404624,0.04320672684185774,658,Can you believe these new diversity hires?
782,3157,7,38,135,180,1.288888888888889,0.03977660218328084,658,They say he's the GOAT.
178,3158,9,36,142,187,1.2887700534759359,0.04027049629634417,658,This place is turning into a zoo!
2275,3158,11,32,144,187,1.2887700534759359,0.041673911317382836,658,Is this what all gamers smell like?
4832,3160,10,38,153,201,1.2885572139303483,0.03903808626081026,658,Where’s the ‘fetch’ engine?
2398,3161,9,27,120,156,1.2884615384615385,0.04548208400724727,658,They’re all on Snapcat
1075,3162,8,31,124,163,1.2883435582822085,0.04327353850880402,658,So it started with me wondering what my dog does while I'm at work... next thing I know I'm working in accounts.
3733,3162,11,25,127,163,1.2883435582822085,0.04582379535994084,658,Duh!  This the language lab.  They're studying English as a second language.
172,3164,7,35,128,170,1.2882352941176471,0.04124602548677637,658,Have you read the book Animal Farm?
2482,3164,12,25,133,170,1.2882352941176471,0.0452692261898433,658,"Ruff week, hey?"
4592,3164,10,29,131,170,1.2882352941176471,0.04370441111922959,658,They warned me that computer programming is a dog-eat-dog career choice.
359,3167,6,39,132,177,1.2881355932203389,0.03937798208832988,658,"I love cat videos too, but this is ridiculous."
2283,3167,9,33,135,177,1.2881355932203389,0.041751999706746465,658,First it was bulls and bears - now it's the whole damn zoo.
2647,3167,12,27,138,177,1.2881355932203389,0.04399810775107817,658,Seriously? RuffPost?
3307,3167,10,31,136,177,1.2881355932203389,0.042513889670317544,658,He promised he'd been spayed.
4947,3171,13,27,144,184,1.2880434782608696,0.043506094084674755,658,He keeps complaining to HR about his insurance not covering 'Dentastix'.
4801,3172,7,41,143,191,1.287958115183246,0.03827440180719458,658,Would it be appropriate to wear my Catwoman- costume for the Halloween party?
3411,3173,12,33,153,198,1.2878787878787878,0.04069302641589858,658,They are years ahead of you.
967,3174,10,24,119,153,1.2875816993464053,0.04698805977920887,658,This place has obviously gone to the dogs.
2593,3174,11,22,120,153,1.2875816993464053,0.04789443677317868,658,The New Yorker will let any caption through...no matter how stupid.
2123,3176,6,34,120,160,1.2875,0.04195263501742959,658,"Whenever I fetch data from the server, the boss hounds me to do it again."
5663,3176,8,30,122,160,1.2875,0.043786485235837044,658,Lunch in the cafeteria will never be the same.
1976,3178,8,32,127,167,1.2874251497005988,0.04255544337173069,658,I didn't realize I was so over-qualified for this position.
4328,3178,8,32,127,167,1.2874251497005988,0.04255544337173069,658,It doesn't matter--we don't have webcams and they work like dogs for us.
4723,3178,14,20,133,167,1.2874251497005988,0.04736913511898757,658,"We should warn somebody. 
These guys are trying to hack the SPCA elections."
5089,3181,6,38,130,174,1.2873563218390804,0.03977888185332051,658,You got any bones with you?
4095,3181,11,28,135,174,1.2873563218390804,0.043755722846009815,658,I can't even teach MY dog to poop outside.
3770,3181,10,30,134,174,1.2873563218390804,0.04298979546033624,658,I think the German Shepherd is the cheater in our poker game.
166,3184,8,36,137,181,1.287292817679558,0.04035629130662604,658,"They said it was the rat race. 
Nobody said anything about dog eat dog."
1088,3184,4,44,133,181,1.287292817679558,0.03718979471851284,658,I say kibble instead of bagels is the last straw
1091,3184,10,32,139,181,1.287292817679558,0.041849790398941406,658,"I'm all for diversity, but it seems like the administration may be taking things a bit too far."
3519,3184,7,38,136,181,1.287292817679558,0.03958841868299651,658,I think we are the last of the breed!
3578,3184,8,36,137,181,1.287292817679558,0.04035629130662604,658,I think I just got peed on!!!
4680,3184,11,30,140,181,1.287292817679558,0.04257689879078045,658,"When they told you it was a ‘dog-friendly’ workplace, you probably thought people would be doing most of the the work"
5514,3184,10,32,139,181,1.287292817679558,0.041849790398941406,658,It's becoming clear to me that it's not the robots who are taking over
1746,3191,9,36,143,188,1.2872340425531914,0.04008515856165976,658,"Don't worry, they don't byte."
3586,3191,12,30,146,188,1.2872340425531914,0.04216026348611132,658,It's that canine virus.
5131,3193,9,23,111,143,1.2867132867132867,0.04823525855297528,658,"I dare you to shout ""WALKIES!"
2766,3194,10,23,117,150,1.2866666666666666,0.0476157876800411,658,If only they would treat us like dogs.
3026,3195,5,35,117,157,1.286624203821656,0.041460905057809604,658,"No, it's K nine one one. What did you expect?"
727,3196,10,27,127,164,1.2865853658536586,0.04474915864064111,658,"I’d love to take a quick break outside But, guessing everyone’s going to want to join us."
257,3197,14,21,136,171,1.286549707602339,0.046537882275299175,658,This place is going to the dogs.
1063,3197,6,37,128,171,1.286549707602339,0.040191776395605845,658,"I used to just be worried about AI,
but this EIEIO development has me really stressed out"
1359,3197,11,27,133,171,1.286549707602339,0.04426484087689004,658,I feel like all they do is bark at the callers.
1676,3197,8,33,130,171,1.286549707602339,0.04186857758562124,658,What do you mean 'go outside?'
4093,3197,8,33,130,171,1.286549707602339,0.04186857758562124,658,I just found out they get ten-and-a-half time for working late... .
5058,3197,11,27,133,171,1.286549707602339,0.04426484087689004,658,They're searching for smutt.
470,3203,12,27,139,178,1.2865168539325842,0.04378016519516468,658,I really didn't think the whole 'bring your dog TO work' policy would pan out like this.
5194,3203,9,33,136,178,1.2865168539325842,0.04154832064367309,658,"Funny, John. You never cared about racial justice issues before."
5470,3203,9,33,136,178,1.2865168539325842,0.04154832064367309,658,Who trained them to give up fetching for phishing?
55,3206,9,35,141,185,1.2864864864864864,0.040493509735217474,658,"I don't get it, he's just smashing the keyboard."
28,3207,9,37,146,192,1.2864583333333333,0.03950942339693446,658,Are you sure that was the dog?
4596,3207,10,35,147,192,1.2864583333333333,0.040193681829029305,658,"How can we compete?'They're paid with dog biscuits."""
3163,3209,15,27,157,199,1.2864321608040201,0.04235149615769028,658,"I told him I identify as a man and he says, ""OK, Bitch""."
4630,3210,9,32,134,175,1.2857142857142858,0.04200018989490487,658,Don't you think they are taking workplace diversity a bit too far!
4351,3210,5,38,125,168,1.2857142857142858,0.03973003525870457,658,"If you think this’s surprising, you should see them in a trench-coat."
3818,3210,7,38,137,182,1.2857142857142858,0.03940193152122081,658,"We're testing the infinite number of chimps theory, but chimps are too expensive."
3372,3210,12,28,142,182,1.2857142857142858,0.04308220104728187,658,"I know we prioritize diversity, but this is a bit much."
3343,3210,6,36,126,168,1.2857142857142858,0.040617258660421936,658,I can see his butt.
2884,3210,9,34,139,182,1.2857142857142858,0.040913784271234925,658,"Yeah, but I KNOW that they are dogs!"
1803,3210,8,26,113,147,1.2857142857142858,0.046296037440127856,658,"Have you noticed that the Internet has become a ""dog eat dog"" world?"
1759,3210,10,28,130,168,1.2857142857142858,0.043987563001449265,658,It's not a bad place to work. Just stay out of the dog whistle politics.
1241,3210,10,32,140,182,1.2857142857142858,0.04164913578080869,658,How can I get anything done in this dog eat dog atmosphere?
1096,3210,13,28,148,189,1.2857142857142858,0.042629512940055694,658,Careful - they do byte.
1027,3210,7,34,127,168,1.2857142857142858,0.0414855119351001,658,"It's been a hard day's night, and they've been working like dogs!"
449,3210,6,38,131,175,1.2857142857142858,0.039584992310630805,658,I was also wondering how are they getting paid.
393,3210,5,40,130,175,1.2857142857142858,0.03874648592118917,658,Don't you remember? It's 'Put Your Pet to Work Day'.
66,3210,8,32,128,168,1.2857142857142858,0.04233596225370394,658,They get hired because they are a 'good boy.'
30,3210,7,34,127,168,1.2857142857142858,0.0414855119351001,658,This must be how baby boomers felt when open office spaces became the norm.
1382,3210,9,34,139,182,1.2857142857142858,0.040913784271234925,658,These young pups fresh out of school are so much better at fetching data.
721,3226,5,45,143,193,1.2849740932642486,0.036484680784589996,658,"You can't say that the clientle
here isn't diverse!"
895,3227,9,35,142,186,1.2849462365591398,0.04030465551395981,658,I'd be more impressed if you'd pick up their poop.
4870,3227,7,39,140,186,1.2849462365591398,0.03883580794271403,658,"And in the break room, he pawed at my boob."
3057,3229,11,29,139,179,1.2849162011173185,0.0428378171811915,658,Just bark.  They don't know your human on the internet.
1562,3230,11,27,134,172,1.2848837209302326,0.04403825843496294,658,"I'm just saying, I didn't know we'd be expected to work like dogs!"
2340,3230,10,29,133,172,1.2848837209302326,0.04325931980487248,658,When Sally said our company has gone to the dogs I thought she was speaking metaphorically.
723,3232,10,27,128,165,1.284848484848485,0.044511025404519275,658,This proves what we’ve thought for awhile. On the internet know one knows your a dog.
5143,3232,6,35,124,165,1.284848484848485,0.041055962569792416,658,"Why do we have animals in our office?""
""Well, they're smarter than all the human applicants we had."
2812,3234,6,33,119,158,1.2848101265822784,0.0422038339692154,658,I know telemedicine is the future. But for therapy dogs?
1298,3235,11,21,119,151,1.2847682119205297,0.04826113975988858,658,"Wait, I thought we were here to play poker..."
2601,3236,3,35,106,144,1.2847222222222223,0.04141907140383693,658,Apparently chew toys are on sale online.
1307,3237,6,44,147,197,1.284263959390863,0.03672648952023379,658,I forgot the Giant Schnauzer was in the Working group.
3365,3238,7,40,143,190,1.2842105263157895,0.03829149639483411,658,If one more customer growls at me I'm quitting.
3290,3239,6,40,137,183,1.284153005464481,0.03844389700216557,658,"Well, now we know why the lunch room menu suddenly includes kibbles."
5020,3239,11,30,142,183,1.284153005464481,0.042168464740830455,658,Fido won't appreciate you sitting in his chair.
878,3241,14,22,140,176,1.2840909090909092,0.04551132816931998,658,I told you Facebook was going to the dogs.
3333,3241,10,30,136,176,1.2840909090909092,0.04256219839241481,658,What if cryptokibble is just a bubble?
4267,3241,7,36,133,176,1.2840909090909092,0.04020865002944122,658,Management did say they wanted more dogged analysts.
949,3244,7,34,128,169,1.2840236686390532,0.0412739440592235,658,Ever since they installed free wifi this place has gone to the dogs...
5061,3244,6,36,127,169,1.2840236686390532,0.04041158348876254,658,It takes me seven dog's years to earn their annual salary and I was fighting for gender equality?
5240,3244,11,26,132,169,1.2840236686390532,0.04455679488857624,658,"Why do I feel like a 
Hot Dog
For
Lunch?"
3226,3247,8,30,124,162,1.2839506172839505,0.04331655087457262,658,You're dreaming Adam. You're still unemployed.
2219,3247,5,36,121,162,1.2839506172839505,0.04057437456529503,658,Do you realize they are charging us by the dog hour?
2681,3247,8,30,124,162,1.2839506172839505,0.04331655087457262,658,I told you not to give a puppy an iPad.
3126,3250,10,22,116,148,1.2837837837837838,0.0479785725260198,658,"Ugh, Debbie brought her kid to work again?"
1691,3251,8,37,142,187,1.2834224598930482,0.03939431666117855,658,This place is a zoo today.
4682,3251,10,33,144,187,1.2834224598930482,0.0408278605579135,658,At least we didn't have to walk the other A.I.
654,3253,7,37,136,180,1.2833333333333334,0.03960935878726359,658,"'Nobody on the Internet knows, but I know!"""
4748,3253,7,37,136,180,1.2833333333333334,0.03960935878726359,658,"It AI! You know, Animal Intelligence."
3737,3255,10,29,134,173,1.283236994219653,0.043040052718724076,658,All day with the on-line poker...
2757,3255,9,31,133,173,1.283236994219653,0.04225201537092472,658,They can't possibly meet quotas without opposable thumbs!
3282,3255,10,29,134,173,1.283236994219653,0.043040052718724076,658,"Carryl, all they do is sit inside and play video games. Your turn to get them out for a walk. And, don't forget the ball."
1518,3255,5,39,129,173,1.283236994219653,0.03894071728155637,658,I told you these college guys are animals.
1554,3255,9,31,133,173,1.283236994219653,0.04225201537092472,658,Online support has gone to the dogs.
2125,3260,13,38,175,226,1.2831858407079646,0.03759644593830045,658,I miss the days when dogs socialized by sniffing rears.
397,3261,11,25,130,166,1.283132530120482,0.04509240485599401,658,"For the third time, don't bark at me, I am not a dog."
796,3262,7,31,121,159,1.2830188679245282,0.042913624078767434,658,I think now they've gone too far with the animals are people too thing.
1081,3262,7,31,121,159,1.2830188679245282,0.042913624078767434,658,The training class just got out of hand once they found that they could order treats themselves by pushing the right buttons!
4528,3262,7,31,121,159,1.2830188679245282,0.042913624078767434,658,I agree they're incompetent--but who knew they could even do it?
3887,3265,6,44,148,198,1.2828282828282829,0.03656872438825983,658,It’s “bring your human to work day” right?
3614,3266,9,36,146,191,1.2827225130890052,0.039538877029149405,658,I think we've been hound-sized.
1797,3266,12,30,149,191,1.2827225130890052,0.041577128324383164,658,"He’s been on Tinder for hours, just swiping right on bitches"
4183,3268,11,30,143,184,1.2826086956521738,0.04196708560570256,658,"I hate to say it, but I think this company's going to the dogs."
3289,3268,8,36,140,184,1.2826086956521738,0.0397875191549893,658,I guess it's become a dog-friendly work place.
1659,3268,10,32,142,184,1.2826086956521738,0.041253360384261924,658,"I used to love working here, but this place is turning into a zoo."
2887,3268,10,32,142,184,1.2826086956521738,0.041253360384261924,658,I'm so embarrassed.  I forgot my headphones and I am the only one set to audible frequency.
3381,3272,9,32,136,177,1.2824858757062148,0.04158661012839684,658,Can you imagine their passwords? Arf arf?
16,3272,12,26,139,177,1.2824858757062148,0.043841192366706985,658,"That's why the company slogan is ""Sit, Down and Rollover""."
415,3272,9,32,136,177,1.2824858757062148,0.04158661012839684,658,"When management said they'd be dealing with ""high frequency"" complaints, I thought they meant the repetitive ones."
1997,3272,7,36,134,177,1.2824858757062148,0.04001304126401449,658,"I know it's a cliche, but this place is going to the dogs."
3224,3272,9,32,136,177,1.2824858757062148,0.04158661012839684,658,I think this is carrying diversity a little too far.
4869,3272,12,26,139,177,1.2824858757062148,0.043841192366706985,658,"Jeff, I don’t want to have to tell you again. Stop barking up the wrong tree."
4766,3278,8,32,130,170,1.2823529411764707,0.04190348200105059,658,Stop calling me pet!
3471,3278,12,24,134,170,1.2823529411764707,0.045103839979645656,658,You really need to start owning up to your farts!
4806,3278,9,30,131,170,1.2823529411764707,0.0427260511642095,658,Well the office doesn’t FEEL very dog-friendly
2111,3278,13,22,135,170,1.2823529411764707,0.04586905302253099,658,Bringing your dog to actually work day?
2392,3278,6,36,128,170,1.2823529411764707,0.04020789120637658,658,"What did you expect at ""Dr. Doolittle's Help Line""?"
490,3278,10,28,132,170,1.2823529411764707,0.04353308043730567,658,They just called another all-paws meeting.
1666,3284,7,32,124,163,1.2822085889570551,0.04219710304169643,658,"Being your first day,you might not want  bring out the 'doggie' bag."
3107,3284,7,32,124,163,1.2822085889570551,0.04219710304169643,658,This is not what I signed on for when I joined the Pet Help Hotline .
3726,3286,8,28,120,156,1.2820512820512822,0.04436377910170186,658,I am fed up with affirmative action!
193,3287,8,37,143,188,1.2819148936170213,0.03921320233263202,658,"Is it me, or is telemarketing going to the dogs?"
2722,3287,9,35,144,188,1.2819148936170213,0.03993199883069859,658,"At least these dogs know what they're making; at Theranos, I didn't know what was what."
2774,3287,8,37,143,188,1.2819148936170213,0.03921320233263202,658,What's with all their potty breaks and play time?
106,3290,4,34,111,149,1.2818791946308725,0.04159932670915224,658,They're just trying them out management is keeping them on a short leash
1100,3290,5,32,112,149,1.2818791946308725,0.042675504733066624,658,"Didn't you  ever read  ""Animal Farm""?"
1807,3292,8,35,138,181,1.281767955801105,0.040192078057195144,658,I'm tired of losing out on promotions to shih tzus and being rewarded with milkbones.
5541,3292,9,33,139,181,1.281767955801105,0.04094863236740271,658,I think they're creating random passwords.
4314,3294,8,44,161,213,1.2816901408450705,0.03617685700125838,658,I went to college for this!
1209,3295,9,31,134,174,1.2816091954022988,0.04204001206731359,658,I told you this was a dog-eat-dog company but I had no idea it would get this bad.
5546,3295,9,31,134,174,1.2816091954022988,0.04204001206731359,658,Have you noticed that this place is going to the dogs?
72,3297,8,38,146,192,1.28125,0.03866094873696949,658,I think the ad said Ca-Nine to Five
508,3297,10,34,148,192,1.28125,0.040046772664880256,658,This bring your pet to work day is a little much!
1348,3297,7,31,122,160,1.28125,0.042681240447807064,658,"I mean, how was I supposed to know that this is what they meant when they  asked me if I liked working with dogs?"
3969,3297,7,31,122,160,1.28125,0.042681240447807064,658,"Now, they are demanding unisex bathrooms!"
4027,3297,9,27,124,160,1.28125,0.04448506480343754,658,I agree — the Internet has gone to the dogs
3526,3302,8,36,141,185,1.281081081081081,0.03960134175275876,658,Let's leave. This place has gone to the dogs.
1286,3303,6,38,134,178,1.2808988764044944,0.03901400791286675,658,"Do you think, like, OMG, like, we're becoming, like, too, like, totally inclusive? And I don't, like, speak 'Canine'."
4900,3303,8,34,136,178,1.2808988764044944,0.04060853060088304,658,"Bring you pet to work'""day was a bad idea"
4011,3303,8,34,136,178,1.2808988764044944,0.04060853060088304,658,"We're being dog-sized, not downsized."
239,3303,10,30,138,178,1.2808988764044944,0.042142765710148626,658,Removing the mouse pads was the key!
1693,3303,9,32,137,178,1.2808988764044944,0.041382758845099565,658,"I don’t know Daphne, Shaggy & Scooby hired them?"
1214,3308,13,22,136,171,1.280701754385965,0.045629909121639105,658,They’ said they’re taking us for walk on the beach later. Whatd’ya bet we run across that half-buried Statue of Liberty?
918,3309,10,35,151,196,1.280612244897959,0.03947799317099744,658,My bonus was in kibble!
3793,3309,10,35,151,196,1.280612244897959,0.03947799317099744,658,"Is it just me, or do the new interns act like animals?"
744,3311,5,43,141,189,1.2804232804232805,0.03680715393070502,658,"Yes, I gave him my headphones.  So what?  He can just hear things that you and I can't."
1948,3311,14,25,150,189,1.2804232804232805,0.04314339107496311,658,"Look..,I have nothing to do with Whitehouse restructuring!"
4388,3311,8,37,144,189,1.2804232804232805,0.03903368354982841,658,Yes. You’re still in the dog house until I say otherwise.
2088,3314,8,28,121,157,1.2802547770700636,0.04411689491370177,658,How the heck did these guys get security clearance?
5448,3314,7,30,120,157,1.2802547770700636,0.043181490241751705,658,"Trust me, this guy needs a distemper shot."
1170,3316,8,35,139,182,1.2802197802197801,0.04000060378725558,658,"Ok, Millenials isn't just a people thing. So now what?"
2288,3316,9,33,140,182,1.2802197802197801,0.04075243638409971,658,What was in that smoothie?
4924,3316,9,33,140,182,1.2802197802197801,0.04075243638409971,658,"What the hell does “woof, woof” mean ?"
4994,3316,11,29,142,182,1.2802197802197801,0.04221595204457991,658,I thought they trained these guys.
4158,3320,8,33,134,175,1.28,0.04103744935530826,658,I though this was the rat race!
5424,3320,9,31,135,175,1.28,0.041830057310279646,658,I think they're going to be taking over all the tracking devices.
5110,3322,7,33,128,168,1.2797619047619047,0.04129842573874188,658,"Corporate finance, it really is a dog eat dog world"
4831,3322,7,33,128,168,1.2797619047619047,0.04129842573874188,658,Wouldn’t you think you or I would be top dog on this shift?
5182,3322,5,37,126,168,1.2797619047619047,0.03953464265222279,658,Pass it along. At three there's going to be a walkout.
5460,3322,11,25,132,168,1.2797619047619047,0.04461730568083673,658,"So,who's the new bitch with the ball?"
3676,3322,8,31,129,168,1.2797619047619047,0.04215265078174906,658,Sorry; I could only hire Woffers. Tweeters took another job.
2238,3322,7,33,128,168,1.2797619047619047,0.04129842573874188,658,Dog breath!
31,3322,10,27,131,168,1.2797619047619047,0.043811162582012286,658,"You'll see Tom: next, they will cut our wage to the bone."
4512,3322,8,31,129,168,1.2797619047619047,0.04215265078174906,658,I told you the office was going to the dogs!
899,3322,3,41,124,168,1.2797619047619047,0.03768840631785231,658,"He may speak perfect English, but he’ll never be made supervisor."
2372,3331,10,32,144,186,1.2795698924731183,0.0408648034255157,658,So much has changed in 25 years now dogs use the Internet openly.
5420,3331,9,34,143,186,1.2795698924731183,0.040147347611495326,658,he just called me an animal
1705,3333,7,31,123,161,1.279503105590062,0.04245126921650158,658,"Just because they're dogs, they think they can get away with playing Fortnite on company time."
5103,3333,11,23,127,161,1.279503105590062,0.04596378209311191,658,"The work is good, but the pay is liver tablets."
2055,3335,8,22,106,136,1.2794117647058822,0.048609394707985344,658,What the hell am I doing here?
3138,3336,10,30,139,179,1.2793296089385475,0.04193604159601526,658,"Why are we the only ones wearing our human costumes, Dave?"
2480,3336,8,34,137,179,1.2793296089385475,0.04041151058135504,658,"In this state, they can't even apply for a permit until they're 112"
1158,3336,9,32,138,179,1.2793296089385475,0.04118083153731656,658,"I know the company has a dog friendly policy now, but don’t you think this is a bit much?"
512,3336,12,26,141,179,1.2793296089385475,0.043407061430353396,658,I didn't realize how insensitive I was being when I said 'we need to debug everything'.
1908,3340,7,29,118,154,1.2792207792207793,0.04369873291870973,658,I wasn't trying to be offensive. I just said I was having a 'rough' day.
5326,3340,7,29,118,154,1.2792207792207793,0.04369873291870973,658,I don’t know what they’re watching. I don’t get Petflicks.
876,3342,7,34,131,172,1.2790697674418605,0.04065150574302912,658,When I started here I couldn't tell the difference...
4332,3342,5,38,129,172,1.2790697674418605,0.03894285566271207,658,The workplace has become more friendly since the company went to the dogs.
336,3344,8,37,145,190,1.2789473684210526,0.038855740547317906,658,"In here, everybody knows who's a dog."
133,3345,8,30,127,165,1.2787878787878788,0.04262963689095248,658,I think Animal Rights Activists have gone a little too far.
3142,3345,7,32,126,165,1.2787878787878788,0.04175375565679171,658,They are too preoccupied with finding the ball. Could you pick  it up off the floor and throw it?
4130,3345,9,28,128,165,1.2787878787878788,0.0434878807423614,658,"I have to go see Diane in HR at 2 p.m. Apparently it's ""culturally insensitive"" to make a remark about Spot being in a hurry."
3542,3348,7,37,139,183,1.278688524590164,0.039049416641838655,658,They’re so much better at it than I am.
3145,3348,5,41,137,183,1.278688524590164,0.037480107514702876,658,"""Looks like a stick-fetching video game to me"
929,3350,13,35,171,219,1.278538812785388,0.03829367469654383,658,"This department has
gone to the dogs."
1274,3350,9,43,167,219,1.278538812785388,0.036039397617600465,658,"On the dating sites, everyone assumes you're a dog."
3840,3352,6,37,133,176,1.2784090909090908,0.039212191048199195,658,"If this internship lands me a job, I'll finally have guaranteed pet insurance."
3919,3352,8,33,135,176,1.2784090909090908,0.04083461836078063,658,These new coders are animals.
4307,3352,10,29,137,176,1.2784090909090908,0.042395001905186094,658,"It's amazing how much faster they work when someone yells ""mush""."
5086,3355,5,37,127,169,1.2781065088757397,0.039334862477577115,658,"Well, we might get paid in dog biscuits but at least we get walks."
3569,3355,9,29,131,169,1.2781065088757397,0.04276682030112418,658,"When Sheila said this place had gone to the dogs, I didn’t think she meant literally"
3530,3355,12,23,134,169,1.2781065088757397,0.04516999062511198,658,Who's the bitch that let in all these dogs?
4424,3355,6,35,128,169,1.2781065088757397,0.04022031556644713,658,What's next? My cat stealing my identity?
2965,3355,6,35,128,169,1.2781065088757397,0.04022031556644713,658,When is our walkies?
2457,3355,11,25,133,169,1.2781065088757397,0.04438339413494667,658,Who knew ROBO Calling would be this easy!
3374,3355,6,35,128,169,1.2781065088757397,0.04022031556644713,658,"Did you see the staff room? Dog bones, again. What I wouldn't give for a danish."
1474,3362,7,38,142,187,1.2780748663101604,0.038494207440034706,658,No cats in the office! I can’t believe it.
3308,3363,7,43,155,205,1.278048780487805,0.03631495796472573,658,"Can you believe this affirmative action? I swear, half of the people here aren't qualified."
358,3364,8,39,151,198,1.2777777777777777,0.03779623196906513,658,I wish they wouldn't bark at the customers.
2254,3364,11,28,141,180,1.2777777777777777,0.04246849020371998,658,"This one is searched for ""cute human videos"""
2736,3364,9,27,126,162,1.2777777777777777,0.04400228643563344,658,Is it Pet Neutrality or Net Neutrality??
4866,3364,7,31,124,162,1.2777777777777777,0.0422236751048565,658,I'm all opposable thumbs on this contraption.
4426,3368,7,39,145,191,1.2774869109947644,0.03796025307307907,658,"Now that everyone knows they're on the Internet, what's their next trick?"
4239,3368,9,35,147,191,1.2774869109947644,0.03938532741207348,658,I hear that they are particularly good at directing driverless cars.
5469,3370,7,34,132,173,1.277456647398844,0.04044802232383075,658,"A monkey could do your job Jeff, what are you barking a me for?!"
2290,3371,9,25,121,155,1.2774193548387096,0.045340478793870896,658,I've heard of equality in the work place but this is ridiculous.
1801,3371,6,31,118,155,1.2774193548387096,0.042478200003923584,658,You always said that they work us like dogs.
39,3373,7,37,140,184,1.2771739130434783,0.038866135082459626,658,They’re bitches but I’m the boss.
330,3373,10,31,143,184,1.2771739130434783,0.04109459879322008,658,I'm tired of all the DMs about sniffing my butt.
1548,3373,11,29,144,184,1.2771739130434783,0.041811034204122494,658,I thought they were kidding when they said that this place was a zoo.
1649,3373,8,35,141,184,1.2771739130434783,0.03962288464373303,658,This outsourcing has gotten out of hand.
2346,3373,10,31,143,184,1.2771739130434783,0.04109459879322008,658,"I don't trust this guy, his tail keeps brushing my shoulders!"
5066,3373,8,35,141,184,1.2771739130434783,0.03962288464373303,658,When you said this job has gone to the dogs. You really meant it.
4501,3379,10,34,151,195,1.2769230769230768,0.03950732601739215,658,This cartoon is really bad and I feel like I should be featured in something more amusing
5242,3380,10,29,138,177,1.2768361581920904,0.04218413707081378,658,They sent in the dogs but where are the ponies?
5040,3380,8,33,136,177,1.2768361581920904,0.04063371444544116,658,"Jeez, we get a few Herman Miller Aeron chairs in and the place goes to the dogs!"
4439,3380,9,31,137,177,1.2768361581920904,0.04141618143940155,658,Can you turn down your music? I think the guy next to me is going to howl.
4241,3380,7,35,135,177,1.2768361581920904,0.03983588098995524,658,The dress code policy has gotten really casual since the merger.
4525,3384,5,42,141,188,1.2765957446808511,0.03680284429160148,658,"What does ruff, ruff, ruff mean?"
3651,3385,7,33,130,170,1.276470588235294,0.04087703766902927,658,"Never work with animals” , they said at Acting School."
4277,3385,9,29,132,170,1.276470588235294,0.04254596922322716,658,"What the heck? I've got the doggies this weekend, and you've got the kids."
2362,3387,12,26,143,181,1.276243093922652,0.04298123182568344,658,I think Jerry just sent me a dick pic.
1682,3388,12,21,130,163,1.2760736196319018,0.04628789671810486,658,Things have really gone to hell around here after they replaced Mr. Katz.
2177,3388,8,29,126,163,1.2760736196319018,0.04289065089772153,658,They told me I'd be programming C.A.T. I've never worked with D.O.G.
148,3390,7,39,146,192,1.2760416666666667,0.0377896722363948,658,Remind me again. Is squirrel DEFCON 2 or 1?
3794,3391,9,30,135,174,1.2758620689655173,0.04186480192332103,658,"Something's changed.  They're on the internet, but everyone seems to know they're dogs."
4812,3391,8,32,134,174,1.2758620689655173,0.041063619811502555,658,They figured out dogs are the best scammers
1515,3391,9,30,135,174,1.2758620689655173,0.04186480192332103,658,Let's hope it's still a dog eat dog world.
1153,3394,8,35,142,185,1.2756756756756757,0.03943659495639818,658,I’m a strong believer in diversity hiring but maybe it’s gotten away from us.
1640,3394,8,35,142,185,1.2756756756756757,0.03943659495639818,658,I brought my dogs TO work.
2250,3394,10,31,144,185,1.2756756756756757,0.04089931337951772,658,You’re paid more than the rest of us so stop staring and get back to work!
1254,3397,10,23,123,156,1.2756410256410255,0.04599215773471549,658,"First of all, this is not doggy style. Secondly, I don’t consent to it."
1644,3398,11,32,153,196,1.2755102040816326,0.03999033405569037,658,"I've had enough of endlessly answering calls from pet lovers, who don't understand why Trump is the first U.S. President in 120 years to not have a dog in the White House."
3675,3399,11,27,140,178,1.2752808988764044,0.04272476829703023,658,"Do you say ""Arf-Arf'"" or ""Bow-Wow""  when answering?"
4464,3399,9,31,138,178,1.2752808988764044,0.041212205496640134,658,I’m done working for 15 bones an hour!
10,3401,9,23,117,149,1.2751677852348993,0.04651764009573785,658,On the internet nobody knows dogs are playing poker
3633,3401,7,27,115,149,1.2751677852348993,0.044525289408853794,658,How many “good boys” can he possibly talk to in one day?
3643,3403,5,42,142,189,1.2751322751322751,0.03663684339211893,658,"Next semester, I’m getting an emotional support animal too."
2354,3403,9,34,146,189,1.2751322751322751,0.03959049702969164,658,Can you pass me the ball please?
216,3405,11,33,156,200,1.275,0.03942902790085029,658,Someone shat in the break room
5387,3405,8,28,124,160,1.275,0.04339195357690323,658,I'm starting to think the K9 Unit wasn't the best idea to summarize the Mueller Report.
390,3407,7,33,131,171,1.2748538011695907,0.04066943744685766,658,"Hey, Max dropped his ball, again."
937,3407,8,31,132,171,1.2748538011695907,0.04150665719915627,658,I thought on the Internet no one's supposed to know you're a dog!
2365,3407,9,29,133,171,1.2748538011695907,0.04232732027252226,658,I am working like a dog here”
5093,3407,8,31,132,171,1.2748538011695907,0.04150665719915627,658,They're barking up the wrong phone tree.
427,3411,10,30,142,182,1.2747252747252746,0.04132751601954009,658,They took diversity in the work place too far.
4431,3411,11,28,143,182,1.2747252747252746,0.042055633965503735,658,I don't know...didn't you bring the bags?
4987,3411,5,40,137,182,1.2747252747252746,0.03747532175805701,658,"Well, they pay them in dog money—which is left overs from last night's dinner."
678,3414,5,43,145,193,1.2746113989637307,0.03615745730665851,658,"I don't believe it, they are getting more responses than us!"
1385,3415,8,29,127,164,1.274390243902439,0.04266154527409851,658,You're the one who said we wouldn't look out of place here!
936,3415,10,25,129,164,1.274390243902439,0.044380635905183125,658,"Let's get out of this kennel, they're planning on neutering us."
2011,3417,7,34,134,175,1.2742857142857142,0.04004688783698557,658,"Well I don't think any of it's fair - this new BOWWOW operating system, having to learn Canine, the constant panting and sniffing - and my deskmate has FLEAS!"
4326,3417,9,30,136,175,1.2742857142857142,0.0416547250070347,658,How will anyone know we're not dogs.
1905,3419,5,41,140,186,1.2741935483870968,0.0369641818792342,658,"Well, they said on the internet nobody can tell you're a dog!"
3407,3420,6,42,149,197,1.2741116751269035,0.03641373439235327,658,Woof means no!
5628,3420,13,28,156,197,1.2741116751269035,0.04109186821321883,658,Think we can get it switched to Bring Your Goldfish to Work Day?
3843,3422,10,23,124,157,1.2738853503184713,0.045731988203795544,658,"I don’t know... I guess I offended him.  I just said that this stock is a real - well, you know."
4086,3422,7,29,121,157,1.2738853503184713,0.042970184931970835,658,Since when does woof have an umlaut?
4727,3422,6,31,120,157,1.2738853503184713,0.042009254644181274,658,Why is everyone boning up on their coding?
5572,3425,10,26,132,168,1.2738095238095237,0.043629186485005446,658,Yea...it is a dog eat dog company...so what?
4220,3425,9,28,131,168,1.2738095238095237,0.04280443801656167,658,I don't think Human Resources will help this time.
1912,3425,5,36,127,168,1.2738095238095237,0.039332885937785216,658,We have to be very careful how we speak to them about the pooper-scooper rules.
717,3425,10,26,132,168,1.2738095238095237,0.043629186485005446,658,Did *you* know who owned Cables-N-Bits?
140,3425,11,24,133,168,1.2738095238095237,0.04443863086069478,658,I guess none of them are old.
3554,3430,9,31,139,179,1.2737430167597765,0.04101016842616222,658,Lets go play outside
5299,3430,9,31,139,179,1.2737430167597765,0.04101016842616222,658,This isn’t what I thought they meant by “bring your pet to work day.”
4437,3432,10,32,148,190,1.2736842105263158,0.040108603975397075,658,I just feel like working like a human is not good enough.
85,3433,5,34,122,161,1.2732919254658386,0.04036669807706975,658,I thought this was supposed to be a vegan workspace?
1788,3433,8,28,125,161,1.2732919254658386,0.043155411807833464,658,I thought this was a cat cafe!
2256,3435,8,31,133,172,1.2732558139534884,0.041295563523383386,658,"Seriously, the corporate culture here has really gone to the dogs."
4648,3436,9,32,142,183,1.273224043715847,0.04039185271653487,658,There’s something wrong with my audio feed... all I’m hearing is a high-pitched whine.
4067,3436,10,30,143,183,1.273224043715847,0.041128469534512886,658,Since when did 'I accidentally pooped on the carpet' become a 911 emergency?
636,3436,13,24,146,183,1.273224043715847,0.04326313358256291,658,I am fine with whole thing but the smell of wet fur on rainy days
1415,3436,11,28,144,183,1.273224043715847,0.04185212356175567,658,What kind of animal are you?
3065,3436,12,26,145,183,1.273224043715847,0.04256347597419145,658,Why does the teacher keep calling me a bitch
1696,3441,9,35,150,194,1.2731958762886597,0.03885294412875793,658,The office parties are a howl.
3927,3441,14,25,155,194,1.2731958762886597,0.0421501010376694,658,Do you remember when New Yorker cartoons made at sense?
5432,3443,10,31,146,187,1.2727272727272727,0.04051410076417775,658,"They  asked if they can bring their humans to work. And I like humans, sure, but you never know when one will bite."
4200,3443,6,33,126,165,1.2727272727272727,0.04065578140908709,658,"There was a sign on the door that clearly said, 'No food or drink in the computer room.'  Do you think we should tell someone?"
3903,3443,7,37,143,187,1.2727272727272727,0.038326092181790714,658,"Jesus Christ, Steve, they work everyone like dogs here!"
2980,3443,8,29,128,165,1.2727272727272727,0.042434799657807436,658,"There are few IT people these days, and so the whole place has really gone to the dogs."
2944,3443,8,35,144,187,1.2727272727272727,0.03906904590842639,658,Unleash the app!
2141,3443,10,28,138,176,1.2727272727272727,0.04222277456365938,658,"I need to go to the bathroom, but they keep barking “stay!”"
2128,3443,11,26,139,176,1.2727272727272727,0.042984854969962,658,"Next thing you know, pigs will be flying."
556,3443,3,36,115,154,1.2727272727272727,0.03938316438016546,658,"Has Katie been hounding you about your timesheets, too?"
2873,3443,4,37,124,165,1.2727272727272727,0.03879526906684229,658,Which one do you think is the hacker?
3143,3452,11,30,150,191,1.2722513089005236,0.0406081259547483,658,This equal opportunity stuff sucks!
864,3452,8,36,147,191,1.2722513089005236,0.03851863303104974,658,Maybe this has something to with that guy saying given enough time a monkey could compose a symphony.
1350,3452,12,28,151,191,1.2722513089005236,0.041281127583300235,658,I just ate the last milk bone.
1917,3452,12,28,151,191,1.2722513089005236,0.041281127583300235,658,And it’s not like they can program.
3240,3452,9,34,148,191,1.2722513089005236,0.03922749917561257,658,Does it smell like wet dog in here to you?
5658,3457,13,23,144,180,1.2722222222222221,0.0437464589721055,658,"Next thing you know, they'll be running for President!"
3517,3457,4,41,135,180,1.2722222222222221,0.03681159402580952,658,"Yeah, I know, and they are paid with Milkbone."
2339,3457,9,31,140,180,1.2722222222222221,0.04081004394600619,658,I was hoping to meet a different breed when I enrolled in this Online Obedience Course
827,3457,7,35,138,180,1.2722222222222221,0.03925956181637003,658,You only get the kibble if you're wearing a dog collar.
2022,3461,6,34,129,169,1.272189349112426,0.040022926800203196,658,I think we'd better contact the agency this temp situation has gotten out of hand.
458,3462,4,35,119,158,1.2721518987341771,0.039801910313432186,658,I know.... Wall to wall grass and fire hydrants.
972,3462,6,31,121,158,1.2721518987341771,0.041778503740146015,658,Successful scamming of pet owners requires sympathetic faces.
5283,3464,8,37,150,195,1.2717948717948717,0.037988990640138234,658,I thought they said we'd be taken over by robots!
987,3465,10,30,144,184,1.2717391304347827,0.04093127837879785,658,"I told you, fetching sticks doesn't cut it with dogs these days."
2303,3465,6,38,140,184,1.2717391304347827,0.03791811473098765,658,Keep barking! We're the last of the IT clan.
37,3467,9,29,135,173,1.2716763005780347,0.04189650392369401,658,I warned you this really is a dog’s job.
5397,3467,9,29,135,173,1.2716763005780347,0.04189650392369401,658,This nepotism is getting out of control.
2225,3469,10,24,128,162,1.271604938271605,0.04467220055575988,658,I guess I didn't understand the boss's plan to hire more diverse employees.
408,3469,8,28,126,162,1.271604938271605,0.042921358672471925,658,"I'm a Snapchat user, so I don't get their MarkYourSpace.com"
1827,3469,9,26,127,162,1.271604938271605,0.04380552780634548,658,"When on the internet people don’t 
Realize they are dogs."
4813,3472,7,27,117,151,1.271523178807947,0.04400860324724808,658,Have you seen what’s become of the office washroom?
5423,3472,6,29,116,151,1.271523178807947,0.04299368487374794,658,They're on contract to vet the proposed cute puppy videos.
2630,3474,11,32,156,199,1.271356783919598,0.03945813812690545,658,"Is it just me, or is this place going to the dogs?"
779,3475,9,33,146,188,1.2712765957446808,0.0396124464044316,658,"I said, these guys are a bunch of ANIMALS!!"
3618,3476,7,34,136,177,1.271186440677966,0.03965335594734772,658,I thought he was kidding when he said it was going to the dogs.
150,3476,10,28,139,177,1.271186440677966,0.04201181552909116,658,"Dude, stop commenting ‘It’s a dog-eat-dog world’ on their sociopolitical thinkpieces."
3230,3476,10,28,139,177,1.271186440677966,0.04201181552909116,658,I didn’t inderstand a thing he said.
5669,3476,6,36,135,177,1.271186440677966,0.038835387245388465,658,"I wouldn't mind, but they are kind of bitchy."
513,3480,12,21,133,166,1.2710843373493976,0.045538923254611334,658,Whatever are WE doing here?
1934,3481,8,26,121,155,1.270967741935484,0.044193349621440434,658,"They say they are fed up with their dogs life, laying around the house all day, being well fed, pampered and bored. On the internet they can be themselves, wild, savage: just the better humans."
3493,3481,7,28,120,155,1.270967741935484,0.043234997053330476,658,Can you beileve this b*tch!?
1487,3483,8,33,140,181,1.270718232044199,0.03984885757029031,658,I had no idea Pet Smart was doing this.
2761,3483,6,37,138,181,1.270718232044199,0.03827736591312437,658,These translation apps are killing us....
875,3485,8,30,132,170,1.2705882352941176,0.04153047567632133,658,So tell me again how they came up with the word catfishing?
3809,3485,9,28,133,170,1.2705882352941176,0.04236028864603965,658,When your on the Internet no one knows your a human
5190,3485,8,30,132,170,1.2705882352941176,0.04153047567632133,658,What does EIEIO mean?
2099,3488,7,29,123,159,1.270440251572327,0.04249740396890623,658,All those pictures of cats didn't tip you off?
2679,3488,6,31,122,159,1.270440251572327,0.0415501846950937,658,"Seymour needs to take a walk, he's getting on my nerves."
2740,3490,8,37,151,196,1.2704081632653061,0.03782010329387067,658,This place is a zoo.
894,3490,9,35,152,196,1.2704081632653061,0.03850569875896609,658,"Perks?   You get to park close to the door
but avoid being next to the hydrant."
2361,3490,11,31,154,196,1.2704081632653061,0.03984151207510369,658,Do you smell something?
998,3493,7,36,142,185,1.2702702702702702,0.0385117096079077,658,When did bring your pet to work day become so literal?
1389,3493,9,32,144,185,1.2702702702702702,0.040008256523932625,658,Do you think the welcome dog policy has gone a bit too far?
3479,3493,8,24,116,148,1.2702702702702702,0.04557511250868925,658,Diversity?
4467,3493,8,34,143,185,1.2702702702702702,0.03926711325657011,658,"Psst . . . dogs are selling. Go long dogs, sell cats!"
2391,3497,10,27,137,174,1.2701149425287357,0.042473751777993965,658,I miss swimming with the sharks.
74,3497,8,31,135,174,1.2701149425287357,0.04087955545242741,658,"I was just asked, What time is Kibble?"
1437,3497,7,33,134,174,1.2701149425287357,0.040058673042586035,658,It's a dog eat dog world!
4781,3500,9,33,147,189,1.2698412698412698,0.03942843329333676,658,My Lab partner is a real dog!
3948,3501,9,30,139,178,1.2696629213483146,0.041036598361783805,658,Do you think my Chihuahua-bark is good enough for this call center?
3824,3501,11,26,141,178,1.2696629213483146,0.04255540329081587,658,You're not a dog; so I'll go on a date with you.
3243,3503,7,24,110,141,1.2695035460992907,0.0459939565037037,658,I can't take this any more... I work with a bunch of animals!
1756,3504,6,33,128,167,1.2694610778443114,0.0402333624070992,658,"I can't help it, they all seem like dogs to me."
1875,3504,7,31,129,167,1.2694610778443114,0.041120169229633574,658,"They warned me there were some real animals working on this project, but I had assumed that meant some obnoxious males."
2506,3504,10,25,132,167,1.2694610778443114,0.043672679310432345,658,"If I have to deal with fleas for a wicked fast connection, so be it."
3601,3504,8,29,130,167,1.2694610778443114,0.04198825055139145,658,Did you read the whole memo?
2998,3508,11,30,152,193,1.2694300518134716,0.040235448734796314,658,How do WE get rabies insurance?
4191,3509,6,30,120,156,1.2692307692307692,0.04201909236197543,658,It’s dog-meet-dog out there.
3565,3509,10,29,143,182,1.2692307692307692,0.04115968579713304,658,Screw A.I. Let's grab that ball and go play fetch!
2715,3509,8,33,141,182,1.2692307692307692,0.039657208665367996,658,I don't know how many more times I can handle the free Alpo lunches!
1825,3509,10,29,143,182,1.2692307692307692,0.04115968579713304,658,"Watch that knee, Buster. This is a different era."
1432,3509,7,35,140,182,1.2692307692307692,0.038884205421140475,658,"Get over your white male privilege,  who else would be better to take service calls."
268,3509,7,28,121,156,1.2692307692307692,0.04299205867207354,658,This is freaking mutts
1893,3509,8,26,122,156,1.2692307692307692,0.04394348751296154,658,"Enough with the Service Animals, Skylar!"
3485,3516,9,35,153,197,1.2690355329949239,0.038334322378620944,658,"Enough of this, ""Bring Your Pets to Work"" Day!"
4124,3517,5,36,130,171,1.2690058479532165,0.03873903897225261,658,What does ARF stand for??
1949,3517,8,30,133,171,1.2690058479532165,0.041317205729658385,658,"I said, “This office has gone to the dogs!”"
2666,3517,11,24,136,171,1.2690058479532165,0.043743683408237644,658,He's been watching porn since noon!
3338,3517,7,32,132,171,1.2690058479532165,0.040476067493057086,658,I'm just saying I think PETA takes it a little too far.
5441,3517,8,30,133,171,1.2690058479532165,0.041317205729658385,658,I heard they kept barking even after the union caved.
3427,3522,10,30,146,186,1.2688172043010753,0.040542363342175425,658,"I'm working like a dog, and where does it get me?  I'm blaming it all on Arwfirmative Action."
115,3522,9,32,145,186,1.2688172043010753,0.03981909826454097,658,I have a caller who lost her hush puppies.
1821,3524,8,27,125,160,1.26875,0.04318480380729099,658,Told you that Facebook was going to the dogs!
2549,3524,9,25,126,160,1.26875,0.04408563974896443,658,"The headphones don’t help the situation. I can still see the porn he’s watching, which is disgusting even for porn, by the way."
1617,3526,10,34,157,201,1.2686567164179106,0.038469648601439414,658,"Well, they're seven times as fast as us."
1090,3527,8,31,136,175,1.2685714285714285,0.04067458381726214,658,"I know we are an equal opportunity employer, but this is ridiculous!"
2164,3527,6,35,134,175,1.2685714285714285,0.03902638695451968,658,This 'Animal's Rights thing' has gotten out of hand
3656,3527,7,33,135,175,1.2685714285714285,0.03985900555352195,658,They were here when I got here this morning!
3790,3530,6,28,115,149,1.2684563758389262,0.04325634329846062,658,"Don't let the flea collars fool you, they're the best packet sniffers in the game."
5057,3531,7,37,146,190,1.268421052631579,0.037800324853874794,658,"I know we've faced some budget cuts lately, but this is ridiculous"
1937,3531,14,23,153,190,1.268421052631579,0.042646548592081265,658,Who knew we would be working for a pet phone sex company?
4922,3533,9,26,129,164,1.2682926829268293,0.04333262820711154,658,"I know they're man's best friend, but does every browser history entry have to be sniffmybutt.com?"
4673,3533,6,43,156,205,1.2682926829268293,0.03534482133216937,658,"I think this dog next to me has gas.  Sure, blame the dog!"
4577,3533,5,34,125,164,1.2682926829268293,0.039729710180000224,658,His headphones aren't even covering his ears.
4955,3533,8,28,128,164,1.2682926829268293,0.04246056957046764,658,"I'm telling you, Josh, this company is going to the dogs."
1462,3533,11,22,131,164,1.2682926829268293,0.0450261042675272,658,It's dog day afternoon at the computer lab.
660,3533,10,24,130,164,1.2682926829268293,0.044187479747355984,658,"I didn't know it was bring your pet to work day, much less that it was bring your pet to DO YOUR work day!"
275,3533,5,34,125,164,1.2682926829268293,0.039729710180000224,658,"On the internet, nobody knows the trolls are dogs."
2859,3533,9,26,129,164,1.2682926829268293,0.04333262820711154,658,"I know you said this job was ""ruff,"" but this is ridiculous."
3491,3541,6,36,137,179,1.2681564245810055,0.03845964342491809,658,"'WOW"" I thought the robots were suppose to take over"
3757,3541,7,34,138,179,1.2681564245810055,0.03926722387704179,658,"Are you going to the work mixer tonight?”
“No, I can’t keep up with these party animals."
116,3541,7,34,138,179,1.2681564245810055,0.03926722387704179,658,I say we start by eating kibble.
1247,3541,7,34,138,179,1.2681564245810055,0.03926722387704179,658,Someone's breathing heavily on the conference call.
2535,3545,6,33,129,168,1.2678571428571428,0.04002531125119733,658,I’m wearing deodorant. I can’t help it if he’s got a very strong sense of smell.
2669,3546,5,32,120,157,1.267515923566879,0.040796981861168695,658,Ruff day at the office!
532,3546,5,32,120,157,1.267515923566879,0.040796981861168695,658,"I'm all for workplace diversity, but this seems a bit extreme."
5209,3546,7,28,122,157,1.267515923566879,0.04275175275514142,658,"Why was called in and told ""bad doggie"" by management?"
916,3549,7,32,133,172,1.2674418604651163,0.04027043526669293,658,"It's ""bring your pet to work day?"" Darn! I didn't get the memo."
453,3549,7,32,133,172,1.2674418604651163,0.04027043526669293,658,Who let the dogs out?
201,3551,10,23,128,161,1.2670807453416149,0.04471941855152625,658,What the hell? Dogs playing online poker!
807,3551,7,29,125,161,1.2670807453416149,0.04203459457313946,658,Can't you see?  This place is going to the dogs.
1532,3551,7,29,125,161,1.2670807453416149,0.04203459457313946,658,They're expert hedgers.
1820,3551,5,33,123,161,1.2670807453416149,0.04014508236163696,658,Should we expect a raise in dog years?
2297,3551,5,33,123,161,1.2670807453416149,0.04014508236163696,658,Dogs playing poker is cute. But this makes me feel uncomfortable.
2616,3551,7,29,125,161,1.2670807453416149,0.04203459457313946,658,I thought a dog's world was just an expression.
4612,3557,8,31,137,176,1.2670454545454546,0.04047159643581847,658,It’s so unfair! They can get almost anyone to follow them on social media just by wagging their tails.
2763,3557,10,27,139,176,1.2670454545454546,0.04204545454545454,658,Who would have known that 'Bring your pet to work day' would be our downfall?
2257,3557,9,29,138,176,1.2670454545454546,0.04126602940675077,658,"I can't believe the ""Wet Dog"" scented candles completely sold out again! Now, if we could only get rid of these darn fleas!"
945,3557,8,31,137,176,1.2670454545454546,0.04047159643581847,658,The ad said: dog sitters wanted.
2604,3557,8,31,137,176,1.2670454545454546,0.04047159643581847,658,They're legacy employees from Pets.com.
96,3562,4,43,144,191,1.2670157068062826,0.03536301486603667,658,...they all have fake accounts!
2720,3562,6,39,146,191,1.2670157068062826,0.03688856221648586,658,I can’t get Rosie even to go fetch the ball anymore
1842,3564,12,31,163,206,1.266990291262136,0.039025403233980425,658,This cartoon would be funnier without the baseball under the table.
2200,3565,6,32,127,165,1.2666666666666666,0.04044590095625991,658,"Internet dating is going to the dogs, It's nice to meet you. You are not a robot are you?"
4690,3565,7,38,150,195,1.2666666666666666,0.03712270176512492,658,Did you see the way Rover wags his tail around Fluffy? Can you say inter-office relationship?
2089,3565,8,28,129,165,1.2666666666666666,0.0422337609523278,658,I can’t believe I piled up a huge college loan debt for this job.
3277,3565,6,36,138,180,1.2666666666666666,0.03827438589666207,658,I'm pretty sure Fido keeps eating my tuna sandwiches out of the fridge.
1992,3565,8,32,140,180,1.2666666666666666,0.03986320494676991,658,"I had heard that this job “was for the dogs,”...............
But I had no idea !!!"
1447,3565,8,32,140,180,1.2666666666666666,0.03986320494676991,658,"Then he said, “go fetch me a dog biscuit”"
2087,3565,9,30,141,180,1.2666666666666666,0.040634324838232136,658,Why are we review bombing the film adaptation of Cats before it's even out?
207,3572,8,37,154,199,1.2663316582914572,0.03732204348594571,658,I still can't hear a damn thing!
2176,3573,10,29,145,184,1.266304347826087,0.04076334434555817,658,I guess millennials don’t fetch anymore either?
4455,3573,10,29,145,184,1.266304347826087,0.04076334434555817,658,I never understood bias in journalism until I started here at Cat Fancy.
5468,3575,4,37,128,169,1.2662721893491125,0.03800913021853243,658,"They don't speak. they are happy eating Kibble. I mean,why are WE here?"
3147,3575,5,35,129,169,1.2662721893491125,0.038924752511789215,658,"Crisper, and we thought AI was the future."
3005,3575,10,25,134,169,1.2662721893491125,0.04321282504971724,658,You know most IT types... they're animals!
3700,3575,5,35,129,169,1.2662721893491125,0.038924752511789215,658,"I’m working like a dog, but still can’t log on."
715,3575,8,29,132,169,1.2662721893491125,0.041550733958717244,658,"I knew the whole “bring a pet to work” ploy was done to increase productivity, but this is ridiculous."
538,3575,7,31,131,169,1.2662721893491125,0.04069423932663458,658,now we have to go on walks at lunch?
2684,3575,10,25,134,169,1.2662721893491125,0.04321282504971724,658,This cartoon makes no sense.
4579,3582,7,27,120,154,1.2662337662337662,0.043255015112900655,658,Thats not how I thought those would fit on his ears
1830,3583,9,28,136,173,1.2658959537572254,0.041710626769538205,658,The 'bring your dog to work' program has really morphed into something special.
5481,3583,4,38,131,173,1.2658959537572254,0.03746611415505046,658,Be careful not to scare the manager - he's a real chicken.
5513,3583,9,28,136,173,1.2658959537572254,0.041710626769538205,658,Whose idea was to train them?
5625,3583,6,34,133,173,1.2658959537572254,0.03921908183691518,658,"I know their typing is awful and their vocabulary even worse, but the Director of the Pound insisted that we hire internally."
5643,3583,9,28,136,173,1.2658959537572254,0.041710626769538205,658,"It's okay, these computers have all been neutered."
4286,3588,7,37,148,192,1.265625,0.037457482077269094,658,What is that smell?
5636,3588,7,37,148,192,1.265625,0.037457482077269094,658,Don’t ya think they should have told us that we needed flea collars?
5681,3590,9,29,139,177,1.265536723163842,0.041059953883252474,658,Be honest. Is this what you imagined when you applied for a dog sitting job?
4959,3590,6,35,136,177,1.265536723163842,0.038643444550550764,658,I'm not so sure about the tech support dogs.
3441,3590,8,31,138,177,1.265536723163842,0.04027056589504354,658,I hear the boss is a real B-word.
3034,3590,7,33,137,177,1.265536723163842,0.03946539170107485,658,Just grab them - he’s not going to bite you.
378,3590,5,37,135,177,1.265536723163842,0.037803630398993635,658,We need to find a more inclusive happy hour spot.
2918,3595,10,23,129,162,1.2654320987654322,0.044473084178629003,658,I think these dogs are Russian.
5593,3595,6,31,125,162,1.2654320987654322,0.040879460269838665,658,So this is what AI really looks like.
1282,3597,9,34,153,196,1.2653061224489797,0.03834763513812675,658,"Well, the rest of the team thinks the market is begging for an app that tells you where the nearby bones are buried."
3786,3597,7,38,151,196,1.2653061224489797,0.036957866188032325,658,"I hate to be catty, but..."
783,3599,7,34,140,181,1.2651933701657458,0.038888295360216756,658,They work us like dogs here!
2091,3599,6,36,139,181,1.2651933701657458,0.038090840917711734,658,Dogs? Dogs were the ones trolling us?
5328,3601,9,26,131,166,1.2650602409638554,0.04286957277701307,658,We’re getting some complaints about our complaint department.
4656,3601,5,34,127,166,1.2650602409638554,0.039315682234605624,658,"USC=Uncommonly Skilled Canines. Not only did my 'rents bribe me into the wrong USC, I'm flunking!"
2640,3601,9,26,131,166,1.2650602409638554,0.04286957277701307,658,"Sure, Bowser's focused on campaign results now. But just wait until I go back into heat . . . ."
1336,3601,2,40,124,166,1.2650602409638554,0.03642341031794157,658,"Well, you said every dog has its data!"
3206,3601,6,32,128,166,1.2650602409638554,0.040233595659601044,658,"I'm going to file a discrimination complaint. They have a training camp, bistro, hotel, salon and a park! What are we getting out of this gig?"
3301,3606,10,33,157,200,1.265,0.03848741881492152,658,Should we tell them it's been 7 years since our last yearly projections?
1560,3607,9,31,145,185,1.2648648648648648,0.0398372207922085,658,They only work on fetch API.
2356,3607,8,33,144,185,1.2648648648648648,0.03909283507072205,658,Everything bipedal is blocked.
3181,3609,8,29,133,170,1.2647058823529411,0.04133528123659467,658,Get this - I have to walk them!
1573,3609,9,27,134,170,1.2647058823529411,0.0421689354760427,658,"Some guy calling himself ""Orwell""  keeps sending me emails about ""4 legs good, 2 legs bad."""
1633,3609,8,29,133,170,1.2647058823529411,0.04133528123659467,658,Millennials!
1427,3612,9,32,148,189,1.2645502645502646,0.03926190816204988,658,I heard they are part of some new government initiative to keep jobs from going abroad.
5419,3612,7,36,146,189,1.2645502645502646,0.03780109590826107,658,All the bones they raise go to support rabies awareness!
906,3612,7,36,146,189,1.2645502645502646,0.03780109590826107,658,It's coded only for dogarithm.
3009,3615,5,31,119,155,1.264516129032258,0.041015001654154525,658,"I thought, like, AI, but, like, they're real dogs."
4854,3615,5,31,119,155,1.264516129032258,0.041015001654154525,658,"I know the public library learning commons is supposed to be open to anyone, but don't you think this is a little over the top?"
305,3617,7,32,135,174,1.264367816091954,0.03986518060165665,658,The way out is through the doggie door.
4297,3617,8,30,136,174,1.264367816091954,0.04068996672962488,658,All I can get is Pet-Net.
4562,3617,7,32,135,174,1.264367816091954,0.03986518060165665,658,It's not just millenials that want to make an impact.
4616,3617,9,28,137,174,1.264367816091954,0.04149836334740514,658,That's the second full moon this month!
3952,3621,7,33,138,178,1.2640449438202248,0.039271393597900606,658,The online hounding has clearly reached a tipping point!
2015,3621,9,29,140,178,1.2640449438202248,0.040855872273870907,658,Seriously! Public libraries are becoming cat video emporiums!
583,3621,6,35,137,178,1.2640449438202248,0.03845467959887868,658,Robots couldn't compete on the squirrel videos
1458,3621,9,29,140,178,1.2640449438202248,0.040855872273870907,658,All they do is bark and yap all day!!
1011,3625,7,38,152,197,1.263959390862944,0.03679443868012289,658,It’s “dog eat dog” in this business.
245,3626,7,29,127,163,1.2638036809815951,0.04158145875937288,658,Who let the dogs online?
1006,3626,4,35,124,163,1.2638036809815951,0.038753020868580505,658,Is this one of those dog whistle surveys?
3688,3626,10,23,130,163,1.2638036809815951,0.044229388404930715,658,If the Russians only new they can't vote.
4360,3626,8,27,128,163,1.2638036809815951,0.04248244431051912,658,"I know - Milkbones in the break room. Like, really?"
3322,3630,11,31,159,201,1.263681592039801,0.03896192669629961,658,I hate working for this dog-eat-dog company!
1817,3631,7,30,130,167,1.2634730538922156,0.040914790907759784,658,They won't last long.  They're always going out in the yard and take naps all day!
5308,3632,8,38,159,205,1.2634146341463415,0.036519947889897916,658,That new supervisor was barking orders at us all.  Sit?  Speak?  I don't know what to make of it.
5062,3633,11,28,151,190,1.263157894736842,0.040479617371375204,658,Talk about a dog day afternoon
5609,3633,8,29,134,171,1.263157894736842,0.041121989869204546,658,"I expected some party animals at college, but I didn't think they'd all be programmers!"
3221,3633,7,31,133,171,1.263157894736842,0.040276774960249215,658,"I said, ""P-A-U-S-E"" on the computers!"
2657,3633,6,28,118,152,1.263157894736842,0.04250852548658323,658,"Sorry it's hard to hear you, this place is a zoo."
1149,3633,8,34,148,190,1.263157894736842,0.03836033165813674,658,Maybe you CAN be a dog on the Internet.
758,3633,9,27,135,171,1.263157894736842,0.04195017878874135,658,"I left my laptop on the table last week, and the 3 of them were sniffing around - next thing I know, they used my credit card to ordered a bunch of stuff and got hired as IT  phone support at Apple."
321,3633,8,24,120,152,1.263157894736842,0.04451125128015218,658,I think the one next to me just peed on mu leg!
1811,3640,9,28,138,175,1.262857142857143,0.041288194310771846,658,These people are animals!
79,3641,7,27,122,156,1.2628205128205128,0.04276639324281545,658,What kind of “clicker training” is this?
1196,3641,8,25,123,156,1.2628205128205128,0.043722732953669796,658,I told you our job was going to the dogs!
4046,3641,5,31,120,156,1.2628205128205128,0.04078649800021505,658,When will they start treating us like dogs?
3599,3644,9,29,141,179,1.2625698324022345,0.040653756873561965,658,It was your idea to make Woof the password
4287,3644,8,31,140,179,1.2625698324022345,0.03987426800954233,658,Face it.  This company is going to the dogs.
5032,3644,6,35,138,179,1.2625698324022345,0.03826768678691017,658,Your barking up the wrong tree
5676,3644,6,35,138,179,1.2625698324022345,0.03826768678691017,658,Duh!  The HR Department was extinguished in the merger.
5327,3648,6,30,124,160,1.2625,0.04110071614856033,658,Don't these guys ever take a bath?
939,3648,8,26,126,160,1.2625,0.042970938694972025,658,"They remastered ""Pet Sounds."""
4598,3648,9,24,127,160,1.2625,0.043876165791102366,658,"What does ""redundant "" mean?"
1003,3651,8,32,143,183,1.2622950819672132,0.03928817636165757,658,Looks like a three dog day...
2235,3651,10,28,145,183,1.2622950819672132,0.0407879796334524,658,"I mean, I thought we’d finally be able to see what dogs are thinking, but he’s just mashing his paws on the keyboard with his tongue out."
5087,3651,8,32,143,183,1.2622950819672132,0.03928817636165757,658,I didn’t realize anal glands were such a problem here.
5439,3651,8,32,143,183,1.2622950819672132,0.03928817636165757,658,He keeps searching for 'human-style.'
5581,3651,9,30,144,183,1.2622950819672132,0.040045100102282405,658,"Then, in front of the whole lunchroom, Fluffy accuses Fifi of flirting with Thor!"
480,3656,9,36,161,206,1.2621359223300972,0.03701017139895763,658,My computer is soo slow now because of all of these pup-up ads!
5526,3657,5,39,143,187,1.2620320855614973,0.036429871319247305,658,I guess it beats offshoring
5557,3657,8,33,146,187,1.2620320855614973,0.03872516679292352,658,"I'm all for diversity, but to be fair, their reservation times should only be a seventh as long as ours."
5440,3657,6,37,144,187,1.2620320855614973,0.037210704516369035,658,Do you have a copy of last month's numbers? If I don't have them Bill's gonna chew me out in the middle of the meeting.
1186,3657,11,27,149,187,1.2620320855614973,0.04089182756911918,658,This problem has been dogging us all day.
3464,3657,10,29,148,187,1.2620320855614973,0.04018259020614482,658,It sure is a dog eat dog world.
3259,3657,5,39,143,187,1.2620320855614973,0.036429871319247305,658,Who is training them?
3911,3657,11,27,149,187,1.2620320855614973,0.04089182756911918,658,"No, Spike goes by “they, them, grrr."
2000,3664,8,28,132,168,1.2619047619047619,0.0415672568654724,658,The dogs don't seem to mind being worked like dogs.
2504,3664,6,32,130,168,1.2619047619047619,0.039815384519815186,658,So what kind of a dog am I supposed to be?
3044,3666,10,30,151,191,1.2617801047120418,0.03960085880074952,658,"Whats a ""Pup-Up""?"
2865,3667,8,23,118,149,1.261744966442953,0.045068797958914913,658,"They're searching for jobs. It's a March Madness thing. Apparently, when a team loses they fire the Mascot."
5010,3667,6,27,116,149,1.261744966442953,0.04300938393335905,658,"Well, our hiring manager did say that this was a dog eat dog industry..."
4921,3669,7,31,134,172,1.2616279069767442,0.04007114244383266,658,Who knew today is Animal Rights Day?
4417,3669,6,33,133,172,1.2616279069767442,0.03921347983474019,658,You are Not an animal?
43,3669,7,31,134,172,1.2616279069767442,0.04007114244383266,658,"All I said was, Beam us up Scotty and here we are!"
2134,3669,7,31,134,172,1.2616279069767442,0.04007114244383266,658,They're so damn competitive!
1986,3673,11,24,141,176,1.2613636363636365,0.04263148976656396,658,It's okay. Nobody knows.
2930,3673,9,28,139,176,1.2613636363636365,0.041080089944479405,658,What happened to your theory that cats and AI were taking over the Internet?
4481,3673,7,32,137,176,1.2613636363636365,0.03946775468628014,658,"I understand they are all really smart, much smarter than monkeys. I'm pretty sure one of them will type out ""Hamlet,"" before the end of the day."
4789,3676,9,34,156,199,1.2613065326633166,0.03783788451849511,658,"First it was robots, now it’s dogs coming for our jobs!"
2381,3677,7,27,123,157,1.2611464968152866,0.042526083891482463,658,Online poker night isn't as much fun as I thought it'd be.
1743,3678,7,33,140,180,1.261111111111111,0.03888888888888888,658,"We couldn't just stop at journalists with the 'learn to code' thing, could we?"
924,3678,3,41,136,180,1.261111111111111,0.03555351871881589,658,They’re all a bunch of animals
3886,3680,10,28,146,184,1.2608695652173914,0.04059073943045925,658,Did they take the blue pill or the red pill?
2646,3680,6,30,125,161,1.2608695652173914,0.040877163295304914,658,"Check our the newbies, they look a little ruff around the edges"
2497,3680,4,34,123,161,1.2608695652173914,0.03893151648684435,658,These dogs don't hunt and peck.
2456,3680,6,30,125,161,1.2608695652173914,0.040877163295304914,658,"I know it's my second career, but I can learn new tricks! It's just fetch this and fetch that."
4824,3680,6,36,142,184,1.2608695652173914,0.03755025968673369,658,"I like that the annual pay is seven times more, but the ear scratches are degrading in 2019."
1507,3680,10,28,146,184,1.2608695652173914,0.04059073943045925,658,At least thy are not robots.
948,3680,8,26,127,161,1.2608695652173914,0.0427343185528518,658,I still don't regret my Communications degree.
743,3680,8,32,144,184,1.2608695652173914,0.0391000647701035,658,I told you this job is going to the dogs!
634,3680,7,34,143,184,1.2608695652173914,0.038332995366703516,658,"On the internet anymore, you might as well be an animal."
1547,3680,6,36,142,184,1.2608695652173914,0.03755025968673369,658,"In Japan, dogs actually die from overwork. The tennis balls are part of their health plan."
346,3690,7,35,146,188,1.2606382978723405,0.03779865463616996,658,He refuses to wear his over-the-ear headset OVER HIS EARS!
3179,3690,9,31,148,188,1.2606382978723405,0.039274888658968894,658,"Hey, wanna go for a romp in the park?"
4825,3690,9,31,148,188,1.2606382978723405,0.039274888658968894,658,"Believe me, most of the men working here are real dogs."
2188,3693,5,34,130,169,1.2603550295857988,0.03870999361770568,658,Can't we just text like an ordinary family?
2792,3693,8,28,133,169,1.2603550295857988,0.04134961596299139,658,"Yeah, I'm pretty sure this one just went to the bathroom."
5290,3693,8,28,133,169,1.2603550295857988,0.04134961596299139,658,"For cryin' out loud Mark, have you ever heard of a dress code?"
1591,3696,6,26,114,146,1.2602739726027397,0.04352749528272793,658,Software development has really gone to the dogs.
2403,3697,10,31,155,196,1.260204081632653,0.03886457314110717,658,Speciesist?!  I just can't stand the fleas!
3127,3698,7,31,135,173,1.260115606936416,0.03986753746280222,658,This place is going to the dogs. The big guy on my right just asked me to fetch him a cup of coffee.
4487,3698,6,33,134,173,1.260115606936416,0.03901547395870323,658,They're learning to be therapists
820,3698,9,27,137,173,1.260115606936416,0.041519239077797615,658,"What Wes Anderson wants, Wes Anderson gets."
344,3698,7,31,135,173,1.260115606936416,0.03986753746280222,658,I didn't spend four years at Sarah Lawrence for this!!!
58,3698,6,33,134,173,1.260115606936416,0.03901547395870323,658,They always nose out better deals.
1161,3698,10,25,138,173,1.260115606936416,0.042320923297170694,658,"I heard that he was brought in to breed success, but dude!"
651,3704,12,28,160,200,1.26,0.03962132312570034,658,In the old days they used to use monkeys to write Shakespeare!
1954,3705,8,30,139,177,1.2598870056497176,0.04008097132468578,658,I just don't think this We Work / Doggy Daycare merger is working.
2498,3705,6,34,137,177,1.2598870056497176,0.03844582671181271,658,"Hey, Biff, want to take our kibble break now?"
2908,3705,4,38,135,177,1.2598870056497176,0.03673797654715321,658,"These budget cuts are lowering the bar a bit, right?"
3531,3708,12,29,163,204,1.2598039215686274,0.039075076324961586,658,I don't want to keep throwing his damn tennis ball. Does that make me specieist?
3245,3709,10,27,144,181,1.2596685082872927,0.04101070399976935,658,Spot went on break an hour ago. Where is he?
3073,3709,4,39,138,181,1.2596685082872927,0.03624298162853734,658,Where have we gone wrong?
3867,3709,8,31,142,181,1.2596685082872927,0.03948548004199304,658,This place is definitely going to the dogs
5309,3709,6,35,140,181,1.2596685082872927,0.037898923807102525,658,"Like I know we share 70% of the same  DNA, but did we have to share the same computer lab too?"
5568,3709,7,33,141,181,1.2596685082872927,0.038700333072747534,658,"What’s up with the sweatshirt, Phil."
5451,3714,7,27,124,158,1.259493670886076,0.042288386669252824,658,The new Diversity initiative has really gone awry.
3635,3715,11,26,148,185,1.2594594594594595,0.04111616412779293,658,I told you this WeWork thing was a bad idea.
4097,3715,8,32,145,185,1.2594594594594595,0.0389136959545367,658,"It's balls and bones, balls and bones..."""
2493,3715,9,30,146,185,1.2594594594594595,0.03966144399063931,658,I think my computer has rabies.
3016,3715,7,34,144,185,1.2594594594594595,0.03815129521080028,658,Evidently anyone BUT a monkey can do it...
4697,3715,7,34,144,185,1.2594594594594595,0.03815129521080028,658,The new CEO is big on Diversity.
3766,3720,7,28,127,162,1.2592592592592593,0.04158831423557151,658,I'm not sure which one of these guys is cheating at online poker.
3957,3720,9,24,129,162,1.2592592592592593,0.043392975850472526,658,"This work environment is a bitch! Just because I'm low dog on the totem pole, it's, ""Go fetch this, go fetch that!"
2856,3720,10,29,150,189,1.2592592592592593,0.03980430864946988,658,Are they Advanced Placement ore we in the slow class?
5492,3720,2,38,122,162,1.2592592592592593,0.03669034887336192,658,Do you think they will join the union?
1132,3720,12,25,152,189,1.2592592592592593,0.04119414482328707,658,Who knew that Yelp! had a dating app.?
1109,3720,11,27,151,189,1.2592592592592593,0.04050518827745535,658,"I was expecting a diverse workplace, not a species-diverse one."
52,3720,7,28,127,162,1.2592592592592593,0.04158831423557151,658,"Yes, I KNOW they're winning again!"
2450,3720,7,35,147,189,1.2592592592592593,0.037623411807978444,658,That obedience school is fabulous!
1717,3728,8,34,151,193,1.2590673575129534,0.03783551408374163,658,Don’t look now but this place is going to the dogs.
3123,3728,7,36,150,193,1.2590673575129534,0.03711541135205805,658,I get the sense that you are ok with this project going to the dogs.
3617,3728,10,30,153,193,1.2590673575129534,0.03923609127166052,658,"Why to I get all the ""Meow"" calls?"
2216,3731,5,33,128,166,1.2590361445783131,0.03909408885300817,658,"She warned me it was a dog-eat-dog world in this office, but I didn't think she meant it literally."
3596,3731,7,29,130,166,1.2590361445783131,0.04091926787593426,658,I'm not sure I'm qualified for this emergency helpline gig......there's a mass leash entanglement on West 54th and Main
1386,3731,8,27,131,166,1.2590361445783131,0.04180198360879839,658,All things considered I'd say working for Yelp has its benefits. I like the walk breaks and the fire hydrants are convenient
1703,3731,9,25,132,166,1.2590361445783131,0.04266644095490076,658,"On the internet, people know you’re a dog"
1500,3735,9,33,155,197,1.2588832487309645,0.03801404618442686,658,"Ever since we switched over to marketing for online poker, I knew this was bound to happen."
1471,3736,8,28,134,170,1.2588235294117647,0.04113418344746973,658,I don't get it - a news site that only writes about dog-whistle politics?
2600,3736,7,30,133,170,1.2588235294117647,0.04027911870455727,658,The dog farted!
2834,3736,5,34,131,170,1.2588235294117647,0.03851207752208727,658,Who knew the competition for jobs would be this tough?
3100,3736,7,30,133,170,1.2588235294117647,0.04027911870455727,658,And wouldn’t you rather have stock options than kibble in the IPO.
3113,3736,6,32,132,170,1.2588235294117647,0.039405504175705416,658,I detest the smell of  Alpo in the morning.
5052,3741,6,40,155,201,1.2587064676616915,0.035459760559612856,658,"Oh gosh, who knew it was you?"
4337,3742,6,33,135,174,1.2586206896551724,0.03881939401024628,658,"Stop telling me ""people are people."" This is weird."""
5447,3742,8,29,137,174,1.2586206896551724,0.040494776051156305,658,And I pay them with behond the ear scratches.
4030,3742,6,33,135,174,1.2586206896551724,0.03881939401024628,658,"I don't have a problem with him, just the music he's blasting!"
2367,3742,9,27,138,174,1.2586206896551724,0.04130699281584876,658,There's nothing wrong with it. They're just watching cat videos.
2866,3742,9,27,138,174,1.2586206896551724,0.04130699281584876,658,"Have you noticed the high turnover rate here?
Yes - but it is a dog eat dog environment."
7,3742,5,35,134,174,1.2586206896551724,0.03795397980801837,658,This is way too domesticated.
3399,3742,7,31,136,174,1.2586206896551724,0.039665931469940595,658,She's always bitching about something.
571,3749,5,28,114,147,1.2585034013605443,0.04217596891968897,658,I had NO idea that's what they meant by Artificial Intelligence.
1582,3749,3,32,112,147,1.2585034013605443,0.03990534342770983,658,I thought yesterday was bring your pet to work day..
4776,3751,7,32,139,178,1.2584269662921348,0.03907794288620063,658,They're sensitive to how you pat them.
5462,3751,8,30,140,178,1.2584269662921348,0.03988189554529687,658,Where's Orwell when we really need him?
5666,3753,9,29,144,182,1.2582417582417582,0.040058938032104814,658,Got any flea powder ?
4699,3753,7,33,142,182,1.2582417582417582,0.0385135428189856,658,I forgot my passwoof.
2566,3753,5,37,140,182,1.2582417582417582,0.0369034882454174,658,They don't even bark at my tweets and they won't chase the ball! How can we get them off their butts?
1713,3753,4,39,139,182,1.2582417582417582,0.03607152168656837,658,Wasn't it supposed to be apes?
1472,3753,10,27,145,182,1.2582417582417582,0.04080969595764102,658,I don't care what Buddy says. Collars are itchy.
2526,3753,7,33,142,182,1.2582417582417582,0.0385135428189856,658,Did you happen to notice that Corky always goes to the hydrant after break is over?
4871,3759,4,32,119,155,1.2580645161290323,0.039729615770672154,658,"""I am looking for a three letter word that follows bow- """
247,3759,7,26,122,155,1.2580645161290323,0.04277620729996249,658,"I don't want to be nosey about what they are doing, but they don't call me ""Snoop Dogg""  for nothing!"
271,3759,9,30,147,186,1.2580645161290323,0.03947229032806794,658,f-9?... more like K-9
4440,3759,5,30,120,155,1.2580645161290323,0.04077044946829279,658,This bring your pet to work day really is getting on my nerves
2152,3763,8,26,129,163,1.2576687116564418,0.04226861894458759,658,I just can’t stand this Kibble all over the floor....
5270,3763,7,28,128,163,1.2576687116564418,0.04136297602257143,658,"I really like the walking , teaching them keyboard skills is challenging but FUN , the tough  stuff  is  the AKC security clearances"
933,3763,5,32,126,163,1.2576687116564418,0.03948942974222289,658,The programming team has really gone to the dogs
1041,3763,6,30,127,163,1.2576687116564418,0.04043705507829283,658,"I'm not complaining, but I work with a bunch animals. They never talk, just make animal noises when things don't go their way."
975,3767,7,29,131,167,1.2574850299401197,0.04070306999953109,658,"Don't worry. On the internet, nobody knows you're a college dropout with bad breath from Toledo."
1669,3767,4,35,128,167,1.2574850299401197,0.037951354477917726,658,They said they were going to diversify the office...
2512,3767,10,23,134,167,1.2574850299401197,0.043280186090922594,658,Call H.R.; I'm working with animals!
3305,3767,6,31,130,167,1.2574850299401197,0.0398069722598191,658,This office has really gone to the dogs.
4715,3767,6,31,130,167,1.2574850299401197,0.0398069722598191,658,"Cover for me while I go on my walkies break?"""
315,3772,8,36,158,202,1.2574257425742574,0.036675642304395226,658,Don't they ever nap?
5599,3773,7,30,134,171,1.2573099415204678,0.04007147148199086,658,And we have a $100K in college debt for a job they hire anyone to do?  I didn't realize this is what they meant when they said we would be working with artificial intelligence.
4482,3773,5,34,132,171,1.2573099415204678,0.038316105328219364,658,"Is it just me, or is it smelling a little ruff in the office today?"
3934,3773,10,24,137,171,1.2573099415204678,0.04256901661473068,658,Just because I'm the only human in the place doesn't mean you can hit on me.
1879,3773,9,26,136,171,1.2573099415204678,0.041753104386869404,658,Why the hangdog face?
1338,3773,9,26,136,171,1.2573099415204678,0.041753104386869404,658,"I don't get it,there is no cats working here"
2239,3773,6,32,133,171,1.2573099415204678,0.03920361433755316,658,"They know their coding, but they really chew through the mice."
3193,3773,8,28,135,171,1.2573099415204678,0.04092092711970746,658,I just don't think this labor contract with the Humane Society is working out too well and these doggie snacks on the desk are kind of revolting.
759,3780,6,33,136,175,1.2571428571428571,0.03862521336731559,658,They're translating the dog whistles to blame them on the cats.
1384,3780,7,31,137,175,1.2571428571428571,0.03946629641431337,658,"Don't talk, text."
2534,3780,5,35,135,175,1.2571428571428571,0.03776540298578668,658,Just don't tell the folks or they'll never pay for college.
2943,3780,8,29,138,175,1.2571428571428571,0.040289824989123924,658,Whad'ya mean you can't make heads or tails out of what they're doing.  Look where their tails are.
4001,3780,9,27,139,175,1.2571428571428571,0.04109685441303293,658,I thought I was going to be top dog today?
4137,3780,9,27,139,175,1.2571428571428571,0.04109685441303293,658,The Slack channel is just people barking at each other.
5301,3786,7,32,140,179,1.2569832402234637,0.03888582718695954,658,"Im really having trouble understanding their accent,"
5454,3786,9,28,142,179,1.2569832402234637,0.04046787557174003,658,"Ever since outsourcing, our firm has gone to the dogs."
2069,3786,7,32,140,179,1.2569832402234637,0.03888582718695954,658,how many best friends do you have ?
3,3786,12,22,145,179,1.2569832402234637,0.04273126547626996,658,The woofi password’s not working.
3645,3790,5,27,112,144,1.2569444444444444,0.042670344868245405,658,I'm sure the workers of GOOD BOYS & SONS mean well. It's just hard to realize that I am a bitch here.
1192,3791,8,31,144,183,1.2568306010928962,0.03910399894000815,658,"How can you not get, ""E-I-E-I-O""?"
1133,3792,5,28,115,148,1.2567567567567568,0.04192642504314524,658,It's the next step up from playing cards.
4116,3792,7,24,117,148,1.2567567567567568,0.04406452590931787,658,"This is so cool, they are streaming ""Animal House""!"
4916,3794,8,32,147,187,1.2566844919786095,0.038546094518045075,658,Now on the Internet everyone knows you are a dog
1828,3794,6,36,145,187,1.2566844919786095,0.03702430809696307,658,I think we responded to the wrong job posting. This is not a dog walking gig!
2377,3794,8,32,147,187,1.2566844919786095,0.038546094518045075,658,He‘s supposed to be the top dog!
2718,3794,11,26,150,187,1.2566844919786095,0.040722284088652166,658,THIS IS BULLSHIT
2925,3798,10,30,155,195,1.2564102564102564,0.03887782471469202,658,Have you met the boss?
981,3798,9,22,125,156,1.2564102564102564,0.04443542993563251,658,I told you time and time again this place is going to the dogs!
14,3800,8,25,127,160,1.25625,0.04275025745628459,658,I know about you and Ms. Princess.
171,3800,7,27,126,160,1.25625,0.041820666665864606,658,Excuse me... At what point do we pet them?
2353,3800,4,33,123,160,1.25625,0.03889883165049543,658,"Please help me, I'm having trouble with my Bowser"
1730,3803,9,24,131,164,1.2560975609756098,0.04292007823071685,658,"If we don't learn to speak dog, we are doomed, here."
3736,3804,4,35,129,168,1.255952380952381,0.03775589792180357,658,"I know, right? Thank God for affirmative action."
1999,3804,5,33,130,168,1.255952380952381,0.03868841980892167,658,I think some of our customers have figured out that they are dogs
4040,3806,8,28,136,172,1.255813953488372,0.040709815367658664,658,"Seriously! This is taking bring your pet to wook day, too far."
3935,3806,10,24,138,172,1.255813953488372,0.0423472310697826,658,I knew bringing your dog to work was a bad idea.
4256,3806,8,28,136,172,1.255813953488372,0.040709815367658664,658,Apparently they want the Mewer report released.
3836,3806,11,22,139,172,1.255813953488372,0.0431426405691853,658,First it was AI. Then full-on robots. But this is just bullshit!
5668,3806,5,34,133,172,1.255813953488372,0.038122050040046394,658,"Next thing you know, trained monkeys will get all the good leads."
2892,3806,10,24,138,172,1.255813953488372,0.0423472310697826,658,"When they cut the staff, I wondered why they asked them to leave their pets."
2845,3806,8,28,136,172,1.255813953488372,0.040709815367658664,658,Who're you calling a dog?!
2170,3806,2,40,130,172,1.255813953488372,0.03534532969492215,658,I wouldn’t ask too many questions. I don’t think dogs can talk.
3172,3806,4,36,132,172,1.255813953488372,0.037219500846350013,658,I'm ready for a kibble break.
424,3815,7,31,138,176,1.2556818181818181,0.03926860473191656,658,I gotta quit cuz I obviously can't work like a dog
428,3815,10,25,141,176,1.2556818181818181,0.041675274592936934,658,Can you please tell me who let the dogs out?
2198,3815,5,35,136,176,1.2556818181818181,0.037578626740760096,658,"I guess once cat cafes took off, animal-human shared workspaces were inevitable."
2518,3815,7,31,138,176,1.2556818181818181,0.03926860473191656,658,They're all watching canine porn.
3845,3815,8,29,139,176,1.2556818181818181,0.0400868854181335,658,The only thing getting me through this is knowing that they are getting seventy vacation days.
3080,3820,9,29,146,184,1.2554347826086956,0.039671736467045936,658,Competion to be a programmer sure is getting ruff .
3683,3821,9,30,149,188,1.2553191489361701,0.03909921303239543,658,"Affirmative action, go figure!"
1007,3821,10,28,150,188,1.2553191489361701,0.03982006721726643,658,I see this place is going to the dogs.
775,3821,8,32,148,188,1.2553191489361701,0.038364816776803,658,Cigarettes?  Dog food is the currency here.
3286,3824,7,23,115,145,1.2551724137931035,0.044613399299023804,658,Could this job get any ruffer?
922,3825,5,40,151,196,1.2551020408163265,0.03515864395673702,658,It isn't me who keeps snorting!
1694,3826,7,25,121,153,1.2549019607843137,0.04302922959626292,658,"Now that we know who is a dog on the Internet, they don't have to hide anymore"
3199,3826,10,32,162,204,1.2549019607843137,0.037663676747005964,658,"Somebody just peed on
On
My
Ankle."
4554,3826,4,31,118,153,1.2549019607843137,0.03991887603166448,658,No one will reply to my Slack messages — so much for being a dog-friendly office.
2226,3829,7,26,124,157,1.2547770700636942,0.04229306249982094,658,The cats kept eating the mice.
3130,3829,8,24,125,157,1.2547770700636942,0.04324768725541133,658,Is this really the social media crew of our President?
4147,3829,7,26,124,157,1.2547770700636942,0.04229306249982094,658,Did you get your Parvo examination?
4545,3832,6,30,129,165,1.2545454545454546,0.04000604671087579,658,"We're working like dogs, for what? No healthcare, no benefits. Explain that to me Tom!"
4365,3832,10,22,133,165,1.2545454545454546,0.043544495558707985,658,What does woof mean?
2607,3832,8,26,131,165,1.2545454545454546,0.041812718560834544,658,You think the break room smells like pet store? Try the supply closet.
1224,3832,5,32,128,165,1.2545454545454546,0.03907139546299037,658,Bring your pet to work has seriously run amuck.
3035,3836,9,25,135,169,1.2544378698224852,0.041989802897784576,658,"I'm just saying, next walkies break it's your turn to use the scooper pooper."
3063,3836,8,27,134,169,1.2544378698224852,0.04114244972361408,658,What’s WoofFi? I don’t get it.
4967,3836,8,27,134,169,1.2544378698224852,0.04114244972361408,658,They're trying to compete with those infinite monkeys in trying to write Hamlet.
1504,3839,10,24,139,173,1.254335260115607,0.042127697070081994,658,There are no bathrooms in this place
1567,3839,7,30,136,173,1.254335260115607,0.03966236068430028,658,... And also make sure that Spot's order doesn't have meat. He's vegan again.
4456,3839,8,28,137,173,1.254335260115607,0.04050081715443797,658,They work us like cats around here.
4535,3839,8,28,137,173,1.254335260115607,0.04050081715443797,658,That New Yorker magnet on your mom's fridge suddenly makes sense.
4693,3839,5,34,134,173,1.254335260115607,0.03792988511451294,658,So are we supposed to use the restrooms on the fifth floor?
4493,3844,8,29,140,177,1.2542372881355932,0.039885928944234865,658,If the Top Dog says “do it”. Heel babe.
4490,3844,8,29,140,177,1.2542372881355932,0.039885928944234865,658,I thought it was all code monkeys here
2516,3844,7,31,139,177,1.2542372881355932,0.03907282933646828,658,Quick! What's the Dingo word for 'Good dog'?
1237,3844,10,25,142,177,1.2542372881355932,0.04146432199518165,658,"We've got to up our game, Harold; they're creaming us."
1138,3848,8,30,143,181,1.2541436464088398,0.03929605885342327,658,"On Instagram, it helps if you are a dog."
3366,3848,6,34,141,181,1.2541436464088398,0.03770153223678897,658,Another Pets.com lay-off?
3417,3848,8,30,143,181,1.2541436464088398,0.03929605885342327,658,Enough with “Who let the dogs out?”!
3567,3848,9,28,144,181,1.2541436464088398,0.04006953450711325,658,"'They're doing it doggy-style."""
65,3852,7,33,145,185,1.2540540540540541,0.037963531366960054,658,"I know what tweeting is, but what's up with this woofing?"
107,3852,4,39,142,185,1.2540540540540541,0.03556636745731393,658,Whatever happened to the robots?
3383,3852,9,29,147,185,1.2540540540540541,0.0394808627946648,658,"I don’t know what the problem is, these guys are just not learning the new software."
2659,3855,7,34,148,189,1.253968253968254,0.03744090762693874,658,I think we need to take them for a walk...now.
5231,3855,5,38,146,189,1.253968253968254,0.03590608560215486,658,The bitch said all paws on deck.
469,3855,11,26,152,189,1.253968253968254,0.04033572517320513,658,I can't hear anything!
1794,3858,6,37,150,193,1.2538860103626943,0.03619997049865835,658,We're the Outliers
4290,3858,8,33,152,193,1.2538860103626943,0.03766142053084029,658,"When they said this was ""dog work"", I didn't take them literally."
5361,3858,5,39,149,193,1.2538860103626943,0.035446657077292956,658,"Do you think he meant, ""woof,"" or was it, like, a ""woof."""
3278,3861,10,33,166,209,1.2535885167464116,0.037014495654838796,658,At least they have filled the vacant positions.
2994,3862,6,27,121,154,1.2532467532467533,0.041777101738457396,658,I don't think they've noticed us yet.
3077,3862,9,21,124,154,1.2532467532467533,0.04472106375228862,658,Place is definitely going to the dogs.
5074,3862,6,27,121,154,1.2532467532467533,0.041777101738457396,658,"Don't these idiots know that on the internet, everybody knows you're a dog?!"
4757,3865,5,30,123,158,1.2531645569620253,0.040092520650449354,658,"I guess we missed the memo about ""Bring your dog to work day""."
2282,3866,7,27,128,162,1.2530864197530864,0.041362917122645615,658,Looks like the rest of the team is having a ruff day.
67,3866,6,29,127,162,1.2530864197530864,0.040425359327943194,658,"""Where are our snacks?"""
2842,3868,10,22,134,166,1.2530120481927711,0.04330853924986446,658,"for some reason, they’re all barking at the customers."
5482,3868,5,32,129,166,1.2530120481927711,0.038865573729434784,658,This place REALLY Is going to the dogs.
265,3870,10,23,137,170,1.2529411764705882,0.04259406551851116,658,I feel like I'm barking up the wrong tree all the time!
1235,3870,6,31,133,170,1.2529411764705882,0.03918928221208077,658,This daycare just sits them in front of a computer and has them play online fetch
2192,3870,4,35,131,170,1.2529411764705882,0.03737074459720537,658,They get all the complaints.
2371,3870,4,35,131,170,1.2529411764705882,0.03737074459720537,658,He's  in the Mascot Protection Program.
2850,3870,6,31,133,170,1.2529411764705882,0.03918928221208077,658,What can I say - It’s a dog-eat-dog world.
1482,3875,6,32,136,174,1.2528735632183907,0.038609804490614755,658,I know dog-friendly offices are the new thing but this is getting out of hand.
3855,3876,4,37,137,178,1.252808988764045,0.03634738422569202,658,I'm thinking a pay raise this year is pretty much off the table.
2489,3876,6,33,139,178,1.252808988764045,0.03805380774886673,658,It’s hard to work here. Everyone is so WOOF.
4816,3876,9,27,142,178,1.252808988764045,0.04047878704203161,658,I told you it wasn’t that kind of dog cafe!
3955,3879,8,30,144,182,1.2527472527472527,0.03910449006224144,658,As long as customers don't expect them SPEAK! they can't tell they're dogs.
474,3879,6,34,142,182,1.2527472527472527,0.037519802867789206,658,I’m sick of putting up with Mary’s bull day after day!
251,3881,7,33,146,186,1.2526881720430108,0.03778357121581996,658,"Hey, you wanted empathy in our animal telethon, well you got it."
3070,3881,6,35,145,186,1.2526881720430108,0.0370064266723111,658,I know internships suck but something about this feels hairy.
3938,3881,6,35,145,186,1.2526881720430108,0.0370064266723111,658,"If we don’t meet this month’s quota, it’s gonna be our turn soon."
4822,3881,4,39,143,186,1.2526881720430108,0.03540099345382186,658,This WeWork thing . . . has gone to the Dogs
4164,3885,10,29,155,194,1.2525773195876289,0.038888361587460306,658,Why do they only communicate in Russian?
3276,3886,8,20,115,143,1.2517482517482517,0.04598370665040281,658,Fortnite has really gone to the dogs.
2389,3887,7,24,120,151,1.2516556291390728,0.043285124869849506,658,I'm paying how much for 10 Kibbles and Bits per second speed?!
687,3887,7,24,120,151,1.2516556291390728,0.043285124869849506,658,"Seriously dude, all the best leads are going to the dogs."
4982,3889,5,30,124,159,1.251572327044025,0.03987137333776931,658,I guess this is better than ‘take your kid to work’ day
604,3890,6,29,128,163,1.2515337423312884,0.04020657696812169,658,"Stop kicking my shins, Trevor!"
3795,3890,9,23,131,163,1.2515337423312884,0.042939374909403194,658,The Internet has gone to the dogs.  Who knew?
4881,3890,8,25,130,163,1.2515337423312884,0.04204818135866704,658,He said I picked a lame park for our date.
48,3893,4,34,129,167,1.251497005988024,0.03771727845270143,658,I misunderstood the meaning of Bring Your Dog To Work.
884,3893,8,26,133,167,1.251497005988024,0.041366321584708224,658,We are trying to reduce toxic masculinity.
4609,3893,6,30,131,167,1.251497005988024,0.03958387080193215,658,"Carl's watching porn!, what do i do?"
5291,3893,7,28,132,167,1.251497005988024,0.040484906997012814,658,Just no chance of promotion here!
4394,3897,5,33,133,171,1.2514619883040936,0.03809495789594797,658,What species did you say you were?
4488,3897,4,35,132,171,1.2514619883040936,0.037180994708179135,658,"Dude! seriously, management should probably rethink this ""bring your dog to work thing."""
2364,3897,9,25,137,171,1.2514619883040936,0.04155025409683629,658,Why don't we get to post pictures of our poo?
4551,3897,8,27,136,171,1.2514619883040936,0.04071393085796626,658,These programmers’ code just keeps going around in circles.
1619,3897,8,27,136,171,1.2514619883040936,0.04071393085796626,658,"I think we should , like , drop bytes from our vocabulary !"
616,3897,4,35,132,171,1.2514619883040936,0.037180994708179135,658,"Remember, we are the minority here."
2122,3897,5,33,133,171,1.2514619883040936,0.03809495789594797,658,These Gen K9 interns are impossible!
5129,3904,7,30,138,175,1.2514285714285713,0.039261300071719546,658,I thought TechBarn was just a quirky name.
1110,3904,6,32,137,175,1.2514285714285713,0.038415729048526664,658,It's an H1b workaround
1754,3904,6,32,137,175,1.2514285714285713,0.038415729048526664,658,I mean I know we say this place is a zoo but come on...!
950,3907,5,35,139,179,1.2513966480446927,0.03702886022819783,658,These new hires are definitely all ears!
1130,3907,8,29,142,179,1.2513966480446927,0.03948985421235483,658,I've been itching all day.
1379,3907,9,27,143,179,1.2513966480446927,0.040276783440971485,658,I told you we shouldn’t have let them use the bathrooms!
1685,3907,7,31,141,179,1.2513966480446927,0.038686921395675346,658,"Would you mind not whimpering?! I’m counting on getting a treat soon, and I think you might blow it for all of us."
2523,3907,10,25,144,179,1.2513966480446927,0.04104862948977457,658,Which one is Fido?
2707,3907,5,35,139,179,1.2513966480446927,0.03702886022819783,658,I think our support animals are getting more done at WeWorks than we are.
3359,3907,7,31,141,179,1.2513966480446927,0.038686921395675346,658,"This is all your fault. You're the one always yelling ""where my dawgs at?"" when you come into work."
4470,3907,9,27,143,179,1.2513966480446927,0.040276783440971485,658,Do we have to play fetch at break?
5667,3907,7,31,141,179,1.2513966480446927,0.038686921395675346,658,"You’re his best friend, throw the ball.  I will take over the coding."
3014,3916,4,39,144,187,1.2513368983957218,0.03523709331039974,658,I asked him what the wifi password was but I couldn't understand a word he said
4273,3916,8,31,148,187,1.2513368983957218,0.03836217890105118,658,"I’d say this place is going to the dogs, but apparently even that isn’t PC anymore."
4589,3916,7,33,147,187,1.2513368983957218,0.037605262447809706,658,After one week I'm starting to think that I'm way over qualified for this job--A dog could easily do this.
3028,3919,9,30,152,191,1.2513089005235603,0.03855232771575296,658,I thought dogs played poker not Fortnite...
3844,3920,11,27,157,195,1.2512820512820513,0.039387049444566224,658,I said I wanted monitors good at interpreting dog whistles. This is what they sent me.
989,3921,6,39,158,203,1.251231527093596,0.034984264311373664,658,Now I can't join LeashedIn without a screen shot of my dog tags!
5584,3922,8,27,137,172,1.25,0.04050292429078413,658,This is not what I thought when you said you got a Peabody.
5351,3922,11,23,146,180,1.25,0.0415967756473771,658,This is the boss's idea of  Artificial Intelligence.
5214,3922,9,26,141,176,1.25,0.04069206502309947,658,"At least we survived the merger...""

Miriam Salzer, Pacifica, C"
5145,3922,8,25,131,164,1.25,0.04181913845554626,658,I think this company is barking up the wrong tree
4823,3922,8,23,125,156,1.25,0.04325946493965428,658,"I know they always say, 'dog eat dog', but really.......?"
4732,3922,6,29,129,164,1.25,0.039990085558669106,658,"Geez, this library has really gone to the dogs!"
4177,3922,7,26,127,160,1.25,0.041587976007827945,658,"I just accidently hit the ""dog whistle "" sound on Google."
4129,3922,6,31,135,172,1.25,0.03878772955583102,658,When I told HR about the drooling and they told me it wasn't their problem
4025,3922,10,26,148,184,1.25,0.040231274853777386,658,I know we’re in their house now but this barking is just too fast. I can’t understand it!
3708,3922,7,28,133,168,1.25,0.04027103781908219,658,"they are all working like dogs,how come you aren't?"
3428,3922,7,30,139,176,1.25,0.03906371751349359,658,Don't they have anything better to do with their lives?
312,3922,9,31,156,196,1.25,0.03784832988855939,658,I told you; they'd rather hire dogs than anybody of color!
3156,3922,5,37,146,188,1.25,0.03587645835316415,658,It's a dog eat dog world in this office.
2584,3922,10,26,148,184,1.25,0.040231274853777386,658,Doggone if I know why.
1589,3922,9,25,138,172,1.25,0.04133384003585129,658,"I thought we would be soliciting for sports mascots, not with them."
1499,3922,6,33,141,180,1.25,0.03768189899811689,658,Everybody but him knows that he's a dog on the internet.
1073,3922,7,33,148,188,1.25,0.037428583339959215,658,What do you mean they were the best applicants from the hire-a-friend-program?
554,3922,7,31,142,180,1.25,0.038496736985555946,658,I told you A-fur-mative action would be controversial...
180,3922,5,33,134,172,1.25,0.03790103571265481,658,Don't ask me:  I only speak Pekingese!
98,3922,6,32,138,176,1.25,0.03822353935782192,658,How can you compete with the animals in this department?
71,3922,5,30,125,160,1.25,0.03965257928590721,658,The only part I don’t like is they get noisy when they dial up squirrel sites on Instagram.
3235,3922,7,34,151,192,1.25,0.036924761954211946,658,Pavlov’s salivating in his grave!
2839,3944,7,34,152,193,1.2487046632124352,0.03675577575166273,658,"No, not Google...Doggerel."
2490,3945,8,31,150,189,1.2486772486772486,0.03800146688963573,658,"Sure, it's a dog-eat-dog world -- but we're people, right?"
2565,3945,10,27,152,189,1.2486772486772486,0.03945486112538945,658,"On the Internet, they don't even care any longer if we know they're a dog."
1225,3945,7,33,149,189,1.2486772486772486,0.03725351252478399,658,I feel like we are the only writers with any bite.
1840,3945,9,29,151,189,1.2486772486772486,0.038734981297193424,658,"I lied on my resume' ; I don't speak Russian wolfhound.



Gretchen Taylor, San Mateo, CA"
36,3949,5,36,144,185,1.2486486486486486,0.0361816486204095,658,I can see one or two...but THREE dogs in a computer class?!?
2732,3949,12,22,151,185,1.2486486486486486,0.04147761496222071,658,I refuse to be anyone's lap dog.
1020,3951,6,33,142,181,1.2486187845303867,0.03749857975462066,658,"I have no idea how they type without opposable thumbs, either?"
3804,3951,9,27,145,181,1.2486187845303867,0.039878635210206834,658,Did you ever notice anything weird about this office?
4296,3951,9,27,145,181,1.2486187845303867,0.039878635210206834,658,Some of us seem to be taking 'bring your pet to work day' a bit too literally.
5601,3951,5,35,141,181,1.2486187845303867,0.036670916669870865,658,They should have never closed the border. This place is going to the dogs.
5664,3955,3,38,136,177,1.2485875706214689,0.03541074691122699,658,"I say we look for another job.  This place is going to the dogs,"
3108,3955,4,36,137,177,1.2485875706214689,0.036305954500587746,658,"If you wait until Rover’s housebroken, he’ll be way behind the other dogs."
1982,3955,9,26,142,177,1.2485875706214689,0.04048615824127585,658,"Nowadays, if you're on the internet, everyone thinks you're a dog."
426,3955,5,34,138,177,1.2485875706214689,0.03717961360189914,658,I specifically said MICRO dose
703,3955,10,24,143,177,1.2485875706214689,0.04127142285559591,658,"I tell you, this place is going to the dogs!"
1198,3955,4,36,137,177,1.2485875706214689,0.036305954500587746,658,You don't see dogs playing with mouse every day!
4729,3961,8,27,138,173,1.2485549132947977,0.04029404404490567,658,Oh my god...’’To Serve Man’ -it’s a ...dog  food cookbook !!
4744,3961,7,29,137,173,1.2485549132947977,0.039451193269242305,658,"Let’s leave! This place is going to the dogs.

Bob Mayer,Warsaw, IN"
4107,3961,8,27,138,173,1.2485549132947977,0.04029404404490567,658,"He's the one farting, but he keeps telling them all it was me.

OR
He's the one passing gas, but he keeps telling them all it was me."
5484,3961,7,29,137,173,1.2485549132947977,0.039451193269242305,658,This generation of canine should do less facebooking and more walking.
2349,3961,12,19,142,173,1.2485549132947977,0.04350245195383306,658,Somebody left a pile of kibble in the break room!
1630,3961,7,29,137,173,1.2485549132947977,0.039451193269242305,658,Didn't I tell you the dog bakery next door would change this neighborhood?
862,3961,5,33,135,173,1.2485549132947977,0.03770901722553548,658,And we thought robots were our competition.
2968,3961,8,27,138,173,1.2485549132947977,0.04029404404490567,658,Hey! Where do you think the new interns are from?
2378,3969,7,28,134,169,1.2485207100591715,0.04005936096960533,658,It's a dog eat dog kinda market!
3062,3969,9,24,136,169,1.2485207100591715,0.041780822844488245,658,"Yes, I know they they are efficient working dogs with Westminster papers, but I'm tired of picking up their s_it!"
3978,3969,7,28,134,169,1.2485207100591715,0.04005936096960533,658,"I can't ""fetch"" like Ivanka here.  That doesn't make me less of a bitch."
5395,3969,7,28,134,169,1.2485207100591715,0.04005936096960533,658,"You'd think they could learn how to use the water closet too, right?"
4352,3973,7,26,128,161,1.2484472049689441,0.04135801864898707,658,"Fido has just tweeted his 10,000,000 followers to rise in revolt against their owners next Thursday!"
4749,3973,5,30,126,161,1.2484472049689441,0.039436102792547494,658,I can’t keep up; my opposable thumb offers no advantage.
1255,3975,6,27,124,157,1.2484076433121019,0.04107017189778616,658,"Quick!  How do you say, ""Wanna play fetch?"" to a French poodle?"
3953,3975,5,29,123,157,1.2484076433121019,0.040063695565756244,658,"“Let’s face it, we’re the underdogs in this Emotional Support Project.”"
5064,3977,5,27,117,149,1.2483221476510067,0.0414086712909991,658,"I love the new diversity approach here at work, but they do need to adapt the bathrooms accordingly."
1414,3978,8,36,166,210,1.2476190476190476,0.03543943759650744,658,Nobody knows when a place has gone to the dogs...on the Internet.
5188,3979,9,30,155,194,1.2474226804123711,0.038020188445794426,658,They don't think we need a union...
1793,3980,8,31,151,190,1.2473684210526317,0.03782358182378664,658,It’s so difficult to separate yourself from the herd around here.
2658,3980,10,27,153,190,1.2473684210526317,0.03926847243087613,658,"I asked him what the ""bowwow protocol"" is, and he said he'd 'byte' me."
966,3982,5,36,145,186,1.2473118279569892,0.03601141925269523,658,They can only access Wikipeedia!
2487,3983,6,33,143,182,1.2472527472527473,0.03731698561331007,658,Didn’t realize the dog friendly office was going to slow down the internet this badly!
3334,3983,8,29,145,182,1.2472527472527473,0.03890993383512966,658,I thought they played poker?
3751,3983,6,33,143,182,1.2472527472527473,0.03731698561331007,658,"Hey, don't drink the cool-aid​!"
3987,3983,7,31,144,182,1.2472527472527473,0.038121780954712484,658,Do you know the woof-fi?
4358,3983,6,33,143,182,1.2472527472527473,0.03731698561331007,658,What’s with H.R. and the new hires?
5580,3988,6,32,140,178,1.247191011235955,0.03784471285623008,658,This is why the company is going to the dogs.
3698,3988,7,30,141,178,1.247191011235955,0.038674310119759324,658,Would you stop making that weird noise with your throat?
3246,3988,5,34,139,178,1.247191011235955,0.036996517661824525,658,"Whatever happened to playing ""Go fetch"" ?"
4539,3988,9,26,143,178,1.247191011235955,0.04028228155624931,658,Technology is going to the dogs!
944,3988,6,32,140,178,1.247191011235955,0.03784471285623008,658,It's a dog-eat-dog world out there.
714,3988,6,32,140,178,1.247191011235955,0.03784471285623008,658,"Today must be ""the every dog has its day"" day."
3104,3988,7,30,141,178,1.247191011235955,0.038674310119759324,658,"I can't work with these guys, they behave like a bunch of animals!"
1503,3995,8,27,139,174,1.2471264367816093,0.040087259159242015,658,I thought the dog days were over!
1936,3995,6,31,137,174,1.2471264367816093,0.03839409864536054,658,"It's embarrassing.  I have no idea what I'm looking at, but they don't seem to have a problem."
2449,3995,7,29,138,174,1.2471264367816093,0.03924980992113152,658,I hate Bring Your Mutt to Work Day.
2795,3995,3,37,134,174,1.2471264367816093,0.03570412450437399,658,Apparently they’ve outsourced to a new training center.
3650,3995,6,31,137,174,1.2471264367816093,0.03839409864536054,658,They're in my Felinese class.
4128,3995,9,25,140,174,1.2471264367816093,0.04090756794231981,658,"If that bitch next to you doesn't stop staring at me,  I'll be forced to report her to Canine Resources"
5271,3995,10,23,141,174,1.2471264367816093,0.04171174754203893,658,They’re from that new Montessori Doggie Daycare.
266,4002,1,40,129,170,1.2470588235294118,0.03421006003879783,658,This call center is going to the dogs
2782,4002,7,28,135,170,1.2470588235294118,0.03984984408380814,658,How do these dogs even get their owners' credit card information?
2799,4002,6,30,134,170,1.2470588235294118,0.03896660659115111,658,I SAID these dog day afternoons are killing me.
2841,4002,6,30,134,170,1.2470588235294118,0.03896660659115111,658,How did this become a dog tweet dog world anyway?
3489,4002,10,22,138,170,1.2470588235294118,0.042389279379657446,658,"You’re right, the world is going to the dogs"
5163,4002,7,28,135,170,1.2470588235294118,0.03984984408380814,658,"This caller is looking for his bone, but it's not in our database!"
4415,4008,7,27,132,166,1.2469879518072289,0.04047612486444019,658,How long has it been since I looked up from my screen?
5366,4009,6,28,128,162,1.2469135802469136,0.04018755239832282,658,We outsourced from the SPCA.
4762,4009,5,30,127,162,1.2469135802469136,0.03922190882232042,658,Did you think this is what they meant when they said it was a ‘diverse campus’?
5528,4009,9,22,131,162,1.2469135802469136,0.042954430226375025,658,"I thought ""bring your pet to work day""  was tomorrow!"
1322,4009,7,26,129,162,1.2469135802469136,0.041130531286010255,658,We’ve gone to the dogs!
4642,4009,5,30,127,162,1.2469135802469136,0.03922190882232042,658,"Wi-Fi, Wi-Fido, what's the difference?"
2898,4014,7,25,126,158,1.2468354430379747,0.041815130138536466,658,I guess no bonus this year... just bones
1060,4014,2,35,121,158,1.2468354430379747,0.03667937885359433,658,"Everyone talked about how AI implants were going to change the industry, and I just didn't buy it"
1150,4014,6,27,125,158,1.2468354430379747,0.04083967988879557,658,Why are they still here? They can't go until they hear their master's voice.
1876,4017,7,24,123,154,1.2467532467532467,0.04253220024914219,658,it's like a zoo in here!
5006,4017,8,22,124,154,1.2467532467532467,0.043518622403021276,658,"How was I to know what ""Dog's Day"" meant?"
5277,4019,6,25,119,150,1.2466666666666666,0.042237918507908104,658,This organisation is going to the dogs
1624,4020,2,47,158,207,1.2463768115942029,0.031545848110519255,658,How do you like your first day?...it's like working in a zoo...right?
3685,4021,4,42,157,203,1.2463054187192117,0.03337811626893542,658,"It’s concerning, but they are man’s best friend."
4904,4022,6,37,156,199,1.2462311557788945,0.03524108034153104,658,Do you ever think that we are working with a bunch of dogs?
4320,4023,7,32,148,187,1.2459893048128343,0.03741261337034227,658,It's a start up so we can't talk about it.
700,4023,6,34,147,187,1.2459893048128343,0.036636083755378426,658,Since the take over this place has gone to the dogs.
1481,4023,8,30,149,187,1.2459893048128343,0.038173349937702904,658,How do you change your profile picture?
202,4026,12,21,150,183,1.2459016393442623,0.041706823702876476,658,"Yeah, they’ve literally taken over the internet"
889,4026,9,27,147,183,1.2459016393442623,0.039488117481737355,658,They failed to consider that bringing a working dog to bring-your-pets-to-work day would lead to the discovery that they were replaceable.
3438,4026,10,25,148,183,1.2459016393442623,0.040241280578885666,658,"It is a website for animals, so they're here for user experience."
4259,4026,5,35,143,183,1.2459016393442623,0.03631961537162879,658,What good is a longer life if this is what we do with it?
1911,4030,9,26,144,179,1.2458100558659218,0.040080405950014136,658,Are we the only two studying Pig Latin?
2674,4030,8,28,143,179,1.2458100558659218,0.039289543678694624,658,I just hope they limit this at dog eat DOG.
993,4032,9,25,141,175,1.2457142857142858,0.040697645895328316,658,"The other workers here are complete animals! I mean, how many times do I have to tell Sharon to throw away her yogurt cups!?"
961,4032,8,27,140,175,1.2457142857142858,0.039882539242502395,658,I know this is a dog friendly office but this is ridiculous.
4064,4034,6,30,135,171,1.2456140350877194,0.0387649947801712,658,"When we signed up to watch Dog Day Afternoon, I had no idea what that entailed."
2563,4034,9,24,138,171,1.2456140350877194,0.04134154289718648,658,I wish they would stick to five card stud
1187,4034,6,30,135,171,1.2456140350877194,0.0387649947801712,658,They found #squirrelfun.
1609,4034,6,30,135,171,1.2456140350877194,0.0387649947801712,658,"Wait, did they say 'open office' or 'cage free'?"
823,4038,8,25,134,167,1.2455089820359282,0.0411464256458392,658,This bring your dog to work day is rediclous!
1098,4038,5,31,131,167,1.2455089820359282,0.038426471900896805,658,"Hey, it beats the dog park."
3727,4038,10,21,136,167,1.2455089820359282,0.04286394845571293,658,I feel like a slacker. Everyone around here has a 35-year plan.
1688,4041,6,28,129,163,1.2453987730061349,0.039968957639452074,658,"Look, this is Pavlov U. It could be worse. At least we still can salivate."
2924,4041,6,28,129,163,1.2453987730061349,0.039968957639452074,658,I heard they only serve kibble at the cafeteria
3266,4041,9,22,132,163,1.2453987730061349,0.04271695987428302,658,"No, it's ""dog eat dog"" not ""doggie dog""."
4184,4044,6,27,126,159,1.2452830188679245,0.04061169607953808,658,"You seem nice, but most men who work here are real dogs!"
4221,4044,7,25,127,159,1.2452830188679245,0.04158030007535752,658,Do you get the feeling that this job is going to the dogs?
231,4046,9,33,166,208,1.2451923076923077,0.0362233744616356,658,Online poker is really taking off.
2691,4047,16,18,170,204,1.2450980392156863,0.041038713879440455,658,One of these guys is asking what to do with a huge penis that won't retract. Do you think I'm in danger
2332,4048,7,23,121,151,1.2450331125827814,0.043027674668663723,658,When they said they were hiring aliens I thought they meant people from Mexico!
763,4049,8,31,153,192,1.2447916666666667,0.037472645515630225,658,"On the internet, seems everyone’s a dog lately."
2716,4050,8,30,150,188,1.2446808510638299,0.03799229552949094,658,When did this company change from 'pet friendly' to 'pet controlling?'
3521,4050,9,28,151,188,1.2446808510638299,0.03873375547290958,658,"Is there any way to know if all this research 
is paying off?"
1740,4052,6,32,142,180,1.2444444444444445,0.03747312069753541,658,"On the dog-ternet, nobody knows you're an intern."
3336,4052,8,28,144,180,1.2444444444444445,0.03909451710500634,658,I think the big one is CIA!
3802,4052,5,34,141,180,1.2444444444444445,0.0366355227665891,658,I have to whisper as they are hush puppies or is that stereotyping or is that dogtyping
5549,4052,8,28,144,180,1.2444444444444445,0.03909451710500634,658,I think the centaur has been stealing my lunch out of the staff fridge.
4999,4056,10,23,143,176,1.2443181818181819,0.0412839070332395,658,I don’t get why they have to work us like humans here.
4867,4056,5,33,138,176,1.2443181818181819,0.03714412006299028,658,Got to be authentic. We are marketing products they use.
2627,4056,7,29,140,176,1.2443181818181819,0.03885300226654263,658,They're learning how to become comfort animals.
276,4056,7,29,140,176,1.2443181818181819,0.03885300226654263,658,Only in ZOO York!
325,4056,6,31,139,176,1.2443181818181819,0.03800816649338537,658,I don't care if they are 'man's' BFF; they aren't mine.
946,4061,8,26,138,172,1.244186046511628,0.040290065019390094,658,This company has gone to the dogs.
1022,4061,5,32,135,172,1.244186046511628,0.03767347835352644,658,"So, you wanna bone?"
2531,4061,4,34,134,172,1.244186046511628,0.03675991723670326,658,Maybe I'd like a chew toy break.
2536,4061,9,24,139,172,1.244186046511628,0.04112528170445807,658,We need to bow wowt of here!
4496,4065,6,29,133,168,1.244047619047619,0.03914635138842723,658,I’m afraid we could be the last people who can still speak the forbidden way!!
4229,4065,6,29,133,168,1.244047619047619,0.03914635138842723,658,The Republicans make them work for bones instead of begging for them.
2471,4065,10,21,137,168,1.244047619047619,0.042633095415944955,658,"Hey Jon, you really shouldn't say that management is working us like dogs."
2629,4065,7,27,134,168,1.244047619047619,0.04004650829293274,658,This ‘Take Your Pet to Work’ day just isn’t working out!
473,4065,4,33,131,168,1.244047619047619,0.03728089092506769,658,I can't concentrate with that whistling sound coming out of his headphones.
445,4065,3,35,130,168,1.244047619047619,0.03631224075621171,658,I think they are looking a “ball porn”!
423,4065,6,29,133,168,1.244047619047619,0.03914635138842723,658,This collie is inappropriately licking me!
527,4065,7,27,134,168,1.244047619047619,0.04004650829293274,658,I think he's copying me.
1074,4073,7,26,131,164,1.2439024390243902,0.04068281415552227,658,I liked it better next to the Bichon Frise.
3662,4073,8,34,163,205,1.2439024390243902,0.035868962206281226,658,"I know I said things were going to the dogs around here, but I never expected this!"
4209,4073,3,34,127,164,1.2439024390243902,0.03682152320673085,658,I really hadn’t understood what they meant by The Dog Days Of Summer.
1862,4076,7,35,159,201,1.243781094527363,0.03563731287372383,658,His tail keeps smacking me in the face.
2581,4077,5,29,126,160,1.24375,0.03940085379625947,658,"No idea about their experience with customers' complaints, but they are definitely good with the ""calls of the riled""."
2606,4077,1,37,122,160,1.24375,0.03518468233577195,658,How did WE get here?
3469,4077,8,23,129,160,1.24375,0.042288016464218176,658,This seems like dog eat dog but the last place I worked was a real zoo!
3576,4080,8,32,157,197,1.2436548223350254,0.036805156027409774,658,"The world has gone to the dogs, and there's nothing we can do to stop it!"
2889,4081,7,33,153,193,1.2435233160621761,0.03656889692614795,658,"Look, when he offers it either eat a Kibble or be replaced--your choice."
112,4081,6,35,152,193,1.2435233160621761,0.035823342337737006,658,Let’s talk and walk.
3646,4083,6,34,149,189,1.2433862433862435,0.03629382482267086,658,The new guy is working like a dog....!
4186,4083,6,34,149,189,1.2433862433862435,0.03629382482267086,658,"Whose idea was it to have a ""bring your dog to work day."""
4993,4083,5,36,148,189,1.2433862433862435,0.03550992016224305,658,It's like...why did I bother majoring in Human-Computer interaction if on the Internet nobody can tell if you're a dog?
4917,4086,8,29,148,185,1.2432432432432432,0.038346422537792836,658,No fair!  They detect dog whistles better than we do.
4770,4086,6,33,146,185,1.2432432432432432,0.03678232331278109,658,No dogs allowed? They say the computer lab is for Labs and we should get out!
3577,4086,6,33,146,185,1.2432432432432432,0.03678232331278109,658,Did you just woof at me on Instagram?
5350,4086,8,29,148,185,1.2432432432432432,0.038346422537792836,658,I can't stand the growling!
2137,4086,6,33,146,185,1.2432432432432432,0.03678232331278109,658,Are they yours?
1226,4086,10,25,150,185,1.2432432432432432,0.03984917733916139,658,I don't know what they get from this. The cat ran away weeks ago.
2207,4086,8,29,148,185,1.2432432432432432,0.038346422537792836,658,Who farted?
3186,4093,6,32,143,181,1.2430939226519337,0.037289975564118956,658,Just be grateful it’s still just a dog eat dog world out there
2810,4094,7,29,141,177,1.2429378531073447,0.03865752145389566,658,"This “bring your pet to work” policy has just gone too far,!"
3088,4094,8,27,142,177,1.2429378531073447,0.03947917552769028,658,It's getting more difficult not to take 'A Hard Day's Night' literally.
3636,4094,8,27,142,177,1.2429378531073447,0.03947917552769028,658,"I don't know about you, but I was told this was a dog-eat-dog world."
5257,4094,5,33,139,177,1.2429378531073447,0.036959454733299986,658,This place has been going to the dogs for a long time!
137,4098,7,28,138,173,1.2427745664739884,0.03923393848818495,658,How is Musk coming along with that ship to Mars?
4425,4098,7,28,138,173,1.2427745664739884,0.03923393848818495,658,"Are our coworkers really that stupid, Steve? I don't think they understood what ""Bring Your Dog to Work Day"" meant!"
5130,4098,5,32,136,173,1.2427745664739884,0.03748166563859326,658,Let's blame it on the dog
5050,4101,11,28,167,206,1.2427184466019416,0.03765066117295507,658,Internet cafes are going to the fucking dogs!
5467,4102,8,25,136,169,1.242603550295858,0.04070960047445818,658,"There is no going to about it, this place is run by them!"
4315,4102,5,31,133,169,1.242603550295858,0.03802557608223639,658,‘What the heck does wolf Wof Wof Arf Bow Wow Arf mean?
644,4102,7,27,135,169,1.242603550295858,0.03983502469756131,658,Apparently the dog demographic is through the roof on this product.
3002,4102,6,29,134,169,1.242603550295858,0.03894081168286858,658,"If I don’t meet this week’s quota, then I’ll be the one in the doghouse."
808,4106,8,24,133,165,1.2424242424242424,0.04136574125120958,658,It's a zoo in here!
1002,4106,7,26,132,165,1.2424242424242424,0.04046251004639518,658,"This ""open"" floor plan has gone too far."
3048,4106,4,32,129,165,1.2424242424242424,0.03762293488329237,658,Human! Let’s do dinner
3729,4106,7,34,157,198,1.2424242424242424,0.03593294656459355,658,"Why does Max have to keep kibbles right there on his desk, when he knows we're not supposed to eat them?"
4884,4110,4,31,126,161,1.2422360248447204,0.038181079583507166,658,That new AI app translates everything.
877,4111,9,28,153,190,1.2421052631578948,0.038367972397513,658,It's a dog eat dog cyberspace
4621,4111,7,32,151,190,1.2421052631578948,0.03688782618727382,658,THIS is what they meant by colour-blind hiring?
2242,4113,5,28,124,157,1.2420382165605095,0.03980320063478991,658,"Is this a ""Dog Day Afternoon?"""
5303,4114,10,24,148,182,1.2417582417582418,0.040247940422259945,658,"Yesterday, he microwaved fish!"
1089,4114,5,34,143,182,1.2417582417582418,0.03628130191652918,658,I cannot believe they work for rawhides.
861,4114,8,28,146,182,1.2417582417582418,0.038710091351527566,658,He's listening to a seriously tail-waging mix!
221,4114,6,32,144,182,1.2417582417582418,0.03710856554292327,658,"How are we supposed to compete in a ""Dog Eat Dog"" office space?"
17,4114,5,34,143,182,1.2417582417582418,0.03628130191652918,658,It seems like nobody knows we’re people.
263,4114,6,32,144,182,1.2417582417582418,0.03710856554292327,658,Why do I always get the old goat?
1331,4120,8,27,143,178,1.2415730337078652,0.03928047368902724,658,"They have to be here, they’re the top dogs of this dog eat dog world!"
838,4120,2,39,137,178,1.2415730337078652,0.03408923262294837,658,Of course a best friend is a peer!
1056,4120,6,31,141,178,1.2415730337078652,0.03762971789818171,658,"I don't care if you are a boxer, I am still going to have to ask you to leave."
5371,4120,10,23,145,178,1.2415730337078652,0.04086460029624646,658,What’s with all the dogs on this dating site?
3012,4124,5,32,137,174,1.2413793103448276,0.03729174181003091,658,It seems we've lost our dominion over all the creatures of the earth.
4005,4124,10,29,164,203,1.2413793103448276,0.03733959133466037,658,What're we gonna do now? Our jobs are going to the dogs.
2505,4124,7,28,139,174,1.2413793103448276,0.0390327496256229,658,This speed dating has its pitfalls. I was chatting for hours with what turned out to be poodle!
2007,4124,7,28,139,174,1.2413793103448276,0.0390327496256229,658,"If he barks, I  am calling the boss!"
435,4124,7,28,139,174,1.2413793103448276,0.0390327496256229,658,I told you free range office space would be a zoo.
2223,4124,5,32,137,174,1.2413793103448276,0.03729174181003091,658,"I thought you said this was a vegetarian workshop, not a veternarian one!"
533,4130,5,31,134,170,1.2411764705882353,0.037828162549369895,658,I guess tech companies are skeweing younger AND harrier.
1029,4130,5,31,134,170,1.2411764705882353,0.037828162549369895,658,I told you Artificial Intelligence is replacing us.
3446,4130,6,29,135,170,1.2411764705882353,0.038737366019591844,658,"Hey, the new guys aren't wearing pants.  I know there supposed to be ""really good boys"" but jeez!"
4247,4130,2,37,131,170,1.2411764705882353,0.03495896092618769,658,Run! We're next!
4489,4134,5,30,131,166,1.2409638554216869,0.03838728006320661,658,Who's to say we are the Pinnacle of Evolution?
2815,4135,5,29,128,162,1.2407407407407407,0.038970687467344535,658,They are on line like seven times longer!
2916,4135,6,27,129,162,1.2407407407407407,0.03994240500744754,658,I guess at this startup they really do eat their own dogfood.
3590,4135,6,27,129,162,1.2407407407407407,0.03994240500744754,658,Who cares if you aren't the boss's BEST FRIEND???  At least your  breath is really sweet!
2370,4138,3,31,120,154,1.2402597402597402,0.038048475825209836,658,"And then he said: ""You're insensitive, Claudia"". After I worked my tail off to get this internship."
329,4139,8,27,144,179,1.2402234636871508,0.0390837207153183,658,This is the future liberals want.
2080,4139,7,29,143,179,1.2402234636871508,0.03827226837169604,658,"Do they always have to play ""Who Let the Humans Out?""?"
5253,4141,6,24,120,150,1.24,0.04196515013083304,658,This startup is for the dogs!
4582,4141,2,38,135,175,1.24,0.03434586950497171,658,...and HR never replied to my e-mails...
4371,4141,6,30,139,175,1.24,0.037978474587846534,658,The one to your left is Lady and the boy across from her is Giles
5166,4141,7,28,140,175,1.24,0.03883356765752401,658,This industry has really gone to the dogs!
873,4141,7,28,140,175,1.24,0.03883356765752401,658,This is the ultimate outsource.
11,4141,8,26,141,175,1.24,0.039670233450325,658,"Man, these liberal arts schools will let anybody in nowadays."
1212,4141,9,24,142,175,1.24,0.04048961431027807,658,"How bad could an online dog obedience school be?"" you said. Now he won't even Skype me unless I reward him with him with a doggie style porn video"
1431,4148,7,33,156,196,1.239795918367347,0.036071325875433075,658,I don't care if it IS international dog day! I will not be shushed by a cocker spaniel!
5262,4148,6,35,155,196,1.239795918367347,0.03533853317066927,658,The goat with the hooves types better than I do!
503,4150,3,35,133,171,1.239766081871345,0.03575784793774845,658,"Apparently, this is HR's response to office sexual harassment."
1895,4150,7,27,137,171,1.239766081871345,0.03941854243318433,658,"So there really are dogs on the Internet, and no one else knows?!"
2730,4150,8,25,138,171,1.239766081871345,0.04028176929035214,658,Their new app is Kibble ‘n Bitcoin.
4083,4150,3,35,133,171,1.239766081871345,0.03575784793774845,658,"What does ""Woof,arf,woof,arf,arf,arf"" mean"""
4000,4154,9,28,155,192,1.2395833333333333,0.03800889670737838,658,When did this place go to the dogs?
4385,4155,9,22,136,167,1.2395209580838322,0.041792307750462845,658,Apparently you can also get in if your parent buy a lab.
1475,4155,6,28,133,167,1.2395209580838322,0.03911729012126524,658,"Tim, C++ is a programming language. It does not stand for ""Cats""."
778,4157,4,26,112,142,1.2394366197183098,0.04112295635269635,658,"Look, I tried it. They're simply not buying into the idea that it's a Dog eat Dog world."
3040,4158,4,37,147,188,1.2393617021276595,0.034658059936536416,658,I still can't hear anything.
5466,4158,8,29,151,188,1.2393617021276595,0.03779865463616996,658,I told you for the registration it's K thru 9 and not canine. Now what do we do for a snack break?
1040,4160,9,21,133,163,1.2392638036809815,0.042487912862297,658,"Best friend my ass!  First it was the competition from overseas, now Pavlov and his buddies who work for scraps"
2970,4161,5,34,145,184,1.2391304347826086,0.03593367417974381,658,It’s “dog eat dog” here in the corporate world.
5578,4161,6,32,146,184,1.2391304347826086,0.036750856742374896,658,"I resented the  way they have  avoided paying this new crew the higher minimum wage ,  but did they have to fill the snack vending machine with bags of kibble?"
3603,4163,7,35,163,205,1.2390243902439024,0.03501991128582385,658,"''Our days are numbered, but our nights are still our own.''"
3210,4164,7,24,128,159,1.2389937106918238,0.0413327062245104,658,"They're all on a short leash, so in exactly 4 minutes we're making a break for the door."
5613,4164,7,24,128,159,1.2389937106918238,0.0413327062245104,658,They definitely work more doggedly than we do!
5665,4166,4,35,141,180,1.238888888888889,0.03555351871881589,658,I complained about these guys to HR; they told me to stop dog whistling.
5340,4166,7,29,144,180,1.238888888888889,0.03808244257635737,658,"As a cat person, this is ruff."
4136,4166,4,35,141,180,1.238888888888889,0.03555351871881589,658,Can you believe we left the pig sty for this!?
2738,4166,7,29,144,180,1.238888888888889,0.03808244257635737,658,Do you have any idea what we're supposed to be doing?
943,4166,6,31,143,180,1.238888888888889,0.037258545142702076,658,Seriously!? Is our job going to the dogs?
1495,4171,4,34,138,176,1.2386363636363635,0.03602725912744582,658,They just have an instinct for bringing in donations on dog-whistle issues.
3797,4171,9,24,143,176,1.2386363636363635,0.040281990081318636,658,"They're famous for treating us like dogs here, but I don't see it."
3799,4171,6,30,140,176,1.2386363636363635,0.037786684560917196,658,This job is ruf.
4647,4171,7,28,141,176,1.2386363636363635,0.03863636363636365,658,So let him be leader of the pack for awhile what’s wring with that?
3023,4175,7,27,138,172,1.2383720930232558,0.03921347983474019,658,Their code is nothing more than doggerel .
3653,4175,10,21,141,172,1.2383720930232558,0.04173362395913673,658,You mean your avatar is a human?
434,4175,5,31,136,172,1.2383720930232558,0.03743925865640066,658,Whatever happened to knick-knack-paddy-whack give your dog a bone???
2785,4178,6,28,134,168,1.2380952380952381,0.03890988107192088,658,"These co-workers are not MY best friends, but then again, you are a man."
3052,4178,4,37,148,189,1.2380952380952381,0.03449745118704287,658,"I’ve heard of Pavlovian, but this is rediculous!"
3923,4178,4,32,132,168,1.2380952380952381,0.03703251066524659,658,Throw me a bone... the ratings have been ruff.
4222,4178,4,32,132,168,1.2380952380952381,0.03703251066524659,658,Well I sure hope this is the wrong focus group.
5229,4178,7,31,151,189,1.2380952380952381,0.03686374925847798,658,"All traders are equal, but some traders are more equal than others."
4477,4183,5,34,146,185,1.2378378378378379,0.035762277823612264,658,"Don't worry about your job, all these guys can't type"
3735,4184,6,27,131,164,1.2378048780487805,0.039508052276424614,658,I heard we were bought out by a dog training company.
3025,4184,6,27,131,164,1.2378048780487805,0.039508052276424614,658,"I already told you, I will not wear a dog collar."
3943,4184,7,25,132,164,1.2378048780487805,0.04044382392608217,658,"Don't worry, once competition heats up, they'll start eating themselves."
5123,4187,5,33,143,181,1.2375690607734806,0.03623830239778666,658,He has more BFFs than Beyoncé.
3924,4187,3,37,141,181,1.2375690607734806,0.03450275137236685,658,When they mentioned the “decline in our HR” I didn’t think they meant this!
4688,4189,5,28,127,160,1.2375,0.03914123354624906,658,"You don't really think ""Woofi"" is going to sell, do you?"
186,4190,5,37,156,198,1.2373737373737375,0.034282529972861714,658,The boss insisted a monkey could do my job!
2460,4190,6,35,157,198,1.2373737373737375,0.03502236463018241,658,I'm stepping out for a kibble break.
1636,4192,6,30,141,177,1.2372881355932204,0.03759677561650712,658,"I've gotten use to the lunch-time fetching and the bowls of kibble on the desk, but dammit I'm drawing the line at Max here chewing on my new boots."
3013,4192,5,32,140,177,1.2372881355932204,0.036733039642401065,658,"Ordinarily I'm a 'live and let live' kind of person, but what the furry community is doing with CRISPR technology feels like a crime against nature."
3248,4192,7,28,142,177,1.2372881355932204,0.0384411091430224,658,I know we're short-staffed but this is ridiculous.
3860,4195,5,27,124,156,1.2371794871794872,0.039759595485652936,658,"I mean, he didn't have to say it's a girl-eat=girl world in the staff meeting?"
1613,4195,4,29,123,156,1.2371794871794872,0.038705457589905345,658,"I heard it plain as day. Arf, arf, woof,woof,woof, arf,arf woof,arf,woof. Thier plotting to take over your chair."
4123,4197,6,29,138,173,1.2369942196531791,0.03813928888572191,658,NOW do you believe me when I tell you our school has gone to the dogs?
3250,4197,9,23,141,173,1.2369942196531791,0.04069699450924623,658,"Did the temp agency send you after the ""dog eat dog"" incident, too?"
1973,4197,9,23,141,173,1.2369942196531791,0.04069699450924623,658,"Thanks to our new co-workers, the boss expectations keep getting higher."
1770,4197,10,21,142,173,1.2369942196531791,0.04151456006284188,658,What happens when investors figure out that dogs can't commercialize self-driving cars either?
4829,4201,7,26,136,169,1.2366863905325445,0.039604155908338316,658,"Yes, I know it’s a trade-off, 
but we’re out of poop bags again."
601,4201,4,32,133,169,1.2366863905325445,0.03683968011272507,658,See? I told you this place has gone to the dogs.
1466,4201,6,28,135,169,1.2366863905325445,0.03870460937766047,658,How is it going for you ? I don´t have the human skills for this.
2881,4201,6,28,135,169,1.2366863905325445,0.03870460937766047,658,I heard this place was going to the dogs!
5137,4201,7,26,136,169,1.2366863905325445,0.039604155908338316,658,"They were supposed to send in scabs, not labs."
3826,4206,8,23,134,165,1.2363636363636363,0.04113226470331693,658,I can't believe they're being so messy in a library! These guys are such animals and the one next to you especially looks like a real bitch!
5519,4206,4,31,130,165,1.2363636363636363,0.037366079264409956,658,Well all I know is there was no flame war until you and Rex got here.
3242,4206,6,27,132,165,1.2363636363636363,0.03929431943180782,658,They're all using MasterMatch.com
3511,4206,7,25,133,165,1.2363636363636363,0.0402237910895572,658,just don’t say a word and maybe they won’t notice
1752,4206,7,25,133,165,1.2363636363636363,0.0402237910895572,658,"Is ""Tell us your Favorite Kibble Brands and We'll Guess your Age in Human Years"", too obviously clickbait?"
2803,4206,6,27,132,165,1.2363636363636363,0.03929431943180782,658,"Call me old fashioned, but this hipster trend is getting really out of hand"
1069,4206,7,25,133,165,1.2363636363636363,0.0402237910895572,658,"They say it’s an equal opportunity employer, but we’ll never be the big dog."
1039,4206,6,27,132,165,1.2363636363636363,0.03929431943180782,658,"Jeez, they work me like a dog at this job."
1185,4214,8,27,147,182,1.2362637362637363,0.038504880303622084,658,"Apparently everyone's having a really ""ruff"" Monday."
1914,4214,7,29,146,182,1.2362637362637363,0.03770826221534447,658,"Look, all I know is that it’s a dog hack dog world out there."
3292,4214,8,27,147,182,1.2362637362637363,0.038504880303622084,658,Could they make this any more complicated?
4204,4214,10,23,149,182,1.2362637362637363,0.04005060977046967,658,"Are we supposed to sniff butts to say, ""Hello"" too?"
4457,4214,3,37,142,182,1.2362637362637363,0.03433747177240663,658,"I'm new here.  Can you send me the link for the codes for ""woof"" and ""baa""."
5037,4214,8,27,147,182,1.2362637362637363,0.038504880303622084,658,He just sits here drooling over BallHub all day.
5116,4220,7,33,159,199,1.236180904522613,0.0355868012400994,658,Is this what they mean by dog days?
3544,4220,9,29,161,199,1.236180904522613,0.0369856473778644,658,They work a lot cheaper.
2915,4222,8,22,131,161,1.236024844720497,0.041810285769677824,658,Match.com is reaching out to new subscribers.
3762,4222,5,28,128,161,1.236024844720497,0.0389253226253006,658,Low unemployment is not man's best friend.
5365,4222,6,26,129,161,1.236024844720497,0.03991015526199483,658,I think I follow that guy on Instagram.
64,4225,8,26,144,178,1.2359550561797752,0.039068815724360335,658,Working here is like working in a cartoon.
425,4225,4,34,140,178,1.2359550561797752,0.03567145180433194,658,"I know our agency wants to hear every point of view, but, C'MON!"
2966,4225,10,22,146,178,1.2359550561797752,0.04066118918872947,658,My nose has been up here the whole time.
514,4228,9,28,158,195,1.235897435897436,0.037482472050839655,658,The Internet has gone to the dogs.
114,4229,6,25,126,157,1.2356687898089171,0.04055402635311177,658,who are these new colleagues? you would think they would start hiring humans after what happened last time.
2402,4229,6,25,126,157,1.2356687898089171,0.04055402635311177,658,"Sorry, but if they don’t mine Bitcoin for at least an hour a day then this whole “Dog Walker” gig just really isn’t worth my time."
3060,4229,5,27,125,157,1.2356687898089171,0.03953441204976719,658,This job's really gone to the dogs...
4378,4232,8,25,141,174,1.235632183908046,0.03965630381652937,658,"I’m right here, don’t email me!!"
2848,4232,9,23,142,174,1.235632183908046,0.040485345502343936,658,We are being over-run by minority groups.
1473,4232,6,29,139,174,1.235632183908046,0.03794391777713952,658,I hate afternoon walk time.
1686,4232,8,25,141,174,1.235632183908046,0.03965630381652937,658,I know this place was cheap but the astro-turf makes me nervous.
1795,4232,3,35,136,174,1.235632183908046,0.03521957683040056,658,"You don't see us chasing balls. Oh, wait, you do."
1251,4237,7,31,153,191,1.2356020942408377,0.036519077692678655,658,Didn't I tell you to buy them blue collars?
2672,4237,5,35,151,191,1.2356020942408377,0.0349774189090602,658,Ever since they cracked that species code - the rule of thumb is gone.
965,4239,5,30,135,170,1.2352941176470589,0.037586533316371365,658,"Just ignore any text which isn't a command, and then the gist of it becomes legible..."
2194,4239,8,24,138,170,1.2352941176470589,0.04026895106115291,658,They learned it in therapy dog training school.
4205,4239,6,24,123,153,1.2352941176470589,0.04122803788532132,658,Now I know this company has gone to the dogs.
4635,4239,7,30,150,187,1.2352941176470589,0.03701184829243827,658,Do you have a moment to step out for a bark?
5068,4239,5,30,135,170,1.2352941176470589,0.037586533316371365,658,Can you upload me some flea meds?
4885,4244,6,31,146,183,1.2349726775956285,0.036714991463871485,658,I find these colleagues terribly ruff to work with
204,4244,5,33,145,183,1.2349726775956285,0.035887899880252774,658,Not what I expected for 'Bring your to work' day.
567,4246,6,27,133,166,1.2349397590361446,0.03908283551689334,658,Why do the bitches not get headphones?
1178,4246,7,25,134,166,1.2349397590361446,0.04000609181322669,658,"If I don't win this game, its the doghouse for me."
1219,4246,3,33,130,166,1.2349397590361446,0.03617195020533435,658,"''I'm wondering whether dogs are man's best friends is getting too literal."""
1401,4246,8,23,135,166,1.2349397590361446,0.04090851662302249,658,What! It’s a dog’s day afternoon!
3162,4246,3,33,130,166,1.2349397590361446,0.03617195020533435,658,Don’t you think we’re a little overqualified?
4534,4246,4,31,131,166,1.2349397590361446,0.03716758442224853,658,"Another Affirmative Action hire, I bet."
4250,4252,5,36,155,196,1.2346938775510203,0.03439089545246416,658,"When Dorothy took over, this place went to the dogs."
588,4253,7,28,144,179,1.23463687150838,0.03805633763900577,658,I missed the K9 in the firm's URL.
4495,4253,5,32,142,179,1.23463687150838,0.0363695399643473,658,The leg-humping I can handle. It's the microwaved fish that offends me.
2202,4255,6,26,130,162,1.2345679012345678,0.039689781138555175,658,"You think the Shar-Pei was a diversity hire, but I bring up the fact we're the only ones who have to wear pants and I'M problematic? Wow, Brad."
2624,4255,3,32,127,162,1.2345679012345678,0.03667744563790985,658,They've discovered Pong!
3695,4257,5,35,152,192,1.234375,0.03481639896968675,658,I can't work here! This place is a zoo!
1216,4257,8,29,155,192,1.234375,0.03709169991603824,658,It's a real zoo in here.
4189,4259,5,31,139,175,1.2342857142857142,0.03687028953044232,658,"Really Phil, this is the day you choose to send out a cat meme?"
2061,4259,7,27,141,175,1.2342857142857142,0.03861063506395905,658,psst...I thought we were the only ones that could reason!
1476,4259,7,27,141,175,1.2342857142857142,0.03861063506395905,658,I do not want to use these computers during mating season.
530,4259,5,31,139,175,1.2342857142857142,0.03687028953044232,658,"Sometimes, on the internet nobody knows you're a dog.  But when we know you're a dog, we turn you over to the dog help desk."
345,4263,7,23,128,158,1.2341772151898733,0.04131175878720662,658,How do I know they're not whistling at me?
198,4264,10,20,141,171,1.2339181286549707,0.04173864777461072,658,But they _love_ the password 'bark1234'!
1309,4264,6,28,137,171,1.2339181286549707,0.038300351429659284,658,I thought this was a class on the dogmatic approach to important issues.
2274,4264,1,38,132,171,1.2339181286549707,0.033509993608077396,658,Are you sure we're in the right department? We don't quite fit in here!
61,4267,10,27,164,201,1.2338308457711442,0.037326697476423275,658,See! It's not so hard. I knew you would eventually learn this new software.
1492,4268,7,22,125,154,1.2337662337662338,0.04201063300091712,658,Did you sign Jen's birthday card yet?
1594,4269,7,29,148,184,1.233695652173913,0.03734120849199929,658,I have a feeling we're not in Kansas anymore.
5197,4270,5,29,133,167,1.2335329341317365,0.037934275940574406,658,"Hey, I was wondering are you a shepherd or something?"
4483,4270,6,27,134,167,1.2335329341317365,0.03887356631476411,658,"First two dogs and then whatever this thing on my right is! What's next, a camel? Well I guess it is Wednesday."
639,4270,6,27,134,167,1.2335329341317365,0.03887356631476411,658,"Here I thought that robots were going to replace us, not rovers."
497,4270,6,27,134,167,1.2335329341317365,0.03887356631476411,658,"Would it surprise you if I told 
you bones have more value than cigarettes?"
2139,4270,6,27,134,167,1.2335329341317365,0.03887356631476411,658,Can you decode what they're saying?
4060,4275,8,26,146,180,1.2333333333333334,0.03867770984665455,658,"I thought I'd be working in the bullpen, not the dog pound!"
1408,4275,6,23,121,150,1.2333333333333334,0.041683441813290076,658,Why are people online such animals?
2157,4275,9,24,147,180,1.2333333333333334,0.03947199621773374,658,Cats at the Bottom of the Ocean 2.0 just came out
2382,4275,6,30,144,180,1.2333333333333334,0.03703807157669554,658,I think this place is going to the dogs
3350,4275,4,34,142,180,1.2333333333333334,0.03532240440936666,658,"Don't worry, you'll get the next big story. Every dog has its day."
3846,4275,7,28,145,180,1.2333333333333334,0.03786676633343822,658,I told you it was take your pet to work day!
3929,4275,6,30,144,180,1.2333333333333334,0.03703807157669554,658,They still don't know who won 'Goodest Boy'?
4503,4282,8,22,133,163,1.2331288343558282,0.04134612183809339,658,I didn't know the geniuses were coming to work today.
2816,4282,5,28,130,163,1.2331288343558282,0.03850039876330727,658,And I have dog hair all over my black pants just in time for my presentation.
800,4284,6,29,141,176,1.2329545454545454,0.03755898548671179,658,I guess the business world isn't dog-eat-dog after all.
3513,4284,2,37,137,176,1.2329545454545454,0.03392546434539647,658,This place has gone to the dogs! And I hate the vending machines with nothing but Kibble!!
3841,4284,7,27,142,176,1.2329545454545454,0.03841370140621822,658,"I lied on my application.”

“Me too, I’m not fluent neither!"
648,4287,4,36,149,189,1.2328042328042328,0.03428094690720822,658,"Don’t let the dogs here us, but let’s get O-U-T of here!"
1764,4287,7,30,152,189,1.2328042328042328,0.03666122190877384,658,Why do they keep growling at us?
4740,4287,6,32,151,189,1.2328042328042328,0.03588534382605963,658,They're farming my job out next!
954,4290,8,21,130,159,1.2327044025157232,0.042035397559610596,658,"Now they let the dogs out, it's a human-eat-human world."
4590,4291,2,39,144,185,1.2324324324324325,0.03297143183776814,658,"They make more money than we do,plus all the treats they want!"
4302,4292,6,24,125,155,1.232258064516129,0.040750556591056655,658,No I did not say Pet you!
1543,4292,7,22,126,155,1.232258064516129,0.041765955550451435,658,They say that they are immigrants from Kennel.
431,4294,7,25,136,168,1.2321428571428572,0.03957755097325211,658,What’s a woofer.
3480,4294,3,33,132,168,1.2321428571428572,0.035794392624006355,658,"At WeWork, we ALL work, there’s no free dog biscuits, Jack."
4460,4294,8,23,137,168,1.2321428571428572,0.040468117580017,658,You're the one who said they're all animals
1194,4297,10,22,149,181,1.2320441988950277,0.040048368410603295,658,I know your are the only male here; what's your problem?
1655,4297,6,30,145,181,1.2320441988950277,0.03685542559150922,658,I guess they are man's best friend for a reason.
2426,4297,3,36,142,181,1.2320441988950277,0.03426602300991715,658,Can you translate “baa” into dog language?
2465,4297,8,26,147,181,1.2320441988950277,0.03848502441133876,658,I've had it with this job! You're all a bunch of animals.
2714,4297,8,26,147,181,1.2320441988950277,0.03848502441133876,658,"I hinted and hinted, but does she invite me to the park with the others at the park for a quick nip? Never."
584,4302,9,27,158,194,1.231958762886598,0.03746759569629353,658,Can you believe Trevor listens to Nickleback?
3939,4303,5,25,121,151,1.2317880794701987,0.04035571262730383,658,It’s gone viral - your bark is worse than your bite.
314,4303,6,23,122,151,1.2317880794701987,0.04143529609412827,658,That is so fetch.
3220,4303,5,25,121,151,1.2317880794701987,0.04035571262730383,658,I’m not familiar with the Boxedoodle dialect.
1849,4306,6,26,132,164,1.2317073170731707,0.039256101709711264,658,My virtual world is going to the dogs!
4485,4306,6,26,132,164,1.2317073170731707,0.039256101709711264,658,He's angry that the free biscuit promotion expired. What should I say?
4721,4306,5,28,131,164,1.2317073170731707,0.03829131523408356,658,"I don't know about you, Fred, but I feel a little objectified by the article ""You Won't Get Over How Cute These 10 Humans Are"" that Fido is writing."
291,4309,7,30,153,190,1.231578947368421,0.03648833611058324,658,I told you that the internet was going to the dogs.
785,4309,9,26,155,190,1.231578947368421,0.037984052669412315,658,"They claim special knowledge of Sirius, the Dog Star"
3225,4311,10,17,133,160,1.23125,0.043637546401864104,658,I swear one of them shit in the microwave.
3657,4311,4,29,127,160,1.23125,0.037848875052863794,658,I told you this company has gone to the dogs!
4316,4313,4,32,137,173,1.23121387283237,0.03608748997379457,658,They still think we’re dogs.
3876,4313,8,24,141,173,1.23121387283237,0.03963786413407614,658,Looks like this place is going to the dogs
1243,4313,7,26,140,173,1.23121387283237,0.03878075473718621,658,Is it just me or has this place been going to the dogs lately?
709,4313,4,32,137,173,1.23121387283237,0.03608748997379457,658,OK. The place has gone to the dogs!
633,4313,5,30,138,173,1.23121387283237,0.037007029977213966,658,But I like cute cat videos!
149,4313,6,28,139,173,1.23121387283237,0.037904268926601155,658,This place is really going to the dogs.
600,4313,8,24,141,173,1.23121387283237,0.03963786413407614,658,Did Orwell predict Democratic Socialism would come this far?
5425,4320,5,33,148,186,1.2311827956989247,0.035374502310086556,658,I can't think of any more 'Signs That You are a Good Boy' listicles.
518,4320,4,35,147,186,1.2311827956989247,0.034543201573081196,658,How do you say donation in poodle?
1638,4320,7,29,150,186,1.2311827956989247,0.036981085587390744,658,I think the Snoop Dogg edibles are kicking-in.
3504,4320,5,33,148,186,1.2311827956989247,0.035374502310086556,658,And all I said is that I hope AI isn't going to take my job!
3555,4324,6,30,146,182,1.2307692307692308,0.036674532301339,658,I feel like a dog working here!
162,4324,10,22,150,182,1.2307692307692308,0.03984811653142857,658,The schnauzer wants to nuke Catalonia!
3414,4324,11,17,141,169,1.2307692307692308,0.04279604925109129,658,"Just once, Mike, I'd like to go somewhere besides The Dog Fart Cafe."
3899,4324,7,22,127,156,1.2307692307692308,0.04152406085578367,658,I guess doggy daycare got out early today...
2218,4324,5,32,145,182,1.2307692307692308,0.03583725089382372,658,What kind of visa did they arrange for these guys?
104,4324,7,25,137,169,1.2307692307692308,0.039366639670704535,658,I can't believe they hired that jackass.
1360,4324,4,31,134,169,1.2307692307692308,0.036584220431205454,658,I'll pick up your poop if  you pick up mine.
909,4324,7,25,137,169,1.2307692307692308,0.039366639670704535,658,Ever since poker's gone on-line.
1857,4324,8,29,158,195,1.2307692307692308,0.03657826483731444,658,"They say that we’re next.”
Ivor Hanson, Scarsdale, N"
182,4333,7,30,154,191,1.2303664921465969,0.03631703969807826,658,The dogs found more Russian computer interference than I did.
565,4333,9,26,156,191,1.2303664921465969,0.037804107903980616,658,Growling at irate customers doesn't bother me nearly as much as dogging it when I'm busting my behind.
3960,4333,9,26,156,191,1.2303664921465969,0.037804107903980616,658,They're training cats and dogs in here!
3547,4336,8,25,145,178,1.2303370786516854,0.038851415442904054,658,"Translated (”Pierre, when you signed up for an English-as-a-second-language lab, you should have read the fine print!”)"
797,4337,5,28,132,165,1.2303030303030302,0.03808443805020087,658,Didn't I tell you? This job's a bitch.
4491,4337,4,30,131,165,1.2303030303030302,0.03710140956341412,658,Of course they have more sales. They speak the same language.
4560,4339,6,31,150,187,1.2299465240641712,0.0360139043585744,658,"David, your breath is disgusting!"
4410,4340,8,24,142,174,1.2298850574712643,0.03943179820768196,658,"I know someone said our company was going to the dogs, but jeez"
1663,4340,6,28,140,174,1.2298850574712643,0.03770921868430573,658,The boss did compare this internship to Animal House...
2911,4340,5,30,139,174,1.2298850574712643,0.03681771863825234,658,"Now I understand that expression, "" It's a dogs world."""
3255,4340,5,30,139,174,1.2298850574712643,0.03681771863825234,658,I didn't know we were going to get our bonus in doggie treats!!
582,4344,2,33,126,161,1.2298136645962734,0.03551795889564173,658,I can't stand Max.
2096,4345,5,35,156,196,1.2295918367346939,0.03418650456500447,658,This CRISPR technology has gotten out of hand.
3195,4346,7,28,148,183,1.2295081967213115,0.037308994628868324,658,Pavlov's Dogs had nothing on these guys!
2118,4346,4,34,145,183,1.2295081967213115,0.0348111097077585,658,"Let's face it, we can't compete with them. They're a different breed!

Peter Giessner, Peapack, NJ"
1217,4346,5,32,146,183,1.2295081967213115,0.03566318268835112,658,He's chatting with a poodle...
444,4346,6,30,147,183,1.2295081967213115,0.036495367375049347,658,The programs are dog friendly.
3827,4350,7,25,138,170,1.2294117647058824,0.03915792241867862,658,There is no way we are hacking into Meowmix servers without opposble thumbs.
5573,4350,9,21,140,170,1.2294117647058824,0.04089706806967718,658,So...when will the dogs start eating each other?
3738,4352,5,26,126,157,1.2292993630573248,0.039257159454396444,658,Looks like I picked the wrong week to quit eating dog biscuits.
3976,4352,6,24,127,157,1.2292993630573248,0.04028379184927872,658,I told you this would happen when we got a poker simulator on the company computer.
3518,4354,5,31,143,179,1.229050279329609,0.036137391592408426,658,This place is really going to the dogs!  that gets my goat!
4559,4354,7,27,145,179,1.229050279329609,0.03783454067884032,658,"Are we actually trying to make ""Fetch"" happen?"
5112,4356,2,34,130,166,1.2289156626506024,0.034868555564977435,658,I hear the new boss has a powerful drive to hunt and dig.
4303,4357,4,27,122,153,1.2287581699346406,0.03879055189853624,658,I TOLD you it had gone to the dogs.
4448,4358,3,37,148,188,1.2287234042553192,0.03337711135889626,658,Psst! They're  setting up their playdates !
4120,4358,10,23,155,188,1.2287234042553192,0.038887743785272384,658,You ever get the sense things are going to the dogs?
2686,4358,4,35,149,188,1.2287234042553192,0.03421872084253205,658,It's a dog-eat-dog world in here!
80,4361,7,26,142,175,1.2285714285714286,0.038381518736628206,658,And there was me thinking all the Dog videos on Facebook were to get humans addicted to it
4261,4361,7,26,142,175,1.2285714285714286,0.038381518736628206,658,It must be that new promotion offering free bytes.
4366,4361,6,28,141,175,1.2285714285714286,0.03751612367420643,658,I told you this place was a code farm!
645,4364,7,23,132,162,1.228395061728395,0.04039021702110284,658,"Mine says, ""Play Again?"", what does yours say?"
2126,4364,8,21,133,162,1.228395061728395,0.04132857204299843,658,did you say it's like a zoo in here ?
3188,4364,4,29,129,162,1.228395061728395,0.03743428806197879,658,He said he doesn't like baths.
3236,4364,3,31,128,162,1.228395061728395,0.03639566851433947,658,Didn't I tell you this place is going to the dogs?
4538,4364,9,19,134,162,1.228395061728395,0.042246089797930854,658,"There's something very weird going on here, Fido. I say we go for a walk and chase some tennis balls at lunch to try to figure it out."
5602,4369,7,28,149,184,1.2282608695652173,0.037126633209998545,658,"One coworker showing up for work in  a fur coat okay, but this is ridiculous!"
1045,4369,8,26,150,184,1.2282608695652173,0.03791811473098765,658,The stash is in the peanut butter jar. They're always the first to hear it open.
27,4369,8,26,150,184,1.2282608695652173,0.03791811473098765,658,"This business is dog eat dog. So I'll eat the two on the left, you eat the 40 on the right."
29,4369,6,30,148,184,1.2282608695652173,0.03631790690922581,658,"The job ad mentioned an office dog, but this isn't what I expected."
1160,4373,7,20,122,149,1.2281879194630871,0.042718272912899216,658,"It was bound to happen, what with all the cat videos on the internet."
1191,4374,2,35,134,171,1.2280701754385965,0.034252177550314136,658,How do you know if you are chatting with a dog or not?
1421,4374,9,21,141,171,1.2280701754385965,0.040679329077174635,658,Fetch?
2713,4374,4,31,136,171,1.2280701754385965,0.036205117955160016,658,These questions are rough rough rough.
3936,4374,3,33,135,171,1.2280701754385965,0.035242178090218075,658,"Between you and me, I think this dogitization-trend is getting out of hand!"
5533,4374,6,27,138,171,1.2280701754385965,0.038057975055904594,658,"Psst! Hey, I'll swap you a milkbone for a liver treat?"
5638,4374,5,29,137,171,1.2280701754385965,0.03714310185958428,658,If only we worked with party animals.
5530,4380,6,24,128,158,1.2278481012658229,0.04005431909756252,658,"""I think the dogs have fetched a bit too far."
5449,4381,9,23,148,180,1.2277777777777779,0.03925956181637003,658,How do you stop them from wagging their tails?
3773,4381,4,33,143,180,1.2277777777777779,0.0350848537386069,658,"I told you! The new traders have a ""canine""  instinct."
422,4381,3,35,142,180,1.2277777777777779,0.03418879517369177,658,I tried to prepare them for the dead cat bounce but they seemed to not care too much...
1587,4381,6,29,145,180,1.2277777777777779,0.03681159402580952,658,"Wait, how did YOU get the wifi password?"
5212,4385,4,38,160,202,1.2277227722772277,0.03274118860308057,658,Looks like they weren't all bark about workplace diversity.
5232,4385,5,36,161,202,1.2277227722772277,0.03348498302749305,658,I thought we'd order hot dogs for lunch.
673,4387,7,24,136,167,1.2275449101796407,0.03954565451888787,658,Service animals. Their owners felt too emotionally unstable.
3371,4388,5,30,141,176,1.2272727272727273,0.0364447148062397,658,"Instead of booking kennels, they’re booking timeshares"
3295,4388,5,25,124,154,1.2272727272727273,0.0396516613277557,658,Well... This is the diffculty of resisting a beurocratic Dogma
4891,4388,4,27,123,154,1.2272727272727273,0.03856645962786087,658,"So if he’s ‘# TOPDOG’ , we’re seriously  UNDERdogs!"
3183,4388,3,34,139,176,1.2272727272727273,0.03461715048119959,658,"It started as a wag, now it's a wave."""
1971,4388,3,34,139,176,1.2272727272727273,0.03461715048119959,658,I hear they're compensated in  high-end kibble.
1848,4388,9,27,162,198,1.2272727272727273,0.036782315162726294,658,Stop being such a bitch!
882,4388,4,27,123,154,1.2272727272727273,0.03856645962786087,658,"I've applied to a desert island cartoon and a posh party cartoon. Meanwhile, whatever."
790,4388,8,29,161,198,1.2272727272727273,0.036078588467134284,658,They are on Duck Duck Go
1127,4396,6,30,149,185,1.227027027027027,0.03614212741951539,658,This place has gone to the dogs!
1207,4397,4,29,130,163,1.2269938650306749,0.037230298035232104,658,It’s nuts. Facebook broke the dog code.
5515,4397,7,23,133,163,1.2269938650306749,0.04016610732830603,658,Why would management allow philosophical exemptions for the rabies vaccine?
157,4399,8,28,158,194,1.2268041237113403,0.036550641991129305,658,"I thought, ""Bring your dog to work day"" would be fun. I had no idea they meant we were training them as our replacements!"
585,4399,6,32,156,194,1.2268041237113403,0.03505877251071925,658,Their owners could not afford the health insurance premiums.
5243,4401,6,27,139,172,1.2267441860465116,0.037859288724121386,658,Bad time for a dog fight between us.
4853,4401,5,29,138,172,1.2267441860465116,0.03695032187535087,658,"When they said ‘A.I.’ would take over, I always thought they meant ‘artificial’."
2758,4401,5,29,138,172,1.2267441860465116,0.03695032187535087,658,All they do is read The Daily Mail!
3326,4401,4,31,137,172,1.2267441860465116,0.0360184234897598,658,Maybe the Animal Rights folks were right after all!
3482,4401,6,27,139,172,1.2267441860465116,0.037859288724121386,658,Office diversity has gone a step too far.
4238,4406,3,28,119,150,1.2266666666666666,0.03801173334297594,658,Human Resources continues to harp on our lack of diversity in the workplace.
2162,4407,6,34,163,203,1.2266009852216748,0.034062135943070525,658,This market is going to the dogs.
3869,4408,7,27,147,181,1.2265193370165746,0.03745785730305524,658,It's dog-eat-dog out here!
1761,4408,4,33,144,181,1.2265193370165746,0.03491316386581066,658,Isn't this taking bring your service animals to work a little far!
2227,4410,5,26,128,159,1.2264150943396226,0.03881507448550428,658,"""Goddammit I forgot my frisbee."""
5251,4410,6,24,129,159,1.2264150943396226,0.039827396390113845,658,I wasn't told dogs also work at petco.
129,4410,6,24,129,159,1.2264150943396226,0.039827396390113845,658,"Yes,it is a dog eat dog world here."
1383,4410,4,28,127,159,1.2264150943396226,0.037775633832078014,658,"I know they do it a lot in Silicon Valley, but this microdosing thing isn't really working out for me."
579,4414,5,33,152,190,1.2263157894736842,0.03471185484762704,658,"I can even live with hair all over my skirt, but it's the potty breaks that are getting to me."
1674,4414,4,35,151,190,1.2263157894736842,0.033900119091617234,658,I think we've gone too far with our encryption coding.
3357,4414,6,31,153,190,1.2263157894736842,0.03550503710038375,658,"Marge in Human Resources said that this place was going to the dogs, but I never realized..."
3831,4417,4,23,110,137,1.2262773722627738,0.0414329795155212,658,I've been hounded by suspicions about this new Baskerville app
3166,4418,4,30,134,168,1.2261904761904763,0.03651325674197914,658,I think we're barking up the wrong branch here.
4613,4418,7,24,137,168,1.2261904761904763,0.0393328859377852,658,"Its the.. #bow wow too /All lives matter era we are in, I guess?"
2500,4420,7,31,161,199,1.2261306532663316,0.03520124967031336,658,So what do you think of dog-participation day?
5336,4420,5,35,159,199,1.2261306532663316,0.0337284788998014,658,The town SPCA is trying out a new training system.
5493,4422,9,22,146,177,1.2259887005649717,0.03964420763578353,658,"Anthropomorphism, personification or whatever you want to call it— they’re not true digital citizens!"
4984,4422,5,30,142,177,1.2259887005649717,0.03626096878901628,658,"Jim,I just caught your ""so innocent"" Fido looking at those disgusting dog hinny sites from China. Again !"
2559,4422,7,26,144,177,1.2259887005649717,0.037990268863138686,658,"George, this is ridiculous! Equal Employment 
Opportunity has gone bananas."
196,4422,7,26,144,177,1.2259887005649717,0.037990268863138686,658,"Doggone crazy is what it is, doggone crazy!"
2794,4422,7,26,144,177,1.2259887005649717,0.037990268863138686,658,They bark every time they see a dog bone! It's driving me nuts!!
803,4427,5,32,149,186,1.2258064516129032,0.03515074401450922,658,"I know this isn’t PC, but I just feel like they don’t have any business sitting at a PC."
3639,4427,6,23,126,155,1.2258064516129032,0.040471029630601875,658,Until they’re adopted the shelter makes them do THIS?
5117,4427,9,24,153,186,1.2258064516129032,0.03831534105087355,658,"Well, they seem divided. One half is hearing Yanny, and the other is hearing Laurel!"
5164,4427,5,25,125,155,1.2258064516129032,0.039422291394586396,658,Someone knows I'm not a dog.
4586,4431,9,26,160,195,1.2256410256410257,0.03710078537921476,658,Our work is going to the dogs!
4878,4432,3,31,130,164,1.225609756097561,0.036004035212227316,658,I don't get it.  What is it with you boys and trees?
1412,4432,7,23,134,164,1.225609756097561,0.039944428246155295,658,"A strong dog lobby, I guess."
5396,4432,5,27,132,164,1.225609756097561,0.038025306701429465,658,"Look around, there are dogs on computers."
2067,4435,8,23,142,173,1.2254335260115607,0.03940685223251181,658,Is sexual discrimination against dogs illegal. I am thinking of bringing in my dog that is in heat to distract the coder dogs.
4380,4436,9,23,150,182,1.2252747252747254,0.038867043683386907,658,I'd rather our jobs be taken by robots.
1341,4436,10,21,151,182,1.2252747252747254,0.039640381589755094,658,"Well, it beats smelling each others' assholes."
871,4436,5,31,146,182,1.2252747252747254,0.03560612325297367,658,This place really IS for the dogs.
741,4436,7,27,148,182,1.2252747252747254,0.03727226246012079,658,All they keep saying is “Are we not men”.
4684,4440,5,24,122,151,1.2251655629139073,0.04005755840075498,658,Hey!  Don't sweat the competition.  Just remember it's a DOG eat's DOG world.
1990,4441,8,27,156,191,1.225130890052356,0.036865088741492594,658,"I get the anonymity of the web...but there is kibble everywhere!"""
3539,4441,7,29,155,191,1.225130890052356,0.0361098763072669,658,"BARKshire  Hathaway"" news to me!!"
580,4443,3,30,127,160,1.225,0.03650407059235067,658,You're the only human one here to ask.
5289,4443,4,28,128,160,1.225,0.03756545649945677,658,Do you know what Uahoo means in doggy language?
1058,4445,6,26,137,169,1.2248520710059172,0.03821146785683574,658,We are an equal opportunity employer.
5390,4445,7,24,138,169,1.2248520710059172,0.03912235491261584,658,Seriously Nate? I think you’ve taken the ‘Dog is my Co-Pilot’ thing a bit too far!
1964,4447,6,28,144,178,1.2247191011235956,0.036948288573843725,658,They work us like some sort of animal around here.
5576,4447,4,32,142,178,1.2247191011235956,0.035188294707166556,658,This one just did his business right next to me!
1671,4447,3,34,141,178,1.2247191011235956,0.034274423588582695,658,"Who let the dogs out?
Woof, woof, woof, woof, woof!"
931,4450,10,22,155,187,1.2245989304812834,0.03887574101673874,658,I didn’t kick you. The ass next to me kicked you.
1262,4450,6,30,151,187,1.2245989304812834,0.03579551947562857,658,"Eddie, I'm sorry, I forgot your leash."
1553,4450,7,28,152,187,1.2245989304812834,0.036589892331048396,658,When they said humans would be eventually be taken out of call centers I thought they were talking about robots or artificial intelligence or something like that
2053,4450,5,32,150,187,1.2245989304812834,0.03498311318711493,658,You have dog breath.
2336,4450,6,30,151,187,1.2245989304812834,0.03579551947562857,658,It's a pack of lies. Are you going to be the dog whistleblower
3954,4455,6,32,158,196,1.2244897959183674,0.03473848211575666,658,"OMG, this place is going to the d-o-g-s!"
5284,4455,5,34,157,196,1.2244897959183674,0.03397695566041122,658,This company is really going to the dogs!
3983,4457,5,29,140,174,1.2241379310344827,0.03657057341269634,658,"If management intends to get this dog and pony show off the ground, our future here is dim."
4838,4457,6,27,141,174,1.2241379310344827,0.037467954411586055,658,There’s always free WiFi during the dog days of August.
4157,4457,5,29,140,174,1.2241379310344827,0.03657057341269634,658,"""They just started this new Bark News Network!"""
3942,4457,5,29,140,174,1.2241379310344827,0.03657057341269634,658,I haven't made a sale either. Did you taste the treat sample ... ugh.
2322,4457,7,25,142,174,1.2241379310344827,0.038344339554150224,658,Things around here have gone to the dogs while you've been away.
1210,4457,5,29,140,174,1.2241379310344827,0.03657057341269634,658,How do you handle the accent bit? Apparently I'm not woofish enough.
278,4457,6,27,141,174,1.2241379310344827,0.037467954411586055,658,"On the Internet, everyone thinks you're a dog"
3006,4457,6,27,141,174,1.2241379310344827,0.037467954411586055,658,I did not get a marketing degree to stream cat videos with these tramps.
203,4465,6,29,148,183,1.2240437158469946,0.036269890316375605,658,I said...even my dog collects lower wages for the same work!
430,4465,9,23,151,183,1.2240437158469946,0.038673668880689925,658,Where are the bulls and bears?
2929,4465,7,27,149,183,1.2240437158469946,0.03708846429739342,658,They always writing doggerels on company time!
3690,4468,11,21,160,192,1.2239583333333333,0.03885698920987911,658,I'm trying to text my Mother and the President keeps texting back.
375,4468,6,31,155,192,1.2239583333333333,0.03517354121184868,658,It's a living!
970,4468,9,25,158,192,1.2239583333333333,0.03742713677035212,658,"Thanks, Obama!"
3720,4471,7,20,125,152,1.2236842105263157,0.041951947254526244,658,This company is going to the dogs!
484,4471,4,26,122,152,1.2236842105263157,0.03871111921947651,658,"Since instagram, media management is becoming much harder for us non-puppies'"
2620,4471,6,22,124,152,1.2236842105263157,0.04090021396894979,658,"Who knew that after one generation of ""Office Dogs"", it would develop into this?"
3335,4474,6,24,131,161,1.2236024844720497,0.039381037227695294,658,Different species are now included in the firm’s hiring diversity practices
1899,4474,5,26,130,161,1.2236024844720497,0.03838263072766544,658,"Sure, they can code ... but their do-loops stink."
1924,4474,6,24,131,161,1.2236024844720497,0.039381037227695294,658,Can you hear anything through these headphones?
2289,4474,4,28,129,161,1.2236024844720497,0.037357550642721914,658,"He said ""are you even FROM this Kingdom because I can't understand a word you're saying"""
4343,4474,3,30,128,161,1.2236024844720497,0.036303537547610114,658,"They seem pet-ty, no?"
3752,4479,5,28,137,170,1.223529411764706,0.03708199321004141,658,It's a dog eat dog industry
4969,4479,3,32,135,170,1.223529411764706,0.03515461465982811,658,I work like a dog and get no pat on the back!
2610,4481,5,30,144,179,1.223463687150838,0.0358988583480564,658,Have you noticed this office is full of dogs?
2136,4481,7,26,146,179,1.223463687150838,0.03760677369795993,658,Being hounded to death is my paws for alarm!
774,4483,3,31,132,166,1.2228915662650603,0.035620516242343254,658,"You know, I don't mind the fur allover the place, I don't mind the slurping of the water, and I don't even mind the occasional bark but GEEZZZ, that constant crunching on the kibble..."
3472,4483,7,23,136,166,1.2228915662650603,0.03950820899360252,658,"While we are still upright, I suggest we quickly walk away!"
5356,4485,8,23,144,175,1.2228571428571429,0.03899752483770018,658,Next they’re going to hire a python engineer!
830,4486,8,25,151,184,1.2228260869565217,0.03770254181595899,658,Are they really American?
4960,4486,7,27,150,184,1.2228260869565217,0.03690643748916387,658,"But I paid to rent a work space, not a doggie day care."
5007,4488,5,33,155,193,1.2227979274611398,0.034230566451603786,658,Don’t you think they are carrying dog training a bit too far ?
1864,4489,4,34,151,189,1.2222222222222223,0.033830581382926585,658,I bet they offer an aggressive retirement plan
5399,4489,7,26,147,180,1.2222222222222223,0.037417864161164195,658,Why do you keep calling me?  I said  I'm not interested.
5027,4489,4,32,144,180,1.2222222222222223,0.034840735053827024,658,This seems to be a grrrr-ing test. I think the Turing test is in the other room.
3219,4489,10,18,143,171,1.2222222222222223,0.04128798219253785,658,If we go outside we’ll have to participate in the rat race.
2583,4489,9,24,156,189,1.2222222222222223,0.03776168280619968,658,"dog porn's just humping but, jesus, they love it"
2538,4489,5,30,145,180,1.2222222222222223,0.03572044324363514,658,I still smell you.
1786,4489,5,28,138,171,1.2222222222222223,0.0368876703724877,658,We're investing in out of the box thinkers.
1927,4489,6,24,132,162,1.2222222222222223,0.039161520936124516,658,How do you tell the alpha dog he sounds like the Jetsons dog Astro
1469,4489,6,32,160,198,1.2222222222222223,0.03442387074473547,658,Literally nobody here speaks an even remotely human language.
1373,4489,5,26,131,162,1.2222222222222223,0.03816992907943363,658,"I'm all for diversity, but can we meet somewhere else...  just the two of us?"
603,4489,4,30,137,171,1.2222222222222223,0.035943021240637286,658,"Some of them are like others who like to act tough online, all bark but no bite!"
2065,4489,9,20,142,171,1.2222222222222223,0.040446236214596275,658,I never thought I'd see this place go to the goats.
4054,4501,9,27,167,203,1.2216748768472907,0.035959622334230966,658,Is it just me? or is there some weird role reversal going on here?
5252,4502,8,27,159,194,1.2216494845360826,0.03634857277419156,658,"Psst,I told you this company is going to the dogs."
2036,4503,4,33,148,185,1.2216216216216216,0.034242479473812905,658,I told you that we were in the wrong computer lab!
4198,4504,4,31,141,176,1.2215909090909092,0.03529005716335241,658,Let's split. This place is going to the dogs.
3640,4504,9,21,146,176,1.2215909090909092,0.03962402628794814,658,"Hey, at least this job keeps a woof over our heads."
726,4504,7,25,144,176,1.2215909090909092,0.037949879175010234,658,They hired me because everyone knows who you are.
1744,4504,6,27,143,176,1.2215909090909092,0.037084474709274375,658,They can’t have chocolate in their cookies.”
2231,4504,5,29,142,176,1.2215909090909092,0.03619838669785914,658,"Don't worry, they won't replaceus. They only handle distress calls from pets."
3332,4509,6,25,136,167,1.221556886227545,0.038364588954525436,658,"I am all for diversity, but everyone knows dogs can't see in 2D"
5017,4509,5,27,135,167,1.221556886227545,0.03741252221859647,658,They’re serving the kabucha now in BOWLS!
1296,4511,5,25,128,158,1.2215189873417722,0.03874951939947326,658,Have you believe the interns these days? They’re working them like dogs.
4752,4511,10,15,133,158,1.2215189873417722,0.04364233643043636,658,"I thought we were going to Trump Inc!""
""We did!"
5640,4511,6,23,129,158,1.2215189873417722,0.03977626061828339,658,It's a great distraction for their restlessness but what do we do about their incessant whining?
2184,4514,12,20,167,199,1.221105527638191,0.03845638276752835,658,It pooped. Again.
4819,4515,7,28,155,190,1.2210526315789474,0.03606817297101584,658,What do we do if they don’t want The Animal Channel?
938,4516,8,24,149,181,1.2209944751381216,0.03804629542133843,658,"I'd say ""telemarketing has gone to the dogs"", but that happened decades ago."
960,4516,4,32,145,181,1.2209944751381216,0.034669455987477255,658,They are concerned about the robots too.
1337,4518,4,30,138,172,1.2209302325581395,0.03575678832266111,658,They have no idea what they're doing!
2102,4518,4,30,138,172,1.2209302325581395,0.03575678832266111,658,Can you not eat at the desk your lunch smells like dog food... oh I see what just happened.
5577,4518,6,26,140,172,1.2209302325581395,0.037610461618548335,658,These interns are barking up the wrong tree.
978,4521,5,24,125,154,1.2207792207792207,0.039355163548769105,658,"I said, you can't expect to understand their chat."""
1974,4522,5,22,118,145,1.2206896551724138,0.04090565436614768,658,How do you turn this damn thing off?
1276,4523,7,29,159,195,1.2205128205128206,0.035441383893034833,658,"I know they're intelligent, but the library has a policy on too much screen time. Perhaps they could learn to play an instrument."
4708,4523,8,27,160,195,1.2205128205128206,0.03617954928352033,658,How many times have I told you never to call me at work
3600,4525,5,29,143,177,1.2203389830508475,0.036015060828470905,658,AI has turned this place into a zoo!
3551,4525,7,25,145,177,1.2203389830508475,0.037755625769599045,658,"I don''t know who all these S.O.B.'s are, but I'm tired of that one wanting me to play fetch with him."
3419,4525,6,27,144,177,1.2203389830508475,0.03689560870708377,658,I told you the country has gone to the dogs.
5536,4528,7,23,138,168,1.2202380952380953,0.03908126110969422,658,"What's wrong, Frank? Do you feel no longer at home in the White House phone room?"
566,4529,4,27,128,159,1.220125786163522,0.03748289819642971,658,I'm positive now that my Tech job won't last more than a few walks around the block.
1388,4529,4,27,128,159,1.220125786163522,0.03748289819642971,658,This is so unfair to cat lovers.
466,4531,7,19,124,150,1.22,0.042167239210550905,658,"Fine, fine, no one knows that they're dogs. But how long do they expect us to keep working for kibble?"
1989,4532,6,30,155,191,1.219895287958115,0.035121486557588316,658,I heard they could only get a dog to do this type of work.
3274,4532,6,30,155,191,1.219895287958115,0.035121486557588316,658,And he's hogging all the kibble.
3753,4532,4,34,153,191,1.219895287958115,0.03351560257597705,658,No words! Just kibbles and bits!
4992,4532,7,28,156,191,1.219895287958115,0.03589749878482992,658,How can they program with paws?
3020,4536,9,22,151,182,1.2197802197802199,0.038649721338304646,658,I  DON’T  KNOW  “
1148,4537,6,26,141,173,1.2196531791907514,0.037414229191567956,658,"Yes, it's a bit smelly, but we don't have to worry about robots taking our jobs."
5393,4537,6,26,141,173,1.2196531791907514,0.037414229191567956,658,No wonder there's been a spike in cat suicides. They should be working the canine crisis center!
684,4537,5,28,140,173,1.2196531791907514,0.036504947758810545,658,I don’t know how to talk to people.
1762,4540,9,29,176,214,1.219626168224299,0.03463441963449668,658,The bring your kids to work program should have been expanded long ago.
1629,4541,5,26,133,164,1.2195121951219512,0.037751382461241274,658,"They really opened up the skills upgrade training program to everyone, hey?"
3532,4541,1,34,129,164,1.2195121951219512,0.033554434600898436,658,They’ve been micro dosing them with psilocybin and they’re doing more creative work than us!
3868,4541,6,24,134,164,1.2195121951219512,0.03872962143917949,658,"I heard that we make 80 cents to the purebred's dollar... speciesism in the workplace in 2019?"""
3857,4544,5,24,126,155,1.2193548387096773,0.03912637056033424,658,I thought you were talking metaphorically when you said the business was going to the dogs!
5230,4544,5,24,126,155,1.2193548387096773,0.03912637056033424,658,My sales numbers were great before we started selling dog food.
3092,4546,6,29,152,187,1.2192513368983957,0.035571472135681126,658,"I thought you got to play with the dogs here, not diss cats in chatrooms."
804,4547,7,25,146,178,1.2191011235955056,0.037563318041738646,658,I can't get a dog-gone thing done!
963,4547,4,31,143,178,1.2191011235955056,0.03493655601369962,658,I told you those online posts originated from a bunch of animals!
4206,4549,6,25,138,169,1.2189349112426036,0.03795425920649814,658,It's true!  This place is going to the dogs.
2963,4549,3,31,135,169,1.2189349112426036,0.03505992951376245,658,I threw the ball so they would chase after it and we could escape. They must be screen addicts - never went outside to play ball.
2291,4549,6,25,138,169,1.2189349112426036,0.03795425920649814,658,I guess no one dresses up for Halloween in this office.
277,4549,7,23,139,169,1.2189349112426036,0.03887117402457423,658,"If we can learn why a pack of dogs attack an animal that is old, injured, or sick, we can gain insight into the Trump rally phenomenon"
1260,4553,7,21,132,160,1.21875,0.04031311704222805,658,"I know it's a dog-friendly internet cafe, but this is ridiculous!"
1363,4553,4,27,129,160,1.21875,0.037273292704785334,658,That kibble looks really good.
3999,4553,7,28,157,192,1.21875,0.03572840424623731,658,"You are talking to me, why?"
4805,4556,6,28,149,183,1.2185792349726776,0.03603845042948517,658,They are just checking their pee-mail
2648,4557,9,20,145,174,1.2183908045977012,0.03980766889015049,658,This place smelled a lot better before #mootoo.
3706,4557,6,26,142,174,1.2183908045977012,0.03721999729046228,658,The monkey typewriter theorem has really gone to the dogs.
4387,4557,6,26,142,174,1.2183908045977012,0.03721999729046228,658,What do you see?
4463,4557,5,28,141,174,1.2183908045977012,0.03631648978421153,658,"The ""Bring your pet to work"" day sounded like a good idea your dog has been drooling all over his keyboard and the guy next to me lost five customer so far today."
4858,4557,5,28,141,174,1.2183908045977012,0.03631648978421153,658,I know a good place we can go for a bowl of kibbles.
5026,4562,6,31,160,197,1.218274111675127,0.034370744963463574,658,"So dogs get equal work rights now, yet I'm still supposed to pay for the ""Tampon Tax""?!"
200,4562,7,29,161,197,1.218274111675127,0.03511617117564395,658,This library has gone to the dogs.
296,4564,7,25,147,179,1.217877094972067,0.037372927544765004,658,"I thought you were figurative talking when you said 
we would work as a dog"
4471,4564,4,31,144,179,1.217877094972067,0.0347623879696523,658,"Forget about IQ, it's about team work."
1635,4566,4,29,137,170,1.2176470588235293,0.03586097746800825,658,"We're never gonna make quota, Jim. This 'scent'  app just isn't working for me."
3353,4566,5,27,138,170,1.2176470588235293,0.036818790708485705,658,"Apparently, Millennials really love dogs in the work place."""
5236,4566,7,23,140,170,1.2176470588235293,0.03866329833037824,658,"Unlike what Trump may think, we're all animals."
5,4569,5,32,156,193,1.217616580310881,0.034009272310043547,658,Like I keep saying: the Internet sure has gone to the dogs!
4720,4570,8,19,134,161,1.2173913043478262,0.0410419912353003,658,Aren't our dog whistles simply rhetorical devices!
4050,4570,3,29,129,161,1.2173913043478262,0.036003420487427176,658,I’m wondering if my support dog needs his own support dog.
1871,4570,8,24,152,184,1.2173913043478262,0.03748142322245667,658,How can we be expected to compete with such dogged co-workers?
1189,4570,5,30,149,184,1.2173913043478262,0.035023813228333485,658,"I answered their ad on the internet, they asked me a couple of questions, and then PoochBook said I was hired."
1627,4570,8,19,134,161,1.2173913043478262,0.0410419912353003,658,The only way they can play with the kids now is by getting on Fortnite.”
1851,4570,4,32,148,184,1.2173913043478262,0.03416534738313972,658,I don’t know how these bitches got into the library.
1315,4570,7,31,169,207,1.2173913043478262,0.03397351734074008,658,Is this company going to the dogs or what?
2366,4577,4,30,141,175,1.217142857142857,0.03520923684066699,658,"Doggoneit, I forgot my password.  Think it is ""Arf-arf something"" ?"
3102,4577,5,28,142,175,1.217142857142857,0.036129929475352866,658,I couldn't woof less about your paranoid conspiracy theories!
2790,4579,5,26,135,166,1.216867469879518,0.037341741551228755,658,"(Psst! Hey, Bob - they’re ANIMALS!)"
5082,4579,7,22,137,166,1.216867469879518,0.03924849503273128,658,The one next to me has a slight hearing problem.
5268,4579,5,26,135,166,1.216867469879518,0.037341741551228755,658,This test of our Phetch app is not going well.
1907,4582,5,29,146,180,1.2166666666666666,0.035475837853167526,658,Are you sure this is the right internet media room?
4278,4582,4,31,145,180,1.2166666666666666,0.034589909293801936,658,"These Mutt-llenials, am I right?"
1144,4582,5,29,146,180,1.2166666666666666,0.035475837853167526,658,I could have been a barista!
4265,4585,4,26,127,157,1.21656050955414,0.03760604401679526,658,Evidently they were cleared by Security.
2589,4586,7,28,159,194,1.2164948453608246,0.03539486919776026,658,You can't keep blaming it on the dogs.
4826,4586,8,26,160,194,1.2164948453608246,0.03614156492916748,658,This job is really going to the dogs!!!
1540,4588,7,23,141,171,1.2163742690058479,0.0384576000097948,658,I told you this place is for the dogs.
2846,4588,4,29,138,171,1.2163742690058479,0.0356733605047262,658,Did you try #enoughcatvideos or thetruthaboutcats.com?
5312,4590,6,20,122,148,1.2162162162162162,0.04128446572032289,658,They decided we're  not marketing our animal shelters appropriately so they're rewriting our marketing materials.
5104,4590,7,26,152,185,1.2162162162162162,0.036500628325222786,658,Did you hear the rumor? A Poodle and a Pug are to replace us tomorrow!
4382,4590,5,30,150,185,1.2162162162162162,0.034853795417071426,658,"I just got a call from somebody who said, ""Woofety Meow!"""
3136,4590,6,28,151,185,1.2162162162162162,0.035686712675105876,658,It’s not exact what I expected when I signed up for a zoology lab course.
1166,4590,6,28,151,185,1.2162162162162162,0.035686712675105876,658,Quit blaming your farts on me.  I know it’s you.
3995,4590,7,26,152,185,1.2162162162162162,0.036500628325222786,658,I thought it was Data Organization and Graphics Lab.
836,4596,4,27,131,162,1.2160493827160495,0.0368608903308661,658,All those cat videos are causing the dog world to strike back.
1434,4596,6,23,133,162,1.2160493827160495,0.03888557197968405,658,"How do you spell ""woof""?"
3816,4598,3,32,141,176,1.2159090909090908,0.034090909090909095,658,Do you know of a happy hour that allows pets?
3465,4598,7,24,145,176,1.2159090909090908,0.0377084916482334,658,I hate these new PetSmart stores.
4039,4598,8,22,146,176,1.2159090909090908,0.03855989376696924,658,"Can you believe these new guys?"" ""Damn millennials."
1485,4598,6,26,144,176,1.2159090909090908,0.03683741681293388,658,Megan in corporate told me our new CEO is a real dog!
2986,4598,3,32,141,176,1.2159090909090908,0.034090909090909095,658,You didn't tell me they were ALL dogs!
1291,4603,7,27,156,190,1.2157894736842105,0.03585011325520013,658,"Never mind his lack of pants, I find his pants distracting."
2255,4603,4,33,153,190,1.2157894736842105,0.03343869379625918,658,Jerry smells like wet dog today
3429,4605,7,30,167,204,1.2156862745098038,0.034225646224708514,658,"I know this is a computer lab, but this is ridiculous!"
5527,4606,6,24,137,167,1.215568862275449,0.03809904777909678,658,This is a really bitchy work environment.
110,4606,5,26,136,167,1.215568862275449,0.03714017467354157,658,The internet has viruses and they are going to give it parasites too.
478,4606,5,26,136,167,1.215568862275449,0.03714017467354157,658,Office bitching.
2999,4606,4,28,135,167,1.215568862275449,0.036155880681964556,658,I searched every branch.  I can't believe there are absolutely no copies of Animal Farm available in the entire system.
4572,4606,6,24,137,167,1.215568862275449,0.03809904777909678,658,NO ONE finds bugs like the Big Dog.
4676,4606,5,26,136,167,1.215568862275449,0.03714017467354157,658,"Well, dogs obviously ARE smarter than us!"
1284,4612,7,25,149,181,1.2154696132596685,0.03699778711999317,658,"Just thought we were gonna hire
 some hackers not barkers!!!!!"
3131,4612,7,25,149,181,1.2154696132596685,0.03699778711999317,658,There's been an uptick in dog suicides.
1252,4612,4,31,146,181,1.2154696132596685,0.03441909628623667,658,Doesn't anyone play 'fetch' anymore?
2165,4615,9,24,162,195,1.2153846153846153,0.03670035921815891,658,"What do you call a dog with a surround system?""
""A sub-woofer!""
""What does a dog say before eating?""
""Bone Appetite!""
""What kind of dog does Dracula have?""
""A bloodhound!""
""Why did the hounds tweet the White House?""
""To make both ends meet..."
25,4616,10,25,174,209,1.215311004784689,0.03566982375172128,658,"No more immigrants, but he's still bringing in 'furriners'."
465,4617,3,28,127,158,1.2151898734177216,0.03629829314129352,658,"And I'm like, ""Enough coffee, Yellow Fang."""
1277,4617,2,30,126,158,1.2151898734177216,0.035170163916135345,658,The Petsmart call-in center has gone to the dogs!
3318,4617,4,26,128,158,1.2151898734177216,0.03739240217015649,658,"Actually, not everyone on the internet is a dog."
3743,4617,3,28,127,158,1.2151898734177216,0.03629829314129352,658,"How did we get here?!
I thought Animal Planet was not a real place."
4703,4621,5,27,140,172,1.2151162790697674,0.03643313192611111,658,These chat sessions are going to the dogs.
5039,4621,2,33,137,172,1.2151162790697674,0.03351678286966637,658,I know they keep barking at the customers but they haven't had their morning coffee.
5621,4621,3,31,138,172,1.2151162790697674,0.03451628876250621,658,Do you ever get the feeling the internet is going to the dogs?
1834,4624,4,32,150,186,1.2150537634408602,0.03383716132101834,658,Every single breed thinks they're texting English !!
4719,4625,7,29,164,200,1.215,0.034639202817895454,658,"Having dogs in the office is getting a little out of control, don't you think?"
4436,4626,2,31,130,163,1.2147239263803682,0.034530129902969164,658,We're being replaced by a cow and a pig.
1195,4627,3,32,142,177,1.2146892655367232,0.033919698778945295,658,I think Facebook is going to the dogs.
1572,4627,5,28,144,177,1.2146892655367232,0.035762391363413255,658,"He keeps sending me follow requests from his SECOND Instagram account, the one he set up for his owner."
2609,4627,4,30,143,177,1.2146892655367232,0.03485322511105908,658,Bring your pet day? It's just not working out!
4468,4627,4,30,143,177,1.2146892655367232,0.03485322511105908,658,Socialism
5132,4627,5,28,144,177,1.2146892655367232,0.035762391363413255,658,None of these dudes are 'On Leash'.
5452,4627,9,20,148,177,1.2146892655367232,0.0391886970640903,658,They are just letting anyone work here aren't they!?
5623,4627,3,32,142,177,1.2146892655367232,0.033919698778945295,658,Our coworkers are such dogs
5149,4634,4,31,147,182,1.2142857142857142,0.03424992566792915,658,"The free walks, tennis balls and desk-side kibble aren't perks...they're distractions."
4055,4634,8,23,151,182,1.2142857142857142,0.03762855936438472,658,They literally look at humans ALL day!
3888,4634,5,29,148,182,1.2142857142857142,0.035125064785047164,658,"!!! I've had with them smelling my hair every time they walk by. 
How weird is that?"
3791,4634,5,29,148,182,1.2142857142857142,0.035125064785047164,658,This is another one who wants to woof woof!
2130,4634,4,28,136,168,1.2142857142857142,0.03596292123756162,658,"What's good, dawg?"
1016,4634,7,22,139,168,1.2142857142857142,0.03882254116139484,658,"The ""dog days"" of trading haven't arrived yet"
282,4634,4,28,136,168,1.2142857142857142,0.03596292123756162,658,It's the new pet equity initiative.
2580,4634,4,31,147,182,1.2142857142857142,0.03424992566792915,658,"dog porn's just humping, but i love it"
1768,4642,6,28,153,187,1.213903743315508,0.035341654647976624,658,These dogs are beating us! We'll never get into an ivy league college without cheating.
4640,4642,8,24,155,187,1.213903743315508,0.036932838582920575,658,"Don't you get it, it's a rigged dog show. These dogs are here to make sure the Russian Wolfhound wins!"
2974,4644,5,27,141,173,1.2138728323699421,0.03624326017152717,658,"Yeah, it’s no WeWork. But you can’t beat the unlimited kibble at WeBark."
3054,4644,5,27,141,173,1.2138728323699421,0.03624326017152717,658,"I can't tell if he is saying ""woof, woof, woof"" or ""work, work, work"""
3758,4644,6,25,142,173,1.2138728323699421,0.03715894566570339,658,"I thought she said 'free browser test'. Maybe it was 'three Bowsers test' ""?!?!?"
4976,4644,5,27,141,173,1.2138728323699421,0.03624326017152717,658,"Who let the dogs in, woof woof woof."
3696,4648,6,22,131,159,1.2138364779874213,0.03926396685971161,658,"They are the temp employees from the ""Woofers and Tweeters"" department"
1945,4649,5,31,156,192,1.2135416666666667,0.0339405822511292,658,"I can't understand him, he keeps MUTTering!"
1731,4650,3,32,143,178,1.2134831460674158,0.03375015861700442,658,"It will be more collaborative,"" they said.
It feels more like being in a kennel to me"
3655,4650,8,22,148,178,1.2134831460674158,0.03816376641550227,658,"it's like they have the attention span of a dog!"""
4505,4650,3,32,143,178,1.2134831460674158,0.03375015861700442,658,"Trump said that all women are dogs, so I and my dogs are writing in protest."
5161,4650,7,24,147,178,1.2134831460674158,0.03732282270874226,658,Nobody knows they're dogs - or Russian hackers
2932,4654,4,27,133,164,1.2134146341463414,0.03645732995242712,658,Help - my EIEIO's are all used up!
2331,4655,3,23,110,136,1.213235294117647,0.03961702313858518,658,"I don't know about you, Jerry, but I bet these guys are in it only for the big pensions..."
908,4656,5,29,149,183,1.2131147540983607,0.034952217338136596,658,Turns out MOST of it IS dogs!
2552,4656,4,31,148,183,1.2131147540983607,0.03408237457213372,658,"We've got to do something quick, cuz this company is going to the dogs!"
4945,4656,5,29,149,183,1.2131147540983607,0.034952217338136596,658,"Bitchin' interns, amirite?"
5414,4659,1,34,134,169,1.21301775147929,0.032684959822143686,658,"Friend?  More like ""Man's Best Influencer."""
5059,4659,8,20,141,169,1.21301775147929,0.039514595348022326,658,"No, he's a Google doodle/Computer Lab/Card Cattle dog mix. Do you have a P-slip or not?"
5122,4659,3,30,136,169,1.21301775147929,0.03477342886234429,658,Diversity Committee has done it this time.  This it THE most radical idea this company has implemented!
3302,4659,8,20,141,169,1.21301775147929,0.039514595348022326,658,"Smell messaging, it's drawn a new breed of user."
57,4659,5,26,138,169,1.21301775147929,0.03674338186822071,658,"Honestly, you can't trust any of them. They're all a bunch of dogs."
4681,4664,3,27,125,155,1.2129032258064516,0.03659936835618227,658,These slave drivers expect us to work like dogs.
2158,4665,8,24,156,188,1.2127659574468086,0.03675347761037063,658,I'm dropping out of Tinder.
2874,4665,6,28,154,188,1.2127659574468086,0.03517157274825884,658,This is some dog and pony show!
4764,4665,2,36,150,188,1.2127659574468086,0.03177235206663431,658,AND they vest in like nine months!
5225,4665,7,16,118,141,1.2127659574468086,0.04365345551208611,658,"But we have no ""tail"" to tell'"
6,4669,5,27,142,174,1.2126436781609196,0.03605532106729181,658,I can't believe they didn't recognize my new haircut?!
630,4669,3,31,140,174,1.2126436781609196,0.03416291324162709,658,It's a dog eat human environment.
1106,4669,5,27,142,174,1.2126436781609196,0.03605532106729181,658,Ssshh...it's Taco Tuesday in the break room.
3280,4672,6,22,132,160,1.2125,0.0390406778668338,658,Does 'Bow-WOW' mean they are pleasently suprised?
1608,4672,5,24,131,160,1.2125,0.038020496789240264,658,He wants to talk to a Martian. Do we have one on staff yet?
849,4674,4,30,145,179,1.2122905027932962,0.034504191460679706,658,Our communications are important too...
3523,4674,5,28,146,179,1.2122905027932962,0.035402117549563586,658,I didn't know they were hiring new social media managers
1399,4676,5,25,135,165,1.2121212121212122,0.0372640433583312,658,I'm worried Fido is outsourcing...
2849,4676,4,27,134,165,1.2121212121212122,0.03625877959066186,658,"I thought the expression ""It's a dog eat dog world"" was, well, just a cliché"
3218,4676,6,23,136,165,1.2121212121212122,0.038242891593327236,658,You are more annoying than a dog
5559,4676,6,23,136,165,1.2121212121212122,0.038242891593327236,658,The AI dog-machine interface isn't doing well distinguishing 'woof' from 'wooof'.
2295,4680,7,25,152,184,1.2119565217391304,0.03644877468036621,658,Arf! Arf! Ruff.
2106,4681,5,22,124,151,1.2119205298013245,0.0394322528237114,658,Which one is Instructor Howl?
935,4682,3,30,137,170,1.2117647058823529,0.034590977110617906,658,I like equality but not this much
5186,4682,6,24,140,170,1.2117647058823529,0.037488353261914895,658,In my wildest dreams I could never have imagined that the Internet would literally go to the dogs!
840,4684,8,24,157,189,1.2116402116402116,0.03657582601219522,658,This is what happens when you let in the 'Border Collies'.
3805,4685,7,23,145,175,1.2114285714285715,0.03765592339509204,658,I'm so over internet dating. The last one was a real dog!
169,4685,5,27,143,175,1.2114285714285715,0.035869285980535785,658,"What, you never heard of dog days!"
1114,4687,6,29,159,194,1.211340206185567,0.03441074611780377,658,Unpaid vacation days is bad - but the washrooms are worse”
1422,4688,4,22,116,142,1.2112676056338028,0.03976630604598696,658,These new guys really don't understand how to work in an office.
82,4689,1,32,128,161,1.2111801242236024,0.03344822861574226,658,It’s all dog food ads!
3516,4690,5,28,147,180,1.211111111111111,0.03522463947122307,658,"The open office concept was bad enough, but then the company went to the dogs."
4275,4690,6,26,148,180,1.211111111111111,0.03609499234393096,658,"Like I said, social media has gone to the dogs."
951,4692,3,25,119,147,1.2108843537414966,0.03767456807427461,658,I heard they really know how to be ruff with​ our most difficult customers.
3686,4693,5,25,136,166,1.2108433734939759,0.0370609170276147,658,"The job description mentioned eating your own dog food, but this is ridiculous."
4603,4693,2,31,133,166,1.2108433734939759,0.033977250043880684,658,"Doggone it, Rex.  When I said sit, i didn't mean at the computer."
158,4693,2,31,133,166,1.2108433734939759,0.033977250043880684,658,How come we can't play on-line poker too?
694,4693,5,25,136,166,1.2108433734939759,0.0370609170276147,658,This industry is really going to the dogs.
1102,4697,7,22,142,171,1.2105263157894737,0.038200425866029626,658,"And what exactly do you mean by ""those dogs""?"
3897,4697,3,34,153,190,1.2105263157894737,0.0323492787975189,658,You'd think that Dogbook could feed us more than free kibbles to keep us here 14 hours a day.
3947,4697,5,26,140,171,1.2105263157894737,0.036354829626023814,658,"It's the latest from corporate;
something like 'fido-calling.'"
4150,4697,4,32,154,190,1.2105263157894737,0.03319895527357003,658,We're working too much overtime. My team is dog tired!
3047,4701,6,25,145,176,1.2102272727272727,0.03658364854964922,658,"Hey creep, what do you think you're doing making those disgusting panting noises?"
3237,4701,5,27,144,176,1.2102272727272727,0.03568512682153709,658,I can’t hear a dog-gone thing!
4126,4701,2,33,141,176,1.2102272727272727,0.032842397620514725,658,Do you think the new interns have ODed on kibble?
593,4704,7,19,131,157,1.2101910828025477,0.040444863230868704,658,Do you know the translation for Woof Bark Woof?
2437,4704,5,23,129,157,1.2101910828025477,0.03837275501065125,658,I can’t believe that dog is going to lead the ‘anti bullying of cats’ campaign!
3358,4706,7,24,150,181,1.2099447513812154,0.03675867388545017,658,Tom saw their owners chasing frisbees on the beach.
4641,4706,3,32,146,181,1.2099447513812154,0.03325132612388175,658,This therapy dog app may be a step to far
2937,4706,3,32,146,181,1.2099447513812154,0.03325132612388175,658,"Woof, Arff, Bark, Bark?"
1052,4706,8,22,151,181,1.2099447513812154,0.03758440447874504,658,"I feel like I’m working with a bunch of dogs, don’t you?"
2037,4706,6,26,149,181,1.2099447513812154,0.03591396318441954,658,"Our co-workers, are animals!!!"
1429,4706,7,24,150,181,1.2099447513812154,0.03675867388545017,658,"Stephen West:  ""I'm so tired of working like a dog!"""
2301,4706,7,24,150,181,1.2099447513812154,0.03675867388545017,658,"I mean, what the hell, we don't need doors or dividers anymore, just a patch of astroturf and hydrant and we're good? I don't think so. I might as well pee right here on your leg."
437,4713,5,29,152,186,1.2096774193548387,0.034443548803862356,658,Our productivity is through the Ruff
2341,4713,8,23,155,186,1.2096774193548387,0.03688801933565217,658,"I knew that they were trying to get cheaper help, but this is ridiculous...I mean both dogs spent two hours just smelling each other during their break and the big one spent about an hour just panting and drooling all over his mouse!"
3167,4713,6,27,153,186,1.2096774193548387,0.03527719791836999,658,I think it's about time we insure our thumbs.
2522,4716,5,25,137,167,1.2095808383233533,0.03685995558345681,658,You think they can take us in doubles ping pong?
5115,4716,3,29,135,167,1.2095808383233533,0.03484776308214011,658,I'm suffering from bark pain.
652,4716,3,29,135,167,1.2095808383233533,0.03484776308214011,658,Use your beast voice.
1135,4716,6,23,138,167,1.2095808383233533,0.03782593280419043,658,"With speaker phones, you never know who is going to answer a robo call, just be ready to transfer the call to one of our other operators."
860,4720,5,26,141,172,1.2093023255813953,0.0361635657957072,658,Isn't send-your-pet-to-work day next week?
5295,4720,6,24,142,172,1.2093023255813953,0.03709181779132422,658,I hope they're not misrepresenting who they are.
5650,4720,5,26,141,172,1.2093023255813953,0.0361635657957072,658,"One more day like this, and we will all be eating dogfood."
659,4723,5,31,160,196,1.2091836734693877,0.03331637561370328,658,He says they're getting out of Pounds.
3234,4724,7,18,128,153,1.2091503267973855,0.04111198886896336,658,"I've got this sudden, inexplicable urge for a hot dog."
2525,4725,3,31,143,177,1.2090395480225988,0.033645910232848325,658,I'm in here until 5am last night but the new guys take a seat when they're asked and management says they're the 'good girls'!
1530,4725,6,25,146,177,1.2090395480225988,0.03639575911504273,658,It's impawsible to get any work done around here!
2001,4725,4,29,144,177,1.2090395480225988,0.03458682712803624,658,"No, you're definitely not ""shepherding the phones here."""
5339,4725,5,27,145,177,1.2090395480225988,0.03550281603158319,658,"C'mon, Jake, let's go. It's Dogma!"
4036,4729,6,21,131,158,1.2088607594936709,0.039194705034142185,658,They walked a memo over to the boss complaining how we were culturally appropriating pet insurance.
597,4729,7,19,132,158,1.2088607594936709,0.04021008030080092,658,"You're not really walking them though, are you? I think you're shirking your responsibilities as a dog walker."
3447,4731,5,28,149,182,1.2087912087912087,0.03487487459077787,658,Rules are rules.  “No eating or playing Fetch” at computer stations.
2066,4732,1,32,130,163,1.2085889570552146,0.03308701049628247,658,Did ya hear their new dating site is getting alotta wags!?
2625,4733,4,27,137,168,1.2083333333333333,0.03567565156823325,658,"John,it is hard to find a human to date!"
3296,4733,4,27,137,168,1.2083333333333333,0.03567565156823325,658,I don't think they have to go through HR
86,4735,4,33,160,197,1.2081218274111676,0.03237347974699016,658,This is a dog gone conundrum.
1240,4735,5,31,161,197,1.2081218274111676,0.03316382908565373,658,is this the Twilight Zone?
3878,4737,4,28,141,173,1.2080924855491328,0.03502762842863945,658,"So I say, that's no bone--that's my boyfriend"
3872,4738,5,27,146,178,1.2078651685393258,0.035322326571128,658,"I knew it was bring your owner to work day, but forgot that it’s also dress-down Friday."
557,4738,8,21,149,178,1.2078651685393258,0.03792237691131519,658,They call it bow-wowsing the Web.
1080,4738,7,23,148,178,1.2078651685393258,0.03707595849786003,658,This library branch has gone to the dogs
575,4741,2,28,124,154,1.2077922077922079,0.035294154392683776,658,Is the Puppy Bowl on tonight?
2603,4741,5,22,127,154,1.2077922077922079,0.03873402441995206,658,"The dogs are gonna get the Cadillac and the free set of steak knives, wheres that ball?"
5022,4741,5,22,127,154,1.2077922077922079,0.03873402441995206,658,"If just ONE cat appears on the monitors, we're ruined."
1968,4744,6,21,132,159,1.2075471698113207,0.0389695629547607,658,They always wag their tails and bark when the Team Lead comes through but none them are Apple Certified yet
2843,4745,6,27,155,188,1.2074468085106382,0.034936337623489015,658,"Bark up, not start up, you idiot!"
2801,4745,6,27,155,188,1.2074468085106382,0.034936337623489015,658,I don't believe my eyes; shocking it's so pretentious.
3747,4745,3,33,152,188,1.2074468085106382,0.03240184880894125,658,Do you mind me asking how much you get paid to sit here like this?
491,4745,3,33,152,188,1.2074468085106382,0.03240184880894125,658,"When you get a complainer, just fetch the supervisor."
1599,4745,6,27,155,188,1.2074468085106382,0.034936337623489015,658,Where's Lassie?
4756,4745,8,23,157,188,1.2074468085106382,0.03652843102861612,658,You said we were going to a computer lab.  This is a mut.
3863,4751,7,21,141,169,1.2071005917159763,0.03834757809708793,658,"They 
They want to know if I'm a robot!"
3839,4751,4,27,138,169,1.2071005917159763,0.03548534361547313,658,"I'm telling you, people aren't as safe from automation as they think."
376,4753,5,26,143,174,1.206896551724138,0.03578691214382268,658,These new-fangled open offices smell like a kennel.
5607,4754,4,29,146,179,1.2067039106145252,0.034238927627246056,658,Can you believe this company moved from a cube farm to the animal farm?
1877,4755,5,28,151,184,1.2065217391304348,0.03453186826891509,658,"doggone it, there goes our lead!"
4990,4755,0,38,146,184,1.2065217391304348,0.029924359139818318,658,It's a troll farm -- what did you expect?
5311,4755,1,36,147,184,1.2065217391304348,0.030900870556853303,658,They are looking for their leash-holders!”
2045,4758,6,21,133,160,1.20625,0.03874695666685832,658,They all saw than damn New Yorker cartoon.
439,4759,7,27,165,199,1.2060301507537687,0.0343726963619748,658,I said Facebook not Facebark!
2869,4759,5,31,163,199,1.2060301507537687,0.03286281433071622,658,"As far as I can see, you're just another animal."
5682,4759,7,27,165,199,1.2060301507537687,0.0343726963619748,658,"Apparently, your dog is my online lecturer this morning."
4333,4762,5,25,140,170,1.2058823529411764,0.036269727470319896,658,"I thought I could get into vet school on my own, but now I’m not so sure."
852,4762,7,21,142,170,1.2058823529411764,0.03814079730839188,658,"Yeah, right. Not my idea of speed dating either. You actually talk!  Novel idea."
1441,4764,5,26,144,175,1.2057142857142857,0.035601463833249025,658,They said they were sending a monkey.
1930,4764,5,26,144,175,1.2057142857142857,0.035601463833249025,658,"Hey, Dawg."""
3998,4764,5,26,144,175,1.2057142857142857,0.035601463833249025,658,I forged a pedigree for this internship before I knew they paid us in pizzle sticks and scritches. At least I can put it on my CV.
1939,4767,8,21,151,180,1.2055555555555555,0.037535187068860665,658,"So, how did you get fetched into this?"
2161,4767,2,33,145,180,1.2055555555555555,0.032193955794677286,658,...And you couldn't find ANY other job?
3273,4769,6,19,126,151,1.205298013245033,0.040217818412421134,658,I can't find my stress ball
2383,4770,5,29,156,190,1.2052631578947368,0.033787522575099926,658,Work like a dog
3101,4770,6,27,157,190,1.2052631578947368,0.03460189986546671,658,You are saying he's a dog? His online dating profile seems human enough.
4845,4770,8,23,159,190,1.2052631578947368,0.03617569708206852,658,I wonder if they being paid more than us.
4583,4773,6,28,161,195,1.205128205128205,0.03402463374804186,658,What’s up?”I was taking Spanish!”I was talking French!” I didn’t sign up for Cocker Spaniel!
751,4774,6,21,134,161,1.204968944099379,0.038526844338140374,658,"Call me a rotten team player, but I'm tired of fixing their spaghetti code."
1103,4775,2,30,134,166,1.2048192771084338,0.03366184121212308,658,I'm quitting if the menu is all vegan again.
2395,4775,4,26,136,166,1.2048192771084338,0.035765321948023274,658,Does the frisbee fetch session come after this?
2969,4775,8,18,140,166,1.2048192771084338,0.03963881499940293,658,Look. I'm dog tired today. Woof. Can we have dinner after? 9? K. 9 o'clock. K. 9. Thanks. You're a good boy.
1449,4778,5,25,141,171,1.2046783625730995,0.03607709576736016,658,Why do we have to sit on the end?
3422,4778,6,23,142,171,1.2046783625730995,0.03701832368721846,658,"At lest they keep to themselves,"
4910,4778,5,25,141,171,1.2046783625730995,0.03607709576736016,658,"It is a new breed of dogs, trained to chase trolls instead of dogs"
4466,4781,5,26,145,176,1.2045454545454546,0.03541789647608998,658,The roof needs to be bark and the siding ruff. What don't you get?
4240,4781,8,20,148,176,1.2045454545454546,0.03806878755090871,658,I’m more upset that the men and women are paid the same. Dogs get equal pay but humans don’t?!
2405,4781,5,26,145,176,1.2045454545454546,0.03541789647608998,658,I truly believe this job is going to the dogs.
1837,4781,4,28,144,176,1.2045454545454546,0.034489017467245454,658,"Where again, sorry, are the chew treats and water bowl?"
360,4781,4,28,144,176,1.2045454545454546,0.034489017467245454,658,"I said I learned AI as a happy member of D.O.G...the ""digital output generation.""  How did you get here?"
4258,4786,5,27,149,181,1.2044198895027625,0.034791523318105574,658,"Last count, we're at 17 bathrooms."
5480,4786,6,25,150,181,1.2044198895027625,0.035662830075574734,658,"Pss, Frank this internet job  has
gone to the dogs!!"
2781,4788,6,27,158,191,1.2041884816753927,0.0344370341315231,658,But he handed me a poopie bag! We're next
5223,4788,5,29,157,191,1.2041884816753927,0.033627335885908036,658,I don't feel as though this is an evolving workplace.
3395,4790,6,18,123,147,1.2040816326530612,0.0408861577647834,658,What dialect is this?
5503,4790,6,28,162,196,1.2040816326530612,0.03386676834700871,658,Rottie always takes the biggest bytes.
2642,4792,5,22,130,157,1.2038216560509554,0.038059725002335024,658,We're being replaced with seeing eye dogs!
4474,4792,5,22,130,157,1.2038216560509554,0.038059725002335024,658,"I want to work here, but I'm allergic to dogs."
5412,4794,5,24,138,167,1.2035928143712575,0.036571684009034426,658,It's a dog optimize dog world.
5038,4794,4,26,137,167,1.2035928143712575,0.035571662940660276,658,"I keep telling you Barry, dog surfing is the new dog walking service."
179,4794,6,22,139,167,1.2035928143712575,0.03754507874741222,658,Is there a hashtag for hashtag?
2269,4794,4,26,137,167,1.2035928143712575,0.035571662940660276,658,This goes way beyond dog eat dog...!
3349,4794,4,26,137,167,1.2035928143712575,0.035571662940660276,658,Do they know they have 'dog smell'?
318,4799,4,27,141,172,1.2034883720930232,0.034926194732559604,658,He's glued to the bark side of the net.
999,4799,4,27,141,172,1.2034883720930232,0.034926194732559604,658,Can you believe the hours here? They work us like animals.
4282,4799,6,23,143,172,1.2034883720930232,0.036821705426356585,658,You know when I said this place was going to the dogs ?  Well ... look what the cat dragged in!
4445,4802,3,30,144,177,1.2033898305084745,0.03336444014411783,658,I am tired of chasing bones just to fit in here.
5078,4802,5,26,146,177,1.2033898305084745,0.035236182212407374,658,"Forgive me for breaking the fourth wall here, Paul, but I told you that 'Animal Farm' wouldn't translate well to the context of today's information economy."
2253,4804,5,27,150,182,1.2032967032967032,0.03461805876496286,658,when they said they didn't discriminate I thought they meant only people not animals as well.
2978,4805,7,24,156,187,1.2032085561497325,0.03567936280544672,658,"You do realize their monitors and headphones aren't hooked up. What am I supposed to do, a lie like a dog?"
4373,4805,4,30,153,187,1.2032085561497325,0.033173994504730145,658,Someone drank my bone broth but I can't figure out who
837,4807,8,23,161,192,1.203125,0.035829626492591346,658,The worst part about being study hall monitor? Having to clean up their crap.
377,4808,3,26,129,158,1.2025316455696202,0.03564575011131952,658,Let's just ignore this all-paws meeting invitation.
893,4808,6,20,132,158,1.2025316455696202,0.03889082753360974,658,"I can't stand her snuffling noises.  That's nothing, mine smokes and never empties his ashtray!"
3453,4808,3,26,129,158,1.2025316455696202,0.03564575011131952,658,This workplace is really inclusive!
4949,4808,4,24,130,158,1.2025316455696202,0.036759286664489056,658,"Dog-gone-it, I know how you feel, Frank"
1892,4812,7,19,137,163,1.2024539877300613,0.03907542098968375,658,"Once they were able to teach the puppy Python, I knew we were doomed.."
1710,4813,8,18,142,168,1.2023809523809523,0.03920321673014316,658,Remember when the dinner table was for conversation?
2470,4813,4,26,138,168,1.2023809523809523,0.035380053762985274,658,He said his mom is an actress.
2797,4813,4,26,138,168,1.2023809523809523,0.035380053762985274,658,They disabled Bow Wow Wow!
3619,4813,7,20,141,168,1.2023809523809523,0.038283236573738964,658,I’m convinced the Internet is going to the dogs!
5509,4813,8,18,142,168,1.2023809523809523,0.03920321673014316,658,Stop sending me dick pics.
4384,4818,2,31,140,173,1.2023121387283238,0.03275200371419976,658,"He said there was a memo our department had gone to the dogs, and also that he'd report me if I keep watching Netflix..."
1552,4818,5,25,143,173,1.2023121387283238,0.03569781159499867,658,tbis year is going to be ruff...
4219,4818,5,25,143,173,1.2023121387283238,0.03569781159499867,658,They demanded equal screen time
851,4821,6,24,148,178,1.202247191011236,0.03595029486661401,658,"No, I have not seen the ‘Planet of the Puppies.’"
1345,4821,3,30,145,178,1.202247191011236,0.033196141112937456,658,I have no clue what these new guys are hashtagging!
4508,4821,4,28,146,178,1.202247191011236,0.034138889215363594,658,"So, apparently now the peacocks are no longer qualified to work the crisis line?"
5247,4821,5,26,147,178,1.202247191011236,0.03505629371350715,658,"I don’t want to sound catty, but doggone!"
3033,4825,5,27,151,183,1.2021857923497268,0.03444628773638218,658,"It's simple,just don't use the subject line 'woof' to break the bad news"
475,4825,4,29,150,183,1.2021857923497268,0.03356333562744508,658,"Who let the robots out?"""
1156,4825,4,29,150,183,1.2021857923497268,0.03356333562744508,658,Tomorrow is the Dog College Admissions Test.
1354,4825,5,27,151,183,1.2021857923497268,0.03444628773638218,658,Since they started producing ultrasonic music this place has been going to the dogs.
1139,4829,4,22,123,149,1.2013422818791946,0.03806953476017015,658,I'm worried I might be replaced by a cat.
2027,4830,3,25,126,154,1.2012987012987013,0.036131438803816876,658,"They're on the internet, and I know they're dogs."
121,4831,6,20,133,159,1.20125786163522,0.038666443836710765,658,Perhaps we should step out in the hall.
2468,4831,3,26,130,159,1.20125786163522,0.035443749678574984,658,"Wait, I went blank, how does it go again?
 "" One for the Master, and one for the Dame and one who lives where? """
4018,4831,6,20,133,159,1.20125786163522,0.038666443836710765,658,There's a new rumor that Artificial Intelligence is having difficulty incorporating cats too!
2492,4834,6,22,141,169,1.2011834319526626,0.037138301354545517,658,Why didn't you tell me it was 'make your dog to work' day?
3810,4834,5,24,140,169,1.2011834319526626,0.03617749368552708,658,I wish they would speak english!
3885,4834,4,26,139,169,1.2011834319526626,0.03519046278797234,658,People click on their videos like crazy.
4020,4834,5,24,140,169,1.2011834319526626,0.03617749368552708,658,Did you realize this place had gone to the dogs?
5422,4838,7,21,146,174,1.2011494252873562,0.037335233720037914,658,"Arf, arf. Woof woof woof."
1813,4838,4,27,143,174,1.2011494252873562,0.03456294797559982,658,I didn’t realize it was such a dog eat dog world in this place.
1416,4838,7,21,146,174,1.2011494252873562,0.037335233720037914,658,When they said we'd be pounding the phones... this is not what I pictured
1325,4838,7,21,146,174,1.2011494252873562,0.037335233720037914,658,Tech bros these days are real dogs.
177,4838,3,29,142,174,1.2011494252873562,0.03358804258525259,658,Just tell them your call is very annoying to us as well.
205,4843,4,28,147,179,1.2011173184357542,0.033966430891076524,658,I can't get a bark in edgewise.
215,4844,3,31,150,184,1.201086956521739,0.032497136325348584,658,I think the message is No Animal Left Behind
1104,4844,8,21,155,184,1.201086956521739,0.03678378074044547,658,Who gnu?
1962,4844,4,29,151,184,1.201086956521739,0.033398508957599674,658,I think that the singularity might pass us by!
3763,4844,6,25,153,184,1.201086956521739,0.035131943627929506,658,"You were right, this place is a total zoo!"
5014,4844,5,27,152,184,1.201086956521739,0.034276186074787274,658,"When they said our company was merging with Royal Canin, I didn't think they were going to hire privileged dogs."
5224,4844,8,21,155,184,1.201086956521739,0.03678378074044547,658,It' s dog eat dog be yourself !
3154,4850,5,30,164,199,1.2010050251256281,0.03263304247257017,658,It's ruff when they're so dogged.
5619,4851,6,22,142,170,1.2,0.03693815679992497,658,"We have no reason left for walking, have we?"
4663,4851,3,31,151,185,1.2,0.0323392708194354,658,"They closed the dog run in The Park last month, and that fluffy-eared b***h refuses to give up the chair next to you."
4094,4851,6,21,138,165,1.2,0.037670528747840895,658,The're trolls trying to interfere in the election for dogcatcher.
4091,4851,8,18,144,170,1.2,0.038776986942314115,658,Everybody knows they're dogs.
4079,4851,6,25,154,185,1.2,0.03495842755151132,658,Do you want to go off campus for lunch today?
3689,4851,6,23,146,175,1.2,0.03624401881463749,658,...but we DO know
4936,4851,4,25,136,165,1.2,0.03565458001613713,658,"Bill, have you seen Coco? She is looking a little husky."
2725,4851,4,35,176,215,1.2,0.030356857477577142,658,"These dog day afternoons are not what they used to be, can’t they just nap and leave us alone?"
1870,4851,4,23,128,155,1.2,0.03706898651442383,658,Stop rubbing my leg! Why do you always have to be such an animal?!
799,4851,4,24,132,160,1.2,0.03634218921558155,658,"What am I supposed to do? He left me 2 dog biscuits and a jerky treat."" That's nothing,He told me to get really hydrated,because we're running with some of his big friends tonight"
568,4851,4,27,144,175,1.2,0.034384095303675165,658,"Ever since match.com added the ""4-4-legs only"" app, it's been like this."
471,4851,3,28,139,170,1.2,0.033993918499534745,658,I don’t care for this version of “The Animal Farm”
2833,4851,3,28,139,170,1.2,0.033993918499534745,658,"Who let the dogs out?”
Jacqueline Moran, Ottawa, Canad"
3375,4864,6,28,167,201,1.199004975124378,0.03309860174821869,658,"John, they did say it was a dog eat dog world"
1831,4865,8,22,161,191,1.198952879581152,0.035772693555087144,658,This job shouldn’t happen to a dog.
1916,4865,3,32,156,191,1.198952879581152,0.031687972469473795,658,"I mean, they're better than robots but still, it's weird!"
2951,4865,4,30,157,191,1.198952879581152,0.03254595520518852,658,It's the new boss. He loves dogs
4670,4865,5,28,158,191,1.198952879581152,0.0333818933137434,658,"Let’s go, this café bytes."
3902,4869,4,29,153,186,1.1989247311827957,0.033073581781595605,658,Between you and me - this place is for the dogs!
1478,4869,7,23,156,186,1.1989247311827957,0.035612213188277037,658,"How would you translate ""woof, woof......woof?"""
1199,4869,6,25,155,186,1.1989247311827957,0.03478659352968458,658,I can't look at porn of their breeds if they're in the room!
1184,4869,5,27,154,186,1.1989247311827957,0.03394089643235271,658,I hate this contest why can’t you guys just let me win
501,4873,5,26,150,181,1.1988950276243093,0.03452731723619277,658,Let's go to an Internet cafe that only allows housebroken dogs.
1339,4873,4,28,149,181,1.1988950276243093,0.033626600799421584,658,"I heard that the Oxford Dictionary just announced the 2019 Word of the Year: ""Interpet""."
3386,4873,2,32,147,181,1.1988950276243093,0.03174859954255609,658,"Let's get to the bone here...We're sticking out and I'm not having a ball of fun."""
467,4876,5,23,138,166,1.1987951807228916,0.03647470029782505,658,They are quite sophisticated. They won't chase cats but they love watching UTube videos of other dogs chasing cat.
2777,4876,10,13,143,166,1.1987951807228916,0.041176455802498076,658,"I can't work here anymore, the communication is a-paw-ling"
4227,4876,8,17,141,166,1.1987951807228916,0.039363203784746864,658,Who decided on an Open Floor plan?
5023,4876,2,29,135,166,1.1987951807228916,0.03333685215242745,658,Does affirmative action now include pets?
3712,4880,6,20,135,161,1.1987577639751552,0.038225259705252077,658,Play to win.
1203,4880,3,26,132,161,1.1987577639751552,0.03504641529280253,658,This CRISPR thing was O.K. at first but now I think it got out of hand
3325,4880,4,24,133,161,1.1987577639751552,0.03613711355972386,658,What can I say? This new union is for the dogs.
591,4883,2,27,127,156,1.1987179487179487,0.03453564322563603,658,Can today get any ruffer?
3725,4884,4,22,125,151,1.1986754966887416,0.037610608091738745,658,"What does ""Woof woof bark woof"" mean?"
4037,4885,6,17,123,146,1.1986301369863013,0.040799593176557146,658,This place is like a zoo!
476,4886,7,25,165,197,1.1979695431472082,0.03424428992927512,658,Just put color graph
997,4886,8,23,166,197,1.1979695431472082,0.03499241005495225,658,The big dog has been eating table scraps again!
5618,4886,9,21,167,197,1.1979695431472082,0.03572486711168558,658,I hope this was a good idea.
18,4889,5,26,151,182,1.1978021978021978,0.03435446871877914,658,"Remember, Comrade, once you shout, 'Who wants to fetch Starbucks?' we have 6 minutes only to download confidential files."
4576,4889,6,24,152,182,1.1978021978021978,0.03522701078497383,658,...and my husband is talking to your wife.
1439,4891,5,25,147,177,1.1977401129943503,0.034962328415460805,658,They have no sense of time; their hour is up.
4012,4891,5,25,147,177,1.1977401129943503,0.034962328415460805,658,The Dog-walkers' Union is protesting again - I had to park six blocks away!
1169,4893,3,28,141,172,1.197674418604651,0.0336374689930509,658,"Haven't you seen ""Up""? Just grab the ball and throw it!"
3356,4893,4,26,142,172,1.197674418604651,0.03463349211764261,658,I didn't realize that so many pets have their own cell phones.
4354,4895,6,21,140,167,1.1976047904191616,0.03725631058761275,658,Alright already! I get it- you're more into dogs than broads.
1527,4895,6,21,140,167,1.1976047904191616,0.03725631058761275,658,The dog is the adult in the room
35,4895,3,27,137,167,1.1976047904191616,0.03422861489926965,658,I don't know why AI chose those costumes either.
1428,4895,4,25,138,167,1.1976047904191616,0.03526673992326516,658,Somehow this empowers me to admit that I’D rather be gnawing rawhide and catching frisbees in my mouth.
2098,4899,4,24,134,162,1.1975308641975309,0.035934303230654274,658,Ever get the feeling we're the only ones doggin' it around here?
2510,4899,3,26,133,162,1.1975308641975309,0.03485101020875986,658,Did you hear the one about how many cloven hooves it takes to screw in a lightbulb?
3303,4899,4,24,134,162,1.1975308641975309,0.035934303230654274,658,The latest poll says we're definitely going to the dogs
5611,4902,2,27,128,157,1.197452229299363,0.034338301244741895,658,What is up with these new hires???
3495,4902,7,17,133,157,1.197452229299363,0.0398423834504812,658,Max is barking up the wrong tree with all that panting.
4370,4902,3,25,129,157,1.197452229299363,0.035507439357164994,658,I guess I shouldn't have had 'Who Let the Dogs Out?' on my Spotify playlist.
3854,4905,3,24,125,152,1.1973684210526316,0.036201040162359255,658,"They are well trained and obedient, but they don't speak English! What does 'Bow wow wow' mean anyway?"
1152,4906,4,20,118,142,1.1971830985915493,0.03901626796464972,658,"They got their jobs because they know the best  ""Funny Dog"" videos."
1381,4907,1,25,111,137,1.197080291970803,0.03564925032557729,658,"I don't mind the ""dog eat dog"" promotion tactics, but the kibble snacks are hard as a rock."
46,4908,3,31,154,188,1.196808510638298,0.03187457156223791,658,What's the dog word?
2673,4908,5,27,156,188,1.196808510638298,0.03361200528302614,658,"You warned me this job would be a dog, but HR just emailed me my contract. They're paying me in Milkbones?"
4918,4910,3,30,150,183,1.1967213114754098,0.03237901592324459,658,The boss said hiring them was cheaper than a dog walker.
2708,4911,7,21,150,178,1.196629213483146,0.0365626040995305,658,I thought this was the Human Society Internet Cafe!
4948,4911,6,23,149,178,1.196629213483146,0.03568394662127765,658,I can't hear you for all the barking and braying. It must be the Animal Farm game.
5342,4911,5,25,148,178,1.196629213483146,0.03478310041387024,658,This job stinks!
1555,4914,5,24,144,173,1.1965317919075145,0.03541371062873127,658,"I thought they emphasized ""bring"". Turns out they emphasized ""work""."
2427,4914,3,28,142,173,1.1965317919075145,0.03346198186366337,658,I usually don’t come to these chat cafes any more..they let anyone in !
4851,4914,5,24,144,173,1.1965317919075145,0.03541371062873127,658,It's dog eat dog
4213,4917,4,25,139,168,1.1964285714285714,0.035075917269549735,658,"They'll get 500,000 entries with ""No one seems to know I'm a person."""
3540,4917,5,23,140,168,1.1964285714285714,0.03607777670159303,658,I told you the public library was going to the dogs.
974,4917,5,23,140,168,1.1964285714285714,0.03607777670159303,658,Couldn't they come up with a better name than BS detectors?!
2818,4917,4,25,139,168,1.1964285714285714,0.035075917269549735,658,"When they said open floor plan,
nobody mentioned free-range."
2984,4917,4,25,139,168,1.1964285714285714,0.035075917269549735,658,Now I know why we are hounded by drop down ads
1107,4922,6,20,137,163,1.196319018404908,0.037793909408668336,658,They want a lap dog dancer!
2070,4923,5,21,132,158,1.1962025316455696,0.03751842328436623,658,"Archie, I don't think we are in Riverdale!"
2314,4923,6,19,133,158,1.1962025316455696,0.03857794370917561,658,"Does @realDonaldTrump understand that ""Dog Tweets"" are about Border Collies, not border kennels?"
3681,4923,6,19,133,158,1.1962025316455696,0.03857794370917561,658,The New Yorker rejected my captain again! I hate these dogs!
798,4926,5,20,128,153,1.196078431372549,0.038302050691219065,658,He's just putting everyone on howled!
811,4927,6,26,162,194,1.1958762886597938,0.03371354782981651,658,"Got any kibble?"""
5081,4928,2,33,154,189,1.1957671957671958,0.030822624150702266,658,"I'm all for animal rights, but the genetic editing experiments to boost intelligence has gotten way out of hand!"
4636,4928,2,33,154,189,1.1957671957671958,0.030822624150702266,658,"Hey, Walter G,
 It’s not easy working at the Bow-Wow School of Design."
1601,4930,5,25,149,179,1.1955307262569832,0.034605674595889174,658,"""Declare cursor, open cursor, and
fetch what?????""

Jenny was finding it very hard to compete in her new job"
1765,4930,2,31,146,179,1.1955307262569832,0.03176854762690517,658,Were you invited to the all-paws meeting?
4675,4930,5,25,149,179,1.1955307262569832,0.034605674595889174,658,I haven't heard one word about educational opportunities offered in animal shelters. Have you?
4154,4933,4,26,144,174,1.1954022988505748,0.03427171704626229,658,So last week Corporate announced we're now an equal opportunity employer?
5343,4934,4,25,140,169,1.1952662721893492,0.0348871167073119,658,Emoticons of treats and cats are not code.
3926,4934,7,19,143,169,1.1952662721893492,0.03779468278149267,658,Obviously F.B.I. stands for Farm Bureau of Investigations. Get with the program.
4266,4934,6,21,142,169,1.1952662721893492,0.03685099277385852,658,"Hey, isn't that Muffy over there?  I thought she was with Baxter but it's clear that she's updating her dating profile.  What a hussy."
2419,4934,5,23,141,169,1.1952662721893492,0.03588249281034258,658,Their incessant barking forced Scruffy to apply for the job near the hydrant down the street.
2160,4934,4,25,140,169,1.1952662721893492,0.0348871167073119,658,"I don't even know if there is a ""humans only"" section here."
3364,4934,3,27,139,169,1.1952662721893492,0.033862494503726616,658,Have you noticed the new agents are only booking trips to Arfghanistan?
2863,4940,5,22,137,164,1.1951219512195121,0.03657289427809463,658,"We’ve had lunch like 12 times already, when are they going to give us our pay?"
3118,4941,1,37,162,200,1.195,0.02896671109668465,658,"No, I won't help you spell WOOF!"
5228,4942,4,29,157,190,1.194736842105263,0.03244202542542388,658,"Woof, wraf, grrr, woof, woof"
3525,4943,4,28,153,185,1.1945945945945946,0.03296661532589705,658,I didn't mean let's literally search for a new dog on the internet.
4208,4944,4,27,149,180,1.1944444444444444,0.03351646363673738,658,Social media's sure gone to the dog.
4374,4944,4,27,149,180,1.1944444444444444,0.03351646363673738,658,It's reigning dogs.
1675,4944,6,23,151,180,1.1944444444444444,0.035319963583989096,658,"Everyone knows this place was going to the dogs, but it's the leash law in the break room that proves it."
5587,4944,2,31,147,180,1.1944444444444444,0.03161023318248637,658,He says they’re rating that new kennel.
1188,4944,2,31,147,180,1.1944444444444444,0.03161023318248637,658,Management has taken the EOE thing way too seriously.
821,4944,2,24,118,144,1.1944444444444444,0.03591107706922925,658,They can't find an affordable two-bedroom with good light either.
1234,4944,4,27,149,180,1.1944444444444444,0.03351646363673738,658,They work like a dog.
903,4951,8,18,149,175,1.1942857142857144,0.037750492646460035,658,They say they work for Dogbook.
5507,4952,4,19,116,139,1.1942446043165467,0.03938545994905301,658,Why are you tossing me doggy biscuits?
3087,4953,5,23,142,170,1.1941176470588235,0.035689283324363795,658,Hey...do you understand this new generation?
5622,4953,5,23,142,170,1.1941176470588235,0.035689283324363795,658,Recreating the bar room scene from Star Wars is not an atmosphere conducive to serious research.
8,4955,6,27,168,201,1.1940298507462686,0.03286972469484365,658,This working environment is just too ruff for me.
1280,4955,4,31,166,201,1.1940298507462686,0.03131958355330775,658,"The boss is workin’ us like
dogs in this job!"
1015,4957,4,24,137,165,1.1939393939393939,0.035339102393001816,658,"Applying for jobs: ""It's a dog eat dog world out there..."""
5316,4958,6,19,135,160,1.19375,0.03813340844486159,658,"I've been working here since 2012, but they still haven't given me my one-year review!"
4379,4958,4,23,133,160,1.19375,0.036012832924113676,658,I AM working like a millenial!
3351,4958,6,19,135,160,1.19375,0.03813340844486159,658,Google it yourself.
235,4958,3,25,132,160,1.19375,0.03490426597163831,658,I liked it better when we were a cube farm.
3680,4962,4,29,158,191,1.193717277486911,0.032287826502120524,658,"Oh, I can tell it's you making those noises."
4052,4962,6,25,160,191,1.193717277486911,0.03395183267829668,658,"I thought the sign on the door read 'Log In' not 'Dog In' """
1129,4964,5,26,155,186,1.1935483870967742,0.03367979984928223,658,I'm doing cat food commercials.  How bout you?
2363,4964,5,26,155,186,1.1935483870967742,0.03367979984928223,658,I didn’t know I was going to have such a ruff time fitting in.”
4188,4964,5,20,130,155,1.1935483870967742,0.03784825631877749,658,Nobody told you that this office was a flea circus?
769,4967,3,29,149,181,1.1933701657458564,0.032414615703413335,658,It’s been a hard day’s night...
2862,4967,3,29,149,181,1.1933701657458564,0.032414615703413335,658,I’m feeling the competition....ARF you???
1047,4969,4,21,125,150,1.1933333333333334,0.037478305929719805,658,This fella's just surfing for eye bacon.
5091,4970,5,24,147,176,1.1931818181818181,0.03486142240553237,658,Animals work for cheaper!
1887,4970,6,22,148,176,1.1931818181818181,0.03578063494506517,658,They must have seen that old cartoon.
570,4970,5,24,147,176,1.1931818181818181,0.03486142240553237,658,You think our colleagues look a little different today?
1701,4973,4,25,142,171,1.1929824561403508,0.034515457193193766,658,"Man, who cut the cheese?"
2033,4973,5,23,143,171,1.1929824561403508,0.03549811593394211,658,Dr. Dolittle's Net Neutrality class has really gone to the dogs.
2064,4973,7,19,145,171,1.1929824561403508,0.03738602859449504,658,Its not like we need them to pick up on the dog whistles coming from the White House.
5586,4973,3,27,141,171,1.1929824561403508,0.03350398984674494,658,"We're the new millennium workplace, Jim."
88,4977,4,24,138,166,1.1927710843373494,0.035144995287064905,658,Telemarketing has become a ruff business.
2728,4978,1,29,131,161,1.1925465838509317,0.032393552323988314,658,"I'm telling you, we're not hedged. These alpha dogs can't get enough cat bonds."
4254,4979,4,28,155,187,1.1925133689839573,0.032646091864564734,658,"Upstairs is saying the democratic thing would be to take, at least, part of our pay in treats."
917,4980,4,27,151,182,1.1923076923076923,0.03318136065192102,658,So...when does the translator get here?
2747,4980,2,31,149,182,1.1923076923076923,0.03129819737497154,658,The dogs are making me crazy
4730,4980,7,21,154,182,1.1923076923076923,0.03582095753044741,658,REALLY? Things here are not rough at all!
5200,4983,5,24,148,177,1.192090395480226,0.03468108360686171,658,This is what happens when you become a 'dog whisperer'
4850,4983,6,22,149,177,1.192090395480226,0.03559464700673274,658,"They're ordering custom wheels, from Amazon."
4353,4983,5,24,148,177,1.192090395480226,0.03468108360686171,658,How can I soar like an eagle when I work with DOGS??
1721,4983,4,26,147,177,1.192090395480226,0.0337427951533117,658,How do they get passed security?
2837,4983,4,26,147,177,1.192090395480226,0.0337427951533117,658,It’s going to the dogs!
3767,4983,3,28,146,177,1.192090395480226,0.032777658387544706,658,"So far so good. Now, if we can get the rest of these trumped-up lapdogs out of here we might get around to something meaningful."
725,4989,4,21,126,151,1.1920529801324504,0.03725128770973571,658,They're great at monitoring the security cameras. Just ignore all the pop-ups for kibble.
1380,4989,3,23,125,151,1.1920529801324504,0.0360466117032233,658,I thought they said _robots_ were going to take over our jobs!
1467,4991,5,23,144,172,1.191860465116279,0.0353089589815228,658,I've been hearing the Baha Men through his headphones for 3 weeks straight...
1755,4992,6,25,162,193,1.1917098445595855,0.03362889892680614,658,How long do we have until the robo-dogs replace us?
4098,4993,6,20,141,167,1.1916167664670658,0.03695944282400607,658,This is what they're teaching in obedience school?
1680,4993,6,20,141,167,1.1916167664670658,0.03695944282400607,658,Welcome to WoofWorks.
1356,4995,4,23,135,162,1.191358024691358,0.03560679388789338,658,"Hey Fred, Thank god they are finally  wearing the flea collars, but check out all the dead fleas on the ground....eeww gross!"
1993,4995,2,27,133,162,1.191358024691358,0.033383847872464754,658,"I hear corporate's paying these IT dogs with dog food and playtime, can you believe it?"
4294,4995,4,23,135,162,1.191358024691358,0.03560679388789338,658,"On Facebook, everyone knows you're not a dog."
2596,4998,3,24,130,157,1.1910828025477707,0.03515412271367389,658,"Rufus is so agitated when he does not fetch. Dude, we got to find that tennis ball!"
4341,4998,4,22,131,157,1.1910828025477707,0.03629699245249046,658,This business is going to the dogs.
236,5000,3,28,147,178,1.1910112359550562,0.03261085473704866,658,"Without any cat videos, our traffic is going to the dogs"
2081,5000,5,24,149,178,1.1910112359550562,0.03450257658231503,658,"This place is a zoo, and the animals are in control."
5147,5002,5,23,145,173,1.1907514450867052,0.03512178144586343,658,"Too many dogs .... overloading the system, killing response time."
3979,5002,4,25,144,173,1.1907514450867052,0.03415151822108803,658,So how come all we can get is this gobsmacking #woofware?”
637,5002,5,23,145,173,1.1907514450867052,0.03512178144586343,658,Did you say Google or Gaggle?
2025,5002,3,27,143,173,1.1907514450867052,0.033152871092555755,658,I'm sure they're typing in just a lot of doggerel.
306,5006,1,34,154,189,1.1904761904761905,0.02960529548662572,658,They said this project was 'for the dogs.'
4236,5006,5,22,141,168,1.1904761904761905,0.03577364139046235,658,Is this what you thought automation would look like?
4076,5008,6,27,172,205,1.1902439024390243,0.03228152399013606,658,I guess it's a dog code dog world now.
20,5009,3,29,152,184,1.190217391304348,0.03193602133996536,658,"-""Why can't Rusty just write his name on his lunch like everyone else?""
-""And I thought the refrigerator smelled musty before he started working here."""
3406,5009,8,19,157,184,1.190217391304348,0.03628900818759862,658,"The ""A"" doesn't always mean ""Artificial"""
5293,5009,5,25,154,184,1.190217391304348,0.03374466656394568,658,It's doggerel to me.
3724,5012,4,26,149,179,1.1899441340782122,0.033399025875391106,658,But no cats !?
2568,5012,3,28,148,179,1.1899441340782122,0.03244571205548075,658,"I don't care about the lighting, this communal work space stinks."
4225,5012,4,26,149,179,1.1899441340782122,0.033399025875391106,658,I thought you said Obedience School was a easy!?
4911,5015,3,24,131,158,1.1898734177215189,0.03495184918142526,658,Did you just text me when I’m sitting right here!? Jeez...just email.
2945,5015,4,22,132,158,1.1898734177215189,0.03608680390786284,658,"And that's why they call them the ""Dogs of the Dow"""
3455,5017,5,23,146,174,1.1896551724137931,0.034936552926624266,658,What is all the muttering about ?
3914,5017,4,25,145,174,1.1896551724137931,0.033972370572857284,658,ARK to mission control.
5648,5017,3,27,144,174,1.1896551724137931,0.03298001204190595,658,And they get a kibble golden parachute!
1718,5020,4,28,158,190,1.1894736842105262,0.03217665116528174,658,"Is that you barking, Cheryl? I'm trying to work"""
1891,5020,6,24,160,190,1.1894736842105262,0.03386334988281612,658,Pssst...What’s the code for the bathroom?
3105,5022,5,22,142,169,1.1893491124260356,0.035579189316181606,658,We've got to stop meeting at the kennel like this.
3616,5023,5,25,155,185,1.1891891891891893,0.03357751365976393,658,"It's hopeless, you'll never pass the Turing Test."
4465,5023,4,27,154,185,1.1891891891891893,0.03269090113458391,658,"There not getting it, Their paper manuals worked much better"""
3089,5023,2,31,152,185,1.1891891891891893,0.030841306778898854,658,I thought this was a doggie basics class.
1218,5026,5,21,138,164,1.1890243902439024,0.03625656529444611,658,"The stick was in your field of vision, Carl!"
2315,5026,3,25,136,164,1.1890243902439024,0.03413070653789578,658,"I can code better than the dogs, but this space creature has us all beat!"
4889,5026,7,17,140,164,1.1890243902439024,0.03826449954102244,658,It’s not so bad here ... the cafeteria sucks.
2750,5029,5,24,151,180,1.1888888888888889,0.03415094918389094,658,Don’t talk to me. Why don’t you go to HR.
217,5030,3,31,162,196,1.1887755102040816,0.030697161135696576,658,He's barking in a foreign accent!
3477,5031,4,22,133,159,1.1886792452830188,0.035879003158758,658,they can use a keyboard?
686,5031,6,18,135,159,1.1886792452830188,0.03803322047192668,658,BOW WOW...WHO STOCKED THE VENDING MACHINE WITH DOGGIE TREATS AGAIN!
3439,5031,4,22,133,159,1.1886792452830188,0.035879003158758,658,"All day long bah, bah, bah"
3466,5031,4,22,133,159,1.1886792452830188,0.035879003158758,658,It doesn’t require an email to ask whether I wanna grab a coffee with you guys!
5409,5035,5,23,147,175,1.1885714285714286,0.03475324362938389,658,How come only the dogs get dog food around here? Should I complain to HR?
3730,5035,5,23,147,175,1.1885714285714286,0.03475324362938389,658,"We’re all impressed with your knowledge of Old English slang, but you’re creating an uncomfortable workplace."
1570,5035,2,29,144,175,1.1885714285714286,0.031792194132961984,658,"They heard about Wattpad, Tagged, Yammer, Flickr, zoo.gr, Friendster, Mubi and Bebo."
4196,5038,4,21,129,154,1.1883116883116882,0.03658622622935444,658,"Hey, have you noticed how there are dogs working here instead of humans? I mean, like, aside from us. Because we're humans."
5267,5038,4,21,129,154,1.1883116883116882,0.03658622622935444,658,"He's looking for puppy love!"", Helen Rosenbaum, Long Island City, N"
5483,5038,5,19,130,154,1.1883116883116882,0.03772842943363952,658,"I was surprised too!  A lot of places won't let you bring
your pets to work with you!"
1393,5041,5,22,143,170,1.188235294117647,0.03538681411043828,658,It smells like “Up Dog” in here.
2035,5041,4,24,142,170,1.188235294117647,0.03438914027149321,658,This one's in crisis. What can I tell her? She says Fluffy wants to play fetch!
2878,5041,5,22,143,170,1.188235294117647,0.03538681411043828,658,Man's best friend just crashed the net. What's warm and fuzzy about that?
4803,5041,6,20,144,170,1.188235294117647,0.036357121134118854,658,Go pee!
4857,5045,5,25,156,186,1.1881720430107527,0.03341198733745908,658,It really is the dog days of summer.
1610,5045,5,25,156,186,1.1881720430107527,0.03341198733745908,658,I'm weird? You're weird
844,5047,5,21,139,165,1.187878787878788,0.03605436355564635,658,It's a Pop-up Doggie Day-Care
2701,5047,1,29,135,165,1.187878787878788,0.031690342556891925,658,I'm thinking we're not diverse enough!
4536,5047,2,27,136,165,1.187878787878788,0.03283576771419463,658,What good is You Too movement against dogs?
5076,5047,2,27,136,165,1.187878787878788,0.03283576771419463,658,The boss is cutting back on training expenses.
3393,5051,3,28,150,181,1.1878453038674033,0.032120313488947255,658,Only 20%.
3030,5052,10,16,166,192,1.1875,0.03664677986801282,658,‘The importance of anal connections ?’
3779,5052,6,21,149,176,1.1875,0.03549853664443232,658,"Crazy, I know, but it smells like an animal peed on this chair."
4793,5054,3,29,155,187,1.1871657754010696,0.03147112598968564,658,I overheard him say the country is going to the dogs.
3150,5055,2,28,141,171,1.1871345029239766,0.03213088981072025,658,Did you pass wind?
1376,5056,4,26,152,182,1.1868131868131868,0.032896125147719626,658,"Damn-it Charlie, I only took this lousy job because you said hot chicks worked here."
2602,5056,4,26,152,182,1.1868131868131868,0.032896125147719626,658,"I knew identity politics would take a bad turn: don't even mention the ""no food"" rule."
558,5056,7,20,155,182,1.1868131868131868,0.03555690303470898,658,"Cracker, 7 letters?"
1668,5059,4,23,139,166,1.1867469879518073,0.034821216236140776,658,They are really taking fetch commands to a new level.
3198,5060,5,26,162,193,1.1865284974093264,0.03255996779710669,658,"The world famous dog trainer, Evan, has gone too far this time."
2333,5061,1,31,145,177,1.1864406779661016,0.03043062028782278,658,"I don't care what star they come from. If mine says, 'Shall we paws' one more time, I'm gonna scream."
2768,5061,3,27,147,177,1.1864406779661016,0.03247191589477288,658,He asked to borrow mine because he lost his Woofer?
3298,5061,8,17,152,177,1.1864406779661016,0.03708681704886635,658,"“It’s like they think they’re gods or something.” “I know, right? Just because they’re dyslexic.”"
3382,5061,3,27,147,177,1.1864406779661016,0.03247191589477288,658,They really should call it Dogfishing
959,5065,4,22,135,161,1.186335403726708,0.03547040685896674,658,It looks like we're going to the dogs!
2264,5065,4,22,135,161,1.186335403726708,0.03547040685896674,658,Why don't we let the robots do it!!!!!
3068,5065,3,24,134,161,1.186335403726708,0.03435855077252008,658,I have no idea what I'm doing
262,5068,5,17,123,145,1.186206896551724,0.039131136851837243,658,"This 
















This ""Us Too"" movement is ridiculous!"
5421,5069,3,29,156,188,1.1861702127659575,0.03131910611458039,658,Right! The library brings in consultants to make the public feel better about the five free minutes.
1293,5070,2,28,142,172,1.186046511627907,0.03196205911331519,658,The world is going to the dogs
941,5070,3,26,143,172,1.186046511627907,0.03300867581057148,658,Don't worry he's a pedigree !
3970,5072,5,27,167,199,1.185929648241206,0.031909837502436325,658,"Person 1:""My computer doesn't have enough storage.""
Person 2:""What?""
Person 1:""Not enough Kibble-bytes."""
134,5073,1,27,128,156,1.185897435897436,0.032543776179637954,658,I told you Scooby wasn’t eligible for bring-your-child-to-work day!
3137,5073,2,25,129,156,1.185897435897436,0.033790684425876356,658,Really? I heard that Mr. Snuffles got a job at Farmer’s Insurance Group in upstate New York.
4192,5073,5,19,132,156,1.185897435897436,0.03728202397651635,658,"I don't know about you, but I'm sick and tired of tweeting dog whistles!"
5287,5076,3,28,152,183,1.185792349726776,0.031801274920507126,658,Computer techs in Sillycon Valley.
97,5077,2,27,138,167,1.18562874251497,0.032480096618689766,658,"What happened to diversity when the ""Intelligence Resources"" decided that we would all fit in the same type of chair?"
2959,5077,6,19,142,167,1.18562874251497,0.03665427865789075,658,There are only two of us. Does that mean we're not kosher?
197,5079,6,21,151,178,1.1853932584269662,0.035129970826174806,658,We ran out of people to track down fake accounts.
5614,5080,4,27,158,189,1.1851851851851851,0.032058762096091764,658,I can't understand a word on my woofer
3606,5080,2,26,134,162,1.1851851851851851,0.03302389407853943,658,He can answer any question. He’s the absolute GOAT!
1424,5082,2,28,143,173,1.1849710982658959,0.031794962519264,658,I can't stand it when they dog-pound the keys.
2553,5082,8,16,149,173,1.1849710982658959,0.03760584598643588,658,"Excuse me, there is no food allowed in computer class."
3011,5082,1,30,142,173,1.1849710982658959,0.030719803164664213,658,I'll be back  in an hour after I drop these guys at the dog park.
5233,5082,4,24,145,173,1.1849710982658959,0.03384296547072641,658,I CAN'T HERE A THING WITH ALL THIS BARKING
2519,5086,5,24,155,184,1.184782608695652,0.03346850916157708,658,"I said to him, ""I'm starting to feel normal since taking this job."""
2824,5086,2,30,152,184,1.184782608695652,0.030691228580342667,658,This isn't what I pictured when you said you wanted to get your animal husbandry degree online.
4414,5086,6,22,156,184,1.184782608695652,0.03434439745782628,658,This is NOT how I pictured an alien abduction to work out!
4502,5089,3,23,131,157,1.1847133757961783,0.03478974439102747,658,It's Tinder technical support.
1706,5090,7,22,166,195,1.1846153846153846,0.03385288184397473,658,"They are better at this, where's the ball?
The only way to get them out!"
5178,5091,5,21,142,168,1.1845238095238095,0.03546091571733048,658,Doggone it!
5024,5091,6,19,143,168,1.1845238095238095,0.03645219531031468,658,"This new coding system 
is really hard to understand."
3828,5091,3,25,140,168,1.1845238095238095,0.03339018635246278,658,Is this why HR management jobs require degrees in animal husbandry?
2514,5091,6,19,143,168,1.1845238095238095,0.03645219531031468,658,Why are you breathing so loud?
2702,5091,3,25,140,168,1.1845238095238095,0.03339018635246278,658,"For some reason, I can't hear the audio on BigDog.com!"
3490,5091,5,21,142,168,1.1845238095238095,0.03546091571733048,658,You took me to an internet cafe?
5542,5097,2,29,148,179,1.1843575418994414,0.031149892001122212,658,Now a word from some Particularly dogged  reporters
1272,5097,4,25,150,179,1.1843575418994414,0.03310373345949561,658,What's the wi-fi password?
5168,5099,4,20,128,152,1.1842105263157894,0.03665740687128959,658,"After I finished the paper, he told me to fur-get about it..."
5334,5099,5,25,160,190,1.1842105263157894,0.03276568950549436,658,Nobody wants to work with him besides the dogs and us!
2109,5099,5,25,160,190,1.1842105263157894,0.03276568950549436,658,Kids these days. Am I right?
5434,5102,5,20,138,163,1.1840490797546013,0.03613458290579025,658,You could’ve at least told me who we’d be working with!
4310,5102,5,20,138,163,1.1840490797546013,0.03613458290579025,658,Will this reign of error never end?
1202,5102,4,22,137,163,1.1840490797546013,0.03507089562210378,658,"What did you expect because it is called
the ""Canine Computer Cafe""?"
448,5102,3,24,136,163,1.1840490797546013,0.033973921729726284,658,These new kids don't listen!
3285,5106,3,26,145,174,1.1839080459770115,0.03266298706227227,658,It's a dog eat dog world out there and in here!
3774,5106,3,26,145,174,1.1839080459770115,0.03266298706227227,658,When did they move up the dog training class?
669,5108,5,24,156,185,1.1837837837837837,0.033302088870372386,658,#HumansToo!
409,5109,5,19,134,158,1.1835443037974684,0.03684594642609804,658,I HEAR THEY HAVE RESTRUCTURED THE DOG PARK TOO
3481,5109,1,27,130,158,1.1835443037974684,0.03217329867609314,658,I thought we had all the answers. Do they know something we don't?
300,5111,6,19,144,169,1.183431952662722,0.036252306048557115,658,is your internet working?
337,5111,4,23,142,169,1.183431952662722,0.03425412292803422,658,This place is literally going to the dogs.
3499,5111,5,21,143,169,1.183431952662722,0.03526736899321475,658,They’ve really taken dog therapy sessions overboard
2983,5114,4,25,151,180,1.1833333333333333,0.032935239203291444,658,I am not an animal.  I stretched my leg!
2014,5114,6,21,153,180,1.1833333333333333,0.034768900963930434,658,Did you even know that AI stands for Arf-iticial Intelligence??
2826,5114,5,23,152,180,1.1833333333333333,0.03386448327981418,658,"Skylar, the ping-pong table's open..."
4843,5117,5,25,161,191,1.1832460732984293,0.032607955992489446,658,"When they told us we would be working on programming with artificial intelligence, I didn’t think they meant animals."
2913,5118,3,22,128,153,1.1830065359477124,0.035237057163125494,658,"I think they're streaming old episodes of ""Game of Bones."""
3069,5118,3,22,128,153,1.1830065359477124,0.035237057163125494,658,They 're eggheads-don't play ball anymore.
3870,5120,5,20,139,164,1.1829268292682926,0.03593110433370374,658,Didn't I tell you that this place had gone to the dogs?
4963,5120,4,22,138,164,1.1829268292682926,0.03487445425454379,658,I know the unemployment's rate really low but isn't this taking it too far?!
5174,5120,1,28,135,164,1.1829268292682926,0.031492498508225074,658,"I'm positive, it was a purr, not a growl!"
2195,5123,5,22,148,175,1.1828571428571428,0.03445497355838122,658,There's a party In a big tree tonight. Hats mandatory.
3877,5123,9,14,152,175,1.1828571428571428,0.03807717141380001,658,"You' have always wanted to bitch slap me, Rodney. Forget #metoo. Now's the time."
1816,5123,5,22,148,175,1.1828571428571428,0.03445497355838122,658,I've never worked on a team with so much positive affirmation and their begging for food scraps is hard to resist.
1121,5123,3,26,146,175,1.1828571428571428,0.03249280401758472,658,We can’t keep meeting like this!  We are not dogs!
23,5123,2,28,145,175,1.1828571428571428,0.03146586830096033,658,He’s trying to make ‘Dogfluencer’ a thing.
668,5128,4,26,156,186,1.1827956989247312,0.03224837595471029,658,el muy  loco parro
2979,5128,4,26,156,186,1.1827956989247312,0.03224837595471029,658,We brought them on because they are animals when it comes to work ethic.
1395,5130,4,21,134,159,1.1823899371069182,0.03552840843694508,658,"I thought it was A.I. that was coming for our jobs, not our pets!"
2138,5130,3,23,133,159,1.1823899371069182,0.03438977042904448,658,"I don’t get it, only audio coming through reminds me of barking and growling!"
5136,5130,4,21,134,159,1.1823899371069182,0.03552840843694508,658,There's too much kibblitzing going on here.
4848,5133,6,19,145,170,1.1823529411764706,0.036054575768074866,658,"I didn't know we could bring kibble"""
4651,5134,5,23,153,181,1.1823204419889504,0.03369209577651002,658,"Ummm.. I don't get it. What's a ""bow wow"" browser?"
3553,5134,6,21,154,181,1.1823204419889504,0.03459110683425089,658,"Oh you think his snacks smell 
I dare you to smell this side of the table"
2778,5134,3,27,151,181,1.1823204419889504,0.03181796048466113,658,"OMG, who said the Alpo frat could use our space?"
890,5137,2,26,137,165,1.1818181818181819,0.032479144792760865,658,They're talking insurrection against cat videos.
1450,5137,4,24,148,176,1.1818181818181819,0.033313650229560156,658,I hope you know the WiFi password.
1901,5137,2,26,137,165,1.1818181818181819,0.032479144792760865,658,There's animals all over and all you can do is look at my legs
2040,5137,4,22,139,165,1.1818181818181819,0.03468017454517649,658,This start-up is going to the dogs!
2229,5137,7,16,142,165,1.1818181818181819,0.03774180701166917,658,It’s been a hard night and I’m feeling like a dog.
2390,5137,3,22,129,154,1.1818181818181819,0.0350276612952401,658,I can’t believe they’re going to the dogs! This company must be in a rough situation...
2605,5137,4,20,130,154,1.1818181818181819,0.03621904876770889,658,That's it! Now they've taken AI too far!
2811,5144,3,27,152,182,1.1813186813186813,0.031658506759228815,658,Maybe if we use Moris code they won't understand
4399,5144,4,25,153,182,1.1813186813186813,0.03260327925407542,658,So who hired them
1278,5144,6,21,155,182,1.1813186813186813,0.034415103572550836,658,I told you we shouldn’t hav hired all these hipsters Jim
5177,5147,1,29,141,171,1.1812865497076024,0.03068987599264464,658,I said I speak French. French!
4908,5147,2,27,142,171,1.1812865497076024,0.031791004042784,658,I guess it’s bring your dog to work day.
3421,5147,4,23,144,171,1.1812865497076024,0.03388608618971974,658,"This place is going to the dogs, literally!"
3769,5150,2,25,133,160,1.18125,0.03302357053214906,658,Do you think we are at a higher risk of being infected with any malware?
913,5151,2,23,124,149,1.1812080536912752,0.0344078609568452,658,"They're loyal, sure.  But their math? Questionable.
The wall is BOUND to cost somewhere north of a ""million"" dog treats or ""truck full"" of kibbles, or ""mountains of tennis balls."
2006,5151,3,21,125,149,1.1812080536912752,0.03570147920174733,658,Let's stick with the dog park.  All he does is watch cat videos.
4521,5151,5,17,127,149,1.1812080536912752,0.038157372293269966,658,There is a real dog in the manager.
481,5154,5,26,168,199,1.1809045226130652,0.03165704260393459,658,Dogs of the Dow I was told . . . (?)
2258,5155,6,22,160,188,1.1808510638297873,0.03366822585100606,658,"These computers should be for research, not for online poker."
3018,5155,4,26,158,188,1.1808510638297873,0.031933851084458974,658,Putin says that he doesn't believe me.
4934,5155,3,28,157,188,1.1808510638297873,0.03103033276730087,658,Does anyone here speak pig Latin?
4861,5158,3,26,148,177,1.1807909604519775,0.03215762794384648,658,This was your plan when I said to just hire the G.O.A.T ?
1563,5158,2,28,147,177,1.1807909604519775,0.03114340539483568,658,I don't like conversation. Just message me please
1658,5160,6,18,142,166,1.180722891566265,0.03654397804362194,658,I told you we didn't have sixth sense!
3153,5161,4,25,154,183,1.180327868852459,0.03243976459939902,658,Is there a problem with you understanding User-Friendly?
4507,5161,2,29,152,183,1.180327868852459,0.030532603009082008,658,Are we going to the dogs?
4785,5161,4,25,154,183,1.180327868852459,0.03243976459939902,658,It sounds like they're saying that our transmission is very rough.
5098,5161,4,25,154,183,1.180327868852459,0.03243976459939902,658,This wasn’t in the job description.
5504,5161,4,25,154,183,1.180327868852459,0.03243976459939902,658,I thought they were supposed to already trained in support!
4840,5166,4,23,145,172,1.180232558139535,0.03370498176107748,658,This was how management wanted to respond to a ruff fiscal year?
952,5167,3,26,149,178,1.1797752808988764,0.03199258339592875,658,First I lost my seat on the plane and now my JOB!—darn these Customer Service Animals
697,5167,3,26,149,178,1.1797752808988764,0.03199258339592875,658,Can't we just I.M.??
1357,5169,5,20,142,167,1.1796407185628743,0.03533404876200776,658,‘Rule 1: Book in a focus group that can talk’
1320,5169,4,22,141,167,1.1796407185628743,0.03429796109134218,658,Why not! Have you called the Suicide Hotline and received a friendly bark? It works!
4602,5171,5,23,156,184,1.1793478260869565,0.033185190706853725,658,They like to treat.
5670,5172,4,28,169,201,1.1791044776119404,0.03056362697195556,658,What kind of stupid joke is this?
69,5173,2,25,135,162,1.1790123456790123,0.03265272608046261,658,"I don't know why, but I have a nagging suspicion that this job will be slightly alienating."
2653,5173,1,27,134,162,1.1790123456790123,0.03145662544495511,658,This sabermetrics has become a dog speak dog world.
2706,5175,4,26,160,190,1.1789473684210525,0.03162532563892219,658,Quick- While they're busy!
3496,5176,1,25,125,151,1.1788079470198676,0.03266809842593541,658,and remember we never use the term guerrilla marketing.
4311,5176,6,15,130,151,1.1788079470198676,0.038842061718185904,658,This is our new social media team.
2650,5178,2,28,149,179,1.1787709497206704,0.030827379663536054,658,#Weworktoo
1538,5179,3,29,164,196,1.1785714285714286,0.030153106602492326,658,"Is it ""whoof, whoof, whoof"" or ""whoof, whoof, haul""?"
332,5180,3,27,155,185,1.1783783783783783,0.031189460048882216,658,"Weird? What? No, Pets.com is worth millions why wouldn’t this work?"
942,5181,5,18,134,157,1.178343949044586,0.036710200182427793,658,"Darn it, I just like you because you're so humane."
4405,5181,2,24,131,157,1.178343949044586,0.033206337429014965,658,"Look, I'm only believable as a PUREBRED!"
953,5183,4,23,147,174,1.1781609195402298,0.03334845090760255,658,This is why I say four terabytes good; two terabytes better. Get 'em their own computer lab.
1179,5183,5,21,148,174,1.1781609195402298,0.0343301608792044,658,They're part of the President's Declaration of a State of an Emergency.
183,5185,6,17,140,163,1.177914110429448,0.03684136091853213,658,I know it’s a doggy eat dog world but this is getting ridiculous!
2762,5186,4,24,152,180,1.1777777777777778,0.03263282132542449,658,"Yes, I think we can officially call the top of the market now."
3037,5187,4,22,143,169,1.1775147928994083,0.03392398446630676,658,"They all burnout, eventually.  Too many cases of chocolate poisonings, kennel coughing and wet noses."
3376,5188,4,25,157,186,1.1774193548387097,0.03195879780368379,658,"Dog-in-Dog Out!
I liked it better when it was just Garbage-in-Garbage Out!"
3670,5189,6,24,173,203,1.1773399014778325,0.03185702599923943,658,I can’t understand a word!
746,5190,3,25,147,175,1.177142857142857,0.032167751717019286,658,"It's a joke...'rough' class...get it? Aw, never mind."
496,5190,3,25,147,175,1.177142857142857,0.032167751717019286,658,What Wi-Fi signal?
457,5190,3,25,147,175,1.177142857142857,0.032167751717019286,658,"You know what they say, it's a doggy dog world."
226,5190,3,25,147,175,1.177142857142857,0.032167751717019286,658,Fewer animals than this at the Central Park Zoo - let's go!
624,5194,6,17,141,164,1.1768292682926829,0.03663209644602846,658,"They all keep submitting ""The Best Internet Memes of 1993"", what should I do?"
1809,5194,3,23,138,164,1.1768292682926829,0.033428436887916586,658,Open office has gone to the dogs!
3197,5194,4,21,139,164,1.1768292682926829,0.034529365645152806,658,Did the workshop announcement read 'Moodle' or 'Poodle'?
712,5197,5,22,154,181,1.1767955801104972,0.03339889566940303,658,"You DM'ed me to ""come to the supply closet and watch me lick my red rocket"" long before we started hiring dogs."
4758,5198,5,23,159,187,1.1764705882352942,0.03269315271048148,658,Evolution? Mutation? Or jut a new pet friendly app?
2461,5199,3,25,148,176,1.1761363636363635,0.03200029054620164,658,And they keep ogling my food while I don't care for they snacks.
3594,5199,5,21,150,176,1.1761363636363635,0.03396893764767235,658,This place is going to dogs!
5005,5201,2,24,133,159,1.1761006289308176,0.03282543299678655,658,"I don't mean to sound racist but, is this a zootopia lesson?"
4632,5202,4,27,168,199,1.1758793969849246,0.03057916037308045,658,But my dog really did eat my homework so why am I here??
2948,5203,4,24,154,182,1.1758241758241759,0.03230261599108085,658,"I get the feeling we're the dumbest ones here, but at least we have fingers not paws."
1614,5204,4,21,140,165,1.1757575757575758,0.034336187517090576,658,"I know it's an old saying but, this place is really going to the dogs."
4070,5204,2,25,138,165,1.1757575757575758,0.032111588456412814,658,"It's not a baseball, it's a chew ball."
1720,5206,5,23,160,188,1.175531914893617,0.032532332835623734,658,What does PBS mean again!
2140,5206,3,27,158,188,1.175531914893617,0.030733924136983403,658,When did this become such a ruff place?
1394,5208,3,24,144,171,1.1754385964912282,0.032516748141684995,658,Well I guess they are smarter than us then.
3187,5209,3,21,130,154,1.1753246753246753,0.0346360132677686,658,After the prices for dog food went up
1528,5210,4,23,150,177,1.1751412429378532,0.032827417870604975,658,All I get is the Dog Network!
2034,5210,3,25,149,177,1.1751412429378532,0.03183454143950465,658,"Honestly, it smells like a barnyard in here!"
3709,5210,2,27,148,177,1.1751412429378532,0.03080968505641956,658,"Is it really genetic, or are they just wearing costumes?"
3412,5213,5,22,156,183,1.174863387978142,0.03306096535241539,658,this bring your dog to work thing is getting out of paw
1145,5213,5,22,156,183,1.174863387978142,0.03306096535241539,658,"You were at my wedding, Denise."
795,5215,3,30,173,206,1.174757281553398,0.029078815328781066,658,"I said hello but he said: don’t bother me, i’m Listening to a dog cast.
Irina Torrey, San Francisco, CA"
3324,5216,1,27,138,166,1.1746987951807228,0.030770639184841502,658,"The saying isn't, 'Every human has its day.'"
1970,5217,3,27,159,189,1.1746031746031746,0.030584982562343044,658,Faun never invites us to happy hour!!
3941,5217,4,25,160,189,1.1746031746031746,0.031491720319294585,658,"Yey, tell me about it Brad...GenZ's, then A.I......now its man's best friend!"
4725,5219,6,18,148,172,1.1744186046511629,0.03535651315658309,658,I don't think this counts as discrimination based on species.
5213,5219,5,20,147,172,1.1744186046511629,0.03438144218306267,658,Should we get dog costumes?
3637,5219,4,22,146,172,1.1744186046511629,0.0333778985345532,658,I know doing business on the net is also is dog eat dog but this is a bit much!
1867,5219,4,22,146,172,1.1744186046511629,0.0333778985345532,658,This is all in the Cloud!
1180,5219,3,24,145,172,1.1744186046511629,0.03234323197484409,658,That's so weird; I was just talking about dog toys yesterday.
3239,5219,4,22,146,172,1.1744186046511629,0.0333778985345532,658,"I feel it is a discrimination, when we are only ones who can't bark on  annoying customer!"
3883,5225,4,23,151,178,1.1741573033707866,0.032657299240165326,658,"At this rate, these AI pooches will eat up our jobs!"
5574,5226,8,20,179,207,1.173913043478261,0.03275104554595237,658,‘Management wanted to save on keyboards.’
4357,5227,6,21,163,190,1.1736842105263159,0.03306846355500862,658,This affirmative action is really going to the dogs.
4441,5228,5,24,167,196,1.1734693877551021,0.03157393987340544,658,Can we leave now?
789,5229,3,24,146,173,1.1734104046242775,0.03217153489745255,658,How did I get stuck in this room full of dogs?
1053,5230,3,25,151,179,1.1731843575418994,0.0315080771628772,658,"With the AI, they're better at it than us!"
2047,5230,2,27,150,179,1.1731843575418994,0.03049570835156888,658,I don't want to be racist but...
867,5230,3,25,151,179,1.1731843575418994,0.0315080771628772,658,There're strays. I doubt they would have an interest our mortgage  calculations.
1631,5233,4,19,133,156,1.1730769230769231,0.035414900550674824,658,These budget cuts have been pretty ruff
4381,5234,3,26,156,185,1.172972972972973,0.03088246970249505,658,Do they really still think anyone cares whether they’re gods or not?
3256,5234,2,28,155,185,1.172972972972973,0.029916091461703872,658,Your pet forced to come with them on bring you human to work day too?
5274,5236,4,20,138,162,1.1728395061728396,0.034564614739648385,658,"I didn't complain when the new director started hiring dogs, but these Minion swivel chairs are just tacky"
2891,5236,4,20,138,162,1.1728395061728396,0.034564614739648385,658,"I don’t know, all I can make out is about smells and fetching balls."
1647,5238,4,25,162,191,1.1727748691099475,0.031187761640536504,658,I don't know. It's all growl to me.
4142,5238,4,25,162,191,1.1727748691099475,0.031187761640536504,658,They say they have come from the NSA...
1855,5240,4,21,143,168,1.1726190476190477,0.03376927346216977,658,I think we’re in PETCO!
5088,5240,4,21,143,168,1.1726190476190477,0.03376927346216977,658,He wants to imagine making love in a committed relationship with someone he deeply cares for.  Do we have a script for that?
745,5242,3,28,166,197,1.1725888324873097,0.029731689630166792,658,I guess this is not owned by the Fido mobile phone company.
992,5243,2,26,146,174,1.1724137931034482,0.030946138440570942,658,"I know we want to troll the next election, but our hiring process has really gone to the dogs."
3588,5244,6,19,155,180,1.1722222222222223,0.03418879517369177,658,"How do you say ""Not tonight, dear"" in Woof-woof ?"
3458,5244,6,19,155,180,1.1722222222222223,0.03418879517369177,658,The dogs are better than us!
1448,5244,8,15,157,180,1.1722222222222223,0.03595859018774549,658,Who let the server dog’s in?
1673,5244,5,21,154,180,1.1722222222222223,0.03326861086666922,658,"Why are we talking to each other?
Let's just talk to our computer."
2995,5248,3,21,133,157,1.1719745222929936,0.03402637047529577,658,I’d heard tech companies were famous for eating their own dog food.
3711,5248,2,23,132,157,1.1719745222929936,0.032804490095015536,658,I thought you said this was the Planet of the Apes.
1302,5250,6,21,165,192,1.171875,0.03274796539581421,658,hey are you holding?
3117,5250,2,29,161,192,1.171875,0.02922805416556857,658,I don’t care what the C suite says; this is not the way to capture the pet owner market.
3122,5252,3,22,138,163,1.1717791411042944,0.03324812105864267,658,"I think we're in the wrong ""Basic Demands for Dogs' class."
404,5253,3,28,167,198,1.1717171717171717,0.02959398818748329,658,"I'm just saying, hot start-up or not, are we really into IPO shares  in kibble?"
2752,5254,2,25,142,169,1.1715976331360947,0.03141698476137809,658,It's like Facebook for dogs but it has a NSFW name.
2458,5254,3,23,143,169,1.1715976331360947,0.03251875319921336,658,PETA would call this discrimination.
4019,5254,7,15,147,169,1.1715976331360947,0.03659561206169521,658,I think it's Tuesday.
2018,5254,3,23,143,169,1.1715976331360947,0.03251875319921336,658,Psst: Do you feel like we are dog whisperers!
2002,5254,3,23,143,169,1.1715976331360947,0.03251875319921336,658,These guys are beasts!
2057,5254,5,19,145,169,1.1715976331360947,0.034617250987054426,658,"He plays “ How Much is That Doggie in the Window” over and over and over, and it’s so loud! I can hear it, over and over and over!"
2879,5260,5,20,150,175,1.1714285714285715,0.03383391428095771,658,haha dog on computer
4375,5260,4,22,149,175,1.1714285714285715,0.032848931650502795,658,This job is starting to be a dog’s world.
4003,5262,6,20,161,187,1.1711229946524064,0.03328041808149005,658,"At least when it farts, it smells like fresh-baked doughnuts."
2724,5263,4,19,135,158,1.1708860759493671,0.034999266269688516,658,We tried paying them peanuts but they insisted on dog biscuits.
5307,5264,3,22,139,164,1.170731707317073,0.033061363034350755,658,We've given houndsight a shot. Now what?
1494,5265,2,25,143,170,1.1705882352941177,0.0312479396753295,658,What can we do? It's becoming such a dog's life!
3732,5265,2,25,143,170,1.1705882352941177,0.0312479396753295,658,Are they that smart!
1079,5267,3,24,149,176,1.1704545454545454,0.03166708092274453,658,So this is the Human Resource Dept at the dog food company
912,5267,4,22,150,176,1.1704545454545454,0.03267627700798723,658,I don't like cats either but this constant dog rock in the background is driving me nuts.
1406,5269,4,23,155,182,1.1703296703296704,0.03199391496798187,658,Equal Opportunity Employment
5479,5269,3,25,154,182,1.1703296703296704,0.0310305950165859,658,I'm concerned about the future here.
3778,5271,4,24,160,188,1.1702127659574468,0.03135049162097142,658,Their humor belongs in K - 9.
2268,5272,4,19,136,159,1.169811320754717,0.03479505107279786,658,"On the Internet, *everybody* knows you're a dog!"
910,5273,1,26,138,165,1.1696969696969697,0.030545959005208057,658,"Doggy style.. they'd never notice.




or"
1183,5274,2,25,144,171,1.1695906432748537,0.03108067962898875,658,"You said we'd be working in a boiler room, not a kennel."
692,5275,1,28,148,177,1.1694915254237288,0.029393836635725156,658,He says we're supposed to be down the hall...
2517,5275,5,20,152,177,1.1694915254237288,0.033478395626415594,658,"Dr Livingston, I presume?"
2591,5275,3,24,150,177,1.1694915254237288,0.0315023856706639,658,The dogs are taking over our crypto space.
5105,5275,4,22,151,177,1.1694915254237288,0.03250540937030368,658,They are barking mad.
932,5279,2,27,154,183,1.169398907103825,0.029886308460042445,658,"Well, at least we're all cisgender beings here."
2327,5279,4,23,156,183,1.169398907103825,0.031832215036390776,658,She's got you sleeping on the sofa again?
3171,5281,3,26,160,189,1.1693121693121693,0.030281620573870082,658,Remember when we used to play outside from dawn ‘til dusk?
1522,5282,2,30,169,201,1.1691542288557213,0.028323274283562763,658,"I know that’s not how they do it in his culture, but I just stepped on a goat turd for like, the third time today, is all I’m saying."
1163,5283,2,22,130,154,1.1688311688311688,0.0329687147439996,658,‘...said it came up on their phone as “FarmersOnly.com”.  Huh.’
2079,5284,6,15,139,160,1.16875,0.03679566537740604,658,Take Your Dog to Work Day -- 2075 A.D.
5610,5285,4,21,147,172,1.1686046511627908,0.0330415962080655,658,I guess now days any sentient being can be a telemarketer
3749,5286,3,24,151,178,1.1685393258426966,0.03133937494245472,658,Have you noticed that this place has really gone to the dogs?
2656,5287,3,25,156,184,1.1684782608695652,0.030720139185287227,658,"Dan, when I said I like guys with pets, this isn’t exactly what I meant..."
2953,5288,1,30,159,190,1.168421052631579,0.028226382406618712,658,DO YOU SMELL THEM? THAT DOGGY SMELL?
819,5289,4,19,138,161,1.1677018633540373,0.0343936212631981,658,I was promised a dogs life but they work us like dogs!
3260,5289,6,15,140,161,1.1677018633540373,0.03658142543288742,658,“The Spacecraft have successfully docked ‘doggie style'.”
2660,5291,3,23,147,173,1.1676300578034682,0.031825496438256086,658,I thought Internet Cafes were dead...
0,5292,3,24,152,179,1.1675977653631284,0.03117802340033617,658,Speak any armadillo?
5624,5292,5,20,154,179,1.1675977653631284,0.033130205861534597,658,These people work like animal
1285,5294,4,23,158,185,1.1675675675675676,0.03151362033952623,658,How come Rover gets a window view & I’m stuck looking at your mug?
4168,5295,3,26,162,191,1.1675392670157068,0.029989776643048797,658,"And at break time, Tom, you can have dog biscuits and coffee!"
5632,5296,3,22,143,168,1.1666666666666667,0.03233462527439859,658,How'd you get this job by nepotism?
5548,5296,4,21,149,174,1.1666666666666667,0.032689279887384064,658,"A company of (best) friends"", and I thought it would be risible hype"
5531,5296,2,25,147,174,1.1666666666666667,0.03058933610664303,658,"Work like a dog eh? Rex is more concerned with hawking Kibbles n' Bits to his 800k followers than meeting this deadline.""
""I did really enjoy his latest 'fitness journey' post though.  I will have to try 'fetch' during my next workout."
5322,5296,2,27,157,186,1.1666666666666667,0.02944479628536002,658,We should have stayed away from jobs at the Brigitte Bardot foundation.
4390,5296,5,20,155,180,1.1666666666666667,0.0329587896097353,658,Stop acting like an animal! We are a legit business.
3703,5296,3,18,123,144,1.1666666666666667,0.035533452725935076,658,"I support PETA, but this may be taking things a bit too far."
3370,5296,3,25,158,186,1.1666666666666667,0.030415763463279222,658,"Not to be racist, company has really gone to the dogs!"
2894,5296,2,27,157,186,1.1666666666666667,0.02944479628536002,658,Can you tell me again the nuanced meaning  of ruff art?
2543,5296,0,26,130,156,1.1666666666666667,0.029934217004462475,658,They're owners are Millennials.
2404,5296,4,23,159,186,1.1666666666666667,0.03135667880726451,658,Is this a modern form of Noah's Ark???
2182,5296,3,21,138,162,1.1666666666666667,0.0330561282434399,658,"In these dog-eat-dog times, it was only a question of time!"""
1233,5296,2,23,137,162,1.1666666666666667,0.031875168679478684,658,"I know pig latin, but these other languages are just gibberish."
907,5296,4,18,134,156,1.1666666666666667,0.035027264972095955,658,"What’s next, lattes?"
2902,5296,3,25,158,186,1.1666666666666667,0.030415763463279222,658,you have to call the dogs out!
2113,5310,4,22,155,181,1.1657458563535912,0.03183927191403288,658,So when do we get a leash?
1220,5310,2,26,153,181,1.1657458563535912,0.029849028922322673,658,"In dog bytes, don't we win by seven?"
1947,5310,1,28,152,181,1.1657458563535912,0.028802381384194983,658,The entire NSA has gone to the dogs! We' could be next...
272,5313,4,21,150,175,1.1657142857142857,0.03251589769784022,658,That little gecko brought in some friends.
740,5314,5,18,146,169,1.165680473372781,0.0342784511434079,658,You know what's even crazier? We really don't live on a globe.
391,5315,1,25,137,163,1.165644171779141,0.03047728548890001,658,"I’m sorry, but I see a direct throughline from us letting them poop wherever they want to them using social media to share cartoons that explain what it’s really like to be an introvert."
780,5315,3,21,139,163,1.165644171779141,0.03286861200065765,658,Ask the SPCA!
1193,5315,2,23,138,163,1.165644171779141,0.03169550903220905,658,Those dogwhistles are just killing my ears.
4484,5315,3,21,139,163,1.165644171779141,0.03286861200065765,658,They must be barking mad!
232,5319,5,16,136,157,1.1656050955414012,0.03597313058773673,658,"I’m sorry Bo Peep, none of our sources - drones, satellite, or ground based cameras could find your sheep.  But in all honesty, you shouldn’t have fallen asleep."
2028,5319,3,20,134,157,1.1656050955414012,0.03362658902752621,658,"You may step out, if you dislike artificial intelligence."
696,5321,3,19,129,151,1.1655629139072847,0.03443708609271524,658,"Yes cliche’, but when the shoe fits, and yes, I am whispering, what does that make me?"
2394,5321,3,19,129,151,1.1655629139072847,0.03443708609271524,658,I feel totally disconnected....
4894,5323,6,20,168,194,1.1649484536082475,0.03215862009544971,658,"I say ""dog gonnit"""
1900,5324,5,21,162,188,1.1648936170212767,0.031950429641410004,658,I! know they are dogs.
5511,5325,2,26,154,182,1.164835164835165,0.029698536456578325,658,I think that this work is for the dogs.
2186,5325,3,24,155,182,1.164835164835165,0.030703677883240636,658,DDate
2144,5327,2,25,149,176,1.1647727272727273,0.03027020679028024,658,Why did we pay for those kennel extras?
3704,5327,2,25,149,176,1.1647727272727273,0.03027020679028024,658,I can't believe I got my mother on that call
4043,5327,6,17,153,176,1.1647727272727273,0.03429323080239872,658,All these dogs are making me so horny!
5321,5327,4,21,151,176,1.1647727272727273,0.03234432792618295,658,What do you think of the new pet food website?
2072,5331,4,20,146,170,1.1647058823529413,0.03305336175158311,658,I think we've entered an episode of The Real House Dog's of NewYork.
3440,5331,5,18,147,170,1.1647058823529413,0.034090150591560835,658,Animal behavior is not appropriate.
1355,5333,3,21,140,164,1.1646341463414633,0.03268318924499519,658,This one over here is writing to his Congressdog?!
2467,5333,2,23,139,164,1.1646341463414633,0.03151783876056436,658,Not long before they replace us with more genius muttamaticians
4162,5333,3,21,140,164,1.1646341463414633,0.03268318924499519,658,When did they stop serving coffee?
5211,5336,7,10,129,146,1.1643835616438356,0.040107787296494876,658,Wasn't the 'No Pets' sign clear enough?
1019,5337,5,21,163,189,1.164021164021164,0.031792903219579845,658,So which weirdo are you stuck with?
3745,5337,3,25,161,189,1.164021164021164,0.02997022046081549,658,I think they're cheating!
1826,5339,4,22,157,183,1.1639344262295082,0.03151624185501798,658,I'm telling you this place is going to the Dogs.
5386,5339,3,24,156,183,1.1639344262295082,0.030548719454125697,658,This is like Animal House!
1358,5341,3,23,151,177,1.1638418079096045,0.031160870620282614,658,Borzoi Russan breed isn't it?
1496,5342,2,24,145,171,1.1637426900584795,0.030709534290374745,658,My students: “What do you mean the assignment was due last night?”
2934,5342,3,22,146,171,1.1637426900584795,0.03180998186004049,658,These BCG consultants get more punchy every year
194,5344,5,17,143,165,1.1636363636363636,0.034699543535541666,658,"Don’t ask me why they’re here, I have no idea."
4167,5345,1,24,134,159,1.1635220125786163,0.030746120505822934,658,"Hey, I know it makes our jobs harder, but don't blame me, I don't do the hiring around here."
4614,5346,2,21,130,153,1.1633986928104576,0.032731297476972745,658,"While they search online best friends, they see us as offline pals."""
4540,5347,4,23,163,190,1.1631578947368422,0.030744093017172628,658,I guess it's a “dog meet dog” world .
5478,5348,5,20,159,184,1.1630434782608696,0.03229036031225434,658,Dang! Another account deactivation.
4249,5349,1,26,145,172,1.1627906976744187,0.02941116005334146,658,I didn’t know they were bringing dogs in to actually work
3432,5350,1,25,140,166,1.1626506024096386,0.02997408746724355,658,Unneutered dogs are fundraising for an anti-littering campaign?
5620,5350,5,17,144,166,1.1626506024096386,0.03450396093211767,658,You know the guy next to you loves Rap music just like me!!
4363,5352,5,16,139,160,1.1625,0.03534143878788022,658,The salaries here are okay—but the year-end bonus is paid in kibble.
4108,5353,3,19,132,154,1.1623376623376624,0.033814679942939393,658,When did feminism go wrong?
3811,5354,2,27,162,191,1.162303664921466,0.028736882009699996,658,These coding jobs are really going to the dogs.
4645,5354,4,23,164,191,1.162303664921466,0.030594633346772388,658,"They said it was elementary. I tried everything from K thru 8."""
4499,5356,5,20,160,185,1.162162162162162,0.03212743387659769,658,It is a time to take the blue pill?
3915,5357,4,21,154,179,1.1620111731843576,0.031840216458840304,658,"It’s a Cockney, on the ‘dog and bone’ from London"
4624,5358,1,26,146,173,1.1618497109826589,0.029255796054551433,658,Call ASPCA!
4584,5359,3,16,117,136,1.161764705882353,0.036485870717506655,658,"No, they don’t bite... but it does get a little weird when they giggle over those heckin’ cute hooman accounts."
2019,5360,2,23,142,167,1.1616766467065869,0.03099644406584422,658,"They say it's a dog whistle phrase. I don't get it, but Muffy won't come away from the computer!"
3977,5360,6,15,146,167,1.1616766467065869,0.03534627296191059,658,'They quit dog runs for Facebook.'
4504,5360,4,19,144,167,1.1616766467065869,0.03324258230812478,658,"'Meow too,' riiigh"
902,5363,2,22,137,161,1.1614906832298137,0.03164808080246297,658,What't up with all the ruff language and park like atmosphere?
1838,5364,1,23,131,155,1.1612903225806452,0.03101936766469806,658,I don't feel like we're getting closer to a unicorn.
3781,5364,1,23,131,155,1.1612903225806452,0.03101936766469806,658,He says the Baha Men's deep cuts are overlooked.
1026,5366,3,23,154,180,1.1611111111111112,0.030680153386987707,658,Spock IS dead. Long live Spock.
2063,5366,3,23,154,180,1.1611111111111112,0.030680153386987707,658,It's the dog.com industry all over again
5571,5368,4,20,150,174,1.160919540229885,0.032345806144280204,658,"I swear, this place is goin’ to the dogs."
5072,5368,2,24,148,174,1.160919540229885,0.030222005873416103,658,Is it just me or is Ad Sales totally hounding you over these slides?
3825,5368,5,18,151,174,1.160919540229885,0.033357037386114397,658,"We're on a roll, the desk is about to corner the market in dog chow futures."
1723,5371,3,21,144,168,1.1607142857142858,0.031961755757675195,658,"Who let the dogs out?!
You know, like the famous Baha Men song."
2555,5371,3,21,144,168,1.1607142857142858,0.031961755757675195,658,These mother-ruffers are no help at all...
1082,5373,0,26,136,162,1.1604938271604939,0.028928650566981694,658,This job is going to the dogs!
2345,5373,3,20,139,162,1.1604938271604939,0.03266359643289618,658,Did you hear about AI dogs?
4895,5373,2,22,138,162,1.1604938271604939,0.03146790898406791,658,"I'm all for diversity but why can't they speak English?""
""¿cómo?"
1086,5376,6,17,158,181,1.160220994475138,0.03340397264680857,658,No. Let’s wait until we get home.
3850,5376,5,19,157,181,1.160220994475138,0.03247211164035534,658,Management wanted make sure we knew they were robots.
5029,5378,2,24,149,175,1.16,0.030062878822345478,658,Bizzfeed’s new hires sure are diverse
4180,5378,3,22,150,175,1.16,0.03113612256012007,658,They’ll get bored watching Daddy work from home.
4920,5380,4,23,167,194,1.1597938144329898,0.03015477043211417,658,The new staff at Buzzfeed wasn't hitting off so well with the old-timers.
1175,5381,3,21,145,169,1.1597633136094674,0.03178629869309073,658,The post modern library has people who don't even read.
1444,5382,4,18,141,163,1.1595092024539877,0.03362334684427683,658,Its freezing in here.
5335,5382,1,24,138,163,1.1595092024539877,0.03005508886850526,658,We gotta stop chatting like this.
1593,5384,4,17,136,157,1.1592356687898089,0.03442150905782623,658,"hey todd, what are you getting for lunch today? oh, dog food? again? yeah, me too. i fucking hate this office so much."
2281,5385,2,20,129,151,1.1589403973509933,0.03267704736417365,658,It’s those Surfin’ Doggie biscuits...
4144,5386,1,25,144,170,1.1588235294117648,0.02932810936307476,658,"Who on earth hired the new organizational psychologist? I had heard about those new ""workplace changes,"" but I didn't realize it would come to this!"
682,5386,4,19,147,170,1.1588235294117648,0.032695243257013805,658,It's primarily a dog device so it might take us a while to achieve the zombie effect!
2059,5386,5,17,148,170,1.1588235294117648,0.03374303744344283,658,Should I say something if I see and hear something?
5118,5386,5,17,148,170,1.1588235294117648,0.03374303744344283,658,Really? Maybe start taking notes on how to sell dog food from the professionals!
4312,5390,2,26,161,189,1.1587301587301588,0.02868565107643787,658,"Dogversity 101 is a howl, Pooch."
635,5390,2,26,161,189,1.1587301587301588,0.02868565107643787,658,So this is the Millennial's version of Fetch?
3038,5392,2,19,124,145,1.1586206896551725,0.03344215293327851,658,"Apparently, it's a cost-catting move. Dogs don't destroy the mouses!"
1136,5393,3,20,141,164,1.1585365853658536,0.03229352556433759,658,"I know they’re all dogs, but the Board of Education said we have to be inclusive and Old Mrs. Murcheson, the dog lady, started a big campaign."
2217,5393,3,20,141,164,1.1585365853658536,0.03229352556433759,658,"The Internet has evolved since 1993. Today, EVERYONE is a dog!"
4461,5395,5,19,159,183,1.1584699453551912,0.032139978059365595,658,I coulden’t help but overhear you weren’t talking about me
2808,5396,1,23,134,158,1.1582278481012658,0.03047919035680627,658,I guess they wanted to check their social media accounts too!
4689,5397,3,24,163,190,1.1578947368421053,0.029505890030599377,658,When are you gonna sign my Change.org petition to trade the Sackler family for Nipsey Hussle?
4716,5397,1,28,161,190,1.1578947368421053,0.02755372863015146,658,Am I only the only one completely distracted by how loud he's playing his stupid baaadcast
4860,5399,5,19,160,184,1.1576086956521738,0.031976427519453066,658,"It's almost quitting time, let's blow this joint."
711,5399,3,23,158,184,1.1576086956521738,0.030061584363131708,658,You smell!
1745,5401,4,23,170,197,1.1573604060913705,0.029727267574720266,658,How do I handle a ruff collar?
5617,5402,3,19,137,159,1.1572327044025157,0.03282543299678655,658,It's a Dog-gone shame but they seem to taking over
2233,5403,1,25,146,172,1.1569767441860466,0.029015316881404195,658,How did we end up in the Canine Computer Consortium?
655,5404,5,18,156,179,1.1564245810055866,0.03248351814144572,658,This is a case for the Canine Unit.
1010,5405,2,23,148,173,1.1560693641618498,0.030003207678823616,658,I didn't realize that SPANIELS were allowed in the computer LAB too
2844,5405,4,19,150,173,1.1560693641618498,0.03216549612970393,658,"I'm all-in down with the dogs, dude. But they're all  fierce and be like ""beat the humans""."
3631,5405,5,17,151,173,1.1560693641618498,0.0331938620289307,658,"Just because this is the Animal Planet website, doesn't mean we have to accept escape goats."
1985,5408,3,20,144,167,1.155688622754491,0.03175374175958151,658,The Information Highway has become the Information Barnyard!
1206,5408,0,26,141,167,1.155688622754491,0.02814010510030176,658,When did this become a zoo?
5210,5408,4,18,145,167,1.155688622754491,0.0328701229481563,658,The customers are saying it’s all doggerel.
640,5408,3,20,144,167,1.155688622754491,0.03175374175958151,658,"-Hey, Mary! This new online Farm Simulator 2019 game is very realistic!
-I know, Jim!"
1030,5408,4,18,145,167,1.155688622754491,0.0328701229481563,658,What does this say about OUR looks?
2335,5413,2,21,138,161,1.15527950310559,0.031226240919874332,658,"Kitty, ""Life on the grid in Silicon Valley will dog you out, Jack."""
1913,5413,3,19,139,161,1.15527950310559,0.032445614087867544,658,Stop sending me emails to ask me if I willl go out to dinner with you!
2299,5415,3,21,150,174,1.1551724137931034,0.03093688282844811,658,Are you sure that pet-friendly rehash of  internet cafes from 90s are trending now?
2023,5416,2,25,160,187,1.1550802139037433,0.028626320272023602,658,"They're not paying me money, they just drop off a truckload of bones in front of my apartment complex once a month. I eat the bones but I can't use them for rent. I need money for rent."
4479,5416,2,25,160,187,1.1550802139037433,0.028626320272023602,658,And what are you supposed to be? A mutt?
4930,5416,8,13,166,187,1.1550802139037433,0.034124364461805404,658,"New York?
Isn't that the prehistoric name of Drumpfturmburg before Vattidon made das Prophettenorwellsfarmtraum come true, and where Falschliberalsozialistischmedia lied that Oppafred was born, instead in das Wunderbarneanderthaldrumpfsnarrendorf?"
2528,5419,0,24,131,155,1.1548387096774193,0.029150714907681147,658,What do you mean you don't speak Wookie?
2852,5420,4,18,146,168,1.1547619047619047,0.03268702110311257,658,"My Wi-Fi  next quess is 
either Snoopy or Lassie...
Already tried Fido..."
208,5421,4,20,157,181,1.1546961325966851,0.031177282878540675,658,"It's like this office is a petting zoo, #metoo."
2664,5421,3,22,156,181,1.1546961325966851,0.030176739609896752,658,"Okay, I get it... not to go on all fours; that is the ""Law."" But isn't ""Are we not Men?""  a bit gender biased?"
5070,5423,3,17,129,149,1.1543624161073827,0.03397168106978986,658,Finance have just hired an adder
1004,5424,3,19,140,162,1.154320987654321,0.03225895392680739,658,"Ze dogs are speaking ze languageso of ze woof woof
Doggie-pants (ho ho) French accent-o (ho ho)"
4115,5425,4,21,163,188,1.1542553191489362,0.03041722414816954,658,Everyone's streaming these days...
3151,5426,4,18,147,169,1.1538461538461537,0.032505932874173714,658,This job is for the dogs!
3348,5426,2,20,134,156,1.1538461538461537,0.031706165110674034,658,"If they don't stop focusing on canis major, we'll never get anywhere."
3524,5426,3,20,146,169,1.1538461538461537,0.03140371465106639,658,They’re just trying to scare us out of here
3682,5426,3,22,157,182,1.1538461538461537,0.030022509765113094,658,Why do they win all the humor contests while we win zilch?
4013,5426,4,18,147,169,1.1538461538461537,0.032505932874173714,658,"It's the goat, I can't work beside him, the dude just smells awful!"
4350,5431,1,25,150,176,1.1534090909090908,0.0284090909090909,658,"He said, ""Bow."""
2872,5432,2,21,140,163,1.1533742331288344,0.030871143488000692,658,"Flea collars?  I don't see any,  but I am getting am starting to feel itchy and when I ask Google, it just autocorrects to ""flee""."
2996,5432,2,21,140,163,1.1533742331288344,0.030871143488000692,658,They say at best they may eventually yield Shakespeare and at worst their drafts are still more enjoyable to read.
3674,5434,5,20,171,196,1.153061224489796,0.030437316352165025,658,I don’t understand. What happened to our cubicle farms?
3961,5435,2,24,157,183,1.1530054644808743,0.028847145079106566,658,"I swear, they escaped from the backyard."
3560,5435,1,26,156,183,1.1530054644808743,0.027786841109379685,658,If this is dog heaven
1667,5437,4,18,148,170,1.1529411764705881,0.03232682551944209,658,"I don't know how I'm supposed to help an emergency K-911 call if I don't speak Bark.

Ugh. Riley called complaining about his owner's homework again."
5677,5437,2,22,146,170,1.1529411764705881,0.030096450947178086,658,"I thought they told us that if we didnt shape up we might be replaced by A.I., not mans best friend, dog-gone-it...and who is responsible for poop duty!"
5191,5439,3,21,153,177,1.152542372881356,0.030448494368828197,658,Robot is the dogs name.
2302,5440,1,23,140,164,1.1524390243902438,0.029452727037843716,658,We can't keep meeting like this.
1800,5441,2,24,158,184,1.1521739130434783,0.028701987104653916,658,Stop bothering me!
2197,5442,1,24,146,171,1.152046783625731,0.028761132437775002,658,Did you know racism evolved to the corporate level?
647,5443,3,16,126,145,1.1517241379310346,0.034367623879830014,658,I can't take it anymore. All this barking and growling. This place is going to the dogs!
2385,5444,4,17,144,165,1.1515151515151516,0.03285622401420452,658,The young athlete always played for his hometown team rather than moving to a larger city with a bigger team. He thought that it was better to be the head of a dog than the tail of a lion.
2071,5444,3,19,143,165,1.1515151515151516,0.03171153774991366,658,"ugh, this place is going to the dogs"
1967,5444,5,15,145,165,1.1515151515151516,0.03396235101519005,658,It’s where all that beastiality comes from?
461,5447,4,20,161,185,1.1513513513513514,0.0305464154161437,658,What’s with all the coders?
5095,5447,4,20,161,185,1.1513513513513514,0.0305464154161437,658,I knew the job involved horse-trading but this.....
716,5449,4,18,150,172,1.1511627906976745,0.031974425938739594,658,...all I'm saying is that I can't hear anything from his 'phones but I'm finding it difficult to concentrate over your death-glam playlist so please turn it down...
2116,5449,4,18,150,172,1.1511627906976745,0.031974425938739594,658,These doggy smells are knocking me out!!
4774,5449,2,22,148,172,1.1511627906976745,0.029771882743676783,658,Don't ask me. The Devil's in the details.
3270,5452,5,19,168,192,1.1510416666666667,0.0307252147531298,658,I thought we signed up for a remake of Planet of the Cats?!
5204,5453,5,14,140,159,1.150943396226415,0.034773459354260176,658,"I say ""sit"", I say ""fetch"", he does the same thing."
5280,5454,4,19,156,179,1.1508379888268156,0.031155520313030306,658,"We need 5G, their doggy porn is slowing down the wifi"
2121,5455,5,15,146,166,1.1506024096385543,0.03376947588048485,658,"I don't understand why we hired Fido over there. I mean, he's such a dog."
544,5456,3,22,161,186,1.1505376344086022,0.029420908133722456,658,fucking animals!
4981,5457,1,24,148,173,1.1502890173410405,0.028454668379939797,658,Noah's trying to hack us.?
1246,5457,4,18,151,173,1.1502890173410405,0.03180107164844312,658,Their going crazy for it. Its that Instadog website that just went up.
2618,5459,3,21,156,180,1.15,0.02997516041801379,658,Looks like the dogs are waggin' the tales.
4413,5459,6,15,159,180,1.15,0.032935239203291444,658,Doesn't look like Mrs. Maisel to me.
2183,5461,4,20,163,187,1.1497326203208555,0.030240390937676095,658,Boss is double SOB backwards.
1521,5462,5,16,153,174,1.1494252873563218,0.03266298706227227,658,Just whats going on here ?
4882,5462,5,16,153,174,1.1494252873563218,0.03266298706227227,658,"Baha Men really were a one-hit wonder, huh?"
3512,5464,5,17,159,181,1.149171270718232,0.03181263039659549,658,"They must have thought the ad said “Hump and dump."""
4149,5464,4,19,158,181,1.149171270718232,0.030832711501672334,658,I'v'e been thinking you're going to the dogs.
3823,5466,1,23,144,168,1.1488095238095237,0.028805564513359982,658,Is this why they say ‘it’s a doggie dog world’?
2704,5466,2,21,145,168,1.1488095238095237,0.030017437371685413,658,Wait - is “lassie” the name of a dog or sweetened buttermilk?
1181,5466,1,23,144,168,1.1488095238095237,0.028805564513359982,658,They really need to fix the sound on these things.
888,5466,3,19,146,168,1.1488095238095237,0.031182247285799783,658,This is how you work two jobs!
679,5466,1,23,144,168,1.1488095238095237,0.028805564513359982,658,"Really, this job has gone to the dogs."
3424,5471,2,22,151,175,1.1485714285714286,0.029297826803484767,658,"Now I've heard of a dog-eat-dog work place, but this is a bit over-the-top!"
3494,5471,5,16,154,175,1.1485714285714286,0.032487028032467974,658,There are too many damn fleas in here!
2439,5473,3,17,135,155,1.1483870967741936,0.032740423771392364,658,Is the dog going to steel our job?
4544,5473,3,17,135,155,1.1483870967741936,0.032740423771392364,658,We work?! We gossip!
2770,5475,2,23,157,182,1.1483516483516483,0.028626134445036398,658,"I know, he’s an animal!"
3667,5476,4,16,142,162,1.1481481481481481,0.03302389407853943,658,"No, I will not dog-sit your Corgi!"
4674,5476,4,20,165,189,1.1481481481481481,0.029940394392261677,658,When they said it was a surl%22:%22https://www.newyorker.com/cartoons%22%2C%22sref%22:%22%22%2C%22sts%22:1554556021289%2C%22slts%22:0}
4836,5478,5,19,172,196,1.1479591836734695,0.03013539292400517,658,An internet cafe? Seriously? What kind of girl do you think I am?
1087,5478,7,15,174,196,1.1479591836734695,0.03182450556094425,658,The rate of pet adoptions has never been higher.
627,5480,1,23,145,169,1.1479289940828403,0.028648145281848867,658,And we’re only in the dog days of spring ...
1072,5480,2,21,146,169,1.1479289940828403,0.029852279749201825,658,Hyper Speed Dating
1529,5482,6,14,156,176,1.1477272727272727,0.03330257337132225,658,"No, we don't have a ""Himalayan Elk"" consultant....."
3178,5482,5,16,155,176,1.1477272727272727,0.0323129436637586,658,"Dog tales?”  I could’ve sworn Alexa said
“Dog style!"
4661,5484,5,13,138,156,1.1474358974358974,0.03499318990757995,658,"You know, The New Yorker Cartoons used to be classy and witty, but now they suck! It must be that the audience has completely degenerated. Unfortunately, there's nothing I can do about it!"
5408,5484,0,23,133,156,1.1474358974358974,0.028477331514978603,658,Can you believe I got passed up for the promotion to chief barketing officer?
2753,5486,2,20,141,163,1.147239263803681,0.030439145960144652,658,They are definitely eating the dog food
1443,5486,3,18,142,163,1.147239263803681,0.03165883713628662,658,Is your machine running like a dog too?
3039,5488,5,15,150,170,1.1470588235294117,0.03301927493060276,658,"Woof, woof, woof."
4212,5489,3,20,154,177,1.1468926553672316,0.030076938108331324,658,I'm not comfortable with the company you keep.
3313,5489,4,18,155,177,1.1468926553672316,0.031125930369390875,658,The Postmaster General mentioned Pepper Spray in his Blog
677,5491,3,21,160,184,1.1467391304347827,0.02936629919380195,658,32 mbps or 4 megabites per second is doggoned good for this brow-wowser.
5031,5491,1,25,158,184,1.1467391304347827,0.027268781891656657,658,You know what? These old computers have gone to the dogs.
2384,5493,1,21,135,157,1.1464968152866242,0.029718158126645272,658,The humans are in a *rough* situation
2410,5494,2,21,148,171,1.1461988304093567,0.02952730991729023,658,They are tying up the computer by hitting Animal House.
5060,5494,2,21,148,171,1.1461988304093567,0.02952730991729023,658,"We’re not only dogs.  Haven’t you heard about the Me,too! movement?"
3988,5496,3,20,155,178,1.146067415730337,0.029918872505185858,658,It is going to be difficult to stay competitive in this workplace without a paw glove for these keyboards.
4979,5496,2,22,154,178,1.146067415730337,0.028838497878924865,658,On the phone it sounded like we'd be working with kindergarten through ninth graders!
1205,5496,3,20,155,178,1.146067415730337,0.029918872505185858,658,At least he didn't take my chew toy.
3930,5496,1,24,153,178,1.146067415730337,0.027716042066715473,658,"Are there any clients left which don't produce dog meat? 
I can't create another ad campaign for dry food!"
4427,5500,2,23,160,185,1.145945945945946,0.028194525026407718,658,No. They just want dog biscuits.
3149,5500,5,17,163,185,1.145945945945946,0.031163993024100934,658,"So this would be the difference between Augmented Reality and Virtual Reality, right? 

Bryan Mattimore
Stamford, CT
Bmattimore@growth-Engine.com"
1326,5500,1,25,159,185,1.145945945945946,0.027132578846918283,658,"You must admit it's ingenious, using wo/man's best friend for sales."
1155,5503,3,18,144,165,1.1454545454545455,0.03129922045947296,658,Don’t Spots know that bots are right around the corner?
3851,5503,2,20,143,165,1.1454545454545455,0.03009537126142989,658,"Who let the dogs out

We are outnumbered"
1077,5505,7,11,154,172,1.1453488372093024,0.03467627241819891,658,This dial-up internet is ruff.
1271,5505,2,21,149,172,1.1453488372093024,0.029367440964431727,658,They're Anerdimals !
3160,5505,0,25,147,172,1.1453488372093024,0.02695269331237008,658,After dinner; your blog or mine?
4401,5508,3,20,156,179,1.1452513966480447,0.029762447258442782,658,Oh 'bow-wow' room. They said it was a boiler room!
2347,5509,1,25,160,186,1.1451612903225807,0.02699771544754343,658,Woof woof grr woof.
2643,5510,1,19,125,145,1.1448275862068966,0.030917190014512097,658,"Between you and me--this place has gone to the Dogs
(*Is this hackneyed & simplistic enuf for NY'er CC judges?
*Not part of Caption"
1283,5511,2,20,144,166,1.144578313253012,0.02992635507497198,658,You remind me of me
2393,5512,2,21,150,173,1.1445086705202312,0.029209279143269505,658,"That's why they call the virtual game, Best in Show!"
805,5513,2,22,156,180,1.1444444444444444,0.028540128481132784,658,"Look, I get that back in the 90's he was on a very famous TV show, but don't you think this is getting out of hand?"
3820,5514,5,17,165,187,1.1443850267379678,0.030849437231994344,658,Is that a baseball?
737,5515,2,19,139,160,1.14375,0.03051816012613271,658,I thought these dogs fetched.
2967,5516,2,20,145,167,1.1437125748502994,0.029759211036206396,658,But they are competing with us for jobs!
891,5517,3,19,152,174,1.1436781609195403,0.03017458885889777,658,I’m ravenous and you’re sheepish?
2171,5517,4,17,153,174,1.1436781609195403,0.03125614468962537,658,Well you’re the one who wanted a support computer.
2355,5517,3,19,152,174,1.1436781609195403,0.03017458885889777,658,They're taking our jobs!
4506,5520,3,20,158,181,1.143646408839779,0.029454417640552125,658,"Where are we?
Meta ... meta world!"
4734,5520,2,22,157,181,1.143646408839779,0.028393227437877408,658,"I understand Buzzfeed wanting a 
""diverse workforce"", but this is a little far."
2499,5522,1,23,151,175,1.1428571428571428,0.027738262612517137,658,When you hear harking just hang up!
2062,5522,1,22,145,168,1.1428571428571428,0.02836394581392585,658,Animal#youtoo
2012,5522,3,17,141,161,1.1428571428571428,0.031594704890335105,658,They're woofing our asses!
708,5522,3,19,153,175,1.1428571428571428,0.03001289893936515,658,"Whats more, he keeps forwarding his angry customers to me for damage-control"""
3502,5526,1,24,158,183,1.1420765027322404,0.02701441738111214,658,Wage gap with humans on the dog site.
831,5527,4,17,155,176,1.1420454545454546,0.03092138315544071,658,Thanks to artificial intelligence we’re next to be replaced with low wages labour
4500,5528,2,20,147,169,1.1420118343195267,0.029430417562324257,658,Harriet could be quite bitchy at times.
5455,5528,3,18,148,169,1.1420118343195267,0.030603788262688166,658,I think screen time addiction has gone too far. Let's get out of here and do something.
109,5530,5,17,169,191,1.1413612565445026,0.03023889727826782,658,It's okay to be a furry. Online everybody's doing it.
2524,5531,4,16,150,170,1.1411764705882352,0.03155763941024923,658,We should earn more than just $19 per month.
3798,5531,2,20,148,170,1.1411764705882352,0.029268708830400423,658,Bad timing Dan! Only “Dog Day Afternoon” is on.
1868,5533,1,21,141,163,1.1411042944785277,0.028702799279382817,658,My headphones don't seem to be working.
1238,5534,2,15,118,135,1.1407407407407408,0.03352014478583837,658,How might plant embodiment challenge the privileging of the animal?
3507,5535,2,21,155,178,1.1404494382022472,0.02844315409410128,658,He keeps bugging me about why I be vegan.
2447,5536,4,16,151,171,1.1403508771929824,0.031383410210523356,658,do you hear him? he keeps saying the n-word. but he's super good at gaming. should i say something?
295,5537,4,15,145,164,1.1402439024390243,0.03223343138117256,658,At least rosie doesn’t start eating your arm if
3001,5537,3,17,144,164,1.1402439024390243,0.031051206087969012,658,"This place has really 'gone to the dogs,' huh?  Ha ha, but really I just wanted to let you know that your headphones are unplugged and everyone can hear your hentai."
3418,5539,6,10,141,157,1.1401273885350318,0.03552940498831452,658,"Sorry Ed, I don't have Pooch's password to make the fixes."
293,5540,3,21,169,193,1.1398963730569949,0.028082232368754918,658,But when I get home to you.
486,5541,0,24,148,172,1.1395348837209303,0.026497809679525933,658,Now i am releasing why all these cay videos get so many views!
2682,5541,4,16,152,172,1.1395348837209303,0.03121108363754431,658,"Without your avatar, you're no longer that appealing."
4790,5543,3,19,158,180,1.1388888888888888,0.029229595735247336,658,I told you...these pets make great co-workers and help our workforce crunch too...
3579,5544,1,22,150,173,1.138728323699422,0.027602185364335646,658,Is there something I'm not hearing in this rhetoric?
2592,5545,1,21,144,166,1.1385542168674698,0.02822046738727659,658,We should build a pen.
2103,5546,2,21,158,181,1.138121546961326,0.02800232458010787,658,"Why do you think the site is swamped, Ralph? The ESA’s are printing their boarding passes!"
2914,5546,4,17,160,181,1.138121546961326,0.030114861618473043,658,"Dogwalking, gigital age"
416,5548,2,20,152,174,1.1379310344827587,0.028639131033213597,658,My work ethic is dogged you jerk!
898,5548,4,16,154,174,1.1379310344827587,0.030872015846849645,658,"I'm outta here. First they went to the dogs, and now it's goats.  Start-ups use them for milk, feed, and fur after they belly-up."
5096,5548,4,16,154,174,1.1379310344827587,0.030872015846849645,658,I guess there's a really lax dress code at this start-pup?
2051,5551,4,19,173,196,1.1377551020408163,0.028608315129154127,658,If this is the new normal can we meet offline?
5516,5552,0,22,138,160,1.1375,0.02731066900516049,658,"We are losing our speed , we have to work in parks or something ."
1910,5553,1,22,152,175,1.1371428571428572,0.02730871459010698,658,"This must be the additional crew who is handling that new animal dating app. I'm even more relieved  now, than I was before, that I'm not the one who has to clean the bathrooms!"
3535,5553,2,20,153,175,1.1371428571428572,0.028485914722116815,658,I told her 'no woofin' offscreen'.
4473,5553,4,16,155,175,1.1371428571428572,0.03070521498930257,658,Do I have to show you everything?
3378,5556,1,21,146,168,1.1369047619047619,0.027907740430069244,658,Any idea of protocols at a humane society switchboard?
2933,5556,0,23,145,168,1.1369047619047619,0.026599924369862585,658,I think those are noise canceling headphones- but on him they are a gruff look !
3508,5558,5,16,169,190,1.1368421052631579,0.03005708171206728,658,I really need to pee.
1312,5559,2,18,141,161,1.1366459627329193,0.029876680297789046,658,I told you this job was the dog's breakfast!
619,5560,2,20,154,176,1.1363636363636365,0.028334317180871982,658,This company really has gone to the dogs so quickly
680,5561,4,18,169,191,1.1361256544502618,0.028971880868822523,658,"It’s a zoo outside AND inside, too!!!"
93,5562,2,19,148,169,1.136094674556213,0.028995232897071066,658,Have you already seen new potties?
4950,5562,5,13,151,169,1.136094674556213,0.032435330507942256,658,It's a dog's new world.
429,5564,4,14,144,162,1.1358024691358024,0.03218182761022423,658,"Stop dreaming and start streaming."""
1664,5565,4,16,157,177,1.1355932203389831,0.030376934941183865,658,"No, I definitely don’t want a second opinion."
4515,5566,1,21,148,170,1.1352941176470588,0.027601809954751123,658,"For our test, by any chance would you have a copy of the old textbook with the relevant pages dog-eared?"
5011,5567,3,16,144,163,1.1349693251533743,0.030788247554563643,658,"No way that’s a unicorn, John. I think you’re overvaluing again."
4429,5567,3,16,144,163,1.1349693251533743,0.030788247554563643,658,I can only find funny puppy videos. The computers are going to the dogs!
2228,5569,3,15,138,156,1.1346153846153846,0.031618249252890404,658,I thought yesterday was make your dog work day?
511,5570,2,18,144,164,1.1341463414634145,0.029363529029085223,658,"Jim,it’s your brother!"
5537,5570,2,18,144,164,1.1341463414634145,0.029363529029085223,658,Loop the command:  'Doggone!  Doggone!  Doggone!'
5446,5572,1,22,156,179,1.1340782122905029,0.026739949244553148,658,the day before the dark one's arrival
4788,5573,3,22,184,209,1.1339712918660287,0.026378451177147124,658,Animal Farm 2.0!
3833,5574,1,21,150,172,1.1337209302325582,0.027302459031449636,658,"At a dog's cafe, only the baristas get hurt."
4442,5575,3,19,165,187,1.1336898395721926,0.0281988358511215,658,The Coffee-flavored Kibble here must be really good
3893,5576,3,16,146,165,1.1333333333333333,0.030435777238188504,658,The worst part is that they work kibble
1699,5577,1,23,165,189,1.1322751322751323,0.025822680143248636,658,The internet speed here seems dog slow.
1749,5578,3,17,154,174,1.132183908045977,0.029366537631931117,658,Summer School stinks! It really is the dog days of summer.
595,5578,4,15,155,174,1.132183908045977,0.03047678297561777,658,"So this is what you meant when you said,""We will Pound through this exam?"
2133,5580,4,13,142,159,1.1320754716981132,0.032310401868089825,658,"So anyway, im a bit vanilla to be honest. Hebephilia is all I'm into. Nothing like these dog fuckers."
3962,5581,2,20,160,182,1.1318681318681318,0.02745734508536489,658,"Seriously, the scenery never changes around here."
5671,5582,1,23,166,190,1.131578947368421,0.025695844450986143,658,These animals are taking our jobs!
2328,5583,1,21,154,176,1.1306818181818181,0.0267226727643292,658,"The worst part is, the other girls here are all so mean to me, but they keep taking my compliments in stride!"
3046,5583,4,15,157,176,1.1306818181818181,0.030148075137139626,658,dumb
706,5585,1,22,161,184,1.1304347826086956,0.026061205314978235,658,"Global warming, we're descending down the food chain."
793,5585,2,17,142,161,1.1304347826086956,0.029396669729687543,658,"I know this job is Roff, but you don’t have to bark at me."
842,5585,1,22,161,184,1.1304347826086956,0.026061205314978235,658,What’s next? Singularity?
3514,5585,1,19,141,161,1.1304347826086956,0.02804504304941486,658,He said they are wearing Doggie Diapers...
560,5589,2,18,150,170,1.1294117647058823,0.028388031025082576,658,HEY ?! Your headphones aren't plugged in !
3908,5590,2,16,137,155,1.1290322580645162,0.02995552829928984,658,Someone Set Fire to all the toll booths at 60th street again... 3rd Time this week.
5372,5591,2,17,144,163,1.1288343558282208,0.029056770941986526,658,"Psst, the new C.A.I. research team, (Canine Artificial Intelligence)"".

John Curliano, Alameda, C"
1918,5592,4,14,153,171,1.128654970760234,0.030571660751701504,658,Working here is like working in a barn
3715,5593,1,19,144,164,1.1280487804878048,0.0275644712479971,658,They've done their morning walk.  They say it is the Canine Computer Corps turn.
2046,5594,2,19,159,180,1.1277777777777778,0.02732719597213167,658,"Yeah, but _we're_ both on the Internet...."
2329,5594,2,19,159,180,1.1277777777777778,0.02732719597213167,658,SIR IS THIS OFFICE OR STUDIO OF DISNEYLAND FULL WITH CHARACTERS
1305,5596,0,19,130,149,1.1275167785234899,0.027417720857444827,658,I thought one dog was supposed to protect the computers!
719,5597,2,16,140,158,1.1265822784810127,0.0294185327600902,658,How do I know? I don't speak ferret
4581,5598,2,17,147,166,1.1265060240963856,0.02856132535608662,658,But everything works with a credit card.
3534,5599,3,14,142,159,1.1257861635220126,0.030574649634705534,658,They call it puppy love
254,5600,0,21,146,167,1.125748502994012,0.02573448965423089,658,"Oh, I think I’ve heard this one"
1266,5601,2,17,149,168,1.125,0.028240257056547893,658,Did you see the Slack that Buster just sent?
5126,5601,4,15,165,184,1.125,0.028900929407178536,658,Now rheyr
2352,5603,2,19,164,185,1.1243243243243244,0.02663046313896743,658,A Goat....
4872,5604,2,18,157,177,1.1242937853107344,0.027328360050874464,658,My neighbour is a total dogsbody.
1061,5605,4,12,145,161,1.124223602484472,0.031472362882380714,658,Let's get back to MARS.
2181,5606,4,15,167,186,1.1236559139784945,0.02860503467354388,658,"Helter skelter, etc."
3982,5607,5,9,140,154,1.1233766233766234,0.03363490028374096,658,I am dog tired of this fast band internet at work. All I get at home is slow speed. Why do I have to work faster?
613,5608,4,16,175,195,1.123076923076923,0.027709337730562934,658,I don't know.  I'm from upwork
3759,5609,2,16,145,163,1.1226993865030674,0.028564862767221484,658,"Hey, I can't concentrate with your singing!"
2440,5610,5,13,171,189,1.1216931216931216,0.029154208368874165,658,Did you just grope me electronically?
4139,5611,1,21,168,190,1.1210526315789473,0.024872713822382143,658,It sure can be dog ruff working here.
2619,5612,3,13,142,158,1.120253164556962,0.030260758945284225,658,"What are we, a couple of DOGS?!"
4252,5612,3,13,142,158,1.120253164556962,0.030260758945284225,658,"Even with his headphones on, I can still here is music."
5325,5612,1,17,140,158,1.120253164556962,0.027467475708148066,658,And I thought my wife was bad
3933,5615,1,19,155,175,1.12,0.025934108751139443,658,"The boss is NOT a man-hater. She never told me, ""There's a good dog,"" either."
606,5616,3,17,172,192,1.1197916666666667,0.026751877485993315,658,"Mom wants to know, boil or just simmer?"
4084,5616,3,17,172,192,1.1197916666666667,0.026751877485993315,658,Where’s all this noise coming from.”
3669,5618,3,14,150,167,1.1197604790419162,0.02918016846096836,658,"In my interview, I told the boss I had 12 dogs so I had to prove it"
1297,5619,1,15,126,142,1.119718309859155,0.029108545111038938,658,My uncle called to ask if he could borrow my anteater.
4886,5620,3,13,143,159,1.119496855345912,0.03007934717310979,658,He keeps mumbling about a battle bus and his sand box
1368,5621,2,17,157,176,1.1193181818181819,0.02702471102349085,658,They’ re looking for a dog’s dinner.
4232,5622,3,17,173,193,1.1191709844559585,0.026620142731948793,658,He wants to know who's on first?
1520,5623,2,18,165,185,1.1189189189189188,0.02620973425869464,658,I got one of Trump's tweets..Should I answer it...What would Nancy do ?
1850,5624,2,17,158,177,1.11864406779661,0.026880049528771502,658,"Hey stop it - this isn’t a
dog bar."
5266,5624,1,19,157,177,1.11864406779661,0.025658053848283836,658,"Who’s idea was it to be a moderator for the /r/aww, cute animal subreddit?"
699,5626,2,16,151,169,1.1183431952662721,0.027603347197579016,658,"Thank god A.I. has gone to the dogs, we can take more breaks & chat ...!"
2240,5627,3,13,145,161,1.1180124223602483,0.029722946867094164,658,I don't care who our customers are---no one else here has to speak Goldfish!
2387,5627,2,15,144,161,1.1180124223602483,0.02838685996920596,658,humans speaking ill of the animals that are with them
1508,5629,3,14,153,170,1.1176470588235294,0.02868935291248391,658,Random In-counter
2388,5629,3,14,153,170,1.1176470588235294,0.02868935291248391,658,"Now we will have to work like dogs man 
But we are going to be controlled as puppies man we are in a rough situation"
3176,5631,1,19,159,179,1.1173184357541899,0.025387779589675485,658,Let's get out of this work cage and visit the local zoo!
241,5632,2,17,161,180,1.1166666666666667,0.026455166858425572,658,Its those kebbles.
3734,5633,4,11,148,163,1.116564417177914,0.03063695303918777,658,I’m never going to that loyal to this place.
1054,5633,2,15,146,163,1.116564417177914,0.02805605402488981,658,"Woof, woof?"
857,5635,4,12,156,172,1.1162790697674418,0.029545274565861555,658,"Freddie, I feel we'll be found out and second. You should have let Scooby and Shaggy infiltrate the Dog Troll farm feeding disinformation to the local community"
4710,5636,2,18,170,190,1.1157894736842104,0.02555571805128719,658,You should the lady's room
5051,5637,2,17,163,182,1.1153846153846154,0.02617926174049312,658,"-John, why Frankie is so silent this week?

-His wife left him for some hound she met in the park."
1367,5638,0,19,146,165,1.1151515151515152,0.024925699798115306,658,"Seriously, you don't get the connection? The new Dogged building?"
553,5639,2,14,141,157,1.1146496815286624,0.028530554815487538,658,Son!
4453,5640,1,20,171,192,1.1145833333333333,0.02420145161608639,658,"This life science class is so life like !








Donna, aircard@yahoo.com"
206,5641,4,10,144,158,1.1139240506329113,0.031071960111593758,658,My cell phone does work. What should I do?
5053,5642,2,16,158,176,1.1136363636363635,0.026559949787295527,658,CI should be smart enough to lose the flees!
2463,5643,1,19,165,185,1.1135135135135135,0.024609891809178403,658,"Dude, if we keep going like this we’ll go to the dogs!"
4324,5644,1,17,150,168,1.1130952380952381,0.025921284242250684,658,I know what you're going to say. Duh.
4407,5645,0,20,157,177,1.112994350282486,0.023863559501542588,658,"Excuse me, Larry, but this are some very weird-looking professors."
2191,5645,3,14,160,177,1.112994350282486,0.02760567836962156,658,We just won't bray next time.
1083,5647,1,17,151,169,1.1124260355029585,0.02577613578517759,658,I tell you it's a dog eat dog world!
602,5648,2,16,162,180,1.1111111111111112,0.025998243851411824,658,I thought I'd be working with KENDALL Jenner.
2316,5648,3,15,171,189,1.1111111111111112,0.02634786355794469,658,Antithesis
5391,5650,2,16,163,181,1.1104972375690607,0.025861494926765316,658,I thought the boss was joking (-_-  )
2105,5651,2,16,164,182,1.10989010989011,0.025726171253877255,658,I heard they’re going to start hiring cats next.  They think cats are purrfect.
4409,5652,1,16,150,167,1.1077844311377245,0.02552378945198689,658,"what? I've been playing fortnite, not looking up. not sure what I expected..."
1046,5653,1,16,152,169,1.106508875739645,0.025236860637783128,658,Stop what you are doing to me!
4061,5654,1,17,161,179,1.106145251396648,0.024408925122149913,658,That booking sheet has saved us a ton of Windex!
5486,5654,1,17,161,179,1.106145251396648,0.024408925122149913,658,These are the new freshmen Q Dawgs
3815,5656,1,16,153,170,1.1058823529411765,0.025095791174410943,658,Fido over here isn’t so much letting the cat out of the bag as he is their whimpers blast out from his headphones...if you know what I mean.
658,5656,1,16,153,170,1.1058823529411765,0.025095791174410943,658,"I can’t believe how many dogs we got doing manual chores? I gotta wander if they aren’t bored. And what’s this one beside me with the earphones, never seen a dog wearing one yet. Is this place going to the dogs, or what?"
144,5658,2,14,155,171,1.105263157894737,0.026298583986736273,658,"Yeah...Wwoofing sound's great, but I don't think I can commit to the workload."
3707,5659,1,19,182,202,1.103960396039604,0.02264298098814213,658,What should we order out for break time?
1333,5660,3,11,151,165,1.103030303030303,0.028022061871551658,658,"Did you think our high school internships meant a whole summer repeating ""Thank God for MeToo""?"
1650,5660,1,15,149,165,1.103030303030303,0.025247104616535482,658,CHAOS IN LIBRARY
3190,5662,1,15,153,169,1.1005917159763314,0.024677363612840234,658,Solved an SDRAM timing glitch and got one of the platform's iconic games to run by moving to FX68k.
1938,5663,1,16,163,180,1.1,0.023766921183026073,658,Who cares if they like cooking shows - they don’t choose cable packages!
4722,5663,2,12,146,160,1.1,0.026893687739906042,658,Birds do it. Bees do it. Next stops pets and barnyard animals
4880,5663,1,14,145,160,1.1,0.02539003915023202,658,I think they are on to something! They
5465,5666,2,12,149,163,1.098159509202454,0.02641829907985836,658,"They are are stuck on ""dI"",whatever that means"
4989,5667,3,12,170,185,1.0972972972972972,0.025565662015379634,658,"Hey, Debra. Can I use your HBO account to watch Game of Thrones?"""
4760,5668,1,17,182,200,1.095,0.021961020744965472,658,Another dog day afternoon John - check out the pet stores!
4597,5669,2,11,146,159,1.0943396226415094,0.026457141237132546,658,I was told we're selling cat food.
3157,5670,0,15,146,161,1.093167701863354,0.022979267992156438,658,Dan I am so worried the boss is going to fire me because I forgot to turn in my daily reports three days in a row!
1392,5671,0,13,134,147,1.08843537414966,0.023497968252110413,658,Did you clean the litter box?
872,5672,0,15,155,170,1.088235294117647,0.021818214391386783,658,We call is smello-vision. They sniff the screen all day and save you money on dog food.
4283,5673,3,10,177,190,1.0842105263157895,0.02398170168201641,658,"Quick, reboot"
4321,5674,0,13,142,155,1.0838709677419356,0.022336945766635193,658,Are they hiring dogs to replace Humans?
4547,5674,3,7,145,155,1.0838709677419356,0.027391617109358918,658,"I do want the experience of game days, partying...I don’t really care about learning”"
4449,5676,1,12,161,174,1.0804597701149425,0.022228483573431507,658,Just tell me the date and  can press next!
90,5677,0,14,164,178,1.0786516853932584,0.020233886352803872,658,Live Rep call centers of the future.
4077,5678,1,11,165,177,1.073446327683616,0.021233469460978687,658,"Did you hear we're going to make $15 bucks an hour!""
Joe Pitts, Washington, D"
2572,5679,2,8,155,165,1.0727272727272728,0.02364375346416225,658,There’s dogs working faith us?
3559,5680,1,10,160,171,1.0701754385964912,0.02127505482774851,658,Your coding offends me.  You should know how I feel.
3780,5681,0,11,156,167,1.0658682634730539,0.019252544087886493,658,Try and see what my Sugar is accessing.
4396,5682,0,9,138,147,1.0612244897959184,0.019841158902911955,658,Your not showing enough support for the competition please refrain foom speaking against trum
228,5683,0,10,173,183,1.0546448087431695,0.016847531142800944,658,Cut it out!
