target_id,rank,funny,somewhat_funny,unfunny,count,score,precision,contest,caption
4235,1,41,49,71,161,1.813664596273292,0.06427145999737405,659,"We had a good run, Ted, but I simply don’t have the counter space."
4757,2,34,41,70,145,1.7517241379310344,0.06747429940891574,659,You're really nice; I just don't have the counter space.
2795,3,36,40,73,149,1.7516778523489933,0.06727714639213943,659,Remember when your rubber seal broke? I'm pregnant.
463,4,40,28,77,145,1.7448275862068965,0.07177238283103064,659,What turns you off?
5964,5,34,34,79,147,1.6938775510204083,0.06799458727570946,659,"Just so you know, I’m also dating Mr. Coffee."
286,6,32,39,83,154,1.6688311688311688,0.0645284783872767,659,Why do you have to process everything little thing I say?
6149,7,35,29,85,149,1.6644295302013423,0.06841652969800613,659,So where exactly is Hamilton Beach?
4704,8,28,41,77,146,1.6643835616438356,0.0646763661197922,659,Mother says I'd date anyone with a pulse.
2185,9,27,40,77,144,1.6527777777777777,0.0648645145597492,659,Just give me a minute to process this.
4887,10,32,39,88,159,1.6477987421383649,0.06317903308935695,659,"George, I have something to tell you.  I've met a toaster."
6324,11,30,49,90,169,1.6449704142011834,0.058959891775052606,659,"So, how long have you identified as transblender?"
4752,12,33,26,84,143,1.6433566433566433,0.06975749413746074,659,"Actually, I have a very good reason for thinking the baby's yours."""
5641,13,35,34,93,162,1.6419753086419753,0.06412050849564313,659,It's my own fault. I did say I'd date anyone with a pulse.
2191,14,31,37,87,155,1.6387096774193548,0.06399876345143793,659,I'll wait a moment while you process that.
3402,14,33,33,89,155,1.6387096774193548,0.06529483964629866,659,Why do you have to process everything?
5308,16,28,41,83,152,1.638157894736842,0.06300075941692308,659,"Please do not use that speed with me, Wendell."
3971,17,25,39,76,140,1.6357142857142857,0.06508016582756453,659,"Must we process everything, Doug?"
2144,18,23,34,69,126,1.6349206349206349,0.06910142038204296,659,You have some spinach stuck in your blades.
636,19,29,34,82,145,1.6344827586206896,0.06624420245250026,659,"Honey, use your indoor speed"
6268,20,28,40,86,154,1.6233766233766234,0.06253963827702047,659,Don’t look at me.  I told you to save the instructions.
2196,21,27,33,80,140,1.6214285714285714,0.06683865399080754,659,"Well, I did say I'd go for any man with a pulse..."
113,22,26,30,77,133,1.6165413533834587,0.06894198024868747,659,So... no attachments?
2533,23,29,40,90,159,1.6163522012578617,0.061687351732538864,659,So glad they had a table by the outlet.
5413,24,33,31,94,158,1.6139240506329113,0.06457814254640275,659,The last guy I dated was a pot head.
4811,25,24,36,77,137,1.6131386861313868,0.06572920165368087,659,"Is that a no, or are you still processing?"
6076,26,26,35,81,142,1.6126760563380282,0.06542286289090268,659,It's very hard for me to avoid pushing your buttons.
3917,27,28,32,84,144,1.6111111111111112,0.06619230354118004,659,I'm at the point where I'll date anyone with a pulse.
4883,28,23,36,76,135,1.6074074074074074,0.06574512010576974,659,I don’t think anyone will notice you’re not wearing a tie.
3746,29,30,45,99,174,1.603448275862069,0.05810723793762909,659,Please tell me you still have your third wish left.
411,30,29,30,87,146,1.6027397260273972,0.06626513217779628,659,I can see you need a minute to process that.
4365,31,31,41,99,171,1.6023391812865497,0.05951271694988952,659,"Well, it's just really hard not to push your buttons."
2634,32,30,32,91,153,1.6013071895424837,0.06447631736231475,659,"I’ve done speed dating, but this is my first mixer."
722,33,26,37,86,149,1.5973154362416107,0.06311310066918845,659,I can't believe your ancestors were Shakers.
3546,34,33,39,104,176,1.5965909090909092,0.05931370336878278,659,"Oh, when you said you lived in Hamilton Beach, I thought you meant in Queens."
4654,35,26,35,85,146,1.595890410958904,0.0641640898949999,659,"I'm sorry I don't turn you on anymore, John."
53,36,25,29,79,133,1.593984962406015,0.06837434152724872,659,At this point I am just looking for a man with a pulse
5518,37,20,33,70,123,1.5934959349593496,0.06814051069800714,659,"I'm leaving, John. I realize it may take you some time to process this."
1370,38,27,48,97,172,1.5930232558139534,0.05698569443186816,659,"I'm sorry, this is just a lot to process."
1542,39,27,43,96,166,1.5843373493975903,0.05868190657681544,659,"For goodness sake, Marvin, must you always mince my words?"
6214,40,26,47,97,170,1.5823529411764705,0.05700100414462564,659,I saw the way you looked at that pepper mill.
5522,41,27,39,94,160,1.58125,0.06044376967440756,659,This is just a lot to process.
313,42,22,38,82,142,1.5774647887323943,0.06267434471427112,659,"Before we eat, let us puree."
6690,43,23,33,81,137,1.5766423357664234,0.0652986563980956,659,The guy you were expecting will be along in a minute. I'm just here to break the ice.
3607,44,21,35,78,134,1.5746268656716418,0.06476467910602338,659,"It's ok, it's nice to finally meet a man with a pulse"
6818,45,27,43,99,169,1.5739644970414202,0.057943726826548456,659,"So, what’s spinning around in that head of yours?"
5938,46,22,57,97,176,1.5738636363636365,0.05315982173586904,659,It's just that in your photos you looked more like a Cuisinart.
5092,47,20,38,78,136,1.5735294117647058,0.06317002762470797,659,Sometimes I wish I couldn't see everything that is going on in your head.
4978,48,25,32,86,143,1.5734265734265733,0.06469097113379635,659,"I thought you said ""slender""."
1820,49,29,36,99,164,1.5731707317073171,0.060585313807236814,659,Are you going to answer my question or are you still processing?
4018,50,26,27,85,138,1.5724637681159421,0.06735680114644174,659,"To be honest, when I heard this was a mixer, I was expecting something else."
4736,51,20,40,81,141,1.5673758865248226,0.06147870904266694,659,Well I don't like when you push my buttons either.
6429,52,23,40,89,152,1.5657894736842106,0.06025900631208601,659,"So,""Oster,"" is that a family name?"
4490,53,21,40,84,145,1.5655172413793104,0.060973734298275135,659,"Chop, blend, liquify, purée - how about “think?” Do you have a “think” button?"
4299,53,26,30,89,145,1.5655172413793104,0.06478212313085908,659,You've given me a lot to process.
3091,55,23,42,91,156,1.564102564102564,0.05906599131465074,659,Take your time. I know it's a lot to process.
5218,55,24,40,92,156,1.564102564102564,0.059762064187251676,659,So...what turns you on?
678,57,24,33,87,144,1.5625,0.06365483206864696,659,I’ve never met someone transblender before.
1798,58,25,33,90,148,1.5608108108108107,0.06303761338708763,659,"Truthfully John, you’re not my first appliance."
1234,59,19,39,80,138,1.5579710144927537,0.0617270705866258,659,I just think I should be seeing other appliances.
5539,60,28,36,101,165,1.5575757575757576,0.05978003233060579,659,I'll give you a minute to process that.
6306,61,21,31,79,131,1.5572519083969465,0.06606132966405642,659,I see you're still processing everything.
2790,62,27,39,101,167,1.5568862275449102,0.05860410624048693,659,Must you over-process Everything?
2867,63,20,35,80,135,1.5555555555555556,0.06366949857529838,659,"Did it ever occur to you, Phil, that I might need an outlet too?"
86,64,23,31,85,139,1.5539568345323742,0.06471923262104219,659,"It's just a lot to process, you know?"
2534,65,28,32,99,159,1.5534591194968554,0.06158987363361086,659,"Stop mincing your words, Harold."
5595,66,19,45,86,150,1.5533333333333332,0.057956758289858246,659,How long have you lived in Hamilton Beach?
306,67,22,30,82,134,1.5522388059701493,0.06578784059932415,659,"I like you, but we both know you'll just end up sitting on my kitchen counter gathering dust."
1580,68,19,37,80,136,1.5514705882352942,0.06246554862349355,659,"It’s over, Steven. I’ve fallen in love with the toaster."
3180,69,18,29,71,118,1.5508474576271187,0.06871838243071328,659,I don't think you're processing what I'm saying.
4230,70,21,34,83,138,1.5507246376811594,0.06346300935461215,659,"Fred, you're mincing your words again."
2974,71,22,39,90,151,1.5496688741721854,0.05994017747806496,659,Ordinarily I don't date guys I meet at mixers.
6855,72,22,45,95,162,1.5493827160493827,0.05678587249003579,659,I just got out of a long-term warranty.
2646,73,25,31,92,148,1.5472972972972974,0.06311639197083739,659,"I thought ""impressive equipment"" was a little forward on your dating profile."
4908,74,28,31,100,159,1.5471698113207548,0.06162238346624348,659,"I ask for blend, I get chop. I ask for puree, I get shred. I'm sorry, Carl. It's over."
4133,75,19,38,82,139,1.5467625899280575,0.06145544840572057,659,I feel like you're not processing what I'm saying.
1934,76,21,40,89,150,1.5466666666666666,0.059518325090896614,659,Well you seem to be processing it well.
2154,77,24,40,97,161,1.546583850931677,0.05841481997292661,659,I'm leaving you for a Cuisinart.
2390,77,23,42,96,161,1.546583850931677,0.05774644093722686,659,I am having a hard time processing all this.
2002,79,20,38,85,143,1.5454545454545454,0.06095797236204261,659,Are there any other unusual body parts I should know about?
5702,79,29,26,99,154,1.5454545454545454,0.0638911073686329,659,"So, I understand you work in the White House Communications Office?"
2016,81,24,39,97,160,1.54375,0.05871185031937359,659,"Next time, we'll call ahead and ask to be seated next to an outlet."
1701,82,20,41,89,150,1.54,0.058794755431239264,659,You don't look at all like your pitcher.
15,83,18,41,84,143,1.5384615384615385,0.05935504071095189,659,Do small appliances run in your family?
4677,84,24,38,98,160,1.5375,0.058739042869565924,659,"At this point, I've dated everything but the kitchen sink"""
473,85,19,44,90,153,1.5359477124183007,0.0571858566800869,659,Would you lower your setting. People are staring.
2172,86,19,38,85,142,1.5352112676056338,0.0605158557522029,659,You're mincing your words.
2683,87,24,23,86,133,1.5338345864661653,0.06796598282372705,659,I realize it will take you a while to process this.
3026,88,26,35,102,163,1.5337423312883436,0.05920668234658068,659,Take your time. It’s a lot to process.
5686,89,21,38,91,150,1.5333333333333334,0.05957843450708226,659,Do you have to process everything I say?
3863,90,23,35,94,152,1.5328947368421053,0.06043712266696112,659,So how long have you been in the Trump administration?
5618,91,20,43,93,156,1.5320512820512822,0.057101097200301064,659,That’s a Sunbeam. Your photo showed a Vitamix.”
3370,92,21,33,87,141,1.5319148936170213,0.06249878741629118,659,"Bob, mincing your words will only make this conversation harder."
4901,92,21,33,87,141,1.5319148936170213,0.06249878741629118,659,This is just a lot for me to process right now.
6021,94,21,42,95,158,1.5316455696202531,0.057263573349012054,659,"Well, I did want a man with a pulse."
1659,95,21,43,96,160,1.53125,0.05671973675658103,659,"No, I don’t think my dress is the reason people are staring."
3083,96,24,47,108,179,1.5307262569832403,0.05390442654025492,659,"My profile does say I'd consider anyone with a pulse, but it was just a figure of speech."
2023,97,20,38,89,147,1.530612244897959,0.059746710461388595,659,I don’t think I have the counter space for this relationship.
4848,98,23,33,93,149,1.5302013422818792,0.06139222104627078,659,My last date didn't have a pulse.
3923,99,22,31,89,142,1.528169014084507,0.06296828322276123,659,"Sorry, but I wanted to meet a man who could blend in, not a man I could actually blend in."
4783,100,23,32,93,148,1.527027027027027,0.06172576781528938,659,Stop mincing words.
4287,101,23,42,102,167,1.526946107784431,0.05622261095288531,659,You looked more like a food processor in your picture.
2942,102,21,37,92,150,1.5266666666666666,0.059600959908990385,659,"Thats funny, my name is Brenda"
2289,103,19,43,92,154,1.525974025974026,0.056941582077280825,659,You seem agitated
4364,103,23,35,96,154,1.525974025974026,0.05984875538186376,659,"In your photo, it was a Cuisinart."
6486,105,23,37,98,158,1.5253164556962024,0.05867422298733566,659,"Honestly, you should come out as transblender in your profile"
2267,106,19,36,86,141,1.524822695035461,0.060879704565083986,659,"It's  kale, goddammit. Just chew it like a normal human person."
1042,107,17,41,85,143,1.5244755244755244,0.058572405322290064,659,"I'm afraid to ask, but where is your off button?"
4500,108,20,26,80,126,1.5238095238095237,0.06734350297014739,659,I'll give you some time to process this.
6115,109,21,38,94,153,1.522875816993464,0.0587135385691034,659,I see you’re still processing this.
4690,110,21,50,105,176,1.5227272727272727,0.052813409266464786,659,Do you come with attachments?
2722,111,20,41,94,155,1.5225806451612902,0.05740913942540677,659,"On the other hand, it's nice to meet a man who doesn't chew with his mouth open."
3063,112,24,35,100,159,1.5220125786163523,0.05907527052469913,659,Are there any other small appliances I need to know about?
4126,113,20,45,98,163,1.521472392638037,0.055273601704931334,659,"Not your fault......I never should have checked the "" Anything with a pulse"" box."
5824,114,21,35,92,148,1.5202702702702702,0.06023609444787253,659,"At this point, I'll date any guy with a pulse setting"
3333,115,21,37,94,152,1.519736842105263,0.05901656780161054,659,I know it's a lot to process ...
6727,115,28,23,101,152,1.519736842105263,0.06397596349619776,659,I want to warn you — things always get messy when I open up.
820,117,18,47,95,160,1.51875,0.05463707805823935,659,At least I still turn you on.
6688,118,17,41,87,145,1.5172413793103448,0.05798619887645718,659,I've never seen you this agitated
2835,119,18,42,91,151,1.5165562913907285,0.05704597474796829,659,Your bio didn't mention you're cordless.
5598,120,15,51,91,157,1.515923566878981,0.05315852215764423,659,"I think I'll eat it whole, but thank you."
4918,121,18,31,81,130,1.5153846153846153,0.06389710663783134,659,Too much to Process?
2153,122,19,33,86,138,1.5144927536231885,0.06191307061824298,659,"You don't mince words, do you?"
3405,123,13,50,85,148,1.5135135135135136,0.05380065628334229,659,"I'm sorry Frank, but I need more than a 90-day limited warranty."
1876,124,16,49,93,158,1.5126582278481013,0.053678176117681206,659,Your photo was of a newer model
517,125,15,32,74,121,1.512396694214876,0.06440627597978214,659,When you mentioned you worked in food processing I had no idea you meant this.
3806,126,18,33,84,135,1.511111111111111,0.06208703627735461,659,I'm sorry but I can never love you the way I love the Roomba.
1853,127,22,27,90,139,1.5107913669064748,0.06406689828960706,659,"""Honestly, at this stage i'll date anyone with a pulse."""
3664,128,23,29,95,147,1.510204081632653,0.06208815246580348,659,Finally I'm dating someone with a pulse.
3422,129,18,41,92,151,1.509933774834437,0.05705622467613438,659,"Thank you for putting away your cell phone, I find it very distracting."
2986,130,19,41,95,155,1.5096774193548388,0.05669854426068268,659,"I thought you were kidding when you said your name was 'Hamilton Beach'""."
6777,131,21,38,98,157,1.5095541401273886,0.05759187987931986,659,I’ll date anyone with a pulse.
4511,132,16,37,83,136,1.5073529411764706,0.059953071271102394,659,I can see you're still processing this.
5342,133,15,40,83,138,1.5072463768115942,0.0584057537893333,659,I'm glad they had a table with an outlet.
2729,134,18,37,89,144,1.5069444444444444,0.05912838790786472,659,This is my first mixer.
5887,135,21,33,94,148,1.5067567567567568,0.060256714420901955,659,"Honey, you're slurrying your words again."
204,136,19,38,93,150,1.5066666666666666,0.058118652580542315,659,I'm sick and tired of how you process things.
2463,137,26,25,101,152,1.506578947368421,0.06261741186712003,659,"When you mentioned on the phone you're from Hamilton Beach, this isn't what I pictured."
5135,138,21,38,99,158,1.5063291139240507,0.0573170157996068,659,Cuisinart. So you must be French.
6061,139,26,39,115,180,1.5055555555555555,0.05486693016935342,659,I’m turned on very easily.
3685,140,18,35,88,141,1.50354609929078,0.06007772192965602,659,We all need an outlet.
6208,140,17,37,87,141,1.50354609929078,0.0592285028484036,659,You take me out and all you do is whine.
6213,142,21,38,100,159,1.5031446540880504,0.05704434509448607,659,"Carl, not here. I'll turn you on when we get home."
2076,143,24,40,111,175,1.502857142857143,0.05489161478477844,659,Sean really? That blender with that shirt ?
5968,144,18,35,89,142,1.5,0.05975844560392199,659,I'm afraid you're not processing what I'm saying
5953,144,20,34,94,148,1.5,0.05949162579097616,659,I can't lie anymore -- I've been seeing the toaster.
5164,144,20,30,90,140,1.5,0.062081072876161644,659,"I wish I knew what was in that crazy, mixed-up head of yours."
4753,144,17,41,92,150,1.5,0.056560632470065875,659,"I’m sorry, but he just has more settings than you."
4802,144,22,44,110,176,1.5,0.05345224838248488,659,Sure.  It’s all fun and games until somebody’s warranty expires.
3193,144,19,34,91,144,1.5,0.059946881433720914,659,"So tell me, what is spinning around in that head of yours?"
1903,144,18,28,82,128,1.5,0.06467666399979001,659,I told Cynthia I'd take any date with a pulse.
218,144,18,38,92,148,1.5,0.05792578193291024,659,"To be honest, your profile pic looked like a newer model..."
3440,144,19,22,79,120,1.5,0.06900655593423542,659,"No, I've never met a transblender person before..."
3498,153,26,33,112,171,1.4970760233918128,0.057090486361680924,659,I don't know why my mother says I'd date anyone with a pulse.
2047,154,20,40,101,161,1.4968944099378882,0.05581428806090506,659,At this point I'll take anyone with a pulse.
2622,155,19,40,98,157,1.4968152866242037,0.056160716843876725,659,Tell me again what happened to your last girlfriend?
5006,155,18,42,97,157,1.4968152866242037,0.0554289346739588,659,I prefer a man who doesn't mince words.
6161,157,23,31,101,155,1.4967741935483871,0.05958535227705987,659,"A relief, actually. My last match was with a pothead."
5050,158,17,42,94,153,1.4967320261437909,0.055737374223432966,659,You're making that noise again!
1742,159,20,35,96,151,1.4966887417218544,0.05858837756303271,659,Stop mincing your words and tell me what's on your mind.
4141,159,17,41,93,151,1.4966887417218544,0.0562823002658635,659,I can see you're still processing.
5735,161,17,40,92,149,1.4966442953020134,0.056841211894679534,659,"Obviously, you need time to process things."
4504,162,19,35,93,147,1.4965986394557824,0.05901542821886589,659,I know that I've given you a lot to process tonight.
6554,163,17,38,90,145,1.4965517241379311,0.05800328463006958,659,That's a lot to process on the first date.
4534,164,19,33,91,143,1.4965034965034965,0.060264793648563804,659,"Harold, PLEASE, Stop mincing my words!"
2572,165,15,37,83,135,1.4962962962962962,0.059362817197971936,659,Can’t you just unplug and enjoy a nice meal?
5889,166,15,36,82,133,1.4962406015037595,0.06002207780029796,659,Could you please lower your voice to chop?
6299,166,14,38,81,133,1.4962406015037595,0.059065460777956144,659,You can't leave me now - you came with a three year warranty!
2509,168,23,38,109,170,1.4941176470588236,0.05549954065687589,659,I'm thinking you're not a good kisser.
4726,169,24,35,109,168,1.494047619047619,0.05663618819822226,659,At this point I’m willing to go out with anybody who has a pulse.
300,170,22,38,106,166,1.4939759036144578,0.05586910846041102,659,So you started out in infomercials...
570,171,21,38,103,162,1.4938271604938271,0.056239348491124524,659,I thought you meant I was going to see Hamilton the MUSICAL.
6311,172,19,41,100,160,1.49375,0.055369595083840255,659,You spin every thing I say!
6387,173,20,34,96,150,1.4933333333333334,0.05888347167406787,659,I traditionally only date major appliances.
5087,174,17,36,89,142,1.4929577464788732,0.05891375029950271,659,"Besides margaritas, what else do you like?"
5599,174,17,36,89,142,1.4929577464788732,0.05891375029950271,659,I'm trying to process this too.
1905,176,15,38,85,138,1.4927536231884058,0.0584057537893333,659,Take all the time you need - I’m still processing my thoughts too ...
5569,177,19,47,107,173,1.4913294797687862,0.05225040342949136,659,You have some lettuce stuck between your blades.
5970,178,17,48,102,167,1.4910179640718564,0.052268545299462336,659,"I’ve tried dating apps before, but you’re my first appliance."
6484,179,21,33,99,153,1.4901960784313726,0.05873746714268886,659,"No, I don't mind...the last person I dated was an attorney."
592,180,20,29,92,141,1.4893617021276595,0.061735308829642725,659,"Is this what they meant when they said ""Adult Mixer"
1854,181,16,36,87,139,1.4892086330935252,0.05898288708701009,659,I have to tell you that I’m leaving you for the microwave.
5802,182,22,22,91,135,1.488888888888889,0.06555176085933712,659,You're not processing what I'm saying.
4286,183,22,37,107,166,1.4879518072289157,0.05586320315517542,659,I have to admit I'm disappointed. You looked like a Vitamix in your profile picture.
5548,184,20,37,101,158,1.4873417721518987,0.05660255481561403,659,"When Angela said you were a real smoothie, I imagined something a bit different."
1221,185,18,39,97,154,1.4870129870129871,0.05622071183831851,659,"Joe, I hate that I have to push your buttons to get a pulse out of you."
580,186,17,38,93,148,1.4864864864864864,0.057115893321800344,659,It only happens when someone pushes my buttons.
2376,186,19,34,95,148,1.4864864864864864,0.058703343998972896,659,"I’m leaving you, I need a man who doesn’t mince words."
971,188,18,35,93,146,1.4863013698630136,0.0585095152885187,659,Don't worry. No one looks like their profile photo.
6293,189,17,33,88,138,1.4855072463768115,0.06018018999459499,659,I'm leaving you for a toaster.
3811,189,17,33,88,138,1.4855072463768115,0.06018018999459499,659,You don’t need to be “on” all the time.
194,191,17,40,96,153,1.4836601307189543,0.05572224532718772,659,My first Grindr date too
736,191,25,24,104,153,1.4836601307189543,0.061587036950541185,659,Looks like that's the only Hamilton you're going to see tonight.
4140,191,22,30,101,153,1.4836601307189543,0.05945557319823612,659,When I said anyone with a pulse...
6847,191,18,38,97,153,1.4836601307189543,0.05648865316423111,659,"Thanks for the offer, but I really don’t mind chewing."
5837,195,21,31,99,151,1.4834437086092715,0.05932237265313561,659,Do you have to make so much noise when you chew?
3056,196,21,30,98,149,1.483221476510067,0.059932263328738085,659,"I was a little teapot, short and stout, but then I transitioned."
2893,197,15,41,91,147,1.4829931972789117,0.055750938398286196,659,Just once I'd like to know what's going on inside that head of yours.
6010,197,19,33,95,147,1.4829931972789117,0.058999313324408394,659,"I love you, but I hate the noises you make when you eat."
4067,199,19,31,93,143,1.4825174825174825,0.06024764780147719,659,Let me get this straight: it turns you on when I push your buttons?
5184,199,14,41,88,143,1.4825174825174825,0.05601172898967826,659,I really think chewing 32 times would be sufficient.
3962,201,17,34,90,141,1.4822695035460993,0.05921030202763632,659,"Could you perhaps chew on ""low""?"
4768,202,19,40,103,162,1.4814814814814814,0.054841667394862646,659,Why does it take you so long to process everything I say?
2905,202,21,36,105,162,1.4814814814814814,0.05622251288275714,659,"Honestly, you're all Braun and no brains."
6216,204,18,28,87,133,1.481203007518797,0.06278410366286905,659,First time on Grindr?
4591,205,18,40,100,158,1.481012658227848,0.05514818382410372,659,I wish you would stop mincing your words.
2667,206,20,35,101,156,1.4807692307692308,0.05713822707316734,659,Sometimes I feel like you don't even have a pulse.
5695,207,19,36,99,154,1.4805194805194806,0.056958519255488727,659,I've got to stop dating just anything with a pulse.
405,208,24,35,114,173,1.4797687861271676,0.05535547626236268,659,I just feel like you’re giving me mixed messages.
546,209,24,22,100,146,1.4794520547945205,0.06315524961037128,659,I still think you would have been happier with the dental implants.
5080,209,22,26,98,146,1.4794520547945205,0.06164121130192998,659,There's no easy way to say this but... I'm leaving you for the toaster.
6565,211,16,35,89,140,1.4785714285714286,0.05864858428056738,659,I think I'll have that drink after all.
2490,212,24,41,121,186,1.478494623655914,0.05238124457605916,659,Do you even hear yourself?
695,213,17,31,88,136,1.4779411764705883,0.060828441709237145,659,Are you even processing what I'm saying to you?
27,214,14,34,82,130,1.476923076923077,0.06002919644974816,659,There's no need to apologize. I'm all waffle iron from the waist down.
3357,215,16,39,94,149,1.476510067114094,0.056005147188894225,659,"You know, Jim, sometimes you push my buttons, too."
6863,216,18,34,95,147,1.4761904761904763,0.05818787861343428,659,I need time to process.
4651,216,19,32,96,147,1.4761904761904763,0.058983194027174515,659,So do you attend many mixers?
3346,216,18,34,95,147,1.4761904761904763,0.05818787861343428,659,Stop mincing your words—who is she?
3549,216,14,52,102,168,1.4761904761904763,0.04991608366687541,659,You’re just not my speed.
4063,220,17,33,91,141,1.475177304964539,0.05919209561034709,659,Your profile said you were a major appliance
5917,221,18,30,91,139,1.474820143884892,0.06069398058885594,659,"What do you mean, you’re turned on?"
1964,222,15,35,87,137,1.4744525547445255,0.058681933675805334,659,I’m having an affair with the washing machine.
2690,223,15,44,97,156,1.4743589743589745,0.05337936233509851,659,I push YOUR buttons? Really?
927,224,16,31,86,133,1.4736842105263157,0.06092152073997351,659,This is not what I expected when I signed up for the mixer
37,225,18,35,97,150,1.4733333333333334,0.057304607548033626,659,"Sorry, I'm still processing what you just said."
2579,226,23,24,101,148,1.472972972972973,0.06172576781528938,659,"For God’s sake, Henry, just go ahead and get the dentures."
739,227,15,30,82,127,1.4724409448818898,0.062071449544753195,659,Wow! My ex only had two settings.
4420,228,18,41,104,163,1.4723926380368098,0.053868651943095695,659,I do feel you've gotten better at processing your emotions.
1776,229,15,29,81,125,1.472,0.06281154609290114,659,You looked more like a KitchenAid in your profile pictures...
4040,230,19,29,94,142,1.471830985915493,0.06054200466965671,659,"When I saw a flyer for a 'Single Mixer', I assumed it was an event of some sort."
6530,231,23,35,114,172,1.4709302325581395,0.0549639333678287,659,So... You're from Hamilton Beach...
2273,232,16,40,97,153,1.4705882352941178,0.05490933165912499,659,You want to push MY buttons?
3847,233,17,37,97,151,1.4701986754966887,0.05623032657275228,659,"I need time to process things, too, John."
6330,234,15,40,94,149,1.4697986577181208,0.055167445404482304,659,Somehow you manage to twist everything I say!
3051,235,12,45,90,147,1.469387755102041,0.0531428803324827,659,"The 'B' in BYOB stands for 'beverage,' Tom."
4645,236,19,38,105,162,1.4691358024691359,0.05480713233640329,659,"You think you’re a real smoothie, don’t you?!"
3758,237,19,30,96,145,1.4689655172413794,0.0595763880799,659,"Don't mince words with me, Bob..."
5185,238,14,46,98,158,1.4683544303797469,0.052103140472658176,659,I see your wife finally found out about us.
1460,239,15,35,89,139,1.4676258992805755,0.05803417632091575,659,"I said ""Big spender!"" not ""Big blender!"""
5311,239,12,41,86,139,1.4676258992805755,0.055273613755400526,659,"When your profile mentioned you were a food processor, I thought it was your employment information."
4086,241,18,35,99,152,1.4671052631578947,0.05671819741104194,659,"I'd invite you back to my place, but it's a cupboard."
6432,241,20,31,101,152,1.4671052631578947,0.05823427400628668,659,You're going to need time to process this.
805,243,17,29,89,135,1.4666666666666666,0.06112995337441186,659,"Unlike my last date, at least you have a pulse."
2417,244,18,40,105,163,1.4662576687116564,0.05384708291242399,659,It's a good ice-breaker
4953,245,21,27,100,148,1.4662162162162162,0.0601948333114628,659,I don't know why you let other people push your buttons
723,246,21,25,98,144,1.4652777777777777,0.06147721358246857,659,I wish you could just tell me how you feel without processing everything
456,247,20,33,104,157,1.464968152866242,0.056814466363256565,659,"It's Margaret, not Margarita."
1891,248,17,32,93,142,1.4647887323943662,0.05884206450905114,659,"Waring Blender darling, not Wearing blender!!!"
929,249,13,46,96,155,1.4645161290322581,0.05200417255893091,659,The least you could do is turn it off when I am talking to you.
4911,250,17,44,107,168,1.4642857142857142,0.0519733604135414,659,I love you I do ...but I need something more solid from our relationship.
243,251,19,33,101,153,1.4640522875816993,0.0571858566800869,659,"After dinner, I'm taking you to Goodwill."
458,251,20,31,102,153,1.4640522875816993,0.0579329052977748,659,You promised me you would get off the juice.
6663,253,17,36,98,151,1.4635761589403973,0.056204321703131936,659,"I'm sorry,Glen. I've fallen in love with my Instant Pot."
2583,254,22,37,116,175,1.4628571428571429,0.0536082522593109,659,Are you going to break the ice or shall I?
3234,255,22,24,101,147,1.4625850340136055,0.061260718839079714,659,Your profile said you came from a blended family.  I guess I misunderstood.
3396,255,17,34,96,147,1.4625850340136055,0.05733180506580105,659,"Well, don't mince words."
1988,255,20,28,99,147,1.4625850340136055,0.059720178771079296,659,"We prefer the term ""Appliance American"""
2710,258,20,27,98,145,1.4620689655172414,0.060347564251027074,659,And you say I don't turn you on any more?
4032,258,15,37,93,145,1.4620689655172414,0.05623967734586239,659,Perhaps we should find a quieter setting.
6815,260,16,41,101,158,1.4620253164556962,0.053602070557220195,659,Nice ice breaker.
2171,261,21,30,105,156,1.4615384615384615,0.05779560644591621,659,Could you use a lower setting?  People are beginning to stare.
593,262,17,37,100,154,1.4610389610389611,0.05538110731291455,659,"Blend? Grate? Liquefy? Chop?
 I feel as if I don't know who you are any more"
2316,262,21,29,104,154,1.4610389610389611,0.0583660586171365,659,I fully regret turning you on.
667,264,22,20,97,139,1.460431654676259,0.06398488887718053,659,So fascinating. Do you write all the president's speeches?
4611,265,18,33,99,150,1.46,0.057252531376291896,659,Drinks are on me.
5943,266,17,34,97,148,1.4594594594594594,0.05702882636062941,659,You look a little different from your pitcher...
2791,267,18,30,96,144,1.4583333333333333,0.0590284919285836,659,Could you stop staring at the bartender?
2345,268,15,41,99,155,1.4580645161290322,0.05356085277448823,659,"No Roger, I won't turn you on."
3497,269,13,33,83,129,1.4573643410852712,0.05927508620998885,659,It's just that I can't process these things as fast as you can.
1804,270,13,43,95,151,1.4569536423841059,0.052935963928730644,659,"I thought I was going to meet someone ""at"" a mixer."
6708,271,16,31,91,138,1.4565217391304348,0.0591912463198415,659,"Edward Scissorhands is one of my favorite movies, too."
1753,272,16,30,90,136,1.4558823529411764,0.059836056939871096,659,You photoshopped your profile picture.
2084,273,13,41,93,147,1.4557823129251701,0.05394794195733514,659,"Eric, do you always have to put your spin on everything?"
6440,273,18,31,98,147,1.4557823129251701,0.0581061119161295,659,"In my defense, your profile pic was a KitchenAid."
5314,275,17,27,90,134,1.455223880597015,0.061419697705838876,659,I'm giving YOU mixed messages?
5658,276,14,38,93,145,1.4551724137931035,0.05534575260921146,659,I told the agency I was hoping to meet a gentleman whose intentions were pure......not puréed.
126,277,20,40,116,176,1.4545454545454546,0.05211013674737371,659,Please say there's a margarita in there.
2100,277,21,33,111,165,1.4545454545454546,0.05535249233394209,659,"Hold on, let me process what you've just said!"
4079,277,13,34,85,132,1.4545454545454546,0.058277015572389804,659,And I thought my date with Mr. Coffee was bad.
2113,280,18,28,95,141,1.4539007092198581,0.059952004870904754,659,"When I said I’d date anyone with a pulse, I didn’t mean the setting."
3369,280,15,34,92,141,1.4539007092198581,0.05736106275392596,659,Just try to blend in.
3766,280,18,28,95,141,1.4539007092198581,0.059952004870904754,659,"In your Tinder picture, you were a cappuccino maker."
6673,283,15,38,97,150,1.4533333333333334,0.05482260728885302,659,Why must you alway Osterize me when we're out in public
6140,284,17,38,104,159,1.4528301886792452,0.05405175010266245,659,Still not the worst first date I've had.
712,285,15,37,96,148,1.4527027027027026,0.05535695350941956,659,So... is this your first singles mixer?
1728,285,22,23,103,148,1.4527027027027026,0.06089247035015645,659,"If I wanted to go on a date with someone who vibrates, I would have stayed home."
6701,287,15,32,90,137,1.4525547445255473,0.058581708267594894,659,I can see your food when you chew.
4042,288,20,31,106,157,1.4522292993630572,0.05675492920106259,659,"At least now I know you have a pulse, Henry."
5325,288,17,37,103,157,1.4522292993630572,0.054554046931765805,659,What are the odds that I'd meet a mixer at a mixer?
4867,290,18,30,98,146,1.452054794520548,0.05838496498345458,659,I thought you had a pulse.
6184,290,16,34,96,146,1.452054794520548,0.05674378832559645,659,MUST you put a spin on everything I say!
3720,292,16,43,107,166,1.4518072289156627,0.05166609234202172,659,So what exactly do you do at Shake Shack?
6849,292,15,45,106,166,1.4518072289156627,0.050954545898933605,659,What exactly do you mean by 'Let's give it a whirl'?
5758,294,14,37,93,144,1.4513888888888888,0.05560106430541612,659,It’s more of a pulsing headache.
4025,295,18,38,108,164,1.451219512195122,0.05353358324032581,659,"Well, process this. I met someone."
4809,295,21,32,111,164,1.451219512195122,0.0555904185252333,659,I just don't think you are processing what I'm saying.
5562,297,16,37,100,153,1.4509803921568627,0.054817124488005485,659,Perhaps if you weren't trying so hard to blend in?
4663,297,15,39,99,153,1.4509803921568627,0.054027010144260125,659,It's so great to meet a man with a pulse.
5,299,16,32,94,142,1.4507042253521127,0.057914221190960236,659,"I can see your blades turning, tell me what you're thinking."
5757,300,23,31,117,171,1.4502923976608186,0.055122057196248644,659,"Tim, I am leaving you for the juicer."
524,301,15,41,102,158,1.4493670886075949,0.05277700510213348,659,I didn't mean to push your buttons.
6776,302,19,37,111,167,1.4491017964071857,0.053489909140166644,659,Do any of your other parts also vibrate?
4994,303,13,40,94,147,1.4489795918367347,0.05390679845364344,659,I wish you wouldn't try so hard to blend in.
1096,304,15,49,112,176,1.4488636363636365,0.04886363636363637,659,You don’t always have to break everything down for me.
403,305,13,31,83,127,1.4488188976377954,0.05990103638832392,659,"Okay, you got into the molecular transporter, and decided you wanted a mai tai? So, then what happened?"
3466,306,19,27,99,145,1.4482758620689655,0.059476511416070146,659,"You know people are just using you, right?"
6264,307,16,37,101,154,1.448051948051948,0.05453868374029804,659,"Honey, I told you to close your lid when you chew."
4775,307,17,35,102,154,1.448051948051948,0.05531139540770839,659,I think I want to see otber appliances
5769,307,14,41,99,154,1.448051948051948,0.052959448151175266,659,I am not ignoring you. I am just processing things before responding
2606,310,15,43,105,163,1.4478527607361964,0.05159970243428919,659,"You're profile said can whip, chop, mix. I just thought you liked to cook."
1644,311,17,30,96,143,1.4475524475524475,0.058442911352495325,659,I feel like when I turn you on you don't hear a word that I say.
172,311,17,30,96,143,1.4475524475524475,0.058442911352495325,659,We can go see “Hamilton” or go to the beach. Whatever turns you on.
597,313,17,34,101,152,1.4473684210526316,0.05584475450260104,659,"I know it's a lot, take your time to process it all"
5828,313,10,31,73,114,1.4473684210526316,0.061159049387839594,659,This is the last time I agree to a singles mixer.
2559,315,14,31,87,132,1.446969696969697,0.059212967882967676,659,"... and of course, we'll have to have a safe word."
6576,316,19,33,107,159,1.4465408805031446,0.05546899197843857,659,"I’m sorry, but when you texted about a ‘blend date’ I assumed it was a typo."
1706,317,11,40,88,139,1.4460431654676258,0.05419784217469203,659,I know this may be a lot to process.
5667,318,19,32,106,157,1.4458598726114649,0.05599376471507402,659,"So, your brother is Mr. Coffee?"
5223,319,15,31,91,137,1.4452554744525548,0.05853487768192554,659,"So the Genie thought you said, 'Smoothie operator'?"
701,320,14,37,95,146,1.4452054794520548,0.055009615613105134,659,Annie told me you were a real smoothie.
3284,320,19,27,100,146,1.4452054794520548,0.059147479797108715,659,"No, it’s fine—my first husband was in Radiohead."
1906,322,14,32,89,135,1.4444444444444444,0.05822761485539883,659,I'm worried that you've been overprocessing things lately.
572,322,18,28,98,144,1.4444444444444444,0.058948453258646304,659,Is that a yes or a no?
4983,322,17,26,92,135,1.4444444444444444,0.06100926233195492,659,"It's so hard to know what's going on on your head, but I hope it's a margarita."
4332,325,13,45,102,160,1.44375,0.05073893828698591,659,Why can’t you just chew your ice like everyone else?
2250,326,17,29,96,142,1.443661971830986,0.05872538846493058,659,My friends will never believe we met on Grinder!
3983,327,13,33,87,133,1.443609022556391,0.05788630310250207,659,I appreciate that you don't mince your words
1312,328,14,30,87,131,1.4427480916030535,0.059514877067074895,659,What else did you forget to tell me?
5932,329,12,45,99,156,1.4423076923076923,0.05083291741986459,659,"I agree,it is an excellent ice breaker."
311,330,15,35,97,147,1.4421768707482994,0.055563003753766875,659,I've had it with your mixed messages.
1634,330,14,37,96,147,1.4421768707482994,0.054717999104732976,659,"I should let you know, I'm seeing other appliances."
1676,332,13,35,90,138,1.4420289855072463,0.05635168237439153,659,Must you process every single thing I say?
3020,332,19,23,96,138,1.4420289855072463,0.0617270705866258,659,That's just purée nonsense.
6839,332,13,35,90,138,1.4420289855072463,0.05635168237439153,659,You seem to be having trouble processing that.
682,335,16,21,83,120,1.4416666666666667,0.06567451502246546,659,You certainly know how to break the ice.
185,336,19,29,104,152,1.4407894736842106,0.057341437784913525,659,"I know I said I’d date anyone with a pulse, but ...."
4884,336,16,35,101,152,1.4407894736842106,0.055014774015886676,659,"When you said you ""like to mix it up"", I assumed you meant in the bedroom."
4029,338,17,29,97,143,1.4405594405594406,0.058395751440556545,659,"I have to admit, I thought 'five-minute mixers"" referred to something else."
116,338,13,37,93,143,1.4405594405594406,0.05491895448157331,659,"So, what do you do to escape the daily grind?"
2815,338,16,31,96,143,1.4405594405594406,0.0575462486185479,659,Do you have to always make that noise when you eat?
2727,341,19,35,112,166,1.4397590361445782,0.053670526245048485,659,First time at a mixer ?
4389,342,16,30,95,141,1.4397163120567376,0.05814490713343986,659,"Sometimes,I just don't know what goes on in that head of yours."
6273,342,16,30,95,141,1.4397163120567376,0.05814490713343986,659,Can we enjoy one meal without you getting turned on?
1008,344,17,31,100,148,1.4391891891891893,0.05690616306413613,659,Before you I've never met anyone from Margaritaville.
4058,344,11,43,94,148,1.4391891891891893,0.05183376712663901,659,"When you've finished your pesto , would you mind topping off my Margarita?"
1481,346,17,34,104,155,1.4387096774193548,0.05498514173963289,659,"No, it's ok. Honestly, at my age I just need a man with a pulse."
2571,346,11,46,98,155,1.4387096774193548,0.05020600291558047,659,Where is your biggest turn-off?
162,348,19,37,115,171,1.4385964912280702,0.0524937997085324,659,"Am I turning you on?"""
2103,349,19,29,105,153,1.4379084967320261,0.05703822923301775,659,"If you wanted the soup, you should have just ordered it."
4834,350,18,27,99,144,1.4375,0.058899805287768676,659,"When your profile mentioned coming from a blended family, I was picturing something different."
4991,351,12,42,97,151,1.4370860927152318,0.051960384757438506,659,I am tired of you putting a spin on everything I say
994,351,13,40,98,151,1.4370860927152318,0.05280323668954015,659,That's a coincidence - my name's Brenda..
4183,351,16,34,101,151,1.4370860927152318,0.05525470538463901,659,I wish you'd stop mincing words.
3642,354,12,35,88,135,1.4370370370370371,0.05623866008896599,659,I'm getting mixed messages here.
6314,354,13,33,89,135,1.4370370370370371,0.05721315590068249,659,Would you mind if I chew?
2425,356,17,42,115,174,1.4367816091954022,0.0505121592363713,659,I'm a little annoyed by your constant whining.
3620,357,20,22,100,142,1.4366197183098592,0.061174850018101606,659,What pronoun do you prefer?
297,358,19,30,107,156,1.435897435897436,0.05619554596431311,659,Ever think about turning me on?
906,359,20,24,103,147,1.435374149659864,0.05956074043701674,659,I didn't know who I would meet on Blendr.
2045,359,14,36,97,147,1.435374149659864,0.05466583979701001,659,I shouldn't have asked for a date with a pulse.
349,361,16,42,112,170,1.4352941176470588,0.050678733031674215,659,"Honey, everyone is staring at us. I told you that dress was too revealing."
4130,362,15,30,93,138,1.434782608695652,0.05814266347071838,659,Must you get juiced every night?
6870,362,20,20,98,138,1.434782608695652,0.06252601002346295,659,You’re an upgrade.  Most my blind dates don’t even have a pulse.
2085,362,12,36,90,138,1.434782608695652,0.05534627130239419,659,There wasn't a table by the window with an outlet.
1733,362,13,34,91,138,1.434782608695652,0.05629383864931595,659,I've had it with always needing to sit near an outlet.
770,366,17,29,99,145,1.4344827586206896,0.05774646752680675,659,Are you processing this?
1025,366,11,41,93,145,1.4344827586206896,0.05253514888288017,659,First mixer?
2237,366,17,29,99,145,1.4344827586206896,0.05774646752680675,659,"''My ex pushed all my buttons at once."""
2248,366,22,19,104,145,1.4344827586206896,0.06175420402603923,659,I thought my friend was setting me up with her Cousin Art.
2621,370,15,36,101,152,1.4342105263157894,0.054166787202072554,659,"Well, I guess you DO mince your words after all."
4194,371,12,32,85,129,1.434108527131783,0.05807489947198333,659,I regret the transplant but I love the smoothies.
6518,371,13,30,86,129,1.434108527131783,0.059108527131782954,659,You still have a bit of spinach stuck top left.
19,373,14,44,108,166,1.4337349397590362,0.050107982826573,659,"No thanks, I'll just chew mine."
4962,373,16,40,110,166,1.4337349397590362,0.05154462768517881,659,So your profile said you make great cocktails?
2436,375,14,37,99,150,1.4333333333333333,0.05385926367274824,659,I assumed your profile pic was just a metaphor...
5586,376,19,33,112,164,1.4329268292682926,0.05410785110474077,659,You probably should have used Grinder instead of Tinder.
2641,377,18,38,115,171,1.432748538011696,0.05179163892605182,659,Lately you go from chop to liquify without any warning. I didn’t think that I was pressing your buttons.
2906,378,16,29,96,141,1.4326241134751774,0.058089269019140057,659,"Yes, but I want more than just free margaritas, Jerry."
5660,378,15,31,95,141,1.4326241134751774,0.05721054144634803,659,Don't be so hard on yourself. At least you have a pulse.
6327,380,14,36,98,148,1.4324324324324325,0.054374852443443006,659,"Sure, I like a man who likes to work in the kitchen, but I also like a man with a good head on his shoulders."
3879,381,17,33,105,155,1.4322580645161291,0.0549359644274602,659,I never know the right button's to push on you...
5437,381,17,33,105,155,1.4322580645161291,0.0549359644274602,659,"I thought ""blend date"" was a typographical error."
6538,381,13,41,101,155,1.4322580645161291,0.05179586339978972,659,"Look,  just whir once for ‘yes’ and twice for ‘no’."
150,384,16,38,108,162,1.4320987654320987,0.05245052602580016,659,"Sorry, I can be a real motor mouth.  Tell me about you."
2156,384,17,36,109,162,1.4320987654320987,0.053176488380530226,659,"When she said it was a mixer, I thought she meant the event."
2052,386,16,22,87,125,1.432,0.06358737955529917,659,"It's cuisine, Art."
2015,387,13,31,88,132,1.4318181818181819,0.05810762169918207,659,Stop mincing your words!
122,388,13,34,92,139,1.4316546762589928,0.05597484401561316,659,So are we splitting the bill or shredding it?
6441,388,12,36,91,139,1.4316546762589928,0.05503561345180875,659,I wish you wouldn’t mince words.
3673,390,11,41,94,146,1.4315068493150684,0.052258879451154996,659,It seems like you're having trouble processing this.
1475,390,17,29,100,146,1.4315068493150684,0.057426738974346386,659,"Yeah, my job's also a grind sometimes, but I don't let it get into my head."
4580,392,22,31,121,174,1.4310344827586208,0.05365902413210068,659,I can't stand the sounds you make when you eat.
101,393,15,38,105,158,1.4303797468354431,0.05263904475100425,659,I'm leaving you for a wine opener.
371,393,11,46,101,158,1.4303797468354431,0.049480970200314764,659,"Oh no, did I push a button?"
4633,395,16,26,93,135,1.4296296296296296,0.05998041023552768,659,Why can’t you just chew your food like other people?
6372,395,15,28,92,135,1.4296296296296296,0.059051598560146114,659,So you're from Margaritaville?
48,397,15,31,96,142,1.4295774647887325,0.056887862331306466,659,"Too much ice gives me a headache, too."
5272,397,12,37,93,142,1.4295774647887325,0.05419002231061119,659,Your sending me mixed messages.
2224,399,15,34,100,149,1.429530201342282,0.05491863080198219,659,"Well, I assume everyone would know how to push your buttons."
4817,400,19,35,116,170,1.4294117647058824,0.05265420929260448,659,Well I'm sorry. I didn't even know Trans-Blender was a thing...
3310,401,16,31,100,147,1.4285714285714286,0.05628845924280398,659,"Well, at least you told the truth about being a good mixer."
4051,401,17,32,105,154,1.4285714285714286,0.05516920970164322,659,I almost didn't recognize you without your glasses.
6655,403,18,32,109,159,1.4276729559748427,0.054609308164834024,659,"No Dale, things can't to go back to the way they whir."
4997,404,14,37,101,152,1.4276315789473684,0.05329993464144561,659,Is this your first mixer?
2580,405,18,26,101,145,1.4275862068965517,0.05851353740786403,659,"Um, what are your hands doing right now?"""
5592,405,13,36,96,145,1.4275862068965517,0.054266996018909774,659,Must you always mince your words?
4492,407,19,32,113,164,1.4268292682926829,0.05405934940645325,659,Wouldn't it be easier to chew each mouthful 32 times?
4463,408,16,32,102,150,1.4266666666666667,0.05543940131795852,659,I thought you said you were just coming off a bender.
469,409,16,29,98,143,1.4265734265734267,0.057432431953364615,659,Most guys won't help in the kitchen.
1898,409,15,31,97,143,1.4265734265734267,0.05656846457027379,659,"First dates are usually so awkward, at least you know how to break the ice."
5465,409,14,33,96,143,1.4265734265734267,0.055691095586267524,659,What's so hard to process?
4606,412,14,38,103,155,1.4258064516129032,0.05254191145060738,659,Did I turn you on?
6735,412,13,40,102,155,1.4258064516129032,0.05173843134771379,659,I hope you're not just another smoothie.
6399,414,14,35,99,148,1.4256756756756757,0.0543148470702512,659,Do I still turn you on?
6296,415,13,34,94,141,1.425531914893617,0.05534641990106858,659,You're much more interesting than my last date.  He didn't have a pulse mode.
5723,415,13,34,94,141,1.425531914893617,0.05534641990106858,659,"When your profile mentioned you were comfortable in the kitchen, I had no idea..."
328,417,10,37,87,134,1.4253731343283582,0.05440619728240208,659,I'm really not trying to push your buttons!
1709,418,12,30,85,127,1.4251968503937007,0.0586475122113904,659,"I actually prefer chewing my own food, but thanks for offering."
2225,419,13,39,101,153,1.4248366013071896,0.052206895089319826,659,So what does a mixologist actually do?
2968,419,15,35,103,153,1.4248366013071896,0.053828974715094235,659,My husband is starting to wonder why his son is a toaster.
4173,421,16,38,111,165,1.4242424242424243,0.05169093091982485,659,Your first mixer?
2359,422,20,27,111,158,1.4240506329113924,0.05628613492432117,659,I can see you have mixed feelings about me...
3082,422,18,31,109,158,1.4240506329113924,0.05483500409913354,659,Have they said what’s taking so long with your dentures?
322,424,15,34,102,151,1.423841059602649,0.054336931117260956,659,Do you identify as a trans-blender?
6670,424,17,30,104,151,1.423841059602649,0.05593838149913766,659,I know this is hard to process
5664,426,16,29,99,144,1.4236111111111112,0.057109082218714906,659,Would you even have married me if my name wasn't Margarita?
1209,427,16,40,114,170,1.423529411764706,0.05058167823522939,659,Why can't you just chew your food like everyone else?
2938,428,14,30,93,137,1.4233576642335766,0.05742677654887637,659,For once I'd just like to blend in.
3118,428,13,32,92,137,1.4233576642335766,0.05648444438815701,659,So you work with ICE?
6075,430,22,25,116,163,1.4233128834355828,0.05633112731050871,659,I thought the dating service said you were a lender.
5801,430,17,35,111,163,1.4233128834355828,0.052862974697590444,659,Why can't you just use a knife?
2028,432,19,28,109,156,1.4230769230769231,0.05609166367976676,659,Well aren’t you a smoothie.
6679,432,12,42,102,156,1.4230769230769231,0.050668371128274076,659,"I see they pushed your buttons at work again, dear."
1405,432,15,25,90,130,1.4230769230769231,0.060671441438682,659,"With apologies to Shakespeare, 'Neither a borrower nor blender be'..."
5096,435,15,44,116,175,1.4228571428571428,0.04886514112696971,659,I hope you know you're causing quite a stir!
3200,436,15,33,101,149,1.4228187919463087,0.054857637806353124,659,"I mean really George, it's embarrassing!  Can't you just chew your damn food like the rest of us?"
1355,437,14,32,96,142,1.4225352112676057,0.055937040665617214,659,You had more time for me when you were a slow cooker.
4960,438,20,28,113,161,1.4223602484472049,0.05547630541207233,659,"It’s not you, it’s me and it's nothing to do with your small appliance."
945,439,12,41,101,154,1.422077922077922,0.05111644438321294,659,"When the invitation said ""mixer"", I didn't take it literally."
5673,440,15,40,111,166,1.4216867469879517,0.050727431224137615,659,Thanks for doing this. A lot of women freak out when they learn I have no pulse.
3910,441,13,33,94,140,1.4214285714285715,0.055589762548430344,659,I see you're upset. Just keep your lid on.
6723,441,7,45,88,140,1.4214285714285715,0.04973501948002053,659,So what pushes your buttons?
4462,443,20,27,112,159,1.421383647798742,0.05599456326516815,659,I SAID I’M FROM MINNEAPOLIS. MY PARENTS STILL LIVE THERE.
6439,443,15,37,107,159,1.421383647798742,0.05231953397878156,659,Isn't it great to get out of the kitchen for a change?
6035,445,18,33,113,164,1.420731707317073,0.0533094181815304,659,I met my first husband at a mixer.
2643,445,19,31,114,164,1.420731707317073,0.0540065807651301,659,Please don't mince words.
2210,447,19,23,103,145,1.4206896551724137,0.05926510793791616,659,"We can kiss but no tongue, okay?"
5571,448,13,27,86,126,1.4206349206349207,0.06000335927439937,659,"Look, it's not going to work out with us.  I'm the Hamptons and you're Hamilton Beach."
36,449,15,28,95,138,1.4202898550724639,0.05801067087488046,659,Wait till you see my hands.
1426,450,17,29,104,150,1.42,0.05617964155527911,659,"Oh John, lets not mince words!"
3634,451,15,25,91,131,1.4198473282442747,0.06029307797992973,659,"Well, how does anyone end up in small appliances?"
3697,451,13,29,89,131,1.4198473282442747,0.058312739843890765,659,Cuisinart? Is that French?
4675,453,15,30,98,143,1.4195804195804196,0.05650145834309783,659,Could you process your thoughts a little less visibly?
3644,454,17,31,107,155,1.4193548387096775,0.054822689199862995,659,"Yes, a daiquiri would be fine."
3073,455,22,26,119,167,1.4191616766467066,0.05526160235640888,659,"You can spin all you want, Roger, but I'm still raising them Jewish."
1205,456,14,34,100,148,1.4189189189189189,0.05424905074437773,659,I can't do this anymore. You keep sending me mixed signals.
1718,456,14,34,100,148,1.4189189189189189,0.05424905074437773,659,What do you think of my new dress? And don't mince your words.
383,458,15,37,108,160,1.41875,0.05205817002198346,659,Why do you always have to put a different spin on what I have to say?
4262,458,18,31,111,160,1.41875,0.05427616532734705,659,"I said, let us pray. Not puree."
6104,460,11,32,86,129,1.4186046511627908,0.05686589438419075,659,It’s my first time on Grindr.
3307,461,14,33,99,146,1.417808219178082,0.054773850612478754,659,"I hear what you're saying, but it's not processing."
5756,461,16,29,101,146,1.417808219178082,0.056472305898531014,659,Could you please switch to a lower setting? People are staring.
6049,463,15,36,107,158,1.4177215189873418,0.05252258654473183,659,"I can dress you up, I can take you out, but you'll never blend in."
631,464,13,32,94,139,1.4172661870503598,0.055833959064655735,659,I feel like you're always giving me mixed signals.
6447,464,15,28,96,139,1.4172661870503598,0.05767113501522471,659,"Well, well, aren't you the smoothie..."
2458,466,15,33,103,151,1.4172185430463575,0.05427232118820629,659,"So, how was your spin class?"
5300,467,16,23,93,132,1.4166666666666667,0.06087653617227523,659,"Just so you know, I won't go to 10 on the first date."
5683,467,14,32,98,144,1.4166666666666667,0.05531220985858872,659,"As my profile said, I process things quickly."
6798,467,16,33,107,156,1.4166666666666667,0.05377274526601388,659,"Honey, I still think false teeth would have been a better option"""
6054,470,13,36,100,149,1.4161073825503356,0.053109949253230496,659,"You're a real smooth operator, aren't you?"
660,471,17,30,107,154,1.4155844155844155,0.05504918952387281,659,You were more fun without the lid.
4488,471,19,26,109,154,1.4155844155844155,0.056570117048513315,659,And the telemarketer told you that Medicare is going to pay for it?
6376,473,15,29,98,142,1.4154929577464788,0.05675167791710515,659,"I'm cheating on you... yes, it's the washing machine."
3000,473,14,31,97,142,1.4154929577464788,0.05586468316870502,659,"True, you don't blend in. But you make a great margarita."
345,475,13,35,99,147,1.4149659863945578,0.0536119980456653,659,"I guess I was wrong, you do have a pulse."
507,476,14,28,93,135,1.4148148148148147,0.05795977063603589,659,"Sorry, I'm a little nervous. This is my first speed date."
4094,476,13,30,92,135,1.4148148148148147,0.056998041130098015,659,I guess the craziest place I've ever done it was on the kitchen counter.
561,478,17,34,113,164,1.4146341463414633,0.052544444768908634,659,Can we talk about something else? I didn't mean to push your buttons.
421,479,13,37,102,152,1.4144736842105263,0.05234487526143581,659,"In your Tinder pic, you looked more like a toaster."
5323,479,12,39,101,152,1.4144736842105263,0.05150580152171791,659,I hate myself for always pushing your buttons.
793,481,14,37,106,157,1.414012738853503,0.051946109893905246,659,"That's exactly the problem, Frank, you escalate to puree before I even get stirred."
2462,481,15,35,107,157,1.414012738853503,0.05272625200445967,659,You don't have to mince your words with me.
5747,481,14,37,106,157,1.414012738853503,0.051946109893905246,659,"For once, can't we just have a quiet conversation?"
6219,484,15,30,100,145,1.4137931034482758,0.05586845429661948,659,You're actually the first person I've dated that looked exactly like your profile picture.
3114,484,15,30,100,145,1.4137931034482758,0.05586845429661948,659,Must you mix your metaphors?
4340,484,14,32,99,145,1.4137931034482758,0.05500453385749608,659,Can’t you just chew like a normal person?
6691,487,12,43,107,162,1.4135802469135803,0.04926035373241269,659,That's quite an icebreaker.
525,487,16,35,111,162,1.4135802469135803,0.052281042398258745,659,Why don’t you just get dentures?
1201,489,14,27,92,133,1.413533834586466,0.05858494984804653,659,It was a simple comment. I wasn't making fun of your small appliance.
1875,489,13,29,91,133,1.413533834586466,0.05760447189364192,659,"Actually, ""stop"" is a speed."
2117,489,14,27,92,133,1.413533834586466,0.05858494984804653,659,I thought I was done with mixers after college
4005,489,16,23,94,133,1.413533834586466,0.060498253543417424,659,"I'm just processing what you're saying, Edith."
2632,493,14,34,102,150,1.4133333333333333,0.05366785469803721,659,Is this your first time at 12-speed dating?
4507,493,13,36,101,150,1.4133333333333333,0.05282757962728048,659,I see you have mixed emotions
1009,495,17,23,98,138,1.4130434782608696,0.05973269990031656,659,Was there anything else you replaced with an appliance?
4207,495,8,41,89,138,1.4130434782608696,0.05114603339662145,659,Would it kill ya to just pulse for a while?
453,497,17,30,108,155,1.4129032258064516,0.05475856041923238,659,In your picture you looked like the newer model.
1506,497,15,34,106,155,1.4129032258064516,0.05320644301270265,659,Does it hurt if I turn you on?
5529,497,17,30,108,155,1.4129032258064516,0.05475856041923238,659,"When you called yourself a mixologist, I had no idea."
6510,500,21,17,105,143,1.4125874125874125,0.061441907365913394,659,"Wearing blender, I hate visual puns."
1948,500,13,33,97,143,1.4125874125874125,0.05465494973783437,659,"For once, Charlie, could you simply chew your food?"
5785,502,16,22,93,131,1.4122137404580153,0.061178703043808944,659,Speak up! You know I can't hear you when you're on Puree
5753,503,8,45,95,148,1.412162162162162,0.04882236456078996,659,"Do you mind eating on ""pulse""?Everyone is looking at us."
5774,504,14,40,111,165,1.412121212121212,0.050120238861401406,659,You're mixing up everything I say!
89,505,14,35,104,153,1.411764705882353,0.05289146463947139,659,"Must you chew everything 32,000 times?"
4769,505,15,26,95,136,1.411764705882353,0.05855056492538862,659,"So, what do you do at the White House?"
5052,505,12,32,92,136,1.411764705882353,0.05568995661213279,659,"Honey, please set yourself to 'low'... People are beginning to stare."
5760,505,15,33,105,153,1.411764705882353,0.05369828995148687,659,You always said I make your head spin.
6221,505,14,35,104,153,1.411764705882353,0.05289146463947139,659,You’re not very social for a mixer.
1212,510,19,27,112,158,1.4113924050632911,0.05544579169579605,659,"It's not true, John. Margaritas are not the only reason I'm attracted to you."
4949,510,11,43,104,158,1.4113924050632911,0.049287225283089584,659,"Well, you certainly know how to break the ice."
961,512,12,34,95,141,1.4113475177304964,0.05427137520598959,659,"Honey, you're at a 10 right now and I need you at a 1."
1083,512,14,30,97,141,1.4113475177304964,0.056107186811822404,659,I’d like to bring you to my friend’s bridal shower.
846,512,17,24,100,141,1.4113475177304964,0.058753449087844134,659,You're right. I think we did meet at a college mixer.
1368,515,15,21,88,124,1.4112903225806452,0.06273353617484823,659,I don’t think that buzzing in your head is tinnitus
317,516,13,41,109,163,1.4110429447852761,0.04978942353735554,659,You can't just start to emulsify whenever the conversation gets hard.
1826,517,15,30,101,146,1.4109589041095891,0.055556813747508725,659,"Besides puree, chop, and whip, what do you do?"
6617,517,16,28,102,146,1.4109589041095891,0.056400645963188535,659,"Actually, dear, the Keurig looks much better on you."
6646,517,11,38,97,146,1.4109589041095891,0.05204484901137798,659,Was it hard growing up in a blended family?
3963,520,13,36,102,151,1.4105960264900663,0.05254790576126456,659,When did your doctor say you could start eating solid food again?
2697,521,10,35,89,134,1.4104477611940298,0.0542366111033022,659,Still processing?
5019,522,12,40,104,156,1.4102564102564104,0.05053215149917972,659,I almost didn't recognize you in that suit.
5332,523,10,37,92,139,1.410071942446043,0.052873778914937365,659,"So,you’re a transblender ."
2079,524,18,30,113,161,1.4099378881987579,0.05393811850687962,659,"I assure you, madam, my intentions are puree."
3089,524,15,36,110,161,1.4099378881987579,0.051733947978129455,659,"So other than the photo, was the rest of your dating profile accurate?"
6111,526,13,24,85,122,1.4098360655737705,0.0613205383351445,659,Please stop sending me mixed messages.
898,527,16,27,101,144,1.4097222222222223,0.056967181391362726,659,I must have misunderstood when they invited me to a mixer.
2322,528,10,32,85,127,1.4094488188976377,0.056292941179861465,659,When I said 'let's give it a whirl' I meant let's go on a second date.
761,529,13,35,101,149,1.4093959731543624,0.053035400888428584,659,So on your dating profile you said you’re from a blended family.
4845,529,11,39,99,149,1.4093959731543624,0.05129682547937954,659,"Head turner?  Yeh, I get that a lot."
6129,529,11,39,99,149,1.4093959731543624,0.05129682547937954,659,"For once, couldn’t you just chew your food like a normal person?"
1363,532,11,32,89,132,1.4090909090909092,0.055835240442236506,659,"Ironically, it's that you don't blend in."
4619,532,17,29,108,154,1.4090909090909092,0.05498156303988796,659,"Don't be ridiculous, you'll blend right in."
6732,534,11,43,105,159,1.4088050314465408,0.04904455850439279,659,"So, how do you feel about mixed marriage?"
226,535,16,24,97,137,1.4087591240875912,0.05911428020583265,659,I should have listened when she told me you were a smoothie.
2346,535,9,38,90,137,1.4087591240875912,0.05237463771295485,659,So your profile says you are a good processor.
5029,535,16,24,97,137,1.4087591240875912,0.05911428020583265,659,"Put a lid on it Jerry"""
6714,538,18,31,115,164,1.4085365853658536,0.05318947719316567,659,"""Forget everything you've heard about small appliances."""
3791,539,12,34,96,142,1.408450704225352,0.053965632020418146,659,"Well, I could go for a nice strawberry daiquiri--if it's not too much of a problem."
3965,539,12,34,96,142,1.408450704225352,0.053965632020418146,659,"I assure you, my intentions are purée."
4592,541,15,30,102,147,1.4081632653061225,0.055248358731825355,659,I just feel that everything is mixed up in that little head of yours.
1789,542,12,38,102,152,1.4078947368421053,0.051430616628227746,659,The last guy I dated didn't even have a pulse button.
2320,542,15,32,105,152,1.4078947368421053,0.053912182797413846,659,They told me you were a smoothie.
5763,542,15,32,105,152,1.4078947368421053,0.053912182797413846,659,We never really talk any more.
2902,545,18,28,111,157,1.4076433121019107,0.054934086684478696,659,But enough about me...
3559,546,16,34,112,162,1.4074074074074074,0.05221536124816602,659,"Are you even listening to me? You know, I honestly wonder sometimes where your head even is."
3524,547,18,23,104,145,1.4068965517241379,0.05830997210717605,659,"I thought they said you were a smooth operator, not a smoothie operator."
5526,547,14,31,100,145,1.4068965517241379,0.05492641518147294,659,I have mixed feelings about us too.
1681,549,13,35,102,150,1.4066666666666667,0.05275129835370397,659,I thought your profile said pushing your buttons was a turn on.
3270,549,17,27,106,150,1.4066666666666667,0.056041424968084036,659,I guess I should warn you. I just took six hits of mescaline.
1246,551,18,27,110,155,1.4064516129032258,0.05545015099505872,659,I think we should see other appliances.
1629,552,19,27,114,160,1.40625,0.054870398332867484,659,"I'm sure it is healthy, but that was the centerpiece."
3818,553,18,31,116,165,1.406060606060606,0.05292408325231792,659,"Whirrr, whirrr, whirrr"" is not a commitment, Leonard"
5833,554,15,24,94,133,1.406015037593985,0.05946292049468638,659,Is it a common dental procedure in Britain?
5172,554,12,30,91,133,1.406015037593985,0.056516151798394386,659,At least you still have a pulse.
1680,556,15,39,116,170,1.4058823529411764,0.0497099549962006,659,I thought 'blend date' was a typo.
5704,557,14,28,96,138,1.4057971014492754,0.056930253437149726,659,And you say that you have had no digestion problems since the transplant?
1832,558,14,30,99,143,1.4055944055944056,0.05546803289175795,659,I'm still processing what you just said.
6304,559,14,45,121,180,1.4055555555555554,0.04707273597205301,659,Could you chew on low?
2629,560,13,36,104,153,1.4052287581699345,0.05199652393776859,659,Is everything O.K.? You’ve hardly pulverized your dinner.
625,561,13,38,107,158,1.4050632911392404,0.05082403660088076,659,"It's my fault, I thought you said trans gender."
804,561,10,44,104,158,1.4050632911392404,0.04838600759679728,659,You seem agitated. Was it something I said?
4184,563,14,23,89,126,1.4047619047619047,0.06087048069057065,659,This is my first single's mixer.
124,564,13,29,94,136,1.4044117647058822,0.05657111943854663,659,I love what you’re Waring!
3097,564,12,31,93,136,1.4044117647058822,0.05559999184043708,659,Sometimes I just want to know what’s spinning around in that puréed little head of yours.
4116,566,13,33,100,146,1.404109589041096,0.053748277975106694,659,"I like you, too... I'm just not sure I'm ready to emulsify."
1909,567,12,39,105,156,1.4038461538461537,0.05045602312048911,659,I think you could have been more forthcoming in your dating profile than 'serious foodie.'
1280,568,17,22,100,139,1.4028776978417266,0.05929364258087864,659,Let me get this straight: You gave her a blender for Valentine’s Day?
4576,569,14,30,100,144,1.4027777777777777,0.05515345939803551,659,"There's no good way to tell you this, but I've decided I'd like a food processor."
3027,570,12,36,101,149,1.4026845637583893,0.05209162479840927,659,Of course they liked you at the party.  You’ve always been a good mixer.
2216,571,10,31,86,127,1.4015748031496063,0.056187949591088686,659,When you told me you were from  a blended family..
1696,572,14,25,93,132,1.4015151515151516,0.058767360387133365,659,"Years later, this would be Susan's only memory of their honeymoon in Margaritaville."
2703,573,12,31,94,137,1.4014598540145986,0.05527154366910861,659,It's just when you get going I just can't hear myself think!
5755,574,10,37,95,142,1.4014084507042253,0.051990504918024816,659,"No offense Larry, but you are seriously mixed up."
6128,574,18,21,103,142,1.4014084507042253,0.059178827029331464,659,On our speed date you were smooth and I was stirred but what was once a crush is now a grind and frankly...it’s Waring thin.”
4426,576,11,37,99,147,1.401360544217687,0.051679340729905994,659,So when you wrote in your profile that you were from a 'blender family'  it wasn't a typo.
4961,576,12,35,100,147,1.401360544217687,0.05257320818052931,659,I just don't see a future for us. Why is this so hard to process?
1323,578,14,33,105,152,1.4013157894736843,0.05301954861952767,659,Let’s not mince words
1045,579,16,31,110,157,1.4012738853503184,0.05335385084131237,659,"You've been listening to Trump again, haven't you."
2257,579,16,31,110,157,1.4012738853503184,0.05335385084131237,659,"You're lying, John. You purée when you lie."
3901,581,15,35,112,162,1.4012345679012346,0.05140453218578409,659,I just need some counter space right now.
1987,581,18,29,115,162,1.4012345679012346,0.0535954255281539,659,I'm guessing you were the life of the party back at Dartmouth.
2677,583,12,43,112,167,1.401197604790419,0.04809319902519277,659,I can't talk to you when you're on purée.
5222,584,15,41,121,177,1.4011299435028248,0.04824865974068689,659,I can definitely go slower if you like.
812,585,14,22,89,125,1.4,0.061171361631657074,659,Please don't pulse while I tell you about my day.
1501,585,14,30,101,145,1.4,0.054842162933723196,659,And you think I’m mixed up?
1517,585,11,32,92,135,1.4,0.05483781807082024,659,"Yeah, my job's also a grind sometimes, but I don't let it go to my head."
3555,585,12,32,96,140,1.4,0.054405126413433376,659,"So, is there a setting on there for “stimulating conversation” or... ?"
4125,585,13,34,103,150,1.4,0.05266924355828776,659,I misunderstood when you said you wear out kitchen appliances.
5493,585,13,32,100,145,1.4,0.05396181422669197,659,"Ron, that's disgusting! I wish you would chew with your lid on."
5718,585,17,28,110,155,1.4,0.0546152325636806,659,I'm so turned on right now.
6459,585,16,26,103,145,1.4,0.056561769035940665,659,"I'm sorry , Eddie, this isn't going to work. I'm in love with a toaster."
554,593,18,29,116,163,1.3987730061349692,0.05332245209708098,659,Blend. James Blend.
6379,594,13,37,108,158,1.3987341772151898,0.050746164560350665,659,"Puree, that's an interesting name. Is it French?"
2689,595,10,41,102,153,1.3986928104575163,0.04936809962410799,659,Let me get you up to speed . . .
1818,595,14,33,106,153,1.3986928104575163,0.052737145433914674,659,I don’t care if it has six speeds - it’s still a one-track mind.
1512,597,15,29,104,148,1.3986486486486487,0.05486102455772697,659,"""You keep sending me mixed messages."""
1625,598,10,37,96,143,1.3986013986013985,0.051701912644392195,659,So your mother’s name was Margarita?
4844,598,13,31,99,143,1.3986013986013985,0.05448455689282025,659,Must you put your spin on EVERYTHING I say?!!
2038,600,16,23,99,138,1.3985507246376812,0.058670930795702604,659,Tell me more about your time in the Trump cabinet
6383,601,16,32,113,161,1.3975155279503106,0.05233633399488422,659,"So, mixologist. Is that like a degree or a condition?"
6403,601,14,36,111,161,1.3975155279503106,0.050831214356126524,659,"All I said was, “Alexa, get me one of those smart blenders.”"
1850,603,11,40,105,156,1.3974358974358974,0.049546735571049404,659,"You don't want to get mixed up with a guy like me, Dottie."
5211,604,17,26,108,151,1.3973509933774835,0.05565541269594047,659,"There you go again, Ostercising everything I say"
235,605,9,40,97,146,1.3972602739726028,0.05001601260346129,659,Wouldn't it be simpler just to chew your food?
2503,605,16,26,104,146,1.3972602739726028,0.05623979637033303,659,"Pulse once for yes, pulse twice for no and pulverize for angry."
5108,605,15,28,103,146,1.3972602739726028,0.05539351392073772,659,". . . No Harold, it's your obsession with homogeneity that I find most troubling."
6270,605,13,32,101,146,1.3972602739726028,0.053660923975532154,659,Try a different setting. You keep chopping off your words.
4892,609,13,30,98,141,1.3971631205673758,0.055020888199010846,659,"That's better.  For a while, I didn't think you had a pulse."
380,609,15,26,100,141,1.3971631205673758,0.05683249408037173,659,I was picturing more of a whirlwind romance.
2856,609,17,22,102,141,1.3971631205673758,0.05858810995912843,659,"Sorry, I thought you said your mother's name was Brenda."
6194,612,12,30,94,136,1.3970588235294117,0.05550266609693397,659,Disappointed?  A bit. Your profile said you were a Hamilton Beach.
5125,613,14,22,90,126,1.3968253968253967,0.060766913594948055,659,"Honey, I'm seeing another kitchen appliance."
5622,614,12,43,114,169,1.3964497041420119,0.047640092318493484,659,You need to unplug.
3008,615,13,39,112,164,1.396341463414634,0.04940079562452821,659,How are are you related to Edward Scissorhands exactly?
3308,616,17,29,113,159,1.3962264150943395,0.05354919192757734,659,This pot is SO much stronger than when I was in college!
191,617,17,27,110,154,1.396103896103896,0.054830983344030984,659,"I've never know anyone who chews their food 3,200 times before swallowing."
918,617,13,35,106,154,1.396103896103896,0.051642104751636005,659,And this particular superpower is useful how?
4509,617,17,27,110,154,1.396103896103896,0.054830983344030984,659,I think I've changed my mind about a first kiss
3262,620,16,25,103,144,1.3958333333333333,0.056801182383153966,659,"Actually, you blend right in"
865,620,11,35,98,144,1.3958333333333333,0.05235216169843261,659,You might try simply chewing.
5073,622,11,33,95,139,1.39568345323741,0.053662352830931626,659,"While you're processing that, I'll take the opportunity to visit the ladies'."
2959,622,14,27,98,139,1.39568345323741,0.05650169338185655,659,Don't be silly. You blend right in.
1847,624,14,38,115,167,1.3952095808383234,0.04949647904665218,659,"No, Richard. You’re the one sending mixed messages."
3866,624,13,40,114,167,1.3952095808383234,0.04876224534537923,659,Give me a minute to process that thought.
768,626,15,32,110,157,1.394904458598726,0.052503829513893555,659,"Unlike you, I've never been much of a mixer."
1602,627,15,30,107,152,1.394736842105263,0.05375244264541601,659,Please don't chew with your lid unlocked.
2903,627,10,40,102,152,1.394736842105263,0.04953416206665211,659,It feels like our lives are moving at different speeds.
757,629,18,22,107,147,1.3945578231292517,0.057563538838092614,659,"Ironically, Lucy found it hard to process"
2962,629,11,36,100,147,1.3945578231292517,0.05158725891880402,659,"Wow, you're a real smoothie."
4084,631,10,36,96,142,1.3943661971830985,0.05189231690797626,659,"No judgement. It's just that in your profile photo, you had a head."
4951,631,10,36,96,142,1.3943661971830985,0.05189231690797626,659,What serious thoughts are whirling around that powerful little brain of yours?
5520,631,16,24,102,142,1.3943661971830985,0.05737728888053283,659,"Dear, I believe your liquid diet has finally gone to your head!"
6408,631,15,26,101,142,1.3943661971830985,0.05650011644601337,659,It's just that I'd had something quite different in mind when you said you came from a blended family...
6809,635,15,24,98,137,1.3941605839416058,0.058017246434231,659,"Pulse or no pulse, it’s time to pull the cord."
6483,636,13,37,110,160,1.39375,0.050232850103888685,659,You had me at margarita.
1307,636,14,35,111,160,1.39375,0.05100936758832643,659,"Oh please, let's not mince words again tonight."
1451,638,15,31,109,155,1.3935483870967742,0.052977356177695535,659,"I know the feeling, I work in the Trump administration."
3942,638,14,33,108,155,1.3935483870967742,0.05218058151282948,659,"I'll admit, when you profile said ""mixed"" I thought it meant biracial."
703,640,16,27,107,150,1.3933333333333333,0.05507502848040864,659,I'm sorry; I just don't need another small appliance in my life.
1862,641,12,31,97,140,1.3928571428571428,0.05430721162491817,659,"Really, Gerald! Must you set yourself to ‘frappe’ while I’m speaking?"
3175,642,16,32,115,163,1.392638036809816,0.05180640763462849,659,I thought you were kidding when you said you come from a blended family.
2706,643,16,30,112,158,1.3924050632911393,0.05299651323491792,659,"But Charlie, I'm looking for pure love, not puree love."
3214,643,14,34,110,158,1.3924050632911393,0.0514526880239695,659,I think I misunderstood what they meant by social mixer.
3839,643,15,32,111,158,1.3924050632911393,0.05223030499600191,659,I get that you need to process.
6226,643,10,42,106,158,1.3924050632911393,0.048216972992486215,659,I suppose cutlery is out of the question?
5587,647,11,29,90,130,1.3923076923076922,0.056213404019251366,659,Are you going to shake your head at me all night?
6343,648,16,28,109,153,1.392156862745098,0.05426059104381121,659,In your Tinder photo you looked more like a coffee pot.
5974,648,13,34,106,153,1.392156862745098,0.051828696726883006,659,Give me a minute to process what you said.
3321,648,13,34,106,153,1.392156862745098,0.051828696726883006,659,To think we first met at a high school mixer.
2871,651,14,30,104,148,1.3918918918918919,0.053927504003972476,659,I swear it's like your head is somewhere else...
3204,651,11,36,101,148,1.3918918918918919,0.051306819215643874,659,"I don't care Fred, you still need to use a knife and fork when we are out."
1619,653,11,34,98,143,1.3916083916083917,0.05254759164664174,659,"To be honest, if I wanted another small appliance I would just look in my bedside table."
2858,653,15,26,102,143,1.3916083916083917,0.05617135936418446,659,We'll always have Margaritaville.
3148,653,9,38,96,143,1.3916083916083917,0.05063855522606408,659,For a first date this is going pretty smoothly.
5714,653,12,32,99,143,1.3916083916083917,0.05347655976314994,659,I’m afraid there’s some mix up here.
2907,657,17,20,101,138,1.391304347826087,0.059472257336067015,659,I misunderstood your online profile when it said you come from a blended family.
3911,657,14,26,98,138,1.391304347826087,0.056741429522496084,659,``I still think dentures would've been better.''
4898,657,13,37,111,161,1.391304347826087,0.049979742047922604,659,Let me bring you up to speed...
4575,660,12,37,107,156,1.391025641025641,0.05028760784516313,659,"you're still processing that e-mail from my mother, aren't you?"
706,661,14,24,95,133,1.3909774436090225,0.05829915002677411,659,Why must you find everything I say so hard to swallow?
1588,661,10,32,91,133,1.3909774436090225,0.054250403018165076,659,"Sorry, I just can't get past your other attachments."
6668,663,13,33,105,151,1.390728476821192,0.05229691926463479,659,I don’t think that’s what they meant by BYOB!
4551,663,14,31,106,151,1.390728476821192,0.05313443314200577,659,Was it difficult growing up in a blended family?
5782,663,11,37,103,151,1.390728476821192,0.0505803056838393,659,"I thought your bio said 'blended family', not 'blender family'."
5473,666,13,31,102,146,1.3904109589041096,0.053567388036488764,659,"I must say, I had a whole different picture in mind when I accepted the invite to a mixer."
5646,666,13,31,102,146,1.3904109589041096,0.053567388036488764,659,I didn't recognize you at first. In your profile picture you looked more like a coffee maker.
1511,668,11,33,97,141,1.3900709219858156,0.05304606937109867,659,But you never want to mix things up in the bedroom...
2568,668,14,27,100,141,1.3900709219858156,0.05583759346089843,659,Don’t worry. You’ll blend right in.
3822,668,16,23,102,141,1.3900709219858156,0.057623528950351555,659,"You are a really smoothie, aren’t you?"
4870,668,13,29,99,141,1.3900709219858156,0.05492285244696281,659,This isn't exactly what I thought you meant when you told me you blend in anywhere
539,672,10,42,107,159,1.389937106918239,0.047976281263257294,659,"I'm open to blended family, but keep a lid on it for now."
1489,673,14,18,86,118,1.3898305084745763,0.06372690255147787,659,"It's not you, Jim. It's my kitchen decor."
3734,674,14,25,97,136,1.3897058823529411,0.05733059170147931,659,I didn’t catch that...you’re slurring.
2564,674,11,31,94,136,1.3897058823529411,0.05440587614606362,659,Can't wait for you to meet my brother Edward. Just don't shake his hand.
3733,676,13,34,107,154,1.3896103896103895,0.051553975950156095,659,I just wish you could unplug sometimes.
1102,676,12,36,106,154,1.3896103896103895,0.05072405739336768,659,Don't mince words with me.
1231,676,13,34,107,154,1.3896103896103895,0.051553975950156095,659,I think I'm in love. You said your mind was literally in a whirl...that's the first correct use of 'literally' I've ever heard.
4441,679,15,28,106,149,1.389261744966443,0.05446790033807649,659,I liked you better when you were a toaster.
5608,679,9,40,100,149,1.389261744966443,0.04921975048530217,659,I've been having mixed feelings too.
6705,681,12,32,100,144,1.3888888888888888,0.05317348487814355,659,"No, I think you're the one who's mixed up."
1894,682,13,35,109,157,1.3885350318471337,0.0508378932223059,659,"Honey, you’re grating - please try to blend."
3139,682,11,39,107,157,1.3885350318471337,0.04920541385484286,659,They said you were smooth. I just thought...
589,684,15,29,108,152,1.388157894736842,0.05366438288427969,659,Ah now I get what “High speed blender dating” is.
3624,684,15,29,108,152,1.388157894736842,0.05366438288427969,659,"My last boyfriend was a toaster, so this is totally normal."
6062,686,15,34,116,165,1.387878787878788,0.050560698586237574,659,"Oh, none for me, Linda. Daiquiris go straight to my head"
5844,687,14,29,104,147,1.3877551020408163,0.054135628341037335,659,I’m afraid I misunderstood  your Tinder  job profile thinking that  “Food Processor “ meant you are a chef.
575,687,13,31,103,147,1.3877551020408163,0.053267985655207316,659,I'm seeing someone with less attachment issues.
1260,687,10,37,100,147,1.3877551020408163,0.0505758283710382,659,I don't know what spinning around in that head of yours but I don't see great consistency.
6218,690,13,36,111,160,1.3875,0.05014718901431801,659,I feel like you’re giving me mixed signals.
1084,691,11,33,98,142,1.3873239436619718,0.05274276420359629,659,"That's not what I meant when I said ""Let's give this thing a whirl."""
2324,691,11,33,98,142,1.3873239436619718,0.05274276420359629,659,So what do you do when you're not making Margaritas?
4402,691,12,31,99,142,1.3873239436619718,0.05368136824544624,659,"Honey, I think your margarita is done."
6522,691,14,27,101,142,1.3873239436619718,0.05551098574550173,659,What I wouldn't give to know what goes on in that mixed-up head of yours.
5238,695,9,35,93,137,1.3868613138686132,0.0520595317467764,659,I suppose in your profession you must be ‘on’ all the time?
991,696,13,37,113,163,1.3865030674846626,0.049480489281416525,659,You seem a little mixed up.
6163,696,15,33,115,163,1.3865030674846626,0.05098822946137899,659,I still think that a good pair of false teeth would work just as well.
5452,698,13,25,94,132,1.3863636363636365,0.057562211538208584,659,"Please tell me how you feel, and don't mince your words!"
520,699,12,32,101,145,1.3862068965517242,0.05287356321839082,659,"Honey, you can't just switch to ""agitate""  every time I mention the White House."
5005,700,13,35,110,158,1.3860759493670887,0.05057492850291102,659,I feel as if you’re giving me mixed messages.
5170,700,11,39,108,158,1.3860759493670887,0.04895479632178717,659,I'm not sure my kids would be comfortable living in a blended family.
2933,700,12,37,109,158,1.3860759493670887,0.049771455051978476,659,You don’t look like your photo on Tinder either.
6864,703,13,28,99,140,1.3857142857142857,0.05514226605075418,659,"I'm leaving you for a man with a better warranty, Carl."
1741,703,11,32,97,140,1.3857142857142857,0.053245841709701064,659,You're sending mix signals
1402,705,14,31,108,153,1.3856209150326797,0.05256098969103411,659,"Here, let me get you up to speed."
4013,705,10,39,104,153,1.3856209150326797,0.049179877890037284,659,Must you always hum when you eat
3450,707,9,34,92,135,1.385185185185185,0.052557778556639484,659,"For this one night, can't I get you to unplug?"
4604,707,13,26,96,135,1.385185185185185,0.05660877462781655,659,Is it that hard to just turn that thing off when I’m talking to you?
5021,707,11,30,94,135,1.385185185185185,0.05462084515856414,659,Am I going on too long? I swear sometimes I have no off switch.
6064,707,13,26,96,135,1.385185185185185,0.05660877462781655,659,"I AM trying to blend in, Janice!"
4318,711,13,31,104,148,1.385135135135135,0.052971673761135166,659,"We’re in public, keep a lid on it!"
2351,712,13,36,112,161,1.3850931677018634,0.04989282908902224,659,At this point in my life I'm just looking for a man with a PULSE.
6628,713,12,26,92,130,1.3846153846153846,0.05714809912591036,659,"Really, George, I can just ask the waiter for a smoothie."
5768,713,12,31,100,143,1.3846153846153846,0.05337342261842514,659,This was not exactly what I had in mind when I said you needed to blend in.
3417,713,15,35,119,169,1.3846153846153846,0.04965363264368483,659,"Honey, you forgot your tie."
2950,713,17,31,121,169,1.3846153846153846,0.05105260023723939,659,So that's why you asked the waiter for an extension cord.
1989,713,8,39,96,143,1.3846153846153846,0.04954543386677401,659,"When my friends recommended a mixer, this wasn't quite what I was expecting..."
852,713,16,28,112,156,1.3846153846153846,0.05338929430324382,659,In your Tinder photo you looked like a Vitamix.
772,713,13,29,101,143,1.3846153846153846,0.05428826114589186,659,What are your gender pronouns?
99,713,11,28,91,130,1.3846153846153846,0.05609496099765123,659,"Well, at least you've got a pulse."
2088,713,15,20,95,130,1.3846153846153846,0.06019706792556816,659,For once would you stop mincing words and tell me how you feel?
1028,722,12,29,97,138,1.3840579710144927,0.05473696154403239,659,YOU ALWAYS PUT A DIFFERENT SPIN  ON EVERYTHING I SAY.
2313,722,10,33,95,138,1.3840579710144927,0.05276894838329535,659,I imagined something different when you said you were from a blended family.
3813,722,13,27,98,138,1.3840579710144927,0.05569489637183892,659,The invitation said a date AT a mixer.
5728,725,20,26,126,172,1.3837209302325582,0.05237278195104615,659,I'm bisexual so I'm on both Grindr and Pulse.
4281,725,15,36,121,172,1.3837209302325582,0.0490194962159962,659,Please don't mince your words with me!
3365,727,14,28,104,146,1.3835616438356164,0.054343919567976046,659,"When you said you were a mixer, I thought you were just a really social, uh, human."
3939,727,13,30,103,146,1.3835616438356164,0.053467637714051754,659,"What the hell did you put in those brownies, Travis?"
1822,727,14,28,104,146,1.3835616438356164,0.054343919567976046,659,My...aren't you quite the smoothie?
2935,727,12,32,102,146,1.3835616438356164,0.05257675314653358,659,"Ok, you got me.  What's green and goes 170 miles an hour?"
392,731,10,31,92,133,1.3834586466165413,0.05413185730941147,659,It's impossible to talk to you. You're always on.
461,731,12,27,94,133,1.3834586466165413,0.05619697775567628,659,"You know, in my twenties I don't think I'd even have considered dating a blender."
777,733,14,31,109,154,1.3831168831168832,0.05227857249889311,659,"Still trying to process Mr. Mueller's report, dear?"
1142,733,15,29,110,154,1.3831168831168832,0.05308419331915704,659,Have you always been this mixed up?
5032,735,10,34,97,141,1.3829787234042554,0.05197183251223053,659,"You're not the only one with mixed emotions, you know."
988,736,14,34,114,162,1.382716049382716,0.050407284121933495,659,I know which buttons to push to turn you on.
5324,736,17,28,117,162,1.382716049382716,0.05263969985527944,659,I'm sorry. I've fallen in love with the Instant Pot.
1139,738,13,31,105,149,1.3825503355704698,0.05267841117757701,659,I take it you're still on a liquid diet?
2309,738,11,35,103,149,1.3825503355704698,0.05092765026053589,659,I'm sorry I said  my daily grind is worse than yours.
3050,738,14,29,106,149,1.3825503355704698,0.05353232412067568,659,How long have you had the tinnitus?
5372,738,17,23,109,149,1.3825503355704698,0.05601601458924661,659,"Honestly, Jill left out a few key details when telling me she was setting me up with Hamilton Beach."
6348,742,18,24,115,157,1.3821656050955413,0.05462074476970811,659,This really isn't the type of attachment I was looking for.
4143,742,13,34,110,157,1.3821656050955413,0.050745730584523654,659,It's not you. It's me who's all mixed up.
5897,742,12,36,109,157,1.3821656050955413,0.04993465585371499,659,My friends warned me you were a smoothie operator.
2286,745,12,31,101,144,1.3819444444444444,0.053068734455489354,659,"When you said you had mixed emotions, I really had no idea."
2542,745,10,35,99,144,1.3819444444444444,0.051205862774266864,659,I thought Mr. Smoothie was just a name you used on match.com.
3748,745,13,29,102,144,1.3819444444444444,0.05397606574985194,659,I get it - breaking up's hard. It takes time to process.
1041,748,11,36,105,152,1.381578947368421,0.05021235016011432,659,I'll date almost anything with a pulse button.
2630,748,8,42,102,152,1.381578947368421,0.04753803720579873,659,When your post said you were a real smoothie.....
3010,750,13,27,99,139,1.381294964028777,0.055361753275208675,659,Do you have any other small kitchen appliances I should know about?
1300,751,16,29,115,160,1.38125,0.05235933161260023,659,I've never dated a mover and shaker before.
773,752,13,30,104,147,1.380952380952381,0.053166732613904755,659,"Well, aren't you the smoothie!"
4577,752,12,32,103,147,1.380952380952381,0.05228301346252807,659,You need to take that down to about frappe' mister.
5843,752,17,22,108,147,1.380952380952381,0.05656371007369174,659,So how long have you worked in Washington?
4843,755,9,33,92,134,1.3805970149253732,0.05274932101364128,659,"Every time I bring up marriage, you switch to ""Puree."""
5491,756,12,38,113,163,1.3803680981595092,0.04861841036409491,659,I don’t want you blowing your top at another fancy restaurant.
3952,756,10,42,111,163,1.3803680981595092,0.04703476482617587,659,Does every meal have to be a production?
1085,756,16,30,117,163,1.3803680981595092,0.0516402098609916,659,"Arnold, you're mixing up everything I say."
2219,759,11,32,99,142,1.380281690140845,0.052632615602609276,659,I hate going to these mixers. How about you?
2873,759,11,32,99,142,1.380281690140845,0.052632615602609276,659,"Well, I have mixed feelings about you, too!"
6166,759,14,26,102,142,1.380281690140845,0.05540634068202996,659,My ex had a 5 speed motor and a stay-put lid.
6240,759,17,20,105,142,1.380281690140845,0.0580476782513677,659,"They said the first date was a mixer, but I didn’t expect this."
2712,763,10,29,90,129,1.37984496124031,0.05524105741759389,659,"Really, it's not you. It's that unbearable noise."
2965,764,15,30,113,158,1.379746835443038,0.05205414832221643,659,I've been looking for someone with a pulse.
4135,764,13,34,111,158,1.379746835443038,0.05048151193639521,659,"Maybe I don’t need to say this, but I don’t kiss on the first date."
2874,766,9,34,94,137,1.3795620437956204,0.05193898853032083,659,Tell me more about your job as a floor model.
5918,767,12,39,115,166,1.3795180722891567,0.0479938391468013,659,You're spinning everything I say.
5919,768,12,31,102,145,1.3793103448275863,0.05276725945350817,659,"I thought when I connected with you I was on Tinder, not Grindr."
6532,768,12,31,102,145,1.3793103448275863,0.05276725945350817,659,I think I know what's been triggering your migraines.
5435,768,11,33,101,145,1.3793103448275863,0.05185169456845958,659,"I really like you Roger, but I feel like you're sending mixed messages."
3530,771,9,40,104,153,1.3790849673202614,0.04819277447040354,659,"I’ve moved on, but I do miss the daiquiris."
1597,772,17,27,117,161,1.3788819875776397,0.05282699069193107,659,I sense you may be finding our breakup talk hard to process.
2806,772,11,39,111,161,1.3788819875776397,0.048216723615863835,659,‘´Do I turn you on?’
727,774,15,20,97,132,1.378787878787879,0.05942346087079146,659,So you grew up in a blended family?
4273,774,10,30,92,132,1.378787878787879,0.054340091984121826,659,It started with a root canal...
489,776,12,29,99,140,1.3785714285714286,0.054090496610040256,659,"I'm sorry, but I'm leaving you for a Veg-O-Matic."
3429,776,8,37,95,140,1.3785714285714286,0.050146606384136753,659,I've asked you before not to purée in public.
6199,776,15,23,102,140,1.3785714285714286,0.05686920601061,659,"So, when exactly did you realize you were Transblender?"
6494,776,12,29,99,140,1.3785714285714286,0.054090496610040256,659,It's ok as long as you don't eat with your lid open.
3172,780,14,28,106,148,1.3783783783783783,0.053731340399351624,659,Will you please keep a lid on it?
3554,781,12,35,109,156,1.3782051282051282,0.05009746391434592,659,"There you go, twisting my words again."
3756,781,11,37,108,156,1.3782051282051282,0.049265027196890895,659,"I thought Ingrid said you were Mr. Smooth, not Mr. Smoothie."
6060,783,11,26,90,127,1.3779527559055118,0.05692746823988785,659,Can’t we just spend one evening unplugged?
351,784,6,42,95,143,1.3776223776223777,0.047392562072966986,659,We should take our relationship to the next level; chop/dice.
2536,784,13,28,102,143,1.3776223776223777,0.054180313154473136,659,Blendr is the first dating app I've used.
3793,784,13,28,102,143,1.3776223776223777,0.054180313154473136,659,"Don't worry darling, nobody has noticed at all.  In fact, you're blending in very well."
5387,784,17,20,106,143,1.3776223776223777,0.0577016339324539,659,"Just HOW did we meet again?  Was it Tumblr, Grindr or Blendr?"
6631,784,19,16,108,143,1.3776223776223777,0.05938404390873011,659,Why didn't you just get implants?
2921,789,10,37,104,151,1.3774834437086092,0.04949343556205721,659,There seems to be some kind of mix up.
3382,789,13,31,107,151,1.3774834437086092,0.052100871643257225,659,"You know, your bio on the dating site WAS misleading. I thought you just meant you mixed well with people."
6648,789,9,39,103,151,1.3774834437086092,0.048593208815481174,659,I don't really know what I expected from a dating app called 'Blendr'
203,792,11,38,110,159,1.3773584905660377,0.04860873495745788,659,"Please just this once try the knife and fork, people are staring!"
5209,793,13,20,89,122,1.3770491803278688,0.06084785592427303,659,"I have to say, you don't look much like your profile picture."
4186,794,12,25,93,130,1.376923076923077,0.05702355392722126,659,"Fred, what are you Waring?"
4717,794,9,31,90,130,1.376923076923077,0.05379501788604705,659,"Wait slow down, give me a second. I need to process all of this."
4936,796,15,22,101,138,1.3768115942028984,0.05745299068689613,659,"Honey, it doesn’t matter what we wear. The reality is, we will never blend in."
3163,796,12,28,98,138,1.3768115942028984,0.05462130143522385,659,You know you could just try taking smaller forkfuls.
3216,798,11,33,102,146,1.3767123287671232,0.051560816560026604,659,"Yes it's very flattering, but are you sure it's me that's made your head spin?"
6761,798,11,33,102,146,1.3767123287671232,0.051560816560026604,659,What are your thoughts on blended families?
492,800,9,40,105,154,1.3766233766233766,0.04794204873774058,659,I've dated an egghead and a meathead but this is a first.
964,800,15,28,111,154,1.3766233766233766,0.0529880615243998,659,You really are a smoothy.
1991,802,17,27,118,162,1.376543209876543,0.052551953836788116,659,You never hear a word I say.
4482,802,17,27,118,162,1.376543209876543,0.052551953836788116,659,I can see what you are thinking and it's not pretty.
431,804,11,42,117,170,1.3764705882352941,0.04641925286237885,659,My mother warned me of getting into another mixed up relationship.
3058,805,11,28,94,133,1.3759398496240602,0.055049744234900146,659,"Oh, you vibrate.  Well, that’s a plus."
3830,805,11,28,94,133,1.3759398496240602,0.055049744234900146,659,I was afraid you'd be a toaster
841,807,11,31,99,141,1.375886524822695,0.05282208778219166,659,In my profile I did mention I like a guy who helps in the kitchen.
3046,807,10,33,98,141,1.375886524822695,0.05185417856909744,659,"Oh, Hamilton, I can't marry you.  I don't want a blended family."
6000,809,14,31,112,157,1.375796178343949,0.05144809182194559,659,Looks like you’ve spoken to your mother today.
5405,809,11,37,109,157,1.375796178343949,0.049009470514738515,659,"When you told me you were a mover and a shaker, I didn’t realize you were an actual mixer."
5126,809,14,31,112,157,1.375796178343949,0.05144809182194559,659,I was worried you wouldn't look like your profile picture.
2430,809,12,35,110,157,1.375796178343949,0.049835604917198816,659,«I have a much harder time processing my emotions».
3681,813,11,40,114,165,1.3757575757575757,0.0473632275643799,659,It's more intimate when you're on low.
5431,814,15,35,123,173,1.3757225433526012,0.04870207951206601,659,I think we need to put our relationship on pulse.
2055,815,21,29,139,189,1.3756613756613756,0.04929082867088734,659,"Actually, I prefer men either shaken or stirred."
254,816,10,37,105,152,1.375,0.049229422861613525,659,"sorry we couldn't get the booth, i need a 220 volt outlet"
284,816,14,26,104,144,1.375,0.05476072838939758,659,You could just ask the waiter for a knife and fork.
486,816,12,36,112,160,1.375,0.049167599394201456,659,You're so much better than the last guy I dated - always eating with his lid open.
1523,816,13,37,118,168,1.375,0.0482717423174129,659,It's not that 1200 watts of puree power isn't impressive...you just seemed taller in your photo.
1974,816,12,30,102,144,1.375,0.05295740910852021,659,"No, you don't have anything on your face."
6696,816,12,27,97,136,1.375,0.05516611871062502,659,Stop pushing my buttons!
6015,822,17,30,124,171,1.3742690058479532,0.050469683763753784,659,"I need to know where I stand, and please, don’t mince words."
6503,823,10,38,107,155,1.3741935483870968,0.04856412247934552,659,I'm not sure you're in any position to lecture me about using an old profile picture
4959,823,10,38,107,155,1.3741935483870968,0.04856412247934552,659,I think it's cute the way you mix your metaphors.
2102,825,12,38,116,166,1.3734939759036144,0.04789980319566938,659,You know I can't understand you when you pulse.
261,826,14,31,113,158,1.3734177215189873,0.05117673365721463,659,So it’s osterperosis?
430,826,12,35,111,158,1.3734177215189873,0.04957627212341192,659,So... how was therapy?
649,826,12,35,111,158,1.3734177215189873,0.04957627212341192,659,"For the last time, yes, I thought ‘turn-ons include my power switch’ was a joke."
4000,826,11,37,110,158,1.3734177215189873,0.04875634422894257,659,I'm just afraid that if we go too fast things will get messy.
5957,826,12,35,111,158,1.3734177215189873,0.04957627212341192,659,Honestly. Sometimes I think you don't have a pulse.
6239,826,12,35,111,158,1.3734177215189873,0.04957627212341192,659,"We'll always have the daiquiris, John."
3584,832,11,34,105,150,1.3733333333333333,0.05054217603683485,659,Did I push a wrong button again?
4968,832,9,38,103,150,1.3733333333333333,0.048739518271239124,659,I find you extremely sexy when you are on Pulse mode.
1998,834,10,33,99,142,1.3732394366197183,0.05155571454344759,659,This isn’t what I meant when I asked you to blend in more.
2411,834,12,29,101,142,1.3732394366197183,0.05345813262563093,659,"Every time I start a sentence with “I think,” you hit the pulse button."
4715,836,13,24,97,134,1.373134328358209,0.05672350510031762,659,I just think we're running at different speeds.
5206,837,7,33,86,126,1.373015873015873,0.0525346470516508,659,So what’s it like coming from a blended family?
3665,838,14,35,120,169,1.3727810650887573,0.04876424187406752,659,Fred Waring. That'll be easy to remember.
1128,839,10,37,106,153,1.3725490196078431,0.04896798106963177,659,Perhaps we should have tried a different setting.
1963,839,16,25,112,153,1.3725490196078431,0.05398017267542629,659,"My mother is a Vitamix and my father is a Hamilton Beach, so I come from a blended family."
2325,839,11,35,107,153,1.3725490196078431,0.049838363557016194,659,Can’t you just chew your food like the rest of us?
5289,839,13,31,109,153,1.3725490196078431,0.05153504735665164,659,"Yes, I like pina coladas,"
1275,843,11,32,102,145,1.3724137931034484,0.05173690774679033,659,I'm sorry. This isn't my speed.
1880,843,13,28,104,145,1.3724137931034484,0.05355631152745628,659,Well I don't think you're a tool.
5555,843,11,32,102,145,1.3724137931034484,0.05173690774679033,659,I can’t help thinking that you are having mixed feelings about this relationship.
5740,843,11,32,102,145,1.3724137931034484,0.05173690774679033,659,Sue said she met you at a mixer... she could've mentioned...
315,847,13,44,131,188,1.372340425531915,0.04460167770920976,659,Relax. You blend in.
1543,848,5,41,91,137,1.3722627737226278,0.04748652299158232,659,I sense you have mixed feelings for me?
1592,848,8,35,94,137,1.3722627737226278,0.05076412598181319,659,I feel like you never really hear me.
4662,850,12,40,120,172,1.372093023255814,0.04671518086158252,659,How much longer on that milkshake?
1244,851,13,35,116,164,1.3719512195121952,0.049048623376205545,659,Is this your idea of blending in?
1461,851,11,39,114,164,1.3719512195121952,0.047498779530914095,659,I pour my heart out to you and all you can hear is your own spin on it.
3264,851,13,35,116,164,1.3719512195121952,0.049048623376205545,659,How do I know that your intentions are purée?
1739,854,15,28,113,156,1.3717948717948718,0.05241713198204591,659,I hate it when you give me mixed messages.
2278,854,13,32,111,156,1.3717948717948718,0.050814660811085176,659,"When you said you were a part of a blender family, I assumed it was  a typo."
5426,854,10,38,108,156,1.3717948717948718,0.04831139405491481,659,"Is it really necessary to chew each bite 5,400 times?"
6744,854,10,38,108,156,1.3717948717948718,0.04831139405491481,659,Don’t you dare mince words with me!
129,858,10,35,103,148,1.3716216216216217,0.050078450502810117,659,So how long have you been on a liquid diet?
5264,858,13,29,106,148,1.3716216216216217,0.052760185697494535,659,"So you're saying that with just four easy payments, a long-term relationship can be mine?"
361,860,12,28,100,140,1.3714285714285714,0.05397161252136094,659,You take everything I say and mix it up!
2645,860,10,32,98,140,1.3714285714285714,0.052032538976282044,659,Why can't you chew your food like everybody else?
3902,862,12,38,117,167,1.3712574850299402,0.04766461265272421,659,"Be honest, don't mince words with me!"
3610,863,12,25,95,132,1.371212121212121,0.05630016772821547,659,"Yes, I'm aware your profile described you as a shaker and a mover..."
3896,863,11,27,94,132,1.371212121212121,0.05526344601290497,659,You don't have to process. Just agree
5319,865,13,30,108,151,1.3708609271523178,0.051994136228849075,659,Oh stop it. You’re mixing apples and oranges again.
6618,865,17,22,112,151,1.3708609271523178,0.0552864457637342,659,I think this would be a more fruitful conversation if you took yourself off “puree”.
4245,865,13,30,108,151,1.3708609271523178,0.051994136228849075,659,"When your profile said you like to mix things up, I had something else in mind."
1994,865,13,30,108,151,1.3708609271523178,0.051994136228849075,659,It's a simple yes or no question.
3526,865,15,26,110,151,1.3708609271523178,0.05366554428760804,659,Hey Oster Boy.  Eyes are up HERE
2792,865,10,36,105,151,1.3708609271523178,0.04938106458889338,659,I knew this would make your head spin.
4028,865,14,28,109,151,1.3708609271523178,0.05283644975710109,659,I warned you not to let that liquid diet go to your head.
224,872,9,35,99,143,1.3706293706293706,0.05029051979448822,659,You haven't touched anything but your banana and a little yogurt.
338,872,9,35,99,143,1.3706293706293706,0.05029051979448822,659,I'm getting mixed signals here...
909,872,14,25,104,143,1.3706293706293706,0.054969097340210035,659,"You're lucky, I have to chew."
1744,872,11,31,101,143,1.3706293706293706,0.05221228297708195,659,I’m finding this hard to process.
6579,872,12,29,102,143,1.3706293706293706,0.053147112338474384,659,Why can't you just chew like everyone else.
6160,877,15,33,122,170,1.3705882352941177,0.04923817152228551,659,Could you at least try to blend in?
6580,878,13,24,98,135,1.3703703703703705,0.05636956623809278,659,Couldn't you just cut your food with a fork and knife?
5333,878,13,24,98,135,1.3703703703703705,0.05636956623809278,659,Could you please unplug for a second?
3867,878,15,30,117,162,1.3703703703703705,0.050976876033229694,659,And here I thought Blender was just another dating app.
4190,878,9,32,94,135,1.3703703703703705,0.05230004512250975,659,I didn't intend to push your buttons.
1801,882,17,23,114,154,1.37012987012987,0.05446789365183454,659,I hope you don't expect a kiss.
3730,882,12,33,109,154,1.37012987012987,0.05042161490620353,659,Diane said you were a smoothie.
5237,882,13,31,110,154,1.37012987012987,0.051256430694822094,659,I don't know why I went on this date. Brenda said you were a tool.
3197,885,8,38,100,146,1.36986301369863,0.04861200404414726,659,Are you dishwasher safe?
4584,885,11,32,103,146,1.36986301369863,0.051444600018436065,659,You keep mixing metaphors
6116,885,15,24,107,146,1.36986301369863,0.05499490991187379,659,"I have to admit, when I read “ninja” on your profile I was really picturing something else."
6752,888,13,35,117,165,1.3696969696969696,0.04880254378301108,659,You're the only one who doesn't push my buttons.
6119,888,12,37,116,165,1.3696969696969696,0.04803934272744916,659,Sorry...it takes me a while to process some things.
6144,888,14,33,118,165,1.3696969696969696,0.04955399186443111,659,"Please, Dudley, when we mix with the other guests, try to blend in."
3196,891,9,33,96,138,1.3695652173913044,0.05150448567343949,659,Can you just set it to low until we get home.
4862,891,10,31,97,138,1.3695652173913044,0.05252141056067068,659,I thought you said you don’t mince words.
903,891,11,29,98,138,1.3695652173913044,0.053519016153882396,659,"Frankly, I'm shaken--not stirred."
182,894,14,30,113,157,1.3694267515923566,0.051346895634626404,659,Stop playing with your food.
776,894,16,26,115,157,1.3694267515923566,0.05291334733287462,659,"Don’t mince words, Charlie, tell me how you really feel."
3840,894,13,32,112,157,1.3694267515923566,0.05054546838229031,659,You always are giving me mixed messages!
4528,897,10,35,104,149,1.3691275167785235,0.04980370800906372,659,Maybe you're trying too hard to blend in.
2733,898,8,29,85,122,1.3688524590163935,0.054843719626399993,659,"But everything ELSE is completely normal, right?"
516,899,11,30,100,141,1.3687943262411348,0.05269951476923594,659,It doesn't take much to turn you on.
4497,899,10,32,99,141,1.3687943262411348,0.05172931213846941,659,You've giving me mixed signals all night
1415,901,16,27,117,160,1.36875,0.05217130934592234,659,"Geez, you look like I feel."
5249,901,14,31,115,160,1.36875,0.050642006422192715,659,I thought you said you had been on a bender.
5639,903,11,27,95,133,1.368421052631579,0.054917328669666345,659,It's just that you looked taller in your profile picture
6586,903,6,37,90,133,1.368421052631579,0.04946015725256471,659,You made more sense on liquefy.
4563,903,13,30,109,152,1.368421052631579,0.05170853185063483,659,"Don't talk with your mouth full, dear."
4327,903,10,36,106,152,1.368421052631579,0.04911575245199942,659,Just keep quiet and try to blend in.
1304,907,16,28,119,163,1.3680981595092025,0.05145541776895875,659,Oh. I'm SO sorry. I'm looking for more of a mixer than a blender.
6498,907,9,42,112,163,1.3680981595092025,0.04601605680092072,659,I'm sensing you have mixed feelings about this.
1767,909,12,29,103,144,1.3680555555555556,0.0528394672799222,659,"As a college D.J., I went by 'MixMaster.'"
4988,910,10,26,89,125,1.368,0.056266646282419994,659,All I said was maybe we should go visit my mother.
1078,911,13,31,111,155,1.367741935483871,0.05098062656312006,659,"God, I should never have signed up on Grindr."
5034,911,15,27,113,155,1.367741935483871,0.05259846619333163,659,When you told me you were transitioning I never expected this.
5975,911,10,37,108,155,1.367741935483871,0.048452685612710676,659,Slow down Harold. I hate it when you try to mix business with pleasure.
802,914,12,26,98,136,1.3676470588235294,0.055038928122451515,659,"So I said to my friend Emily, yes I’d love to go to a mixer."
3325,914,11,28,97,136,1.3676470588235294,0.05404027338008891,659,My first husband was a terrible mixer.
4056,916,12,37,117,166,1.3674698795180722,0.04780098137816316,659,Wouldn't it be easier just to chew your food?
6069,917,14,26,107,147,1.3673469387755102,0.053818527887705574,659,"I mean, it literally makes my head spin. Literally."
6074,917,16,22,109,147,1.3673469387755102,0.055523057050479926,659,The toaster oven didn't behave like this when I took him out.
1561,917,11,32,104,147,1.3673469387755102,0.05115535224835309,659,"Dear, if you'd just get your damn teeth fixed, you wouldn't have to turn every dinner into a smoothie..."
3841,917,9,36,102,147,1.3673469387755102,0.04930004202251735,659,"I thought you knew when you said ""What, are you Waring?"""
3207,921,17,31,129,177,1.3672316384180792,0.04910927967548255,659,I thought blend date was just a typo...
1232,922,15,28,115,158,1.3670886075949367,0.05185771687321313,659,"I said I am in favor of world peace, not whirled peas"
1227,923,10,31,98,139,1.3669064748201438,0.052209930592511375,659,"No, I don't like pina coladas or getting caught in the rain."
2186,923,10,31,98,139,1.3669064748201438,0.052209930592511375,659,Can't you see I'm trying to process?
4801,925,17,28,124,169,1.3668639053254439,0.05079476750842494,659,"Blender/Tinder...Darn you, auto-correct!"
1476,926,11,33,106,150,1.3666666666666667,0.050426961527725585,659,"Don’t try to understand, darling, I can see I’m making your head spin."
2291,926,14,27,109,150,1.3666666666666667,0.05302202207345211,659,Your profile said you were a Vitamix.
2718,928,14,31,116,161,1.3664596273291925,0.0503785676370172,659,I didn’t say purée; I said let us pray.
2996,929,12,24,95,131,1.366412213740458,0.056525039395931155,659,You're quiet tonight.
422,929,12,24,95,131,1.366412213740458,0.056525039395931155,659,You look nothing like your profile picture.
390,931,12,28,102,142,1.3661971830985915,0.053336273679782054,659,We should have sat at the countertop.
3640,931,13,26,103,142,1.3661971830985915,0.05426461287903617,659,"So, are you free tomorrow for drinks?"
6272,933,9,38,106,153,1.3660130718954249,0.04796480082204944,659,"Yes, EVERYONE hears the buzzing in your head."
6837,933,11,34,108,153,1.3660130718954249,0.049725453662182735,659,"When you said online that you blend well with others, this is not quite what I expected."
419,935,10,29,95,134,1.3656716417910448,0.05353725591453509,659,"Can you take it down to a pulse Jeremy, people are staring"
1981,935,6,37,91,134,1.3656716417910448,0.04916659809588448,659,You seem increasingly mixed up.
4331,937,10,33,102,145,1.3655172413793104,0.0506790981265485,659,Pretty sure it was a juicer in your profile pic.
4894,937,16,21,108,145,1.3655172413793104,0.05606321102646986,659,"Don't twist my words, George."
5086,937,12,29,104,145,1.3655172413793104,0.05253514888288017,659,This isn't what I expected when I signed up for the singles mixer.
6297,937,10,33,102,145,1.3655172413793104,0.0506790981265485,659,"That's really loud. Can you set it back to ""mumble""?"
5421,941,14,29,113,156,1.3653846153846154,0.05151672936623356,659,Do you like piña coladas?
4150,941,13,31,112,156,1.3653846153846154,0.05070759724789727,659,"This isn't going to work. I can't take any more of your mixed messages."""
6843,941,9,39,108,156,1.3653846153846154,0.047332953371829536,659,"Dammit John, you know Margaritas go straight to your head."
175,941,10,37,109,156,1.3653846153846154,0.048198770324963496,659,Just this once - for me - could you just chew the meal?
2163,941,13,31,112,156,1.3653846153846154,0.05070759724789727,659,"You can’t smoothie-talk yourself out of this one, mister."
262,946,13,39,126,178,1.3651685393258426,0.04620562570872211,659,Does that work in bed too?
3692,947,10,26,90,126,1.3650793650793651,0.0558946567036794,659,Of course your pulse is irregular. It’s your best feature.
2133,948,8,34,95,137,1.364963503649635,0.0506250247509962,659,"So, you're in politics?"
4053,948,11,28,98,137,1.364963503649635,0.053711448983492366,659,Shall I assume your day was worse than mine?
5250,948,11,28,98,137,1.364963503649635,0.053711448983492366,659,"Dear, please try to eat with your lid closed."
2615,951,13,28,107,148,1.364864864864865,0.05264527492849831,659,"The ad must’ve read, ‘Single Mixers’."
4900,951,13,28,107,148,1.364864864864865,0.05264527492849831,659,You ARE a smoothie.
4916,951,10,34,104,148,1.364864864864865,0.04995737165049287,659,You always twist around everything I say
5091,951,10,34,104,148,1.364864864864865,0.04995737165049287,659,I suppose this is another one of your metaphors.
5907,951,11,32,105,148,1.364864864864865,0.0508691227129258,659,I need a man who isn’t restricted to three settings.
2824,956,14,30,115,159,1.3647798742138364,0.05080467351877496,659,Your thoughts are such an interesting blend of  ideas and vegetables.
1563,957,11,40,119,170,1.3647058823529412,0.046224770277365185,659,"From your pictures, I thought you were a newer model."
5236,958,11,29,100,140,1.3642857142857143,0.05288269152832511,659,"So, what's your spin on things?"
528,959,12,31,108,151,1.3642384105960266,0.0510234709516774,659,You're from a blended family?
3894,960,16,27,119,162,1.3641975308641976,0.05162505491998645,659,Stop grinding your teeth
788,961,14,35,124,173,1.3641618497109826,0.04782463775308154,659,'Would you blend with your lid closed please?'
177,962,10,36,108,154,1.3636363636363635,0.04859295307498625,659,Is that a no?
1319,962,10,32,101,143,1.3636363636363635,0.0511326016104156,659,"It's not you, it's me. I'm just all mixed up."
1704,962,14,28,112,154,1.3636363636363635,0.051969268225002675,659,So you say you come from a blended family?
2198,962,10,36,108,154,1.3636363636363635,0.04859295307498625,659,"Just so you know, I don't kiss on the first date."
2776,962,13,30,111,154,1.3636363636363635,0.05114608882425574,659,You don't purée like this when we are at home.
3209,962,13,30,111,154,1.3636363636363635,0.05114608882425574,659,"Bob, I'm pregnant."
4149,962,11,30,102,143,1.3636363636363635,0.05208681218589799,659,You know you tend to slur your words.
4885,962,10,28,94,132,1.3636363636363635,0.0540652779173584,659,You know there's a guy in the kitchen who'll do that for you.
5398,962,9,34,100,143,1.3636363636363635,0.05016024213667575,659,"Dear, the better choice would have been dentures."
6096,962,13,26,104,143,1.3636363636363635,0.05394462082699332,659,I must have spelled ‘Grindr’ wrong.
6197,962,13,34,118,165,1.3636363636363635,0.048701474676766505,659,"If you're trying to blend in, 
it's not working."
3949,973,14,29,114,157,1.3630573248407643,0.05124042454417003,659,Everyone lies a little bit on their dating page
2881,973,12,33,112,157,1.3630573248407643,0.04962118975609682,659,So you Juice?
6811,975,9,35,102,146,1.3630136986301369,0.04944676165051988,659,At least that horrible comb over is a thing of the past.
4050,976,15,19,101,135,1.362962962962963,0.05817132908597966,659,"I’ve tried a few dating apps, but you were my first match on Blendr."
5334,977,15,32,124,171,1.3625730994152048,0.04890281138838091,659,"You know margaritas make your head spin, dear."
608,978,10,38,112,160,1.3625,0.04732423621500229,659,Would you like me to cut up your food?
2483,978,9,40,111,160,1.3625,0.04648620205106109,659,I'm surprised--you don't mince words.
693,980,11,32,106,149,1.3624161073825503,0.050585870209866476,659,You're trying way too hard to blend in.
3386,981,15,37,133,185,1.3621621621621622,0.046225045713427206,659,"Still on a liquid diet, I take it?"
4168,982,11,41,122,174,1.3620689655172413,0.045452879197846796,659,"I'll admit, I had mixed feelings about this second date."
4355,983,12,35,116,163,1.361963190184049,0.04831641485117751,659,"Couldn't you have dressed up with the Vitamix instead of that old Oster for our anniversary dinner, Dear."
6684,983,14,31,118,163,1.361963190184049,0.04985936891045602,659,‘I’ll be honest. Processed food is not my thing.’
4337,985,10,35,107,152,1.361842105263158,0.04899596844411642,659,Is this your first time speed dating?
3136,985,16,23,113,152,1.361842105263158,0.054068800414110434,659,"No, you look better with your hat on."
610,985,12,31,109,152,1.361842105263158,0.05074329192374302,659,When your profile said you had mush for brains I thought you were just being cute.
2983,985,13,29,110,152,1.361842105263158,0.051594767670752044,659,Just how long do you plan to stick to this liquid diet?
5621,989,12,27,102,141,1.3617021276595744,0.05352479161656629,659,Your profile mentioned your last relationship didn't go smoothly...
6228,990,12,28,104,144,1.3611111111111112,0.05271486455947329,659,Have you checked your pulse lately?
2635,990,10,32,102,144,1.3611111111111112,0.05083902783564432,659,I told the waiter you didn't need a knife
4761,990,16,20,108,144,1.3611111111111112,0.0562792797930464,659,Oh! I think you have something in your teeth.
3715,993,12,33,113,158,1.360759493670886,0.049359645678359224,659,Stop going around and around. Just out with it!
6850,994,12,29,106,147,1.3605442176870748,0.051936301271262184,659,I think our relationship is ready for the next level.  Is that puree?
6844,994,8,37,102,147,1.3605442176870748,0.048214391516196664,659,"To be honest, I’m not used to this kind of speed dating."
6190,994,11,31,105,147,1.3605442176870748,0.05103127893384367,659,My girlfriends were right...you are a smoothie.
6030,994,12,29,106,147,1.3605442176870748,0.051936301271262184,659,The current administration makes my head spin too.
4012,994,12,29,106,147,1.3605442176870748,0.051936301271262184,659,And I understand you met the donor's family at Williams Sonoma?
3736,994,12,29,106,147,1.3605442176870748,0.051936301271262184,659,I believe this juicing diet has gone to your head.
2464,994,17,19,111,147,1.3605442176870748,0.05624339241472793,659,Next time tip the bartender”
1611,1001,10,29,97,136,1.3602941176470589,0.052882895783139136,659,Do you think the kids would be open to a blended family?
5952,1001,10,29,97,136,1.3602941176470589,0.052882895783139136,659,Now I get how that man mistook his wife for a hat.
4316,1003,15,28,118,161,1.360248447204969,0.051039501076255,659,I'll be honest. It's because of the way you kiss.
1783,1004,15,24,111,150,1.36,0.053745610090749234,659,I know. I know. Your goal this year is to get a head.
2698,1004,12,30,108,150,1.36,0.051187246733809776,659,Perhaps I'm expecting too much from a smart appliance.
5124,1004,11,32,107,150,1.36,0.05030555406289592,659,"Your Blendr profile said you could crush ice, but I thought you just played hockey."
5810,1004,13,28,109,150,1.36,0.05205400740385792,659,Don't talk with your container full!
6137,1004,11,32,107,150,1.36,0.05030555406289592,659,"I understand.  I grew up in a blended family, too."
1116,1009,19,21,124,164,1.3597560975609757,0.0532409135599534,659,You looked like a sippy cup in your profile picture.
482,1010,8,34,97,139,1.3597122302158273,0.050030950950679824,659,"And that's when Karen decided to deactivate all her dating apps, including BLNDR."
2575,1010,10,30,99,139,1.3597122302158273,0.05207326456196073,659,"I just can't do this any more. The way you operate, I can never tell exactly what's inside your head."
4785,1010,11,28,100,139,1.3597122302158273,0.05306495356348922,659,Should I assume you're having mixed feelings?
3339,1013,12,31,110,153,1.3594771241830066,0.05046599079357676,659,I still think the Instant Pot would have been a trendier choice.
3836,1013,10,35,108,153,1.3594771241830066,0.04873210033198207,659,Could you dial it down a notch?
3852,1013,14,27,112,153,1.3594771241830066,0.052142255904289204,659,So you’re having mixed feelings?
5517,1013,11,33,109,153,1.3594771241830066,0.04960662168271359,659,Don’t be embarrassed. I come from a blended family too.
6269,1013,13,29,111,153,1.3594771241830066,0.051310968990878336,659,"I fail to see how ""variable speeds"" can be your answer for literally every problem."
406,1018,9,28,91,128,1.359375,0.054037724455884326,659,You looked more like a food processor in you profile picture.
5024,1019,13,34,120,167,1.3592814371257484,0.04821431252888617,659,I feel like I'm getting mixed signals.
6527,1020,9,33,100,142,1.3591549295774648,0.05031272624409396,659,I have to be honest. You don't look anything like your profile picture.
4932,1020,13,25,104,142,1.3591549295774648,0.05413807260682011,659,"Mine, too. But figuratively."
6775,1020,7,37,98,142,1.3591549295774648,0.04828654243553838,659,Slow down. I can't understand a word you're saying.
1552,1020,10,31,101,142,1.3591549295774648,0.05129581408828782,659,"I understand, I’m from a blended family too."
4928,1020,14,23,105,142,1.3591549295774648,0.05505289298890997,659,"I just got out of a useless warranty, but I don't want to be single forever."
6380,1025,16,24,116,156,1.358974358974359,0.05299056359704374,659,"Okay, now  you're giving me mixed messages."
6245,1025,9,38,109,156,1.358974358974359,0.047212381096072564,659,"Oh, don't worry about the party. You'll blend right in."
2604,1025,11,34,111,156,1.358974358974359,0.04893296333391608,659,Having mixed feelings?
1761,1025,12,32,112,156,1.358974358974359,0.04977095424619833,659,"Okay, you clearly need some time to process that don’t you darling?"
1554,1025,11,34,111,156,1.358974358974359,0.04893296333391608,659,"I thought I would be attending a mixer, not attending with one."
1923,1025,11,34,111,156,1.358974358974359,0.04893296333391608,659,"Oh Dear,  I can always tell something's wrong when you puree."
6148,1031,17,27,126,170,1.3588235294117648,0.05044589369066619,659,I miss the quiet of your Darth Vader period.
3208,1032,12,23,96,131,1.3587786259541985,0.05638211871362469,659,"Oh Gilbert, when you kiss me I just turn to mush."
6868,1032,10,27,94,131,1.3587786259541985,0.05425922674020213,659,Did I say something to agitate you.
4599,1034,10,32,103,145,1.3586206896551725,0.05054858259148512,659,Today was a blur.
4828,1034,13,26,106,145,1.3586206896551725,0.053315246635904,659,"Turn it off, Fred, that’s not what liquidate means."
895,1036,12,33,114,159,1.3584905660377358,0.049100676496802345,659,It's difficult to talk to you when you puree.
2513,1036,15,27,117,159,1.3584905660377358,0.05147534283658208,659,And yet this is still the best Tinder date I've had this year.
2969,1036,15,27,117,159,1.3584905660377358,0.05147534283658208,659,"Sorry, but my soulmate will have more than twelve speeds and six designer colors."
4289,1036,13,31,115,159,1.3584905660377358,0.049904788631389335,659,Give me a second. I'm still processing that thought.
4975,1036,9,39,111,159,1.3584905660377358,0.04660517079406119,659,"I don't know if we'll hit it off, but I'm willing to give it a whirl."
3503,1041,12,29,107,148,1.3581081081081081,0.051641678388543166,659,"Well, you’re quite the smoothie, aren’t you?"
425,1041,11,31,106,148,1.3581081081081081,0.05074381029671,659,I'm no doctor but I'm pretty sure that ringing in your ears isn't tinnitus.
1215,1041,13,27,108,148,1.3581081081081081,0.05252420023325401,659,I think this whole liquid diet thing has gone to your head !
1631,1044,16,26,120,162,1.3580246913580247,0.05152180241228804,659,"So, you think you're some kind of smoothie, eh?"
3598,1044,15,28,119,162,1.3580246913580247,0.05077218616239923,659,Maybe we should have sat at the bar.
4976,1044,13,32,117,162,1.3580246913580247,0.04923872881692085,659,You could've just sent it back to the kitchen.
5951,1044,17,24,121,162,1.3580246913580247,0.05226066742697012,659,I feel like this should have been mentioned on your Tinder profile
6557,1044,10,38,114,162,1.3580246913580247,0.04684451629808652,659,"Honey, you’re all mixed up."
1245,1049,8,33,96,137,1.3576642335766422,0.050477779820647356,659,"When you said you were from a blended family, I pictured something else."
1684,1049,9,31,97,137,1.3576642335766422,0.05153007338028473,659,I suppose it does all go to the same place...
1351,1051,12,30,109,151,1.3576158940397351,0.05090299033265068,659,"I'm sorry, darling, I didn't mean to push your buttons."
4716,1052,13,34,121,168,1.3571428571428572,0.04797415356376048,659,Is this your first Meet and Mix?
4954,1052,11,38,119,168,1.3571428571428572,0.046464474723167254,659,What I have planned for you after dinner will make _your_ head spin!
2282,1052,12,31,111,154,1.3571428571428572,0.05019152810962632,659,"So, your profile says you blend well with others."
440,1052,11,28,101,140,1.3571428571428572,0.05274717039548742,659,It's so refreshing to finally meet someone who actually looks like their dating profile picture!
629,1052,13,34,121,168,1.3571428571428572,0.04797415356376048,659,Sorry if I seem distracted.  My head's going a mile a minute.
1694,1052,5,35,86,126,1.3571428571428572,0.04971574528052642,659,"When your profile said you were a good blender, I thought that meant we would get along!"
4852,1058,12,27,104,143,1.3566433566433567,0.05289379743701177,659,Are you always this turned on?
6078,1058,12,27,104,143,1.3566433566433567,0.05289379743701177,659,"For heaven's sake, Brian, it's our anniversary. Could you please stop pulverizing for five minutes and have a conversation with me?"
6337,1060,12,38,124,174,1.3563218390804597,0.04607656486558384,659,I think the meal would be more enjoyable at a slower speed.
1972,1061,11,35,114,160,1.35625,0.0480327415520527,659,I know your profile said you like to mix it up. I didn't know you meant literally
3602,1061,8,41,111,160,1.35625,0.04551148431333037,659,So Linda told me you work in a kitchen...
635,1063,13,26,107,146,1.356164383561644,0.053005758127325685,659,I'm not going out with you anymore if you insist on mincing my words.
870,1063,10,32,104,146,1.356164383561644,0.05026122223726628,659,"Well, for starters, you’re nothing like your picture."
4915,1065,11,25,96,132,1.356060606060606,0.05497731090221102,659,I just don't see the difference between pulse and chop
5037,1066,13,37,127,177,1.3559322033898304,0.0462292413700907,659,You never hear anything but your own spin.
2973,1067,13,27,109,149,1.3557046979865772,0.05222582915079039,659,Dentures would have been so much simpler.
3147,1067,11,31,107,149,1.3557046979865772,0.05045936768681448,659,"So, what's shakin'?"
4417,1067,15,23,111,149,1.3557046979865772,0.0539344664720247,659,I really wish you opted for the feeding tube.
4471,1067,13,27,109,149,1.3557046979865772,0.05222582915079039,659,This isn't the type of mixer I was expecting.
4491,1067,13,27,109,149,1.3557046979865772,0.05222582915079039,659,"Brenda warned me that you were a real smoothie, but..."
6277,1067,11,31,107,149,1.3557046979865772,0.05045936768681448,659,"I SAID, OBVIOUSLY I’M STILL PROCESSING!"
1397,1073,7,34,94,135,1.3555555555555556,0.04983850832175466,659,My friends warned me you were a smooth talker!
2026,1073,7,34,94,135,1.3555555555555556,0.04983850832175466,659,I just can't talk to you when you're set on puree.
5688,1075,18,18,116,152,1.355263157894737,0.0555462549211489,659,Do you have to carry the weight of the whirled on your shoulders?
6431,1075,9,36,107,152,1.355263157894737,0.04797021006936673,659,‘Right...and I suppose you come with lifetime warranty as well?’
1490,1075,14,26,112,152,1.355263157894737,0.05231474871202722,659,Blender?  I thought I was on Tinder.
4940,1075,9,36,107,152,1.355263157894737,0.04797021006936673,659,I only have two speeds: infatuation and undying love.
6238,1079,14,21,103,138,1.355072463768116,0.05614726205480591,659,I'm so tired of your circular reasoning.
6378,1079,13,23,102,138,1.355072463768116,0.05519717849178572,659,"Based on your online dating profile, I was expecting a gourmet food processor."
1530,1079,12,25,101,138,1.355072463768116,0.05423045261342613,659,I love the way you blend right in whenever we go out.
6224,1079,13,23,102,138,1.355072463768116,0.05519717849178572,659,"So, how long have you been doing speed dating?"
5983,1083,10,35,110,155,1.3548387096774193,0.048212224150199594,659,I could have sworn that you were a newer model in your profile picture.
1106,1084,13,35,124,172,1.3546511627906976,0.047142716392741105,659,I'll give you this: you're a smooth talker.
186,1085,10,30,101,141,1.3546099290780143,0.051457728762028254,659,It's just not the setting I was expecting.
3125,1085,12,26,103,141,1.3546099290780143,0.053390374549481354,659,"Harold, I think you're taking this 'liquid diet' thing too far."
4283,1085,11,28,102,141,1.3546099290780143,0.052432956925393674,659,I'm looking for someone whose head is screwed on tight—but not too tight.
4313,1085,12,26,103,141,1.3546099290780143,0.053390374549481354,659,How do I know you're not just some smoothie?
3389,1089,11,23,93,127,1.3543307086614174,0.056484918904357195,659,"You're moving way too fast, Mister."""
4771,1089,12,21,94,127,1.3543307086614174,0.05758064293306119,659,"I said ""dress to blend in - you're so literal."""
6366,1091,16,19,109,144,1.3541666666666667,0.05615630416329495,659,Sometimes I wonder if you have a pulse.
4384,1091,12,27,105,144,1.3541666666666667,0.05258355359596866,659,When I was invited to a 'mixer'. This is not what I expected.
2665,1091,11,29,104,144,1.3541666666666667,0.05165176678154399,659,"We're having a nice meal for once, Arthur. Try not to cram it in."
1851,1091,10,31,103,144,1.3541666666666667,0.05070285903703966,659,"Can't you set it to ""nibble""?"
3430,1091,8,35,101,144,1.3541666666666667,0.04874966379658141,659,"I just wish we could have a nice, quiet meal together."
4603,1096,11,35,115,161,1.3540372670807452,0.0477847284267985,659,"When your profile said you liked ""mixing things up,"" I guess I didn't quite understand..."
4638,1096,16,25,120,161,1.3540372670807452,0.05168731980463738,659,I worry that you are waring yourself out.
5390,1098,13,37,128,178,1.353932584269663,0.04601226352078545,659,"I know the flyer said a ""blind date mixer"" but this is not what I had in mind."
2521,1099,12,28,107,147,1.3537414965986394,0.05180798031199937,659,"You know, I'm finding your attitude a little Waring"
2787,1099,12,28,107,147,1.3537414965986394,0.05180798031199937,659,"But if your juice cleanse is ending, what happens to... us?"
6274,1099,15,22,110,147,1.3537414965986394,0.05443923864599112,659,"Darling, look at you!  Do you have to over process everything I say? You're losing face value."
2783,1102,16,26,122,164,1.353658536585366,0.0509845475992166,659,I’ve actually never been on a blend date before.
3981,1103,6,35,92,133,1.3533834586466165,0.04913873015090571,659,"When you said your head was spinning....well, I just didn’t get it...."
4767,1104,12,29,109,150,1.3533333333333333,0.051061805482376536,659,It's my first time at a mixer.
3231,1104,15,23,112,150,1.3533333333333333,0.0536261536468819,659,Worry all you want. What I asked is that you stop whirring.
2261,1104,12,29,109,150,1.3533333333333333,0.051061805482376536,659,One drink and my head's spinning
985,1107,10,39,118,167,1.3532934131736527,0.045801934537435904,659,Everyone's looking. You'd promised we'd blend in...
438,1108,13,28,112,153,1.3529411764705883,0.05119032745195421,659,You're sending mixed messages.
1595,1108,12,24,100,136,1.3529411764705883,0.05476172566183899,659,Why does every conversation have to turn into a process session with you?
2577,1108,10,34,109,153,1.3529411764705883,0.048605058261684916,659,I  sense you’re having mixed emotions Ted.
2780,1108,8,38,107,153,1.3529411764705883,0.04680227627595454,659,I met someone else at a mixer.
3770,1108,11,32,110,153,1.3529411764705883,0.04948182495247411,659,"Hmmm, she did say that you were a real smoothie..."
5620,1108,9,36,108,153,1.3529411764705883,0.04771218268551839,659,It goes in cycles. One day it’s all grate and grind and the next you’re praying for a pulse.
6625,1108,14,26,113,153,1.3529411764705883,0.052023542138572236,659,Liquidation may be your only option now.
5954,1115,14,33,126,173,1.3526011560693643,0.047625189482048205,659,What do you mean you have mixed feelings?
3126,1116,8,39,109,156,1.3525641025641026,0.046199201131996555,659,"Yes,​ you are different however, this is New York City you will blend right​ in!"""
5831,1116,11,33,112,156,1.3525641025641026,0.04881091213090623,659,You weren’t exaggerating when you said that buying a Vitamix really changed your life.
5158,1118,10,29,100,139,1.3525179856115108,0.05192901701460582,659,"Well, at least I know you have a pulse."
133,1118,10,29,100,139,1.3525179856115108,0.05192901701460582,659,"Unlike you, I only have one speed."
552,1118,10,29,100,139,1.3525179856115108,0.05192901701460582,659,I liked you better on frappe.
938,1121,11,40,125,176,1.3522727272727273,0.04492385003807234,659,So how was it growing up in a blended family?
5626,1122,14,28,117,159,1.3522012578616351,0.050582440588665914,659,I need someone who has more than just a pulse.
1252,1123,9,32,101,142,1.352112676056338,0.05016921033091317,659,So you're a mover and a shaker?
4955,1123,7,36,99,142,1.352112676056338,0.048136986024192585,659,"You say ""I'M mixed up in the head""?"
4035,1125,14,23,108,145,1.3517241379310345,0.054077986189414916,659,It's no more annoying than regular man sounds.
4559,1125,11,29,105,145,1.3517241379310345,0.05135243196250271,659,Can’t you at least unplug while we’re out on a date?
5282,1125,14,23,108,145,1.3517241379310345,0.054077986189414916,659,My ex constantly pushed my buttons.
4268,1128,12,34,119,165,1.3515151515151516,0.047716566332787654,659,"I’m sorry Oster, but I’m leaving you for a Vitamix."
4964,1129,10,32,106,148,1.3513513513513513,0.04969558449500083,659,"Oh Bob, the margarita accident is in the past, you need to let it go."
4502,1129,7,38,103,148,1.3513513513513513,0.04683871398990437,659,"Honey, you know I can't understand you when you puree"
5116,1129,11,30,107,148,1.3513513513513513,0.050612051743206404,659,"When you said I made your head spin, I thought you meant something else."
1211,1129,11,30,107,148,1.3513513513513513,0.050612051743206404,659,My ex was a hand beater.
2650,1129,8,36,104,148,1.3513513513513513,0.04780997585844713,659,I'm just having trouble processing all these emotions.
5818,1134,20,19,129,168,1.3511904761904763,0.05282163885426526,659,I liked you better as a cockroach.
3268,1135,13,20,98,131,1.3511450381679388,0.05726560806927688,659,"Interesting. I'm from a blended family, too."
3508,1136,13,27,111,151,1.3509933774834437,0.051638645535411726,659,"I think you should have gone with the feeding tube, dear."
5814,1136,12,29,110,151,1.3509933774834437,0.05077646592646386,659,Is that a Waring you're wearing?
6020,1136,11,31,109,151,1.3509933774834437,0.049899391491588285,659,I presume you don't have a problem with a blended family.
5394,1139,13,34,124,171,1.3508771929824561,0.04726702444951881,659,Why is it that you always twist my words?
1437,1140,10,27,97,134,1.3507462686567164,0.05323921437760225,659,"I'm sorry, but I think it's time to hit the 'pause button' in our relationship."
6130,1140,11,25,98,134,1.3507462686567164,0.05428291442229625,659,This is the last time I date off of QVC
4438,1142,8,38,108,154,1.3506493506493507,0.0465538192612392,659,"I’m not breaking up with you, Mitch. I just want to put us on Pulse for a while."
3416,1143,11,26,100,137,1.3503649635036497,0.05342623401769072,659,How was Margaritaville?
2054,1143,13,22,102,137,1.3503649635036497,0.055398979189373185,659,I just thought your NAME was Hamilton. I didn't realize you WERE one.
679,1143,9,30,98,137,1.3503649635036497,0.05137779741679769,659,"Well if you ask me, that new shrink is really messing with your head."
339,1146,15,25,117,157,1.3503184713375795,0.05180574184374838,659,I said yes to dinner with a mind bender; not a mindless blender.
4376,1146,14,27,116,157,1.3503184713375795,0.051011523900516775,659,It's only until my dentures are ready.
6357,1146,12,31,114,157,1.3503184713375795,0.04938478445834081,659,It's changed my life. I haven't seen a gastroenterologist in years!
151,1149,11,27,102,140,1.35,0.05260432301236183,659,You promised me you weren't going to puree in public.
3134,1149,14,28,118,160,1.35,0.0503134826948056,659,Could you just take it off puree and listen to me for a change?
3274,1149,12,32,116,160,1.35,0.04872590518890323,659,"Oh, I misunderstood, I thought it said you were a smooth operator."
5916,1149,12,25,103,140,1.35,0.05357228502227348,659,"I’m sorry, but I don’t think a blended family will work."
1398,1153,14,29,120,163,1.3496932515337423,0.049639877343251565,659,You couldn’t tell by looking at me but I really am not comfortable at mixers.
4112,1153,14,29,120,163,1.3496932515337423,0.049639877343251565,659,"Holly didn't mind, but she would've appreciated knowing Barry was transblender before the date."
5028,1153,9,39,115,163,1.3496932515337423,0.04566635098689633,659,"So you're from a blended family, then?"
4127,1156,9,32,102,143,1.3496503496503496,0.049877957289137936,659,I'm just afraid our kids will be mixed up.
5299,1156,11,28,104,143,1.3496503496503496,0.051815024228655325,659,Maybe you still need to process it?
3245,1156,12,26,105,143,1.3496503496503496,0.05275689331315552,659,Let's face it. You'll never blend in.
375,1159,11,36,119,166,1.3493975903614457,0.046700141761707406,659,You don't really look like the picture on the box
3470,1159,14,30,122,166,1.3493975903614457,0.048989399781451906,659,I don't think I'm ready for a mixed marriage.
3982,1161,10,31,105,146,1.3493150684931507,0.05012263256334676,659,You know I can’t understand you when you’re on purée.
5255,1161,8,35,103,146,1.3493150684931507,0.0482009509501747,659,What do you mean I make your head spin?
1099,1163,8,43,118,169,1.349112426035503,0.04377346284022503,659,Pulse two times if you're as hungry as I am
743,1164,9,34,106,149,1.348993288590604,0.048490897880694286,659,"Oh Honey, your pulse is racing!"
851,1164,9,34,106,149,1.348993288590604,0.048490897880694286,659,"Your Mother was a Waring, and your Father?"
1724,1164,10,32,107,149,1.348993288590604,0.04941722269455383,659,What do you mean I'm always messing with your head?
2586,1164,11,30,108,149,1.348993288590604,0.05032650018042513,659,Must you play with your food?
4711,1164,11,30,108,149,1.348993288590604,0.05032650018042513,659,"But why is it that every time we get close, you emulsify?"
5962,1164,13,26,110,149,1.348993288590604,0.052097466959006175,659,So... do you swallow?
4990,1170,8,29,92,129,1.3488372093023255,0.05237938663464953,659,"When I asked you to blend in tonight, you didn’t have to take it so literally."
3334,1170,12,36,124,172,1.3488372093023255,0.046307180201171284,659,I thought this was a BLIND date.
1081,1172,13,27,112,152,1.3486842105263157,0.05134973986630415,659,"My friends warned me you were a smoothie."""
3638,1172,12,29,111,152,1.3486842105263157,0.050494132417504015,659,"Are you breaking up with me? Pulse once for ""yes,"" twice for ""no."""
3728,1172,12,29,111,152,1.3486842105263157,0.050494132417504015,659,"Well, I came from a blended family too but I tried to not let it get to my head!"
3804,1172,16,21,115,152,1.3486842105263157,0.053835034239416386,659,"I just thought ""smoothie operator"" in your profile was a typo."
6153,1172,7,39,106,152,1.3486842105263157,0.045977880876493744,659,"I'm sorry if I made you agitated."""
6846,1172,9,35,108,152,1.3486842105263157,0.04783557547865815,659,So Reggie Matic isn’t your real name?
774,1178,12,22,98,132,1.3484848484848484,0.05586661737106431,659,"Yes, your profile DID say you are a mover and shaker, but . . ."
3538,1179,11,32,112,155,1.3483870967741935,0.04894663217832321,659,The dating site was right. You’re certainly practical and transparent.
3945,1179,11,32,112,155,1.3483870967741935,0.04894663217832321,659,Why do you always mix up everything I say?
4636,1179,10,34,111,155,1.3483870967741935,0.04808311159896675,659,You're clearly agitated. Let me check your pulse.
4494,1182,10,27,98,135,1.348148148148148,0.05290720990545556,659,I can’t help thinking you have mixed feelings about our relationship.
6838,1182,8,31,96,135,1.348148148148148,0.05077456273522056,659,I think we should take things at a low speed.
292,1182,9,29,97,135,1.348148148148148,0.05185185185185185,659,"Gee, you're a real smoothie aren't you."
3213,1185,9,37,112,158,1.3481012658227849,0.04659425248092841,659,Give me a minute—I’m trying to process what you’re saying.
6788,1185,10,35,113,158,1.3481012658227849,0.04745155444598154,659,"I’m sorry, I thought Blendr was just a regular dating app."
503,1185,12,31,115,158,1.3481012658227849,0.04912129201789022,659,"First you shred my heart to pieces, and now this?"
553,1185,10,35,113,158,1.3481012658227849,0.04745155444598154,659,You're such a gentleman. My last date chewed with his lid open.
715,1189,17,14,107,138,1.3478260869565217,0.05877210171521554,659,"Hey, Mister Smoothie, my eyes are up here."
1750,1189,10,28,100,138,1.3478260869565217,0.05209274690822775,659,"""Honestly, that head of yours is filled with mush."
2584,1189,11,26,101,138,1.3478260869565217,0.05309840678628378,659,My feelings for you are thoroughly mixed.
4925,1189,9,30,99,138,1.3478260869565217,0.05106728657024648,659,Don't chew with your lid open
5640,1189,8,32,98,138,1.3478260869565217,0.05002080801877035,659,Must you do that while we’re eating?
5980,1189,12,32,117,161,1.3478260869565217,0.04847108823633957,659,Your mother really did tell you to chew your food thirty-two thousand times?
6410,1189,8,40,113,161,1.3478260869565217,0.04515404066751763,659,I should have known you were a smoothie.
3459,1196,9,31,101,141,1.3475177304964538,0.05031392394294709,659,"What's next, thought processing?"
4487,1196,10,29,102,141,1.3475177304964538,0.05131089616378166,659,"He answered ""blender"" to online dating question ""gender?"". She assumed it was a typo."
4923,1196,8,33,100,141,1.3475177304964538,0.04929679320141368,659,I never would have guesed. What was it like growing up in a blended family?
5119,1199,18,22,127,167,1.347305389221557,0.051615656662867014,659,Try not to blow you lid Tom.  I don't want this to get messy.
2270,1199,13,32,122,167,1.347305389221557,0.047994287975501475,659,"After five margaritas, I’m amazed you even got here"
1613,1201,11,28,105,144,1.3472222222222223,0.05151119970521326,659,"It was either this, or dentures."
3683,1201,11,28,105,144,1.3472222222222223,0.05151119970521326,659,I just never imagined you'd be quite like this when they said you were a real smoothie.
4692,1201,10,30,104,144,1.3472222222222223,0.05055965385507762,659,I hope this is going smoothly
305,1201,8,34,102,144,1.3472222222222223,0.04860070373662373,659,I'm good in the kitchen.
1912,1205,12,27,108,147,1.346938775510204,0.05167320704752371,659,Gesundheit!
1946,1205,9,33,105,147,1.346938775510204,0.048893316989437274,659,"Well, as you probably guessed, I come from a blended family."
2499,1205,10,31,106,147,1.346938775510204,0.04983717895652952,659,I don’t understand you when you slur your words.
3762,1205,7,37,103,147,1.346938775510204,0.04694870100437806,659,"Well, at least I don't chew with my mouth open, Cindy."
4457,1205,11,29,107,147,1.346938775510204,0.050763494427203314,659,I just don’t think we blend well.
6259,1205,13,25,109,147,1.346938775510204,0.05256717879715258,659,But what if our first child is a coffee maker?
4644,1211,6,40,104,150,1.3466666666666667,0.04535385770417178,659,"I want you to open up, but you keep going around in circles."
5942,1211,13,26,111,150,1.3466666666666667,0.05180126078524624,659,"Vita, should I ask the waiter to bring you an extension cord.?"
5504,1211,11,30,109,150,1.3466666666666667,0.050043977676790835,659,"Well, on the plus side, I have excellent digestion."
4706,1211,9,34,107,150,1.3466666666666667,0.048222699888011124,659,"Is your pulse racing, too?"
3568,1211,13,26,111,150,1.3466666666666667,0.05180126078524624,659,"Really Claude, I’m certain that chewing each mouthful  thirty-two times would be sufficient."
2355,1211,11,30,109,150,1.3466666666666667,0.050043977676790835,659,I'm getting a mixed message.
1146,1211,11,30,109,150,1.3466666666666667,0.050043977676790835,659,When you said you came from a blended family....this is not what I expected.
948,1211,8,36,106,150,1.3466666666666667,0.04728576240134247,659,When will you stop trying to blend in?
3765,1211,13,26,111,150,1.3466666666666667,0.05180126078524624,659,You looked different in your profile picture.
477,1220,14,25,114,153,1.34640522875817,0.05189914195333722,659,"Kid, why would a starlet like you want an old juicer like me?"
16,1221,9,36,111,156,1.3461538461538463,0.0469533726385849,659,So you want a blended family.
968,1221,13,28,115,156,1.3461538461538463,0.0503534621043378,659,"Harold, what are you Waring?"
2109,1221,13,28,115,156,1.3461538461538463,0.0503534621043378,659,"When I read your profile, I assumed you meant to say you were from a ""blended"" family."
3062,1221,8,38,110,156,1.3461538461538463,0.04606415326692786,659,To be honest your profile picture was a bit deceiving.
5203,1221,13,28,115,156,1.3461538461538463,0.0503534621043378,659,I confess I'm shaken-- but not stirred.
6493,1221,9,27,94,130,1.3461538461538463,0.05317755102858302,659,I won't mince words. We're over.
3695,1227,4,56,125,185,1.345945945945946,0.03827181046778892,659,I'm glad to see the algorithm matched me with someone who could help in the kitchen!
6040,1228,10,35,114,159,1.3459119496855345,0.047202971121912136,659,Please keep your voice down.  I'm trying to blend in.
4538,1228,14,27,118,159,1.3459119496855345,0.05046351619076997,659,"When they advertised this dinner as a mixer, I guess I didn’t consider all the possibilities."
969,1228,11,33,115,159,1.3459119496855345,0.048038859048025684,659,Interesting! I’m also from a blended family!
4814,1231,9,28,96,133,1.3458646616541354,0.052337819003208684,659,"Dear, try to focus, I understand it is a lot to process."
5109,1231,11,24,98,133,1.3458646616541354,0.05447099807345302,659,"Spare me the chop, dice and purée treatment and tell me the truth....do I look fat in this outfit?"
1671,1233,12,32,118,162,1.345679012345679,0.04821878070993128,659,"Before surgery, I was hideous Nancy. People would stare. All my life I just wanted to blend in."
3006,1233,11,34,117,162,1.345679012345679,0.04741697562108865,659,"Yes, I come from a blended family also."
1213,1235,9,29,98,136,1.3455882352941178,0.05153279776183432,659,"When you say ""We are a good Mix"", it kind of scares me."
2160,1235,6,35,95,136,1.3455882352941178,0.04825797197915803,659,"So, Oster, tell me about your family. Where did you say your parents were from?"
3421,1235,11,25,100,136,1.3455882352941178,0.05360498268733414,659,Perhaps you’re trying a little too hard to blend in
6909,1235,8,31,97,136,1.3455882352941178,0.05046480737393613,659,This explains why you didn't ask for utensils.
6874,1239,11,26,102,139,1.3453237410071943,0.05277437867867285,659,You mix up everything I say.
5359,1240,11,27,104,142,1.3450704225352113,0.051976972771799246,659,"I guess when my girlfriend warned me that you were a real smoothie, I should have listened a little more carefully."
5077,1240,8,33,101,142,1.3450704225352113,0.049009543314738425,659,That would explain the vertigo.
4033,1240,14,21,107,142,1.3450704225352113,0.05478390330308255,659,"I am not sure speaking blend, mix, purée, and chop makes you multilingual"
1556,1240,10,29,103,142,1.3450704225352113,0.051007014984738266,659,I can’t understand you when you’re on purée.
1121,1240,9,31,102,142,1.3450704225352113,0.050018251236786236,659,Guess how I like my martinis.
2626,1240,6,37,99,142,1.3450704225352113,0.04692712535607875,659,"Suddenly, I'm craving a Margarita."
876,1246,16,27,128,171,1.345029239766082,0.049296137922732325,659,"Purée if you must, but no masticating with your lid open"
1278,1247,12,36,126,174,1.3448275862068966,0.04586059275777719,659,"Yes, I think you and I should give it a whirl."
4292,1247,10,30,105,145,1.3448275862068966,0.050266826679700866,659,I don’t think I should get mixed up in this.
293,1249,10,31,107,148,1.3445945945945945,0.0495547724937871,659,Can you please not puree with your lid open?
989,1249,8,35,105,148,1.3445945945945945,0.04766359355101678,659,"Yes, Carl...I’ve met someone. He’s an Immersion Blender, Carl.  I’m sorry"
3680,1249,10,31,107,148,1.3445945945945945,0.0495547724937871,659,"Barry, you’re sending me mixed messages again."
4298,1249,15,21,112,148,1.3445945945945945,0.05399369216581852,659,"No, I don't want to see what's in your pants."""
5659,1249,10,31,107,148,1.3445945945945945,0.0495547724937871,659,"OK, I'm getting the sense that you have mixed feelings about us."
6786,1249,9,33,106,148,1.3445945945945945,0.04861837938016613,659,"I know your profile said you are a man who likes to ""mix it up"", but I assumed you were speaking figuratively."
3057,1255,12,29,113,154,1.344155844155844,0.04993831194148001,659,"If I'm being honest, you look nothing like your profile picture."
5348,1255,11,31,112,154,1.344155844155844,0.04908108150541256,659,"""A blend of mixed, crushed, and frapped. How do you expect me to feel?"""
455,1255,10,33,111,154,1.344155844155844,0.04820861047486576,659,"Ralph, you try too hard to blend in."
5865,1258,9,25,91,125,1.344,0.05460001181613957,659,I don’t care if your last date enjoyed it. I’m not letting you do that.
2435,1258,8,27,90,125,1.344,0.05340532775162104,659,I thought your profile pic meant you liked to eat healthy.
3423,1260,12,31,117,160,1.34375,0.04860221916278278,659,Dad was a lawnmower and mom was a whisk.
4819,1261,13,30,120,163,1.343558282208589,0.048752030118442334,659,You are always mixing up what I'm trying to say.
6342,1261,17,22,124,163,1.343558282208589,0.051766030259478374,659,Sorry.  The last  girl I went on a date with really messed with my head.
688,1263,12,22,100,134,1.3432835820895523,0.05515149620457676,659,"Harold, I don’t like when you get juiced up."
3435,1263,6,34,94,134,1.3432835820895523,0.0486658240431533,659,You get agitated over the silliness things.
40,1265,9,29,99,137,1.3430656934306568,0.05121742040035477,659,"What a coincidence. My name is Brenda too!"""
6418,1265,11,25,101,137,1.3430656934306568,0.05327202423766368,659,Thank you for not chewing with your lid open.
2970,1267,10,28,102,140,1.3428571428571427,0.0514651006502089,659,"What do you mean by ""mixed feelings""?"
843,1267,12,24,104,140,1.3428571428571427,0.053424773567828515,659,"I, too, just want to blend in.  But I don't let it go to my head."
2413,1267,13,34,128,175,1.3428571428571427,0.04635430462846523,659,This is the last time on go on a blind date with someone from the Rotary club.
2925,1270,15,31,132,178,1.3426966292134832,0.047168107545133134,659,I prefer stirred.
568,1270,12,37,129,178,1.3426966292134832,0.045104217687294036,659,I guess I have mixed emotions.
1609,1272,9,31,103,143,1.3426573426573427,0.049725826744801964,659,Frappe? On a first date?
3031,1272,7,35,101,143,1.3426573426573427,0.047704001226050126,659,Shall we send back our dishes and request the fruit platter and a bucket of ice?
3068,1272,13,23,107,143,1.3426573426573427,0.05354091958877997,659,"Sorry babe... you just turn me on."""
3329,1272,11,27,105,143,1.3426573426573427,0.05166859740628859,659,"This isn’t working out, your head’s just not in the right place."
6537,1272,13,23,107,143,1.3426573426573427,0.05354091958877997,659,Is that yes or no?
2312,1277,14,22,110,146,1.3424657534246576,0.05362473586937586,659,When will your new teeth be ready?
4087,1277,8,34,104,146,1.3424657534246576,0.04804968708871018,659,I'm afraid you have me mixed up with someone else.
4373,1277,13,24,109,146,1.3424657534246576,0.05273650524798515,659,"I know we’re at the table but trust me, you don’t want me to take my hat off."
5106,1277,7,36,103,146,1.3424657534246576,0.047056339828267575,659,I’ve been getting a lot of mixed messages...
237,1281,11,29,109,149,1.342281879194631,0.05018721713804252,659,"You think this is cool, you should see my showerhead."
2220,1281,11,29,109,149,1.342281879194631,0.05018721713804252,659,When did you first realize you were mixed up?
4587,1283,12,28,112,152,1.3421052631578947,0.0503605535819841,659,"Oh honey, you look great! No one will notice that your tie is a clip-on."
4377,1283,12,28,112,152,1.3421052631578947,0.0503605535819841,659,I'm not superficial. You just look very different from your profile picture.
50,1283,11,30,111,152,1.3421052631578947,0.049487846804475294,659,You're going too fast for me.
415,1286,11,31,113,155,1.3419354838709678,0.04881392529467828,659,I thought you said you had a 'blend' of sophistication and humor.
6044,1286,11,31,113,155,1.3419354838709678,0.04881392529467828,659,"Honestly, I had no idea that this is what you meant when you said we were going to get juiced tonight!"
763,1288,11,32,115,158,1.3417721518987342,0.048164028018801555,659,Don't you think you are taking the liquid diet concept a bit too seriously?
1333,1289,13,29,119,161,1.3416149068322982,0.04914295762696268,659,"I thought your profile read head of compliance, but I see now your head of appliance."
559,1290,10,36,118,164,1.3414634146341464,0.04612714959911842,659,my friend told me when she arranged this date that you were a good mixer
3706,1291,13,31,123,167,1.341317365269461,0.04787712964777685,659,You might have better luck on Grindr.
532,1292,7,30,92,129,1.3410852713178294,0.05102643622357204,659,"I know your profile said that you were a ""real smoothie"", but..."
1661,1292,8,28,93,129,1.3410852713178294,0.05219982015951795,659,So you're a vegan?
3220,1294,12,21,99,132,1.3409090909090908,0.0557056237970357,659,"Whirr, whirr is your response to everything.  It's like you're not even listening."
5808,1294,9,27,96,132,1.3409090909090908,0.05249890722296105,659,"Dear, it's so much more than a diet. It's a lifestyle."
5870,1296,12,22,101,135,1.3407407407407408,0.054800470236977025,659,"Don’t turn around, but Insant Pot just walked in."
6829,1296,13,20,102,135,1.3407407407407408,0.055800088330641096,659,The worst part is I lost both my hands in a flossing accident.
640,1296,6,34,95,135,1.3407407407407408,0.04837087575300394,659,Would you mind closing your lid when you juice?
3959,1296,8,30,97,135,1.3407407407407408,0.050604923279653644,659,"I often have mixed emotions, too. Like now, for example."
1138,1300,11,25,102,138,1.3405797101449275,0.05294298413970918,659,"They told me you were Mr. Smoothie, but I had no idea!"
4823,1300,11,25,102,138,1.3405797101449275,0.05294298413970918,659,Let me push your buttons.
4855,1300,10,27,101,138,1.3405797101449275,0.05193431473332927,659,Your mind seems to be someplace else.
5063,1300,11,25,102,138,1.3405797101449275,0.05294298413970918,659,"So, when you said I really make your head spin, that's not a good thing?"
97,1304,11,26,104,141,1.3404255319148937,0.0521374802071875,659,My friends said you were a smoothie but this is ridiculous!
2773,1304,9,30,102,141,1.3404255319148937,0.05015658079621688,659,I won't settle for just a pulse.
3779,1304,10,28,103,141,1.3404255319148937,0.0511566195106865,659,You really are an old smoothie!
2401,1307,16,17,111,144,1.3402777777777777,0.05589144285371467,659,You're such an extremist. New dentures would have been perfectly fine.
3404,1307,7,35,102,144,1.3402777777777777,0.04743129252027798,659,You push my buttons too.
5914,1307,11,27,106,144,1.3402777777777777,0.05136368268187715,659,"Don't worry, you'll blend in"" you said."
272,1310,11,28,108,147,1.3401360544217686,0.05061967934832239,659,I shouldn't HAVE to ask for a knife and fork Susan.
4656,1310,11,28,108,147,1.3401360544217686,0.05061967934832239,659,"Take off your lid, for God's sake, Jack...people are starting to stare!"
5454,1310,11,28,108,147,1.3401360544217686,0.05061967934832239,659,"I’m from a blended family, too."
132,1313,11,29,110,150,1.34,0.04990371041514956,659,All that just to avoid a straw.
3488,1314,12,28,113,153,1.3398692810457515,0.05008025782006232,659,"You can pulse, you can puree, but can you really listen?"
248,1314,10,32,111,153,1.3398692810457515,0.0483325314804936,659,It said ‘blind’ date not ‘blend’ date.
6560,1316,10,33,113,156,1.3397435897435896,0.047690061937395584,659,I think I will have a drink after all.
1294,1317,13,28,118,159,1.3396226415094339,0.049542279314078876,659,Well your online ad did say you were a great mixer.
3190,1317,13,28,118,159,1.3396226415094339,0.049542279314078876,659,I 'm flattered my new sleeveless dress turn's you on
3688,1317,11,32,116,159,1.3396226415094339,0.047908396423113474,659,You know I can't hear you when your on Puree!
4326,1320,11,33,118,162,1.3395061728395061,0.047289527196614875,659,"I knew Sir Mix-a-Lot. I rapped with Sir Mix-a-Lot. You sir, are no Sir Mix-a-Lot."
6478,1320,14,27,121,162,1.3395061728395061,0.04966229043030492,659,"Darling, I think I know the source of your frequent headaches."
1093,1322,13,30,122,165,1.3393939393939394,0.048248685744287124,659,"I don't want to be noticed, I just want to blend in."
2848,1323,13,31,124,168,1.3392857142857142,0.0476346388790053,659,"When you said you were a Ninja, this is not what I expected."
5009,1324,9,41,124,174,1.339080459770115,0.043512882780024555,659,What are you whirring about this time?
6500,1324,17,25,132,174,1.339080459770115,0.04924324433128251,659,Could you chew more softly dear?
2767,1326,10,21,90,121,1.3388429752066116,0.05695887914086869,659,"You seem to have quite a bit of energy this evening."""
4378,1327,11,20,93,124,1.3387096774193548,0.05712664483626097,659,Well just don't let them ostracize you.
4218,1328,9,26,95,130,1.3384615384615384,0.05300042883440123,659,I wouldn't date just anyone with a pulse
4981,1329,9,27,97,133,1.3383458646616542,0.05216569510127361,659,"Tim, please. Every time I bring up wanting kids, you go straight to frappé."
921,1329,8,29,96,133,1.3383458646616542,0.0510621051156951,659,"Well, it would simplify the Wedding registry"
223,1331,10,26,100,136,1.338235294117647,0.05241508147825307,659,You're such a smoothie
5361,1331,8,30,98,136,1.338235294117647,0.05029389468538534,659,I can see the ideas whirling in your head.
6501,1331,8,30,98,136,1.338235294117647,0.05029389468538534,659,"You know, Harold, there are more subtle ways to tune me out during dinner."
4078,1334,6,35,98,139,1.3381294964028776,0.04740580861775263,659,"OK, OK, so you're really processing my ideas now."""
1274,1335,9,30,103,142,1.3380281690140845,0.04985978135521382,659,You're Waring me out.
1442,1335,11,26,105,142,1.3380281690140845,0.0518244926509061,659,"So, do you like to relax on the counter or in the cupboard?"
1493,1335,9,30,103,142,1.3380281690140845,0.04985978135521382,659,"Your profile said you were ""Mr. Smooth,"" not ""Mr. Smoothie."""
1807,1335,11,26,105,142,1.3380281690140845,0.0518244926509061,659,I do not appreciate your mixed messages.
2409,1335,12,24,106,142,1.3380281690140845,0.052779429320435695,659,"Honey, that's not what I meant when I said, ""Try to blend in."""
2759,1340,11,27,107,145,1.3379310344827586,0.051062175359175115,659,"So, are Thursdays always mixer nights?"
3785,1340,10,29,106,145,1.3379310344827586,0.05011546978526813,659,"Well then Walter, why don’t YOU explain what’s wrong in our relationship?"
3980,1340,12,25,108,145,1.3379310344827586,0.05199164541562593,659,In your profile picture you were a vita-mix....
5816,1343,11,28,109,148,1.337837837837838,0.05032899124026018,659,"Whenever I try to talk about my food issues, people say it's all in my head."
3724,1343,10,30,108,148,1.337837837837838,0.04940727371455494,659,Is it my imagination or are you sending me mixed messages?
1856,1343,10,30,108,148,1.337837837837838,0.04940727371455494,659,Having trouble blending in?
809,1346,8,35,108,151,1.3377483443708609,0.04687818719093601,659,"I know, my head is spinning, too."
1348,1346,8,35,108,151,1.3377483443708609,0.04687818719093601,659,"Look, Karen. It’s over. I don’t mince words."
5163,1346,10,31,110,151,1.3377483443708609,0.04872540277729411,659,Can you please chew with your lid closed?
6523,1346,10,31,110,151,1.3377483443708609,0.04872540277729411,659,I get it. I get it. You just want to blend in.
1509,1350,5,42,107,154,1.3376623376623376,0.04342987348128073,659,My last boyfriend was an Oster.
1698,1350,12,28,114,154,1.3376623376623376,0.04980292135372534,659,"Thank you, I'd love a Mojito."
3407,1350,15,22,117,154,1.3376623376623376,0.05229701988484807,659,"I've met someone, his name is Oster."
4201,1350,13,26,115,154,1.3376623376623376,0.05064793592229565,659,You can't even process why I'm breaking up with you!
1251,1354,10,33,114,157,1.3375796178343948,0.04743471589843826,659,'I'm leaving you for a Magic Bullet'.
5278,1354,12,29,116,157,1.3375796178343948,0.04912607156105366,659,I get it. You’re a smoothie operator.
4993,1356,11,32,117,160,1.3375,0.04765532367127345,659,"I was looking to stir up the conversation, not puree it."
2370,1357,14,27,122,163,1.3374233128834356,0.049400602404890095,659,"Can you chew a little more quietly,
 please?"
4489,1357,6,43,114,163,1.3374233128834356,0.042831024055637386,659,"Oh honey, I know you are mixed up but just pause for a minute.."
5820,1359,8,40,118,166,1.3373493975903614,0.044033755901749815,659,"No, I don't find your voice grating at all."
1024,1359,14,28,124,166,1.3373493975903614,0.04875538698012344,659,So . . . what's your crazy?
5891,1361,11,35,123,169,1.3372781065088757,0.045884112574348566,659,You just seem too mixed up for me.
4243,1362,8,26,91,125,1.336,0.053211689232420936,659,"I don't fool around on the first date.  But you're saying if we act now, I get the Salad Spinner AND  the Grab-it?"
1216,1363,6,31,91,128,1.3359375,0.04994749180635663,659,I’m beginning to think you might be a little mixed up.
1970,1363,5,33,90,128,1.3359375,0.048700312541944436,659,"Honey, can you at least turn it down from 'puree' to 'stir'"
6249,1363,10,23,95,128,1.3359375,0.054652336839315765,659,How can you say that I push your buttons?
6614,1363,8,27,93,128,1.3359375,0.05235279295197198,659,"If I'm completely honest, I hate seeing you chew your food."
3738,1367,10,26,101,137,1.3357664233576643,0.05208962396417183,659,'Don't feel bad. Everyone does it. I used a picture from college on my profile.'
4026,1367,11,24,102,137,1.3357664233576643,0.05310999088386854,659,So - if I let you spend the night will you make me a smoothie in the morning ?
4987,1369,8,31,101,140,1.3357142857142856,0.049260423676337574,659,Do you ever unplug?
5142,1369,10,27,103,140,1.3357142857142856,0.05130437785033452,659,I was expecting a totally different type of mixer.
5981,1369,9,29,102,140,1.3357142857142856,0.05029278540398302,659,Is it soup yet?
6027,1369,11,25,104,140,1.3357142857142856,0.052296406277379165,659,You looked more like a Vitamix online.
714,1373,12,24,107,143,1.3356643356643356,0.05246232432573511,659,"You're mixing your metaphors again, Bob."
4105,1373,10,28,105,143,1.3356643356643356,0.05055006786523187,659,You took me too seriously when I said we should shake things up a bit.
6255,1373,9,30,104,143,1.3356643356643356,0.04956628193580806,659,I'm sorry that was a typo. It was 'blind date.'
5148,1376,10,29,107,146,1.3356164383561644,0.0498248204336886,659,So what doesn’t make your head spin?
4172,1376,11,27,108,146,1.3356164383561644,0.05076402311222854,659,What on earth are you Waring?
2980,1376,10,29,107,146,1.3356164383561644,0.0498248204336886,659,You could have worn a tie.
2823,1376,11,27,108,146,1.3356164383561644,0.05076402311222854,659,It's starting to sound like you think EVERY meal should be paired with a thick and creamy beverage....
2529,1376,12,25,109,146,1.3356164383561644,0.051686162111617785,659,I meant a different kind of “blend in”.
746,1381,12,26,111,149,1.3355704697986577,0.05093960090020773,659,"You upped your Adderall again, didn’t you?"
1129,1381,12,26,111,149,1.3355704697986577,0.05093960090020773,659,"You do make an incredible frozen daquiri, Hamilton, but I'm just not comfortable with a blended family."
2711,1381,12,26,111,149,1.3355704697986577,0.05093960090020773,659,Just tell me. Stop mincing your words!
3024,1381,8,34,107,149,1.3355704697986577,0.04724472514052362,659,Why do you always try to smooth over everything?
4480,1381,10,30,109,149,1.3355704697986577,0.04912691214332562,659,"No, that’s not what I said.  You’re always mixing it up."
4607,1381,10,30,109,149,1.3355704697986577,0.04912691214332562,659,"I know that your head is spinning, maybe you'll feel better if you eat something."
256,1387,11,29,112,152,1.3355263157894737,0.04934573589524132,659,Are you identify as a trans~blender?
5035,1387,12,27,113,152,1.3355263157894737,0.05022091224563313,659,Are you sure you want a blended family?
5765,1387,9,33,110,152,1.3355263157894737,0.04754708087318879,659,I thought you were grinding just your teeth.
6667,1387,12,27,113,152,1.3355263157894737,0.05022091224563313,659,This isn’t quite what I pictured when Carol said you came from a blended family.
6563,1391,12,28,115,155,1.335483870967742,0.04952850110648353,659,I get a little stir crazy too.
4664,1391,8,36,111,155,1.335483870967742,0.04602090502814394,659,That’s not what I meant when I said I wanted to mix things up.
4546,1391,12,28,115,155,1.335483870967742,0.04952850110648353,659,"My last serious relationship was with Mr. Coffee, but he just didn’t blend in with my  friends ."
3199,1391,13,26,116,155,1.335483870967742,0.050367247318235636,659,I had no idea you were from a blended family.
2540,1391,12,28,115,155,1.335483870967742,0.04952850110648353,659,"Well, Mary did say you made a great daiquiri."
600,1391,12,28,115,155,1.335483870967742,0.04952850110648353,659,Are you working on the soup or dessert?
1123,1397,10,33,115,158,1.3354430379746836,0.0471819411589724,659,"Where I’m from, men chew their steaks."
2333,1398,9,36,116,161,1.3354037267080745,0.045737656057019536,659,I guess I didn't know what the dating site meant by 'foodie'.
5689,1398,11,32,118,161,1.3354037267080745,0.047404774914514745,659,"Normally I won't go on blind dates, but you were so highly reviewed."
1340,1400,12,31,121,164,1.3353658536585367,0.04759472706739634,659,"I didn't want to tell you like this, but I've been cheating on you with a cappuccino machine."
502,1401,13,30,124,167,1.3353293413173652,0.04775516101065646,659,Nonsense! Don't worry about how you look.  You blend in very well.
581,1401,6,44,117,167,1.3353293413173652,0.04213717283948556,659,No one can say you don't mince your  words .
2685,1403,14,29,127,170,1.3352941176470587,0.047889039318118595,659,"I thought you were just being clever with your photo when you described yourself as a ""smoothie""."
5501,1404,11,36,126,173,1.3352601156069364,0.045111515607382746,659,"Jeez, Howard, you never turn it off!"
3951,1405,9,30,105,144,1.3333333333333333,0.04927603299909022,659,"As long as I don't drop the fork inside, it's quite convenient"
4123,1405,8,27,94,129,1.3333333333333333,0.0520106081407738,659,"So, what is working at Fox News really like?"
4167,1405,10,22,94,126,1.3333333333333333,0.05520524474738834,659,So your Tinder profile mentioned that you're on a juice cleanse?
4403,1405,10,25,100,135,1.3333333333333333,0.05257335815637598,659,"Oh, you smoothy you."
4747,1405,10,26,102,138,1.3333333333333333,0.05176799439992394,659,Am I chewing too loud?
4765,1405,7,35,105,147,1.3333333333333333,0.04663030919937774,659,"You come across as so smooth, Mr. Oster, but inside you're really mixed up."
4872,1405,10,36,122,168,1.3333333333333333,0.04520544196943266,659,It was cheaper than dental insurance.
4971,1405,10,32,114,156,1.3333333333333333,0.04754809791842705,659,"That's not what I meant when I said, ""Just try to blend in""."
5143,1405,12,26,112,150,1.3333333333333333,0.05064829526817226,659,I told you it would make your head spin.
5462,1405,10,28,106,144,1.3333333333333333,0.050251890762960605,659,Why must you always twist everything I say?
5241,1405,11,23,101,135,1.3333333333333333,0.0536145158268927,659,I’m feeling a lot of mixed emotions
5327,1405,9,30,105,144,1.3333333333333333,0.04927603299909022,659,Truth time: I really have only 23 settings.
5385,1405,7,36,107,150,1.3333333333333333,0.04601980574173563,659,I usually avoid coming to these types of mixers.
3944,1405,7,36,107,150,1.3333333333333333,0.04601980574173563,659,"If you're not going to use silverware, could you at least set that to low?"
5716,1405,10,25,100,135,1.3333333333333333,0.05257335815637598,659,I didn't know blending in was so important to you.
6093,1405,12,26,112,150,1.3333333333333333,0.05064829526817226,659,"James, I thought you'd be stirred, not shaken."
6336,1405,12,35,130,177,1.3333333333333333,0.045089270201230526,659,I still can’t believe that I met you at a mixer.
6737,1405,11,26,107,144,1.3333333333333333,0.05120915564991892,659,I get names and faces mixed up sometimes too!
5155,1405,8,36,112,156,1.3333333333333333,0.045775491737203015,659,"Why couldn't you have worn that nice Vitamix I got you?"""
3448,1405,15,19,113,147,1.3333333333333333,0.054036001119198276,659,What do you mean you're having impuree thoughts?
353,1405,14,24,118,156,1.3333333333333333,0.050908482195165625,659,"Okay, when I said 'try to blend in...'"
3315,1405,10,29,108,147,1.3333333333333333,0.04953735576689809,659,Sheila said you were a real smoothie.
3445,1405,10,30,110,150,1.3333333333333333,0.04884955369648744,659,"Your profile did say you were raised in a blended family, but I wasn’t expecting this."
407,1405,13,32,129,174,1.3333333333333333,0.04634923408702686,659,Are you going to eat that?
604,1405,8,30,100,138,1.3333333333333333,0.0496825140124427,659,You're sending me mixed signals.
860,1405,14,29,128,171,1.3333333333333333,0.04764852397446646,659,This isn’t what I expected at a mixer
1066,1405,13,22,109,144,1.3333333333333333,0.05307191174837982,659,Do I blend in?
1148,1405,9,28,101,138,1.3333333333333333,0.05073597068543737,659,"Try ""Pulse."""
1390,1405,12,29,118,159,1.3333333333333333,0.04859843322268975,659,Right. Purée. That's your answer for everything.
1472,1405,10,25,100,135,1.3333333333333333,0.05257335815637598,659,Now I really do feel ostracized.
264,1405,9,31,107,147,1.3333333333333333,0.04858766979657162,659,Your ad promised 'a blend of attractive qualities' but perhaps you could have been more specific.
1802,1405,7,35,105,147,1.3333333333333333,0.04663030919937774,659,"Can we talk about just ""unplugging"" for a bit?"
1667,1405,11,29,113,153,1.3333333333333333,0.049071180301212554,659,"No, I don't juice."
2427,1405,11,27,109,147,1.3333333333333333,0.05046917451763784,659,I know!  It makes my head spin !
2217,1405,11,25,105,141,1.3333333333333333,0.051978745039030036,659,"I'm flattered you ask, but no, I don't think I want to give it a whirl."
3296,1405,9,29,103,141,1.3333333333333333,0.04999155619347184,659,Why are you sending me mixed signals?
2024,1405,12,27,114,153,1.3333333333333333,0.049939764198077816,659,I am leaving you Phil.  You were the one that wanted to mix things up so please stop trying to spin this into something else.
1920,1405,12,31,122,165,1.3333333333333333,0.04734903916896513,659,We  need to talk. Can you slow down to puree for a minute?
1918,1405,9,28,101,138,1.3333333333333333,0.05073597068543737,659,"It's funny. I came from a blended family, too."
2058,1405,16,30,140,186,1.3333333333333333,0.046164525574146235,659,I knew making a dating profile on Blendr was a bad idea...
4411,1445,16,26,133,175,1.3314285714285714,0.04821174657304731,659,"Common mistake, I get his mail all the time. But I'm Edward Blenderface."
4601,1445,11,36,128,175,1.3314285714285714,0.044676227265345377,659,You thought I was kidding when I said that seeing food always turns me on.
6424,1447,6,42,115,163,1.3312883435582823,0.042684314122571974,659,"Could you slow down, dear? This isn't fast food."
6265,1447,14,26,123,163,1.3312883435582823,0.04927345703749475,659,This is not what I was expecting when I signed up for the company mixer.
6639,1447,12,30,121,163,1.3312883435582823,0.047711558812807406,659,I was hoping you’d try solid food this evening.
1365,1447,12,30,121,163,1.3312883435582823,0.047711558812807406,659,"So, your digestion has been better since the transplant?"
681,1447,13,28,122,163,1.3312883435582823,0.0484987959271868,659,"I know you’re supposed to chew your food 32 times before swallowing, but this is ridiculous."
1417,1447,13,28,122,163,1.3312883435582823,0.0484987959271868,659,"Yes, Nancy did mention you were from a blended family"
4322,1453,13,27,120,160,1.33125,0.04914510906777011,659,My late husband was an old smoothie.
4699,1453,14,25,121,160,1.33125,0.04993854320546683,659,I think the dating site misunderstood my desire to blend with someone.
1883,1453,14,25,121,160,1.33125,0.04993854320546683,659,I know on your profile you said you blend in well with others but....
729,1456,13,26,118,157,1.3312101910828025,0.04981472699214466,659,You're an idiot.  It's on backwards.
1015,1456,11,30,116,157,1.3312101910828025,0.04814756889652573,659,I think dental implants would have been more aesthetically pleasing.
5204,1456,12,28,117,157,1.3312101910828025,0.04898824050702167,659,This conversation just keeps going in circles!
5637,1456,9,34,114,157,1.3312101910828025,0.04642057470550615,659,I’m getting mixed messages.
6176,1456,11,30,116,157,1.3312101910828025,0.04814756889652573,659,You are related to Edward Scissorhands?
5516,1456,13,26,118,157,1.3312101910828025,0.04981472699214466,659,And they said you can’t find love on Grindr.
4210,1462,16,19,119,154,1.3311688311688312,0.05296985480251392,659,Are you having mixed feelings about our relationship?
1468,1463,9,32,110,151,1.3311258278145695,0.0476575850543528,659,Were you as surprised as I was by your DNA results?
2769,1463,7,36,108,151,1.3311258278145695,0.045767291505088736,659,That’s a stirring story. But you’ve whipped yourself up into purée.
2774,1463,11,28,112,151,1.3311258278145695,0.049475709744418776,659,"Good God, I can't wait to get you into bed and set you at puree."
6243,1466,11,27,110,148,1.3310810810810811,0.050177579043222675,659,It was so much easier talking to you when your eyes just glazed over.
5872,1467,11,26,108,145,1.3310344827586207,0.05090669514431852,659,I guess your dental plan wouldn't cover the implants.
500,1467,9,30,106,145,1.3310344827586207,0.048988985795692164,659,"I know I said in my profile I wanted to mix things up, but I didn't think anyone would take it literally."
3527,1469,9,29,104,142,1.3309859154929577,0.04969372883209497,659,So when you shared in your profile that you were a little mixed up you weren't speaking metaphorically?
490,1469,12,23,107,142,1.3309859154929577,0.05262259066065568,659,I sense you're having mixed emotions about our relationship.
1616,1471,11,24,104,139,1.330935251798561,0.05245360214834921,659,I totally thought you meant something else by blended family.
2987,1471,7,32,100,139,1.330935251798561,0.048314829194731256,659,Where do you get your energy?
3843,1473,10,25,101,136,1.3308823529411764,0.052242883263882905,659,I don't want to get mixed up in this.
2565,1473,11,23,102,136,1.3308823529411764,0.053275241093751376,659,It's so embarrassing.  I wish you had worn your other jacket.
2406,1473,11,23,102,136,1.3308823529411764,0.053275241093751376,659,Most people would have gone with false teeth.
238,1473,11,23,102,136,1.3308823529411764,0.053275241093751376,659,"That's funny, I grew up in a blended family too"
72,1477,6,32,95,133,1.330827067669173,0.04858654281797334,659,A penny for what's going around in that head of yours.
299,1477,9,26,98,133,1.330827067669173,0.05198476356261508,659,In your profile you looked more like a Vitamix...
2678,1477,15,14,104,133,1.330827067669173,0.05818885324508007,659,"I’m sorry Dorothy, but the Mueller report just makes my head spin."
3623,1477,6,32,95,133,1.330827067669173,0.04858654281797334,659,"No, to be frank Frank, you don’t blend in like you think."
2264,1481,17,28,143,188,1.3297872340425532,0.04635821222063678,659,"Frankly, I preferred your dentures."
2297,1482,11,34,125,170,1.3294117647058823,0.04552854743205527,659,I hardly know what to say.  My head is spinning.  Not like yours though.
2404,1483,12,31,124,167,1.3293413173652695,0.046864852404693666,659,I must admit I wasn’t sure what to expect when I got the email about the faculty mixer.
1835,1484,15,24,125,164,1.329268292682927,0.04977110264805278,659,"I thought I'd give Tinder a try, but in reality, I'm more of a Grindr kind of guy."
5691,1484,8,38,118,164,1.329268292682927,0.04419780271905327,659,I think it really only makes it harder for you to blend in.
1070,1486,11,31,119,161,1.329192546583851,0.04726724398238232,659,I think you're trying too hard to blend in.
2877,1486,11,31,119,161,1.329192546583851,0.04726724398238232,659,So try chewing slowly and savoring for once.
5010,1486,6,41,114,161,1.329192546583851,0.04296502759135717,659,Do you have a pause button?
6392,1489,13,26,119,158,1.3291139240506329,0.04954280855421027,659,"I thought your profile said 'mixed race,' not 'mixed face.'"
6792,1490,10,31,114,155,1.3290322580645162,0.04765966257639778,659,"No problem. My ex-husband was part lawnmower."""
6769,1490,10,31,114,155,1.3290322580645162,0.04765966257639778,659,I still find your story hard to swallow.
2500,1490,13,25,117,155,1.3290322580645162,0.05022753207733995,659,You can take it off now - they've gone.
5528,1490,9,33,113,155,1.3290322580645162,0.046772387755327584,659,"Look, I'm not ostracizing you. I just can't get mixed up with you right now."
1910,1494,10,30,112,152,1.3289473684210527,0.04830367135336772,659,This is the last time I get a date from Blendr.
2487,1494,8,34,110,152,1.3289473684210527,0.04646469535822661,659,I'll grant you this--you're a smoothie.
3236,1494,10,30,112,152,1.3289473684210527,0.04830367135336772,659,"Any relation, Brian, to Edward Scissorhands?"
3473,1494,9,32,111,152,1.3289473684210527,0.04739310382823097,659,I don't think we're a good blend.
6059,1494,9,32,111,152,1.3289473684210527,0.04739310382823097,659,"Yeah, I have mixed feelings."
6438,1494,12,26,114,152,1.3289473684210527,0.05007515769017118,659,I am not sure I am ready for a blended family.
3067,1500,11,27,111,149,1.3288590604026846,0.049889187036300325,659,I'm really growing tired of your mixed messages.
2170,1500,7,35,107,149,1.3288590604026846,0.04611021683829016,659,Would you please turn it to vibrate
1872,1500,9,31,109,149,1.3288590604026846,0.04803687687608914,659,I'm getting mixed signals.
1668,1500,7,35,107,149,1.3288590604026846,0.04611021683829016,659,"I meant to try Grindr, not Mixr."
1122,1500,7,35,107,149,1.3288590604026846,0.04611021683829016,659,Maybe you should cut back on watching cable news.
171,1500,7,35,107,149,1.3288590604026846,0.04611021683829016,659,"Your Blendr profile was so accurate."""
1702,1500,13,23,113,149,1.3288590604026846,0.0516751432148704,659,Stop looking so nervous. Just try to blend in.
1973,1507,8,32,106,146,1.3287671232876712,0.0477253885321307,659,So this is your favorite setting...
2317,1507,10,28,108,146,1.3287671232876712,0.049665474256488824,659,"Digestive enzymes would have been an easier solution, Harold."
2527,1507,10,28,108,146,1.3287671232876712,0.049665474256488824,659,"So, how long have you been on grinder?"
4036,1507,10,28,108,146,1.3287671232876712,0.049665474256488824,659,Your profile indicated that you were blender neutral and I'm okay with that.
1819,1511,11,25,107,143,1.3286713286713288,0.0513543777517943,659,I love how ideas just pour out of you.
4512,1511,9,29,105,143,1.3286713286713288,0.04939925102463513,659,"You're not blending in, here."
6519,1513,9,28,103,140,1.3285714285714285,0.05012098122316215,659,"John, I can't take your mixed signals any longer."
1648,1513,10,26,104,140,1.3285714285714285,0.051135972482112636,659,Can you at least try chewing?
6016,1513,8,30,102,140,1.3285714285714285,0.04908500622240732,659,I guess I thought “Blender” was an actual dating site
1688,1516,5,35,97,137,1.3284671532846715,0.04646070313175986,659,"Haha yeah, all I’m saying is that if you’ve got a type b electrical outlet under that dress than we might be able to make this work"
1930,1516,10,25,102,137,1.3284671532846715,0.05191635551804841,659,Do you remember your setting the night we met?
6763,1516,11,23,103,137,1.3284671532846715,0.05294006211964782,659,"Well yes, you DO blend right in, but..."
555,1519,10,23,98,131,1.3282442748091603,0.0535775302061888,659,"When I said I wanted to mix things up, this isn't what I had in mind."
577,1519,8,27,96,131,1.3282442748091603,0.0513387974031577,659,I'm looking for Mr. Right not Mr. Coffee.
4432,1519,7,29,95,131,1.3282442748091603,0.050181991856702655,659,So how many speeds do you have?
5573,1519,6,31,94,131,1.3282442748091603,0.048997882552309045,659,My last boyfriend was a toaster oven. He was a real hothead.
2597,1523,10,21,94,125,1.328,0.055388364913056744,659,"I’m sorry, did you say “three speeds” or “special needs?”"
3558,1523,10,21,94,125,1.328,0.055388364913056744,659,"So what exactly is the difference between ""whip"" and ""liquefy"""
4476,1525,8,24,90,122,1.3278688524590163,0.05389907994046236,659,Why do you always twist my words?
2904,1526,8,23,88,119,1.3277310924369747,0.05483234887407118,659,Still  processing your work day?
3671,1527,10,37,127,174,1.3275862068965518,0.04401891426646442,659,Is it too soon to ask what our kids will look like?
2666,1527,8,41,125,174,1.3275862068965518,0.04248274093191007,659,I want you to know that my intentions are puree.
5588,1529,9,36,120,165,1.3272727272727274,0.04480691627437607,659,"I'm not the one who's mixed up, dear."
2457,1530,12,29,121,162,1.3271604938271604,0.04782698199287786,659,"You're just an old smoothy, aren't you."
5360,1531,5,42,112,159,1.3270440251572326,0.04232030608507151,659,I can never tell what's going round in your head.
6133,1531,8,36,115,159,1.3270440251572326,0.045053776698898,659,"Actually, you're starting to grate on me."
1193,1533,8,35,113,156,1.3269230769230769,0.04562176060173602,659,"Harold, you've taken your need to blend in a little too far."
3703,1533,7,37,112,156,1.3269230769230769,0.044706062837867086,659,Have you tried meditation?
4860,1533,11,29,116,156,1.3269230769230769,0.04826472830358097,659,Why don't you switch off the smooth talk and give it to me raw.
6001,1533,9,33,114,156,1.3269230769230769,0.046519437081083706,659,It looks like you have mixed feelings about me.
318,1537,12,26,115,153,1.326797385620915,0.04979323032289373,659,I picked this quiet setting so we could talk
5485,1537,13,24,116,153,1.326797385620915,0.05064943334326898,659,Can't you go anywhere without getting juiced?
6813,1537,11,28,114,153,1.326797385620915,0.04892204486714798,659,"You're just not up to speed, Albert."
6089,1540,16,17,117,150,1.3266666666666667,0.05392568145197293,659,But I bought the Cuisinart long before I met you.”
3781,1540,9,31,110,150,1.3266666666666667,0.04776589693252739,659,You look shaken.
1325,1542,6,36,105,147,1.3265306122448979,0.04544611626285968,659,"True, your profile did say you blend in well."
2343,1542,10,28,109,147,1.3265306122448979,0.04937713361303561,659,Don't get so dramatic... I just want you to chew your food properly.
4164,1542,9,30,108,147,1.3265306122448979,0.04842430550585128,659,"I'm ready to take this relationship from ""chop"" to ""puree"""
6174,1542,9,30,108,147,1.3265306122448979,0.04842430550585128,659,I'm done mixing. I'm leaving you for a slow cooker.
6182,1542,9,30,108,147,1.3265306122448979,0.04842430550585128,659,You were wrong. You don't blend in at all.
3328,1547,11,25,108,144,1.3263888888888888,0.05104755494898393,659,Pass it to me under the table so that we don't draw attention!
4070,1547,11,25,108,144,1.3263888888888888,0.05104755494898393,659,Can't you just blend in for once?
2041,1549,11,24,106,141,1.326241134751773,0.05181258986150916,659,"You're a smoothie,I'll give you that."
5543,1549,8,30,103,141,1.326241134751773,0.04879132197815311,659,I find that mixing it up on a first date keeps things interesting.
5601,1549,10,26,105,141,1.326241134751773,0.05082545961979334,659,You’re not blending in.
6860,1549,11,24,106,141,1.326241134751773,0.05181258986150916,659,"Look  , I don't want to mince words or anything else with you."
5945,1553,8,29,101,138,1.326086956521739,0.0495008871330691,659,"So, was it rough growing up in a blended family?"
115,1554,8,28,99,135,1.325925925925926,0.05023948135648348,659,So how did you end up becoming a bartender?
3544,1554,11,22,102,135,1.325925925925926,0.0534385670233501,659,its obvious that you view me with mixed emotions
963,1556,10,23,99,132,1.3257575757575757,0.05322820875194869,659,"Not exactly what I meant, when I said to try and blend in."
2728,1557,12,32,128,172,1.3255813953488371,0.045826588599262245,659,I guess I’m one of those gentlemen who prefer blends.
3099,1557,7,28,94,129,1.3255813953488371,0.05062926541710517,659,"Well, I interpreted it differently when you said on the dating site that my picture made your head spin."
5481,1557,8,26,95,129,1.3255813953488371,0.051811644904243614,659,It’s obvious your mind is somewhere else.
6514,1557,10,22,97,129,1.3255813953488371,0.054098933535689384,659,"Okay, so your profile did say you were into juicing..."
5675,1561,12,31,126,169,1.3254437869822486,0.04639003656988135,659,You plan on getting juiced tonight?
3502,1562,9,23,94,126,1.3253968253968254,0.05384205599905235,659,"Frank, I think your winning the Appliance Salesperson of the Year Award has gone to your head."
6039,1562,5,31,90,126,1.3253968253968254,0.04889816444682337,659,"Don't take this the wrong way, but you look a little different than your profile picture."
198,1564,12,30,124,166,1.3253012048192772,0.046972502866549234,659,"So, your mother was the toaster?"
1992,1564,12,30,124,166,1.3253012048192772,0.046972502866549234,659,I wish you would try harder to blend in.
5727,1566,13,27,123,163,1.3251533742331287,0.048364476550965936,659,So your mother was a dish washer or dishwasher?
1503,1566,10,33,120,163,1.3251533742331287,0.04595542955878165,659,It must be tough to blend in.
1564,1568,9,34,117,160,1.325,0.04568658611609536,659,"Why yes, I would love a margarita."
1450,1569,15,21,121,157,1.3248407643312101,0.05129115262762036,659,What do you mean you did your own circumcision?
3286,1569,11,29,117,157,1.3248407643312101,0.048001511107020556,659,I'm afraid I'm just not ready to be in a blended family.
4701,1569,15,21,121,157,1.3248407643312101,0.05129115262762036,659,I can hear what you’re thinking.
594,1572,11,28,115,154,1.3246753246753247,0.04864963448125524,659,You whir saying...?
984,1572,8,34,112,154,1.3246753246753247,0.04595802021071944,659,I'm looking for someone who isn't afraid to unplug.
4652,1572,12,26,116,154,1.3246753246753247,0.04951433502515563,659,Really?  THAT makes your head spin?
2081,1575,12,25,114,151,1.3245033112582782,0.05020898389675462,659,"I'm sorry, you just remind me too much of my mother."
4093,1575,10,29,112,151,1.3245033112582782,0.04841840169236755,659,"Ok, so you're a little mixed up."
3542,1575,12,25,114,151,1.3245033112582782,0.05020898389675462,659,"Your  profile , touting your ability to blend in, is a bit misleading."
3436,1575,9,31,111,151,1.3245033112582782,0.04749780417759235,659,"Tom, you old smoothie."
1238,1575,7,35,109,151,1.3245033112582782,0.045600887712760656,659,"No, I won't take your lid off!"
1364,1575,9,31,111,151,1.3245033112582782,0.04749780417759235,659,Would you mind turning that off; I can't understand a word you're saying!
1471,1575,10,29,112,151,1.3245033112582782,0.04841840169236755,659,"No, thanks. I prefer to chew and swallow."
5950,1582,10,28,110,148,1.3243243243243243,0.049091972001957924,659,On the rocks would have been fine.
2532,1582,10,28,110,148,1.3243243243243243,0.049091972001957924,659,"Yeah, so I think it's perfect that you put your own spin on everything....really."
6780,1582,11,26,111,148,1.3243243243243243,0.05001949998148977,659,"Oh, listen to me go on and on."
340,1582,13,22,113,148,1.3243243243243243,0.051824778871816954,659,I hate it when you  make noise when you chew.
1743,1582,10,28,110,148,1.3243243243243243,0.049091972001957924,659,"No, I would not like another margarita"
6831,1587,9,29,107,145,1.3241379310344827,0.048820139268035176,659,"So, your ad mentioned you like Pina Coladas?”"
1531,1587,10,27,108,145,1.3241379310344827,0.049791479579978114,659,I’m just trying to blend in.
4808,1587,6,35,104,145,1.3241379310344827,0.04578263509575732,659,I still think implants would have been the better choice.
5020,1590,9,28,105,142,1.323943661971831,0.04952001738822842,659,No. I'm not really surprised. I read on your profile that you work as a spin doctor.
6118,1590,9,28,105,142,1.323943661971831,0.04952001738822842,659,I can see you have mixed feelings
654,1590,12,22,108,142,1.323943661971831,0.052458578752493705,659,You're quite the smoothie talker.
3593,1590,7,32,103,142,1.323943661971831,0.047460002954028066,659,"No, the constant whirring doesn’t bother me at all. It’s the lying that I can’t stand."
6121,1594,8,29,102,139,1.3237410071942446,0.04919943745437834,659,"Well, I'm not surprised. They did warn me that you were a real smoothie."
6430,1594,9,27,103,139,1.3237410071942446,0.05024787617783062,659,"No, it's not me who's mixed up.  It's definitely you."
424,1596,8,28,100,136,1.3235294117647058,0.049926256011680284,659,Are you sure you don't need utensils?
4347,1596,12,20,104,136,1.3235294117647058,0.0541143316214697,659,I don’t know that I can ignore the problems of a blended family!
4842,1596,8,28,100,136,1.3235294117647058,0.049926256011680284,659,How was the salad?
6821,1596,7,41,122,170,1.3235294117647058,0.04221746130967708,659,Is that REALLY the only way you can eat your vegetables?
1347,1600,13,28,126,167,1.3233532934131738,0.04749664311578435,659,"I’ve told you before, I can’t understand you on purée."
3619,1601,10,23,100,133,1.3233082706766917,0.052883231334244635,659,I'm getting a mixed message from you.
6179,1602,4,45,115,164,1.3231707317073171,0.04051144636247978,659,"Honestly, Frank, blending in with the crowd doesn't have to be so difficult."
6058,1603,11,30,120,161,1.3229813664596273,0.04712419535867553,659,You look more like a food processor in your photo.
3124,1603,10,32,119,161,1.3229813664596273,0.046293088432830025,659,"This was not what I expected when you called yourself a ""Sunbeam"" in your profile."
3823,1603,6,40,115,161,1.3229813664596273,0.04280760482015598,659,I can tell your agitated.
1764,1603,13,26,122,161,1.3229813664596273,0.048743915428576375,659,I’m nervous to tell my parents we met on Blendr.
2141,1603,9,34,118,161,1.3229813664596273,0.04544678520090311,659,"Well, at least you don't have to floss."
276,1608,5,31,91,127,1.3228346456692914,0.04857922629909788,659,I did say I like pina coladas  and getting caught in the rain.
764,1609,11,29,118,158,1.3227848101265822,0.04774102662256087,659,"On second thought, I'd prefer watching you chew with your mouth open."
1151,1609,12,27,119,158,1.3227848101265822,0.04857809463183497,659,I can’t get a whirred in edgewise.
4729,1609,8,35,115,158,1.3227848101265822,0.045136777219089576,659,Aren’t you tired of the same old grind ?
4868,1609,17,17,124,158,1.3227848101265822,0.05256386166822935,659,You're too mixed up. I'm leaving you for the toaster
999,1613,10,30,115,155,1.3225806451612903,0.04750629695740086,659,"I said I wanted to date a smooth operator, not a smoothie operator."
1103,1613,7,36,112,155,1.3225806451612903,0.04478266080661836,659,"Oh dear, it sounds like you chipped a blade on an olive pit."
3219,1613,15,20,120,155,1.3225806451612903,0.05172798230563053,659,"So, how long have you been a blender?"
3562,1613,9,32,114,155,1.3225806451612903,0.046616103119451975,659,Well what did you expect when we met on blndr
5048,1613,14,22,119,155,1.3225806451612903,0.050911658516004474,659,"It's the straw, isn't it?"
2318,1618,14,21,117,152,1.3223684210526316,0.051639193267333496,659,"Don't be so upset . . . I didn't say ""foreplay""! I said ""frappe"" . . ."
4730,1618,10,29,113,152,1.3223684210526316,0.048146160577332814,659,"Just eat the burger, Frank. All this juicing is really going to your head."
6590,1620,16,16,117,149,1.3221476510067114,0.054097861939361384,659,Darth Vader could breathe and talk at the same time.
775,1620,9,30,110,149,1.3221476510067114,0.04787186663834796,659,I prefer to chew my food.
3614,1620,15,18,116,149,1.3221476510067114,0.053253018175902486,659,You look so different from your profile picture.
1494,1623,11,25,110,146,1.321917808219178,0.05044434724336882,659,It’s over. I’m dating an InstaPot
1621,1623,10,27,109,146,1.321917808219178,0.0494990793603276,659,I've never dated a Ninja before.
2354,1623,9,29,108,146,1.321917808219178,0.048535405079492736,659,I'm sorry there must have been a mix-up.
5759,1623,7,33,106,146,1.321917808219178,0.046548242970614134,659,So you say you’re from a blendered  family?
5054,1627,15,26,133,174,1.3218390804597702,0.04752075785265145,659,Why do you always have to stir things up?
1191,1628,11,24,108,143,1.3216783216783217,0.05118645375973846,659,You're not as smooth as you think.
728,1628,8,30,105,143,1.3216783216783217,0.04821383494163514,659,"Don’t blame the waiter, Jay. You’re the one who mixed up the order."
6801,1628,12,22,109,143,1.3216783216783217,0.05213967879396054,659,You ever go to sleep at night and feel like your head is just spinning?
1786,1628,12,22,109,143,1.3216783216783217,0.05213967879396054,659,I thought you were a different kind of ninja.
2890,1628,7,32,104,143,1.3216783216783217,0.047181360975916145,659,I'm having mixed feelings about where this is going
4354,1628,10,26,107,143,1.3216783216783217,0.050215137082938524,659,"It's nice that I make your head spin, but then, so does fruit and yogurt"
4833,1628,6,34,103,143,1.3216783216783217,0.046125782023724735,659,You really have a knack for putting a spin on everything I say
5410,1628,8,30,105,143,1.3216783216783217,0.04821383494163514,659,"It was bad enough when you parsed everything I said, but pureeing is too much."
6287,1628,9,28,106,143,1.3216783216783217,0.04922465780499416,659,"Why do you have to be ""on"" all the time?"
6770,1637,9,37,125,171,1.3216374269005848,0.04361933937062729,659,"This is the problem right here, you keep sending mixed signals."
3263,1638,9,27,104,140,1.3214285714285714,0.04994123694164755,659,"Mother thinks you spend too much time in the kitchen"""
6323,1639,6,41,118,165,1.3212121212121213,0.04210629458228332,659,You really know how to put your own 'spin' on things !
862,1640,10,24,103,137,1.3211678832116789,0.05173493496724591,659,"Well - it's difficult, but I have to tell you: I've been seeing a lot of the InstaPot, and I think I'm falling in love..."
1436,1640,9,26,102,137,1.3211678832116789,0.05068689464851234,659,"Make up your mind, John."
3476,1640,12,20,105,137,1.3211678832116789,0.05376976762063152,659,Ed ‘you are what you eat!!’ Seriously. ..Lay off the processed food !
4777,1640,9,26,102,137,1.3211678832116789,0.05068689464851234,659,You look exactly how I feel.
6496,1640,9,26,102,137,1.3211678832116789,0.05068689464851234,659,I've never dated a mixologist before.
2947,1645,8,36,118,162,1.3209876543209877,0.044353185282216816,659,"No matter what spin you put on it, the answer is still no."
379,1646,12,19,103,134,1.3208955223880596,0.05463660287544542,659,I understand. I come from a blended family too.
5899,1646,8,27,99,134,1.3208955223880596,0.05036144329974012,659,"No, my name is Brenda."
6564,1646,13,17,104,134,1.3208955223880596,0.0556541033923212,659,"If you could have any superpower, what would it be?"
1866,1649,11,29,119,159,1.320754716981132,0.047483235441954395,659,"I'm sorry, you must have me mixed up with someone else."
2319,1649,11,29,119,159,1.320754716981132,0.047483235441954395,659,Not what I expected at the blind date mixer
3547,1649,9,33,117,159,1.320754716981132,0.045775917863392517,659,"So, do I get the Piña Colada from you or the waiter?"
5159,1649,11,29,119,159,1.320754716981132,0.047483235441954395,659,"I heard you were a mixer, but didn’t realize you blended so well"
537,1653,13,33,138,184,1.3206521739130435,0.04430018719224101,659,Is it that hard to eat your words?
6624,1654,9,24,98,131,1.3206106870229009,0.05227325059003197,659,"Psst - this may send you haywire
but I was anticipating a mixer, not a blender."
3601,1655,11,28,117,156,1.3205128205128205,0.04811344077687164,659,I had a completely different idea when you said you came from a blended family.
6055,1656,4,40,106,150,1.32,0.04264205106483106,659,"By this time of night, my mind also turns to mush."
5567,1656,11,26,113,150,1.32,0.04944433970948026,659,"Relax, its not a plastic straw."
5287,1656,6,36,108,150,1.32,0.04469133513603739,659,Monica was right. You’re a real smoothie.
5697,1656,7,34,109,150,1.32,0.04568151589926264,659,Sorry.  Lately I feel very mixed up.
1732,1656,10,28,112,150,1.32,0.04853099288798357,659,This is not what I meant by writing that I was interested in a whirlwind romance.
3937,1656,12,24,114,150,1.32,0.05034111826250448,659,"Thank you, I can chew my own food."
1425,1656,9,30,111,150,1.32,0.04760012407631451,659,"It’s not that I mind how you eat, I just don’t like to watch it."
346,1663,11,33,128,172,1.319767441860465,0.044944618405000865,659,You meet the most interesting people on Blendr.
4315,1664,8,31,108,147,1.3197278911564625,0.047278358467382736,659,I thought she said she met you at a mixer.
4738,1664,10,27,110,147,1.3197278911564625,0.049209949193241884,659,Do you snore?
4787,1664,10,27,110,147,1.3197278911564625,0.049209949193241884,659,I just thought we could mix things up a little tonight
4944,1664,8,31,108,147,1.3197278911564625,0.047278358467382736,659,"I like my men shaken, not stirred."
5852,1664,12,23,112,147,1.3197278911564625,0.051068532579589106,659,I push your buttons!#/?
1937,1669,10,34,125,169,1.319526627218935,0.04470622073626484,659,Easter. Not Oster.
4647,1669,9,36,124,169,1.319526627218935,0.04391131738384708,659,So you can eat anything as long as it's cut into appropriately sized cubes?
6321,1669,11,32,126,169,1.319526627218935,0.04548723502977865,659,Have you considered a knife and fork?
3698,1672,8,30,106,144,1.3194444444444444,0.047929931555813904,659,"'""I wish you would try to blend in."""
4525,1672,8,30,106,144,1.3194444444444444,0.047929931555813904,659,Let me guess. You can't get your head around it?
6164,1672,5,36,103,144,1.3194444444444444,0.044787309001208295,659,I can see you've got mixed feelings for me
6674,1672,8,30,106,144,1.3194444444444444,0.047929931555813904,659,"Jim, I think you're taking this liquid diet a little too far."
6393,1676,12,29,125,166,1.319277108433735,0.046834172302435126,659,"I'm sorry, Andy. You're just too mixed up for me."
6013,1676,8,37,121,166,1.319277108433735,0.04360461322776577,659,"I told you not to use the pulse setting in public, Roger."
756,1678,11,23,107,141,1.3191489361702127,0.051638943050069185,659,Are you telling me you have mixed feelings?
1999,1678,10,25,106,141,1.3191489361702127,0.05064842857122588,659,"I can see you have mixed feelings for me, but maybe you could give it a whirl."
2660,1678,7,31,103,141,1.3191489361702127,0.04755325382088396,659,"When it comes to small talk, you sure are a smoothie."
2872,1678,12,21,108,141,1.3191489361702127,0.05261081221500013,659,Can you keep it on low?  You're embarrassing me.
3444,1678,9,27,105,141,1.3191489361702127,0.04963815260604339,659,"Well, I WAS warned you were a real smoothie!"
6736,1683,9,34,120,163,1.3190184049079754,0.04497428003601004,659,So you say your parents met at the laundromat?
645,1684,6,32,100,138,1.318840579710145,0.04711670447649494,659,"Are you alright, Greg? You seem a bit shaken up."
752,1684,9,26,103,138,1.318840579710145,0.05037204988003114,659,I guess I'm just looking for a more solid commitment.
1796,1684,8,28,102,138,1.318840579710145,0.04931081916090372,659,"While I appreciate the margarita, I don't think we're a match."
2709,1684,4,36,98,138,1.318840579710145,0.04481529644140901,659,Why can't you just use a straw?
3071,1684,8,28,102,138,1.318840579710145,0.04931081916090372,659,"Honey you're embarrassing me, take it down to a puree"""
3974,1684,11,22,105,138,1.318840579710145,0.052430110191666934,659,Well t there's no reason to go straight to liquefy.
5541,1690,7,37,116,160,1.31875,0.04377245605178022,659,"So that was what you meant when your profile said that you were a ""a mover and a shaker."""
4667,1690,7,37,116,160,1.31875,0.04377245605178022,659,So where are you on the frappé/purée spectrum?
6162,1690,12,27,121,160,1.31875,0.04805319624969103,659,Stop twisting my words.
709,1690,10,31,119,160,1.31875,0.046388327900548476,659,"Honestly, I thought you said you were going on a 'bender'."
465,1690,11,29,120,160,1.31875,0.04722809881426588,659,I'm having second thoughts about a blended family.
669,1690,10,31,119,160,1.31875,0.046388327900548476,659,My old boyfriend would always chew with his lid open.
4602,1696,12,19,104,135,1.3185185185185184,0.0542824460821789,659,Would it offend you if I said that I didn't like smoothies?
5625,1696,7,29,99,135,1.3185185185185184,0.04892639732390831,659,"I love you Don, but do you really think a blended family would work?"
960,1698,10,30,117,157,1.3184713375796178,0.04698853377262087,659,I'm sorry - am I giving you too much information for a first date?
1833,1698,11,28,118,157,1.3184713375796178,0.04784957286568857,659,"I'm sorry Charles, but this relationship isn't going to work. I already have a blender."
4756,1698,8,34,115,157,1.3184713375796178,0.045217293942080586,659,Having mixed feelings about our date?
6583,1698,10,30,117,157,1.3184713375796178,0.04698853377262087,659,I can't talk to you when you're pulsating.
388,1702,12,25,117,154,1.3181818181818181,0.04936103518769198,659,What is that you are Waring?
2638,1702,9,31,114,154,1.3181818181818181,0.04671043225372382,659,What’s wrong honey? Lately I think your head is somewhere else.
3474,1702,9,31,114,154,1.3181818181818181,0.04671043225372382,659,You look different in the Infomercial.
5375,1705,9,30,112,151,1.3178807947019868,0.047331306980677175,659,"I'm sorry Becky, my feelings are just all mixed up right now."
4800,1705,10,28,113,151,1.3178807947019868,0.04825508098894511,659,"Why do you mix, puree, or emulsify everything I say?"
6490,1705,7,34,110,151,1.3178807947019868,0.045427438613661636,659,You seem a whole lot happier since you cut the cord.
1109,1705,10,28,113,151,1.3178807947019868,0.04825508098894511,659,You’re mixed up.
2193,1705,10,28,113,151,1.3178807947019868,0.04825508098894511,659,I'm sorry if I seem surprised.  I thought my friend told me your ancestors were Shakers.
3342,1710,9,36,125,170,1.3176470588235294,0.04369269757311607,659,Conversation with you has become such a grind.
3468,1710,11,32,127,170,1.3176470588235294,0.045257917647239784,659,"I promise you, you are blending in just fine..."
5940,1712,9,29,110,148,1.3175675675675675,0.047975335869860275,659,"So, you chose this over a feeding tube?"
5692,1712,11,25,112,148,1.3175675675675675,0.04985469063729482,659,We have to talk.
5122,1712,10,27,111,148,1.3175675675675675,0.04892403821418605,659,"I don't know, Jim.  Becoming a blended family is a big step, and I'll just have to think about it."
4922,1712,9,29,110,148,1.3175675675675675,0.047975335869860275,659,"Do you always have to use ""Pulse"" in public?"
3628,1712,11,25,112,148,1.3175675675675675,0.04985469063729482,659,I met my first wife at a mixer.
2766,1712,7,33,108,148,1.3175675675675675,0.04601929513922864,659,I thought I would be having dinner with the other Wolf Blitzer.
1674,1712,10,27,111,148,1.3175675675675675,0.04892403821418605,659,"When I said I wanted to take things to the next level, I didn’t mean frappe."
1068,1712,6,35,107,148,1.3175675675675675,0.04500940859147338,659,I didn't think my opinion would make your head spin.
145,1712,6,35,107,148,1.3175675675675675,0.04500940859147338,659,Exactly how are you related to Fred Waring?
1755,1712,8,31,109,148,1.3175675675675675,0.047007490769755696,659,This is moving at too variable a speed for me.
4682,1722,8,24,94,126,1.3174603174603174,0.05243383573857162,659,Was the surgery painful?
6188,1723,12,29,126,167,1.3173652694610778,0.04659212470628737,659,This date is making my head spin too.
45,1723,9,35,123,167,1.3173652694610778,0.044208500132531886,659,I didn't know you had mixed feelings about us!
4666,1725,8,30,107,145,1.3172413793103448,0.047649189260170415,659,"Honestly, you're Waring me out . . . ."
3912,1725,12,22,111,145,1.3172413793103448,0.05151297894321048,659,Maybe you should go back to your dentures.
6042,1725,8,30,107,145,1.3172413793103448,0.047649189260170415,659,How could I turn you down? You’re such a smoothie.
5183,1725,5,36,104,145,1.3172413793103448,0.04453188650071384,659,"Just makes your head spin, doesn't it?"
2752,1725,9,28,108,145,1.3172413793103448,0.04864391717126167,659,"I just  like to make my own Margaritas, that's all."
2147,1725,7,32,106,145,1.3172413793103448,0.04663324775885241,659,This is not the kind of mixer I had in mind.
1740,1725,9,28,108,145,1.3172413793103448,0.04864391717126167,659,It may not be the most attractive solution but it's a lot cheaper than implants and it seems to be improving my sleep apnea as well.
1541,1725,10,26,109,145,1.3172413793103448,0.04961870734287214,659,You seem a little shaken up.
229,1725,8,30,107,145,1.3172413793103448,0.047649189260170415,659,I just wish I could unplug more often.
2365,1725,7,32,106,145,1.3172413793103448,0.04663324775885241,659,"I've grown accustomed to your face, but that constant whirring noise is still a relationship breaker for me."
3449,1735,11,30,123,164,1.3170731707317074,0.046383577892856874,659,"Well,okay,your profile did say you were quite the smoothie."
449,1736,10,25,107,142,1.3169014084507042,0.05034068164352512,659,"So, what keeps you going?"
3737,1736,10,25,107,142,1.3169014084507042,0.05034068164352512,659,"So...you are still juicing, I see."
4776,1736,9,27,106,142,1.3169014084507042,0.0493385661269934,659,Well when you said reconstructive surgery I....
6437,1739,14,23,124,161,1.3167701863354038,0.049392552504318545,659,I must have misread your profile. I thought you were from a “blended” family.
2143,1740,8,28,103,139,1.316546762589928,0.04900848960416313,659,"The very idea! It just makes your head spin, doesn't it?"
749,1740,6,32,101,139,1.316546762589928,0.04683271531921612,659,You did say you wanted a man who could make margaritas.
2895,1740,9,26,104,139,1.316546762589928,0.050060927556695126,659,Maybe we should ask for the head waiter?
1137,1743,8,34,116,158,1.3164556962025316,0.04497538685184743,659,"I’m don’t blend well, but I am a good mixer."
2804,1743,11,28,119,158,1.3164556962025316,0.04758846906261719,659,Usually they frown upon bringing in outside beverages.
6317,1743,12,26,120,158,1.3164556962025316,0.0484281740602216,659,You seem to be mixing your metaphors...
6704,1746,13,30,134,177,1.3163841807909604,0.045425881583444225,659,You should have opted for gastric bypass surgery instead.
6546,1747,6,25,86,117,1.3162393162393162,0.052423681282471074,659,"...it's just I swore your profile said you were from a ""mixed"" family."
3705,1748,9,25,102,136,1.3161764705882353,0.05081279010840222,659,Why are you surprised? My dating profile clearly said my heritage was mixed.
5177,1748,7,29,100,136,1.3161764705882353,0.048621751458100125,659,Just how mixed up are your feelings about me?
5347,1748,7,29,100,136,1.3161764705882353,0.048621751458100125,659,This guy has one setting.
5046,1751,14,21,120,155,1.3161290322580645,0.050762793698767995,659,"Chew with your mouth closed, Jerry"""
4092,1751,8,33,114,155,1.3161290322580645,0.045542706778752565,659,Honestly...everyone is staring! Put it on the 'low' setting...and don't get ice in your drinks from now on!
4723,1751,13,23,119,155,1.3161290322580645,0.04993069239998886,659,So what was it like growing up in blended family?
168,1751,12,25,118,155,1.3161290322580645,0.04908448698907763,659,Honey you look shaken.
3019,1751,8,33,114,155,1.3161290322580645,0.045542706778752565,659,"I guess you never made a fuss
when your peas touched your
potatoes."
6891,1756,8,32,112,152,1.3157894736842106,0.04613036809080713,659,Are you still suffering from those dizzy spells?
3735,1756,9,30,113,152,1.3157894736842106,0.047065371940886995,659,"You weren't kidding when you wrote ""mush for brains"" on your dating profile"
5568,1756,10,34,127,171,1.3157894736842106,0.0442602959987142,659,"I'm sorry, I just don't think you have your head screwed on straight."
5217,1756,7,34,111,152,1.3157894736842106,0.04517601669528512,659,It's not going to work out. You're always mixing things up.
3761,1756,7,40,124,171,1.3157894736842106,0.04186377256149506,659,"I didn’t think you’d be so shaken, it was just a fling."
3475,1756,6,36,110,152,1.3157894736842106,0.044201064565369964,659,Nod if I should push the Heimlich button.
84,1756,9,30,113,152,1.3157894736842106,0.047065371940886995,659,So this is what you meant when you said you came from a blended family
3013,1756,9,24,100,133,1.3157894736842106,0.05159610243818351,659,"I'm sorry Steve, ever since my doctor said no more frozen margaritas, I no longer find you attractive."
2091,1756,12,24,116,152,1.3157894736842106,0.0497650918129974,659,But why don't you just order soup??
1766,1756,7,34,111,152,1.3157894736842106,0.04517601669528512,659,"Don't worry, I get more interesting once I add a little alcohol."
958,1756,7,34,111,152,1.3157894736842106,0.04517601669528512,659,I can’t get Margaritaville out of my head.
3037,1756,12,18,103,133,1.3157894736842106,0.054808040345096835,659,Where does it come out?
88,1768,12,23,114,149,1.3154362416107384,0.05047142920669198,659,I'm not so sure it's an improvement over your dentures.
387,1768,10,27,112,149,1.3154362416107384,0.048641296477702066,659,You seem so mixed up
1055,1768,10,27,112,149,1.3154362416107384,0.048641296477702066,659,"The last few days were magical, but I’m not ready for a blended family"
1337,1768,10,27,112,149,1.3154362416107384,0.048641296477702066,659,"I shouldn’t say this but you remind me of my ex. You might have heard of him, Mr. Coffee."
1584,1768,10,27,112,149,1.3154362416107384,0.048641296477702066,659,You are mixed up. Aren't you?
1636,1768,12,23,114,149,1.3154362416107384,0.05047142920669198,659,Blender? I hardly know her.
3645,1774,12,17,101,130,1.3153846153846154,0.05572166046337914,659,This isn't working out for me. Talking to you makes my head spin.
4179,1774,5,31,94,130,1.3153846153846154,0.04764534976425365,659,It certainly was cheaper than the dental work.
5007,1776,10,32,123,165,1.3151515151515152,0.04533366533349307,659,"It's a five star restaurant for heaven's sake, choose blend, not liquify!"
3784,1776,10,32,123,165,1.3151515151515152,0.04533366533349307,659,I wanted to blend in.
5284,1776,13,26,126,165,1.3151515151515152,0.047716566332787654,659,"Believe me, this is better than dentures."
6267,1779,10,26,110,146,1.3150684931506849,0.049325564410794956,659,How did you get so mixed up?
5378,1779,7,32,107,146,1.3150684931506849,0.04636368590367681,659,"When I asked you to blend in, this is not what I had in mind”"
4466,1779,8,30,108,146,1.3150684931506849,0.04737155984200183,659,I feel my life is spinning out of control
5040,1779,9,28,109,146,1.3150684931506849,0.04835843249272996,659,You really aren't like the other guys.
3048,1779,6,34,106,146,1.3150684931506849,0.04533340996754203,659,"Sometimes, I just don’t know what you’re thinking"
2803,1779,9,28,109,146,1.3150684931506849,0.04835843249272996,659,Your three wishes could have used spellcheck.
1087,1779,8,30,108,146,1.3150684931506849,0.04737155984200183,659,Whatever is going on inside that head of yours is all mixed up
350,1786,12,27,123,162,1.3148148148148149,0.047539104226508755,659,"I'm sorry, I'm just looking for more of an immersion blender kind of guy."
1381,1787,9,27,107,143,1.3146853146853146,0.049042421510479925,659,"Turn it off now, you're blending in just fine."
3787,1787,8,29,106,143,1.3146853146853146,0.04802776333926085,659,You’ve been on Agitate mode ever since I ordered my Margarita on the rocks
6170,1787,13,19,111,143,1.3146853146853146,0.05290681744888578,659,I hate these social mixers.
4660,1790,15,26,137,178,1.3146067415730338,0.0465880289158371,659,You're not what I expected from a Grindr date.
4707,1791,12,15,97,124,1.314516129032258,0.0576747342005354,659,"I see you have MIXED feelings about me"""
5335,1792,10,30,119,159,1.3144654088050314,0.046481456694104126,659,You and your damn liquid diet.
5391,1792,10,30,119,159,1.3144654088050314,0.046481456694104126,659,"Sorry, I just get so spun up when people push my buttons."
1647,1792,9,32,118,159,1.3144654088050314,0.045617039804286615,659,And why should I believe you're not like the other smoothies I've dated?
755,1795,5,34,101,140,1.3142857142857143,0.045434653486996934,659,I’m not a fan of mixers
1356,1795,8,28,104,140,1.3142857142857143,0.04870967569425921,659,I said I was sorry I ordered the milkshake; can't you drop it?
2611,1795,8,28,104,140,1.3142857142857143,0.04870967569425921,659,I feel that our conversations just go around and around.
5104,1795,9,26,105,140,1.3142857142857143,0.049753466503940344,659,Why can’t you just chew like a normal person?
6436,1795,10,24,106,140,1.3142857142857143,0.05077580479005254,659,Steak a little tough?
771,1800,12,25,119,156,1.314102564102564,0.04881091213090623,659,"I'm mixed up, too..."
6237,1801,11,21,105,137,1.313868613138686,0.052576208583834834,659,It might have been better if you just had your teeth fixed.
291,1801,11,21,105,137,1.313868613138686,0.052576208583834834,659,I prefer men with a juicer.
404,1801,10,23,104,137,1.313868613138686,0.05154527623454096,659,"No thanks, I'll cut up my own meat."
956,1801,9,25,103,137,1.313868613138686,0.05049329950735402,659,That's not what I meant when I told you you should blend in
5979,1801,11,21,105,137,1.313868613138686,0.052576208583834834,659,"Blah, blah, blah. You and your mixed feelings."
5859,1806,12,24,117,153,1.3137254901960784,0.04948182495247411,659,"You're a little mixed up, aren't you?"
3864,1806,11,26,116,153,1.3137254901960784,0.048605058261684916,659,The margaritas are on me!
393,1806,11,26,116,153,1.3137254901960784,0.048605058261684916,659,I thought you were kidding when you said you were worried about blending in.
1254,1806,8,32,113,153,1.3137254901960784,0.04587432563651779,659,I can see those wheels turning.
684,1810,14,25,130,169,1.3136094674556213,0.04761821397413944,659,I don't think it was the waiter who mixed up your order.
2021,1811,6,30,98,134,1.3134328358208955,0.047867685118643165,659,I thought your profile said you were from a ‘blended’ family.
2202,1811,4,34,96,134,1.3134328358208955,0.045462881313764934,659,I know a little about blended families myself
3282,1813,8,31,111,150,1.3133333333333332,0.04647451652309233,659,"Can you stop being so ""on"" all the time?"
5165,1813,9,29,112,150,1.3133333333333332,0.047427483010045526,659,I thought you'd be on Grindr
5239,1813,8,31,111,150,1.3133333333333332,0.04647451652309233,659,"So, ""blenderhead'"" isn't a nickname?"
5341,1813,8,31,111,150,1.3133333333333332,0.04647451652309233,659,How long have you had mixed feelings about us?
6307,1813,10,27,113,150,1.3133333333333332,0.04836167494288357,659,I see you’re still trying to process my pregnancy news.
4751,1818,10,32,124,166,1.3132530120481927,0.04509972049915211,659,"I thought we met on Tinder, not Blender."
362,1818,12,28,126,166,1.3132530120481927,0.046690721662416064,659,"Oh, so you're a Cuisinartist."
4643,1818,9,34,123,166,1.3132530120481927,0.04428278942178166,659,"Im sorry, but your friend left out the blender head part."
66,1821,8,25,98,131,1.3129770992366412,0.05092678297699789,659,So I chew each mouthful a hundred times.  I don't appreciate sarcasm.
987,1821,8,25,98,131,1.3129770992366412,0.05092678297699789,659,"So, I understand you come from a blended family."
3045,1821,7,27,97,131,1.3129770992366412,0.04976040004149827,659,Do you have a smoother setting?
6474,1821,7,27,97,131,1.3129770992366412,0.04976040004149827,659,"""I just want to know if you love me.  How much longer do you need to process?"
5996,1825,13,20,114,147,1.3129251700680271,0.05180798031199938,659,I can't understand a word you're saying when you're on puree...
1058,1825,10,26,111,147,1.3129251700680271,0.04903573129526933,659,Let’s break the ice.
3826,1825,8,30,109,147,1.3129251700680271,0.047096995906647274,659,"I'm sorry, I didn't mean to push all our buttons."
4159,1825,13,20,114,147,1.3129251700680271,0.05180798031199938,659,Your profile did say that you could get my juice flowing.
6421,1829,9,33,121,163,1.312883435582822,0.04481903525092777,659,I might understand you better if you stay on the chop setting.
6600,1829,11,29,123,163,1.312883435582822,0.04647823840144727,659,"Frankly, I was expecting a little more from the A.I. community."
2293,1829,7,37,119,163,1.312883435582822,0.04309599977661552,659,"Honestly, sometimes I can't tell if your shredding or pureeing."
2582,1829,9,33,121,163,1.312883435582822,0.04481903525092777,659,"Why on earth would you take 'mush for brains' literally, Fred?"
1657,1833,9,38,132,179,1.312849162011173,0.04210295187401207,659,Your dating app profile said you like to mix things up.
5154,1834,9,27,108,144,1.3125,0.04874966379658141,659,You said you had a blended family?
5298,1834,14,22,124,160,1.3125,0.04951613357560068,659,Can you please chew quietly?
4712,1834,5,35,104,144,1.3125,0.04458732254553229,659,This wasn't the mixer I had in mind.
6867,1834,13,19,112,144,1.3125,0.05258355359596866,659,My last appliance was a toaster...... he was a real “hot head”.
6384,1834,13,24,123,160,1.3125,0.048715820141669294,659,I think you’re processing what I’m saying very well!
4891,1834,13,24,123,160,1.3125,0.048715820141669294,659,You realize that straw will end up in the ocean.
2833,1834,8,24,96,128,1.3125,0.051729440740936675,659,To be honest l thought your profile said you grew up in a blended family
4735,1834,12,26,122,160,1.3125,0.04790213752928165,659,Did you consider dental implants?
4249,1834,11,23,110,144,1.3125,0.05070285903703966,659,I guess that I misunderstood when you said that you enjoy blending in.
4824,1834,8,29,107,144,1.3125,0.04774311074023794,659,"Sorry dear...
This whole lifetime guarantee thing isn't working out."
2130,1834,10,25,109,144,1.3125,0.0497358504240635,659,You're giving me a lot of mixed signals.
1455,1834,6,33,105,144,1.3125,0.045663491203634755,659,"It's not you, Lucy, it's me. I just feel so mixed-up inside!"
3595,1846,9,36,128,173,1.3121387283236994,0.043049078629008634,659,"I feel great, except for the tinnitus."
5840,1847,11,27,119,157,1.3121019108280254,0.04769169796998167,659,"When I asked you to wear something that would blend in, this isn't exactly what I had in mind..."
5444,1847,10,29,118,157,1.3121019108280254,0.046827756063384525,659,You had me at Puree.
4635,1847,8,33,116,157,1.3121019108280254,0.04505019537444462,659,"John, I'm sensing that you have mixed feelings."
6084,1847,12,25,120,157,1.3121019108280254,0.04854026547710736,659,I don’t subscribe to traditional gender roles; I’m very comfortable in the kitchen.
2723,1847,9,31,117,157,1.3121019108280254,0.04594757252133935,659,I was hoping for a quiet dinner
2362,1847,11,27,119,157,1.3121019108280254,0.04769169796998167,659,I don't know why it's quite such an obsession to blend in everywhere.
170,1847,9,31,117,157,1.3121019108280254,0.04594757252133935,659,"Open the lid, I can't hear you."
3014,1847,11,27,119,157,1.3121019108280254,0.04769169796998167,659,"To be fair, we've both been sending mixed signals."
886,1855,10,24,107,141,1.3120567375886525,0.050463657484894515,659,Please stop whining.
2746,1855,6,32,103,141,1.3120567375886525,0.04627431508275273,659,All the girls in the office said you were a bit of a smoothie.
2943,1857,7,25,93,125,1.312,0.051325652267118445,659,"I get that question all the time and, honestly, it's not as much of a problem as you might think."
5492,1857,5,29,91,125,1.312,0.048746877484779766,659,I thought I’d meet more people at a mixer.
6669,1859,9,30,115,154,1.3116883116883118,0.04654197802506615,659,You've let this health drink thing go to your head.
6328,1859,10,28,116,154,1.3116883116883118,0.04744510676886875,659,Why can's you chew like everyone else?
6038,1859,8,32,114,154,1.3116883116883118,0.045620974131008275,659,Sorry if I'm a little awkward. This is my first Blendr date.
2785,1859,10,28,116,154,1.3116883116883118,0.04744510676886875,659,This is perfect since I can't stand the sound of chewing
3583,1859,11,26,117,154,1.3116883116883118,0.04833136242785805,659,She ended things after our first kiss.
5561,1859,11,26,117,154,1.3116883116883118,0.04833136242785805,659,Must you go on?
5720,1865,9,25,104,138,1.3115942028985508,0.05017764342283398,659,"Oh, I misunderstood.  You said MASTICATOR."
6457,1865,5,33,100,138,1.3115942028985508,0.04576734434376864,659,"All I said was, “Please don’t talk with your mouth full.”"
3171,1865,8,27,103,138,1.3115942028985508,0.049112212093043395,659,"Once you're done thinking, can you pour us the drinks?"
2294,1865,8,27,103,138,1.3115942028985508,0.049112212093043395,659,"Well, you also make my head spin !"
792,1865,13,17,108,138,1.3115942028985508,0.05423045261342613,659,"No, I won’t sleep with you - but IF  you really are Donald Trump, it would explain a lot of things!"
92,1865,10,23,105,138,1.3115942028985508,0.05122091781944237,659,I really wish you'd just get a set of dentures.
6401,1871,8,36,123,167,1.311377245508982,0.04323024931867899,659,I think there's been a bit of a mix up.
2472,1872,9,29,113,151,1.3112582781456954,0.04715802232527832,659,I wish you would just take a laxative like everyone else.
3845,1872,7,33,111,151,1.3112582781456954,0.04524686318553303,659,I thought you said you were from a BLENDED family.
3991,1872,7,33,111,151,1.3112582781456954,0.04524686318553303,659,That frozen daquiri went straight to my head.
4015,1872,9,29,113,151,1.3112582781456954,0.04715802232527832,659,"It’s my tie, isn’t it?"
245,1876,10,26,112,148,1.3108108108108107,0.0487491556409747,659,Let's go somewhere louder after this.
881,1876,10,26,112,148,1.3108108108108107,0.0487491556409747,659,I understand you come from a blended family?
4131,1876,11,24,113,148,1.3108108108108107,0.04968308403335294,659,Could you not pulse during the entree?
4631,1876,8,30,110,148,1.3108108108108107,0.04682545086802161,659,"Actually, I don’t like pina coladas OR getting caught in the rain."
6830,1876,5,36,107,148,1.3108108108108107,0.043781695477925486,659,"Well yes your profile did say you were a mixologist but I thought you meant it as more of a profession."""
6724,1881,9,32,120,161,1.31055900621118,0.04513267608592535,659,"...and so after another horrible Tinder date, I thought I'd try Blender."
858,1881,9,32,120,161,1.31055900621118,0.04513267608592535,659,"Sorry, I don't swallow on the first date."
1178,1881,7,36,118,161,1.31055900621118,0.04337832347580376,659,I have mixed feelings about you.
1466,1884,8,29,108,145,1.3103448275862069,0.04746166165991397,659,"Actually,  you DON'T blend in."
3144,1884,10,25,110,145,1.3103448275862069,0.0494386509600151,659,"Burgers for our 10th anniversary? Don’t even try to smooth talk your way out of this one, Max."
5346,1884,10,25,110,145,1.3103448275862069,0.0494386509600151,659,"Yes Mr. Mixer there is a lot to be said for you.  However, I was hoping the dating agency would match me up with Mr. Vibrator."
240,1887,12,25,121,158,1.3101265822784811,0.04827250271737009,659,"""I don't kiss on the first date."
6469,1887,7,35,116,158,1.3101265822784811,0.04389881824356169,659,"...so,everyone calls you Mr. Smoothie?"
5775,1889,8,24,97,129,1.310077519379845,0.05138400613784052,659,Just what did your ad mean by 'blended family'?
5455,1890,12,29,130,171,1.3099415204678362,0.0456475404627614,659,"Uh, no thanks, I really don't think I'm ready to push your ""Liquify"" button."
5531,1891,9,26,107,142,1.3098591549295775,0.04914928932598675,659,You’re soooo mixed up lately!
6741,1891,7,30,105,142,1.3098591549295775,0.04707305385797126,659,"When you said you just wanted to blend in, this isn't what I had in mind."
6292,1891,6,32,104,142,1.3098591549295775,0.045999807376209914,659,No wonder you have mixed emotions.
4175,1891,8,28,106,142,1.3098591549295775,0.0481223702697873,659,Most just chew their food
893,1891,4,36,102,142,1.3098591549295775,0.043774445021203,659,"Well, I chew each bite 32 thousand times before swallowing."
1119,1891,13,18,111,142,1.3098591549295775,0.05305858200817037,659,I told you not to go to Tijuana for your gastro-bypass surgery.
970,1891,9,26,107,142,1.3098591549295775,0.04914928932598675,659,I like Sir Mix-a-Lot too!
1196,1891,9,26,107,142,1.3098591549295775,0.04914928932598675,659,I’m just saying it’s funny that my name is Brenda!
1318,1899,8,32,115,155,1.3096774193548386,0.04537027473504684,659,When they said this was a mixer I didn't expect...
1808,1899,9,30,116,155,1.3096774193548386,0.04628443593795871,659,The site of our first date. You old smoothie.
4590,1899,9,30,116,155,1.3096774193548386,0.04628443593795871,659,You're mixed up?  What about me?
1571,1902,10,32,126,168,1.3095238095238095,0.044638698599203386,659,Do you have to do that in public?
3626,1903,10,23,106,139,1.3093525179856116,0.05090047333909807,659,Who turned you on?
3322,1903,12,19,108,139,1.3093525179856116,0.052909233742843585,659,"When I read that you blend in well, I could not have seen this"""
4180,1903,6,31,102,139,1.3093525179856116,0.046624033801495386,659,Stop trying to blend in
1063,1903,8,27,104,139,1.3093525179856116,0.04880911141409572,659,"Don’t be so dramatic George, we can just ask for cutlery!"
3205,1903,9,25,105,139,1.3093525179856116,0.04986575750541569,659,Why wouldn't I assume that the text invitation was an autocorrect error for 'blind date' ?
753,1908,10,27,115,152,1.3092105263157894,0.047811600749434566,659,I take it you are from a blended family.
1781,1908,9,29,114,152,1.3092105263157894,0.046891478868581825,659,I identify more as a bread maker.
2636,1908,11,25,116,152,1.3092105263157894,0.04871434636699961,659,"Don't worry honey, you're blending right in."
4875,1908,9,29,114,152,1.3092105263157894,0.046891478868581825,659,This was your idea of a quiet setting?
6884,1908,7,33,112,152,1.3092105263157894,0.0449948223577036,659,"Yes, this is my first blend date."
6908,1908,8,31,113,152,1.3092105263157894,0.045952936954475276,659,I understood you to say you were from a 'blended'  family!
1697,1914,16,19,130,165,1.309090909090909,0.049846906657679185,659,I want a divorce.  I can no longer stomach your machinations.
789,1915,6,30,100,136,1.3088235294117647,0.047272797848004686,659,It's all been such a whirl
3687,1915,8,26,102,136,1.3088235294117647,0.0495235533875104,659,I have to say you use  filters very effectiveley on your tinder picture
5128,1915,9,24,103,136,1.3088235294117647,0.050611409800550226,659,I feel like I'm getting mixed messages from you.
6192,1918,6,34,109,149,1.308724832214765,0.044566282472079,659,"For once in your life, Jim, just cut the spin."
5906,1918,7,32,110,149,1.308724832214765,0.04557245061381208,659,You’re constantly mixing up what I say
2739,1918,9,28,112,149,1.308724832214765,0.04752091853155566,659,"Honestly Herb, could you please chew more quietly?"
5849,1918,12,22,115,149,1.308724832214765,0.05030230474624761,659,"Yeah, watching too much Fox News will do that to you."
236,1922,9,32,121,162,1.308641975308642,0.044894162459776434,659,I misunderstood when you said you had a head for mixed drinks.
5842,1922,7,36,119,162,1.308641975308642,0.04315232729253137,659,Don't worry. You'll blend in just fine.
5817,1924,5,44,126,175,1.3085714285714285,0.03942823826041385,659,You're too mixed up for me.
3327,1925,6,29,98,133,1.3082706766917294,0.047947685387741835,659,So that's why your personal ad said you like to blend in.
3458,1925,6,29,98,133,1.3082706766917294,0.047947685387741835,659,So you were raised in a blended family?
6320,1925,8,25,100,133,1.3082706766917294,0.05026751303921214,659,Take a sip of water....it might help.
5925,1928,8,29,109,146,1.3082191780821917,0.047183366256693095,659,Can't you see you're wasting away in Margaritaville?
5072,1928,6,33,107,146,1.3082191780821917,0.04513671929520491,659,How do you like this settting?
314,1928,4,37,105,146,1.3082191780821917,0.04299275294924717,659,So you stick to processed foods?
905,1928,8,29,109,146,1.3082191780821917,0.047183366256693095,659,I'd prefer you go back to chewing every mouthful 32 times before swallowing.
8,1932,4,41,114,159,1.3081761006289307,0.04083914548620678,659,"When you said let's mix it up a bit, I had a different image."
1686,1932,8,33,118,159,1.3081761006289307,0.04456772136472309,659,...but the thing is... you can eat whatever you want.
1350,1934,11,31,130,172,1.308139534883721,0.04466225028373215,659,I'm leaving you for a Thermomix.
6260,1935,10,28,118,156,1.3076923076923077,0.04691948351642267,659,When you said you were a real smoothie I thought you were joking.
259,1935,8,28,107,143,1.3076923076923077,0.04783376903750963,659,"There you go, mixing metaphors again!"
1630,1935,6,36,114,156,1.3076923076923077,0.0432502715562884,659,"It's great you can blend, grind, mince and chop — but I only wanted a man who can stir fry."
4470,1935,9,26,108,143,1.3076923076923077,0.04885245660735344,659,So... what is your mother like?
4019,1939,11,33,135,179,1.3072625698324023,0.04343129088322004,659,"When I wrote in my profile that I was open to a blended family, I had something else in mind."
1811,1940,12,27,127,166,1.3072289156626506,0.04654210360369476,659,"For starters, I don't do it counter clockwise on the first date."
4358,1941,11,25,117,153,1.3071895424836601,0.04843708460912156,659,"So Oscar, You were from a blended family?"
271,1941,5,37,111,153,1.3071895424836601,0.04278031432093711,659,"It sounds like you're saying that you have mixed feelings for me?"""
219,1941,8,31,114,153,1.3071895424836601,0.045696315271744704,659,"What are your hobbies, besides juicing?"
6365,1944,9,25,106,140,1.3071428571428572,0.0495575786783754,659,"Honey, this is not what I meant by ""Try to blend in""!"
5486,1944,5,33,102,140,1.3071428571428572,0.045220060955157244,659,What’s that you’re Waring?
2269,1944,9,25,106,140,1.3071428571428572,0.0495575786783754,659,"Not to be rude, but you looked way different in your photos on the app."
4229,1944,9,25,106,140,1.3071428571428572,0.0495575786783754,659,Could it just be ADHD?
5003,1944,8,27,105,140,1.3071428571428572,0.04850957309175747,659,...so they never found your head.
3969,1949,9,21,97,127,1.3070866141732282,0.05304361106550342,659,Your profile didn't mention your blended family.
2661,1950,10,30,123,163,1.3067484662576687,0.04549815022758075,659,I thought this app was called Grindr!
2753,1950,12,26,125,163,1.3067484662576687,0.04713345306901847,659,Will you stop looking around the room and pay me some attention.
3881,1950,7,36,120,163,1.3067484662576687,0.04292855213042614,659,"Don't look shocked, everyone says  that I blend in."""
4623,1950,10,30,123,163,1.3067484662576687,0.04549815022758075,659,Would dentures really have been all that bad?
5067,1954,11,24,115,150,1.3066666666666666,0.04910534415679868,659,Perhaps you should get those dental implants.
4196,1954,10,26,114,150,1.3066666666666666,0.04818557217824302,659,A penny for your sauce.
2910,1954,7,32,111,150,1.3066666666666666,0.04531437950922137,659,Not exactly what I meant when I said I wanted someone who blends well with others.
3064,1954,10,26,114,150,1.3066666666666666,0.04818557217824302,659,"Well, they just told me it was a mixer."
978,1954,11,24,115,150,1.3066666666666666,0.04910534415679868,659,"When you said you really felt like a Margarita, I thought you either wanted a cocktail, or were coming out as a woman!"
925,1954,8,30,112,150,1.3066666666666666,0.04629123511982281,659,How long were you on the liquid diet?
1389,1954,9,28,113,150,1.3066666666666666,0.04724789844566308,659,I think you'll blend injust fine.
225,1961,8,26,103,137,1.3065693430656935,0.049212392488627785,659,We're just at different settings right now.
983,1961,12,18,107,137,1.3065693430656935,0.05339689506214616,659,It's not so bad. My last boyfriend was a peckerhead.
4967,1961,8,26,103,137,1.3065693430656935,0.049212392488627785,659,You're giving me mixed signals.
5366,1961,7,28,102,137,1.3065693430656935,0.04810943116997928,659,A blended family is not what I had in mind.
52,1965,8,22,94,124,1.3064516129032258,0.052697270097662195,659,What was it like growing up in a blended family?
6109,1966,8,29,110,147,1.3061224489795917,0.04690817557515632,659,This is not what I meant when I said I thought we should mix things up
6712,1966,7,31,109,147,1.3061224489795917,0.045904128089684255,659,You're quite the smooth operator
6017,1966,11,23,113,147,1.3061224489795917,0.04979900416811918,659,Just turn yourself to off and serve me a daiquiri.
6422,1966,7,31,109,147,1.3061224489795917,0.045904128089684255,659,I've always been a good mixer. How about you?
247,1966,4,37,106,147,1.3061224489795917,0.04275073210282462,659,I do appreciate a man who's helpful in the kitchen.
1908,1966,10,25,112,147,1.3061224489795917,0.048854404673691385,659,"I can tell when you're upset, Dan."
154,1966,6,33,108,147,1.3061224489795917,0.0448776226593899,659,"Like I said in my profile, I like to mix things up."
1562,1973,12,17,105,134,1.3059701492537314,0.05425204993398873,659,What do you mean you don't vote?
2624,1974,12,28,130,170,1.3058823529411765,0.04573494576830147,659,You're making my head spin.
6298,1975,3,31,87,121,1.3057851239669422,0.04671432317706638,659,"Your dating profile said that you, ""like to mix it up""."
4447,1976,11,26,120,157,1.305732484076433,0.047527827259940675,659,"Oh Marty, do you have to put a spin on everything?"
4057,1976,8,32,117,157,1.305732484076433,0.044876680047285566,659,I know. I get that feeling too when I forget my meds.
4459,1976,10,28,119,157,1.305732484076433,0.046660851328738664,659,I’ll ask for another straw.
1182,1976,11,26,120,157,1.305732484076433,0.047527827259940675,659,"I didn't realize you came from a blended family, too."
1108,1976,9,30,118,157,1.305732484076433,0.04577745874766909,659,"But Ashley, I recall your profile saying open to a blended family?"
1649,1976,10,28,119,157,1.305732484076433,0.046660851328738664,659,"I know on the dating app I said I wanted a blended family, but maybe I need to rethink this..."
4838,1982,8,28,108,144,1.3055555555555556,0.047548463987000605,659,I was hoping to smooth things out tonight.
5693,1982,9,26,109,144,1.3055555555555556,0.04855905193316886,659,"Well, personally, I have very mixed emotions on the issue. But you wouldn't understand that, would you?"
3774,1984,6,39,122,167,1.3053892215568863,0.04136109955330641,659,I have mixed feeling about that.
6211,1985,7,26,98,131,1.3053435114503817,0.04953468718392161,659,"I like to mix it up a bit, you know?"
901,1986,11,25,118,154,1.3051948051948052,0.0481628554658857,659,I can see why you love dating mixers.
2656,1986,11,25,118,154,1.3051948051948052,0.0481628554658857,659,"Method acting is fine, Mark, but you don’t have to BE the shake to drink one."
4569,1986,9,29,116,154,1.3051948051948052,0.04636696853343518,659,You don’t seem like other men.
6641,1986,11,25,118,154,1.3051948051948052,0.0481628554658857,659,"As usual, you have everything mixed up."
6541,1990,10,34,133,177,1.305084745762712,0.042972136449899084,659,"Blenderhead is Marvel, not DC."
4973,1991,9,25,107,141,1.3049645390070923,0.049253045114226846,659,My head is spinning too.
5841,1991,6,31,104,141,1.3049645390070923,0.046064206117580164,659,How would I have known that being invited to a mixer would turn out like this?
4805,1991,7,29,105,141,1.3049645390070923,0.04715112096055223,659,I can see you have mixed feelings about this relationship
6697,1991,7,29,105,141,1.3049645390070923,0.04715112096055223,659,I'm more of a single malt girl.
2957,1991,11,21,109,141,1.3049645390070923,0.051268866753727854,659,WHAT? YOU'RE GOING TO HAVE TO SPEAK UP!
2075,1991,7,29,105,141,1.3049645390070923,0.04715112096055223,659,You are one mixed up dude.
598,1991,10,23,108,141,1.3049645390070923,0.050271061015436935,659,I'm sorry. I assumed this gathering was more of a mixer event.
4291,1991,5,33,103,141,1.3049645390070923,0.04495101737056895,659,Sure you can chop. But I need someone who can frappe and liquify.
5781,1999,12,26,126,164,1.3048780487804879,0.04688249817767718,659,Would you think it too forward of me if I asked for a picture of your dick?
544,1999,10,30,124,164,1.3048780487804879,0.045258537727211556,659,"For the hundredth time, no. A frozen margarita would not hit the spot right now."
5623,1999,11,28,125,164,1.3048780487804879,0.04607767286107956,659,Answer me! Don't just shake your head.
5200,2002,8,23,97,128,1.3046875,0.051501320779925364,659,Why do you have to mix everything up?
1445,2003,14,18,119,151,1.304635761589404,0.05146282010192127,659,So how long have you been on your juice cleanse?
1719,2003,7,32,112,151,1.304635761589404,0.04505907575160468,659,You really are mixed up!
3015,2003,8,30,113,151,1.304635761589404,0.04602847519024936,659,"Your profile said you like to mix things up, but I had no idea you were so committed."
3036,2003,12,22,117,151,1.304635761589404,0.04971741557383698,659,Jesus Harry. That's not what I meant when I told you to blend in.
3955,2003,10,26,115,151,1.304635761589404,0.047908464490531356,659,You had me at 'VRVRRVRChzzzz'
887,2008,10,22,106,138,1.3043478260869565,0.051022233816376786,659,"I think it's inappropriate to ask me to drop the food in your head, particularly on a first date."
139,2008,6,30,102,138,1.3043478260869565,0.046691779280993786,659,You could have just ordered the bisque....
830,2008,9,24,105,138,1.3043478260869565,0.04997481186373819,659,I must have a type. My last boyfriend was Eraserhead.
4418,2008,11,27,123,161,1.3043478260869565,0.04666142609104571,659,Its cheaper than dentures.
5994,2012,8,29,111,148,1.304054054054054,0.04663604153335771,659,"John, I love the way you multitask and process at the same time."
5434,2012,9,27,112,148,1.304054054054054,0.0476114380507279,659,"Slow down, I can’t understand what you’re saying."
296,2012,8,29,111,148,1.304054054054054,0.04663604153335771,659,Cindy said you were handy in the kitchen.
4242,2012,6,33,109,148,1.304054054054054,0.04462132946458001,659,There must be some kind of mix up
5291,2012,9,27,112,148,1.304054054054054,0.0476114380507279,659,Must you always get a buzz on before dinner?
5527,2017,7,24,94,125,1.304,0.05108373896942915,659,"Honestly, every time I bring up where our relationship is going you go all frappe on me."
4931,2018,9,30,119,158,1.3037974683544304,0.045527944607497005,659,"Frankly, you're starting to grate on my nerves."
3201,2018,8,32,118,158,1.3037974683544304,0.04463371018747902,659,Don´t stir at me like this!
6066,2018,12,24,122,158,1.3037974683544304,0.04811102478053921,659,Must you chew so loudly?
1098,2021,6,29,100,135,1.3037037037037038,0.04734413965130984,659,"When they said this was a mixer, I didn’t take it literally"
309,2021,9,23,103,135,1.3037037037037038,0.05072615220833686,659,Your profile says you are a mover and shaker.
5853,2023,5,34,106,145,1.303448275862069,0.04412206371877985,659,"Oh, I do a mix of things."
6367,2023,9,26,110,145,1.303448275862069,0.04826901976688751,659,Have you tried chewing with your blade on pulse instead of purée?
2044,2023,9,26,110,145,1.303448275862069,0.04826901976688751,659,I told you to wear something to blend in!
3528,2026,11,32,135,178,1.303370786516854,0.043500273265131485,659,"Honey, no matter how hard you try, you'll never blend in."
4935,2027,7,23,92,122,1.3032786885245902,0.051910191356911425,659,' I'm having mixed feelings about our relationship'
23,2028,9,29,117,155,1.303225806451613,0.0461089160188999,659,"After months of internet dating, they all seemed to blend together"
75,2028,11,25,119,155,1.303225806451613,0.04789161197496605,659,"I'm sorry, but guys who are too smooth make me suspicious"
633,2028,9,29,117,155,1.303225806451613,0.0461089160188999,659,"Honey, it's not polite to speak with your blender full."
2486,2028,12,23,120,155,1.303225806451613,0.048758524158572375,659,"Dearest, could you please chew more quietly?"
2768,2028,4,39,112,155,1.303225806451613,0.04131702111274593,659,Am I right that you're a foodie?
4703,2028,9,29,117,155,1.303225806451613,0.0461089160188999,659,In the personal ad you said you were a Ninja.
6012,2028,12,23,120,155,1.303225806451613,0.048758524158572375,659,Eating out was more fun before you started juicing...
6817,2035,10,30,125,165,1.303030303030303,0.04502134044713949,659,I was hoping you were more of a juicer.
310,2035,8,34,123,165,1.303030303030303,0.04334860361813811,659,"I have to admit I thought ""Blender Head""  meant something like  ""Parrot Head"" or ""Dead Head""."
5948,2037,12,29,134,175,1.302857142857143,0.04473918998827475,659,"Honey, I think you turn me on."
42,2038,9,25,108,142,1.3028169014084507,0.048952096211255416,659,Does the doctor have any idea what's causing your headaches?
1027,2038,11,21,110,142,1.3028169014084507,0.05095182003824887,659,"Yes, you really do have Braun eyes, don't you...?"
2276,2038,9,25,108,142,1.3028169014084507,0.048952096211255416,659,This is what I get for swiping right on Blender.
4120,2038,9,25,108,142,1.3028169014084507,0.048952096211255416,659,I wish you wouldn't mix your metaphors
6080,2038,5,33,104,142,1.3028169014084507,0.044684977789049216,659,"When you said you were a blender on match.com, I had no idea"
557,2043,13,20,119,152,1.3026315789473684,0.05030360393854713,659,"So every time we kiss, I get a free drink?"
4062,2043,8,30,114,152,1.3026315789473684,0.045768555696054404,659,I disagree - Your profile photo does do you justice.
4846,2043,11,24,117,152,1.3026315789473684,0.048540455475045374,659,"Shake? No, I said I wanted a BREAK in our relationship!"
6124,2043,10,26,116,152,1.3026315789473684,0.047634414470886344,659,"When your profile said you were a processor, I envisioned something different..."
6716,2043,8,30,114,152,1.3026315789473684,0.045768555696054404,659,"I don't care how hard you try, you're never going to blend in."
3933,2048,10,29,123,162,1.3024691358024691,0.045576932967382196,659,Sheila said you were a Smoothie operator.
6057,2048,11,27,124,162,1.3024691358024691,0.04641053818708393,659,"Smooth, real smooth."
6147,2048,10,29,123,162,1.3024691358024691,0.045576932967382196,659,They say the secret of blending in is not trying too hard.
2242,2048,11,27,124,162,1.3024691358024691,0.04641053818708393,659,Thank you for having lunch with me.  I’ve been feeling ostracized!
814,2048,10,29,123,162,1.3024691358024691,0.045576932967382196,659,Your profile said you were a real smoothie.
664,2048,9,31,122,162,1.3024691358024691,0.044727794296295496,659,I'm sorry. I can't tell you anything about my childhood; it's all a blur.
2662,2048,11,27,124,162,1.3024691358024691,0.04641053818708393,659,"Trump has everyone's head spinning, Harry."
2899,2055,6,30,103,139,1.3021582733812949,0.04640633284341042,659,"Unfortunately, this is the only relationship I've had that's lived up to its lifetime guarantee."
4047,2055,11,20,108,139,1.3021582733812949,0.051719143464968115,659,You're quite the smoothie aren't you!
4773,2055,8,26,105,139,1.3021582733812949,0.048601199132161516,659,I cannot wait to see your 23 and me results!
5867,2055,4,34,101,139,1.3021582733812949,0.04410236840423389,659,You look like your head is spinning
1239,2059,6,33,110,149,1.3020134228187918,0.044367798464572124,659,I had a different kind of whirlwind relationship in mind
1599,2059,11,23,115,149,1.3020134228187918,0.049213566711110386,659,I just miss the way you whir.
2305,2059,9,27,113,149,1.3020134228187918,0.04733482550189134,659,I just don't think I could deal with a mixed marriage.
3374,2059,9,27,113,149,1.3020134228187918,0.04733482550189134,659,I know my story may be hard to digest.
6796,2059,12,21,116,149,1.3020134228187918,0.05012653857983929,659,"How about using your fork, instead?"
6805,2064,8,32,119,159,1.3018867924528301,0.04439324328599178,659,I'm open to the idea of a blended family.
6632,2064,11,26,122,159,1.3018867924528301,0.04700632443777409,659,"I know you're mixed up, John, but I can't be the one to fix you."
6250,2064,7,34,118,159,1.3018867924528301,0.04348733785309519,659,Your photo on Match.com looked younger.
5582,2064,8,32,119,159,1.3018867924528301,0.04439324328599178,659,I don’t frappé but I do enjoy the occasional pulse.
58,2068,7,27,102,136,1.3014705882352942,0.04819153522836019,659,"Oh my God, I thought it said Speed Eating..."
4847,2068,9,23,104,136,1.3014705882352942,0.050401279660476465,659,will you please stop grinding your teeth?
5364,2068,10,21,105,136,1.3014705882352942,0.05147058823529411,659,"What's wrong? I thought you said this place was just your speed."""
63,2071,4,36,106,146,1.3013698630136987,0.042777740685189296,659,Do you attend many social mixers?
355,2071,11,22,113,146,1.3013698630136987,0.04991240604455193,659,"I don't think we should see each other again, Mr. Waring."
1736,2071,13,18,115,146,1.3013698630136987,0.05177059879637617,659,I'm not sure I'm ready for a blended family.
4554,2071,10,24,112,146,1.3013698630136987,0.048956868423814276,659,"When you mentioned a blended family in you profile, I thought..."
5160,2071,8,28,110,146,1.3013698630136987,0.04698753391366206,659,I'm one less appliance you'll have to put on our wedding registry.
562,2076,8,31,117,156,1.3012820512820513,0.04494263579716196,659,I'm so glad we met at the mixer.
694,2076,11,25,120,156,1.3012820512820513,0.047623308056168476,659,"When Betty invited me to a singles mixer, this isn't quite what I had in mind."
6248,2076,14,19,123,156,1.3012820512820513,0.050160925310734635,659,This is a fine dining restaurant. Where's your tie?
5851,2079,7,36,123,166,1.3012048192771084,0.042270257866670345,659,I just have a lot of mixed emotions right now.
267,2079,10,30,126,166,1.3012048192771084,0.04478652420648602,659,Calm down - your pulse is going crazy.
5030,2079,12,26,128,166,1.3012048192771084,0.04638826846039552,659,First dates usually go pretty smoothly for me.
2284,2082,8,21,94,123,1.3008130081300813,0.05282245572242655,659,"When you said in your dating profile you were looking to start a ""blended family"", this isn't what I pictured."
1346,2083,9,22,102,133,1.300751879699248,0.051171024324946184,659,I didn't believe them when they said you were a real smoothie.
5014,2083,9,22,102,133,1.300751879699248,0.051171024324946184,659,I told you not to cancel your dental insurance.
3479,2085,9,25,109,143,1.3006993006993006,0.048654672570104425,659,‘You didn’t mention this on your Tinder profile.’
4379,2085,6,31,106,143,1.3006993006993006,0.04551700774639592,659,Let's mix things up a bit.
5788,2085,7,29,107,143,1.3006993006993006,0.04658638267160267,659,I'm fine with a blended family.
6545,2088,9,28,116,153,1.3006535947712419,0.04644663530572514,659,"No, that doesn't turn me on."
6739,2088,8,30,115,153,1.3006535947712419,0.04551143393936879,659,Do you have to make so much noise chewing?
4646,2088,11,24,118,153,1.3006535947712419,0.04826270356324893,659,Since when did a smoothie become your answer for everything?
3586,2088,9,28,116,153,1.3006535947712419,0.04644663530572514,659,Do you meet a lot of women on Craigslist
3185,2088,8,30,115,153,1.3006535947712419,0.04551143393936879,659,I feel like you keep sending me mixed signals.
2981,2088,10,26,117,153,1.3006535947712419,0.04736337449156824,659,That first sip of wine always gets my head spinning...
1748,2088,10,26,117,153,1.3006535947712419,0.04736337449156824,659,I used to date a juicer.
900,2088,7,32,114,153,1.3006535947712419,0.044556607896158625,659,"Since you seem to like options, here are several to choose from before I walk away: a) I'm not into whirlwind romance.  b) That's not what ""blended family"" means. c) ""you have my head spinning"" is the cheesiest line I've ever heard."
2252,2096,10,29,124,163,1.3006134969325154,0.04533445048307514,659,Thank goodness the daily grind is over
4301,2096,13,23,127,163,1.3006134969325154,0.04777482063513356,659,"Oh no, that's not why they call me 'Mr. Smoothie'..."
5670,2096,7,35,121,163,1.3006134969325154,0.04275501507993653,659,"I thought you would be stirring, but you're an old smoothie."
4006,2099,10,22,108,140,1.3,0.05038393192372498,659,"I admit it was a lot of fun when we met in college, but these days you just don't know when to shut it off."
4653,2099,11,20,109,140,1.3,0.05139373034732311,659,Must you purée everything I say?
6650,2099,10,22,108,140,1.3,0.05038393192372498,659,But I do need a straw.
3972,2099,9,27,114,150,1.3,0.047061290894652906,659,"That's not what I meant when I said, ""blend in""."
5606,2099,9,24,107,140,1.3,0.04935347680939759,659,They tell me you are quite the smoothie
6006,2099,8,29,113,150,1.3,0.04610075533066856,659,I know you said you were mixed up but I never expected this
6063,2099,8,26,106,140,1.3,0.048301042952061994,659,Don’t deny it... you’ve just come off another weekend blender.
5538,2099,11,26,123,160,1.3,0.04674970150915372,659,"Just once, try chewing your food!"
3679,2099,9,27,114,150,1.3,0.047061290894652906,659,You are such a smooth talker!
1890,2099,8,32,120,160,1.3,0.044155243568473224,659,I’m also from a blended family.
3237,2099,13,13,104,130,1.3,0.05637636538163321,659,This is the last time I get a date from the Shopping Network.
59,2099,10,25,115,150,1.3,0.048002609921587766,659,"Now that we’ve met face-to-face, I understand why you’ve felt mixed up lately."
164,2099,9,27,114,150,1.3,0.047061290894652906,659,“Nonsense - lots of couples don’t blend well at first.”
441,2099,9,27,114,150,1.3,0.047061290894652906,659,She wasn't kidding. You really are a smoothie.
3464,2099,10,25,115,150,1.3,0.048002609921587766,659,I guess it's my fault for picking a dating app that promised to shake things up
2107,2099,7,25,98,130,1.3,0.04962591124989274,659,I’ve never met anyone else who really understands what’s going on in my head.
2827,2099,8,26,106,140,1.3,0.048301042952061994,659,Are you happy with our relationship? You're giving me mixed messages..
1076,2099,9,21,100,130,1.3,0.05197357247809658,659,I can't get mixed up with someone like you.
4956,2117,10,33,134,177,1.2994350282485876,0.04282416761309878,659,You put your own spin on everything!
731,2118,9,32,126,167,1.2994011976047903,0.04373692931190449,659,"Yes, a frozen margarita would be nice."
1904,2119,9,29,119,157,1.2993630573248407,0.04560100783036541,659,"How are things going with your new therapist, dear?"
3869,2119,14,19,124,157,1.2993630573248407,0.049877334549728924,659,You’re the perfect blend of every man I’ve known.
5017,2119,11,25,121,157,1.2993630573248407,0.0473578984943511,659,I like your hat.
5830,2119,10,27,120,157,1.2993630573248407,0.04648775357524984,659,Want me to check your pulse?
230,2119,11,25,121,157,1.2993630573248407,0.0473578984943511,659,Do I make your head spin or are you just happy to see me?
6876,2124,11,22,114,147,1.2993197278911566,0.0496140786147826,659,Is this your first date on Blender?
853,2124,15,14,118,147,1.2993197278911566,0.05323822533909296,659,your head looks like a fuckin blender
3123,2124,7,30,110,147,1.2993197278911566,0.04570344578181841,659,I just don't think this relationship has a pulse.
5350,2124,7,30,110,147,1.2993197278911566,0.04570344578181841,659,You really looked more like a mixer in your profile picture.
6707,2124,6,32,109,147,1.2993197278911566,0.0446723292007039,659,"Really makes your head spin, right?"
6423,2129,8,25,104,137,1.2992700729927007,0.04899698501915311,659,"When you said you sometimes mix your metaphors, I didn't think you meant literally."
4445,2129,9,23,105,137,1.2992700729927007,0.050080402833073225,659,I’m sorry this blind date isn’t working out. I’m really mixed up at the moment.
176,2129,14,13,110,137,1.2992700729927007,0.055179323869559725,659,I want a divorce.
2953,2129,8,25,104,137,1.2992700729927007,0.04899698501915311,659,My ex was a Cuisnart
2056,2133,7,24,96,127,1.2992125984251968,0.05038901365529011,659,You should lay off the news for a while.
4740,2133,8,22,97,127,1.2992125984251968,0.05161431074911196,659,Please stop that: it's quite grating.
527,2135,11,24,119,154,1.2987012987012987,0.047988014279207604,659,"Sure, after dinner we can go for a spin."
616,2135,7,32,115,154,1.2987012987012987,0.04430936428303814,659,I don't smoothie until at least the third date.
1528,2135,11,24,119,154,1.2987012987012987,0.047988014279207604,659,Blended family background?
1944,2135,10,26,118,154,1.2987012987012987,0.047095297818761254,659,You old smoothie you!
3358,2135,12,22,120,154,1.2987012987012987,0.04886442419884887,659,"Sorry, I don't have a speed date setting."
3532,2135,8,30,116,154,1.2987012987012987,0.04525706796723126,659,You look a bit mixed up
5924,2135,4,38,112,154,1.2987012987012987,0.04133609136936066,659,You really do blend in!
6629,2142,9,25,110,144,1.2986111111111112,0.048360715970460114,659,"Puree"" means you're angry, right"
5458,2142,6,31,107,144,1.2986111111111112,0.045248022694922535,659,It’s all a blur now.
1803,2142,10,23,111,144,1.2986111111111112,0.0493546750197042,659,Exactly what do you mean by blending our families
2001,2142,5,33,106,144,1.2986111111111112,0.04416173072554027,659,I just don't think we turn each other on like we used to.
4803,2142,6,31,107,144,1.2986111111111112,0.045248022694922535,659,Are you ok? You seem like your head is spinning.
1859,2147,9,22,103,134,1.2985074626865671,0.0508372839628695,659,So coming from a blended family really messed up your mind?
4054,2147,7,26,101,134,1.2985074626865671,0.04857970501612101,659,"Yes, I did say I wanted to meet someone who’s interests would blend well with mine, but you’re a bit too much!"
4260,2147,3,34,97,134,1.2985074626865671,0.043716179349494184,659,Your profile did mention a tendency toward racing thoughts
5767,2147,6,28,100,134,1.2985074626865671,0.0474106200003679,659,Maybe you should go back on Paxil.
2207,2151,6,36,119,161,1.2981366459627328,0.04211482427449895,659,What do you mean there's been a mix up?
1160,2152,9,27,115,151,1.2980132450331126,0.046790786046770054,659,"Well, you're sure equipped to be a spin doctor."
77,2152,8,29,114,151,1.2980132450331126,0.04583751125578329,659,Why can't you just blend in?
5991,2152,7,31,113,151,1.2980132450331126,0.044863985749969956,659,"Honey, relax, you blend right in."
5744,2155,8,26,107,141,1.297872340425532,0.04800443331758258,659,Sorry -- I keep mixing my metaphors.
4433,2155,12,18,111,141,1.297872340425532,0.05205472224992758,659,“Do you think people know that we met on Blendr?”
2335,2155,12,18,111,141,1.297872340425532,0.05205472224992758,659,... everything must taste the same to you.
5270,2155,6,30,105,141,1.297872340425532,0.0458452982644327,659,I thought this date would have gone smoother.
1257,2155,9,24,108,141,1.297872340425532,0.04904837143816246,659,You don't look like your photo on the website.
1947,2155,8,26,107,141,1.297872340425532,0.04800443331758258,659,I'm sorry Harold but a blended family isn't an option for me.
79,2155,12,18,111,141,1.297872340425532,0.05205472224992758,659,I come from a blended family.
6745,2162,8,23,100,131,1.297709923664122,0.0504758990163529,659,I’m not sure a blended family will work out for us.”
1935,2163,8,34,126,168,1.2976190476190477,0.04268531597293645,659,"Oh Charles, I just can’t help having mixed feelings about you."
2244,2163,9,32,127,168,1.2976190476190477,0.043512322382735856,659,"My personal add read "" I want a mover and shaker."""
6425,2163,8,34,126,168,1.2976190476190477,0.04268531597293645,659,I think I liked you better on Puree'.
6588,2163,6,38,124,168,1.2976190476190477,0.04098126646225077,659,'I prefer my margarita stirred.'
2941,2167,8,20,93,121,1.2975206611570247,0.05332553502625715,659,Why is it everywhere we go you insist on blending in?
2781,2168,9,29,120,158,1.2974683544303798,0.045351070969297406,659,I could never blend in.
1830,2168,10,27,121,158,1.2974683544303798,0.04623143187427464,659,"No, I don't mind that you leave your hat on."
519,2168,7,33,118,158,1.2974683544303798,0.043536976558959106,659,I see why you talk so much about getting out of the daily grind.
824,2168,8,31,119,158,1.2974683544303798,0.04445327865274734,659,Don't try to lie to me! I can see your thoughts whirling in your head!
3666,2172,8,28,112,148,1.2972972972972974,0.04643917259374186,659,Isn't this taking a liquid diet a little too far?
1181,2173,10,32,133,175,1.2971428571428572,0.04309403603545398,659,Do you want to go somewhere quieter?
1217,2174,8,25,105,138,1.2971014492753623,0.04868895819752371,659,"Be honest with me, Jake. Are you on high tonight ?"
1685,2174,7,27,104,138,1.2971014492753623,0.04759021041730343,659,And my mom always said my place was in the kitchen!
4464,2174,8,25,105,138,1.2971014492753623,0.04868895819752371,659,But what really concerns me is the frog.
982,2177,9,31,125,165,1.2969696969696969,0.044025325662036485,659,But I thought YOU wanted a blended family!
6081,2177,10,29,126,165,1.2969696969696969,0.0448568738283862,659,I'm sensing you have mixed feelings about our date.
5321,2179,5,28,95,128,1.296875,0.047526638562299946,659,I'm guessing that you might have come from a blended family.
1828,2179,6,26,96,128,1.296875,0.04880382023053614,659,"I'm so confused, Hamilton, by
your constant blending of fact with fiction."
3967,2179,7,24,97,128,1.296875,0.05004842020641091,659,I take it you'll be having the soup
526,2182,5,36,114,155,1.2967741935483872,0.04212037485683376,659,Please stop. You're making my head spin.
6802,2182,9,28,118,155,1.2967741935483872,0.045926840739655604,659,You would do well to change your setting from agitate to smoothie.
332,2182,8,30,117,155,1.2967741935483872,0.04500541656027989,659,Do you really think this is what our therapist meant when she recommended shaking things up a bit?
1053,2185,11,21,113,145,1.296551724137931,0.050023115280434356,659,I’ve never seen such a clear demonstration of Hegelian thought!
1433,2185,6,31,108,145,1.296551724137931,0.04498205041229769,659,So you were saying... you needed a change of setting?
4328,2185,9,25,111,145,1.296551724137931,0.04807016934787697,659,I've been told you're a real smoothie.
4731,2185,12,19,114,145,1.296551724137931,0.05097153620377408,659,I usually like to just blend in too.
5448,2185,8,27,110,145,1.296551724137931,0.04706331629327182,659,So how's the juice cleanse going?
5807,2185,5,33,107,145,1.296551724137931,0.043904435068469604,659,"I always wanted somebody who could mix things up, but now I’m not really sure."
5860,2185,7,29,109,145,1.296551724137931,0.04603444688390985,659,"Honey, the bow tie looks fine."
6553,2185,11,21,113,145,1.296551724137931,0.050023115280434356,659,Shall we tell your mother we met on Blendr?
5408,2193,10,28,124,162,1.2962962962962963,0.0454078543579917,659,so that's how you plan to smooth things over?
251,2193,8,24,103,135,1.2962962962962963,0.049401138999491764,659,And this is better than dental implants because . . .
4250,2193,9,22,104,135,1.2962962962962963,0.050507730635623,659,"So tell me about your shelf."""
5955,2193,3,34,98,135,1.2962962962962963,0.04344745029204118,659,Your pulse setting is much more pleasant at dinner.
6312,2197,8,29,115,152,1.2960526315789473,0.04557713996595138,659,I have never been on a blend date before
5243,2197,7,31,114,152,1.2960526315789473,0.04461095506414591,659,"If you don't slow down, your brain is going to go to mush!"
4178,2197,8,29,115,152,1.2960526315789473,0.04557713996595138,659,You really needn't try so hard to blend in.
1446,2197,9,27,116,152,1.2960526315789473,0.04652326367761186,659,But your profile said you were a Vitamix.
3279,2197,7,31,114,152,1.2960526315789473,0.04461095506414591,659,PLEASE tell me that is not what you thought a blended family is.
3505,2197,9,27,116,152,1.2960526315789473,0.04652326367761186,659,So I'm guessing you come from a blended family?
504,2203,10,17,98,125,1.296,0.05450540073861873,659,I’m having a hard time believing your intentions are puree.
3154,2203,8,21,96,125,1.296,0.052084298915780626,659,"Yes, your profile mentioned mixed ethnicity."
4359,2205,5,32,105,142,1.295774647887324,0.044460081766443844,659,I can barely hear myself think around you.
3438,2205,9,24,109,142,1.295774647887324,0.048746890712609126,659,"It's over, Tony- I'm not the toaster you want me to be."
6045,2205,8,26,108,142,1.295774647887324,0.04771131137665376,659,Is that a plastic straw????!!??!
2177,2205,7,28,107,142,1.295774647887324,0.04665275031992182,659,What's wrong? It's like your head is in a million places but here.
2801,2205,9,24,109,142,1.295774647887324,0.048746890712609126,659,"Blender? I hardly even know her! “

“Jeff, you’ve got to stop making that joke to every waiter we have..."
3900,2210,11,25,123,159,1.2955974842767295,0.046835585805270565,659,"It's not you, it is me.  Depending on the settings, I get mixed emotions."
5933,2210,8,31,120,159,1.2955974842767295,0.04421241465949171,659,I'm sorry; maybe a younger woman could handle your settings.
1156,2210,10,27,122,159,1.2955974842767295,0.0459778272847125,659,"I get it, you were on a blender last night"
2917,2213,7,25,100,132,1.2954545454545454,0.04897590645272065,659,"I need time honey, I just can't whip up everything like you."
3251,2213,7,25,100,132,1.2954545454545454,0.04897590645272065,659,You are smooth operator.
5191,2213,10,19,103,132,1.2954545454545454,0.05239867055448489,659,Don't say that you're a smoothie  operator.
6597,2213,10,19,103,132,1.2954545454545454,0.05239867055448489,659,I don't think we blend well.
4939,2217,7,30,112,149,1.2953020134228188,0.045176715019635424,659,This is all becoming quite Waring for me.
4665,2217,11,22,116,149,1.2953020134228188,0.049027690810746656,659,"I’m sorry, I just don’t want to get mixed up in all that."
2922,2217,11,22,116,149,1.2953020134228188,0.049027690810746656,659,"Honey, you wouldn't need that thing if you chewed your food properly before swallowing."
2734,2217,10,24,115,149,1.2953020134228188,0.04809386389828714,659,Is it blend or mix during sex?
4733,2217,8,28,113,149,1.2953020134228188,0.04616958199434513,659,"For the last two years I've been dating small kitchen appliances, so I might be a little nervous"
2223,2217,11,22,116,149,1.2953020134228188,0.049027690810746656,659,You know I can't hear you when that's running.
2181,2217,5,34,110,149,1.2953020134228188,0.04312245513454612,659,I'm having trouble processing this news.
146,2217,9,26,114,149,1.2953020134228188,0.047141542434457555,659,"Wow, you are one smoothie talker."
2465,2217,9,26,114,149,1.2953020134228188,0.047141542434457555,659,"Don't take this the wrong way, but you seem a bit mixed-up."
5545,2226,14,21,131,166,1.2951807228915662,0.04778257337463926,659,"Let me guess, you told the bartender how to make a margarita"
5910,2226,9,31,126,166,1.2951807228915662,0.043795862449138565,659,I think I’d rather order dessert off the menu.
754,2228,10,21,108,139,1.2949640287769784,0.050493588529071806,659,"When your head stops spinning, I'm concerned what will come pouring out."
1777,2228,7,27,105,139,1.2949640287769784,0.047294917685490004,659,"Bob, I think you've had enough margaritas."
3106,2228,10,21,108,139,1.2949640287769784,0.050493588529071806,659,I think there's been a mix-up
3711,2228,9,23,107,139,1.2949640287769784,0.04945035963456586,659,"You know, it's rude to talk with food in your mouth."
3739,2228,7,27,105,139,1.2949640287769784,0.047294917685490004,659,You can't really expect me to cut up your food for you.
5453,2228,7,27,105,139,1.2949640287769784,0.047294917685490004,659,Sorry. My mind is awhirl.
5829,2228,7,27,105,139,1.2949640287769784,0.047294917685490004,659,"No, you’ve got it all mixed up."
3599,2235,9,28,119,156,1.294871794871795,0.04567112695908522,659,I’m a little shaken up from my last relationship but ready to move on.
402,2235,10,26,120,156,1.294871794871795,0.046567851825606826,659,"I tend to prefer table top mixers."""
5657,2235,9,28,119,156,1.294871794871795,0.04567112695908522,659,"Don't worry, I think you blend right in."
5494,2238,5,28,96,129,1.2945736434108528,0.04721289812046446,659,"Why yes, I do enjoy a good daiquiri. Why do you ask?"
634,2239,6,31,109,146,1.2945205479452055,0.044719044435320085,659,I’m still not sure about blended families.
1272,2239,11,21,114,146,1.2945205479452055,0.04972081547657818,659,No wonder your profile on match.com said you blended in well with others.
3899,2239,8,27,111,146,1.2945205479452055,0.046783966888104454,659,You don't look anything like your profile picture...
5585,2239,13,17,116,146,1.2945205479452055,0.051585910035929945,659,‘You’re not going to like where mine is...’
6477,2239,10,23,113,146,1.2945205479452055,0.04876152356485978,659,Quit trying to smoothie this over.
5619,2244,10,28,125,163,1.294478527607362,0.04516501369728003,659,I told you that was the wrong lid.
5825,2244,12,24,127,163,1.294478527607362,0.0468119555920638,659,"My gosh Ralph, you’re such a smoothie."
6722,2246,8,24,104,136,1.2941176470588236,0.04908492380527736,659,I've never heard of a 'Mixed Masters' degree.
6290,2246,9,27,117,153,1.2941176470588236,0.046258677391591126,659,"Honey, you just have one of those faces that just blends into the crowd."
5049,2246,13,19,121,153,1.2941176470588236,0.049838363557016194,659,"My friends said, swipe right on anyone who's got a pulse."
4952,2246,7,31,115,153,1.2941176470588236,0.044360642578847934,659,I appreciate a man who chews his food thoroughly...
4874,2246,7,26,103,136,1.2941176470588236,0.04796245701688192,659,Sorry about the delay.  Should I have ordered a head?
4657,2246,8,29,116,153,1.2941176470588236,0.04531959754911555,659,"One sec, I gotta process what you just said..."
4236,2246,9,27,117,153,1.2941176470588236,0.046258677391591126,659,I have mixed emotions about our relationship.
2501,2246,8,29,116,153,1.2941176470588236,0.04531959754911555,659,"Honey, I think Margaritaville fans call themselves 'parrotheads'."
3146,2246,14,22,134,170,1.2941176470588236,0.046936841556162685,659,I just don't think I could accept a blended family.
2674,2246,7,31,115,153,1.2941176470588236,0.044360642578847934,659,Slowdown Gladys you’re making my head spin.
2053,2246,11,28,131,170,1.2941176470588236,0.04465675942615504,659,My favorite band of all time? Motörhead.
1962,2246,7,31,115,153,1.2941176470588236,0.044360642578847934,659,Honey?  Mixing your meds again?
1927,2246,11,23,119,153,1.2941176470588236,0.04808184540999141,659,I'll bet you have one long cord.
1641,2246,7,26,103,136,1.2941176470588236,0.04796245701688192,659,"When you said that you could mix your own drinks, this is not what I had in mind."
3636,2246,9,22,105,136,1.2941176470588236,0.05018228977282247,659,"I just feel like ever since the surgery, things have been different."
90,2261,11,25,124,160,1.29375,0.046578596422113115,659,When are you going to tell the children?
3929,2261,9,29,122,160,1.29375,0.04485903409851324,659,"I wish you'd stop trying to blend in here, Donald."
6561,2263,7,28,108,143,1.2937062937062938,0.046371509940098726,659,"I'll be honest, this wasn't what I expected when your profile described you as ""mixed."""
6225,2263,7,28,108,143,1.2937062937062938,0.046371509940098726,659,"Ed, I  just wanted to blend our families."
3729,2263,7,28,108,143,1.2937062937062938,0.046371509940098726,659,"If you had opted for dentures or implants instead of a blender, you wouldn’t need a power cord right now."
5895,2263,6,30,107,143,1.2937062937062938,0.045297062574576955,659,I'm getting a lot of mixed signals right now
1488,2263,7,28,108,143,1.2937062937062938,0.046371509940098726,659,"Oh dear, I knew I shouldn't have mentioned Donald Trump!"
3265,2263,10,22,111,143,1.2937062937062938,0.049454990676809155,659,"Wait - was that a No, or are you still chewing?"
312,2263,6,30,107,143,1.2937062937062938,0.045297062574576955,659,I'm very good in the kitchen.
4533,2270,7,35,125,167,1.2934131736526946,0.04188007969615104,659,Push the pause button.
301,2271,8,28,114,150,1.2933333333333332,0.04590298754409703,659,"Yes, mine was a blended family."
1329,2271,9,26,115,150,1.2933333333333332,0.046867576469095375,659,Weren't you listening? Where is your head these days?
2222,2271,11,22,117,150,1.2933333333333332,0.04873951827123914,659,I apologize in advance for whatever comes out. I don't have an off switch.
2420,2271,9,26,115,150,1.2933333333333332,0.046867576469095375,659,Your pressure to start a blended family  is Waring on me.
2491,2271,11,22,117,150,1.2933333333333332,0.04873951827123914,659,"i know, my head is spinning too with all the trumpian lies"
5715,2271,8,28,114,150,1.2933333333333332,0.04590298754409703,659,So...chewing twenty times wasn't enough?
6338,2271,10,24,116,150,1.2933333333333332,0.047812709426463984,659,You're mixing up everything I say.  Just process.
6759,2278,11,29,134,174,1.293103448275862,0.04391469650730437,659,"You’re smoothie talking me, again."
950,2279,6,29,105,140,1.292857142857143,0.04589682850197191,659,"Perhaps you should have asked the doctor for a ""Dental Appliance""."
6731,2279,7,27,106,140,1.292857142857143,0.04700312531585776,659,"When I learned it was a blind date with a Kitchenaid, I assumed you were a cook's assistant."
5416,2279,9,23,108,140,1.292857142857143,0.049141058548792416,659,"Lucy created her perfect robot husband with the parts she had but not the ones she wanted. 
Drew Bridges, Wake Forest, NC"
3771,2279,6,29,105,140,1.292857142857143,0.04589682850197191,659,Safe sex is out of the question.
244,2279,6,29,105,140,1.292857142857143,0.04589682850197191,659,Let's take it slow.
2155,2279,7,27,106,140,1.292857142857143,0.04700312531585776,659,I notice you are having mixed feelings about this date
1034,2279,9,23,108,140,1.292857142857143,0.049141058548792416,659,"Actually, you´re the first one who ever asked me to purée on a first date."""
2884,2279,6,29,105,140,1.292857142857143,0.04589682850197191,659,"When you said you came from a ""blended family"", I admit I pictured something slightly different."
5682,2287,8,37,136,181,1.292817679558011,0.040515653775322284,659,"I have to confess, I haven't had much luck with dating mixers."
1574,2288,7,22,94,123,1.2926829268292683,0.051281988767931885,659,"Calm down, Harold.  You forgot to drop the food in."
3120,2288,9,30,125,164,1.2926829268292683,0.04408411708007125,659,Do you like art? I'm a real puréeist.
6609,2290,6,31,110,147,1.2925170068027212,0.04445895911030836,659,Just unplug and relax.
2434,2290,7,29,111,147,1.2925170068027212,0.04549491186152165,659,"Just to clarify, it’s not just a blender—it’s a Vitamix"
2963,2290,9,25,113,147,1.2925170068027212,0.04749908341766955,659,"Yes, your vegan protein shakes are great, but I need more."
1023,2290,7,29,111,147,1.2925170068027212,0.04549491186152165,659,"Oh, let's give it a whirl, then!"".."
1622,2290,9,25,113,147,1.2925170068027212,0.04749908341766955,659,Its natural after a break up to go on a bit of a blender
5552,2295,8,34,129,171,1.2923976608187135,0.04204119270069229,659,"I usually save Pulse for the second date, but..."
1013,2296,6,26,98,130,1.2923076923076924,0.04815765434045453,659,Do you have a setting for romance?
3400,2297,11,23,120,154,1.2922077922077921,0.047806769370392244,659,I feel you’re trying too hard to blend in.
3483,2297,8,29,117,154,1.2922077922077921,0.04506484088691572,659,You can Pulse but do you have one?
4897,2297,10,25,119,154,1.2922077922077921,0.04691060391649483,659,"That's why I love you, Jim... because you're such an old smoothie."
6883,2297,11,23,120,154,1.2922077922077921,0.047806769370392244,659,"Yes, I'm totally crushing, too."
5796,2301,11,30,137,178,1.2921348314606742,0.04320412575285299,659,Me? I come from a blended family.
3069,2302,9,22,106,137,1.2919708029197081,0.04986088842646562,659,I'm starting to have mixed feelings about this.
2471,2302,8,24,105,137,1.2919708029197081,0.048772594637979616,659,Could you turn that damn thing off? Everybody's looking at us.
4917,2302,7,26,104,137,1.2919708029197081,0.04765945636245658,659,Let's face it: I've got mixed feelings about you.
6341,2302,6,28,103,137,1.2919708029197081,0.04651969017318503,659,Why are you always so mixed up?
4876,2306,11,25,125,161,1.2919254658385093,0.04632432885147918,659,I don't think I can handle a blended family.
4407,2306,10,27,124,161,1.2919254658385093,0.045478606970609715,659,How's the tinnitus?
1640,2306,7,33,121,161,1.2919254658385093,0.042841386967846944,659,Do I have any corn stuck in my blades?
3168,2306,6,35,120,161,1.2919254658385093,0.041925465838509306,659,I guess it is easier than asking the waiter to do it for you.
3428,2310,16,17,135,168,1.2916666666666667,0.04876151254810005,659,Dental implants were too expensive.
6014,2310,7,28,109,144,1.2916666666666667,0.0460935082154906,659,I didnt think speed dating would include puree.
5075,2310,11,20,113,144,1.2916666666666667,0.05013094740887996,659,And that's why they say I'm so smooth... Tell me about you!
2972,2310,8,26,110,144,1.2916666666666667,0.04713530096155743,659,I don't know why you don't like crowds.. You tend to blend in well
6771,2310,9,24,111,144,1.2916666666666667,0.0481545604679525,659,So how did you get the nickname Juice-head?
2124,2310,11,20,113,144,1.2916666666666667,0.05013094740887996,659,Maybe I just didn't understand when you said you had a good head for food.
1038,2310,5,25,90,120,1.2916666666666667,0.04935981384847322,659,"In all honesty, I have reservations about blended families."
713,2310,10,22,112,144,1.2916666666666667,0.04915268854281311,659,"Wow, my head is really spinning"
323,2310,11,20,113,144,1.2916666666666667,0.05013094740887996,659,Nothing personal. I don’t kiss on the first date.
2369,2310,14,14,116,144,1.2916666666666667,0.05295740910852021,659,"Oh, I thought you said you loved Jews."
4670,2320,6,32,113,151,1.2913907284768211,0.043661758287244556,659,"So, you have a blended family ?"
3764,2320,9,26,116,151,1.2913907284768211,0.04659667154406444,659,How did I get mixed up with a guy like you?
1711,2320,7,30,114,151,1.2913907284768211,0.044661497483675136,659,I can't wait until your new dentures are ready
1487,2323,10,26,122,158,1.2911392405063291,0.046051719860048704,659,What are you waring?
2350,2323,10,26,122,158,1.2911392405063291,0.046051719860048704,659,I see you’ve been reading the news again.
4734,2323,10,26,122,158,1.2911392405063291,0.046051719860048704,659,"No,my Tinder profile says I like ""blander"" cuisine."
5638,2323,5,36,117,158,1.2911392405063291,0.04144433165887908,659,"My friends said we'd blend, but I find you a bit dicey."
6295,2323,12,22,124,158,1.2911392405063291,0.04777041147232562,659,"Tom, either you quit following Donald Trump on Twitter or we have to break up."
5012,2328,9,21,104,134,1.291044776119403,0.05061026617466473,659,"So, we'd be a blended family!"
6285,2329,7,34,124,165,1.290909090909091,0.04213288187708536,659,Millie was right; you are a real smoothie.
6656,2329,13,22,130,165,1.290909090909091,0.04710242791314237,659,I do think you should eat a bit slower.
5157,2329,9,30,126,165,1.290909090909091,0.043852017003590725,659,"No, I'm not interested in creating a blended family."
2976,2329,10,28,127,165,1.290909090909091,0.04468679027733588,659,Your profile said you come from a “blended“ family!?
2454,2329,13,22,130,165,1.290909090909091,0.04710242791314237,659,I'm sorry. I'm seeing someone else. He's top-of-the-line.
9,2329,7,34,124,165,1.290909090909091,0.04213288187708536,659,"Sorry, this setting is just making me uncomfortable."
2891,2335,7,27,107,141,1.2907801418439717,0.04671477520129208,659,I see you've been alternating between Fox and CNN again...
3456,2335,8,25,108,141,1.2907801418439717,0.04778689511467523,659,"At least turn it off for dinner, sweetie."
5978,2335,2,37,102,141,1.2907801418439717,0.040935126836723755,659,"George, you're not blending in very well!"
2288,2338,12,26,134,172,1.2906976744186047,0.04496440569056973,659,"It’s not you, it’s me."
6835,2338,11,28,133,172,1.2906976744186047,0.04420179094903042,659,"Yeah, just makes your head spin. Right?"
5848,2340,10,23,115,148,1.2905405405405406,0.04818204353884149,659,There's another appliance.
5803,2340,9,25,114,148,1.2905405405405406,0.04721843555457532,659,Blending in is harder than it looks.
4615,2340,9,25,114,148,1.2905405405405406,0.04721843555457532,659,"You know, you’re not as smooth as you think you are."
6729,2340,6,31,111,148,1.2905405405405406,0.04420174958245293,659,"this speed dating confuses me - are we going low, medium, or high??  Or maybe I should just try a mixer....."
3552,2340,10,23,115,148,1.2905405405405406,0.04818204353884149,659,"The more I try to blend, the more I get noticed."
4770,2340,7,29,112,148,1.2905405405405406,0.04522967310855908,659,I said you were Pure not Puree
3033,2340,6,31,111,148,1.2905405405405406,0.04420174958245293,659,Hasn't anyone ever told you before that you eat way too fast?
2554,2340,9,25,114,148,1.2905405405405406,0.04721843555457532,659,Your profile said that you were a sheik.
844,2340,7,29,112,148,1.2905405405405406,0.04522967310855908,659,"Your profile said you liked to stir things up, but this is not what I expected"
381,2340,7,29,112,148,1.2905405405405406,0.04522967310855908,659,This isn't what I thought Sandra meant when she said you came from a blended family.
3403,2340,7,29,112,148,1.2905405405405406,0.04522967310855908,659,"Since were at such a nice restaurant, could you adjust yourself to frappe?"
531,2351,11,23,121,155,1.2903225806451613,0.04753473532987144,659,"Yes, I know that your profile says you are a Ninja--I was just expecting something else."
1372,2351,13,19,123,155,1.2903225806451613,0.04926586469355507,659,I’ve been a little mixed up lately.
3149,2351,7,31,117,155,1.2903225806451613,0.04386801044765344,659,That's not what I meant when I said we need to shake up this marriage.
3846,2351,8,29,118,155,1.2903225806451613,0.04481282764116549,659,"Yes, I do like smoothies. Why do you ask?"
6463,2355,10,27,125,162,1.2901234567901234,0.04523291185758809,659,No need for a Heimlich maneuver ever again.
4799,2356,7,24,100,131,1.2900763358778626,0.04905274118029801,659,"You are really nice . But, you seem mixed up on what you are looking for. I need something solid."
3344,2357,9,31,129,169,1.2899408284023668,0.04312109334736757,659,"Sorry, I can't hear you."
6344,2358,6,28,104,138,1.289855072463768,0.04622979978435579,659,Don't get so upset - I'll ask the waiter to bring you a straw.
5947,2358,10,20,108,138,1.289855072463768,0.05059980710723713,659,I have mixed feelings for you.
5826,2358,5,30,103,138,1.289855072463768,0.04507114226758212,659,"Well, I’ve got a first date story that’ll really make your head spin..."
4565,2358,6,28,104,138,1.289855072463768,0.04622979978435579,659,We are not blending into the crowd.
2259,2358,8,24,106,138,1.289855072463768,0.04846408395601442,659,You really have over six million subscribers on Youtube?
2302,2358,8,24,106,138,1.289855072463768,0.04846408395601442,659,Osterizer?! I hardly know 'er!
1606,2358,7,26,105,138,1.289855072463768,0.04736011941389737,659,You must've had a awful day! You're  already up to puree.
2737,2358,7,26,105,138,1.289855072463768,0.04736011941389737,659,I can see that there is no electricity between us.
6643,2366,10,22,113,145,1.289655172413793,0.04885395525828369,659,"No, actually, this is my first date from Grindr..."
1666,2366,7,28,110,145,1.289655172413793,0.04581869293791896,659,I think you're taking this smart appliance thing a bit too far.
3463,2366,9,24,112,145,1.289655172413793,0.04786359267507359,659,Just what is the difference between puree and liquefy?
4386,2366,5,32,108,145,1.289655172413793,0.04367816091954022,659,Mixed marriage?
4890,2366,7,28,110,145,1.289655172413793,0.04581869293791896,659,"Yes, I'm proud to say I'm an offspring of a blended family"""
6602,2366,10,22,113,145,1.289655172413793,0.04885395525828369,659,"I was only kidding when I
 said I was pregnant."
4564,2372,9,26,117,152,1.2894736842105263,0.046328779191793075,659,Stop twirling while I' m talking to you!
6899,2372,9,26,117,152,1.2894736842105263,0.046328779191793075,659,Should we have gone to a juice bar instead?
6456,2372,9,26,117,152,1.2894736842105263,0.046328779191793075,659,I can't seem to get my head on right. I just have so much stuff going on up there.
3277,2372,13,18,121,152,1.2894736842105263,0.04994906690184136,659,"No, you can't ""borrow"" my phone."
730,2372,9,26,117,152,1.2894736842105263,0.046328779191793075,659,Are you OK? You've barely liquified your dinner”
800,2372,8,28,116,152,1.2894736842105263,0.04537860074596002,659,"Darn it, Bobby, you always mix everything up."
269,2372,10,24,118,152,1.2894736842105263,0.04725985777742666,659,I told you I come from a blended family.
82,2372,6,32,114,152,1.2894736842105263,0.04341590324040133,659,"Thomas, I’m sorry.  I’m sleeping with your brother Edward Scissorhands."
2341,2372,6,32,114,152,1.2894736842105263,0.04341590324040133,659,"Yes, you did tell me you were a smoothie."
102,2381,8,30,121,159,1.2893081761006289,0.0440251572327044,659,"Sweetheart, don't make whirring sounds at the dinner table."
5930,2381,13,20,126,159,1.2893081761006289,0.04833499714352308,659,you look nothing like your profile photo!
6073,2381,9,28,122,159,1.2893081761006289,0.04492021777846088,659,"So, how do you feel about blended families?"
623,2384,12,24,130,166,1.2891566265060241,0.046064736075847934,659,You looked a lot different in your Tinder profile.
3419,2385,6,25,97,128,1.2890625,0.048542162134326036,659,Sorry. I thought we were invited to a mixer.
181,2386,8,34,131,173,1.2890173410404624,0.04162204432912362,659,You ever have one of those days where your head's just spinning?
4579,2387,8,23,104,135,1.288888888888889,0.049168505367048546,659,"Oh, you’re such a smoothie!"
3769,2387,9,21,105,135,1.288888888888889,0.05028021717875754,659,I thought you meant something quite different when you said your mind is in a whirl!
3261,2387,12,28,140,180,1.288888888888889,0.043503382781123166,659,"Your sentences are really choppy tonight, try another setting."
3513,2387,12,15,108,135,1.288888888888889,0.05347686600843074,659,You're just not what I had in mind when I asked for a blend of Tom Cruise and Julio Iglesias.
2707,2387,7,25,103,135,1.288888888888889,0.048031069116936574,659,I hope you'll excuse me.  It's how I deal with fiber.
2412,2387,9,21,105,135,1.288888888888889,0.05028021717875754,659,My eyes are up here.
3192,2387,7,25,103,135,1.288888888888889,0.048031069116936574,659,"At this point in my life, I guess I’m looking for more of a ‘pulse’ kind of guy"
38,2394,5,31,106,142,1.2887323943661972,0.044226090148175225,659,I think you're mixing me up with someone else.
2018,2394,6,29,107,142,1.2887323943661972,0.04534134063590939,659,Not what I thought you meant when you said you were in a blended family
3297,2394,9,23,110,142,1.2887323943661972,0.048533571198323196,659,Should I ask the waiter for more Kale?
3434,2394,6,29,107,142,1.2887323943661972,0.04534134063590939,659,Why don’t you just try to chew your food ?
4632,2394,7,27,108,142,1.2887323943661972,0.04642981037575552,659,You just had to push all my buttons.
5173,2394,6,29,107,142,1.2887323943661972,0.04534134063590939,659,"Yeah, he pushes my buttons too."
6762,2394,10,21,111,142,1.2887323943661972,0.049551969225548984,659,You’re shaking your head.
6852,2394,7,27,108,142,1.2887323943661972,0.04642981037575552,659,You're my very first Blendr date.
5252,2402,9,25,115,149,1.2885906040268456,0.04694098051275167,659,"To be honest, I prefer shaken or stirred to blended."
6665,2402,12,19,118,149,1.2885906040268456,0.049754796916479785,659,So wait. What happened at Smoothie King?
5886,2402,10,23,116,149,1.2885906040268456,0.0478972898300701,659,"Honey, we could just ask for mayonnaise."
3038,2402,7,29,113,149,1.2885906040268456,0.04496739049982912,659,I have mixed feelings about our relations
155,2402,10,23,116,149,1.2885906040268456,0.0478972898300701,659,"When the classified ad spoke of a 'social mixer', this was not what I pictured."
1793,2402,6,31,112,149,1.2885906040268456,0.043947371784862375,659,"No thanks, my teeth still process my food."
560,2402,6,31,112,149,1.2885906040268456,0.043947371784862375,659,I didn't know this is what you meant by a 'mixer.'
2206,2402,8,27,114,149,1.2885906040268456,0.045964779232922755,659,Do you want my straw?
1130,2410,9,27,120,156,1.2884615384615385,0.04548208400724727,659,"But I've grown beyond Margaritas, Larry."
3745,2410,12,21,123,156,1.2884615384615385,0.04813272196186993,659,I just wanted you to blend in. You’re so literal.
4521,2410,7,31,118,156,1.2884615384615385,0.04362561167209823,659,"So after 18 years of marriage you suddenly want to ""mix things up?"""
6068,2410,8,29,119,156,1.2884615384615385,0.04456351624034515,659,Are you gonna eat that?
5149,2414,9,29,125,163,1.2883435582822085,0.044139998834525074,659,What's whirring you?
5369,2414,10,27,126,163,1.2883435582822085,0.04498977505112473,659,"'Hey, big blender!''"
348,2416,9,31,130,170,1.2882352941176471,0.042900604972475165,659,I wish I could blend in like you.
700,2417,7,20,91,118,1.2881355932203389,0.0526037875969292,659,What do you mean mixed feelings about our relationship?
6569,2418,7,22,96,125,1.288,0.05056583061521339,659,You're shaking... It's okay I'm nervous too.
651,2419,8,22,102,132,1.2878787878787878,0.04990194297647228,659,I’m going to take a wild guess that you come from a blended family.
3092,2419,7,24,101,132,1.2878787878787878,0.04872928782388635,659,"'True, juicing was on your profile.'"
6626,2419,7,24,101,132,1.2878787878787878,0.04872928782388635,659,"I'm leaving you Charles, our personalities just don't mix"
3921,2422,5,30,104,139,1.2877697841726619,0.04479427867946288,659,I think we have different definitions of 'mixed marriage'.
5754,2422,4,32,103,139,1.2877697841726619,0.043614939961646976,659,Have you told your family yet that we met on Blendr?
6079,2422,6,28,105,139,1.2877697841726619,0.04594335443748851,659,Oh! I thought your profile said you were good at blending *in*.
6468,2422,8,24,107,139,1.2877697841726619,0.04815932563978985,659,My friends think you blend right in.
5461,2426,7,28,111,146,1.2876712328767124,0.04554701289352375,659,"No, my name is Julianne."
5056,2426,9,24,113,146,1.2876712328767124,0.04757601292775532,659,"No, Jerry, you blend just fine. But we don't blend together."
4945,2426,6,30,110,146,1.2876712328767124,0.044497832219482995,659,"They did say this was a ‘mixer,’ but..."
5708,2426,6,30,110,146,1.2876712328767124,0.044497832219482995,659,I'm not sure how I feel about a blended family...
3104,2426,7,28,111,146,1.2876712328767124,0.04554701289352375,659,"Frankly, I prefer mine on the rocks."
2561,2426,10,22,114,146,1.2876712328767124,0.04855873059905398,659,It's all about smoothies for you isn't it?
4760,2426,12,18,116,146,1.2876712328767124,0.050466790466311834,659,I’ve been cheating on you with the Ninja.
913,2433,10,24,119,153,1.2875816993464053,0.04698805977920887,659,Now I understand why your profile mentioned blended families.
1673,2433,8,28,117,153,1.2875816993464053,0.04512071739016899,659,You say YOU have problems blending in?
2399,2433,11,22,120,153,1.2875816993464053,0.04789443677317868,659,"I guess I took it another way when you said in your profile that you were ""a good blender."
2518,2433,8,28,117,153,1.2875816993464053,0.04512071739016899,659,Is it too cliché to suggest you had me at puree?
282,2437,11,24,125,160,1.2875,0.04640156620106641,659,"'You're a real smoothie, Pete.'"
1510,2437,6,34,120,160,1.2875,0.04195263501742959,659,I like a ninja that can pulse.
1838,2437,11,24,125,160,1.2875,0.04640156620106641,659,"I know we just met, but you've got my head spinning."
4008,2437,8,30,122,160,1.2875,0.043786485235837044,659,At least it's not kale.
4349,2437,8,30,122,160,1.2875,0.043786485235837044,659,You did say you came from a blended family.
5839,2442,9,30,128,167,1.2874251497005988,0.04339482258815329,659,"I'm seeing a new appliance now. Well, it's more like a toy."
136,2443,6,25,98,129,1.2868217054263567,0.04821649342877802,659,I'm having mixed feelings about this
1168,2443,5,27,97,129,1.2868217054263567,0.046943649278253195,659,"So, you say you're a juicer?"
5386,2443,7,23,99,129,1.2868217054263567,0.049456589748739704,659,"I know your mind's a constant blur of brilliant ideas  but could you please hit the ""OFF"" button while we eat?"
5733,2443,9,19,101,129,1.2868217054263567,0.051847876828185056,659,"That's what, your Waring?"
1194,2447,6,27,103,136,1.286764705882353,0.04656862745098039,659,Celebrate your difference instead trying to blend in.
5694,2447,7,25,104,136,1.286764705882353,0.04772388840551284,659,Normal people use a fork and knife.
825,2449,7,27,109,143,1.2867132867132867,0.046148174993094856,659,"You know, some of my best friends are appliances."
3076,2449,6,29,108,143,1.2867132867132867,0.04506840355452776,659,"Well, did you buy the extended warranty?"
3194,2449,9,23,111,143,1.2867132867132867,0.04823525855297528,659,"I'm afraid you're mixed up, and we don't blend well."
6167,2452,7,29,114,150,1.2866666666666666,0.04470801785532241,659,"There’s been a mix-up. No, I don’t like Piña coladas and getting caught in the rain."
6033,2452,7,29,114,150,1.2866666666666666,0.04470801785532241,659,"When you look at me that way, it gives me the shakes. """
4514,2452,9,25,116,150,1.2866666666666666,0.046666666666666676,659,I imagine you're a real smoothie on the dance floor too.
6859,2452,10,23,117,150,1.2866666666666666,0.0476157876800411,659,I just feel like you aren't hearing me.
962,2452,10,23,117,150,1.2866666666666666,0.0476157876800411,659,I grew up in a blended family
748,2452,10,23,117,150,1.2866666666666666,0.0476157876800411,659,"You're a real smoothie, aren't you?"
231,2452,11,21,118,150,1.2866666666666666,0.04854635614547944,659,"...for my third wish — and, in retrospect, this is where I fucked up — for my third wish I asked the genie if I could have a Vitamix blender for a head."
2932,2452,7,29,114,150,1.2866666666666666,0.04470801785532241,659,It's nice to mix things up for a change.
2090,2460,9,27,121,157,1.286624203821656,0.04522879522522273,659,You’re grinding your molars.
3495,2460,9,27,121,157,1.286624203821656,0.04522879522522273,659,Everybody’s staring at us. Do you think you could chew your food at a lower speed in public?
5751,2460,7,31,119,157,1.286624203821656,0.04338577281631521,659,You really do come from a blended family.
6757,2460,9,27,121,157,1.286624203821656,0.04522879522522273,659,"Yes, mastication is an important part of digestion, but I think you’re taking it a bit too far."
5806,2464,8,31,125,164,1.2865853658536586,0.04304478831253317,659,"Ok,fine,you're 'literally' mixed-up."""
5258,2465,6,37,128,171,1.286549707602339,0.040191776395605845,659,"So ,Ed, this is how you mix business with pleasure."
3510,2465,7,35,129,171,1.286549707602339,0.04103874193294408,659,"You're a real smoothie, Harry."
1290,2467,11,29,138,178,1.2865168539325842,0.04304907539596055,659,A margarita would go great with these tacos...!
2688,2467,11,29,138,178,1.2865168539325842,0.04304907539596055,659,"That's not what 'wearing blender' means, honey."
4861,2469,8,24,108,140,1.2857142857142858,0.04785825496092456,659,Sorry about the mix-up.
4363,2469,10,22,115,147,1.2857142857142858,0.04826695559996328,659,I feel like everything I say to you just gets pulverized.
4543,2469,9,30,129,168,1.2857142857142858,0.043169661793634156,659,Can I mix you another drink.
6582,2469,8,20,98,126,1.2857142857142858,0.05146383270897637,659,You’re missing my point about blending conversation with a meal.
4247,2469,6,24,96,126,1.2857142857142858,0.048934219347295735,659,I’m not ready to be part of a blended family.
4625,2469,10,24,120,154,1.2857142857142858,0.04671928144055204,659,"When I saw ""scatterbrained"" on your Tinder account this was not what I envisioned."
4637,2469,6,32,116,154,1.2857142857142858,0.04293205686927954,659,So you're a Ninja.
4792,2469,6,28,106,140,1.2857142857142858,0.04566029699933242,659,Stop giving me mixed signals!
4921,2469,9,26,119,154,1.2857142857142858,0.045801842981455405,659,You did say we were going to a mixer?
5881,2469,8,30,123,161,1.2857142857142858,0.04355029525162823,659,This is my first blend date.
5008,2469,9,26,119,154,1.2857142857142858,0.045801842981455405,659,"This protein shake diet is going a bit too far, don’t you think ?"
5027,2469,10,26,125,161,1.2857142857142858,0.0452979880304808,659,I’m just so sick of singles mixers
5575,2469,7,26,107,140,1.2857142857142858,0.046772188798323865,659,I can't stand the way you chew your food.
5857,2469,9,28,124,161,1.2857142857142858,0.04443273532044575,659,"I'm more of a mixer than a blender."""
5892,2469,7,28,112,147,1.2857142857142858,0.0452784178449531,659,"I don’t mean to sound like your mother, but please slow down and chew your food!"
6476,2469,11,20,116,147,1.2857142857142858,0.04922282969318586,659,It's just... the picture in your profile made it look like you had a puree setting.
6547,2469,6,34,121,161,1.2857142857142858,0.04172947056216268,659,This is not what I meant when I said I wanted to mix things up
4241,2469,9,26,119,154,1.2857142857142858,0.045801842981455405,659,"I don't mean to mince words, but . . ."
4989,2469,4,34,109,147,1.2857142857142858,0.04207815635452091,659,Must you give everything a mixed review?
3916,2469,9,32,134,175,1.2857142857142858,0.04200018989490487,659,I was so tired of all those awlful mixers!
3225,2469,9,28,124,161,1.2857142857142858,0.04443273532044575,659,I really don’t see why you have such trouble blending in.
3716,2469,9,24,114,147,1.2857142857142858,0.04729176506299245,659,"Just out of curiosity, why don't your teeth no longer do the trick?"
3783,2469,7,22,97,126,1.2857142857142858,0.05021495743414883,659,"This just isn't working out.  I'm a ""shaken, not stirred"" kind of girl."
152,2469,8,30,123,161,1.2857142857142858,0.04355029525162823,659,"No, you really do look just like your profile picture..."
1135,2469,8,28,118,154,1.2857142857142858,0.044865648136121705,659,"I'm getting mixed messages from you.  Also pureed, blended, whipped..."
1288,2469,7,30,117,154,1.2857142857142858,0.0439094972056236,659,I get it. Tax season makes my head spin too.
1441,2469,10,24,120,154,1.2857142857142858,0.04671928144055204,659,I know I'm not an appliance but I'm willing to convert.
1453,2469,8,28,118,154,1.2857142857142858,0.044865648136121705,659,"It's over, Harry.  When you described yourself as an excellent mixer I thought we'd socializing more."
1975,2469,10,24,120,154,1.2857142857142858,0.04671928144055204,659,I feel like you're having mixed emotions about our relationship.
2036,2469,8,26,113,147,1.2857142857142858,0.046296037440127856,659,When she mentioned you were from a blended family I had something else in mind
2306,2469,6,28,106,140,1.2857142857142858,0.04566029699933242,659,"You are more mixed up than I imagined, Harold"
2608,2469,6,22,91,119,1.2857142857142858,0.05083389106934592,659,"No matter what I say, you just make a hash of it."
2807,2469,5,34,115,154,1.2857142857142858,0.041931838371378836,659,Well my ex-husband said we’d make a nice mix
2853,2469,8,22,103,133,1.2857142857142858,0.049572596331706964,659,You said I made your head spin. Now what?
2857,2469,7,28,112,147,1.2857142857142858,0.0452784178449531,659,I was hoping you were looking for a whirlwind romance.
2951,2469,5,34,115,154,1.2857142857142858,0.041931838371378836,659,"I'm sorry Jake, I'm just not sure I'm ready for a blended family."
3501,2469,5,28,100,133,1.2857142857142858,0.04599650864368002,659,I really only grind in my sleep.
3588,2469,9,20,104,133,1.2857142857142858,0.050708613406591115,659,...and so you said your mother is from Maytag?
3589,2469,7,30,117,154,1.2857142857142858,0.0439094972056236,659,Are you ok? You seem mixed up.
2526,2469,7,30,117,154,1.2857142857142858,0.0439094972056236,659,"Unlike you in crowds, I have trouble blending in."
5705,2509,8,33,131,172,1.2848837209302326,0.041657770439277333,659,I know what you mean. I come from a blended family too
1452,2509,11,27,134,172,1.2848837209302326,0.04403825843496294,659,I just feel like you're not hearing me.
2348,2511,10,27,128,165,1.284848484848485,0.044511025404519275,659,How long will you be on the liquid diet?
5901,2511,8,31,126,165,1.284848484848485,0.04281835730789982,659,"I'm a little mixed up, too."
285,2511,7,33,125,165,1.284848484848485,0.04194641692134844,659,"Can you tell I'm pulsating"""
3392,2514,5,35,118,158,1.2848101265822784,0.04123757930113808,659,"I'm usually nervous on first dates, but we seem to mix well together."
5283,2514,5,35,118,158,1.2848101265822784,0.04123757930113808,659,No. Actually I think you are quite good at blending in.
5935,2514,5,35,118,158,1.2848101265822784,0.04123757930113808,659,You're still working on the gazpacho?
6551,2514,9,27,122,158,1.2848101265822784,0.044978223252496785,659,I didn't think this was that kind of mixer...
6866,2514,9,27,122,158,1.2848101265822784,0.044978223252496785,659,It's all going to end up in the same place anyway.
6881,2519,9,25,117,151,1.2847682119205297,0.04639544341228343,659,Lately it seems like you're just going through the motions.
100,2519,5,33,113,151,1.2847682119205297,0.04241858421046354,659,"The dating website said you came from a ""blended"" family."
587,2519,5,33,113,151,1.2847682119205297,0.04241858421046354,659,All my blather must have your head spinning.
1243,2519,6,31,114,151,1.2847682119205297,0.043446938985050934,659,"When you said you were a real smoothie, I thought..."
4764,2519,7,29,115,151,1.2847682119205297,0.04445150984973728,659,"Honey, slow down. You are talking too fast."
4786,2519,6,31,114,151,1.2847682119205297,0.043446938985050934,659,Don't you want to take off your appliance before we eat?
6388,2525,8,25,111,144,1.2847222222222223,0.046916574486865814,659,I wish you wouldn’t talk with food in your mouth!
5521,2525,7,27,110,144,1.2847222222222223,0.04586981430588673,659,Of course I still love you. But now I also love sous vide.”
2679,2525,5,31,108,144,1.2847222222222223,0.043701140376497465,659,I can see you have mixed emotions about our future
4486,2525,6,29,109,144,1.2847222222222223,0.04479860229216347,659,"I don't know, I am getting mixed signals from you."
445,2529,10,19,108,137,1.2846715328467153,0.05070235032645914,659,"Don't worry, you blend."
1422,2529,5,29,103,137,1.2846715328467153,0.04510008086298866,659,"Blend in, honey, blend in."
1569,2529,10,19,108,137,1.2846715328467153,0.05070235032645914,659,Donna was right. You are not what I expected.
5799,2529,6,27,104,137,1.2846715328467153,0.04627482577821218,659,No. You’re not overdressed. You blend right in!
6189,2529,8,23,106,137,1.2846715328467153,0.04853909676452005,659,I'm pretty sure that's not what your therapist meant by trying harder to blend in.
3451,2534,5,23,88,116,1.2844827586206897,0.05019606906660046,659,"I'm not sure this is what is meant by ""blending in""."
5645,2535,8,32,129,169,1.2840236686390532,0.042118651881780315,659,"I’m sorry, I guess I’m more attracted to tempests in a teapot."
4474,2536,8,30,124,162,1.2839506172839505,0.04331655087457262,659,I bet you DO make a great smoothie.
2958,2536,9,28,125,162,1.2839506172839505,0.04419281407390758,659,You might find what I’m going to tell you hard to digest.
3487,2536,10,26,126,162,1.2839506172839505,0.04505203715563248,659,I’m looking for someone who’s a bit more levelheaded.
2188,2536,7,32,123,162,1.2839506172839505,0.04242219164031854,659,"You're only here for the food, aren't you?"
2599,2536,8,30,124,162,1.2839506172839505,0.04331655087457262,659,"Well Fred, you certainly have a buzz on tonight."
158,2541,7,30,118,155,1.2838709677419355,0.043664216237242676,659,Please don’t chew with your mouth open. You remember what happened last time.
2184,2541,6,32,117,155,1.2838709677419355,0.04269398785603557,659,I too have mixed feelings about plastic straws.
3891,2541,9,26,120,155,1.2838709677419355,0.045542706778752565,659,Being part of a blended family makes my head spin too Harold.
5846,2544,7,28,113,148,1.2837837837837838,0.04501285851357185,659,I have never been able to blend in like you.
5557,2544,7,28,113,148,1.2837837837837838,0.04501285851357185,659,I don't think that's the best way to blend in
5510,2544,9,24,115,148,1.2837837837837838,0.047010794061335605,659,My mom told me you were a little mixed up.
5966,2544,9,24,115,148,1.2837837837837838,0.047010794061335605,659,It's totally worth not having to floss.
3581,2544,3,36,109,148,1.2837837837837838,0.040723982837314654,659,Your profile did say you were a “good mixer.”
2446,2544,9,24,115,148,1.2837837837837838,0.047010794061335605,659,You looked different on your dating page.
904,2544,6,30,112,148,1.2837837837837838,0.0439798677602105,659,So where are you from?
4589,2544,8,26,114,148,1.2837837837837838,0.04602266935891564,659,"Honestly Dave, your mood swings have me worried.  I don't know if its chop, puree, or blend."
5031,2552,12,16,113,141,1.2836879432624113,0.05164590013235741,659,I'm looking forward to meeting your parents.
4914,2552,6,28,107,141,1.2836879432624113,0.045380571447692516,659,So I suppose you've had trouble blending in?
5903,2552,8,24,109,141,1.2836879432624113,0.04756080855185876,659,I suppose I could give you a whirl.
2658,2552,7,26,108,141,1.2836879432624113,0.046483474348555785,659,"I know it's alot to process, your head must be spinning"
1271,2552,9,22,110,141,1.2836879432624113,0.048614273960435536,659,"Lucia, I am you mother"
832,2557,7,24,103,134,1.2835820895522387,0.04809458881742017,659,"Your profile said you were a bartender, not a bar blender."
5762,2557,5,28,101,134,1.2835820895522387,0.045701726140799336,659,"Honey, I think there are other ways to be part of the farm-to-table movement."
6581,2557,6,26,102,134,1.2835820895522387,0.046913416235472225,659,I know. Sometimes I wish I could just blend in too.
4248,2560,7,22,98,127,1.2834645669291338,0.04986876640419947,659,You're mixing metaphors again.
397,2561,13,8,99,120,1.2833333333333334,0.05938920354463203,659,"It was at that moment that she regretted  abandoning Tinder for the new dating app, “Blender”"
6159,2562,5,39,129,173,1.283236994219653,0.03894071728155637,659,Your friend did say that you were very mixed up
31,2562,11,27,135,173,1.283236994219653,0.04381391871490425,659,So you actually invented the Blender dating app?
6389,2564,9,29,128,166,1.283132530120482,0.04344290822955232,659,"When I accepted this blind date, all I heard was “smoothie’"
5248,2564,9,29,128,166,1.283132530120482,0.04344290822955232,659,I've tried to blend in all my life.
444,2566,10,25,124,159,1.2830188679245282,0.04561155137981816,659,Faster!
5381,2566,4,37,118,159,1.2830188679245282,0.040034293348000335,659,"You can shake, dice and chop but I’m not changing my mind."
6898,2566,5,35,119,159,1.2830188679245282,0.04101653495571941,659,It’s funny. Some girls look nothing like their profile pic.
762,2569,11,21,120,152,1.2828947368421053,0.04797917227590347,659,Don't you ever get tired of just blending in?
4118,2569,10,23,119,152,1.2828947368421053,0.04706232672255111,659,I'm sorry. I've never seen Blade Runner.
4238,2569,12,19,121,152,1.2828947368421053,0.04887882310389133,659,"As soon as I saw your profile on Blendr, I just had to swipe right."
4742,2569,8,27,117,152,1.2828947368421053,0.04517284411080174,659,"""You worry way too much about blending in."
5407,2569,8,27,117,152,1.2828947368421053,0.04517284411080174,659,I'm not sure I want a blended family.
6136,2569,7,29,116,152,1.2828947368421053,0.04419782199744824,659,"No, that's not what I said...hmmm...I think you're mixing things up again..."
6152,2569,4,35,113,152,1.2828947368421053,0.04113432073215858,659,"Yes, my profile does say that I like milk shakes and smoothies. ."
6766,2576,6,29,110,145,1.282758620689655,0.04453188650071384,659,"I thought your profile said, 'smooth,' not, 'smoothie.'"
6623,2576,7,27,111,145,1.282758620689655,0.045594674644364834,659,Why are you so concerned about blending in?
6169,2576,8,25,112,145,1.282758620689655,0.04663324775885241,659,"Gee, you really are a whizz at sending mixed signals."
2758,2576,6,29,110,145,1.282758620689655,0.04453188650071384,659,"I know you're trying hard to blend in, but..."
2468,2580,5,29,104,138,1.2826086956521738,0.04481957250615243,659,You looked a lot different in your photo.
2784,2580,9,21,108,138,1.2826086956521738,0.04931470542163095,659,"I have mixed feelings about a blended family, too."
4306,2580,4,31,103,138,1.2826086956521738,0.04362347483680385,659,"Sorry you're crushed, but despite your many settings we just don't blend"""
4392,2580,6,27,105,138,1.2826086956521738,0.045984569177401784,659,Ive had enough of your spin!
5197,2580,10,19,109,138,1.2826086956521738,0.050375854271855605,659,"Well, they said it was a mixer."
5888,2580,9,21,108,138,1.2826086956521738,0.04931470542163095,659,You can imagine why I don't take my hat off in church anymore
1427,2586,6,25,100,131,1.282442748091603,0.04757762043207198,659,I am only processing my emotions.
4542,2587,9,28,126,163,1.2822085889570551,0.04395538908017317,659,Why do you keep mixing up my words?
5296,2587,8,30,125,163,1.2822085889570551,0.04308521634099655,659,I didn't mean to push your buttons and play on your mixed emotions.
5875,2587,8,30,125,163,1.2822085889570551,0.04308521634099655,659,So what's it like growing up in a blended family?
6278,2590,8,28,120,156,1.2820512820512822,0.04436377910170186,659,Why can't you see that this relationship is on the rocks?
4839,2590,10,24,122,156,1.2820512820512822,0.04619059285246492,659,"So, your profile says you came from a blended family?"
871,2590,9,26,121,156,1.2820512820512822,0.045286398422963496,659,"Don't take this the wrong way, but I have such mixed emotions about our future together."
2030,2590,7,30,119,156,1.2820512820512822,0.043421560430802184,659,I’m afraid this just won’t work out if you keep sending mixed messages.
6620,2594,6,30,113,149,1.2818791946308725,0.04372520355343353,659,I think this juicing diet has gone to your head.
1044,2594,9,24,116,149,1.2818791946308725,0.04673304602196192,659,Why didn't you tell me about your digestive disorder?
1311,2594,10,22,117,149,1.2818791946308725,0.04769352484413388,659,Are you sure they gave you the right head?
2364,2594,9,24,116,149,1.2818791946308725,0.04673304602196192,659,This conversation is Waring on me.
2387,2594,8,26,115,149,1.2818791946308725,0.045752408340147585,659,"So you're on a juice cleanse, too?"
2670,2594,8,26,115,149,1.2818791946308725,0.045752408340147585,659,Did you want me to cut that up for you?
2945,2594,7,28,114,149,1.2818791946308725,0.04475028656172384,659,"I'm sorry, apparently I misunderstood when I read on your profile that you came from a blended family."
3122,2594,8,26,115,149,1.2818791946308725,0.045752408340147585,659,Do you need a straw
3269,2594,8,26,115,149,1.2818791946308725,0.045752408340147585,659,Why didn't you just learn how to chew your food better?
4346,2594,8,26,115,149,1.2818791946308725,0.045752408340147585,659,"When you said you were open to a 'blended family', well, honestly . . . I didn't expect this."
6651,2594,7,28,114,149,1.2818791946308725,0.04475028656172384,659,When you said you wanted to mix things up...
6799,2594,6,30,113,149,1.2818791946308725,0.04372520355343353,659,"You work at Jamba Juice, do you?"
6246,2606,6,28,108,142,1.2816901408450705,0.045104122851706306,659,I'll just whip up a sauce while the meat is resting.
2846,2606,8,24,110,142,1.2816901408450705,0.04726692437588792,659,I am listening
542,2606,6,28,108,142,1.2816901408450705,0.045104122851706306,659,What happens when we kiss?
744,2606,9,22,111,142,1.2816901408450705,0.0483120301873452,659,I was told you an old smoothie.
986,2606,6,28,108,142,1.2816901408450705,0.045104122851706306,659,I misread your profile as ‘smooth operator.’
4866,2611,10,29,135,174,1.2816091954022988,0.04282293057084196,659,So much for my experiment with Grindr
3689,2612,9,20,106,135,1.2814814814814814,0.05004348783418763,659,"Hey mush for brains, I'm talking to you!"
619,2612,8,22,105,135,1.2814814814814814,0.04892639732390831,659,I'm getting mixed signals from you.
845,2614,11,25,131,167,1.281437125748503,0.044853630559495,659,"I’m sorry, but I don’t wanna get mixed up in that..."
2794,2614,7,33,127,167,1.281437125748503,0.04151227176145364,659,"You sure you wouldn't rather go home and get your teeth?"""
779,2614,11,25,131,167,1.281437125748503,0.044853630559495,659,When Mary said you would blend in I had a different image of you.
6534,2617,9,27,124,160,1.28125,0.04448506480343754,659,"Yes, we do have a blended family."
5262,2617,11,23,126,160,1.28125,0.046218542761196545,659,My dentist said it would be better than dentures.
5624,2617,5,26,97,128,1.28125,0.04697741436722461,659,"Really Arthur, you need to try meditation."
4974,2617,7,22,99,128,1.28125,0.04952716883444788,659,I see you come from a blended family.
142,2617,10,25,125,160,1.28125,0.04536008534788372,659,"Well, Sally did say you like to mix it up."
1610,2617,11,23,126,160,1.28125,0.046218542761196545,659,"I regret the day we saw ""Edward Scissorhands."""
574,2617,3,39,118,160,1.28125,0.03882296842538564,659,"Oh, I like you, too. It's just your variable speed control is set a little fast for me."
4841,2617,6,33,121,160,1.28125,0.04175011298143113,659,"Well, I've been telling you to get the damn blade sharpened!"
2066,2625,7,29,117,153,1.2810457516339868,0.043946910637508094,659,"You're slurring your words again,Dear.  Perhaps you should try  the mix setting rather than puree."
3232,2625,9,25,119,153,1.2810457516339868,0.045862071241845694,659,Can you PLEASE stop making margaritas?!
3817,2625,8,27,118,153,1.2810457516339868,0.04491469989420642,659,You're quieter than most guys I go out with.
4863,2625,9,25,119,153,1.2810457516339868,0.045862071241845694,659,"This is a very important topic! And you can't think of anything to say except, ""'Mmm hmmm...'?"""
6134,2625,11,21,121,153,1.2810457516339868,0.04770040044489289,659,I want to see other blenders.
4269,2630,9,23,114,146,1.2808219178082192,0.04736131401948726,659,Don’t do that. It makes head spin.
4095,2630,5,31,110,146,1.2808219178082192,0.04318797078463212,659,"Blended, not stirred."
3222,2630,7,27,112,146,1.2808219178082192,0.045322703395465715,659,"That's not what I meant when I said ""blended family""."
686,2630,6,29,111,146,1.2808219178082192,0.04426820678301526,659,"So, what are your superpowers exactly?"
3042,2630,10,21,115,146,1.2808219178082192,0.04834839580525957,659,"I think you need to stop going to mixers, Henry."
2782,2630,8,25,113,146,1.2808219178082192,0.04635321730325652,659,Who's your dentist?
3052,2630,8,25,113,146,1.2808219178082192,0.04635321730325652,659,"No thanks, I'll eat mine..."
5412,2637,10,28,133,171,1.280701754385965,0.04330923986444272,659,How's your... soup?
1339,2637,5,38,128,171,1.280701754385965,0.039136849766094085,659,I know you told me that I stirred something in you but I never dreamed  it was this bad.
6032,2637,7,34,130,171,1.280701754385965,0.04085696891379272,659,Match.com may have misconstrued my desire to find a partner to start a blended family.
6790,2640,9,21,109,139,1.2805755395683454,0.04900083621306406,659,"I'm sorry Stanley, it's too early in our relationship for pulsing."
4309,2640,5,29,105,139,1.2805755395683454,0.04454238758035183,659,"My head's spinning, too, but not that fast."
2061,2640,7,25,107,139,1.2805755395683454,0.046824706304139325,659,I think you should apologize to the bartender.
1265,2640,9,21,109,139,1.2805755395683454,0.04900083621306406,659,I thought that a mixer meant a get-together of people
534,2640,8,23,108,139,1.2805755395683454,0.04792512425674259,659,"I'm sorry, but it's really not polite to eat with you lid on."
359,2640,9,21,109,139,1.2805755395683454,0.04900083621306406,659,I'm OK with a blended family.
232,2640,7,25,107,139,1.2805755395683454,0.046824706304139325,659,"I get why your profile said ""really smooth"""
599,2647,11,24,129,164,1.2804878048780488,0.045399436339853654,659,"No, I prefer this blind date. I struggle with a mixer."
1867,2647,11,24,129,164,1.2804878048780488,0.045399436339853654,659,"When you said you were into cuisine art, I had something else in mind"
3676,2647,8,30,126,164,1.2804878048780488,0.042856256517744475,659,I’m sorry I don’t come with an instruction manual.
5866,2647,12,22,130,164,1.2804878048780488,0.04621607424980686,659,"Well, your profile did say you were a smooth talker, George."
1623,2651,8,21,103,132,1.2803030303030303,0.049651100455820406,659,I don't think I'm ready for a blended family.
3835,2651,8,21,103,132,1.2803030303030303,0.049651100455820406,659,You're using a straw?
3023,2653,6,32,119,157,1.2802547770700636,0.04222536894060715,659,I wanted to mix things up after my divorce.
675,2653,12,20,125,157,1.2802547770700636,0.047675336245684034,659,"When you listed “will never choke” as one of your attributes on Tinder, I kind of assumed you were a professional athlete."
2514,2653,5,34,118,157,1.2802547770700636,0.04124709038031996,659,I don’t do whirlwind romances.
468,2656,9,24,117,150,1.28,0.0464584681381658,659,They said it was a mixer.
1474,2656,5,32,113,150,1.28,0.042431679524773294,659,Your match.com profile didn't mention this.
4998,2656,11,20,119,150,1.28,0.048346252998251245,659,You could have just asked them for more ketchup.
6034,2656,9,24,117,150,1.28,0.0464584681381658,659,"Drinking your dinner again, I see."
2493,2660,6,28,109,143,1.2797202797202798,0.044830897352064594,659,So you want me to call you “Juice” “
6556,2660,5,30,108,143,1.2797202797202798,0.04371860360477925,659,"I always come prepared, it’s 5 o’clock somewhere."
3571,2660,4,32,107,143,1.2797202797202798,0.04257726206453724,659,"I’m sorry, when I’m nervous I go straight to liquify."
2134,2660,7,26,110,143,1.2797202797202798,0.045916254351056195,659,It's surprising how good you are at blending in.
4763,2660,5,30,108,143,1.2797202797202798,0.04371860360477925,659,I'm looking for someone who's not so mixed up this time.
1881,2660,10,20,113,143,1.2797202797202798,0.04902837527748082,659,Stanley's effort to blend in resulted in an unfortunate mix up
1001,2660,8,24,111,143,1.2797202797202798,0.04697654169764333,659,You get one drink in you and you just start to turn.
543,2660,6,28,109,143,1.2797202797202798,0.044830897352064594,659,Are you having mixed feelings?
2042,2660,8,24,111,143,1.2797202797202798,0.04697654169764333,659,I see you’ve started to prepare your mind for our inevitable political discussions.
5772,2669,8,17,93,118,1.2796610169491525,0.0536723163841808,659,"`“You can quote Linda Ronstadt all you want, but being ‘sort of like a Waring blender’ does not make you a ‘credit to your gender.’”"
56,2670,6,33,122,161,1.279503105590062,0.041526744473159696,659,"Yes, my dear, things really are spinning way out of control!"
1765,2670,9,27,125,161,1.279503105590062,0.04424239777857304,659,We met at a mixer.
2108,2672,9,20,107,136,1.2794117647058822,0.049717257725566,659,"Don't be so nervous, just blend in."
2742,2672,8,22,106,136,1.2794117647058822,0.048609394707985344,659,"I know your dating ad asked if I liked piña coladas, but this isn’t what I was expecting."
6633,2672,9,20,107,136,1.2794117647058822,0.049717257725566,659,Have you considered doing an ancestral DNA test?
4275,2675,8,27,119,154,1.2792207792207793,0.04465939650873419,659,But I don't want a blended family!
4270,2675,9,25,120,154,1.2792207792207793,0.04559982603418519,659,I just don't know if I want my kids to grow up in that kind of a blended family...
4017,2675,7,29,118,154,1.2792207792207793,0.04369873291870973,659,"So,you really were serious about coming from a blended family..."
3768,2675,7,29,118,154,1.2792207792207793,0.04369873291870973,659,"When I agreed to meet you, it was because your profile said you were part of a ""blended family""!"
1705,2675,8,27,119,154,1.2792207792207793,0.04465939650873419,659,There's something different about you... new barber?
95,2675,7,29,118,154,1.2792207792207793,0.04369873291870973,659,Your profile said you try to blend in.
3596,2675,7,29,118,154,1.2792207792207793,0.04369873291870973,659,I wish you wouldn't eat so fast
510,2682,8,32,132,172,1.2790697674418605,0.04147944521301944,659,"You only have one speed, don't you?"
3540,2682,5,26,98,129,1.2790697674418605,0.046662787317188016,659,This isn’t what I meant when I said I wouldn’t mind a blended family!
687,2684,7,27,113,147,1.2789115646258504,0.04505384898202644,659,So it seems like you're after something a little more fluid ...
1692,2684,10,21,116,147,1.2789115646258504,0.04805635429828093,659,"So I said ""I'd rather have a Nutribullet in my head"", and here we are."
4061,2684,8,25,114,147,1.2789115646258504,0.04607642855312028,659,"No, Gordon, I do not agree that it's 'pretty much the same as turning your phone on vibrate.'"
4561,2684,5,31,111,147,1.2789115646258504,0.042935688976236765,659,Daily grind getting you down again?
5153,2684,6,29,112,147,1.2789115646258504,0.04400751467624242,659,It’s so hard to find a man with purée intentions these days.
5838,2684,8,25,114,147,1.2789115646258504,0.04607642855312028,659,They say blended marriages don’t work.
3838,2690,12,22,131,165,1.2787878787878788,0.04596656677938891,659,I saw you staring at her
2274,2690,10,26,129,165,1.2787878787878788,0.044329511631296344,659,You are grating on me.
5152,2692,7,25,108,140,1.2785714285714285,0.046532218880272584,659,"I know it's a lot to process, but you're just too headstrong for me..."
3651,2692,6,27,107,140,1.2785714285714285,0.04541445222616682,659,"I know your profile said ""blended family,"" but this is not what I had in mind."
4314,2692,9,21,110,140,1.2785714285714285,0.04869083322104082,659,I thought that you meant that your parents are of different races.
2136,2692,10,19,111,140,1.2785714285714285,0.049735019480020515,659,And now you tell me you come from a blended family!
2537,2692,6,27,107,140,1.2785714285714285,0.04541445222616682,659,My head is literally spinning!
5992,2697,6,32,120,158,1.2784810126582278,0.04199474529880327,659,"I know you don't get along with my parents, Harold, but could you try not to stir things up this time?"
6448,2697,6,32,120,158,1.2784810126582278,0.04199474529880327,659,"The juicing thing has kind of gone to your head, don’t you think?"
4618,2697,7,30,121,158,1.2784810126582278,0.04294396683813463,659,It's​ not about me it's about you
2842,2697,9,26,123,158,1.2784810126582278,0.04478209014730891,659,"Your online profile stated you are quite the mover and shaker, but I feel a bit let down now to see you are more of a mixer and shaker."
2901,2697,9,26,123,158,1.2784810126582278,0.04478209014730891,659,I'm sorry I complained about your clicking dentures.
4162,2697,11,22,125,158,1.2784810126582278,0.046547684240234734,659,"I don't care if it is cheaper, I will go with implants or dentures."
1893,2703,8,21,104,133,1.2781954887218046,0.04932141881026054,659,Could you chew a bit more quietly? You're making a scene!
2332,2703,7,23,103,133,1.2781954887218046,0.04815268618576098,659,"I'm sure you are a power house, smart and intelligently designed, but when I said I wanted a 'smoothie,' I meant someone suave and urbane."
5438,2703,8,21,104,133,1.2781954887218046,0.04932141881026054,659,"I said, ""shaken, not blended!"""
6139,2703,7,23,103,133,1.2781954887218046,0.04815268618576098,659,"Frankly, I can't be with a man who is so mixed up about what he wants."
2673,2707,5,32,114,151,1.2781456953642385,0.04219050707426151,659,"It's okay, we all feel a little mixed up these days."
6329,2707,8,26,117,151,1.2781456953642385,0.045221007833030055,659,I bet you never choke
5560,2709,5,37,127,169,1.2781065088757397,0.039334862477577115,659,It’s so nice to meet someone else from a blended family.
6685,2710,6,23,97,126,1.2777777777777777,0.04865021103252996,659,"Oh, I thought your profile said you wanted to start a blended family."
6291,2710,10,20,114,144,1.2777777777777777,0.04872544551705718,659,You can call me Sir Mix-A-Lot.
6258,2710,9,32,139,180,1.2777777777777777,0.04098080242408491,659,"So, do you go to singles mixers often?"
6135,2710,8,29,125,162,1.2777777777777777,0.04312215179535924,659,"Honey Bun, it's rude to talk with your blender full."""
5856,2710,6,33,123,162,1.2777777777777777,0.04130565945798412,659,"Clockwise, darling. Clockwise. Please."
2830,2710,6,28,110,144,1.2777777777777777,0.04456084214122663,659,I suggest the pulse setting.
3639,2710,7,26,111,144,1.2777777777777777,0.04563763523080941,659,"That’s too funny, my middle name is Margarita!"
3066,2710,7,21,98,126,1.2777777777777777,0.04993823345387607,659,This is not what I meant when I said to blend in.
1250,2710,8,24,112,144,1.2777777777777777,0.04668960105404107,659,This is still better than the men I meet on Tinder.
290,2710,9,27,126,162,1.2777777777777777,0.04400228643563344,659,You shouldn't have insulted the chef
4350,2710,6,28,110,144,1.2777777777777777,0.04456084214122663,659,I just feel like I keep getting mixed messages from you.
3228,2721,9,30,134,173,1.277456647398844,0.042076943569614084,659,"I'm sorry, I thought you said you were from a BLENDED family."
4217,2722,4,35,116,155,1.2774193548387096,0.040457670650330145,659,I assume you'd be ok with a blended family.
2719,2723,9,20,108,137,1.2773722627737227,0.049395146815321624,659,Is it normal for you to spin out of control on a first date?
5711,2723,6,26,105,137,1.2773722627737227,0.04602014676247625,659,So you made this yourself?
1285,2723,10,18,109,137,1.2773722627737227,0.0504700181876622,659,"You don't have to spin out of control every time you don't get your way, Frank."
663,2723,7,24,106,137,1.2773722627737227,0.04717198442927356,659,I know I said we had to mix things up a bit but...
4089,2727,6,21,92,119,1.2773109243697478,0.050526877536999686,659,I'm just getting so many mixed feelings from you..
2840,2728,8,30,128,166,1.2771084337349397,0.04240532355492023,659,"Oh dear, your all mixed up again!"
2898,2728,11,24,131,166,1.2771084337349397,0.04491402360266584,659,"You're great Harold, but I'm not sure this is the way to create a blended family."
1604,2730,7,27,114,148,1.277027027027027,0.044788060842162865,659,"But, Sebastian, you know I think the whirlllled of you."
3885,2730,9,23,116,148,1.277027027027027,0.046795595099493624,659,"If we get married, we will have to face the whole ‘blended family’ thing."
4475,2730,8,25,115,148,1.277027027027027,0.045802828049788774,659,"What do you mean, I'm Waring you out?"
6331,2730,8,25,115,148,1.277027027027027,0.045802828049788774,659,"Quite frankly, I think this idea of yours to try to blend in is going to your head."
6390,2730,10,21,117,148,1.277027027027027,0.04776773371296766,659,I really think you should find a new dentist.
3849,2735,6,24,100,130,1.2769230769230768,0.04762127551191367,659,"So, you just can't wrap your head around Asian Fusion?"
6887,2735,6,24,100,130,1.2769230769230768,0.04762127551191367,659,When your match.com profile indicated you were from a blended family ..... I ...... I had no idea....”
1843,2737,9,26,124,159,1.2767295597484276,0.04453400476322718,659,"I don't  have anything against them, I just don't think that's what Blended Family means."
3203,2737,7,30,122,159,1.2767295597484276,0.0427089520879537,659,Can't you at least stop Oster-izing during dinner?
4317,2737,9,26,124,159,1.2767295597484276,0.04453400476322718,659,I think you're mixed feelings are all in your head.
4375,2740,7,25,109,141,1.2765957446808511,0.046243248066774996,659,I thought you said this was a mixer”
6231,2740,5,29,107,141,1.2765957446808511,0.04399776979095477,659,"To be honest, I have mixed feelings about us..."
39,2740,6,27,108,141,1.2765957446808511,0.045134475394886006,659,I see you’ve been juicing?
1589,2740,8,23,110,141,1.2765957446808511,0.047326051117318114,659,I hope my loud chewing isn't a turn off.
2834,2744,10,22,120,152,1.2763157894736843,0.04685784627092812,659,I'm not going to feed you on the first date.
6536,2744,10,22,120,152,1.2763157894736843,0.04685784627092812,659,It's genetic. I come from a blended family.
1529,2744,5,32,115,152,1.2763157894736843,0.041951947254526244,659,"Don't look so shocked, the other guy got a Dyson."
2195,2744,7,28,117,152,1.2763157894736843,0.04398002535160598,659,You look exactly like your profile picture.
3534,2748,8,21,105,134,1.2761194029850746,0.0489959690957387,659,"I know I had too many daiquiris last night, but I swear your head makes me think of a blender!"
6375,2748,11,15,108,134,1.2761194029850746,0.052318902315823916,659,You're thinking about my mother again.
1396,2748,8,21,105,134,1.2761194029850746,0.0489959690957387,659,So... Your profile says you're a mixologist?
1393,2751,12,21,130,163,1.2760736196319018,0.04628789671810486,659,You look different to your photo.
5318,2751,9,27,127,163,1.2760736196319018,0.04376469234976011,659,This is your attempt to blend in?
6607,2753,8,24,113,145,1.2758620689655173,0.04640604422571574,659,Your head has been spinning since we ordered.
3240,2753,6,28,111,145,1.2758620689655173,0.04429390544367285,659,"Margaritaville, originally."
2043,2753,11,18,116,145,1.2758620689655173,0.04940523517318955,659,"You know straws are killing the oceans, right?"
4685,2753,10,20,115,145,1.2758620689655173,0.048426148121703205,659,Do you need me to check your pulse?
1409,2753,8,24,113,145,1.2758620689655173,0.04640604422571574,659,I think you've got a screw loose.
1301,2753,9,22,114,145,1.2758620689655173,0.04742685295581093,659,I'd rather chew my own food thank you
1277,2753,8,24,113,145,1.2758620689655173,0.04640604422571574,659,"So, you’re the product of a blended family?"
1945,2753,9,22,114,145,1.2758620689655173,0.04742685295581093,659,"I think if you go back far enough everyone is ""mixed race."""
1585,2761,6,31,119,156,1.2756410256410255,0.04224247423316703,659,"Let’s just try to blend in, okay?"
3612,2761,10,23,123,156,1.2756410256410255,0.04599215773471549,659,"You don't listen.  I said, we should mix things up not just blend in!"
3908,2761,8,27,121,156,1.2756410256410255,0.044157135337534806,659,I feel like you're sending mixed signals...
1810,2764,7,21,99,127,1.2755905511811023,0.049591715558244584,659,"When your profile said you come from a ""blended family,"" I thought we'd have more in common."
1011,2765,7,32,128,167,1.2754491017964071,0.041319299543079495,659,I think you're mixed up.
5787,2765,7,32,128,167,1.2754491017964071,0.041319299543079495,659,I guess you don't need a straw
3573,2767,9,20,109,138,1.2753623188405796,0.04907708035474492,659,"Okay, a few pounds since my dating profile ; but, really ?"
5271,2767,7,24,107,138,1.2753623188405796,0.046872025458178125,659,I never feel like you really hear me.
3442,2767,8,22,108,138,1.2753623188405796,0.047987220104410026,659,No matter what I say you seem to mix it up!
2082,2767,6,26,106,138,1.2753623188405796,0.04572964298740044,659,"I agree, it is becoming; however, what does Consumer Reports say about its reliability, dear?"
1593,2767,3,32,103,138,1.2753623188405796,0.04211698801391329,659,I can't decide if you are a real smoothie or just all mixed up.
1560,2767,6,26,106,138,1.2753623188405796,0.04572964298740044,659,"Some people have found me strange at first,  but I'm working on blending in."
1440,2767,8,22,108,138,1.2753623188405796,0.047987220104410026,659,Tell me .... What did you put on your dating app when they asked about distinguishing characteristics?
4228,2774,6,37,135,178,1.2752808988764044,0.038833052489996946,659,You are really mixed-up.
5904,2775,6,29,114,149,1.2751677852348993,0.04349490401616014,659,"My head is spinning, too, but I can still carry on a conversation."
5883,2775,6,29,114,149,1.2751677852348993,0.04349490401616014,659,Enough is enough Henry!  We all know you're all mixed up!
5081,2775,8,25,116,149,1.2751677852348993,0.04553236341888473,659,"You're saying if we act now, I get the salad spinner AND the Grab-it?"
5409,2775,9,23,117,149,1.2751677852348993,0.04651764009573785,659,Life's a grind...Isn't it?
2408,2775,6,29,114,149,1.2751677852348993,0.04349490401616014,659,"Just when I thought date night was going smoothly, you have to mix it up."
671,2775,9,23,117,149,1.2751677852348993,0.04651764009573785,659,You don't really look like your profile picture. I expected a food processor not a blender.
433,2775,11,19,119,149,1.2751677852348993,0.048428093945673795,659,"So, you obviously have children."
4506,2775,7,27,115,149,1.2751677852348993,0.044525289408853794,659,Would you like some fresh air?  Your head seems to be spinning.
1383,2783,12,20,128,160,1.275,0.04687565513169022,659,Your profile didn’t say anything about coming from a blended family.
1658,2783,4,36,120,160,1.275,0.03960298254443841,659,Mixed Emotions
2488,2783,8,28,124,160,1.275,0.04339195357690323,659,Oh my. Well aren't you a real smoothie.
2977,2783,11,22,127,160,1.275,0.04602945461141049,659,I have to say - you've got my head spinning...
4073,2787,6,24,101,131,1.2748091603053435,0.047303613388792874,659,Forgive me.  I'm all mixed up.
2014,2787,4,28,99,131,1.2748091603053435,0.04475211967542748,659,"She said you were good at mixing drinks, but I never imagined..."
2283,2787,7,22,102,131,1.2748091603053435,0.048529080474831635,659,"Are you mixing metaphors again, my little cupface?"
4203,2790,7,25,110,142,1.2746478873239437,0.04595773378979546,659,Well I do like to mix things up...
3996,2790,6,27,109,142,1.2746478873239437,0.044857810626764444,659,When I heard you were a new model this isn't what I imagined.
4300,2790,7,25,110,142,1.2746478873239437,0.04595773378979546,659,Do you always try to blend in?
3960,2790,10,19,113,142,1.2746478873239437,0.04910991404690957,659,You make a great cocktail David.
6332,2790,4,31,107,142,1.2746478873239437,0.04257279568565551,659,Have you been having an affair with our toaster?
923,2790,10,19,113,142,1.2746478873239437,0.04910991404690957,659,Don't shake your head at me!
902,2790,6,27,109,142,1.2746478873239437,0.044857810626764444,659,"Big mix-up at work again today, dear?"
705,2790,7,25,110,142,1.2746478873239437,0.04595773378979546,659,Head in a whirl?
699,2790,6,27,109,142,1.2746478873239437,0.044857810626764444,659,I do think you blend in very well.
2025,2790,7,25,110,142,1.2746478873239437,0.04595773378979546,659,"It's over, Jim. No matter how much you chop and pulse!"
6426,2790,6,27,109,142,1.2746478873239437,0.044857810626764444,659,"I cook at home sometimes, sure. Usually soup."
6630,2801,8,26,119,153,1.2745098039215685,0.04470144637887213,659,This isn't what I meant when I said I liked a good mixer
5898,2801,8,26,119,153,1.2745098039215685,0.04470144637887213,659,"Dearest, let's face it, you've always been better at mixing than at matching."
5603,2801,10,22,121,153,1.2745098039215685,0.04658559790723082,659,You had me at Proctor Silex.
4351,2801,7,28,118,153,1.2745098039215685,0.04372893774558989,659,Sorry I'm late...today was a real grind!
2530,2801,13,16,124,153,1.2745098039215685,0.04927693038725829,659,"You know what they say, Mr. Babbitt...
“Small appliance, small....”"
2035,2801,9,24,120,153,1.2745098039215685,0.045653243262321286,659,Try not to overthink it.
1431,2801,5,32,116,153,1.2745098039215685,0.04171596064274043,659,"Why yes, Margaritas are my favorite!"
1120,2801,9,24,120,153,1.2745098039215685,0.045653243262321286,659,"So, what was it like being part of a a blended family?"
4784,2809,10,25,129,164,1.274390243902439,0.044380635905183125,659,‘You say you used to be a dish washer?’
2281,2810,9,19,107,135,1.2740740740740741,0.04979741116928703,659,No I don't want to see the other parts of you
2048,2811,8,24,114,146,1.273972602739726,0.04612581420895325,659,"So the blender in your profile photo, is that your sister?"
2150,2811,7,26,113,146,1.273972602739726,0.04509010340583965,659,So your mom was just sitting on the washing machine but had no idea that could happen during spin-cycle?!
3016,2811,7,26,113,146,1.273972602739726,0.04509010340583965,659,This was the only procedure my dental insurance would cover.
6402,2814,8,27,122,157,1.2738853503184713,0.04391009121393259,659,Try not to eat so fast this time.
5850,2814,9,25,123,157,1.2738853503184713,0.04483029586946742,659,I don't think 'blended family' means what you think it means.
781,2814,10,23,124,157,1.2738853503184713,0.045731988203795544,659,I'm told you blend well into any crowd.........
2879,2814,8,27,122,157,1.2738853503184713,0.04391009121393259,659,"Everyone’s work is soul-crushing, dear."
260,2818,7,32,129,168,1.2738095238095237,0.04110532708852036,659,"To be honest, I thought you meant that you just sort of fit in anywhere."
1259,2818,5,36,127,168,1.2738095238095237,0.039332885937785216,659,So - you're a good ... mixer?
2522,2818,5,36,127,168,1.2738095238095237,0.039332885937785216,659,My you’re a smooth talker!
2775,2818,9,28,131,168,1.2738095238095237,0.04280443801656167,659,This is the third blend date I've been on this week.
2940,2818,10,26,132,168,1.2738095238095237,0.043629186485005446,659,"I guess I misinterpreted ""Smoothy"" on your OkCupid profile!"
3646,2818,11,24,133,168,1.2738095238095237,0.04443863086069478,659,This conversation is making my head spin!
5805,2824,10,15,103,128,1.2734375,0.05286436615906415,659,So how long have you been going to this dentist?
6271,2825,6,26,107,139,1.2733812949640289,0.04544266157650377,659,"Honey, please chew with your mouth closed."
6598,2825,8,22,109,139,1.2733812949640289,0.04768190768276031,659,My friend Mary says that you mix well.
5593,2825,7,24,108,139,1.2733812949640289,0.04657574374835,659,Make sure to chew your food this time.
3289,2825,8,22,109,139,1.2733812949640289,0.04768190768276031,659,"Honey, about this liquid diet thing..."
2331,2825,7,24,108,139,1.2733812949640289,0.04657574374835,659,And about how long have you been on this so-called liquid diet?
1248,2825,7,24,108,139,1.2733812949640289,0.04657574374835,659,So tell me again what is a serial “Mixer”
485,2825,11,16,112,139,1.2733812949640289,0.050856244099748586,659,You can’t smoothie talk your way out of this one
398,2832,7,27,116,150,1.2733333333333334,0.04426548608975301,659,I’m not sure a transfer from kitchenware to bathroom fixtures would play to your strengths.
1020,2832,8,25,117,150,1.2733333333333334,0.04526498334667862,659,"I thought it was a mixer, not a blender !!!"
1176,2832,9,23,118,150,1.2733333333333334,0.04624288243598217,659,The only thing that comes out of your mouth is mush.
2504,2832,5,31,114,150,1.2733333333333334,0.04219552513639529,659,Will you do absolutely anything to blend in?
3283,2832,11,19,120,150,1.2733333333333334,0.04813912227299142,659,I thought blended family meant something entirely different.
5742,2832,9,23,118,150,1.2733333333333334,0.04624288243598217,659,"Roger, I don't think it's our relationship that has your head spinning."
5275,2838,10,24,127,161,1.2732919254658386,0.04491847138326595,659,You're worried your food is touching?
4905,2838,7,30,124,161,1.2732919254658386,0.042246299444459,659,"So, how long did you say you'll be on this liquid diet?"
1770,2838,7,30,124,161,1.2732919254658386,0.042246299444459,659,"This dress always hits your ""Purée"" button."
1695,2838,12,20,129,161,1.2732919254658386,0.046614896487226824,659,My girlfriends had warned me that you are a smoothie operator
1005,2838,8,28,125,161,1.2732919254658386,0.043155411807833464,659,I don’t like kale either
78,2838,11,22,128,161,1.2732919254658386,0.045774543394359234,659,You do this every time! Just stop ordering lumpy mash!
4074,2844,7,33,132,172,1.2732558139534884,0.040463861786901166,659,This is why I don’t use online dating apps.”
2381,2845,6,38,139,183,1.273224043715847,0.03809664085904318,659,The friends who set us up warned me that you were really into metaphors.
6507,2846,4,25,92,121,1.2727272727272727,0.04694525268130202,659,"I think you’re really great, but I am still not comfortable with the idea of having a blended family."
4837,2846,5,26,101,132,1.2727272727272727,0.04574278261975778,659,I'm a complicated man.
4361,2846,8,23,112,143,1.2727272727272727,0.04674136354105388,659,It was one of those party tricks that seemed like a good idea at the time.
3603,2846,7,25,111,143,1.2727272727272727,0.04567561723105038,659,You really are just a tad obsessive about proper mastication.
3418,2846,5,29,109,143,1.2727272727272727,0.04346580146458082,659,I thought this was a mixer?
2988,2846,9,21,113,143,1.2727272727272727,0.047783345654281016,659,It's over Glen. I just don't know how we'll be able to manage a blended family.
2948,2846,7,25,111,143,1.2727272727272727,0.04567561723105038,659,i thought we were supposed to blend TOGETHER
3966,2846,10,22,122,154,1.2727272727272727,0.0463164193495183,659,excuse me you have a blender on your head
2576,2846,9,21,113,143,1.2727272727272727,0.047783345654281016,659,"Seriously, Henry, it's embarrassing... Must you puree so loudly?"
2424,2846,6,30,118,154,1.2727272727272727,0.04249330476752751,659,Yes. It is tempting to turn you on!
2296,2846,7,31,127,165,1.2727272727272727,0.041554811899356045,659,I guess I got the wrong idea when you said you came from a blended family.
1273,2846,12,15,116,143,1.2727272727272727,0.05078117063080667,659,"I feel like we're a little overdressed for the meal, what with my dress and that new lid on your head."
2875,2846,8,23,112,143,1.2727272727272727,0.04674136354105388,659,I misunderstood on the dating file your meaning of a blended family
1145,2846,6,27,110,143,1.2727272727272727,0.04458440257755946,659,"That's right, so fast it'll make your head spin."
953,2846,5,32,117,154,1.2727272727272727,0.04148250850951955,659,"When your profile said you could blend into any situation, it wasn’t  kidding."
418,2846,8,26,120,154,1.2727272727272727,0.044445987734701146,659,I have an eating disorder...
3250,2862,6,34,129,169,1.272189349112426,0.040022926800203196,659,"I’m sorry, Brad.   You’ve just got too much spinning around in your head."
3415,2863,5,33,120,158,1.2721518987341771,0.04080217787915183,659,You’re the first guy I’ve met who’s into spinning.
6713,2863,10,23,125,158,1.2721518987341771,0.04547467421652611,659,Could I try just a sip of your daiquiri?
6904,2865,5,30,112,147,1.272108843537415,0.042691376666907206,659,"And ever since the surgery, I never have to pay ridiculous prices for organic juice"
6703,2865,4,32,111,147,1.272108843537415,0.04158564273400371,659,"Well, your Tinder profile did say you came from a blended family..."
6636,2865,5,30,112,147,1.272108843537415,0.042691376666907206,659,So this is what A.I. is all about
3803,2865,6,28,113,147,1.272108843537415,0.04376918552853482,659,You keep spinning everything!
1144,2865,4,32,111,147,1.272108843537415,0.04158564273400371,659,"Well, that certainly puts a different spin on the matter!"
4263,2865,6,28,113,147,1.272108843537415,0.04376918552853482,659,So what you're proposing is a blended family?
4048,2871,9,19,108,136,1.2720588235294117,0.04947096127252047,659,Smoothie operator
4064,2871,8,21,107,136,1.2720588235294117,0.04835745596444856,659,"I said prayer, not purée”"
6284,2871,10,17,109,136,1.2720588235294117,0.05055994927905742,659,I don't normally go for these mixers but...
1204,2874,5,24,96,125,1.272,0.04735044367404632,659,"What do you know? I grew up in a blended family, too."
5070,2875,6,19,89,114,1.2719298245614035,0.05180350493576278,659,"When I signed up for the matchmaking service, I told them I was a wall flower at parties and wanted to meet someone who was a real mixer."
2548,2876,10,27,136,173,1.2716763005780347,0.0426911041805409,659,"I don’t know, Melania. Some days I just get so mixed up."
6694,2876,10,27,136,173,1.2716763005780347,0.0426911041805409,659,"Don't worry, you are blending in really well."
6112,2878,7,30,125,162,1.271604938271605,0.04201858867441236,659,It greatly improves digestion.
5253,2878,8,28,126,162,1.271604938271605,0.042921358672471925,659,Oh honey we all feel a little mixed  up sometimes..
6395,2878,9,26,127,162,1.271604938271605,0.04380552780634548,659,Try not to let your mixed emotions get the better of you.
508,2878,10,24,128,162,1.271604938271605,0.04467220055575988,659,Just order a smoothie like a normal person!
2239,2878,6,32,124,162,1.271604938271605,0.0410959919954237,659,I think it's best if I make the important decisions.
5574,2883,3,35,113,151,1.271523178807947,0.03979392261101545,659,I think your drink is going to your head.
5495,2883,7,27,117,151,1.271523178807947,0.04400860324724808,659,...and I love you.  But I can't do a blended family!
5285,2883,6,29,116,151,1.271523178807947,0.04299368487374794,659,"Ben, would you please stop with the ice!  It really bothers me."
4045,2883,6,29,116,151,1.271523178807947,0.04299368487374794,659,No it's just I thought Sheila told me you WERE a smoothie. But making them is nice too!
4204,2883,4,33,114,151,1.271523178807947,0.04088834182896194,659,My mom thought we would blend together nicely.
3291,2883,8,25,118,151,1.271523178807947,0.04500063755686408,659,"This is my first mixer, and I feel so underdressed."
2194,2883,7,27,117,151,1.271523178807947,0.04400860324724808,659,"Oh man, they forgot my straw."
1779,2883,6,29,116,151,1.271523178807947,0.04299368487374794,659,"Wow, you really know how to put a spin on your profile."
515,2883,5,31,115,151,1.271523178807947,0.04195422169785289,659,I can clearly see Tom that you have mixed feelings about our relationship.
3861,2883,3,35,113,151,1.271523178807947,0.03979392261101545,659,"See Mr. Waring, I knew you'd blend right in."
384,2893,10,18,112,140,1.2714285714285714,0.049501997990195196,659,It’s just that I thought you said you ‘sold’ smart appliances.
5388,2893,7,24,109,140,1.2714285714285714,0.046283075051954635,659,"Honestly, what buzzes around in your head sometimes is nothing but mush"
6845,2893,6,26,108,140,1.2714285714285714,0.04515914207938474,659,I wish you wouldn't take mixers quite so seriously dear
5195,2896,7,21,101,129,1.2713178294573644,0.048912517302806054,659,Your brother was wonderful on Mystery Science Theater.
4305,2896,7,21,101,129,1.2713178294573644,0.048912517302806054,659,"That's true, you never said you are human. I just assumed that when you described yourself as a whirl of activity......"
336,2896,8,19,102,129,1.2713178294573644,0.0501354004661881,659,I'm finally beginning to understand why you're so mixed up.
2691,2896,8,19,102,129,1.2713178294573644,0.0501354004661881,659,"Hey, my head is spinning too."
4001,2900,6,33,127,166,1.2710843373493976,0.0404435091259732,659,Your thoughts are all over the place.
4137,2900,11,23,132,166,1.2710843373493976,0.04473001431993507,659,"Stop ostracizing yourself, dear!"
17,2902,8,26,121,155,1.270967741935484,0.044193349621440434,659,Only in your head are you a real smoothie.
1189,2902,8,26,121,155,1.270967741935484,0.044193349621440434,659,"From your Tinder profile, I thought you were taller."
637,2904,8,23,113,144,1.2708333333333333,0.04645425978043619,659,There's mixed up and then there's...whatever this is.
1691,2904,9,21,114,144,1.2708333333333333,0.04748813903358763,659,Would you excuse me for a minute? I just have to whiz.
2456,2904,5,29,110,144,1.2708333333333333,0.04320443218435998,659,"I'm sorry, Jim, but I don't want to date another mixed up man."
1874,2907,6,24,103,133,1.2706766917293233,0.046680440407283315,659,"So in your bio, it said you liked to ""mix things up?"""
2444,2907,8,20,105,133,1.2706766917293233,0.04906022675980432,659,"Gosh, i know you’re feeling all jumbled up but you need to step back from the Grind if you are going to survive..."
5649,2907,4,28,101,133,1.2706766917293233,0.044172629347962046,659,Everything had seemed to be going smoothly
6405,2910,5,36,129,170,1.2705882352941176,0.03893506744669494,659,"So, you're in solid waste management?"
3348,2910,12,22,136,170,1.2705882352941176,0.04475751319050946,659,"When your profile said ""blended family"" I  had no idea."
2778,2910,8,30,132,170,1.2705882352941176,0.04153047567632133,659,I remember reading in your bio that you’re a smooth talker.
5748,2913,5,23,94,122,1.2704918032786885,0.048043816154440755,659,"So you want shaken AND stirred, right?"
1222,2914,6,31,122,159,1.270440251572327,0.0415501846950937,659,How did you get Smoothie as a nickname?
2923,2914,6,31,122,159,1.270440251572327,0.0415501846950937,659,You did say you were a smooth talker.
606,2916,6,28,114,148,1.2702702702702702,0.04351130374357006,659,"And what did your mom say after ""whiiiiiirrrrrrrrrrr?"""
910,2916,9,22,117,148,1.2702702702702702,0.04657273390662092,659,Are you excited about having a blended family?
917,2916,7,26,115,148,1.2702702702702702,0.04455515926155409,659,Your thought process seems a little more mixed up than usual today
2887,2916,7,26,115,148,1.2702702702702702,0.04455515926155409,659,"So, I'm just not sure I am ready for blended family!"
4254,2916,6,28,114,148,1.2702702702702702,0.04351130374357006,659,"Wow, when you said you come from a blended family, you weren't kidding!"
4661,2916,7,26,115,148,1.2702702702702702,0.04455515926155409,659,"It's just lunch, don't overthink it."
4853,2916,9,22,117,148,1.2702702702702702,0.04657273390662092,659,I'm having mixed thoughts about our relationship.
5584,2916,6,28,114,148,1.2702702702702702,0.04351130374357006,659,I’m beginning to tire of your liquid diet.
6371,2916,9,22,117,148,1.2702702702702702,0.04657273390662092,659,You are quite the smoothie..
6465,2916,10,20,118,148,1.2702702702702702,0.04754942909114843,659,"A blended family can work, Hank, if we just put our mind to it."
4941,2926,5,27,105,137,1.27007299270073,0.04456705721226428,659,"Yes, it's a constant grind being limited to soft foods."
321,2926,7,23,107,137,1.27007299270073,0.04691382528075054,659,"When you said you were looking for someone interested in a blended family, this isn't what I had pictured."
724,2926,9,19,109,137,1.27007299270073,0.049148666476155164,659,IS IT LOUD IN HERE?
721,2929,10,24,129,163,1.2699386503067485,0.04442855006625856,659,You seem a little mixed up in your head.
1029,2930,7,27,118,152,1.269736842105263,0.04375459417878221,659,"Yeah, me too."
2730,2930,8,25,119,152,1.269736842105263,0.044739276787746564,659,I think we could make a blended family work.
3101,2930,6,29,117,152,1.269736842105263,0.04274723541948937,659,I really hate how you mix all your food together.
3356,2930,7,27,118,152,1.269736842105263,0.04375459417878221,659,It's the only way I can deal with the news.
3905,2930,6,29,117,152,1.269736842105263,0.04274723541948937,659,I told you the food here will make your head spin!
4835,2930,8,25,119,152,1.269736842105263,0.044739276787746564,659,"So, I'm assuming you're from a blended family?"
5274,2930,8,25,119,152,1.269736842105263,0.044739276787746564,659,"No, blend in means act normal."
5666,2930,8,25,119,152,1.269736842105263,0.044739276787746564,659,"The doctor said you need to chew your food, not blend it"
6529,2938,9,20,112,141,1.2695035460992907,0.04814642541302546,659,Wasn't there some other fix for the vertigo?
3372,2938,9,20,112,141,1.2695035460992907,0.04814642541302546,659,Do you ever order soup?
1660,2938,7,24,110,141,1.2695035460992907,0.0459939565037037,659,Explain again about your blended family.
2211,2938,9,20,112,141,1.2695035460992907,0.04814642541302546,659,"I just want to blend in, and have a nice lunch"
2837,2938,5,28,108,141,1.2695035460992907,0.04373568096734234,659,You chew rather loudly.
1919,2943,13,19,135,167,1.2694610778443114,0.04608402672108881,659,I've never understood pulse.
3478,2943,9,27,131,167,1.2694610778443114,0.042838744744204925,659,I'm not sure that's the best way to blend in dear.
5383,2943,9,27,131,167,1.2694610778443114,0.042838744744204925,659,I’m tired of your negativity. Do you EVER shake your head up and down?
6065,2943,10,25,132,167,1.2694610778443114,0.043672679310432345,659,It’s just that I can’t be with a man who likes to “mix it up.”
5193,2947,8,26,122,156,1.2692307692307692,0.04394348751296154,659,You're the one who wanted to come to this fusion restaurant!
4428,2947,6,30,120,156,1.2692307692307692,0.04201909236197543,659,I’d rather not have Margaritaville as our song
4425,2947,7,28,121,156,1.2692307692307692,0.04299205867207354,659,"Oh gosh, I’m so sorry!
I have no idea what turned me on, at least you know I’m fully functional."
3454,2947,8,26,122,156,1.2692307692307692,0.04394348751296154,659,Judy said you were a little mixed-up.
4415,2947,9,24,123,156,1.2692307692307692,0.04487474880977718,659,I admire your honesty about being a juicer
1491,2947,3,36,117,156,1.2692307692307692,0.03895465524308801,659,Smoothies for dessert at your place?
1423,2947,2,31,97,130,1.2692307692307692,0.04199619703153717,659,There’s really nothing wrong with feeling mixed up.
1021,2947,6,30,120,156,1.2692307692307692,0.04201909236197543,659,"Sorry Hal, you're not blending in!"
1980,2947,6,23,101,130,1.2692307692307692,0.047336274701534606,659,"Honey, I know the soup you make is better, but let's just TRY to enjoy our night out?"
1848,2956,9,21,115,145,1.2689655172413794,0.04719647164976508,659,First and last date from the new website Mix'r
1932,2956,8,23,114,145,1.2689655172413794,0.04617056958251709,659,You're just not the same after taking that bullet to the brain
1961,2956,8,23,114,145,1.2689655172413794,0.04617056958251709,659,I’m just concerned about bringing my kids into a blended family.
4114,2956,6,27,112,145,1.2689655172413794,0.04404714081921775,659,Explain the blended family thing again.
6778,2956,11,17,117,145,1.2689655172413794,0.04918412159847051,659,Are your thoughts purée?
1086,2961,7,29,124,160,1.26875,0.042264771709698806,659,"When you said you had a mixer on your mind, I thought you were talking about your time at Yale."
2453,2961,7,29,124,160,1.26875,0.042264771709698806,659,"For heaven's sake, Michael, the least you could do is wear your human head for our tenth anniversary."
5134,2963,7,22,105,134,1.2686567164179106,0.04756933183724331,659,Don't get so upset. We can bring the rest home.
3725,2963,8,20,106,134,1.2686567164179106,0.04873460969450579,659,I've been dating a wand mixer that I simply find more useful.
1379,2963,6,24,104,134,1.2686567164179106,0.04637478281143451,659,You say you’re from a blended family?
1230,2963,7,22,105,134,1.2686567164179106,0.04756933183724331,659,What do you mean I am making your head spin?
1758,2963,4,28,102,134,1.2686567164179106,0.043888253320673705,659,Are you trying to blend in?
1382,2968,10,20,119,149,1.2684563758389262,0.04726404682021101,659,"Was it busy at work today, Dear?"
2897,2968,9,22,118,149,1.2684563758389262,0.04629465844194008,659,"Don't get so worked up Honey, it's not good for your motor."
3350,2968,4,32,113,149,1.2684563758389262,0.04110622571362967,659,It would have been a lot less noticeable to replace your dentures.
4979,2968,9,22,118,149,1.2684563758389262,0.04629465844194008,659,Blender? I barely even know her!
5726,2968,8,24,117,149,1.2684563758389262,0.045304532650593456,659,I don't think that's what they meant by 'chew your food well.'
6833,2968,11,18,120,149,1.2684563758389262,0.04821394863927143,659,"The last time I was on a date, I made a Bloody Mary. She never called me again."
6907,2974,9,26,129,164,1.2682926829268293,0.04333262820711154,659,But enough about me... tell me more about your blended family.
959,2974,8,28,128,164,1.2682926829268293,0.04246056957046764,659,I always wanted a blended family.
3287,2974,9,15,99,123,1.2682926829268293,0.05299653426879134,659,"So, this is speed dating. Cool!"
6508,2974,8,28,128,164,1.2682926829268293,0.04246056957046764,659,"So, have you seen any good smoothies lately?"
5653,2978,6,25,107,138,1.2681159420289856,0.04546485812221544,659,Have you tried yoga?
5144,2978,3,31,104,138,1.2681159420289856,0.04182934084685285,659,"John, I don’t think the world is ready for a prefrontal purée."
3161,2978,7,23,108,138,1.2681159420289856,0.04661373023981427,659,I'm so glad to see that your trying to blend in
1447,2978,8,21,109,138,1.2681159420289856,0.047734959617319994,659,"Frank, you’re not listening to me."
613,2978,8,21,109,138,1.2681159420289856,0.047734959617319994,659,"I 'd heard you were razor sharp, but didn't know such a smoothie too."
2192,2978,6,25,107,138,1.2681159420289856,0.04546485812221544,659,I think this date is going quite smoothie...I mean smoothly!
2007,2984,13,15,125,153,1.2679738562091503,0.04907690722896751,659,Whirr? That's all you have to say
4209,2984,6,29,118,153,1.2679738562091503,0.04250350149249065,659,"These days, keeping up with the news really makes your head spin."
2876,2986,10,25,133,168,1.2678571428571428,0.04344156464118289,659,This really wasn’t what I imagined when your profile said you were mixed up in the head.
6858,2987,4,26,97,127,1.2677165354330708,0.04534143118089715,659,I'm a model... A refurbished model.
4206,2987,8,18,101,127,1.2677165354330708,0.05055475140225255,659,"I must say,you are a smoothie!"
4278,2989,6,26,110,142,1.267605633802817,0.044602253291466165,659,I think there's been some kind of a mix up!
2071,2989,6,26,110,142,1.267605633802817,0.044602253291466165,659,Just this once will you please try to blend in?
6687,2989,8,22,112,142,1.267605633802817,0.046788259642886874,659,I'm sorry--I understood you were a gender bender.
2460,2989,6,26,110,142,1.267605633802817,0.044602253291466165,659,"I know you said you were from a mixed background, but . . ."
250,2989,2,34,106,142,1.267605633802817,0.039872302607297704,659,"With all that's going on in the world today, my head is spinning, too..."
1626,2989,5,28,109,142,1.267605633802817,0.04346804432924327,659,"I was ok with the scissor hands, but this one is a bit noisy."
2212,2989,7,24,111,142,1.267605633802817,0.04570832658874256,659,Don't say anything. I'm trying to blend in.
1533,2996,8,26,123,157,1.267515923566879,0.04369635775399191,659,What do you mean you need me to cut it into smaller pieces
2681,2996,12,18,127,157,1.267515923566879,0.04728645630915133,659,"I don't think we're intellectually compatible Gerald, but I would consider sitting on your face while you make pesto."
3796,2996,8,26,123,157,1.267515923566879,0.04369635775399191,659,So... how old was the picture you posted on Tinder?
3821,2996,8,26,123,157,1.267515923566879,0.04369635775399191,659,"Archie told me your name, but not that you'd transitioned."
4552,2996,10,22,125,157,1.267515923566879,0.04552680875727029,659,Are you having the bass?
4382,3001,5,25,101,131,1.2671755725190839,0.04575256729499358,659,"I admit, your mixed race profile left me expecting something a little different."
4393,3001,8,19,104,131,1.2671755725190839,0.049453178364709964,659,"Honey, I know you think you are blending in, but it's just not working."
2182,3001,7,21,103,131,1.2671755725190839,0.04825118691053638,659,I don't want a blended family.
6857,3004,7,25,114,146,1.2671232876712328,0.044849083934353454,659,You come from a mixed family?
632,3004,6,27,113,146,1.2671232876712328,0.04378318191339136,659,How can I ever know what you are thinking in that mixed up brain of yours?
786,3004,6,27,113,146,1.2671232876712328,0.04378318191339136,659,"When you said you grew up in a 'blended' family, I thought..."
1218,3004,6,27,113,146,1.2671232876712328,0.04378318191339136,659,"You said that you were from a ""blended"" family, not a ""blender"" family."
1794,3004,8,23,115,146,1.2671232876712328,0.045890234702387844,659,"I dabble in bartending, if you want me to create you a custom drink off the top of my head."
1844,3004,7,25,114,146,1.2671232876712328,0.044849083934353454,659,"So this is what you meant by ""mixed personality"""
2000,3004,6,27,113,146,1.2671232876712328,0.04378318191339136,659,I see you're a mover and shaker in this town.
4119,3004,5,29,112,146,1.2671232876712328,0.04269067470972507,659,We don’t have to talk about the Mueller Report if you don’t want to.
5530,3004,5,29,112,146,1.2671232876712328,0.04269067470972507,659,It all goes to the same place anyways.
3637,3013,4,35,122,161,1.2670807453416149,0.03916615741006284,659,"They said it was a mixer, but....."
5665,3013,6,31,124,161,1.2670807453416149,0.041100698161654264,659,I can see that makes your head spin.
2466,3013,8,27,126,161,1.2670807453416149,0.0429481884656501,659,"Wow, a daiquiri on the first date."
1050,3016,7,33,136,176,1.2670454545454546,0.039661253801773454,659,So how long have you been vegan?
5099,3017,5,26,104,135,1.2666666666666666,0.04485712223433967,659,"Harvey, you look like you need some help. Just ask for EVOO, garlic, basil, oregano and cilantro."
5356,3017,9,22,119,150,1.2666666666666666,0.04601980574173564,659,"I’m sorry, I don’t know how I feel about creating a blended family."
2760,3017,9,22,119,150,1.2666666666666666,0.04601980574173564,659,Blended family?
6077,3017,6,32,127,165,1.2666666666666666,0.04044590095625991,659,"Margarita, will you marry me?"
4424,3017,11,22,132,165,1.2666666666666666,0.04478191659811515,659,"Look, Mr. Shaken-not-Stirred, nobody cares."
5616,3017,10,20,120,150,1.2666666666666666,0.046981996329658667,659,"I'm sure your mother meant well, but I'm returning it."
3661,3017,8,24,118,150,1.2666666666666666,0.04503706320236822,659,"Your thoughts getting jumbled, dear?"
2008,3017,7,26,117,150,1.2666666666666666,0.044032392659054245,659,"Things used to be, ""Pulse! Pulse! Pulse!"" But now you're always, ""Puree... Puree...Puree."""
2995,3017,10,20,120,150,1.2666666666666666,0.046981996329658667,659,This is not what I meant when I said I wanted a mixer night.
2037,3017,6,32,127,165,1.2666666666666666,0.04044590095625991,659,I can chew my own food just fine.
3078,3017,8,24,118,150,1.2666666666666666,0.04503706320236822,659,Weren't you a microwave on Bumble?
1007,3017,8,20,107,135,1.2666666666666666,0.04841318388297882,659,Liquid diet?
62,3017,9,18,108,135,1.2666666666666666,0.04954184789852578,659,So what ethnicity is the name 'Vitamix'?
3155,3030,8,29,132,169,1.2662721893491125,0.041550733958717244,659,"I'm sorry Steve, I'm not ready to give up plastic straws."
5815,3030,8,29,132,169,1.2662721893491125,0.041550733958717244,659,Match.com did say you mixed well.
5129,3032,8,25,121,154,1.2662337662337662,0.0442253182039528,659,I come from a blended family.  How about you?
5025,3032,5,31,118,154,1.2662337662337662,0.04124598715960179,659,That is just circular logic
2336,3032,8,25,121,154,1.2662337662337662,0.0442253182039528,659,"Garbage in, garbage out."
2321,3032,7,27,120,154,1.2662337662337662,0.043255015112900655,659,I guess I misunderstood your dating profile when you said you were hoping for a blended family.
2095,3032,7,27,120,154,1.2662337662337662,0.043255015112900655,659,I know that you have mixed emotions about me.
1470,3032,5,31,118,154,1.2662337662337662,0.04124598715960179,659,Maybe if you didn't have so many cocktails you're head wouldn't be spinning now.
816,3032,9,23,122,154,1.2662337662337662,0.045174785091514194,659,"Yes, you did alert me that you're all mixed up."
1773,3039,7,23,109,139,1.2661870503597121,0.04631734650488074,659,It's Biden isn't it?
1845,3039,9,19,111,139,1.2661870503597121,0.04851623868730769,659,I don't think you're listening to me.
2314,3039,7,23,109,139,1.2661870503597121,0.04631734650488074,659,You had me at “chrunxxxxzzz”...
3868,3039,9,19,111,139,1.2661870503597121,0.04851623868730769,659,"So tell me, Karen, what were you doing at William Sonoma then?"
4408,3039,9,19,111,139,1.2661870503597121,0.04851623868730769,659,You seem agitated. Is something on your mind?
4878,3039,5,27,107,139,1.2661870503597121,0.04400872365954917,659,A cocktail dress for hamburgers and fries? Why can't you just blend in?
6335,3039,7,23,109,139,1.2661870503597121,0.04631734650488074,659,...but our kids would have to shoulder the burdens of being blended.
2492,3046,6,30,122,158,1.2658227848101267,0.04155499762800144,659,I'd go with Chop....
5045,3046,6,30,122,158,1.2658227848101267,0.04155499762800144,659,"No, it's a lovely name...It's just that, when your profile said William Sonoma, I assumed that was were you worked..."
939,3046,5,32,121,158,1.2658227848101267,0.040573293836953364,659,"Dear, I asked you to chew your food longer, not faster."
1328,3046,5,32,121,158,1.2658227848101267,0.040573293836953364,659,"When you said you minced your words, I didn;t take you so literally."
1165,3050,7,24,112,143,1.2657342657342658,0.0454261251111397,659,"My, you’re such a smoothie talker."
1498,3050,8,22,113,143,1.2657342657342658,0.046497590247801576,659,I hate going out to dinner with you.  You make such a spectacle of yourself.
2418,3050,9,20,114,143,1.2657342657342658,0.04754491513392349,659,I think there was a mix up
4297,3050,5,28,110,143,1.2657342657342658,0.04320354997142997,659,I guess I misunderstood what you meant by 'Ninja'
2360,3054,6,22,100,128,1.265625,0.04768815691594056,659,Of course I’m not upset—I assumed you were a gender blender the moment we met!
3862,3054,6,22,100,128,1.265625,0.04768815691594056,659,"Honey, I think you've got your facts mixed up."
5207,3054,6,22,100,128,1.265625,0.04768815691594056,659,"Honey, why do you have to be so loud when you chew?"
5221,3054,9,16,103,128,1.265625,0.051412593770673996,659,So sorry that you’re all mixed up.
5227,3058,7,33,137,177,1.265536723163842,0.03946539170107485,659,"Not what I imagined, when you said you came from a blended family."
3794,3059,7,29,126,162,1.2654320987654322,0.04180683566182501,659,I think you are just mixed up.
5459,3059,10,23,129,162,1.2654320987654322,0.044473084178629003,659,"But enough about me, I tend to rumble sometimes."
4708,3061,7,25,115,147,1.2653061224489797,0.044579994213738955,659,I see this will be a juicy first date.
4304,3061,7,25,115,147,1.2653061224489797,0.044579994213738955,659,Is it helping you with your digestion?
3224,3061,10,19,118,147,1.2653061224489797,0.04761239087090311,659,At least I'm trying to blend in...
443,3061,4,31,112,147,1.2653061224489797,0.041325682132910276,659,"You're from a blended family, you say?"
1032,3061,6,27,114,147,1.2653061224489797,0.04352226928804891,659,"I am from a blended family but, I admit, this is a new experience for me."
618,3061,8,23,116,147,1.2653061224489797,0.04561319813620343,659,"John, we need to slow things down, in your parlance, speed level 1."
3085,3061,8,23,116,147,1.2653061224489797,0.04561319813620343,659,"No, it's not your chewing - I just wish that you were more polite to the waiter."
6419,3068,8,19,105,132,1.2651515151515151,0.04911882386454116,659,I guess I swiped the wrong way.
169,3068,6,23,103,132,1.2651515151515151,0.04670479649701895,659,"No, Brian, it doesn't help you blend in."
257,3068,7,21,104,132,1.2651515151515151,0.04792701155749111,659,"Don't be embarrassed.  I chew on ice when I'm nervous, too."
491,3068,7,21,104,132,1.2651515151515151,0.04792701155749111,659,"Please, please, don't chew with your mouth open."
1091,3068,7,21,104,132,1.2651515151515151,0.04792701155749111,659,Trudy said you're an old smoothie
2334,3068,7,21,104,132,1.2651515151515151,0.04792701155749111,659,"Remember, chew your food."
3888,3074,8,28,130,166,1.2650602409638554,0.042009295637463806,659,"So, tell me about your blended family”"
1206,3074,8,28,130,166,1.2650602409638554,0.042009295637463806,659,I'm really trying to blend in these days.
638,3074,9,26,131,166,1.2650602409638554,0.04286957277701307,659,"Thanks for telling me about what you're watching on Netflix and your take on politics, Jon--but I really need to ask you about something."
584,3074,4,36,126,166,1.2650602409638554,0.03837581946284275,659,You have no idea how hard it is to be smooth on a first date.
769,3078,8,24,119,151,1.2649006622516556,0.04477265283562814,659,I'm on a liquid diet.
924,3078,11,18,122,151,1.2649006622516556,0.04763917614937664,659,"Whatever - Blendr, Tinder, Finder, Grindr - oh sorry - I think my roommate is calling with an emergency."
1173,3078,5,30,116,151,1.2649006622516556,0.041709588582099735,659,"Sorry but when I said I literally wanted to marry my Vitamix, I meant the red one."
1642,3078,10,20,121,151,1.2649006622516556,0.04670322133901241,659,"Honey, your smoothie diet is going to your head"
4943,3078,5,30,116,151,1.2649006622516556,0.041709588582099735,659,"Yes, you did say you came from a blended family."
6198,3078,8,24,119,151,1.2649006622516556,0.04477265283562814,659,Must you make a hash out of everything I say?
6856,3084,6,24,106,136,1.2647058823529411,0.04577497070560295,659,"I want a blended family as well, but..."
3150,3084,5,26,105,136,1.2647058823529411,0.04456922123197992,659,"Cale, I can tell that just the thought of eating that burger and fries is Waring on you."
6666,3084,6,24,106,136,1.2647058823529411,0.04577497070560295,659,"Well, actually it’s a food processor."
1162,3084,6,24,106,136,1.2647058823529411,0.04577497070560295,659,"Yes, I do believe in blended families."
614,3084,4,28,104,136,1.2647058823529411,0.04332993214109077,659,I feel we need to hit the reset button.”
1313,3084,9,27,134,170,1.2647058823529411,0.0421689354760427,659,"Slow it down, Bob, you're annoying the other diners."
1966,3090,6,29,120,155,1.264516129032258,0.04202401148452718,659,I know I may come across as a smoothie...
2034,3090,5,31,119,155,1.264516129032258,0.041015001654154525,659,Are you telling me that this is a good time to talk about our Blended Family?
2882,3090,8,25,122,155,1.264516129032258,0.043972626739534455,659,We need to talk.
3880,3090,6,29,120,155,1.264516129032258,0.04202401148452718,659,Don't talk to me about mixing metaphors!
3406,3094,10,26,138,174,1.264367816091954,0.04229131031983447,659,"I think there has been some sort of mix-up, your profile listed your occupation as Ninja?"
1507,3095,7,23,110,140,1.2642857142857142,0.04602460833093375,659,"I've really tried my best to get over it, but I just can't date a man with webbed feet."
3221,3095,7,23,110,140,1.2642857142857142,0.04602460833093375,659,"My hairdresser's hearing aid batteries were weak.  I asked to become ""blonder""!!"
5636,3095,6,25,109,140,1.2642857142857142,0.044894205072559736,659,"At first I was just hoping to blend in, but then I started mixing in the wrong crowd."
4154,3098,9,24,126,159,1.2641509433962264,0.04412172243135606,659,"Sorry, I think you’re all mixed up."
5674,3098,6,30,123,159,1.2641509433962264,0.04132664881900787,659,You’re not the smoothiest operator.
3903,3098,11,20,128,159,1.2641509433962264,0.04589062411985311,659,That's not what your doctor meant when she said to chew your food better.
2619,3098,7,28,124,159,1.2641509433962264,0.04227887650481754,659,"You remind me of my ex, loud and relentless"
2063,3098,8,26,125,159,1.2641509433962264,0.04321012490620249,659,"Yes, you're blending in."""
3582,3098,4,34,121,159,1.2641509433962264,0.039353130889544084,659,Honey... just make a decision!
3657,3104,5,23,97,125,1.264,0.04703327579765272,659,I’m  just not sure I can get serious with someone so into gender blending.
0,3105,9,20,115,144,1.2638888888888888,0.04724963782078061,659,Get your head around this. It's not me. It's you.
1040,3105,9,20,115,144,1.2638888888888888,0.04724963782078061,659,"Dear, your imitations are starting to bother me."
2392,3105,6,26,112,144,1.2638888888888888,0.04405851771019594,659,I thought you said smooth operator.
5205,3105,5,28,111,144,1.2638888888888888,0.04294214579750938,659,I'm looking more for grinding than blending.
6364,3105,8,22,114,144,1.2638888888888888,0.046210422818557334,659,"Well sure, I listed Smoothies as one of my ""likes"", but they are not the focus of my life."
6070,3110,7,29,127,163,1.2638036809815951,0.04158145875937288,659,I thought 'stir' might be a nice setting for tonight.
3750,3110,9,25,129,163,1.2638036809815951,0.043364714188327,659,"Don’t you think you’ve taken this whole, ‘love me, love my Vitamix,’ just a little too far."
1171,3110,12,19,132,163,1.2638036809815951,0.04590990658618334,659,These caption contests have become ludicrous. (Seriously)
2818,3113,3,28,98,129,1.2635658914728682,0.04335631263797886,659,She said you were a little mixed up.
4996,3113,4,26,99,129,1.2635658914728682,0.044731352277456546,659,Perhaps some water might help.
719,3115,8,23,117,148,1.2635135135135136,0.045339404091624,659,"I know you're all mixed up Honey, but we can talk this out."
1281,3115,8,23,117,148,1.2635135135135136,0.045339404091624,659,"When I asked for someone who was okay with blended families, I had something else in mind."
1603,3115,5,29,114,148,1.2635135135135136,0.04218857159601243,659,I didn’t mean to make your head spin!
3541,3115,8,23,117,148,1.2635135135135136,0.045339404091624,659,"I know your head is spinning.​ ​Yes, you are different, but this is New York City you will blend right in!"""
4966,3115,8,23,117,148,1.2635135135135136,0.045339404091624,659,We'll always have Puree.
5392,3115,7,25,116,148,1.2635135135135136,0.044314025996588666,659,Aren’t you the smoothie
1095,3121,11,22,134,167,1.2634730538922156,0.04430123680662409,659,That’s not what I meant about blending our families.
395,3121,9,26,132,167,1.2634730538922156,0.042641644536897776,659,You’re my first Blendr date and it’s not what I expected.
4185,3123,9,22,121,152,1.263157894736842,0.04547955437628567,659,I long for the days when you just chewed a lot.
3928,3123,8,24,120,152,1.263157894736842,0.04451125128015218,659,You're mixing your metaphors again.
6505,3123,6,28,118,152,1.263157894736842,0.04250852548658323,659,I don't understand. You just seem so mixed up these days.
5871,3123,7,26,119,152,1.263157894736842,0.04352140984370994,659,"No, Jerrod, I will not give a 'squirrel burger' a whirl."
2888,3123,7,26,119,152,1.263157894736842,0.04352140984370994,659,Do you think that will get the waiter's attention?
3790,3123,7,21,105,133,1.263157894736842,0.047607054407015306,659,You promised you'd never frappe again in front of me!
1823,3123,9,22,121,152,1.263157894736842,0.04547955437628567,659,"Thanks, Jane. But I'm getting the feeling I've opened up too quickly."
1505,3123,7,26,119,152,1.263157894736842,0.04352140984370994,659,Did I not mention I was the head of a blended family?
1467,3123,5,30,117,152,1.263157894736842,0.0414709098441645,659,Maybe it's the wine that's making your head spin.
303,3123,10,20,122,152,1.263157894736842,0.04642766677323125,659,I just don't think we mix well.
2631,3123,7,26,119,152,1.263157894736842,0.04352140984370994,659,Wouldn't dentures have been quieter?
5997,3134,4,33,119,156,1.2628205128205128,0.039759595485652936,659,But I don't want to have a blended family.  I told you when we met at that mixer.
6524,3134,9,23,124,156,1.2628205128205128,0.04465859786062159,659,"So, on your profile you said you're high-powered?"
4352,3136,7,22,108,137,1.2627737226277371,0.04664583979511086,659,"Your thoughts are supposed to be scrambled, not blended."
330,3136,4,28,105,137,1.2627737226277371,0.0430558677687934,659,"Yes, you did say that you were a great mixer."
1293,3136,5,26,106,137,1.2627737226277371,0.044284872770276734,659,"I told you making milkshakes 
would give you a headache."
1799,3136,3,30,104,137,1.2627737226277371,0.041790735125958815,659,I feel like our relationship has been such a blur.
2531,3136,8,20,109,137,1.2627737226277371,0.04778259701132749,659,I'm sick of your fad diets!
879,3141,11,25,143,179,1.2625698324022345,0.042169531005341265,659,You have the makings of a real smoothie but you are Waring on me.
6779,3142,8,26,126,160,1.2625,0.042970938694972025,659,So this is the North Beach Diet?
2525,3142,10,22,128,160,1.2625,0.044763090562756715,659,I’m worried about where the smoothie comes out.
4746,3142,7,28,125,160,1.2625,0.04204622718063757,659,You sound a bit mixed up.
43,3145,5,27,109,141,1.2624113475177305,0.0434637466358263,659,So you come from a blended family?
1582,3145,10,17,114,141,1.2624113475177305,0.04894571364881601,659,"So your insurance would not pay for dentures or dental implants, but they paid for that?"
1986,3145,7,23,111,141,1.2624113475177305,0.04573545142240031,659,"Oh, har har. I ask for one night out away from the kitchen."
2022,3145,7,23,111,141,1.2624113475177305,0.04573545142240031,659,I should have ordered soup. It all ends up as soup anyhow...
3075,3145,7,23,111,141,1.2624113475177305,0.04573545142240031,659,Can you even HEAR me when you eat??
6506,3145,4,29,108,141,1.2624113475177305,0.04228214929529463,659,This isn't what I expected when Sarah said her boss was a metal-head.
3452,3151,4,24,94,122,1.2622950819672132,0.0462717576639643,659,So should we go home and make smoothies?
5061,3152,8,27,129,164,1.2621951219512195,0.0422532400170497,659,I guess you understand blended families?
1118,3152,8,27,129,164,1.2621951219512195,0.0422532400170497,659,"so, you say you're from a blended family?"
4620,3152,8,27,129,164,1.2621951219512195,0.0422532400170497,659,"What have you gotten yourself mixed up in this time, Harry?"
6640,3152,4,35,125,164,1.2621951219512195,0.03854957192485366,659,You don't really blend in.
3775,3152,9,25,130,164,1.2621951219512195,0.04312949096645643,659,So..you were saying you came to Washington to mix things up...
211,3152,7,29,128,164,1.2621951219512195,0.041358428316984844,659,And why did you sign onto mixandmatch.com?
1534,3152,7,29,128,164,1.2621951219512195,0.041358428316984844,659,I know breaking up can be difficult-but I didn’t think it would whip you into a frenzy!
518,3152,7,29,128,164,1.2621951219512195,0.041358428316984844,659,I'm really getting some mixed messages from you!
3107,3152,6,31,127,164,1.2621951219512195,0.04044382392608219,659,You're not making the silence any less awkward.
5650,3161,8,22,115,145,1.2620689655172415,0.04592669660691276,659,Your add said radiohead.
5566,3161,8,22,115,145,1.2620689655172415,0.04592669660691276,659,"When you said we’d have a blended family, I thought you meant you had kids too."
3131,3161,8,22,115,145,1.2620689655172415,0.04592669660691276,659,So once you blew your top the divorce became messy.
4232,3161,9,20,116,145,1.2620689655172415,0.04695792693290919,659,You pushed the right buttons with that dress
2004,3161,8,22,115,145,1.2620689655172415,0.04592669660691276,659,Go ahead and  take it - you need the straw more  I do.
213,3161,5,28,112,145,1.2620689655172415,0.04268378075316585,659,Are you one of those people who's bothered by loud chewing?
35,3161,8,22,115,145,1.2620689655172415,0.04592669660691276,659,"Oh dear, I've triggered you again."
2601,3161,5,28,112,145,1.2620689655172415,0.04268378075316585,659,Doreen warned you were a smoothie but this is ridiculous.
274,3169,10,24,134,168,1.2619047619047619,0.043248223572530546,659,I'd rather stick my head in a blender than attend another spring fundraiser.
2617,3169,7,30,131,168,1.2619047619047619,0.04070074746107804,659,"Yours came out fine, but mine needs another 10 seconds."
3035,3169,5,23,98,126,1.2619047619047619,0.04670552318186373,659,I'm pretty sure that's not what they meant when they said that we should try to blend in.
3273,3169,5,23,98,126,1.2619047619047619,0.04670552318186373,659,"Please don't take this personally, but I don't need another dicey relationship."
6644,3169,4,25,97,126,1.2619047619047619,0.04532572965444112,659,Your personal touch to the dressing is so romantic!
5420,3174,9,21,119,149,1.261744966442953,0.046063991045378366,659,"Your online profile said you were the spin doctor, so I thought you were the Attorney General."
5594,3174,7,25,117,149,1.261744966442953,0.04405112743045617,659,"and, you don't have to brush as often ?"
4549,3174,6,27,116,149,1.261744966442953,0.04300938393335905,659,"Oh my, you ARE a smoothie talker."
5713,3174,6,27,116,149,1.261744966442953,0.04300938393335905,659,You said you were looking to mix things up in the bedroom.
5602,3174,7,25,117,149,1.261744966442953,0.04405112743045617,659,We probably should have spent the extra money on the Ninja;  it's much faster.
4066,3174,9,21,119,149,1.261744966442953,0.046063991045378366,659,"I don't go on a lot of dates, but I decided to mix things up."
3098,3174,7,25,117,149,1.261744966442953,0.04405112743045617,659,I thought your profile said you were from a 'blended family' not a 'blender family.
3837,3174,9,21,119,149,1.261744966442953,0.046063991045378366,659,"f you put the hamburger in there, I'm leaving."
2886,3174,8,23,118,149,1.261744966442953,0.045068797958914913,659,"Ralph, when I said ""let's mix it up a bit"" you KNOW this was not what I meant."
2724,3174,7,25,117,149,1.261744966442953,0.04405112743045617,659,You better not embarrass me with a second salad bar visit...
2482,3174,8,23,118,149,1.261744966442953,0.045068797958914913,659,"Oh, my gosh! Your website said that you tend to grind your teeth, but this is not what I expected."
2272,3174,6,27,116,149,1.261744966442953,0.04300938393335905,659,Sorry for mentioning this so early on our date
1729,3186,4,26,100,130,1.2615384615384615,0.04443221090596759,659,I'd date anything with a pulse function
6782,3187,9,22,122,153,1.261437908496732,0.04521405138783825,659,My last boyfriend was great at mixing and shredding. Now I’m looking for someone who can liquify.
3922,3187,10,20,123,153,1.261437908496732,0.046155278732855486,659,"Yes, I can see that you come from a blended family."
5401,3187,7,26,120,153,1.261437908496732,0.04327021861385808,659,I begged you not to watch the news.
3081,3187,9,22,122,153,1.261437908496732,0.04521405138783825,659,You look a lot different than your profile pic...
2832,3187,9,22,122,153,1.261437908496732,0.04521405138783825,659,"I don't know,Tommy. Sometimes it feels like we're just going round and round."
3181,3187,7,26,120,153,1.261437908496732,0.04327021861385808,659,Hiccups? Just press pause.
1834,3193,7,21,106,134,1.2611940298507462,0.04729123657563231,659,"I'll just stick with water for now, thanks."
2403,3193,6,23,105,134,1.2611940298507462,0.04608948042903473,659,"I know you want to blend in, Harry, but you might want to 
re-think your methodology."""
4031,3193,3,29,102,134,1.2611940298507462,0.04227975466244136,659,"When I heard about the social mixer, this is not what I was thinking."
6145,3193,4,27,103,134,1.2611940298507462,0.043586678067389806,659,"I know its speed dating, but I was hoping we could really give this a whir."
110,3197,6,29,122,157,1.2611464968152866,0.0415548853183028,659,I just assumed you would like fusion cuisine.
1439,3197,8,25,124,157,1.2611464968152866,0.04347559233033532,659,"So, how long have you been in politics?"
4177,3197,10,21,126,157,1.2611464968152866,0.04531496180214352,659,What can I say? It brings out the flavor in the food.
5913,3200,7,22,109,138,1.2608695652173914,0.046345726385314936,659,"I know you do not like to try new things, but why not give this a whirl?"
6110,3200,10,22,129,161,1.2608695652173914,0.04451405941140623,659,"I know you are from a blended family, but you seem a little too mixed up for my taste."
5813,3200,5,26,107,138,1.2608695652173914,0.04400401468716787,659,"OK, what is it? I can tell when your gears are turning.."
5597,3200,9,18,111,138,1.2608695652173914,0.048574678586445305,659,My father was a small kitchen appliance salesman.
4246,3200,7,22,109,138,1.2608695652173914,0.046345726385314936,659,"Well, yes, your profile did say you were from a blended family..."
4163,3200,6,30,125,161,1.2608695652173914,0.040877163295304914,659,"Honey, how did your day go? Anything happen?"
1188,3200,9,18,111,138,1.2608695652173914,0.048574678586445305,659,This smoothie cleanse has really gone to your head.
1727,3207,9,25,131,165,1.2606060606060605,0.042896745774035065,659,Rick you are such a smoothie.
2813,3207,5,33,127,165,1.2606060606060605,0.03930001880371855,659,'Why?!?' Because you constantly give me mixed messages!
5004,3207,6,31,128,165,1.2606060606060605,0.04022935878161647,659,I see you’re trying to blend right in.
6050,3210,6,25,111,142,1.2605633802816902,0.044337290981409164,659,Would you like me to cut your food up for you?
5242,3210,8,21,113,142,1.2605633802816902,0.04653574554365965,659,You had me at first pulse setting.
6088,3210,8,21,113,142,1.2605633802816902,0.04653574554365965,659,I'm having mixed feelings about this date.
2829,3210,6,25,111,142,1.2605633802816902,0.044337290981409164,659,A blended family just won't work.
3702,3210,5,27,110,142,1.2605633802816902,0.04319612541308653,659,"True, I wanted to mix things up, but this..."
2123,3215,5,21,93,119,1.2605042016806722,0.04842217029986229,659,Go home with me now and I'll throw in a variable-speed back massager.
5141,3215,5,21,93,119,1.2605042016806722,0.04842217029986229,659,"Really, a protein shake with every meal ?"
6368,3217,9,26,134,169,1.2603550295857988,0.04219280884726161,659,I've never seen one with a 'masticate' setting.
680,3218,8,22,116,146,1.2602739726027397,0.04564635218905256,659,Don't ever tell me again that I look good enough to eat!
2396,3218,5,28,113,146,1.2602739726027397,0.04242840480501643,659,"Thanks for dinner, but you seem a little mixed up in the head."
4122,3218,3,32,111,146,1.2602739726027397,0.04014004125208667,659,I wish you would just tell me what's on your mind.
4724,3218,6,26,114,146,1.2602739726027397,0.04352749528272793,659,You remind me of Jimmy Buffett.
5794,3218,8,22,116,146,1.2602739726027397,0.04564635218905256,659,Are you sure you’re alright? You seem shaken up.
6026,3218,6,26,114,146,1.2602739726027397,0.04352749528272793,659,What do you mean by mixed reviews?!
549,3224,7,18,98,123,1.2601626016260163,0.05010637541259965,659,“I’m not sleeping in the appliance garage.”
5648,3224,8,16,99,123,1.2601626016260163,0.05141914894582732,659,Nice hat...
1840,3226,5,29,116,150,1.26,0.04169775126850502,659,I wish I could blend in as well as you do!
1928,3226,6,27,117,150,1.26,0.04275731422181576,659,Wow. A straw?
1406,3226,10,19,121,150,1.26,0.04675606649318342,659,"Charles, this is not what I meant by a blended family."
3138,3226,4,31,115,150,1.26,0.04061055284328369,659,I just feel like your mind is always spinning.
571,3226,4,31,115,150,1.26,0.04061055284328369,659,"Yes, I know you should chew your food well, Harold, but this is ridiculous."
216,3226,8,23,119,150,1.26,0.04480132628270104,659,"When yours dating profile said that you were a mixer, I assumed that meant you were some sort of DJ."
1375,3226,9,21,120,150,1.26,0.045789128571114064,659,I should have known using a dating app owned by Amazon would have some pitfalls
5987,3226,6,27,117,150,1.26,0.04275731422181576,659,"Relax, women prefer blends."
2065,3234,4,25,98,127,1.2598425196850394,0.04501468108251446,659,I know your profile page said 'you blend well' but this isn't what I expected.
80,3234,5,23,99,127,1.2598425196850394,0.04638217211292898,659,"Ronald, you're pulsing again."
107,3236,7,26,121,154,1.2597402597402598,0.04302183273971188,659,You're a smoothie operator.
624,3236,6,28,120,154,1.2597402597402598,0.04202375107555406,659,"Oh yeah, I love marriage. I've been married three times. One was a male. One was female. And the other was a Volkswagen. Boy is it loud in here... you like hockey?"
977,3236,7,26,121,154,1.2597402597402598,0.04302183273971188,659,You're not Jewish are you?
2218,3236,7,26,121,154,1.2597402597402598,0.04302183273971188,659,I’ve never dined with a Keurig either.
2553,3236,6,28,120,154,1.2597402597402598,0.04202375107555406,659,"Yes, Nathan, that would make my head spin, too."
2736,3236,10,20,124,154,1.2597402597402598,0.045886004464919236,659,"It's okay, Honey. You're just a little mixed up."
4109,3236,8,24,122,154,1.2597402597402598,0.04399727866706485,659,Poor man - you're all mixed up!
6099,3236,9,22,123,154,1.2597402597402598,0.044951562463733934,659,"I'm sorry, but I thought I was swiping right on ""Tinder,"" not ""Blender"""
3566,3244,9,16,106,131,1.2595419847328244,0.05035142065419517,659,It’s the new “Brexit” fascinator. All mixed up and can’t see what’s ahead.
6562,3245,3,35,120,158,1.259493670886076,0.03828583323834614,659,You do seem to be a little mixed up lately.
6046,3245,7,27,124,158,1.259493670886076,0.042288386669252824,659,"Oh, I wouldn't worry about that . . . I'm sure you're blending right in."
5175,3245,9,23,126,158,1.259493670886076,0.044153810223525845,659,"No, I will NOT hand feed you!"
5051,3245,6,29,123,158,1.259493670886076,0.04132410908906316,659,Quit mixing up what I'm saying!
4849,3245,5,31,122,158,1.259493670886076,0.04033678639804298,659,"I know you're trying to understand, but do you have to make that horrible sound?"
4639,3245,5,31,122,158,1.259493670886076,0.04033678639804298,659,"Yes, I'm mixed. Why do you ask?"
1565,3245,7,27,124,158,1.259493670886076,0.042288386669252824,659,"I'm sorry Presley, it's not love - you're just all shook up."
2909,3245,7,27,124,158,1.259493670886076,0.042288386669252824,659,"Boy, when you said that problem at work had your head spinning I thought it was just a metaphor."
2562,3245,6,29,123,158,1.259493670886076,0.04132410908906316,659,Don't be ridiculous -- I love that you're from a blended family.
495,3245,5,31,122,158,1.259493670886076,0.04033678639804298,659,This is not pushing any of my buttons.”
343,3245,8,25,125,158,1.259493670886076,0.04323116124014815,659,"You know, it's not polite to chew with your mouth open, Karen."
33,3245,9,23,126,158,1.259493670886076,0.044153810223525845,659,"Forgive me, Karen, I feel like my head is spinning right now..."
3352,3245,10,21,127,158,1.259493670886076,0.045057569978179945,659,I preferred your dentures.
4871,3258,9,24,129,162,1.2592592592592593,0.043392975850472526,659,"Chewing with my mouth open is a turn-on for you, I take it?"
6105,3258,6,30,126,162,1.2592592592592593,0.04065595460513889,659,I see myself as a people person and a blender.
5946,3258,7,21,107,135,1.2592592592592593,0.046979481028384,659,"I'm sorry that you feel misled, but your Tinder profile isn't exactly truthful either."
5345,3258,8,19,108,135,1.2592592592592593,0.04814176936102199,659,Are you juicing?
4437,3258,6,30,126,162,1.2592592592592593,0.04065595460513889,659,I just can't shake the feeling that you've got mixed emotions about this relationship.
3156,3258,6,30,126,162,1.2592592592592593,0.04065595460513889,659,"Feeling mixed - up is normal at this stage of a relationship, John"
2708,3258,7,21,107,135,1.2592592592592593,0.046979481028384,659,"My friends warned me you were sharp, reliable, but had a short fuse."
2292,3258,5,25,105,135,1.2592592592592593,0.04456405500702562,659,"No, You don't blend in well at all!"
447,3258,8,26,128,162,1.2592592592592593,0.04250022490597157,659,"Yeah, it's a new treatment, but it's getting mixed results."
3592,3258,5,32,125,162,1.2592592592592593,0.039701705363291234,659,"You’re so beautiful, just looking at you makes my head spin."
5864,3268,10,23,133,166,1.2590361445783131,0.043513728108331706,659,"I'm not dull, I just like to blend in."
6411,3269,7,22,110,139,1.2589928057553956,0.0460493557511131,659,"Sorry, I’m not looking for a blended family."
4338,3269,7,22,110,139,1.2589928057553956,0.0460493557511131,659,"It’s not you, it’s me. I just come from a more blended family."
3313,3269,8,20,111,139,1.2589928057553956,0.047167865964530195,659,It started out as a nice crush but anyone with a pulse can see this isn't going grate.
6126,3269,10,16,113,139,1.2589928057553956,0.04932885979584882,659,Warring over our blended family in public only draws more attention to us.
2831,3269,5,26,108,139,1.2589928057553956,0.043726586145981586,659,You look different on Tinder.
2106,3269,6,24,109,139,1.2589928057553956,0.044902992667942086,659,I hate people who chew their ice.
3246,3269,3,30,106,139,1.2589928057553956,0.04127330259224871,659,Your profile said you you were looking for more juice.
5725,3276,6,32,132,170,1.2588235294117647,0.039405504175705416,659,Everyone goes through times of mixed emotions.
1332,3277,7,23,113,143,1.2587412587412588,0.0451676312546647,659,"I come from a blended family, too, but not literally..."
3707,3277,5,27,111,143,1.2587412587412588,0.04293167595934606,659,"But I thought the matchmaker said you were ""the head of a line of big spenders."""
4518,3277,6,25,112,143,1.2587412587412588,0.044063838426966706,659,I'm glad we came out.  I was sick of blending in.
5847,3277,5,27,111,143,1.2587412587412588,0.04293167595934606,659,Been watching the news again?
5450,3281,7,24,116,147,1.2585034013605443,0.04433044410499038,659,It's not you. I just can't get over my vita-mix.
884,3281,8,22,117,147,1.2585034013605443,0.04536933143282177,659,I thought Mona said you came from a 'blended' family.
1941,3281,8,22,117,147,1.2585034013605443,0.04536933143282177,659,"So, you were talking about growing up in your blended family ..."
6577,3281,9,20,118,147,1.2585034013605443,0.04638495655680603,659,You're always mixing up everything.
6305,3285,8,23,120,151,1.2582781456953642,0.04453693673436995,659,"When you posted about how amazing your smoothies were, I didn't think..."
6871,3285,7,25,119,151,1.2582781456953642,0.043534337171142495,659,You know you don’t always have to act so smooth.
5395,3285,9,21,121,151,1.2582781456953642,0.04551745768858168,659,"I don’t mean to sound rude, Mary, but you don’t really look like your Tinder photo."
2864,3285,6,27,118,151,1.2582781456953642,0.04250809678379129,659,I thought the  dentist was  going  to  implant  a new  set of  teeth.
2573,3285,8,23,120,151,1.2582781456953642,0.04453693673436995,659,Why can't we just have a normal conversation?
1553,3285,7,25,119,151,1.2582781456953642,0.043534337171142495,659,So...how long have you been on blendr?
4821,3285,9,21,121,151,1.2582781456953642,0.04551745768858168,659,"You're really serious about this new diet, aren't you?"
566,3292,3,26,95,124,1.2580645161290323,0.04415920186203535,659,Could this be a possible explanation for your dizzy spells?
1306,3292,10,20,125,155,1.2580645161290323,0.04561979233461597,659,What happened to blending in?
1579,3292,6,28,121,155,1.2580645161290323,0.04178536502662134,659,"Yes, online dating can make your head spin."
2743,3292,7,26,122,155,1.2580645161290323,0.04277620729996249,659,This is not what I expected at my first college mixer.
3393,3292,10,20,125,155,1.2580645161290323,0.04561979233461597,659,you're always so mixed up!
4882,3292,3,26,95,124,1.2580645161290323,0.04415920186203535,659,"It’s not a diet, it’s a lifestyle"
4085,3298,7,27,125,159,1.2578616352201257,0.042053260892477094,659,Do you come to these mixers often?
5414,3298,9,23,127,159,1.2578616352201257,0.04390557758976369,659,My last date was all mixed up too !!
4398,3298,9,23,127,159,1.2578616352201257,0.04390557758976369,659,"Honey, finish the bite before you answer."
2437,3298,5,31,123,159,1.2578616352201257,0.040115505230405954,659,"So, I understand you were raised in a successfully blended family?"
1052,3298,6,29,124,159,1.2578616352201257,0.041095805817513,659,Yes I do like crushed ice.
3110,3298,8,25,126,159,1.2578616352201257,0.04298939692052857,659,"Sure, I juice."""
1578,3304,4,25,99,128,1.2578125,0.04470773109029495,659,This is not what I meant when I told you to “blend in.”
3950,3304,7,19,102,128,1.2578125,0.048660823127348575,659,"Bob, please stop chewing with your mouth open."
6319,3306,9,24,130,163,1.2576687116564418,0.04315526050809657,659,Well I can see you're preoccupied...
936,3306,8,26,129,163,1.2576687116564418,0.04226861894458759,659,You're not blending in at all.
3011,3306,9,24,130,163,1.2576687116564418,0.04315526050809657,659,It's a living!
6023,3306,7,28,128,163,1.2576687116564418,0.04136297602257143,659,"He remembered making her a few daquiris, but the memories of  the rest of their date just blended together."
3276,3310,7,20,105,132,1.2575757575757576,0.047638195332599,659,So your family is blended?
5745,3310,6,22,104,132,1.2575757575757576,0.046408374605699396,659,"So, do you often swipe pulse?"
3260,3310,6,22,104,132,1.2575757575757576,0.046408374605699396,659,Your juicing obsession has really gotten out of control.
6824,3310,8,18,106,132,1.2575757575757576,0.04883705637680049,659,"George - please don't grind your teeth at the table"""
4049,3314,10,23,134,167,1.2574850299401197,0.043280186090922594,659,You can't switch to puree every time I bring up the credit card
475,3315,4,27,105,136,1.2573529411764706,0.043028494801232234,659,"I don't think you understand what ""blended fusion cuisine"" means."
591,3315,6,23,107,136,1.2573529411764706,0.04548973827806604,659,Must you chew your food so loudly?!?
1378,3315,6,23,107,136,1.2573529411764706,0.04548973827806604,659,"No, I'm not opposed to the idea of blended families."
1925,3315,4,27,105,136,1.2573529411764706,0.043028494801232234,659,"Honey, blend with your lid closed!"""
3298,3315,2,31,103,136,1.2573529411764706,0.04041765011863496,659,I'm sorry. I just prefer this year's model.
5631,3315,6,23,107,136,1.2573529411764706,0.04548973827806604,659,I hate it when you grind your teeth.
6261,3315,4,27,105,136,1.2573529411764706,0.043028494801232234,659,"I know you're a Ninja, but I love my Magic Bullet."
4693,3322,5,26,109,140,1.2571428571428571,0.043452527605847675,659,I’m feeling a little mixed up myself.
6092,3322,9,18,113,140,1.2571428571428571,0.047950201741099964,659,Sorry for the mix up. I was looking for a pulse.
1295,3322,10,25,140,175,1.2571428571428571,0.04188833832509729,659,"I'm just surprised, your profile said 6'3""."
3696,3322,8,20,112,140,1.2571428571428571,0.04686626637671682,659,I've been bamboozled! His dating profile picture was an edible arrangement.
1558,3326,8,21,115,144,1.2569444444444444,0.045957954943081275,659,What is it? What’s whirrying you?
2450,3326,8,21,115,144,1.2569444444444444,0.045957954943081275,659,This seems a little drastic to avoid using straws . . .
3576,3326,5,27,112,144,1.2569444444444444,0.042670344868245405,659,"Honestly, you've been so scatterbrained lately."
4804,3326,8,21,115,144,1.2569444444444444,0.045957954943081275,659,You always get so stirred up when we talk politics
4980,3326,6,25,113,144,1.2569444444444444,0.04379364598089652,659,"I know you want to blend in, but this is ridiculous!"
5572,3331,6,26,116,148,1.2567567567567568,0.04300876399358288,659,I wish you wanted to do more than just blend in.
1105,3331,10,18,120,148,1.2567567567567568,0.047090003543052004,659,STOP IT!  You're making me dizzy!
2478,3331,5,28,115,148,1.2567567567567568,0.04192642504314524,659,That's a strange way to get a buzz.
3002,3331,5,28,115,148,1.2567567567567568,0.04192642504314524,659,"I'm sure my mother will understand.  After all, she married a mix-master."
3202,3331,9,20,119,148,1.2567567567567568,0.04610357654594072,659,"Oh, well, it’s just lunch"
5989,3336,7,25,120,152,1.256578947368421,0.04328034702992404,659,Do you want some cheese with that whine?
5611,3336,7,25,120,152,1.256578947368421,0.04328034702992404,659,I've told you before. I'm afraid of the whole blended family thing.
6087,3336,6,27,119,152,1.256578947368421,0.042261685523532766,659,I feel like you’re not hearing me.
4344,3336,8,23,121,152,1.256578947368421,0.04427557808511744,659,I’m leaving you for my magic wand.
3663,3336,6,27,119,152,1.256578947368421,0.042261685523532766,659,Do you want another smoothie?
4240,3336,9,21,122,152,1.256578947368421,0.04524892474426334,659,"Now I see why you wrote ""into Cuisinart"" on match.com."
3367,3336,7,25,120,152,1.256578947368421,0.04328034702992404,659,How long have you had migraines?
2704,3336,7,25,120,152,1.256578947368421,0.04328034702992404,659,Gotta quit falling for these smooth talkers!
590,3344,5,30,121,156,1.2564102564102564,0.04054202128420999,659,"No, I would never have guessed you were from a blended family."
2069,3344,6,28,122,156,1.2564102564102564,0.04154959056053535,659,What do you mean you don't like this place? It's BYOB.
3241,3344,8,24,124,156,1.2564102564102564,0.043494763450623725,659,You do know you don't blend in.
3686,3344,7,26,123,156,1.2564102564102564,0.04253329826955489,659,"So, what do you do with YOUR leftovers?"
4893,3344,10,20,126,156,1.2564102564102564,0.045356591797701226,659,"I can see us having a blended family"""
5615,3344,6,28,122,156,1.2564102564102564,0.04154959056053535,659,"when you said spin doctor, i didn’t expect that..."
6589,3350,7,27,126,160,1.25625,0.041820666665864606,659,I never French Kiss on the first date.
4984,3350,7,27,126,160,1.25625,0.041820666665864606,659,I can't wait to meet your oven. I mean your mom.
2944,3350,9,23,128,160,1.25625,0.04366006029290242,659,"Don't worry, I refuse to chop dates."
3159,3350,9,23,128,160,1.25625,0.04366006029290242,659,"Don’t feel awkward, you blend right in!"
782,3354,8,26,130,164,1.2560975609756098,0.042039462606503646,659,Look at it this way: we'll have a blended family.
6800,3354,6,30,128,164,1.2560975609756098,0.040220430356588004,659,I didn't know you had such mixed feelings.
3964,3356,6,31,131,168,1.255952380952381,0.039598987698438386,659,That’s not so bad. They call me chatterbox.
5628,3356,3,37,128,168,1.255952380952381,0.03679975310313832,659,I think you blend in well.
1170,3358,7,19,103,129,1.255813953488372,0.048323479223998766,659,How unfortunate for you to get one of your dizzy spells just now!
4624,3358,6,21,102,129,1.255813953488372,0.047053529233251866,659,What do you do when you're full?
5260,3358,7,19,103,129,1.255813953488372,0.048323479223998766,659,"Honestly Henry, I just think you're all mixed up."
6340,3358,6,21,102,129,1.255813953488372,0.047053529233251866,659,This is taking your brain food diet too far!
3103,3362,10,25,141,176,1.2556818181818181,0.041675274592936934,659,"I see now why you wanted to meet at a place 
where we had the option to mix it up or just blend in."
6455,3363,5,24,104,133,1.255639097744361,0.044846178122827915,659,"If I get ice cream, would you mind whipping up a milk shake for me?"
4323,3363,5,24,104,133,1.255639097744361,0.044846178122827915,659,"My heritage? Well, my father was Dutch, and my mother was actually a toaster oven!"
3128,3363,6,22,105,133,1.255639097744361,0.04609881624051918,659,"Nigel, I appreciate your commitment, but a lighter approach to blending in with my friends would have been sufficient."
1369,3363,5,24,104,133,1.255639097744361,0.044846178122827915,659,I am a little worried.  The conversation always seems to come back to margaritas
704,3363,7,20,106,133,1.255639097744361,0.04731830539368354,659,I also come from a blended family.
217,3368,5,25,107,137,1.2554744525547445,0.04399197431622221,659,That’s not what I meant by ‘blending in.’
263,3368,7,21,109,137,1.2554744525547445,0.04636785759716212,659,I'm so in love. You make my head spin !
1573,3368,8,19,110,137,1.2554744525547445,0.04751126629660043,659,i'm from a blended family.
2894,3368,6,23,108,137,1.2554744525547445,0.04519553087634805,659,"When I read your bio on Match, I thought it meant you got along with people easily"
5424,3368,7,21,109,137,1.2554744525547445,0.04636785759716212,659,"""I'm glad I make your pulse quicken."
5927,3368,6,23,108,137,1.2554744525547445,0.04519553087634805,659,I feel like I'm in blend mode and you're in mix mode.
6047,3368,5,25,107,137,1.2554744525547445,0.04399197431622221,659,This isn’t exactly what I had in mind when I said we should mix things up a little.
4879,3375,8,20,113,141,1.2553191489361701,0.04656841805556057,659,I don’t have a head I was just hoping you could give me some
3874,3375,5,26,110,141,1.2553191489361701,0.043181780792555385,659,But your profile said you were open to blended families.
2738,3375,7,22,112,141,1.2553191489361701,0.04546757567326129,659,I can't imagine what it's like when you snore!
1735,3375,2,32,107,141,1.2553191489361701,0.03950588341798156,659,Eating vegan won't cause you to rust.
1110,3375,5,26,110,141,1.2553191489361701,0.043181780792555385,659,I’m just not sure I’m ready for a blended family.
2114,3375,3,30,108,141,1.2553191489361701,0.04076802604037714,659,Why are you looking at me that way?
1094,3381,5,27,113,145,1.2551724137931035,0.042412079833322056,659,"Well yes, I love frozen Margaritas but I do need a bit more in a committed relationship."
2405,3381,4,29,112,145,1.2551724137931035,0.04126740935865803,659,I'm not satisfied with blend. Call me when you're ready to frappé.
2560,3381,6,25,114,145,1.2551724137931035,0.04352665799715286,659,I wish you would stop smooth talking me
3797,3381,7,23,115,145,1.2551724137931035,0.044613399299023804,659,"Whoa, that drink must be strong.  I feel like my head is spinning."
3958,3381,7,23,115,145,1.2551724137931035,0.044613399299023804,659,Enough about me. What makes your head spin?
5168,3381,6,25,114,145,1.2551724137931035,0.04352665799715286,659,Pulse. You always regret liquifying your burger.
6446,3381,10,17,118,145,1.2551724137931035,0.04772537814259011,659,Let's not mince words here. I prefer mine blended
4600,3388,8,22,119,149,1.25503355704698,0.04482503464391083,659,Did you forget your Adderall?
5225,3388,5,28,116,149,1.25503355704698,0.04167972608026823,659,I think I would be fine with a blended family?
4401,3388,5,28,116,149,1.25503355704698,0.04167972608026823,659,I do like to mix it up when I’m dating...
3829,3388,7,24,118,149,1.25503355704698,0.04380170098592749,659,Are you nervous? You're shaking something awful.
2588,3388,9,20,120,149,1.25503355704698,0.045825521845310295,659,You think I'm the one whose all mixed up?
670,3388,5,28,116,149,1.25503355704698,0.04167972608026823,659,It’s right there on my Match profile - I’m from a blended family.
611,3394,6,27,120,153,1.2549019607843137,0.04201803526632825,659,"I'm not saying it was a lie, but when your profile said you were silky smooth and able to blend in any situation I rather had something else in mind."
907,3394,4,31,118,153,1.2549019607843137,0.03991887603166448,659,"I’m sure that I will love your kids, I’ve always dreamed of a blended family!"
1576,3394,4,31,118,153,1.2549019607843137,0.03991887603166448,659,I was looking to mix it up a little
2964,3394,7,25,121,153,1.2549019607843137,0.04302922959626292,659,"Um, so, your profile said you were 6 feet 2 inches tall."
5746,3394,7,25,121,153,1.2549019607843137,0.04302922959626292,659,Is that what you meant by ' a smoothie ' ?
6797,3394,5,29,119,153,1.2549019607843137,0.04098189814585094,659,Hey...we all need some help in processing now and then!
6853,3400,6,28,123,157,1.2547770700636942,0.04131638680094925,659,"I have to be honest, I've only made piña coladas"
6764,3400,9,22,126,157,1.2547770700636942,0.04418169044151632,659,"What do you mean; ""you can't imagine a blended family"" ?"
5764,3400,5,30,122,157,1.2547770700636942,0.040316057606833856,659,"The more I get to know you, the more mixed up you appear."
4308,3400,9,22,126,157,1.2547770700636942,0.04418169044151632,659,Was it something I SAID?
1855,3400,5,30,122,157,1.2547770700636942,0.040316057606833856,659,In your dating profile you self-identified as coming from a blended family; tell me more.
5676,3400,10,20,127,157,1.2547770700636942,0.04509635337361639,659,Have you lost your pulse?
558,3406,7,27,127,161,1.2546583850931676,0.04159056486557664,659,I can see right through you.
1031,3406,4,33,124,161,1.2546583850931676,0.03868922112396879,659,"So that's why your dating site said  
""mixed up fellow, but blends well with people."""
1172,3406,7,27,127,161,1.2546583850931676,0.04159056486557664,659,Can't I even speak without you always shaking your head?
3553,3406,4,33,124,161,1.2546583850931676,0.03868922112396879,659,Much more efficient than chewing
6784,3406,8,25,128,161,1.2546583850931676,0.04251370176061516,659,What do you mean you feel mixed up?
6283,3411,6,30,129,165,1.2545454545454546,0.04000604671087579,659,My friends tell me I'm a smoothie operator.
4495,3412,7,29,133,169,1.2544378698224852,0.040277273879018013,659,It's ok if you want to mix it up a bit.
2989,3413,8,30,143,181,1.2541436464088398,0.03929605885342327,659,"I'm flattered, but I still don't think we are blending as a couple"
1394,3414,3,27,100,130,1.2538461538461538,0.04273245867758954,659,Tell me more about your blended family.
6257,3415,8,18,108,134,1.2537313432835822,0.04818157494169884,659,"So,how long have you been a DJ?"
4658,3415,6,22,106,134,1.2537313432835822,0.04579325782901285,659,I don't think that's what the psychologist meant when she said we 'should mix things up.'
493,3417,6,23,109,138,1.2536231884057971,0.044905008291859914,659,I can't stand to see you chew your food
2761,3417,2,31,105,138,1.2536231884057971,0.039916333480218655,659,I think you're the smoothest guy I've ever dated.
4926,3417,6,23,109,138,1.2536231884057971,0.044905008291859914,659,...Perhaps. But the savings on cutlery are considerable!
5176,3417,3,29,106,138,1.2536231884057971,0.041220143149933636,659,Do you really think a blended family could work?
5354,3417,5,25,108,138,1.2536231884057971,0.04371124851677211,659,Have you considered dental implants?
6155,3422,6,24,112,142,1.2535211267605635,0.04406275403227522,659,How ever did you guess that I come from a blended family?”
6894,3422,8,20,114,142,1.2535211267605635,0.046274253474722624,659,"When your profile said you were a mixologist, I just assumed you were a bartender."
6804,3422,9,18,115,142,1.2535211267605635,0.04734127855803986,659,"Please, just try to blend in."
4671,3422,2,32,108,142,1.2535211267605635,0.03926787248426633,659,Don’t tell me: Your head’s in a whirl.
3834,3422,7,22,113,142,1.2535211267605635,0.045182036405808805,659,I'm just not sure we're a good blend.
2245,3422,4,28,110,142,1.2535211267605635,0.041734231167887756,659,Do you not eat solid foods?
697,3422,6,24,112,142,1.2535211267605635,0.04406275403227522,659,You looked taller on Tinder.
308,3422,6,24,112,142,1.2535211267605635,0.04406275403227522,659,I'm tired of your righteous indignation about healthy alternatives!
4055,3422,5,26,111,142,1.2535211267605635,0.042914288669879404,659,"I thought when you said you wanted to mix things up, you meant where we eat."
4493,3431,2,33,111,146,1.2534246575342465,0.038649428845480435,659,"I understood this was a mixer, but this exceeds my expectations."
5447,3431,5,27,114,146,1.2534246575342465,0.04215682962404238,659,"Emulsify, emulsify.  Can we at least put that aside until after dinner?"
4788,3431,8,21,117,146,1.2534246575342465,0.04539403284374742,659,"Don't you think you're taking this whole ""drink your food and chew your water"" thing a bit too literally?"
4409,3431,4,29,113,146,1.2534246575342465,0.04102103085809737,659,"No,I don't like that you're Waring."
5811,3431,5,27,114,146,1.2534246575342465,0.04215682962404238,659,The sex is quite stimulating.
3030,3431,8,21,117,146,1.2534246575342465,0.04539403284374742,659,Breaking down is hard to do.
733,3431,6,25,115,146,1.2534246575342465,0.04326282001025936,659,I see you also come from a blended family.
20,3431,7,23,116,146,1.2534246575342465,0.04434123257792524,659,"Despite his storied lineage,Garth Waring-Vader finds blind dates painfully awkward."
3670,3431,8,21,117,146,1.2534246575342465,0.04539403284374742,659,I really hate it when you mix things up.
6734,3431,4,29,113,146,1.2534246575342465,0.04102103085809737,659,"I've told you, Jason-- just stop watching the news."
1566,3441,6,26,118,150,1.2533333333333334,0.042501919068836526,659,Don't pulse at me when I'm telling you how I feel about our issues.
1418,3441,6,26,118,150,1.2533333333333334,0.042501919068836526,659,When on your profile you said you came from a blended family you weren’t kidding.
3413,3441,6,26,118,150,1.2533333333333334,0.042501919068836526,659,I like my men straight up
46,3441,8,22,120,150,1.2533333333333334,0.044557648521436594,659,"As talkers go, I hear you're a real smoothie."
382,3441,10,18,122,150,1.2533333333333334,0.046522628461704865,659,"With all that spin, you'll fit right in with the D. C. crowd."
3876,3446,5,29,120,154,1.2532467532467533,0.04074854343214989,659,"I mean I'm not against blended family in principle"""
3253,3446,6,27,121,154,1.2532467532467533,0.041777101738457396,659,What I'm mostly looking for from a relationship is a blended family.
5519,3446,4,31,119,154,1.2532467532467533,0.03969334143175895,659,Would you prefer I cut it up for you.
1407,3446,6,27,121,154,1.2532467532467533,0.041777101738457396,659,"Well, I was sorta dating one appliance for a while, but it was just for fun."
5556,3446,6,27,121,154,1.2532467532467533,0.041777101738457396,659,I'm just not sure I can handle a blended family
1016,3446,8,23,123,154,1.2532467532467533,0.043761753910379876,659,I'm not into guys who are smoothies.
1010,3446,6,27,121,154,1.2532467532467533,0.041777101738457396,659,I thought “Smoothie” was referring to your mannerisms.
760,3446,5,29,120,154,1.2532467532467533,0.04074854343214989,659,You make salsa and margaritas?
1298,3446,11,17,126,154,1.2532467532467533,0.04658045103671165,659,Why do I always have to carry the conversation ?
5246,3455,5,30,123,158,1.2531645569620253,0.040092520650449354,659,I worry that sometimes you are more than a little mixed up!
2017,3455,3,34,121,158,1.2531645569620253,0.038028395994832764,659,I thought you would be comfortable at this mixer.
5169,3455,8,24,126,158,1.2531645569620253,0.04300333914194397,659,"What's wrong, Dear?  You haven't said a whirl to me all night."
3587,3458,8,25,129,162,1.2530864197530864,0.042279689556527916,659,"When you said I turned your head, I never imagined..."
4421,3458,7,27,128,162,1.2530864197530864,0.041362917122645615,659,My friend says you make for a real smoothie.
4524,3458,10,21,131,162,1.2530864197530864,0.044056039554179485,659,I thought this dinner was a mixer.
6352,3458,8,25,129,162,1.2530864197530864,0.042279689556527916,659,Could you please just blend in
1524,3462,7,29,134,170,1.2529411764705882,0.04006761141586042,659,"Well, I suppose it's all going to the same place..."
3778,3462,6,31,133,170,1.2529411764705882,0.03918928221208077,659,My last date asked me to cut up his food. You've come prepared...
4572,3462,11,21,138,170,1.2529411764705882,0.04340354895247046,659,Our relationship is getting dicey
801,3465,4,20,87,111,1.2522522522522523,0.04868200391389657,659,"When I saw your online dating bio said ""I like to mix it up"" I wasn't expecting this."
3539,3466,6,21,104,131,1.251908396946565,0.046413990756227416,659,"I wanted a blended family, but this is ridiculous."
1806,3466,6,21,104,131,1.251908396946565,0.046413990756227416,659,I'm not ready for a blended family.
1198,3468,7,20,108,135,1.2518518518518518,0.046690965621885495,659,'I just wish you'd say yes to something once in a while'
1430,3468,6,22,107,135,1.2518518518518518,0.04549162506649493,659,But I liked the way you whirr
2648,3468,7,20,108,135,1.2518518518518518,0.046690965621885495,659,"Should I call you Mr. Julius, or is just Orange okay?"
5397,3468,7,20,108,135,1.2518518518518518,0.046690965621885495,659,I think the corking fee still applies.
6783,3468,5,24,106,135,1.2518518518518518,0.04425979701350884,659,"I agree, restaurants are so loud these days!"
6345,3473,4,27,108,139,1.2517985611510791,0.042216660165913016,659,I'm quite surprised that you're not into blended families.
5985,3473,7,21,111,139,1.2517985611510791,0.045771602978594964,659,You don't need silverware.
4749,3473,7,21,111,139,1.2517985611510791,0.045771602978594964,659,My friends warned me you’d be a smoothie.
3391,3473,9,17,113,139,1.2517985611510791,0.04799550466804937,659,"But you said in your profile that you wanted to ""mix things up."""
2613,3473,6,23,110,139,1.2517985611510791,0.04461810422546896,659,I'd rather ask the waiter for another knife.
718,3473,5,25,109,139,1.2517985611510791,0.043433982204254526,659,You haven't even touched your puree.
1253,3479,6,24,113,143,1.2517482517482517,0.04378944124821906,659,When you said you had a blended familiy .....
2005,3479,5,26,112,143,1.2517482517482517,0.04264999541139124,659,"It's no big deal, I just get things mixed up sometimes."
4807,3479,6,24,113,143,1.2517482517482517,0.04378944124821906,659,"Liquid diets suck, don't they?"
5451,3479,7,22,114,143,1.2517482517482517,0.044899980190093225,659,"On the bright side, your acne is gone."
5288,3483,6,25,116,147,1.251700680272109,0.0430020787076315,659,I’m a flurry of mixed emotions. . .
5114,3483,5,27,115,147,1.251700680272109,0.04190454406221098,659,"Honey, the meat is a little overcooked.  Better use puree."
3961,3483,5,27,115,147,1.251700680272109,0.04190454406221098,659,"Since your surgery, I notice you mix up your words."
787,3483,5,27,115,147,1.251700680272109,0.04190454406221098,659,"Yes, your profile did say you like to mix things up, but..."
735,3483,6,25,116,147,1.251700680272109,0.0430020787076315,659,"Honey, I think you're taking this pureed diet a little too seriously"
2241,3488,7,24,120,151,1.2516556291390728,0.043285124869849506,659,"You had to go and order the daiquiri, didn't you?"
4739,3488,5,28,118,151,1.2516556291390728,0.04119467918915452,659,"So, why exactly do you have mixed feelings about growing up in a blended family?"
5305,3488,6,26,119,151,1.2516556291390728,0.04225283202636141,659,"When I said we could have a blended family, this wasn’t what I had in mind."
6002,3488,5,28,118,151,1.2516556291390728,0.04119467918915452,659,Has the transition from speed dating been difficult for you?
6566,3488,5,28,118,151,1.2516556291390728,0.04119467918915452,659,"Relax, the waiter is bringing your straw right now."
2231,3493,3,33,119,155,1.2516129032258065,0.038394189865459456,659,I'm sorry for the mix up.
2064,3493,6,27,122,155,1.2516129032258065,0.04153884154750915,659,I suppose you won’t kiss me good night.
1192,3493,7,25,123,155,1.2516129032258065,0.04253542685421702,659,You seem kinda mixed up to me.
1305,3496,9,22,128,159,1.251572327044025,0.04368263265234609,659,Fox news makes my head spin too.
6634,3496,7,26,126,159,1.251572327044025,0.04182044241324806,659,I just don’t spin that way.
1581,3498,7,27,129,163,1.2515337423312884,0.04113768580672014,659,Do you mean to say you're just an old smoothie?
3320,3498,9,23,131,163,1.2515337423312884,0.042939374909403194,659,"If I've you once, I've told you or hundred times, that's not how you blend in."
4718,3498,6,29,128,163,1.2515337423312884,0.04020657696812169,659,You won't blend in.
2892,3501,7,29,135,171,1.2514619883040936,0.03986006417835845,659,"I grew up in a blended family, too."
4200,3502,5,28,119,152,1.25,0.040956241685584586,659,"I don’t mean to brag, but I was a finalist on “Chopped”"
4091,3502,4,30,118,152,1.25,0.03987825669794682,659,I'm very careful with what I put in my body. I have irritable blade syndrome.
3956,3502,7,21,112,140,1.25,0.04547906467530975,659,This is not what I had in mind when you said we should try to blend in.
3941,3502,5,24,107,136,1.25,0.04397216390237215,659,I said the chef would remember you.
3714,3502,4,24,100,128,1.25,0.044367825470805686,659,I think you've mixed me up with someone else.
3693,3502,6,28,126,160,1.25,0.04063180276860005,659,Your profile didn't mention puree.
3485,3502,5,24,107,136,1.25,0.04397216390237215,659,"I should stop talking so much, I can see I've made your head spin."
3536,3502,6,22,108,136,1.25,0.0451938453788867,659,"So, should I just put my heart in there right now?"
4390,3502,8,22,122,152,1.25,0.04403213440466003,659,Blended families never have it easy.
3408,3502,6,23,111,140,1.25,0.044334753871226124,659,You look exactly like your Blender profile.
3256,3502,7,21,112,140,1.25,0.04547906467530975,659,Why didn't you just order a smoothie?
3087,3502,3,32,117,152,1.25,0.03877031056783869,659,You may want to fix your hair
3625,3502,6,22,108,136,1.25,0.0451938453788867,659,"When your text said you liked to puree, I thought it was a typo."
4472,3502,7,26,127,160,1.25,0.041587976007827945,659,So you’re ok with the idea of a blended family?
4705,3502,6,21,105,132,1.25,0.046100544855210326,659,Your mind is such a weird blend!
4612,3502,7,24,121,152,1.25,0.043031273331024834,659,"I can deal with the mixed messages, but I really do prefer to chew my own food."
4696,3502,8,25,131,164,1.25,0.04181913845554626,659,Do you really think blended families can be successful?
2954,3502,8,23,125,156,1.25,0.04325946493965428,659,I think I may have an alcohol problem
4864,3502,6,27,123,156,1.25,0.04130321216307024,659,Please don’t stir up trouble with the waiter.
5016,3502,3,31,114,148,1.25,0.039386497612168274,659,I like a guy with more than one speed-option.
5058,3502,5,25,110,140,1.25,0.04316011443339083,659,I thought you like your martini shaken
5316,3502,5,27,116,148,1.25,0.04165517399877003,659,We need to blend in
5358,3502,5,23,104,132,1.25,0.04482856025954131,659,"If I didn't want to whip you into a frenzy,I wouldn't have worn this dress."
5505,3502,6,27,123,156,1.25,0.04130321216307024,659,"I see. You said dinner and a smoothie, not...Oh, never mind."
5877,3502,6,22,108,136,1.25,0.0451938453788867,659,I'm sorry your implants weren't ready.
5908,3502,5,25,110,140,1.25,0.04316011443339083,659,"And, no, I DON'T think 'any time is daiquiri time.'"
6029,3502,7,26,127,160,1.25,0.041587976007827945,659,What do you mean you have mixed feelings about us?
6516,3502,8,26,134,168,1.25,0.041146597507639195,659,Don't you eat ANY solid food?
6584,3502,6,22,108,136,1.25,0.0451938453788867,659,"All right, whatever you want to call it: a speed date, a mixer, a blender... I'm happy to meet you.""

John Canning
Sea Cliff, NY"
4510,3502,7,21,112,140,1.25,0.04547906467530975,659,The noise doesn't come through in your profile pic
2916,3502,6,23,111,140,1.25,0.044334753871226124,659,I picked this restaurant because I thought you would blend well.
6301,3502,7,24,121,152,1.25,0.043031273331024834,659,"I thought you liked it shaken, not stirred."
2589,3502,8,23,125,156,1.25,0.04325946493965428,659,I don't  think that's  what the Captain meant when he told you to blend in.
11,3502,7,24,121,152,1.25,0.043031273331024834,659,What sort of time frame are we talking for a Frozen Mojito?
246,3502,5,24,107,136,1.25,0.04397216390237215,659,"Yeah, obviously I have some obscure fettishes."
277,3502,5,30,125,160,1.25,0.03965257928590721,659,I can see why some people call you Mister Smoothie
378,3502,3,30,111,144,1.25,0.04003203845127178,659,Moving beyond the Pulse button was a big step.
494,3502,8,24,128,160,1.25,0.04252265396972455,659,"The costume looks great, but the character's name is Slender 
Man."
514,3502,8,17,107,132,1.25,0.04854462975402247,659,Why don't you just go back to chewing.
605,3502,7,24,121,152,1.25,0.043031273331024834,659,I hate how you push my buttons!
653,3502,9,24,135,168,1.25,0.042003910364219334,659,"You know, this is my first every blend date."
658,3502,8,23,125,156,1.25,0.04325946493965428,659,I'm afraid I don't see this ending well
740,3502,9,20,123,152,1.25,0.04501074578332069,659,I admire your creative solution to affordable dental care.
1117,3502,6,25,117,148,1.25,0.04274438190247978,659,I can puree that for you if you'd like.
1125,3502,5,25,110,140,1.25,0.04316011443339083,659,There's that Ninja-like wit my girlfriend told me about.
1187,3502,7,17,100,124,1.25,0.04941965852606572,659,I am trying to understand  Trump's policy
1361,3502,5,26,113,144,1.25,0.04238884637277,659,"But honey, don't worry, we're ALL mixed up."
2649,3502,8,16,104,128,1.25,0.04960473688328407,659,No more grating than usual. Why do you ask?
1568,3502,5,27,116,148,1.25,0.04165517399877003,659,"Must you always?
Can't you just enjoy the texture of your food as part of the experience when we're dining out"
2524,3502,10,16,118,144,1.25,0.047774886524614396,659,I don't blend on the first date.
2489,3502,4,26,106,136,1.25,0.042715556140397404,659,"Darling, you seem so mixed up."
1514,3502,9,17,114,140,1.25,0.04768537689458502,659,It'll grow out.
2432,3502,5,27,116,148,1.25,0.04165517399877003,659,"Yes James, he did overreact to your request to have your martini blended, instead of shaken or stirred."
2372,3502,6,28,126,160,1.25,0.04063180276860005,659,"Really, It's me ... not you."
2366,3502,3,28,105,136,1.25,0.0414208434789757,659,"I juice, therefore I am."
2275,3502,7,24,121,152,1.25,0.043031273331024834,659,Chewing is overrated.
2101,3502,7,19,106,132,1.25,0.0473383634798584,659,...And I've dated other guys who also said they were Ninjas!
2092,3502,4,25,103,132,1.25,0.04351941398892446,659,"You don´t mix very well, do yo?"
2080,3502,4,24,100,128,1.25,0.044367825470805686,659,HECTIC  DAY  DEAR?
1800,3502,5,27,116,148,1.25,0.04165517399877003,659,Would you like my straw?
1710,3502,5,25,110,140,1.25,0.04316011443339083,659,I really didn't think you were being literal when you told me you blend well in any occasion.
1693,3502,7,25,124,156,1.25,0.04229265090918735,659,"The way you eat, it’s like I can see everything."
2230,3502,6,25,117,148,1.25,0.04274438190247978,659,"Your profile said you were smooth, not smoothy"
2508,3565,8,29,144,181,1.2486187845303867,0.0391013835052382,659,"I’ve heard of farm-to-table, but this is another level"
5156,3566,8,28,141,177,1.2485875706214689,0.0396853584304067,659,I'm just not ready for a blended family.
3420,3567,6,31,136,173,1.2485549132947977,0.03858993800515129,659,"You could say I’m the chameleon type, I blend in everywhere I go"
3511,3568,12,18,139,169,1.2485207100591715,0.044237589129229996,659,I told you not to send your drink back a second time!
1860,3569,5,31,129,165,1.2484848484848485,0.038835659779569306,659,I think you took my suggestion to 'mix things up' way too literal.
2651,3569,8,25,132,165,1.2484848484848485,0.041592522892181356,659,"Wow,  you are really making my head spin"
5429,3569,9,23,133,165,1.2484848484848485,0.04247172930955392,659,Frappé!
6683,3569,8,25,132,165,1.2484848484848485,0.041592522892181356,659,I hear you're a real smoothie.
5322,3573,4,32,125,161,1.2484472049689441,0.03843912657581565,659,"French kiss?  Um, no."
3040,3573,6,28,127,161,1.2484472049689441,0.0404084886504948,659,"Well, yes, it does seem to speed up the whole ""slow food"" movement, doesn't it?"
363,3573,8,24,129,161,1.2484472049689441,0.042286232489106394,659,So I hear you come from a blended family...
2474,3573,7,26,128,161,1.2484472049689441,0.04135801864898707,659,"Yes, I remember you said you came from a blended family. But, I was thinking Oster, not Waring."
5231,3577,6,27,124,157,1.2484076433121019,0.04107017189778616,659,My girlfriend told me you were a smoothie....
535,3577,4,31,122,157,1.2484076433121019,0.03903127444828684,659,I’m having mixed feelings about blending our families.
1464,3577,6,27,124,157,1.2484076433121019,0.04107017189778616,659,Not what I thought going to a mixer was.
2395,3577,5,29,123,157,1.2484076433121019,0.040063695565756244,659,"I told you, my pulse is fine. Now, eat your dinner."
2960,3577,7,25,125,157,1.2484076433121019,0.04205256635500158,659,So your ancestors come from many different backgrounds?
3337,3577,5,29,123,157,1.2484076433121019,0.040063695565756244,659,"I have to say, your passion for margaritas is really beginning to worry me."
4854,3577,8,23,126,157,1.2484076433121019,0.04301252903945452,659,Can’t you just chew like everybody else?
5138,3577,7,25,125,157,1.2484076433121019,0.04205256635500158,659,Did you make this yourself?
6443,3577,5,29,123,157,1.2484076433121019,0.040063695565756244,659,"Don't worry dear, you'll blend in just fine"
3311,3586,7,24,122,153,1.2483660130718954,0.042780314320937096,659,Carolyn regretted swiping right on the gentleman ready for a blended family.
5115,3586,7,24,122,153,1.2483660130718954,0.042780314320937096,659,"So, Rhonda tells me you're a ninja"
1199,3586,7,24,122,153,1.2483660130718954,0.042780314320937096,659,"Welp, at least he’s got a pulse."
4458,3589,8,21,120,149,1.2483221476510067,0.044573110983951156,659,Wouldn't it be quicker to just ask for more sauce?
4582,3589,4,29,116,149,1.2483221476510067,0.04029867661001796,659,"I simply said, try to blend in tonight."
6254,3589,5,27,117,149,1.2483221476510067,0.0414086712909991,659,"'You could at least pretend you're enjoying yourself."""
6485,3589,7,23,119,149,1.2483221476510067,0.04354385721569028,659,I know that I wrote in the dating site that I like smoothies but...
6768,3593,9,18,118,145,1.2482758620689656,0.04645583994933614,659,"I think you’re a really great guy, but I only date Vitamix men."
437,3593,7,22,116,145,1.2482758620689656,0.04434607292841478,659,"It’s very useful, but a pain to clean."
460,3593,9,18,118,145,1.2482758620689656,0.04645583994933614,659,We need to talk about our registry.
2557,3593,6,24,115,145,1.2482758620689656,0.043252615453394906,659,Why are you so mixed up?
4335,3593,8,20,117,145,1.2482758620689656,0.045413209804915894,659,I'm just not into a blended relationship right now.
4455,3593,5,26,114,145,1.2482758620689656,0.04213078806462358,659,"This isn't what I expected when you said, ""I like to shake it up, Baby."""
4709,3593,6,24,115,145,1.2482758620689656,0.043252615453394906,659,Hold on.  It's going to take me a minute to get my thoughts straight.
5147,3593,5,26,114,145,1.2482758620689656,0.04213078806462358,659,You seem distracted.
4522,3601,7,21,113,141,1.24822695035461,0.04519016261581274,659,How about you just try to blend in
2771,3601,6,23,112,141,1.24822695035461,0.044054893878545213,659,"When I asked you to blend in with my friends more, this was not what I had in mind."
1360,3603,2,30,105,137,1.2481751824817517,0.039832493162901404,659,I’ve never blended well with others.
2329,3603,7,20,110,137,1.2481751824817517,0.0460796977675794,659,"I know you said you have a blended family, but..."
6755,3603,7,20,110,137,1.2481751824817517,0.0460796977675794,659,Well aren't you the smoothie talker!
1177,3606,5,23,105,133,1.2481203007518797,0.04452991733786778,659,I think she gave me your drink with the special straw
2612,3606,5,23,105,133,1.2481203007518797,0.04452991733786778,659,When did you stop chewing your food?
4221,3606,7,19,107,133,1.2481203007518797,0.047018675770621486,659,I'm just going to come out with it... The waiter didn't bring you a straw.
6464,3609,7,18,104,129,1.248062015503876,0.04801158582107555,659,"Come on, Greg, I can't be the only one with mixed feelings about this."
6460,3610,8,27,139,174,1.2471264367816093,0.040087259159242015,659,I thought your other dentures were just fine...
4929,3611,10,22,138,170,1.2470588235294118,0.042389279379657446,659,"Bill was so nervous he accidentally pressed ""Agitate"" instead of ""Blend""."
483,3611,5,32,133,170,1.2470588235294118,0.038062879357127766,659,"Well, yes, I see now how that helps you avoid using a straw."
1913,3613,8,25,133,166,1.2469879518072289,0.04136829745311664,659,Is this the Paleo or Keto brain balancing cleanse?
3805,3613,7,27,132,166,1.2469879518072289,0.04047612486444019,659,"Yeah, you blend, Frank.  You blend right in."
3820,3615,5,30,127,162,1.2469135802469136,0.03922190882232042,659,I guess I  knew that tonight was a mixer.
4895,3615,6,28,128,162,1.2469135802469136,0.04018755239832282,659,Is it fair to observe that your Tindr photo is not representative?
4448,3617,4,31,123,158,1.2468354430379747,0.03881530810456615,659,Your mind must be spinning right now.
6123,3617,5,29,124,158,1.2468354430379747,0.03984035389320539,659,Sheesh. And I was wondering if you had a pulse
6678,3617,6,27,125,158,1.2468354430379747,0.04083967988879557,659,But do you self-clean?
6309,3620,8,22,124,154,1.2467532467532467,0.043518622403021276,659,You bought how many things on Amazon Prime Day?
6661,3620,8,22,124,154,1.2467532467532467,0.043518622403021276,659,"I know there's a lot going around in your mind right now, but you have to get it together, Bill."
6107,3620,4,30,120,154,1.2467532467532467,0.039425128339198694,659,Your profile said “big spender.”
49,3620,7,24,123,154,1.2467532467532467,0.04253220024914219,659,Do you find it difficult to blend in?
476,3620,6,26,122,154,1.2467532467532467,0.04152235085119238,659,BrandyAlexander is just a username.  Why?
4616,3620,7,24,123,154,1.2467532467532467,0.04253220024914219,659,Let's mix it up tonight.
205,3626,9,19,122,150,1.2466666666666666,0.04530450458530159,659,You want to use my straw?
556,3626,5,27,118,150,1.2466666666666666,0.04116498878012371,659,"Well, I  actually grew up in a blended family myself."
1817,3626,5,27,118,150,1.2466666666666666,0.04116498878012371,659,"I SAID, PARTICULARLY NASTY WEATHER!"
2885,3626,4,29,117,150,1.2466666666666666,0.04006333539103722,659,"I guess I should have known when you listed ""Mixtape"" as your favorite artist."
3989,3626,7,23,120,150,1.2466666666666666,0.04328426063240149,659,"frank, you need a glass of water to help it go down."
5100,3626,5,27,118,150,1.2466666666666666,0.04116498878012371,659,I told you so.  Stick with decaffeinated.
5276,3626,3,31,116,150,1.2466666666666666,0.038930519955964624,659,Do you think we would be successful as a blended family?
6154,3626,7,23,120,150,1.2466666666666666,0.04328426063240149,659,"Sweetheart, I asked for it to be shaken, not blended."
4044,3634,7,22,117,146,1.2465753424657535,0.04407410326605941,659,This isn’t what I meant when I said to wear something to blend in.
6888,3634,6,24,116,146,1.2465753424657535,0.04298899007208366,659,"Well, enough about me!  Have you always been interested in high-performance blending?"""
6728,3634,7,22,117,146,1.2465753424657535,0.04407410326605941,659,"I know, those frozen daiquiris go to your head in no time."
5466,3634,4,28,114,146,1.2465753424657535,0.04073213282948226,659,"You’re grating on me, dear."
3093,3634,8,20,118,146,1.2465753424657535,0.04513313516693505,659,I'll pass on the smoothie.
1183,3634,7,22,117,146,1.2465753424657535,0.04407410326605941,659,I don’t want to see a brain on juicing
2397,3634,6,24,116,146,1.2465753424657535,0.04298899007208366,659,I understand: shaken not stirred.
1551,3634,8,20,118,146,1.2465753424657535,0.04513313516693505,659,What makes you think that juicing is going to solve our problems?
1071,3634,3,30,113,146,1.2465753424657535,0.039555446319679236,659,Well... She did say we would blend well..
2999,3634,6,24,116,146,1.2465753424657535,0.04298899007208366,659,I’m new to BLENDER; does purée left mean you’re still interested?
732,3644,7,21,114,142,1.2464788732394365,0.04490483140552997,659,You look mixed up
1816,3644,3,29,110,142,1.2464788732394365,0.040210488682567457,659,I have all these mixed ideas about our relationship.
2062,3644,7,21,114,142,1.2464788732394365,0.04490483140552997,659,You must know I have mixed feelings.
2429,3644,6,23,113,142,1.2464788732394365,0.04377846231529865,659,"This isn't what I meant when I said I'd be OK with a ""blended family."""
2779,3644,8,19,115,142,1.2464788732394365,0.0460036303396386,659,You have the reputation of being quite a smoothie.
4022,3644,2,31,109,142,1.2464788732394365,0.03894859791088556,659,So just what is the difference between puree and frappe?
4741,3644,3,29,110,142,1.2464788732394365,0.040210488682567457,659,I'm sick of all the smooth talking.
6592,3644,8,19,115,142,1.2464788732394365,0.0460036303396386,659,Is your plastic surgeon board certified?
2839,3652,6,22,110,138,1.2463768115942029,0.04460956331318161,659,"When you said that you always prefer to blend in, you weren't kidding!"
3727,3652,5,24,109,138,1.2463768115942029,0.04340767923070482,659,"I've really tried, Jeremy, but at this point everything you say just grates on me."
880,3654,7,19,108,134,1.2462686567164178,0.04670319154586742,659,Would you like some more kale?
806,3654,3,27,104,134,1.2462686567164178,0.04162096464564211,659,We’re definitely a recipe for success- I come from a blended family too!
2361,3656,3,26,101,130,1.2461538461538462,0.04238216462779693,659,Tell me more about how your father met your mother at an appliance store.
5642,3656,3,26,101,130,1.2461538461538462,0.04238216462779693,659,"Dan, I'm not so sure that I'm the reason your head's in a whirl"""
3255,3658,9,25,141,175,1.2457142857142858,0.040697645895328316,659,"Thanks, I'll stick with the straw...."
6195,3658,7,29,139,175,1.2457142857142858,0.03905042242329721,659,That is not what I meant by blended family!
506,3660,6,30,135,171,1.2456140350877194,0.0387649947801712,659,You're a real smoothie talker.
4226,3660,6,30,135,171,1.2456140350877194,0.0387649947801712,659,You think you’re so smoothie
5503,3660,8,26,137,171,1.2456140350877194,0.04050091010724952,659,"I meant Paree, not puree"
947,3663,10,21,136,167,1.2455089820359282,0.04286394845571293,659,Proposing should be stirring not shaking.
1283,3664,8,24,131,163,1.2453987730061349,0.04182102699435029,659,"My ex came from a blended family, too."
2311,3664,8,24,131,163,1.2453987730061349,0.04182102699435029,659,I'm not sure I'm ready to become part of a blended family.
2849,3664,7,26,130,163,1.2453987730061349,0.04090547563374914,659,Why can't we go off our juice cleanse for just one night?
5446,3664,5,30,128,163,1.2453987730061349,0.03900996299338649,659,So how's the juicing going?
6601,3664,4,32,127,163,1.2453987730061349,0.03802679122285304,659,Such a smoothie talker.
5442,3669,5,29,125,159,1.2452830188679245,0.039619419008319154,659,This is why I don't do blind dates
4460,3669,7,25,127,159,1.2452830188679245,0.04158030007535752,659,It makes eating so much easier since I got my wisdom teeth removed.
1535,3671,7,24,124,155,1.2451612903225806,0.04228688451418825,659,"Yes, I like smoothies for breakfast. Why?"
2342,3671,5,28,122,155,1.2451612903225806,0.04025675397735821,659,"When you said you'd take my hand in marriage, you should have been clearer."
2687,3671,8,22,125,155,1.2451612903225806,0.043266242990091804,659,"Of course you’re not seeing straight. You’re just a little mixed up, is all."
3153,3671,8,22,125,155,1.2451612903225806,0.043266242990091804,659,Stop trying so hard to blend in.
4963,3671,6,26,123,155,1.2451612903225806,0.04128429993780832,659,"That dating site said you were a blend of Scottish and French, but I had no idea..."
6127,3671,3,32,120,155,1.2451612903225806,0.038118655271019174,659,"When you asked how I felt about a blended family, I misunderstood what you were asking."
6575,3671,6,26,123,155,1.2451612903225806,0.04128429993780832,659,I don't think I want a Margarita - I'll just have wine.
2731,3678,9,19,123,151,1.2450331125827814,0.045033112582781455,659,The smoothies are ruined. You forgot to take off your glasses.
374,3678,6,25,120,151,1.2450331125827814,0.0419890529381387,659,My ethnic background? It's rather mixed.
2789,3678,6,25,120,151,1.2450331125827814,0.0419890529381387,659,Don’t expect me to feed you your food.
2927,3678,10,17,124,151,1.2450331125827814,0.04600305913354047,659,so you made it to the caption contest...now give me back my blender.
4496,3678,7,23,121,151,1.2450331125827814,0.043027674668663723,659,Don’t worry this always happens to me when I eat shellfish.
5937,3683,5,26,116,147,1.2448979591836735,0.04162373529739404,659,Henry you can't lie to me. I'm know you ate my avocado.
5800,3683,4,28,115,147,1.2448979591836735,0.040488855009644,659,I thought I was meeting Edward Scissorhands.
289,3683,8,20,119,147,1.2448979591836735,0.04485642897572416,659,I was under the impression you were the deluxe model.
3516,3683,5,26,116,147,1.2448979591836735,0.04162373529739404,659,I'm sorry but you're moving much too quickly for me.
5418,3683,5,26,116,147,1.2448979591836735,0.04162373529739404,659,But on Tinder you said you really liked mixers! Now you've changed your mind?
5858,3688,7,21,115,143,1.2447552447552448,0.04462300714153091,659,do you have an advil? my head is killing me.
3975,3688,7,21,115,143,1.2447552447552448,0.04462300714153091,659,"Look, I'm sorry. My parents will never accept me if I am a part of a blended marriage."
6616,3688,7,21,115,143,1.2447552447552448,0.04462300714153091,659,You’re a little too mixed up for me.
2516,3688,8,19,116,143,1.2447552447552448,0.045713300281128834,659,You win. We can pick up a new blender on the way home.
2189,3688,8,19,116,143,1.2447552447552448,0.045713300281128834,659,"I'm sorry, I'm not big on mixed marriages."
2596,3688,6,23,114,143,1.2447552447552448,0.04350539863182021,659,Don't you puree at me.
6610,3694,8,18,113,139,1.2446043165467626,0.04661598893320991,659,Wouldn't it be safer to chop your meat on your plate?
5921,3694,7,20,112,139,1.2446043165467626,0.04548390934897567,659,Is this your way of blending in?
4946,3694,6,22,111,139,1.2446043165467626,0.04432292403610714,659,Stop blending the facts!  You've crushed this relationship!
4903,3694,6,22,111,139,1.2446043165467626,0.04432292403610714,659,"I don`t know, Fred, on the questionnaire I simply said that I liked men with lots of energy."
799,3694,7,20,112,139,1.2446043165467626,0.04548390934897567,659,My dating profile said I wanted blend of different men not fruits.
2628,3694,5,24,110,139,1.2446043165467626,0.04313069881830356,659,"Look, I don’t want to get mixed up in all of your problems."
1249,3694,5,24,110,139,1.2446043165467626,0.04313069881830356,659,"""You seem a bit shaken up."
783,3694,7,20,112,139,1.2446043165467626,0.04548390934897567,659,"Please, go on about your blended family."
4041,3694,5,24,110,139,1.2446043165467626,0.04313069881830356,659,Are you from a blended family?
1747,3703,4,25,106,135,1.2444444444444445,0.04266763404099585,659,"If all you wanted was a shake, you could have told me before I donned my little black dress and paid for an updo!"""
3343,3703,3,27,105,135,1.2444444444444445,0.04135176749720385,659,"So, is that battery powered ?"
3801,3703,5,23,107,135,1.2444444444444445,0.04394411580826142,659,"When I am with you, my heart races and my head spins with excitement"""
4059,3703,8,17,110,135,1.2444444444444445,0.04756847982341376,659,You really are from a blended family.
4452,3703,8,17,110,135,1.2444444444444445,0.04756847982341376,659,Why do you look shaken and not stirred?
1014,3708,4,35,137,176,1.2443181818181819,0.03625948965882962,659,"So, you’re from a blended family..."
878,3709,8,16,107,131,1.2442748091603053,0.048575241505409726,659,"On second thought, just give me your gut reaction."
3694,3709,7,18,106,131,1.2442748091603053,0.04735096910531588,659,"Soooo, tell me more about your blended family."
6316,3709,5,22,104,131,1.2442748091603053,0.044802172391748794,659,I think you are mixed up about that.
3641,3712,5,31,132,168,1.244047619047619,0.03822500265005232,659,"So, are you a smoothie or juice guy?"
6412,3712,9,23,136,168,1.244047619047619,0.041788692553313446,659,"I was going to propose, but I’ve been feeling so mixed up lately"
6873,3712,7,27,134,168,1.244047619047619,0.04004650829293274,659,"So, how did you become interested in mixology?"
822,3715,5,20,98,123,1.2439024390243902,0.04666894676742699,659,"No, I didn't know that the J in JDate stands for juicer."
1297,3716,4,21,94,119,1.2436974789915967,0.04616990623084198,659,Now you're just going in circles
4950,3716,5,19,95,119,1.2436974789915967,0.0476874207172289,659,"Roger, it's not you, its me.  Ironically, I'm the one who's a bit mixed up at the moment."
5464,3718,6,26,124,156,1.2435897435897436,0.0410488974611832,659,"My therapist says I need to get out more but I really just want to blend in, do you ever feel that way?"
2971,3718,6,26,124,156,1.2435897435897436,0.0410488974611832,659,"Honey, please calm down. People are staring."
1829,3718,5,28,123,156,1.2435897435897436,0.04002872714488858,659,"What a coincidence, I work as a data processor myself."
1353,3718,3,32,121,156,1.2435897435897436,0.03790610801654999,659,Your profile did say you were looking to shake things up . . .
1480,3718,2,34,120,156,1.2435897435897436,0.03679891355765225,659,This is new to me. Do you just mix or do you also puree and liquify?
890,3718,9,20,127,156,1.2435897435897436,0.04396761240498635,659,You're mixing things again!
626,3718,8,22,126,156,1.2435897435897436,0.04301671715340813,659,Will it bother you if I say grace?
1308,3725,8,21,123,152,1.243421052631579,0.043780790615302885,659,"I don’t know, I got this whirring in my head."
1496,3725,6,25,121,152,1.243421052631579,0.04174303385499957,659,Your mother must have taught you to chew your food well.
1877,3725,5,27,120,152,1.243421052631579,0.040685900502249725,659,"No, it's definitely me."
4124,3725,7,23,122,152,1.243421052631579,0.04277404880485733,659,All I said was 'Mom was asking me what your intentions are.'
6086,3725,8,21,123,152,1.243421052631579,0.043780790615302885,659,"You sure are a shaker, but are you a maker."
6549,3725,6,25,121,152,1.243421052631579,0.04174303385499957,659,No need to wait on the margaritas.
6748,3725,6,25,121,152,1.243421052631579,0.04174303385499957,659,It's what's inside that matters.
6520,3732,6,24,118,148,1.2432432432432432,0.042471042471042476,659,I see this new smoothie trend has gone straight to your head!
6220,3732,6,24,118,148,1.2432432432432432,0.042471042471042476,659,"The way I see it, it all gets mixed up in your stomach anyway."
4296,3732,5,26,117,148,1.2432432432432432,0.041374639396855886,659,"I respect your commitment to the 'blind date' autocorrect joke, but people are staring."
3332,3732,5,26,117,148,1.2432432432432432,0.041374639396855886,659,You always respond to my ideas by mixing things up
2550,3732,7,22,119,148,1.2432432432432432,0.04353984510691705,659,"We were a match, but I'm not sure we mix."
3303,3732,6,24,118,148,1.2432432432432432,0.042471042471042476,659,"My salad is ALREADY tossed, but thanks for the offer."
1163,3732,8,20,120,148,1.2432432432432432,0.04458303236985528,659,Exactly where are you from again?
819,3732,10,16,122,148,1.2432432432432432,0.04659940023225657,659,No.  I would not be interested in having a blended family.
3330,3732,5,26,117,148,1.2432432432432432,0.041374639396855886,659,You seem preoccupied.
5353,3741,9,26,146,181,1.2430939226519337,0.039682544527634436,659,I see you've had some dental work done.
2625,3742,7,21,116,144,1.2430555555555556,0.044344627373140065,659,I suppose it beats texting during dinner.
6247,3742,6,23,115,144,1.2430555555555556,0.04323564362580423,659,Honey please slow down!  You brain is turning to mush.
4659,3742,6,23,115,144,1.2430555555555556,0.04323564362580423,659,"So, what do you do for fun?"
4169,3742,6,23,115,144,1.2430555555555556,0.04323564362580423,659,"Wow. When I signed up for that divorcee dating site, I had no idea they took blended families so literally....."
2523,3742,6,23,115,144,1.2430555555555556,0.04323564362580423,659,I think the Maître d' is quite aware you're sneaking drinks in here!
1746,3742,6,23,115,144,1.2430555555555556,0.04323564362580423,659,You have that mixed up.
1577,3742,3,29,112,144,1.2430555555555556,0.039723363255926035,659,Sorry I don't really blend in.
354,3742,3,29,112,144,1.2430555555555556,0.039723363255926035,659,"It’s ok, I get mixed up sometimes, too."
2308,3742,6,23,115,144,1.2430555555555556,0.04323564362580423,659,"E Harmony didn't say, but I'll take a wild guess: you're from a blended family."
2716,3751,5,24,111,140,1.2428571428571429,0.04285714285714285,659,"Hey smoothie, pass the salt."
3477,3751,5,24,111,140,1.2428571428571429,0.04285714285714285,659,"It’s ok, you don’t have to blend in here"
4156,3751,7,20,113,140,1.2428571428571429,0.04519164236576456,659,I assume you've heard the one about how well you blend in.
5137,3751,5,24,111,140,1.2428571428571429,0.04285714285714285,659,"Honestly darling, you don't need to go to such extreme lengths to blend in."
3029,3755,8,26,139,173,1.2427745664739884,0.04008135806606818,659,I can't believe the server forgot your knife.
1849,3755,4,34,135,173,1.2427745664739884,0.03657406080704757,659,I can't eat solid foods.
6203,3757,3,27,106,136,1.2426470588235294,0.041085918172157385,659,I think you got things mixed up
6175,3757,4,25,107,136,1.2426470588235294,0.042390861443509856,659,You told me to I needed to blend in.
3988,3757,5,23,108,136,1.2426470588235294,0.04365681614360453,659,How long have you been using  blenderdates.com?
1,3757,6,21,109,136,1.2426470588235294,0.044887081189025055,659,"You seem crushed, despite my puree intentions."
2726,3757,6,21,109,136,1.2426470588235294,0.044887081189025055,659,Sooo....you're a DJ?
677,3757,6,21,109,136,1.2426470588235294,0.044887081189025055,659,"When your profile mentioned you liked to 'whip it up' I was expecting more of a ""Fifty Shades"" thing."
6682,3757,8,17,111,136,1.2426470588235294,0.0472516135324224,659,"Dear, do you think perhaps we should have spent a little more time looking into those dental implants?"
2850,3757,5,23,108,136,1.2426470588235294,0.04365681614360453,659,"I know your therapist told you to try to blend in, but..."
813,3765,10,21,138,169,1.242603550295858,0.042404673410596824,659,No! No! It's not my fault at all that you're all mixed up
1374,3766,8,16,108,132,1.2424242424242424,0.04824135015781403,659,That's a sweet offer but I will just chew it...
4583,3766,6,20,106,132,1.2424242424242424,0.04578107712844859,659,"I know what you're thinking, Hal. But please...it's a burger and fries. A burger and fries, Hal."
5130,3768,6,27,128,161,1.2422360248447204,0.04016309675893653,659,"Whirr, whirr, whirr. What kind of answer is that? You either like the hamburger or you don't!"
5422,3768,3,33,125,161,1.2422360248447204,0.037150438578963135,659,"When you've finished blending, dear, would you like some fava beans and a nice Chianti to go with it?"
5065,3768,9,21,131,161,1.2422360248447204,0.04296502759135717,659,"I am open to a blended family, why do you ask?"
6789,3768,3,33,125,161,1.2422360248447204,0.037150438578963135,659,Full disclosure: I've never dated a kitchen appliance before.
2786,3768,4,31,126,161,1.2422360248447204,0.038181079583507166,659,Do you always mix work and play?
2074,3768,9,21,131,161,1.2422360248447204,0.04296502759135717,659,I don't know where to begin . . .
946,3768,8,23,130,161,1.2422360248447204,0.042051799537871,659,I think it's time for you to see the spin doctor again.
4806,3768,4,31,126,161,1.2422360248447204,0.038181079583507166,659,Stop talking! You're making my head spin!
3378,3776,3,25,100,128,1.2421875,0.04259382555192287,659,"Honey, I can tell your head is whirling with the news of my parents moving in with us.."
6559,3777,10,18,129,157,1.2420382165605095,0.044638451669092145,659,"I want to believe you, John, but your feelings keep oscillating."
5679,3777,10,18,129,157,1.2420382165605095,0.044638451669092145,659,"When your profile said you were from a blended family, I think I misunderstood."
2481,3777,9,20,128,157,1.2420382165605095,0.043714208789428735,659,I warned you about letting things go to your head.
1555,3777,10,18,129,157,1.2420382165605095,0.044638451669092145,659,"Give it up Freddie, you'll never blend in."
1768,3777,7,24,126,157,1.2420382165605095,0.041804466453114246,659,"No need to ask, you're a smoothie operator."
2357,3777,8,22,127,157,1.2420382165605095,0.042769998044863894,659,Now you've gone too far with the smoothie only diet.
1570,3777,7,24,126,157,1.2420382165605095,0.041804466453114246,659,Oh.  I thought you said you were from a blended family.
6308,3784,5,27,121,153,1.2418300653594772,0.04045040514173947,659,"I tell you every time, it’s not funny!  They don’t serve Whirled Peas. Nobody serves Whirled Peas!"
6369,3784,6,25,122,153,1.2418300653594772,0.041499814314480576,659,"We had fling Buzz,  I need more than just... margaritas."
6416,3784,6,25,122,153,1.2418300653594772,0.041499814314480576,659,Cisblender was a misprint.
6495,3784,6,25,122,153,1.2418300653594772,0.041499814314480576,659,Have you added the anchovies?
6615,3784,6,25,122,153,1.2418300653594772,0.041499814314480576,659,"Puree, honey! You know chunky upsets your stomach!"
1428,3789,7,22,120,149,1.2416107382550337,0.04327744567062331,659,(mutter) I should have had a V8...
1682,3789,7,22,120,149,1.2416107382550337,0.04327744567062331,659,Can I finish your dinner?
6742,3789,7,22,120,149,1.2416107382550337,0.04327744567062331,659,"Oh, quit spinning,  You are simply not that special."
6820,3789,7,22,120,149,1.2416107382550337,0.04327744567062331,659,"When I told you to try to blend in, this is not what I had in mind."
6158,3793,6,31,141,178,1.2415730337078652,0.03762971789818171,659,It seems to me that you are a perfect blend of every man that I have ever known.
6082,3794,5,25,115,145,1.2413793103448276,0.04183971200735931,659,Do you always puree before you eat?
3254,3794,5,25,115,145,1.2413793103448276,0.04183971200735931,659,"That's not how i read your ad's ""Mixes well."""
2373,3794,4,27,114,145,1.2413793103448276,0.040678938779738834,659,I really think growing up in a blended family influenced how I view relationships
2121,3794,8,19,118,145,1.2413793103448276,0.04514330318771376,659,"Is that a yes, no or maybe ?"
166,3794,6,23,116,145,1.2413793103448276,0.04296913940808907,659,I’m not sure that I’m ready to take on a blended family!
1104,3794,8,19,118,145,1.2413793103448276,0.04514330318771376,659,"Maybe this is tacky on a first date, but...my meat is a little tough."
212,3794,6,23,116,145,1.2413793103448276,0.04296913940808907,659,"You are ""Waring"" on my patience."
1725,3794,5,25,115,145,1.2413793103448276,0.04183971200735931,659,Can you be more quiet? I want everyone to think we are normal
4972,3802,3,35,132,170,1.2411764705882353,0.03594082071006442,659,Just mixin' up the first date routine.
4947,3803,7,20,114,141,1.2411347517730495,0.044903035484589564,659,I thought you'd have more of a strawberry-banana look based on your profile photo.
1079,3803,6,22,113,141,1.2411347517730495,0.04376031847617875,659,"I always suspected that you were a little mixed-up in your head, but now I  see that it's real."
1317,3803,5,24,112,141,1.2411347517730495,0.04258695047244958,659,I guess it makes sense you're on blendr.
5471,3803,5,24,112,141,1.2411347517730495,0.04258695047244958,659,"He was dressed impeccably, but his voice was too grating."
5120,3807,8,24,134,166,1.2409638554216869,0.04114172238779523,659,Still dizzy?
1821,3808,6,21,110,137,1.2408759124087592,0.04459342045456528,659,"If you would just use the exercise bike I bought you, 
you wouldn't have to try these crazy fad diets."
2671,3808,4,25,108,137,1.2408759124087592,0.04211755849911165,659,I was thinking after this we could go to a mixer?
5240,3808,6,21,110,137,1.2408759124087592,0.04459342045456528,659,So your ex turned out to be a pothead?
6699,3808,5,23,109,137,1.2408759124087592,0.04337315922182596,659,"I'm sorry, but I think we don't really blend together."
148,3812,8,23,131,162,1.2407407407407407,0.04181815622408552,659,I had a little accident when I was fourteen.
751,3812,10,19,133,162,1.2407407407407407,0.043613308315066796,659,Are you confused or just juicing?
1936,3812,7,25,130,162,1.2407407407407407,0.04089103757402711,659,"Oh, I was confused by the reference in your profile about being part of a blended family."
3763,3812,6,27,129,162,1.2407407407407407,0.03994240500744754,659,Do you have trouble blending in?
4193,3812,6,27,129,162,1.2407407407407407,0.03994240500744754,659,Chew with your mouth closed
6746,3812,10,19,133,162,1.2407407407407407,0.043613308315066796,659,"No, I don’t want another margarita."
5384,3818,5,22,106,133,1.2406015037593985,0.044201706232744095,659,Are we mixing things up tonight?
4641,3818,4,24,105,133,1.2406015037593985,0.042893701954168785,659,I have been to mixers before but I don't blend well.
4360,3818,6,20,107,133,1.2406015037593985,0.04547210134179587,659,"Sorry Artie, but I'm not really into dating smoothie operators."
3741,3818,4,24,105,133,1.2406015037593985,0.042893701954168785,659,"I prefer to chew my food, may I?"
333,3818,4,24,105,133,1.2406015037593985,0.042893701954168785,659,"So, my mom is Sicilian...from the old country.  You'll love her!

And my father is a blender."
4345,3818,7,18,108,133,1.2406015037593985,0.04670795614230299,659,This is not what I meant by a blended family
831,3824,5,28,125,158,1.240506329113924,0.03958013511357382,659,"That's very kind of you, but I don't really want a smoothie now."
1827,3824,6,26,126,158,1.240506329113924,0.04058586885471601,659,Perhaps you should cut your food into smaller pieces.
1943,3824,8,22,128,158,1.240506329113924,0.042526039797506444,659,"I said, be ""wary"" not ""Waring"""
2233,3824,9,20,129,158,1.240506329113924,0.043463659716394674,659,"If you wanted a margarita, why didn't you just say so?"
3353,3824,7,24,127,158,1.240506329113924,0.041567275659774174,659,"I don't know how to break the spell, Dear!"
5178,3829,9,19,126,154,1.2402597402597402,0.044237779550552296,659,"When your dating site said, 'loves blending' I naively, misunderstood."
5793,3829,7,23,124,154,1.2402597402597402,0.04227548064677721,659,It seems that lately you are more concerned about just blending in.
6404,3829,4,29,121,154,1.2402597402597402,0.03914803890931436,659,You vaguely remind me of a man I met at Sophmore mixer
3053,3829,10,17,127,154,1.2402597402597402,0.045186984601618164,659,I don't want this dream to end until I get my ginger ~ peach smoothie
583,3829,6,25,123,154,1.2402597402597402,0.04125934834788863,659,I liked you better when you'd mix rather than grind.
2255,3829,5,27,122,154,1.2402597402597402,0.04021755074925381,659,But what if your problems with blending in are all in your head?
2552,3835,8,27,144,179,1.2402234636871508,0.0390837207153183,659,It'd bad enough that you put ketchup on everything.
646,3836,6,24,120,150,1.24,0.04196515013083304,659,"So, your dating profile said you come from a blended family.  Tell me about it."
4598,3836,4,28,118,150,1.24,0.039775657232500955,659,"So, you mix what I am actually saying with what you presume I've said. Then you sprinkle in some of what you think your mother would have said on this topic. I finally understand our couple dynamic."
5678,3836,3,30,117,150,1.24,0.03863440758785399,659,This is a nice change of pace from the constant protein shakes.
6397,3836,6,24,120,150,1.24,0.04196515013083304,659,"You're talking word salad again, Harry."
780,3840,9,23,139,171,1.239766081871345,0.041126881558970166,659,"Let's promise not to talk politics, shall we?"
3792,3840,7,27,137,171,1.239766081871345,0.03941854243318433,659,Remember to chew each mouth-full 20 times per second.
4985,3840,7,27,137,171,1.239766081871345,0.03941854243318433,659,"No, I'm not going to cut your food for you."
6822,3843,6,23,117,146,1.2397260273972603,0.0427058293693113,659,"First you say you want to whisk me away to paradise, then you tell me to beat it? You do realize you’re giving me mixed messages, right?!"
5457,3843,4,27,115,146,1.2397260273972603,0.04043317004071793,659,Which setting is your favorite?
3740,3843,8,19,119,146,1.2397260273972603,0.04486350950048216,659,You're just talking in circles at this point.
2644,3843,5,25,116,146,1.2397260273972603,0.041585027964775624,659,If we get married will you cook the meals?
2610,3843,6,23,117,146,1.2397260273972603,0.0427058293693113,659,So how long have you been coming to this little osteria?
1754,3843,8,19,119,146,1.2397260273972603,0.04486350950048216,659,I guess we just see things differently.
3569,3843,7,21,118,146,1.2397260273972603,0.043797958552999845,659,I think this nutrition obsession has gone to your head.
1048,3850,4,21,96,121,1.2396694214876034,0.04549209568437318,659,"You have my head spinning,"" doesn't sound like much of a compliment coming from you"
2600,3850,6,17,98,121,1.2396694214876034,0.0484253328684489,659,"I know you like Pina Coladas, but do you have half a brain?"
370,3852,5,30,132,167,1.2395209580838322,0.03818399559420824,659,We should have met for smoothies.
5303,3852,5,30,132,167,1.2395209580838322,0.03818399559420824,659,Mansplaining again? Really?
5578,3852,7,26,134,167,1.2395209580838322,0.04002883027673873,659,You know it still counts as meat.
6706,3855,4,26,112,142,1.2394366197183098,0.04112295635269635,659,Do you have to be so loud?
6606,3855,5,24,113,142,1.2394366197183098,0.042320062146136025,659,"Omg, I love juicing too!"
5874,3855,5,24,113,142,1.2394366197183098,0.042320062146136025,659,"And yes, I do want you to meet my parents, and you should meet my parents...but..."
3373,3855,5,24,113,142,1.2394366197183098,0.042320062146136025,659,"So sorry that your potatoes are touching your carrots. It all ends up in the same place, dear."
1879,3855,5,24,113,142,1.2394366197183098,0.042320062146136025,659,Do you need me to cut your food for you?
1650,3855,8,18,116,142,1.2394366197183098,0.0457237140076564,659,Rrrrrrrrrrrrrrrrrrrrrrrrrrrrrrrrrrrrrrrrrrrrrrrrrrrrrrrrrrrrrrrrrrrrrrr
316,3855,3,28,111,142,1.2394366197183098,0.03988994131756429,659,"Wow, you’re a real smoothie talker."
2213,3855,4,26,112,142,1.2394366197183098,0.04112295635269635,659,I had mixed emotions about this blind date.
934,3863,8,23,132,163,1.2392638036809815,0.041587045787783626,659,"Everything ok on your blend, honey?"
1857,3863,7,25,131,163,1.2392638036809815,0.040666226961894085,659,Yeah my head was spinning too when I heard about the divorce!
3889,3863,7,25,131,163,1.2392638036809815,0.040666226961894085,659,Which pulse would you like me to check?
6571,3863,4,31,128,163,1.2392638036809815,0.037769312003258546,659,"You know, you never seem to blend in."
6854,3867,10,24,150,184,1.2391304347826086,0.039852372529987024,659,"You seem distracted tonight, darling."
2755,3867,5,23,110,138,1.2391304347826086,0.04309307852185475,659,You’re mixing me up with another girl.
3060,3867,3,27,108,138,1.2391304347826086,0.0405640280408239,659,"Your profile pic was, uh, different."
21,3867,6,21,111,138,1.2391304347826086,0.044303498047984134,659,The prices these days just make your head spin!
2676,3867,4,25,109,138,1.2391304347826086,0.04184766294183874,659,"Sometimes, I feel like we don’t talk anymore."
391,3872,7,24,128,159,1.2389937106918238,0.0413327062245104,659,"After a 3 month period of dating Mr. Easy going, Daisy has a formal introduction to Mr. Always Agitated!"
2129,3872,9,20,130,159,1.2389937106918238,0.043215918313067196,659,Say when.
2383,3872,7,24,128,159,1.2389937106918238,0.0413327062245104,659,"A cocktail? No, I'll just have a protein shake."
4069,3872,4,30,125,159,1.2389937106918238,0.03833481597897213,659,You thought we were just having drinks?
5514,3872,6,26,127,159,1.2389937106918238,0.040358160363694384,659,Everything seems so mixed up lately.
6816,3872,5,28,126,159,1.2389937106918238,0.039359492019609005,659,Just stay quiet and we’ll blend right in.
6351,3878,7,29,144,180,1.238888888888889,0.03808244257635737,659,It seems like you're a little shaken up over this.
6793,3878,6,31,143,180,1.238888888888889,0.037258545142702076,659,You are waring thin!
4539,3880,7,18,109,134,1.2388059701492538,0.04639283801274597,659,There’s somebody else. And I’m leaving before you eat that hamburger.
6826,3880,4,24,106,134,1.2388059701492538,0.042610243685934766,659,I just don't think blended families work
4794,3882,6,25,124,155,1.238709677419355,0.04102159093874264,659,If you weren't so good under the covers I'd have moved on long ago.
5062,3882,6,25,124,155,1.238709677419355,0.04102159093874264,659,That must be waring you down.
3812,3882,7,23,125,155,1.238709677419355,0.04203044258281022,659,Agreed... our waiter's tie is very obnoxious
6205,3882,8,21,126,155,1.238709677419355,0.04301563999603261,659,so your Tinder profile says you were a deadhead in the 1970s
1327,3882,7,23,125,155,1.238709677419355,0.04203044258281022,659,We need to slow down - I’m just not ready for purée.
12,3882,7,23,125,155,1.238709677419355,0.04203044258281022,659,Not sure this 'blended' family thing is going to work.
1672,3882,6,25,124,155,1.238709677419355,0.04102159093874264,659,Can we talk about something else? I’m getting tired of you rattling on about your juice cleansing diet.
512,3889,3,25,102,130,1.2384615384615385,0.042018035929025456,659,I can't have a conversation with you when you are spinning out like this.
4588,3889,4,23,103,130,1.2384615384615385,0.0434140061237124,659,I used to be 400 pounds
5472,3891,4,28,119,151,1.2384105960264902,0.03954331938344031,659,"I had no idea they were still using straws here, or I would have booked somewhere else."
5743,3891,7,22,122,151,1.2384105960264902,0.042761837777537365,659,I think you have taken the idea of having a blended family to an extreme.
6896,3891,7,22,122,151,1.2384105960264902,0.042761837777537365,659,"Slow down, George. You're making MY head spin."
457,3894,9,23,140,172,1.2383720930232558,0.040910828795788036,659,You make my head spin
726,3894,8,25,139,172,1.2383720930232558,0.04007114244383266,659,Is it a Game of Thrones thing?
6334,3896,5,25,117,147,1.2380952380952381,0.04133335136970877,659,Really?  You've never heard of Fred Waring and The Pennsylvanians?
5902,3896,6,23,118,147,1.2380952380952381,0.042445658147416666,659,"You seem a bit shaken, not stirred."
5855,3896,5,25,117,147,1.2380952380952381,0.04133335136970877,659,So this is what it means when you go to a “mixer?
5436,3896,5,25,117,147,1.2380952380952381,0.04133335136970877,659,Trying to blend as many speed dates as I can in one evening.
4152,3896,6,18,102,126,1.2380952380952381,0.04704414870563226,659,"It’s me, not you."
3675,3896,8,19,120,147,1.2380952380952381,0.04458710369376402,659,"Fred, I told you the silverware is not the best way to get your iron."
2039,3896,8,19,120,147,1.2380952380952381,0.04458710369376402,659,Is this table too close to the kitchen?
1527,3896,5,25,117,147,1.2380952380952381,0.04133335136970877,659,"I normally don't do blind dates, but I thought I'd mix it up."
426,3896,4,27,116,147,1.2380952380952381,0.040190272148074004,659,I used to have a toaster but I wanted to blend in.
253,3896,3,29,115,147,1.2380952380952381,0.039013715732043514,659,"You know, straws are, like, really bad for the environment"
1175,3906,6,27,131,164,1.2378048780487805,0.039508052276424614,659,I'm sorry but this isn't quite what I expected when your profile said that you came from a blended family.
2438,3906,5,29,130,164,1.2378048780487805,0.03854957192485364,659,You’re such a smoothie operator!
6733,3906,5,29,130,164,1.2378048780487805,0.03854957192485364,659,"Sure, smoothies are great, but not for every meal."
1065,3909,7,20,116,143,1.2377622377622377,0.04433653740431731,659,A penny for your thoughts.
1984,3909,7,20,116,143,1.2377622377622377,0.04433653740431731,659,"I, erm, don’t kiss on first dates."
5304,3909,6,22,115,143,1.2377622377622377,0.043211520370902166,659,Wow who did your makeup?
5515,3909,8,18,117,143,1.2377622377622377,0.04543370560766492,659,"Look, I know it's a lot to take in-I can see your thoughts going a million miles an hour..."
6391,3913,6,26,128,160,1.2375,0.040132935548290886,659,"Well, now that you mention it, yes, I do think meeting for an ice breaker might not be such a good idea after all ."
4255,3913,7,24,129,160,1.2375,0.04110071614856033,659,"Really, if all you're going to do is CHOP and PULSE then I don't see any reason why we should continue this relationship."
4224,3913,5,28,127,160,1.2375,0.03914123354624906,659,Try to cut the spin
3206,3913,9,20,131,160,1.2375,0.042970938694972025,659,"Oh, and you blend?"
3210,3913,9,20,131,160,1.2375,0.042970938694972025,659,Could you not?
3753,3913,8,22,130,160,1.2375,0.04204622718063757,659,If you say you are feeling Im-PULSE-ive one more time I'm leaving.
3850,3919,5,23,111,139,1.2374100719424461,0.042816509050704825,659,You seem mixed-up.
4573,3919,9,15,115,139,1.2374100719424461,0.04743744412919331,659,"You're right, the cost of smoothies in this place really does make your head spin."
4825,3919,2,29,108,139,1.2374100719424461,0.038993078919510205,659,I don't think we can make a blended family work.
5956,3919,3,27,109,139,1.2374100719424461,0.04030787290565533,659,I knew you should have ordered a smoothie.
6019,3919,5,23,111,139,1.2374100719424461,0.042816509050704825,659,You look a little different from your profile picture...
459,3924,8,26,143,177,1.2372881355932204,0.03926729182835934,659,"Sorry, I can't control when it turns on."
2067,3925,4,29,123,156,1.2371794871794872,0.038705457589905345,659,"Yes, I said my head was spinning but why do you always try to one-up me?"
1784,3925,5,27,124,156,1.2371794871794872,0.039759595485652936,659,"I'm not asking for a lot, I'm just saying let's mix it up."
3782,3925,6,25,125,156,1.2371794871794872,0.04078649800021505,659,"If this is your idea of blending in, maybe you should go back to showing off."
193,3925,7,23,126,156,1.2371794871794872,0.041788173028505786,659,You seem to be mixed up.
1342,3925,5,27,124,156,1.2371794871794872,0.039759595485652936,659,Why does every dinner have to end with 'Let's make a Smoothie?'
29,3930,4,24,107,135,1.237037037037037,0.04233041136859312,659,You’re giving me some very mixed signals right now.
1270,3930,7,18,110,135,1.237037037037037,0.04608186937587219,659,I just wish you wouldn't give me such mixed signals.
2013,3930,6,20,109,135,1.237037037037037,0.04486624973921271,659,"Well, I mean, who among us isn’t mixed up in the head?"
2680,3930,5,22,108,135,1.237037037037037,0.04361676336166934,659,I’m sorry. You’re right. It was insensitive of me to ask if you come from a blended family when we’re at the faculty mixer.
5941,3930,8,16,111,135,1.237037037037037,0.04726623535557376,659,I thought you said to mix things up for date night.
466,3935,9,23,141,173,1.2369942196531791,0.04069699450924623,659,"Forget your games. You got something to say, spit it out."
3717,3936,7,22,123,152,1.236842105263158,0.04250852548658323,659,Don’t be so fussy. Just give it a whirl.
4519,3936,5,26,121,152,1.236842105263158,0.04040665771332917,659,"My father was a Cuisinart, his father was a Cuisinart, and I am a Cuisinart. And you will follow the rules of this family."
4343,3936,6,24,122,152,1.236842105263158,0.0414709098441645,659,Whining about everything isn't helping.
4145,3936,7,22,123,152,1.236842105263158,0.04250852548658323,659,"I love you, but I'm not ready to blend our families."
3927,3936,11,14,127,152,1.236842105263158,0.04642766677323125,659,I've been dating since my ex put HIS head in an oven.
3633,3936,8,20,124,152,1.236842105263158,0.04352140984370994,659,When you said you were from Shaker Heights...
2924,3936,7,22,123,152,1.236842105263158,0.04250852548658323,659,Would you like some juice?
2808,3936,4,28,120,152,1.236842105263158,0.03931360593765812,659,"Shaken, not stirred ????"
2494,3936,7,22,123,152,1.236842105263158,0.04250852548658323,659,"Oster, darling, I was hoping we could mix things up a bit."
2461,3936,7,22,123,152,1.236842105263158,0.04250852548658323,659,It's just that I feel that you're all mixed up...
2205,3936,6,24,122,152,1.236842105263158,0.0414709098441645,659,I hate it when you blend with your mouth open.
810,3936,7,22,123,152,1.236842105263158,0.04250852548658323,659,I'm just a robot trying to blend in.
3183,3936,7,22,123,152,1.236842105263158,0.04250852548658323,659,"So, your profile says you're good with your hands?"
1836,3949,5,21,105,131,1.2366412213740459,0.04446070275087714,659,What's keeping those Daiquiris?
2167,3950,7,21,120,148,1.2364864864864864,0.043264352955627354,659,Your profile said you were taller.
3278,3950,7,21,120,148,1.2364864864864864,0.043264352955627354,659,It’s great being a blended family
4642,3950,8,19,121,148,1.2364864864864864,0.044314025996588666,659,"Winfred, I worry about our relationship, sometimes you get things all mixed up."
5861,3950,6,23,119,148,1.2364864864864864,0.04218857159601243,659,"God Harold, what are you Waring?  That's not what I meant about looking forward to a blended family."
6572,3950,3,29,116,148,1.2364864864864864,0.038782593817847745,659,"My ex wasn't good around the house, but I bet you could come in handy."
5042,3955,6,27,132,165,1.2363636363636363,0.03929431943180782,659,I don’t know what the problem is...you blend right in.
6071,3955,8,23,134,165,1.2363636363636363,0.04113226470331693,659,"Couldn’t you just ORDER a tossed salad, dear?"
2544,3955,6,27,132,165,1.2363636363636363,0.03929431943180782,659,"Well, the dating app said to look for a guy wearing a Waring."
2243,3958,4,22,101,127,1.236220472440945,0.04395276024928965,659,OH... I'M SORRY ... THERE HAS BEEN A MIX UP
3618,3959,7,20,117,144,1.2361111111111112,0.04405851771019594,659,But your profile said you were a NutriBullet
4907,3959,7,20,117,144,1.2361111111111112,0.04405851771019594,659,"So, how do YOU feel about a blended family?"
5761,3959,7,20,117,144,1.2361111111111112,0.04405851771019594,659,"When your match.com profile said you like to make yourself useful, I didn't think that you meant it in a literal sense."
5965,3959,4,26,114,144,1.2361111111111112,0.040617455501845,659,This conversation is just going in circles.
6072,3959,8,18,118,144,1.2361111111111112,0.0451472931629876,659,"Why yes, I think my diet is giving me food hallucinations."
6664,3959,6,22,116,144,1.2361111111111112,0.04294214579750938,659,"I find your thinking isn't just scrambled, it's pureed."
2139,3965,8,22,131,161,1.236024844720497,0.041810285769677824,659,"There's no need to worry, honey, blendered families are very common nowadays."
4166,3965,7,24,130,161,1.236024844720497,0.04087126428909839,659,I was drawn to you because I really want a blended family...
3523,3967,7,28,143,178,1.2359550561797752,0.03824777627568972,659,"Well, puree for you."
331,3968,4,25,111,140,1.2357142857142858,0.041317851835987615,659,Please do not do your Linda Blair impersonation at the table.
5834,3968,7,19,114,140,1.2357142857142858,0.044894205072559736,659,Is it me or is the room spinning.
5680,3968,5,23,112,140,1.2357142857142858,0.04254338730354498,659,"I don't usually share this on a first date but if you must know, I have sensitive teeth."
7,3968,4,25,111,140,1.2357142857142858,0.041317851835987615,659,Should I get you a straw?
935,3968,6,21,113,140,1.2357142857142858,0.04373459415815174,659,I expected you to take my pregnancy better than this.
6710,3973,9,19,129,157,1.2356687898089171,0.043469610136659904,659,We need to talk about your drinking problem.
1141,3973,3,31,123,157,1.2356687898089171,0.03741191122442908,659,"I know you’re mixed up, but I think you will be happier with me than with Ann."
1995,3973,7,23,127,157,1.2356687898089171,0.04154862658111567,659,"I’m not feeling well, my heads been spinning all day"
2235,3973,8,21,128,157,1.2356687898089171,0.04251996811034903,659,"That's not what I meant by ""let's brainstorm""."
3230,3973,9,19,129,157,1.2356687898089171,0.043469610136659904,659,She had every right to laugh when you asked about the soup.
3561,3973,8,21,128,157,1.2356687898089171,0.04251996811034903,659,I told you to stop flicking back and forth between Fox and CNN for hours on end.
5591,3973,8,21,128,157,1.2356687898089171,0.04251996811034903,659,"It's not what I meant when I said ""Let's blend in""."
5949,3973,6,25,126,157,1.2356687898089171,0.04055402635311177,659,"Well Mr. smoothy, you picked this place."
6091,3973,5,27,125,157,1.2356687898089171,0.03953441204976719,659,I feel our relationship is stuck on ‘purée’.”
2796,3982,8,29,154,191,1.2356020942408377,0.03726599839687525,659,"Well, it's a mixed feeling!"
648,3983,3,26,107,136,1.2352941176470589,0.040738410567967114,659,I'm just looking for that one woman I want to blend the rest of my life with.
698,3983,4,20,95,119,1.2352941176470589,0.04576632677128508,659,"Dear, why do you keep mixing up everything I say?"
3094,3983,6,20,110,136,1.2352941176470589,0.04456922123197992,659,"George, you have to stop reading the news so much."
3948,3983,9,18,126,153,1.2352941176470589,0.044246457981289324,659,A date with Mr Smooth
4395,3983,3,26,107,136,1.2352941176470589,0.040738410567967114,659,"Please, Ed, don't stir up any more trouble with the waiter.
Just eat your dinner."
5352,3983,3,26,107,136,1.2352941176470589,0.040738410567967114,659,"I thought Monica said ""blind"" date."
5382,3983,6,20,110,136,1.2352941176470589,0.04456922123197992,659,Where I come from it's not polite to talk with your mouth full.
5482,3983,4,28,121,153,1.2352941176470589,0.03908647443633772,659,I've always been attracted to men of mixed race.
6531,3983,5,22,109,136,1.2352941176470589,0.04332993214109077,659,"I thought I was on Tinder, not Blender!"
1662,3992,9,25,149,183,1.2349726775956285,0.039091409789408775,659,"If I was a blind date Charles, it wouldn’t be a problem."
4170,3993,9,17,123,149,1.2348993288590604,0.045062044561415555,659,"I must say, you don't look like your pictures..."
2260,3993,5,25,119,149,1.2348993288590604,0.04083881699787816,659,"When I go to social mixer, I always hope to meet someone from a blended family."
5190,3993,7,21,121,149,1.2348993288590604,0.043002307111602654,659,The product of a blended family.
1413,3993,6,23,120,149,1.2348993288590604,0.04193451675354549,659,"Sorry, just the Adderal kicking in."
200,3993,6,23,120,149,1.2348993288590604,0.04193451675354549,659,I've felt in a whirl for this whole relationship.
505,3993,6,23,120,149,1.2348993288590604,0.04193451675354549,659,"My friends said I should mix things up, so here we are."
73,3993,8,19,122,149,1.2348993288590604,0.04404421799155704,659,"Next time, treat the waiter with a bit more respect."
875,3993,6,23,120,149,1.2348993288590604,0.04193451675354549,659,"I know your head's been in a whirl since we met, but I can't accept your proposal. I just don't want a blended family."
3767,4001,5,21,106,132,1.2348484848484849,0.044158998786431834,659,It serves you right for calling the waiter a pot head.
6750,4001,6,19,107,132,1.2348484848484849,0.045449726014839965,659,How do you manage to clear your mind?
6785,4001,5,21,106,132,1.2348484848484849,0.044158998786431834,659,What do mean it goes to 11?
2911,4004,4,19,92,115,1.2347826086956522,0.046756644404553516,659,"So, this is your solution to ""make everything a smoothie?"""
1046,4005,6,26,130,162,1.2345679012345678,0.039689781138555175,659,My therapist said I need to mix it up in my personal life.
1225,4005,5,28,129,162,1.2345679012345678,0.038711722910830054,659,I am Smoothieman
2694,4005,10,18,134,162,1.2345679012345678,0.043382066239778326,659,Whir are we headed?
4683,4005,4,30,128,162,1.2345679012345678,0.03770830484950707,659,You’re almost the perfect blend.
5977,4005,6,26,130,162,1.2345679012345678,0.039689781138555175,659,I don't care how many times your mother told you to chew each bite of food!  Seven times is more than enough.
6253,4010,2,30,113,145,1.2344827586206897,0.03792232571568649,659,This is not what I meant when I said we need to shake things up on our marriage!
6138,4010,5,24,116,145,1.2344827586206897,0.04153864597607507,659,Well my lips are sealed. Looks like yours are too
3267,4010,7,20,118,145,1.2344827586206897,0.04378390104538141,659,Your lack of a pulse leaves me feeling crushed.
849,4010,6,22,117,145,1.2344827586206897,0.04267604187525741,659,I could really go for a martini
2077,4010,4,26,115,145,1.2344827586206897,0.04036921684789872,659,I’m not sure I am ready for a blended relationship.
173,4010,7,20,118,145,1.2344827586206897,0.04378390104538141,659,"You’re too much of a smoothie-operator for me,"
2507,4010,5,24,116,145,1.2344827586206897,0.04153864597607507,659,"I’m not judging, all I’m saying is that in you’re profile picture the blender was a more modern version."
2448,4017,7,16,105,128,1.234375,0.04768815691594056,659,So you’re your from a blended family.
4082,4017,3,24,101,128,1.234375,0.04221414840770096,659,So you're a smooth talker who likes to mix things up!
603,4019,8,21,129,158,1.2341772151898733,0.04227631806550555,659,I thought we could finish our meal before we have cocktails.
2993,4019,7,23,128,158,1.2341772151898733,0.04131175878720662,659,No thank you my steak is not too chewy
3457,4019,5,27,126,158,1.2341772151898733,0.039311704413894956,659,"I do love you, it’s just all the stigma of being in a vita mixed race relationship is getting to me. “"
5710,4019,7,23,128,158,1.2341772151898733,0.04131175878720662,659,Your online profile did say you were from a blended family.
6740,4023,3,27,111,141,1.2340425531914894,0.03980486581674406,659,You really were born to frappe.
3557,4023,5,23,113,141,1.2340425531914894,0.042273651224804754,659,Believe me! This beats a Vacuum
442,4023,8,17,116,141,1.2340425531914894,0.045727595122175314,659,I think we need to talk about your new dentist.
1380,4023,6,21,114,141,1.2340425531914894,0.04345547963686692,659,He blends in very well
2433,4023,5,23,113,141,1.2340425531914894,0.042273651224804754,659,"If you think  waring  a blender is cool, try a Cuisinart."
5836,4028,9,18,127,154,1.2337662337662338,0.043984749184063504,659,Having mixed thoughts again!!
5498,4028,3,30,121,154,1.2337662337662338,0.03775398699267786,659,"""Well, I had always hoped to have a blended family..."
3827,4028,7,22,125,154,1.2337662337662338,0.04201063300091712,659,"Oh, so that's what you meant when you said you like to mix it up!"
3721,4028,6,24,124,154,1.2337662337662338,0.04098793538730796,659,Um... you looked a little different in your profile picture.
6653,4028,2,32,120,154,1.2337662337662338,0.03661258111660082,659,So you said you know the chef?
3515,4028,7,22,125,154,1.2337662337662338,0.04201063300091712,659,Not quite what  I  meant on Tinder when I wanted a blended family.
3385,4028,3,30,121,154,1.2337662337662338,0.03775398699267786,659,Real smooth....
3341,4028,9,18,127,154,1.2337662337662338,0.043984749184063504,659,I don't think your psychiatrist meant 'blend in' literally.
3302,4028,7,22,125,154,1.2337662337662338,0.04201063300091712,659,Politics makes my head spin.
3650,4028,7,22,125,154,1.2337662337662338,0.04201063300091712,659,I don't know who I am any more.
195,4038,5,22,110,137,1.2335766423357664,0.04304676793401593,659,Sorry. I should not have assumed you wanted a daiquiri.
1179,4038,8,16,113,137,1.2335766423357664,0.046637440436116846,659,"yes, more and more Kafkaesque."
1914,4038,5,22,110,137,1.2335766423357664,0.04304676793401593,659,My nutritionist didn't trust me to chew my food properly.
2161,4038,6,20,111,137,1.2335766423357664,0.044276025527601244,659,Even weirder is that the waiter understood his order.
5967,4038,6,20,111,137,1.2335766423357664,0.044276025527601244,659,"Frank, your smoothie mode wore off a long time ago."
6427,4038,6,20,111,137,1.2335766423357664,0.044276025527601244,659,I don’t think we blend very well.
3377,4044,5,29,133,167,1.2335329341317365,0.037934275940574406,659,I know you said you liked to blend in... but this is ridiculous!
4037,4044,5,29,133,167,1.2335329341317365,0.037934275940574406,659,"When you said you wanted to be a Ninja,  I guess I had something else in mind."
5922,4046,2,24,94,120,1.2333333333333334,0.04223008428447825,659,We don't blend well in public.
3932,4046,6,23,121,150,1.2333333333333334,0.041683441813290076,659,"Why yes, I do come from a blended family. Why do you ask?"
2290,4046,3,22,95,120,1.2333333333333334,0.0438569953494662,659,"Yes, Darling, you blend."
2400,4046,6,23,121,150,1.2333333333333334,0.041683441813290076,659,"You say our relationship is mixed up, but I think it's you."
877,4046,6,23,121,150,1.2333333333333334,0.041683441813290076,659,"I suggest starting with meditation,"
117,4046,6,23,121,150,1.2333333333333334,0.041683441813290076,659,The ad said you like to stir the pot.
1548,4046,6,23,121,150,1.2333333333333334,0.041683441813290076,659,I thought when you said I turned your head you were referring to my looks . . .
2180,4053,8,22,133,163,1.2331288343558282,0.04134612183809339,659,"Have you seen my cap? Otherwise, this will be a mess."
4673,4053,4,30,129,163,1.2331288343558282,0.037503871038797335,659,"Sure, I do smoothies, but milkshakes are my passion."
6171,4055,6,19,108,133,1.2330827067669172,0.045141253262205396,659,"The Blendr profile question about ""speed settings"" makes a lot more sense now."
6445,4056,3,28,115,146,1.2328767123287672,0.038928851068076586,659,"Honey, if you must puree your food 32 times, please do it quietly!"""
5489,4056,7,20,119,146,1.2328767123287672,0.043512626795434106,659,I think you're mixing things again.
5479,4056,5,24,117,146,1.2328767123287672,0.04128440465913986,659,"No, Why would I think you were from a blended family?"
5477,4056,3,28,115,146,1.2328767123287672,0.038928851068076586,659,I don't like what this juice diet is doing to you.
5971,4056,4,26,116,146,1.2328767123287672,0.0401239175152433,659,This is not what I meant when I said I wanted a blended family
5224,4056,6,22,118,146,1.2328767123287672,0.04241315101886642,659,All the Spring vegetable options must make your head spin.
3577,4056,4,26,116,146,1.2328767123287672,0.0401239175152433,659,"If you'd told me you were eating only soft foods, we could have gone somewhere else."
1865,4056,2,30,114,146,1.2328767123287672,0.0376959166779497,659,I know. Dating these days really  makes your head spin.
1321,4056,6,22,118,146,1.2328767123287672,0.04241315101886642,659,"I see you are a shaken, not stirred sort of guy."
5279,4056,7,20,119,146,1.2328767123287672,0.043512626795434106,659,But where is this going?
1258,4066,5,27,127,159,1.2327044025157232,0.03909143333640367,659,"Mixed up, yes ... but not in that way."
2605,4066,5,27,127,159,1.2327044025157232,0.03909143333640367,659,And I thought Rick's chewing sounded gross.
3751,4068,7,26,139,172,1.2325581395348837,0.03898344228723751,659,Could you blend a little quieter? People are starting to notice..
3491,4068,6,18,105,129,1.2325581395348837,0.04605517301672924,659,"Well, I have to be honest.  You were more attractive before you went gluten-free, vegan, raw, and juicing."
1888,4068,6,28,138,172,1.2325581395348837,0.03810130334461048,659,You've got my head spinning.
758,4068,10,10,109,129,1.2325581395348837,0.051044834073898926,659,You should have tipped better last time.
2442,4068,6,18,105,129,1.2325581395348837,0.04605517301672924,659,"Brian, what kind of name is Blenderhead?"
790,4073,5,33,147,185,1.2324324324324325,0.035544036590883586,659,For once could you please just chew your food slowly?
3427,4074,6,21,115,142,1.232394366197183,0.043179837280752885,659,"I know I don't look like the profile picture, but give me a chance."
4280,4074,4,25,113,142,1.232394366197183,0.04080095716840726,659,If I wanted a Smoothie I'd order one.
3563,4074,6,21,115,142,1.232394366197183,0.043179837280752885,659,"You can spin it any way you want, but this meal is simply awful."
4294,4074,6,21,115,142,1.232394366197183,0.043179837280752885,659,"I agree it's faster than chewing, but does everything always have to be puréed?"
3032,4074,6,21,115,142,1.232394366197183,0.043179837280752885,659,I don't think that's what your doctor meant  by a liquid diet.
2078,4074,9,15,118,142,1.232394366197183,0.04652062671754794,659,How many speeds does your cock have?
2258,4074,6,21,115,142,1.232394366197183,0.043179837280752885,659,"I'm sorry, my mind is ablur."
1223,4074,6,21,115,142,1.232394366197183,0.043179837280752885,659,"That's quite a juicer you have on your shoulders, Ted."
1036,4074,7,19,116,142,1.232394366197183,0.04432142222965484,659,My last husband  wasn’t battery operated and we just couldn’t go anywhere.
2414,4074,8,17,117,142,1.232394366197183,0.045434332715760105,659,You're trying to hard to blend in.
2750,4084,4,28,123,155,1.232258064516129,0.038639791683679696,659,"When you are on your first date and he says, “I’m not like the other guys.”"
3575,4084,9,18,128,155,1.232258064516129,0.04372607236152171,659,"Yes, I have a blended family."
5251,4084,3,30,122,155,1.232258064516129,0.03753992968556,659,"They will serve everything puréed, upon request."
6892,4084,5,26,124,155,1.232258064516129,0.03970920147673001,659,I can always tell when you've got crushing news.
4258,4088,7,25,136,168,1.2321428571428572,0.03957755097325211,659,You should have been more polite to our waitress.
6511,4088,4,31,133,168,1.2321428571428572,0.03677668477107789,659,That is not what he means by shaken not stirred !!
5192,4090,5,22,111,138,1.2318840579710144,0.042767202945480774,659,"You could at least offer to clean 
your blades first."
4965,4090,5,22,111,138,1.2318840579710144,0.042767202945480774,659,"No,it's not you,it's ME who's mixed up."
4435,4090,0,32,106,138,1.2318840579710144,0.036056913814065686,659,"Look darling, we all get
mixed up."
3018,4090,5,22,111,138,1.2318840579710144,0.042767202945480774,659,"You have kids? David, my profile said I'm not interested in a blended family."
3080,4090,4,24,110,138,1.2318840579710144,0.04151201181565335,659,"When I said I wanted to 'shake things up in our dating life' this isn't exactly what I meant"""
2246,4090,8,16,114,138,1.2318840579710144,0.04632918320206958,659,Are you listening to me?
3924,4090,6,20,112,138,1.2318840579710144,0.04398659080420913,659,Tonight is going to be rough
2356,4097,3,29,119,151,1.2317880794701987,0.038104896012932855,659,well at least you are chewing your food properly
3288,4097,6,23,122,151,1.2317880794701987,0.04143529609412827,659,You’re mixed up. And don’t you dare try to spin me.
3875,4099,4,30,130,164,1.2317073170731707,0.037301583388225264,659,I merely had asked if you were a good mixer...
1458,4099,4,30,130,164,1.2317073170731707,0.037301583388225264,659,I hear you're a real smoothie talker
1601,4099,7,24,133,164,1.2317073170731707,0.04019773899774006,659,Daiquiri?
4353,4099,6,26,132,164,1.2317073170731707,0.039256101709711264,659,"Not everything has to be a smoothie, Howard."
1594,4103,6,29,142,177,1.231638418079096,0.037369368800347316,659,"Jeremy, granted you are mixed up; but, you are not a blender."
4856,4104,7,17,110,134,1.2313432835820894,0.04607130634298544,659,"I thought I'd miss it, but I don't at all."
47,4105,6,22,119,147,1.2312925170068028,0.042153416933982606,659,I can’t hear you.
942,4105,4,26,117,147,1.2312925170068028,0.0398815074812759,659,It comes with two other attachment styles.
2104,4105,8,18,121,147,1.2312925170068028,0.044308988698020156,659,"I certainly think a restaurant critic should know this isn't what your editor means when she says ""Just blend in,"" Ernest."
2623,4105,5,24,118,147,1.2312925170068028,0.04103318899494187,659,"Mr. Hamilton, I asked you to STOP not CHOP."
3691,4105,5,24,118,147,1.2312925170068028,0.04103318899494187,659,You're thinking of my brother. I'm *Keith* Servo.
6097,4105,4,26,117,147,1.2312925170068028,0.0398815074812759,659,How long have you been on this smoothie diet?
6400,4111,3,31,126,160,1.23125,0.03679566537740604,659,I love meeting guys at a mixer.
6051,4111,5,27,128,160,1.23125,0.038873560358790825,659,"""On that website where we met, you said you 
wanted to meet someone with whom you 'could blend in.' """
5406,4111,7,23,130,160,1.23125,0.04084588595404767,659,"Stop being so dramatic.  I know talking about our renovation budget always makes your
 head spin."
5226,4111,6,25,129,160,1.23125,0.039871920535256525,659,"I said I wanted a date that was well balance, not blended."
5132,4111,6,25,129,160,1.23125,0.039871920535256525,659,"I'm so sorry, but matter how hard you try, we just don't blend together that well."
3630,4111,5,27,128,160,1.23125,0.038873560358790825,659,I can't handle this anymore. You're just too mixed up.
5868,4117,11,18,144,173,1.23121387283237,0.04210463488131142,659,I guess I just felt like being the top sales rep for blenders wasn't enough.
5873,4118,8,23,138,169,1.2307692307692308,0.0402513937286372,659,Perhaps we should try the pulse setting when we get home?
5709,4118,4,25,114,143,1.2307692307692308,0.04054721199177677,659,You do seem rather mixed up
3824,4118,5,23,115,143,1.2307692307692308,0.041744094870360064,659,"It was a blended marriage, you say?"
3604,4118,5,26,125,156,1.2307692307692308,0.039481915582672035,659,I know your not sure of yourself in this place but couldn't you just try to blend in.
3397,4118,9,15,119,143,1.2307692307692308,0.04622273987447912,659,I'm sorry I said you weren't much of a blender.
3077,4118,7,19,117,143,1.2307692307692308,0.04404038565935466,659,I dont think that's what they mean by a blended family.
4672,4118,7,19,117,143,1.2307692307692308,0.04404038565935466,659,I think you're taking the liquid diet thing a little too far.
2517,4118,4,25,114,143,1.2307692307692308,0.04054721199177677,659,I'm sorry I ordered the smoothie.
1203,4118,5,29,135,169,1.2307692307692308,0.037534618190328196,659,Do you have to purée everything?
833,4118,9,18,129,156,1.2307692307692308,0.043470376140912446,659,"Shaken, not stirred."
742,4118,6,24,126,156,1.2307692307692308,0.04051585669853265,659,That’s not what I meant by “enjoying mixers”.
717,4118,2,26,102,130,1.2307692307692308,0.04018214571971751,659,I can't shake this feeling that you want to break up with me..
342,4118,3,24,103,130,1.2307692307692308,0.04163970964136848,659,I thought of going on dates from  Blendr but not quite literally!!
2821,4118,6,18,106,130,1.2307692307692308,0.045734529320285634,659,I'm sorry I tend to mix up conversations.
1540,4132,7,24,134,165,1.2303030303030302,0.03997804499490151,659,It might help you digest but it makes me queasy.
1895,4132,6,26,133,165,1.2303030303030302,0.03904272341431856,659,At home? I mostly just make smoothies.
4097,4132,7,24,134,165,1.2303030303030302,0.03997804499490151,659,"You’re getting yourself all worked up again, dear. I don’t think you want to blow your lid again."
6382,4132,5,28,132,165,1.2303030303030302,0.03808443805020087,659,I also grew up in a blended family.
6356,4136,4,27,121,152,1.230263157894737,0.0390171990398706,659,What do you mean by a pulse check?
3390,4136,11,13,128,152,1.230263157894737,0.04617694718256733,659,Did you leave the oven on?!
3460,4136,6,23,123,152,1.230263157894737,0.04119003001210647,659,"I am not trying to give you mixed signals, but you have my head spinning!"
1717,4136,6,23,123,152,1.230263157894737,0.04119003001210647,659,Does your pulse button work?
1303,4136,4,27,121,152,1.230263157894737,0.0390171990398706,659,Let’s not mix things up
2878,4136,5,25,122,152,1.230263157894737,0.04011832744092849,659,Your head must be spinning from all of those before dinner pina coladas.
474,4142,7,18,114,139,1.2302158273381294,0.04487792819896826,659,"I know some guys don’t like to go down on women and they have weird excuses that barely veil machismo brought on by the patriarchy, but I have a legit good reason."
1267,4142,6,20,113,139,1.2302158273381294,0.04370084695834211,659,You said you’d found an alternative to conventional dentures???
4181,4142,6,20,113,139,1.2302158273381294,0.04370084695834211,659,It’s now all very apparent why you are always so mixed up.
4826,4142,4,24,111,139,1.2302158273381294,0.041246032485147154,659,We just needed to mix things up!
6612,4142,6,20,113,139,1.2302158273381294,0.04370084695834211,659,My dog can do that four times a second and also wag his tail.
1924,4147,5,19,102,126,1.2301587301587302,0.045303489353958636,659,What?  You are the one that suggested that we mix it up!
609,4147,4,21,101,126,1.2301587301587302,0.04387963104516852,659,You're a real smoothie!
647,4149,4,29,128,161,1.2298136645962734,0.037640469009007915,659,"Wastin' away in where now, Jimmy?"
2263,4149,8,21,132,161,1.2298136645962734,0.04156156774508471,659,"Live it up, Jerry. The plastic straw ban starts tomorrow."
5039,4149,7,23,131,161,1.2298136645962734,0.040616796548675164,659,My doctor said I should chew my food 30 times before I swallow.
6151,4149,5,27,129,161,1.2298136645962734,0.03865804778789121,659,"No, in fact I’m never eating again."
6475,4149,3,31,127,161,1.2298136645962734,0.03659460555417001,659,Don't you like to chew?
6890,4154,4,26,118,148,1.2297297297297298,0.03964193778960474,659,"For once, will you concentrate on what is in front of you."
4789,4154,6,22,120,148,1.2297297297297298,0.041896784583418355,659,You are taking market liquidity too far dear...
4536,4154,6,22,120,148,1.2297297297297298,0.041896784583418355,659,Your dating profile didn't mention that you were in kitchen appliances.
3655,4154,6,22,120,148,1.2297297297297298,0.041896784583418355,659,Would you please stop spinning your story?
1345,4158,7,17,111,135,1.2296296296296296,0.045760861733997134,659,Are you shaking your head no?
1778,4158,6,19,110,135,1.2296296296296296,0.044536481081518545,659,"Apologies, I’m on the liquid diet."
3712,4158,5,21,109,135,1.2296296296296296,0.043277474829418086,659,"I could have sworn my friend had said “blind date,” but I guess it beats a bland date."
4797,4158,5,21,109,135,1.2296296296296296,0.043277474829418086,659,"Don’t overthink it, you are all mixed up"
5297,4158,4,23,108,135,1.2296296296296296,0.041980727817623326,659,"When I read ""a great mix of talents,"" I wasn't expecting this."
569,4163,5,18,99,122,1.2295081967213115,0.046247751562393156,659,My ex and I were always on the rocks.
1113,4164,4,28,125,157,1.2292993630573248,0.038202948199056584,659,"Funny, you don’t look juicer-ish."
1482,4164,3,30,124,157,1.2292993630573248,0.037118808356030146,659,I am very happy with our blended family.
6300,4164,8,20,129,157,1.2292993630573248,0.0422623061416699,659,"Thanks for the proposal, but I'd rather not have a blended family."
6318,4167,6,21,117,144,1.2291666666666667,0.04263871963146187,659,"I know it comes as a shock, but let's be honest, Lou. Your head is always spinning."
5972,4167,3,27,114,144,1.2291666666666667,0.03907281817881992,659,With your kids and mine we'll have a blended family.
5328,4167,6,21,117,144,1.2291666666666667,0.04263871963146187,659,I am definitely mixed up.
4083,4167,3,27,114,144,1.2291666666666667,0.03907281817881992,659,Do you want to hear something funny?
1090,4167,7,19,118,144,1.2291666666666667,0.04376283250585489,659,Excuse me ..do you need a spoon?
356,4167,4,25,115,144,1.2291666666666667,0.040296528604337835,659,You're mixing my words.
41,4167,5,23,116,144,1.2291666666666667,0.04148415739394154,659,"Harold, I know you want to blend in, but stop it!"
1915,4167,4,25,115,144,1.2291666666666667,0.040296528604337835,659,Try and not squeak too much while your eating!
2295,4175,4,22,105,131,1.2290076335877862,0.04275438255865931,659,You don’t look anything like the picture you posted on Match!
5736,4175,6,18,107,131,1.2290076335877862,0.04541824360501837,659,I can see what you think about whirled peas.
6125,4175,5,20,106,131,1.2290076335877862,0.04410642855716718,659,"So Blenderhead , how long have you been on Match?"
3140,4178,8,22,136,166,1.2289156626506024,0.04066856609169572,659,I just love the fact that this place is a BYO Blender.
6659,4178,6,26,134,166,1.2289156626506024,0.03883160526811961,659,You’re more than just a silly crush
4484,4180,4,27,122,153,1.2287581699346406,0.03879055189853624,659,Do we have to have a blended family?
3594,4180,8,19,126,153,1.2287581699346406,0.042996559916056644,659,No thanks i'll use my flatware...
3545,4180,8,19,126,153,1.2287581699346406,0.042996559916056644,659,"Gee Bob, I may not be ready for a blended family."
1388,4180,9,17,127,153,1.2287581699346406,0.04398526431227341,659,"Well, I found it fascinating when I read your profile, and it said you were the head of ninjas."
1214,4180,8,19,126,153,1.2287581699346406,0.042996559916056644,659,"Douglas, I understand you puree but honestly how does that help us in bed?"
797,4185,5,22,113,140,1.2285714285714286,0.042218607343789044,659,No problem. I'm a big believer in mixed marriage.
2169,4185,6,20,114,140,1.2285714285714286,0.04341872555669784,659,Your picture showed a rotary mixer. I wasn't expecting to move quite this fast.
3166,4185,13,14,148,175,1.2285714285714286,0.04321145276984889,659,Would you say grace?
3293,4185,5,22,113,140,1.2285714285714286,0.042218607343789044,659,"When you said you were always mixing things up, I  never imagined it was true!"
4815,4185,5,22,113,140,1.2285714285714286,0.042218607343789044,659,I get it. You're trying to tell me something is Waring on you.
3295,4190,5,27,130,162,1.228395061728395,0.038444858678485655,659,"So, you really are keeping your no solid foods Lenten discipline."
4782,4190,7,23,132,162,1.228395061728395,0.04039021702110284,659,You could have just ordered a smoothie.
6106,4190,6,25,131,162,1.228395061728395,0.03942953708719213,659,I need my own identity. I’m tired of being “Mrs. Coffee.
6450,4190,9,19,134,162,1.228395061728395,0.042246089797930854,659,Do I look like I am blending in with the crowd?
6315,4194,2,25,100,127,1.2283464566929134,0.04060068959075312,659,Is this a new spin on BYO?
6827,4195,6,22,121,149,1.2281879194630871,0.041643200154331726,659,"You really make a big deal of being part of a blended family."""
5900,4195,4,26,119,149,1.2281879194630871,0.039405160524470954,659,Sorry I’m late. I got a little mixed up.
1620,4195,4,26,119,149,1.2281879194630871,0.039405160524470954,659,Don't you ever get sick of eating at fusion restaurants?
4937,4195,7,20,122,149,1.2281879194630871,0.042718272912899216,659,"Well, you don't have to get all liquefied about it."
5136,4195,5,24,120,149,1.2281879194630871,0.04053962749614911,659,"Multitasking, are we?"
228,4200,6,19,111,136,1.2279411764705883,0.04424002634262154,659,"I'm leaving you, Steve. We don't frappe anymore."
547,4200,6,19,111,136,1.2279411764705883,0.04424002634262154,659,Could you please take it off during supper?
1056,4200,7,17,112,136,1.2279411764705883,0.045454509046622495,659,Have you considered dentures?
6354,4200,6,19,111,136,1.2279411764705883,0.04424002634262154,659,Do you have to do this now?
6363,4200,6,19,111,136,1.2279411764705883,0.04424002634262154,659,"Percolate all you want,I need a solid commitment"
5331,4205,4,25,116,145,1.2275862068965517,0.040048853770538725,659,I know. I know.  I DO chew my food.
5362,4205,5,23,117,145,1.2275862068965517,0.041227371113703344,659,"Honey, I'm sorry, but I think you are all mixed up!"
4919,4205,5,23,117,145,1.2275862068965517,0.041227371113703344,659,I thought this would be a mixer.
6381,4205,6,21,118,145,1.2275862068965517,0.042373123198084506,659,"Frankly, I feel like I'm getting mixed signals from you,Harold."
2363,4205,7,19,119,145,1.2275862068965517,0.04348869979860371,659,"What's wrong, honey?"
1469,4205,5,23,117,145,1.2275862068965517,0.041227371113703344,659,I'm not sure I'm ready to blend our  two families together.
1004,4205,8,17,120,145,1.2275862068965517,0.04457636650497774,659,"...so when were your Tinder pictures taken, anyway?"
2594,4205,6,21,118,145,1.2275862068965517,0.042373123198084506,659,"... and then all of his victims were pureed. I'm scared, Mr Waring. I hope they catch him soon!"
2011,4213,6,23,125,154,1.2272727272727273,0.04070794374412261,659,She left me for a Bacardi.
2439,4213,4,27,123,154,1.2272727272727273,0.03856645962786087,659,"Sorry, I'm not sure how I feel about being a part of a blended family"
3684,4213,4,27,123,154,1.2272727272727273,0.03856645962786087,659,When I said I wanted a blended family I didn't mean it literally!
4132,4213,4,22,106,132,1.2272727272727273,0.042464704276476285,659,I just love the idea of a blended family.
6897,4213,3,29,122,154,1.2272727272727273,0.037449824704580505,659,This isn’t quite what I expected when I decided to give online dating a whirl.
6509,4218,6,25,132,163,1.2269938650306749,0.039211934610142204,659,Are you okay? I feel like your head is spinning.
2175,4218,6,25,132,163,1.2269938650306749,0.039211934610142204,659,"First dates never go smoothly for me, so I thought I’d try a Vitamix."
710,4218,7,23,133,163,1.2269938650306749,0.04016610732830603,659,"Honey, I think your vertigo is acting up again"
1341,4218,6,25,132,163,1.2269938650306749,0.039211934610142204,659,"Right now I'm just going to take your word for it, that kissing you is a mind- blending experience"
5093,4222,6,20,115,141,1.2269503546099292,0.04314015978934907,659,Your plate or mine?
6698,4222,4,24,113,141,1.2269503546099292,0.040723938187055705,659,"How’s your vertigo, honey?"
6236,4222,5,22,114,141,1.2269503546099292,0.04194944891243331,659,You invented a Gender Blender?  I'm very impressed. I'm also very out of here.
5456,4222,5,22,114,141,1.2269503546099292,0.04194944891243331,659,The Doctor said  all you need to do is chew your food 20 times....
5349,4222,5,22,114,141,1.2269503546099292,0.04194944891243331,659,"OK, that's better.  Now I think you're ready to be a Cabinet Secretary."
4774,4222,5,22,114,141,1.2269503546099292,0.04194944891243331,659,"My ex-wife said I was good for lifting heavy stuff, fixing the car and making a wicked  frozen margarita ."
6828,4222,3,26,112,141,1.2269503546099292,0.03946038543741578,659,I wish you had just given the digestive enzymes a chance.
2127,4222,2,28,111,141,1.2269503546099292,0.03815501141758049,659,Shaking things up again?
1795,4222,6,20,115,141,1.2269503546099292,0.04314015978934907,659,Are we going to talk at all this evening or are you just going to keep shaking your head?
807,4222,5,22,114,141,1.2269503546099292,0.04194944891243331,659,You are perfect. I always wanted a blended family.
538,4222,6,20,115,141,1.2269503546099292,0.04314015978934907,659,Just because you didn’t remember to wear a necktie didn’t warrant the matre d’s over reaction.
188,4222,7,18,116,141,1.2269503546099292,0.044298877065274335,659,You are at a 'puree' right now and I need you to be at a 'blend.'
179,4222,4,24,113,141,1.2269503546099292,0.040723938187055705,659,You're always mixing up what I say!
3759,4222,3,26,112,141,1.2269503546099292,0.03946038543741578,659,"Well, you’re profile did mention that you are from a blended family but...oh, never mind."
1863,4236,7,25,140,172,1.2267441860465116,0.03874693792676702,659,kind of mixed up?
6585,4237,6,22,122,150,1.2266666666666666,0.0413926110263225,659,"No, I don’t want my dinner puréed"
6512,4237,8,18,124,150,1.2266666666666666,0.043500794990464095,659,You’ve got to stop slicing and dicing my every thought.
6502,4237,5,24,121,150,1.2266666666666666,0.040297180905907795,659,How are the daiquiris here?
3802,4237,5,24,121,150,1.2266666666666666,0.040297180905907795,659,Could you shut up for just a moment? I'm trying to say something.
6751,4237,8,18,124,150,1.2266666666666666,0.043500794990464095,659,"Darling, you make my head spin too."
1759,4237,5,24,121,150,1.2266666666666666,0.040297180905907795,659,I can handle your daily grind but not these mixed signals.
1335,4237,7,20,123,150,1.2266666666666666,0.04245978928573964,659,Should we just skip the dinner?
1060,4237,8,18,124,150,1.2266666666666666,0.043500794990464095,659,Digestive issues?
1926,4237,3,28,119,150,1.2266666666666666,0.03801173334297594,659,That's always your response.
1878,4246,4,21,103,128,1.2265625,0.04326551731953711,659,Blending our families should be easy.
4290,4246,8,13,107,128,1.2265625,0.04862130164011586,659,You are always spinning the facts to suit your narrative!
798,4248,4,28,127,159,1.2264150943396226,0.037775633832078014,659,"So Mister Mince Puree, what is it that you do?"
5097,4248,9,18,132,159,1.2264150943396226,0.04272067404565706,659,Is the blended family more than you can handle?
85,4248,4,28,127,159,1.2264150943396226,0.037775633832078014,659,Ever since my wife left me I’ve just been a bit mixed up.
741,4248,7,22,130,159,1.2264150943396226,0.040814617468687135,659,So how long have you been a Ninja?
1158,4252,7,17,113,137,1.2262773722627738,0.04515216952042198,659,"OK. Let's have Robert's sense of humor, Jason's lovemaking and Ken's intellect."
4072,4252,6,19,112,137,1.2262773722627738,0.043947425470044876,659,Thank you for the dinner. You have saved me from my daily grind.
4629,4252,5,21,111,137,1.2262773722627738,0.042708711037555025,659,‘You must be mixed up. I’m Susie’
5041,4252,1,29,107,137,1.2262773722627738,0.03734521616842342,659,You look all shook up! Are you OK??
6649,4252,4,23,110,137,1.2262773722627738,0.0414329795155212,659,"I'm not sure that seminar on how to become a mixer was really worth it, Jerry"
1286,4257,4,30,134,168,1.2261904761904763,0.03651325674197914,659,You are nothing but a sweet talking smoothie!
1550,4257,4,30,134,168,1.2261904761904763,0.03651325674197914,659,"I hate it when my food touches, too."
4088,4259,5,23,118,146,1.226027397260274,0.0409736806720297,659,I said let's try to BLEND in.
5513,4259,5,23,118,146,1.226027397260274,0.0409736806720297,659,"Oh, now I understand what you meant in you bio, when you said you came from a blended family."
2800,4259,5,23,118,146,1.226027397260274,0.0409736806720297,659,"I wouldn't do that for just a $5,000 NEA grant,"
4728,4259,7,19,120,146,1.226027397260274,0.043217926030671365,659,Do not expect to get a kiss of any kind tonight
401,4259,7,19,120,146,1.226027397260274,0.043217926030671365,659,Perhaps you might be carrying the juicing trend to extremes?
2253,4259,6,21,119,146,1.226027397260274,0.04211075657243671,659,"Mr. President, I do think this new approach has yielded progress in keeping your messages consistent."
288,4259,8,17,121,146,1.226027397260274,0.04429743154723694,659,"I was actually seeking a 'pure' relationship, but perhaps autocorrect is a matchmaker..."
360,4266,3,22,99,124,1.2258064516129032,0.04259899945360052,659,"Try to blend in a little, honey."
550,4266,6,23,126,155,1.2258064516129032,0.040471029630601875,659,First dates all start to sound the same after a while.
1006,4266,4,27,124,155,1.2258064516129032,0.038344880730526554,659,"I don't believe you, you're too smooth."
1721,4266,4,20,100,124,1.2258064516129032,0.04411128084752649,659,Somehow I don’t think it’ll be a good alternative to dentures.
2816,4266,5,25,125,155,1.2258064516129032,0.039422291394586396,659,You’re beginning to sound like my Moulinex
2930,4271,3,31,130,164,1.225609756097561,0.036004035212227316,659,I hear that you’re a third-generation chef.
4574,4271,9,19,136,164,1.225609756097561,0.04177548020174899,659,"I get that you love smoothies, but don't you think the surgery was a bit over the top?"
6861,4273,6,18,109,133,1.2255639097744362,0.044798403337642796,659,"Sorry, I thought I was told this would be a blind date."
2863,4273,6,18,109,133,1.2255639097744362,0.044798403337642796,659,"If you wanted a smoothie, why didn't you say so?"
3668,4273,5,20,108,133,1.2255639097744362,0.043508341442180715,659,"‘’I think your dentures were a better look,Harry.’’"
5023,4273,5,20,108,133,1.2255639097744362,0.043508341442180715,659,Stop reading the news. It's making you agitated.
5905,4277,5,22,115,142,1.2253521126760563,0.041683633980763767,659,I think you’re taking your smoothie regimen a bit far.
5478,4277,7,18,117,142,1.2253521126760563,0.044014833676572905,659,"It’s a simple process, Carl."
5022,4277,5,22,115,142,1.2253521126760563,0.041683633980763767,659,Stop being so melodramatic
4942,4277,7,18,117,142,1.2253521126760563,0.044014833676572905,659,I feel like my days are all blending together?
1115,4277,9,14,119,142,1.2253521126760563,0.04622862560481837,659,Wouldn’t it have been better to simply get new dentures?
4325,4277,3,26,113,142,1.2253521126760563,0.0392140931312735,659,I don't  think you blend in
2912,4277,8,16,118,142,1.2253521126760563,0.04513530441288086,659,I understand why you call yourself a smoothie operator
2473,4277,4,24,114,142,1.2253521126760563,0.040467705902055257,659,"So, you say you're having a whirlwind romance?"
4930,4277,5,22,115,142,1.2253521126760563,0.041683633980763767,659,You'll be marrying into a blended family Babs.
1521,4286,6,22,123,151,1.2251655629139073,0.04114496574042136,659,You look nothing like your Tinder pics.
1689,4286,5,24,122,151,1.2251655629139073,0.04005755840075498,659,This is obviously not your first dating mixer.
2003,4288,7,22,131,160,1.225,0.040583402748122936,659,You need to focus.
908,4288,4,28,128,160,1.225,0.03756545649945677,659,The caffeine will do it to you every time.
2748,4290,6,26,137,169,1.2248520710059172,0.03821146785683574,659,That last glass of wine has my head spinning
1873,4290,8,22,139,169,1.2248520710059172,0.040012510943995536,659,So how long have you been on the Blender app?
1003,4290,6,26,137,169,1.2248520710059172,0.03821146785683574,659,College mixers are always strange but this takes the cake.
32,4293,4,23,111,138,1.2246376811594204,0.04116431448799274,659,I asked for fine dining. You mix up everything.
737,4293,6,19,113,138,1.2246376811594204,0.043658605484604755,659,"When I was a kid, I wanted to be a ninja."
2349,4293,3,25,110,138,1.2246376811594204,0.03985867865935063,659,Are you sticking with the hybrid or going all electric?
4334,4293,2,27,109,138,1.2246376811594204,0.03850880083399608,659,But your Tinder profile said you were searching for someone to share a blended family with!
4840,4293,4,23,111,138,1.2246376811594204,0.04116431448799274,659,'Let me break this down for you...'
5671,4293,5,21,112,138,1.2246376811594204,0.0424297927176573,659,Lose your dentures again?
5789,4293,3,25,110,138,1.2246376811594204,0.03985867865935063,659,I can tell  you are still shook up over the idea of a blender family.
4628,4300,4,25,118,147,1.2244897959183674,0.039562322617869794,659,I just feel like our conversations always end up going in circles.”
5993,4300,5,23,119,147,1.2244897959183674,0.04072303194797712,659,Was it the dress that did it for you?
5018,4300,6,21,120,147,1.2244897959183674,0.04185156258912585,659,Are you sure you read the liquid diet instructions correctly?
4880,4300,6,21,120,147,1.2244897959183674,0.04185156258912585,659,"Yes, yes, you like your cocktail fresh...but there are limits."
4796,4300,5,23,119,147,1.2244897959183674,0.04072303194797712,659,"Well, atleast the drinks are on him..."
4412,4300,4,25,118,147,1.2244897959183674,0.039562322617869794,659,"After my last cheating boyfriend, I treasure your transparency."
3280,4300,2,29,116,147,1.2244897959183674,0.03713221580634942,659,It's not the order that got mixed up.
1386,4300,5,23,119,147,1.2244897959183674,0.04072303194797712,659,I like it shaken not stirred.
1344,4300,5,23,119,147,1.2244897959183674,0.04072303194797712,659,"So, did you develop this diet on your own?"
366,4300,4,25,118,147,1.2244897959183674,0.039562322617869794,659,"I hear you loud and clear, Ben. But I do think it's an on-off relationship."
4443,4300,4,25,118,147,1.2244897959183674,0.039562322617869794,659,"No offense, but when you start talking about tax law, it all sounds like gobbledy-gook to me."
5179,4311,9,17,130,156,1.2243589743589745,0.04321041095938075,659,Are you sure you’re not from a blended family?
416,4311,7,21,128,156,1.2243589743589745,0.04125183200054257,659,And here I thought Blendr might be a little safer!
2152,4311,7,21,128,156,1.2243589743589745,0.04125183200054257,659,"So, how do you blend in?"
2663,4311,5,25,126,156,1.2243589743589745,0.03919550575669872,659,So you're okay with a blended family?
3411,4311,5,25,126,156,1.2243589743589745,0.03919550575669872,659,"I'm sorry, this isn't going to work out. I prefer solid foods."
4388,4311,6,23,127,156,1.2243589743589745,0.040236807247372344,659,"Um, sir, this is kind of awkward to say on our first date but...you seem to have a blender as a head."
6028,4311,7,21,128,156,1.2243589743589745,0.04125183200054257,659,Is this what you meant by a blended family?
3984,4318,6,25,134,165,1.2242424242424241,0.03878372113711275,659,Are you going to make that whirring sound even while we eat?
3088,4318,7,23,135,165,1.2242424242424241,0.039725141349637984,659,You sure you're not taking your health kick too far?
4820,4320,5,29,140,174,1.2241379310344827,0.03657057341269634,659,Make mine a double.
3816,4320,5,29,140,174,1.2241379310344827,0.03657057341269634,659,This is definitely not the impression I got from your profile.
897,4322,6,16,103,125,1.224,0.04664761515876241,659,I hope I'm not Waring on you ?
61,4323,1,28,105,134,1.2238805970149254,0.03766526973994297,659,Can you tell how much I'd like a Margarita right now?
4529,4323,6,18,110,134,1.2238805970149254,0.044494682803149666,659,Television makes blended families look much more appealing.
6413,4323,4,22,108,134,1.2238805970149254,0.04189671940002948,659,"I just don't get why you'll let strangers make your milkshakes, but not me?"
815,4326,6,20,117,143,1.2237762237762237,0.04259343576391054,659,"Why must you blend, grind, stir, mix, or puree everything I say?"
834,4326,7,18,118,143,1.2237762237762237,0.04373435521891124,659,"Ummm, you didn't mention this in your profile."
1385,4326,5,22,116,143,1.2237762237762237,0.04142110227812435,659,Smooth.
2379,4326,6,20,117,143,1.2237762237762237,0.04259343576391054,659,I should have ordered the bass-o-matic.
3119,4326,6,20,117,143,1.2237762237762237,0.04259343576391054,659,This might be the smoothie talking but I actually liked Green Book.
5399,4326,6,20,117,143,1.2237762237762237,0.04259343576391054,659,Mary did say you were a smooth talker.
4527,4332,7,20,125,152,1.2236842105263157,0.041951947254526244,659,Your always spinning things.
3722,4332,5,24,123,152,1.2236842105263157,0.03982071228601015,659,"Not everyone can wear a blender, but you can pull it off."
3678,4332,4,26,122,152,1.2236842105263157,0.03871111921947651,659,"I love how things are going, but I'm just not ready to 'liquefy' yet."
3113,4332,5,24,123,152,1.2236842105263157,0.03982071228601015,659,I don't think our blind date was a good blend.
2672,4332,5,24,123,152,1.2236842105263157,0.03982071228601015,659,"Yes, I realize you are not technically chewing with your mouth open, but..."
785,4332,6,22,124,152,1.2236842105263157,0.04090021396894979,659,I'm not looking to blend in.
134,4338,6,24,131,161,1.2236024844720497,0.039381037227695294,659,"Well, I did tell you that we should mix things up more often."
1871,4338,6,24,131,161,1.2236024844720497,0.039381037227695294,659,Anything wrong with the rest of the meal?
4621,4338,3,30,128,161,1.2236024844720497,0.036303537547610114,659,But your profile said you could purée!
5083,4338,4,28,129,161,1.2236024844720497,0.037357550642721914,659,"So, what do you do for a living?"
2337,4342,9,20,141,170,1.223529411764706,0.04066360531884339,659,I thought when you responded to my match.com profile saying that I put your head in a spin you were speaking metaphorically.  Now I dare say we both are all mixed up.
4827,4343,3,21,97,121,1.2231404958677685,0.04310216466249686,659,"This isn’t going to work, i’m Sorry. Our personalities just don’t blend."
287,4344,6,17,107,130,1.2230769230769232,0.04537708517216677,659,Why are you Waring that?
1266,4344,2,25,103,130,1.2230769230769232,0.039774835275769825,659,Your family named you Oster...?  I think it’s lovely...  could you now refill my drink.
5432,4346,6,19,114,139,1.223021582733813,0.04337349518088946,659,All I asked you for was a commitment.
5294,4346,5,21,113,139,1.223021582733813,0.04215442645382961,659,Why am I hearing buzzing in my ear?
5187,4346,2,27,110,139,1.223021582733813,0.03826489809192483,659,That's your problem: your mind is always awhirl.
3003,4346,5,21,113,139,1.223021582733813,0.04215442645382961,659,I'm not going to mince words--this relationship is OVER.
1235,4346,7,17,115,139,1.223021582733813,0.04455922462029556,659,Whirr did you say you were from again?
3,4351,6,21,121,148,1.222972972972973,0.041595485379180015,659,"What did I say Frank? 
Don't inspect the kitchen."
180,4351,5,23,120,148,1.222972972972973,0.04047537202512589,659,I've honestly never dated someone from Blendr before
3808,4351,5,23,120,148,1.222972972972973,0.04047537202512589,659,When I saw your  profile I never would have guessed you were such a smoothie.
5403,4351,7,19,122,148,1.222972972972973,0.042686216361804814,659,"Harold, I’ve asked you not to blend in public!"
5487,4351,6,21,121,148,1.222972972972973,0.041595485379180015,659,"You might be a bit mixed up, but I find your mind delicious."
5551,4351,5,23,120,148,1.222972972972973,0.04047537202512589,659,I’ve never been to this kind of mixer before.
6540,4351,3,27,118,148,1.222972972972973,0.03813657580142551,659,"When I said I wanted to mix things up in our sex life, I didn't think you would take it so hard."
6662,4351,4,25,119,148,1.222972972972973,0.039323365537744966,659,Can you just listen to my thoughts and not try to synthesize them?
4251,4359,6,23,128,157,1.2229299363057324,0.040005232095600175,659,All those nights blend together for me too.
3925,4359,6,23,128,157,1.2229299363057324,0.040005232095600175,659,"Oh my, do I get your head spinning"
3726,4359,6,23,128,157,1.2229299363057324,0.040005232095600175,659,Don't shake your head at me like that; I've always liked meat.
3376,4359,7,21,129,157,1.2229299363057324,0.04101314316595286,659,"Chew your food, don't blend it"
2470,4359,6,23,128,157,1.2229299363057324,0.040005232095600175,659,I've been in and out of refurbishment
1858,4364,3,31,132,166,1.2228915662650603,0.035620516242343254,659,The blender saves on chewing.
2511,4364,4,29,133,166,1.2228915662650603,0.03663114149871422,659,"I know your profile said you blended into most social settings, but this isn't what I expected."
6209,4366,4,20,102,126,1.2222222222222223,0.04348163471305125,659,"Dear, I think you've taken this liquid diet thing too far"
5936,4366,3,28,122,153,1.2222222222222223,0.0373510368037021,659,I believe that you are just an ole smoothie.
5400,4366,4,26,123,153,1.2222222222222223,0.03848505245308902,659,I guess we could mix things up.
5216,4366,6,16,104,126,1.2222222222222223,0.04631005086682023,659,"Yes, I know my reply to your personal ad indicated that I was open to a blended family, but..."
5150,4366,6,20,118,144,1.2222222222222223,0.0423251516014429,659,So much for trying a computer dating service.
4958,4366,5,26,131,162,1.2222222222222223,0.03816992907943363,659,That isn't what I meant by 'blending in better.'
4933,4366,8,16,120,144,1.2222222222222223,0.04456084214122663,659,Uh...this isn't exactly what I meant about a blended family...
4478,4366,8,18,127,153,1.2222222222222223,0.04272114827973411,659,My friend never mentioned that you were in finance.
4404,4366,3,26,115,144,1.2222222222222223,0.03873039073789255,659,Will you be making the Margarita's?
3977,4366,9,22,149,180,1.2222222222222223,0.039041555440900565,659,You said we need to start mixing things up!
3424,4366,5,26,131,162,1.2222222222222223,0.03816992907943363,659,Maybe I don't want to shake things up...
3167,4366,6,24,132,162,1.2222222222222223,0.039161520936124516,659,So when your Match.Com profile said your nickname was Smoothie I thought it referred to your personality.
2860,4366,7,16,112,135,1.2222222222222223,0.045428573580799825,659,The dating service indicated you would be a smoothy.
2539,4366,1,30,113,144,1.2222222222222223,0.03613575753266616,659,Tonight has been a whirlwind!
1261,4366,5,22,117,144,1.2222222222222223,0.04116179491907547,659,It seems rather an extreme way to tell me we will be a blended family!
933,4366,6,22,125,153,1.2222222222222223,0.04065830648622765,659,At least I don't have to pre-chew your food for you any more.
159,4366,2,30,121,153,1.2222222222222223,0.03618149579973173,659,"Sorry, I'm not ready for a blended family."
121,4366,6,20,118,144,1.2222222222222223,0.0423251516014429,659,I read on your profile that you come from a blended family. Would you like to tell me about it?
13,4366,2,30,121,153,1.2222222222222223,0.03618149579973173,659,"No, I'm sorry.  I won't marry you.  My mother warned me about blended families."
6819,4385,7,27,151,185,1.2216216216216216,0.0367261571670108,659,You looked more attractive with dentures.
2595,4386,10,17,140,167,1.221556886227545,0.04195737304956755,659,I could ask you the same thing: does the carpet match the drapes?
1596,4386,8,21,138,167,1.221556886227545,0.04020113704157056,659,"Randy, you don’t look anything like your eharmony picture."
3461,4388,7,21,130,158,1.2215189873417722,0.04077715737832947,659,I still think a colostomy bag would have been better
4231,4388,4,27,127,158,1.2215189873417722,0.03769482190708304,659,Well you did complain about the Margarita last time we were here.
4383,4388,5,25,128,158,1.2215189873417722,0.03874951939947326,659,I'd rather not watch.
708,4391,5,23,121,149,1.221476510067114,0.04023064916031539,659,You always think you can smoothie it over.
931,4391,5,23,121,149,1.221476510067114,0.04023064916031539,659,Sorry to hear that you're mixed up again.
3117,4391,7,19,123,149,1.221476510067114,0.04242516440739853,659,"Sorry, I’m not great with toasts."
4481,4391,7,19,123,149,1.221476510067114,0.04242516440739853,659,"Sure, I like pina coladas but getting caught in the rain with you seems dangerous!"
4758,4391,4,25,120,149,1.221476510067114,0.039087215432839176,659,Sorry. I was mixed up.
6398,4391,5,23,121,149,1.221476510067114,0.04023064916031539,659,So you mentioned that you are “all shook up?”
4790,4397,7,17,116,140,1.2214285714285715,0.04426847126436581,659,Sounds like you might have lost the soup spoon in your face.
3512,4397,5,21,114,140,1.2214285714285715,0.04188254651100343,659,I know that our families have differences but this not what they meant by blending in.
5281,4397,1,29,110,140,1.2214285714285715,0.036647619439346045,659,Is there a moment when you're NOT thinking of frappe?
1161,4397,6,19,115,140,1.2214285714285715,0.043092025076168945,659,I feel a little mixed up tonight!
795,4397,7,17,116,140,1.2214285714285715,0.04426847126436581,659,"So, I'm from a different kind of blended family."
2581,4397,5,21,114,140,1.2214285714285715,0.04188254651100343,659,"I know you’re just trying to blend in guy, but you’re only stirring things up."
1035,4403,6,17,108,131,1.2213740458015268,0.04506155030639969,659,"Like I said on my profile, I can blend in to any situation."
6122,4403,6,17,108,131,1.2213740458015268,0.04506155030639969,659,You've got it all mixed up.
6394,4405,5,28,139,172,1.2209302325581395,0.036695331680691286,659,How is this what you actually thought they meant by “mixer attire”?
275,4406,4,28,131,163,1.2208588957055215,0.036948412359557335,659,It's my way of portion control
501,4406,7,22,134,163,1.2208588957055215,0.039904965380371915,659,I just recently found the confidence to give online dating a whirl.
5581,4406,6,24,133,163,1.2208588957055215,0.038944394975012134,659,Alright already. You're a lovely blend of sweet and saucy.
6003,4406,6,24,133,163,1.2208588957055215,0.038944394975012134,659,You could have just told the waiter how you like your whiskey.
6719,4406,9,18,136,163,1.2208588957055215,0.04175987291750948,659,"I can’t tell, are you shaken or stirred?"
5320,4411,8,18,128,154,1.2207792207792207,0.042467354655325626,659,I'm a little nervous. Check my pulse.
1615,4411,8,18,128,154,1.2207792207792207,0.042467354655325626,659,"Sorry, our interests don't blend"
5076,4411,6,22,126,154,1.2207792207792207,0.040419195140106126,659,I didn't realize you could be such a smoothie
347,4411,7,20,127,154,1.2207792207792207,0.04145592567531924,659,"yes, i do give oral. the real question, however: do you dare???"
630,4411,2,30,122,154,1.2207792207792207,0.03597473536357872,659,Is it getting hot in here or is that the margaritas talking?
1131,4416,6,20,119,145,1.2206896551724138,0.0420601711805333,659,"I'm sorry,  I'm just not sure if I'm ready for a blended relationship right now."
1842,4416,4,24,117,145,1.2206896551724138,0.039717592053266644,659,"Wow, it's so loud in here. Can you repeat what you were saying about your dad?"
2811,4416,7,18,120,145,1.2206896551724138,0.04318383309004413,659,I'm not a puree-ist.
3162,4416,6,20,119,145,1.2206896551724138,0.0420601711805333,659,I like to mix things up by going on blind dates.
4198,4416,5,22,118,145,1.2206896551724138,0.04090565436614768,659,I find the Cuisinart more effective than a blender for thought processing
4205,4416,6,20,119,145,1.2206896551724138,0.0420601711805333,659,Why make them dirty a plate?
5220,4416,2,28,115,145,1.2206896551724138,0.03722789595563596,659,"So, you're on an all liquid diet?"
6150,4416,7,18,120,145,1.2206896551724138,0.04318383309004413,659,"I’m sorry, George. I don’t think I can deal with a blended family right now."
6604,4416,4,24,117,145,1.2206896551724138,0.039717592053266644,659,How about you and me get out of here and shake things up a bit?
6007,4425,6,18,112,136,1.2205882352941178,0.043899241523996296,659,Frozen margaritas are fine but I prefer mine on the rocks.
3248,4425,7,16,113,136,1.2205882352941178,0.0451228973832111,659,We all feel mixed up sometimes.
5317,4425,5,20,111,136,1.2205882352941178,0.04264048480620878,659,"So,when your eharmony profile said you were a ninja ..."
4065,4428,4,20,103,127,1.220472440944882,0.043173374153718636,659,I'm ten years past my deconstructionist phase.
3780,4428,5,18,104,127,1.220472440944882,0.04459736105163467,659,This isn’t what I had in mind when I decided to “mix things up” after my divorce…
1054,4430,7,23,138,168,1.2202380952380953,0.03908126110969422,659,"When you mentioned a blend of Mexican and Thai cuisine for the first date, I didn't quite realize you were being literal."
1322,4431,3,29,127,159,1.220125786163522,0.03640544136944237,659,"Instead of blended, maybe we should have asked for ""shaken, not stirred."""
2083,4431,5,25,129,159,1.220125786163522,0.038530236867996566,659,Abzalooly na ma Fench kizzing.
2915,4431,8,19,132,159,1.220125786163522,0.04151401740140245,659,"Your going to get gas eating faster than ""chop""."
5911,4431,4,27,128,159,1.220125786163522,0.03748289819642971,659,It's all right. I knew you came from a blended family
6773,4431,3,29,127,159,1.220125786163522,0.03640544136944237,659,"Aren’t you taking freshness a bit too far, Arnold?"
6814,4431,5,25,129,159,1.220125786163522,0.038530236867996566,659,It’s our first date. It’s normal to feel a bit woozy.
81,4437,6,21,123,150,1.22,0.041092464078305725,659,"Well, of course you have a chance to beat Trump. But do you really want to go through the meat grinder of the Democratic primaries?"
409,4437,8,17,125,150,1.22,0.04321529267808789,659,Are you sure you don't want a straw?
867,4437,5,23,122,150,1.22,0.03998881275324226,659,Shhhhh Alex! ...please switch to indoor speed!
1416,4437,3,27,120,150,1.22,0.03768466834387587,659,"Harold, I know you like to just blend in, but this is getting ridiculous."
1557,4437,6,21,123,150,1.22,0.041092464078305725,659,"I don't think this is going to work. It's not you, but I prefer magic bullets."
2326,4442,5,21,115,141,1.2198581560283688,0.04161408870904326,659,Don’t you think you’re taking a little too much Adderall?
3533,4442,4,23,114,141,1.2198581560283688,0.04037840086593826,659,But sometimes a banana should just be a banana!
4009,4444,9,18,137,164,1.2195121951219512,0.04152630099206839,659,"You're spiralling again, Harry."
1334,4444,5,17,101,123,1.2195121951219512,0.04550512530337219,659,Would you like a knife?
1180,4446,9,16,130,155,1.2193548387096773,0.043197472095830865,659,I told the plastic surgeon I wanted to be a Ninja
1979,4446,4,26,125,155,1.2193548387096773,0.03804057955214688,659,You're not the type of ninja I usually date.
3054,4446,5,24,126,155,1.2193548387096773,0.03912637056033424,659,"Words fail me, and I guess it's the same for you."
3799,4446,6,22,127,155,1.2193548387096773,0.04018283282430401,659,So you split screened CNN and FOX News?
4369,4446,4,26,125,155,1.2193548387096773,0.03804057955214688,659,I guess the therapy didn't help. You're still mixed up.
4913,4446,7,20,128,155,1.2193548387096773,0.041212221905004565,659,I guess the Dating Site did say you like to blend in.
6756,4446,4,26,125,155,1.2193548387096773,0.03804057955214688,659,And that's when all hell broke loose in the home appliance section
1700,4453,6,20,120,146,1.2191780821917808,0.04179843515470749,659,That's not exactly what I had meant by 'blending in'.
6187,4453,7,18,121,146,1.2191780821917808,0.042913663239950134,659,"When you said “We need to shake things up,” this isn’t what I had in mind."
2814,4455,6,27,145,178,1.2191011235955056,0.03670862147011238,659,"Lyle, I think you were mixed up enough already."
6832,4456,4,22,111,137,1.218978102189781,0.0410721078190437,659,"If this relationship is to continue, Darryl, we have to give serious thought to the challenges of our blended family."
6339,4456,6,18,113,137,1.218978102189781,0.04360736697635734,659,You're so mixed up.  Why can't you process?
6008,4456,5,20,112,137,1.218978102189781,0.0423587092302743,659,How do you feel about mixed marriages?
5869,4456,6,18,113,137,1.218978102189781,0.04360736697635734,659,I know you mother wanted you as a kid to chew your food 32 times but this seems a little much.
106,4456,2,26,109,137,1.218978102189781,0.03836969672524922,659,You don't have to puree everything I say.
2502,4456,7,16,114,137,1.218978102189781,0.0448212523426831,659,"Now, George, really!  I've never been one to make heads spin."
920,4456,5,20,112,137,1.218978102189781,0.0423587092302743,659,"Well, you didn't say that I couldn't stand out. Only that I had to blend in."
3560,4456,6,18,113,137,1.218978102189781,0.04360736697635734,659,I think you've let this Vitamix thing go to your head
1264,4464,4,29,136,169,1.2189349112426036,0.03605053447099887,659,You’re all mixed up.
4264,4464,4,29,136,169,1.2189349112426036,0.03605053447099887,659,"If you're a juicer,why'd you order the steak?"
1864,4466,4,27,129,160,1.21875,0.037273292704785334,659,So does 'puree' mean that's a 'hard no'?
6570,4466,4,20,104,128,1.21875,0.042869371029220206,659,"So do you go by Joe, or The Juice?"
3227,4468,7,19,125,151,1.218543046357616,0.04191238600019715,659,"Yes, I do come from a blended family. Why do you ask?"
3760,4468,5,23,123,151,1.218543046357616,0.03974981331690023,659,"Ok, Mr. TEST KITCHEN!  I've HAD IT!"
4992,4468,4,25,122,151,1.218543046357616,0.03862314640183871,659,"Frankly, I never gave a thought to ""Blended Marriage"" - one way or the other - until just a moment ago - when you asked your question."
5162,4468,5,23,123,151,1.218543046357616,0.03974981331690023,659,Are you trying to tell me you are from a blended family?
4912,4472,10,18,146,174,1.2183908045977012,0.04063362241448742,659,But your profile said you were from a blended family!
105,4473,3,25,114,142,1.2183098591549295,0.038858187858800394,659,"Fredrick, please control yourself."
1019,4473,8,15,119,142,1.2183098591549295,0.04482643603951862,659,Must you swivel so obviously when you spot a female robot?
1207,4473,5,21,116,142,1.2183098591549295,0.04134899037949917,659,"I'm not interested. I'm afraid you looked lot different on Tinder. Maybe, it's just because your hair is in a bun."
1320,4473,2,27,113,142,1.2183098591549295,0.037550880719402255,659,Your dating profile seemed especially honest when you said you are all mixed up.
2120,4473,7,17,118,142,1.2183098591549295,0.04369804626225305,659,"So, I'm not sure I understand.  Your family invented the Waring what?"
4550,4473,4,23,115,142,1.2183098591549295,0.040122922183421145,659,"So... if the graft doesn’t take, A. You die and B. No more smoothies?"
5579,4473,1,29,112,142,1.2183098591549295,0.036196388244350154,659,240v really turns me on.
6772,4473,4,23,115,142,1.2183098591549295,0.040122922183421145,659,You should have no problem with your all liquid diet.
6409,4481,6,24,135,165,1.2181818181818183,0.038517163193983975,659,"With all due respect, Mr. Vader, you don't look much like your picture."
4810,4481,5,26,134,165,1.2181818181818183,0.037545466177750446,659,Don't you think you're taking this juicing thing too far?
4743,4481,7,22,136,165,1.2181818181818183,0.03946494255056486,659,Is it supposed to help you with digestion?
952,4481,7,22,136,165,1.2181818181818183,0.03946494255056486,659,My dentist told me I wasn't chewing my food thoroughly.
1362,4481,8,20,137,165,1.2181818181818183,0.040390487995650357,659,Every meal doesn't have to be a smoothie.
167,4481,3,30,132,165,1.2181818181818183,0.035522420673284934,659,Nothing is more attractive than a man who knows how to make a good strawberry daiquiri.
3772,4481,6,24,135,165,1.2181818181818183,0.038517163193983975,659,It's no fun eating out with you any more...I'm done with your crazy  liquid diet obsession!
545,4488,4,21,108,133,1.218045112781955,0.04180146234154655,659,This is not about your ADHD. Turn the power off.
3994,4488,7,15,111,133,1.218045112781955,0.04570695519885318,659,"I can't smooth things over anymore. We're done, Carol!"
4329,4488,6,17,110,133,1.218045112781955,0.044443273810524195,659,"Yes, I know your Match description said you were a real smoothie, but aren't you carrying it a bit too far?"
4816,4488,6,17,110,133,1.218045112781955,0.044443273810524195,659,You are mixing up your thoughts again.
6473,4488,4,21,108,133,1.218045112781955,0.04180146234154655,659,I have “ mixed” feelings about this restaurant
6480,4488,3,23,107,133,1.218045112781955,0.04041585193137699,659,"All these years,  and still your head spins when we are together!"
6587,4494,6,22,128,156,1.2179487179487178,0.03994917345152504,659,I'm afraid I've said something to make your head spin!
4330,4494,7,20,129,156,1.2179487179487178,0.04097132467224882,659,I like a man who’s got his head on straight.
4277,4494,5,24,127,156,1.2179487179487178,0.03890017318112145,659,"Yes, I guess I can understand how when your mind's in a whirl, it makes it hard to eat."
3109,4494,6,22,128,156,1.2179487179487178,0.03994917345152504,659,"You may as well wear a sign that says ""I could not be balder."""
2300,4494,4,26,126,156,1.2179487179487178,0.03782208994202261,659,You’ll have to pardon my brain freeze.
3551,4494,6,22,128,156,1.2179487179487178,0.03994917345152504,659,You seem a little mixed up tonite
3025,4500,7,25,147,179,1.217877094972067,0.037372927544765004,659,Oh dear.  See?  I told you not to take a chance with the 'Covfefe Puree'.
911,4501,6,20,121,147,1.217687074829932,0.041539885548607346,659,I’ve been getting so mixed up lately.
1812,4501,5,22,120,147,1.217687074829932,0.04040265005263695,659,"We were supposed to be celebrating tonight, but I can see your mind is still at the office."
2280,4501,6,20,121,147,1.217687074829932,0.041539885548607346,659,Are you feeling up to having brunch with me Oscar? You seem a tad agitated this afternoon.
2398,4501,5,22,120,147,1.217687074829932,0.04040265005263695,659,You could have ordered the stew.
3100,4501,6,20,121,147,1.217687074829932,0.041539885548607346,659,But do you get enough roughage?
4719,4501,6,20,121,147,1.217687074829932,0.041539885548607346,659,"I think it’s normal to have mixed feelings
 about your blended family, Sally"
4904,4501,4,24,119,147,1.217687074829932,0.03923246323085375,659,This morning's headlines make my head spin.
4568,4508,4,22,112,138,1.2173913043478262,0.040804263019248596,659,"I think I know your cousin, Toaster."
4060,4508,6,18,114,138,1.2173913043478262,0.043319290462079475,659,"Stephen, this isn't quite what I meant when I said that I wanted us to blend in."
3883,4508,6,23,132,161,1.2173913043478262,0.03910454630158591,659,I'm so sorry those implants didn't work out.
2497,4508,1,28,109,138,1.2173913043478262,0.03671005737060393,659,Could you please not puree during dinner?
2692,4508,6,23,132,161,1.2173913043478262,0.03910454630158591,659,You didn't halve the dose?
352,4508,3,24,111,138,1.2173913043478262,0.039486723816328735,659,"So, you say you like to shake things up?"
2851,4508,6,18,114,138,1.2173913043478262,0.043319290462079475,659,Sometimes my thoughts are spinning.
1633,4515,6,21,125,152,1.2171052631578947,0.04060127035236401,659,According to Dr.Waring a radical headectomy was the only option.
1916,4515,6,21,125,152,1.2171052631578947,0.04060127035236401,659,"I wanted you to shake things up, not stir."
2799,4515,7,19,126,152,1.2171052631578947,0.041660551244149774,659,My brother also has chewing issues.
5790,4515,7,19,126,152,1.2171052631578947,0.041660551244149774,659,"I know, you have mixed feelings about this."
5920,4515,4,25,123,152,1.2171052631578947,0.03839513514423931,659,"So, you refuse to eat because your food is touching each other?"
6370,4515,4,25,123,152,1.2171052631578947,0.03839513514423931,659,"I just want a straight answer, but all i ever get is a garbled mess of thoughts."
4467,4521,6,24,136,166,1.216867469879518,0.03830698385681843,659,"I like it chopped intermittently, but never pureed."
6578,4522,5,21,117,143,1.2167832167832169,0.041087190323664265,659,"Well, I always wanted a blended family."
6462,4522,5,21,117,143,1.2167832167832169,0.041087190323664265,659,Can you stop? You’re turning heads.
5307,4522,4,23,116,143,1.2167832167832169,0.03987059257715485,659,Is it really so bad that I had asked for a straw?
5121,4522,6,19,118,143,1.2167832167832169,0.04226878594107649,659,I think I should go before my head starts to spin!
1683,4522,7,17,119,143,1.2167832167832169,0.043418237195585,659,On the dating site you said you have a blended family.  What exactly did you mean?
3884,4522,7,17,119,143,1.2167832167832169,0.043418237195585,659,Not what I had in mind when you said you had a good head for the smoothie business.
1889,4522,3,25,115,143,1.2167832167832169,0.03861568458818178,659,...and that’s how I invented the green smoothie.
4,4522,6,19,118,143,1.2167832167832169,0.04226878594107649,659,You really need to do something about that reflux.
5038,4522,1,29,113,143,1.2167832167832169,0.03597478260858389,659,I just don’t feel that our personalities blend all that well.
4650,4531,6,22,129,157,1.21656050955414,0.039718171927335184,659,"Oh Honey - I think that's ""chop..."""
993,4531,4,26,127,157,1.21656050955414,0.03760604401679526,659,"I know your mother always told you to chew your food ten times, but really Harry..."
3443,4531,3,28,126,157,1.21656050955414,0.03650418098334813,659,Did you lose your Fedora?
4416,4534,5,19,110,134,1.2164179104477613,0.04285033090096287,659,So you told the genie to make sure you stick to your juice cleanse?
2394,4534,4,21,109,134,1.2164179104477613,0.04152023612273858,659,Can I get your surgeon’s name? I’ve got a cousin with tinnitus.
2032,4534,4,21,109,134,1.2164179104477613,0.04152023612273858,659,I just don't think our kids are going to vita-mix well.
866,4537,8,21,142,171,1.2163742690058479,0.03934191718914791,659,That's not what I had in mind when I told you we needed to blend in with this crowd.
3871,4537,8,21,142,171,1.2163742690058479,0.03934191718914791,659,And then I said 'rrrzztckrrzztckck'!
4468,4537,6,25,140,171,1.2163742690058479,0.037552463952568615,659,"If you wanted puree, you should have ordered puree."
6,4540,2,28,118,148,1.2162162162162162,0.0365608049197987,659,That’s not what I meant when I told you to blend in.
1376,4540,5,30,150,185,1.2162162162162162,0.034853795417071426,659,"Next time try their meal-in-a-glass."""
1384,4540,6,20,122,148,1.2162162162162162,0.04128446572032289,659,So you were saying that the juice cleanse made you feel like a totally new person?
1774,4540,7,18,123,148,1.2162162162162162,0.04238320154459489,659,I'm getting worried about your commitment to mastication.
4381,4540,2,28,118,148,1.2162162162162162,0.0365608049197987,659,"When your therapist suggested that you try to blend in more, this not what she meant"
5610,4540,4,24,120,148,1.2162162162162162,0.03899422756124355,659,"I know we don't belong, but I think you're trying too hard to blend in."
5690,4540,5,22,121,148,1.2162162162162162,0.04015567763660926,659,Have you finished the draft for the State of the Union?
1186,4547,3,29,130,162,1.2160493827160495,0.03580564201187589,659,So you wanna ‘mix it up a little?’
842,4547,5,25,132,162,1.2160493827160495,0.037886758532311306,659,Looks like you had a really hard day at work dear.
394,4547,8,19,135,162,1.2160493827160495,0.04080992747347441,659,"My three kids, your two...a blended family works perfectly, you old smoothie."
222,4550,4,22,113,139,1.2158273381294964,0.04053982252951266,659,"Yes. His constant tweets make my head spin, too!"
1617,4550,2,26,111,139,1.2158273381294964,0.03788071252779913,659,How about whipping up something to talk about?
1983,4550,6,18,115,139,1.2158273381294964,0.04303493975637711,659,"'Yes, nice to meet you too, err, Blenda.'"
4700,4550,4,22,113,139,1.2158273381294964,0.04053982252951266,659,Enough! You’ll do fine. The singles mixer is a week away.
5127,4550,3,24,112,139,1.2158273381294964,0.0392328025530814,659,You are an interesting man but I don't think we will blend together well.
6717,4550,4,22,113,139,1.2158273381294964,0.04053982252951266,659,"Most of my dates leave my head spinning, not the other way around."
239,4556,6,21,126,153,1.2156862745098038,0.04035998197528621,659,My dates are really starting to blend together
3379,4556,5,23,125,153,1.2156862745098038,0.03928013280323685,659,Do we always have to talk about your juicing?
4920,4556,3,27,123,153,1.2156862745098038,0.03702607471808098,659,Your head seems to be spinning too.
5365,4556,6,21,126,153,1.2156862745098038,0.04035998197528621,659,sometimes I feel like your ideas are all mixed up
5845,4560,7,22,138,167,1.215568862275449,0.039034373423517635,659,"Hey, mixer head, why don't you try whipping up a little romance."
5776,4560,4,28,135,167,1.215568862275449,0.036155880681964556,659,"Next time you say we’d be better off just enjoying a smoothie at home, I’ll believe you."
3431,4560,6,24,137,167,1.215568862275449,0.03809904777909678,659,"You don't have to puree, I can hear from here."
2918,4560,5,26,136,167,1.215568862275449,0.03714017467354157,659,I can't follow you when you're on blend.
659,4560,4,28,135,167,1.215568862275449,0.036155880681964556,659,"When the menu said 
""do-it-yourself daiquries,"" I had no idea."
2344,4565,5,18,107,130,1.2153846153846153,0.043661591494225584,659,You never open up.  What is it you're afraid of?
2757,4565,3,22,105,130,1.2153846153846153,0.040838871226503135,659,Can I expect to see you every day or only when you’re on a health kick?
5082,4565,7,14,109,130,1.2153846153846153,0.046312587279943224,659,You take that back.
6108,4565,4,20,106,130,1.2153846153846153,0.04227379788275202,659,I’ve never really thought about a blended family.
1775,4569,6,19,119,144,1.2152777777777777,0.042001214560042084,659,Don’t make noise while you’re eating!
1824,4569,4,23,117,144,1.2152777777777777,0.03962135573486219,659,"I don't care that you can crush ice, I want Mr. Softee back!"
5402,4569,6,19,119,144,1.2152777777777777,0.042001214560042084,659,I can see you are a real smoothie but that is just not my type.
5647,4572,5,24,129,158,1.2151898734177216,0.03845539487689824,659,My heart is purée.
5553,4572,5,24,129,158,1.2151898734177216,0.03845539487689824,659,Well This isn’t exactly what I expected when Gladys talked me into going on a mixer date
5441,4572,8,18,132,158,1.2151898734177216,0.04148125311979514,659,But what do you do when you don't want a smoothie?
3954,4572,6,22,130,158,1.2151898734177216,0.03948978412477864,659,"I hate to tell you this honey, but I have reason to believe our recent experiments across the 8th dimension have resulted in a disturbance in the space-time continuum."
3934,4572,5,24,129,158,1.2151898734177216,0.03845539487689824,659,I don't really care for pina coladas.
3919,4572,7,20,131,158,1.2151898734177216,0.04049776173203979,659,My friends have been telling me to make sure they have a pulse.
3749,4572,8,18,132,158,1.2151898734177216,0.04148125311979514,659,I may start ghosting you sooner than I normally would
1309,4572,3,28,127,158,1.2151898734177216,0.03629829314129352,659,"Can't you agree with me, at least once?"
1033,4572,8,18,132,158,1.2151898734177216,0.04148125311979514,659,I didn’t know you were vegan.
3480,4581,4,18,99,121,1.2148760330578512,0.04423611137544672,659,"I'm sorry if I mixed you up with someone else I was meeting. 
But everyone just seems to blend together these days!"
5427,4581,5,16,100,121,1.2148760330578512,0.04576652266070564,659,Maybe it's an inner ear infection.
2515,4583,5,19,111,135,1.2148148148148148,0.04256193767901411,659,I asked where our relationship is going.  I can see your thoughts percolating in your head.
2984,4583,6,17,112,135,1.2148148148148148,0.04384149699207161,659,What kind of Philip K Dick bullshit is this?  Why couldn't this Carolita Johnson person put me in one of those old Connecticut suburb New Yorker gags from the 50's?
3509,4583,5,19,111,135,1.2148148148148148,0.04256193767901411,659,It drives me crazy when you mix your words
5133,4583,3,23,109,135,1.2148148148148148,0.03987984327909519,659,Now you really have me mixed up.
5766,4583,6,17,112,135,1.2148148148148148,0.04384149699207161,659,Is getting the sauce perfectly blended really an excuse for not talking about our relationship?
5570,4588,4,24,121,149,1.2147651006711409,0.03875881132362739,659,Can we talk about your juice cleanse?
5428,4588,5,22,122,149,1.2147651006711409,0.039911654648582935,659,"I ordered the burger, just to mix it up."
1516,4588,6,20,123,149,1.2147651006711409,0.04103212032487422,659,I did note on that dating site that a multicultural blend was fine with me...
951,4588,4,24,121,149,1.2147651006711409,0.03875881132362739,659,I would guess you're not a fan of solid foods..
2961,4592,7,21,135,163,1.2147239263803682,0.039636242018013995,659,Would you prefer a smoothie?
4499,4592,6,23,134,163,1.2147239263803682,0.03866899687439083,659,It...goes with the suit?
5613,4592,3,29,131,163,1.2147239263803682,0.03560997378761821,659,when you said spin doctor
3672,4595,7,24,146,177,1.2146892655367232,0.037514681216898105,659,You can’t get this agitated because they forgot the onions !!
6302,4596,6,21,127,154,1.2142857142857142,0.04012150050798342,659,That teaches me never to use a dating site again...
5015,4596,3,27,124,154,1.2142857142857142,0.03681151300260926,659,I just think dating in this town is enough to make your head spin.
4822,4596,7,16,117,140,1.2142857142857142,0.043939735293797945,659,George spent his whole life perfecting the art of the social mixer.
4517,4596,7,19,128,154,1.2142857142857142,0.04116572896033456,659,"Honey, you seem so shaken up lately."
3856,4596,4,22,114,140,1.2142857142857142,0.04027872352660409,659,You want to leave. I can see the wheels spinning.
3198,4596,4,25,125,154,1.2142857142857142,0.03794693567819258,659,"I have to raise my standards, guys with a pulse...way to general"
2913,4596,4,22,114,140,1.2142857142857142,0.04027872352660409,659,"Well, I thought I would blend-in nicely."
3005,4596,5,23,126,154,1.2142857142857142,0.03904935806371853,659,No shocker here that you're from a blended family.
2449,4596,4,25,125,154,1.2142857142857142,0.03794693567819258,659,"Go ahead .  Say it again. 
It’s the perfect blend of flavors isn’t it?"
2340,4596,5,20,115,140,1.2142857142857142,0.04153493098406951,659,Mother warned me that we will never blend as a couple!
2179,4596,9,15,130,154,1.2142857142857142,0.04317849136413819,659,"You're not listening,your pulsing."
928,4596,7,19,128,154,1.2142857142857142,0.04116572896033456,659,"I think it's time you switched to tea, Harold."
143,4596,7,19,128,154,1.2142857142857142,0.04116572896033456,659,What do you say we mix things up a bit?
57,4596,4,19,103,126,1.2142857142857142,0.04306826306512387,659,For the last tine. I'm fine with water.
2770,4596,7,16,117,140,1.2142857142857142,0.043939735293797945,659,"Believe me, I never wanted you to spin out of control."
997,4611,8,18,133,159,1.2138364779874213,0.04124175172516981,659,I only eat puréed food
1229,4611,6,22,131,159,1.2138364779874213,0.03926396685971161,659,I thought a dinner date with a robot would somehow look more realistic.
4075,4613,7,17,121,145,1.2137931034482758,0.042869094710279346,659,I don't think the stimulants are a good fit for you.
5161,4613,3,25,117,145,1.2137931034482758,0.038139448328820824,659,"Well, if you must whirl while we eat could you please change your setting from grate to frappe?"
5013,4613,4,23,118,145,1.2137931034482758,0.039375156627495723,659,Why are they having such a hard time with your permanent implants?
4158,4613,4,23,118,145,1.2137931034482758,0.039375156627495723,659,I said you needed to bend a bit.
3809,4613,6,19,120,145,1.2137931034482758,0.04173696012727657,659,Vibrates at 3 different speeds
1922,4613,3,25,117,145,1.2137931034482758,0.038139448328820824,659,"That's quite a price to pay to be a ""smoothie"" operator."
3652,4613,4,23,118,145,1.2137931034482758,0.039375156627495723,659,Don’t be alarmed...this doesn’t happen very often.
673,4613,5,21,119,145,1.2137931034482758,0.04057324734419032,659,"I used to be Mr. Coffee, but I'm trying to Blend in."
601,4613,5,21,119,145,1.2137931034482758,0.04057324734419032,659,I’m trying to blend in
127,4613,2,27,116,145,1.2137931034482758,0.036862339565113963,659,Do you have to be so smooth with EVERY waitress?
3755,4613,7,17,121,145,1.2137931034482758,0.042869094710279346,659,"Well, your online profile SAID you came from a blended family..."
1331,4624,7,14,110,131,1.213740458015267,0.045987097156144255,659,Which is it  . . . Are you a smoothie or just mixed up?
2204,4624,4,20,107,131,1.213740458015267,0.04198206365294289,659,Yes I do recall saying Vitamix was something we had in common..?
2741,4624,5,18,108,131,1.213740458015267,0.04335819969343802,659,"No, no! I’m not disappointed. I just thought you meant you had great social skills."
5261,4624,7,14,110,131,1.213740458015267,0.045987097156144255,659,are you sure you want another smoothie?
4117,4628,4,30,144,178,1.2134831460674158,0.034677848531040244,659,You do like to mix up the conversation
3795,4629,4,27,133,164,1.2134146341463414,0.03645732995242712,659,"You only have two settings, off and puree."
1502,4629,3,29,132,164,1.2134146341463414,0.035416383329935075,659,"Sorry, I'm not really open to a blended family."
818,4629,4,27,133,164,1.2134146341463414,0.03645732995242712,659,I'm looking forward to our smoothies too.
1377,4632,7,18,125,150,1.2133333333333334,0.041865521009132864,659,I don't think we should see each other anymore.
1549,4632,9,14,127,150,1.2133333333333334,0.04395102691168997,659,"Joel was very insistent, a big fan, so I auditioned.
But in the end he and Ethan went with the wood chipper.
You?"
2096,4632,3,26,121,150,1.2133333333333334,0.03734675373997375,659,"Well, at least this conversation will go smoothly!"
3992,4632,5,22,123,150,1.2133333333333334,0.03967052976883715,659,So I see that you are now part of a blended family
4530,4632,7,18,125,150,1.2133333333333334,0.041865521009132864,659,This date is way better than a mixer!
5273,4632,1,30,119,150,1.2133333333333334,0.03486845419126424,659,Well it all ends up in the stomach together anyway.
5685,4632,6,20,124,150,1.2133333333333334,0.04078279527880807,659,Really?  I had no idea you were mixed race.
6349,4632,6,20,124,150,1.2133333333333334,0.04078279527880807,659,I just feel like all I'm getting is mixed signals from you...
6528,4632,8,16,126,150,1.2133333333333334,0.04292094253367604,659,and do you have a chip on your shoulder?
6787,4641,3,23,110,136,1.213235294117647,0.03961702313858518,659,"Oh so I’m the one to blame, Jimmy?"
6489,4641,4,21,111,136,1.213235294117647,0.040968780604709626,659,"Someday, we'll be a blended family."
4357,4641,5,19,112,136,1.213235294117647,0.04227733962905507,659,We should have just gone to 'Orange Julius'.
859,4641,4,21,111,136,1.213235294117647,0.040968780604709626,659,Put in on pulse and we'll see if you're still alive.
3499,4645,8,20,141,169,1.21301775147929,0.039514595348022326,659,"Is this your first Speed Dating event too?
Christa Dodd, Danville CA"
4225,4645,8,20,141,169,1.21301775147929,0.039514595348022326,659,Stirred not shaken?
2098,4647,3,27,125,155,1.2129032258064516,0.03659936835618227,659,"So, you're Italian?"""
3105,4647,4,25,126,155,1.2129032258064516,0.0377266609260996,659,I have to admit -- I'm a little mixed-up about our relationship.
4144,4647,8,17,130,155,1.2129032258064516,0.04193387254807725,659,"Sure, I'll take a smoothie."
4697,4647,4,25,126,155,1.2129032258064516,0.0377266609260996,659,Its great for Digestion!
5821,4647,6,21,128,155,1.2129032258064516,0.0398857782393128,659,Some say I’m a smoothie talker.
6539,4647,3,27,125,155,1.2129032258064516,0.03659936835618227,659,I thought we were supposed to talk about our blended families
6781,4647,4,25,126,155,1.2129032258064516,0.0377266609260996,659,You may use my straw if you wish to.
6212,4654,6,18,117,141,1.2127659574468086,0.04247713567970377,659,Sorry if I seem a little all over the place.
3931,4654,4,22,115,141,1.2127659574468086,0.040020904666992804,659,Excuse me — I'm feeling a tad dizzy.
2865,4654,3,24,114,141,1.2127659574468086,0.03873442509926807,659,Slow down!
1233,4654,8,14,119,141,1.2127659574468086,0.044798898432209244,659,"We have the science,"" they said. Well - they can keep it"
3017,4654,4,22,115,141,1.2127659574468086,0.040020904666992804,659,"Sure, we all sometimes have mixed emotions . . . metaphorically."
2563,4659,8,21,145,174,1.2126436781609196,0.03872090496658534,659,Did I say something to mix you up?
3108,4660,6,22,132,160,1.2125,0.0390406778668338,659,Sometimes I think you have a blender for a head!
3309,4660,7,20,133,160,1.2125,0.04003487080662488,659,"You're a really mixed up being, and now you've stirred up more trouble..."
6325,4660,1,32,127,160,1.2125,0.03363172263348397,659,"I am ready to get in juicing, I just thought we could indulge one more night."
4076,4663,4,23,119,146,1.2123287671232876,0.039131941475064144,659,You were telling me about coming from a blended family?
5085,4663,5,21,120,146,1.2123287671232876,0.040320989011895604,659,I need some consistency in my life.
4686,4663,6,19,121,146,1.2123287671232876,0.04147596251067558,659,Can we stop talking about taxes?! You're making my head spin.
2422,4663,4,23,119,146,1.2123287671232876,0.039131941475064144,659,"As I’ve said many times before, Edward, you need to eat slowly and  savor your food. Your stomach will take care of the blending."
3290,4663,2,27,117,146,1.2123287671232876,0.03663826170861172,659,You're really mixing me up here
1760,4663,7,17,122,146,1.2123287671232876,0.04259963353688066,659,"Well, if you’re going to freak out about it you might as well make me a smoothie."
811,4663,4,23,119,146,1.2123287671232876,0.039131941475064144,659,"I'm sorry, but this is taking blended families too far."
621,4663,5,21,120,146,1.2123287671232876,0.040320989011895604,659,"So, is this your first Blendr date...?"""
376,4663,6,19,121,146,1.2123287671232876,0.04147596251067558,659,What a coincidence! I was an extra in the movie “Blended”!
2228,4663,5,21,120,146,1.2123287671232876,0.040320989011895604,659,I don’t have any issues with a blended family.
4113,4673,3,22,107,132,1.2121212121212122,0.040283380633923935,659,Mona tried to warn me you had puree for brains.
6449,4673,4,20,108,132,1.2121212121212122,0.04169425831336409,659,Are you trying to win me back Sir Mix-a-Lot?
5732,4675,3,26,122,151,1.2119205298013245,0.03712549152875948,659,I told them we were a blended couple....
5355,4675,7,18,126,151,1.2119205298013245,0.041611332642132466,659,I'm certainly looking forward to your getting the dental implants.
4986,4675,5,22,124,151,1.2119205298013245,0.0394322528237114,659,"Wow, you really poured your heart out."
4192,4675,3,26,122,151,1.2119205298013245,0.03712549152875948,659,"I know my frequent mood changes are hard for you to process, but isn’t this going to extremes?"
3349,4675,4,24,123,151,1.2119205298013245,0.038296244489538965,659,Care to stir up a conversation?
3492,4675,6,20,125,151,1.2119205298013245,0.040536437725873835,659,Donald! This isn't what I meant when I said I wanted to blend in at this dinner party...
2547,4675,7,18,126,151,1.2119205298013245,0.041611332642132466,659,"No, I don’t think Botox would work."
1917,4675,7,18,126,151,1.2119205298013245,0.041611332642132466,659,Gotta find a new dating site.  I don’t think I can take another smoothie.
1587,4675,7,18,126,151,1.2119205298013245,0.041611332642132466,659,"I'm sorry, I couldn't quite hear you."
266,4675,6,20,125,151,1.2119205298013245,0.040536437725873835,659,I told you I took my bartending seriously.
3055,4675,4,24,123,151,1.2119205298013245,0.038296244489538965,659,"Wow, that was some blender you went on last night."
34,4686,8,20,142,170,1.2117647058823529,0.03930144932236826,659,"Gosh, it feels like I’ve been droning on for hours. Sometimes I just get the impulse, you know?"
6056,4686,6,24,140,170,1.2117647058823529,0.037488353261914895,659,Do you want me to pour some water in with your burger?
3039,4688,7,15,115,137,1.2116788321167884,0.04447906688514526,659,I know a smoothie when I hear one.
6242,4689,5,23,128,156,1.2115384615384615,0.03859571302710641,659,As usual you are taking shaken not stirred to a ridiculously predictable level.
1444,4689,3,27,126,156,1.2115384615384615,0.0363896014294354,659,I thought you said shaken not stirred.
2327,4689,7,19,130,156,1.2115384615384615,0.04068236762958046,659,Sorry it's just your profile picture was a little bit different...I guess I didn't expect you to have bangs.
5118,4689,4,25,127,156,1.2115384615384615,0.03750887999036974,659,So your profile mentioned that your last marriage was a blended family?
5668,4689,7,19,130,156,1.2115384615384615,0.04068236762958046,659,You’re giving me Great Vibrations!
5982,4689,9,15,132,156,1.2115384615384615,0.042667095141641895,659,You didn't mention that in your profile.
6869,4689,6,21,129,156,1.2115384615384615,0.03965276850371918,659,Couldn't you have whipped up something a little different for dinner tonight?
6810,4696,5,27,143,175,1.2114285714285715,0.035869285980535785,659,For once you're actually quiet.
130,4697,3,24,115,142,1.2112676056338028,0.038489855490454264,659,"I know you think our life is boring, but there are better ways to shake things up."
1598,4697,6,18,118,142,1.2112676056338028,0.0422035465130265,659,So why did your parents name you Margarita?
2111,4697,6,18,118,142,1.2112676056338028,0.0422035465130265,659,"I like my drinks shaken, not stirred."
2467,4697,7,16,119,142,1.2112676056338028,0.04337083650500918,659,I forgot today’s Wednesday.
941,4701,3,28,130,161,1.2111801242236024,0.035694026119738154,659,"I know you’re trying to blend in, but it’s not working for me."
2749,4701,3,28,130,161,1.2111801242236024,0.035694026119738154,659,Blend it all you want.  It will still be kale.  Ick.
3976,4703,5,17,106,128,1.2109375,0.04388315472313635,659,"Well, I DID say I wanted someone with a blended personality on my dating profile."
4002,4703,4,19,105,128,1.2109375,0.04245821207248054,659,"You know, you could've just said, 'The two of us don't blend.'"
6654,4705,5,21,121,147,1.2108843537414966,0.0400717980606593,659,"You can’t just solve all your problems by chopping them into tiny, tiny pieces."
4593,4705,6,19,122,147,1.2108843537414966,0.041218162985870825,659,"Are you ok, honey, you keep getting things mixed up tonight?"
3266,4705,7,17,123,147,1.2108843537414966,0.04233349643066781,659,"I'm looking for something more solid, Jamba"
1276,4705,6,19,122,147,1.2108843537414966,0.041218162985870825,659,"I'm sorry for blendering on, lets talk about you."
829,4705,7,17,123,147,1.2108843537414966,0.04233349643066781,659,We blend together so well!
666,4705,4,23,120,147,1.2108843537414966,0.038891657713431366,659,"You're speaking in circles again, Carl. You need to eat something."
258,4711,4,27,135,166,1.2108433734939759,0.03606233798299768,659,I'm honestly SO over these mixed signals you keep giving out.
2598,4711,6,23,137,166,1.2108433734939759,0.038033287013555975,659,When we discussed blending our families--I didnt think you meant it literally...
5721,4713,4,20,109,133,1.2105263157894737,0.0414103048668128,659,I don’t follow you. You seem all mixed-up.
4865,4713,4,24,124,152,1.2105263157894737,0.03806900019013514,659,Smoothie..?    I thought you said want to see a movie.....
3887,4713,3,26,123,152,1.2105263157894737,0.03690677986137281,659,"I'm sorry, I don't want a blended family."
3814,4713,7,14,112,133,1.2105263157894737,0.045349496676596275,659,Your profile mentioned you’re a Ninja; what’s that like?
3500,4713,5,22,125,152,1.2105263157894737,0.039196774755293144,659,"I was raised in a ""blended"" family!"
5661,4713,7,18,127,152,1.2105263157894737,0.041360172904601575,659,I didn't realize being vegan requires so many apparatuses.
3363,4713,4,20,109,133,1.2105263157894737,0.0414103048668128,659,"Yes, Don, I agree chewing your food thoroughly is a good idea, but is using the ‘liquify’ setting really necessary."
2659,4713,9,14,129,152,1.2105263157894737,0.04341590324040133,659,I ordered soup and a straw.
2303,4713,7,26,157,190,1.2105263157894737,0.03562660535143921,659,"Sorry dear, please speak up. I can't hear you over the loud chatter of table behind me."
1069,4713,5,18,110,133,1.2105263157894737,0.042763705589145634,659,"I know, I know.  It was the wrong thing to say."
3439,4713,4,24,124,152,1.2105263157894737,0.03806900019013514,659,So you're interested in creating a blended family?
3299,4724,5,27,144,176,1.2102272727272727,0.03568512682153709,659,"We just don't blend well anymore, sorry Leonard."
2137,4725,5,23,129,157,1.2101910828025477,0.03837275501065125,659,"I find your Blendr profile pic mildly amusing, but the cosplay was unnecessary."
5612,4725,6,21,130,157,1.2101910828025477,0.03942242565387837,659,"Frankly, you need to explore beyond the produce section."
6004,4725,6,21,130,157,1.2101910828025477,0.03942242565387837,659,Now you know what I hear when you speak!
6848,4725,4,25,128,157,1.2101910828025477,0.03729355185255694,659,"We can go to the market for banana, yogurt, and orange juice...."
6889,4729,5,19,114,138,1.210144927536232,0.04171923929810908,659,"You know,that's grounds for divorce."
6695,4729,4,21,113,138,1.210144927536232,0.04043152736189783,659,I just don't understand why you can't blend in better.
4562,4729,3,23,112,138,1.210144927536232,0.03910143069017933,659,This is hardly the time to discuss our blended family.
5632,4729,6,17,115,138,1.210144927536232,0.04296837733042621,659,Could you PLEASE chew more quietly?
2131,4729,6,17,115,138,1.210144927536232,0.04296837733042621,659,So whats shaking baby
119,4729,5,19,114,138,1.210144927536232,0.04171923929810908,659,The ad said this would help me blend better.
3176,4729,4,21,113,138,1.210144927536232,0.04043152736189783,659,So Grindr is not a repair service you say?
1043,4736,6,22,134,162,1.2098765432098766,0.03860152009157502,659,We need to talk about your mastication.
1479,4736,8,18,136,162,1.2098765432098766,0.040539361435317674,659,"It's not you, it's me.  I'm looking for a blended family. 

You sure know how to push my buttons!  It's over!

I have mixed feelings."
2012,4736,8,18,136,162,1.2098765432098766,0.040539361435317674,659,It's permanent
5500,4736,6,22,134,162,1.2098765432098766,0.03860152009157502,659,So I just remove your cover and drop in the burgers and fries ?
1892,4740,5,20,118,143,1.2097902097902098,0.040742090530802876,659,At least it wasn't a fly with you in the transmitter pod.
1954,4740,6,18,119,143,1.2097902097902098,0.04193341146460269,659,"Please don’t masticate your food, dear.  People are staring at you."
1976,4740,5,20,118,143,1.2097902097902098,0.040742090530802876,659,I prefer a gentle blend over a mince.
2256,4740,5,20,118,143,1.2097902097902098,0.040742090530802876,659,"No, Steve, I suppose I don't have my finger on the pulse of online dating."
6753,4740,6,18,119,143,1.2097902097902098,0.04193341146460269,659,I'll be getting my partial next week.
5928,4745,6,23,138,167,1.2095808383233533,0.03782593280419043,659,What's the latest buzz?
3164,4746,4,23,121,148,1.2094594594594594,0.038654253962063526,659,"Sorry, I don't speak Moulinex."
4449,4746,3,25,120,148,1.2094594594594594,0.0374462639792873,659,"Since I met you, my heads in a whirl."
2388,4746,4,23,121,148,1.2094594594594594,0.038654253962063526,659,Din’t try so hard to blend in!
3659,4746,3,25,120,148,1.2094594594594594,0.0374462639792873,659,Darling I wish you wouldn’t purée with your mouth full
2112,4746,7,17,124,148,1.2094594594594594,0.042070623235642805,659,I'm guessing you need more fruits and veggies in your diet.
1200,4746,4,23,121,148,1.2094594594594594,0.038654253962063526,659,I don’t think we should have a blended family
2285,4746,1,29,118,148,1.2094594594594594,0.034905090736051664,659,I'd really rather you stared at your phone instead.
294,4746,6,19,123,148,1.2094594594594594,0.04096350419676244,659,It took me a really long time to live down that Bass-o-matic sketch.
1082,4754,5,26,141,172,1.2093023255813953,0.0361635657957072,659,"Oh, me too!  I just can't keep anything straight any more."
2158,4754,4,19,106,129,1.2093023255813953,0.04215951534458739,659,Boy - Are you mixed up!
2843,4754,4,19,106,129,1.2093023255813953,0.04215951534458739,659,I'm so sorry. Could you just repeat that one more time?
6094,4757,3,26,124,153,1.2091503267973855,0.036690576184352175,659,Please tell me what you're churning about.
5295,4757,5,22,126,153,1.2091503267973855,0.03896404759198868,659,I usually do try to chew each bite thirty times.
3543,4757,5,22,126,153,1.2091503267973855,0.03896404759198868,659,You could have just ordered a smoothie from the menu.
5791,4757,5,22,126,153,1.2091503267973855,0.03896404759198868,659,"Control yourself,Mr. Waring.  You'll blend in before you know it."
2861,4757,4,24,125,153,1.2091503267973855,0.03784438786326521,659,"Darling, a blended family simply won’t work for me."
2543,4757,9,14,130,153,1.2091503267973855,0.04315314881642793,659,"VRRRRRRRRRRRRRRT. VRRRRRRT, VRRRRRRT, VRRRRRRRRRRRRRT."
25,4757,4,24,125,153,1.2091503267973855,0.03784438786326521,659,"Sorry, I purée on a first date."
2926,4757,7,18,128,153,1.2091503267973855,0.04111198886896336,659,your profile picture was more of a puree!
3832,4765,6,25,146,177,1.2090395480225988,0.03639575911504273,659,Do you mind swallowing your food before you digest it?
2859,4766,6,16,112,134,1.208955223880597,0.043773612497995155,659,"Mother idled at Frappé, dad at Liquefy, it's a miracle I can mix at all."
3909,4766,4,20,110,134,1.208955223880597,0.04113012824994036,659,Still having difficulty chewing?
4440,4766,4,20,110,134,1.208955223880597,0.04113012824994036,659,I didn't expect to meet your blended family so soon.
5373,4766,5,18,111,134,1.208955223880597,0.04247244165915812,659,"For once, would you just order a blended margarita like everyone else does!"
478,4770,5,23,130,158,1.2088607594936709,0.03815231641237479,659,I see that you've solved your problem with solids.
1226,4770,7,19,132,158,1.2088607594936709,0.04021008030080092,659,I told you that you didn't need to worry about blending in. Now you've got your head in a spin!
2798,4770,6,21,131,158,1.2088607594936709,0.039194705034142185,659,"when you claimed you like ""mixing"" on Tumblr I thought you meant socially..."
4548,4770,2,29,127,158,1.2088607594936709,0.03483851722418192,659,This conversation feels like it is going in circles.
5094,4770,4,25,129,158,1.2088607594936709,0.037080636355738494,659,"Every time you order,you get it mixed up."
6573,4775,8,13,118,139,1.20863309352518,0.045061410551292785,659,"Did you know that single use straws contribute 2,000 tons annually to plastic waste and death of wildlife? I can't date a woman not doing her part; it is already making my head spin uncomfortably."
5228,4775,2,25,112,139,1.20863309352518,0.03748258573711648,659,I’m feeling a little mixed up right now...
3375,4775,6,17,116,139,1.20863309352518,0.04268491410043526,659,That’s not exactly what I meant about our blended family.
3718,4775,4,21,114,139,1.20863309352518,0.04016806023012453,659,"Honestly, it’s not as bad as it looks"
930,4779,9,16,138,163,1.2085889570552146,0.04123921871098615,659,"Tara's method of getting out of another date with a hopeful suitor who doesn't quite measure up: delve tangentially into the intricacies of her day, her horoscope, the bloodline of her prized feline, her favorite brand of ketchup, ..."
3496,4779,4,26,133,163,1.2085889570552146,0.036358923934818224,659,Must you tell everyone you're a pot-head
6721,4779,4,26,133,163,1.2085889570552146,0.036358923934818224,659,Did you mis-hear me again? I said the dinner attire was austere not Osterizer
1707,4782,2,31,135,168,1.2083333333333333,0.03361815158450208,659,This is a mixer -- not the prom?
3514,4782,6,18,120,144,1.2083333333333333,0.041666666666666664,659,I'm sorry I asked for the straw.
5113,4782,3,24,117,144,1.2083333333333333,0.03800968060554863,659,You’re moving much too fast for me Monsieur Frappè.
5232,4782,5,20,119,144,1.2083333333333333,0.04048439222695598,659,"Try to blend in, this is a classy joint."
6286,4786,3,30,140,173,1.2080924855491328,0.03405468276477028,659,"Sorry, should I talk slower?"
3786,4787,7,17,125,149,1.2080536912751678,0.04181095520845027,659,"Stay focused, John."
6834,4787,7,17,125,149,1.2080536912751678,0.04181095520845027,659,"Actually, I don't follow politics."
5483,4787,3,25,121,149,1.2080536912751678,0.03722065406698565,659,But your profile said you were a Bullett!?
5430,4787,4,23,122,149,1.2080536912751678,0.03841967999269932,659,"Okay, maybe you were allergic to vegetables"
1127,4787,2,27,120,149,1.2080536912751678,0.0359816948962526,659,You twist everything I say so much I can't even recognize it.
4526,4787,6,19,124,149,1.2080536912751678,0.04071193011729891,659,It didn't occur to me you would take it literally when I asked you to blend
2702,4787,5,21,123,149,1.2080536912751678,0.03958240180065663,659,Well I guess with my three kids and your two we could somehow blend the families.
5088,4787,4,23,122,149,1.2080536912751678,0.03841967999269932,659,"I said we needed to mix things up, not obliterate them."
2701,4795,7,12,106,125,1.208,0.0472413159795943,659,You’re still my old Smoothie”.
1100,4796,10,17,151,178,1.2078651685393258,0.03956092282469503,659,I ‘m a real smoothie.
2992,4796,4,29,145,178,1.2078651685393258,0.034412015086719386,659,"I can assure you, juicing your steak is not attractive."
4999,4798,2,28,124,154,1.2077922077922079,0.035294154392683776,659,Why don't we ever just stay on 'pulse' anymore
6241,4798,6,20,128,154,1.2077922077922079,0.03981465917961695,659,we're never going to blend if you don't quit that shaking.
3855,4798,5,22,127,154,1.2077922077922079,0.03873402441995206,659,"John, I hope this conversation clarified my feelings about you."
6603,4798,4,24,126,154,1.2077922077922079,0.03762236316264341,659,Yes I’m familiar with the term blended family.
1197,4798,4,24,126,154,1.2077922077922079,0.03762236316264341,659,having a blended family has its challenges...
233,4798,4,24,126,154,1.2077922077922079,0.03762236316264341,659,"Well, at least I don't need to pay for the milkshake"
1990,4798,8,16,130,154,1.2077922077922079,0.04189238548037442,659,"No, No, dear--when I said ""puree,"" I was speaking to the waiter."
385,4805,6,15,109,130,1.2076923076923076,0.044622786382501084,659,"Yeah, there's a reason they don't let you into the ""Beyond"" section of Bed Bath & Beyond"
2236,4805,5,17,108,130,1.2076923076923076,0.04326583502212179,659,"I'm all for a blending our family, Roger, but this is ridiculous."
3306,4805,6,15,109,130,1.2076923076923076,0.044622786382501084,659,"When we first started dating, you never used the 45-second Smoothie setting when dining out, but now I think you do it because we have nothing left to say to each other."
6676,4805,4,19,107,130,1.2076923076923076,0.041864924409159,659,Isn't there a setting below frappé?
725,4809,5,23,131,159,1.2075471698113207,0.037934355681691095,659,I'm not really looking for a mixed relationship.
1545,4809,4,25,130,159,1.2075471698113207,0.03687009418329497,659,Sometimes I feel like you're just waiting for me to be quiet.
4608,4809,5,23,131,159,1.2075471698113207,0.037934355681691095,659,"Yeah Vinny, you blend."
6574,4809,5,23,131,159,1.2075471698113207,0.037934355681691095,659,"The truth is, I’m all mixed up about it."
5655,4813,3,22,110,135,1.2074074074074075,0.03947737111160652,659,"Oh""  By the way...your Dentist called..
Your new teeth came in last week"
3585,4813,6,16,113,135,1.2074074074074075,0.0434757149271192,659,Does that void the manufacturer's warranty
3257,4813,3,22,110,135,1.2074074074074075,0.03947737111160652,659,"Yes,I guess I will have a shake with my burger after all."
1884,4813,5,18,112,135,1.2074074074074075,0.042185062153688856,659,"So, honey how's the internship going?"
974,4817,3,28,133,164,1.2073170731707317,0.03510912612698705,659,I see that the perks of your job have really gone to your head!
2934,4817,5,24,135,164,1.2073170731707317,0.03717908196251163,659,This is the last time I’m going on a blind date
3606,4817,6,22,136,164,1.2073170731707317,0.03817199018472044,659,WHAT?
3611,4817,5,24,135,164,1.2073170731707317,0.03717908196251163,659,"I know how you feel, dear. Just push the broccoli aside."
720,4821,6,17,117,140,1.207142857142857,0.042405118768646284,659,"As you're about to find out, I have a very sharp mind."
1190,4821,3,23,114,140,1.207142857142857,0.03859882548765667,659,I knew getting hooked up online was a bad idea
2006,4821,6,17,117,140,1.207142857142857,0.042405118768646284,659,I told you ties were required...
6479,4821,8,13,119,140,1.207142857142857,0.04476319854099585,659,I'm good.
1960,4825,3,29,137,169,1.2071005917159763,0.03447850393177631,659,"I wanted to mix things up with a blind date, but not literally."
6715,4826,6,24,144,174,1.206896551724138,0.036703458268192685,659,"Dear, that is not what I mean when I said we should try to blend in with the crowd."
3281,4826,3,24,118,145,1.206896551724138,0.03777396948311491,659,"Yeah, I felt the same way in college..."
4197,4826,5,20,120,145,1.206896551724138,0.04022988505747127,659,"I don’t know, I’ve really been trying to mix things up."
2375,4826,8,14,123,145,1.206896551724138,0.04365546899961597,659,I prefer lava lamps.
644,4826,4,22,119,145,1.206896551724138,0.03902125332590335,659,Could you at least switch to Energy-saving?
3059,4826,5,20,120,145,1.206896551724138,0.04022988505747127,659,"I get it ,you are all mixed up about our relationship."
2374,4832,5,21,124,150,1.2066666666666668,0.03934209131632978,659,"My last date was more successful when he turned the knob to ice-breaker , not ice-crusher."
2931,4832,4,23,123,150,1.2066666666666668,0.038187886698918753,659,"If you want a frozen Rhubarb Watermelon Margarita, just say so."
3471,4832,5,21,124,150,1.2066666666666668,0.03934209131632978,659,There's a hair in my smoothie!
6513,4835,5,15,101,121,1.2066115702479339,0.04532915336612764,659,Obviously we should think about the challenges of a blended family
1241,4836,4,24,127,155,1.206451612903226,0.03740288269836071,659,Why must you always shake things up?
3854,4836,3,26,126,155,1.206451612903226,0.036265527068911556,659,I'll take mine with a twist.
5001,4836,5,22,128,155,1.206451612903226,0.03850665935534664,659,Did you want a shake?
1067,4839,4,18,104,126,1.2063492063492063,0.042639068927951274,659,Do you need ketchup.
2479,4840,5,23,132,160,1.20625,0.0377188321497649,659,"Your profile said bartender,
not blend-master!"
1536,4841,3,21,107,131,1.2061068702290076,0.04013710684745936,659,"Now, Saul, we’re a blended family."
6177,4841,5,17,109,131,1.2061068702290076,0.04296355397632941,659,Juicy thoughts on your mind?
4888,4843,5,24,136,165,1.206060606060606,0.03697442205031598,659,"so what you're saying is, you no longer chew your food?"
4215,4843,5,24,136,165,1.206060606060606,0.03697442205031598,659,I think I'll pass on that smoothie.
108,4845,3,22,111,136,1.2058823529411764,0.03921568627450981,659,This is actually my first Blender date.
5499,4845,4,20,112,136,1.2058823529411764,0.040580814578497756,659,"Now I can see why you are mixed up about politics"""
5546,4845,4,20,112,136,1.2058823529411764,0.040580814578497756,659,"My day was a grind too, but can we at least talk about something else?"
5724,4845,5,18,113,136,1.2058823529411764,0.04190149130673101,659,"I’m sorry, but my yenta told me you were a ninja."
6497,4845,5,18,113,136,1.2058823529411764,0.04190149130673101,659,"Your mastication is premature."""
123,4850,6,17,118,141,1.2056737588652482,0.042128921755403836,659,Your profile did say you were a ninja
1809,4850,5,19,117,141,1.2056737588652482,0.04090878787839137,659,Don't start spinning dear. The waiter will be back with the salad.
4195,4850,2,25,114,141,1.2056737588652482,0.03700780401345189,659,You could of just said no to dinner with me.
4310,4850,5,19,117,141,1.2056737588652482,0.04090878787839137,659,"I thought you said stirred, not shaken"
4544,4850,6,17,118,141,1.2056737588652482,0.042128921755403836,659,Is it really necessary to get puréed about it?
6098,4850,7,15,119,141,1.2056737588652482,0.043314699247099214,659,"Yes, I love a man with a grate head on his shoulders."
2551,4856,4,14,89,107,1.205607476635514,0.04739431115126178,659,How long do you need to be on a pureed diet?
6193,4857,7,16,123,146,1.2054794520547945,0.04227561927171051,659,Sarah you know I blame you for losing the shaker of salt
5257,4857,4,22,120,146,1.2054794520547945,0.038778964026104916,659,I think you may need some help. You seem all mixed up in the head or something.
5043,4857,7,16,123,146,1.2054794520547945,0.04227561927171051,659,Cmon you know I’m an electritarian.
661,4857,2,26,118,146,1.2054794520547945,0.03626101802706065,659,"Not tonight, I feel a headache coming on!"
413,4857,8,14,124,146,1.2054794520547945,0.043378581075182505,659,I-I've never heard grace said so ... ecumenically.
3548,4857,6,18,122,146,1.2054794520547945,0.04114309995025971,659,"W
I know I didn’t admit it on my profile, but I can go from blend to frappe in a flash."
523,4863,6,19,126,151,1.205298013245033,0.040217818412421134,659,I'm exhausted from all these mixed signals.
2251,4863,4,23,124,151,1.205298013245033,0.03795882606658663,659,This date has given me a blend of emotions.
2498,4863,6,19,126,151,1.205298013245033,0.040217818412421134,659,Your giving me mixed messages!
4469,4863,5,21,125,151,1.205298013245033,0.03910463779532971,659,"I understand.  I have mixed feelings about certain foods, as well."
6180,4863,6,19,126,151,1.205298013245033,0.040217818412421134,659,"Honestly, sometimes you don't have your head screwed on straight--you are just a pureed mess!"
6568,4863,3,25,123,151,1.205298013245033,0.03677733344878099,659,Is this your way of saying no.
5357,4869,3,26,127,156,1.205128205128205,0.03605660093927812,659,Maybe you should cut back on the smoothies.
4191,4869,5,22,129,156,1.205128205128205,0.03828190751741528,659,Let's get married...we'll call it a blended family.
5071,4869,3,26,127,156,1.205128205128205,0.03605660093927812,659,"I'm sorry, I don't speak frappe..."
1839,4869,7,18,131,156,1.205128205128205,0.04038477949734926,659,"Honey, it's the only way I'll stick to my all juice diet."
652,4869,6,20,130,156,1.205128205128205,0.03934739418450387,659,This blended family business really got to your head!
2093,4869,7,18,131,156,1.205128205128205,0.04038477949734926,659,"Dear, you are getting all mixed up again!"
919,4875,3,27,131,161,1.204968944099379,0.03537511102451714,659,"Dear, you're spinning out."
1012,4875,6,21,134,161,1.204968944099379,0.038526844338140374,659,The chef will be very offended if you do.
1957,4875,6,21,134,161,1.204968944099379,0.038526844338140374,659,"You mixed up the drinks, didn't you?"
2440,4875,7,19,135,161,1.204968944099379,0.039521607839359145,659,"So you like Piña Coladas, huh?"
3580,4875,4,25,132,161,1.204968944099379,0.036455976623178114,659,Where'd you get the idea for The Pina Colada Song?
6113,4875,4,25,132,161,1.204968944099379,0.036455976623178114,659,I was told this would make me smoother.
5795,4881,5,24,137,166,1.2048192771084338,0.036771967640765964,659,"Sorry, but no, you don't blend in."
3121,4881,7,20,139,166,1.2048192771084338,0.038706799201549937,659,I still don't see why we couldn't just go for smoothies...
5194,4883,4,19,109,132,1.2045454545454546,0.04128773288571376,659,Where’s the plug!?
5701,4883,5,17,110,132,1.2045454545454546,0.04266541114118065,659,You agreed to this date just to see how I eat didn’t you?
1546,4883,5,26,145,176,1.2045454545454546,0.03541789647608998,659,"What to you mean ""temporary partials?"""
2991,4883,4,19,109,132,1.2045454545454546,0.04128773288571376,659,I think you're really mixed up.
5656,4887,6,16,115,137,1.2043795620437956,0.042891775361546876,659,He seems different from the photos...
1949,4887,5,18,114,137,1.2043795620437956,0.04162165526152972,659,Normally on my first dates I blend both our dinners.”Is that ok with you?
2020,4887,6,16,115,137,1.2043795620437956,0.042891775361546876,659,I am sorry I called you a blender head...it was just the first thing that came to my mind
470,4890,4,21,117,142,1.204225352112676,0.039397536179232404,659,You're sending me blended messages.
602,4890,5,19,118,142,1.204225352112676,0.04064549148258601,659,Wearing blender?
745,4890,6,17,119,142,1.204225352112676,0.04185625519236066,659,"So... when I asked if you like to mix things up, this isn't really what I had in mind."
2382,4890,8,13,121,142,1.204225352112676,0.044178346963892966,659,Food for Thought
2705,4890,6,17,119,142,1.204225352112676,0.04185625519236066,659,"Honey, you're taking our blended family thing a little too far."
6090,4890,5,19,118,142,1.204225352112676,0.04064549148258601,659,"Did you get all mixed up again, my dear?"
4453,4896,3,24,120,147,1.2040816326530612,0.03731104416148252,659,I love that we're both from blended families.
6886,4896,5,20,122,147,1.2040816326530612,0.039730214404797834,659,I can tell that listening to my life story is making your head spin.
5712,4896,2,26,119,147,1.2040816326530612,0.036040616758104264,659,"I know,I know,chew your liquids and drink your solids."
4681,4896,5,20,122,147,1.2040816326530612,0.039730214404797834,659,You seriously have to switch to de-cafe!
3116,4896,5,20,122,147,1.2040816326530612,0.039730214404797834,659,I feel you're trying to drown me out.
1950,4896,5,20,122,147,1.2040816326530612,0.039730214404797834,659,It's just...this relationship is turning into a recipe for disaster.
1679,4896,4,22,121,147,1.2040816326530612,0.038539615677062114,659,Be quiet honey. You'll never blend in making that racket.
4098,4896,7,16,124,147,1.2040816326530612,0.04201030655544317,659,"I know...the waiter has no pants on. Now, eat your burger."
588,4904,5,21,126,152,1.2039473684210527,0.03886999157655591,659,So... I'm guessing you'll be eating the salad as kale juice?
1612,4904,5,21,126,152,1.2039473684210527,0.03886999157655591,659,Please don’t tell me all our special meals seem to blend together.
3242,4904,6,19,127,152,1.2039473684210527,0.0399751750578056,659,Triplets ! And my mother is moving in to help.
3857,4904,2,27,123,152,1.2039473684210527,0.03534771729460756,659,You’re so stuck in the 50s.
5166,4904,5,21,126,152,1.2039473684210527,0.03886999157655591,659,You wanna put my tender heart where?!
5923,4904,4,23,125,152,1.2039473684210527,0.03773245114514628,659,"Loud and clear, Doug."
6172,4910,3,26,128,157,1.2038216560509554,0.03585002137512824,659,"Yes, I come from a blended family, I'm all mixed up, I'm good at spin -- I've heard them all!!"
883,4910,5,22,130,157,1.2038216560509554,0.038059725002335024,659,"I suppose you have no choice but to live on a liquid diet"""
3340,4912,6,21,135,162,1.2037037037037037,0.03830918502930805,659,You seem all mixed up tonight!
2844,4912,5,23,134,162,1.2037037037037037,0.03729493828267094,659,What do you mean you hate smoothies!?
1316,4912,5,23,134,162,1.2037037037037037,0.03729493828267094,659,"Well, I like smoothies too, but I’m quite attached to my head."
1814,4912,5,23,134,162,1.2037037037037037,0.03729493828267094,659,I’m sorry if I seem distant. There’s a lot on my mind.
3462,4916,2,20,96,118,1.2033898305084745,0.04092109485035496,659,"Well, on the phone I told you I like to mix things with people."
140,4917,5,15,103,123,1.2032520325203253,0.04465179092518381,659,"What do you mean, you want a break from our blended family?"
5445,4918,4,18,106,128,1.203125,0.04203159988365334,659,Could you switch from pulverize to mix?
6303,4918,4,18,106,128,1.203125,0.04203159988365334,659,So tell me more about your life as a “trans-blender”.
4622,4920,3,21,109,133,1.2030075187969924,0.03959149817518683,659,Please don't talk with your mouth full.
2809,4920,5,17,111,133,1.2030075187969924,0.04237132356749448,659,I get what your ex meant about the chewing
6207,4920,4,19,110,133,1.2030075187969924,0.04100497401911831,659,Not yet. Wait til we get home.
265,4920,3,21,109,133,1.2030075187969924,0.03959149817518683,659,I just don't think we see eye-to-spinning-blade anymore.
2506,4920,6,15,112,133,1.2030075187969924,0.043694967987333036,659,I'd love to go to the beach--if you promise not to immerse yourself.
1077,4925,5,18,115,138,1.2028985507246377,0.04134548201289941,659,"So you'll make breakfast in the morning, but only a smoothie?"
1852,4925,6,16,116,138,1.2028985507246377,0.04260557951343913,659,"When you said that you mix with all sorts, you weren't kidding.."""
3412,4925,3,22,113,138,1.2028985507246377,0.038702400924038254,659,"No, I definitely wouldn't call it a 'super power.'"
5338,4925,3,22,113,138,1.2028985507246377,0.038702400924038254,659,I’m sorry but I don’t think we’re blending in.
5563,4925,2,24,112,138,1.2028985507246377,0.037310713132932764,659,Pure food is not the same as pure'ed.
2591,4930,4,21,118,143,1.2027972027972027,0.03914711808136945,659,Is this the start of our blended family?
2620,4930,4,21,118,143,1.2027972027972027,0.03914711808136945,659,I just got out of a blended marriage
2914,4930,7,15,121,143,1.2027972027972027,0.04275483625036223,659,I didn't realize you are from a blended family.
3649,4933,6,18,124,148,1.2027027027027026,0.040632365212064064,659,I’m sorry. I am all mixed up.
4547,4933,4,22,122,148,1.2027027027027026,0.038303156214757085,659,The matchmaker said you come from a blended family.
3465,4933,4,22,122,148,1.2027027027027026,0.038303156214757085,659,"Gordon spent the next day trying to piece together his date, but most of it was just a whir."
6454,4933,5,20,123,148,1.2027027027027026,0.039484939399337046,659,"Send it back, dear. You ordered it pureed."
2699,4933,4,22,122,148,1.2027027027027026,0.038303156214757085,659,That's not what I meant when I said we're should blend in.
1687,4933,6,18,124,148,1.2027027027027026,0.040632365212064064,659,It’s just that I’ve been hurt so many times before.
943,4933,3,24,121,148,1.2027027027027026,0.037083731104823436,659,It’s not a blender.  It’s a fashion statement.
2822,4933,2,26,120,148,1.2027027027027026,0.03582282023093122,659,"""Juicy & Juicer"""
1282,4941,4,23,126,153,1.2026143790849673,0.03750871601974025,659,I'm getting that you're not in the mood for this conversation.
1637,4941,6,19,128,153,1.2026143790849673,0.039735404886077685,659,"James, does this mean that you now prefer “blended” rather than shaken, not stirred”?"
2854,4941,4,23,126,153,1.2026143790849673,0.03750871601974025,659,I guess it does save you a step when juicing?
3591,4941,4,23,126,153,1.2026143790849673,0.03750871601974025,659,"OK, you're an illusionist. Now, shall we eat?"""
5199,4941,5,21,127,153,1.2026143790849673,0.03863810411310346,659,'Don't forget that done properly Vichyssoise must be pureed on High and serve chilled. '
5210,4941,4,23,126,153,1.2026143790849673,0.03750871601974025,659,I guess you can't avoid a liquid diet!
5988,4941,7,17,129,153,1.2026143790849673,0.040803207146816664,659,This relationship is going so fast it makes my head spin
6795,4941,4,23,126,153,1.2026143790849673,0.03750871601974025,659,It’s a shame you don’t like parties.
6836,4941,4,23,126,153,1.2026143790849673,0.03750871601974025,659,How about some frozen margaritas to liven things up?
5609,4950,7,18,133,158,1.2025316455696202,0.0399139339245385,659,"See, that’s why I never know what you’re thinking!"
4252,4950,5,22,131,158,1.2025316455696202,0.03784006885783284,659,It's a lovely place but I wasn't expecting so much agitation.
3522,4950,5,22,131,158,1.2025316455696202,0.03784006885783284,659,Was it difficult for you when your families blended?
3441,4950,7,18,133,158,1.2025316455696202,0.0399139339245385,659,"What can I say, It’s 2019."
2265,4950,9,14,135,158,1.2025316455696202,0.04188524121333576,659,My date was a smoothie talker
2751,4950,5,22,131,158,1.2025316455696202,0.03784006885783284,659,"I was really worried when Irene called you ""Mr. Smoothie"">"
165,4956,4,25,134,163,1.2024539877300613,0.03605090067396688,659,You  don’t blend in very well
1459,4956,5,23,135,163,1.2024539877300613,0.03708649082136454,659,"I don't know, dear. You seem mixed-up this evening."
1982,4956,7,19,137,163,1.2024539877300613,0.03907542098968375,659,The name's Wood. Ken Wood
3873,4956,5,23,135,163,1.2024539877300613,0.03708649082136454,659,"I thought your reference to Sade's song ""Smoothie Operator"" was a typo."
4684,4956,3,27,133,163,1.2024539877300613,0.034984669176159076,659,"Just like James Bond, 'Stirred but not shaken."
5095,4956,5,23,135,163,1.2024539877300613,0.03708649082136454,659,'Do you like my new tie?'
6535,4962,4,26,138,168,1.2023809523809523,0.035380053762985274,659,So... when is my smoothie done?
5277,4963,6,12,101,119,1.2016806722689075,0.04710661499811573,659,It’s  not you. It’s my designer kitchen.
2380,4964,4,18,107,129,1.2015503875968991,0.04173421602201168,659,I wasn't expecting such a whirlwind romance with you.
6420,4965,7,13,114,134,1.2014925373134329,0.04466844495718065,659,Don't try to smoothie this over. I can see right through you.
4011,4965,4,19,111,134,1.2014925373134329,0.04072600426006134,659,I'm so mixed up; I never appear to blend in.
3226,4965,3,21,110,134,1.2014925373134329,0.03932412201634623,659,Maybe you shouldn't have complained that your drink was stirred and not shaken the way you wanted.
975,4965,3,21,110,134,1.2014925373134329,0.03932412201634623,659,"Darling, I don't think we need to blend in here!"
1000,4965,3,21,110,134,1.2014925373134329,0.03932412201634623,659,"I prefer stirred, never blended!"
1395,4965,7,13,114,134,1.2014925373134329,0.04466844495718065,659,Honey your chewing all loud again
324,4965,6,15,113,134,1.2014925373134329,0.043394113935632216,659,My head is spinning.
4679,4972,5,18,116,139,1.2014388489208634,0.04107290135151053,659,You look so different in your online profile.
3893,4972,0,28,111,139,1.2014388489208634,0.03414178016235173,659,Maybe aioli wasn’t such a great idea after all. The ketchup looks fine.
3112,4972,4,20,115,139,1.2014388489208634,0.03978339868432061,659,"Well, for starters, I was intrigued by your blended pronouns."""
3102,4972,6,16,117,139,1.2014388489208634,0.04232313362673217,659,"I, by contrast, don't even know who's president."
6350,4972,3,22,114,139,1.2014388489208634,0.03845067484869792,659,It’s just Mr. Gadget now. I lost my licensure several years back.
1788,4972,3,22,114,139,1.2014388489208634,0.03845067484869792,659,Should I have given you the simple version?
1421,4972,6,16,117,139,1.2014388489208634,0.04232313362673217,659,Do you like smoothies?
22,4972,6,16,117,139,1.2014388489208634,0.04232313362673217,659,"Yeah, YOU blend."
18,4972,2,24,113,139,1.2014388489208634,0.03707006854276073,659,"I know it’s a lot to process, but I’ve been stuck in smoothie mode ever since"
2668,4972,1,26,112,139,1.2014388489208634,0.035636015029877656,659,"Right?, I was just as shaken up when I heard the news."
498,4982,5,19,120,144,1.2013888888888888,0.040128800389960424,659,Do you juice every meal you eat?
1392,4982,1,27,116,144,1.2013888888888888,0.03495454523001121,659,I'm just not sure I could handle being part of a blended family.
2122,4982,5,19,120,144,1.2013888888888888,0.040128800389960424,659,'I guess I let it go to my head.'
3235,4982,6,17,121,144,1.2013888888888888,0.041321250197233685,659,"My, you're a regular smoothie, aren't you?"
4630,4982,3,23,118,144,1.2013888888888888,0.03763071121420765,659,"Sure, I’d consider a blended family...."
3012,4987,3,24,122,149,1.2013422818791946,0.036859120381373706,659,I bet you’re a real smoothie.
3388,4987,6,18,125,149,1.2013422818791946,0.04038166564160291,659,So You come from a blended family then?
3622,4987,6,18,125,149,1.2013422818791946,0.04038166564160291,659,"Oh, Blenderhead! Can't we at least finish our dinner before you rush off to fight crime?"
4995,4987,7,16,126,149,1.2013422818791946,0.04148944012104065,659,What a coincidence! I also like to mix things up in the kitchen!
4227,4991,8,15,131,154,1.2012987012987013,0.04159198311155691,659,"Next time you want to mix it up, can you at least let me choose the restaurant?"
4046,4991,3,25,126,154,1.2012987012987013,0.036131438803816876,659,"And you say you used to be a juice blender, why the change?"
4513,4991,3,25,126,154,1.2012987012987013,0.036131438803816876,659,No thanks. I'll just skip the drink.
676,4991,5,21,128,154,1.2012987012987013,0.038408927942357264,659,I don't think that you are blending in...
55,4991,6,19,129,154,1.2012987012987013,0.03949845798894948,659,No! I wished for us to blend in with society! Stupid monkey's paw!
3913,4991,8,15,131,154,1.2012987012987013,0.04159198311155691,659,HOW THE HELL DID YOU DO THAT?
5893,4997,5,22,132,159,1.20125786163522,0.03762289705854003,659,"I felt the same way after Hillary lost in 2016, but at least you can blend in."
1956,4998,6,21,137,164,1.201219512195122,0.037881066042358136,659,I understand you need to chew your food better but this may be over the top.
3359,4998,4,25,135,164,1.201219512195122,0.03585166336909664,659,"What a pleasant surprise Miss Sarah. 
You look exactly like your photos”"
3947,5000,7,20,142,169,1.2011834319526626,0.038074871052122074,659,I said mixed vegetables....not V8 !
3366,5001,5,20,125,150,1.2,0.03900324084509622,659,"I don't see how, as a Senator, you can still claim his tweets
blend perfectly with responsible conservatism."
3467,5001,8,11,116,135,1.2,0.04559052979352856,659,Be quiet! You're embarrassing me!
3754,5001,2,25,118,145,1.2,0.03609268613358064,659,Dunno. You always seem rattled.
3930,5001,7,16,127,150,1.2,0.041233769093384276,659,"No, darling, you're still mixed up."
3985,5001,4,25,136,165,1.2,0.03565458001613713,659,I get it. You're on a diet. You've made your point.
4208,5001,6,18,126,150,1.2,0.04013400372543907,659,I'll skip the  steak and vodka Bloody Mary
4307,5001,3,25,127,155,1.2,0.03592106040535498,659,Can you believe she doesn't want her daughter to marry her son because he's from a blended family??!
4674,5001,4,19,112,135,1.2,0.040450749421987744,659,"No, she didn’t bring you utensils.  She observed you are wearing yours."
4680,5001,4,21,120,145,1.2,0.03865556717425341,659,"You always get me mixed up, I wanted sparkling water, not a smoothie.”"
6157,5001,4,24,132,160,1.2,0.03634218921558155,659,I think your all mixed up
5151,5001,5,19,121,145,1.2,0.03987528450276242,659,That's so interesting. I had no idea.
5819,5001,5,19,121,145,1.2,0.03987528450276242,659,"I think you are taking this ""blended family"" concept a bit far."
6377,5001,4,24,132,160,1.2,0.03634218921558155,659,"After the accident, Bob became a whirled peas advocate."
6533,5001,6,17,122,145,1.2,0.041058784136762644,659,Is that your smoothest pick-up line?
6558,5001,5,20,125,150,1.2,0.03900324084509622,659,"Charlie, I know that you've been mixed up at times but this is ridiculous!"
6591,5001,2,27,126,155,1.2,0.03473521844013346,659,"Honey, is this really necessary? Just order shaken not stirred!"
6794,5001,8,10,112,130,1.2,0.04684436735120123,659,Tell me again...where do you put the food to swallow?
6862,5001,3,20,107,130,1.2,0.03997614076733735,659,Experts say it’s important to have ‘date night’ for couples considering a blended marriage .
3233,5001,2,24,114,140,1.2,0.03683244469931725,659,"I said, Chew quietly, not blend in!"
4698,5001,3,20,107,130,1.2,0.03997614076733735,659,"Anyway, I finally feel ready to mix and mingle."
2754,5001,4,21,120,145,1.2,0.03865556717425341,659,Is it better than having teeth?
2684,5001,6,16,118,140,1.2,0.042044365546449795,659,You don’t have to be so shrill about it.
2602,5001,6,18,126,150,1.2,0.04013400372543907,659,You're the most stirring nerd I've ever met on a blind date.
28,5001,4,20,116,140,1.2,0.03952440800778525,659,Can you mix me up some Ranch before you crush ice?
242,5001,4,21,120,145,1.2,0.03865556717425341,659,I don't know...  Things are all mixed up in my head...
320,5001,5,20,125,150,1.2,0.03900324084509622,659,I’m sorry Ralph but I’m afraid you’re a bit mixed up.
434,5001,2,26,122,150,1.2,0.03539486432495052,659,You shouldn't feel awkward - I'm sure you'll blend right in.
716,5001,9,16,145,170,1.2,0.039664447060291624,659,When did you stop beating your ex-wife?
791,5001,5,25,145,175,1.2,0.03532629976156584,659,This has been a whirlwind of an affair!
1349,5001,4,22,124,150,1.2,0.03783870158723217,659,If you’re interested in breaking up you’ve succeeded — now let’s eat.
1525,5001,5,18,117,140,1.2,0.04080384481007503,659,Do you have to make a smoothie every time you eat?
1600,5001,5,23,137,165,1.2,0.03667640803206492,659,"Babe, I know you’re angry when you grind your utensils like that. Let’s try to enjoy this meal, can we?"
1492,5001,5,22,133,160,1.2,0.03740816848206271,659,"Sorry, what?"
1714,5001,6,16,118,140,1.2,0.042044365546449795,659,I don't think making drinks at Starbucks means you can call yourself a chef.
1846,5001,5,21,129,155,1.2,0.03818241665698899,659,It’s just that in your profile pic you had a head with a face on it.
1882,5001,3,28,139,170,1.2,0.033993918499534745,659,Coming to these mixers with you really gets my juices flowing
1907,5001,4,17,104,125,1.2,0.04250237185032414,659,I have to make a smoothie of everything now or I run out of juice later.
2097,5001,5,21,129,155,1.2,0.03818241665698899,659,"So, just how long have you been on a vegan diet?"
2221,5001,4,20,116,140,1.2,0.03952440800778525,659,Are you trying to tell me you're mixed up?
2277,5001,6,20,134,160,1.2,0.038444601979779267,659,I wanted mine stired not shaken
2455,5001,4,20,116,140,1.2,0.03952440800778525,659,"I’m sorry, I thought the red button was “chew”, not “liquify”."
2585,5001,3,25,127,155,1.2,0.03592106040535498,659,I'll have a smoothie
1665,5001,7,15,123,145,1.2,0.042209112705697785,659,Tell me your most controversial ideas and I’ll purée them.
1456,5044,3,31,152,186,1.1989247311827957,0.03218290187500333,659,"I don’t mean to give you mixed messages, honey”"
4174,5045,4,26,141,171,1.1988304093567252,0.03481721205539484,659,Your ad did say that your mind is blender of ideas and experiences.
4223,5045,1,32,138,171,1.1988304093567252,0.03171497921325383,659,I can tell--getting your next drink dominates your mind
5589,5047,4,25,137,166,1.1987951807228916,0.03545961663199949,659,It actually makes it a lot easier to feed my birds.
3807,5048,6,20,135,161,1.1987577639751552,0.038225259705252077,659,This 1-month Detox Smoothie Challenge is turning your head!
1958,5048,7,18,136,161,1.1987577639751552,0.039227671752052315,659,I've been on a blender bender.
1352,5048,6,20,135,161,1.1987577639751552,0.038225259705252077,659,Do you wear that vibrating blendor during sex?
1210,5048,7,18,136,161,1.1987577639751552,0.039227671752052315,659,"So you're all shook up.
You still don't look like Elvis"
1921,5052,4,23,129,156,1.1987179487179487,0.03685290524349477,659,Don't let the fries put your head in a spin.  Try Pulse.
3455,5052,6,19,131,156,1.1987179487179487,0.03903283997819771,659,Must you always bring your work on our dates?
4256,5052,9,13,134,156,1.1987179487179487,0.04209158531797022,659,Your mother told you to chew well?
4267,5052,4,23,129,156,1.1987179487179487,0.03685290524349477,659,I'm surprised you didn't order a smoothie.
420,5056,6,18,127,151,1.1986754966887416,0.03988932542086251,659,Blender speed dating
668,5056,5,20,126,151,1.1986754966887416,0.038766713321881134,659,You're pulsing.  Are you proposing?
899,5056,5,20,126,151,1.1986754966887416,0.038766713321881134,659,I thought you wanted to mix things up.
4362,5056,4,22,125,151,1.1986754966887416,0.037610608091738745,659,We should have just gone to 'Smoothie King'.
5247,5056,6,18,127,151,1.1986754966887416,0.03988932542086251,659,It’s a post-postmodern take on gender blending. And it has a lifetime warranty.
5703,5056,4,22,125,151,1.1986754966887416,0.037610608091738745,659,Your taking your juice diet to another extreme”
6202,5056,5,20,126,151,1.1986754966887416,0.038766713321881134,659,"Dessert?...Just a sip, I'm awfully full."
6893,5063,7,15,124,146,1.1986301369863013,0.041941389040685444,659,"Stop worrying! My parents are going to love you, Diana."
5214,5063,3,23,120,146,1.1986301369863013,0.03716432253524724,659,Susan mentioned you're down to shake things up a bit?
4146,5063,4,21,121,146,1.1986301369863013,0.038414322599695114,659,"Excuse me? Oh, I'm sorry, you simply remind me so much of my last boyfriend."
4007,5063,3,23,120,146,1.1986301369863013,0.03716432253524724,659,Is that my cell phone?
451,5063,3,23,120,146,1.1986301369863013,0.03716432253524724,659,I think your moving too fast for me.
1061,5063,6,17,123,146,1.1986301369863013,0.040799593176557146,659,Dating Mixer: sponsored by KitchenAid
1039,5063,3,23,120,146,1.1986301369863013,0.03716432253524724,659,Keep in mind that I'm the only one committed  to puree your food when you get old.
3701,5063,6,17,123,146,1.1986301369863013,0.040799593176557146,659,And so I decided to focus on another career but this time ... are you digesting this ?
1101,5071,8,12,121,141,1.198581560283688,0.04412823047696569,659,Try to relax a bit. You're still all whipped up from the office.
2125,5071,8,12,121,141,1.198581560283688,0.04412823047696569,659,"Do you want to stop talking about politics for a while, Kevin?"
5084,5071,3,22,116,141,1.198581560283688,0.037956753181214165,659,Y-y-your l-logic-c is m-making my head s-s-spin!
6882,5071,5,18,118,141,1.198581560283688,0.04053824561136123,659,they say breaking down your food really helps with digestion
5171,5075,4,19,113,136,1.1985294117647058,0.04017913719192626,659,"And, my dear, when we marry, we will form a truly blended family."
5687,5075,5,17,114,136,1.1985294117647058,0.041512594804002205,659,"Fine, we'll go to the smoothie bar next time."
1572,5075,3,21,112,136,1.1985294117647058,0.03879987891236252,659,Your being possessed isn't any less obvious.
1195,5075,5,17,114,136,1.1985294117647058,0.041512594804002205,659,You had me at Dark Roast.
1831,5075,4,19,113,136,1.1985294117647058,0.04017913719192626,659,"I know it can be a struggle raising a ""blended"" family but if you will just listen- we can enjoy the results of the mix."
2528,5080,4,18,109,131,1.1984732824427482,0.0411517212360109,659,"I said yes to the date, didn’t I?  Theres no need to be smooth."
2855,5080,7,12,112,131,1.1984732824427482,0.04523033934180964,659,I'm returning you to Android Escorts for a full refund.
3556,5080,6,14,111,131,1.1984732824427482,0.04391291136874156,659,"Well... I usually puree the fries, chop the burger and pulse the soda, but tonight I feel like mixing things up."
6619,5080,5,16,110,131,1.1984732824427482,0.04255471739751835,659,"That new facial recognition blocking technology is pretty drastic, no?"
1030,5084,3,18,100,121,1.1983471074380165,0.04169255621695682,659,"Sometimes I just really wanna blend in with the crowd, you know"
2862,5084,3,18,100,121,1.1983471074380165,0.04169255621695682,659,"I’m sorry, but it makes me uneasy to see someone eat so fast."
6234,5086,5,25,147,177,1.1977401129943503,0.034962328415460805,659,You know I hate it when you wear your Star Wars Convention costume to dinner.
5544,5087,7,20,145,172,1.197674418604651,0.03746301034721941,659,"No thanks, I'll just have my water."
3387,5088,6,21,140,167,1.1976047904191616,0.03725631058761275,659,You're really mixing things up.
5643,5088,4,25,138,167,1.1976047904191616,0.03526673992326516,659,"Shake, Sweetie?"
2495,5090,7,18,137,162,1.1975308641975309,0.0390040748765714,659,Didn’t your mom ever tell you it’s rude to blend with you lid open?
3615,5090,5,22,135,162,1.1975308641975309,0.036985880884117604,659,I don't think that's what a juice cleanse should look like.
4744,5092,5,21,131,157,1.197452229299363,0.037737208221581046,659,No. I'm sorry. I don't want a blended marriage.
4234,5092,5,21,131,157,1.197452229299363,0.037737208221581046,659,My therapist may be able to help keep you from being so mixed up.
3135,5092,3,25,129,157,1.197452229299363,0.035507439357164994,659,What a pleasant surprise. Who told you I love blenders?
1299,5092,4,23,130,157,1.197452229299363,0.036639289936226345,659,"I thought that ""blender family"" on  Tinder was a typo; I imagined lots of brothers and sisters partying at the wedding."
1887,5092,3,25,129,157,1.197452229299363,0.035507439357164994,659,You okay? You seem a bit scatterbrained.
1703,5092,6,19,132,157,1.197452229299363,0.03880407455006589,659,You're more handsome in person.
2315,5092,5,21,131,157,1.197452229299363,0.037737208221581046,659,They forgot your straw.
585,5099,6,18,128,152,1.1973684210526316,0.03964757793433007,659,Well that's what you get for making delivery drivers carry transplant organs and Amazon Prime packages.
4182,5099,5,20,127,152,1.1973684210526316,0.0385329996278268,659,In a spin? O what a spin we're in! Is it that old black magic called LOVE?
4567,5099,5,20,127,152,1.1973684210526316,0.0385329996278268,659,Marvel said you weren't 'Superhero material?' ... Not 'Superhero material?!' ...  Well who wants to be when you can still be the best darn banana-daiquiri maker in Stockton!
4557,5102,3,23,121,147,1.1972789115646258,0.036935362751103165,659,I never imagined that you breaking up with me would be this hard to digest
6414,5102,2,25,120,147,1.1972789115646258,0.03565155061761026,659,I feel your going too far with this chew the food extra fine program...
5929,5102,4,21,122,147,1.1972789115646258,0.03817602626873484,659,what remains of my head might horrify you
5786,5102,4,21,122,147,1.1972789115646258,0.03817602626873484,659,"When I get anxious, I sometimes get racing thoughts, too."
3870,5102,4,21,122,147,1.1972789115646258,0.03817602626873484,659,"No, I would NOT like the 'pulse' experience."""
650,5102,2,25,120,147,1.1972789115646258,0.03565155061761026,659,I guess I can't request that you chew with your mouth closed.
3285,5102,2,25,120,147,1.1972789115646258,0.03565155061761026,659,"My parents used to harp on me incessantly about chewing my food, too, but after three years of therapy, I finally got over it."""
1708,5102,5,19,123,147,1.1972789115646258,0.039377619808549695,659,"You think this is bad? You should experience ""Frappée""!"
156,5102,3,23,121,147,1.1972789115646258,0.036935362751103165,659,I can't get my head around it either. Aardvark burgers?
3662,5102,4,21,122,147,1.1972789115646258,0.03817602626873484,659,You literally do come from a blended family.
6117,5112,2,24,116,142,1.1971830985915493,0.03636604080945931,659,This isn't what I meant when I told Sharon I wanted to shake things up.
6043,5112,6,16,120,142,1.1971830985915493,0.04149758315400362,659,"No, French kissing is not an option."
4106,5112,2,24,116,142,1.1971830985915493,0.03636604080945931,659,I guess this is their idea of a house blend.
3401,5112,4,20,118,142,1.1971830985915493,0.03901626796464972,659,...that's when I stop trying to blend in.
5915,5112,2,24,116,142,1.1971830985915493,0.03636604080945931,659,"Darling,You look shaken,not stirred!"
2593,5112,3,22,117,142,1.1971830985915493,0.037714440802195465,659,i think you mixed things up.
1202,5112,5,18,119,142,1.1971830985915493,0.040276038617972326,659,"Gives a whole new meaning to swiping right on the guy who says he likes to mix it up, doesn't it?"
617,5112,5,18,119,142,1.1971830985915493,0.040276038617972326,659,Hungry?
3074,5112,5,18,119,142,1.1971830985915493,0.040276038617972326,659,We're going to have to ritually cleanse you of chametz if we want to marry in the temple...
1628,5121,3,21,113,137,1.197080291970803,0.03854287823563807,659,Not sure I'm ready for a mix-master subservient relationship.
5069,5121,2,23,112,137,1.197080291970803,0.03712426774673741,659,So coming from a blended family isn't necessarily all bad?
5958,5121,3,21,113,137,1.197080291970803,0.03854287823563807,659,What does it turn into when we have steak?
2307,5124,0,25,102,127,1.1968503937007875,0.03542265397017471,659,Did work go okay today dear? You look shaken.
2459,5124,5,15,107,127,1.1968503937007875,0.04335534914004428,659,Wouldn't it just be easier to eat from the baby food cans?
6488,5126,6,12,104,122,1.1967213114754098,0.046031133268198215,659,I should tell you that I'm a tea person.
112,5127,9,17,152,178,1.196629213483146,0.03825942972231328,659,"I'm sorry Henry. I love your kids, but I just don't think a blended relationship is right for me."
5969,5128,6,22,145,173,1.1965317919075145,0.036350298975678354,659,Grkgrkgrkddddjrdjrdjrrrrrrrrrrrrrr.
6702,5128,5,24,144,173,1.1965317919075145,0.03541371062873127,659,You whir the best.
4832,5128,4,26,143,173,1.1965317919075145,0.03445166999391793,659,I’ll give you some time to digest.
888,5131,7,19,142,168,1.1964285714285714,0.038002341646133246,659,Your psychologist says that you have a split personality.  So tell me.  Are you a blender or a coffee maker today?
1088,5132,6,20,137,163,1.196319018404908,0.037793909408668336,659,He was handsome but a poor conversationalist and a very messy eater. There won't be a second date.
1477,5132,4,24,135,163,1.196319018404908,0.03573372166893295,659,"If we got married, we would have a blended family -- it's as simple as that."
5145,5132,4,24,135,163,1.196319018404908,0.03573372166893295,659,Shall I just pretend to eat this?
6322,5132,4,24,135,163,1.196319018404908,0.03573372166893295,659,"When your profile said 'mixed,' I expected something else..."
6452,5132,3,26,134,163,1.196319018404908,0.03465773365749465,659,"Sorry, honey If you turned it on,  you must know to turn if off."
4545,5137,4,23,131,158,1.1962025316455696,0.03642809946540482,659,"Honey, are you feeling a little mixed up today?"
3072,5137,6,19,133,158,1.1962025316455696,0.03857794370917561,659,You seem like a blend of my father and ex husband.
6605,5137,5,21,132,158,1.1962025316455696,0.03751842328436623,659,Your explanation's a bit shaky
1434,5137,3,25,130,158,1.1962025316455696,0.0353041183940058,659,I'm on a full liquid diet.
234,5137,5,21,132,158,1.1962025316455696,0.03751842328436623,659,I thought you were getting a hand blender.
3061,5137,6,19,133,158,1.1962025316455696,0.03857794370917561,659,"So, how was you day at work? Scrambled or Pureed?"
14,5143,3,24,126,153,1.196078431372549,0.035986781783617534,659,"Spinny, I'm afraid I have some bad news."
408,5143,6,18,129,153,1.196078431372549,0.039408709686542885,659,"If you only knew, how I see you."
1075,5143,7,16,130,153,1.196078431372549,0.040485129506569725,659,"I'm sorry Henery.  But until you buy yourself new false teeth, I'm not going to eat out with you."
1664,5143,4,22,127,153,1.196078431372549,0.03716245114557449,659,You seem a little scattered.
2254,5143,6,18,129,153,1.196078431372549,0.039408709686542885,659,Must you clear your throat after every bite?
3177,5143,7,16,130,153,1.196078431372549,0.040485129506569725,659,Is that what you normally order or did you mix it up?
3364,5143,2,26,125,153,1.196078431372549,0.034771384084275436,659,It makes dieting easier!
5496,5143,8,14,131,153,1.196078431372549,0.04153366132631731,659,"Sorry,you still don't blend in."
5559,5143,6,18,129,153,1.196078431372549,0.039408709686542885,659,How very efficient.
4779,5152,5,19,124,148,1.195945945945946,0.039133358230548296,659,"Aw, I didn't get a straw."
4830,5152,7,15,126,148,1.195945945945946,0.041415903384024975,659,James Bond is highly overrated.
3819,5152,3,23,122,148,1.195945945945946,0.03670915961563207,659,I'm on a strict liquids-only diet.
3007,5152,5,19,124,148,1.195945945945946,0.039133358230548296,659,"So, did the bartender know the ‘proper’ way’ to make a Bellini?"
450,5152,1,27,120,148,1.195945945945946,0.03411312171249478,659,You promised you wouldn’t frappe when we dine out!
214,5152,6,17,125,148,1.195945945945946,0.04029079782974838,659,I'm afraid you're starting to become dull.
137,5152,4,21,123,148,1.195945945945946,0.037940625496203764,659,Vertigo again?
533,5159,2,24,117,143,1.1958041958041958,0.03613715468133382,659,"Phil, are you sure this is how you blend in with the locals?"
1716,5159,3,22,118,143,1.1958041958041958,0.03747515183027524,659,You didn't seem that shaken on the internet.
1749,5159,7,14,122,143,1.1958041958041958,0.04240706579875956,659,You didn't get a straw?
2301,5159,6,16,121,143,1.1958041958041958,0.04122943333858455,659,You’re the first guy that will make me a smoothie in the morning.
3979,5159,3,22,118,143,1.1958041958041958,0.03747515183027524,659,I don't really see the point of us eating out when everything you eat has to be pureed!
3997,5159,6,16,121,143,1.1958041958041958,0.04122943333858455,659,Your coarseness cannot be refined that way
4431,5159,6,16,121,143,1.1958041958041958,0.04122943333858455,659,I thought I had made it clear that I am a teetotaler!
4451,5159,5,18,120,143,1.1958041958041958,0.04001716028382389,659,"Everytime you put that thing on, I can already feel shredded ice and gazpacho all over my naked body."
4523,5159,1,26,116,143,1.1958041958041958,0.03474767463044271,659,"If this date goes well, I've got breakfast covered!"
4727,5168,3,21,114,138,1.1956521739130435,0.038289205052407654,659,"Margaritas, anyone?"
3743,5168,6,15,117,138,1.1956521739130435,0.04223059071261384,659,When she told me you process food a bit differently..
1432,5168,4,19,115,138,1.1956521739130435,0.03964656033431293,659,"I can tell you’re frustrated, but can you please not explode here?"
1663,5168,3,21,114,138,1.1956521739130435,0.038289205052407654,659,It was definitely a mind-blending experience.
3314,5168,3,21,114,138,1.1956521739130435,0.038289205052407654,659,"Oh, this?  I’ve been told I need to blend in more."
174,5173,5,16,112,133,1.1954887218045114,0.04196506947311113,659,You’re overreacting.
2050,5173,3,20,110,133,1.1954887218045114,0.03915641355866945,659,I warned you this would happen if you didn’t cut back on your smoothie intake.
2852,5173,5,16,112,133,1.1954887218045114,0.04196506947311113,659,"I do prefer my men shaken, not stirred."
3481,5173,3,20,110,133,1.1954887218045114,0.03915641355866945,659,We'll all be blended in 200 years.
1184,5177,3,19,106,128,1.1953125,0.0400826436945137,659,The pain my ex inflicted was worse.
2070,5178,4,24,136,164,1.1951219512195121,0.03553533307553837,659,"I think they mixed up — sorry, switched — our orders again."
479,5178,1,22,100,123,1.1951219512195121,0.03769044949836441,659,It sure beats the cost of dental implants!
1174,5178,5,22,137,164,1.1951219512195121,0.03657289427809463,659,It's over. I'm running off with a wonderful man with an instant pot on his head.
2402,5178,4,16,103,123,1.1951219512195121,0.042666263573966356,659,Does this mean dinner is going smoothie?
3494,5182,6,19,134,159,1.1949685534591195,0.03835440287421879,659,Maybe Botox?
2279,5182,3,25,131,159,1.1949685534591195,0.035103072972858924,659,Would puree make things better?
109,5182,6,19,134,159,1.1949685534591195,0.03835440287421879,659,Your shaker of salt? It's right in front of you
4279,5185,5,20,129,154,1.1948051948051948,0.03807381854944091,659,"OK, OK Sorry...... We won't go there. Just calm down and lets enjoy lunch."
4320,5185,3,24,127,154,1.1948051948051948,0.03577500221227837,659,"Yeah, alright, my mind is a blender, too--touche, you win, game over, we're even, whatever..."
4341,5185,5,20,129,154,1.1948051948051948,0.03807381854944091,659,Your beauty is making my head spin.
4687,5185,3,24,127,154,1.1948051948051948,0.03577500221227837,659,"I know you're all mixed up and in a spin, but it will get better."
4873,5185,5,20,129,154,1.1948051948051948,0.03807381854944091,659,Take your cap off.
4129,5190,3,23,123,149,1.1946308724832215,0.036485664746534203,659,I come from a blended home.
3986,5190,3,23,123,149,1.1946308724832215,0.036485664746534203,659,"They said BYOB, not BYO Banana Daquiri."
5884,5190,4,21,124,149,1.1946308724832215,0.03770806881243978,659,"Sweetheart, please don't blend at the table!"
3324,5190,4,21,124,149,1.1946308724832215,0.03770806881243978,659,"Well you DID say ‘shaken, not stirred.’"
2094,5190,5,19,125,149,1.1946308724832215,0.03889207085166459,659,"I've got your mental floss in my purse, dear, if you need it."
3519,5190,5,19,125,149,1.1946308724832215,0.03889207085166459,659,I'm sorry but I'm not a fan of blended families!
163,5196,1,26,117,144,1.1944444444444444,0.03453230891711449,659,Are you nervous? You're mixing up your words.
197,5196,5,18,121,144,1.1944444444444444,0.03976154860725892,659,So I guess the blended family profile was literal.
2475,5196,4,20,120,144,1.1944444444444444,0.03852084696008535,659,"If you must drink your dinner, that installation makes it easier."
3635,5196,5,18,121,144,1.1944444444444444,0.03976154860725892,659,"Your CPAP was one thing, but don’t you think this is a bit over the top?"
4333,5196,4,20,120,144,1.1944444444444444,0.03852084696008535,659,Here we go again.
6444,5201,7,20,148,175,1.1942857142857144,0.03687028953044231,659,You never used to puree at dinner.
4586,5202,5,17,117,139,1.1942446043165467,0.04068757635880725,659,"So, do you think you’ll go back to this dentist again?"
298,5202,5,17,117,139,1.1942446043165467,0.04068757635880725,659,"Sorry, I'm a little shaken up."
530,5202,4,19,116,139,1.1942446043165467,0.03938545994905301,659,"Well, he's more of a mechanic than a dentist."
1720,5202,2,23,114,139,1.1942446043165467,0.03664267493357757,659,I thought you’d be happy I’m juicing.
6825,5206,9,15,146,170,1.1941176470588235,0.03939770959464297,659,"Cripes! You know, I came here prepared to kiss a frog, but not in a blender!"
389,5206,5,23,142,170,1.1941176470588235,0.035689283324363795,659,I think we live in a mixed up world.
620,5208,4,18,112,134,1.1940298507462686,0.040307442576898195,659,"No, I love puree... I don't believe in puree love"
1738,5208,5,16,113,134,1.1940298507462686,0.04167626156127722,659,"Well, it's an improvement you ask me, and it makes more sense than anything else you've done in the past eight years."
2696,5208,1,24,109,134,1.1940298507462686,0.035889098277719404,659,"Oh,you don't have to do this. We can ask for a refill."
5343,5208,2,22,110,134,1.1940298507462686,0.03741989077779156,659,That’s the most mixed-up nonsense I’ve ever heard.
1526,5212,4,24,137,165,1.1939393939393939,0.035339102393001816,659,"How do you feel about blended families? Personally, I hate it."
2138,5212,7,18,140,165,1.1939393939393939,0.038348163554011806,659,I'm sorry--I just can't wrap my head around you being divorced.
1185,5214,4,17,108,129,1.193798449612403,0.041293170063299446,659,"So, er, would you say you're more of a Smoothie Operator or a Smoothie Criminal?"
4244,5214,4,17,108,129,1.193798449612403,0.041293170063299446,659,It is five o'clock Some where
6851,5216,5,21,134,160,1.19375,0.037088279650334066,659,Does this mean there's no second date?
4610,5216,5,21,134,160,1.19375,0.037088279650334066,659,I'm sorry. I just get so mixed up when I see you.
4110,5216,1,29,130,160,1.19375,0.032574147396614274,659,Our blended marriage just isn't working out.
2653,5216,4,23,133,160,1.19375,0.036012832924113676,659,"Just to let you know, I don’t have time for one of those whirlwind romances."
2304,5216,5,21,134,160,1.19375,0.037088279650334066,659,Next time make up your mind before you order.
954,5216,5,21,134,160,1.19375,0.037088279650334066,659,"Yes, I do know what a blended family is..."
2546,5222,3,24,128,155,1.1935483870967742,0.03556565963466911,659,"Hamilton, could you please stop chewing so loudly? I can't hear the violinist!"
3936,5222,4,22,129,155,1.1935483870967742,0.036724696401883375,659,What are you grumbling about?
5146,5222,3,24,128,155,1.1935483870967742,0.03556565963466911,659,I’m sorry.  Didn’t mean to boggle your mind!
6593,5222,6,18,131,155,1.1935483870967742,0.03893941045949789,659,"The dinner looks delicious, but I'd like coffee at the end of the meal.
CAN YOU HEAR ME?"
4721,5226,5,19,126,150,1.1933333333333334,0.038653704531062046,659,Are you trying to tell me our blended family isn't working?
4648,5226,4,21,125,150,1.1933333333333334,0.037478305929719805,659,"Oh honey, you’re frothing at the mouth."
3953,5226,3,23,124,150,1.1933333333333334,0.03626483085233813,659,How’s the burger?
462,5226,4,21,125,150,1.1933333333333334,0.037478305929719805,659,"You may be losing weight, but I don't think this juice cleanse is good for your brain."
540,5226,6,17,127,150,1.1933333333333334,0.039794400769299465,659,"Lately I've been getting mixed signals from you, Harold. When I ask you to clarify, all you do is ask me for butter."
423,5226,5,19,126,150,1.1933333333333334,0.038653704531062046,659,Why are you so stir crazy all the time?
5188,5232,4,26,146,176,1.1931818181818181,0.03391730689783446,659,Our blended family getting to you?
6435,5233,2,24,119,145,1.193103448275862,0.03568775792243683,659,You're dropping words every time you switch between chop and grind.
6407,5233,5,18,122,145,1.193103448275862,0.03950914308574072,659,This one isn't even funny Jim
4537,5233,6,16,123,145,1.193103448275862,0.04070329013707074,659,Do you prefer the Purée or Chop setting?
3157,5233,5,18,122,145,1.193103448275862,0.03950914308574072,659,Blend well together?   I don't think so.
2946,5233,6,16,123,145,1.193103448275862,0.04070329013707074,659,So no head?
2929,5233,3,22,120,145,1.193103448275862,0.0370054253609316,659,Mary's second date with the blender was well beyond margaritas.
2347,5233,8,12,125,145,1.193103448275862,0.042992193584517335,659,you're letting coffee go to your head
1371,5233,7,14,124,145,1.193103448275862,0.04186338816430876,659,Rrrrrrr...rrrr...rrrrrrrr...rr...rrrrrr.
1051,5233,4,20,121,145,1.193103448275862,0.038277760472061405,659,"I suppose you don't have a stomach, either?"
711,5233,4,20,121,145,1.193103448275862,0.038277760472061405,659,"Calm down, you're so wound up!"
464,5233,6,16,123,145,1.193103448275862,0.04070329013707074,659,My last date was such a loser.
417,5233,5,18,122,145,1.193103448275862,0.03950914308574072,659,How can we take it to the next level with all your mixed messages?
828,5245,4,25,142,171,1.1929824561403508,0.034515457193193766,659,Don't you think you're​ taking your smoothie craze a bit far?
6481,5245,2,29,140,171,1.1929824561403508,0.03246102102593794,659,You're so high maintenance
5512,5247,4,19,117,140,1.1928571428571428,0.03912773055256461,659,My head spins and I get mixed up sometimes too.
5074,5247,3,21,116,140,1.1928571428571428,0.037791591330285236,659,I'd be feeling dizzy too.
2190,5247,3,21,116,140,1.1928571428571428,0.037791591330285236,659,But you told me you were in favor of blended families.
3709,5247,4,19,117,140,1.1928571428571428,0.03912773055256461,659,"oh dear, my friend was terribly wrong and I agree--you are not a blunderhead"
4189,5251,3,26,137,166,1.1927710843373494,0.034090340913520215,659,vrrrrrrrrrrr
1841,5252,4,18,113,135,1.1925925925925926,0.04003356289026648,659,I told you all that sodium would raise your pulse.
3667,5252,4,18,113,135,1.1925925925925926,0.04003356289026648,659,"Yes, I’ll have the Strawberry Margarita"
4003,5252,4,18,113,135,1.1925925925925926,0.04003356289026648,659,I played a little too much football in my younger days.
4391,5252,0,26,109,135,1.1925925925925926,0.03406542058502651,659,"Waring, I think this whirlwind romance is moving too quickly for me.  Could we maybe take a little break?"
429,5256,5,21,135,161,1.1925465838509317,0.036876838779620856,659,"Wow, you're taking this new diet seriously!"
1899,5257,5,20,131,156,1.1923076923076923,0.037625318165157504,659,"What's your name? Sorry, I get mixed up."
5717,5257,4,17,109,130,1.1923076923076923,0.0410014090630856,659,I didn't mean to mix with your head!
4781,5257,6,18,132,156,1.1923076923076923,0.038708882094012007,659,Would you like me to cut your steak up for you?
1478,5257,3,24,129,156,1.1923076923076923,0.0353587131433222,659,When did eBay add dating?
3249,5257,3,24,129,156,1.1923076923076923,0.0353587131433222,659,That's not what I meant by 'blend'.
5535,5262,4,21,126,151,1.1920529801324504,0.03725128770973571,659,You don’t have to get all spun up about it.
1900,5262,6,17,128,151,1.1920529801324504,0.0395507127310572,659,You've GOT to be kidding!
2555,5262,4,21,126,151,1.1920529801324504,0.03725128770973571,659,Please!  You're starting to freak people out!!
5379,5262,4,21,126,151,1.1920529801324504,0.03725128770973571,659,It was just the smoothie talking.
6244,5262,4,21,126,151,1.1920529801324504,0.03725128770973571,659,It’s just the constant whirling that’s so annoying
367,5267,7,19,146,172,1.191860465116279,0.03718496331002041,659,"No, when I said 'blended fami--' wait, where are the kids?"
683,5267,4,25,143,172,1.191860465116279,0.0343325374587214,659,"No Carl, I don't think either of us is getting blade tonight."
4818,5269,6,16,124,146,1.1917808219178083,0.040445170981879774,659,"While your heart is tainted, 
your head is pure, Ray."
4257,5269,4,20,122,146,1.1917808219178083,0.03803768175341878,659,Does every meal have to be a smoothie?
541,5269,5,18,123,146,1.1917808219178083,0.03925988467206608,659,"Slice and dice, my dear you’ve got it all, but for my family’s sake, try blending more."
1410,5269,1,26,119,146,1.1917808219178083,0.03410931396709242,659,"I agree with you about the advantages of a balanced diet, but...."
578,5269,3,22,121,146,1.1917808219178083,0.0367748816705752,659,"I prefer a partner who's sociable and outgoing, after all, my ex was a mixer"
3472,5269,7,14,125,146,1.1917808219178083,0.04159669658810722,659,"No, the room is not spinning but now that you mention it, I do feel a little nauseous myself."
6543,5275,8,16,143,167,1.1916167664670658,0.03886245164225251,659,Do you watch Game of a Thrones.
499,5276,4,19,118,141,1.1914893617021276,0.038873308388507555,659,Why don’t you remove your cap and see how the maître d’ likes it?”
1435,5276,6,15,120,141,1.1914893617021276,0.04139768532485178,659,I just don't think we'd mix well together.
1977,5276,3,21,117,141,1.1914893617021276,0.03754752964542799,659,"No matter how hard we try, I still don’t think we’re blending in."
2825,5276,4,19,118,141,1.1914893617021276,0.038873308388507555,659,But your profile said Hand Blender
3292,5276,5,17,119,141,1.1914893617021276,0.0401553387193002,659,You’re sending mixed messages right now.  I prefer my messages pureed
3317,5276,5,17,119,141,1.1914893617021276,0.0401553387193002,659,"Blended family desires aside, i just can’t do this anymore."
3537,5276,7,13,121,141,1.1914893617021276,0.0426038199325972,659,"Bob,  I thought it was me, when you refused my advances. I thought your excuse was so lame, ""my brain, feels like a guacamole in a blender"". Now, I understand you're right, it is you."
1429,5283,5,21,136,162,1.191358024691358,0.03666776523155518,659,I told you I was the guy from the “Will it blend?” videos.
5777,5283,6,19,137,162,1.191358024691358,0.03769888915045075,659,I don’t think I’m quite ready for a blended family
1547,5285,4,18,114,136,1.1911764705882353,0.03976333292288872,659,I am all mixed up!
2238,5285,3,20,113,136,1.1911764705882353,0.03836913060342712,659,I’m supposed to have a shake before each meal.
2567,5285,7,12,117,136,1.1911764705882353,0.04367974394106954,659,"Dad, I understand completely that your dentures fit poorly, but..."
4030,5285,3,20,113,136,1.1911764705882353,0.03836913060342712,659,Not quit what I meant when I said “just blend in”
5139,5285,4,18,114,136,1.1911764705882353,0.03976333292288872,659,"No, I don't want a smoothie."
5617,5290,8,14,135,157,1.1910828025477707,0.04054761312837758,659,Not all smoothies are good for you.
6767,5290,6,18,133,157,1.1910828025477707,0.0384810381324668,659,Do men have periods too?
5506,5290,3,24,130,157,1.1910828025477707,0.03515412271367389,659,So that's it...'not stirred?
3915,5290,5,20,132,157,1.1910828025477707,0.0374049592758,659,'Why don't you try harder to blend in?' Well this is me blending in.
2339,5290,3,24,130,157,1.1910828025477707,0.03515412271367389,659,I get it. You just wanted a smoothie.
369,5290,7,16,134,157,1.1910828025477707,0.039527833397246435,659,They might have paper straws.
1114,5290,3,24,130,157,1.1910828025477707,0.03515412271367389,659,I’ll whisk you off your feet ...
6009,5297,4,17,110,131,1.1908396946564885,0.04071369150638141,659,I may not be ready for a blended family.
2700,5298,5,19,128,152,1.1907894736842106,0.03818552862914048,659,"Because no matter whether this is a seafood restaurant or not, your Bass-O-Matic joke is simply not funny!"
4473,5298,5,19,128,152,1.1907894736842106,0.03818552862914048,659,I heard their parents paid to get them in.
6085,5298,5,19,128,152,1.1907894736842106,0.03818552862914048,659,That’s an interesting way to mix your drink.
794,5298,3,23,126,152,1.1907894736842106,0.03583096210270602,659,You look really hung over.
6353,5302,6,12,108,126,1.1904761904761905,0.044670626284032657,659,Is it true you are interested in whirled affairs?
5707,5302,5,18,124,147,1.1904761904761905,0.039013715732043514,659,"Well, maybe if it were iced, but, frankly, I prefer tea."
4202,5302,6,16,125,147,1.1904761904761905,0.040190272148074004,659,This is the last time I online date.
3383,5302,5,18,124,147,1.1904761904761905,0.039013715732043514,659,"Bob, it's just burgers, save the frappe for home."
1651,5302,1,26,120,147,1.1904761904761905,0.03390159546036864,659,"Darling, life is richer than the perfect vinaigrette."
1080,5302,2,24,121,147,1.1904761904761905,0.03524920048560024,659,Our life seems to be in a whirl lately.
1059,5302,4,20,123,147,1.1904761904761905,0.03780055628036639,659,Where's Fluffy?
1049,5302,4,16,106,126,1.1904761904761905,0.04173124247658407,659,I didn't know this dating app would be so literal.
2889,5302,2,24,121,147,1.1904761904761905,0.03524920048560024,659,I don't really think blended families are a good idea.
1111,5311,4,23,136,163,1.1901840490797546,0.03540714086767703,659,My advice is to pulse your food 32 times before swallowing.
1939,5311,4,23,136,163,1.1901840490797546,0.03540714086767703,659,I told you to order the BONELESS Chicken!
4556,5311,7,17,139,163,1.1901840490797546,0.03848229086918185,659,"I may not have any teeth, but I'm great in bed."
2725,5314,3,21,118,142,1.1901408450704225,0.03730655307532889,659,That’s enough!
3993,5314,6,15,121,142,1.1901408450704225,0.041127232644118786,659,Bees in your bonnet?
576,5316,5,24,150,179,1.1899441340782122,0.03432587403203188,659,"Honey, it's just a little plastic surgery."
2157,5317,3,24,131,158,1.1898734177215189,0.03495184918142526,659,I’m having trouble processing your new look.
4924,5317,5,20,133,158,1.1898734177215189,0.03718713583173612,659,"Well, that's easy for you to say, but how am I supposed to blend in with nothing on but a wet towel?"
3521,5317,6,18,134,158,1.1898734177215189,0.03825583258081622,659,"So...you must have great digestion, huh?"
1159,5317,4,22,132,158,1.1898734177215189,0.03608680390786284,659,"Honey, I totally believe in blended families! I'm just not sure I'll be able to convince my cat."
3361,5317,4,22,132,158,1.1898734177215189,0.03608680390786284,659,I think I've reached my Piña colada limit.
3395,5317,7,16,135,158,1.1898734177215189,0.039295475331580954,659,"I know our lives have been a whirlwind lately. But I think you’re taking it a bit too personally.”

Cathi Burgess
Somerville, MA"
1449,5323,5,16,116,137,1.1897810218978102,0.04083295295137394,659,Your name ISN’T Oskar?
1763,5323,5,16,116,137,1.1897810218978102,0.04083295295137394,659,"No, please, you go first."
5885,5323,2,22,113,137,1.1897810218978102,0.03667837817927331,659,"Is the world getting dizzy, or is that just me?"
6386,5323,4,18,115,137,1.1897810218978102,0.0394966813767099,659,What’s green and red and goes 100 miles per—I’m sorry. That was insensitive.
6657,5327,3,23,127,153,1.1895424836601307,0.03561783786016251,659,"So, where did you say you were from again?"
480,5327,4,21,128,153,1.1895424836601307,0.03680529426371062,659,Before our dinner gets cold lets try the faster speed.
1537,5327,5,19,129,153,1.1895424836601307,0.03795561879147583,659,You say you feel very mixed up?
2087,5327,6,17,130,153,1.1895424836601307,0.03907209118858802,659,I think that's the bartender suggesting you make your own piña colada
2654,5327,4,21,128,153,1.1895424836601307,0.03680529426371062,659,Oh baby I’m all shook up
4253,5327,5,19,129,153,1.1895424836601307,0.03795561879147583,659,"I'm not sure we mix, nor puree, stir, chop or liquefy either"
5102,5327,5,19,129,153,1.1895424836601307,0.03795561879147583,659,"After considering a career as an astronaut or a deep sea diver, I thought I'd mix it up a little."
5672,5327,1,27,125,153,1.1895424836601307,0.033115430690568076,659,"I like you Ken, but I've never thought about a blended marriage."
5984,5327,5,19,129,153,1.1895424836601307,0.03795561879147583,659,"I see all those superfood smoothies went to your head."""
358,5327,3,23,127,153,1.1895424836601307,0.03561783786016251,659,Can you be more amorous and less clamorous?
3744,5337,5,15,112,132,1.1893939393939394,0.041835870768935995,659,I assume you're here to blend the sauce.
5497,5337,4,17,111,132,1.1893939393939394,0.04042993522120931,659,"You know, I just don’t think we blend well together."
1124,5339,5,22,142,169,1.1893491124260356,0.035579189316181606,659,I can see something must be percolating in that head of yours!
487,5340,3,22,123,148,1.1891891891891893,0.036322177069935874,659,You look nice in that dress but we can all agree you’re no Magic Bullet
1074,5340,5,18,125,148,1.1891891891891893,0.03877058000358319,659,"Honey,
Please stop trying to reconcile what Trump says, and what we know is the truth. Climate change is real, whether it’s cold or hot outside. Yes dear, there is only one Mexico."
2385,5340,2,24,122,148,1.1891891891891893,0.03503386766748057,659,No I know what my friend meant when she told me you were a real smoothie
2745,5340,2,24,122,148,1.1891891891891893,0.03503386766748057,659,But I don't really care for Margaritas.
6131,5340,5,18,125,148,1.1891891891891893,0.03877058000358319,659,Why didn’t you just order the purée?
114,5345,5,21,138,164,1.1890243902439024,0.03625656529444611,659,I told you the food processor would have been more stylish.
891,5345,2,27,135,164,1.1890243902439024,0.03301648724029747,659,I think I know why you're feeling dizzy.
5059,5347,3,21,119,143,1.1888111888111887,0.03706860462623555,659,That's my last drink of the night. The room is beginning to spin.
4516,5347,1,25,117,143,1.1888111888111887,0.03430882301183037,659,So I take it you're all in with this blended family arrangement?
4456,5347,8,11,124,143,1.1888111888111887,0.04320354997142997,659,At least I no longer have to put up with your open-mouth chewing
784,5347,4,19,120,143,1.1888111888111887,0.03837413849424774,659,Nothing can shake me out of this.
2510,5347,4,19,120,143,1.1888111888111887,0.03837413849424774,659,"No, I said “Hurray!” on your promotion, not purée !!"
3647,5347,3,21,119,143,1.1888111888111887,0.03706860462623555,659,"What do you mean, you don't blend?"
513,5347,4,19,120,143,1.1888111888111887,0.03837413849424774,659,I do tend to go on about the grandkids.
2566,5354,5,20,134,159,1.1886792452830188,0.036971804981176866,659,Do I bore you?
3747,5354,6,18,135,159,1.1886792452830188,0.03803322047192668,659,Did you want them to BLEND it for you?
4161,5354,4,22,133,159,1.1886792452830188,0.035879003158758,659,"We just need to reassure him, Joan. Lots of kids from blended families get teased."
5596,5354,3,24,132,159,1.1886792452830188,0.03475185422054712,659,Are you’re in a blended family too?
6652,5354,3,24,132,159,1.1886792452830188,0.03475185422054712,659,Do I look like the kinda guy who would take things too fast?
6880,5359,3,20,115,138,1.1884057971014492,0.03786137927756817,659,I used to be vegetarian. Now I eat everything.
5773,5359,3,20,115,138,1.1884057971014492,0.03786137927756817,659,Do I have to cut your meat?
2151,5359,5,16,117,138,1.1884057971014492,0.0405593033272745,659,"This relationship has my head spinning"""
536,5359,5,16,117,138,1.1884057971014492,0.0405593033272745,659,"Yes, your profile didn’t say that you blend in."
564,5359,7,12,119,138,1.1884057971014492,0.04308863112223282,659,I don't like to reveal too much on a first date.
135,5364,5,19,130,154,1.1883116883116882,0.03772842943363952,659,This blended family thing of ours seems a lot easier for you.
1279,5364,6,17,131,154,1.1883116883116882,0.03883705479761218,659,I come from a mixed background
2072,5364,4,21,129,154,1.1883116883116882,0.03658622622935444,659,"Well I seem to have set you at frappe, haven’t I?"
3815,5364,8,13,133,154,1.1883116883116882,0.04096439552831165,659,Of course I’m going to vote for Trump again in 2020.
4725,5364,3,23,128,154,1.1883116883116882,0.035407195764164776,659,Why do I always meet the smoothies?
5797,5364,5,19,130,154,1.1883116883116882,0.03772842943363952,659,"I wish you'd go back to throwing dishes, these things don't come off."
2998,5370,3,19,111,133,1.1879699248120301,0.03870537646987594,659,"So Marge, have you ever considered being part of a blended family?"
563,5370,5,15,113,133,1.1879699248120301,0.04154453635293475,659,"DOES THIS MEAN YOU DON'T HAVE TO BE A
VEGAN ANYMORE?"
2686,5370,2,21,110,133,1.1879699248120301,0.03720463682287573,659,I thought you'd like mixing things up a bit
208,5373,4,20,125,149,1.1879194630872483,0.03733495333953283,659,...and I was raised in a blended family.
6458,5373,4,20,125,149,1.1879194630872483,0.03733495333953283,659,Your thinking is all mixed up.
6024,5373,4,20,125,149,1.1879194630872483,0.03733495333953283,659,Well that is certainly one way to interpret a mixer.
3564,5373,1,26,122,149,1.1879194630872483,0.033493500506269556,659,I feel honored to be dating the Mix Master!
3127,5373,6,16,127,149,1.1879194630872483,0.039689900277016354,659,"Sorry Gerald, ""Whirled Peas"" is no longer a profound political statement."
4762,5373,4,20,125,149,1.1879194630872483,0.03733495333953283,659,My parents always told me to chew before swallowing.
1262,5373,5,18,126,149,1.1879194630872483,0.03853042255714695,659,The Purée - est Form of Mansplaining.
87,5380,6,19,140,165,1.187878787878788,0.03706517181142036,659,"I know it's expensive, but it's not every day your warranty ends."
1047,5380,4,23,138,165,1.187878787878788,0.035014387062967826,659,"I’m an old smoothie, I like to blend in."
2693,5380,8,15,142,165,1.187878787878788,0.039008289137373,659,Give me a few minutes. I just saw my father and he was watching FOX News.
3238,5380,4,23,138,165,1.187878787878788,0.035014387062967826,659,I think you've taken this smoothie diet thing a bit too far.
3757,5380,6,19,140,165,1.187878787878788,0.03706517181142036,659,And then what did she do?
5244,5385,6,15,123,144,1.1875,0.04059669311460592,659,This really is the last straw.
5784,5385,2,26,132,160,1.1875,0.03339714803475509,659,You sound totally mixed up today!
3608,5385,6,15,123,144,1.1875,0.04059669311460592,659,"To be frank, I was expecting a different type of sheik from your online profile."
3086,5385,5,17,122,144,1.1875,0.03938231068279761,659,So I guess your cup no longer runneth over?
65,5385,3,18,107,128,1.1875,0.03960620626622991,659,You looked much younger in your profile picture Janet
4212,5385,6,18,136,160,1.1875,0.037813157837720685,659,This date is going smoothie.
5198,5391,3,26,142,171,1.1871345029239766,0.03318423616166341,659,Your disguise is just not blending in.
1404,5392,4,21,130,155,1.1870967741935483,0.036369717182832766,659,Massive Molar Replacement!  THAT's what MMR-treatment was?
2428,5392,4,21,130,155,1.1870967741935483,0.036369717182832766,659,Wow! I don't know what I just ate but things just seem to be whirling around in my head !
2828,5392,3,23,129,155,1.1870967741935483,0.03519899355660425,659,What do you mean by “I’m mixed up about our relationship”?
3137,5392,4,21,130,155,1.1870967741935483,0.036369717182832766,659,Now I understand why people call you a Smoothie Operator
3158,5392,5,19,131,155,1.1870967741935483,0.03750391324276195,659,"My last blind date chewed with his mouth open, so I'm not too whiried."
3437,5392,8,13,134,155,1.1870967741935483,0.04071738019819961,659,"To blend or not to blend,that is the question!"
3828,5392,3,23,129,155,1.1870967741935483,0.03519899355660425,659,You need me to pre-chew that for you?
5181,5399,3,20,116,139,1.1870503597122302,0.03761243918790917,659,I guess you can call me a 'Food Puree-ist.'
5467,5399,5,16,118,139,1.1870503597122302,0.04028925924827596,659,I'm on a juice cleanse.
992,5401,3,17,103,123,1.1869918699186992,0.04057035967909163,659,"So this why you said you were ""all awhirl."""
3360,5401,3,17,103,123,1.1869918699186992,0.04057035967909163,659,"Well, shake it up, baby..."
2639,5403,4,23,139,166,1.1867469879518073,0.034821216236140776,659,I think it’s fascinating that you come from a blended family!
3776,5403,5,21,140,166,1.1867469879518073,0.03585437839778927,659,"So tell me, are you on an all-liquid diet?"
827,5405,3,22,125,150,1.1866666666666668,0.03588032141130668,659,I never expected a blind date to blend as well as this!
1495,5405,4,20,126,150,1.1866666666666668,0.03710637308053225,659,I'd prefer a shaken Daiquiri.
1670,5405,4,20,126,150,1.1866666666666668,0.03710637308053225,659,"When I said our marriage was on the rocks, I didn't mean it literally."
2214,5405,6,16,128,150,1.1866666666666668,0.03944431315687471,659,You old smoothly
4394,5405,5,18,127,150,1.1866666666666668,0.038293189757509415,659,Really? I used to be Miss Kazakhstan!
6374,5405,3,22,125,150,1.1866666666666668,0.03588032141130668,659,This is the last time I agree to go on a blind date.
6594,5405,4,20,126,150,1.1866666666666668,0.03710637308053225,659,I find that blending good ideas results in ideas that everyone hates.
5344,5412,2,21,111,134,1.1865671641791045,0.03695258124795449,659,Will we blend?
6266,5412,4,17,113,134,1.1865671641791045,0.03987398854083666,659,Clearly you have mixed emotions about raising a blended family.
6621,5412,3,19,112,134,1.1865671641791045,0.03844104722195697,659,If you want to blend in leave your grating mode and hit smoothie setting.
2574,5415,2,26,133,161,1.186335403726708,0.03320949050550226,659,"I gave up on finding the perfect man, made my own from old household appliances, and that’s you."
4702,5415,6,18,137,161,1.186335403726708,0.03759560168219449,659,Too spicy?
4321,5417,4,19,122,145,1.186206896551724,0.0378874706295391,659,This is wearing on me.
5404,5417,1,25,119,145,1.186206896551724,0.03388368499536477,659,"I prefer to mix my own drinks,its healthier and cheaper"
4366,5419,4,16,109,129,1.186046511627907,0.04083586725911914,659,"You look mixed  up darling. Spill the beans, I'll  try to understand."
6552,5419,5,14,110,129,1.186046511627907,0.042292931865882157,659,Your head shouldn’t be spinning from just calculating the tip
2208,5421,4,21,131,156,1.185897435897436,0.03615572327926449,659,I just think you should expand your culinary horizons...in the end it will still be juice!
4220,5421,3,23,130,156,1.185897435897436,0.03499318990757995,659,A simple glass of water would have sufficed.
4312,5421,6,17,133,156,1.185897435897436,0.03837528237973413,659,I'm not sure this blendered family is going to work out
6466,5421,5,19,132,156,1.185897435897436,0.03728202397651635,659,A lot of my ideas blend together...
5235,5425,5,16,119,140,1.1857142857142857,0.0400227508343548,659,"Your dating profile said you were a direct descendant 
of Hamilton Beech  up Northway."
3713,5425,4,18,118,140,1.1857142857142857,0.03871751104384216,659,I know you're looking at her every time you spin your had.
778,5425,3,20,117,140,1.1857142857142857,0.03736670628395326,659,Too much political talk makes my head spin!
1017,5425,7,12,121,140,1.1857142857142857,0.04251317948808891,659,"I’ve treasured our time together, Dave.  But I just don’t think my kids are ready to live in a blended family."
1940,5425,6,14,120,140,1.1857142857142857,0.04128674735635705,659,So when I found out about this Bluetooth option I couldn't resist!
364,5430,6,19,142,167,1.18562874251497,0.03665427865789075,659,Must you keep it on Puree while we are out to eat?
4142,5430,3,25,139,167,1.18562874251497,0.0335723330028186,659,"Sometimes I feel like you hear me but you're not listening."" Haley Parsa, New York, NY"
5213,5432,3,22,126,151,1.185430463576159,0.03566334309360599,659,Try the pureed peas.
5167,5432,6,16,129,151,1.185430463576159,0.0392017181111225,659,But enough about me. Who are you trying to be?
3788,5432,6,16,129,151,1.185430463576159,0.0392017181111225,659,"Yes, I understand what a Black Hole is, no need to be so didactic."
6900,5432,6,16,129,151,1.185430463576159,0.0392017181111225,659,Don't look at me like that  -- I'm on an all liquid diet
2240,5432,3,22,126,151,1.185430463576159,0.03566334309360599,659,"You're taking this pureed thing to a whole new level"""
2010,5432,5,18,128,151,1.185430463576159,0.038058829226782026,659,Your obviously a big hit at parties
627,5432,5,18,128,151,1.185430463576159,0.038058829226782026,659,Call the waiter back. You know damn well how I feel about cutlery.
3335,5432,4,20,127,151,1.185430463576159,0.036880540415818286,659,Just watched the news.
4596,5440,8,14,140,162,1.1851851851851851,0.03937848393119963,659,I see this food makes your head spin
6645,5440,9,12,141,162,1.1851851851851851,0.04034037968117397,659,The doctor did recommend dentures.
3578,5440,4,17,114,135,1.1851851851851851,0.03960164436058794,659,"At least I don't have to hear chewing"""
4303,5443,4,24,145,173,1.1849710982658959,0.03384296547072641,659,you looked a lot taller in your online profil
4485,5444,3,21,122,146,1.1849315068493151,0.03637237821192262,659,"I said, please don’t talk with your mouth full."
118,5444,5,17,124,146,1.1849315068493151,0.03888311355036097,659,"Harold, I know you have that anxiety disorder but you need to stop ruining our nights out"
187,5444,4,19,123,146,1.1849315068493151,0.037648681359122055,659,You'll do anything to avoid wearing false teeth.
1837,5444,2,23,121,146,1.1849315068493151,0.03504963031904306,659,Misleading? My profile clearly states that I am a Ninja.
2820,5444,5,17,124,146,1.1849315068493151,0.03888311355036097,659,"Well, you know what they say- the camera adds 10 settings."
3605,5444,2,23,121,146,1.1849315068493151,0.03504963031904306,659,I should have read the warning signs.
2990,5450,5,19,133,157,1.1847133757961783,0.03706271643375916,659,What was your name again?
2505,5450,3,23,131,157,1.1847133757961783,0.03478974439102747,659,Just once I'd like to have a nice evening by blending in.
5301,5450,4,21,132,157,1.1847133757961783,0.03594420164812587,659,I was told to chew each bite 50 times.
1825,5450,6,17,134,157,1.1847133757961783,0.0381484503850071,659,You seem a complex thinker.  I am impressed by how you blend your thoughts.
1296,5450,4,21,132,157,1.1847133757961783,0.03594420164812587,659,So you don’t want a sexual relationship - just blendship?
2203,5450,6,17,134,157,1.1847133757961783,0.0381484503850071,659,"If I were a blind date Charles, it wouldn't matter."
1153,5450,4,21,132,157,1.1847133757961783,0.03594420164812587,659,"I've heard of jug-head and potato-head, but this is ridiculous."
2997,5457,2,20,108,130,1.1846153846153846,0.03748920001048042,659,I wanted to make sure this break-up goes down easy
607,5457,3,18,109,130,1.1846153846153846,0.03904741607075517,659,"You know, I could cut your food into little bites as I did when you were a toddler if that would be easier."
1400,5457,5,14,111,130,1.1846153846153846,0.04199073553245282,659,"It’s real, and it’s spectacular."
1726,5457,2,20,108,130,1.1846153846153846,0.03748920001048042,659,You blend in well with the decor
838,5461,4,18,119,141,1.1843971631205674,0.03846449550338009,659,I'm sick of you blending my words into something your X would have said.
2496,5461,3,20,118,141,1.1843971631205674,0.03712412008029051,659,Could you whisk me up someone who looks like your Match.Com picture?
6052,5461,3,20,118,141,1.1843971631205674,0.03712412008029051,659,"Sorry, Arnold, I drank enough already."
4970,5464,5,23,151,179,1.1843575418994414,0.03403862317420029,659,But your profile said whirled peas is the solution.
6355,5465,7,14,131,152,1.1842105263157894,0.0400647052372696,659,"Will you stop that, that my head is spinning."
2146,5465,6,16,130,152,1.1842105263157894,0.038962061418880575,659,Why they put ‘date night’ next to ‘purée’ is beyond me.
6229,5465,3,22,127,152,1.1842105263157894,0.03544893655367666,659,I swear I only had a little work done!
1002,5465,3,22,127,152,1.1842105263157894,0.03544893655367666,659,Stand up for yourself instead of always feeling you just want to blend in.
850,5465,6,16,130,152,1.1842105263157894,0.038962061418880575,659,You blend.
2019,5465,3,22,127,152,1.1842105263157894,0.03544893655367666,659,"You know what, I having mixed thoughts about what I ordered"
529,5471,1,28,134,163,1.1840490797546013,0.031666174912984145,659,"No need to 'liquefy'. 'crush' will do,"
1062,5471,6,18,139,163,1.1840490797546013,0.037167841527513526,659,"If you insist on that, you really don't get much benefit from eating fiber . . . just sayin'."
3151,5471,3,24,136,163,1.1840490797546013,0.033973921729726284,659,"I know your online profile said you like to keep mixing it up, but this is crazy."
3531,5471,6,18,139,163,1.1840490797546013,0.037167841527513526,659,I was told it would reduce my social anxiety.
5219,5471,4,22,137,163,1.1840490797546013,0.03507089562210378,659,"I understand that you're having racing thoughts and your brain feels jumbled, but maybe there is a simple way to fix that."
5268,5471,2,26,135,163,1.1840490797546013,0.03284032575445373,659,I feel like you’re going around in circles with your argument.
279,5477,6,20,148,174,1.1839080459770115,0.03558360616907738,659,Yeah... no this is a Grinder meet up
6807,5478,3,19,114,136,1.1838235294117647,0.03792293223008126,659,Can you set it to pulse?
5433,5478,5,15,116,136,1.1838235294117647,0.04069414838370024,659,I know! Trump makes my head spin too!
3656,5478,5,15,116,136,1.1838235294117647,0.04069414838370024,659,"OK, So it, ""Slices, Dices,Edges and Wedges - Even Makes Fries Julienne!""  But doesn't it come in a counter-top model, as well?"
3572,5478,0,25,111,136,1.1838235294117647,0.0333369375214104,659,Does your head always spin like that?
4187,5478,4,17,115,136,1.1838235294117647,0.03933295375128817,659,I'm so nervous I can feel my pulse.
4566,5483,4,19,124,147,1.183673469387755,0.03741284801826365,659,"Yeah, but what I feeling was more like a blending of our values... you know what I mean?"
2900,5483,4,19,124,147,1.183673469387755,0.03741284801826365,659,"Can’t you just truly, simply and slowly explain to them what we mean by a “smoothie”?"
5605,5483,5,17,125,147,1.183673469387755,0.03863818263005194,659,So you decided on the Oster for tonight's evening out. Much better look than the Dyson I'd say!
6358,5483,4,19,124,147,1.183673469387755,0.03741284801826365,659,You should see the other guy
1092,5487,6,17,135,158,1.1835443037974684,0.037924259031895856,659,"So, you work at Mystery Science Theater 1000?"
1140,5487,2,25,131,158,1.1835443037974684,0.033402796331812465,659,I think your smoothie obsession has gotten out of hand.
3567,5487,1,27,130,158,1.1835443037974684,0.03217329867609314,659,I don't blend in anywhere...
4160,5487,1,27,130,158,1.1835443037974684,0.03217329867609314,659,I know how hard it is to get ahead in the world.
4859,5487,6,17,135,158,1.1835443037974684,0.037924259031895856,659,It won't taste any better blended.
5536,5492,4,16,111,131,1.183206106870229,0.040259765329072605,659,"Wait, I’m confused."
4851,5492,4,16,111,131,1.183206106870229,0.040259765329072605,659,"I just don""t seem to blend in with other people"
734,5492,3,18,110,131,1.183206106870229,0.03877381709679479,659,I don't think it is that important to chew your food.
202,5492,2,20,109,131,1.183206106870229,0.03722860567036315,659,I don't care if you came from a blended family.
4640,5492,3,18,110,131,1.183206106870229,0.03877381709679479,659,How very Cosmopolitan.
334,5497,3,20,119,142,1.1830985915492958,0.036884621567083394,659,"The Washing Machine!  and the Banister!
Am I not machine enough for you?"
1504,5497,3,20,119,142,1.1830985915492958,0.036884621567083394,659,"What are you Waring











What are you Waring??"
3095,5497,4,18,120,142,1.1830985915492958,0.03821472790710408,659,I just thought magic bullet was a euphemism for your dingwallace.
3590,5497,4,18,120,142,1.1830985915492958,0.03821472790710408,659,I assume you're blended race.
4295,5497,5,16,121,142,1.1830985915492958,0.03950007025159634,659,I know the feeling.
6765,5497,2,22,118,142,1.1830985915492958,0.03550472063373978,659,I’m leaving you Joe — her name is Chai.
30,5503,5,18,130,153,1.1830065359477124,0.037598521533810096,659,I'm more than a little mixed up myself.  I can't understand a word your saying.
1169,5503,5,18,130,153,1.1830065359477124,0.037598521533810096,659,Why so agitated? There isn't any gluten in your food.
2607,5503,6,16,131,153,1.1830065359477124,0.03872529061910169,659,"When I said I liked smoothies, I didn't mean you."
3252,5503,3,22,128,153,1.1830065359477124,0.035237057163125494,659,I don't think you're focusing.
3414,5503,7,14,132,153,1.1830065359477124,0.03982018891893143,659,"I’m telling you, Stan, you’ve got to find a way to blend your family’s needs with your work."
5779,5503,2,24,127,153,1.1830065359477124,0.03399486557572878,659,"So you say you really like to mix things up, huh?"
2421,5509,3,24,137,164,1.1829268292682926,0.03378477261230318,659,"Honey, don't mix words with wisdom."
4410,5509,1,28,135,164,1.1829268292682926,0.031492498508225074,659,Refurbished means something different to me.
5890,5511,7,18,150,175,1.1828571428571428,0.03631126674865983,659,Your chewing is very loud.
1559,5512,6,11,109,126,1.1825396825396826,0.04422280335538122,659,You don't have any teeth??
4423,5512,3,17,106,126,1.1825396825396826,0.03968253968253967,659,I didn't mean ALL daiquiris are too sweet.
914,5514,1,23,113,137,1.1824817518248176,0.034702591679549866,659,Wouldn't a protein shake be a lot easier?
2477,5514,5,15,117,137,1.1824817518248176,0.040418296563569614,659,"Happy hour is over, let’s move on to soup!"
3970,5514,5,15,117,137,1.1824817518248176,0.040418296563569614,659,That's not what is meant by a blended family.
4446,5514,4,17,116,137,1.1824817518248176,0.03906784470821097,659,"I agree, Thermomix is over rated."
6031,5514,5,15,117,137,1.1824817518248176,0.040418296563569614,659,"Mr. President, I am concerned about your next spin cycle?"
5770,5519,1,25,122,148,1.1824324324324325,0.03326500004782579,659,A-huh-huh A-huh-huh I'm in love!  I'm all shook up!
4214,5519,5,17,126,148,1.1824324324324325,0.03839628734149682,659,I know I need to update my profile picture now that I have my human head. I just wanted to meet another blender-head.
3677,5519,5,17,126,148,1.1824324324324325,0.03839628734149682,659,Trump and Melania at Burger King
5684,5519,4,19,125,148,1.1824324324324325,0.037179916867222204,659,How long does it take to chew and actually swallow?
1302,5519,3,21,124,148,1.1824324324324325,0.03592238236665713,659,"I hate it when you get all ""puree"" on me."
344,5519,6,15,127,148,1.1824324324324325,0.03957528957528957,659,Could you please close your lid when juice?
1520,5519,3,21,124,148,1.1824324324324325,0.03592238236665713,659,"What do you mean, “Where’s your mouth?”"
96,5526,4,21,134,159,1.1823899371069182,0.03552840843694508,659,"Wow, your life has really been like a whirlwind."
183,5526,3,23,133,159,1.1823899371069182,0.03438977042904448,659,"Ooh, you're such a smoothie talker."
3631,5526,4,21,134,159,1.1823899371069182,0.03552840843694508,659,Try telling the waiter he mixed up our orders!
4691,5526,2,25,132,159,1.1823899371069182,0.033212118485010475,659,"After that, it all sort of blends together."
6396,5526,4,21,134,159,1.1823899371069182,0.03552840843694508,659,Some bartenders simply refuse to make a frozen margarita.
5681,5531,5,21,144,170,1.1823529411764706,0.035075900409562884,659,I just thought it'd be more interesting if we mixed things up
5634,5531,6,19,145,170,1.1823529411764706,0.036054575768074866,659,Do you hear that whirring sound?
6313,5533,5,18,131,154,1.1818181818181819,0.03737247558646991,659,So how long have you been the CEO of Mr. Appliance?
6067,5533,8,12,134,154,1.1818181818181819,0.04063679668640397,659,fuck fuck fuck fuck fuck fuck fuck fuck fuck fuck fuck fuck fuck fuck fuck fuck fuck fuck fuck fuck fuck fuck fuck fuck fuck fuck fuck fuck fuck fuck fuck fuck fuck fuck fuck fuck fuck fuck fuck fuck fuck  fuck fuck fuck fuck fuck fuck fuck fuck fuck
5577,5533,5,20,140,165,1.1818181818181819,0.035729880163405225,659,I thought you said 8500 not 850 model on your Tinder!
4795,5533,4,18,121,143,1.1818181818181819,0.03796814700217342,659,"They say find a man who messes up your lipstick, not one who can puree your arm!"
5090,5533,3,22,129,154,1.1818181818181819,0.0350276612952401,659,You sure know how to mix things up...
6725,5533,2,22,119,143,1.1818181818181819,0.03527880488763162,659,"'Don.t beat yourself up-so much"""
3272,5533,5,14,113,132,1.1818181818181819,0.04139899935510188,659,"No, you can’t have a taste of my burger."
894,5533,4,18,121,143,1.1818181818181819,0.03796814700217342,659,So Sally was asking if you would help out at their 'Will it blend?' fundraiser.
3188,5533,5,16,122,143,1.1818181818181819,0.03924376693206433,659,They don't call me the Magic Bullet for nothin'.
2788,5533,4,18,121,143,1.1818181818181819,0.03796814700217342,659,"No matter how you slice it, transparency is not enough to keep our marriage afloat. I want a divorce."
1575,5533,2,24,128,154,1.1818181818181819,0.0337942986018418,659,Stop shaking.  Things will settle soon.
427,5533,5,18,131,154,1.1818181818181819,0.03737247558646991,659,"You find me spinning around in your brain, like the bubbles in a glass of champagne? You must be kidding."
270,5533,1,24,118,143,1.1818181818181819,0.033854113753871116,659,You’d think he’d be smoother than this
190,5533,5,18,131,154,1.1818181818181819,0.03737247558646991,659,"You know, don't you, that ""blues in the blender"" is just a metaphor?"
3212,5533,3,24,138,165,1.1818181818181819,0.033597688558538015,659,Must you have a smoothie at every single meal?
1967,5548,2,25,133,160,1.18125,0.03302357053214906,659,I don't know.. I just haven't been able to get anything down lately
6196,5548,3,23,134,160,1.18125,0.03419316544125568,659,"Hey, Daddy calling you ""Smoothie Head"" is definitely a step up from ""Meathead""."
2049,5550,4,19,126,149,1.1812080536912752,0.03694983543616943,659,"Come on, everybody doesn't look like there profile picture. On dating apps."
5696,5550,2,23,124,149,1.1812080536912752,0.0344078609568452,659,"Sure, I like margaritas...on the rocks."
5771,5552,3,19,116,138,1.181159420289855,0.03741842178725129,659,"I think we've blended together very well, don't you ?"
4211,5552,4,17,117,138,1.181159420289855,0.03880624707241912,659,I liked you better in a suit of armor.
2105,5552,2,21,115,138,1.181159420289855,0.03597710058150387,659,"""They tell me you flunked out of bartending school."
3704,5552,5,15,118,138,1.181159420289855,0.04014612477740079,659,"Yes, I did say that “sometimes your voice sounds like a blender set on purée,” but don’t you think this is too passive-aggressive a response?"
2452,5556,3,17,107,127,1.1811023622047243,0.039395067685066495,659,Are you enjoying the new member mixer?
6041,5556,4,15,108,127,1.1811023622047243,0.040950649993179,659,"So, tell me about Daft Punk’s new direction..."
6326,5558,3,24,139,166,1.180722891566265,0.033412636544717184,659,You're thinking of blonde Katie. I'm talking about red-haired Katie.
6895,5558,5,20,141,166,1.180722891566265,0.035530873633010183,659,Wrrrrrr. Wrrrrrrrhhhhhhhh!
6100,5560,3,22,130,155,1.1806451612903226,0.03482070629799701,659,Does this date include shipping and handling?
5986,5560,5,18,132,155,1.1806451612903226,0.03714910427202945,659,"You look really mixed up, darling. Why did you want to dress up if we were only going out for a burger plate?"
5103,5560,3,22,130,155,1.1806451612903226,0.03482070629799701,659,"God, this past week has been a whirlwind!"
4276,5560,4,20,131,155,1.1806451612903226,0.03600373269055227,659,"Yes, it IS hard to keep one's thoughts straight."
2174,5560,6,16,133,155,1.1806451612903226,0.038260202936935536,659,I'd rather not rehash your arguments for Intelligent Design.
2484,5560,1,26,128,155,1.1806451612903226,0.0323250247636196,659,"Well, now that we've actually met, I do believe you when you said you're the perfect blend of ethnicities."
565,5560,2,24,129,155,1.1806451612903226,0.03359604748374419,659,"Sorry,  I've been told that I chew loud before."
24,5560,5,18,132,155,1.1806451612903226,0.03714910427202945,659,I'm sorry.  I've never dated a blender before.
3895,5560,3,22,130,155,1.1806451612903226,0.03482070629799701,659,When the doctor said soft foods only this isn't what I imagined.
93,5569,7,12,125,144,1.1805555555555556,0.041406856391115014,659,"I know your Mother isn't here to chew for you...
But Donald, this is our wedding..."
655,5569,1,24,119,144,1.1805555555555556,0.033641896103576555,659,"Acceptance is important, John. Perky is as perky does."
1391,5569,4,18,122,144,1.1805555555555556,0.03772469303810345,659,It’s true. I come from a blended family.
2655,5569,4,18,122,144,1.1805555555555556,0.03772469303810345,659,"No ,I said try to blend in , not blender"
3627,5569,4,18,122,144,1.1805555555555556,0.03772469303810345,659,I think we should be friends with blender-fits.
4406,5569,5,16,123,144,1.1805555555555556,0.03899073687357329,659,You may want to try AI steak sauce with it.
6434,5569,2,22,120,144,1.1805555555555556,0.035055702397312434,659,"You’re less interesting than a Cuisinart, but you do make a mean frozen margarita."
6550,5576,4,16,113,133,1.1804511278195489,0.03969952429186513,659,Is it at least a smart blender?
1133,5577,3,16,103,122,1.180327868852459,0.040348692610077154,659,You haven't touched your marbles.
161,5578,5,19,137,161,1.1801242236024845,0.036210434348775994,659,"You spin me right round like a blender, baby."
1971,5578,6,17,138,161,1.1801242236024845,0.037267080745341616,659,"OH HENRY, I DO BELIEVE YOU NEED TO BLEND IN A LITTLE MORE OFTEN."
4397,5578,3,23,135,161,1.1801242236024845,0.03399876545731369,659,Sorry your implant did not work.
6101,5578,8,13,140,161,1.1801242236024845,0.039295226305308406,659,You seem to know a bit of everything.
6504,5578,4,21,136,161,1.1801242236024845,0.03512201309968182,659,Sara did mention you have a hard tine chewing some foods.
1414,5583,3,21,126,150,1.18,0.03548324115247314,659,And how did you pronounce your name— was it Vitta Mix?
3371,5583,1,25,124,150,1.18,0.032864714900005025,659,Are you really sure you can’t chew?
3380,5583,1,25,124,150,1.18,0.032864714900005025,659,"So, blender fluid...  that's a thing?"
5079,5583,4,19,127,150,1.18,0.03672255248886627,659,I feel like we have nothing in common.
6025,5583,3,21,126,150,1.18,0.03548324115247314,659,I simply do not understand you. You are so mixed up!
836,5588,5,15,119,139,1.1798561151079137,0.03987756070641697,659,I didn't know you were lactose intolerant.
3043,5588,5,15,119,139,1.1798561151079137,0.03987756070641697,659,"So, have you always had digestive issues?"
1289,5590,4,15,109,128,1.1796875,0.04065409126477876,659,Let me chew on it and I’ll spit out an answer.
1064,5591,5,18,133,156,1.1794871794871795,0.03692836098574405,659,AI version of a stomach tube?
3489,5591,5,18,133,156,1.1794871794871795,0.03692836098574405,659,"Mm, hold that thought!"
6700,5591,4,20,132,156,1.1794871794871795,0.03579093263879318,659,I know you didn’t want to get dressed up but can you stop making a scene just because they don’t serve milkshakes?
2323,5594,5,16,124,145,1.1793103448275861,0.03874091849736257,659,I can work with this.
3877,5594,5,16,124,145,1.1793103448275861,0.03874091849736257,659,All this talk about Keto is making my head spin too.
5463,5594,4,18,123,145,1.1793103448275861,0.03748430772211569,659,My shrink said I need to learn to blend with others.
6385,5594,3,20,122,145,1.1793103448275861,0.03618408330734987,659,"See,​ the genie really misunderstood when I told him I wanted to blend in. Well, you win some, you lose some. At least I don't have to chew my food."
1268,5598,4,16,114,134,1.1791044776119404,0.03942515095957175,659,"Oh, blah blah blah to you, too."
2310,5598,5,14,115,134,1.1791044776119404,0.0408235640141704,659,I don't want to spend my life in the kitchen.
5734,5598,4,16,114,134,1.1791044776119404,0.03942515095957175,659,How are the first few pulses tasting?
6294,5598,3,18,113,134,1.1791044776119404,0.037975277188599596,659,Did your doctor increase your prozac dosage ?
6872,5598,4,16,114,134,1.1791044776119404,0.03942515095957175,659,I've got mixed feelings about this restaurant. What do you think?
3609,5603,5,12,106,123,1.1788617886178863,0.04324644041055664,659,When I was invitered to a mixer I had no idea.
803,5604,4,19,128,151,1.1788079470198676,0.03649801798753268,659,But I already have a juicer!
4896,5604,3,21,127,151,1.1788079470198676,0.03526762107468701,659,"No, I don't want into a blended family!"
210,5606,6,13,121,140,1.1785714285714286,0.04088921329533401,659,This isn't what I meant by blending our families.
511,5606,4,17,119,140,1.1785714285714286,0.03829331427382206,659,...but yeah my wang is totally normal. I get that question all the time.
738,5606,4,17,119,140,1.1785714285714286,0.03829331427382206,659,"Yes, my name is Margarita and yes I was abandoned as a child."
4982,5606,4,17,119,140,1.1785714285714286,0.03829331427382206,659,This could be grounds for divorce
5182,5606,3,19,118,140,1.1785714285714286,0.03692699547966089,659,"Sorry, I know you don't like when I order mixed drinks"
5959,5606,4,22,142,168,1.1785714285714286,0.034109959657480426,659,I'm glad you finally found a way to espresso yourself.
6227,5606,2,21,117,140,1.1785714285714286,0.03550814092903328,659,What happened to us? I used to me that turned you on.
6289,5606,3,19,118,140,1.1785714285714286,0.03692699547966089,659,"I know it’s hard having a blended family, but we really don’t have a choice."
5140,5614,7,14,136,157,1.178343949044586,0.03887103590194292,659,"It's not you, Blenderhead; it's me."
4400,5614,4,20,133,157,1.178343949044586,0.035580605392626675,659,How old were you when your mother told you your baby teeth were going to do this?
2060,5614,5,18,134,157,1.178343949044586,0.036710200182427793,659,First spin on a blind date.
873,5614,5,18,134,157,1.178343949044586,0.036710200182427793,659,It cuts down on the need to chew.
4176,5614,6,16,135,157,1.178343949044586,0.037806059233435434,659,"Shake it up, baby, twist and ... what?"
1953,5619,3,17,109,129,1.178294573643411,0.038832296336267204,659,I don't know why we ordered two meals. I could have just drunk your head after you ate.
2330,5619,5,13,111,129,1.178294573643411,0.04183533555217617,659,"Do you need more vegetables, darling? ."
3186,5619,5,13,111,129,1.178294573643411,0.04183533555217617,659,Must you always disagree?
2956,5622,2,22,122,146,1.178082191780822,0.03461773364813663,659,This isn't really a B.Y.O.Milkshake kind of place.
410,5622,4,18,124,146,1.178082191780822,0.03724693417601578,659,"Life is not just one big smoothie after another, Owen."
857,5622,2,22,122,146,1.178082191780822,0.03461773364813663,659,we could make beautiful smoothies together...
1797,5622,3,20,123,146,1.178082191780822,0.035956373485418296,659,But I don’t like pureed rib-eye...
2368,5622,5,16,125,146,1.178082191780822,0.0384942517371362,659,So this is what you meant by “let’s shake things up a bit”?
3742,5622,2,22,122,146,1.178082191780822,0.03461773364813663,659,"No, I think computer dating is fine, it's just..."
6901,5622,4,18,124,146,1.178082191780822,0.03724693417601578,659,I don't care if it is more 'efficient' - I just think it's a little weird that you'd ask for a straw at a ritzy joint like this.
1771,5629,7,15,141,163,1.177914110429448,0.03785533299772276,659,Why are you so excited? It's only hamburger and chips.
6660,5630,4,16,115,135,1.1777777777777778,0.039154506304142495,659,You are a different blend of man than I usually date.
6521,5630,3,18,114,135,1.1777777777777778,0.037716270287603874,659,Are you the same guy who went up in flames on my Tinder date last week?
341,5630,3,26,151,180,1.1777777777777778,0.03166745618495889,659,"Wow, your ice crush setting really is impressive."
1669,5630,4,16,115,135,1.1777777777777778,0.039154506304142495,659,And how tall did you say you were again?
5737,5634,4,19,129,152,1.1776315789473684,0.03627618305886853,659,"If you would only have said ""may I please have a shake,"" this would  never have happened."
6515,5634,5,17,130,152,1.1776315789473684,0.037457974225273,659,This puree of burger is simply exquisite!
3844,5634,2,23,127,152,1.1776315789473684,0.033788825162162535,659,"Not another hamburger and fries smoothie, I hope."
2068,5634,2,23,127,152,1.1776315789473684,0.033788825162162535,659,You talk while blending?
1443,5634,3,21,128,152,1.1776315789473684,0.035054572905398006,659,I understand you can't chew well but this is getting ridiculous!
497,5634,4,19,129,152,1.1776315789473684,0.03627618305886853,659,Would you like to use my straw?
94,5634,3,21,128,152,1.1776315789473684,0.035054572905398006,659,Mine's a little tough.
612,5641,2,21,118,141,1.177304964539007,0.03527815070621612,659,Quick...someone check his pulse!
3426,5641,6,13,122,141,1.177304964539007,0.040617932094400996,659,I take it you're not a Warren Zevon fan.
5396,5643,6,16,136,158,1.1772151898734178,0.037582972618314864,659,"Sorry, I just can’t get my head out of the news cycle."
5044,5643,4,20,134,158,1.1772151898734178,0.035372708698403484,659,"No, I've never heard the term puree for brains, why?"
1485,5643,1,26,131,158,1.1772151898734178,0.03177029359970989,659,Is that your brain on juice?
2115,5643,4,20,134,158,1.1772151898734178,0.035372708698403484,659,Sounds like you are on Pulse rather than Puree.
2367,5643,4,20,134,158,1.1772151898734178,0.035372708698403484,659,I don't put a lot of value on presentation.
3723,5648,4,26,162,192,1.1770833333333333,0.031322632288563884,659,"When you mentioned what kind of day you had, I thought you were just using an expression."
1147,5649,2,19,109,130,1.176923076923077,0.03697794571547032,659,Is this your idea of insuring you can eat anything?
1639,5650,4,18,125,147,1.1768707482993197,0.03701251689454226,659,"I'm sorry, this place doesn't serve smoothies"
2168,5650,7,12,128,147,1.1768707482993197,0.040613917407896466,659,penis
641,5652,5,19,140,164,1.1768292682926829,0.03559626091240336,659,"So with your diet, you are suppose to wait to swallow until you have chewed your food for how long?"
2469,5652,3,23,138,164,1.1768292682926829,0.033428436887916586,659,"Is that a yes, a no, or just puree?"
3565,5652,4,21,139,164,1.1768292682926829,0.034529365645152806,659,"Yes, I suppose that is convenient."
5340,5655,5,14,117,136,1.1764705882352942,0.04026377210787303,659,I think frappé kissing would be moving too quickly.
5752,5655,5,17,131,153,1.1764705882352942,0.037230452027961713,659,"this is the first ""blend"" date I was ever on."
4678,5655,4,19,130,153,1.1764705882352942,0.03605699996118444,659,"This isn't shaken or stirred, it's chaos!"
5750,5655,3,18,115,136,1.1764705882352942,0.037460731714789794,659,Have you considered decaf?
1354,5655,3,18,115,136,1.1764705882352942,0.037460731714789794,659,So that’s how you purée your food!
10,5655,4,19,130,153,1.1764705882352942,0.03605699996118444,659,"Usually, it doesn't happen on the first date... but I think you already know what grinds my gears."
4436,5655,2,23,128,153,1.1764705882352942,0.033587328297884106,659,It's got to  be the kale Rob.
4374,5662,5,18,136,159,1.1761006289308176,0.036281448966745344,659,"Can we just turn the foodie down to ""purée"" tonight?"
1089,5663,3,19,120,142,1.176056338028169,0.03644815855946875,659,I'm afraid it isn't going to be as easy to blend our lives together as I thought.
1403,5663,5,15,122,142,1.176056338028169,0.03909281908624994,659,"Great burgers, but you can’t get a decent Margarita a this place."
1780,5663,3,19,120,142,1.176056338028169,0.03644815855946875,659,You're the perfect blend of sensitive and callous.
4772,5663,3,19,120,142,1.176056338028169,0.03644815855946875,659,I know I said I’m committed to a healthy life style but you’re taking it too far.
6878,5663,4,17,121,142,1.176056338028169,0.03779362887105737,659,"I thought your profile said ""James Bond"", not ""James Blend""."
6677,5668,4,18,126,148,1.1756756756756757,0.036781001705130593,659,They Warned me that you were a rea Smoothie !
4444,5668,2,22,124,148,1.1756756756756757,0.0341904191217123,659,"Honey, your speech is all mushy"
848,5668,4,18,126,148,1.1756756756756757,0.036781001705130593,659,Could you keep the noise down a bit?
1745,5668,5,16,127,148,1.1756756756756757,0.038010140091692034,659,Does Blenderism run in your family?
2215,5668,4,18,126,148,1.1756756756756757,0.036781001705130593,659,"Funny, you never mentioned on Tinder that you had special dietary needs!"
365,5673,2,19,110,131,1.1755725190839694,0.03671943111377625,659,"Well, then order something else to mutilate."
1107,5673,3,17,111,131,1.1755725190839694,0.0382851986205591,659,I just can’t be with a man who could frappe.
1678,5673,3,17,111,131,1.1755725190839694,0.0382851986205591,659,You’re the Genie. Is this what you meant when you said let’s mix things up???
3394,5673,4,15,112,131,1.1755725190839694,0.03978939865733033,659,"I guess I’m most interested in my career, settling down, and making thousands of Julienne fries."
4581,5673,2,19,110,131,1.1755725190839694,0.03671943111377625,659,This is actually my very first Blinder date.
6709,5678,4,19,131,154,1.1753246753246753,0.03584042205260224,659,Mingle Mode: ON
4367,5678,4,19,131,154,1.1753246753246753,0.03584042205260224,659,You are not my idea of a couples' mixer!
1330,5680,2,20,115,137,1.1751824817518248,0.03573705649387038,659,Hate to say it but your not blending in.....
1938,5680,4,16,117,137,1.1751824817518248,0.038624106730869946,659,"I know the food is good, but admit it, the reason we come here is the waiters offer to help you scrape the food in."
3987,5680,6,12,119,137,1.1751824817518248,0.041309878173013084,659,How interested am I in grinding?
2229,5683,3,22,135,160,1.175,0.03382111654762896,659,Didn't you get the memo about the dress code?
4427,5683,4,20,136,160,1.175,0.034964042625668434,659,"I'm sorry, I don't speak [blender noise]"
5280,5683,4,20,136,160,1.175,0.034964042625668434,659,It’s a whirlwind romance.
6276,5683,3,22,135,160,1.175,0.03382111654762896,659,I would prefer if we didn't blend our dinner this time.
6206,5687,3,19,121,143,1.1748251748251748,0.03621331315291399,659,I’m not sure I’m ready for purée.
6185,5687,5,15,123,143,1.1748251748251748,0.03883799894420519,659,"Yes Zorg, still Planes, Trains and Automobiles down here, but it does appear as though our Digestive Systems are more advanced."
1508,5687,5,15,123,143,1.1748251748251748,0.03883799894420519,659,You certainly seem like the kind of person who likes to blend in.
2485,5687,3,19,121,143,1.1748251748251748,0.03621331315291399,659,"I just landed a role as a top chef in new movie but I have to tell you, Method acting is harder than it looks."
5245,5687,4,17,122,143,1.1748251748251748,0.037548596588295395,659,Blended food is easier to digest.
1813,5692,4,21,141,166,1.1746987951807228,0.03414513561588319,659,I was hoping for a bit of splendor - not a blender.
5739,5692,5,19,142,166,1.1746987951807228,0.03519814819496672,659,I've met most of the men I date through the Radiohead fan club.
399,5694,4,14,108,126,1.1746031746031746,0.04075379437684117,659,I've never dated anyone from a blended family before.
3399,5695,4,18,127,149,1.174496644295302,0.03655233572903953,659,I meant it when I said I'm down for whatever you want to eat...
4649,5695,1,24,124,149,1.174496644295302,0.03261884551216988,659,Please! Close your mouth when you chew. Do You think we want to see that?
5315,5695,2,22,125,149,1.174496644295302,0.033980638665481414,659,"I now understand why your smoothies taste so intelligent
.
++"
6204,5695,4,18,127,149,1.174496644295302,0.03655233572903953,659,Maybe solid food eaten slowly will stop that spinning in your head.
2720,5699,1,21,110,132,1.1742424242424243,0.034842449869175,659,"You're so beautiful, you make my head spin."
5256,5699,4,15,113,132,1.1742424242424243,0.03950920874805987,659,Then I guess our relationship really is on the rocks.
6738,5699,5,13,114,132,1.1742424242424243,0.04094677028657698,659,"Um, no. Liquid diets are unsustainable because it's never just about the calories."
5112,5702,5,17,133,155,1.1741935483870967,0.03678352654997047,659,Will you stop getting so whipped up? I haven't had fries for a month!
4100,5702,3,21,131,155,1.1741935483870967,0.034430414814951536,659,I'm not sure having CPR performed by a robot can be compared to having your head make a Margarita Smoothie.
329,5702,4,19,132,155,1.1741935483870967,0.03562640376028724,659,"Bro, nobody wants to see that."
980,5702,5,17,133,155,1.1741935483870967,0.03678352654997047,659,I didn't mean to mix you up
2447,5706,1,22,115,138,1.173913043478261,0.033977241246128984,659,"When I said you should eat healthier, I didn't mean that..."
3300,5706,4,16,118,138,1.173913043478261,0.03836420846425266,659,But I do appreciate how well prepared you are.
3597,5706,3,22,136,161,1.173913043478261,0.033627962465384645,659,I’m sorry. I heard the restaurant’s daiquiri was better and I’m going to try it.
3998,5706,3,18,117,138,1.173913043478261,0.03695978853147891,659,"You're so beautiful, my head's spinning."
5880,5706,4,16,118,138,1.173913043478261,0.03836420846425266,659,stop spinning and lisen to me
2866,5711,6,17,144,167,1.1736526946107784,0.03601821190031576,659,I am not adverse to the idea of blended family but........
2664,5712,4,17,123,144,1.1736111111111112,0.03730669044830725,659,I prefer fast digestion to fast food!
5000,5712,3,19,122,144,1.1736111111111112,0.035981440425318194,659,"My, what big teeth you have!"
5107,5712,4,17,123,144,1.1736111111111112,0.03730669044830725,659,Ehh...not quite what I had in mind when I said I was okay with a blended family
6183,5712,5,15,124,144,1.1736111111111112,0.038586451629178294,659,"So, you don't think that the """"shrink"" is helping?"
6310,5712,4,17,123,144,1.1736111111111112,0.03730669044830725,659,"Thank you, but I think I'll pass on the smoothie."
6596,5712,3,19,122,144,1.1736111111111112,0.035981440425318194,659,"Fred, you don’t have to be so anxious about starting a blended family; it’s as easy as a click of the switch !"
2578,5718,2,17,102,121,1.1735537190082646,0.038350432077784796,659,Living in a blended family will make your head spin.
6165,5719,3,20,127,150,1.1733333333333333,0.03507316311749439,659,"Sorry, you're not my cup of tea."
3517,5719,3,20,127,150,1.1733333333333333,0.03507316311749439,659,"I'm sorry, but I'm just not into ""baby birding."""
4155,5719,5,16,129,150,1.1733333333333333,0.03753794997455667,659,Are you sure it was coffee?
325,5719,5,16,129,150,1.1733333333333333,0.03753794997455667,659,"I mean, shaken, stirred, what's the difference really?"
3223,5719,4,18,128,150,1.1733333333333333,0.03632646734378866,659,You' re all in a whirl?
281,5724,2,18,107,127,1.1732283464566928,0.03723758442636028,659,Now we’re percolating?
4080,5724,3,16,108,127,1.1732283464566928,0.038879584242416866,659,Oh - thanks but let me chew on that a little longer.
5312,5724,1,20,106,127,1.1732283464566928,0.035519759528429076,659,I don’t  think we blend well together
91,5727,5,17,134,156,1.1730769230769231,0.036564028319551724,659,"Mr. Waring, I'm getting mixed signals."
595,5727,4,19,133,156,1.1730769230769231,0.035414900550674824,659,"Daily smoothies do not make a marriage, Brendon."
1567,5727,3,21,132,156,1.1730769230769231,0.03422721424649391,659,"I thought I’d be okay with a blended family, but. . ."
2732,5727,4,19,133,156,1.1730769230769231,0.035414900550674824,659,This is your brain on blender.
5259,5727,5,17,134,156,1.1730769230769231,0.036564028319551724,659,Can you make anything else besides a shredded 'head of lettuce' ?
481,5732,3,17,113,133,1.1729323308270676,0.03775313771193071,659,"You say it does not change the taste, just helps with digestion?"
2735,5732,2,19,112,133,1.1729323308270676,0.03621295680475787,659,I think you're taking mastication a bit too far
4396,5734,5,18,139,162,1.1728395061728396,0.03565660988094416,659,"Are we taking Fusion Cuisine to a new level?"""
3616,5734,3,22,137,162,1.1728395061728396,0.033436975879986404,659,"Remember what the salesmen said, just toss your food in there and it will go down nice and smooth."
6095,5734,4,20,138,162,1.1728395061728396,0.034564614739648385,659,Do you always purée your food before eating?
1805,5734,2,24,136,162,1.1728395061728396,0.032269956924316875,659,The noise when you make your own smoothie makes it difficult to hold a conversation.
2407,5734,4,20,138,162,1.1728395061728396,0.034564614739648385,659,I understand...since your teeth work...
472,5739,4,16,119,139,1.1726618705035972,0.03810775205592694,659,The food going down isn’t my biggest concern.
2073,5739,3,18,118,139,1.1726618705035972,0.03671425271200126,659,"Yes, yes, I get the buzz, but what about fiber?"
2148,5739,4,16,119,139,1.1726618705035972,0.03810775205592694,659,I see that your invention will take BYOB to a whole new level!
2419,5739,5,14,120,139,1.1726618705035972,0.039452061813184315,659,My first on-line blind date and I get one all mixed up!
2744,5739,4,16,119,139,1.1726618705035972,0.03810775205592694,659,"In a thought bubble:

So that’s what Susie meant she she did he’s s real smoothie"
3506,5739,5,14,120,139,1.1726618705035972,0.039452061813184315,659,"I'm sorry George, but I'm strictly DC."
5363,5745,4,21,143,168,1.1726190476190477,0.03376927346216977,659,Are you spinning or is it the blender?
6346,5746,2,21,122,145,1.1724137931034482,0.034386839773911694,659,"Frankly, I meant a 'blended' not a 'blender' family."
5351,5746,3,19,123,145,1.1724137931034482,0.035752485091944335,659,You're Waring your food well.
5066,5746,2,21,122,145,1.1724137931034482,0.034386839773911694,659,You seem so confused
1284,5746,5,15,125,145,1.1724137931034482,0.0383381151267998,659,"I don't think we'll blend well together. You're not a 
 Vitamix."
2371,5746,5,20,149,174,1.1724137931034482,0.0340144938011551,659,Stop whizzing!
2249,5746,5,15,125,145,1.1724137931034482,0.0383381151267998,659,I’m not sure that I like the idea of a blended family...
4520,5746,2,21,122,145,1.1724137931034482,0.034386839773911694,659,The wedding’s off.  A blended family won’t work.
4429,5753,4,18,129,151,1.1721854304635762,0.03610334614685831,659,I know things can get really mixed up with a blended family.
3368,5753,3,20,128,151,1.1721854304635762,0.03485902153316006,659,"No, I've never seen ""Blenderman."
3129,5753,5,16,130,151,1.1721854304635762,0.037306190153249645,659,"It's obvious your head is going 5,000 revolutions per minute."
3049,5753,3,20,128,151,1.1721854304635762,0.03485902153316006,659,"Sorry, I just thought I’d ask you first."
2149,5753,5,16,130,151,1.1721854304635762,0.037306190153249645,659,I thought you ordered vegetarian. Or did you mix it up?
3079,5753,1,24,126,151,1.1721854304635762,0.03222655645191111,659,I've stopped feeling the buzz in our relationship
551,5759,1,25,131,157,1.1719745222929936,0.03153530169612882,659,These fad diets are getting really intense.
3258,5759,6,15,136,157,1.1719745222929936,0.037453595818110724,659,It's not my birthday; it's our anniversary. Why must you mix things up so?
4479,5759,1,25,131,157,1.1719745222929936,0.03153530169612882,659,You seem a little shakey tonight.
4555,5759,4,19,134,157,1.1719745222929936,0.035205868900656134,659,Are you still rotating your appetizer?
6471,5759,4,19,134,157,1.1719745222929936,0.035205868900656134,659,"No, I said I thought the guy in Ben Hur was handsome."
5909,5764,3,16,109,128,1.171875,0.038598374611345944,659,"Is it true you like your martinis shaken, not stirred?"
255,5764,3,16,109,128,1.171875,0.038598374611345944,659,"Not to be rude, but you’re giving me mixed signals, so I’m breaking up with you."
64,5766,5,18,140,163,1.1717791411042944,0.03545304328274259,659,"Tell me the truth honey, are you on Grindr?"
2868,5766,3,22,138,163,1.1717791411042944,0.03324812105864267,659,you've been a bit jittery should i order something?
2512,5768,1,21,112,134,1.171641791044776,0.03436931877821468,659,I like how you put things together!
6132,5768,2,19,113,134,1.171641791044776,0.03596485678982454,659,Blending in is not your thing!
6178,5768,1,21,112,134,1.171641791044776,0.03436931877821468,659,Still mixing your words with your mood?
6215,5771,2,20,118,140,1.1714285714285715,0.03503464317340017,659,"I get it, you're really into smoothies...now can we talk about something else?"
5590,5771,3,18,119,140,1.1714285714285715,0.03647192269686756,659,But where's that whurring sound coming from?
4271,5771,3,18,119,140,1.1714285714285715,0.03647192269686756,659,Who's your daddy?
3898,5771,2,20,118,140,1.1714285714285715,0.03503464317340017,659,You look shaken up. Do I make you nervous?
3719,5771,3,18,119,140,1.1714285714285715,0.03647192269686756,659,What? No. I’m actually sort of a pacifist.
4004,5771,3,18,119,140,1.1714285714285715,0.03647192269686756,659,I got it for you at the Goop Summit.
302,5777,3,19,124,146,1.1712328767123288,0.03552639320533475,659,What's that aftershave you're wearing?
1401,5777,2,21,123,146,1.1712328767123288,0.034170913111746,659,I come from a blended family also...
2535,5777,3,19,124,146,1.1712328767123288,0.03552639320533475,659,The price of these burgers really does make your head spin.
6005,5777,4,17,125,146,1.1712328767123288,0.03683202309770149,659,What?  You think I'm mixed up?
6275,5777,5,15,126,146,1.1712328767123288,0.038092928960099366,659,I prefer whip over puree.
5792,5782,1,24,127,152,1.1710526315789473,0.03203387316738355,659,"That's sweet, but I don't think kale shakes are the traditional three-year anniversary gift."
6282,5782,5,16,131,152,1.1710526315789473,0.03707725088334787,659,"So, I  guess what you meant by ""somewhat shy"" was ""totally  nuts!"""
6461,5782,2,22,128,152,1.1710526315789473,0.033366261490384144,659,I just meant we’d try to blend in with these rich folks.
2627,5785,4,19,135,158,1.1708860759493671,0.034999266269688516,659,"You're the first decaffeinated I ever dated."""
1152,5785,5,17,136,158,1.1708860759493671,0.03613273162245008,659,"Seriously Honey, how can you not be encouraged by having a successful businessman in the White House?"
1654,5787,3,22,139,164,1.170731707317073,0.033061363034350755,659,"Eating, just try to blend in."
854,5787,4,20,140,164,1.170731707317073,0.03417411922458823,659,I can't marry you. Your mother says I'll never blend it.
6499,5789,3,23,144,170,1.1705882352941177,0.03234265570770757,659,"It's me , I need some one who shakes me"
326,5790,1,20,108,129,1.1705426356589148,0.03501804457285398,659,Help! I’ve got a radish stuck.
6595,5791,6,18,152,176,1.1704545454545454,0.034606490850313684,659,You don't need to be so superior about it.
3493,5792,4,15,116,135,1.1703703703703703,0.038691621073106634,659,"Oh, I'm a hopeless mixer too"""
4465,5792,0,23,112,135,1.1703703703703703,0.03247781185995596,659,"A kiwi fruit for your thoughts, Jeffrey."
3312,5794,5,14,122,141,1.1702127659574468,0.03892872296886829,659,"Dear, the work day is over. You can turn your brain purée off now."
3446,5794,4,16,121,141,1.1702127659574468,0.037604897944193055,659,"well, you really are a blend of emotions tonight!"
3731,5794,3,18,120,141,1.1702127659574468,0.03623273694877958,659,They said I needed the receipt
5580,5794,5,14,122,141,1.1702127659574468,0.03892872296886829,659,I didn’t think you meant it literally when you said that your “milkshakes bring all the boys to the yard”
5931,5798,5,15,127,147,1.1700680272108843,0.0378508341429082,659,Seriously Charles. Youve taken power point to a new level.... I repeat....this blended family thing is not working for me.
5419,5798,4,17,126,147,1.1700680272108843,0.03659914869499552,659,My milkshakes bring all the girls to the bar
5389,5798,3,19,125,147,1.1700680272108843,0.03530311211611292,659,Who are you calling an air-head?
5377,5798,6,13,128,147,1.1700680272108843,0.03906243214943865,659,"I thought I was vegan , but yes I have eaten pesto"
567,5798,2,21,124,147,1.1700680272108843,0.033957646634701966,659,You are a man of deep ... frappéd ... thoughts.
3187,5798,4,17,126,147,1.1700680272108843,0.03659914869499552,659,You are the first sharp guy I met on tinder!
1656,5798,2,21,124,147,1.1700680272108843,0.033957646634701966,659,Now I see why you said over the phone your head is spinning way above average!
5212,5798,3,19,125,147,1.1700680272108843,0.03530311211611292,659,But it's so hard to successfully blend our families.
5783,5806,3,20,130,153,1.1699346405228759,0.03443840274848347,659,A penny for your purée.
6281,5806,5,16,132,153,1.1699346405228759,0.03685108150214539,659,"Yeah, it's called Brumotactillophobia. It's kind of a deal breaker..."
5488,5806,2,22,129,153,1.1699346405228759,0.03316631230422294,659,If you don't like your steak you can always have hamburger.
5131,5806,2,22,129,153,1.1699346405228759,0.03316631230422294,659,Here fresh fruit is cheaper than shakes
4748,5806,4,18,131,153,1.1699346405228759,0.035665149598344006,659,"Hold on, let me interupt you by getting even louder"
2985,5806,4,18,131,153,1.1699346405228759,0.035665149598344006,659,"Au contraire ! ""Our Tour on the Alimentary Canal"" strengthens us as ""Soulmates"" !"
5374,5806,5,16,132,153,1.1699346405228759,0.03685108150214539,659,Did it bring more boys to the yard?
2955,5813,6,15,138,159,1.169811320754717,0.03701241103952332,659,"No more of the asparagus purée for me, Grandma."
3525,5813,4,19,136,159,1.169811320754717,0.03479505107279786,659,"A kiss is not out of the question, if I can find your lips."
3752,5813,6,15,138,159,1.169811320754717,0.03701241103952332,659,"You sure, you don’t want beets to go with that?"
4111,5813,4,19,136,159,1.169811320754717,0.03479505107279786,659,"Honey, do you think there will be a corkage charge?"
5230,5813,5,17,137,159,1.169811320754717,0.03592084457607615,659,Mom always said to chew thoroughly.
3617,5818,4,20,141,165,1.1696969696969697,0.033982129150040376,659,"Anyway, he'll be eating through a straw for a month."
2476,5819,2,25,144,171,1.1695906432748537,0.03108067962898875,659,Trust me - the milkshake is awesome in this place.
1287,5820,3,16,111,130,1.1692307692307693,0.03804786480885628,659,"Gauging your pulse, I feel like you're not on board."
3239,5820,4,14,112,130,1.1692307692307693,0.0395840953021522,659,My parents named me after the dating app Blendr...
6730,5820,2,18,110,130,1.1692307692307693,0.036446939955723866,659,We'll have to skip dessert. I'm running out of juice
2603,5823,1,21,114,136,1.1691176470588236,0.03390867373631621,659,When you said you'd stir things up ummm...
4302,5823,3,17,116,136,1.1691176470588236,0.036981929077634895,659,Sorry. We don't have to talk about Clara.  I  can see your head 's in a different place.
5036,5823,2,19,115,136,1.1691176470588236,0.03547859377751011,659,"I shouldn't talk about my mother on a first date, but that might explain some things."
1132,5826,5,14,123,142,1.1690140845070423,0.03867218647534797,659,"Ralph, I resent that, I'm not mixed up about it, and I think they call that projection."
6181,5827,3,19,126,148,1.1689189189189189,0.03508259043510859,659,"Just plug it in, dear."
1868,5827,4,17,127,148,1.1689189189189189,0.03636917396635243,659,"What do you say, wanna shake things up?"
4014,5827,4,17,127,148,1.1689189189189189,0.03636917396635243,659,Do you prefer the nuts or the bolts.
471,5827,4,17,127,148,1.1689189189189189,0.03636917396635243,659,can you fucking close your mouth when you chew your food you god damn slob
157,5827,2,21,125,148,1.1689189189189189,0.03374699228494797,659,You're so smoothie​.
976,5827,3,19,126,148,1.1689189189189189,0.03508259043510859,659,This was not what I had in mind when I said I would be interested in a blended family
657,5833,0,26,128,154,1.1688311688311688,0.030284835747020122,659,"Well, I mostly like active men."
2982,5833,5,16,133,154,1.1688311688311688,0.03662763253804509,659,Your looks is fine but the noise is causing attention.
6453,5833,3,20,131,154,1.1688311688311688,0.034231835908914245,659,Your bio did say ‘self-sufficient’.
691,5836,4,19,137,160,1.16875,0.03459318265444106,659,"I wanted to impress you so I wore the most expensive item in my closest. Also, with this model we can make our own soup."
4319,5836,2,23,135,160,1.16875,0.032240589041780954,659,"So would a blended family work exactly ?"""
4609,5836,3,21,136,160,1.16875,0.03343758265727748,659,It's my blended family genetics.
5439,5839,3,22,141,166,1.1686746987951808,0.03269400121927558,659,I know I look like my hair caught in a blender... crazy day at the office!
178,5839,5,18,143,166,1.1686746987951808,0.03485593803043552,659,I love you so much. You just know how to blend the good with bad and make everything smooth out.
1519,5841,3,15,107,125,1.168,0.03891429789479905,659,Now will you stop telling me I have to chew my food?!?!
1134,5842,3,16,112,131,1.16793893129771,0.03777839974721517,659,"Is this your first blondate, blendate, blandate, blindate?"
368,5843,7,9,121,137,1.167883211678832,0.04217333105742182,659,This is not what I meant when I said I wanted to discuss our blended marriage.
3160,5843,4,15,118,137,1.167883211678832,0.03816494768254733,659,"I'm not sure what drink I ordered, but is there a chance your head is a blender?"
5208,5843,3,17,117,137,1.167883211678832,0.036731744100379986,659,"Um . . . yeah, I hear ya, I also often like my head is constantly spinning during these turbulent times."
6567,5843,1,21,115,137,1.167883211678832,0.0336828830527354,659,"...and I have seven siblings, but obviously we are a blended family"
5823,5847,4,16,123,143,1.167832167832168,0.03711502744295631,659,Marriage? Now MY head's spinning...
209,5847,4,16,123,143,1.167832167832168,0.03711502744295631,659,"Mr. Coffee, I didn't expect you to be such a drip."
861,5847,3,18,122,143,1.167832167832168,0.03576355974804333,659,"Honey, I think you may have gone a little overboard with this protein shake diet."
990,5850,2,21,126,149,1.167785234899329,0.033538903130483196,659,"Buzz, buzz, buzz! Can’t you talk about anything else?"
855,5850,3,19,127,149,1.167785234899329,0.03486477799675684,659,You’re just a mess of ideas Henry.
432,5852,2,22,131,155,1.167741935483871,0.03277342823921983,659,I think we're gonna mix just fine!
4090,5852,3,20,132,155,1.167741935483871,0.03402770605128512,659,‘The way you blend topics is enigmatic’
3323,5854,4,19,138,161,1.1677018633540373,0.0343936212631981,659,"You know, bad coffee is grounds for divorce."
6156,5854,3,21,137,161,1.1677018633540373,0.03324577314552209,659,Send it back if it's not pureed.
5306,5856,3,22,142,167,1.1676646706586826,0.032513331147612276,659,"I know you like fries, but our agreement was there would be no whirring in public!"
3995,5857,1,19,106,126,1.1666666666666667,0.03518657752744984,659,"If you ask me, you are taking me a bit far."
4027,5857,1,18,101,120,1.1666666666666667,0.03615507630310935,659,"I suppose you are a good mixer, as it whirrrr...."
4342,5857,4,13,109,126,1.1666666666666667,0.040237390808147824,659,"Thanks for the recommendation, but I think I'm going to pass on ""Dentures in One Hour."""
4535,5857,2,20,122,144,1.1666666666666667,0.03413943709994594,659,Is that your idea for making fast food even faster?
4626,5857,3,17,118,138,1.1666666666666667,0.03648488835845413,659,"No, I'd rather not drink my food. Thanks."
5265,5857,3,18,123,144,1.1666666666666667,0.035533452725935076,659,"I forgot, you're used to strained meals!"
5699,5857,5,16,135,156,1.1666666666666667,0.03618870372594482,659,WHiRRrrr.
3892,5857,5,12,115,132,1.1666666666666667,0.04047866883790824,659,"''It's not you, it's pea.  I hate pea protein."""
5998,5857,3,22,143,168,1.1666666666666667,0.03233462527439859,659,People do say I’m mixed up.
6141,5857,3,19,128,150,1.1666666666666667,0.034649625823724085,659,And they never serve me a straw at this place!
6143,5857,3,16,113,132,1.1666666666666667,0.03751268837181866,659,Is that a new blender you're wearing? I like it! Does it come in other colors?
6774,5857,4,17,129,150,1.1666666666666667,0.03591771190286294,659,"Social mixers generally bore me, but after tasting this coco loco , I think we should be friends."
5326,5857,2,19,117,138,1.1666666666666667,0.03500515041721526,659,You certainly are a smoothie talker.
3858,5857,4,14,114,132,1.1666666666666667,0.039023867182598794,659,Stop trying to smoothie over the problem.
1712,5857,3,20,133,156,1.1666666666666667,0.033825970872786895,659,This can't be good.
3398,5857,4,18,134,156,1.1666666666666667,0.035027264972095955,659,"Trevor darling you take things too literally sometimes. When I said your looks were such, that you should try to blend in at this restaurant, I meant for you to control some of your extreme behaviours!!"
141,5857,4,17,129,150,1.1666666666666667,0.03591771190286294,659,Off the top of your head do you know if it’s decaf?
3520,5857,2,22,132,156,1.1666666666666667,0.032580413127335194,659,That shake-up at the office really seems to have gotten to you.
932,5857,5,14,125,144,1.1666666666666667,0.03816905103452871,659,"Apparently, you broke it to her."
1208,5857,4,16,124,144,1.1666666666666667,0.036874806572392484,659,"Please don’t get all crushed ice with me, honey."
1357,5857,6,13,131,150,1.1666666666666667,0.03832822648601176,659,Is that a Ninja?
1586,5857,2,20,122,144,1.1666666666666667,0.03413943709994594,659,You got my order all mixed up.
672,5857,6,15,141,162,1.1666666666666667,0.036369648372665396,659,I think we shall pass on utensils today.
1756,5857,4,15,119,138,1.1666666666666667,0.03790690703982399,659,"Dear, don't get so upset when the president calls you ""cocktail head."""
2587,5857,5,16,135,156,1.1666666666666667,0.03618870372594482,659,"On match.com you said you like to 'Shake 'n Bake, I guess I didn't understand."
2618,5857,2,22,132,156,1.1666666666666667,0.032580413127335194,659,"Good effort, honey, but now we’re just attracting more attention.”"
2765,5857,4,17,129,150,1.1666666666666667,0.03591771190286294,659,"You're all mixed up now, Honey. Let me explain it again."
2847,5857,2,17,107,126,1.1666666666666667,0.036946980459563475,659,"My mother would always tell me to chew my food, guess it depends on where you grow up..?"
3034,5857,4,16,124,144,1.1666666666666667,0.036874806572392484,659,Isn't it juicy enough for you?
6754,5886,4,21,150,175,1.1657142857142857,0.03251589769784022,659,You better switch to puree.
103,5887,4,20,145,169,1.165680473372781,0.0332350693493532,659,Why don’t you think I seem like an emotionally available adult?
6743,5888,6,14,137,157,1.1656050955414012,0.037090772998287155,659,This smoothie obsession of yours has gotten way out of hand.
5509,5888,4,18,135,157,1.1656050955414012,0.0348196324930958,659,I thought I’d mix things up a bit.
5089,5888,4,18,135,157,1.1656050955414012,0.0348196324930958,659,"I told you we could reschedule if you needed some time to recover after the installation."""
707,5888,3,20,134,157,1.1656050955414012,0.03362658902752621,659,Brrrrrrrrrrrrrrrrrrrrrrrrrrrrrrrrrrr
981,5888,2,22,133,157,1.1656050955414012,0.03238963062923131,659,"For once, can we stay home this Cinco de Mayo?"
4617,5888,3,20,134,157,1.1656050955414012,0.03362658902752621,659,"My apologies, I get a little shaky when I'm hungry."
5123,5894,7,11,133,151,1.1655629139072847,0.03923154064728135,659,Have you seen the blender?
6885,5894,4,17,130,151,1.1655629139072847,0.03569612190851596,659,"Really dear, I do wish you would comb your hair like a normal person."
2975,5894,4,17,130,151,1.1655629139072847,0.03569612190851596,659,You are as fresh as they come.
926,5894,4,17,130,151,1.1655629139072847,0.03569612190851596,659,I've been trying to mix things up. What do you think?
1112,5894,3,19,129,151,1.1655629139072847,0.03443708609271524,659,I agree it's a way to express your disdain for fusion food and disguise your identity as a restaurant critic.
1484,5894,2,21,128,151,1.1655629139072847,0.033130238118771936,659,"I know this has you all shook up, but try to see it from my perspective."
2027,5900,4,16,125,145,1.1655172413793105,0.03663764931151547,659,"That ""One Day Full Teeth Implant"" office will exchange your food chopper once your check clears."""
3865,5900,4,16,125,145,1.1655172413793105,0.03663764931151547,659,I love the idea of having a blended family with you!
3907,5900,1,22,122,145,1.1655172413793105,0.03248016356539033,659,"For sure, cheapest bi-pass on the Internet"
4261,5900,2,20,123,145,1.1655172413793105,0.03392265416867519,659,I really think you are all mixed up about this.
4578,5900,5,14,126,145,1.1655172413793105,0.03792232571568649,659,"Sorry, thought this was a blind date . . blind with an 'I'"
5186,5900,4,16,125,145,1.1655172413793105,0.03663764931151547,659,"Shaken,stirred,mixed - whatever"
6011,5900,1,22,122,145,1.1655172413793105,0.03248016356539033,659,"You know, almost 500 million plastic straws end up in the oceans every year."
1638,5907,3,17,119,139,1.1654676258992807,0.03624129663679543,659,Just wait till later tonight.
2166,5907,2,19,118,139,1.1654676258992807,0.03477308107373989,659,I've always been told to chew my food 32 times.
3658,5907,2,19,118,139,1.1654676258992807,0.03477308107373989,659,The Extreme Juicer Diet cuts out the middle-man.
4371,5907,2,19,118,139,1.1654676258992807,0.03477308107373989,659,You said you were a blend but wasn’t thinking this is what you meant...
5068,5907,4,15,120,139,1.1654676258992807,0.03765230399950993,659,Buyout Yankees Nadal options did Trump Catskills?
5269,5907,1,21,117,139,1.1654676258992807,0.03324007750901876,659,I hope you don't mind giving me a hand.  Just chuck it in and hit on.
6288,5913,4,14,115,133,1.1654135338345866,0.03874961120027727,659,I think they’ve mixed up your order
2338,5913,4,14,115,133,1.1654135338345866,0.03874961120027727,659,And soon it will render ...
5098,5913,6,10,117,133,1.1654135338345866,0.04158575118088099,659,"I know it's our first date, but I can whip up a smoothie or shake in no time at all."
4101,5916,5,11,111,127,1.1653543307086613,0.04147598592883339,659,I'm guessing we have different versions.
5879,5917,4,20,146,170,1.1647058823529413,0.03305336175158311,659,I disagree. Honey and cloves DON'T mix with anchovies and kale.
6747,5917,3,22,145,170,1.1647058823529413,0.03198298108067382,659,Can I make the disappointment any more smoothly?
3170,5919,2,22,134,158,1.1645569620253164,0.03220104282547201,659,You're just all mixed up in the head.
6251,5919,3,20,135,158,1.1645569620253164,0.033429520100224736,659,"I asked you to nod if you agree, not purée."
2819,5921,4,17,131,152,1.1644736842105263,0.035477226195741125,659,"Harold, you forgot the Adderall"
4759,5921,3,19,130,152,1.1644736842105263,0.034227112101419016,659,"No, your daiquiris are fine. It’s just that your pulverizing it for me like you used to."
51,5923,4,16,126,146,1.1643835616438356,0.036403498018077796,659,"I hate to tell you, but that costume looks REALLY stupid."
428,5923,3,18,125,146,1.1643835616438356,0.035081923502890106,659,So this is a thing now? Tim Blender?
1310,5923,5,14,127,146,1.1643835616438356,0.037678747049785966,659,"There´s no need to whir, we were told they had no bacon"
6647,5923,2,20,124,146,1.1643835616438356,0.033708575249824374,659,Do you want to see the wine list again?
6875,5923,3,18,125,146,1.1643835616438356,0.035081923502890106,659,"You know , your profile never said a thing about your puree preferences?"
6627,5928,3,17,120,140,1.1642857142857144,0.0360009053867454,659,You Blend in with the food
4442,5928,1,21,118,140,1.1642857142857144,0.03302295175825108,659,I’ll give you a 5 minute head start.
1155,5928,3,17,120,140,1.1642857142857144,0.0360009053867454,659,This is not what I meant by choosing to be a blended family.
2443,5928,1,21,118,140,1.1642857142857144,0.03302295175825108,659,I told the waiter to skip your knives and forks--but still prepare a selection of extension cords after our main course.
2590,5928,2,19,119,140,1.1642857142857144,0.034544033721419766,659,"You're my last hope. I don't care if you don't talk, eat or even hug, as long as you make great green smoothies on demand!"
1690,5933,3,16,115,134,1.164179104477612,0.03699222083773449,659,"You wanted to shake things up a bit, Carol!"
4676,5933,4,14,116,134,1.164179104477612,0.03847915348785321,659,"I'd say you're a blender head,but you're really a dunderhead"
4938,5933,2,18,114,134,1.164179104477612,0.03544296195119237,659,"Are you okay, dear? You seemed a bit mixed up."
1785,5936,2,22,135,159,1.1635220125786163,0.0320146126332741,659,Oh my! You really do chew loudly.
2197,5936,5,16,138,159,1.1635220125786163,0.03554954162515485,659,Could you please act your age and stop pulsing your food?
3244,5938,5,15,133,153,1.1633986928104576,0.03646005719335331,659,Frappe” was my father’s nam
5630,5938,4,17,132,153,1.1633986928104576,0.03526097642631427,659,I don’t feel well. I think my PULSE is racing.
3848,5940,6,12,129,147,1.163265306122449,0.038662785104770295,659,"this steak just falls apart, doesn't it?"
3878,5940,4,16,127,147,1.163265306122449,0.036172296468796966,659,"I'm sorry my head has been spinning lately, I just have a lot on my mind."
6689,5942,2,19,120,141,1.1631205673758864,0.03431795055080989,659,My online dating profile needs improvement.
2880,5942,3,17,121,141,1.1631205673758864,0.03576365267421032,659,All the lies are blending into some sort of double-speak!
2393,5942,3,17,121,141,1.1631205673758864,0.03576365267421032,659,Shall I call an EMT ? 'Looks to me like you've got the vegetarian shakes.
2426,5942,3,17,121,141,1.1631205673758864,0.03576365267421032,659,"‘Dear, we really don’t need a Bordelaise just for these hamburgers ‘"
1367,5946,4,13,112,129,1.1627906976744187,0.039360651185251755,659,You got what you deserved. Why did you so aggressively insist that our drinks be swirled and not shaken or stirred?
5809,5946,1,19,109,129,1.1627906976744187,0.034436735744024935,659,I still can’t decide between juicing and blending.
6262,5946,5,11,113,129,1.1627906976744187,0.0408703424592309,659,This will be the last time I go on a blind date with a self proclaimed ninja.
1933,5949,2,23,141,166,1.1626506024096386,0.03116833761402348,659,Am I  being too meddlesome?
2040,5949,3,21,142,166,1.1626506024096386,0.03231848727508041,659,Too much?
144,5951,4,17,133,154,1.1623376623376624,0.03504732539676946,659,You are a strange mish-mash of ideas!
967,5951,5,15,134,154,1.1623376623376624,0.03623806638454453,659,"I guess I shouldn't have asked you to try to blend in.

Peter Giessner, Peapack ,NJ"
3044,5951,4,17,133,154,1.1623376623376624,0.03504732539676946,659,Do you prefer your burger whipped or pureed?
3529,5951,4,17,133,154,1.1623376623376624,0.03504732539676946,659,I’m not really hungry.  I just didn’t want you to eat alone.
5002,5951,3,19,132,154,1.1623376623376624,0.033814679942939393,659,Don't be so over dramatic!
5267,5951,2,21,131,154,1.1623376623376624,0.03253536755316917,659,Bill had mixed thoughts about going back on solids.
4605,5957,3,18,127,148,1.162162162162162,0.03464161861954895,659,"I swiped you for that beautiful blended family profile.""  ""Tinder must have autocorrected."
4570,5957,4,16,128,148,1.162162162162162,0.03594398981665106,659,I think your addiction has muddled your thinking!
3810,5957,0,24,124,148,1.162162162162162,0.0304015748031344,659,"No,no,no..it is not that I do not understand how convenient it would be..it is that I just do not love you..."
2352,5957,2,20,126,148,1.162162162162162,0.03328833244884829,659,I think the computer dating site accidentally blended our information and it has caused a mixup!
1902,5957,4,16,128,148,1.162162162162162,0.03594398981665106,659,I am restricted to a liquid diet.
3973,5957,5,14,129,148,1.162162162162162,0.037200793906807285,659,You look warm--want to take your jacket off?
3145,5963,4,15,123,142,1.1619718309859155,0.03690845346306802,659,You can not be so obvious about blending in!
3275,5963,4,15,123,142,1.1619718309859155,0.03690845346306802,659,I have a theory as to why you feel as if your brain is spinning....
5654,5965,4,20,149,173,1.1618497109826589,0.03251986482386687,659,"So, how did you like the movie, Jarhead?"
6555,5966,4,14,118,136,1.161764705882353,0.03794932441939181,659,"Oh my, Fred. Looks like that triple-shot espresso went right to your head!"
4370,5967,1,19,110,130,1.1615384615384616,0.034193748280183574,659,I prefer a cocktail over a smoothie.
6230,5968,2,22,137,161,1.1614906832298137,0.03164808080246297,659,My date sounds like the current administration.  He continuesly spins tales.
6428,5968,3,20,138,161,1.1614906832298137,0.03285180010337364,659,Excuse me whilst I purée your love/hate feelings into an Acceptable Joe Bisque.
307,5970,6,13,136,155,1.1612903225806452,0.03716365258050648,659,I warned you what would happen if you continued this excessive chewing!
5502,5971,4,16,129,149,1.1610738255033557,0.03571852454967562,659,"Oh crap, you’re literally screwed, David!"
3143,5971,1,22,126,149,1.1610738255033557,0.03168167974246577,659,I knew it was all over the night said she couldn't stand the sound of my voice anymore.
2936,5971,5,14,130,149,1.1610738255033557,0.03696630516528511,659,My steaks pretty tough; do think you could lend me your head?
496,5971,2,20,127,149,1.1610738255033557,0.033082072983284624,659,"You really blend an entirely new visual to that ""Shaken, not stirred"" thing."
1315,5971,3,18,128,149,1.1610738255033557,0.034425546828461204,659,But you love dancing!
1219,5971,8,8,133,149,1.1610738255033557,0.04047952423478566,659,"But, her emails."
2570,5971,7,10,132,149,1.1610738255033557,0.039343324220347656,659,the blender's cord is in the lady's coochie
3890,5978,2,15,101,118,1.1610169491525424,0.03800458770359806,659,"Whirr, chop chop, whirr."
6692,5979,4,15,124,143,1.1608391608391608,0.03666694227504125,659,"Arthur, darling, your head is spinning. Are you agitated?"
5652,5979,3,17,123,143,1.1608391608391608,0.03529832290012759,659,Stop your whirrrrring everything will be ok
153,5979,3,17,123,143,1.1608391608391608,0.03529832290012759,659,"I'm sorry, I thought you said puree."
184,5979,2,19,122,143,1.1608391608391608,0.03387445266453964,659,"It's you and not me, I'm afraid you are just too narrow minded for me."
2031,5979,7,9,127,143,1.1608391608391608,0.040496219879388895,659,"I think the chef  has anger issues!
I think it is a bit tough also."
912,5984,4,19,145,168,1.1607142857142858,0.033058128055638535,659,"Gosh Doris, this smoothie diet has gone to your head."
4265,5984,2,23,143,168,1.1607142857142858,0.030826414512290776,659,can't you ever eat without your smoothies?
5523,5984,4,19,145,168,1.1607142857142858,0.033058128055638535,659,I wash it down with lukewarm water after the second course before dessert arrives.
1752,5987,5,12,120,137,1.1605839416058394,0.03908789492493157,659,"Honestly Barbara, I don't see why you're such a stickler for etiquette. Ed doesn't close his mouth when HE chews."
5475,5987,4,14,119,137,1.1605839416058394,0.03768980396216881,659,I’ve always been partial to appliance men.  My ex was a shiny percolator.
98,5989,2,22,138,162,1.1604938271604939,0.03146790898406791,659,My milkshake brings all the girls to the yard...
283,5989,5,16,141,162,1.1604938271604939,0.03493240621735296,659,"Well, your profile did say that you have a blended family"
2033,5991,4,17,135,156,1.1602564102564104,0.03462763622294088,659,Do you want a table away from the vent? You're shaking.
5827,5991,5,15,136,156,1.1602564102564104,0.0358020415106055,659,"Seriously, this gives a new spin to online dating, ""Smooth and mysterious and ready for a healthy relationship.""  First, you have to be ready to get over the humiliation and noise level!"
6693,5991,3,19,134,156,1.1602564102564104,0.03341197696110685,659,Did you just FaceTime your ex?
5542,5994,5,14,131,150,1.16,0.03673473446050303,659,Wanna throw your tender heart in a blender?
5944,5994,3,18,129,150,1.16,0.03421212940840891,659,Can I at least know what you're thinking?
5700,5994,2,20,128,150,1.16,0.0328783262962813,659,Dr Waring has helped so many people with conditions identical to yours.
5533,5994,3,18,129,150,1.16,0.03421212940840891,659,What? You don’t blend your food before you eat?!
6359,5994,3,18,129,150,1.16,0.03421212940840891,659,I've gotta know: are we a good mix or is this just ice crush?
2994,5994,4,16,130,150,1.16,0.03549584845120191,659,I'm sorry.  I just don't think you will ever get yourself straightened out.
2805,5994,3,18,129,150,1.16,0.03421212940840891,659,"No, Mr. Strongplaidsen, beets are not a panacea."
1544,5994,0,24,126,150,1.16,0.030033538300020392,659,For the third time I do not have kids.  You seem to be confused by my use of blended family
1154,5994,2,20,128,150,1.16,0.0328783262962813,659,"Mr. Bond, you lost me at ‘shaken, not stirred!’"
995,5994,3,18,129,150,1.16,0.03421212940840891,659,Honestly i was thinking mixed-ethnicity from your “blended family” profile.
5337,5994,3,18,129,150,1.16,0.03421212940840891,659,"John, you can take the lid off . . . it's not like it's going to create a mess or anything . . ."
2633,6005,6,15,148,169,1.1597633136094674,0.034952766972164574,659,I knew this blind date was a bad idea.
3351,6005,6,15,148,169,1.1597633136094674,0.034952766972164574,659,... my gastroenterologisot recommended that I...
5894,6007,4,15,125,144,1.1597222222222223,0.0364285476989648,659,"Though well-acquainted with those who savored their meals, Margaret was shocked to discover what she was sure was yesterday’s eggs en muerette."
6120,6007,4,15,125,144,1.1597222222222223,0.0364285476989648,659,"Sorry kid, this is what happens when you swipe right without paying attention."
674,6007,5,13,126,144,1.1597222222222223,0.037738099906869334,659,You said you wanted a Blended family!
295,6007,2,19,123,144,1.1597222222222223,0.033656929349029446,659,You have mixed emotions.
3165,6007,3,17,124,144,1.1597222222222223,0.03507012960242173,659,Online dating can be quite a challenge when you come from a blended family !
138,6012,6,14,143,163,1.1595092024539877,0.03580516969780204,659,Would you like yours pureed?
1358,6012,2,22,139,163,1.1595092024539877,0.03128975437635584,659,"FYI, I don't like messy eaters."
3535,6012,5,16,142,163,1.1595092024539877,0.03473139523614724,659,These are not as good as your smoothies
6362,6012,2,22,139,163,1.1595092024539877,0.03128975437635584,659,Talk about grinding it out?
5105,6016,1,23,133,157,1.1592356687898089,0.030657174263680795,659,Is this gruyere or gouda?  I always mix those up.
60,6016,1,23,133,157,1.1592356687898089,0.030657174263680795,659,You are mixing again; you have never been to Paris and Amelie is just a movie
1646,6016,5,15,137,157,1.1592356687898089,0.03558791372286552,659,So... No to separate checks?
3191,6016,3,19,135,157,1.1592356687898089,0.03321416818904105,659,You make me feel so mixed up inside.
3632,6016,1,23,133,157,1.1592356687898089,0.030657174263680795,659,In high school I was known as a master-mixer.
972,6021,1,19,112,132,1.1590909090909092,0.033717790045464394,659,I'm enjoying mine - and what do you drink?
6103,6022,3,18,130,151,1.1589403973509933,0.034001318286075326,659,"Yes, they told me you were a real smoothie. But, no, this isn't what I was expecting.
Tom Green, Coeur d'Alene, Idaho"
5722,6022,2,20,129,151,1.1589403973509933,0.03267704736417365,659,This blended relationship is not working anymore.
2614,6022,3,18,130,151,1.1589403973509933,0.034001318286075326,659,I guess this is what blended family looks like?
1143,6022,4,16,131,151,1.1589403973509933,0.035275910561480224,659,"I know you are good at whipping up good ideas, but your presentation tends to run all over the place."
2287,6022,3,18,130,151,1.1589403973509933,0.034001318286075326,659,You're just not thinking clearly.
2377,6022,4,16,131,151,1.1589403973509933,0.035275910561480224,659,I think your AI needs to be rebooted again.
4081,6028,3,14,109,126,1.1587301587301588,0.03806877387662545,659,I don't think anyone notices when you're on the liquefy setting.
521,6029,2,19,124,145,1.1586206896551725,0.03344215293327851,659,Was I wrong to think you're an avid traveler when I read that you 'get around'?
1497,6029,2,19,124,145,1.1586206896551725,0.03344215293327851,659,"Why, you're nothing  but an old pothead!"
2209,6029,3,17,125,145,1.1586206896551725,0.03484484227867613,659,I wish you'd get past your addiction to fast food.
2441,6029,3,17,125,145,1.1586206896551725,0.03484484227867613,659,"Blended families are a blessing, Honey.
Our children will eat it up."
2558,6029,4,15,126,145,1.1586206896551725,0.036193210330652384,659,Do you need to use the restroom?
4171,6029,4,15,126,145,1.1586206896551725,0.036193210330652384,659,Is the cord broken?
4311,6029,4,15,126,145,1.1586206896551725,0.036193210330652384,659,I can minimize your guilt if I puree these Whoppers 'n fries into a smoothie.
4877,6036,4,11,105,120,1.1583333333333334,0.040988885104958954,659,"You're all mixed up... You want to mix things up... You wish we'd gone for margaritas... You have a painfully literal take on charades..."""
4222,6037,1,20,118,139,1.158273381294964,0.03270547169540973,659,I’m auditioning for a David Lynch homage.
4108,6037,3,16,120,139,1.158273381294964,0.03575159727802202,659,The hot sause couldn't be that bad!
3316,6037,1,20,118,139,1.158273381294964,0.03270547169540973,659,Isn't that taking fusion cooking too far?
2173,6037,1,20,118,139,1.158273381294964,0.03270547169540973,659,I told you putting a blender on your head to scare the window salesman was a bad idea.
765,6037,1,20,118,139,1.158273381294964,0.03270547169540973,659,Maybe it would work if you just put the burger in the top.
1532,6037,3,16,120,139,1.158273381294964,0.03575159727802202,659,How's your smoothie?
1462,6037,4,14,121,139,1.158273381294964,0.03718119312885459,659,Please don't mention again how pitiful you feel and that your relationship experience with me has felt like being  in a Waring blender
1420,6037,4,14,121,139,1.158273381294964,0.03718119312885459,659,"Aunty Bea, it's nice to see you buzzing out and about again."
2132,6037,1,20,118,139,1.158273381294964,0.03270547169540973,659,You're whirring too much.
5101,6037,3,16,120,139,1.158273381294964,0.03575159727802202,659,I told you not to try the fusion entree
4439,6047,3,19,136,158,1.1582278481012658,0.03301866676553321,659,Are you really going as the Teapot Dome Scandal?
6791,6047,5,15,138,158,1.1582278481012658,0.035376315030543,659,My friends say I have a thing about falling for smoothie talkers.
4710,6049,2,17,114,133,1.1578947368421053,0.03514463372218593,659,Listen to you just hurt my ears.
4021,6049,3,18,131,152,1.1578947368421053,0.03379306652603567,659,"Since you're going to be our new food Critic, what makes you one of the great tastemakers?"
1149,6049,2,20,130,152,1.1578947368421053,0.03247819221404412,659,I heard that the wizard in the White House can give you a real head.
3484,6049,2,20,130,152,1.1578947368421053,0.03247819221404412,659,He's a smoothie operator!
1515,6049,3,18,131,152,1.1578947368421053,0.03379306652603567,659,"Always trying to blend in, isn't funny anymore."
3518,6049,4,16,132,152,1.1578947368421053,0.03505866114063326,659,It just seems that you've been in such a puree state of mind lately...
1465,6055,2,19,125,146,1.1575342465753424,0.03323007238001543,659,I feel our relationship is on shakey ground.
2176,6055,3,17,126,146,1.1575342465753424,0.03462240635297646,659,My pulse is racing.
5425,6055,2,19,125,146,1.1575342465753424,0.03323007238001543,659,"Blend your dinner, Dear, it's getting col"
2609,6058,2,16,109,127,1.1574803149606299,0.03609690752623545,659,You're not my date tonight. Sorry things got so mixed up.
4750,6059,3,19,137,159,1.1572327044025157,0.03282543299678655,659,8 minutes into hearing a dude's take on Ayn Rand.
5367,6059,4,17,138,159,1.1572327044025157,0.034016474645773204,659,My microbiome requires this!
3243,6059,2,21,136,159,1.1572327044025157,0.031589516544678474,659,You wanted to mix things up a little bit!
2389,6059,5,15,139,159,1.1572327044025157,0.035167201242443775,659,Do you realize how annoying pulverizing your food is to me?
4515,6059,8,9,142,159,1.1572327044025157,0.03841310363569394,659,Purre please
76,6064,6,10,124,140,1.1571428571428573,0.03961716666154523,659,"Well as an example,  I’d understand if you couldn’t enjoy sex without an over-easy fried egg on your left buttock, but I’d still like to know why you tried it the first time."
6048,6064,3,16,121,140,1.1571428571428573,0.03551330913238342,659,Kale is calming.
6877,6064,2,18,120,140,1.1571428571428573,0.03403557260592834,659,There's a whirling sound in your ears ?
874,6067,4,19,149,172,1.1569767441860466,0.03234017596954839,659,"Well, true, your profile did say you like to feed young chicks, but I can manage, thanks."
3507,6068,0,24,129,153,1.1568627450980393,0.029497638654192894,659,Turn it off and we can blend in other ways.
4430,6068,3,18,132,153,1.1568627450980393,0.033587328297884106,659,I just feel the nutrients faster when I blen the kale directly into my brain
5627,6068,3,18,132,153,1.1568627450980393,0.033587328297884106,659,You seem to have mixed feelings about online dating...
6222,6068,2,20,131,153,1.1568627450980393,0.03228171789394645,659,Are you trying to tell me this will be a blended marriage?
6235,6068,4,16,133,153,1.1568627450980393,0.03484405163288779,659,"So,this is a Bring Your Own Blender."
6102,6073,4,13,117,134,1.1567164179104477,0.03798079004007504,659,Don't let my puréed thoughts on homogeneity scare you.
5174,6073,3,15,116,134,1.1567164179104477,0.036473546049626375,659,Will you PLEASE stop with the ‘on the one hand’s?
1291,6073,1,19,114,134,1.1567164179104477,0.033254741920004736,659,He always gets the worst headaches at dinner.
2883,6073,4,13,117,134,1.1567164179104477,0.03798079004007504,659,"I could think of something funny to say, but what's the point."
4766,6077,3,12,100,115,1.1565217391304348,0.04019651260878074,659,Oh so your  Darth Bender?
2545,6078,4,15,128,147,1.1564625850340136,0.03573147697413617,659,"not sure what you mean, can you repeat that?"
3355,6078,6,11,130,147,1.1564625850340136,0.03825067799378633,659,"Thats's all you ever say! ""Blah, blah, blah"""
4889,6078,1,21,125,147,1.1564625850340136,0.031578070973486715,659,"Searching for my lost shaker of salt, salt, salt..."
940,6081,3,19,138,160,1.15625,0.032634428081803654,659,I’d like to spice things up between us. Remember that girl with an ice maker for a head we met at the drug store last week?
3021,6081,3,14,111,128,1.15625,0.03751230113203498,659,"An insecure-smart woman's inner dialogue,'Keep nodding, maybe you will catch up'"
3425,6081,3,19,138,160,1.15625,0.032634428081803654,659,"Oh ya, you blend."
3853,6081,3,19,138,160,1.15625,0.032634428081803654,659,"After her divorce, Heather anticipated a blended family."
5290,6081,1,18,109,128,1.15625,0.034075060441538296,659,Aren’t you afraid that the whole juicing craze has finally jumped the shark?
5554,6086,3,16,122,141,1.1560283687943262,0.03527815070621612,659,I thought this was a TINDER match.
6467,6086,3,16,122,141,1.1560283687943262,0.03527815070621612,659,How much weight have you lost?
4188,6086,3,16,122,141,1.1560283687943262,0.03527815070621612,659,"""I beleve that the dating sight said you work as a barista""
Jeffrey Manly
Toronto, O"
4216,6086,3,16,122,141,1.1560283687943262,0.03527815070621612,659,"oh,no...marriage,no."
548,6090,3,18,133,154,1.155844155844156,0.03338405884446694,659,"oh don't get so shook up, I merely said I'd 'consider' the Smython's for New Year's eve."
4688,6090,3,18,133,154,1.155844155844156,0.03338405884446694,659,I know you’re chillin’ with that Margarita hussy.
2978,6092,2,15,105,122,1.1557377049180328,0.03684570883778276,659,What are you drinking about right now?
3660,6093,6,14,147,167,1.155688622754491,0.03499621002926392,659,"You are correct, Mr. Chase, that I did not see Memoirs of an Invisible Man, but that does not mean I do not know that it sucked."
4532,6093,4,18,145,167,1.155688622754491,0.0328701229481563,659,Linda did say you were a credit to your gender ...
128,6095,3,15,117,135,1.1555555555555554,0.03622097078895108,659,"Danger,Will Roberson....."
1942,6095,3,15,117,135,1.1555555555555554,0.03622097078895108,659,Puree or smoothie?
3710,6095,3,15,117,135,1.1555555555555554,0.03622097078895108,659,You haven’t yet seen my Ninja moves.
6758,6095,7,7,121,135,1.1555555555555554,0.0418830753759585,659,"So, you're Chinese."
6201,6099,4,15,129,148,1.1554054054054055,0.03550496941650487,659,"Is that a compliment? "" You make my head spin?"""
6053,6099,1,21,126,148,1.1554054054054055,0.03138179190542251,659,"'But I 'm on a liquid diet"""
4380,6099,4,15,129,148,1.1554054054054055,0.03550496941650487,659,I guarantee your steak will taste better if you let me puree it.
4096,6099,3,17,128,148,1.1554054054054055,0.034185877053393134,659,"Sorry, I don't speak Blender."
3084,6099,2,19,127,148,1.1554054054054055,0.03281380085501337,659,Having trouble chewing my dear?
2652,6099,3,17,128,148,1.1554054054054055,0.034185877053393134,659,Maybe next time you order the frozen fruit platter.
2715,6105,4,17,140,161,1.15527950310559,0.033620791559563615,659,"To avoid any spills I thought you could Pulse back at my place."""
4339,6105,4,17,140,161,1.15527950310559,0.033620791559563615,659,"I was intrigued when I heard you not only knew Mick Jagger, but were once his Master."
4902,6107,1,25,148,174,1.1551724137931034,0.028709043575684823,659,This isn’t what I meant when I said we should shake up our diet
6841,6108,2,16,111,129,1.1550387596899225,0.035576666183499646,659,He really racks his brain to answer my question on his sexual orientation...
766,6109,1,20,121,142,1.1549295774647887,0.03206939622127825,659,No- I do NOT always reach for a Hamilton Beach
1343,6109,4,14,124,142,1.1549295774647887,0.03644333322568717,659,"I'm sorry Harry, I thought we met on Hinge-not Blendr!"
1929,6109,4,14,124,142,1.1549295774647887,0.03644333322568717,659,"I'm not a therapist, but you seem to be all mixed up."
5749,6109,3,16,123,142,1.1549295774647887,0.035046061344057314,659,"Markell West of Laurel, Maryland submission: ""So I take it that you still haven't made a decision."""
6686,6113,3,18,134,155,1.1548387096774193,0.03318321445118037,659,Why must you ALWAYS wear that blender on your head...
5963,6113,5,14,136,155,1.1548387096774193,0.03561881640981034,659,Could you please keep your chewing down a few cycles?
5731,6113,3,18,134,155,1.1548387096774193,0.03318321445118037,659,How long have you been swiping right?
3699,6113,1,22,132,155,1.1548387096774193,0.03055407272672954,659,"On second thought, I'll pass on the malt."
3654,6113,2,20,133,155,1.1548387096774193,0.031895744869051924,659,"No, really - I don't want my meal as a nutritious smoothie"
2145,6113,5,14,136,155,1.1548387096774193,0.03561881640981034,659,You certainly are a messy eater.
5476,6113,6,12,137,155,1.1548387096774193,0.03677617792807116,659,I knew I should've ordered the bass!
2391,6120,5,16,147,168,1.1547619047619047,0.0337598481635365,659,Drink up!
1057,6121,4,13,119,136,1.1544117647058822,0.03745538590930917,659,I decided to opt for face-to-blender surgery as soon as I discovered the artist couldn’t draw hands.
1157,6121,3,15,118,136,1.1544117647058822,0.03597184276266143,659,Are you wearing a soufflé.
3773,6121,2,17,117,136,1.1544117647058822,0.03442442461201057,659,"yeah i got two kids from my previous marriage, how do you feel about blended families?"
2128,6124,3,17,129,149,1.1543624161073827,0.03397168106978986,659,"Carl , I keep saying these things in black and white but you keep making them a grey area."
3789,6124,2,19,128,149,1.1543624161073827,0.032609513843973724,659,My astrologer allwyas warned me about blind dates..
6622,6124,4,15,130,149,1.1543624161073827,0.03528129584177321,659,I didn't know I was dating such a smooth operator.
5633,6127,5,15,142,162,1.154320987654321,0.03455434242833936,659,These anti-depression pills scramble my brain!
4068,6127,2,21,139,162,1.154320987654321,0.03104768706925454,659,"I don’t think this is going to work, Jim."
3648,6127,1,23,138,162,1.154320987654321,0.0297872059154401,659,How gauche. Waring blenders are so passé.
1911,6127,1,23,138,162,1.154320987654321,0.0297872059154401,659,"There is nothing to fix John, you are tearing me apart."
6903,6131,5,12,126,143,1.1538461538461537,0.03753942385172557,659,Could you pour me some of your head?
6232,6131,5,12,126,143,1.1538461538461537,0.03753942385172557,659,"And that's how I got the nickname, 'Smoothie King!'"
5329,6131,2,20,134,156,1.1538461538461537,0.031706165110674034,659,how about you throw some dates in there
5202,6131,2,16,112,130,1.1538461538461537,0.03532207794572837,659,Most women don't feel dizzy by the third date.
4909,6131,2,18,123,143,1.1538461538461537,0.033372581176781886,659,"Juicing your French fries doesn't count on your Keto plan, babe."
4454,6131,1,18,111,130,1.1538461538461537,0.033591496037349206,659,I need to chew on that for a bit.
6083,6131,4,16,136,156,1.1538461538461537,0.034215594074966875,659,A smoothie for your thoughts?
3897,6131,6,14,149,169,1.1538461538461537,0.03460520810932451,659,"If the hamburger isn't thoroughly cooked, send it back. And then maybe you can stop pulsing like a baby."
3065,6131,3,16,124,143,1.1538461538461537,0.03481698192894427,659,Are you caffeinated?
2640,6131,2,20,134,156,1.1538461538461537,0.031706165110674034,659,"Why not just tell the waitress you like your martini shaken, and not stirred?"
1959,6131,4,16,136,156,1.1538461538461537,0.034215594074966875,659,What do you mean that you literally feel mixed up?
4134,6131,5,10,115,130,1.1538461538461537,0.0400678292840366,659,WHRRRRRRRRRRRRRRRRRRRRRRRRRRRRRRRRRRRRRRRRRRRRRRRRRRRRRRRRRRRRRRRRRRRRRRRRRRRRRRRRRRRRRRRRRRRRRRRRRRRRRRRRRRRRRRRRRRRRRRRRRRRRRRRRRRRRRRRRRRRRRRRRRRRRRRRRRRRRRRRRRRRRRRRRRRRRRRRRRRRRRRRRRRRRRRRRRRRRRRRRRRRRRRRRRRRRRRRRRRRRRRRRRRRRRRRRRRRRRRRRRRRRRRRR
1167,6131,2,18,123,143,1.1538461538461537,0.033372581176781886,659,I liked your chutzpah when you said you were a real smoothie machine.
377,6131,1,20,122,143,1.1538461538461537,0.03186277009554194,659,Your getting hair in my food.
280,6145,4,17,142,163,1.1533742331288344,0.03323414244921311,659,You forgot the Imodium again?
199,6145,2,21,140,163,1.1533742331288344,0.030871143488000692,659,This has been a real gruel.
3218,6147,2,19,129,150,1.1533333333333333,0.03240773054773024,659,"No matter how you spin it John, blended families just don't work."
3690,6147,3,17,130,150,1.1533333333333333,0.03376013118853751,659,I hear it’s important to chew your food slowly.
4052,6149,1,19,117,137,1.1532846715328466,0.032583266766481996,659,I was wondering why restaurants are getting so loud.
4107,6149,3,15,119,137,1.1532846715328466,0.035726092524753957,659,Is my ambivalence so obvious?
4138,6149,4,13,120,137,1.1532846715328466,0.03719806304154902,659,I take it you prefer smoothies rather than juicing...
4694,6149,1,19,117,137,1.1532846715328466,0.032583266766481996,659,I can’t understand why you’re so mixed up.
1097,6153,2,15,107,124,1.153225806451613,0.036292143789718685,659,"Honey, a margarita on the rocks isn't the end of the world!"
4755,6154,1,22,134,157,1.1528662420382165,0.030195623683857645,659,An evening filled with one run-on sentence finally took its toll.
5380,6154,1,22,134,157,1.1528662420382165,0.030195623683857645,659,"I didn't mean to say ""mouth-watering."""
3318,6154,2,20,135,157,1.1528662420382165,0.03151880402212705,659,I’m becoming a minimalist.
220,6157,4,14,126,144,1.1527777777777777,0.035967378766307144,659,"Sorry, the dating app didn't mention your vertigo."
2118,6157,3,16,125,144,1.1527777777777777,0.034590854834679996,659,I should have just ordered the salad.
4368,6157,5,12,127,144,1.1527777777777777,0.03729312848828989,659,"Coffee, tea, or me!"
1018,6160,2,16,113,131,1.1526717557251909,0.03507107529158209,659,Are you shaken up by me or the meal?
6842,6160,4,12,115,131,1.1526717557251909,0.03827348881798498,659,"I told you Vinny doesn't make smoothies, but would you listen?"
1885,6162,4,17,143,164,1.1524390243902438,0.033044110325857454,659,"So I said to him, ‘Hey! Back off, I’m a ninja.’"
1499,6163,1,21,129,151,1.1523178807947019,0.03080716119102782,659,"So, do you think you'll want milk frothers someday?"
6433,6163,3,17,131,151,1.1523178807947019,0.0335511791469551,659,I've always said it's the blended family that has the edge.
3184,6165,3,15,120,138,1.1521739130434783,0.035483652461182486,659,Actually the cite I wanted wasTinder .
4372,6165,1,19,118,138,1.1521739130434783,0.032365360285218366,659,You certainly do chew your food twelve times before swallowing.
4669,6165,4,13,121,138,1.1521739130434783,0.03694422979009005,659,"Hun, congealing your thoughts doesn’t  make them better, actually worse."
4969,6165,3,15,120,138,1.1521739130434783,0.035483652461182486,659,You have a blender for a head.
6200,6165,4,13,121,138,1.1521739130434783,0.03694422979009005,659,Stop blending your mind
4121,6170,1,17,107,125,1.152,0.03418356518902406,659,"When you said on match.com that you looked forward to a blended family, I had no idea..."
215,6171,2,20,136,158,1.1518987341772151,0.031333623342595616,659,I take it you appreciate a wide variety of smoothies.
685,6171,4,16,138,158,1.1518987341772151,0.03380898197140144,659,You come here often?
922,6171,2,20,136,158,1.1518987341772151,0.031333623342595616,659,Why are always mixing me up?
998,6171,3,18,137,158,1.1518987341772151,0.032594809507943134,659,"Somehow you got your tie in the food, dear."
6217,6171,5,14,139,158,1.1518987341772151,0.03498103653447101,659,"Are you getting another caffeine-migraine, dear?"
6718,6171,3,18,137,158,1.1518987341772151,0.032594809507943134,659,"I'm sorry, Shake, but smoothies exacerbate my IBS"
689,6177,2,18,125,145,1.1517241379310346,0.03294462217923337,659,"I know, when I signed up with that Robot Dating website I asked for an old-fashioned kind of guy, but honestly, you are SO 1950s."
2949,6177,1,20,124,145,1.1517241379310346,0.031457315364147156,659,"Okay, okay, I’ll marry you! Now will you quit with the hysterics?"
3978,6177,4,14,127,145,1.1517241379310346,0.03573400357864326,659,Are you planning to eat with your mouth open the whole time?
4813,6177,1,20,124,145,1.1517241379310346,0.031457315364147156,659,I think you get much better haircuts from the barber down in the subway.
6803,6177,2,18,125,145,1.1517241379310346,0.03294462217923337,659,"You know, anxiety is treatable."
6865,6182,5,15,145,165,1.1515151515151516,0.03396235101519005,659,I could have lent you my razor.
2869,6182,0,25,140,165,1.1515151515151516,0.02799807379878169,659,You're always so perky
2201,6182,1,18,113,132,1.1515151515151516,0.03312131592971642,659,Did you bring your own wine
1314,6182,2,21,142,165,1.1515151515151516,0.030523954469511446,659,You felt butterflies and then your head started spinning? That doesn't bode well for the butterflies.
1772,6182,1,18,113,132,1.1515151515151516,0.03312131592971642,659,So you're saying when I touch your knee it turns you on to pure'e ?
5376,6187,4,15,133,152,1.1513157894736843,0.034626761104901926,659,Is that a Vitamix? I hear those are quite expensive.
1228,6187,3,17,132,152,1.1513157894736843,0.03334477783514643,659,I thought you were the immersion type when I agreed.
1993,6187,1,21,130,152,1.1513157894736843,0.030620213216010113,659,"Yes, Doctor, I admit the medication makes me less depressed, but..."
2836,6187,2,19,131,152,1.1513157894736843,0.03201149532800048,659,I get more flavour this way than via an intravenous drip!
3132,6187,3,17,132,152,1.1513157894736843,0.03334477783514643,659,You’re such a blend of your mother and father. Don’t you have a single original thought?
4233,6187,2,19,131,152,1.1513157894736843,0.03201149532800048,659,"This place is where everyone knows your handle."""
4881,6187,4,15,133,152,1.1513157894736843,0.034626761104901926,659,"Ah, the fries literally make your head spin."
5266,6187,3,17,132,152,1.1513157894736843,0.03334477783514643,659,I'd hoped this conversation would be a bit more percolating...
5470,6187,2,19,131,152,1.1513157894736843,0.03201149532800048,659,My  head is just spinning with this news !
5511,6196,2,17,120,139,1.1510791366906474,0.03373288181709938,659,I can't wait for you to tamper me later tonight.
3621,6196,2,17,120,139,1.1510791366906474,0.03373288181709938,659,I knew you shouldn't have asked for your own special blend.
847,6196,2,17,120,139,1.1510791366906474,0.03373288181709938,659,"When I told you should masticate your food before swallowing, I didn´t mean that much"
3904,6199,2,20,137,159,1.150943396226415,0.03115058567286273,659,"If you don't like real food, why did you bring me here?"
5534,6200,3,16,127,146,1.1506849315068493,0.034147234283379825,659,Look-- it's very important to blend in if you want to have an impact
6173,6200,3,16,127,146,1.1506849315068493,0.034147234283379825,659,The waiter was out of line—but sending it back twice does kind of make you a margarita snob”
3600,6200,5,12,129,146,1.1506849315068493,0.036810056123064414,659,"You did say, “Make me a smoothie...”"
6406,6200,3,16,127,146,1.1506849315068493,0.034147234283379825,659,We could have eaten at McDonald's if I knew you were having trouble chewing your food.
3229,6200,3,16,127,146,1.1506849315068493,0.034147234283379825,659,Are you mixing what I said and what your phone displays?
2919,6200,3,16,127,146,1.1506849315068493,0.034147234283379825,659,"No, I'm not crossing my eyes.  Why?"
488,6200,3,16,127,146,1.1506849315068493,0.034147234283379825,659,"Though you're a credit to your gender, I'm rather change adverse."
3319,6200,5,12,129,146,1.1506849315068493,0.036810056123064414,659,"I  think if you just say, 'I don't want any vegetables,' they will understand better."""
6256,6208,3,19,144,166,1.1506024096385543,0.03153313814048771,659,"My, you do drone on so."
4413,6209,3,14,116,133,1.150375939849624,0.036189295935322434,659,So what? You put my heart in a blender!
4151,6210,6,11,136,153,1.1503267973856208,0.036828194998642635,659,I think I will need to have this wrapped.  My head is spinning.
4285,6210,3,17,133,153,1.1503267973856208,0.03314088126229498,659,It looks like the latest trend in weight-loss surgery is working for you!
3914,6210,3,17,133,153,1.1503267973856208,0.03314088126229498,659,"Vanessa, you aways seem to blend in no matter where we go."
1624,6210,2,19,132,153,1.1503267973856208,0.031816956152907375,659,"I know you don't want to hear this, and I understand if you hate me and never want to talk to me again. But if you don't downshift, you're going to blow your top."""
2386,6210,3,17,133,153,1.1503267973856208,0.03314088126229498,659,Your work today was a blend of good and bad?
3384,6210,3,17,133,153,1.1503267973856208,0.03314088126229498,659,"Oh, Henry! You're shaking again!"
319,6216,2,17,121,140,1.15,0.03350844718705979,659,Harald? HARALD?! ONLY DEEP PULSES!
996,6216,4,13,123,140,1.15,0.03644675402179995,659,"The milk shake is great, but I wanted the buns toasted."
4540,6216,1,19,120,140,1.15,0.0319380824403903,659,"When you said your nickname was blender boy, I really didn’t understand !"
5474,6216,3,18,139,160,1.15,0.032213907696158256,659,So this is chair Zumba!
5604,6216,3,18,139,160,1.15,0.032213907696158256,659,"Hey Mr. Buffett, is there really booze in your blender?"
5863,6216,4,13,123,140,1.15,0.03644675402179995,659,"So, you're what I get when I signed up for 
""It's Just Coffee."""
692,6222,2,18,127,147,1.1496598639455782,0.03252740398106394,659,"No, dinner is fine.  But your personal ad said 'Witty and Smooth', not Smoothie."
6347,6222,0,22,125,147,1.1496598639455782,0.02952382240693485,659,After the accident I got this blender installed because I needed to drink all my food. Seemed like too much of a hassle to get it removed.
5393,6224,2,15,110,127,1.1496062992125984,0.035492042193323525,659,You seem unusually mixed up tonight.  Would a smoothie be a better setting?
5524,6225,3,17,134,154,1.1493506493506493,0.03293944452411188,659,"The doctor said it was either this or ginger tea, and you know how I hate the taste of ginger!"
3326,6225,5,13,136,154,1.1493506493506493,0.03542275936745008,659,Slurpee? Guess I'll take that as a compliment.
2200,6225,3,17,134,154,1.1493506493506493,0.03293944452411188,659,Smoothing your thoughts?
1166,6225,1,21,132,154,1.1493506493506493,0.030252968943722126,659,You're so loud but quiet at the same time.
3362,6229,3,14,117,134,1.1492537313432836,0.035935737801332704,659,I wish you wouldn't make that high pitched squeak all the time.
3152,6230,0,17,97,114,1.1491228070175439,0.03350936937327033,659,"I'm sorry, my head is pulsing from our drinks last night."
4927,6231,4,16,141,161,1.1490683229813665,0.03321675020402717,659,Why must you order a hamburger and milkshake every time we go out for dinner?
4450,6232,2,17,122,141,1.148936170212766,0.033286953873140436,659,"But you said, ""order anything you want""."
5292,6232,2,17,122,141,1.148936170212766,0.033286953873140436,659,This must be “blender to table” dining!
2812,6234,4,17,147,168,1.1488095238095237,0.03230508543902152,659,VRSOOOOOOSH!
5540,6235,3,16,129,148,1.1486486486486487,0.03371476678875093,659,I feel as if I'm looking at your son...without the beard.
6191,6235,2,18,128,148,1.1486486486486487,0.03232269846814508,659,"Well, you know how they say multi-tasking is harder for guys."
5484,6235,3,16,129,148,1.1486486486486487,0.03371476678875093,659,My Catholic background poses a problem in considering a blended family.
2262,6235,2,18,128,148,1.1486486486486487,0.03232269846814508,659,I understand now why you don't have 2 brain cells headed in the same direction.
662,6235,2,18,128,148,1.1486486486486487,0.03232269846814508,659,I didn't mean a literal blind date.
3115,6235,3,16,129,148,1.1486486486486487,0.03371476678875093,659,So...are you into leather hoods?
2353,6241,3,20,152,175,1.1485714285714286,0.030398093696789284,659,You’re always so indecisive.
3247,6242,3,17,135,155,1.1483870967741936,0.032740423771392364,659,I figured this would be a change of pace from the smoothie bar.
5490,6242,5,13,137,155,1.1483870967741936,0.0352066713827522,659,You lost your false teeth again?
1737,6244,3,21,158,182,1.1483516483516483,0.029667631202379263,659,Uh ok... Not like I can't learn to love different.
2616,6245,3,14,118,135,1.1481481481481481,0.03568568411412393,659,"Always love a protein shake with my burger . Enough about me,  So how was your day honey?"
3259,6245,2,16,117,135,1.1481481481481481,0.03410146230265637,659,So my friends told me you love smoothies but this is ridiculous!
4414,6245,1,18,116,135,1.1481481481481481,0.03243996627103595,659,I thought blended wool was appropriate for spring.
1224,6248,3,19,147,169,1.1479289940828403,0.03100969178110758,659,You’ve managed a blended family so beautifully and I wonder what is your secret?
4477,6248,4,17,148,169,1.1479289940828403,0.03212543170906777,659,I get it
4419,6250,1,19,122,142,1.147887323943662,0.03152182294863274,659,It seems a bit much just to reduce antacids.
386,6251,2,18,129,149,1.1476510067114094,0.03212053150249488,659,"Sorry, dear. I'm awhirl trying to process the idea of marriage."
2051,6251,3,16,130,149,1.1476510067114094,0.033502585953474856,659,So... have you blend here before?
2695,6251,2,18,129,149,1.1476510067114094,0.03212053150249488,659,"A burger and fries after the opera?  Darling, you seem mixed up."
4043,6254,4,15,137,156,1.1474358974358974,0.033790684425876356,659,"Well come 2020, I doubt even 'Puree' will drown out All the Campaigning..."
4422,6254,5,13,138,156,1.1474358974358974,0.03499318990757995,659,He gets dramatic when he sees food and starts  blending.
4627,6254,3,17,136,156,1.1474358974358974,0.032543776179637954,659,He really put me through some changes
6361,6254,4,15,137,156,1.1474358974358974,0.033790684425876356,659,Excuse me whilst I puree your love/hate feelings into a lovely Acceptable Joe Bisque.
6879,6254,5,13,138,156,1.1474358974358974,0.03499318990757995,659,"Well, I've always been a puree girl."
5117,6259,2,15,112,129,1.1472868217054264,0.03497780164298459,659,I warned you about drinking so much of that cheep coffee!
3331,6260,2,20,141,163,1.147239263803681,0.030439145960144652,659,I’m dying to try your secret sauce!
227,6261,1,18,117,136,1.1470588235294117,0.03221897397089213,659,"""Breakfast smoothies have never been easier."
1518,6261,2,16,118,136,1.1470588235294117,0.033867310870670894,659,"Well, this attempt to blend in is going to be over once someone orders a Margarita."
2979,6261,5,10,121,136,1.1470588235294117,0.03839000040676709,659,There are treatment centers for blender addictions too.
6613,6264,2,17,124,143,1.1468531468531469,0.03285256524000237,659,The idea is to shake it before you drink it.
5254,6264,1,19,123,143,1.1468531468531469,0.03131769446509556,659,There are others? All the women you're dating has you in a blur?
69,6264,3,15,125,143,1.1468531468531469,0.034318859233490664,659,It’s not you.  I’m turned on by life.
252,6264,4,13,126,143,1.1468531468531469,0.035725021418155686,659,Does it have a tongue?
3001,6268,2,18,130,150,1.1466666666666667,0.03192085664169662,659,I was expecting romance but this adds a new blend to things
4157,6268,4,14,132,150,1.1466666666666667,0.0346108654321977,659,"So your a big Jimmy Buffett fan are you?
Frank Buckley Andover, MA"
4778,6268,3,16,131,150,1.1466666666666667,0.033293040524300606,659,Just because your Burger is overcooked is no reason to go all Purèe.....
4293,6271,3,17,137,157,1.1464968152866242,0.03234945991970355,659,"Yeah, I can be a real chowder head sometimes too."
4668,6271,3,17,137,157,1.1464968152866242,0.03234945991970355,659,Do your thoughts get screwed up also?
5411,6271,2,19,136,157,1.1464968152866242,0.031061684432245454,659,"Oh,  I thought you said 'blended.'"
2086,6274,4,16,144,164,1.146341463414634,0.03264478155246928,659,Feel like you have had a bit of a mixed day?
1448,6275,3,19,149,171,1.1461988304093567,0.030670205094783912,659,"""Way to take everything I say and still somehow make it all about you!"""
4655,6276,3,13,114,130,1.146153846153846,0.0364028648632092,659,I knew your profile picture looked a little too much like Ryan Gosling!
5990,6277,2,22,154,178,1.146067415730337,0.028838497878924865,659,"Well, I’ve never tried with an immersion blender..."
6608,6278,3,14,120,137,1.145985401459854,0.03519580569705459,659,"Tell me more about your blended family.

Miriam Salzer, Pacifica CA"
5738,6278,2,16,119,137,1.145985401459854,0.033636327559783415,659,"Him: “I don’t know what made me order the liver, thought I’d give it a whirl.”

Her: “We have to divorce. I’ve been seeing the fridge, he’s just so cool.”

Him: “You’re a tramp, Susan.”"
5263,6278,3,14,120,137,1.145985401459854,0.03519580569705459,659,Get off of chop and go to puree.
4553,6278,0,20,117,137,1.145985401459854,0.030277353216513085,659,You are so mixed up. I said I wanted the Cabernet.
2046,6278,1,18,118,137,1.145985401459854,0.03200094256038828,659,Oh... my friend mentioned you were from a blended family but it's quite different than I expected.
400,6278,6,8,123,137,1.145985401459854,0.03950659893653395,659,And then my 5th ex-husband...
5201,6278,3,14,120,137,1.145985401459854,0.03519580569705459,659,Please...I though I told you to leave your Ninja home the next time we went out!
6525,6285,2,17,125,144,1.1458333333333333,0.032639560491693344,659,Not what I was expecting when they said tonight's special was head cheese...
868,6285,0,21,123,144,1.1458333333333333,0.0295142459642918,659,I guess you really like your drinks fresh . . .
2227,6285,1,19,124,144,1.1458333333333333,0.03111616640856987,659,My doctor doesn’t want me to drink my carbs.
2642,6285,4,13,127,144,1.1458333333333333,0.03549071855205391,659,Shall we say the third Pina Colada was acceptable?
2908,6285,2,17,125,144,1.1458333333333333,0.032639560491693344,659,My life coach suggested I try to eat slower.
3142,6285,3,15,126,144,1.1458333333333333,0.034094955729785104,659,Who told you I love juicers ?
3432,6285,3,15,126,144,1.1458333333333333,0.034094955729785104,659,That is not where you told him to stick his blender !
4104,6285,2,17,125,144,1.1458333333333333,0.032639560491693344,659,Do you have any Tylenol? My head is spinning.
2266,6293,2,18,131,151,1.1456953642384107,0.03172362855486039,659,"That dress is a little revealing, isn’t it?"
2029,6293,3,16,132,151,1.1456953642384107,0.03308608211071999,659,I thought your name was Bender not Blender
3872,6295,3,17,138,158,1.1455696202531647,0.032157434129430305,659,"You appear to be completely distracted.  While your new cooking hobby is a positive move, I do not share your enthusiasm at the table."
4348,6295,2,19,137,158,1.1455696202531647,0.030878389120956445,659,"Just because your burger is medium rare instead of rare doesn't mean you have to make such a fuss, Johnathon."
6491,6295,2,19,137,158,1.1455696202531647,0.030878389120956445,659,"You've always cut me down.  I don't think you can help it Bobby, your a blender."
5600,6298,3,18,144,165,1.1454545454545455,0.03129922045947296,659,"I'm sorry, but you're not my type—I prefer Blendtecs."
3842,6299,3,12,109,124,1.1451612903225807,0.03744661098005432,659,And what is a typical day like as a chef in a robotic kitchen?
5507,6300,1,17,113,131,1.1450381679389312,0.03273075163680983,659,I think you are a bit mixed up.
1326,6301,3,14,121,138,1.144927536231884,0.034955843505855747,659,I’m on the mixed signals diet
6333,6302,1,19,125,145,1.1448275862068966,0.030917190014512097,659,"I would have thought you were sick and tired of stew."""
6542,6302,4,13,128,145,1.1448275862068966,0.035259452069374635,659,"Let me guess - your mother used to chop and blend your food, right?"
6638,6302,1,19,125,145,1.1448275862068966,0.030917190014512097,659,"Dear, sometimes I think you take the pursuit of efficiency too far."
5339,6305,2,18,132,152,1.144736842105263,0.03152880299010779,659,"Just give me a moment while I dice, chop & blend all this."
6808,6305,2,18,132,152,1.144736842105263,0.03152880299010779,659,Why so surprised? I told you that I loved to mingle.
3920,6305,3,16,133,152,1.144736842105263,0.03288166348787278,659,The news cycle has put it on Puree.
196,6308,4,15,140,159,1.1446540880503144,0.03318949699176154,659,Can I be of assistance?
1757,6308,3,17,139,159,1.1446540880503144,0.03196765888622657,659,so where is this going
4239,6308,4,15,140,159,1.1446540880503144,0.03318949699176154,659,Perk up.
6263,6308,4,15,140,159,1.1446540880503144,0.03318949699176154,659,"-Are you sure that this is the best way to shake your thoughts, darling?"
882,6312,4,16,146,166,1.144578313253012,0.03227422235049001,659,"You're taking this ""drink your food' thing too far."
3579,6313,4,10,111,125,1.144,0.03886120878700373,659,I still need a Cabernet with my steak!
2268,6314,5,9,118,132,1.143939393939394,0.03897331447269078,659,"Alex, your passive-aggressive thing of overdoing the mixed-up blended thing is getting tiresome ."
2538,6314,1,17,114,132,1.143939393939394,0.032500423950642836,659,"Oh my gosh, your head is going crazy."
3354,6314,2,15,115,132,1.143939393939394,0.034233579683922204,659,"Honey, don't let an overcooked hamburger send your pulse through the roof"
3613,6317,3,14,122,139,1.143884892086331,0.03471911071516239,659,I can see that AI taste testing has a long way to go.
5812,6317,1,18,120,139,1.143884892086331,0.03157353036549887,659,"Of   course I am disappointed, My  clearly stated  preference was for a  companion  with a built in grinder."
3022,6317,3,14,122,139,1.143884892086331,0.03471911071516239,659,This is a strong cocktail. My head's awhirl.
1965,6317,3,14,122,139,1.143884892086331,0.03471911071516239,659,"The ad said, ""'Mixer Mixer'!"
1951,6317,2,16,121,139,1.143884892086331,0.03318361394267345,659,You are literally blowing my mind
582,6317,2,16,121,139,1.143884892086331,0.03318361394267345,659,"You are a fun date, Sid, but it's not exactly what I meant by ""ISO 'blended family'"
396,6323,2,17,127,146,1.143835616438356,0.03222166674728805,659,I thought this would make to easier to blend in with the crowd.
4102,6323,4,13,129,146,1.143835616438356,0.03503116370536967,659,"Just pray that he doesn't ""blunder""  his first impression"
4558,6323,2,17,127,146,1.143835616438356,0.03222166674728805,659,I find my puree is really an icebreaker.
4791,6323,5,11,130,146,1.143835616438356,0.03635458350527441,659,His mind whirred with thoughts when he knew Angela had realized he had a blender instead of a human head
6280,6323,4,13,129,146,1.143835616438356,0.03503116370536967,659,My dinner's getting cold!
6906,6323,4,13,129,146,1.143835616438356,0.03503116370536967,659,You have to learn to say ‘yes’ to life.
579,6329,3,16,134,153,1.1437908496732025,0.0326797385620915,659,A new era for table side guacamole service.
2549,6329,4,14,135,153,1.1437908496732025,0.03397005482027008,659,"I’m sorry, I’m just not a fan of shakes or smoothies."
2637,6329,3,16,134,153,1.1437908496732025,0.0326797385620915,659,So how did you get “mixed up” with this dating app. Ohhh...
4284,6329,2,18,133,153,1.1437908496732025,0.03133633674316681,659,I pictured something else when you mentioned making remixes
5508,6329,2,18,133,153,1.1437908496732025,0.03133633674316681,659,I ordered my pureed.
3215,6334,5,13,142,160,1.14375,0.03416441356277099,659,There must be peanuts in this!
6671,6334,4,15,141,160,1.14375,0.03299379944605944,659,"Well, son, what did you think would happen at a college mixer?"
435,6334,4,15,141,160,1.14375,0.03299379944605944,659,"i knew this would go bad, i am just so narrow minded"
125,6337,3,18,146,167,1.1437125748502994,0.030947625246376967,659,For goodness sakes. You must stop complaining about the coffee.
2451,6337,3,18,146,167,1.1437125748502994,0.030947625246376967,659,I've just never been so mixed up!
3926,6337,3,18,146,167,1.1437125748502994,0.030947625246376967,659,That's strange. That doesn't look like an immersion blender.
4634,6340,2,15,116,133,1.1428571428571428,0.03399244207014454,659,"Sorry, but I have measured out my life with coffee pods."
5926,6340,3,13,117,133,1.1428571428571428,0.03562874239213164,659,Could you take off your hat? I'm having trouble hearing you.
5912,6340,4,13,130,147,1.1428571428571428,0.03480579666524227,659,Time for margaritas or did you channel flip between CNN and FOX?
5862,6340,3,17,141,161,1.1428571428571428,0.031594704890335105,659,"You're not telling me we're having a smoothie with this meal, too?"
5804,6340,4,13,130,147,1.1428571428571428,0.03480579666524227,659,I told you not to order a smoothie at a steakhouse
5565,6340,2,17,128,147,1.1428571428571428,0.032016676299564326,659,"Well, nothing goes well with a onesie!"
5234,6340,3,11,105,119,1.1428571428571428,0.03827522405906628,659,You are taking this blended cuisine trend too far.
5053,6340,2,17,128,147,1.1428571428571428,0.032016676299564326,659,I wish you'd call someone in to do home repair.
5047,6340,4,15,142,161,1.1428571428571428,0.03280038305660713,659,You are such a Blenderhead!
4906,6340,1,20,133,154,1.1428571428571428,0.029752353955188736,659,its like I said... I was at Todd's bachelor party and we decided to make frozen margaritas.
4858,6340,2,17,128,147,1.1428571428571428,0.032016676299564326,659,The perks of going to blind dates
4324,6340,2,16,122,140,1.1428571428571428,0.032961762036794295,659,A blind date with Mr. Bassomatic
2569,6340,3,16,135,154,1.1428571428571428,0.03248026233764228,659,"So tell me Chuck, did you choose a blender for your head transplant operation because you don’t want to listen to me ask you about your erectile dysfunction problem anymore?"
3133,6340,0,20,120,140,1.1428571428571428,0.029680429759904727,659,The talk tonight should be a blend of the NBA Finals and the necessary cost of the new drapes in the living room!
149,6340,3,15,129,147,1.1428571428571428,0.03344032777032302,659,"...and no, you don't."
4272,6340,2,20,146,168,1.1428571428571428,0.02959390852126555,659,Mush!
573,6340,4,11,118,133,1.1428571428571428,0.03719312370583605,659,"Darling, you make my blades spin."
796,6340,3,18,147,168,1.1428571428571428,0.030774752980239267,659,Blender Man orders his traditional vanilla milkshake for lunch.
837,6340,4,16,148,168,1.1428571428571428,0.03191193225776932,659,Couldn't you wait until you got home for your green smoothie?
207,6340,5,12,137,154,1.1428571428571428,0.03499617575063441,659,"I'm sorry, I just can't be with someone who's always spinning."
2682,6340,4,13,130,147,1.1428571428571428,0.03480579666524227,659,"Well, don’t look at me like that. It was 5% off without cutlery."
2810,6340,4,13,130,147,1.1428571428571428,0.03480579666524227,659,"No, really. Chew louder."
2967,6340,3,15,129,147,1.1428571428571428,0.03344032777032302,659,"So, does all that make sense?"
872,6340,1,18,121,140,1.1428571428571428,0.03136403726645289,659,It will taste better if you let your tummy do the blending.
3179,6364,3,18,148,169,1.1420118343195267,0.030603788262688166,659,put your whole hand inside me
863,6365,2,19,141,162,1.1419753086419753,0.030166173149757215,659,That’s not exactly what they mean by having a blended family.
4165,6365,3,17,142,162,1.1419753086419753,0.03141145075609624,659,"Your mixed metaphors are getting tiresome, my Dear."
1787,6367,2,18,135,155,1.1419354838709677,0.030958314442667462,659,Splendid my dear!
3798,6367,2,18,135,155,1.1419354838709677,0.030958314442667462,659,Drink to me only with thine grinds
4128,6367,1,20,134,155,1.1419354838709677,0.029574145001499175,659,"I just invited you for the company, you don't have to eat anything!"
5460,6367,5,12,138,155,1.1419354838709677,0.03478187422804003,659,Ever since I saw you my minds been abuzz.
6658,6371,1,19,128,148,1.1418918918918919,0.03033510084041695,659,"I can tell you're distracted, but try to focus on us for a change."
5822,6372,3,14,124,141,1.1418439716312057,0.034255077916842507,659,I can't sleep. I can't eat. My head is whirling with all this information about the black hole !
5449,6372,1,18,122,141,1.1418439716312057,0.03115728033544511,659,It is too early in our relationship for a smoothy.
767,6374,2,15,117,134,1.1417910447761195,0.03375465333179144,659,"No, hone, I won't wash your lid in their kitchen."
1870,6374,2,15,117,134,1.1417910447761195,0.03375465333179144,659,It helps with digestion.
5370,6374,4,11,119,134,1.1417910447761195,0.03692991095057656,659,It was my margarita that I asked to be blended!
6548,6377,2,13,105,120,1.1416666666666666,0.036082370233166836,659,You could have told me you were Blenderhead before the date.
4498,6378,3,19,155,177,1.1412429378531073,0.029694627177441573,659,It's just that I find Decaf guys too weak.
1901,6379,3,18,149,170,1.1411764705882352,0.030434699947149757,659,The ‘special of the day’ is apparently not that special...
1614,6380,1,21,141,163,1.1411042944785277,0.028702799279382817,659,Let's try not to be such a drip tonight sweetie.
1931,6380,1,21,141,163,1.1411042944785277,0.028702799279382817,659,"So, have you heard from Archie lately?"
4153,6382,4,14,138,156,1.141025641025641,0.03335241548354619,659,Would you like soup with that?
4780,6382,2,18,136,156,1.141025641025641,0.03077267695065717,659,"I feel like I'm doing all the talking.  Besides, you should liquify before your food gets cold."
2159,6382,3,16,137,156,1.141025641025641,0.03208848130791327,659,Well...blending ideas for your marketing practice is one thing...
937,6385,2,17,130,149,1.1409395973154361,0.03161436391039247,659,Tell me again why you think our daughter should look to have a blended family?
955,6386,4,12,126,142,1.1408450704225352,0.03546507269213331,659,"How is your meal, Crumbbutton?"
3946,6386,3,14,125,142,1.1408450704225352,0.0340276543445365,659,"True, you’re not the run-of-the-mill blind date pig, but. . .."
2298,6388,2,15,118,135,1.1407407407407408,0.03352014478583837,659,"But doesn't ""Blend"" get you mixed up?"
3178,6388,0,19,116,135,1.1407407407407408,0.030041362609516904,659,"Honey, this dress really turns me on!"
4387,6390,1,16,111,128,1.140625,0.03278114127703911,659,So I know this is only our first date
2826,6391,4,18,163,185,1.1405405405405404,0.029857645973668013,659,I think I’ll have vanilla ice cream for dessert.
5229,6392,2,20,149,171,1.1403508771929824,0.02910875361868274,659,"Oh, no,I didn't date the blender,that's just a rumor."
4038,6393,1,20,136,157,1.1401273885350318,0.029223997539404717,659,I see you're trying that new puree diet.
4857,6394,3,15,132,150,1.14,0.03281021284774139,659,"Sorry, you’re just not my cup of tea."
3174,6394,4,13,133,150,1.14,0.03414667664249436,659,"It was right after you asked, for the 3rd time, ‘ Are you sure it’s decaf?’"
5878,6394,4,13,133,150,1.14,0.03414667664249436,659,"Johnathan, you're humming 'Poor, Poor Pitiful Me' again."
509,6394,2,17,131,150,1.14,0.03141694779097929,659,I'm too young for dentures.
120,6394,3,15,132,150,1.14,0.03281021284774139,659,I think it's Tuesday.
643,6394,1,19,130,150,1.14,0.0299589577570406,659,Always spinning off my simplest questions...!
957,6400,0,20,123,143,1.1398601398601398,0.029106322958872888,659,"No, thank you, I don’t drink coffee."
3643,6400,2,16,125,143,1.1398601398601398,0.032313528879794,659,The term “meathead” is so 2013.
4336,6400,4,12,127,143,1.1398601398601398,0.035229962548154255,659,No need to spin me on the blessings of blended families.
6635,6400,1,18,124,143,1.1398601398601398,0.030751765679806843,659,Would you please keep it down??  You’re bringing all the boys to the yard
1815,6404,3,13,120,136,1.1397058823529411,0.03488667323266291,659,Are this your feelings or just a food pun?
2099,6404,5,9,122,136,1.1397058823529411,0.037880666480275604,659,Stop being so judgmental!
2116,6406,1,16,112,129,1.1395348837209303,0.03254429384447029,659,"Screw loose or no, you're still cougar-bait to me, honey."
1411,6407,4,15,146,165,1.1393939393939394,0.032048754545549715,659,"Honey, I know undercooked meat makes your head spin, but you’re embarrassing me."
4531,6407,2,19,144,165,1.1393939393939394,0.02965304382194367,659,I got this from Jack Dorsey. He says it keeps him from both eating and Tweeting.
5835,6409,3,15,133,151,1.1390728476821192,0.032605387086334224,659,"After I see you are 'Gay' Puree, you can't keep me down on the farm"
4689,6409,4,13,134,151,1.1390728476821192,0.0339324547859456,659,Rob! your electrical connection is missing; you won't be able to eat your lunch.
4508,6409,4,13,134,151,1.1390728476821192,0.0339324547859456,659,You say no to everything though!
4613,6409,0,21,130,151,1.1390728476821192,0.028252621202253695,659,What's Shakin...How was your day ?
1473,6413,1,18,125,144,1.1388888888888888,0.030552906574445045,659,"It’s been fun and you crushed it when the ice wall came down but now that winter has come and gone, its time to move on."
3574,6413,1,18,125,144,1.1388888888888888,0.030552906574445045,659,All because lightening struck as your cursed the non-Vitamix blender at that Airbnb rental in Half Moon Bay.
4103,6413,2,16,126,144,1.1388888888888888,0.03210304031196834,659,Didn't your mother teach you not to puree your food?
4695,6416,3,18,152,173,1.138728323699422,0.02993839185959264,659,I am sick and tired of all of your percolating!
2445,6417,2,15,120,137,1.1386861313868613,0.03306070270771302,659,Love your processioning technique darling. Am I in the mix?
1652,6418,4,10,116,130,1.1384615384615384,0.037440226508174884,659,"Is your steak not juicy enough, Anthony?"
1790,6418,2,14,114,130,1.1384615384615384,0.034106442092802856,659,"I've been considering dating an appliance for years. I think the date is going better than I hoped, but you seem a little bit mixed up."
4829,6418,3,12,115,130,1.1384615384615384,0.0358121484500243,659,"But Beth, you said we should mix things up."
5960,6418,2,14,114,130,1.1384615384615384,0.034106442092802856,659,"This is a senior mixer, are you serious?"
840,6422,2,18,139,159,1.1383647798742138,0.030228790060765367,659,"I realize your mother taught you to chew well, but..."
5055,6422,2,18,139,159,1.1383647798742138,0.030228790060765367,659,I'm just really invested in the vegan lifestyle.
4541,6424,2,17,133,152,1.138157894736842,0.031029368734405406,659,I've notice how you seem to puree your heart when it comes to someone's feelings.
3490,6425,5,10,130,145,1.1379310344827587,0.03612012956889809,659,"Your dating profile mentioned you were a good mixture....
Paul Berge"
821,6425,1,18,126,145,1.1379310344827587,0.030356580795963806,659,"Dear, your politics are all mixed up."
2057,6425,1,18,126,145,1.1379310344827587,0.030356580795963806,659,Stop trying to prove that your milkshakes are better than mine.
1632,6428,1,21,145,167,1.1377245508982037,0.028063240424909677,659,"I know you're breaking your diet, but there's really no reason to tear yourself up over it"
2480,6428,6,11,150,167,1.1377245508982037,0.0338861298706401,659,Yes dear. But alas you grind exceeding small.
5180,6428,1,21,145,167,1.1377245508982037,0.028063240424909677,659,I've read that multi-tasking has its downside.
2234,6431,3,13,122,138,1.1376811594202898,0.03440880453343299,659,Are you certain that everything is better as a smoothie?
2952,6431,3,13,122,138,1.1376811594202898,0.03440880453343299,659,I didn't say 'Would you like to try my kale?' I said 'Would you like to try my quail?'
2541,6433,3,16,141,160,1.1375,0.031332438432289424,659,"You have , as well as becoming an embarrassment, become the face of addiction."
2271,6434,1,16,114,131,1.1374045801526718,0.032080636033194526,659,When did you say you will be done with your dental job?
3047,6434,1,16,114,131,1.1374045801526718,0.032080636033194526,659,"It’s a grind, but you gotta mix it up to blend in, Honey!"
446,6436,3,15,135,153,1.1372549019607843,0.03220326888881306,659,My friend warned me he lacked social skills.
4934,6436,3,15,135,153,1.1372549019607843,0.03220326888881306,659,"Oh, let me guess. Emily said go and have the breakfast of your life"
5440,6438,3,11,110,124,1.1370967741935485,0.03681290263748944,659,"I""ve never dated anyone before who was always so hot!"
5469,6439,3,14,129,146,1.1369863013698631,0.03314721031771878,659,I told you we should have gone to Outback.
4732,6439,3,14,129,146,1.1369863013698631,0.03314721031771878,659,"I’ve been shaking things up myself lately, too"
1734,6441,3,13,123,139,1.1366906474820144,0.03417471965883355,659,You won't like sandwich generation either.
2763,6441,2,15,122,139,1.1366906474820144,0.032613602211417125,659,Just stop it!  Stop percolating!
3336,6441,2,15,122,139,1.1366906474820144,0.032613602211417125,659,"Oh my god, Blenderwoman, how you’ve aged!!!"
869,6444,1,19,134,154,1.1363636363636365,0.02923374449465312,659,Just tell the waiter you wanted it microwaved.
1220,6444,3,12,117,132,1.1363636363636365,0.03529841599454826,659,"Not to worry Cynthia, it’s a vegan burger."
1424,6444,3,15,136,154,1.1363636363636365,0.03200588528420813,659,Who knew health fare could be so complicated?
3294,6444,2,14,116,132,1.1363636363636365,0.033620198552659505,659,I need more oil in mine.
54,6448,1,18,128,147,1.1360544217687074,0.02997133999303024,659,"Jerry, I don’t think junk food is considered part of a healthy juice cleanse diet."
885,6448,1,18,128,147,1.1360544217687074,0.02997133999303024,659,"No, I don't think they blended the flavors well enough."
3482,6448,4,12,131,147,1.1360544217687074,0.03431974797874357,659,Smoothies are healthier
6726,6451,2,18,142,162,1.1358024691358024,0.029703662335327247,659,This evening has been absolutely blended!
6442,6451,3,16,143,162,1.1358024691358024,0.030967544175033713,659,It's because you're a political strategist.
3732,6451,1,20,141,162,1.1358024691358024,0.028383557212400504,659,Did I mention that Guy Fieri and I were roommates in culinary school?
436,6454,3,13,124,140,1.1357142857142857,0.03394378141249239,659,Really? A hamburger smoothie?
2199,6454,2,15,123,140,1.1357142857142857,0.03239452690903597,659,Don't tell me breakup is on your mind again!
2762,6456,3,12,118,133,1.1353383458646618,0.035047009551043805,659,Carol always had an odd accent.
3700,6457,2,19,149,170,1.1352941176470588,0.02883528319702229,659,"I neglected to ask on Match, are you from a blended family?
I suppose shaken not stirred is out of the question?"
3935,6458,2,16,130,148,1.135135135135135,0.03128763392829657,659,Would you say we’re a mixed race couple?
6840,6458,2,16,130,148,1.135135135135135,0.03128763392829657,659,You'll excuse me if I don't jiggle back.
4812,6458,4,12,132,148,1.135135135135135,0.034099462804354615,659,"Darling, it’s not your mixup; 
I thought we had tickets for the matinee."
4034,6458,3,14,131,148,1.135135135135135,0.032723763539488075,659,"Stop checking out all the other women!  I swear I’ll pulverize you, if you don’t."
3486,6458,3,14,131,148,1.135135135135135,0.032723763539488075,659,Did you hear they discovered a new species of hominin?
2119,6458,2,16,130,148,1.135135135135135,0.03128763392829657,659,The need to puree my food isn't necessarily indicative of my age.
1955,6458,1,18,129,148,1.135135135135135,0.02978233324428863,659,Our life was so much easier when you weren't on chop speed.
1269,6458,2,16,130,148,1.135135135135135,0.03128763392829657,659,My pickup artist said to try a blend of confident and mysterious but to be honest I'm not sure how well it sits on me.
3860,6458,5,10,133,148,1.135135135135135,0.035421773344975246,659,Don't you need a straw to enjoy your liquid diet?
1635,6467,3,16,144,163,1.1349693251533743,0.030788247554563643,659,"bzzzazrrrrzzzr azrzzzzzgggrraaazzrr zaaaazzaazaa""

""I asked you politely once before not to quote Jordan Peterson at me."
6675,6467,3,16,144,163,1.1349693251533743,0.030788247554563643,659,"There must be a mix up with the dating agency. I wanted someone who like to take things slowly, I’m not that fast."
6373,6469,2,13,111,126,1.1349206349206349,0.034463092019060566,659,"...I just really needed to mix it up, y'know?"
4099,6470,3,13,125,141,1.1347517730496455,0.03371592716029705,659,Jackie isn't persuaded by her date's political views.
6360,6470,2,15,124,141,1.1347517730496455,0.03217835641677086,659,A blended family means we‘d have to have kids.
656,6470,2,15,124,141,1.1347517730496455,0.03217835641677086,659,Second date?  Promise you'll order a smoothie?
5576,6473,4,13,139,156,1.1346153846153846,0.03290025336918694,659,"Him, ""Great dinner, here's the Keto my hotel room. Or we could just hop in my carb & ride together, unless you got a butter idea."
6599,6473,3,15,138,156,1.1346153846153846,0.031618249252890404,659,so your grand father was a whirling dervish so hit off and be a linear.
949,6473,2,17,137,156,1.1346153846153846,0.03028201941547347,659,Do you want separate smoothies for the burger and fries or all mixed together?
4274,6473,3,15,138,156,1.1346153846153846,0.031618249252890404,659,I'm presuming that you puree your meals?
5677,6477,2,14,118,134,1.1343283582089552,0.03314753947689285,659,Frappe what?
6037,6478,3,14,132,149,1.1342281879194631,0.03251604986887861,659,Shall I call the waiter and ask him to help you get ready for dinner?
6415,6478,2,16,131,149,1.1342281879194631,0.031090171718859902,659,Oh. I see you’re into ASMR.
5663,6478,5,10,134,149,1.1342281879194631,0.035194927790944686,659,"You love me?! You’re all mixed up! Blend our lives?! Listen, I love your electricity, grind, and natural ability to unite and smooth, no matter what. But while marriage might stir you up, I will not lose my identity inside you. NO dice from me."
642,6478,3,14,132,149,1.1342281879194631,0.03251604986887861,659,"Don't you find ""blended families"" more common today?"
1255,6478,3,14,132,149,1.1342281879194631,0.03251604986887861,659,"Honey, please keep your voice down..."
4259,6478,3,14,132,149,1.1342281879194631,0.03251604986887861,659,I am Rain Man
2410,6484,0,15,97,112,1.1339285714285714,0.03232600119108558,659,"Not feeling like Mr Smoothie this morning, eh?!"
2896,6485,3,11,113,127,1.1338582677165354,0.035987688191081606,659,"Given your hygiene, Robert, I have to imagine everything tastes of your last meal."
4039,6486,5,9,128,142,1.1338028169014085,0.03635153018542903,659,You fat blender head!
5961,6486,1,17,124,142,1.1338028169014085,0.03036236590508014,659,"When you said you were Mr. Coffee, I was expecting Kevin Johnson."
5999,6486,3,13,126,142,1.1338028169014085,0.03349109590754035,659,I always knew you were all mixed up.
615,6489,3,15,139,157,1.1337579617834395,0.03142791201371613,659,"Oh ... yeah ... you blend.*

*Apologies to Marisa Tomei"
1454,6489,2,17,138,157,1.1337579617834395,0.03010073647294656,659,"I don't mind blending,but not that much."
1164,6491,1,21,150,172,1.1337209302325582,0.027302459031449636,659,I absolutely LOVE coffee. How did you know?
6720,6492,2,14,119,135,1.1333333333333333,0.03291612874006791,659,Why did you ask me out if you only identify with kitchen appliances?
5111,6492,0,20,130,150,1.1333333333333333,0.027848530325897878,659,"A mixer, four speed dating."
4077,6492,3,14,133,150,1.1333333333333333,0.032310942684350454,659,Is this your idea of a joke?
3141,6492,3,14,133,150,1.1333333333333333,0.032310942684350454,659,You're sure you don't want a hamburger and fries smoothie?
2178,6492,2,14,119,135,1.1333333333333333,0.03291612874006791,659,You shouldn't have asked the chef to blend your food.
2140,6492,0,20,130,150,1.1333333333333333,0.027848530325897878,659,"I appreciate the song choice, but I didn't need proof that I ""spin you right round""..."
3447,6492,2,16,132,150,1.1333333333333333,0.030895170472719592,659,I'm getting mixed emotions from you about this restaurant.
3886,6499,6,11,156,173,1.1329479768786128,0.032763863936827946,659,"Honey, I know you are overwhelmed and mixed up, but this is ridiculous!!"
4505,6500,3,15,140,158,1.1329113924050633,0.03123984040898852,659,"Blenderhead Man,make me a Pina Colada"
452,6501,2,15,126,143,1.132867132867133,0.0317545034892833,659,"I'm flattered that you are, but I'm not."
3570,6501,3,13,127,143,1.132867132867133,0.03326922824609011,659,I'm pretty sure Fletcherizing means you do you own chewing.
3173,6503,3,11,114,128,1.1328125,0.035720738792360485,659,"Dieting is fine, sister, but don't let it go to your head."
5064,6503,3,11,114,128,1.1328125,0.035720738792360485,659,"I appreciate the nice meal, Mr. Coffee, but I don't drinks at your place afterwards is a good idea!"
2328,6505,3,14,134,151,1.1324503311258278,0.03210839352861228,659,The brand doesn’t matter to me as long as we can blend in.
5635,6505,1,18,132,151,1.1324503311258278,0.029229240385051532,659,Do you have to have a smoothee on our anniversary?
6902,6507,2,14,120,136,1.1323529411764706,0.03268790747574543,659,Having everything in common is a turn off in some cases
4016,6507,1,16,119,136,1.1323529411764706,0.030976875782900634,659,This is my first step towards juicing
702,6509,3,15,141,159,1.1320754716981132,0.031053994476998522,659,Don't even thin about playing footsies!
2089,6510,3,13,128,144,1.1319444444444444,0.033050266303568096,659,"I'm sorry, I know you are a Ninja Professional NJ600, but I've upgraded to a Nutribullet."
4020,6510,1,17,126,144,1.1319444444444444,0.029967814543048924,659,... there’s just something about these ‘processed’ foods
4148,6510,3,13,128,144,1.1319444444444444,0.033050266303568096,659,"Burger and fries? 
Thought you knew me..."
439,6513,2,13,114,129,1.1317829457364341,0.03370644792815133,659,"Oh I see you’ve started juicing again.”
Jacqueline Moran, Ottawa, Canada"
3938,6513,2,13,114,129,1.1317829457364341,0.03370644792815133,659,You need to get past your ex and her veganism
467,6515,2,16,134,152,1.131578947368421,0.03051237046403628,659,AGHAGHAGHAGHAGH!
4571,6515,2,16,134,152,1.131578947368421,0.03051237046403628,659,Well I think you should give yourself more credit for eating out in public and trying to blend in Aunt Ellen.
4831,6515,3,14,135,152,1.131578947368421,0.03190835512957805,659,Sorry but you're more Osterizer than blended.
2126,6518,3,12,122,137,1.1313868613138687,0.034076036778702606,659,Processed brain again?
1896,6518,1,16,120,137,1.1313868613138687,0.030765107973675997,659,The question was what drink I would like on a date
6018,6518,1,16,120,137,1.1313868613138687,0.030765107973675997,659,I think the second pot is extra.
1026,6521,2,17,141,160,1.13125,0.02956959996581565,659,"The hand mixer is chafing me, Lloyd. Turn it down. It feels like it’s on mash"
1073,6522,1,17,127,145,1.1310344827586207,0.02977433068273246,659,I don’t think you’re thinking straight
6279,6522,3,13,129,145,1.1310344827586207,0.032834153694449884,659,"When you said you were a real smoothie talker, you weren't kidding!"
3195,6524,1,15,114,130,1.1307692307692307,0.031629303266113316,659,You always get the blender blues when you feel I'm pushing your buttons.
412,6525,1,16,121,138,1.1304347826086956,0.030556194937104857,659,My liquid diet in action.
1399,6525,3,12,123,138,1.1304347826086956,0.033841603015051513,659,I all ways wanted a blender!
3004,6525,2,14,122,138,1.1304347826086956,0.03224077498806981,659,Did you need to blend your own Margarita?
3504,6525,2,14,122,138,1.1304347826086956,0.03224077498806981,659,I think your last haircut was less buzzy than this one.
5934,6525,1,16,121,138,1.1304347826086956,0.030556194937104857,659,Are you ready for the hamburger now?
6526,6525,1,19,141,161,1.1304347826086956,0.02804504304941486,659,"Your Canadian mind is pure,eh?"
4886,6531,3,16,150,169,1.1301775147928994,0.0297543802312731,659,You look very perkly this morning.
5423,6532,3,14,137,154,1.12987012987013,0.03151562722632258,659,I can see your head is spinning now.  Let me back up to the pig’s blood incident.
5698,6532,2,16,136,154,1.12987012987013,0.030138883881871126,659,You shouldn’t have asked the waiter for dandelion juice.
5286,6532,2,16,136,154,1.12987012987013,0.030138883881871126,659,Does it really look just like a Telefunken U-47?
4483,6532,6,8,140,154,1.12987012987013,0.03532537434959986,659,"Are you going to get out of that spacesuit or do you intend to hide behind it during the entire dinner? I don’t like people hiding behind a mask, you remind me too much of Jim Carey!"
3906,6532,3,14,137,154,1.12987012987013,0.03151562722632258,659,I think you are mixing your emotions with rumors
3831,6532,4,12,138,154,1.12987012987013,0.0328346950235896,659,"No, I'd rather not drink my food."
2110,6538,3,11,117,131,1.1297709923664123,0.03494303150780469,659,Your are such a smoothie ... I thought you had to be vegan.
2928,6538,2,13,116,131,1.1297709923664123,0.033220108953149606,659,"I personally enjoy doing it, but women never really want the guy to return the favor."
5939,6538,2,13,116,131,1.1297709923664123,0.033220108953149606,659,"You are really waring on my nerves.
Alison Ferring
Saint Louis,Missouri"
1486,6541,1,16,122,139,1.129496402877698,0.030350079832770858,659,"I'm impressed that you can blend, mix, and masticate, but I can't stomach your lack of taste on a date."
2135,6541,2,14,123,139,1.129496402877698,0.03202173887237975,659,My parents never kissed me as a baby.
6451,6541,5,8,126,139,1.129496402877698,0.03658121107996308,659,Telling me that you're gonna get my food wet is NOT hot.
1324,6544,1,17,129,147,1.129251700680272,0.029394708862287292,659,The food here is already healthy.  It doesn't have to be pureed.
4434,6544,3,13,131,147,1.129251700680272,0.032410258087984076,659,"Sorry, I sometimes get names mized up."
1292,6546,1,21,156,178,1.1292134831460674,0.026441846860579748,659,Some are addicted to cell phones; Others coffee
3669,6547,3,11,118,132,1.128787878787879,0.034691234183268006,659,I hope you don’t think you’re going to score.
826,6547,1,15,116,132,1.128787878787879,0.03117949465835644,659,"We're different people, Mister Pupkin. I need my space and you're stuck on liquify."
454,6549,3,16,152,171,1.128654970760234,0.02942493825843519,659,"Even though we blend fruity notes smoothlie on a speed date, I fear we'd achieve a dissonant, divorçaic aftertaste, rather than a harmonious, wedding-cake finish."
973,6550,3,12,125,140,1.1285714285714286,0.03338223789797184,659,"To be honest, I prefer Miami Beach"
2247,6550,0,18,122,140,1.1285714285714286,0.02839100277060259,659,It's less fuss than bringing my husband along to cut up my food.
5215,6550,3,12,125,140,1.1285714285714286,0.03338223789797184,659,You always have the most profound and inspiring things to say.
5313,6550,2,14,124,140,1.1285714285714286,0.03180564233210799,659,"Don't tell me to just ""blend in."" I'm not just another ingredient for a smooth life."
6036,6550,1,16,123,140,1.1285714285714286,0.030146707303438162,659,And you're a Bass-o-Matic?
1022,6555,3,13,132,148,1.1283783783783783,0.032202369339019835,659,Are you trying to out do that guy who wore a suit of armor to this restaurant?
2657,6555,3,13,132,148,1.1283783783783783,0.032202369339019835,659,Bad graphics
4869,6555,2,15,131,148,1.1283783783783783,0.030741892064240453,659,It helps limiting my twitter usage
5330,6558,4,12,140,156,1.1282051282051282,0.03243361702736799,659,My mother would always tell me to chew with my mouth closed
6681,6558,4,12,140,156,1.1282051282051282,0.03243361702736799,659,I think you would feel less mixed up if you went organicI think you would feel less mixed up if you went organic.
522,6558,3,14,139,156,1.1282051282051282,0.03113240317642026,659,"Keurig, schmeurig. All  I asked for was a cup of coffee!"
2937,6558,3,14,139,156,1.1282051282051282,0.03113240317642026,659,I said I wanted you to apply yourself
3028,6562,2,12,111,125,1.128,0.034032242776330456,659,"No, Star Wars is still better."
44,6563,3,11,119,133,1.1278195488721805,0.03444302429190234,659,I rather have a mixer as a date then a mixed headed human.
3182,6563,2,13,118,133,1.1278195488721805,0.03274753053009996,659,"You've managed so smoothly throughout the entire liquidation process that I'd hate to see you go back to the old grind or take a turn for the wurst.  When you're ready, I'll pour, and please, from now on let's go with the blend with the flow."
74,6565,1,17,131,149,1.1275167785234899,0.029024578180982575,659,"Let me whip up a quick mango smoothie, I am Veggie after all"
206,6565,6,7,136,149,1.1275167785234899,0.035998607562237654,659,Only when I liquify....
944,6565,4,11,134,149,1.1275167785234899,0.03338428227902442,659,"I see where you got the nickname ""Vege-head!"
1792,6568,3,14,140,157,1.127388535031847,0.030944248531901856,659,"My parents found out when I was twelve, it turns out the kitchens at Harvard are really low on culinary equipment."
3111,6568,1,18,138,157,1.127388535031847,0.02818204894162055,659,"So you want to take a different spin on our relationship, huh?"
4282,6568,1,18,138,157,1.127388535031847,0.02818204894162055,659,"No, I can’t say that I have heard of the spin-off...was it Beware the Blenderman?"
5549,6571,0,18,124,142,1.1267605633802817,0.028018778271515266,659,So you’re a Blender of The Internet of Things
3453,6571,2,14,126,142,1.1267605633802817,0.03138203590531418,659,"Whatever you’re doing , honey, it seems to be working , I think we’re blending in nicely"
2920,6571,1,16,125,142,1.1267605633802817,0.02974797567390733,659,"Honey, you're never going to blend in if you keep eating hamburger smoothies."
1997,6571,3,12,127,142,1.1267605633802817,0.03293512256587904,659,"Beto, dear, I liked it better when you flailed your arms to make a point."
2187,6571,2,14,126,142,1.1267605633802817,0.03138203590531418,659,Do your gears only swipe right?
1513,6576,3,13,134,150,1.1266666666666667,0.03179445545161261,659,"You're all mixed up, I was dating a micro wave not a toaster."
3800,6576,5,9,136,150,1.1266666666666667,0.03449432293422397,659,"Sure, it was a surgical mix-up and your brain's a mixed cocktail now, but on the plus side, at least the transplant was successful, right?"
5189,6576,3,13,134,150,1.1266666666666667,0.03179445545161261,659,"J-Date said nothing about the blender-head!"""
5730,6576,1,17,132,150,1.1266666666666667,0.02884296240400122,659,What can I say; just love my tools.
3009,6580,4,12,142,158,1.1265822784810127,0.03204218126038543,659,I never knew someone could have such a blend of personality
4010,6581,2,12,113,127,1.125984251968504,0.03352424888977445,659,It's just more efficient this way.
1037,6582,3,11,121,135,1.125925925925926,0.03395706590682581,659,Are you a vegan too?
4713,6582,1,15,119,135,1.125925925925926,0.030528113043118553,659,If I'd realized my date was a vita-mix I'd have worn something more revealing...
2,6584,0,18,125,143,1.1258741258741258,0.027836270582217233,659,I think you're getting mixed up with the wrong group of  fries- I mean guys.
3381,6584,3,12,128,143,1.1258741258741258,0.03271600722345283,659,As we eat may I whip you up a souffle in just a jiffy?
2777,6586,1,17,133,151,1.1258278145695364,0.02866359000111159,659,You need to stop crushing me.
1237,6587,2,16,141,159,1.1257861635220126,0.029243763512670377,659,I think if you could get to purée that would take care of the problems your experiencing.
448,6587,1,18,140,159,1.1257861635220126,0.027849348439146354,659,Mixed up but better looking.
249,6589,4,14,157,175,1.1257142857142857,0.029906414354060766,659,Have you ever heard of energy drinks?.
6252,6590,0,19,133,152,1.125,0.026913523521537846,659,"Honey, I’m just trying the smoothie."
5706,6590,1,18,141,160,1.125,0.027685906775149413,659,But I did not order a Grande milkshake...
5033,6590,2,14,128,144,1.125,0.030969506520290797,659,Please don’t blow your top about the dress-code.
4793,6590,4,12,144,160,1.125,0.031660045650094025,659,I’ll be upset if you eat too fast.
4597,6590,2,17,149,168,1.125,0.028240257056547893,659,"Don't be so literal. I said, ""shake it till you make it"" through this date."
3943,6590,5,11,152,168,1.125,0.03180204579754326,659,"You were at my wedding, Denise..."
5729,6590,2,16,142,160,1.125,0.02907104721477233,659,"There has to be more to our relationship, than a good cup of coffee."
1791,6590,0,14,98,112,1.125,0.03139045014587016,659,Everything isn’t bassomatic.
1463,6590,1,17,134,152,1.125,0.02848641999418402,659,"My. You grind, er chew, your food intovery fine bits."
586,6590,1,15,120,136,1.125,0.03031695312954162,659,Just go over and apologize to the bartender for your spit-take.
372,6590,2,15,135,152,1.125,0.029976899436494817,659,Mother likes to say I'm not the 'brightest bulb' in the batch.
327,6590,1,16,127,144,1.125,0.029359585095590793,659,"Going out is fine now and then, but next time let's blend in."
131,6590,3,13,136,152,1.125,0.0313967016669968,659,How many times do I have to tell you that you are heading for a blending?
3090,6590,3,12,129,144,1.125,0.032499775864387605,659,I like it if it is secular.
5976,6604,1,18,142,161,1.124223602484472,0.02752435958822421,659,I now realize the irony of using 'blend-harmony'
5719,6605,1,17,135,153,1.1241830065359477,0.028311412387437684,659,"Please don’t take it like that, but I think this computer dating is not for me.”"
3211,6605,3,13,137,153,1.1241830065359477,0.031201517517303032,659,Will you do anything to enable using a straw?
1387,6605,2,15,136,153,1.1241830065359477,0.029791532075021988,659,Are you still self conscious of using public restrooms after you bought me a waffle iron for my birthday last year?
6611,6608,1,16,128,145,1.1241379310344828,0.029169143771148327,659,I don't get why everyone says blend dates are weird
6806,6609,2,16,144,162,1.123456790123457,0.028731631358145642,659,"Mr. Oster, is it your custom to just churn for a while before we eat?"
1136,6610,3,13,138,154,1.1233766233766234,0.031008734921792097,659,"Juicing is very healthy but I think you have taken it too far darling
I think you are mixed up"
1150,6610,2,15,137,154,1.1233766233766234,0.02960843129289957,659,'Well I like the bits'
1366,6610,4,11,139,154,1.1233766233766234,0.032348478778353444,659,"Shake it o’baby now,
Twist and Shout!"
1126,6613,2,14,130,146,1.1232876712328768,0.030567627865148956,659,I know private life these days feels its sliced and diced. You just gotta unplug and smell the truffles.
6517,6613,4,10,132,146,1.1232876712328768,0.03351606325154182,659,"Honey, next time I'm going to get mad."
6760,6615,2,13,123,138,1.1231884057971016,0.03162260691394559,659,"I appreciate your attempt at solidarity, but #MeToo is so much more than a redefinition of the Smoothie."
6472,6615,1,15,122,138,1.1231884057971016,0.029903222990790203,659,"So Blender, what is your superpower?  I homogenize evil-doers."
304,6615,4,9,125,138,1.1231884057971016,0.03480750369716149,659,Can't you ever agree with anything I say?
1675,6615,2,13,123,138,1.1231884057971016,0.03162260691394559,659,They did have minced on the menu.
3708,6619,4,12,147,163,1.1226993865030674,0.03110357067907248,659,"OK, yes—I did swipe right, and then swiped right again, but I don't see what that has to do with it."
1438,6620,2,15,138,155,1.1225806451612903,0.02942755601958721,659,"Girl: “The CBD in the burger, the shake and everything else will already do that for you; no need to mash it more”"
1897,6620,2,15,138,155,1.1225806451612903,0.02942755601958721,659,"I treat this relationship like my diet, one cheat day a week."
201,6622,3,12,132,147,1.1224489795918366,0.03186782995042317,659,I'm starting to think that a Sleepy Hollow rom-com reboot might be a little niche.
3859,6622,4,10,133,147,1.1224489795918366,0.03329784596433591,659,BBBBBBBBBBBBBBZZZZZZZZZZZZZBBBBBBBBBBBBBBBBBBZZZZZZZZZZZZZBBBBBBBBBBBBB
337,6624,2,13,124,139,1.1223021582733812,0.031406788564184086,659,It was the least invasive surgery to keep my figure.
2232,6624,3,11,125,139,1.1223021582733812,0.03302500238411311,659,"You are supposed to grind the food, not your tongue moron!"
2431,6624,2,13,124,139,1.1223021582733812,0.031406788564184086,659,"I said ""I enjoy singles events"", not singularity events!"
5876,6627,1,13,109,123,1.1219512195121952,0.031795875876157974,659,Where did you learn to use white pepper in your mayonnaise?
6492,6628,1,17,138,156,1.1217948717948718,0.02779897814551014,659,I come from a blended family of eaters
6470,6629,2,14,132,148,1.1216216216216217,0.03017599507771777,659,Shall we try the redacted special?
4754,6629,4,10,134,148,1.1216216216216217,0.03308244255862793,659,Being rude and disrespectful to the wait staff is a deal breaker for me Darth Vader. Take me home.
5558,6629,1,16,131,148,1.1216216216216217,0.028612270367330384,659,"No, I didn't assume this is what you meant by enjoying your blended family."""
1713,6632,1,15,124,140,1.1214285714285714,0.029500565505505463,659,It all started with a misunderstanding with a gold fish...
4560,6632,1,15,124,140,1.1214285714285714,0.029500565505505463,659,"Sorry, my head's spinning about this whole dating thing."
5011,6634,2,17,154,173,1.1213872832369942,0.027468142010608557,659,"You spin me right 'round, baby, right 'round
Like a blender, baby, right 'round, 'round, 'round"
160,6635,2,16,147,165,1.121212121212121,0.02823703751020032,659,"You ask for the head waiter, you got the head weighter!"
6114,6635,1,14,117,132,1.121212121212121,0.03047602712418407,659,Your thoughts about us are just too mixed up.
1985,6637,3,9,112,124,1.1209677419354838,0.035466879559623084,659,Worst thing about me: I'm never willing to try a restaurant's milkshakes.
5564,6638,3,11,127,141,1.1205673758865249,0.03257782717122226,659,"Honey, transparency isn’t the issue - your mother is."
6186,6638,3,11,127,141,1.1205673758865249,0.03257782717122226,659,You spin my head right round right round when you talk too much.
3217,6638,2,13,126,141,1.1205673758865249,0.030983829663298712,659,Next time I wouldn't ask for coffee with  your meal.
3041,6641,1,17,140,158,1.120253164556962,0.027467475708148066,659,"Trust me, you don't want to get Vitamixed up with a guy like me."
71,6641,3,13,142,158,1.120253164556962,0.030260758945284225,659,I've got a mixed perception of this food.
1338,6643,5,8,137,150,1.12,0.03400223706287047,659,"I know where I’ve seen you before! You were the lead singer of a 90s punk rock band, right?"
1608,6643,1,16,133,150,1.12,0.02825261564577235,659,"Wirrrrrrrrr Chung whirr gchrrr!”
“Um Gary..."
1869,6643,1,13,111,125,1.12,0.0313152544503525,659,You thought your meat was tough. Then you met the CHEF!
3825,6643,1,16,133,150,1.12,0.02825261564577235,659,Are you sure you can juice burger and fries?
5651,6643,1,16,133,150,1.12,0.02825261564577235,659,"Sorry, I guess I should have known you'd want it pureed."
6711,6648,1,18,148,167,1.1197604790419162,0.026593091163402787,659,I feel like things haven't been the same since I got the news I'm impotent
690,6649,1,15,126,142,1.119718309859155,0.029108545111038938,659,But will it be vegan?
6812,6649,2,13,127,142,1.119718309859155,0.030776574197730895,659,"In another world, I am a ninja."
4899,6651,3,13,143,159,1.119496855345912,0.03007934717310979,659,Maybe if you took me out to dinner more often I wouldn't be constantly thinking about how to cook it.
3990,6652,2,12,120,134,1.1194029850746268,0.03185926034787884,659,"haha, I bet you're wondering how I got in this pickle. It all started when a witch forced me to only date men who have blenders for a head. They always bump into things because they don't have eyes, and don't like bananas because they're phallic."
5537,6652,1,14,119,134,1.1194029850746268,0.03004649096450161,659,"Well, you said you wanted a fool-proof diet plan."
1419,6652,0,16,118,134,1.1194029850746268,0.02811709033036365,659,Nobody else pays a corkage fee for cocktails.
4023,6655,3,15,158,176,1.1193181818181819,0.028200533165850833,659,"Don’t make that face at me, it’s a major turn-off”
“Thank God"
1072,6656,1,16,134,151,1.119205298013245,0.02807613791714728,659,I don’t know.  I think the foie gras is a little on the creamy side.
2415,6656,1,16,134,151,1.119205298013245,0.02807613791714728,659,"Yes, I can keep up with you."
3301,6658,2,13,128,143,1.118881118881119,0.030572060616337517,659,I don't think this blended friendship is going to work.
4501,6658,2,13,128,143,1.118881118881119,0.030572060616337517,659,"I said, I'll refuse to dine with you if you don't stop flirting with every skirt that walks in the door."
3469,6660,5,9,146,160,1.11875,0.03242295536485216,659,"You spin me right round, baby
Right round like a record, baby
Right round round round"
5525,6660,2,15,143,160,1.11875,0.028555191786913663,659,"Joe, don't you think your taking this to the extreme?"
104,6662,2,12,121,135,1.1185185185185185,0.03163475192294538,659,I think that's the answer to your question about foam.
1457,6662,2,12,121,135,1.1185185185185185,0.03163475192294538,659,I had to pay for our date somehow.
1968,6662,2,12,121,135,1.1185185185185185,0.03163475192294538,659,I believe you are percolating
2520,6665,2,14,136,152,1.118421052631579,0.029421947072365662,659,I just don't think we are blending in with the crowd.
2009,6666,2,13,129,144,1.1180555555555556,0.030370235145086525,659,Well then I think we'll have to agree to disagree on Vatican II.
3882,6666,0,17,127,144,1.1180555555555556,0.026983346503309306,659,Can you say that again?
1655,6666,2,13,129,144,1.1180555555555556,0.030370235145086525,659,I'm on the New pureed diet!
2299,6669,0,19,142,161,1.1180124223602483,0.025505574210468535,659,"Blending the food in is cool, but it is not fun when I have a headache."
68,6670,2,14,137,153,1.1176470588235294,0.02923926019918924,659,Upps! I talked too much again.
70,6670,1,16,136,153,1.1176470588235294,0.027729677693590093,659,I love you till the last drop
1782,6670,2,12,122,136,1.1176470588235294,0.031413372132543575,659,"Had I known that 'Will it Blend' was part of the 'Meet your YouTube star' competition, I would have reconsidered my participation."
2939,6670,4,10,139,153,1.1176470588235294,0.03204579474762484,659,It’s no use. We don’t blend well together.
4213,6670,3,12,138,153,1.1176470588235294,0.030674641790922285,659,"‘Pickles,’ honey, don’ t you think you are taking the concept of a blended family too far?"
5614,6670,2,12,122,136,1.1176470588235294,0.031413372132543575,659,I've got a bad habit of word vomit
5669,6670,2,14,137,153,1.1176470588235294,0.02923926019918924,659,Are you announcing a blended family in our future?
2793,6677,3,13,146,162,1.117283950617284,0.029547883297135504,659,"Excuse me, Frank, but I have NOT been day-drinking too much."
4461,6677,2,15,145,162,1.117283950617284,0.028220492044604986,659,Now we can afford dessert!
3271,6679,2,13,130,145,1.1172413793103448,0.030171045398636062,659,"Blenderhead,why must you always choose Chop Suey?"
3653,6679,1,15,129,145,1.1172413793103448,0.02853956096077043,659,Are you percolating any thoughts about our relationship?
2059,6679,2,13,130,145,1.1172413793103448,0.030171045398636062,659,You've been spewing out mush for months now. I think we need to break fast.
892,6682,1,14,122,137,1.1167883211678833,0.029424298351454565,659,I'm just here for the smoothie.
896,6683,5,7,134,146,1.1164383561643836,0.0343785835562111,659,I find that drinking the smoothly works better for channelling your creative energy than trying to embody its disintegrating force.
1762,6683,1,15,130,146,1.1164383561643836,0.028354783761706692,659,"Honey, this dress is really turn me on!"
4594,6685,1,13,115,129,1.1162790697674418,0.03039609911115915,659,I left the back door open on a Spring day last year and haven't seen my Robo since.
1643,6686,2,14,139,155,1.1161290322580646,0.028880579433714592,659,"You remind me of this guy I met in Hollywood, he was a credit to his gender."
2384,6686,1,16,138,155,1.1161290322580646,0.027391617109358918,659,I believe you have confused your ninjas.
3189,6686,0,18,137,155,1.1161290322580646,0.025816922886051894,659,My hunger dissipated.
6482,6686,2,14,139,155,1.1161290322580646,0.028880579433714592,659,"You know, dear, you can your salad already chopped."
2721,6690,2,12,124,138,1.1159420289855073,0.030979741690832636,659,What made you decide that brains in a blender was an appropriate entree choice?
5060,6690,0,16,122,138,1.1159420289855073,0.027352721064580074,659,"You promised you would tell me what scheme you have brewed up"""
4737,6692,2,15,147,164,1.1158536585365855,0.02789351269684028,659,I forgot to turn off the blender.
1373,6693,4,9,134,147,1.1156462585034013,0.03276043910851205,659,I know you hated Broccoli
4722,6693,2,13,132,147,1.1156462585034013,0.02978037021850836,659,"Hopefully that is the last time you make that 
""Tequila Mockingbird"" joke."
67,6693,4,9,134,147,1.1156462585034013,0.03276043910851205,659,I liked you better as a blender
268,6696,1,16,139,156,1.1153846153846154,0.027225642412240313,659,[Blender Noises]
5607,6696,2,14,140,156,1.1153846153846154,0.028704504710898093,659,"Uh? 
Hello for the twentieth time ?"
6233,6698,0,16,123,139,1.1151079136690647,0.027168033469638378,659,I'd be cold-pressed to find a better date.
4356,6699,3,14,157,174,1.1149425287356323,0.02805995876341428,659,Mr. Smoothie's revenge
357,6700,2,13,133,148,1.114864864864865,0.029588786567789585,659,"Blender Brain - It's an upgrade from  ""headless chicken"""
6223,6700,1,15,132,148,1.114864864864865,0.02799227799227799,659,"So your 
""











""So your ex  gave it to you as he was leaving?""

Joan Black, Easton Connecticu"
1618,6702,1,16,140,157,1.1146496815286624,0.027061656282486333,659,Slow down darling. You will love vegetarian meat after tasting.
5532,6703,3,14,158,175,1.1142857142857143,0.027906885822879313,659,"Are you mixing metaphors again? It's Friday night,can we please just have one night without talking about bridges, swamps, and sacrificial lambs?"
5780,6704,2,17,165,184,1.1141304347826086,0.025909026326969654,659,I wanted a latte!
4503,6705,1,15,133,149,1.1140939597315436,0.02781446090885912,659,I'm afraid I'm through with blenders. I  gave my Waring to Habitat for Humanity.
3833,6705,3,11,135,149,1.1140939597315436,0.030903619185863356,659,"Sorry, you simply must have your blades cleaned and fixed."
1412,6705,1,15,133,149,1.1140939597315436,0.02781446090885912,659,All that ice is very noisy.
373,6708,2,14,142,158,1.1139240506329113,0.028358691701303472,659,My ex always said I have a hard time letting people in...it's something I'm working on.
6142,6708,3,12,143,158,1.1139240506329113,0.02974627791998565,659,Getting into this getup wasn't an accident.
864,6710,3,9,120,132,1.1136363636363635,0.033404493681161475,659,"The juice fast instructions say to drink it fresh, but it won't go bad in the time it takes to pour it into a glass."
1336,6710,1,13,118,132,1.1136363636363635,0.029741206365695588,659,Your computer dating profile didn't say you were mixed-up
4266,6710,1,13,118,132,1.1136363636363635,0.029741206365695588,659,I do hope it's removable for eating.
622,6713,1,15,134,150,1.1133333333333333,0.027638877178582457,659,You realize your head is mixed up
5078,6713,3,11,136,150,1.1133333333333333,0.030706325877882506,659,Mike!? You've been acting strangely since I've announced you my mom is moving with us in the apartment.
83,6715,0,18,141,159,1.1132075471698113,0.025206940780345334,659,"I'm an old softie, you're an old WHAT?"
1242,6715,3,12,144,159,1.1132075471698113,0.029567285151056066,659,"No, your revolving charge won't work here."
6905,6717,2,10,112,124,1.1129032258064515,0.032810635783676746,659,I am your Angel of Music.
5896,6718,1,13,119,133,1.112781954887218,0.029529104739171395,659,My husband was an umpire.
2841,6719,2,12,128,142,1.1126760563380282,0.030147295228246274,659,I'm all for diversity just make sure the covers on this is a new dress
2423,6719,3,10,129,142,1.1126760563380282,0.03176081753428408,659,I had this blender installed because I need the nutrients to grow a new head.
4288,6721,1,15,135,151,1.1125827814569536,0.027465485236195655,659,You have this way of blending my suggestions that I'm crazy about.
5293,6721,2,13,136,151,1.1125827814569536,0.029028487732057854,659,I have a blended family. Tell me about your blender family.
596,6723,1,15,136,152,1.111842105263158,0.02729424453440698,659,I can tell this is going to be a 'one-time' type of fling
1861,6723,1,15,136,152,1.111842105263158,0.02729424453440698,659,"When I signed up for the new QVC dating service, I didn't expect...."
1886,6723,3,11,138,152,1.111842105263158,0.0303191776963914,659,You have to many vises. Now you are a coffee-pot head.
6680,6723,0,17,135,152,1.111842105263158,0.02564834125169363,659,I can see why you say that coffee addiction can be very confining to your lifestyle.
889,6727,3,12,146,161,1.1118012422360248,0.02921566416494841,659,Oh I can’t wait- to see this!
2669,6728,3,13,155,171,1.1111111111111112,0.02806014039177187,659,Your attempt to smoothie our relationship is ridiculous!
1590,6729,1,17,154,172,1.1104651162790697,0.025350234590799554,659,"Where seldom is heard a discouraging word, you say? I think we're making progress..."
6823,6730,1,16,146,163,1.1104294478527608,0.026117578814816664,659,"Believe me, I really do understand, but let's wait until intermission time."
2226,6731,2,13,139,154,1.1103896103896105,0.028488934932806156,659,Smooth in is smooth out.
6749,6732,2,12,131,145,1.110344827586207,0.029551632487775724,659,"Did you say nice outfit, or ice chopper?"
4850,6732,2,12,131,145,1.110344827586207,0.029551632487775724,659,"It's the most ethical way to feed young children, Karen."
1591,6732,3,10,132,145,1.110344827586207,0.0311301208366686,659,To make a long story never ending...
241,6735,2,11,123,136,1.1102941176470589,0.030736766494842995,659,Need me to help chew your food?
1500,6735,2,11,123,136,1.1102941176470589,0.030736766494842995,659,"If I WANT coffee, I'll order it!"
1769,6737,1,12,114,127,1.110236220472441,0.030057118595922142,659,Can you give me your firm opinion about our future?
2162,6738,2,13,140,155,1.1096774193548387,0.02831349715441414,659,Long live the new flesh.
5547,6738,1,15,139,155,1.1096774193548387,0.0267930390316523,659,"Yes, but can you handle the emotional labor?"
4745,6740,3,10,133,146,1.1095890410958904,0.03092540230034454,659,Oh god! It's got me! It's—BWGHAVAGKKAFLAH!
4385,6740,3,10,133,146,1.1095890410958904,0.03092540230034454,659,You say you were next up to bat?
5415,6740,1,14,131,146,1.1095890410958904,0.027702597077874012,659,They mixed up my order.
1236,6740,0,16,130,146,1.1095890410958904,0.025941483642410917,659,Please. Spare me the public pur
639,6740,1,14,131,146,1.1095890410958904,0.027702597077874012,659,hey are you holding?
3940,6740,1,14,131,146,1.1095890410958904,0.027702597077874012,659,I don’t think I’ll have what she’s having.
192,6746,1,12,115,128,1.109375,0.029833805981314365,659,I put so much into this relationship but get back so little.
1731,6747,3,11,142,156,1.108974358974359,0.029573362744420253,659,'And that's why I call it Black Friday.'
1605,6748,3,10,134,147,1.1088435374149659,0.030723351110895948,659,"Mom, I know the Keto diet backfired, but putting a cage over your face to keep you on a diet will not work either."
3410,6748,1,14,132,147,1.1088435374149659,0.02752359684438582,659,"We're in a cartoon, and in the caption, I so want to use the expression, 'Mixed up.' Can you puree on that?"
4399,6748,3,10,134,147,1.1088435374149659,0.030723351110895948,659,"What's in your head, dear? You're driving me crazy!"
6487,6748,1,14,132,147,1.1088435374149659,0.02752359684438582,659,"Since I saw the straw, my head is spinning."
414,6752,0,19,156,175,1.1085714285714285,0.023584486605494656,659,"You never cared much for juicing, did you?"
335,6753,1,15,141,157,1.10828025477707,0.02646895795630688,659,"...I new blind dates were sketchy, but this is outrageous!"
759,6753,3,11,143,157,1.10828025477707,0.02939259039195007,659,I’m disgusted by your table manners.
1627,6753,1,15,141,157,1.10828025477707,0.02646895795630688,659,"Janine stared across the table to Prince Robot the VII. “So, your Tinder profile mentioned it’s been a few generations since you guys kept the royal line ‘pure’.”"
2378,6753,0,17,140,157,1.10828025477707,0.024878633764028,659,"It might smoothie, but does it have to smoothie?"""
839,6757,1,14,133,148,1.1081081081081081,0.027346884634331752,659,"Yes, second guessing my commitments sometimes...um...sends me into a tail spin, too."
2714,6757,1,14,133,148,1.1081081081081081,0.027346884634331752,659,The rise of ketogenic diets and the spread of banana bunchy top disease now dominated daily dinner conversation.
5741,6757,3,10,135,148,1.1081081081081081,0.03052391563869091,659,Let me show you a better way to blend your make-up..
6672,6760,2,11,126,139,1.1079136690647482,0.030101914753364586,659,"I  thought    that  I  attract  more  honeys  than
I  would with vinegar with  this mask on!"
5468,6760,3,9,127,139,1.1079136690647482,0.03178662747719772,659,I give up. Do you want more coffee
6146,6762,0,14,116,130,1.1076923076923078,0.02729322182887357,659,I now see why you picked this Deconstructed Food restaurant
4614,6763,2,12,135,149,1.1073825503355705,0.028792967399022294,659,this is just stupid. !!!
5995,6763,0,16,133,149,1.1073825503355705,0.025448880692611045,659,So thats what you get when you go to Paris these days?
1653,6765,0,15,125,140,1.1071428571428572,0.026234041439699558,659,"The burger wasn't THAT bad, was it?"
2756,6765,0,18,150,168,1.1071428571428572,0.02393394919332699,659,I can help your milkshake bring boys to the yard
4595,6765,1,13,126,140,1.1071428571428572,0.02812471961066779,659,"My, your a good mix wth the dinner !"
5480,6765,4,7,129,140,1.1071428571428572,0.03315606463281046,659,"Who woulda thunk it, blended chicken parm really tastes like bull ejaculate."
4219,6769,2,13,144,159,1.1069182389937107,0.027632759162182306,659,"Don't worry, I eat all my food by blending it."
5417,6769,3,11,145,159,1.1069182389937107,0.029037576944627767,659,You good bro???
5110,6771,1,17,160,178,1.1067415730337078,0.02453911493946554,659,"A person can't live on chia peanut butter smoothies alone, you know."
808,6772,1,14,135,150,1.1066666666666667,0.027000151903900572,659,"Yes he really worked me over good
He was a credit to his gender
Put me through some changes Lord
Sort of like a Waring blender”
Sam, you take Linda Ronstadt too literally."
1408,6772,1,14,135,150,1.1066666666666667,0.027000151903900572,659,"Again, you don't need a straw in your drink."
5583,6774,0,13,109,122,1.1065573770491803,0.028049970528641905,659,What!? Do you like strawberry smoothie or is it a coffee maker?
273,6775,0,15,126,141,1.1063829787234043,0.02605840151896999,659,"Honey, I’ve told you before, no kale blending in public. They’ll  think you a weirdo.”"
1359,6775,2,11,128,141,1.1063829787234043,0.02969300481445578,659,How is blended retirement treating you?
3409,6777,2,13,145,160,1.10625,0.027467641053272963,659,This doesn’t feel like an authentic ‘50s diner.
6417,6777,0,17,143,160,1.10625,0.02443846559481447,659,Do you even know my real name? It's Revolio Whirlhead Jr.
4714,6779,3,10,138,151,1.1059602649006623,0.029940806769423345,659,A
2772,6780,3,11,147,161,1.1055900621118013,0.02869101358007949,659,BzZzzZzZ
221,6781,1,14,138,153,1.1045751633986929,0.026496163329967792,659,"I didn’t mean fresh coffee, but a fresh start to our romantic life."
3347,6781,3,10,140,153,1.1045751633986929,0.02956425705508829,659,It's the only way I can stay on the Whole30 diet
2358,6783,2,13,148,163,1.1042944785276074,0.02698387922684319,659,"What’s shakin’ , beacon?"
5196,6784,1,13,130,144,1.1041666666666667,0.02738036419469879,659,I'm not sure about this gourmet  blind date thing.
823,6785,1,13,131,145,1.103448275862069,0.0272003668188488,659,"I forgot I cannot eat solid food, can I use your head for a quick smoothie?"
5336,6785,2,11,132,145,1.103448275862069,0.028907531815998363,659,That new man made head offers a wonderful alternative to dentures.
3304,6787,2,10,125,137,1.102189781021898,0.0298210483759282,659,"All i’m saying is, this is a nice place, don’t embarrass me again by noon eating with your blender open."
835,6788,1,13,133,147,1.1020408163265305,0.026847352654726264,659,"no matter how much i try to spin it, i just can't get it clear"
856,6788,0,15,132,147,1.1020408163265305,0.02505179403658916,659,"I paid $450 for my 10 speed blender, how much did you pay for yours?"
2164,6790,3,9,137,149,1.1006711409395973,0.029729060163842677,659,"All the benefits of a digestif , but without the hangover."
2845,6790,0,15,134,149,1.1006711409395973,0.024733233786218965,659,work's been a real mix up lately
3345,6790,1,13,135,149,1.1006711409395973,0.026503350261636135,659,I love frozen daiquirs but not at this fine dining white tabletop restaurant darling.
4977,6790,4,7,138,149,1.1006711409395973,0.031217170592361225,659,"Alexa, how's your burgher? … I'm sorry, I'm afraid I don't know that one."
1240,6794,1,15,153,169,1.1005917159763314,0.024677363612840234,659,"I thought I said 'freshly squeezed juice,' not AI'd juice!"
147,6795,0,15,135,150,1.1,0.024576957615571212,659,It doesn’t work if you don’t... um... nevermind
1996,6795,2,11,137,150,1.1,0.02798209718487045,659,"Tell me more about your blended family?""
and then the ketamine really kicked in.."
2675,6795,0,15,135,150,1.1,0.024576957615571212,659,"They really like smoothies here, don't they!"
3130,6795,2,12,146,160,1.1,0.026893687739906042,659,"Excuse me!"" #meto"
5309,6795,2,11,137,150,1.1,0.02798209718487045,659,Before we met you said you were interested in my homemade juice. So now you're not into. Why? Because it comes out of my head? Get a grip.
817,6800,1,12,128,141,1.099290780141844,0.027205109588850147,659,I’ ll have to ask to get  your shaker of salt.
1677,6801,0,16,146,162,1.0987654320987654,0.023513022891000854,659,"Darling, you push my buttons into a w-whirl."
2519,6802,1,13,138,152,1.0986842105263157,0.026003506113058905,659,Huh???????
1538,6803,1,12,129,142,1.0985915492957747,0.027021893244312114,659,"Blended Harold! Oh, how long I've dreamed of this!""        J.K. Fuller     
 Genoa, NV"
1723,6804,0,15,138,153,1.0980392156862746,0.024119702564541268,659,Is a coffee head anything like a junkie?
2647,6804,1,13,139,153,1.0980392156862746,0.025841040300410557,659,Don't you think the ideas are spinning too fast for a first date? My mind works better as a wringer!
4910,6806,2,10,131,143,1.097902097902098,0.028617106218367678,659,"Juice, juice, juice and more juice!"
2838,6807,1,13,140,154,1.0974025974025974,0.025680585022864803,659,"Finding innovating ways to drown out the missus:
last chance: VITAMIX 5200 - certain conditions apply - Offers good for those with approved credit -Ends at 2pm PST."
3305,6808,1,12,131,144,1.0972222222222223,0.026662740905023605,659,I’d be careful around electricity if I were you.
4836,6808,1,12,131,144,1.0972222222222223,0.026662740905023605,659,I prefer a blend myself
5233,6808,2,10,132,144,1.0972222222222223,0.028425813087641243,659,"No, I don't see any bees in here."
1583,6811,1,14,150,165,1.096969696969697,0.024654662023952598,659,"Sorry I don't look like my profile picture, I get it all mix up sometimes."
2416,6812,2,11,142,155,1.096774193548387,0.027113925188344715,659,"This may sound a little dicey, but eat quickly, so we can go give our FUSION a whirl!"
966,6812,3,9,143,155,1.096774193548387,0.02861733949340029,659,"Zhoozh? You said, "" head zhoozh""? Not ""head Judge""!?"
4147,6814,3,10,153,166,1.0963855421686748,0.027329631797714672,659,"Actually, it means a lunch where you have a lot of alcoholic drinks."
5443,6814,1,14,151,166,1.0963855421686748,0.024512651303828587,659,"You can't make a decision?  Well, your options are homogenized!"
5629,6816,0,12,113,125,1.096,0.026455074517792165,659,Hadn't you heard?  They've taken gag orders to a new level.
1645,6817,0,14,132,146,1.095890410958904,0.02445198532875182,659,"I’m off my diet, you bully."
5662,6817,2,10,134,146,1.095890410958904,0.028050779117461525,659,I'm a Jack LaLanne. Our table is supported by my extended legs.
5882,6817,2,10,134,146,1.095890410958904,0.028050779117461525,659,"Do not mix up everything!
Katharina Medici
Erlenbach, Switzerland"
979,6820,2,12,153,167,1.095808383233533,0.025809920660135422,659,I prefer tea?
4199,6821,1,11,124,136,1.0955882352941178,0.02737354858934891,659,Press 'Flirtacious Comment.'
6544,6822,2,11,144,157,1.0955414012738853,0.026781517368934606,659,"Sorry if I'm irritable today, I have a tooth-ache"
2717,6823,3,8,136,147,1.0952380952380953,0.029491597013587247,659,"I know, I know.  Being an astronaut is like being a doctor.  Always on call."
1952,6823,0,14,133,147,1.0952380952380953,0.0242938348982858,659,You'll be fine. There's often slip 'tween Krup and lip.
3169,6825,1,11,125,137,1.094890510948905,0.027181963368189652,659,I wish I could quit you.
1730,6826,1,14,154,169,1.0946745562130178,0.024096236139784247,659,"Oranges come from Germany...yeah, Germany."
916,6826,2,12,155,169,1.0946745562130178,0.025516092456309418,659,'I mean yes. Cyborg surger ...uhahututtt. May not have been ahhhatahat. I love you!
2870,6828,0,14,134,148,1.0945945945945945,0.024137708279937005,659,"Accidentally called her Susan,  I know, major mix..  mom complex."
5310,6829,1,11,126,138,1.0942028985507246,0.026993033175051903,659,Are you sure your canary Island house is enough big?
3629,6830,0,16,155,171,1.0935672514619883,0.02233599323116329,659,You stole my mother's job!
2556,6831,0,14,136,150,1.0933333333333333,0.0238313738028329,659,You could call it the all-American smoothie.
4957,6831,2,10,138,150,1.0933333333333333,0.027329568137025164,659,He is very efficient with his digestion.
1978,6833,1,13,147,161,1.093167701863354,0.024610699075973855,659,"I think there's been a mix-up, I ordered the vegan entree."
189,6834,1,12,138,151,1.0927152317880795,0.025477329883008413,659,Isn't this better than our normal gruel?
4139,6834,2,10,139,151,1.0927152317880795,0.0271550098272526,659,I'd love to hear the highlights in the life of your veggies.
4798,6834,0,14,137,151,1.0927152317880795,0.023681091976872213,659,But you didn't order a green smoothie...
3550,6837,0,11,108,119,1.0924369747899159,0.026663690235275945,659,You do realize that Osterizer is a trade-marked name?
3433,6838,1,10,119,130,1.0923076923076922,0.027726739344457255,659,"No, I'm more into ice crushing than ice climbing"
4136,6838,1,10,119,130,1.0923076923076922,0.027726739344457255,659,"No, but sometimes, like now, my stomach turns that fast."
5854,6840,2,9,130,141,1.0921985815602837,0.028292704441351832,659,Do you really think that I need to watch my calories?
2966,6840,2,9,130,141,1.0921985815602837,0.028292704441351832,659,Apparently the bartender didn't share your assessment
4948,6842,1,11,130,142,1.091549295774648,0.02626279212253335,659,"My head spins every time I hear you call me ""Ameria's singing master"""
2165,6843,1,13,150,164,1.0914634146341464,0.02417890633310785,659,"No, this isn't blender Wednesday."
2183,6844,2,10,142,154,1.0909090909090908,0.02664443363285628,659,Are you suggesting you don't know how to act in front of a woman?
3674,6844,2,9,132,143,1.0909090909090908,0.02791040192674922,659,"You know Nadine, I'm really sick of pineapple smoothies."
5371,6844,1,11,131,143,1.0909090909090908,0.026086346610308456,659,My ideal husband is a blend between my Jack Pearson and Mike Brady...
1522,6847,0,13,131,144,1.0902777777777777,0.023964965777906952,659,"Sorry to make you work while we're out, but I just can't do egg creams."
1722,6847,1,11,132,144,1.0902777777777777,0.025912249648792525,659,please tell your psychoanalyst that this treatment might help you but it certainly does not help my reputation as a PR manager for men's beauty products
5550,6847,0,13,131,144,1.0902777777777777,0.023964965777906952,659,"No, you can’t go to the powder room."
1256,6850,0,12,121,133,1.0902255639097744,0.024937028498912793,659,Did you want your dinner blended?
4115,6851,0,13,132,145,1.089655172413793,0.023807258824376978,659,I can't wrap my head around the small portions for this price!
1263,6851,1,11,133,145,1.089655172413793,0.025740454800642167,659,Oops! I spun left.
26,6853,2,10,146,158,1.0886075949367089,0.025992740872040447,659,No wonder you always have offered on your mind .
665,6854,2,11,157,170,1.088235294117647,0.024804470721566968,659,My yoga therapist said I should display my inconspicuous consumption during formal leisure activities.
3918,6855,0,13,135,148,1.087837837837838,0.023346306220941738,659,Do you care to hear any more of my original opinions?
5368,6855,1,11,136,148,1.087837837837838,0.0252384365109889,659,It's the latest in diets. It's all you can eat.
6022,6855,2,9,137,148,1.087837837837838,0.026998284035776282,659,"I get it, Its hard to not blend in with everyone else. 
I"
3338,6858,2,10,149,161,1.0869565217391304,0.02552447423100242,659,"My latest diet cuts out a lot of activities, but just LOOK at my waistline!"
1247,6859,1,11,138,150,1.0866666666666667,0.024914469649422722,659,Give your head a shake; that is garbage.
3070,6860,3,5,119,127,1.0866141732283465,0.031667450204906,659,I'm so nervous that I think I'm gonna throw in instead
2713,6861,2,9,140,151,1.086092715231788,0.02647902639712821,659,SO Ruth. Isn’t that a little extreme ?
6637,6861,0,13,138,151,1.086092715231788,0.022902803265947794,659,"Well,maybe after the second cup"
4071,6863,2,7,119,128,1.0859375,0.029403819733351266,659,"Personally, I find artificial vegan burgers perfect for our first date."
3096,6864,1,10,130,141,1.0851063829787233,0.025641440192185932,659,You really are Mr. Smoothie. How did you convince me to go out on this date and sleep with you afterwards?
6168,6864,2,8,131,141,1.0851063829787233,0.02754633510511274,659,I told you not to  send the juice back also
1715,6866,1,9,120,130,1.0846153846153845,0.02682707135076135,659,"Oh,it's ghastly to see patriarchy grinding into half cooked conservative potatoes"
5973,6867,0,12,131,143,1.083916083916084,0.023267303840409183,659,Now I know why they call you blender brain.
2592,6868,0,12,132,144,1.0833333333333333,0.023112508176051216,659,There were scewers in the kabob.
4585,6868,0,12,132,144,1.0833333333333333,0.023112508176051216,659,"Oh, this food lacks flavor.""
""Oh, yes. I made it in my blander."
3682,6870,0,12,133,145,1.0827586206896551,0.022959752132687566,659,My mother was a slicer and my father loved to chop.  I guess I'm just a mixed blend of their finest puree!
3999,6870,0,12,133,145,1.0827586206896551,0.022959752132687566,659,DIY word clouds? I just use an app.
5832,6870,0,12,133,145,1.0827586206896551,0.022959752132687566,659,"Don't turn away when I'm speaking to you. After all, you asked me out."
2797,6873,1,9,124,134,1.0820895522388059,0.02605318891285812,659,it's easier this way................./
4405,6874,0,11,124,135,1.0814814814814815,0.02363311767778688,659,You shake me up Honey!
750,6875,2,9,149,160,1.08125,0.025034371026738465,659,I assume you know how much a polar bear weighs?
5302,6876,2,8,138,148,1.0810810810810811,0.026281309982834157,659,I am famished!
4024,6877,0,13,149,162,1.0802469135802468,0.021410995381732995,659,Stop acting like I will be throwing you a curve.
6210,6878,3,8,164,175,1.08,0.024900458644822102,659,"Are you just  going to sit there and boil, or are you going to let the waiter know where he left his teapot?"
5778,6879,0,12,139,151,1.0794701986754967,0.022083883444414656,659,Can you hurry up with your burger so we can get to the club and BOTH percolate?
1969,6880,0,10,116,126,1.0793650793650793,0.024177057478933055,659,dfbe
484,6881,0,11,128,139,1.079136690647482,0.02297983912243713,659,'Hope she would pay the bill.'
3777,6881,1,9,129,139,1.079136690647482,0.025146320220827627,659,"Thanks for meeting me; I know things ended on pretty bad terms... Look, there's no easy way to say this, but I think you should get an AIDS test."
1539,6883,1,9,130,140,1.0785714285714285,0.02497245582916265,659,Chef loves the little blendeds - they are tasty in his sight
111,6884,0,13,153,166,1.0783132530120483,0.020915455705337472,659,The queen likes her chosen ones to clean their plates
1483,6885,0,10,118,128,1.078125,0.023813825861573656,659,"This is such a coincidence, I dated your brother only last week Mr Hill."
2740,6886,1,9,131,141,1.0780141843971631,0.024800974720639093,659,"In the name of love, amen.
OR
You doin my head right round, right round. Baby, don't be baffled, this is my happy hunting ground."
2802,6887,0,12,143,155,1.0774193548387097,0.021536076397323353,659,"Maybe you should ask for the help of your robot friends, Tom."
4720,6888,1,9,134,144,1.0763888888888888,0.024300351868311865,659,When I said
3957,6889,1,10,147,158,1.0759493670886076,0.022970389216031582,659,Of course I use my head...so let's chow down and go shopping for that cute dress you wanted!
5644,6890,1,9,137,147,1.0748299319727892,0.023819506141236017,659,Dieting isn't the answer.
628,6891,2,6,127,135,1.0740740740740742,0.027073247142687693,659,Remember when we used to play outside from dawn
6642,6891,1,10,151,162,1.0740740740740742,0.02242070702123878,659,"If we want our students to learn cursive, we'll have to expose the teachers to this first."
2747,6893,1,8,127,136,1.0735294117647058,0.024769862172074757,659,"I know you're agitated seeing you food like this, but, you know when we eat it is all blended together."
1699,6894,2,7,141,150,1.0733333333333333,0.02520016808059188,659,Carrie really made a mess of me. Some assembly required.
4237,6894,0,11,139,150,1.0733333333333333,0.021355972327761878,659,"""You're truly Shakespearean!!!"""
915,6896,2,6,129,137,1.072992700729927,0.026687440131087158,659,Your conversation is percolating!
2764,6897,0,10,129,139,1.0719424460431655,0.021995837962776543,659,Did  it hurt when the waiter crowned you?
5026,6898,2,7,145,154,1.0714285714285714,0.024561588134218302,659,"John, is somethings struck?
Just give it a whirl!"
2142,6899,0,9,118,127,1.0708661417322836,0.022859844131497838,659,I developed my tastes in Ethiopia.
965,6900,2,5,122,129,1.069767441860465,0.027372959092685143,659,"The waiter did seem upset when you asked him 'where the heck are you getting this crappy coffee.'"""
1751,6901,0,10,138,148,1.0675675675675675,0.020702326823867967,659,I'm sure they'll make your food to your specifications.
278,6902,3,4,145,152,1.0657894736842106,0.025854265925317414,659,"I BET YOUR'E ALL USED UP FROM FUCKING THE COCK CAROUSEL OF MELTING POTS, VERONICA!!?"
3968,6903,0,10,143,153,1.065359477124183,0.02004724942975777,659,I set the time ... not the place!
696,6904,2,5,135,142,1.0633802816901408,0.024915778086225415,659,"you though the stewpot was to radish"""
747,6905,0,8,125,133,1.0601503759398496,0.020694807615157167,659,"Shaking you u head again, literally!"
5057,6906,1,8,168,177,1.0564971751412429,0.019159124246116578,659,Don't blend your
2817,6907,0,8,150,158,1.0506329113924051,0.017497810541168026,659,Isn't this great? Now we can truthfully say that Facebook encourages animal behavior .
5798,6908,1,5,133,139,1.0503597122302157,0.021232341481897468,659,"Lets keep the Bees. ""I hear and see"" to ""Ourself."""
3851,6909,0,6,120,126,1.0476190476190477,0.01904761904761906,659,"I was too late to submit a caption for the winner announced on 4/1, but here’s mine: “May I? They only have blends.”"
1607,6910,0,6,134,140,1.042857142857143,0.017178790705268905,659,I grind it more than 32 times...
