target_id,rank,funny,somewhat_funny,unfunny,count,score,precision,contest,caption
1354,1,4513,4518,2511,11542,2.173453474267891,0.007079786752210504,663,"Next time, when they ask you if you want any toppings, you’d better be more specific than 'Yeah, a couple.'"
2989,2,2365,3503,2269,8137,2.0117979599360942,0.008365411459407696,663,You said you were in the mood for a little Italian.
4641,3,2511,3398,3073,8982,1.9374304163883322,0.008293771515516636,663,OMG...Remember us...we were on your wedding cake!
3491,4,2338,3148,3017,8503,1.9201458308832178,0.008562946092058583,663,I don't know either. We asked for a small table on the piazza.
1975,5,2026,2864,2930,7820,1.8843989769820972,0.008907562657598744,663,You ordered Basil and Olive? Here we are.
1929,6,1971,2903,2866,7740,1.8843669250645996,0.008889527388045536,663,"Well, you're not what we ordered either."
2453,7,2214,3250,3326,8790,1.8734926052332195,0.008359985339750329,663,"Hello , we’re the Toppings!"
1148,8,1557,2419,2413,6389,1.8660197213961496,0.009719208903443915,663,Do you mind?  This is a personal pizza.
4400,9,1293,1857,2004,5154,1.862048894062864,0.010974865121540209,663,"Finally, some service."
3324,10,1235,2362,2594,6191,1.7804878048780488,0.009598505812575443,663,Didn't you order the two-person pizza?
149,11,825,2027,1924,4776,1.769891122278057,0.010461959704003928,663,Would you mind leaving the lid open? We’d prefer to dine outside tonight.
322,12,869,1436,2017,4322,1.7343822304488663,0.011756158816626333,663,We’d invite you to join us but there isn’t mushroom in here.
3469,13,469,866,1157,2492,1.723916532905297,0.01520983804296855,663,Remember when you said there’s nothing worse than pineapple on pizza...?
2570,14,482,697,1168,2347,1.707711972731146,0.016225090391812202,663,Look up. You’re on someone’s pizza too.
4676,15,411,727,1056,2194,1.7060164083865086,0.016293805498539173,663,You ordered a large pie and two sprites?
1652,16,324,542,831,1697,1.7012374779021804,0.018672857054010443,663,"Well, we finally know what that plastic piece is for"
2263,17,650,1101,1688,3439,1.6981680721139867,0.013086127641066973,663,"Oh, little tip... the mushrooms might be hallucinogenic."
4337,18,383,703,1025,2111,1.6958787304594978,0.01650064950861224,663,"So he tells the genie, we want to eat pizza everyday and travel..."
634,19,542,1203,1552,3297,1.6936609038519868,0.012814954443045834,663,Little Italy - what about you?
4866,20,711,1207,1890,3808,1.690388655462185,0.012419179537656568,663,The last thing we remember is the moon hit our eye.
685,21,893,1810,2506,5209,1.69034363601459,0.01033833757020415,663,Do you mind? We’re trying to think inside the box.
4876,22,594,1231,1688,3513,1.6885852547680045,0.01254386499143743,663,"Hopefully, you two are vegetarians."""
3709,23,580,1072,1647,3299,1.676568657168839,0.013151692446458084,663,"No idea. We were in our favorite pizza place, I told a joke, she said, 'Good Lord deliver us,' and the next thing we know...."
4378,24,452,1213,1466,3131,1.67614180772916,0.012735948346963665,663,"It may be your night in, but it’s our night out."
3,25,893,1705,2601,5199,1.6714752837084055,0.010417633744361278,663,Did you order two nine-inch Italians?
3355,26,390,701,1141,2232,1.6635304659498207,0.016022174127814107,663,What did you think the shrimp special was?
1487,27,194,444,623,1261,1.6597938144329898,0.02055110248000967,663,You wanted dates on your pizza? You got dates on your pizza.
1907,28,224,493,774,1491,1.631120053655265,0.018918351856813485,663,You think YOUR dinner is ruined?... I was about to propose!
610,29,408,941,1457,2806,1.6261582323592303,0.013679414740944692,663,Remember us from your wedding cake?
1162,30,567,1120,1920,3607,1.6248960354865538,0.012336447145345588,663,"Hi, we're the Toppings"
369,31,230,568,859,1657,1.620398310199155,0.017602604414965674,663,"Could we have two more drops of Chianti, please?"
2657,32,449,1038,1640,3127,1.6191237607930924,0.012934523539027824,663,What did you expect from Little Caesars?
1062,33,396,800,1377,2573,1.6187329965021375,0.01453951509950953,663,We represent the shrinking middle class.
3590,34,583,1139,2007,3729,1.6181281844998658,0.012132252463633022,663,"Honey, I don't think the kids will eat pizza with dates on it."
3473,35,309,859,1266,2434,1.6068200493015612,0.014227505552046703,663,"Yes, we're ready to order."
70,36,267,793,1195,2255,1.588470066518847,0.014577457994337616,663,"Hey don't look at me, you're the one who said you were in the mood for a little Italian."
1009,37,477,1054,1919,3450,1.5820289855072465,0.012276331569606846,663,You ordered two small vegans?
2184,38,417,1002,1767,3186,1.576271186440678,0.012603766486709389,663,Finally. Could we please have our menus?
1309,39,559,614,1887,3060,1.5660130718954248,0.01413290660787886,663,You said you wanted us for dinner.
3305,40,252,509,1048,1809,1.5599778883360973,0.017040581736897903,663,"It's a long story, but trust us. Don't use the coupon."""
4156,41,211,286,773,1270,1.55748031496063,0.021359976675843023,663,"Hi, my name is Bob, this is my wife, Sally, and I am a candidate for the Democratic Party nomination for the presidency of the United States."
4995,42,302,632,1284,2218,1.557258791704238,0.015300903623929985,663,Now you know what those little plastic things are for.
2732,43,216,430,914,1560,1.5525641025641026,0.018336182312899033,663,"If you don't like them, you can just pick them off."
2574,44,155,404,762,1321,1.5404996214988644,0.019129354023502344,663,Stop hovering. We'll give up the table when we finish eating.
1965,45,193,501,960,1654,1.5362756952841596,0.017077059496187996,663,We met in Little Italy.
2841,46,190,491,961,1642,1.5304506699147382,0.017111632046125664,663,"You ordered the small family size, right?"
1921,47,199,362,873,1434,1.5299860529986054,0.019170629219969045,663,You're seriously ordering us to go?
4383,48,97,248,491,836,1.5287081339712918,0.024006816878979875,663,"It turns out the apostrophe in ""Extra Small Meat Lover's"" makes a big difference"
917,49,179,421,892,1492,1.522117962466488,0.018118345147230368,663,"I told the genie, ""Make us a pizza"". The next thing you know, we're here."
3962,50,101,240,530,871,1.507462686567164,0.023534314509457376,663,"Hi, I'm Basil, and this is Olive"
2353,51,137,310,712,1159,1.5038826574633304,0.020494652064747664,663,That's the last time I eat mushrooms as an appetizer.
4253,52,107,302,619,1028,1.5019455252918288,0.021121603249139035,663,"Stare all you want, we're not giving up the table."
3733,53,70,195,406,671,1.4992548435171387,0.0261637569744755,663,"Well, you're not exactly what we ordered, either."
943,54,97,328,621,1046,1.4990439770554493,0.020413606899887117,663,"It wasn’t our idea either, we just asked for a little table for two."
454,55,116,307,658,1081,1.4986123959296946,0.0207412223907189,663,"Roger, I know said I  wanted 2 small vegetarians but did you have to be so literal?"
4244,56,100,316,623,1039,1.4966313763233878,0.020646614531537384,663,"I don't suppose you've seen our waiter, have you?"
599,57,124,269,649,1042,1.4961612284069097,0.0216510866012015,663,I'll bet you always wondered what these little tables were for.
847,58,71,175,394,640,1.4953125,0.02717396075193982,663,"This is what happens when they ask you if you want any toppings and you say ""yeah a couple"""
1771,59,102,293,609,1004,1.495019920318725,0.021255752838143262,663,You ordered two small Sicilians.
729,60,111,256,607,974,1.4907597535934292,0.022160785339430594,663,Wait'll you see the box YOU are in.
2920,61,102,243,573,918,1.4869281045751634,0.022688717784212255,663,"""If  you boys would just call us more often, Dad and I wouldn't have to resort to this."
635,62,99,234,559,892,1.484304932735426,0.02300945882293441,663,We could ask you the same question.
2379,63,96,226,543,865,1.4832369942196533,0.02336516478461825,663,"I ordered a single topping pizza, not singles topping a pizza."
4447,64,94,229,542,865,1.4820809248554914,0.023249351524419138,663,This IS two small Sicilians and a plain.
574,65,58,147,344,549,1.4790528233151183,0.02899957450803262,663,"Yeah, but things are gonna get even weirder when you look up."
133,66,84,220,510,814,1.4766584766584767,0.023678956141086383,663,"Are you implying that we are NOT ""hot and spicy""?"
256,67,70,231,483,784,1.4732142857142858,0.02337582212735627,663,"Well, you did order a small Sicilian and a small Neapolitan, right?"
4006,68,71,215,472,758,1.470976253298153,0.024012675936850098,663,I think we are ready to order.
1657,69,67,176,416,659,1.4704097116843702,0.026222765763458646,663,"It does say, ""a unique, fine dining experience inside each box""."
2919,70,74,194,460,728,1.4697802197802199,0.02494515216387575,663,Close the box and walk away. You saw nothing.
4817,71,76,200,474,750,1.4693333333333334,0.02455821187825312,663,This is an awkward situation no matter how you slice it.
213,72,72,203,465,740,1.468918918918919,0.02450120985092161,663,Greetings from little Italy!
131,73,75,194,466,735,1.4680272108843537,0.02484445818965202,663,I think it was the mushrooms.
3547,74,66,195,443,704,1.4644886363636365,0.024910620968962162,663,"Take what you like,we can't eat all of it."
3338,75,68,186,441,695,1.4633093525179857,0.025303268621218136,663,Finally! No one has checked on our table in over half an hour!
2473,76,71,141,400,612,1.4624183006535947,0.02804642397844802,663,"Maybe next time pizza first, then drugs."
1880,77,68,175,432,675,1.4607407407407407,0.025837318949732988,663,"Well, we started out on wedding cakes but now we do just about anything, ‘xcept soup and barbecue."
3038,78,69,170,431,670,1.4597014925373135,0.026060358235741956,663,We got tired of standing on wedding cakes
3589,79,63,178,422,663,1.458521870286576,0.025731732840232696,663,"Well, you did order a couple of small Vegans."
4164,80,49,134,324,507,1.457593688362919,0.029538465253219334,663,We aged-out of that bride and groom gig.
464,81,58,182,412,652,1.4570552147239264,0.02558290807615377,663,"We're from Little, Little Italy."
4071,82,60,171,408,639,1.4553990610328638,0.02613577351986461,663,Wow that really does keep the cheese from sticking to the box
1964,83,61,166,406,633,1.4549763033175356,0.026406806639391472,663,"Maybe you're tiny people living in a pizza box too, you ever think of that?"
270,84,60,165,403,628,1.4538216560509554,0.02645903104650824,663,Our last gig was on a wedding cake.
590,85,66,142,400,608,1.450657894736842,0.02766803149361409,663,You think we have it bad? You two are actually in a giant calzone.
2227,86,57,151,383,591,1.4483925549915397,0.027315795164756365,663,"Oh look, the show is starting."
2787,87,57,148,381,586,1.447098976109215,0.027479307858327858,663,So that's what the little plastic thing is for.
284,88,99,55,415,569,1.444639718804921,0.03236331358589424,663,"“Sorry, pal—we’re Little Conceivers.”"
3699,89,56,138,370,564,1.4432624113475176,0.028125650774159235,663,Its hard to get a good table but the portions are quite large.
910,90,53,141,364,558,1.4426523297491038,0.0279995961250331,663,"The tables are crappy plastic, but the pizzas are huge."
1618,91,58,129,367,554,1.4422382671480145,0.028717299629707406,663,"Hi, there! We’re the Toppings!"
2958,91,42,161,351,554,1.4422382671480145,0.026837132886078263,663,"Finish your wine, Honey, I think they're waiting on us to close up."
381,93,54,132,359,545,1.4403669724770642,0.0285883897545096,663,"We're the Toppings. I'm Jim, and this is my wife Edna."
2210,94,44,149,347,540,1.4388888888888889,0.027554243855973434,663,"Want some? The portions are enormous!"""
4417,94,48,141,351,540,1.4388888888888889,0.02804856674138459,663,We couldn't find the hostess so we just seated ourselves.
3068,96,47,138,345,530,1.4377358490566037,0.02829368215775587,663,The service here is terrible and the floor is greasy.
330,96,47,138,345,530,1.4377358490566037,0.02829368215775587,663,We asked to be seated in the piazza.
66,98,51,127,347,525,1.4361904761904762,0.028984533219431247,663,"Henry, did you order dates on the pizza again?"
2386,99,43,137,334,514,1.433852140077821,0.02837165058590697,663,Having some wine. What's it look like?
615,100,51,116,337,504,1.4325396825396826,0.02983820045944898,663,Just eat around us
1023,100,47,124,333,504,1.4325396825396826,0.029304632996538422,663,"Just the check, please."
5088,102,36,136,313,485,1.4288659793814433,0.028509588040586075,663,"You asked for a pizza with Basil and Olive, right?"
872,103,37,103,273,413,1.4285714285714286,0.03208282343849235,663,We didn't order you either.
50,104,40,112,297,449,1.4276169265033407,0.03072539702636257,663,"We’ve been waiting 25 minutes to order, so YES, we ate all the pepperoni!"
4840,105,43,118,317,478,1.4267782426778242,0.0298337423901644,663,Take our advice:  don't eat the mushrooms.
797,106,36,129,308,473,1.4249471458773784,0.0289866619764757,663,Ya gonna stare all day or tell us the specials?
4706,107,35,125,301,461,1.4229934924078091,0.02933738583741973,663,We also do weddings.
3755,108,37,103,281,421,1.4204275534441806,0.031601695149136355,663,"Makes you think about your place in the universe, doesn't it?"
3025,109,40,106,298,444,1.4189189189189189,0.030922828230991312,663,"Seriously, who orders dates on a pizza?"
47,110,38,106,292,436,1.4174311926605505,0.030979946003679693,663,"I asked for Margherita on the pizza, not Mark and Rita"
1374,111,33,115,286,434,1.4170506912442395,0.030210697556868813,663,"In all fairness, when she asked what toppings you wanted, you did say “surprise me.”"
3236,112,40,98,291,429,1.4149184149184149,0.03166860050351002,663,"Well, I did order 2 small vegetarians."
650,113,36,105,286,427,1.414519906323185,0.03107281394695345,663,We're the Toppings. This is Helen and I'm Bob
4250,114,32,112,281,425,1.4141176470588235,0.030453043685110946,663,What did you think you'd find on a shrimp pizza?
4636,115,41,93,289,423,1.41371158392435,0.03215807141637543,663,Oh thank God! We've been trying to get that open for hours!
4957,116,38,98,286,422,1.4123222748815165,0.031675589980122695,663,"Well, what did you think these little plastic tables were for?"
4392,117,39,93,283,415,1.4120481927710844,0.03223615633045531,663,We're members of the upper crust
2153,118,40,93,287,420,1.411904761904762,0.032136174291495845,663,She's Olive. I'm Basil. What's the problem?
3102,118,41,91,288,420,1.411904761904762,0.032312515004655804,663,We'll be out of your way soon.  We have a wedding cake gig in an hour.
1163,120,30,109,273,412,1.4101941747572815,0.030708027026780278,663,If you see our waiter will you ask him where our pizza is?
3337,120,29,111,272,412,1.4101941747572815,0.030515107852578573,663,Of course it looks like a table. It is a table.
4175,120,33,103,276,412,1.4101941747572815,0.031279646317475596,663,Please say you're vegetarian.
465,123,26,115,267,408,1.4093137254901962,0.03011962146293492,663,"Well, you're not exactly what we were hoping for, either."
609,123,35,97,276,408,1.4093137254901962,0.03186830344231061,663,"Ohhhh, hey, I think the edibles just kicked in."
2848,125,38,88,276,402,1.407960199004975,0.03276849200576004,663,Is it the weed or are you seeing them too?
841,126,32,99,269,400,1.4075,0.03171946857557346,663,Food's good.  Decor is a little cheesy.
3987,126,34,95,271,400,1.4075,0.032112105869257404,663,"Oh, are you closing?"
1626,128,33,95,268,396,1.4065656565656566,0.03213644526487692,663,Can you send our waiter over?
2464,129,39,82,273,394,1.4060913705583757,0.033428009787149764,663,I told you not to order a pizza with dates on it.
3440,130,31,99,267,397,1.4055415617128464,0.03167260263627439,663,You ordered the small Italian family style right?
238,131,34,90,266,390,1.405128205128205,0.032676584420659065,663,"Before you complain, let me just say she's a little saucy, I'm a little cheesy, and we've both got plenty of dough."
4357,132,37,83,268,388,1.4046391752577319,0.033396373048403635,663,I ordered the meat lover’s not the meet lovers.
4987,132,34,89,265,388,1.4046391752577319,0.032792671278337314,663,If you keep staring we'll eat slow and order dessert.
4136,134,35,86,266,387,1.4031007751937985,0.03304452535546097,663,Delivery?  On Heavens no. We’re the DiGiornos.
2737,134,25,106,256,387,1.4031007751937985,0.030952475130181803,663,Can you give us another minute? I was just about to propose.
693,136,29,97,259,385,1.4025974025974026,0.03191631655059455,663,Nice to meet you; we're the Garnishes.
3332,136,26,103,256,385,1.4025974025974026,0.031274060282818095,663,All i said over the phone was surprise me
4070,136,36,83,266,385,1.4025974025974026,0.03336687327057669,663,"But we ARE the small ""Meat Lovers!"""
4152,136,24,107,254,385,1.4025974025974026,0.030838459259779225,663,I take it you didn’t read the small print either.
2947,140,32,89,260,381,1.4015748031496063,0.032778823525403726,663,"If you think this is weird, look up!"
1337,141,26,98,250,374,1.4010695187165776,0.03188662022970166,663,"A cabernet savignon for me, and another Chardonnay for the lady."
4958,141,31,88,255,374,1.4010695187165776,0.03299151572397891,663,"Excuse me, this is a personal pizza."
1601,143,26,98,251,375,1.4,0.031819455029275266,663,Little Italy. It's a thing.
1325,144,29,90,252,371,1.398921832884097,0.0327198359515819,663,"If you are surprised now, don't look up."
1317,145,35,76,256,367,1.3978201634877385,0.034288034835458836,663,You want a piece of me?
702,146,32,80,251,363,1.396694214876033,0.03388461305588465,663,Finally! The waiter...
1028,147,32,79,250,361,1.3961218836565097,0.034013667820797705,663,We ate the mushroom pizza Alice gave us.
196,148,35,71,251,357,1.3949579831932772,0.03495762306465771,663,Do you mind?  This is a personal pan pizza!
4801,149,29,80,243,352,1.3920454545454546,0.03388931806040828,663,We’re just here to make the pizza look bigger.
2472,150,30,75,241,346,1.3901734104046244,0.03452990826457242,663,This is the last time I order from Little Italy
3218,150,33,69,244,346,1.3901734104046244,0.03525022624265166,663,It was at this moment that Ben realized the mushrooms on his pizza might not have been normal mushrooms.
4503,150,26,83,237,346,1.3901734104046244,0.03354543263836869,663,"To you, it’s a pizza. To us, it’s a hut."
169,153,36,62,246,344,1.3895348837209303,0.036103987474587235,663,"Check, please."
4623,154,24,70,209,303,1.3894389438943895,0.0362200821714491,663,So she said “Let’s find a nice table in the Piazza”
3543,155,22,89,231,342,1.3888888888888888,0.03277530773180671,663,Do you mind?  We've waited 18min at 425º for this table.
395,155,27,79,236,342,1.3888888888888888,0.03405830165355023,663,We know what you’re both wondering... How did the box close in the first place?
1413,157,29,62,218,309,1.3883495145631068,0.037156934403497634,663,Thanks for not ordering the calzone.
3907,158,28,76,236,340,1.388235294117647,0.03444522533378035,663,"Look, Gulliver. It's the Lillipizzans!"
1468,159,28,75,235,338,1.3875739644970415,0.034582754999632336,663,"What're you staring at, Einstein? You think you ain't standing in the middle of an even bigger pizza?"
2819,159,31,69,238,338,1.3875739644970415,0.035336128198974914,663,"Well, that explains the beanstalk."
2097,161,27,76,233,336,1.3869047619047619,0.034464940127807195,663,"It's not delivery, it's the DiGiornos."
2734,161,26,78,232,336,1.3869047619047619,0.03420619529650943,663,I have a feeling we’re not in Little Italy any more.
3538,163,28,68,225,321,1.3862928348909658,0.03586108219850346,663,We booked it on OpenTable
3979,164,21,87,226,334,1.3862275449101797,0.033007612710818805,663,We thought we asked to be seated in the piazza.
516,165,25,66,210,301,1.3853820598006645,0.036650406300389675,663,"Didn't you order two small meat lovers?"""
3138,166,25,71,218,314,1.3853503184713376,0.03557340066500244,663,I don't think they got what they ordered either.
1658,167,21,77,211,309,1.3851132686084142,0.034787078184218806,663,Then don't order the date-night combo!
4020,167,26,67,216,309,1.3851132686084142,0.03626587554715663,663,You’re disappointed!? We asked for a table overlooking the piazza.
232,169,25,77,228,330,1.3848484848484848,0.034352688894260394,663,"Excuse me Sir, but we're kind of in the middle of something."
1478,170,28,69,228,325,1.3846153846153846,0.0355292473347462,663,"So I say to the genie, how 'bout a nice romantic dinner on an Italian piazza?"
2659,170,26,73,226,325,1.3846153846153846,0.03499058032557046,663,We ate all your toppings.
4121,170,30,65,230,325,1.3846153846153846,0.03605986856363929,663,Hurry up and eat. We've got to change for a wedding cake.
2999,173,18,82,207,307,1.3843648208469055,0.03400751305834055,663,I told you it was only a matter of time before other people found out about this place.”
4138,174,26,74,228,328,1.3841463414634145,0.03476062815358242,663,Maybe this tiny house thing has gone too far.
3160,175,25,73,223,321,1.3831775700934579,0.03500516746434198,663,Did you order us or did we order you?
4941,176,23,78,223,324,1.382716049382716,0.03421927939420634,663,It was either this or we sat at the bar.
974,177,34,55,233,322,1.3819875776397517,0.03732709640238058,663,I knew we should have said no to the magic mushrooms.
2385,177,24,75,223,322,1.3819875776397517,0.034638380705698045,663,"And we’ll be leaving a tiny tip, too!"
2620,179,19,62,181,262,1.381679389312977,0.0382088634391124,663,Please bring the check and a small ladder.
4342,180,25,71,222,318,1.380503144654088,0.0352079539140929,663,"Look, if you don't like us, just pick us off."
4479,180,29,63,226,318,1.380503144654088,0.036317494053847967,663,And you’re sure you said ‘two small meat lovers’ and not ‘two small lovers meet’
587,180,25,71,222,318,1.380503144654088,0.0352079539140929,663,Hi- we're the Olives.
2555,180,27,67,224,318,1.380503144654088,0.03576702666680704,663,"Can you close the lid, please? It's really throwing off the ambience."
4159,184,20,80,216,316,1.379746835443038,0.03390563257486494,663,You can have our table when we’re done.
436,185,27,65,222,314,1.3789808917197452,0.036074510118205574,663,Did you order the pizza from Little Italy again
827,185,23,73,218,314,1.3789808917197452,0.03492809550101521,663,We asked for a table on the piazza.
2145,185,28,63,223,314,1.3789808917197452,0.036355465703297424,663,Next time don’t order from Gulliver’s Pizza.
4966,188,29,57,220,306,1.3758169934640523,0.03729022482326854,663,Would you like to join us?  This is way more than we can eat.
4858,189,18,78,208,304,1.375,0.034122476581060365,663,Well what about OUR order?
1787,189,26,62,216,304,1.375,0.036579297269212226,663,"Well then you should have looked at the toppings buttons on the app more carefully. Now apologize to my wife. She’s not what I wanted either, but I don’t go around whipping boxes open and telling her."
3768,189,20,74,210,304,1.375,0.03475296826453978,663,Not nearly as surprised as we were.
2975,192,25,63,214,302,1.3741721854304636,0.036441838017578984,663,I thought we were avoiding Rosemary and Basil.
4723,192,24,65,213,302,1.3741721854304636,0.036138702826272094,663,"Hi, actually could we switch to a booth?"
704,192,11,91,200,302,1.3741721854304636,0.031937181031290895,663,"Well I’ll be, every kid was right after all."
1433,195,16,82,207,305,1.3737704918032787,0.03339280493172475,663,Can we get the check?
3083,196,24,64,212,300,1.3733333333333333,0.036298444992608925,663,We're waiting on a pizza.
4206,196,23,66,211,300,1.3733333333333333,0.03599000645798472,663,We’re re-enacting an old episode of the Twilight Zone.
789,198,18,75,205,298,1.3724832214765101,0.03455074052924995,663,"If you wouldn't mind, it took us 30 minutes to get this table."
1268,199,20,68,203,291,1.3711340206185567,0.0357602458928328,663,Did you order a small dinner for two?
2443,200,25,59,210,294,1.370748299319728,0.037103398788325775,663,"Hey, Tony.  Small world!"
3758,200,30,49,215,294,1.370748299319728,0.03863611771688725,663,We were as surprised as you that this cartoon needed a caption.
1635,200,20,69,205,294,1.370748299319728,0.03550457450889815,663,"Before you go doing anything crazy, answer me this: are you big, or are we little?"
3333,203,18,68,195,281,1.3701067615658362,0.03591863949124885,663,Thanks for not ordering deep dish.
4893,204,25,58,209,292,1.36986301369863,0.03727381922591705,663,We've finally made it into the upper crust.
694,204,24,60,208,292,1.36986301369863,0.03695673733573512,663,"Sorry, this one’s occupied."
1938,204,24,60,208,292,1.36986301369863,0.03695673733573512,663,We're the Anchovies--who the hell are YOU?
2794,204,25,58,209,292,1.36986301369863,0.03727381922591705,663,We thought that WE were the upper crust.
3608,204,24,60,208,292,1.36986301369863,0.03695673733573512,663,Eat her first.  I haven't finished my wine.
3965,204,20,68,204,292,1.36986301369863,0.03566022677672166,663,"Since delivery took more than 30 minutes, we’re free."
4611,204,28,52,212,292,1.36986301369863,0.03820928022402174,663,"Dave, did you order dates on the pizza again?"
1739,211,20,67,203,290,1.3689655172413793,0.0358177334638539,663,We ate the mushrooms that make you small. Ask Alice.
629,211,19,69,202,290,1.3689655172413793,0.035483045665671314,663,What did you think we'd do after the wedding cake gig?
1018,211,22,63,205,290,1.3689655172413793,0.03647789785663104,663,"Originally, We were saving for a house, but now we just keep buying better and better Chianti."
699,214,23,59,203,285,1.368421052631579,0.037251074726028816,663,Sometimes Pi is irrational.
4185,215,15,76,197,288,1.3680555555555556,0.034254495889812824,663,We’re so excited you are finally having us for dinner.
45,216,19,66,198,283,1.3674911660777385,0.036061267177551905,663,Gulliver warned us about this place.
199,217,24,57,205,286,1.367132867132867,0.037471790223872134,663,"Small Margherita and Basil, no?"
348,217,20,65,201,286,1.367132867132867,0.036138450382015,663,"Sorry, we heard 'meet lovers.'"
2446,217,21,63,202,286,1.367132867132867,0.03647635484331582,663,I thought we ordered it without shrimps.
3691,220,18,67,196,281,1.3665480427046264,0.035872017252687585,663,"You asked for a little Olive and a little Basil on your pizza, yes?"
2756,221,27,50,207,284,1.3661971830985915,0.038626491360720626,663,Thanks anyway but we've never been big on pizza.
3489,221,21,62,201,284,1.3661971830985915,0.03664287251945068,663,Have you been listening the whole time?
4515,221,23,58,203,284,1.3661971830985915,0.03731579668984371,663,Next time I think we should order the Vegetarian.
4780,221,18,68,198,284,1.3661971830985915,0.035609650971262806,663,See? Pineapple isn’t the weirdest thing you can put on a pizza.
1792,225,20,63,199,282,1.3652482269503545,0.03646701484704695,663,We are done-just waiting for the check
2716,225,19,65,198,282,1.3652482269503545,0.03611930274790887,663,Didn't you order the pizza with dates?
1874,227,23,56,201,280,1.3642857142857143,0.03766801534072207,663,We’re ready to order.
3853,228,23,54,198,275,1.3636363636363635,0.038144829936885505,663,The food was good but the floor is rather greasy.
3155,229,17,65,192,274,1.3613138686131387,0.03605316323838804,663,"Sorry, we ate your breadsticks."
3629,229,20,59,195,274,1.3613138686131387,0.037148921095204505,663,"I told you to call Jonathan's Swift Pizzeria, NOT Jonathan Swift's Pizzeria."
351,229,18,63,193,274,1.3613138686131387,0.03642207891524699,663,I don't like the way they're eyeing our rug...
4522,232,21,55,193,269,1.3605947955390334,0.037985661963385105,663,We ordered in and got delivered. Go figure.
3036,232,16,65,188,269,1.3605947955390334,0.036113693643363934,663,"Well, next time I ask you what you want on the pizza, don't say 'Surprise me!' if you don't mean it."
2040,234,20,58,194,272,1.3602941176470589,0.03732479810230528,663,Close the lid our food's getting cold.
2154,234,17,64,191,272,1.3602941176470589,0.036217988356279464,663,At least it's not anchovies.
5094,234,21,56,195,272,1.3602941176470589,0.03768651187952092,663,You ordered the 'Cheese Lovers' didn't you?
2109,237,14,69,187,270,1.3592592592592592,0.03523135155426155,663,Are we in your nightmare or you in ours?
192,238,21,53,191,265,1.3584905660377358,0.038359624357174604,663,Add this to pineapple and anchovies as things that should never be on pizza.
4420,239,15,65,186,266,1.3571428571428572,0.03594407561974793,663,There you are. We're ready to order.
2607,239,26,43,197,266,1.3571428571428572,0.04005093730979622,663,We’re the lovers. The meat’s underneath.
4704,239,18,59,189,266,1.3571428571428572,0.03710923104399784,663,Didn't you order a small Neapolitan and small Sicilian?
136,239,16,63,187,266,1.3571428571428572,0.0363366122663865,663,Did you or did you not ask for dates on your pizza?
2072,239,21,53,192,266,1.3571428571428572,0.03823890015671826,663,This is nothing. Wait until you eat the mushrooms.
1255,244,17,60,187,264,1.356060606060606,0.03689824305998126,663,"Well, didn’t you order two small lightly sauced Italians?"
1567,244,19,56,189,264,1.356060606060606,0.037670819803708476,663,Slight error. They thought you ordered WITH two people not FOR two people.
290,246,21,51,190,262,1.3549618320610688,0.038619336537630694,663,It’s a lot to digest.
2005,246,26,41,195,262,1.3549618320610688,0.04046838850905476,663,"Oh, sorry, we thought you had ordered a small piazza."
3894,246,24,45,193,262,1.3549618320610688,0.03973909338365167,663,"This is all-people. I ordered half-people, half anchovy"
4373,246,17,59,186,262,1.3549618320610688,0.03707375491471511,663,Please stop hovering! We haven't even had dessert yet.
4945,246,19,55,188,262,1.3549618320610688,0.03785443473414403,663,We're not delivery. We're the Digiornos.
4465,251,18,54,184,256,1.3515625,0.038019154542577,663,We asked a genie if he could make us a pizza.
2974,251,17,56,183,256,1.3515625,0.037614077912802704,663,You might want to avoid the mushrooms.
2991,253,14,60,178,252,1.3492063492063493,0.03671644257474241,663,"What?  You didn’t order the extra small, two topping, date night special?"
1038,253,22,44,186,252,1.3492063492063493,0.040013167627664645,663,"We may be the the 1%, but we own the pie!"
1691,253,16,56,180,252,1.3492063492063493,0.03756775562111963,663,The food is bad and the portions are small.
36,256,17,53,180,250,1.348,0.03817608747132783,663,"Well, you ordered the two-person pizza..."
4501,256,13,61,176,250,1.348,0.03645407519597191,663,"We were hoping to be served, not be served."
2577,258,10,66,172,248,1.346774193548387,0.03526458773167384,663,"Soooooo, do they tip or do we?"
3394,258,15,56,177,248,1.346774193548387,0.037507872003591465,663,I SPECIFICALLY asked the hostess not to give us this table for this exact reason.
3824,258,18,50,180,248,1.346774193548387,0.03879162346241168,663,This is what you get when you order from Little Caesars!
3947,258,17,52,179,248,1.346774193548387,0.038368479093898844,663,We thought we were dining out on the piazza!
4537,262,15,53,172,240,1.3458333333333334,0.038335266157081306,663,I guess they’re back on the sauce.
579,262,15,53,172,240,1.3458333333333334,0.038335266157081306,663,"I always wondered what the little plastic table in pizza boxes was for, but obviously this raises more questions than it answers."
1736,264,15,54,174,243,1.345679012345679,0.038010536973908195,663,We used to live in a music box but the noise and the dancing were too much.
2580,264,19,46,178,243,1.345679012345679,0.03975979704583244,663,"I know we probably look guilty, but the delivery guy actually ate most of it."
5037,264,21,42,180,243,1.345679012345679,0.0406061784851303,663,It's still better than Hawaiian.
2591,267,20,45,181,246,1.3455284552845528,0.03983333481914638,663,"Honey, what is a tiny straight couple doing on our pizza?"
4211,267,11,63,172,246,1.3455284552845528,0.035889253475507844,663,Let's see Dean Martin sing about this!
5073,267,13,59,174,246,1.3455284552845528,0.036802262507190146,663,At least you have your food. We haven't ordered yet!
4453,270,22,39,180,241,1.3443983402489628,0.04124927967000385,663,"Hello, we're the Pepperonis"
4640,270,16,51,174,241,1.3443983402489628,0.038652738500992954,663,Take out for you but it's eat in for us.
3791,270,14,55,172,241,1.3443983402489628,0.03774755489304519,663,Would you mind closing the lid on your way out?
2183,270,13,57,171,241,1.3443983402489628,0.037286723559359816,663,"Come to think of it, those mushrooms did taste a little odd."
3241,270,14,55,172,241,1.3443983402489628,0.03774755489304519,663,It's YOUR fault! Who orders dates on pizza
177,270,12,59,170,241,1.3443983402489628,0.03682012502940174,663,"Excuse me, we're in the middle of a conversation."
2857,276,15,51,170,236,1.3432203389830508,0.03873196392662844,663,I've never had dates on a pizza before.
3841,276,15,51,170,236,1.3432203389830508,0.03873196392662844,663,"The lady said, 'For here or to go?' and we said yes."
1444,278,19,44,176,239,1.3430962343096233,0.04018742979458619,663,"This is so wrong, I ordered vegetarian."
3750,278,17,48,174,239,1.3430962343096233,0.03930277977521859,663,"One side makes you larger, and one side makes you small."
4379,278,17,48,174,239,1.3430962343096233,0.03930277977521859,663,"You can have our table, we are just about done."
4625,281,12,57,168,237,1.3417721518987342,0.037179692542905325,663,"..and this is my wife, Olive. We're the Toppings."
2636,281,13,55,169,237,1.3417721518987342,0.037657499165114065,663,"Why yes, our last name is Toppings! Why do you ask?"
236,281,18,45,174,237,1.3417721518987342,0.03996092807103647,663,That's correct. We are the Anchovies. I'm Dave and this is Gwen.
1683,284,12,56,167,235,1.3404255319148937,0.03736306329464875,663,"When I ordered a pizza big enough for two people, I didn't realize the two people came with it."
2878,284,21,38,176,235,1.3404255319148937,0.04151301893365247,663,"Excuse me, but this pizza is taken."
3953,284,14,52,169,235,1.3404255319148937,0.038324130740727075,663,Do you mind? We’re in the middle of something here!
1235,287,10,59,164,233,1.3390557939914163,0.03655026489499693,663,You try finding a table on a Friday night.
1774,287,8,63,162,233,1.3390557939914163,0.03552357706930068,663,So good of you to have us for dinner.
4677,287,15,49,169,233,1.3390557939914163,0.03899891285836307,663,Staring won't make us leave this table one minute sooner.
3584,287,21,37,175,233,1.3390557939914163,0.041748140227103506,663,Hello. We're from Little Italy.
2393,291,19,40,172,231,1.3376623376623376,0.04108044324138062,663,We're  just as surprised as you are!
1950,291,16,46,169,231,1.3376623376623376,0.039682140431120116,663,What did you think the little table was for?
602,293,15,47,167,229,1.3362445414847162,0.03941393670038892,663,You did ask for Olive and Basil.
976,293,12,53,164,229,1.3362445414847162,0.03792812010874608,663,We're still waiting for our salad.
1436,293,13,51,165,229,1.3362445414847162,0.038429775765627366,663,"Look, pineapple is one thing, but dates are where I draw the line."
1591,293,13,51,165,229,1.3362445414847162,0.038429775765627366,663,Could be worse - at least it doesn’t have pineapple
1664,293,15,47,167,229,1.3362445414847162,0.03941393670038892,663,"Close the lid, I was about to pop the question!"
2162,293,18,41,170,229,1.3362445414847162,0.04084574050572544,663,We're sick of wedding cake.
2937,293,11,55,163,229,1.3362445414847162,0.037419739771550206,663,And the strangest part of all this? Our last name is actually Toppings.
3132,293,13,51,165,229,1.3362445414847162,0.038429775765627366,663,I'm Basil this is Olive.
3640,293,18,41,170,229,1.3362445414847162,0.04084574050572544,663,Could you please ask the waiter if our small pepperoni is ready?
3708,293,16,45,168,229,1.3362445414847162,0.039896914374863576,663,"I asked them to top it with romaine and dates, not a romantic date."
4791,293,13,51,165,229,1.3362445414847162,0.038429775765627366,663,"We'll try your house red, please."
3005,304,16,43,166,225,1.3333333333333333,0.04033589130023194,663,"Well, you ordered the date-night pizza!"
2455,304,12,51,162,225,1.3333333333333333,0.03831780223674067,663,"Look, your order form specifically stated ‘anything but pineapple.’"
3635,304,12,51,162,225,1.3333333333333333,0.03831780223674067,663,"I don’t know, honey—I ordered Hawaiian but these people look French."
1906,304,17,40,165,222,1.3333333333333333,0.041213239502565384,663,"I thought ""Diners to Go"" was just a misspelling."
2390,304,11,53,161,225,1.3333333333333333,0.03779644730092272,663,I guess I'll set the table for four
4298,304,12,51,162,225,1.3333333333333333,0.03831780223674067,663,You ordered small ?
4511,310,14,45,161,220,1.3318181818181818,0.03991930234894412,663,Ah man... I said meat lovers NOT meet lovers.
2626,310,11,51,158,220,1.3318181818181818,0.03832776668136412,663,"Look who's here...its a small world, isn't it?"
2452,310,12,49,159,220,1.3318181818181818,0.038865520698894485,663,"Oh, sorry, is this a personal pizza?"
1144,310,15,43,162,220,1.3318181818181818,0.04043589618694664,663,I hope you tipped the delivery guy at least $5 or this could be you.
923,310,14,45,161,220,1.3318181818181818,0.03991930234894412,663,Could you leave it open? We were promised al fresco.
442,315,17,38,163,218,1.3302752293577982,0.0416899243528603,663,What time do you close?
1012,315,12,48,158,218,1.3302752293577982,0.03907249821573963,663,Wait til you see what comes in your Chinese
1369,315,11,50,157,218,1.3302752293577982,0.038527680720143655,663,"Excuse me, we're in the middle of something here."
1427,315,9,54,155,218,1.3302752293577982,0.03741425278395967,663,That's on YOU for ordering the 'small vegetarian'.
2407,315,12,48,158,218,1.3302752293577982,0.03907249821573963,663,"Well, there goes the ambiance."
3836,315,13,46,159,218,1.3302752293577982,0.03960982267019917,663,"You didn't read the fine print on the discount coupon, did you?"
3881,315,16,40,162,218,1.3302752293577982,0.04117975057478574,663,Is it okay we seated ourselves?
4053,315,10,52,156,218,1.3302752293577982,0.03797504768302051,663,Well you did order two smalls.
1563,323,11,42,141,194,1.3298969072164948,0.041629192109067646,663,The seating's a bit tight but the portions are huge!
5033,324,12,47,157,216,1.3287037037037037,0.03928244119174252,663,Do you have a very small bathroom we could use?
3802,324,15,41,160,216,1.3287037037037037,0.040893876710223716,663,I always wondered what that plastic thing was for
3727,324,17,37,162,216,1.3287037037037037,0.04193377870718494,663,"Oh, so thats what those are used for?"
3605,324,10,51,155,216,1.3287037037037037,0.03817037518430399,663,"Now that you've interrupted us, how about a couple of drops of Chianti?"""
2845,324,14,43,159,216,1.3287037037037037,0.040363880267572,663,Finally. Can we get some more parmesan?
1960,324,12,47,157,216,1.3287037037037037,0.03928244119174252,663,This table is taken.
1899,324,18,35,163,216,1.3287037037037037,0.042444176500425194,663,You ordered Marguerita. Well I'm her husband.
1784,324,9,53,154,216,1.3287037037037037,0.037602010844826374,663,What did you expect when you ordered dates on your pizza?
1475,324,14,43,159,216,1.3287037037037037,0.040363880267572,663,You ordered dinner for two?
1242,324,17,37,162,216,1.3287037037037037,0.04193377870718494,663,I knew that little table was for something.
1103,324,14,43,159,216,1.3287037037037037,0.040363880267572,663,We are trying to think inside the box .
1940,324,16,39,161,216,1.3287037037037037,0.04141709157494122,663,"See Margaret?  I said, what kind of restaurant has just one table?"
4210,336,14,42,158,214,1.3271028037383177,0.04059115291452566,663,"Hi there,we're the Pepperonis!"
46,337,12,43,150,205,1.326829268292683,0.04064945001265904,663,You realize that one of us are dreaming.
244,338,15,39,158,212,1.3254716981132075,0.04136585730677004,663,Would you have preferred anchovies?
1195,338,14,41,157,212,1.3254716981132075,0.04082184989797759,663,Did you even read the coupon?!
3803,338,14,41,157,212,1.3254716981132075,0.04082184989797759,663,"Nice to meet you.
We're the Chovies.
Andy and Ann."
1176,341,13,39,148,200,1.325,0.04190051630149273,663,This is much more civilized than our dining experience in the bucket of chicken.
4566,342,11,46,153,210,1.3238095238095238,0.03935598912136433,663,"When you ordered the ""cheese lovers topping"" perhaps you should have been more specific."
4597,342,12,44,154,210,1.3238095238095238,0.03993071933163796,663,"I'm Al Fredo and this is my Aunt Chovy, just as you ordered."
4084,342,14,40,156,210,1.3238095238095238,0.04105605046255962,663,Welcome to Little Caesar’s. I’m the owner and this is Ann Chovy.
5053,342,16,36,158,210,1.3238095238095238,0.04215134888501717,663,There's your mistake:  it's a piazza.
4600,342,9,50,151,210,1.3238095238095238,0.038180583370068494,663,We got tired of wedding cake.
3123,342,19,30,161,210,1.3238095238095238,0.043742903569490364,663,I asked Karen & Fred to order the pizza. They weren't kidding when they said they were on top of it.
3669,342,16,36,158,210,1.3238095238095238,0.04215134888501717,663,I always wondered what those little plastic thingies were for.
2254,342,9,50,151,210,1.3238095238095238,0.038180583370068494,663,This dating app really delivers.
1102,342,15,38,157,210,1.3238095238095238,0.04160730400068406,663,"Don’t worry, we took off our shoes."
842,342,5,58,147,210,1.3238095238095238,0.03571390597504504,663,Rod Serling's at it again!
422,342,11,46,153,210,1.3238095238095238,0.03935598912136433,663,"So glad to see you found someone, Paul."
84,342,6,56,148,210,1.3238095238095238,0.03634627280224832,663,I do hate it when the waiters hover!
2616,342,15,38,157,210,1.3238095238095238,0.04160730400068406,663,Waiter!...this carpet's disgusting.
793,355,10,47,150,207,1.3236714975845412,0.03913671684563685,663,I didn't think I'd like a 'pop-up' restaurant. I was right.
969,355,15,37,155,207,1.3236714975845412,0.04202610119773843,663,"We ordered a small couple, of pizzas."
2273,355,12,43,152,207,1.3236714975845412,0.04031732674702471,663,"Could have been worse, anchovies."
3002,355,18,31,158,207,1.3236714975845412,0.0436680607279365,663,Are you god?
3118,355,12,43,152,207,1.3236714975845412,0.04031732674702471,663,"I specifically said deep dish, not family style."
3825,355,9,49,149,207,1.3236714975845412,0.03853284949455666,663,Now I've seen pizza with everyting.
2537,361,10,46,149,205,1.3219512195121952,0.03934884253327708,663,Oh so that's what family-style is
2911,361,10,46,149,205,1.3219512195121952,0.03934884253327708,663,"Honey, I think there was something in the wine."
2623,361,13,40,152,205,1.3219512195121952,0.041131538163119534,663,"Well,what did you expect?  Blackbirds?"
2095,361,13,40,152,205,1.3219512195121952,0.041131538163119534,663,You said anything but pineapple
1606,361,10,46,149,205,1.3219512195121952,0.03934884253327708,663,"Sure it's small, but it's rent-controlled."
1612,361,11,44,150,205,1.3219512195121952,0.039951913800974244,663,The last time I had this dream you weren't wearing pants.
1579,361,15,36,154,205,1.3219512195121952,0.0422782621091246,663,It could be worse. We could be pineapple.
264,361,12,42,151,205,1.3219512195121952,0.040546016129976534,663,We'd like the check when you get a chance.
2036,361,12,42,151,205,1.3219512195121952,0.040546016129976534,663,Could you hold off on our order? We're waiting for a third.
2266,370,10,43,143,196,1.3214285714285714,0.04051926172059406,663,"In a New York accent, ""Hey, we're eating here!"""
2356,371,9,44,140,193,1.3212435233160622,0.04026671306402163,663,The walls in this place are like cardboard.
3078,372,13,39,151,203,1.3201970443349753,0.041371877547705445,663,Great. They forgot the pepperoni.
4651,372,13,39,151,203,1.3201970443349753,0.041371877547705445,663,You can open the lid.  We're just making small talk.
4605,372,14,37,152,203,1.3201970443349753,0.041957187728251785,663,You ordered the romantic dinner for two.
4267,372,13,39,151,203,1.3201970443349753,0.041371877547705445,663,I always knew those little things did more than just support the lid.
4161,372,9,47,147,203,1.3201970443349753,0.03894276378040754,663,"Well, we weren’t expecting you either!"
2444,372,9,47,147,203,1.3201970443349753,0.03894276378040754,663,We are just waiting for the check
4865,372,11,43,149,203,1.3201970443349753,0.04017568358272797,663,"They were out of meat lovers, so you got us wine lovers instead."
1863,372,8,49,146,203,1.3201970443349753,0.038311427807055085,663,You're surprised? You ordered a plain cheese and then asked for a small couple of your customer favorites in the middle.
1793,372,6,53,144,203,1.3201970443349753,0.03701646660788057,663,We had reservations about the mushrooms too.
1767,372,11,43,149,203,1.3201970443349753,0.04017568358272797,663,"Well, excuse us, but we thought we were having lunch on the piazza."
1653,372,11,43,149,203,1.3201970443349753,0.04017568358272797,663,"You ordered a romantic dinner for two, right?"
855,372,12,41,150,203,1.3201970443349753,0.0407781669718111,663,"Good evening. I'm Hal and this is Ashley, and we'll be your toppings tonight."
408,372,17,31,155,203,1.3201970443349753,0.04366606981156017,663,Just when I thought this blind date couldn't get any worse...
2247,372,13,39,151,203,1.3201970443349753,0.041371877547705445,663,"Oh well, still better than pineapple."
5085,372,13,39,151,203,1.3201970443349753,0.041371877547705445,663,We asked to be seated inside...
4881,387,9,46,145,200,1.32,0.03931575566126232,663,"We’d like a to-go box, please."
3637,387,7,50,143,200,1.32,0.03801612987474219,663,"You have to admit, a personal pizza doesn't get much more personal than this."
344,389,13,38,150,201,1.318407960199005,0.04161595636962819,663,The boys at Sal's have been playing with the 3D printer again.
428,389,8,48,145,201,1.318407960199005,0.03851144772211667,663,"We'll have a small pie, and a thimble of your house chianti."
1155,389,14,36,151,201,1.318407960199005,0.04220946657255801,663,YOU'RE surprised? We've just figured out why there's cheese all over the floor!
1778,389,16,32,153,201,1.318407960199005,0.043372128791449485,663,Are you the Donner Party?
2016,389,11,42,148,201,1.318407960199005,0.040402788727965405,663,Would you happen to have a late-harvest Reisling?
2749,389,13,38,150,201,1.318407960199005,0.04161595636962819,663,We ate the wrong side of a mushroom pizza.
4012,389,13,38,150,201,1.318407960199005,0.04161595636962819,663,I only ordered people on half...
4182,389,8,48,145,201,1.318407960199005,0.03851144772211667,663,We decided to dine in.
4221,389,10,44,147,201,1.318407960199005,0.0397823339337389,663,"Yes, well, no more surprised than we are."
4564,389,8,48,145,201,1.318407960199005,0.03851144772211667,663,Would you mind closing the lid? This is a private party.
4710,389,17,30,154,201,1.318407960199005,0.043941925306968235,663,We’re the DeGiornos.  Who’re you?
4726,389,12,40,149,201,1.318407960199005,0.041013858399054616,663,"Well, the coupon did say the extra-large feeds four!"
4813,389,11,42,148,201,1.318407960199005,0.040402788727965405,663,"Breaking news, you ruined our dinner, too."
2225,402,11,41,146,198,1.3181818181818181,0.04080741322317195,663,"When you order a small, you need to be more specific."
64,403,12,39,148,199,1.3165829145728642,0.04125317176962886,663,We're just in it for the dough.
277,403,10,43,146,199,1.3165829145728642,0.04000383096151062,663,"Well, I did tell them to throw on a couple of shrimps."
312,403,9,45,145,199,1.3165829145728642,0.039364294060333684,663,Keep it open. We prefer alfresco dining.
961,403,8,47,144,199,1.3165829145728642,0.038714193807177846,663,You're the one who ordered a pizza with dates.
1276,403,11,41,147,199,1.3165829145728642,0.04063330329084518,663,"Oh, sorry, is this your table?"
1971,403,10,43,146,199,1.3165829145728642,0.04000383096151062,663,We have to stop ordering pizza from the same people who make wedding cakes!
2454,403,11,41,147,199,1.3165829145728642,0.04063330329084518,663,"You're right Caroline, they do look like people who would order dates on a pizza."
2595,403,13,37,149,199,1.3165829145728642,0.04186386300597685,663,Probably good to be clearer when you order dates as a topping.
3085,403,13,37,149,199,1.3165829145728642,0.04186386300597685,663,"The reviews said the food would ""transport us to Italy,"" but it looks like we only made it as far as 34th Street."
3273,403,11,41,147,199,1.3165829145728642,0.04063330329084518,663,"We discovered this pop up restaurant. Find your own."""
3474,403,12,39,148,199,1.3165829145728642,0.04125317176962886,663,"Good evening, we're the Pepperoni's."
3765,403,12,39,148,199,1.3165829145728642,0.04125317176962886,663,"We're the Pepperoni's.  Fred and Lois.  You ordered small, right?"
4509,403,9,45,145,199,1.3165829145728642,0.039364294060333684,663,Hi. This is Ann and I'm Chovy.
109,403,11,41,147,199,1.3165829145728642,0.04063330329084518,663,Ready for some small talk?
3437,417,13,36,148,197,1.3147208121827412,0.0421156884575246,663,"They seated us, I heard someone yell, 'Pick up!' then everything went dark!"
4985,417,11,40,146,197,1.3147208121827412,0.04086730327369216,663,"Well, for the topping you said, ""Surprise us."""
3117,417,13,36,148,197,1.3147208121827412,0.0421156884575246,663,"Yes, we recall your wedding... and time hasn't treated you so well either, by the way."
2909,417,15,32,150,197,1.3147208121827412,0.04332811964115927,663,These two again?
4291,417,8,46,143,197,1.3147208121827412,0.03891971699258512,663,"Hi, we are your surprise toppings."
1947,417,17,28,152,197,1.3147208121827412,0.044507535193784344,663,We ate your pizza.
1936,417,11,40,146,197,1.3147208121827412,0.04086730327369216,663,"If it's any consolation, we're not happy with our service either."
2833,417,12,38,147,197,1.3147208121827412,0.04149619073550728,663,The pizza was delicious. We'd like to see a dessert menu.
1149,417,9,44,144,197,1.3147208121827412,0.03957956214356836,663,You can have a slice if you bring us more wine.
4909,426,15,31,149,195,1.3128205128205128,0.043601404109695825,663,"You're so fond of 'thinking outside the box,' you figure it out."
4416,426,8,45,142,195,1.3128205128205128,0.03912806897357123,663,We have the table until 8:30. Then it's yours.
4204,426,9,43,143,195,1.3128205128205128,0.03979791295665836,663,"Ah, about time - bring us two more glasses of the house red.”"
3246,426,15,31,149,195,1.3128205128205128,0.043601404109695825,663,I said small Margarita  pizza. Not small people drinking Margaritas.
3245,426,11,39,145,195,1.3128205128205128,0.04110486666948538,663,"Well, they may just be ""little plastic thingies"" to you!"
3183,426,10,41,144,195,1.3128205128205128,0.04045666780409581,663,What? You think they put these tables in here for no reason?
3071,426,10,41,144,195,1.3128205128205128,0.04045666780409581,663,"Hi,I'm Pepper. I'm Roni."
4913,426,10,41,144,195,1.3128205128205128,0.04045666780409581,663,Close the lid! You’re ruining the ambience.
2122,426,11,39,145,195,1.3128205128205128,0.04110486666948538,663,Just recycling the plastic spacer; why do you ask?
1925,426,6,49,140,195,1.3128205128205128,0.037752742859163656,663,Could we get a table closer to a window?
1912,426,11,39,145,195,1.3128205128205128,0.04110486666948538,663,We ate the pineapple for you. You're welcome.
1833,426,14,33,148,195,1.3128205128205128,0.04299086352042481,663,Your mother and I know that you’ve been smoking pot.
1629,426,12,37,146,195,1.3128205128205128,0.04174300130586417,663,Stop worrying! We put those plastic bag things over our shoes.
986,426,7,47,141,195,1.3128205128205128,0.038446556250142094,663,"Well, this is awkward."
581,426,13,35,147,195,1.3128205128205128,0.042371526431397126,663,Who puts dates on a pizza?!
2144,426,12,37,146,195,1.3128205128205128,0.04174300130586417,663,Nice to meet you. We’re the Pepperoni’s.
2683,442,9,42,141,192,1.3125,0.040195448545446454,663,Do you mind? It's date night!
1533,442,13,34,145,192,1.3125,0.042823173294720566,663,I asked them to hold the dates.
1180,442,9,42,141,192,1.3125,0.040195448545446454,663,"It's Gulliver's pizza, what were you expecting?"
2360,442,11,38,143,192,1.3125,0.04153009905357379,663,Who ordered two vegetarians.
628,442,11,38,143,192,1.3125,0.04153009905357379,663,"I'm sorry, this table was reserved months ago."
383,442,10,40,142,192,1.3125,0.040868222442193916,663,We're good to go.
1027,442,8,44,140,192,1.3125,0.03951122070949751,663,Small world.
214,449,11,37,142,190,1.3105263157894738,0.041778528995857114,663,Did you say feta or meta?
871,449,11,37,142,190,1.3105263157894738,0.041778528995857114,663,The wedding cake gigs got to be a little too precious.
947,449,12,35,143,190,1.3105263157894738,0.042439843043943645,663,we are retired wedding cake figurines
1017,449,9,41,140,190,1.3105263157894738,0.040423457298750166,663,We're just having our dessert.  This table will be available soon.
1293,449,14,31,145,190,1.3105263157894738,0.04373248063703187,663,You said you wanted a pizza with a little Aunt Jovi and a little Papa Ronny.
1431,449,9,41,140,190,1.3105263157894738,0.040423457298750166,663,"Did you, or did you not, order a small spicy Italian?!"
1729,449,12,35,143,190,1.3105263157894738,0.042439843043943645,663,You ordered the meat eaters pizza; we're the meat eaters
1796,449,11,37,142,190,1.3105263157894738,0.041778528995857114,663,Can you leave the box open? It's a little warm in here.
1973,449,12,35,143,190,1.3105263157894738,0.042439843043943645,663,"Well, you wanted pepperoni, we’re the Pepperonis"
2282,449,11,37,142,190,1.3105263157894738,0.041778528995857114,663,"We asked for privacy.”

“Yeah, well we asked for a vegetarian pizza."
2970,459,9,39,136,184,1.309782608695652,0.04126705184910039,663,First they put us under a vent. Now this!
3001,460,11,36,141,188,1.3085106382978724,0.04203087106795174,663,"It's a smidgen wobbly, mind sliding a pepperoni under this leg?"
2927,460,9,40,139,188,1.3085106382978724,0.040654834101996176,663,I can't believe it. They got the toppings wrong again!
4842,460,13,32,143,188,1.3085106382978724,0.04336326451733925,663,"Quick, act like an anchovy."
2613,460,13,32,143,188,1.3085106382978724,0.04336326451733925,663,"Sorry, but it was the only table available."
3026,460,10,38,140,188,1.3085106382978724,0.041348577113315604,663,Apparently they gave us the wrong table.
993,460,12,34,142,188,1.3085106382978724,0.04270226476623644,663,The mushrooms were amazing.
930,460,10,38,140,188,1.3085106382978724,0.041348577113315604,663,Don't eat the mushrooms!
866,460,6,46,136,188,1.3085106382978724,0.03849867082843127,663,Care to join us? There's more here than we can eat.
2593,460,12,34,142,188,1.3085106382978724,0.04270226476623644,663,We believe the word is flat and divided into eight equal continents.
278,460,13,32,143,188,1.3085106382978724,0.04336326451733925,663,So that's what the thing in the middle is for...
1825,470,10,34,132,176,1.3068181818181819,0.04318181818181818,663,Bring us more wine from the mini bar.
4963,471,15,27,144,186,1.3064516129032258,0.04495218747843827,663,We both felt like a little pizza tonight.
4808,471,13,31,142,186,1.3064516129032258,0.043640049055438314,663,Whatever you do … DON’T EAT THE MUSHROOMS!”
4346,471,12,33,141,186,1.3064516129032258,0.042968956733824275,663,"Excuse us, we were just in the middle of something!"
4129,471,11,35,140,186,1.3064516129032258,0.04228721560974975,663,But I ordered vegan!
3786,471,9,39,138,186,1.3064516129032258,0.04088964815805905,663,Rats! I ordered date and prosciutto and they left out the prosciutto.
3625,471,10,37,139,186,1.3064516129032258,0.04159430207681891,663,"Wow, 3D printing has come a long way!"
3620,471,11,35,140,186,1.3064516129032258,0.04228721560974975,663,"When I said, ""Two Italians"", I meant something completely different."
3163,471,12,33,141,186,1.3064516129032258,0.042968956733824275,663,We would like to see the menu.
3154,471,8,41,137,186,1.3064516129032258,0.04017263605642605,663,"I asked for a table for two, I wasn't expecting them to deliver."
3030,471,12,33,141,186,1.3064516129032258,0.042968956733824275,663,"Pardon me, but we reserved the table two months ago."
845,471,12,33,141,186,1.3064516129032258,0.042968956733824275,663,We're the Peperonis who are you?
757,471,12,33,141,186,1.3064516129032258,0.042968956733824275,663,Never stiff the waiter at  the  PIZZA WIZARD.
738,471,10,37,139,186,1.3064516129032258,0.04159430207681891,663,The travel agent told us that this was Little Italy.
2470,484,8,40,135,183,1.3060109289617485,0.0405863571449943,663,Stop staring at my wife!
4635,485,12,31,138,181,1.3038674033149171,0.043724433139101695,663,I think we've been served.
4618,485,6,43,132,181,1.3038674033149171,0.03928742709958966,663,Never tell a pizza joint to surprise you.
4039,485,8,39,134,181,1.3038674033149171,0.040820051892613264,663,"I Thought, I ordered a vegetarian... Not two"
3983,485,9,37,135,181,1.3038674033149171,0.04156517762166635,663,"You wiped your feet before you sat down, right?"
3975,485,14,27,140,181,1.3038674033149171,0.04510654898954078,663,"I don’t know, it was the “Date Night Special.” You order next time."
3621,485,10,35,136,181,1.3038674033149171,0.04229717892396261,663,Then next time don't order the family combo!
112,485,8,39,134,181,1.3038674033149171,0.040820051892613264,663,"Honey, we need to send it back.. I specifically asked for thin crust, not upper crust!"
2872,485,9,37,135,181,1.3038674033149171,0.04156517762166635,663,The order said 'Surprise me with the toppings.'
1737,485,14,27,140,181,1.3038674033149171,0.04510654898954078,663,Guess my phone autocorrected pepperoni to heteronormative again.
1656,485,9,37,135,181,1.3038674033149171,0.04156517762166635,663,There's a tiny problem with the pizza.
1075,485,6,43,132,181,1.3038674033149171,0.03928742709958966,663,I don't know where your pizza is.  We're waiting for lasagna.
755,485,8,39,134,181,1.3038674033149171,0.040820051892613264,663,"Sorry, we ate your pizza."
2962,485,10,35,136,181,1.3038674033149171,0.04229717892396261,663,Spelling matters.  I'm afraid you ordered a small piazza.
4289,498,7,40,132,179,1.3016759776536313,0.040285489111329495,663,Just because you set our table on your table does not make it your pizza.
4934,498,11,32,136,179,1.3016759776536313,0.04328976123161862,663,What ticks me off is we asked  for a ' Table away from the kitchen'.
4743,498,11,32,136,179,1.3016759776536313,0.04328976123161862,663,"Congratulations, you found a topping worse than pineapple."
4697,498,10,34,135,179,1.3016759776536313,0.04255857996753034,663,Disney was right I guess it is a small world after all.
4570,498,15,24,140,179,1.3016759776536313,0.04609865748633092,663,"Help us Obi Wan Cannoli, you’re our only hope."
4471,498,6,42,131,179,1.3016759776536313,0.03949873332527477,663,Do you mind? We're trying to keep things in perspective here.
4441,498,12,30,137,179,1.3016759776536313,0.04400879600862112,663,"Our portions were tiny, the AC seems to be broken — and the floor is disgusting!"
3432,498,7,40,132,179,1.3016759776536313,0.040285489111329495,663,We're sorry ... were those your anchovies?
913,498,10,34,135,179,1.3016759776536313,0.04255857996753034,663,Maybe next time order mushrooms on the pizza. Not order pizza when you are on mushrooms.
2933,498,13,28,138,179,1.3016759776536313,0.044716270246592596,663,Please keep it down.  The kids are asleep in the breadbox.
1846,498,10,34,135,179,1.3016759776536313,0.04255857996753034,663,"Crap, they forgot the pepperoni again."
1795,498,8,38,133,179,1.3016759776536313,0.04105717149995751,663,Close the box! You're letting all the heat out.
1741,498,13,28,138,179,1.3016759776536313,0.044716270246592596,663,Don't worry. We removed our shoes.
1607,498,6,42,131,179,1.3016759776536313,0.03949873332527477,663,My folks warned her--Marry him and you'll live in a cardboard box.
491,498,10,34,135,179,1.3016759776536313,0.04255857996753034,663,Who ordered the magic mushroom pizza?
354,498,11,32,136,179,1.3016759776536313,0.04328976123161862,663,This is not what I meant by a couple of toppings...
3364,498,9,36,134,179,1.3016759776536313,0.04181461503128779,663,"Oh, we're sorry, this tables already taken."
3064,515,10,31,129,170,1.3,0.04403112527563468,663,We're the secret ingredient!
4984,516,11,31,135,177,1.2994350282485876,0.04356731191091039,663,Your Italian is pretty good.  But you didn't order a small family pizza - you asked for a small family with pizza.
4553,516,8,37,132,177,1.2994350282485876,0.04129778033961663,663,"And, if you see our waitress, tell her we're ready to order."
4078,516,8,37,132,177,1.2994350282485876,0.04129778033961663,663,We're never ordering takeout from Little Italy again.
3707,516,11,31,135,177,1.2994350282485876,0.04356731191091039,663,We're ready for the check.
3098,516,6,41,130,177,1.2994350282485876,0.039712768604111125,663,"Whatever you do, don't order the ""Shroom Special"""
2488,516,8,37,132,177,1.2994350282485876,0.04129778033961663,663,This is what happens when you order magic mushrooms on your pizza.
1495,516,8,37,132,177,1.2994350282485876,0.04129778033961663,663,We wanted pizza that comes from Little Italy not pizza that comes with little Italians.
1351,516,10,33,134,177,1.2994350282485876,0.04282416761309878,663,Do you mind? This is a working lunch.
1001,516,6,41,130,177,1.2994350282485876,0.039712768604111125,663,"I know what you must be thinking. But please, we made this reservation two months ago."
382,516,8,37,132,177,1.2994350282485876,0.04129778033961663,663,"Were you expecting a little red checkered tablecloth, too?"
2003,516,10,33,134,177,1.2994350282485876,0.04282416761309878,663,I knew we should have gotten Chinese
3375,527,8,36,131,175,1.2971428571428572,0.04154194328436534,663,Can we PLEASE have some pizza quiet?
4965,527,7,38,130,175,1.2971428571428572,0.040743730890158265,663,We started without you.
5040,527,7,38,130,175,1.2971428571428572,0.040743730890158265,663,Didn’t you read the Groupon?
4766,527,5,42,128,175,1.2971428571428572,0.039098449034022535,663,Can't you see we're in the middle of our dinner?
4691,527,14,24,137,175,1.2971428571428572,0.046041521714558546,663,We’re reducing our carbonara footprint.
4355,527,3,46,126,175,1.2971428571428572,0.03738082164536352,663,All I know is we asked for a small table as close to the piazza as possible
3848,527,10,32,133,175,1.2971428571428572,0.04309403603545398,663,Pardon me - do you have any Grey Poupon?
3560,527,8,36,131,175,1.2971428571428572,0.04154194328436534,663,"Hello. We're The Toppings, Ed and Sylvia Topping."
3082,527,11,30,134,175,1.2971428571428572,0.04384948559352545,663,I didn't know your parents were coming for dinner.
4814,527,10,32,133,175,1.2971428571428572,0.04309403603545398,663,"I'll be more careful the next time I order a ""Meet Lovers"" pizza."
1941,527,9,34,132,175,1.2971428571428572,0.042325104805933045,663,"How is this weird, Mr. “I-order-dates-on-pizza?”"
865,527,8,36,131,175,1.2971428571428572,0.04154194328436534,663,"Honey, after miraculously surviving the fiery furnace, these giants don't scare me one bit."
1047,527,8,36,131,175,1.2971428571428572,0.04154194328436534,663,I told you Fred that I saw little foot prints on our last pizza !
1078,527,9,34,132,175,1.2971428571428572,0.042325104805933045,663,Ciao!  We're from Little Italy.
1206,527,8,36,131,175,1.2971428571428572,0.04154194328436534,663,It's our favorite little Italian place
2209,527,7,38,130,175,1.2971428571428572,0.040743730890158265,663,Next time don't order from Little Italy.
1363,527,8,36,131,175,1.2971428571428572,0.04154194328436534,663,"Oh, so we're interrupting YOUR dinner, is that it?"
1402,527,10,32,133,175,1.2971428571428572,0.04309403603545398,663,"Excuse me, but this is a personal pizza."
1518,527,8,36,131,175,1.2971428571428572,0.04154194328436534,663,We were a little short
1217,527,12,28,135,175,1.2971428571428572,0.044592138677221865,663,Did you accidentally order peopleroni again?
3063,547,6,38,126,170,1.2941176470588236,0.0405728719845428,663,You’re disappointed?!! We’ll never get the anchovy smell out of these clothes.
3104,547,6,38,126,170,1.2941176470588236,0.0405728719845428,663,You never wondered why it was shaped like a table ?
3107,547,11,28,131,170,1.2941176470588236,0.04465675942615504,663,I told you not to try to order in Italian!
3242,547,8,34,128,170,1.2941176470588236,0.042253819112864265,663,"I'm Fred, that's Margo; we're the Anchovy's."
3376,547,7,36,127,170,1.2941176470588236,0.041421873271840035,663,"We'd prefer it closed, if you don't mind."
3420,547,10,30,130,170,1.2941176470588236,0.043870405949469046,663,"Hey, Bill.  You ever wonder what those little plastic tables were for?"
3569,547,6,38,126,170,1.2941176470588236,0.0405728719845428,663,"You ordered one with everything, right?"
3792,547,9,32,129,170,1.2941176470588236,0.043069697861686136,663,Would you mind closing the lid? we paid for the whole evening ...
3904,547,8,34,128,170,1.2941176470588236,0.042253819112864265,663,Would you believe we lost our wedding cake gig?
4022,547,9,32,129,170,1.2941176470588236,0.043069697861686136,663,Now I see why this Airbnb was only 50 magic beans a night...
4233,547,11,28,131,170,1.2941176470588236,0.04465675942615504,663,"Well, since you never invite us over, we thought we'd try this."
2915,547,11,28,131,170,1.2941176470588236,0.04465675942615504,663,"We're the Pepperonis​, we had reservations for two."
4397,547,7,36,127,170,1.2941176470588236,0.041421873271840035,663,"Yes, it takes BOTH of us to keep the cheese from sticking to the top of the box."
4587,547,11,28,131,170,1.2941176470588236,0.04465675942615504,663,"You must know Gulliver.    He's the travel agent who signed us up for this ""Taste of Italy Tour""."
5047,547,7,36,127,170,1.2941176470588236,0.041421873271840035,663,"You're right, when you order two people, they come with a free pizza."
5062,547,11,28,131,170,1.2941176470588236,0.04465675942615504,663,This is not what I had in mind when I asked if you wanted to share a pizza.
5075,547,12,26,132,170,1.2941176470588236,0.04542950370320773,663,"Yes, you must listen to our Lilliput Island timeshare presentation before eating the free pizza."
3840,547,7,36,127,170,1.2941176470588236,0.041421873271840035,663,We’re on a date. A little privacy please.
2817,547,4,42,124,170,1.2941176470588236,0.038819204686927095,663,"Yes, a piazza. What did you think you ordered?"
4380,547,8,34,128,170,1.2941176470588236,0.042253819112864265,663,"Yeah, well we're not laughing either."
2538,547,10,30,130,170,1.2941176470588236,0.043870405949469046,663,"Just be patient, we’ll be leaving in a minute."
2706,547,9,32,129,170,1.2941176470588236,0.043069697861686136,663,These days it's not enough just to have a wedding cake topper.
54,547,8,34,128,170,1.2941176470588236,0.042253819112864265,663,Fred and Eunice Topping. Who are you?
250,547,5,40,125,170,1.2941176470588236,0.03970572120991911,663,Could you close the lid? You're letting the heat out.
375,547,9,32,129,170,1.2941176470588236,0.043069697861686136,663,You just can’t find a hidden gem in the city anymore without someone else discovering it
398,547,7,36,127,170,1.2941176470588236,0.041421873271840035,663,We didn’t order this either.
611,547,10,30,130,170,1.2941176470588236,0.043870405949469046,663,So you're saying our pizza will have an even tinier couple at an even tinier table in the middle of it?
873,547,12,26,132,170,1.2941176470588236,0.04542950370320773,663,Do you mind?
1114,547,10,30,130,170,1.2941176470588236,0.043870405949469046,663,You didn't order a date on your pizza??
1011,547,10,30,130,170,1.2941176470588236,0.043870405949469046,663,"Don't stare Celia, if they're not vegetarian we don't want to provoke them."
1336,547,9,32,129,170,1.2941176470588236,0.043069697861686136,663,"Well, this will make for one strange restaurant review."
1557,547,5,40,125,170,1.2941176470588236,0.03970572120991911,663,"You ordered ""out""... We ordered ""in"""
1586,547,7,36,127,170,1.2941176470588236,0.041421873271840035,663,"Excuse me, but can we have some privacy here?"
1807,547,8,34,128,170,1.2941176470588236,0.042253819112864265,663,"No, you ordered the MAGIC mushroom pizza."
2233,547,8,34,128,170,1.2941176470588236,0.042253819112864265,663,"Do you mind, we're having a box lunch!"
2239,547,6,38,126,170,1.2941176470588236,0.0405728719845428,663,"Well then, next time don't order one with everything."
2258,547,12,26,132,170,1.2941176470588236,0.04542950370320773,663,Did you order a pizza with dates?
2316,547,8,34,128,170,1.2941176470588236,0.042253819112864265,663,What do you mean you are closing soon?
1183,547,9,32,129,170,1.2941176470588236,0.043069697861686136,663,I always thought “family size” would be larger.
3297,586,8,33,127,168,1.2916666666666667,0.042513493276144954,663,What are you staring at?  Haven't you ever seen a box lunch before?
4364,586,9,31,128,168,1.2916666666666667,0.043343778215224095,663,‘I think they ate the pepperoni ‘
3837,586,10,29,129,168,1.2916666666666667,0.04415845456308731,663,We're the Olives--who are you?
3646,586,8,33,127,168,1.2916666666666667,0.042513493276144954,663,How did no one say anything about this on Yelp ...
2852,586,8,33,127,168,1.2916666666666667,0.042513493276144954,663,Don’t mind us.  We already ate.
4280,586,7,35,126,168,1.2916666666666667,0.04166666666666666,663,"Gary, this is an intervention."
1483,586,8,33,127,168,1.2916666666666667,0.042513493276144954,663,Can you give us a minute? We are in the middle of something.
1136,586,8,33,127,168,1.2916666666666667,0.042513493276144954,663,"The wine is perfect, thank you! And we're ready to order now."
725,586,10,29,129,168,1.2916666666666667,0.04415845456308731,663,We keep the cheese from sticking to the inside of the box.
156,586,9,31,128,168,1.2916666666666667,0.043343778215224095,663,I think I see the mix-up... I'm Ted Peppers and this is Abigail Bacon.
2696,586,7,35,126,168,1.2916666666666667,0.04166666666666666,663,Remember when we were happy like that?
1519,597,9,30,126,165,1.290909090909091,0.043852017003590725,663,We just want to be left in pizza.
3900,597,5,38,122,165,1.290909090909091,0.04034055125123659,663,"Somehow, I thought ""family size"" would be bigger."
2824,599,13,22,131,166,1.2891566265060241,0.046850605757720036,663,"But  you told ALEXA to throw in a couple of SMALL FOLKS with the order, didn’t you?"
3928,599,10,28,128,166,1.2891566265060241,0.044451335294701314,663,Do you mind? We are trying to eat here.
2,599,6,36,124,166,1.2891566265060241,0.04103466594199133,663,Luigi sent us.
1239,599,9,30,127,166,1.2891566265060241,0.04362226334515639,663,"For the record, we are in fact meat lovers."
4459,603,8,26,112,146,1.2876712328767124,0.04657256375606114,663,"The toppings were great, but we left the crust for you."
3544,604,11,25,128,164,1.2865853658536586,0.04557744944742412,663,Did you order a wedding cake or pizza?
2468,604,7,33,124,164,1.2865853658536586,0.042166777227855064,663,Oh and I bet THIS is somehow my fault too.
2736,604,9,29,126,164,1.2865853658536586,0.043905244560963654,663,Get your own!
2793,604,5,37,122,164,1.2865853658536586,0.040353484404808015,663,Mind closing the lid? We're on a date.
2378,604,7,33,124,164,1.2865853658536586,0.042166777227855064,663,"Jim, did you order extra toppings?"
2853,604,8,31,125,164,1.2865853658536586,0.04304478831253317,663,Did you order Sicilian or the Lilliputian?
3062,604,9,29,126,164,1.2865853658536586,0.043905244560963654,663,You’re pissed? We spent eight minutes in the oven!
3202,604,7,33,124,164,1.2865853658536586,0.042166777227855064,663,A caprese salad and Steak Diane.  What are you guys having?
3546,604,8,31,125,164,1.2865853658536586,0.04304478831253317,663,They usually get out before delivery and just leave the little table!
3968,604,7,33,124,164,1.2865853658536586,0.042166777227855064,663,"You ordered Dinner for Two, again?"
3749,604,15,17,132,164,1.2865853658536586,0.0487500840458911,663,Death is not the end.
3787,604,7,33,124,164,1.2865853658536586,0.042166777227855064,663,"Hon, Did you order the two giants?"
3917,604,7,33,124,164,1.2865853658536586,0.042166777227855064,663,"Excuse me, this is a private luxury box!"
3918,604,10,27,127,164,1.2865853658536586,0.04474915864064111,663,Did you say light on Sardines or Sardinians?
3985,604,6,35,123,164,1.2865853658536586,0.041270090897601856,663,"Hurry up and finish, honey. I think they’re going to close soon."
4051,604,8,31,125,164,1.2865853658536586,0.04304478831253317,663,What—you think these tiny tables go to waste?
4878,604,6,35,123,164,1.2865853658536586,0.041270090897601856,663,Now I know what that little round thing in the middle of the pizza is for.
2377,604,7,33,124,164,1.2865853658536586,0.042166777227855064,663,"Yes, we ordered a ""large"" and you must have ordered a ""small."""
3728,604,6,35,123,164,1.2865853658536586,0.041270090897601856,663,The portions at this place are huge.
2170,604,8,31,125,164,1.2865853658536586,0.04304478831253317,663,"You did say ""literally"" when you ordered the pizza lovers special."
2759,604,8,31,125,164,1.2865853658536586,0.04304478831253317,663,Finally a vegetarian pizza made with real vegetarians!
1769,604,9,29,126,164,1.2865853658536586,0.043905244560963654,663,New Yorker Style Pizza
31,604,10,27,127,164,1.2865853658536586,0.04474915864064111,663,Are we interrupting them or are they interrupting us?
110,604,8,31,125,164,1.2865853658536586,0.04304478831253317,663,Do you mind closing the lid? We're not done eating.
252,604,9,29,126,164,1.2865853658536586,0.043905244560963654,663,These cartoons are increasingly just stupid.
440,604,7,33,124,164,1.2865853658536586,0.042166777227855064,663,What are your small-plate options?
554,604,9,29,126,164,1.2865853658536586,0.043905244560963654,663,"Hi, you must be the extra large meat-lovers."
749,604,7,33,124,164,1.2865853658536586,0.042166777227855064,663,What? Like you didn't know what  these were for.
831,604,8,31,125,164,1.2865853658536586,0.04304478831253317,663,"It’s a small world,isn’t it!"
909,604,7,33,124,164,1.2865853658536586,0.042166777227855064,663,"Big portions, lousy ambience."
932,604,10,27,127,164,1.2865853658536586,0.04474915864064111,663,You wanted dates on your pizza? You got dates.
661,604,8,31,125,164,1.2865853658536586,0.04304478831253317,663,We were downsized from the wedding cake gig.
1177,604,6,35,123,164,1.2865853658536586,0.041270090897601856,663,I knew something was wrong when the lights went out.
1021,604,9,29,126,164,1.2865853658536586,0.043905244560963654,663,"Well,...you did order the family size pizza."
1378,604,9,29,126,164,1.2865853658536586,0.043905244560963654,663,Would you pass me a flake of chili pepper?
1358,604,10,27,127,164,1.2865853658536586,0.04474915864064111,663,Family size just isn't what it used to be.
1864,604,8,31,125,164,1.2865853658536586,0.04304478831253317,663,Actually we ordered a table at a nice piazza.
1450,604,6,35,123,164,1.2865853658536586,0.041270090897601856,663,And WE weren't expecting a bumpy ride on the back of a motorcycle!
1213,604,10,27,127,164,1.2865853658536586,0.04474915864064111,663,"Yeah sure, like you never thought of this."
1189,604,10,27,127,164,1.2865853658536586,0.04474915864064111,663,You might have suspected that Restaurant Week meant smaller portions.
1261,604,7,33,124,164,1.2865853658536586,0.042166777227855064,663,"You ordered a plain cheese and two small Italians, correct?"
3150,645,6,34,121,161,1.2857142857142858,0.04172947056216268,663,"Oh, this is what the ""Out-of-Box"" experience looks like."
4349,645,4,38,119,161,1.2857142857142858,0.03982548443261942,663,"Look, we're not exactly thrilled about this table, either."
4322,645,7,32,122,161,1.2857142857142858,0.04264960099404445,663,Go ask Alice.
4316,645,9,28,124,161,1.2857142857142858,0.04443273532044575,663,I always wondered what that little table was for...
4124,645,10,26,125,161,1.2857142857142858,0.0452979880304808,663,We're on a food tour of Little Italy.
3696,645,9,28,124,161,1.2857142857142858,0.04443273532044575,663,"Oh, we're the Mozzarellas."
3668,645,8,30,123,161,1.2857142857142858,0.04355029525162823,663,"If you continue to rush us, don't expect a tip."
3438,645,6,34,121,161,1.2857142857142858,0.04172947056216268,663,They told us we'd have the table until at least 8:30.
2950,645,8,30,123,161,1.2857142857142858,0.04355029525162823,663,"You said you wanted the meet lover’s pizza, right?"
518,645,4,38,119,161,1.2857142857142858,0.03982548443261942,663,Really?  It looks like a little table because it IS a little table!
2063,645,5,36,120,161,1.2857142857142858,0.04078858862286861,663,"No, they didn't get your order wrong. We're the Anchovies."
1698,645,11,24,126,161,1.2857142857142858,0.04614702017641418,663,It’s called a personal pan pizza for a reason.
1636,645,11,24,126,161,1.2857142857142858,0.04614702017641418,663,Could you get our waiter? We'd like more wine.
1434,645,10,26,125,161,1.2857142857142858,0.0452979880304808,663,These are not the small Hawaiians I ordered...
1222,645,6,34,121,161,1.2857142857142858,0.04172947056216268,663,Not to worry. We eat very little.
752,645,5,36,120,161,1.2857142857142858,0.04078858862286861,663,I've always wondered what that little thingy is for.
377,645,7,32,122,161,1.2857142857142858,0.04264960099404445,663,Will you let our server know we have a seven o'clock show to catch?
2337,645,7,24,102,133,1.2857142857142858,0.04840992811927757,663,"Yes, we did clean our shoes; which piece would you like?"
3698,663,9,27,123,159,1.2830188679245282,0.04473032666294518,663,Another pizza place ruined by tourists.
4959,663,8,29,122,159,1.2830188679245282,0.04383138860991945,663,What makes you think we ate it?
4903,663,8,29,122,159,1.2830188679245282,0.04383138860991945,663,At least they’re not pineapples.
4770,663,10,25,124,159,1.2830188679245282,0.04561155137981816,663,"I'm curious, exactly what did you order?"
3717,663,9,27,123,159,1.2830188679245282,0.04473032666294518,663,"They said we'd be living in a shoe box if we moved to New York. Well, look at us now!"
2956,663,8,29,122,159,1.2830188679245282,0.04383138860991945,663,"Sorry, I ask him to think outside the box this time for a date night plan, but here we are again!"
3619,663,10,25,124,159,1.2830188679245282,0.04561155137981816,663,"OK, that's the last time we order mushrooms with the pepperoni."
1596,663,5,35,119,159,1.2830188679245282,0.04101653495571941,663,"Who orders dates on a pizza, anyways?"
1349,663,5,35,119,159,1.2830188679245282,0.04101653495571941,663,"I told you Hank, no one orders dates on a pizza."
1071,663,6,33,120,159,1.2830188679245282,0.04197579821365831,663,"I know, but do you have any idea how hard it is to get a table at this place?"
585,663,6,33,120,159,1.2830188679245282,0.04197579821365831,663,I thought we had this table until 7:30.
231,663,6,33,120,159,1.2830188679245282,0.04197579821365831,663,You may want to avoid the wild mushrooms for obvious reasons.
1768,663,8,29,122,159,1.2830188679245282,0.04383138860991945,663,Wow!  Last time we use a discount coupon.
4558,676,6,32,118,156,1.2820512820512822,0.04245843761029148,663,What'd you expect from little Italy ?
1501,676,7,30,119,156,1.2820512820512822,0.043421560430802184,663,Can we get a little more pinot noir please?
3468,676,6,32,118,156,1.2820512820512822,0.04245843761029148,663,"You ordered 'Family Style', not 'Family Size'."
3312,679,7,30,120,157,1.2802547770700636,0.043181490241751705,663,Because every place in Little Italy was booked.
3565,679,4,36,117,157,1.2802547770700636,0.040245038793796394,663,Hope you’re Vegetarians.
3980,679,7,30,120,157,1.2802547770700636,0.043181490241751705,663,We're the serving suggestion.
4231,679,9,26,122,157,1.2802547770700636,0.04503287392732904,663,"Well, we are both lovers and vegetarians...next time, be more specific."
4444,679,9,26,122,157,1.2802547770700636,0.04503287392732904,663,You wanted the spicy Italian? You gotta the spicy Italian!
2957,679,10,24,123,157,1.2802547770700636,0.04593058949635656,663,Excuse me...have you seen our waiter?
4318,679,8,28,121,157,1.2802547770700636,0.04411689491370177,663,It's a new little pop-up.
2733,679,8,28,121,157,1.2802547770700636,0.04411689491370177,663,Don't look up.
2522,679,7,30,120,157,1.2802547770700636,0.043181490241751705,663,We're closed for Shabbat!
2214,679,6,32,119,157,1.2802547770700636,0.04222536894060715,663,"Can you give us just a few more minutes, please”"
2207,679,8,28,121,157,1.2802547770700636,0.04411689491370177,663,I told you it was too easy getting this reservation!
2138,679,5,34,118,157,1.2802547770700636,0.04124709038031996,663,Which mushroom pizza did YOU order?
2114,679,6,32,119,157,1.2802547770700636,0.04222536894060715,663,We used to be you !
1759,679,8,28,121,157,1.2802547770700636,0.04411689491370177,663,"Hi, we're Mama and Papa John."
1686,679,6,32,119,157,1.2802547770700636,0.04222536894060715,663,"""Well, this just tops everything"""
205,679,9,26,122,157,1.2802547770700636,0.04503287392732904,663,Every large pizza comes with two smalls.
2420,695,10,23,122,155,1.2774193548387096,0.04625522887002971,663,"What exactly is the meaning of ""Fee Fi Fo Fum""?"
2585,695,7,29,119,155,1.2774193548387096,0.043453246784730684,663,"Yes honey, these are the Toppings. Frank and Eleanor Topping..."
2711,695,5,33,117,155,1.2774193548387096,0.0414802398138193,663,"Yeah, well imagine *our* surprise when we realized the telemarketer's angle on a free 'Italian vacation.'"
2842,695,10,23,122,155,1.2774193548387096,0.04625522887002971,663,Sorry about your pizza.  We got hungry on the way over.
3591,695,9,25,121,155,1.2774193548387096,0.045340478793870896,663,"Extra large with 'Surprise Me' topping' is our favorite, too."""
3767,695,5,33,117,155,1.2774193548387096,0.0414802398138193,663,Damn dyslexia! I meant to order a ‘family-size’ pizza!
3781,695,7,29,119,155,1.2774193548387096,0.043453246784730684,663,"Keep a lid on it, will ya?"
3860,695,5,33,117,155,1.2774193548387096,0.0414802398138193,663,Not quite what I had in mind when I ordered 'family size'
4162,695,7,29,119,155,1.2774193548387096,0.043453246784730684,663,Avery? Is that you? Small world.
2311,695,4,35,116,155,1.2774193548387096,0.040457670650330145,663,Get your own table!
4354,695,5,33,117,155,1.2774193548387096,0.0414802398138193,663,Did Rod Serling answer the phone when you ordered from Twilight Pizza tonight?
4374,695,9,25,121,155,1.2774193548387096,0.045340478793870896,663,"Despite pinching pennies in retirement, Susan and Rick will never order the ""Surprise 2 for $2 Topping"" on their pizza again."
4491,695,6,31,118,155,1.2774193548387096,0.042478200003923584,663,"We’ve been waiting 15 minutes for you. May we have menus, please"
4670,695,9,25,121,155,1.2774193548387096,0.045340478793870896,663,Those are the two weirdos who ordered dates on their pizza
4835,695,7,29,119,155,1.2774193548387096,0.043453246784730684,663,Would you mind closing the box? I think he's ready to propose.
4933,695,8,27,120,155,1.2774193548387096,0.04440688951836282,663,Thanks!  It was like a sauna in here.
4952,695,7,29,119,155,1.2774193548387096,0.043453246784730684,663,Please move us to a table away from the kitchen.
5022,695,8,27,120,155,1.2774193548387096,0.04440688951836282,663,This is the ‘’meet lovers’ pizza!
5026,695,8,27,120,155,1.2774193548387096,0.04440688951836282,663,Do you mind?  We're having a private conversation here.
4295,695,8,27,120,155,1.2774193548387096,0.04440688951836282,663,Ask them where they got the chairs.
2202,695,4,35,116,155,1.2774193548387096,0.040457670650330145,663,It's our new promo... small pizza with peopleroni.
1105,695,9,25,121,155,1.2774193548387096,0.045340478793870896,663,And you are...?
1757,695,5,33,117,155,1.2774193548387096,0.0414802398138193,663,Would you mind closing that? It's letting the heat out.
218,695,7,29,119,155,1.2774193548387096,0.043453246784730684,663,"Yeah, I'm Little Caesar. You gotta problem wid dat?"
315,695,8,27,120,155,1.2774193548387096,0.04440688951836282,663,Thank You! We PREFER al fresco!
1870,695,10,23,122,155,1.2774193548387096,0.04625522887002971,663,But we ordered a same sex pizza.
402,695,9,25,121,155,1.2774193548387096,0.045340478793870896,663,"I asked for pepperoni, not people only."
461,695,6,31,118,155,1.2774193548387096,0.042478200003923584,663,Would you mind closing the lid. We’d like some privacy.
528,695,6,31,118,155,1.2774193548387096,0.042478200003923584,663,"I know you guys said 
You felt like a little Italian."
553,695,8,27,120,155,1.2774193548387096,0.04440688951836282,663,No anchovies this time. Good.
583,695,3,37,115,155,1.2774193548387096,0.039408576907688654,663,"Well, at this point, it’s either eat or be eaten"
596,695,6,31,118,155,1.2774193548387096,0.042478200003923584,663,"...and she'll have the linguine carbonara and a water, no ice."
720,695,8,27,120,155,1.2774193548387096,0.04440688951836282,663,And this is why the table nearest the kitchen is never a good place to be seated.
350,695,4,35,116,155,1.2774193548387096,0.040457670650330145,663,It's not what we ordered either.
994,695,6,31,118,155,1.2774193548387096,0.042478200003923584,663,Thanks so much. We were feeling so boxed in!
1147,695,5,33,117,155,1.2774193548387096,0.0414802398138193,663,We were hoping for a quiet evening by oursselves.
1173,695,9,25,121,155,1.2774193548387096,0.045340478793870896,663,You're going to love this Magic Mushroom pie as much as we do!
1191,695,7,29,119,155,1.2774193548387096,0.043453246784730684,663,"Hey, we were here first."
1593,695,8,27,120,155,1.2774193548387096,0.04440688951836282,663,this is family size.
1632,695,5,33,117,155,1.2774193548387096,0.0414802398138193,663,"Ugly sweater, Chad. Now shut the lid."
1639,695,5,33,117,155,1.2774193548387096,0.0414802398138193,663,Wait until you see what's in the antipasto salad
1753,695,9,25,121,155,1.2774193548387096,0.045340478793870896,663,Could someone summon the Sommelier please.
925,695,6,31,118,155,1.2774193548387096,0.042478200003923584,663,I guess we weren’t clear when they asked us “take out or dine in.”
2529,738,5,32,115,152,1.2763157894736843,0.041951947254526244,663,Won't you join us.  We're the Pepperoni's.
2617,738,5,32,115,152,1.2763157894736843,0.041951947254526244,663,Close that lid right now or I'll give you a pizza my mind!
2807,738,7,28,117,152,1.2763157894736843,0.04398002535160598,663,We ordered the extra small. Still waiting...
3180,738,9,24,119,152,1.2763157894736843,0.04591861693702519,663,You must be the Pepperonis.
3461,738,4,34,114,152,1.2763157894736843,0.04090021396894979,663,You're not exactly what we ordered either!
3689,738,8,26,118,152,1.2763157894736843,0.04495977096993022,663,Hi!  We're Edith and Ralph Pepperoni.
3821,738,7,28,117,152,1.2763157894736843,0.04398002535160598,663,"So Miss Modest here tells the Genie, “to be honest, we just want to downsize and do some traveling.”"
4305,738,4,34,114,152,1.2763157894736843,0.04090021396894979,663,I don’t suppose you know what happened to our appetizers?
3872,738,3,36,113,152,1.2763157894736843,0.03982071228601015,663,They always screw up the toppings!
3931,738,9,24,119,152,1.2763157894736843,0.04591861693702519,663,I specifically told them 'no anchovies and no miniature people.'
4217,738,8,26,118,152,1.2763157894736843,0.04495977096993022,663,We booked three months ago.
4425,738,4,34,114,152,1.2763157894736843,0.04090021396894979,663,no we are not taking off our shoes!
4512,738,6,30,116,152,1.2763157894736843,0.042977950790925666,663,"You think this is awkward, our friends got delivered in a calzone."
4568,738,4,34,114,152,1.2763157894736843,0.04090021396894979,663,"Geez, that was rough!  Which one of you drove home?"
4756,738,8,26,118,152,1.2763157894736843,0.04495977096993022,663,"That's us, Tony and Annette Pepperoni."
3869,738,7,28,117,152,1.2763157894736843,0.04398002535160598,663,It was either this or subletting a calzone.
2228,738,7,28,117,152,1.2763157894736843,0.04398002535160598,663,Can you close that?  You're ruining the ambiance.
1860,738,7,28,117,152,1.2763157894736843,0.04398002535160598,663,"Finally! We’d like a half cheese, half pepperoni."
1843,738,9,24,119,152,1.2763157894736843,0.04591861693702519,663,We're the 'couple of toppings' that you ordered.
1750,738,5,32,115,152,1.2763157894736843,0.041951947254526244,663,You’re ruining the ambiance.
1553,738,12,18,122,152,1.2763157894736843,0.04868197313822936,663,Pleased to meet you. We're the Pepperonis.
1230,738,5,32,115,152,1.2763157894736843,0.041951947254526244,663,"No, we're not Sicilian; we're Neapolitan."
1069,738,7,28,117,152,1.2763157894736843,0.04398002535160598,663,You ordered a small vegetarian and a small Hawaiian?
962,738,5,32,115,152,1.2763157894736843,0.041951947254526244,663,The Groupon said dine-in only.
893,738,6,30,116,152,1.2763157894736843,0.042977950790925666,663,Would you mind not slamming the lid?
875,738,7,28,117,152,1.2763157894736843,0.04398002535160598,663,I thought they did away with the “happy meals” surprises.
636,738,7,28,117,152,1.2763157894736843,0.04398002535160598,663,"Keep the damn thing open for a while, will ya?"
603,738,10,22,120,152,1.2763157894736843,0.04685784627092812,663,This beats the top of a wedding cake and it comes with a table!
551,738,8,26,118,152,1.2763157894736843,0.04495977096993022,663,Next time please specify: Hold the Throckmortons.
452,738,7,28,117,152,1.2763157894736843,0.04398002535160598,663,"You’re walking on thin crust, buddy."
443,738,7,28,117,152,1.2763157894736843,0.04398002535160598,663,"No, we're not gluten-free."
294,738,7,28,117,152,1.2763157894736843,0.04398002535160598,663,"Okay, this is now officially the worst dining experience ever."
255,738,8,26,118,152,1.2763157894736843,0.04495977096993022,663,This is the hottest spot in Little Italy.
2039,738,9,24,119,152,1.2763157894736843,0.04591861693702519,663,the fuck you lookin' at?
1227,772,7,28,118,153,1.2745098039215685,0.04372893774558989,663,You order pineapple on your pizza you get leprechauns. Thats life.
5030,773,8,25,117,150,1.2733333333333334,0.04526498334667862,663,Everybody thinks it’s to keep the box top from smushing the pizza.
2744,773,8,25,117,150,1.2733333333333334,0.04526498334667862,663,This is the last time you get to pick the toppings George.
2826,773,7,27,116,150,1.2733333333333334,0.04426548608975301,663,"Look, kid, you ordered a two topping pizza. Well, I’m Jack Topping and this is Harriet, my wife. Now you got exactly what you wanted, so quit your bellyaching,"
3350,773,7,27,116,150,1.2733333333333334,0.04426548608975301,663,"Oh good, you're here - I'm ready for that second glass of wine now."
3553,773,3,35,112,150,1.2733333333333334,0.04001863846147462,663,"Can we get some more bread rolls? And, when will our pizza be ready?"
3622,773,5,31,114,150,1.2733333333333334,0.04219552513639529,663,This isn’t the quiet dinner I had in mind.
3647,773,9,23,118,150,1.2733333333333334,0.04624288243598217,663,"We'd like the check now, please."
2692,773,7,27,116,150,1.2733333333333334,0.04426548608975301,663,Focus groups suggested we would make the pizza seem bigger
3782,773,6,29,115,150,1.2733333333333334,0.04324289305942818,663,"You ordered a large peopleroni, right?"
4036,773,6,29,115,150,1.2733333333333334,0.04324289305942818,663,But you ordered it with everything
4246,773,5,31,114,150,1.2733333333333334,0.04219552513639529,663,"We decided to begin without you."""
4393,773,10,21,119,150,1.2733333333333334,0.04720052578733677,663,"You did order the ""Hello, Dali""?"
4404,773,5,31,114,150,1.2733333333333334,0.04219552513639529,663,Do you mind closing the lid? Pizza's getting cold.
4406,773,9,23,118,150,1.2733333333333334,0.04624288243598217,663,'Quick! Pretend we are anchovies and hope they pick us off.'
4717,773,10,21,119,150,1.2733333333333334,0.04720052578733677,663,"They did it again Ralph, people instead of pepperoni."
3810,773,8,25,117,150,1.2733333333333334,0.04526498334667862,663,We asked to dine in but got take out instead.
2433,773,9,23,118,150,1.2733333333333334,0.04624288243598217,663,"Oh, you'd better believe this is going in my Yelp review."
896,773,8,25,117,150,1.2733333333333334,0.04526498334667862,663,We're just as surprised as you are but I guess you have to think outside the box.
2351,773,8,25,117,150,1.2733333333333334,0.04526498334667862,663,Do you mind? Our dinner is getting cold.
35,773,5,31,114,150,1.2733333333333334,0.04219552513639529,663,Geez! No one can have a candlelit dinner these days.
138,773,7,27,116,150,1.2733333333333334,0.04426548608975301,663,"When your this small, you develop a thick crust."
240,773,5,31,114,150,1.2733333333333334,0.04219552513639529,663,We'll never trust Zagat again
2431,773,4,33,113,150,1.2733333333333334,0.04112148930818522,663,We think your eyes are bigger than our stomachs.
1066,773,8,25,117,150,1.2733333333333334,0.04526498334667862,663,Why so surprised? You ordered the party pizza.
1224,773,9,23,118,150,1.2733333333333334,0.04624288243598217,663,You act as if you have never seen the inside of a computer before.
1284,773,10,21,119,150,1.2733333333333334,0.04720052578733677,663,I’m Angela and he’s my husband Anthony. We’re the Pepperonis.
230,773,7,27,116,150,1.2733333333333334,0.04426548608975301,663,"Could you bring us a couple of candles, and then close the lid, please?"
1319,773,4,33,113,150,1.2733333333333334,0.04112148930818522,663,Would you care to join us?
1528,773,6,29,115,150,1.2733333333333334,0.04324289305942818,663,It smelled so good we couldn't resist.....
1671,773,4,33,113,150,1.2733333333333334,0.04112148930818522,663,You ordered the 'unique dining experience' pizza - delivered.
1799,773,7,27,116,150,1.2733333333333334,0.04426548608975301,663,We’ll have a bottle of your finest wine.
2115,773,8,25,117,150,1.2733333333333334,0.04526498334667862,663,"Sorry, we thought this table was available."
2175,773,7,27,116,150,1.2733333333333334,0.04426548608975301,663,Yeah?  Well who's that up above looking down at you?
1314,773,7,27,116,150,1.2733333333333334,0.04426548608975301,663,Close the damned box — you're letting all the heat escape!
3074,807,8,24,115,147,1.272108843537415,0.0458488551881332,663,"Lisa, meet my parents."
3289,808,7,26,115,148,1.2702702702702702,0.04455515926155409,663,Hey! Can we get a little privacy here? I was about to propose.
3838,808,6,28,114,148,1.2702702702702702,0.04351130374357006,663,We've been downsized.
4060,808,3,34,111,148,1.2702702702702702,0.04021750319691054,663,You said you wanted a surprise topping.
4293,808,1,38,109,148,1.2702702702702702,0.03786278168173913,663,You were expecting anchovies?
5012,808,8,24,116,148,1.2702702702702702,0.04557511250868925,663,"Sorry folks, we have reservations."
4415,808,7,26,115,148,1.2702702702702702,0.04455515926155409,663,Do you think we should get a divorce?
4589,808,8,24,116,148,1.2702702702702702,0.04557511250868925,663,Do you mind? You're destroying the ambiance.
2847,808,5,30,113,148,1.2702702702702702,0.042441782362525486,663,Why else would someone put a table in every pizza box?
4411,808,6,28,114,148,1.2702702702702702,0.04351130374357006,663,"See, this is why I always get DiGiorno."
2292,808,3,34,111,148,1.2702702702702702,0.04021750319691054,663,Any idea when those salads are coming?
1416,808,10,20,118,148,1.2702702702702702,0.04754942909114843,663,Mr. and Mrs. Gulliver I presume.
1614,808,6,28,114,148,1.2702702702702702,0.04351130374357006,663,You're letting out all the heat.
1388,808,5,30,113,148,1.2702702702702702,0.042441782362525486,663,Pizza-A-Boo!
970,808,8,24,116,148,1.2702702702702702,0.04557511250868925,663,Would you mind cutting up a slice in one inch pieces for us?
467,808,6,28,114,148,1.2702702702702702,0.04351130374357006,663,Are you the entertainment?
246,808,9,22,117,148,1.2702702702702702,0.04657273390662092,663,Papa John said what?
208,808,8,24,116,148,1.2702702702702702,0.04557511250868925,663,"Call them back, we got those people in there again."
198,808,5,30,113,148,1.2702702702702702,0.042441782362525486,663,You said we ordered the meat lovers?
141,808,7,26,115,148,1.2702702702702702,0.04455515926155409,663,"Did someone order two 12-inch Italians?"""
1647,808,5,30,113,148,1.2702702702702702,0.042441782362525486,663,Didn’t you order ‘any two toppings?’”
3108,828,5,29,111,145,1.2689655172413794,0.04294607285579174,663,What? I told you we were having Jeff and Susan for dinner...
3371,828,6,27,112,145,1.2689655172413794,0.04404714081921775,663,"See darling, I told you the Earth is flat."
3424,828,9,21,115,145,1.2689655172413794,0.04719647164976508,663,I knew that Groupon for dinner on an Italian Piazza was too good to be true!
3448,828,7,25,113,145,1.2689655172413794,0.04512134810664488,663,"Oh, that’s what they are for."
3512,828,4,31,110,145,1.2689655172413794,0.04181602244501436,663,'It's just a cheesy little date night.'
4312,828,5,29,111,145,1.2689655172413794,0.04294607285579174,663,Who ordered the personal size pizza?
3884,828,8,23,114,145,1.2689655172413794,0.04617056958251709,663,Do we LOOK like anchovies?
4102,828,4,31,110,145,1.2689655172413794,0.04181602244501436,663,I hear they eat the left overs.
4496,828,5,29,111,145,1.2689655172413794,0.04294607285579174,663,What’s with the forks?
2800,828,7,25,113,145,1.2689655172413794,0.04512134810664488,663,So you expected a pizza?  So did we!
3740,828,6,27,112,145,1.2689655172413794,0.04404714081921775,663,We’d like another thimble of Chianti.
2775,828,7,25,113,145,1.2689655172413794,0.04512134810664488,663,You say “pizza”..... I say “piazza.”
173,828,5,29,111,145,1.2689655172413794,0.04294607285579174,663,The heated floor is nice.
2500,828,5,29,111,145,1.2689655172413794,0.04294607285579174,663,We are your subconscious saying you really want to go out to eat.
2581,828,6,27,112,145,1.2689655172413794,0.04404714081921775,663,"Excuse me,we're trying to enjoy our pizza hut."
39,828,7,25,113,145,1.2689655172413794,0.04512134810664488,663,"That's it, Barbara!   We're moving to a corrugated community."
760,828,5,29,111,145,1.2689655172413794,0.04294607285579174,663,Don't look so disappointed. We were expecting pizza too.
768,828,4,31,110,145,1.2689655172413794,0.04181602244501436,663,"Well, it's not like I'm sitting on a pile of dough!"
490,828,9,21,115,145,1.2689655172413794,0.04719647164976508,663,"We asked for ""to go"" and here we are!!"
1747,828,5,29,111,145,1.2689655172413794,0.04294607285579174,663,"Sorry, you ordered a small---we ate it."
1780,828,8,23,114,145,1.2689655172413794,0.04617056958251709,663,"A word to the wise, never send a pizza back to the kitchen at a Sicilian pizza joint."
1951,828,6,27,112,145,1.2689655172413794,0.04404714081921775,663,We should report them. They are probably here illegally.
2203,828,2,35,108,145,1.2689655172413794,0.03945895147993534,663,"Yes, we're Hawaiian."
1205,828,9,21,115,145,1.2689655172413794,0.04719647164976508,663,Do you know where the bathroom is?
3655,852,7,24,112,143,1.2657342657342658,0.0454261251111397,663,You did order a pie with dates.
2217,852,5,28,110,143,1.2657342657342658,0.04320354997142997,663,at least the cheese is  not stuck to the lid
2348,852,6,26,111,143,1.2657342657342658,0.04432876928557099,663,"Next time, tip."
2519,852,6,26,111,143,1.2657342657342658,0.04432876928557099,663,"Hiiii! I’m Bob. This is my wife, Betty. We’re the Anchovies!"
2610,852,7,24,112,143,1.2657342657342658,0.0454261251111397,663,I could swear he told me we would eat dinner in the middle of a PIAZZA.
2667,852,4,30,109,143,1.2657342657342658,0.042048230330113914,663,"Sorry. We were a little hungry."""
5050,852,7,24,112,143,1.2657342657342658,0.0454261251111397,663,"""It's cheesy, but I was about to propose."
4272,852,5,28,110,143,1.2657342657342658,0.04320354997142997,663,Thanks...it was getting abit stuffy in here.
3939,852,5,28,110,143,1.2657342657342658,0.04320354997142997,663,How long before the pizza gets here?
4118,852,7,24,112,143,1.2657342657342658,0.0454261251111397,663,"Big Tony, I presume?"
4144,852,4,30,109,143,1.2657342657342658,0.042048230330113914,663,"The food is good, but the ambiance leaves something to be desired."
4270,852,8,22,113,143,1.2657342657342658,0.046497590247801576,663,The good news is we didn’t walk around much.
4647,852,7,24,112,143,1.2657342657342658,0.0454261251111397,663,I guess we should start eating outside the box.
4666,852,6,26,111,143,1.2657342657342658,0.04432876928557099,663,It’s hard to think outside the box.
2147,852,6,26,111,143,1.2657342657342658,0.04432876928557099,663,We couldn't get a table at the restaurant so we got one to go.
3823,852,8,22,113,143,1.2657342657342658,0.046497590247801576,663,"Don't worry, you can always scrape them off."
1984,852,3,32,108,143,1.2657342657342658,0.040860257190267125,663,This might be the right time for you to start thinking outside the box!
690,852,8,22,113,143,1.2657342657342658,0.046497590247801576,663,This IS extra-cheesy.
1779,852,4,30,109,143,1.2657342657342658,0.042048230330113914,663,"Ken and Barbie were downsizing, so we scooped it right up!"
1875,852,4,30,109,143,1.2657342657342658,0.042048230330113914,663,Close the box -- you're ruining the ambience
118,852,5,28,110,143,1.2657342657342658,0.04320354997142997,663,Everything is fine. We just kneaded the dough.
171,852,6,26,111,143,1.2657342657342658,0.04432876928557099,663,"Hey, if you wanted privacy you should have ordered a calzone."
345,852,7,24,112,143,1.2657342657342658,0.0454261251111397,663,"Maybe the next time you order the ""2-for-1"" special, you'll actually read the fine print!"
539,852,6,26,111,143,1.2657342657342658,0.04432876928557099,663,I see you live in a box too.
550,852,6,26,111,143,1.2657342657342658,0.04432876928557099,663,"Honey, did you order a meet lovers pizza 
instead of meat lovers pizza?"
652,852,5,28,110,143,1.2657342657342658,0.04320354997142997,663,Phil and Marlene Anchovy.  Who are you?
269,852,5,28,110,143,1.2657342657342658,0.04320354997142997,663,"If you see our waiter, can you ask him where our appetizers are?"
859,852,9,20,114,143,1.2657342657342658,0.04754491513392349,663,"Yeah, we’ve been waiting for our pizza too!"
874,852,8,22,113,143,1.2657342657342658,0.046497590247801576,663,Hi. We’re the Pepperonis.
1090,852,6,26,111,143,1.2657342657342658,0.04432876928557099,663,"Nice try gentlemen, but clearly this box is taken."
1481,852,5,28,110,143,1.2657342657342658,0.04320354997142997,663,Little Caesars.
1412,852,7,24,112,143,1.2657342657342658,0.0454261251111397,663,I knew I shouldn't have ordered mushrooms.
1440,852,4,30,109,143,1.2657342657342658,0.042048230330113914,663,I'm sorry. Were we expecting you?
676,852,7,24,112,143,1.2657342657342658,0.0454261251111397,663,We ate all the pepperoni. Now close the box.
3537,886,7,23,111,141,1.2624113475177305,0.04573545142240031,663,We're centrists.
489,886,8,21,112,141,1.2624113475177305,0.04682999721764306,663,"This isn't what I thought ""meat-lovers"" would mean."
3862,888,6,24,108,138,1.2608695652173914,0.04519004128550317,663,I ordered pizza for two--not two for pizza.
3794,888,6,24,108,138,1.2608695652173914,0.04519004128550317,663,We weren't happy with our order either.
3676,888,4,28,106,138,1.2608695652173914,0.04278512341680797,663,Why else would this little table be here?
3581,888,6,24,108,138,1.2608695652173914,0.04519004128550317,663,Of course we are GLUTEN FREE.
3566,888,4,28,106,138,1.2608695652173914,0.04278512341680797,663,You said you wanted a pizza for two with everything on it.
3454,888,5,26,107,138,1.2608695652173914,0.04400401468716787,663,That’s what that middle thing is for!
3516,888,4,28,106,138,1.2608695652173914,0.04278512341680797,663,Did you order vegetarian?  This looks like Olive and Herb.
3447,888,9,18,111,138,1.2608695652173914,0.048574678586445305,663,Where’s my meds Mike?
2925,888,7,22,109,138,1.2608695652173914,0.046345726385314936,663,"They didn't have a booth."""
3282,888,9,18,111,138,1.2608695652173914,0.048574678586445305,663,We're the house special.
5038,888,5,26,107,138,1.2608695652173914,0.04400401468716787,663,You ordered from Little Italy?
3148,888,7,22,109,138,1.2608695652173914,0.046345726385314936,663,"Waiter,this table is wobbly,and the floor is sticky!"
3015,888,4,28,106,138,1.2608695652173914,0.04278512341680797,663,"Close the box Ma, I was just about to pop the question."
2994,888,7,22,109,138,1.2608695652173914,0.046345726385314936,663,At least it's not deep dish.
2990,888,6,24,108,138,1.2608695652173914,0.04519004128550317,663,This is the hottest place in Really Little Italy.
2980,888,6,24,108,138,1.2608695652173914,0.04519004128550317,663,"New York is really big and scary, but you can't beat Little Italy's cuisine."
3882,888,6,24,108,138,1.2608695652173914,0.04519004128550317,663,I swear the family-size gets smaller every year.
2808,888,6,24,108,138,1.2608695652173914,0.04519004128550317,663,They were out of  mushrooms.
3395,888,9,18,111,138,1.2608695652173914,0.048574678586445305,663,"Well we heat the oven to 375 degrees, so you decide."
3943,888,6,24,108,138,1.2608695652173914,0.04519004128550317,663,Little privacy?
4572,888,5,26,107,138,1.2608695652173914,0.04400401468716787,663,Not the topping you ordered?
4027,888,6,24,108,138,1.2608695652173914,0.04519004128550317,663,We’re tired of wedding cake
2776,888,6,24,108,138,1.2608695652173914,0.04519004128550317,663,People who complain about pineapple on pizza have never had dates on a pizza.
4937,888,6,24,108,138,1.2608695652173914,0.04519004128550317,663,The Couple of toppings you ordered
4929,888,7,22,109,138,1.2608695652173914,0.046345726385314936,663,This wasn't my idea.  The pizza delivery guy thought it would be hilarious.
4882,888,5,26,107,138,1.2608695652173914,0.04400401468716787,663,I will never order pizza from Jack and Jill in The Box again
4809,888,6,24,108,138,1.2608695652173914,0.04519004128550317,663,"Shut the lid, would you? The pizza's getting cold!"
4783,888,5,26,107,138,1.2608695652173914,0.04400401468716787,663,Just a couple of small things about your order.
4737,888,6,24,108,138,1.2608695652173914,0.04519004128550317,663,"Oh, thank god. I don't think I could've taken any more of this small talk."
4722,888,8,20,110,138,1.2608695652173914,0.04747328592987294,663,They did advertise dine-in and delivered.
4701,888,5,26,107,138,1.2608695652173914,0.04400401468716787,663,"We ordered pizza to go, too. What's your point?"
4684,888,5,26,107,138,1.2608695652173914,0.04400401468716787,663,"Sorry to interrupt date night, but do you know where all the pizza went?"
4652,888,5,26,107,138,1.2608695652173914,0.04400401468716787,663,"Yes, we're ready for small plates dining to run its course, too."
4585,888,8,20,110,138,1.2608695652173914,0.04747328592987294,663,It's not what were expecting either.......
4573,888,8,20,110,138,1.2608695652173914,0.04747328592987294,663,But I ordered a large psilocybin mushroom.
4506,888,5,26,107,138,1.2608695652173914,0.04400401468716787,663,"Son, your Mother and I are on our Date Night.  Close the lid."
4391,888,7,22,109,138,1.2608695652173914,0.046345726385314936,663,"Well, this still isn’t as weird as pineapple on pizza"
4336,888,6,24,108,138,1.2608695652173914,0.04519004128550317,663,They Said It Would Serve 4
4116,888,4,28,106,138,1.2608695652173914,0.04278512341680797,663,We asked to be seated away from the kitchen.
4101,888,8,20,110,138,1.2608695652173914,0.04747328592987294,663,YOU NEVER HEARD OF THE TWILIGHT ZONE?
4088,888,9,18,111,138,1.2608695652173914,0.048574678586445305,663,"Can you close the box, dude?  Your man boobs are 
totally killing the mood"
3967,888,6,24,108,138,1.2608695652173914,0.04519004128550317,663,"Next time, don't order it with everything on it."
2747,888,7,22,109,138,1.2608695652173914,0.046345726385314936,663,"Well, you ordered a large with everything. We're the Brockmans."
3149,888,4,28,106,138,1.2608695652173914,0.04278512341680797,663,The waiter asked us if we wanted “take out” and I guess that’s what we got!
2707,888,8,20,110,138,1.2608695652173914,0.04747328592987294,663,Pizza Hut introduces the new Weed Supremo.
1474,888,6,24,108,138,1.2608695652173914,0.04519004128550317,663,We weren't dressed right for the wedding cake.
1311,888,5,26,107,138,1.2608695652173914,0.04400401468716787,663,Could you please grab our waiter?  He’s with the breadsticks.
1308,888,7,22,109,138,1.2608695652173914,0.046345726385314936,663,"Mabel, I said I just wanted a small dinner, not small diners."
1304,888,6,24,108,138,1.2608695652173914,0.04519004128550317,663,"I think you've confused 'A Little Taste of Italy"" with ""A Taste of Little Italy""."
1281,888,6,24,108,138,1.2608695652173914,0.04519004128550317,663,There's hair on my pizza.
1141,888,7,22,109,138,1.2608695652173914,0.046345726385314936,663,"Bernie, I've told you a million times to watch your diction when you order a personal pan pizza. They sent the person in pan pizza again!"
1052,888,4,28,106,138,1.2608695652173914,0.04278512341680797,663,"Next time, don't order the mushroom special."
959,888,7,22,109,138,1.2608695652173914,0.046345726385314936,663,We were hoping you’d have a little cabernet.
942,888,6,24,108,138,1.2608695652173914,0.04519004128550317,663,The last we remember is complaining about the sauce to the pizzaiolo's grandmother.
882,888,7,22,109,138,1.2608695652173914,0.046345726385314936,663,We never agreed to think outside the box.
724,888,6,24,108,138,1.2608695652173914,0.04519004128550317,663,"Yes, this is the small party pizza."
647,888,8,20,110,138,1.2608695652173914,0.04747328592987294,663,"So, are you two guys together? Not that there's anything wrong with that."
544,888,5,26,107,138,1.2608695652173914,0.04400401468716787,663,Then what *did* you order?
409,888,6,24,108,138,1.2608695652173914,0.04519004128550317,663,Don't forget to write a review on Yelp
394,888,6,24,108,138,1.2608695652173914,0.04519004128550317,663,This is why we always check the box before leaving the store.
380,888,6,24,108,138,1.2608695652173914,0.04519004128550317,663,Better us than anchovies.”
262,888,6,24,108,138,1.2608695652173914,0.04519004128550317,663,These aren't the toppings I ordered.
164,888,5,26,107,138,1.2608695652173914,0.04400401468716787,663,What did you think this thing was for?
33,888,5,26,107,138,1.2608695652173914,0.04400401468716787,663,At least it’s not pineapple.
1599,888,7,22,109,138,1.2608695652173914,0.046345726385314936,663,Next time let’s go without the mystery topping.
2722,888,9,18,111,138,1.2608695652173914,0.048574678586445305,663,"Our friends told us it’s a cheesy restaurant, but we had to see for ourselves"
1650,888,7,22,109,138,1.2608695652173914,0.046345726385314936,663,You should look up.
1908,888,8,20,110,138,1.2608695652173914,0.04747328592987294,663,"Either way you slice it, we are what you eat."
2687,888,5,26,107,138,1.2608695652173914,0.04400401468716787,663,Sometimes you feel like a little Italian
2638,888,2,32,104,138,1.2608695652173914,0.040236721290352405,663,Can you please tell our waiter we need another bottle of Chianti.
2628,888,7,22,109,138,1.2608695652173914,0.046345726385314936,663,"We come with the ""Meet Lovers"" pizza.  Did you want ""Meat Lovers""?  You'd be surprised how often this happens."
2624,888,4,28,106,138,1.2608695652173914,0.04278512341680797,663,Gulliver’s Pizza almost deliver on their promise”
2523,888,7,22,109,138,1.2608695652173914,0.046345726385314936,663,This is the last time we ask for a table for two close to the kitchen
2521,888,7,22,109,138,1.2608695652173914,0.046345726385314936,663,Not shrimps again!
2516,888,3,30,105,138,1.2608695652173914,0.04153047390765598,663,Do you mind?  It's date night for us too and we just sat down.
2460,888,5,26,107,138,1.2608695652173914,0.04400401468716787,663,Does a light come on when the  box is closed?
2421,888,5,26,107,138,1.2608695652173914,0.04400401468716787,663,It's a little undercooked.
2400,888,3,30,105,138,1.2608695652173914,0.04153047390765598,663,I shouldn't have asked for everything on it.
2391,888,7,22,109,138,1.2608695652173914,0.046345726385314936,663,Well this does make your order extra cheesy.
2384,888,9,18,111,138,1.2608695652173914,0.048574678586445305,663,Are they at least Sicilian?
2366,888,4,28,106,138,1.2608695652173914,0.04278512341680797,663,Are you ready to take our order?
2358,888,4,28,106,138,1.2608695652173914,0.04278512341680797,663,"No, ""Meet Lovers Pizza"" was not a typo."
2336,888,6,24,108,138,1.2608695652173914,0.04519004128550317,663,"How do you do? I’m Pepperoni and this is my wife, Olive."
2194,888,5,26,107,138,1.2608695652173914,0.04400401468716787,663,"I know, right? They call it a regular, but let's face it, it's a small."
2157,888,5,26,107,138,1.2608695652173914,0.04400401468716787,663,Have you ever heard of knocking?
2053,888,5,26,107,138,1.2608695652173914,0.04400401468716787,663,"We're about finished, so you can have our table."
1913,888,7,22,109,138,1.2608695652173914,0.046345726385314936,663,It was your idea to have the Smalls to dinner!
1900,888,7,22,109,138,1.2608695652173914,0.046345726385314936,663,It was delicious
4368,976,4,27,105,136,1.2573529411764706,0.043028494801232234,663,Imagine how we feel? We just wanted a quiet moment and a bottle of Chianti
2654,976,7,21,108,136,1.2573529411764706,0.04667171252997456,663,"Sorry, sir - I believe that we reserved this table until 9:30 pm"
3779,976,5,25,106,136,1.2573529411764706,0.04427622191123931,663,Maria and I didn't know that on Tuesday night at Mystic Pizza you could volunteer to be part of a magic show!
1624,979,4,22,91,117,1.2564102564102564,0.047255733568745614,663,"You ordered two smalls, right?"
815,980,4,24,98,126,1.253968253968254,0.04498537037185613,663,"Be careful when you say,’I really wish we could downsize.’"
4793,981,9,16,109,134,1.2537313432835822,0.049332393155984124,663,"Again! I was very specific,no Lilliputions! I don't care if  they are wild caught."
4861,981,6,22,106,134,1.2537313432835822,0.04579325782901285,663,Comes with your Prime membership
4789,981,3,28,103,134,1.2537313432835822,0.041956643224789834,663,Thank you. This pizza was just the right size for the two of us.
4774,981,5,24,105,134,1.2537313432835822,0.04455111235379425,663,"It's a GPS mistake. We don't like it either. It's hot, muggy and smells funny in here."
4309,981,5,24,105,134,1.2537313432835822,0.04455111235379425,663,"See, even this guy takes her out for a real dinner."
3031,981,7,20,107,134,1.2537313432835822,0.04700258836732817,663,"I told them to put on a little of the toppings, not the Lilliput Toppings!"
2969,981,5,24,105,134,1.2537313432835822,0.04455111235379425,663,Do you mind? It's our anniversary!
2766,981,5,24,105,134,1.2537313432835822,0.04455111235379425,663,Pardon me but this is s personal pan.
2680,981,7,20,107,134,1.2537313432835822,0.04700258836732817,663,I'm thinking separate checks.
2811,981,5,24,105,134,1.2537313432835822,0.04455111235379425,663,"Well, you did order the vegetarian pizza. Although technically I’m vegan and he’s vegetarian."
2268,981,6,22,106,134,1.2537313432835822,0.04579325782901285,663,Honey I think we got the wrong table.
2569,981,6,22,106,134,1.2537313432835822,0.04579325782901285,663,I have a feeling they’ve confused our orders.
668,981,4,26,104,134,1.2537313432835822,0.043273326210569375,663,Did you guys bring your own wine and chairs?
1187,981,5,24,105,134,1.2537313432835822,0.04455111235379425,663,Here we were having a nice conversation until you went and opened our box with your big hands and your big face and your stupid big clothing.
1361,981,5,24,105,134,1.2537313432835822,0.04455111235379425,663,You know you've thought of it too.
435,981,5,24,105,134,1.2537313432835822,0.04455111235379425,663,"Do you see the eye in the lid of the box? When the moon hits it, that's amore!"
1459,981,7,20,107,134,1.2537313432835822,0.04700258836732817,663,They said this was the only table for two available!
1559,981,6,22,106,134,1.2537313432835822,0.04579325782901285,663,Welcome to Gulliver's Pizzeria.
1697,981,5,24,105,134,1.2537313432835822,0.04455111235379425,663,"""Oh good! we were just starting to think outside of the box."""
1382,981,5,24,105,134,1.2537313432835822,0.04455111235379425,663,Sorry. We distinctly requested a table on the piazza when we made our reservation.
2951,1001,5,22,100,127,1.2519685039370079,0.046052121475448175,663,Which topping DID you order?
4409,1002,4,25,102,131,1.251908396946565,0.043810716882134705,663,A little privacy here...
3920,1002,5,23,103,131,1.251908396946565,0.0451311281248637,663,I’m sorry but you ordered a pizza with everyone on it!
3978,1002,7,19,105,131,1.251908396946565,0.047662336808170294,663,We ordered to go!
4082,1002,7,19,105,131,1.251908396946565,0.047662336808170294,663,What?! This isn't what you were expecting when you ordered the date night special?
4137,1002,5,23,103,131,1.251908396946565,0.0451311281248637,663,Do us a big favor. Think outside the box.
4242,1002,5,23,103,131,1.251908396946565,0.0451311281248637,663,"Don't mind us, we just like to eat inside the box."
4265,1002,7,19,105,131,1.251908396946565,0.047662336808170294,663,I  thought we ordered the anchovies.
4487,1002,4,25,102,131,1.251908396946565,0.043810716882134705,663,We saw this little table and thought it would be the perfect place for our dinner date!
3899,1002,6,21,104,131,1.251908396946565,0.046413990756227416,663,"Yeah, we know.  It makes no sense whatsoever."
4674,1002,3,27,101,131,1.251908396946565,0.042449253251738865,663,We are trying to make the most of that lab accident.
4713,1002,5,23,103,131,1.251908396946565,0.0451311281248637,663,You won’t believe what I had to go through to get this reservation.
4787,1002,4,25,102,131,1.251908396946565,0.043810716882134705,663,I didn't order a pizza with dates.
4810,1002,6,21,104,131,1.251908396946565,0.046413990756227416,663,If you plan on joining us you'll have to bring your own chairs.
4815,1002,8,17,106,131,1.251908396946565,0.048878810972769846,663,Do you mind? It took us four months to get this table.
4826,1002,8,17,106,131,1.251908396946565,0.048878810972769846,663,you searched for romantic DINERS to go?!
4922,1002,3,27,101,131,1.251908396946565,0.042449253251738865,663,Can we get a 'to-go' box?
5068,1002,6,21,104,131,1.251908396946565,0.046413990756227416,663,"So,that's what you're supposed to do with that little plastic thingy..."
4548,1002,4,25,102,131,1.251908396946565,0.043810716882134705,663,The tux and gown are only for the wedding cakes.
3340,1002,3,27,101,131,1.251908396946565,0.042449253251738865,663,"Well, that review did say it was a whole new perspective on the dining experience."
3554,1002,7,19,105,131,1.251908396946565,0.047662336808170294,663,We've been waiting for an hour.  Where's our waiter?
2973,1002,2,29,100,131,1.251908396946565,0.04104265207724717,663,They're nice.  But they're not what I ordered.
337,1002,2,29,100,131,1.251908396946565,0.04104265207724717,663,So much for a romantic dinner.
521,1002,6,21,104,131,1.251908396946565,0.046413990756227416,663,Don't ever complain at Lil' Luigi's about sitting near the kitchen.
566,1002,6,21,104,131,1.251908396946565,0.046413990756227416,663,Do you mind?  We're just looking for a little piece and quiet!
747,1002,5,23,103,131,1.251908396946565,0.0451311281248637,663,"As they say, you are what you eat."
973,1002,4,25,102,131,1.251908396946565,0.043810716882134705,663,Hey!  We've been waiting for this table for 45 minutes!
1132,1002,3,27,101,131,1.251908396946565,0.042449253251738865,663,"You said you wanted ""a little Italian."""
1257,1002,5,23,103,131,1.251908396946565,0.0451311281248637,663,"This table sucks, we're lookin' right into the kitchen"
1359,1002,2,29,100,131,1.251908396946565,0.04104265207724717,663,"No, we can't get up. Our feet are stuck to the cheese."
1669,1002,3,27,101,131,1.251908396946565,0.042449253251738865,663,"Since we sat down at this table it's been a nightmare.
Now, may we please see a menu."
1030,1002,6,21,104,131,1.251908396946565,0.046413990756227416,663,"I ordered feta, not meta."
1842,1002,6,21,104,131,1.251908396946565,0.046413990756227416,663,We’d ask you to join us but we’re a little short on dough
1781,1002,5,23,103,131,1.251908396946565,0.0451311281248637,663,"Ahem, you're ruining our pizza and quiet."
2777,1002,6,21,104,131,1.251908396946565,0.046413990756227416,663,What did you expect from Amazon?
2487,1002,5,23,103,131,1.251908396946565,0.0451311281248637,663,Delivery from Little Italy?
2405,1002,8,17,106,131,1.251908396946565,0.048878810972769846,663,"Well, you did order personal size."
3185,1002,5,23,103,131,1.251908396946565,0.0451311281248637,663,"Sorry, there was only enough for us."
2234,1002,5,23,103,131,1.251908396946565,0.0451311281248637,663,You knew this is not what I meant when I said a little Italian sounded good.
2140,1002,6,21,104,131,1.251908396946565,0.046413990756227416,663,Top this!
2256,1002,4,25,102,131,1.251908396946565,0.043810716882134705,663,"You did ask for the ""Italian Family Style""....."
2030,1042,5,22,102,129,1.248062015503876,0.045418766066891325,663,"I said I wanted ""vegetarian""...not ""vegetarians""!"
4721,1042,6,20,103,129,1.248062015503876,0.046733161053439894,663,We order you to take us out.
4702,1042,3,26,100,129,1.248062015503876,0.042668679954077506,663,"Now you know why the restaurant is called ""Little Italy""."
4523,1042,4,24,101,129,1.248062015503876,0.044065182174039035,663,"You wanted a vegan topping?  Well, we're both vegans."
4065,1042,3,26,100,129,1.248062015503876,0.042668679954077506,663,Size matters?
3942,1042,5,22,102,129,1.248062015503876,0.045418766066891325,663,"Sorry, we were here first."
2804,1042,5,22,102,129,1.248062015503876,0.045418766066891325,663,It's not like we're as controversial as pineapple toppings.
2411,1042,4,24,101,129,1.248062015503876,0.044065182174039035,663,"Don't order the pie with
""magic mushrooms""."
1869,1042,5,22,102,129,1.248062015503876,0.045418766066891325,663,"We're Pie Protection Services, we have a right to be here."
1392,1042,5,22,102,129,1.248062015503876,0.045418766066891325,663,This tiny house fad has just gotten out of hand
1621,1042,4,24,101,129,1.248062015503876,0.044065182174039035,663,"Hi,We're the DiGiornos."
1594,1042,5,22,102,129,1.248062015503876,0.045418766066891325,663,"Sorry, we were drinking and forgot to get out of the box."
568,1042,6,20,103,129,1.248062015503876,0.046733161053439894,663,Well what did you think they meant by personal pan pizza?'
391,1042,5,22,102,129,1.248062015503876,0.045418766066891325,663,smallest popup restaurant ever
340,1042,2,28,99,129,1.248062015503876,0.04122489803523768,663,Are you our waiter?
140,1042,7,18,104,129,1.248062015503876,0.04801158582107555,663,Now you know what what this little thing is really meant for.
120,1042,4,24,101,129,1.248062015503876,0.044065182174039035,663,What kind of mushrooms were on this pizza?
1791,1042,6,20,103,129,1.248062015503876,0.046733161053439894,663,"Any way you slice it, we’re not leaving!"
1283,1060,5,20,96,121,1.2479338842975207,0.04735568440129775,663,At least they aren't pineapples
3475,1061,6,12,79,97,1.2474226804123711,0.05681806104393969,663,Do you mind? We're trying to have a quiet dinner here.
3174,1062,6,19,102,127,1.2440944881889764,0.047056244461984,663,Watch out for the mushrooms.
3293,1062,6,19,102,127,1.2440944881889764,0.047056244461984,663,"This isn't our order, Albert. This is the Smiths!"
3349,1062,5,21,101,127,1.2440944881889764,0.045708924357428474,663,You asked for the Anchovey's.  I'm Bill and this is Maude Anchovey.
5061,1062,8,15,104,127,1.2440944881889764,0.04964130232751515,663,It's cheaper than a taxi.
3595,1062,4,23,100,127,1.2440944881889764,0.04432066548417608,663,"Congratulations, you’ve been selected to participate in a customer satisfaction survey."
4725,1062,4,23,100,127,1.2440944881889764,0.04432066548417608,663,They seem very upper crust.
4083,1062,5,21,101,127,1.2440944881889764,0.045708924357428474,663,It's okay--we're gluten free.
4286,1062,5,21,101,127,1.2440944881889764,0.045708924357428474,663,Call Ant-Man. Tell him we found his parents.
4655,1062,4,23,100,127,1.2440944881889764,0.04432066548417608,663,"Could we see the menu now, please?"
3159,1062,5,21,101,127,1.2440944881889764,0.045708924357428474,663,We asked for a cozy corner but ended up in this box.
3908,1062,3,25,99,127,1.2440944881889764,0.04288749248915535,663,It’s a matter of perspective.
2798,1062,7,17,103,127,1.2440944881889764,0.04836604718000924,663,"Well, at least you finally know what these things are for."
1600,1062,9,13,105,127,1.2440944881889764,0.05088460743412139,663,You don't want to know what we found on our pizza.
2347,1062,6,19,102,127,1.2440944881889764,0.047056244461984,663,Bite me.
2251,1062,4,23,100,127,1.2440944881889764,0.04432066548417608,663,Could you keep it down?
2128,1062,4,23,100,127,1.2440944881889764,0.04432066548417608,663,Thank you for not ordering anchovies.
1734,1062,1,29,97,127,1.2440944881889764,0.039866881720315106,663,"Hey, its a small world after all."
648,1062,6,19,102,127,1.2440944881889764,0.047056244461984,663,"It’s like looking in a mirror, but 500 pizzas ago."
644,1062,5,21,101,127,1.2440944881889764,0.045708924357428474,663,We saved the crusts for you
368,1062,3,25,99,127,1.2440944881889764,0.04288749248915535,663,The pizza is great but the atmosphere sucks.
326,1062,3,25,99,127,1.2440944881889764,0.04288749248915535,663,So what were you expecting from Lilliputian’s Pizzeria?
185,1062,3,25,99,127,1.2440944881889764,0.04288749248915535,663,Could we get different table? This one is a bit wobbly.
97,1062,3,25,99,127,1.2440944881889764,0.04288749248915535,663,We’ll be done in 30 minutes or less.
2573,1062,7,17,103,127,1.2440944881889764,0.04836604718000924,663,"Gulliver, I found your toys!"
3769,1086,5,20,99,124,1.2419354838709677,0.0463328244815081,663,"OK, we’ll leave. But we’re taking our chairs with us!"
3528,1086,4,22,98,124,1.2419354838709677,0.04489543719436014,663,"Ugh, they gave us the Robertsons instead of the Mitchells."
3431,1086,4,22,98,124,1.2419354838709677,0.04489543719436014,663,Do you mind? We asked for a private table.
3222,1086,6,18,100,124,1.2419354838709677,0.047726941741491634,663,Wee deliver!
3177,1086,4,22,98,124,1.2419354838709677,0.04489543719436014,663,I asked for a two-person pizza...
2618,1086,3,24,97,124,1.2419354838709677,0.04341048188296504,663,We just want a little pizza and quiet!
3134,1086,5,20,99,124,1.2419354838709677,0.0463328244815081,663,I asked for a little parmesan but I guess they thought I said a little Pam and John.
2822,1086,4,22,98,124,1.2419354838709677,0.04489543719436014,663,This place makes the best meet lovers pizza.
2799,1086,2,26,96,124,1.2419354838709677,0.04187289808157224,663,It's from Little Italy!
3790,1086,6,18,100,124,1.2419354838709677,0.047726941741491634,663,Really..? Who owns a two-legged table?
2338,1086,5,20,99,124,1.2419354838709677,0.0463328244815081,663,So that's what they mean by personal pizza.
3142,1086,4,22,98,124,1.2419354838709677,0.04489543719436014,663,Quit trying to order dates on a pizza. It's not a thing.
3891,1086,5,20,99,124,1.2419354838709677,0.0463328244815081,663,Can I get some service over here?
4982,1086,7,16,101,124,1.2419354838709677,0.04908147625690609,663,"Uh,.... 7:00- What time was yours?"
4040,1086,2,26,96,124,1.2419354838709677,0.04187289808157224,663,"Since you ordered the extra-cheesy, the engagement ring is in her glass."
4061,1086,7,16,101,124,1.2419354838709677,0.04908147625690609,663,You ordered a personal pie right?
4093,1086,3,24,97,124,1.2419354838709677,0.04341048188296504,663,We’re just thankful they didn’t seat us in a calzone again.
4367,1086,5,20,99,124,1.2419354838709677,0.0463328244815081,663,"Yes, hi, we're the Crusts"
4531,1086,5,20,99,124,1.2419354838709677,0.0463328244815081,663,Is it too late to change our order?
4610,1086,6,18,100,124,1.2419354838709677,0.047726941741491634,663,It was all we could get on short notice
4696,1086,3,24,97,124,1.2419354838709677,0.04341048188296504,663,"Yes, exactly! I'm Basil, and this is my wife Olive."
4744,1086,5,20,99,124,1.2419354838709677,0.0463328244815081,663,You could at least have taken your shoes off.
4818,1086,3,24,97,124,1.2419354838709677,0.04341048188296504,663,Thank God you didn’t order the calzone.
4887,1086,4,22,98,124,1.2419354838709677,0.04489543719436014,663,Hey! We ordered the private dining experience!
4961,1086,4,22,98,124,1.2419354838709677,0.04489543719436014,663,You guys better be vegetarian!
4974,1086,4,22,98,124,1.2419354838709677,0.04489543719436014,663,There are healthier options.
2260,1086,3,24,97,124,1.2419354838709677,0.04341048188296504,663,Are we still in Brooklyn?
3992,1086,5,20,99,124,1.2419354838709677,0.0463328244815081,663,Never mind that Jerry! But are you sure it’s gluten free?!
2146,1086,4,22,98,124,1.2419354838709677,0.04489543719436014,663,"You may have ordered Take-out, but we ordered Dine-in."
649,1086,6,18,100,124,1.2419354838709677,0.047726941741491634,663,He said his brother was out of town and we could use the place for the weekend.
2038,1086,3,24,97,124,1.2419354838709677,0.04341048188296504,663,Just what type of mushrooms did you request?
2083,1086,3,24,97,124,1.2419354838709677,0.04341048188296504,663,I say Pinot Grigio is the best choice. She says a Merlot is a better pairing. What do you suggest?
11,1086,4,22,98,124,1.2419354838709677,0.04489543719436014,663,Dang. It's the Anchovys again.
249,1086,0,30,94,124,1.2419354838709677,0.038614490889130416,663,Could we see a dessert menu!?
302,1086,3,24,97,124,1.2419354838709677,0.04341048188296504,663,Dining on pizza tonight was clearly our idea first.
341,1086,5,20,99,124,1.2419354838709677,0.0463328244815081,663,I specifically said no Dates ...
385,1086,3,24,97,124,1.2419354838709677,0.04341048188296504,663,"No, sorry, we're not recyclable either."
450,1086,5,20,99,124,1.2419354838709677,0.0463328244815081,663,"The drinks are great, but the decor's a little cheesy."
480,1086,3,24,97,124,1.2419354838709677,0.04341048188296504,663,"Oh, sorry! We thought it was an empty table."
701,1086,7,16,101,124,1.2419354838709677,0.04908147625690609,663,Happens all the time.  You ordered two individual pizzas.  We're the two individuals pizza.
817,1086,4,22,98,124,1.2419354838709677,0.04489543719436014,663,"Hey, Buddy! This is a private party!"
819,1086,5,20,99,124,1.2419354838709677,0.0463328244815081,663,Your daughter seated us.
835,1086,6,18,100,124,1.2419354838709677,0.047726941741491634,663,"It's a compromise.  She wanted take-out, I wanted dining in."
983,1086,2,26,96,124,1.2419354838709677,0.04187289808157224,663,It was the only table we could get!
216,1086,6,18,100,124,1.2419354838709677,0.047726941741491634,663,We were going to leave but our feet are stuck in the cheese.
1097,1086,5,20,99,124,1.2419354838709677,0.0463328244815081,663,Are you related to Gulliver?
1013,1086,4,22,98,124,1.2419354838709677,0.04489543719436014,663,We prefer dining in.
2013,1086,4,22,98,124,1.2419354838709677,0.04489543719436014,663,Guess who's coming to dinner?
1996,1086,5,20,99,124,1.2419354838709677,0.0463328244815081,663,Do you mind — this is a private party.
1910,1086,2,26,96,124,1.2419354838709677,0.04187289808157224,663,I swear the Lilliputian Pizza came with three last time.
1645,1086,5,20,99,124,1.2419354838709677,0.0463328244815081,663,We're the Anchovies.
2025,1086,3,24,97,124,1.2419354838709677,0.04341048188296504,663,Could you close the lid?  That ceiling light rather spoils the mood.
1482,1086,4,22,98,124,1.2419354838709677,0.04489543719436014,663,"Our job is to prevent the cheese from sticking, but our passion is making sure you leave 5 stars."
1428,1086,3,24,97,124,1.2419354838709677,0.04341048188296504,663,This is the special from Gulliver’s Pizza.
1407,1086,3,24,97,124,1.2419354838709677,0.04341048188296504,663,They're right when they say it can feed a family.
1546,1086,5,20,99,124,1.2419354838709677,0.0463328244815081,663,I love meat lovers pizza
1331,1086,7,16,101,124,1.2419354838709677,0.04908147625690609,663,Cheese!
1128,1086,5,20,99,124,1.2419354838709677,0.0463328244815081,663,We elected to dine in!
307,1144,6,16,94,116,1.2413793103448276,0.04991850878698305,663,We chose the dine in option.
934,1145,3,22,92,117,1.2393162393162394,0.04484898301597752,663,They really need to take the Russian Doll Pizza off the menu.
3631,1146,5,19,98,122,1.2377049180327868,0.04663631960750775,663,PLEASE!  We asked not o be disturbed.
3645,1146,8,13,101,122,1.2377049180327868,0.050807433483549276,663,"Excuse us, this is a private pie."
3674,1146,3,23,96,122,1.2377049180327868,0.04363462286723502,663,You ordered the small singles topping pizza.
3846,1146,4,21,97,122,1.2377049180327868,0.045160417509692276,663,You are what you eat.
3624,1146,4,21,97,122,1.2377049180327868,0.045160417509692276,663,"So, were you the guys who wrote ""Drink me"" on our wine glasses?"
3946,1146,6,17,99,122,1.2377049180327868,0.048066925254456445,663,You know the pizza's good when it has a small clientele.
3986,1146,5,19,98,122,1.2377049180327868,0.04663631960750775,663,PLEASE CLOSE THE BOX.  WE'VE ONLY JUST BEGUN!​
3835,1146,7,15,100,122,1.2377049180327868,0.04945616544275742,663,"On the third wish she, unfortunately, said to the genie, ""Gee, I could really get down on some pizza."""
3523,1146,2,25,95,122,1.2377049180327868,0.04205350539350956,663,Nothing better than pizza with a couple of friends.
3290,1146,5,19,98,122,1.2377049180327868,0.04663631960750775,663,We didn’t order the extra large.
3458,1146,5,19,98,122,1.2377049180327868,0.04663631960750775,663,Would you mind!? We're trying to have a private conversation here.
3398,1146,3,23,96,122,1.2377049180327868,0.04363462286723502,663,"Can you, at least, take off your shoes?"
3264,1146,3,23,96,122,1.2377049180327868,0.04363462286723502,663,"Yes, we’re the voices inside your head. NOW could we get a little privacy on our night off?"
3259,1146,3,23,96,122,1.2377049180327868,0.04363462286723502,663,Grub Hub brought us some company for dinner!
3239,1146,4,21,97,122,1.2377049180327868,0.045160417509692276,663,We ordered take-out. I guess you ordered in.
3075,1146,5,19,98,122,1.2377049180327868,0.04663631960750775,663,You distinctly ordered 'people only'. Not pepperoni.
2987,1146,3,23,96,122,1.2377049180327868,0.04363462286723502,663,"I asked for very little oregano, not very little Oregonians."
2955,1146,4,21,97,122,1.2377049180327868,0.045160417509692276,663,Why did you order Lilliputian? It’s worse than anchovies.
4160,1146,6,17,99,122,1.2377049180327868,0.048066925254456445,663,I thought I ordered the large.
3506,1146,8,13,101,122,1.2377049180327868,0.050807433483549276,663,We weren't sure what to expect when we signed up to an authentic Italian Airbnb 'experience'
4177,1146,3,23,96,122,1.2377049180327868,0.04363462286723502,663,"How about three slices for each of you, and one for each of us?"
4648,1146,4,21,97,122,1.2377049180327868,0.045160417509692276,663,We're the small intimate dining experience you ordered.
4215,1146,3,23,96,122,1.2377049180327868,0.04363462286723502,663,"Yes, we also ordered 'family style' pizza."""
5065,1146,3,23,96,122,1.2377049180327868,0.04363462286723502,663,Are one of you finally going to take our order?
4986,1146,6,17,99,122,1.2377049180327868,0.048066925254456445,663,I'm starting to regret eating the mushrooms off this pie.
4981,1146,6,17,99,122,1.2377049180327868,0.048066925254456445,663,"Yeah, we're the Anchovie's--what's it to you?"
4885,1146,3,23,96,122,1.2377049180327868,0.04363462286723502,663,I’ll try the tiramisu and he’ll have the gelato.  Thank you.
4871,1146,7,15,100,122,1.2377049180327868,0.04945616544275742,663,"Well, the wine bottle was labeled “Drink Me”..."
4806,1146,7,15,100,122,1.2377049180327868,0.04945616544275742,663,"We wanted to dine in, but they only have delivery."
4776,1146,5,19,98,122,1.2377049180327868,0.04663631960750775,663,Next time we’d like a little more pie and a little less fee fo fum
4663,1146,6,17,99,122,1.2377049180327868,0.048066925254456445,663,"Honey, say hello to Mr. and Mrs. Topper."
2893,1146,5,19,98,122,1.2377049180327868,0.04663631960750775,663,That’s the last time I order the everything pizza.
4644,1146,3,23,96,122,1.2377049180327868,0.04363462286723502,663,"Honey, the Lyft drivers are here"
4630,1146,4,21,97,122,1.2377049180327868,0.045160417509692276,663,The maître d' said we could sit anywhere.
4615,1146,4,21,97,122,1.2377049180327868,0.045160417509692276,663,Is a little privacy too much to ask for?
4554,1146,6,17,99,122,1.2377049180327868,0.048066925254456445,663,"Next time, no pineapple."
4550,1146,2,25,95,122,1.2377049180327868,0.04205350539350956,663,I say this is taking a small intimate pizza place too far
4519,1146,7,15,100,122,1.2377049180327868,0.04945616544275742,663,"Yes, this is the ""Little Italy"" special. What were you expecting?"
4508,1146,3,23,96,122,1.2377049180327868,0.04363462286723502,663,Can you believe people just throw these away?
4473,1146,1,27,94,122,1.2377049180327868,0.04041057187170267,663,"Mind closing the lid, it's our date night."
4436,1146,5,19,98,122,1.2377049180327868,0.04663631960750775,663,"I ordered Italian sweet pepper topping, not sweet Italian people on top."
4401,1146,4,21,97,122,1.2377049180327868,0.045160417509692276,663,Well. then what did you think these things were for?
4381,1146,4,21,97,122,1.2377049180327868,0.045160417509692276,663,Exactly what did you think these things are for?
4257,1146,4,21,97,122,1.2377049180327868,0.045160417509692276,663,I promise we'll leave in thirty minutes or less.
4189,1146,3,23,96,122,1.2377049180327868,0.04363462286723502,663,"You ordered a two-person pizza, right?"
2810,1146,5,19,98,122,1.2377049180327868,0.04663631960750775,663,"Well, I did order a little dinner for two."
2304,1146,4,21,97,122,1.2377049180327868,0.045160417509692276,663,"We're the Petersons, they were out of pepperoni."
2649,1146,4,21,97,122,1.2377049180327868,0.045160417509692276,663,Oh..Is this table taken..??
1184,1146,6,17,99,122,1.2377049180327868,0.048066925254456445,663,Piss off; we're Welsh.
1169,1146,4,21,97,122,1.2377049180327868,0.045160417509692276,663,Glad it’s not a calzone?
1166,1146,6,17,99,122,1.2377049180327868,0.048066925254456445,663,"No, we're not delivery.  We're the Digiorno's."
1133,1146,7,15,100,122,1.2377049180327868,0.04945616544275742,663,Is this Stuart Little's house?
1129,1146,0,29,93,122,1.2377049180327868,0.03869794984381157,663,We have a reservation.
1121,1146,6,17,99,122,1.2377049180327868,0.048066925254456445,663,How much did you tip?
1089,1146,2,25,95,122,1.2377049180327868,0.04205350539350956,663,Can’t you see were having a private conversation?
2735,1146,1,27,94,122,1.2377049180327868,0.04041057187170267,663,I think they got our orders mixed-up
1041,1146,5,19,98,122,1.2377049180327868,0.04663631960750775,663,We’re from that Matt Damon movie nobody went to see.”
1209,1146,4,21,97,122,1.2377049180327868,0.045160417509692276,663,I’ve always wondered what the tiny table was for...
977,1146,3,23,96,122,1.2377049180327868,0.04363462286723502,663,Steve Peppers and my wife Olive. And you are?
830,1146,8,13,101,122,1.2377049180327868,0.050807433483549276,663,Please call for help.
803,1146,4,21,97,122,1.2377049180327868,0.045160417509692276,663,Blame the app.
728,1146,4,21,97,122,1.2377049180327868,0.045160417509692276,663,"Well, I'm Tony Anchovy and this is my wife, Elaine."
525,1146,5,19,98,122,1.2377049180327868,0.04663631960750775,663,"If you wanted us bigger, you should've ordered an extra large."
419,1146,5,19,98,122,1.2377049180327868,0.04663631960750775,663,Sorry. ‘OpenTable’ seems to be having some scheduling problems lately.
263,1146,5,19,98,122,1.2377049180327868,0.04663631960750775,663,Don’t ever order a mushroom pie!
178,1146,4,21,97,122,1.2377049180327868,0.045160417509692276,663,We enjoyed the garlic appetizer. What are the mains?
144,1146,4,21,97,122,1.2377049180327868,0.045160417509692276,663,"She said 'Okay so where do we eat,' and I said 'Tonight let's think out of the box.'"
40,1146,2,25,95,122,1.2377049180327868,0.04205350539350956,663,We've had three glasses of wine.  Could we PLEASE see a menu...
898,1146,3,23,96,122,1.2377049180327868,0.04363462286723502,663,"Uh, it's not what it looks like!"
1380,1146,5,19,98,122,1.2377049180327868,0.04663631960750775,663,First home delivery from Little Italy?
1051,1146,5,19,98,122,1.2377049180327868,0.04663631960750775,663,Consider ordering a large next time.
1617,1146,6,17,99,122,1.2377049180327868,0.048066925254456445,663,You want a pizza me?!
1569,1146,5,19,98,122,1.2377049180327868,0.04663631960750775,663,So much for personal pies...
2590,1146,3,23,96,122,1.2377049180327868,0.04363462286723502,663,Did we invite you?
2545,1146,3,23,96,122,1.2377049180327868,0.04363462286723502,663,"AHHH, giants!!"
2321,1146,5,19,98,122,1.2377049180327868,0.04663631960750775,663,They told us we'd be dining on the piazza.
2295,1146,5,19,98,122,1.2377049180327868,0.04663631960750775,663,I always wondered what that little plastic disk was for.
2267,1146,6,17,99,122,1.2377049180327868,0.048066925254456445,663,The new Little Caesars 2 for 1 deal.
2242,1146,6,17,99,122,1.2377049180327868,0.048066925254456445,663,Then the genie says to me:  “What a stupid goddamn wish!”
2199,1146,3,23,96,122,1.2377049180327868,0.04363462286723502,663,"Wow, the daily special was literally a ""Couples Pizza"" !"
2160,1146,4,21,97,122,1.2377049180327868,0.045160417509692276,663,"I told you, don't order from Little Italy"
2148,1146,6,17,99,122,1.2377049180327868,0.048066925254456445,663,"Oh no, not again. More of those giants who eat the floor."
2621,1146,3,23,96,122,1.2377049180327868,0.04363462286723502,663,We were told this was Little Italy.
2105,1146,4,21,97,122,1.2377049180327868,0.045160417509692276,663,Next time ask for extra parm so we don’t need to bring our own chairs.
2108,1146,2,25,95,122,1.2377049180327868,0.04205350539350956,663,This was the only way we could get here in 30 minutes or less.
1670,1146,3,23,96,122,1.2377049180327868,0.04363462286723502,663,"Honey, in New York you have to enunciate.  It's pizza in a box NOT piazza in a box."
1730,1146,6,17,99,122,1.2377049180327868,0.048066925254456445,663,Slice of Life
1783,1146,3,23,96,122,1.2377049180327868,0.04363462286723502,663,We were here first
1628,1146,6,17,99,122,1.2377049180327868,0.048066925254456445,663,You've been served
1859,1146,2,25,95,122,1.2377049180327868,0.04205350539350956,663,We love what you've done with your pizza box!
1932,1146,4,21,97,122,1.2377049180327868,0.045160417509692276,663,"Have you entered the Twilight Zone, or have we?"
2000,1146,4,21,97,122,1.2377049180327868,0.045160417509692276,663,I told you to order pepperoni.
1810,1146,5,19,98,122,1.2377049180327868,0.04663631960750775,663,Close the lid - we're getting cold.
4158,1239,5,18,96,119,1.2352941176470589,0.04729679185138561,663,Looks like when Tinkerbell isn't working for Disney she's just like us.
3352,1239,4,20,95,119,1.2352941176470589,0.04576632677128508,663,"Please, a little privacy."
3393,1239,4,20,95,119,1.2352941176470589,0.04576632677128508,663,"Could we have some privacy, please?"
3476,1239,6,16,97,119,1.2352941176470589,0.04877926170751816,663,"Sorry, but the moon hit our eyes"
3773,1239,6,16,97,119,1.2352941176470589,0.04877926170751816,663,Everyone told us to try the pizza in New York...so here we are!
3902,1239,4,20,95,119,1.2352941176470589,0.04576632677128508,663,Why don’t WE ever go out?
4154,1239,4,20,95,119,1.2352941176470589,0.04576632677128508,663,Our pizza has arrived. It appears we're having guests for dinner.
4283,1239,3,22,94,119,1.2352941176470589,0.04418287918231217,663,"Sorry to impose, but do you have a restroom we can use?"
4731,1239,5,18,96,119,1.2352941176470589,0.04729679185138561,663,"I'm Steve Topping, and this is my wife, Marla."
4513,1239,6,16,97,119,1.2352941176470589,0.04877926170751816,663,The Chair?  IKEA.  The table was already here.
4624,1239,2,24,93,119,1.2352941176470589,0.042540533136545704,663,It's a well balanced Chianti. Why do you ask?
4681,1239,3,22,94,119,1.2352941176470589,0.04418287918231217,663,Sorry...we ate all the mushrooms.
4836,1239,5,18,96,119,1.2352941176470589,0.04729679185138561,663,"Margret Bridleman, you have been served"
4954,1239,2,24,93,119,1.2352941176470589,0.042540533136545704,663,We specifically asked for a table NOT near the kitchen!
5001,1239,4,20,95,119,1.2352941176470589,0.04576632677128508,663,Get over it.  Toppings mistakes happen.
5083,1239,4,20,95,119,1.2352941176470589,0.04576632677128508,663,That's the last time I do bottomless mojitos.
3296,1239,4,20,95,119,1.2352941176470589,0.04576632677128508,663,Would you mind if I used the Little Girl's Room?
4442,1239,6,16,97,119,1.2352941176470589,0.04877926170751816,663,Would you like to order us to go?
3059,1239,4,20,95,119,1.2352941176470589,0.04576632677128508,663,We were carrying our chairs and spotted this table and then it went dark.
4771,1239,4,20,95,119,1.2352941176470589,0.04576632677128508,663,Mind if we join you? We're a little hungry.
3053,1239,5,18,96,119,1.2352941176470589,0.04729679185138561,663,I hope you don't have allergies.
355,1239,6,16,97,119,1.2352941176470589,0.04877926170751816,663,They are taking meat lovers a bit too far
384,1239,6,16,97,119,1.2352941176470589,0.04877926170751816,663,"Normally, we clean up and leave when the guy rings the doorbell, but it's our twenty-fifth anniversary."
411,1239,8,12,99,119,1.2352941176470589,0.05161662599710533,663,"I know you asked for vegan but we're actually pescatarian."""
3055,1239,4,20,95,119,1.2352941176470589,0.04576632677128508,663,If you could dim the lights this would be more romantic.
739,1239,6,16,97,119,1.2352941176470589,0.04877926170751816,663,It’s little plastic tables all the way down!
1130,1239,6,16,97,119,1.2352941176470589,0.04877926170751816,663,The Wi-Fi in here really sucks.
1219,1239,6,16,97,119,1.2352941176470589,0.04877926170751816,663,Do you mind? We were having a moment.
1344,1239,3,22,94,119,1.2352941176470589,0.04418287918231217,663,"We took really, really, tiny bites."
1554,1239,3,22,94,119,1.2352941176470589,0.04418287918231217,663,What are the specials tonight?
123,1239,2,24,93,119,1.2352941176470589,0.042540533136545704,663,"If you don't mind, this pizza's kinda personal."
1827,1239,5,18,96,119,1.2352941176470589,0.04729679185138561,663,"To be honest, it did say : Mini pizza for two..."
1903,1239,4,20,95,119,1.2352941176470589,0.04576632677128508,663,"Hello, we're the Pepperonis. Do you have any red wine?"
1967,1239,4,20,95,119,1.2352941176470589,0.04576632677128508,663,"May we see the dessert menu, please?"
2111,1239,3,22,94,119,1.2352941176470589,0.04418287918231217,663,I did warn you that binge-watching old Twilight Zones was risky.
2280,1239,4,20,95,119,1.2352941176470589,0.04576632677128508,663,Can we have a little privacy here?
2597,1239,4,20,95,119,1.2352941176470589,0.04576632677128508,663,Can we get some service here.
2685,1239,4,20,95,119,1.2352941176470589,0.04576632677128508,663,Do you mind? We were just having a moment here!
2773,1239,5,18,96,119,1.2352941176470589,0.04729679185138561,663,So sorry...we asked for a Giant sized
1765,1239,6,16,97,119,1.2352941176470589,0.04877926170751816,663,Hi! We’re Ted and Tina Topping
4544,1279,4,19,92,115,1.2347826086956522,0.046756644404553516,663,"Yeah, we ate your pizza, but you can keep the nice little plastic table."
2248,1279,4,19,92,115,1.2347826086956522,0.046756644404553516,663,Ever heard of knocking?
2635,1279,7,13,95,115,1.2347826086956522,0.0514183790085221,663,"When you ordered you said, ""Surprise me!"""
2858,1282,4,18,90,112,1.2321428571428572,0.04742762361243012,663,"Hey, let me look at those coupons again."
3815,1283,3,21,93,117,1.2307692307692308,0.04441155916843276,663,That’s not  right…… We ordered the vegetarian.
3606,1283,3,21,93,117,1.2307692307692308,0.04441155916843276,663,You requested a slice-of-life dining experience.
3630,1283,4,19,94,117,1.2307692307692308,0.046040729838903914,663,And you thought it was just to hold up the box top.
3683,1283,5,17,95,117,1.2307692307692308,0.04761418927616715,663,"Yeah... Well... we were shut in a box, zipped up in a bag, and thrown in the back of van so we will be taking our time to finish.  And yes we ate your cheesy bread”."
3760,1283,7,13,97,117,1.2307692307692308,0.05061457747608033,663,"Well, you did order shrimp on your pizza."
3818,1283,2,23,92,117,1.2307692307692308,0.04272030397180561,663,You didn't think our table was used only as a pizza saver?
3963,1283,4,19,94,117,1.2307692307692308,0.046040729838903914,663,"Hi, we’re the Pepperonis! And you must be the party at 412 East 53rd."
3834,1283,5,17,95,117,1.2307692307692308,0.04761418927616715,663,Did you order two small ones?
3847,1283,3,21,93,117,1.2307692307692308,0.04441155916843276,663,Its been 30 minutes since we’ve seen anyone; some more wine please?
3863,1283,4,19,94,117,1.2307692307692308,0.046040729838903914,663,Use spellcheck next time!  This is a piazza!
3876,1283,2,23,92,117,1.2307692307692308,0.04272030397180561,663,"It's okay, we're Italian."
3944,1283,4,19,94,117,1.2307692307692308,0.046040729838903914,663,You ordered The Fractal?
3500,1283,2,23,92,117,1.2307692307692308,0.04272030397180561,663,This tiny house thing has gotten WAY out of hand!
3826,1283,5,17,95,117,1.2307692307692308,0.04761418927616715,663,Those transporter settings are whacky again Scotty!
3493,1283,5,17,95,117,1.2307692307692308,0.04761418927616715,663,Did you order a few toppings or a couple of toppings?
2863,1283,2,23,92,117,1.2307692307692308,0.04272030397180561,663,Could we have a little wine
3303,1283,4,19,94,117,1.2307692307692308,0.046040729838903914,663,"A big pizza pie, that's amore."
2768,1283,5,17,95,117,1.2307692307692308,0.04761418927616715,663,"First the place isn’t gluten free, now this?"
2770,1283,5,17,95,117,1.2307692307692308,0.04761418927616715,663,I always wondered what those little things were for...
2820,1283,3,21,93,117,1.2307692307692308,0.04441155916843276,663,"I mean, I guess we could share."
2834,1283,5,17,95,117,1.2307692307692308,0.04761418927616715,663,I'm not so sure about this sharing economy thing anymore
3976,1283,4,19,94,117,1.2307692307692308,0.046040729838903914,663,"What company did you call, again?"
2865,1283,4,19,94,117,1.2307692307692308,0.046040729838903914,663,"Despite being left out of the economy, we little people have to eat too."
3430,1283,3,21,93,117,1.2307692307692308,0.04441155916843276,663,We're celebrating a small promotion.
2887,1283,6,15,96,117,1.2307692307692308,0.04913728967652168,663,"I knew that little piece of plastic was actually a dining table, you just have to open the pizza carton quickly enough..."
2982,1283,3,21,93,117,1.2307692307692308,0.04441155916843276,663,"The kids were right, it is a table!"
3018,1283,5,17,95,117,1.2307692307692308,0.04761418927616715,663,"Yes, you've opened the pizza dimension. It's a dimension not of sight and sound, but one of bizarre toppings."
3035,1283,4,19,94,117,1.2307692307692308,0.046040729838903914,663,"It's about time! Can you Instagram this moment for us, please?"
3056,1283,3,21,93,117,1.2307692307692308,0.04441155916843276,663,¨I`ll have a vodka tonic hold the ice and make it quick we´ve only got the baby sitter till 11¨
3112,1283,6,15,96,117,1.2307692307692308,0.04913728967652168,663,Do you mind? You're really killing the ambience.
3253,1283,6,15,96,117,1.2307692307692308,0.04913728967652168,663,"Chuck and Emily Best, here. We understand you've tried all the rest."
2907,1283,7,13,97,117,1.2307692307692308,0.05061457747608033,663,I wondered why he said 'Sardinians'...
4048,1283,2,23,92,117,1.2307692307692308,0.04272030397180561,663,"We are the shadows of things that have been, ghosts of date nights past."
4432,1283,3,21,93,117,1.2307692307692308,0.04441155916843276,663,"We knew the reduction sauce sounded weird, but at least the table doesn't wobble."
4080,1283,5,17,95,117,1.2307692307692308,0.04761418927616715,663,I could ask you the same thing
5095,1283,4,19,94,117,1.2307692307692308,0.046040729838903914,663,Oh c'mon! Do you know how long it took to find chairs to match these free tables?
5066,1283,3,21,93,117,1.2307692307692308,0.04441155916843276,663,"Next time, honey, let's think of date ideas outside the box."
5025,1283,3,21,93,117,1.2307692307692308,0.04441155916843276,663,"I know, it was $2.50 extra."
5004,1283,4,19,94,117,1.2307692307692308,0.046040729838903914,663,Which one of you is our sommelier?
4990,1283,4,19,94,117,1.2307692307692308,0.046040729838903914,663,"And topping of the day to you, too."
4942,1283,4,19,94,117,1.2307692307692308,0.046040729838903914,663,I was certain we ordered veggie.
4920,1283,2,23,92,117,1.2307692307692308,0.04272030397180561,663,They're dining in.
4857,1283,2,23,92,117,1.2307692307692308,0.04272030397180561,663,How did you hear about this place?
4763,1283,3,21,93,117,1.2307692307692308,0.04441155916843276,663,I'm sorry but we made a reservation ages ago.
4750,1283,3,21,93,117,1.2307692307692308,0.04441155916843276,663,"I don't know why you look surprised, we ordered out."
4747,1283,6,15,96,117,1.2307692307692308,0.04913728967652168,663,"Oh! You asked for a little salami, not a little sommelier on your pizza. Sorry about that"
4740,1283,4,19,94,117,1.2307692307692308,0.046040729838903914,663,"Honey, I thought we were going to try mushrooms for a change."
4735,1283,4,19,94,117,1.2307692307692308,0.046040729838903914,663,"Ahem, this was supposed to be a personal pan pizza!"
4694,1283,2,23,92,117,1.2307692307692308,0.04272030397180561,663,I ordered a large. Not a personal.
4672,1283,5,17,95,117,1.2307692307692308,0.04761418927616715,663,Are we dining in or eating out?
4634,1283,5,17,95,117,1.2307692307692308,0.04761418927616715,663,We got it first.
4524,1283,5,17,95,117,1.2307692307692308,0.04761418927616715,663,Who you callin' extra large?
4108,1283,5,17,95,117,1.2307692307692308,0.04761418927616715,663,You ordered the party pizza?
4140,1283,3,21,93,117,1.2307692307692308,0.04441155916843276,663,The service here is awful.
4274,1283,2,23,92,117,1.2307692307692308,0.04272030397180561,663,"If you see the waiter, we're still waiting for our breadsticks too."
4327,1283,6,15,96,117,1.2307692307692308,0.04913728967652168,663,"Sweetie, Look up..."
4332,1283,2,23,92,117,1.2307692307692308,0.04272030397180561,663,"You ordered a large with everything, right'?"
4348,1283,4,19,94,117,1.2307692307692308,0.046040729838903914,663,"Could you shut the lid, I'm about to propose!"
4062,1283,3,21,93,117,1.2307692307692308,0.04441155916843276,663,What was in the cannibis?
4394,1283,4,19,94,117,1.2307692307692308,0.046040729838903914,663,"Jim, I told you to order a couple of pizzas, not a couple pizza."
4430,1283,4,19,94,117,1.2307692307692308,0.046040729838903914,663,Can I get another drop of the house Cabernet
2750,1283,3,21,93,117,1.2307692307692308,0.04441155916843276,663,"What up, home slice?"
4450,1283,4,19,94,117,1.2307692307692308,0.046040729838903914,663,Not what I meant by “plain.”
4458,1283,1,25,91,117,1.2307692307692308,0.040959274348012276,663,"She's Pepper and I'm Ron. Now if you don't mind, we are in the middle of something here"
4472,1283,4,19,94,117,1.2307692307692308,0.046040729838903914,663,"Honey, I thought we ordered pepperoni..."
4477,1283,2,23,92,117,1.2307692307692308,0.04272030397180561,663,"Honey the look on their faces is priceless, this is definitely the ultimate food experience!"
4413,1283,5,17,95,117,1.2307692307692308,0.04761418927616715,663,They ate all the sausage.
2726,1283,1,25,91,117,1.2307692307692308,0.040959274348012276,663,"If you care to join us, we can change to a large."
2992,1283,5,17,95,117,1.2307692307692308,0.04761418927616715,663,"Second thoughts about the Meat Lovers Special, eh?"
2686,1283,4,19,94,117,1.2307692307692308,0.046040729838903914,663,You ordered a cheesy couple?
957,1283,3,21,93,117,1.2307692307692308,0.04441155916843276,663,"Way to ruin the mood, fellas."
949,1283,3,21,93,117,1.2307692307692308,0.04441155916843276,663,I told you it was a small restaurant.
944,1283,5,17,95,117,1.2307692307692308,0.04761418927616715,663,They said you ordered a couple of toppings.
935,1283,2,23,92,117,1.2307692307692308,0.04272030397180561,663,We said “to go” not “two to go.”
870,1283,4,19,94,117,1.2307692307692308,0.046040729838903914,663,Is it hard to think outside the box?
852,1283,4,19,94,117,1.2307692307692308,0.046040729838903914,663,"Sorry, honey. When they said every kind of meat I didn't think it would be this... awkward."
844,1283,2,23,92,117,1.2307692307692308,0.04272030397180561,663,"Sorry, we already reserved this table."
810,1283,3,21,93,117,1.2307692307692308,0.04441155916843276,663,"One minute we were playing ""Wheel of Fortune"" and the next minute we're here."
684,1283,4,19,94,117,1.2307692307692308,0.046040729838903914,663,That’s the last time I call Little Caesars
682,1283,3,21,93,117,1.2307692307692308,0.04441155916843276,663,I'm afraid we ate all the anchovies.
664,1283,4,19,94,117,1.2307692307692308,0.046040729838903914,663,It's tough getting a table in Manhattan!
654,1283,4,19,94,117,1.2307692307692308,0.046040729838903914,663,We are the Pepperoni's
651,1283,4,19,94,117,1.2307692307692308,0.046040729838903914,663,"It's what you get when you order Li'l Caesars...pizza, pizza."
642,1283,5,17,95,117,1.2307692307692308,0.04761418927616715,663,Is it closing time already
617,1283,5,17,95,117,1.2307692307692308,0.04761418927616715,663,I thought we ordered pepperoni.
594,1283,3,21,93,117,1.2307692307692308,0.04441155916843276,663,Do you mind? This is an intimate conversation.
586,1283,1,25,91,117,1.2307692307692308,0.040959274348012276,663,Are you the Millers?   We are supposed to have dinner with the Millers!
17,1283,5,17,95,117,1.2307692307692308,0.04761418927616715,663,"It says right in our ad, “the taste of Little Italy in every pizza.”"
24,1283,5,17,95,117,1.2307692307692308,0.04761418927616715,663,I knew someday it would happen.
265,1283,3,21,93,117,1.2307692307692308,0.04441155916843276,663,"Hi, we're the Anchovies. I'm John and this is Mary."
313,1283,7,13,97,117,1.2307692307692308,0.05061457747608033,663,I don't think we are in Kansas anymore
317,1283,2,23,92,117,1.2307692307692308,0.04272030397180561,663,"As long as you're here, could you get us another bottle of the Chardonnay?"
323,1283,4,19,94,117,1.2307692307692308,0.046040729838903914,663,"Maybe you ordered take-out, but we're eating in."
979,1283,6,15,96,117,1.2307692307692308,0.04913728967652168,663,NYC apartments are getting smaller and smaller
336,1283,1,25,91,117,1.2307692307692308,0.040959274348012276,663,Do you mind? This pizza table is reserved.
468,1283,2,23,92,117,1.2307692307692308,0.04272030397180561,663,Are you taking Groupon tonight?
472,1283,5,17,95,117,1.2307692307692308,0.04761418927616715,663,"Oh my God...""
""Yeah, they forgot the fucking olives again."
2708,1283,4,19,94,117,1.2307692307692308,0.046040729838903914,663,This is your first order from Cracker Jack Pizza isn't it ?
505,1283,5,17,95,117,1.2307692307692308,0.04761418927616715,663,"Hello, we are Mr. and Mrs. Pepperoni."
570,1283,3,21,93,117,1.2307692307692308,0.04441155916843276,663,Looks like we're having the neighbors for dinner tonight!
572,1283,4,19,94,117,1.2307692307692308,0.046040729838903914,663,We’re trying to be mindful of portion size.
453,1283,4,19,94,117,1.2307692307692308,0.046040729838903914,663,I'm guessing you didn't read the fine print when you ordered the dinner for two.
1019,1283,2,23,92,117,1.2307692307692308,0.04272030397180561,663,"Well, you asked for the meat lovers pie, and we're the meat lovers!"
494,1283,3,21,93,117,1.2307692307692308,0.04441155916843276,663,"The sign said, 'Please Seat Yourself.'"
1096,1283,5,17,95,117,1.2307692307692308,0.04761418927616715,663,Do you know how hard it is to get a decent table here?
2588,1283,3,21,93,117,1.2307692307692308,0.04441155916843276,663,"Don't mind us. We're just here to prevent the box top from smashing into the pizza.  Go ahead, dig in!"
2490,1283,5,17,95,117,1.2307692307692308,0.04761418927616715,663,It happens when we're exposed to heat.
2475,1283,4,19,94,117,1.2307692307692308,0.046040729838903914,663,May I ask a small favor?
2437,1283,5,17,95,117,1.2307692307692308,0.04761418927616715,663,"We ordered Pizza Surprise. Did you order it, too?"
2370,1283,3,21,93,117,1.2307692307692308,0.04441155916843276,663,Could we move please? This table feels sort of boxed in.
2324,1283,3,21,93,117,1.2307692307692308,0.04441155916843276,663,"We combined Uber and Uber eats."""
2271,1283,3,21,93,117,1.2307692307692308,0.04441155916843276,663,I'll have the Petit Syrah
2261,1283,4,19,94,117,1.2307692307692308,0.046040729838903914,663,"I'm sorry, we've been waiting longer than you."
2119,1283,4,19,94,117,1.2307692307692308,0.046040729838903914,663,They forgot to add olives again
1968,1283,2,23,92,117,1.2307692307692308,0.04272030397180561,663,Ummmm... Are they edible?
1952,1283,1,25,91,117,1.2307692307692308,0.040959274348012276,663,We're the two-for-one special.
1032,1283,3,21,93,117,1.2307692307692308,0.04441155916843276,663,Do you mind? It's personal.
1841,1283,7,13,97,117,1.2307692307692308,0.05061457747608033,663,We’re time travelers from when the earth was believed to be flatbread.”
1809,1283,5,17,95,117,1.2307692307692308,0.04761418927616715,663,I ordered margarita with pepperoni not margarita with peopleonit
1790,1283,3,21,93,117,1.2307692307692308,0.04441155916843276,663,So you mind! We waited an hour for this table.
1898,1283,4,19,94,117,1.2307692307692308,0.046040729838903914,663,You're taller than the first waiter we had. So where's our order?
1479,1283,4,19,94,117,1.2307692307692308,0.046040729838903914,663,Last thing we remember was goin' to 'Aladdin'--and later talkin' about downsizing over takeout.
1122,1283,3,21,93,117,1.2307692307692308,0.04441155916843276,663,Did you check inside the box before you paid for it?
1138,1283,5,17,95,117,1.2307692307692308,0.04761418927616715,663,I really hope you're vegans.
1153,1283,5,17,95,117,1.2307692307692308,0.04761418927616715,663,We asked for a table in the 'Twilight Zone' section.
1170,1283,7,13,97,117,1.2307692307692308,0.05061457747608033,663,Did you tip the delivery boy?
1577,1283,3,21,93,117,1.2307692307692308,0.04441155916843276,663,do you mind? we are kind of in the middle of something
1228,1283,5,17,95,117,1.2307692307692308,0.04761418927616715,663,"Look, dumbass, I’m tired and I have a very thin crust. Just bring us some menus!"
1248,1283,6,15,96,117,1.2307692307692308,0.04913728967652168,663,"Uh Oh, I think they forgot to unzip the compressed file from the online order before they delivered it."
1172,1283,4,19,94,117,1.2307692307692308,0.046040729838903914,663,While racing to beat the 30 minute deadline we accidentally tore the space-time continuum.
1318,1283,6,15,96,117,1.2307692307692308,0.04913728967652168,663,Just be thankful you didn't order pad thai.
1396,1283,4,19,94,117,1.2307692307692308,0.046040729838903914,663,You ordered with an extra couple toppings?
1411,1283,4,19,94,117,1.2307692307692308,0.046040729838903914,663,"Jack and Carol Pepperoni, and you?"
1445,1283,6,15,96,117,1.2307692307692308,0.04913728967652168,663,"Not to worry, we're Italian."
1462,1283,3,21,93,117,1.2307692307692308,0.04441155916843276,663,"They forgot the anchovies, again!"
1467,1283,7,13,97,117,1.2307692307692308,0.05061457747608033,663,Waiter. We'll take the Chianti while we're waiting for our pizza.
1275,1283,4,19,94,117,1.2307692307692308,0.046040729838903914,663,You wouldn't happen to have an appropriately-sized bottle of wine?
4489,1420,2,22,89,113,1.2300884955752212,0.043562968573791494,663,I told you we should've stayed in!
2179,1421,3,19,87,109,1.2293577981651376,0.046328004304413195,663,It’s their date night special.
2572,1422,2,23,93,118,1.228813559322034,0.0424018443677596,663,One couple's take out is another couple's dining in.
3471,1422,4,19,95,118,1.228813559322034,0.04569075955897573,663,I ordered from that new “Eat-In Pizza” in joint.
3969,1424,5,16,93,114,1.2280701754385965,0.04831437140849907,663,Do you mind?  We're having a private conversation.
4074,1424,5,16,93,114,1.2280701754385965,0.04831437140849907,663,"Il menu ha detto sorpresa italiana per due. Allora eccoci qua. 
Buon appetito."
4362,1424,2,22,90,114,1.2280701754385965,0.04322629175887577,663,"And, in spite of all that, neither of us spilled a drop."
4637,1424,4,18,92,114,1.2280701754385965,0.04668000738510451,663,We'll take the cheque
5046,1424,3,20,91,114,1.2280701754385965,0.04498630563125218,663,Like you can’t afford to skip a meal.
4873,1424,2,22,90,114,1.2280701754385965,0.04322629175887577,663,We specifically requested a table al fresco.
4971,1424,2,22,90,114,1.2280701754385965,0.04322629175887577,663,I think they mixed up our orders.
3682,1424,4,18,92,114,1.2280701754385965,0.04668000738510451,663,Perhaps ‘cardamom and date’ was an overventuresome choice of topping.
4855,1424,2,22,90,114,1.2280701754385965,0.04322629175887577,663,We've finished.  Would you please bring the check?
2576,1424,3,20,91,114,1.2280701754385965,0.04498630563125218,663,Dominoes meets the twilight zone
622,1424,5,16,93,114,1.2280701754385965,0.04831437140849907,663,"Well, I don't think that combining anchovies and pineapple is right, either."
2309,1424,4,18,92,114,1.2280701754385965,0.04668000738510451,663,You asked for meat lovers.
1615,1424,5,16,93,114,1.2280701754385965,0.04831437140849907,663,It's not Dijiorno and it wasn't meant to be delivered to you!
1233,1424,3,20,91,114,1.2280701754385965,0.04498630563125218,663,It seems like the portions just keep getting smaller.
1046,1424,2,22,90,114,1.2280701754385965,0.04322629175887577,663,"I asked for extra mini peppers, not Mr. & Mrs. Minipepper."
1016,1424,3,20,91,114,1.2280701754385965,0.04498630563125218,663,Is there NO privacy!!
669,1424,4,18,92,114,1.2280701754385965,0.04668000738510451,663,Pizz-off
515,1424,2,22,90,114,1.2280701754385965,0.04322629175887577,663,Do you mind?  This is a party for two.
105,1424,4,18,92,114,1.2280701754385965,0.04668000738510451,663,What? You've never heard of Lillipizza?
2425,1424,3,20,91,114,1.2280701754385965,0.04498630563125218,663,"Hi, we’re Bob and Nancy Pepperoni – I’m guessing we’re not exactly what you had in mind."
3761,1444,3,18,86,107,1.2242990654205608,0.046587689789030155,663,"Well, you did order from Little Italy."
3029,1445,2,21,89,112,1.2232142857142858,0.04340298844712003,663,"We, too, were disappointed they forgot the pizza."
3247,1445,5,15,92,112,1.2232142857142858,0.04864611894865116,663,Congratulations! You're the one millionth customer.
3287,1445,2,21,89,112,1.2232142857142858,0.04340298844712003,663,Surprise!  It’s pizza for two in an intimate setting.
3417,1445,3,19,90,112,1.2232142857142858,0.045218299028335816,663,The hostess told us the table was available until 8:00pm.
3467,1445,4,17,91,112,1.2232142857142858,0.046963493565653276,663,You did order the surprise topping!
2898,1445,1,23,88,112,1.2232142857142858,0.04150836355803098,663,Do you mind? We're having a moment here.
3657,1445,3,19,90,112,1.2232142857142858,0.045218299028335816,663,I hope this isn't an expiration date
4100,1445,2,21,89,112,1.2232142857142858,0.04340298844712003,663,I guess one couple’s piazza is another couple’s pizza.
4117,1445,3,19,90,112,1.2232142857142858,0.045218299028335816,663,A little privacy would be nice.
4155,1445,4,17,91,112,1.2232142857142858,0.046963493565653276,663,Just to remind you about portion control.
4557,1445,3,19,90,112,1.2232142857142858,0.045218299028335816,663,"You ordered the ""Couples Special."""
4333,1445,4,17,91,112,1.2232142857142858,0.046963493565653276,663,"You ordered a pizza with everything on it. 
I’m Harry Everything and this my wife Lois."
4388,1445,5,15,92,112,1.2232142857142858,0.04864611894865116,663,Mushrooms on pizza warp one's perspective.
4545,1445,5,15,92,112,1.2232142857142858,0.04864611894865116,663,I see Sal's has really gotten clever with their gourmet toppings.
4685,1445,0,25,87,112,1.2232142857142858,0.0395230196770251,663,I'm Mozzarella and this is my wife Olive.
4718,1445,4,17,91,112,1.2232142857142858,0.046963493565653276,663,It’s pepperoni all the way down.
4748,1445,3,19,90,112,1.2232142857142858,0.045218299028335816,663,You ordered a vegetarian pizza: we're vegetarians.
4797,1445,4,17,91,112,1.2232142857142858,0.046963493565653276,663,We qualify as everything.
4832,1445,3,19,90,112,1.2232142857142858,0.045218299028335816,663,We are celebrating not being in a calzone.
2816,1445,1,23,88,112,1.2232142857142858,0.04150836355803098,663,How about waiting until I give her the engagement ring?
4239,1445,3,19,90,112,1.2232142857142858,0.045218299028335816,663,The pizza was great. Let us finish our wine.
2697,1445,3,19,90,112,1.2232142857142858,0.045218299028335816,663,Can we sit at the minibar instead?
2022,1445,1,23,88,112,1.2232142857142858,0.04150836355803098,663,"Close the lid, she just cut the cheese"
2520,1445,4,17,91,112,1.2232142857142858,0.046963493565653276,663,Mr. and Mrs. Anchovy?
2540,1445,4,17,91,112,1.2232142857142858,0.046963493565653276,663,"The Airbnb listing specifically said, 'Don't open the pizza box.'"
15,1445,4,17,91,112,1.2232142857142858,0.046963493565653276,663,They were out of anchovies.
329,1445,1,23,88,112,1.2232142857142858,0.04150836355803098,663,It was the only table available.
1006,1445,4,17,91,112,1.2232142857142858,0.046963493565653276,663,You don't know pizza until you've squished it beneath your toes.
1008,1445,5,15,92,112,1.2232142857142858,0.04864611894865116,663,"All right, we’re part of the food chain - but could we have an appetizer before we become one?"
1036,1445,4,17,91,112,1.2232142857142858,0.046963493565653276,663,You ruined the moment!
1072,1445,4,17,91,112,1.2232142857142858,0.046963493565653276,663,Hey!  I'm trying to propose here!  Do you mind?
1226,1445,4,17,91,112,1.2232142857142858,0.046963493565653276,663,He forgot our anniversary again. This is the only table we could get.
1329,1445,3,19,90,112,1.2232142857142858,0.045218299028335816,663,I didn’t think Jack would still be in the box.
1384,1445,3,19,90,112,1.2232142857142858,0.045218299028335816,663,We know... this tiny house stuff has gone too far
257,1445,3,19,90,112,1.2232142857142858,0.045218299028335816,663,Hey! We're in the middle of something here!
1460,1445,3,19,90,112,1.2232142857142858,0.045218299028335816,663,Please set the lid down GENTLY!
1446,1445,3,19,90,112,1.2232142857142858,0.045218299028335816,663,"Excuse me, but can we get some pizza quiet?"
2323,1445,3,19,90,112,1.2232142857142858,0.045218299028335816,663,We were expecting the sommelier.
1917,1445,4,17,91,112,1.2232142857142858,0.046963493565653276,663,Another bottle of your house wine please...to go
2141,1445,3,19,90,112,1.2232142857142858,0.045218299028335816,663,"I don't know about you, but I'm gonna post one heck of a Yelp review."
1665,1445,3,19,90,112,1.2232142857142858,0.045218299028335816,663,So much for the private table.
1568,1445,4,17,91,112,1.2232142857142858,0.046963493565653276,663,care to join us for a slice?
1517,1445,2,21,89,112,1.2232142857142858,0.04340298844712003,663,Who orders dates on a pizza?
1835,1445,5,15,92,112,1.2232142857142858,0.04864611894865116,663,We wiped our shoes!
3744,1489,2,20,87,109,1.2201834862385321,0.043927546231223726,663,"Yes, we’re the Pepperonis. What’s your point?"
3711,1489,4,16,89,109,1.2201834862385321,0.047638415680113844,663,At least there isn't pineapple on it.
3490,1489,3,18,88,109,1.2201834862385321,0.045820562886151966,663,"To be honest, we were expecting something a little fancier and definitely more private."
3651,1489,5,14,90,109,1.2201834862385321,0.04938940487411066,663,Yours is in the oven....
3639,1489,3,18,88,109,1.2201834862385321,0.045820562886151966,663,We took a wrong turn in Little Italy.
3611,1489,4,16,89,109,1.2201834862385321,0.047638415680113844,663,"You know, pal, there's a big difference between ordering a couple Italian seasonings or a couple seasoned Italians!"""
3578,1489,3,18,88,109,1.2201834862385321,0.045820562886151966,663,Don't you just love the adventure of a progressive dinner?
3483,1489,3,18,88,109,1.2201834862385321,0.045820562886151966,663,"This new place really puts the ""meta"" in Mediterranean style."
3196,1489,4,16,89,109,1.2201834862385321,0.047638415680113844,663,"As your little voice, I'm asking you, for once, to lay off the pizza."
3319,1489,4,16,89,109,1.2201834862385321,0.047638415680113844,663,"Honey, did we order Betty and Steve in a deep dish or on thin crust?"
3301,1489,4,16,89,109,1.2201834862385321,0.047638415680113844,663,Last time I let you pick the toppings.
3090,1489,4,16,89,109,1.2201834862385321,0.047638415680113844,663,Did you folks order the small piazza?
3076,1489,3,18,88,109,1.2201834862385321,0.045820562886151966,663,I hope your floor is cleaner than ours.
3067,1489,2,20,87,109,1.2201834862385321,0.043927546231223726,663,They ran out of room in the lasagna so they moved our table here
3874,1489,3,18,88,109,1.2201834862385321,0.045820562886151966,663,It' a a puppetroni pizza.
2913,1489,2,20,87,109,1.2201834862385321,0.043927546231223726,663,I wonder what goes on when the lid is closed.
3406,1489,2,20,87,109,1.2201834862385321,0.043927546231223726,663,They said we can have the table until 7:00.
3889,1489,4,16,89,109,1.2201834862385321,0.047638415680113844,663,"Yeah, well, you can’t be as unhappy as we are about this."
4414,1489,3,18,88,109,1.2201834862385321,0.045820562886151966,663,It definitely beats living in a matchbox.
4042,1489,0,24,85,109,1.2201834862385321,0.03987279758533729,663,"C’mon, you gotta start thinking outside of the box."
5048,1489,3,18,88,109,1.2201834862385321,0.045820562886151966,663,We can’t always be sitting on top of wedding cakes.
5000,1489,3,18,88,109,1.2201834862385321,0.045820562886151966,663,There’s always a catch when they say zero calories.
4918,1489,5,14,90,109,1.2201834862385321,0.04938940487411066,663,We’re the upper crust topping
4708,1489,3,18,88,109,1.2201834862385321,0.045820562886151966,663,Maybe we shouldn't have ordered the Fantastic Voyage pizza.
4621,1489,2,20,87,109,1.2201834862385321,0.043927546231223726,663,"Oh man, they forgot the garlic butter!"
4604,1489,5,14,90,109,1.2201834862385321,0.04938940487411066,663,Are you sure this is vegan?
4603,1489,3,18,88,109,1.2201834862385321,0.045820562886151966,663,"The order said, dinner for two"
4520,1489,4,16,89,109,1.2201834862385321,0.047638415680113844,663,Does this look like a free table to you?
2910,1489,4,16,89,109,1.2201834862385321,0.047638415680113844,663,The delivery driver got it wrong again!
4347,1489,3,18,88,109,1.2201834862385321,0.045820562886151966,663,We're here to provide ambiance
4345,1489,2,20,87,109,1.2201834862385321,0.043927546231223726,663,Sorry.  We'd asked  for a little vino on the piazza.
4341,1489,3,18,88,109,1.2201834862385321,0.045820562886151966,663,Happy birthday dear Gulliver... happy birthday to you!
4320,1489,3,18,88,109,1.2201834862385321,0.045820562886151966,663,"It's not delivery, it's a reminder of your stale marriage."
4256,1489,4,16,89,109,1.2201834862385321,0.047638415680113844,663,Do you how hard it is to book a table this size?
4255,1489,6,12,91,109,1.2201834862385321,0.05108040699844056,663,You need a lot of dough to dine here.
4188,1489,1,22,86,109,1.2201834862385321,0.041949191322226805,663,"Which part of  ""immersive dining experience"" don't you understand?"
4111,1489,4,16,89,109,1.2201834862385321,0.047638415680113844,663,"Hurry up and order another pizza, we're starving."
4002,1489,2,20,87,109,1.2201834862385321,0.043927546231223726,663,Do you have any hot sauce?
2879,1489,7,10,92,109,1.2201834862385321,0.05271719495984061,663,Well this tops everything!
5013,1489,3,18,88,109,1.2201834862385321,0.045820562886151966,663,You guys get out more than we do.
2828,1489,3,18,88,109,1.2201834862385321,0.045820562886151966,663,You ruined the lighting
1403,1489,3,18,88,109,1.2201834862385321,0.045820562886151966,663,"You wouldn't have a few drops of Chianti?"""
1196,1489,2,20,87,109,1.2201834862385321,0.043927546231223726,663,"You ordered the ‘shroom topping, right?"
1171,1489,4,16,89,109,1.2201834862385321,0.047638415680113844,663,"Oh, you wanted a small, MEAT lovers."
1117,1489,2,20,87,109,1.2201834862385321,0.043927546231223726,663,Do you mind? We're still waiting for our appetizers.
999,1489,1,22,86,109,1.2201834862385321,0.041949191322226805,663,"You took more than thirty minutes, so our dinner is free."
920,1489,4,16,89,109,1.2201834862385321,0.047638415680113844,663,Alternate universe?
808,1489,5,14,90,109,1.2201834862385321,0.04938940487411066,663,I distinctly said we want a table on the piazza.
750,1489,5,14,90,109,1.2201834862385321,0.04938940487411066,663,So that's what it's for.
687,1489,4,16,89,109,1.2201834862385321,0.047638415680113844,663,"Hey, it's New York."
444,1489,3,18,88,109,1.2201834862385321,0.045820562886151966,663,Finally! I'd like to speak to the manager; we had to eat the carpet or we would have starved!
431,1489,5,14,90,109,1.2201834862385321,0.04938940487411066,663,"Hey, close the lid! You are ruining the ambiance."
275,1489,6,12,91,109,1.2201834862385321,0.05108040699844056,663,These Airbnbs are getting weirder and weirder
167,1489,6,12,91,109,1.2201834862385321,0.05108040699844056,663,I'm Pepperoni. She's Extra Cheese.
114,1489,3,18,88,109,1.2201834862385321,0.045820562886151966,663,Trust me. We are equally confused.
79,1489,3,18,88,109,1.2201834862385321,0.045820562886151966,663,"Didn't I say 'no toppings'"""
13,1489,4,16,89,109,1.2201834862385321,0.047638415680113844,663,"Technically we're a topping, why?"
2829,1489,1,22,86,109,1.2201834862385321,0.041949191322226805,663,I can’t believe they seated us by the kitchen.
1452,1489,3,18,88,109,1.2201834862385321,0.045820562886151966,663,"Well, at the time we thought ""Downsizing"" was unrealistic."
1486,1489,6,12,91,109,1.2201834862385321,0.05108040699844056,663,We just can't stay away from these little plastic tables.
1165,1489,4,16,89,109,1.2201834862385321,0.047638415680113844,663,Can we see a dessert menu?
1749,1489,1,22,86,109,1.2201834862385321,0.041949191322226805,663,"So we finally find some matching chairs, and now this happens ...”"
2762,1489,3,18,88,109,1.2201834862385321,0.045820562886151966,663,It's a little Italian restaurant in every box.
2674,1489,2,20,87,109,1.2201834862385321,0.043927546231223726,663,Oops!
2658,1489,3,18,88,109,1.2201834862385321,0.045820562886151966,663,"It’s not delivery, it’s Dine-In."
1566,1489,3,18,88,109,1.2201834862385321,0.045820562886151966,663,Did you order a Lilliput topping?
2518,1489,4,16,89,109,1.2201834862385321,0.047638415680113844,663,Could you repeat today's specials?
2458,1489,5,14,90,109,1.2201834862385321,0.04938940487411066,663,I think you two really ought to consider something other than pizza for dinner tonight.
2428,1489,4,16,89,109,1.2201834862385321,0.047638415680113844,663,We asked for home delivery.
2335,1489,4,16,89,109,1.2201834862385321,0.047638415680113844,663,Please put the ceiling back!
2298,1489,3,18,88,109,1.2201834862385321,0.045820562886151966,663,It's time for the pizza de resistance.
2640,1489,8,8,93,109,1.2201834862385321,0.05430467115949929,663,"Take another little pizza my heart now baby"" . ."
2193,1489,5,14,90,109,1.2201834862385321,0.04938940487411066,663,"Oh good, they did not forget the anchovies."
2120,1489,5,14,90,109,1.2201834862385321,0.04938940487411066,663,"Oh, thank God. Would you be a mate and top me off. I am having the Merlot."
2058,1489,2,20,87,109,1.2201834862385321,0.043927546231223726,663,They forgot the cheese.
2044,1489,4,16,89,109,1.2201834862385321,0.047638415680113844,663,We”ll take it. What’s the rent?
2262,1489,4,16,89,109,1.2201834862385321,0.047638415680113844,663,Miniaturize yourselves and join us.
2034,1489,4,16,89,109,1.2201834862385321,0.047638415680113844,663,The floor is sticky.
1890,1489,5,14,90,109,1.2201834862385321,0.04938940487411066,663,Hi. Here's your pizza from Lilliputian's on 8th.
1829,1489,3,18,88,109,1.2201834862385321,0.045820562886151966,663,"Just cut them a bitty slice, how much can they eat?"
1077,1569,5,14,91,110,1.2181818181818183,0.04897926946849812,663,"Hey!
We're talkin' here!
We're talkin' here!"
1042,1569,3,18,89,110,1.2181818181818183,0.04544620440567174,663,"We can't tell if it's an eye or a duck's head either, but it's one creepy pizza box lid."
2568,1571,4,15,88,107,1.2149532710280373,0.04793024780990183,663,You ordered the small.
4851,1571,1,21,85,107,1.2149532710280373,0.04205117626598721,663,We bought the immersive experience.
4779,1571,2,19,86,107,1.2149532710280373,0.044098040416874346,663,"Why do people say that they just want a little Peppe or Ronnie, then act surprised when we get here?"
4660,1571,2,19,86,107,1.2149532710280373,0.044098040416874346,663,You're not our waiter!!
4344,1571,4,15,88,107,1.2149532710280373,0.04793024780990183,663,All I'm going to say is that they shouldn't have built the nuclear power plant and pizza table factory next to each other.
4254,1571,5,13,89,107,1.2149532710280373,0.049735745680282675,663,That's Amore
3903,1571,2,19,86,107,1.2149532710280373,0.044098040416874346,663,I didn’t order two toppings!
3551,1571,1,21,85,107,1.2149532710280373,0.04205117626598721,663,We are here to personalize your pizza.
3106,1571,4,15,88,107,1.2149532710280373,0.04793024780990183,663,I hope they didn't order the meat lovers special.
2116,1571,3,17,87,107,1.2149532710280373,0.04605402166872554,663,You ordered the small special. What were you expecting?
1616,1571,3,17,87,107,1.2149532710280373,0.04605402166872554,663,Do you mind? We're waiting for our toppings.
1801,1571,3,17,87,107,1.2149532710280373,0.04605402166872554,663,"Whew, thanks for opening the box! It was as hot as an oven in here!"
2027,1571,5,13,89,107,1.2149532710280373,0.049735745680282675,663,Were you raised in a barn?
332,1571,3,17,87,107,1.2149532710280373,0.04605402166872554,663,'It was the only way we could get you to visit us.'
598,1571,4,15,88,107,1.2149532710280373,0.04793024780990183,663,"Ugh, I specifically said vegetarian."
799,1571,3,17,87,107,1.2149532710280373,0.04605402166872554,663,Get the feeling there is a whole world out there we know nothing about?
502,1571,2,19,86,107,1.2149532710280373,0.044098040416874346,663,Looks like they mixed up our Uber Eats order.
1202,1571,3,17,87,107,1.2149532710280373,0.04605402166872554,663,Looks like we were delivered to the wrong address
1529,1571,2,19,86,107,1.2149532710280373,0.044098040416874346,663,It's a Chateau Petrus 2015 Bordeaux. You did order the special topping?
1720,1571,1,21,85,107,1.2149532710280373,0.04205117626598721,663,Looks like it needs a bit longer in the oven.
1010,1571,7,9,91,107,1.2149532710280373,0.05316310642620569,663,"It's the Omnivore's Dilemma, extra mushrooms."
3730,1592,3,16,85,104,1.2115384615384615,0.046684465360827584,663,Good pizza - can we get two more glasses of wine?
3571,1592,4,14,86,104,1.2115384615384615,0.04864304475885961,663,It seemed cozier than the Airbnb hat box on 74th and Park.
3596,1592,2,18,84,104,1.2115384615384615,0.04464003593905589,663,It's actually a pretty good price for a Brooklyn studio!
3649,1592,3,16,85,104,1.2115384615384615,0.046684465360827584,663,You seem to have taken our table....
3659,1592,3,16,85,104,1.2115384615384615,0.046684465360827584,663,Grub Hub?
3675,1592,2,18,84,104,1.2115384615384615,0.04464003593905589,663,Let’s just say he won’t be slicing pizzas again anytime soon.
3762,1592,4,14,86,104,1.2115384615384615,0.04864304475885961,663,They call it an ‘immersive dining experience.’
3916,1592,2,18,84,104,1.2115384615384615,0.04464003593905589,663,"And you’re in a pizza, too!"
3830,1592,5,12,87,104,1.2115384615384615,0.05052575878498539,663,Well.. What did you think Family Style meant?
3895,1592,3,16,85,104,1.2115384615384615,0.046684465360827584,663,Do you deliver? We need a ride home.
3564,1592,2,18,84,104,1.2115384615384615,0.04464003593905589,663,The crust is just too thick for us.
3932,1592,2,18,84,104,1.2115384615384615,0.04464003593905589,663,We'd love to have you join us.
3989,1592,1,20,83,104,1.2115384615384615,0.042497368286213824,663,Two more glasses of Chianti please.
3993,1592,4,14,86,104,1.2115384615384615,0.04864304475885961,663,"We’d like a bottle of your best Chianti, please."
4018,1592,4,14,86,104,1.2115384615384615,0.04864304475885961,663,That little plastic thingy looked like a table to us!
3805,1592,4,14,86,104,1.2115384615384615,0.04864304475885961,663,I ordered cheese lovers delight not cheese lovers fight
3463,1592,3,16,85,104,1.2115384615384615,0.046684465360827584,663,You ordered the party for two special ?
3288,1592,3,16,85,104,1.2115384615384615,0.046684465360827584,663,Are you two veggie-lovers?
3372,1592,3,16,85,104,1.2115384615384615,0.046684465360827584,663,Must be authentic Italian.
4024,1592,1,20,83,104,1.2115384615384615,0.042497368286213824,663,"We’d like also a small pie to go, please."
2896,1592,4,14,86,104,1.2115384615384615,0.04864304475885961,663,It´s Jonathan Swift's pizza recipe.
2905,1592,4,14,86,104,1.2115384615384615,0.04864304475885961,663,Did we order the pizza..or did the pizza order us?
2926,1592,5,12,87,104,1.2115384615384615,0.05052575878498539,663,Are you the manager? I have a complaint about the carpet.
2929,1592,2,18,84,104,1.2115384615384615,0.04464003593905589,663,So who told you about this great little Italian place?
3033,1592,4,14,86,104,1.2115384615384615,0.04864304475885961,663,"Do you mind?  It took us weeks to get this 
reservation, and they just barely squeezed us in."
2831,1592,4,14,86,104,1.2115384615384615,0.04864304475885961,663,"IKEA Spring Sale. The carpet is Italian, supposedly."
3046,1592,3,16,85,104,1.2115384615384615,0.046684465360827584,663,Ask them if they're non-GMO.
3081,1592,4,14,86,104,1.2115384615384615,0.04864304475885961,663,"Go to Recursion Pizza"" she said- ""it'll be great"" she said.."
3146,1592,4,14,86,104,1.2115384615384615,0.04864304475885961,663,What?! You've never seen one-legged people at a three-legged table?
3169,1592,3,16,85,104,1.2115384615384615,0.046684465360827584,663,"Well, I never thought of that thing as a little table."
3217,1592,3,16,85,104,1.2115384615384615,0.046684465360827584,663,"I said ""This is my favorite little Italian place."""
3283,1592,4,14,86,104,1.2115384615384615,0.04864304475885961,663,"Hey, we made reservations for this pop-up months ago."
3343,1592,3,16,85,104,1.2115384615384615,0.046684465360827584,663,"I ordered a family pizza, not a family"
3363,1592,3,16,85,104,1.2115384615384615,0.046684465360827584,663,Would you please put our tiny house roof back.
3399,1592,2,18,84,104,1.2115384615384615,0.04464003593905589,663,Don't eat anything that comes in a box.
4043,1592,1,20,83,104,1.2115384615384615,0.042497368286213824,663,I'm going to have to ask you to keep that closed. This table gets a really bad draft.
4930,1592,3,16,85,104,1.2115384615384615,0.046684465360827584,663,I told you the Chef's Surprise menu was a bit wonky for a Monday night.
4132,1592,4,14,86,104,1.2115384615384615,0.04864304475885961,663,"Wait, did you order the 'Meat Lovers' or the 'Meta Lovers'?"
4659,1592,3,16,85,104,1.2115384615384615,0.046684465360827584,663,I think we'll need a to go box.
4661,1592,3,16,85,104,1.2115384615384615,0.046684465360827584,663,“Do you mind? I was about to get lucky.”
4683,1592,2,18,84,104,1.2115384615384615,0.04464003593905589,663,I told you the food delivery app was a little buggy.
4690,1592,5,12,87,104,1.2115384615384615,0.05052575878498539,663,"When I ordered a personal size, I didn't mean my in-laws."
4807,1592,5,12,87,104,1.2115384615384615,0.05052575878498539,663,Can I speak to a manager?
4816,1592,3,16,85,104,1.2115384615384615,0.046684465360827584,663,This is a personal pie.
4874,1592,4,14,86,104,1.2115384615384615,0.04864304475885961,663,Lab-to-table.
4890,1592,6,10,88,104,1.2115384615384615,0.05234079477983342,663,Our chihuahua's in the tiramisu.
4905,1592,4,14,86,104,1.2115384615384615,0.04864304475885961,663,"Oh, hi. We’re the Pepperonis, Guido and Maria from Little Italy on East 48th."
4938,1592,3,16,85,104,1.2115384615384615,0.046684465360827584,663,THIS is the family-sized pizza?
4989,1592,3,16,85,104,1.2115384615384615,0.046684465360827584,663,"Yeah, not exactly our idea of ""pizza delivery"" either."
5018,1592,2,18,84,104,1.2115384615384615,0.04464003593905589,663,I think it is much more hygienic to use the 3-legged plastic wheel to keep the pizza from sticking to the box.
5035,1592,1,20,83,104,1.2115384615384615,0.042497368286213824,663,So much for the giant opening we were promised.
5052,1592,3,16,85,104,1.2115384615384615,0.046684465360827584,663,"No,No! don't touch them.  I think they are Russian dolls."
2757,1592,3,16,85,104,1.2115384615384615,0.046684465360827584,663,"What's wrong, too cheesy?"
4613,1592,2,18,84,104,1.2115384615384615,0.04464003593905589,663,Just go away; this is OUR hut.
4592,1592,2,18,84,104,1.2115384615384615,0.04464003593905589,663,Did you invite Harriet and George?
4565,1592,3,16,85,104,1.2115384615384615,0.046684465360827584,663,We're here in Little Italy.
4541,1592,2,18,84,104,1.2115384615384615,0.04464003593905589,663,They delivered the wrong one --this is not vegetarian.
4172,1592,2,18,84,104,1.2115384615384615,0.04464003593905589,663,"Hey! Gawkers! We're having desert, over here!"
4205,1592,4,14,86,104,1.2115384615384615,0.04864304475885961,663,We decided to eat in
4209,1592,2,18,84,104,1.2115384615384615,0.04464003593905589,663,You ordered the personal pizza again?
4238,1592,3,16,85,104,1.2115384615384615,0.046684465360827584,663,We're still not ready to order.
4282,1592,4,14,86,104,1.2115384615384615,0.04864304475885961,663,So you're telling me you did not order Pepe and Ronnie?
4294,1592,5,12,87,104,1.2115384615384615,0.05052575878498539,663,"I don't think this is what ""Pizza-gate"" was referring to."
4302,1592,4,14,86,104,1.2115384615384615,0.04864304475885961,663,"Look, lady, you should have asked these questions _before_ you ordered the special."
4045,1592,2,18,84,104,1.2115384615384615,0.04464003593905589,663,"Sorry, my parents can impose sometimes."
4366,1592,2,18,84,104,1.2115384615384615,0.04464003593905589,663,Can we move to a table near the lid?
4412,1592,4,14,86,104,1.2115384615384615,0.04864304475885961,663,Stare much?
4448,1592,4,14,86,104,1.2115384615384615,0.04864304475885961,663,"Ugh, I made this reservation months ago."
4456,1592,4,14,86,104,1.2115384615384615,0.04864304475885961,663,You know how hard it is to get a table at Grimaldi's.
4466,1592,3,16,85,104,1.2115384615384615,0.046684465360827584,663,Do you mind? We're just looking for a little ambience here.
4494,1592,3,16,85,104,1.2115384615384615,0.046684465360827584,663,I thought you ordered a Hawaiian.
4498,1592,5,12,87,104,1.2115384615384615,0.05052575878498539,663,Don't order the mushroom pizza.
4518,1592,2,18,84,104,1.2115384615384615,0.04464003593905589,663,"Where I come from, it's rude to stare."
4398,1592,5,12,87,104,1.2115384615384615,0.05052575878498539,663,"All she said was,""I wish there was a quicker way to downsize."""
2725,1592,3,16,85,104,1.2115384615384615,0.046684465360827584,663,Good thing we ordered an extra large.
26,1592,2,18,84,104,1.2115384615384615,0.04464003593905589,663,"Look, we don't like this any more than you do."
2643,1592,3,16,85,104,1.2115384615384615,0.046684465360827584,663,Do you mind cutting us off a little piece?
356,1592,2,18,84,104,1.2115384615384615,0.04464003593905589,663,"I ordered pepperoni, not “people only”!"
361,1592,2,18,84,104,1.2115384615384615,0.04464003593905589,663,"Garcon, another bottle please."
371,1592,3,16,85,104,1.2115384615384615,0.046684465360827584,663,"Where is our food? The service here is terrible!"""
393,1592,5,12,87,104,1.2115384615384615,0.05052575878498539,663,"you're letting the heat out, asshole!"
405,1592,2,18,84,104,1.2115384615384615,0.04464003593905589,663,It was actually kind of romantic with that sliver of light reflecting off the surface of the cheese.
437,1592,1,20,83,104,1.2115384615384615,0.042497368286213824,663,Did we take mushrooms or ask for mushrooms?
466,1592,3,16,85,104,1.2115384615384615,0.046684465360827584,663,Are you the waiter? We have a tall order for you.
473,1592,2,18,84,104,1.2115384615384615,0.04464003593905589,663,"You said, 'with everything.'"
474,1592,2,18,84,104,1.2115384615384615,0.04464003593905589,663,I know this seems a little cheesy for a first date
477,1592,5,12,87,104,1.2115384615384615,0.05052575878498539,663,Well I'm not sharing!
478,1592,4,14,86,104,1.2115384615384615,0.04864304475885961,663,Did your order  a  couple of  mini pizzas--or a mini couple?
520,1592,2,18,84,104,1.2115384615384615,0.04464003593905589,663,Still better than pineapple.
593,1592,3,16,85,104,1.2115384615384615,0.046684465360827584,663,This is a personal pan pizza.
662,1592,2,18,84,104,1.2115384615384615,0.04464003593905589,663,"We were just having a slice and watching Ant-Man and boom, here we are."
692,1592,3,16,85,104,1.2115384615384615,0.046684465360827584,663,They forgot the pepperoni!
343,1592,3,16,85,104,1.2115384615384615,0.046684465360827584,663,looks like their is a small couple of problems with our pizza
715,1592,3,16,85,104,1.2115384615384615,0.046684465360827584,663,"You stay in your universe, we'll stay in ours!"
338,1592,3,16,85,104,1.2115384615384615,0.046684465360827584,663,"Well hello, you must be Pat."
301,1592,3,16,85,104,1.2115384615384615,0.046684465360827584,663,We ate the whole thing.
2648,1592,1,20,83,104,1.2115384615384615,0.042497368286213824,663,I didn’t order the family meal!
8,1592,5,12,87,104,1.2115384615384615,0.05052575878498539,663,"Well, I see we’ve both gotten on with our lives, Lloyd."
29,1592,3,16,85,104,1.2115384615384615,0.046684465360827584,663,Can we please see the dessert menu?
52,1592,4,14,86,104,1.2115384615384615,0.04864304475885961,663,"-So...
 are we the ones in a Black Mirror episode or they are?"
82,1592,4,14,86,104,1.2115384615384615,0.04864304475885961,663,It's mother's day and seating was limited.
142,1592,4,14,86,104,1.2115384615384615,0.04864304475885961,663,We’re the Anchovie’s. It’s a pleasure to meet you.
166,1592,3,16,85,104,1.2115384615384615,0.046684465360827584,663,We brought pizza from that little Italian joint.
187,1592,3,16,85,104,1.2115384615384615,0.046684465360827584,663,Thank you. We were hoping to dine al fresco.
188,1592,4,14,86,104,1.2115384615384615,0.04864304475885961,663,Not as weird as you ordering pineapple on your pizza.
224,1592,3,16,85,104,1.2115384615384615,0.046684465360827584,663,"You ordered the Family Style Pizza, didn't you?"
228,1592,5,12,87,104,1.2115384615384615,0.05052575878498539,663,Could you wait five minutes? I'm trying to propose here!
266,1592,2,18,84,104,1.2115384615384615,0.04464003593905589,663,You ordered the 'Escape From New York'?
286,1592,4,14,86,104,1.2115384615384615,0.04864304475885961,663,These are not the toppings we ordered
296,1592,4,14,86,104,1.2115384615384615,0.04864304475885961,663,Do you have anything to remove grease spots?
300,1592,4,14,86,104,1.2115384615384615,0.04864304475885961,663,Do you mind? We waited 3 months for this reservation
325,1592,1,20,83,104,1.2115384615384615,0.042497368286213824,663,We'd appreciate a little privacy.
800,1592,3,16,85,104,1.2115384615384615,0.046684465360827584,663,The pizza company shorted us as well!
211,1592,1,20,83,104,1.2115384615384615,0.042497368286213824,663,Care to join?
864,1592,1,20,83,104,1.2115384615384615,0.042497368286213824,663,So put on some Allman Brothers and we'll guide you through this Denver mushroom pizza.
1785,1592,2,18,84,104,1.2115384615384615,0.04464003593905589,663,"Best we could do on as tiny budget.  Now close the lid, please"
1814,1592,3,16,85,104,1.2115384615384615,0.046684465360827584,663,"I dunno, it seems kind of ""meta""..."
1821,1592,2,18,84,104,1.2115384615384615,0.04464003593905589,663,"It's nice, actually. But you need to put baggies over your shoes."
1876,1592,3,16,85,104,1.2115384615384615,0.046684465360827584,663,You knew it was personal when you ordered it.
1999,1592,4,14,86,104,1.2115384615384615,0.04864304475885961,663,"Meta, schmeta. You’re letting the heat out."
2033,1592,2,18,84,104,1.2115384615384615,0.04464003593905589,663,Who invited them to dinner?
2594,1592,2,18,84,104,1.2115384615384615,0.04464003593905589,663,Peopleroni?
2211,1592,3,16,85,104,1.2115384615384615,0.046684465360827584,663,We decided it was time to downsize.
2219,1592,1,20,83,104,1.2115384615384615,0.042497368286213824,663,"Look Frank, even our meal is having a romantic meal."
2259,1592,3,16,85,104,1.2115384615384615,0.046684465360827584,663,Actually she’s Canadian. I’m the Hawaiian.
2322,1592,1,20,83,104,1.2115384615384615,0.042497368286213824,663,Hi! We're Lilapizzans
2329,1592,4,14,86,104,1.2115384615384615,0.04864304475885961,663,A mixed race couple? You don't see that every day!
2371,1592,2,18,84,104,1.2115384615384615,0.04464003593905589,663,We don't recommend this place.. the floor is cheesy.
2388,1592,3,16,85,104,1.2115384615384615,0.046684465360827584,663,Getting inside the box was easy; finding a waiter is another story altogether”
822,1592,1,20,83,104,1.2115384615384615,0.042497368286213824,663,We just purchased a tiny house!
1762,1592,3,16,85,104,1.2115384615384615,0.046684465360827584,663,We ordered the 'miniature'...And you?
1727,1592,5,12,87,104,1.2115384615384615,0.05052575878498539,663,Looks like they added a couple toppings.
2286,1592,1,20,83,104,1.2115384615384615,0.042497368286213824,663,"Whose idea was it to add those magic mushrooms, anyway?"
1672,1592,3,16,85,104,1.2115384615384615,0.046684465360827584,663,I think they’re trying to tell us something
889,1592,3,16,85,104,1.2115384615384615,0.046684465360827584,663,Do you mind?  We asked for their most private table!
1699,1592,4,14,86,104,1.2115384615384615,0.04864304475885961,663,"See, Reggie, this is why you always read the fine print of the Pizza Palace promotional coupon."
902,1592,3,16,85,104,1.2115384615384615,0.046684465360827584,663,We applaud your choice of toppings.
938,1592,4,14,86,104,1.2115384615384615,0.04864304475885961,663,"Trust me, we're delicious."
982,1592,3,16,85,104,1.2115384615384615,0.046684465360827584,663,It's cheesy but it can be so comforting to think inside the box.
990,1592,0,22,82,104,1.2115384615384615,0.040240773027713866,663,Don't laugh-you haven't lived until you've experienced Little italy.
1273,1592,4,14,86,104,1.2115384615384615,0.04864304475885961,663,"When we ordered the special, I had a different take on what a meal for two would be."
1288,1592,2,18,84,104,1.2115384615384615,0.04464003593905589,663,"Is that what we ordered, pizza for two?"
940,1592,4,14,86,104,1.2115384615384615,0.04864304475885961,663,So that's what the thing in the pizza box is for!
1346,1592,3,16,85,104,1.2115384615384615,0.046684465360827584,663,"Thanks for having us over, whats for dinner?"
1373,1592,3,16,85,104,1.2115384615384615,0.046684465360827584,663,It's our anniversary and you know how hard it is to get a table in this city.
1556,1592,4,14,86,104,1.2115384615384615,0.04864304475885961,663,"Nice neckbeard, chubbo."
1464,1592,5,12,87,104,1.2115384615384615,0.05052575878498539,663,Well you did order a plain white pizza
1473,1592,4,14,86,104,1.2115384615384615,0.04864304475885961,663,"Excuse me, I've had this reservation booked for a month! It's our anniversary for crying out loud! Would you please leave us alone to enjoy this meal? I mean seriously the one time we get a sitter and decide to make a night of it and you come along?!"
1513,1592,2,18,84,104,1.2115384615384615,0.04464003593905589,663,You're letting all the heat out.
1326,1592,3,16,85,104,1.2115384615384615,0.046684465360827584,663,This was the only table to be had.
1541,1592,3,16,85,104,1.2115384615384615,0.046684465360827584,663,They said it was either this or the kid's section
3688,1743,2,17,83,102,1.2058823529411764,0.04479993988272699,663,Does people sound like pepperoni to you?
3710,1743,2,17,83,102,1.2058823529411764,0.04479993988272699,663,"Apologies for the inconvenience, but there's no seating available until 9:45."
3719,1743,4,13,85,102,1.2058823529411764,0.04894189141242656,663,"Sorry, but we ate all the magic mushrooms en route.”"
3775,1743,3,15,84,102,1.2058823529411764,0.046916646025273935,663,"Yes, it's small, but the rent is unbeatable."
3857,1743,3,15,84,102,1.2058823529411764,0.046916646025273935,663,"We paid extra for the chef's table, so let's see some knife skills!"
3854,1743,3,15,84,102,1.2058823529411764,0.046916646025273935,663,The things we do to cheat!
3910,1743,0,21,81,102,1.2058823529411764,0.04023382273617749,663,"This is people-roni, I ordered pepperoni!"
3919,1743,4,13,85,102,1.2058823529411764,0.04894189141242656,663,"I liked it better with the lights off, thank you."
3685,1743,2,17,83,102,1.2058823529411764,0.04479993988272699,663,"Sorry, it was the only free table in the pizza place."
3961,1743,2,17,83,102,1.2058823529411764,0.04479993988272699,663,John is that you?! It's a small world
3797,1743,4,13,85,102,1.2058823529411764,0.04894189141242656,663,"Yes, our feet are in the sauce. And?"
3652,1743,3,15,84,102,1.2058823529411764,0.046916646025273935,663,Did you order artichoke hearts or old college sweethearts?
3215,1743,3,15,84,102,1.2058823529411764,0.046916646025273935,663,"Please close the lid, you're letting all the heat out."
3580,1743,3,15,84,102,1.2058823529411764,0.046916646025273935,663,They ate all the mushrooms!
3426,1743,4,13,85,102,1.2058823529411764,0.04894189141242656,663,I ordered pepperoini.
3380,1743,2,17,83,102,1.2058823529411764,0.04479993988272699,663,I told you to order a large!
3344,1743,3,15,84,102,1.2058823529411764,0.046916646025273935,663,What can I tell you - you ordered the Secret Surprise Topping of the Month.
3271,1743,2,17,83,102,1.2058823529411764,0.04479993988272699,663,"Great.They gave us Peopleroni, again."
3254,1743,2,17,83,102,1.2058823529411764,0.04479993988272699,663,"About time! We've finished all the pizza, our glasses are empty and we're waiting for the panacotta. What's taking so long?"
3172,1743,2,17,83,102,1.2058823529411764,0.04479993988272699,663,I thought the vegan supreme would be topped with more vegans.
3153,1743,1,19,82,102,1.2058823529411764,0.042578134678858966,663,"Are you sorry you said, ‘Not everything is a Kafka metaphor’?"
3126,1743,2,17,83,102,1.2058823529411764,0.04479993988272699,663,Could we get some pepperoni? This thing's a little wobbly.
3105,1743,2,17,83,102,1.2058823529411764,0.04479993988272699,663,"That's much better, thanks, though we're still not ready to order."
3017,1743,1,19,82,102,1.2058823529411764,0.042578134678858966,663,"Sorry, we ate the anchovies."
3977,1743,4,13,85,102,1.2058823529411764,0.04894189141242656,663,Surprise!
3643,1743,4,13,85,102,1.2058823529411764,0.04894189141242656,663,"Well, there's something you don't see every day!"
3984,1743,3,15,84,102,1.2058823529411764,0.046916646025273935,663,"Excuse me, we’re on lunch."
4700,1743,3,15,84,102,1.2058823529411764,0.046916646025273935,663,Would you like to join us for a little pizza?
4126,1743,3,15,84,102,1.2058823529411764,0.046916646025273935,663,Hi.  We’re Diane & Jack . . . Pepperoni.
2869,1743,0,21,81,102,1.2058823529411764,0.04023382273617749,663,Ever see that Matt Damon movie?
5071,1743,5,11,86,102,1.2058823529411764,0.05088659740826314,663,You should see the things we've done with chopsticks.
4999,1743,3,15,84,102,1.2058823529411764,0.046916646025273935,663,It’s everything we wanted only smaller.
4951,1743,2,17,83,102,1.2058823529411764,0.04479993988272699,663,It's our first date and we wanted something with a really intimate atmosphere.
4849,1743,3,15,84,102,1.2058823529411764,0.046916646025273935,663,Did you order a pizza for or with two people?
4841,1743,4,13,85,102,1.2058823529411764,0.04894189141242656,663,"Well yes,we are meat lovers.  Why do you ask?"
4838,1743,3,15,84,102,1.2058823529411764,0.046916646025273935,663,Looks like our little slice of heaven is about to be devoured
4829,1743,3,15,84,102,1.2058823529411764,0.046916646025273935,663,Put a lid on it and give us some privacy will you?!”
4755,1743,4,13,85,102,1.2058823529411764,0.04894189141242656,663,But I am Olive and this is my husband Pepe
4729,1743,3,15,84,102,1.2058823529411764,0.046916646025273935,663,Nice to meet you. We're the Caesars.
4724,1743,3,15,84,102,1.2058823529411764,0.046916646025273935,663,"These are people; I said, ""with extra people."""
4678,1743,2,17,83,102,1.2058823529411764,0.04479993988272699,663,Hey buddy could you put a lid on it?
4072,1743,0,21,81,102,1.2058823529411764,0.04023382273617749,663,And now you know what these plastic inserts are for!
4669,1743,6,9,87,102,1.2058823529411764,0.052759670739643105,663,You ordered the small party box with two shrimp
4574,1743,5,11,86,102,1.2058823529411764,0.05088659740826314,663,Now you've done it. You shouldn't have ordered from Pandora's Pizzeria.
4552,1743,2,17,83,102,1.2058823529411764,0.04479993988272699,663,"To be honest, we're not crazy about being seated near the kitchen."
4532,1743,2,17,83,102,1.2058823529411764,0.04479993988272699,663,Couldn't help but notice you didn't tip the driver.
4460,1743,2,17,83,102,1.2058823529411764,0.04479993988272699,663,"I said I'd have the special pizza FOR two, not WITH two."
4437,1743,2,17,83,102,1.2058823529411764,0.04479993988272699,663,You need to clean the floor in this place. It's greasy.
4431,1743,2,17,83,102,1.2058823529411764,0.04479993988272699,663,The shrinking middle class.
4339,1743,2,17,83,102,1.2058823529411764,0.04479993988272699,663,This is not quite what I expected on my first date.”
4321,1743,2,17,83,102,1.2058823529411764,0.04479993988272699,663,"Yes, please. Another drop of wine would be lovely."
4207,1743,3,15,84,102,1.2058823529411764,0.046916646025273935,663,"You ordered a meal for two, didn't you?"
4180,1743,3,15,84,102,1.2058823529411764,0.046916646025273935,663,"I’ll take a slice without any life, please."
4157,1743,3,15,84,102,1.2058823529411764,0.046916646025273935,663,This is not what I ordered.
4127,1743,2,17,83,102,1.2058823529411764,0.04479993988272699,663,Mind turning on Game of Thrones?
4645,1743,3,15,84,102,1.2058823529411764,0.046916646025273935,663,"Hi, we're the Peppers.  I'm Red and this is Green."
2838,1743,3,15,84,102,1.2058823529411764,0.046916646025273935,663,Call my wife a meat-lover again and you'll be the one getting delivered in a box!
2693,1743,3,15,84,102,1.2058823529411764,0.046916646025273935,663,Schrödinger's Date
2786,1743,2,17,83,102,1.2058823529411764,0.04479993988272699,663,"For the third time John, I don’t like people on my pizza."
1160,1743,3,15,84,102,1.2058823529411764,0.046916646025273935,663,Magic Mushroom Pizza!
1143,1743,1,19,82,102,1.2058823529411764,0.042578134678858966,663,How much did you tip the delivery guy?
1084,1743,2,17,83,102,1.2058823529411764,0.04479993988272699,663,Well you shouldn't have ordered a Piazza then ...
1061,1743,2,17,83,102,1.2058823529411764,0.04479993988272699,663,Do you mind? I was just about to propose.
1059,1743,0,21,81,102,1.2058823529411764,0.04023382273617749,663,You ordered a small ... what did you expect?
1056,1743,0,21,81,102,1.2058823529411764,0.04023382273617749,663,"We paid extra to eat in the cook's kitchen, to be up close and personal with her creations!"
1049,1743,4,13,85,102,1.2058823529411764,0.04894189141242656,663,We're your pop-up Happy Birthday card; music to follow!
978,1743,3,15,84,102,1.2058823529411764,0.046916646025273935,663,They took my vegetarian pizza order way too literally.
900,1743,1,19,82,102,1.2058823529411764,0.042578134678858966,663,I'd say the date night special is as advertised.
854,1743,3,15,84,102,1.2058823529411764,0.046916646025273935,663,"We'll take the check now, please."
807,1743,3,15,84,102,1.2058823529411764,0.046916646025273935,663,You ordered Neopolitan. We're the Neopolitans.
783,1743,2,17,83,102,1.2058823529411764,0.04479993988272699,663,They must have put the wrong type of mushrooms in your pizza!
772,1743,1,19,82,102,1.2058823529411764,0.042578134678858966,663,Don’t you think a few laps up and down the beanstalk would be better than a large pepperoni?
748,1743,1,19,82,102,1.2058823529411764,0.042578134678858966,663,Please let us eat in peace...close the lid and we'll be done in a half hour.
713,1743,4,13,85,102,1.2058823529411764,0.04894189141242656,663,Wait til you see what happens next time you order Chinese food.
675,1743,1,19,82,102,1.2058823529411764,0.042578134678858966,663,"When I ordered the “cocktail party” pizza, I thought we’d be getting double cheese with shrimp and olives."
451,1743,1,19,82,102,1.2058823529411764,0.042578134678858966,663,Thanks. It was getting stuffy in here.
445,1743,1,19,82,102,1.2058823529411764,0.042578134678858966,663,I'm Bianco and she's Margherita
438,1743,0,21,81,102,1.2058823529411764,0.04023382273617749,663,This is the new two for one promotion.
364,1743,2,17,83,102,1.2058823529411764,0.04479993988272699,663,"Well, what did you think a Liliputian pizza was?"
158,1743,4,13,85,102,1.2058823529411764,0.04894189141242656,663,We’re here to talk about wise food choices.
100,1743,2,17,83,102,1.2058823529411764,0.04479993988272699,663,I don't think this is what I meant by little Italy
61,1743,5,11,86,102,1.2058823529411764,0.05088659740826314,663,Is this someone's idea of a joke?
37,1743,1,19,82,102,1.2058823529411764,0.042578134678858966,663,We asked for a table away from the rest room.
2814,1743,0,21,81,102,1.2058823529411764,0.04023382273617749,663,So this is the special pizza dinner for two!
1188,1743,3,15,84,102,1.2058823529411764,0.046916646025273935,663,"Would you mind closing the lid, I think he was just about to pop the question?"
1251,1743,3,15,84,102,1.2058823529411764,0.046916646025273935,663,"Honestly, it was supposed to be family sized"
714,1743,3,15,84,102,1.2058823529411764,0.046916646025273935,663,"Indeed, you ordered a small Margarita; may I introduce you to a small Margarita."
1510,1743,1,19,82,102,1.2058823529411764,0.042578134678858966,663,She wanted to be taken out to eat.
2633,1743,5,11,86,102,1.2058823529411764,0.05088659740826314,663,We’ll have a petite filet and a few drops of  Merlot !
1454,1743,1,19,82,102,1.2058823529411764,0.042578134678858966,663,You should have ordered Deep Dish!
2586,1743,4,13,85,102,1.2058823529411764,0.04894189141242656,663,Can we get this to go?
2531,1743,4,13,85,102,1.2058823529411764,0.04894189141242656,663,...and we're reducing our carbon footprint.  You?
2406,1743,1,19,82,102,1.2058823529411764,0.042578134678858966,663,"Yep, they're real cute, but where's the damn pie?"
2361,1743,4,13,85,102,1.2058823529411764,0.04894189141242656,663,I thought piccole persone just meant a small pizza.
2269,1743,2,17,83,102,1.2058823529411764,0.04479993988272699,663,we had a rough ride here now would you let us eat in peace
2218,1743,1,19,82,102,1.2058823529411764,0.042578134678858966,663,We love the new retractable roof!
2164,1743,1,19,82,102,1.2058823529411764,0.042578134678858966,663,Taking dining in to whole new level I see
2110,1743,4,13,85,102,1.2058823529411764,0.04894189141242656,663,This is how everyone can leave a smaller footprint.
2010,1743,3,15,84,102,1.2058823529411764,0.046916646025273935,663,"It's okay, we're not wearing shoes!"
1990,1743,2,17,83,102,1.2058823529411764,0.04479993988272699,663,Do you mind leaving the light on when you leave?
2296,1743,2,17,83,102,1.2058823529411764,0.04479993988272699,663,"I asked for family size, but??"
1959,1743,3,15,84,102,1.2058823529411764,0.046916646025273935,663,I'll have another glass of the Cabernet.
1597,1743,1,19,82,102,1.2058823529411764,0.042578134678858966,663,"Hey, we're just as surprised as you are!"
1986,1743,2,17,83,102,1.2058823529411764,0.04479993988272699,663,Hey. Wait a minute... These people aren't Sicilian!
1662,1743,2,17,83,102,1.2058823529411764,0.04479993988272699,663,Didn't you order a piazza?
1689,1743,2,17,83,102,1.2058823529411764,0.04479993988272699,663,"Don’t worry, we took our shoes off before walking to our table."
1735,1743,0,21,81,102,1.2058823529411764,0.04023382273617749,663,It’s all in the delivery!
1728,1743,2,17,83,102,1.2058823529411764,0.04479993988272699,663,"You wouldn't have a coupla microliters of Chianti laying around, wouldja?"
1871,1743,3,15,84,102,1.2058823529411764,0.046916646025273935,663,"No need to stare, we've just downsized."
1888,1743,3,15,84,102,1.2058823529411764,0.046916646025273935,663,"Hi, we're your new neighbors and we thought we'd share a large pizza with you."
1889,1743,3,15,84,102,1.2058823529411764,0.046916646025273935,663,What?  You never heard of wine in a box?
1897,1743,3,15,84,102,1.2058823529411764,0.046916646025273935,663,I thought you said you wanted everything on it?
1758,1743,6,9,87,102,1.2058823529411764,0.052759670739643105,663,They said it was a family pie but this is ridiculous.
1527,1743,7,7,88,102,1.2058823529411764,0.05456848831808018,663,We're dining al fredo
3451,1857,2,16,81,99,1.202020202020202,0.045357095658013595,663,"Don’t worry, the wine is red."
3518,1857,4,12,83,99,1.202020202020202,0.0496945897769771,663,No one told me we were having guests for dinner
3456,1857,3,14,82,99,1.202020202020202,0.04757530020731468,663,Thanks for the light but could you dim them a bit? We're on a date here.
3511,1857,4,12,83,99,1.202020202020202,0.0496945897769771,663,We're Vito and Maria Pepperoni.
5093,1857,2,16,81,99,1.202020202020202,0.045357095658013595,663,I hate this new micro restaurant
3397,1857,1,18,80,99,1.202020202020202,0.0430246796994966,663,So this is 'restaurant style'...
3743,1857,3,14,82,99,1.202020202020202,0.04757530020731468,663,"This is wrong - I ordered figs, not dates"
3607,1857,2,16,81,99,1.202020202020202,0.045357095658013595,663,2 square feet. But it’s only $1200 a month!
3628,1857,3,14,82,99,1.202020202020202,0.04757530020731468,663,"The reviews said ‘cheesy decor, generous portions.’ Right on both counts."
3738,1857,3,14,82,99,1.202020202020202,0.04757530020731468,663,This isn't what I meant when I said 'personal pizza.'
3763,1857,2,16,81,99,1.202020202020202,0.045357095658013595,663,"This IS the ""Slice of  Life"" pizza."
3764,1857,4,12,83,99,1.202020202020202,0.0496945897769771,663,They left the pineapple off again.
3382,1857,1,18,80,99,1.202020202020202,0.0430246796994966,663,We ordered a small pizza but I think there's been a mistake.
3770,1857,3,14,82,99,1.202020202020202,0.04757530020731468,663,"Remember, Domino's promises to replace your pizza for free if something goes wrong with the one you ordered."
3527,1857,2,16,81,99,1.202020202020202,0.045357095658013595,663,Are you members of the one percent?
3342,1857,4,12,83,99,1.202020202020202,0.0496945897769771,663,"Well this is awkward!  Ed, meet Dave, my little friend."
3019,1857,2,16,81,99,1.202020202020202,0.045357095658013595,663,Go ahead and box ours up to go.
3284,1857,1,18,80,99,1.202020202020202,0.0430246796994966,663,"Yeah, whatever. Are the cannoli fresh?"
3923,1857,3,14,82,99,1.202020202020202,0.04757530020731468,663,"I'm Peter... and this is my wife, Paula Pepperoni."
2885,1857,3,14,82,99,1.202020202020202,0.04757530020731468,663,"Can we see the wine list, please?"
2899,1857,3,14,82,99,1.202020202020202,0.04757530020731468,663,"Well, I’m Red Peppers and this is Anna Chovey...why?"
2952,1857,3,14,82,99,1.202020202020202,0.04757530020731468,663,But you ordered dinner for two...
2985,1857,1,18,80,99,1.202020202020202,0.0430246796994966,663,I ordered a vegetarian pizza
3073,1857,3,14,82,99,1.202020202020202,0.04757530020731468,663,We were told a quartet was playing tonight.
3295,1857,0,20,79,99,1.202020202020202,0.04055835302324732,663,We were just going to have a glass of wine and play Dominoes.
3121,1857,5,10,84,99,1.202020202020202,0.051727123604429784,663,"What did you expect when you ordered a ""small"" from Gulliver's Pizzeria?"
3157,1857,4,12,83,99,1.202020202020202,0.0496945897769771,663,Hello!!!  Like can't anybody have any privacy anymore?
3184,1857,3,14,82,99,1.202020202020202,0.04757530020731468,663,I think we ordered the other combination.
3212,1857,4,12,83,99,1.202020202020202,0.0496945897769771,663,"Listen , bud, what did you expect when you ordered a date night pizza?"
3219,1857,1,18,80,99,1.202020202020202,0.0430246796994966,663,Did you order home-style?
3234,1857,1,18,80,99,1.202020202020202,0.0430246796994966,663,We thought YOU were bringing the pizza!
3257,1857,2,16,81,99,1.202020202020202,0.045357095658013595,663,WTF indeed.
3127,1857,3,14,82,99,1.202020202020202,0.04757530020731468,663,This is the extra cheesy one.
3941,1857,4,12,83,99,1.202020202020202,0.0496945897769771,663,"No, there's not enough to share."
4784,1857,2,16,81,99,1.202020202020202,0.045357095658013595,663,Could we get a doggie bag?
3960,1857,3,14,82,99,1.202020202020202,0.04757530020731468,663,"No, we were supposed to be delivered to 108."
4516,1857,3,14,82,99,1.202020202020202,0.04757530020731468,663,"That's us, Bill and Marie Anchovy."
4579,1857,3,14,82,99,1.202020202020202,0.04757530020731468,663,We were hungry.
4607,1857,4,12,83,99,1.202020202020202,0.0496945897769771,663,Don't worry--We are gluten free.
4617,1857,1,18,80,99,1.202020202020202,0.0430246796994966,663,We decided to have dinner in Little Italy.
4736,1857,4,12,83,99,1.202020202020202,0.0496945897769771,663,Maybe we should try Chinese.
4761,1857,2,16,81,99,1.202020202020202,0.045357095658013595,663,You ordered one with everything on it?
4486,1857,1,18,80,99,1.202020202020202,0.0430246796994966,663,Welcome to Little Italy
4804,1857,2,16,81,99,1.202020202020202,0.045357095658013595,663,We heard about you on Yelp.
4869,1857,4,12,83,99,1.202020202020202,0.0496945897769771,663,"Well, you did order the Chicago-style pizza"
4877,1857,3,14,82,99,1.202020202020202,0.04757530020731468,663,You just knew this was going to happen one day.
5031,1857,4,12,83,99,1.202020202020202,0.0496945897769771,663,"Excuse me, you're open until when?"
5076,1857,1,18,80,99,1.202020202020202,0.0430246796994966,663,Do you mind? We’re trying to have a personal pie.
5086,1857,2,16,81,99,1.202020202020202,0.045357095658013595,663,"""Always tip the delivery kid. Last warning."""
2864,1857,3,14,82,99,1.202020202020202,0.04757530020731468,663,Told you we should've ordered from Pizza Hut and not Little Caesars.
4823,1857,3,14,82,99,1.202020202020202,0.04757530020731468,663,The Tuesday Special is 'date night' this week.
4474,1857,1,18,80,99,1.202020202020202,0.0430246796994966,663,"Yes, it's an interesting thought experiment, but can we stop now?"
4464,1857,3,14,82,99,1.202020202020202,0.04757530020731468,663,Thinking outside the box.
4455,1857,2,16,81,99,1.202020202020202,0.045357095658013595,663,And this here is Margherita
3998,1857,4,12,83,99,1.202020202020202,0.0496945897769771,663,Since when did they provide chairs.
4141,1857,1,18,80,99,1.202020202020202,0.0430246796994966,663,Join us?
4181,1857,2,16,81,99,1.202020202020202,0.045357095658013595,663,You're upset?  I'm the one paying for a large.
4199,1857,5,10,84,99,1.202020202020202,0.051727123604429784,663,We find pizza is a great way to meet new people.
4223,1857,3,14,82,99,1.202020202020202,0.04757530020731468,663,"Yes, obviously, this is a table — did you think I put here just to keep the our ceiling from touching the floor?!"
4225,1857,2,16,81,99,1.202020202020202,0.045357095658013595,663,"We're ready to order, could you send our waiter over?"
4269,1857,3,14,82,99,1.202020202020202,0.04757530020731468,663,You obviously dialed the wrong number.
4290,1857,1,18,80,99,1.202020202020202,0.0430246796994966,663,Do either of  you speak English?
4315,1857,3,14,82,99,1.202020202020202,0.04757530020731468,663,We represent the 4 T company ... Tiny Topping Taste Testers.
4343,1857,2,16,81,99,1.202020202020202,0.045357095658013595,663,"When Uber Eats told me they were downsizing, I didn't think they meant this."
4353,1857,2,16,81,99,1.202020202020202,0.045357095658013595,663,"We got tired of dining alone, so we thought we'd try something different."
4377,1857,2,16,81,99,1.202020202020202,0.045357095658013595,663,Join us? The pizza place was too noisy.
4405,1857,4,12,83,99,1.202020202020202,0.0496945897769771,663,Don't look at us. You're the ones who ordered Round Table Pizza.
4410,1857,1,18,80,99,1.202020202020202,0.0430246796994966,663,"""We were even smaller, except we ate 
your order while we were waiting."""
4440,1857,2,16,81,99,1.202020202020202,0.045357095658013595,663,So your the one who ordered a pizza for a date?
3949,1857,2,16,81,99,1.202020202020202,0.045357095658013595,663,"Honey, did you order Meat Lovers’ or Lovers’ Meet pizza?"
2856,1857,2,16,81,99,1.202020202020202,0.045357095658013595,663,"Extra cheesey, right?"
2004,1857,4,12,83,99,1.202020202020202,0.0496945897769771,663,"A little privacy, I'm about to get laid!"
2846,1857,2,16,81,99,1.202020202020202,0.045357095658013595,663,It's all Barbie's fault. It started with using toothpaste tops for cups and thimbles for trashcans....
674,1857,1,18,80,99,1.202020202020202,0.0430246796994966,663,"A Great Little Table, eh?"
727,1857,3,14,82,99,1.202020202020202,0.04757530020731468,663,You asked fr a family style pizza and you got it.
756,1857,3,14,82,99,1.202020202020202,0.04757530020731468,663,My God!  These little people have eaten our whole pizza !!
846,1857,3,14,82,99,1.202020202020202,0.04757530020731468,663,We're here to see the game.
853,1857,4,12,83,99,1.202020202020202,0.0496945897769771,663,Sorry we didn’t save you any.
886,1857,4,12,83,99,1.202020202020202,0.0496945897769771,663,We’re just stand-ins until the four and twenty blackbirds get here.
655,1857,2,16,81,99,1.202020202020202,0.045357095658013595,663,Is this 3804 Beanstalk Lane?
965,1857,1,18,80,99,1.202020202020202,0.0430246796994966,663,"Honey, Did you order the Lilliputian pie?"
1083,1857,2,16,81,99,1.202020202020202,0.045357095658013595,663,Now this is a topping I’ve never seen before
1087,1857,1,18,80,99,1.202020202020202,0.0430246796994966,663,"Excuse me, but this is a private gathering."
1104,1857,5,10,84,99,1.202020202020202,0.051727123604429784,663,"Close the lid, we'll fold up."
1271,1857,2,16,81,99,1.202020202020202,0.045357095658013595,663,"Peter, I thought I asked for the veggie option!"
1297,1857,1,18,80,99,1.202020202020202,0.0430246796994966,663,"Well, it’s your choice of course, but you should know that we’ve both eaten peanuts, tree nuts, shellfish, wheat and soy within the last 24 hours."
1305,1857,3,14,82,99,1.202020202020202,0.04757530020731468,663,Where did you order from?
988,1857,3,14,82,99,1.202020202020202,0.04757530020731468,663,Should I call Grubhub and ask for a do over?
1365,1857,3,14,82,99,1.202020202020202,0.04757530020731468,663,These new craft pizza’s are getting weird.
645,1857,2,16,81,99,1.202020202020202,0.045357095658013595,663,The menu said: Pizza for Two.
606,1857,2,16,81,99,1.202020202020202,0.045357095658013595,663,This was supposed to be half olive and half blind date.
2849,1857,3,14,82,99,1.202020202020202,0.04757530020731468,663,We call them little tables for a reason.
10,1857,3,14,82,99,1.202020202020202,0.04757530020731468,663,No two toppings could more perfectly complement each other.
16,1857,3,14,82,99,1.202020202020202,0.04757530020731468,663,Can we get a table a little farther from the kitchen ?
85,1857,1,18,80,99,1.202020202020202,0.0430246796994966,663,Little Italy keeps getting smaller.
102,1857,1,18,80,99,1.202020202020202,0.0430246796994966,663,"Yea, but I still feel under dressed."
132,1857,2,16,81,99,1.202020202020202,0.045357095658013595,663,This is just a reminder of how your romantic Italian dinner is supposed to be.
612,1857,4,12,83,99,1.202020202020202,0.0496945897769771,663,"Excuse me, but can you take our order? We've been waiting for 30 minutes or less"
154,1857,3,14,82,99,1.202020202020202,0.04757530020731468,663,You ordered the date night pepperoni special — right ?
254,1857,1,18,80,99,1.202020202020202,0.0430246796994966,663,At least they've not anchovies.
287,1857,2,16,81,99,1.202020202020202,0.045357095658013595,663,You should have made a reservation!
367,1857,2,16,81,99,1.202020202020202,0.045357095658013595,663,"For what it's worth, it's special for us."
470,1857,2,16,81,99,1.202020202020202,0.045357095658013595,663,We haven't had a date night in two years! What does it take to get some privacy around here?!
487,1857,4,12,83,99,1.202020202020202,0.0496945897769771,663,We ordered takeout.  Why do you ask?
559,1857,2,16,81,99,1.202020202020202,0.045357095658013595,663,"They're a small pizzeria, but the portions are huge!"
225,1857,3,14,82,99,1.202020202020202,0.04757530020731468,663,How are those edibles working out?
1419,1857,2,16,81,99,1.202020202020202,0.045357095658013595,663,I wondered who paid for the pizza.
795,1857,1,18,80,99,1.202020202020202,0.0430246796994966,663,Do you mind closing the lid? We paid extra for a secluded spot.
1472,1857,2,16,81,99,1.202020202020202,0.045357095658013595,663,You ordered the small family-style to go?
2434,1857,0,20,79,99,1.202020202020202,0.04055835302324732,663,"'Thanks, it's a little hot in here.'"
2440,1857,2,16,81,99,1.202020202020202,0.045357095658013595,663,"What’ya think was on a New Yorker pizza, lady?"
2524,1857,2,16,81,99,1.202020202020202,0.045357095658013595,663,We are minimizing.
2530,1857,3,14,82,99,1.202020202020202,0.04757530020731468,663,"Carl, I think the LSD is kicking in."
2532,1857,3,14,82,99,1.202020202020202,0.04757530020731468,663,"Honey, what type of mushrooms were on the other pie?"
2539,1857,2,16,81,99,1.202020202020202,0.045357095658013595,663,Would you mind giving us some pizza and quiet?
2417,1857,1,18,80,99,1.202020202020202,0.0430246796994966,663,Would you knock before you enter!
2553,1857,2,16,81,99,1.202020202020202,0.045357095658013595,663,"Hey, wouldya mind? You’re kinda spoiling the happy hour vibe."
2665,1857,3,14,82,99,1.202020202020202,0.04757530020731468,663,I thought you were going to order the large?!
2699,1857,1,18,80,99,1.202020202020202,0.0430246796994966,663,I swear I said “pepperoni.”
1439,1857,3,14,82,99,1.202020202020202,0.04757530020731468,663,We’re the Pepperoni’s. You got a problem with that?
2739,1857,2,16,81,99,1.202020202020202,0.045357095658013595,663,Do you mind? We waited for over an hour for this box and would like a little privacy.
2741,1857,5,10,84,99,1.202020202020202,0.051727123604429784,663,"You did order ""With everything."""
2783,1857,3,14,82,99,1.202020202020202,0.04757530020731468,663,This was cheaper than paying for a taxi to get here.
2637,1857,0,20,79,99,1.202020202020202,0.04055835302324732,663,This table’s reserved
2376,1857,4,12,83,99,1.202020202020202,0.0496945897769771,663,Did you not order a vegan non-gluten double?
2714,1857,3,14,82,99,1.202020202020202,0.04757530020731468,663,Does this mean we have to share?
2299,1857,1,18,80,99,1.202020202020202,0.0430246796994966,663,Would get me a birthday candle and close the box?
2308,1857,3,14,82,99,1.202020202020202,0.04757530020731468,663,This is not what I expected when we ordered the Meat Lover's Pizza.
1521,1857,3,14,82,99,1.202020202020202,0.04757530020731468,663,Can we get a refill?
1748,1857,4,12,83,99,1.202020202020202,0.0496945897769771,663,"I know, we asked for a large too."
1776,1857,2,16,81,99,1.202020202020202,0.045357095658013595,663,What? You have never seen a nine slice pizza before?
1782,1857,2,16,81,99,1.202020202020202,0.045357095658013595,663,I  should have asked what was in the small pizza...
1808,1857,3,14,82,99,1.202020202020202,0.04757530020731468,663,"Close the lid, you’re ruining date night!"
1826,1857,3,14,82,99,1.202020202020202,0.04757530020731468,663,We're on a date.  Do you mind?!
1687,1857,4,12,83,99,1.202020202020202,0.0496945897769771,663,"Hey Gulliver, some privacy please!"
1944,1857,3,14,82,99,1.202020202020202,0.04757530020731468,663,"Ugh, I hate peopleroni."
1948,1857,3,14,82,99,1.202020202020202,0.04757530020731468,663,"Any way you slice it, it's now a table for four."
2068,1857,2,16,81,99,1.202020202020202,0.045357095658013595,663,You were expecting pineapple?
2081,1857,2,16,81,99,1.202020202020202,0.045357095658013595,663,Could you pour some Chianti ?
2094,1857,2,16,81,99,1.202020202020202,0.045357095658013595,663,The small pepperoni was enough for us but you might want to order the large.
1902,1857,4,12,83,99,1.202020202020202,0.0496945897769771,663,"We were a little hungry"""
2192,1857,3,14,82,99,1.202020202020202,0.04757530020731468,663,You're surprised? I thought I was going out for an intimate dinner on the piazza!
3251,1999,4,10,76,90,1.2,0.0528819853025402,663,"It looks like the date night special, but we ordered a large."
3130,2000,3,14,84,101,1.198019801980198,0.046713370740932486,663,It's the toughest table to get in town.
4011,2001,2,15,80,97,1.1958762886597938,0.04550021538441706,663,Thanks for ordering a Small.  It was great!
3905,2001,2,15,80,97,1.1958762886597938,0.04550021538441706,663,All that's left is a slice of life.
3725,2001,3,13,81,97,1.1958762886597938,0.04780215719327684,663,Now that's what I call a slice of life.
3583,2001,3,13,81,97,1.1958762886597938,0.04780215719327684,663,I can't believe they found matching chairs.
3529,2001,1,17,79,97,1.1958762886597938,0.043075433459524665,663,"Would you mind closing the lid, we're having a little pizza party!"
3281,2001,1,17,79,97,1.1958762886597938,0.043075433459524665,663,Do you mind! You're letting in a draft
3348,2001,3,13,81,97,1.1958762886597938,0.04780215719327684,663,They did say the deluxe pizza would be like fine dining.
3261,2001,3,13,81,97,1.1958762886597938,0.04780215719327684,663,"It's reduce reuse and, then, recycle!"
4047,2001,3,13,81,97,1.1958762886597938,0.04780215719327684,663,We're into reducing and re-using.
3197,2001,2,15,80,97,1.1958762886597938,0.04550021538441706,663,"Hi, we’re the lovers you wanted to meet."
3407,2001,3,13,81,97,1.1958762886597938,0.04780215719327684,663,"Honestly John, if you wanted to introduce some excitement  into our  our sex life, couldn’t you just use the app?"
4146,2001,2,15,80,97,1.1958762886597938,0.04550021538441706,663,"Can you tell our server we're ready to order,please?"
4698,2001,2,15,80,97,1.1958762886597938,0.04550021538441706,663,Give them a pizza your mind!
4260,2001,3,13,81,97,1.1958762886597938,0.04780215719327684,663,So much for the mood lighting!
4308,2001,4,11,82,97,1.1958762886597938,0.04999822861495349,663,"Excuse me, but this pizza is personal!"
4426,2001,2,15,80,97,1.1958762886597938,0.04550021538441706,663,So did you have to pay extra for those toppings?
4435,2001,0,19,78,97,1.1958762886597938,0.040505756818303394,663,"Would you please bring a candle, and then re-close the lid?"
4469,2001,1,17,79,97,1.1958762886597938,0.043075433459524665,663,We're going to need a bigger pie.
4475,2001,3,13,81,97,1.1958762886597938,0.04780215719327684,663,What toppings did you order?
4534,2001,3,13,81,97,1.1958762886597938,0.04780215719327684,663,"'""Topping. And you?'"""
4705,2001,2,15,80,97,1.1958762886597938,0.04550021538441706,663,Can’t you see we are having a romantic dinner!
4898,2001,3,13,81,97,1.1958762886597938,0.04780215719327684,663,It's us
4936,2001,2,15,80,97,1.1958762886597938,0.04550021538441706,663,Rough times for wedding cake toppers.
3095,2001,1,17,79,97,1.1958762886597938,0.043075433459524665,663,Did they charge us extra?
4248,2001,1,17,79,97,1.1958762886597938,0.043075433459524665,663,I wonder if they knew we were Gay?
3014,2001,5,9,83,97,1.1958762886597938,0.05210181855689453,663,At Lilliputino’s we aim to please...
3535,2001,5,9,83,97,1.1958762886597938,0.05210181855689453,663,"excuse me, can't you see we're having dinner?!"
2939,2001,2,15,80,97,1.1958762886597938,0.04550021538441706,663,"Honey, did you order Mozart + Ella pizza again?"
2979,2001,2,15,80,97,1.1958762886597938,0.04550021538441706,663,Amazon really should've stayed out of the restaurant industry
69,2001,3,13,81,97,1.1958762886597938,0.04780215719327684,663,Do you have a table near a window?
116,2001,4,11,82,97,1.1958762886597938,0.04999822861495349,663,I told you we should have left a better tip.
533,2001,3,13,81,97,1.1958762886597938,0.04780215719327684,663,Their names better be Mushrooms & Pepperoni!
575,2001,2,15,80,97,1.1958762886597938,0.04550021538441706,663,"Jeff, we talked about enunciation. The pizza man can't tell when you say pepperoni instead of Maloney"
707,2001,1,17,79,97,1.1958762886597938,0.043075433459524665,663,We’re the Noyds.  Your pizza was delicious.
840,2001,4,11,82,97,1.1958762886597938,0.04999822861495349,663,"Well, their ad said, ""Bring home a little Italian dinner""."
888,2001,2,15,80,97,1.1958762886597938,0.04550021538441706,663,"Listen, friend, we're still on our aperatifs and things would go a lot more smoothly if you didn't keep looking over our shoulders. We'll be finished when we're finished, then it's all yours."
919,2001,3,13,81,97,1.1958762886597938,0.04780215719327684,663,What did you expect - pepperoni?
1082,2001,1,17,79,97,1.1958762886597938,0.043075433459524665,663,Could we have a bit more wine?
1175,2001,4,11,82,97,1.1958762886597938,0.04999822861495349,663,"For the seventeeth time, we don't want our glasses filled!"
1352,2001,2,15,80,97,1.1958762886597938,0.04550021538441706,663,Can I help you?
1627,2001,2,15,80,97,1.1958762886597938,0.04550021538441706,663,"Careful man, there’s a beverage here!"
555,2001,0,19,78,97,1.1958762886597938,0.040505756818303394,663,"Hi we're your extra toppings, i'm Basil and this is Olive."
1681,2001,4,11,82,97,1.1958762886597938,0.04999822861495349,663,"Reduce, Reuse, Recycle."
1655,2001,1,17,79,97,1.1958762886597938,0.043075433459524665,663,"Excuse me, but WE reserved this table a week ago!"
2835,2001,2,15,80,97,1.1958762886597938,0.04550021538441706,663,"""If you're from the Health Department we're screwed."""
2566,2001,4,11,82,97,1.1958762886597938,0.04999822861495349,663,"It is our anniversary, can we have another 20 minutes?"
2331,2001,3,13,81,97,1.1958762886597938,0.04780215719327684,663,Wow. First time we've seen customers in a while; our five star review must have really helped business.
2182,2001,4,11,82,97,1.1958762886597938,0.04999822861495349,663,I ordered pizza and dinner for two.
2401,2001,5,9,83,97,1.1958762886597938,0.05210181855689453,663,Can you shut that damn door!!
1904,2001,1,17,79,97,1.1958762886597938,0.043075433459524665,663,"Excuse me, this table is reserved."
1850,2001,3,13,81,97,1.1958762886597938,0.04780215719327684,663,We were hoping for a table that's a little less drafty.
1684,2001,3,13,81,97,1.1958762886597938,0.04780215719327684,663,You wanted dates as a pizza topping?
2080,2001,1,17,79,97,1.1958762886597938,0.043075433459524665,663,Would you like to join us in a pizza?
2906,2001,2,15,80,97,1.1958762886597938,0.04550021538441706,663,We can't believe we ate the whole thing.
2949,2055,3,12,79,94,1.1914893617021276,0.048487995775374215,663,Gulliver’s has the best pepperoni pizza in the city
3023,2055,3,12,79,94,1.1914893617021276,0.048487995775374215,663,"Then again, have you considered that we might actually be some kid's playhouse?"
3220,2055,1,16,77,94,1.1914893617021276,0.043514647367321815,663,I told you mushrooms isn’t the same thing as ‘shrooms
3066,2055,2,14,78,94,1.1914893617021276,0.046068483097531414,663,Do you mind? We waited 30 minutes for this table.
3088,2055,2,14,78,94,1.1914893617021276,0.046068483097531414,663,Maybe if you kids didn't order out so much you could afford to buy a nice New York style apartment like ours.
3099,2055,2,14,78,94,1.1914893617021276,0.046068483097531414,663,This is why we don't like dining out.
3111,2055,1,16,77,94,1.1914893617021276,0.043514647367321815,663,Enjoy a slice of Little Italy!
3129,2055,1,16,77,94,1.1914893617021276,0.043514647367321815,663,We'd like to see your giant manager.
3423,2055,1,16,77,94,1.1914893617021276,0.043514647367321815,663,‘Do you mind giving us a spin?’
3328,2055,2,14,78,94,1.1914893617021276,0.046068483097531414,663,"Did you bring the house red I ordered?"""
3353,2055,1,16,77,94,1.1914893617021276,0.043514647367321815,663,We hoped you wouldn't mind us dropping in.
3415,2055,1,16,77,94,1.1914893617021276,0.043514647367321815,663,sorry it's dinner for two
3419,2055,4,10,80,94,1.1914893617021276,0.0507923846035789,663,"You're the one who ordered ""chef's choice"" as a topping!"
3435,2055,3,12,79,94,1.1914893617021276,0.048487995775374215,663,This is the 'upper crust' pizza.  All the slices of pie are ours.
3452,2055,4,10,80,94,1.1914893617021276,0.0507923846035789,663,It's a small world after all!
3453,2055,3,12,79,94,1.1914893617021276,0.048487995775374215,663,"Yup, this is the small cheese lovers pizza."
2921,2055,3,12,79,94,1.1914893617021276,0.048487995775374215,663,"Well, eat up, you stupid pig. This is what you wanted, isn't it? This is what you ordered."
3459,2055,1,16,77,94,1.1914893617021276,0.043514647367321815,663,I dare not open the desert pudding
3294,2055,2,14,78,94,1.1914893617021276,0.046068483097531414,663,"Hey! We ordered a couple of giant pizzas, not a couple of giants!"
2891,2055,2,14,78,94,1.1914893617021276,0.046068483097531414,663,Surprise! No pizza here. We’re the Keto Diet police sent to save you from your  carb-addicted self.
2560,2055,2,14,78,94,1.1914893617021276,0.046068483097531414,663,"Sorry, this seat is taken"
2861,2055,2,14,78,94,1.1914893617021276,0.046068483097531414,663,Could you just close the box? Our pizza is getting cold!
2352,2055,6,6,82,94,1.1914893617021276,0.05511286177044538,663,"I think they misunderstood when you ordered ""little portions"", not
 Lillipuchuans."
2408,2055,1,16,77,94,1.1914893617021276,0.043514647367321815,663,"Okay, how about fifty-fifty?"
2409,2055,1,16,77,94,1.1914893617021276,0.043514647367321815,663,"If you think we are a surprise, you first  better look  UP ."
2413,2055,2,14,78,94,1.1914893617021276,0.046068483097531414,663,"Hawaiian? No, we’re the ‘Two Can Dine for $6.99’."
2457,2055,1,16,77,94,1.1914893617021276,0.043514647367321815,663,I told you this table was too close to the kitchen!
2459,2055,4,10,80,94,1.1914893617021276,0.0507923846035789,663,"Yes honey, I shrunk the kids, but frankly I didn't think that their newfound marginality would have brought them this close together."
2494,2055,3,12,79,94,1.1914893617021276,0.048487995775374215,663,"You did order a piccolo of the same, no?"
2536,2055,2,14,78,94,1.1914893617021276,0.046068483097531414,663,DARN IT ! I ORDERED THIS PIZZA WITHOUT ANY TOPPING.
3573,2055,1,16,77,94,1.1914893617021276,0.043514647367321815,663,We are reviewing the latest boîte. What are YOU doing?
2589,2055,1,16,77,94,1.1914893617021276,0.043514647367321815,663,"Well, we did order the small."
2660,2055,3,12,79,94,1.1914893617021276,0.048487995775374215,663,We asked for a table in the corner!
2662,2055,1,16,77,94,1.1914893617021276,0.043514647367321815,663,Thought you said we had the whole place for ourselves
2718,2055,2,14,78,94,1.1914893617021276,0.046068483097531414,663,"Yes, well frankly we're a little miffed too for not being considered a deluxe topping!"
2755,2055,2,14,78,94,1.1914893617021276,0.046068483097531414,663,The crowds get bigger every time we come here.
2765,2055,3,12,79,94,1.1914893617021276,0.048487995775374215,663,Did they throw in a free drink?
2779,2055,1,16,77,94,1.1914893617021276,0.043514647367321815,663,At least we were able to be seated together.
2823,2055,4,10,80,94,1.1914893617021276,0.0507923846035789,663,"Damn it, I distinctly said pepperoni, not Pepe and Ronnie!"
2844,2055,3,12,79,94,1.1914893617021276,0.048487995775374215,663,YOUR LILIPUTS ARE HAPPY EVEN WHEN  LOCKED IN A BOX
2850,2055,1,16,77,94,1.1914893617021276,0.043514647367321815,663,Bet they'll be good with some hot peppers!
2868,2055,3,12,79,94,1.1914893617021276,0.048487995775374215,663,"No, we didn't bring anchovies. Do we look like fishermen?"
3582,2055,2,14,78,94,1.1914893617021276,0.046068483097531414,663,I specifically told the guy: Family Size.
4125,2055,1,16,77,94,1.1914893617021276,0.043514647367321815,663,"You ordered a small Margherita with Basil, right?"
3600,2055,3,12,79,94,1.1914893617021276,0.048487995775374215,663,"Why, oh why didn't I take the blue pill?"
4563,2055,3,12,79,94,1.1914893617021276,0.048487995775374215,663,That's right---a slice of life.
4569,2055,1,16,77,94,1.1914893617021276,0.043514647367321815,663,Which one of you is named Gulliver?
4654,2055,1,16,77,94,1.1914893617021276,0.043514647367321815,663,Do you mind?  We'd like a bit of privacy for our anniversary dinner!
4758,2055,2,14,78,94,1.1914893617021276,0.046068483097531414,663,A rare photograph of the Italian secret service.
4803,2055,2,14,78,94,1.1914893617021276,0.046068483097531414,663,Thanks for not spilling the wine on the way home
4805,2055,2,14,78,94,1.1914893617021276,0.046068483097531414,663,Is this from that little Italian place around the corner?
4847,2055,3,12,79,94,1.1914893617021276,0.048487995775374215,663,You said to surprise you.
4848,2055,3,12,79,94,1.1914893617021276,0.048487995775374215,663,That's why they call it a box lunch.
4852,2055,3,12,79,94,1.1914893617021276,0.048487995775374215,663,It's easy when you know the delivery guy.
4864,2055,1,16,77,94,1.1914893617021276,0.043514647367321815,663,"You ordered the Two Topping Special, right?  Well - I’m Bob Topping, and this is my wife Nancy."
4949,2055,3,12,79,94,1.1914893617021276,0.048487995775374215,663,What? You asked for two small ones to go.
4968,2055,2,14,78,94,1.1914893617021276,0.046068483097531414,663,"Don’t worry, we’re vegetarian."
4978,2055,4,10,80,94,1.1914893617021276,0.0507923846035789,663,I ordered the small family feast.
5009,2055,2,14,78,94,1.1914893617021276,0.046068483097531414,663,I’m Basil and she’s Margherita.  We’re today’s special.
5015,2055,3,12,79,94,1.1914893617021276,0.048487995775374215,663,This again?
5043,2055,2,14,78,94,1.1914893617021276,0.046068483097531414,663,"Oh, you didn't order the small?"
5063,2055,1,16,77,94,1.1914893617021276,0.043514647367321815,663,"Well, maybe we think you're cheesy."
5067,2055,3,12,79,94,1.1914893617021276,0.048487995775374215,663,"This is the special delivery."""
2342,2055,3,12,79,94,1.1914893617021276,0.048487995775374215,663,"Well, where in hell is our pizza ?"
4546,2055,2,14,78,94,1.1914893617021276,0.046068483097531414,663,"If you don't mind, we're eating here."
3593,2055,0,18,76,94,1.1914893617021276,0.04080127370679985,663,"We're drunk, we live next door to you, and we couldn't afford a cab. I guess that explains everything."
4542,2055,4,10,80,94,1.1914893617021276,0.0507923846035789,663,"So, this means our order is not coming?"
4365,2055,1,16,77,94,1.1914893617021276,0.043514647367321815,663,It looks like ‘Giant’s Pizza’ wasn’t an amusing typo.
3618,2055,4,10,80,94,1.1914893617021276,0.0507923846035789,663,That's not right. We ordered two guys.
3661,2055,1,16,77,94,1.1914893617021276,0.043514647367321815,663,There was a mix up at the chef's table
3666,2055,3,12,79,94,1.1914893617021276,0.048487995775374215,663,"Gerald, get the good knives this time."
3692,2055,4,10,80,94,1.1914893617021276,0.0507923846035789,663,"Oh, you want the vegetarian. We're vegan."
3766,2055,3,12,79,94,1.1914893617021276,0.048487995775374215,663,Can't a couple have pizza and a good red without someone raising the roof.
3778,2055,1,16,77,94,1.1914893617021276,0.043514647367321815,663,"I told you, hon, that this would be a night to remember."
3849,2055,1,16,77,94,1.1914893617021276,0.043514647367321815,663,I thought the “flashback special” meant something with mushrooms on top?!?
3893,2055,3,12,79,94,1.1914893617021276,0.048487995775374215,663,Do you mind?  We are trying to celebrate Pi day in here.
3898,2055,2,14,78,94,1.1914893617021276,0.046068483097531414,663,We held up the lid the whole drive over and you begrudge us a little red wine?
3914,2055,5,8,81,94,1.1914893617021276,0.05299666907573578,663,Why is it necessary that we have to deal with the little people and Trump doesn't?
4055,2055,3,12,79,94,1.1914893617021276,0.048487995775374215,663,You DID order Round Table Pizza!
4128,2055,2,14,78,94,1.1914893617021276,0.046068483097531414,663,"This must be one of those yuppy, artisan style pizza everyone's been talking about."
4153,2055,5,8,81,94,1.1914893617021276,0.05299666907573578,663,"The ambiance was lousy, but the food was good."
4197,2055,3,12,79,94,1.1914893617021276,0.048487995775374215,663,Of course we took our shoes off. We're not animals.
4213,2055,2,14,78,94,1.1914893617021276,0.046068483097531414,663,Could you close the box--we're getting cold.
4229,2055,2,14,78,94,1.1914893617021276,0.046068483097531414,663,The line was around the block so they are creating in-box chat rooms while we wait. Won't you join us?
4241,2055,0,18,76,94,1.1914893617021276,0.04080127370679985,663,Can we see a wine list?
4249,2055,2,14,78,94,1.1914893617021276,0.046068483097531414,663,What do you mean -- we're your pizza topping?
4304,2055,3,12,79,94,1.1914893617021276,0.048487995775374215,663,Then why did you order shrimp topping?
4422,2055,1,16,77,94,1.1914893617021276,0.043514647367321815,663,We were hoping to keep a lid on this.
2339,2055,5,8,81,94,1.1914893617021276,0.05299666907573578,663,"I thought you ordered Hawaiian, not angry Oompa Loompa."
1157,2055,1,16,77,94,1.1914893617021276,0.043514647367321815,663,So there is more to life than pizza. Point taken.
2312,2055,2,14,78,94,1.1914893617021276,0.046068483097531414,663,"We're huge fans - in order to dine with the New York Giants, we had to think inside the box."
754,2055,2,14,78,94,1.1914893617021276,0.046068483097531414,663,And that's why they call it Slice-o-Life Pizzeria.
776,2055,2,14,78,94,1.1914893617021276,0.046068483097531414,663,"Your Airbnb ad for ""A Little Slice of Heaven"" didn't really make this part clear."
802,2055,3,12,79,94,1.1914893617021276,0.048487995775374215,663,"We asked for a small shroom, not a small room!"
812,2055,3,12,79,94,1.1914893617021276,0.048487995775374215,663,It's not an ultimate deep-dish pizza until I tell you what Margaret and Harry have been up to recently.
2314,2055,2,14,78,94,1.1914893617021276,0.046068483097531414,663,"Excuse me, we're trying to have a little date here."
911,2055,4,10,80,94,1.1914893617021276,0.0507923846035789,663,I thought you ordered the pepperoni?
926,2055,1,16,77,94,1.1914893617021276,0.043514647367321815,663,This pizza is the world to me!!
939,2055,2,14,78,94,1.1914893617021276,0.046068483097531414,663,"You said the pizza ‘s ‘on us,’not the other way around!"
706,2055,2,14,78,94,1.1914893617021276,0.046068483097531414,663,We saved the pizza for you.
945,2055,2,14,78,94,1.1914893617021276,0.046068483097531414,663,I'm Pete and this is Patty.  We're the Pepperonis from next door.
991,2055,5,8,81,94,1.1914893617021276,0.05299666907573578,663,"Hi, this is Martha, I’m Fred, we’re the Anchovy’s."
1015,2055,0,18,76,94,1.1914893617021276,0.04080127370679985,663,Get the door--it's our nosy neighbors again.
1022,2055,3,12,79,94,1.1914893617021276,0.048487995775374215,663,"What the heck, this isn’t pepperoni!"
1029,2055,4,10,80,94,1.1914893617021276,0.0507923846035789,663,It's not just the economic pie that's shrinking.
1060,2055,3,12,79,94,1.1914893617021276,0.048487995775374215,663,Art of the meal.
1113,2055,1,16,77,94,1.1914893617021276,0.043514647367321815,663,This might be our tipping point in the sharing economy.
1125,2055,3,12,79,94,1.1914893617021276,0.048487995775374215,663,Please tell me you didn't tip.
1145,2055,3,12,79,94,1.1914893617021276,0.048487995775374215,663,The mood was romantic until you opened the box.
985,2055,2,14,78,94,1.1914893617021276,0.046068483097531414,663,This used to be such a nice little Italian place.
705,2055,3,12,79,94,1.1914893617021276,0.048487995775374215,663,"This table it too close to the kitchen."""
673,2055,2,14,78,94,1.1914893617021276,0.046068483097531414,663,We decided to downsize AND go upscale.
660,2055,2,14,78,94,1.1914893617021276,0.046068483097531414,663,"But I wanted sausage and mushrooms."""
67,2055,2,14,78,94,1.1914893617021276,0.046068483097531414,663,I hope you have Parmesan.
72,2055,2,14,78,94,1.1914893617021276,0.046068483097531414,663,We ordered take-in.
117,2055,2,14,78,94,1.1914893617021276,0.046068483097531414,663,We'll have the linguine fra diavolo.
122,2055,4,10,80,94,1.1914893617021276,0.0507923846035789,663,The ad said we would be transported to a little slice of heaven.
135,2055,2,14,78,94,1.1914893617021276,0.046068483097531414,663,New York style.
172,2055,1,16,77,94,1.1914893617021276,0.043514647367321815,663,"And--yes, we're using the chili flakes packet later as a mattress."
282,2055,1,16,77,94,1.1914893617021276,0.043514647367321815,663,"The newest Sitcom, The anchovies"
373,2055,2,14,78,94,1.1914893617021276,0.046068483097531414,663,This is what the 'Big Brother  Pizza' looks like
389,2055,4,10,80,94,1.1914893617021276,0.0507923846035789,663,"We love the food, but the decor is a little cheesy."
406,2055,4,10,80,94,1.1914893617021276,0.0507923846035789,663,We fucked on pretty much every part of this pizza. Bon fucking appetit.
427,2055,2,14,78,94,1.1914893617021276,0.046068483097531414,663,"Scram, this is my dream."
457,2055,3,12,79,94,1.1914893617021276,0.048487995775374215,663,Sorry.  We couldn't finish our wine within the 30 minute delivery.
495,2055,3,12,79,94,1.1914893617021276,0.048487995775374215,663,Where did the chairs come from?
529,2055,2,14,78,94,1.1914893617021276,0.046068483097531414,663,"Well, we did order an 'everything.'"
540,2055,2,14,78,94,1.1914893617021276,0.046068483097531414,663,Sorry.  The dollhouse is getting cold.
546,2055,1,16,77,94,1.1914893617021276,0.043514647367321815,663,"I thought it was weird when the menu said ""people""roni pie."
584,2055,4,10,80,94,1.1914893617021276,0.0507923846035789,663,"Look, do you mind? We asked for a private table."
592,2055,2,14,78,94,1.1914893617021276,0.046068483097531414,663,What did you expect? The tiny homes on Amazon were all sold out!
631,2055,2,14,78,94,1.1914893617021276,0.046068483097531414,663,I think we pressed the wrong option on Grub hub.
1150,2055,1,16,77,94,1.1914893617021276,0.043514647367321815,663,"You ordered the Pippa Ronny pizza, did you not?"
1186,2055,3,12,79,94,1.1914893617021276,0.048487995775374215,663,"Hello, we're the Toppings. They were out of anchovies."
837,2055,2,14,78,94,1.1914893617021276,0.046068483097531414,663,Are you a humanitarian?
2168,2055,2,14,78,94,1.1914893617021276,0.046068483097531414,663,Do you mind! It's her birthday.
1882,2055,2,14,78,94,1.1914893617021276,0.046068483097531414,663,You ordered the Lilliputian?
1909,2055,0,18,76,94,1.1914893617021276,0.04080127370679985,663,I hope you’re not hungry. We ate all your toppings.
1985,2055,2,14,78,94,1.1914893617021276,0.046068483097531414,663,We didn't know there was a cover charge.
1995,2055,3,12,79,94,1.1914893617021276,0.048487995775374215,663,Is that Big Sal?
2006,2055,3,12,79,94,1.1914893617021276,0.048487995775374215,663,"Excuse us, this was supposed to be a personal pie."
2052,2055,4,10,80,94,1.1914893617021276,0.0507923846035789,663,"Next time, enunciate more clearly when you want a capocolla for your pizza topping."
2060,2055,3,12,79,94,1.1914893617021276,0.048487995775374215,663,You really killed the mood.
2066,2055,4,10,80,94,1.1914893617021276,0.0507923846035789,663,Did you order this from that new place in little Italy?
1881,2055,0,18,76,94,1.1914893617021276,0.04080127370679985,663,It's not so bad once the anchovies left.
2067,2055,1,16,77,94,1.1914893617021276,0.043514647367321815,663,This merlot is not satisfactory.
2089,2055,1,16,77,94,1.1914893617021276,0.043514647367321815,663,Mario and Maria had to leave early but they rated the pizza a 5 and the Chianti a 3
2093,2055,1,16,77,94,1.1914893617021276,0.043514647367321815,663,Could you close the lid please?  We are trying to have a quiet candlelight dinner.
2117,2055,0,18,76,94,1.1914893617021276,0.04080127370679985,663,We needed to downsize and we just love Italy.
1221,2055,4,10,80,94,1.1914893617021276,0.0507923846035789,663,"Sorry, but I’m a vegetarian..."
2176,2055,2,14,78,94,1.1914893617021276,0.046068483097531414,663,Our space ship landed at this pizzeria and then it all went downhill from there.
2185,2055,1,16,77,94,1.1914893617021276,0.043514647367321815,663,"Close the door, the pizzas getting cold."
2245,2055,2,14,78,94,1.1914893617021276,0.046068483097531414,663,"Thanks, it was getting a little warm in here."
2310,2055,1,16,77,94,1.1914893617021276,0.043514647367321815,663,I think it's only fair that you have the crust.
2087,2055,2,14,78,94,1.1914893617021276,0.046068483097531414,663,They always forget the pepperoni...
1822,2055,2,14,78,94,1.1914893617021276,0.046068483097531414,663,"Funny, I never remember seeing anyone sitting at that little table before."
2046,2055,4,10,80,94,1.1914893617021276,0.0507923846035789,663,Privacy puh-leese!
1740,2055,4,10,80,94,1.1914893617021276,0.0507923846035789,663,Did you tell them a small vegan pizza or a small vegans pizza?
1278,2055,1,16,77,94,1.1914893617021276,0.043514647367321815,663,"Hey fellas, do you mind? I'm trying to treat my wife to a cheesy romantic evening."
1279,2055,4,10,80,94,1.1914893617021276,0.0507923846035789,663,"Frank, did you order a party pizza again?"
1777,2055,2,14,78,94,1.1914893617021276,0.046068483097531414,663,Could we see your dessert menu?
1313,2055,3,12,79,94,1.1914893617021276,0.048487995775374215,663,"Want to see strange? With a large pie, 
it's eight of us at a dining room table."
1333,2055,3,12,79,94,1.1914893617021276,0.048487995775374215,663,"Sorry, we can't figure out the Uber app."
1342,2055,2,14,78,94,1.1914893617021276,0.046068483097531414,663,"If this isn't your slice of Americana, then whose is it?"
1350,2055,0,18,76,94,1.1914893617021276,0.04080127370679985,663,Mind if we move to a table farther away from the kitchen?
1368,2055,2,14,78,94,1.1914893617021276,0.046068483097531414,663,Miniature golf is more fun.
1372,2055,2,14,78,94,1.1914893617021276,0.046068483097531414,663,"I'm sorry, this table is taken!"
1376,2055,4,10,80,94,1.1914893617021276,0.0507923846035789,663,Drink up! Your Uber's here and Harry's hungry.
1295,2055,2,14,78,94,1.1914893617021276,0.046068483097531414,663,"Sorry, we got here first."
1405,2055,2,14,78,94,1.1914893617021276,0.046068483097531414,663,"First of all, thanks for being Beta testers for Yelp!"
1389,2055,4,10,80,94,1.1914893617021276,0.0507923846035789,663,"Weird, I know. How'd they get cheese in the crust?"
1690,2055,3,12,79,94,1.1914893617021276,0.048487995775374215,663,"Excuse me, we were promised a quiet corner."
1595,2055,3,12,79,94,1.1914893617021276,0.048487995775374215,663,That was the last time Pat ordered pizza from Little Italy.
1542,2055,1,16,77,94,1.1914893617021276,0.043514647367321815,663,"Well, what did you think it was for?"
1706,2055,2,14,78,94,1.1914893617021276,0.046068483097531414,663,I bet you they're here to chat about our cholesterol levels
1461,2055,3,12,79,94,1.1914893617021276,0.048487995775374215,663,Please save us a small slice.
1449,2055,2,14,78,94,1.1914893617021276,0.046068483097531414,663,Glad I ordered a large.
1494,2055,1,16,77,94,1.1914893617021276,0.043514647367321815,663,"What did you think ""A  Little Italian Restaurant"" meant?"
1891,2233,2,14,79,95,1.1894736842105262,0.0456255189839455,663,We saved you a seat.
2679,2233,4,10,81,95,1.1894736842105262,0.050295291171453975,663,They must have thought you ordered a slice of life.
1310,2235,2,12,71,85,1.188235294117647,0.048778116640986524,663,"Sorry, my mistake. I thought Pizza Lilliput was just a small pizza"
3739,2236,4,9,79,92,1.184782608695652,0.05109724815265259,663,Had you hoped to reserve this table?
3601,2236,3,11,78,92,1.184782608695652,0.0487035648134137,663,"If you're cheating on Keto, you might as well get all the toppings."
3687,2236,1,15,76,92,1.184782608695652,0.04352302998477531,663,Oc course we have reservations.
3644,2236,1,15,76,92,1.184782608695652,0.04352302998477531,663,"'We'd invite you in, but I'm afraid there just isn't mush-room'."
3617,2236,1,15,76,92,1.184782608695652,0.04352302998477531,663,"Yes, we Are wearing shoe covers."
3413,2236,3,11,78,92,1.184782608695652,0.0487035648134137,663,Shut the box!
2795,2236,2,13,77,92,1.184782608695652,0.04618599010841946,663,It's been 45 minutes since we ordered - any idea what may be taking so long with our extra-small deluxe?
3260,2236,2,13,77,92,1.184782608695652,0.04618599010841946,663,Was that YOUR pizza?
3240,2236,1,15,76,92,1.184782608695652,0.04352302998477531,663,"Sorry to drop in like this.What petit entrees are you seving this evening"""
3233,2236,2,13,77,92,1.184782608695652,0.04618599010841946,663,"I asked for the Bistro size pizza for two and a bottle of red wine...The kid on the phone kept saying, 
“Got it. Got it.”"
3096,2236,3,11,78,92,1.184782608695652,0.0487035648134137,663,This explains the missing pepperoni.
4086,2236,1,15,76,92,1.184782608695652,0.04352302998477531,663,There must have been a mix-up about our jumbo order.
3411,2236,1,15,76,92,1.184782608695652,0.04352302998477531,663,"We said if you come over we’ll dine on pizza, didn’t we?"
4097,2236,3,11,78,92,1.184782608695652,0.0487035648134137,663,"No, we’re the Kaplans. The Anchovies are on vacation."
2753,2236,3,11,78,92,1.184782608695652,0.0487035648134137,663,"They said there was no wait time, so we took it!"
4194,2236,3,11,78,92,1.184782608695652,0.0487035648134137,663,We were hoping to have a quiet dinner at the Wormhole Cafe.
4399,2236,2,13,77,92,1.184782608695652,0.04618599010841946,663,"Look, we've been waiting on a table for over an hour..."
4468,2236,2,13,77,92,1.184782608695652,0.04618599010841946,663,"Tony and Angela
Pepperoni. Pleased to meet you"
4517,2236,3,11,78,92,1.184782608695652,0.0487035648134137,663,"Yeah, and if I had a nickel for every middle-aged uptown couple who  said, 'What are these two tiny people doing drinking wine by the glass in the center of our pizza?', I'd be a wealthy tiny person."
4695,2236,0,17,75,92,1.184782608695652,0.04068614746834949,663,Wow! They're sure thinking outside the box with this new dinner theater experience.
4730,2236,2,13,77,92,1.184782608695652,0.04618599010841946,663,"We decided to eat in tonight."""
4775,2236,3,11,78,92,1.184782608695652,0.0487035648134137,663,"You're shocked? We made a reservation for a 'cosy boite', how do you think we feel?"
4778,2236,2,13,77,92,1.184782608695652,0.04618599010841946,663,I thought I ordered a pizza for two
4854,2236,1,15,76,92,1.184782608695652,0.04352302998477531,663,We are just really thankful you didn’t order soup!
4928,2236,3,11,78,92,1.184782608695652,0.0487035648134137,663,Can we have some privacy please!
4964,2236,1,15,76,92,1.184782608695652,0.04352302998477531,663,Thanks for ordering from Really Little Caesars.
5089,2236,4,9,79,92,1.184782608695652,0.05109724815265259,663,"I ordered the ""meat lovers"""
5021,2236,3,11,78,92,1.184782608695652,0.0487035648134137,663,We ARE the couple of toppings.
5056,2236,4,9,79,92,1.184782608695652,0.05109724815265259,663,What are you looking at?” You ordered the cheese with the surprise topping!
4133,2236,1,15,76,92,1.184782608695652,0.04352302998477531,663,"Don’t worry, it’s free-range."
2541,2236,2,13,77,92,1.184782608695652,0.04618599010841946,663,"We'd both like another glass of wine, please."
441,2236,3,11,78,92,1.184782608695652,0.0487035648134137,663,i really miss the traditional pizza toppings
2422,2236,3,11,78,92,1.184782608695652,0.0487035648134137,663,this is the last time I use the pool function on uber eats
176,2236,3,11,78,92,1.184782608695652,0.0487035648134137,663,We want you “to go”...
342,2236,2,13,77,92,1.184782608695652,0.04618599010841946,663,"Ugh, they forgot the sauce again!"
504,2236,2,13,77,92,1.184782608695652,0.04618599010841946,663,"Sorry, our favorite little hole-in-the-wall was booked."
626,2236,3,11,78,92,1.184782608695652,0.0487035648134137,663,I'll be damned.  Alexa sent us Bill and Judy's hologram.
741,2236,1,15,76,92,1.184782608695652,0.04352302998477531,663,Could you please leave us alone?  You're ruining the mood.
792,2236,4,9,79,92,1.184782608695652,0.05109724815265259,663,"It’s about time, we’ve been waiting more than thirty minutes for our refills."
921,2236,3,11,78,92,1.184782608695652,0.0487035648134137,663,You asked them to throw in a little extra spice?
2426,2236,3,11,78,92,1.184782608695652,0.0487035648134137,663,We're the Prosciuttos. Reservation at 7.
989,2236,1,15,76,92,1.184782608695652,0.04352302998477531,663,I ordered homestyle and that's what they sent.
1002,2236,1,15,76,92,1.184782608695652,0.04352302998477531,663,This is a small!
1057,2236,3,11,78,92,1.184782608695652,0.0487035648134137,663,Pull up and chair and join us.
1200,2236,3,11,78,92,1.184782608695652,0.0487035648134137,663,And why did you think the table was here?
1204,2236,4,9,79,92,1.184782608695652,0.05109724815265259,663,Did you read the 'with everything' part?
1285,2236,3,11,78,92,1.184782608695652,0.0487035648134137,663,It's a small world!
951,2236,1,15,76,92,1.184782608695652,0.04352302998477531,663,"Next time, DON'T order a personal pizza!"
1356,2236,2,13,77,92,1.184782608695652,0.04618599010841946,663,We ordered the rose' and this is clearly a blush. What kind of establishment is this?
1323,2236,4,9,79,92,1.184782608695652,0.05109724815265259,663,'Extra Large' is just a matter of perspective.
2206,2236,2,13,77,92,1.184782608695652,0.04618599010841946,663,So when did we adopt them?
2188,2236,1,15,76,92,1.184782608695652,0.04352302998477531,663,Is the Pinot open?
2139,2236,3,11,78,92,1.184782608695652,0.0487035648134137,663,Just when I thought this date was getting too cheesy.
2091,2236,3,11,78,92,1.184782608695652,0.0487035648134137,663,Come see. They put meat lovers on our veggie
2054,2236,2,13,77,92,1.184782608695652,0.04618599010841946,663,"Hello, nice to meet you,We are the Anchovies!"
2100,2236,2,13,77,92,1.184782608695652,0.04618599010841946,663,Ah. ‘’Meet’ lovers pizza. Got it.
1845,2236,3,11,78,92,1.184782608695652,0.0487035648134137,663,"Look, I'm as surprised as you are - we asked the genii for an intimate dinner in PISA, not pizza...."
1837,2236,2,13,77,92,1.184782608695652,0.04618599010841946,663,"Do you mind, we are having a romantic dinner."
1806,2236,1,15,76,92,1.184782608695652,0.04352302998477531,663,THAT does NOT  look like anchovies
1641,2236,2,13,77,92,1.184782608695652,0.04618599010841946,663,"Hey, do you mind closing the lid! We'd like a little ambiance."
1507,2236,3,11,78,92,1.184782608695652,0.0487035648134137,663,"If you check your browsing history, you’ll know why we are here.”"
1872,2236,4,9,79,92,1.184782608695652,0.05109724815265259,663,Well now you know.
3892,2298,4,8,75,87,1.1839080459770115,0.0530510832792138,663,"Well, you did ask for a small pizza."
3390,2299,1,14,74,89,1.1797752808988764,0.043943150178405346,663,We are going to need another chair
3414,2299,2,12,75,89,1.1797752808988764,0.04675856138200857,663,Big appetites ... small dining table.
3409,2299,2,12,75,89,1.1797752808988764,0.04675856138200857,663,You didn't order a large meta?
3405,2299,1,14,74,89,1.1797752808988764,0.043943150178405346,663,We're just about done.
3389,2299,3,10,76,89,1.1797752808988764,0.04941382071271396,663,It’s not what it looks like.
3190,2299,1,14,74,89,1.1797752808988764,0.043943150178405346,663,"No, it's from 'Original' Nano Ray's"
3285,2299,1,14,74,89,1.1797752808988764,0.043943150178405346,663,It's not really about the crust when you order Lilliputian-style.
3280,2299,2,12,75,89,1.1797752808988764,0.04675856138200857,663,Mind if we borrow that chair?
3279,2299,1,14,74,89,1.1797752808988764,0.043943150178405346,663,"Wonder why they are looking at us strange, honey?"
3275,2299,3,10,76,89,1.1797752808988764,0.04941382071271396,663,I love ordering pizza from Dave's he pays so much attention to the little things.
3268,2299,2,12,75,89,1.1797752808988764,0.04675856138200857,663,"Stay out of our world, and we'll stay out of yours!"
3336,2299,5,6,78,89,1.1797752808988764,0.05433646020173372,663,Don't give me that look. You could you have at least left us a slice.
3444,2299,1,14,74,89,1.1797752808988764,0.043943150178405346,663,¨Can´t we just have some pizza and quiet?
3777,2299,1,14,74,89,1.1797752808988764,0.043943150178405346,663,Least there's no anchovies
3502,2299,0,16,73,89,1.1797752808988764,0.04093455548419586,663,Got any parmesan?
3531,2299,3,10,76,89,1.1797752808988764,0.04941382071271396,663,"""I think of my ex-wife and her new husband and the carb craving disappears ."""
3550,2299,2,12,75,89,1.1797752808988764,0.04675856138200857,663,It was this or pineapple.
3570,2299,4,8,77,89,1.1797752808988764,0.05193349874927951,663,"These little tables are so rarely used, we decided to 'order-in' with delivery by Door-Dash."
3604,2299,2,12,75,89,1.1797752808988764,0.04675856138200857,663,"It's true what they say, they really are getting smaller."
3623,2299,4,8,77,89,1.1797752808988764,0.05193349874927951,663,Mind closing the lid? Your other roommate is letting us sublet this space for $900 a month.
3642,2299,2,12,75,89,1.1797752808988764,0.04675856138200857,663,What's for dessert?
3702,2299,2,12,75,89,1.1797752808988764,0.04675856138200857,663,"Careful, gentlemen -- the peyote pizza is particularly potent tonite."
3732,2299,2,12,75,89,1.1797752808988764,0.04675856138200857,663,Pull up another chair and join us!
3741,2299,1,14,74,89,1.1797752808988764,0.043943150178405346,663,"Hey, this is a blind date."
3746,2299,1,14,74,89,1.1797752808988764,0.043943150178405346,663,We were ready to order half an hour ago!
3751,2299,1,14,74,89,1.1797752808988764,0.043943150178405346,663,And can you wrap the extra slices to go
3178,2299,1,14,74,89,1.1797752808988764,0.043943150178405346,663,I thought thinking outside the box would be thrilling! But no....
3446,2299,1,14,74,89,1.1797752808988764,0.043943150178405346,663,"I see you ordered the family size.”
Ellie Albertson, Westfield, N.J"
3173,2299,1,14,74,89,1.1797752808988764,0.043943150178405346,663,Could you ask our waiter to please dim the lights?
2764,2299,2,12,75,89,1.1797752808988764,0.04675856138200857,663,Will you be our servers this evening?
3136,2299,1,14,74,89,1.1797752808988764,0.043943150178405346,663,"You think the pizzas big, wait until you see the wine!"
2571,2299,1,14,74,89,1.1797752808988764,0.043943150178405346,663,You two better slow down with the extra larges.
2575,2299,2,12,75,89,1.1797752808988764,0.04675856138200857,663,Your pizza will be ready in 10 minutes.
2587,2299,4,8,77,89,1.1797752808988764,0.05193349874927951,663,What did you expect when you ordered authentic Italian’s takeout?
2600,2299,1,14,74,89,1.1797752808988764,0.043943150178405346,663,That’s not what I ordered
2608,2299,0,16,73,89,1.1797752808988764,0.04093455548419586,663,This isn't the personal pan pizza I wanted.
2609,2299,1,14,74,89,1.1797752808988764,0.043943150178405346,663,Do you mind?  This is a private dinner.
2646,2299,5,6,78,89,1.1797752808988764,0.05433646020173372,663,"What the ""f----""  are you two doing there ?"
2673,2299,1,14,74,89,1.1797752808988764,0.043943150178405346,663,The family I always hungered for as a child.
2678,2299,3,10,76,89,1.1797752808988764,0.04941382071271396,663,That took longer than 30 minutes.
2690,2299,2,12,75,89,1.1797752808988764,0.04675856138200857,663,"We're in the upper 1%, so we ate our share."
2719,2299,2,12,75,89,1.1797752808988764,0.04675856138200857,663,"I distinctly ordered carry-out, not dine-in."
2742,2299,3,10,76,89,1.1797752808988764,0.04941382071271396,663,So sorry! But we only ate the anchovies.
2761,2299,2,12,75,89,1.1797752808988764,0.04675856138200857,663,And you thought you ordered the vegan pizza?
2763,2299,2,12,75,89,1.1797752808988764,0.04675856138200857,663,Funny. You called for take out and WE called for takeout.
3798,2299,3,10,76,89,1.1797752808988764,0.04941382071271396,663,Juice fasting is stupid--wake up and eat.
2806,2299,2,12,75,89,1.1797752808988764,0.04675856138200857,663,Didn’t we ask for anchovies on our Lilliputian pizza
2813,2299,2,12,75,89,1.1797752808988764,0.04675856138200857,663,"Sorry, this one is taken."
2922,2299,3,10,76,89,1.1797752808988764,0.04941382071271396,663,"So, this is ""family style?"""
2936,2299,3,10,76,89,1.1797752808988764,0.04941382071271396,663,And we ARE what comes with the Suburban Couples' Deluxe pizza.
2961,2299,3,10,76,89,1.1797752808988764,0.04941382071271396,663,Sorry the order got mixed up. We are the couple who ordered the Lilliputian pizza.
2968,2299,2,12,75,89,1.1797752808988764,0.04675856138200857,663,"No Mushrooms or Cheese, Come on?"
2983,2299,3,10,76,89,1.1797752808988764,0.04941382071271396,663,"Hey guys, even us little people demand a piece of the pie, too."
3000,2299,3,10,76,89,1.1797752808988764,0.04941382071271396,663,"You ordered the small Canadian, so forget any refund."
3006,2299,2,12,75,89,1.1797752808988764,0.04675856138200857,663,"You wanted extra crust, you got it bozo!"
3049,2299,4,8,77,89,1.1797752808988764,0.05193349874927951,663,What do you have to do to be alone in this city?
3089,2299,0,16,73,89,1.1797752808988764,0.04093455548419586,663,Could we get the check?
3125,2299,3,10,76,89,1.1797752808988764,0.04941382071271396,663,"Yes, we are small and we are meat lovers."
3147,2299,2,12,75,89,1.1797752808988764,0.04675856138200857,663,"With our student loan debt, this is the best Italian vacation we can afford."
3804,2299,2,12,75,89,1.1797752808988764,0.04675856138200857,663,"Hi, we're Pepper and Ronny Topping."
4198,2299,1,14,74,89,1.1797752808988764,0.043943150178405346,663,Promise we won't eat much!
3896,2299,4,8,77,89,1.1797752808988764,0.05193349874927951,663,"Honey, I think we interupted something..."
4500,2299,3,10,76,89,1.1797752808988764,0.04941382071271396,663,"The daily special, tomorrow is pepperoni."
4502,2299,2,12,75,89,1.1797752808988764,0.04675856138200857,663,"Well, what were you going to do with it?"
4528,2299,2,12,75,89,1.1797752808988764,0.04675856138200857,663,"For the last time, our names are Clark and Tina Anchovy. Now can we finish our meal in peace?!"
4559,2299,1,14,74,89,1.1797752808988764,0.043943150178405346,663,You just wrecked the ambience.
4577,2299,3,10,76,89,1.1797752808988764,0.04941382071271396,663,"We thought the pizza saver might save our marriage, too."
4639,2299,0,16,73,89,1.1797752808988764,0.04093455548419586,663,"No, it's not a cheesy first date!"
4649,2299,2,12,75,89,1.1797752808988764,0.04675856138200857,663,I can't believe you guys ordered a pizza wearing those sweaters.
4682,2299,1,14,74,89,1.1797752808988764,0.043943150178405346,663,Double date?
4733,2299,2,12,75,89,1.1797752808988764,0.04675856138200857,663,I think it’s time to change the batteries in your hearing aids.  I said 2- mini Pizzas not 2-mini people!
4741,2299,2,12,75,89,1.1797752808988764,0.04675856138200857,663,I guess they forgot to put the meat lovers on the side.
4749,2299,3,10,76,89,1.1797752808988764,0.04941382071271396,663,"They never listen ... I said ""half couple on 1st date"" AND ""half bitter divorcee."""
4782,2299,0,16,73,89,1.1797752808988764,0.04093455548419586,663,This is the last time we order from Gulliver's to go.
4788,2299,2,12,75,89,1.1797752808988764,0.04675856138200857,663,I specifically asked for a table away from the kitchen.
4800,2299,2,12,75,89,1.1797752808988764,0.04675856138200857,663,I thought you said they were out of white pizza
4828,2299,2,12,75,89,1.1797752808988764,0.04675856138200857,663,We thought you wouldn't mind sharing
4831,2299,3,10,76,89,1.1797752808988764,0.04941382071271396,663,"Hey, we're eating here"
4853,2299,2,12,75,89,1.1797752808988764,0.04675856138200857,663,"Honey, you did say anything but anchovies."
4880,2299,4,8,77,89,1.1797752808988764,0.05193349874927951,663,Could you fix our table? It's a little wobbly!
4883,2299,4,8,77,89,1.1797752808988764,0.05193349874927951,663,Yes we saved the crust for you.
4901,2299,2,12,75,89,1.1797752808988764,0.04675856138200857,663,I chose the couple dining toppings!
4904,2299,1,14,74,89,1.1797752808988764,0.043943150178405346,663,"We asked if they could serve us take out, and 'viola' here we are."
4910,2299,2,12,75,89,1.1797752808988764,0.04675856138200857,663,You think we should offer them dessert
4914,2299,2,12,75,89,1.1797752808988764,0.04675856138200857,663,I thought we ordered we ordered anchovies.
4919,2299,1,14,74,89,1.1797752808988764,0.043943150178405346,663,You forgot to order the olives again.
4921,2299,1,14,74,89,1.1797752808988764,0.043943150178405346,663,Seriously? If you weren't enjoying yourself you could've just said so.
4943,2299,2,12,75,89,1.1797752808988764,0.04675856138200857,663,Gentrification is truly out of control these days.
4960,2299,2,12,75,89,1.1797752808988764,0.04675856138200857,663,See what happens when you neglect your parents?
4492,2299,4,8,77,89,1.1797752808988764,0.05193349874927951,663,Seriously?!  They forgot the dipping sauces for the crust again!
4485,2299,1,14,74,89,1.1797752808988764,0.043943150178405346,663,Seems I mixed up ordering an Uber with Uber Eats.
4457,2299,1,14,74,89,1.1797752808988764,0.043943150178405346,663,I guess they called our bluff on dining for four.
4452,2299,2,12,75,89,1.1797752808988764,0.04675856138200857,663,"Oh look dear, another relativity nerd who doesn’t understand quantum life"
3935,2299,2,12,75,89,1.1797752808988764,0.04675856138200857,663,You ordered an all dressed up pizza?
3950,2299,2,12,75,89,1.1797752808988764,0.04675856138200857,663,"If we had wanted to eat al fresco, we would have said so."
3966,2299,2,12,75,89,1.1797752808988764,0.04675856138200857,663,I guess it serves two.
4010,2299,0,16,73,89,1.1797752808988764,0.04093455548419586,663,We thought this would be the ultimate getaway.
4015,2299,0,16,73,89,1.1797752808988764,0.04093455548419586,663,Sorry...they delivered to the wrong address.
4029,2299,1,14,74,89,1.1797752808988764,0.043943150178405346,663,"Well, you did say you wanted everything on it."
4056,2299,3,10,76,89,1.1797752808988764,0.04941382071271396,663,Carl this isn't vegan.
4058,2299,2,12,75,89,1.1797752808988764,0.04675856138200857,663,Really? You ordered the unhappy couple pizza?
4113,2299,2,12,75,89,1.1797752808988764,0.04675856138200857,663,The only thing that tops a pizza is small talk with a little wine.
4149,2299,1,14,74,89,1.1797752808988764,0.043943150178405346,663,We’re your special topping.
4150,2299,1,14,74,89,1.1797752808988764,0.043943150178405346,663,We ordered a party of four! This place never gets our order right!
4195,2299,2,12,75,89,1.1797752808988764,0.04675856138200857,663,"It is Jonathan Swift pizza, after all."
2547,2299,3,10,76,89,1.1797752808988764,0.04941382071271396,663,WHAT?  NO OREGANO?!!!
3873,2299,2,12,75,89,1.1797752808988764,0.04675856138200857,663,Pop--Up-- Pizza for 2 - Please .
4203,2299,2,12,75,89,1.1797752808988764,0.04675856138200857,663,WE were promised our dinner would be served when the lights came on.
4224,2299,1,14,74,89,1.1797752808988764,0.043943150178405346,663,they forgot the anchovies.
4236,2299,1,14,74,89,1.1797752808988764,0.043943150178405346,663,Don't worry.  We wiped our shoes off first.
4264,2299,1,14,74,89,1.1797752808988764,0.043943150178405346,663,"It’s not what we thought “to go” meant, either."
4266,2299,1,14,74,89,1.1797752808988764,0.043943150178405346,663,"No we are not anchovies.
 Put your glasses on."
4275,2299,3,10,76,89,1.1797752808988764,0.04941382071271396,663,Talk about small portions
4325,2299,3,10,76,89,1.1797752808988764,0.04941382071271396,663,Do you have anything to eat? I’m sick of pizza.
4338,2299,1,14,74,89,1.1797752808988764,0.043943150178405346,663,They offered us first available seating
4363,2299,2,12,75,89,1.1797752808988764,0.04675856138200857,663,Looks like we got additional toppings for free!
4386,2299,2,12,75,89,1.1797752808988764,0.04675856138200857,663,"You can always scrape us off your “everything” pizza, along with the broccoli."
4395,2299,2,12,75,89,1.1797752808988764,0.04675856138200857,663,Did you order the small Piazza AGAIN ?
4396,2299,1,14,74,89,1.1797752808988764,0.043943150178405346,663,Are you vegan?
4402,2299,2,12,75,89,1.1797752808988764,0.04675856138200857,663,That's a real slice of life.
4423,2299,2,12,75,89,1.1797752808988764,0.04675856138200857,663,Chef Paolo said to reallyenjoy his pizza we needed to BE the topping.
4219,2299,0,16,73,89,1.1797752808988764,0.04093455548419586,663,"Not MY idea of  ""everything"""
2542,2299,1,14,74,89,1.1797752808988764,0.043943150178405346,663,We're the extra toppings.
2293,2299,2,12,75,89,1.1797752808988764,0.04675856138200857,663,They were out of non-white couples.
2501,2299,1,14,74,89,1.1797752808988764,0.043943150178405346,663,Red wine with white pizza? Philistine Lilliputians!
791,2299,4,8,77,89,1.1797752808988764,0.05193349874927951,663,"I don’t know.  We ordered here and to go, and here we are!"
798,2299,0,16,73,89,1.1797752808988764,0.04093455548419586,663,"Excuse us, but we got here first!"
832,2299,3,10,76,89,1.1797752808988764,0.04941382071271396,663,We're your serving suggestion.
863,2299,1,14,74,89,1.1797752808988764,0.043943150178405346,663,Last thing we remember was the aliens asking us what we wanted to eat
877,2299,0,16,73,89,1.1797752808988764,0.04093455548419586,663,This is a private conversation lady!
884,2299,1,14,74,89,1.1797752808988764,0.043943150178405346,663,What do you have to do to eat your pizza in peace these days?
907,2299,3,10,76,89,1.1797752808988764,0.04941382071271396,663,"Small, thin crust."
936,2299,1,14,74,89,1.1797752808988764,0.043943150178405346,663,This is the second time this place has given me diorama.
966,2299,1,14,74,89,1.1797752808988764,0.043943150178405346,663,The vegan special now comes with dates.
995,2299,2,12,75,89,1.1797752808988764,0.04675856138200857,663,"Hey, you ordered extra toppings, didn’t you?"
1000,2299,3,10,76,89,1.1797752808988764,0.04941382071271396,663,"Just an eight of slice for me, please."
1099,2299,1,14,74,89,1.1797752808988764,0.043943150178405346,663,We recommend a good chianti.
1106,2299,1,14,74,89,1.1797752808988764,0.043943150178405346,663,"Excuse me, we didn't know this pizza was taken."
1107,2299,2,12,75,89,1.1797752808988764,0.04675856138200857,663,You are what you eat special.
1109,2299,1,14,74,89,1.1797752808988764,0.043943150178405346,663,"A little dinner, I see."
1131,2299,2,12,75,89,1.1797752808988764,0.04675856138200857,663,I never thought I'd see the day... a three-legged table. Astounding.
1146,2299,2,12,75,89,1.1797752808988764,0.04675856138200857,663,What? Did you not the meat lovers?
1161,2299,1,14,74,89,1.1797752808988764,0.043943150178405346,663,"I ordered a single, vegetarian."
1192,2299,2,12,75,89,1.1797752808988764,0.04675856138200857,663,We'll have the tiramisu and coffee for dessert.
1201,2299,3,10,76,89,1.1797752808988764,0.04941382071271396,663,You checked extra toppings when you ordered this pizza. You give us a little wine and we give you light witty banter.
1210,2299,2,12,75,89,1.1797752808988764,0.04675856138200857,663,"I said olive and pepper, not Olivia and Peter."
1246,2299,2,12,75,89,1.1797752808988764,0.04675856138200857,663,You're holding up OUR dinner!
1249,2299,1,14,74,89,1.1797752808988764,0.043943150178405346,663,"You are welcome to join us for dinner, but you may want to take your shoes off first."
1265,2299,1,14,74,89,1.1797752808988764,0.043943150178405346,663,I know you see us as bugs but I assure you we are people.
1272,2299,0,16,73,89,1.1797752808988764,0.04093455548419586,663,I know people who have come out of the closet but you are the first couple who've come out of the box. Being unique is rewarding.
1296,2299,3,10,76,89,1.1797752808988764,0.04941382071271396,663,"Well, we didn't order a plate to share either."
1321,2299,2,12,75,89,1.1797752808988764,0.04675856138200857,663,"*thick New York accent*
""Ayyy how bout some privacy here!"""
790,2299,3,10,76,89,1.1797752808988764,0.04941382071271396,663,''You ordered extra cheese.''
779,2299,2,12,75,89,1.1797752808988764,0.04675856138200857,663,You were right. The personal pizza would have been big enough to share.
769,2299,1,14,74,89,1.1797752808988764,0.043943150178405346,663,I'm Basil and this is Rosemary - as per your order.
761,2299,2,12,75,89,1.1797752808988764,0.04675856138200857,663,"Please, let us enjoy the moment."
5019,2299,1,14,74,89,1.1797752808988764,0.043943150178405346,663,"Next time, we need to order fewer mushrooms."
4,2299,3,10,76,89,1.1797752808988764,0.04941382071271396,663,"Yes, we found ourselves in this spot once before!   The pizza delivery guy is also the maitre d’ at the Italian eatery on 5th."
42,2299,2,12,75,89,1.1797752808988764,0.04675856138200857,663,It's the new company promotion!
43,2299,3,10,76,89,1.1797752808988764,0.04941382071271396,663,You never thought the plastic thing might be a Lilliputian table?
57,2299,2,12,75,89,1.1797752808988764,0.04675856138200857,663,"Good evening, and welcome to pizza theater in the round."
119,2299,2,12,75,89,1.1797752808988764,0.04675856138200857,663,"We forgot to say it:   No anchovies, please!"
124,2299,0,16,73,89,1.1797752808988764,0.04093455548419586,663,You must have noticed that it looks like a little table.
129,2299,2,12,75,89,1.1797752808988764,0.04675856138200857,663,Skip the mushrooms.
143,2299,1,14,74,89,1.1797752808988764,0.043943150178405346,663,"You did order a 2 topping pizza, didn't you?"
153,2299,1,14,74,89,1.1797752808988764,0.043943150178405346,663,"Close the lid, you're letting the heat out."
181,2299,2,12,75,89,1.1797752808988764,0.04675856138200857,663,Mind if we join you?
190,2299,4,8,77,89,1.1797752808988764,0.05193349874927951,663,What did you think it was for?
221,2299,3,10,76,89,1.1797752808988764,0.04941382071271396,663,Do these mushrooms taste different to you?
1322,2299,4,8,77,89,1.1797752808988764,0.05193349874927951,663,It’s intrusion on our privacy any way you slice it!
241,2299,2,12,75,89,1.1797752808988764,0.04675856138200857,663,"My shoes are perfectly clean, thank you very much."
260,2299,3,10,76,89,1.1797752808988764,0.04941382071271396,663,I foolishly asked the genie if he would like a little cheese with that whine when I told him to get back in the bottle.
267,2299,0,16,73,89,1.1797752808988764,0.04093455548419586,663,I think they want us to move out.
388,2299,2,12,75,89,1.1797752808988764,0.04675856138200857,663,"We refused to leave our table for ""Gullivers Pizza"""
396,2299,2,12,75,89,1.1797752808988764,0.04675856138200857,663,We'd like to order another round.
407,2299,1,14,74,89,1.1797752808988764,0.043943150178405346,663,At least they didn't skimp on the cheese this time!
460,2299,2,12,75,89,1.1797752808988764,0.04675856138200857,663,We'll be finished in a few minutes.
511,2299,3,10,76,89,1.1797752808988764,0.04941382071271396,663,The pizza place must have written down 'Lilliputians' instead of 'a little parmigiano.'
543,2299,4,8,77,89,1.1797752808988764,0.05193349874927951,663,What type of pizza are you standing on?
557,2299,2,12,75,89,1.1797752808988764,0.04675856138200857,663,This floor is disgusting.
640,2299,1,14,74,89,1.1797752808988764,0.043943150178405346,663,"Sorry, we had to eat the pizza. We've been in this damn box for a week or more."
653,2299,2,12,75,89,1.1797752808988764,0.04675856138200857,663,Hey! Can we get a little privacy here?
697,2299,1,14,74,89,1.1797752808988764,0.043943150178405346,663,Would you mind? We are in the middle of a date.
719,2299,2,12,75,89,1.1797752808988764,0.04675856138200857,663,Did you order with or without Lilliputians?
253,2299,1,14,74,89,1.1797752808988764,0.043943150178405346,663,Could you bring a smidge of Parmesan?
2533,2299,1,14,74,89,1.1797752808988764,0.043943150178405346,663,Do you mind? Our pizza's getting cold.
1338,2299,3,10,76,89,1.1797752808988764,0.04941382071271396,663,This is a ‘PRIVATE’ party fellas!
1353,2299,2,12,75,89,1.1797752808988764,0.04675856138200857,663,"Not what we meant by ""carry out."""
1895,2299,2,12,75,89,1.1797752808988764,0.04675856138200857,663,I DON'T THINK HE'S MY TYPE.
1915,2299,0,16,73,89,1.1797752808988764,0.04093455548419586,663,So this is what they call their “Date Night “ pizza?  Can’t wait to what else is on the menu!
1974,2299,2,12,75,89,1.1797752808988764,0.04675856138200857,663,This is not what I meant when I said I wanted a romantic evening for two.
1982,2299,1,14,74,89,1.1797752808988764,0.043943150178405346,663,They should be smaller and more of them to be considered a legit topping
2048,2299,0,16,73,89,1.1797752808988764,0.04093455548419586,663,Can we split the bill 8 ways?
2057,2299,1,14,74,89,1.1797752808988764,0.043943150178405346,663,Chicago pizza keeps getting worse.
2084,2299,2,12,75,89,1.1797752808988764,0.04675856138200857,663,Yes we went for the three wishes pizza too
2104,2299,2,12,75,89,1.1797752808988764,0.04675856138200857,663,Yelp promised a genuine Sicilian dining experience
2107,2299,1,14,74,89,1.1797752808988764,0.043943150178405346,663,This is more than we can eat.  Would you like some?
2204,2299,3,10,76,89,1.1797752808988764,0.04941382071271396,663,"Well, it turns out the delivery guy isn't schizophrenic after all..."
2220,2299,7,2,80,89,1.1797752808988764,0.05884875646163601,663,What'd ya think they were for?
2221,2299,3,10,76,89,1.1797752808988764,0.04941382071271396,663,I thought we ordered cheese only.
2272,2299,4,8,77,89,1.1797752808988764,0.05193349874927951,663,Welcome to the new social network!!
2278,2299,2,12,75,89,1.1797752808988764,0.04675856138200857,663,"Hi, we are Pepe and Roni. Now why did you want us with your pizza?"
2306,2299,5,6,78,89,1.1797752808988764,0.05433646020173372,663,"You ordered ""vegetarians"" not ""vegetarian."""
2320,2299,2,12,75,89,1.1797752808988764,0.04675856138200857,663,They said it feeds four.
2341,2299,3,10,76,89,1.1797752808988764,0.04941382071271396,663,"I'm Blue, and this is my wife Gouda. We understand that you ordered extra cheese."
2345,2299,3,10,76,89,1.1797752808988764,0.04941382071271396,663,We're the Dominos.
2354,2299,2,12,75,89,1.1797752808988764,0.04675856138200857,663,Don't you dare put us in the microwave again!
2410,2299,2,12,75,89,1.1797752808988764,0.04675856138200857,663,"One side will make you grow taller, and the other side will make you grow shorter.'"
2423,2299,1,14,74,89,1.1797752808988764,0.043943150178405346,663,"Jerry told me about this when he came here, we just have to tell them ""what a lovely home!"""
2430,2299,1,14,74,89,1.1797752808988764,0.043943150178405346,663,"Hey, a little pie-vacy, here, please!"
2438,2299,2,12,75,89,1.1797752808988764,0.04675856138200857,663,This blind date just got a bit weird...
2448,2299,4,8,77,89,1.1797752808988764,0.05193349874927951,663,"Hey, they ate our pizza"
2477,2299,2,12,75,89,1.1797752808988764,0.04675856138200857,663,We enjoy the admittedly cheesy ambience.
2489,2299,2,12,75,89,1.1797752808988764,0.04675856138200857,663,"Don't worry, we don't eat much"
2498,2299,3,10,76,89,1.1797752808988764,0.04941382071271396,663,"Shocking, I know! But we had to downsize; we 99 percenters could no longer afford to live on a human scale."
1892,2299,3,10,76,89,1.1797752808988764,0.04941382071271396,663,"Honey, I thought you ordered a party of 3..."
1887,2299,3,10,76,89,1.1797752808988764,0.04941382071271396,663,What cannibals order for delivery on a Friday night.
1878,2299,3,10,76,89,1.1797752808988764,0.04941382071271396,663,Excuse me! Can't a couple have some privacy on their first anniversary?!
1839,2299,4,8,77,89,1.1797752808988764,0.05193349874927951,663,Bob Mankoff wouldn't have bought this.
1355,2299,1,14,74,89,1.1797752808988764,0.043943150178405346,663,You think it's bad for you? They're making us eat off the floor!
1360,2299,3,10,76,89,1.1797752808988764,0.04941382071271396,663,Remember when date night led to more than acid reflux?
1381,2299,1,14,74,89,1.1797752808988764,0.043943150178405346,663,We just wanted to skip the dishes and have a quiet night at home!
1393,2299,1,14,74,89,1.1797752808988764,0.043943150178405346,663,May we have more wine with your pizza?
1395,2299,1,14,74,89,1.1797752808988764,0.043943150178405346,663,You never think outside the pizza box!
1397,2299,2,12,75,89,1.1797752808988764,0.04675856138200857,663,"Close the lid, it's cold!"
1425,2299,1,14,74,89,1.1797752808988764,0.043943150178405346,663,"The ""Extra Large"" can feed a small group."
1437,2299,0,16,73,89,1.1797752808988764,0.04093455548419586,663,You're getting the full taste of Little Italy.
1441,2299,2,12,75,89,1.1797752808988764,0.04675856138200857,663,"Well, the Yelp review did say this place has a large following."
1456,2299,2,12,75,89,1.1797752808988764,0.04675856138200857,663,We frequently pop up in unexpected locations
1463,2299,1,14,74,89,1.1797752808988764,0.043943150178405346,663,You ordered a Mediterranean didn’t you?
1465,2299,2,12,75,89,1.1797752808988764,0.04675856138200857,663,....hope you are not hungry.
1492,2299,2,12,75,89,1.1797752808988764,0.04675856138200857,663,"A healthy marriage is more than just ""standing on cakes""."
1343,2299,2,12,75,89,1.1797752808988764,0.04675856138200857,663,I’m Joey Pepperoni and this is my wife Marie.
1504,2299,2,12,75,89,1.1797752808988764,0.04675856138200857,663,Maybe CBD edibles shouldn't have been legalized?
1558,2299,3,10,76,89,1.1797752808988764,0.04941382071271396,663,This is the meat lovers pizza?
1610,2299,2,12,75,89,1.1797752808988764,0.04675856138200857,663,"If you make a downsizing joke, I will poop on your pizza."
1611,2299,3,10,76,89,1.1797752808988764,0.04941382071271396,663,We wiped our feet.
1630,2299,0,16,73,89,1.1797752808988764,0.04093455548419586,663,We should have held the mushrooms.
1640,2299,2,12,75,89,1.1797752808988764,0.04675856138200857,663,We were hoping we could have some time to ourselves on the piazza!
1679,2299,2,12,75,89,1.1797752808988764,0.04675856138200857,663,"Yeah well, maybe we are tiny and maybe we do live on a pizza in a box but at least we're not ugly."
1732,2299,1,14,74,89,1.1797752808988764,0.043943150178405346,663,"Is this your dream,or ours?"
1760,2299,2,12,75,89,1.1797752808988764,0.04675856138200857,663,"We have our drinks, thanks, but where are the four and twenty blackbirds?"
1772,2299,1,14,74,89,1.1797752808988764,0.043943150178405346,663,We ordered in not takeout.
1775,2299,2,12,75,89,1.1797752808988764,0.04675856138200857,663,Pizza? What Pizza?
1815,2299,1,14,74,89,1.1797752808988764,0.043943150178405346,663,Take out? We decided to eat in!
1832,2299,2,12,75,89,1.1797752808988764,0.04675856138200857,663,Your manboob is telling me you should pass on the pizza.
1838,2299,4,8,77,89,1.1797752808988764,0.05193349874927951,663,"Oh, and I suppose you thought these tables were for, what, pizza delivery?"
1543,2299,3,10,76,89,1.1797752808988764,0.04941382071271396,663,How else did you expect to get a romantic dinner with delivery pizza?
5041,2299,3,10,76,89,1.1797752808988764,0.04941382071271396,663,We were told there would not be a cover charge.
4939,2548,0,16,74,90,1.1777777777777778,0.04052642909417924,663,A thimbleful of red wine would be great.
2535,2548,2,12,76,90,1.1777777777777778,0.046279231145300956,663,Do you mind? We're on a date.
1743,2550,3,9,73,85,1.1764705882352942,0.05069950631596087,663,We'll take it to go.
3548,2551,3,9,74,86,1.1744186046511629,0.05014850849499494,663,"Actually, I'm Little Brutus and this is Little Octavia."
3346,2551,2,11,73,86,1.1744186046511629,0.0473421069773523,663,May we have a bit of privacy?
3313,2551,1,13,72,86,1.1744186046511629,0.04435850856191582,663,I'm sorry we ate your pizza. We were hungry...
3302,2551,3,9,74,86,1.1744186046511629,0.05014850849499494,663,I never ordered the “peopleroni!”
3276,2551,2,11,73,86,1.1744186046511629,0.0473421069773523,663,What were you expecting?
3267,2551,2,11,73,86,1.1744186046511629,0.0473421069773523,663,I'm sorry but this table is taken!
3210,2551,0,15,71,86,1.1744186046511629,0.041159196671218555,663,We were at Alice’s Restaurant for the takeout pizza.
3203,2551,0,15,71,86,1.1744186046511629,0.041159196671218555,663,We had reservations.
3165,2551,1,13,72,86,1.1744186046511629,0.04435850856191582,663,We're celebrating Pi Day.
3092,2551,0,15,71,86,1.1744186046511629,0.041159196671218555,663,You said you were in the mood for a little dinner
3084,2551,4,7,75,86,1.1744186046511629,0.052805972346791324,663,"How dare you call my wife a topping!"""
3052,2551,1,13,72,86,1.1744186046511629,0.04435850856191582,663,"Can’t a guy get some privacy, I mean enywhere?"
2995,2551,1,13,72,86,1.1744186046511629,0.04435850856191582,663,"We don't know. This giant guy said ""get a pizza saver"", and here we are."
2924,2551,1,13,72,86,1.1744186046511629,0.04435850856191582,663,Ugh...I hate ‘couples topping’....
2780,2551,1,13,72,86,1.1744186046511629,0.04435850856191582,663,I could have sworn I ordered vegetarian.
2720,2551,0,15,71,86,1.1744186046511629,0.041159196671218555,663,Our shoes are squeaky  clean and we only need a few minutes to finish our drinks.
2710,2551,0,15,71,86,1.1744186046511629,0.041159196671218555,663,"Well, we used to do wedding cakes about once a week, but after that 8-tier incident we moved on to pizzas."
2647,2551,1,13,72,86,1.1744186046511629,0.04435850856191582,663,"Well don’t just stand there, serve the pizza!"
2546,2551,1,13,72,86,1.1744186046511629,0.04435850856191582,663,You'll get your food when we get ours!
3609,2551,2,11,73,86,1.1744186046511629,0.0473421069773523,663,This is private box seating.
3636,2551,0,15,71,86,1.1744186046511629,0.041159196671218555,663,We're ready to order now.
3684,2551,1,13,72,86,1.1744186046511629,0.04435850856191582,663,Greetings from your friends at Dominos!
3817,2551,3,9,74,86,1.1744186046511629,0.05014850849499494,663,You SAID you wanted it extra cheesy!
4759,2551,1,13,72,86,1.1744186046511629,0.04435850856191582,663,"You did order it with everything, right?"
4746,2551,2,11,73,86,1.1744186046511629,0.0473421069773523,663,We're working on a PhD on perspective relationships.
4658,2551,0,15,71,86,1.1744186046511629,0.041159196671218555,663,"I asked for cheesiest topping possible, not for a re-enactment of your  proposal."
4643,2551,3,9,74,86,1.1744186046511629,0.05014850849499494,663,You were expecting maybe pepperoni?
4608,2551,1,13,72,86,1.1744186046511629,0.04435850856191582,663,You're surprised?! We were promised al fresco dining.
4551,2551,0,15,71,86,1.1744186046511629,0.041159196671218555,663,"Henry, I thought you were going to order a Veggie pizza?"
4499,2551,2,11,73,86,1.1744186046511629,0.0473421069773523,663,"Sorry, but we were hungry."
4454,2551,1,13,72,86,1.1744186046511629,0.04435850856191582,663,This pizza company not only does delivers but includes instructions on how to eat it properly.
4351,2551,3,9,74,86,1.1744186046511629,0.05014850849499494,663,You and you're special toppings.  Why can't you order a plain one for a change?
2461,2551,2,11,73,86,1.1744186046511629,0.0473421069773523,663,"Gosh.. Tables are really hard to come by at this restaurant..

..That's right! A little privacy please and if you could dim the lights again.."
4350,2551,4,7,75,86,1.1744186046511629,0.052805972346791324,663,"First, it was bacon on a burger. Now it's people on a pizza?!"
4284,2551,2,11,73,86,1.1744186046511629,0.0473421069773523,663,We support locally produced  products.
4273,2551,1,13,72,86,1.1744186046511629,0.04435850856191582,663,You did ask for an authentic Sicilian pizza”
4193,2551,2,11,73,86,1.1744186046511629,0.0473421069773523,663,Don't be disappointed; the pepperoni was nothing to rave about
4079,2551,2,11,73,86,1.1744186046511629,0.0473421069773523,663,No more chianti?  How about some valpolicella?
4067,2551,0,15,71,86,1.1744186046511629,0.041159196671218555,663,"Not only does it keep the top of the collapsing, you get to listen in on their dinner conversation"
3886,2551,4,7,75,86,1.1744186046511629,0.052805972346791324,663,"Sorry, only room for two."
3866,2551,1,13,72,86,1.1744186046511629,0.04435850856191582,663,"The pizzeria ran out of shrimp topping, we’re the upgrade."
3856,2551,1,13,72,86,1.1744186046511629,0.04435850856191582,663,"We'll need a set of tiny plates. And any tiny shoes you happen to have laying around."""
3844,2551,4,7,75,86,1.1744186046511629,0.052805972346791324,663,If you have a better idea for 'Date Night' I'd love to hear it.
4296,2551,2,11,73,86,1.1744186046511629,0.0473421069773523,663,"As a matter of fact, red wine also goes perfectly well WITHOUT pizza"
2445,2551,2,11,73,86,1.1744186046511629,0.0473421069773523,663,It's faster than Uber...
2418,2551,2,11,73,86,1.1744186046511629,0.0473421069773523,663,We've been waiting 33 minutes for service. I trust our order will be free.
2253,2551,2,11,73,86,1.1744186046511629,0.0473421069773523,663,Privacy Please!
744,2551,1,13,72,86,1.1744186046511629,0.04435850856191582,663,Did you order this topping?
666,2551,2,11,73,86,1.1744186046511629,0.0473421069773523,663,"We were sitting here having a drink when suddenly there was giant flash of light, and...well, here we are. Is this the Twilight Zone?"
657,2551,2,11,73,86,1.1744186046511629,0.0473421069773523,663,"You asked for ""round table""? What did you expect?"
541,2551,1,13,72,86,1.1744186046511629,0.04435850856191582,663,I think we got delivered to the wrong house.
535,2551,0,15,71,86,1.1744186046511629,0.041159196671218555,663,"I'm a meat lover and my wife's a vegetarian, but somehow it works."
530,2551,4,7,75,86,1.1744186046511629,0.052805972346791324,663,Could you place us on a table further from the kitchen?
492,2551,2,11,73,86,1.1744186046511629,0.0473421069773523,663,Small plates? I thought you said small dates!
479,2551,1,13,72,86,1.1744186046511629,0.04435850856191582,663,"Yeah, I dunno. I said I wanted to eat her box, there was a whooshing noise, glitter and sparkles, and here we are. A genie with a sense of humor, I guess."
446,2551,1,13,72,86,1.1744186046511629,0.04435850856191582,663,"The Airbnb listing called it a ""hut"" but the reviews were good"
767,2551,3,9,74,86,1.1744186046511629,0.05014850849499494,663,We ordered our pizza 45 minutes ago!
434,2551,2,11,73,86,1.1744186046511629,0.0473421069773523,663,A Lilliputian surprise.
339,2551,4,7,75,86,1.1744186046511629,0.052805972346791324,663,"Help us, Obese-one; you're our only hope."
292,2551,1,13,72,86,1.1744186046511629,0.04435850856191582,663,"We were having an intimate bistro moment - but that wouldn't mean much to you, would it?"
219,2551,1,13,72,86,1.1744186046511629,0.04435850856191582,663,"Take as many slices as you want, she already has half of it"
215,2551,3,9,74,86,1.1744186046511629,0.05014850849499494,663,You ordered a pie with the Works.  We’re Albert and Maggie Works.
113,2551,0,15,71,86,1.1744186046511629,0.041159196671218555,663,What? So you're ok with pineapple on here but not Susan and Jeffrey Holloway?
101,2551,0,15,71,86,1.1744186046511629,0.041159196671218555,663,"Well, you ordered shrimp, didn't you?"
38,2551,3,9,74,86,1.1744186046511629,0.05014850849499494,663,"We assure you that we are, indeed, meat lovers."
19,2551,2,11,73,86,1.1744186046511629,0.0473421069773523,663,Hey! We're trying to have a little dinner here!
12,2551,1,13,72,86,1.1744186046511629,0.04435850856191582,663,"You asked for a little aged Italian on your pizza, right?"
426,2551,0,15,71,86,1.1744186046511629,0.041159196671218555,663,"""I wanted pepperoni, not people-roni"""
4888,2551,0,15,71,86,1.1744186046511629,0.041159196671218555,663,"We didn't order extra small, did we?"
777,2551,2,11,73,86,1.1744186046511629,0.0473421069773523,663,"Hey big fella,don’t act so shocked.It’s  Lisa and Don Pepperoni."
839,2551,1,13,72,86,1.1744186046511629,0.04435850856191582,663,"Tony's ""magic bean special"" wasn't kidding!"
2243,2551,2,11,73,86,1.1744186046511629,0.0473421069773523,663,Do we look like we could eat all those toppings?
2142,2551,2,11,73,86,1.1744186046511629,0.0473421069773523,663,So where is our pizza then?
1988,2551,2,11,73,86,1.1744186046511629,0.0473421069773523,663,They weren’t kidding when they said it “feeds 4”
1977,2551,3,9,74,86,1.1744186046511629,0.05014850849499494,663,"Excuse me, we're still waiting on our bread twigs"
1744,2551,2,11,73,86,1.1744186046511629,0.0473421069773523,663,We'd like another table without as much people traffic.
1711,2551,1,13,72,86,1.1744186046511629,0.04435850856191582,663,It’s the only way to get it while it’s hot.
1701,2551,4,7,75,86,1.1744186046511629,0.052805972346791324,663,That’s the last time we order from A Little Slice of Life
1694,2551,1,13,72,86,1.1744186046511629,0.04435850856191582,663,"Wow, this really is extra cheesy."
1678,2551,2,11,73,86,1.1744186046511629,0.0473421069773523,663,Two narcissists order takeout.
820,2551,3,9,74,86,1.1744186046511629,0.05014850849499494,663,We didn't order two schlubby homebodies on our date night either.
1666,2551,1,13,72,86,1.1744186046511629,0.04435850856191582,663,"Well, at least they're not Hawaiian."
1547,2551,1,13,72,86,1.1744186046511629,0.04435850856191582,663,Can’t we get a little privacy?
1537,2551,1,13,72,86,1.1744186046511629,0.04435850856191582,663,"“Sorry. Our hors d’oeuvres were taking forever, so we ate the toppings.”"
1523,2551,1,13,72,86,1.1744186046511629,0.04435850856191582,663,Uuummmm.... we are still waiting for our breadsticks...
1458,2551,1,13,72,86,1.1744186046511629,0.04435850856191582,663,I thought we ordered a large.
1415,2551,1,13,72,86,1.1744186046511629,0.04435850856191582,663,Somebody said you were having a party?
1266,2551,1,13,72,86,1.1744186046511629,0.04435850856191582,663,Family size includes a Mom and Dad
1126,2551,2,11,73,86,1.1744186046511629,0.0473421069773523,663,This is what you get when you order a personal pizza from Little Italy!
1108,2551,3,9,74,86,1.1744186046511629,0.05014850849499494,663,We are just waiting on dessert.
992,2551,2,11,73,86,1.1744186046511629,0.0473421069773523,663,We accidentally clicked both the dine-in AND take out option on the website.
1550,2551,1,13,72,86,1.1744186046511629,0.04435850856191582,663,Did they get your order wrong again?
5032,2551,1,13,72,86,1.1744186046511629,0.04435850856191582,663,"A moment ago, it was warm, dark, and probably a little cheesy. And now this."
1064,2644,3,9,75,87,1.1724137931034482,0.04960926328218618,663,"‘
“Looks like they ran out of cheese.”"
578,2645,2,10,71,83,1.1686746987951808,0.04793495540400366,663,So you opened the door to an alternate universe. Are you happy now?
3124,2646,3,8,73,84,1.1666666666666667,0.05033830852372419,663,"The deep dish includes ""thoughtful conversation"""
3194,2646,2,10,72,84,1.1666666666666667,0.047403413087928364,663,Ask him to mansplain it again!
3211,2646,2,10,72,84,1.1666666666666667,0.047403413087928364,663,What? You ordered in and we’re eating in.
3249,2646,2,10,72,84,1.1666666666666667,0.047403413087928364,663,It was a really delicious piazza but filling
3263,2646,0,14,70,84,1.1666666666666667,0.040906724472818005,663,"I thought I just misheard when they said  'the Hams' were now included in 'the works' ."""
3274,2646,2,10,72,84,1.1666666666666667,0.047403413087928364,663,"Chow Bella, don’t look so surprised, we’re from your wedding cake, remember?"
3316,2646,1,12,71,84,1.1666666666666667,0.04427439259594549,663,"You did ask for extra toppings, right?"
3341,2646,1,12,71,84,1.1666666666666667,0.04427439259594549,663,You did order a Round Table Pizza didn't you?
3370,2646,2,10,72,84,1.1666666666666667,0.047403413087928364,663,I said just cheese and they made us an interpersonal pan pizza!
3077,2646,1,12,71,84,1.1666666666666667,0.04427439259594549,663,"Hi, I'll have the sea bass and...is it me, or is it hot in here?"
3378,2646,0,14,70,84,1.1666666666666667,0.040906724472818005,663,Obviously someone thought this would be funny.  Is that Mr. Jonathan Swift back there?
3401,2646,0,14,70,84,1.1666666666666667,0.040906724472818005,663,You ordered the Trickle Down Special. What did you expect?
3421,2646,1,12,71,84,1.1666666666666667,0.04427439259594549,663,We ARE gulten-free.
3449,2646,0,14,70,84,1.1666666666666667,0.040906724472818005,663,Do I come to your house and interrupt your dinner?!  Now shut the box!!!
3484,2646,1,12,71,84,1.1666666666666667,0.04427439259594549,663,Oh you said MEAT lovers pizza
3505,2646,2,10,72,84,1.1666666666666667,0.047403413087928364,663,Don't know about the pizza but this is definitely a great Chardonnay!
3530,2646,1,12,71,84,1.1666666666666667,0.04427439259594549,663,I thought I asked for cheese.
3555,2646,3,8,73,84,1.1666666666666667,0.05033830852372419,663,"One bite, everyone knows the rules."
3559,2646,1,12,71,84,1.1666666666666667,0.04427439259594549,663,Another giant asshole bothering us. Let’s see what this one wants.
3665,2646,0,14,70,84,1.1666666666666667,0.040906724472818005,663,'Dining In' is definitely different these days.
3396,2646,1,12,71,84,1.1666666666666667,0.04427439259594549,663,Thanks.  You can leave the top open.
2476,2646,1,12,71,84,1.1666666666666667,0.04427439259594549,663,"Well, somebody had to hold the pepperoni!"
3044,2646,2,10,72,84,1.1666666666666667,0.047403413087928364,663,Quit staring and bring us two milliliters of Merlot.
3007,2646,1,12,71,84,1.1666666666666667,0.04427439259594549,663,I don't know we were just trying to do something different.
3703,2646,2,10,72,84,1.1666666666666667,0.047403413087928364,663,"We wanted to eat out, not eat in."
2483,2646,0,14,70,84,1.1666666666666667,0.040906724472818005,663,Your special order does not include a violinist.
2496,2646,0,14,70,84,1.1666666666666667,0.040906724472818005,663,"when we asked for take-out, we didnt mean for it to be us!"
2515,2646,2,10,72,84,1.1666666666666667,0.047403413087928364,663,"We know, you're surprised because you ordered mushrooms. Right"
2517,2646,1,12,71,84,1.1666666666666667,0.04427439259594549,663,"Sorry, we finished it."
2550,2646,0,14,70,84,1.1666666666666667,0.040906724472818005,663,Is it so bad to try anything to connect with your son?? Have a slice of life!
2578,2646,1,12,71,84,1.1666666666666667,0.04427439259594549,663,"Yes, I ordered a family-size, but this is ridiculous"
2653,2646,4,6,74,84,1.1666666666666667,0.05311127034513963,663,I hate the local food movement.
2671,2646,1,12,71,84,1.1666666666666667,0.04427439259594549,663,"But, we ordered out."
3009,2646,2,10,72,84,1.1666666666666667,0.047403413087928364,663,A little red wine would go really well.
2688,2646,1,12,71,84,1.1666666666666667,0.04427439259594549,663,... Guess who came for dinner ?
2884,2646,0,14,70,84,1.1666666666666667,0.040906724472818005,663,We’re just trying to grab a slice of the good life.
2889,2646,0,14,70,84,1.1666666666666667,0.040906724472818005,663,We have the table for another 10 minutes.
2903,2646,1,12,71,84,1.1666666666666667,0.04427439259594549,663,What's a guy got to do to get service around here?
2928,2646,1,12,71,84,1.1666666666666667,0.04427439259594549,663,"Is this what they meant by a buy-one, get-two-free deal?"
2931,2646,0,14,70,84,1.1666666666666667,0.040906724472818005,663,"Sorry, I thought I ordered the large."
2932,2646,2,10,72,84,1.1666666666666667,0.047403413087928364,663,Do you have a table a little less tipsy?
2965,2646,2,10,72,84,1.1666666666666667,0.047403413087928364,663,How about a little privacy?
2976,2646,1,12,71,84,1.1666666666666667,0.04427439259594549,663,Would you please keep it closed? There's a draft.
2977,2646,1,12,71,84,1.1666666666666667,0.04427439259594549,663,Everyone wants a piece of the pie
2797,2646,2,10,72,84,1.1666666666666667,0.047403413087928364,663,We are the ghosts of dinners future. Keep ordering extra cheese and you won't live long enough to do this.
3731,2646,2,10,72,84,1.1666666666666667,0.047403413087928364,663,"Well, we did order a family size pizza._"
1818,2646,3,8,73,84,1.1666666666666667,0.05033830852372419,663,"Don""t give us that look,lady. What metaphysical pizza are you and beard-boy there the toppings of"
3859,2646,1,12,71,84,1.1666666666666667,0.04427439259594549,663,I hear if you put them outside they'll just find their way back.
4675,2646,1,12,71,84,1.1666666666666667,0.04427439259594549,663,Were're discussing the topic of your pizza...
4686,2646,1,12,71,84,1.1666666666666667,0.04427439259594549,663,I agree. The wait times in Little Italy have gotten out of control.
4715,2646,2,10,72,84,1.1666666666666667,0.047403413087928364,663,"I thought we ordered the special topping, but hold the casual diners?"
4768,2646,1,12,71,84,1.1666666666666667,0.04427439259594549,663,You people have got to start reading the fine print. This is what you get with the Matt Damon Downsized Box Office Bomb Special with Everything.
4785,2646,1,12,71,84,1.1666666666666667,0.04427439259594549,663,"Let me guest, you were going to leave without leaving a tip."
4821,2646,0,14,70,84,1.1666666666666667,0.040906724472818005,663,You got a pie topped with literary satire?
4827,2646,2,10,72,84,1.1666666666666667,0.047403413087928364,663,If you wouldn't mind giving us a little privacy...it's our anniversary.
4839,2646,2,10,72,84,1.1666666666666667,0.047403413087928364,663,You should have ordered an extra large.
4902,2646,0,14,70,84,1.1666666666666667,0.040906724472818005,663,"Pizza, piazza, we're just having a drink!!"
4657,2646,0,14,70,84,1.1666666666666667,0.040906724472818005,663,"It was delicious, thank you."
4925,2646,3,8,73,84,1.1666666666666667,0.05033830852372419,663,This was the special?!
4976,2646,2,10,72,84,1.1666666666666667,0.047403413087928364,663,"You may have asked for a meat pizza, but the order was written as meta."
5007,2646,3,8,73,84,1.1666666666666667,0.05033830852372419,663,We are almost finished and the table is yours.
5023,2646,1,12,71,84,1.1666666666666667,0.04427439259594549,663,You didn’t say “meatless.”
5024,2646,1,12,71,84,1.1666666666666667,0.04427439259594549,663,You’re upset?  We specifically asked to be seated in a deep dish.
5028,2646,1,12,71,84,1.1666666666666667,0.04427439259594549,663,"Well, of course!  First come, first serve."
5044,2646,1,12,71,84,1.1666666666666667,0.04427439259594549,663,Let's check the date on this pizza.
5051,2646,1,12,71,84,1.1666666666666667,0.04427439259594549,663,She kept saying I never take her anywhere in 30 minutes or less.
5054,2646,2,10,72,84,1.1666666666666667,0.047403413087928364,663,Would you like to hear the specials for tonight?
2441,2646,1,12,71,84,1.1666666666666667,0.04427439259594549,663,Did you want pepperoni on your date night?
4967,2646,1,12,71,84,1.1666666666666667,0.04427439259594549,663,Can't we have a little pizza quiet in here?
3745,2646,1,12,71,84,1.1666666666666667,0.04427439259594549,663,"Excuse me, do you mind?!"
4653,2646,2,10,72,84,1.1666666666666667,0.047403413087928364,663,The critics were right  about your lousy ambiance.
4627,2646,0,14,70,84,1.1666666666666667,0.040906724472818005,663,Who's coming to dinner?
3924,2646,0,14,70,84,1.1666666666666667,0.040906724472818005,663,Could you top us off?
3954,2646,1,12,71,84,1.1666666666666667,0.04427439259594549,663,You may have seen the film with Matt Damon...
3996,2646,2,10,72,84,1.1666666666666667,0.047403413087928364,663,Must be extra toppings.
4000,2646,1,12,71,84,1.1666666666666667,0.04427439259594549,663,Family pizza tonight!
4007,2646,1,12,71,84,1.1666666666666667,0.04427439259594549,663,Please bring us some oregano.
4021,2646,2,10,72,84,1.1666666666666667,0.047403413087928364,663,"Larry, I told you different toppings. Look how bland these look!"
4025,2646,3,8,73,84,1.1666666666666667,0.05033830852372419,663,I thought I ordered Chinese?!
4098,2646,1,12,71,84,1.1666666666666667,0.04427439259594549,663,"Careful. Like the deliver menu said, ‘No tipping.’"
4130,2646,0,14,70,84,1.1666666666666667,0.040906724472818005,663,You did order a large with everything!
4632,2646,1,12,71,84,1.1666666666666667,0.04427439259594549,663,Close the box you’re letting all the grease out
4142,2646,2,10,72,84,1.1666666666666667,0.047403413087928364,663,"Nope, his taxes aren't in here either!"
4230,2646,2,10,72,84,1.1666666666666667,0.047403413087928364,663,"Unaware they’d ordered extra cheese with “the” Anchovies, the Wilborns reconsider."
4245,2646,1,12,71,84,1.1666666666666667,0.04427439259594549,663,Just because you may think I'm just one of the Little People doesn't mean you can hover over me and demand I give up my table before I've even finished my wine!
4331,2646,2,10,72,84,1.1666666666666667,0.047403413087928364,663,I order a small pizza but.....
4360,2646,4,6,74,84,1.1666666666666667,0.05311127034513963,663,This is the worst dinner cruise of my life.
4418,2646,3,8,73,84,1.1666666666666667,0.05033830852372419,663,I guess it’s better than pineapple on top.
4497,2646,1,12,71,84,1.1666666666666667,0.04427439259594549,663,Excuse me!  We didn't invite you!
4527,2646,2,10,72,84,1.1666666666666667,0.047403413087928364,663,"This is what we call ""Thinking inside the box""."
4549,2646,1,12,71,84,1.1666666666666667,0.04427439259594549,663,Kinda hard to have romantic dinner in here when SOMEONE keeps letting all the cheese smell escape!
4584,2646,3,8,73,84,1.1666666666666667,0.05033830852372419,663,Do you mind?! We ordered the personal pizza special.
4228,2646,1,12,71,84,1.1666666666666667,0.04427439259594549,663,"Not wasting food is the most effective way to reduce climate change, thank you for asking!"
2375,2646,2,10,72,84,1.1666666666666667,0.047403413087928364,663,This is the last time we take restaurant recommendations from Jack.
1366,2646,1,12,71,84,1.1666666666666667,0.04427439259594549,663,Do you have any Petite Sirah?
2287,2646,0,14,70,84,1.1666666666666667,0.040906724472818005,663,We were dining in the dark!
678,2646,1,12,71,84,1.1666666666666667,0.04427439259594549,663,We’re the Anchovies. Mort and Lydia Anchovy.
734,2646,1,12,71,84,1.1666666666666667,0.04427439259594549,663,Did you order the small?
742,2646,2,10,72,84,1.1666666666666667,0.047403413087928364,663,"Oh yes, it was very good, but their portions are a bit small.  Join us for a spot of wine?"
758,2646,2,10,72,84,1.1666666666666667,0.047403413087928364,663,We were ment for something bigger
775,2646,3,8,73,84,1.1666666666666667,0.05033830852372419,663,You ordered date night take out again?
778,2646,2,10,72,84,1.1666666666666667,0.047403413087928364,663,I told you not to order from Round Table Pizza.
2340,2646,1,12,71,84,1.1666666666666667,0.04427439259594549,663,"Jacob and Doris finally got the ""mellow mushroom"" pizza they had hoped for."
823,2646,1,12,71,84,1.1666666666666667,0.04427439259594549,663,It's a happy meal for adults.
848,2646,2,10,72,84,1.1666666666666667,0.047403413087928364,663,Next time order the large pizza. You might want to check your Caesar salad also...
677,2646,3,8,73,84,1.1666666666666667,0.05033830852372419,663,We suggest the red.
849,2646,2,10,72,84,1.1666666666666667,0.047403413087928364,663,Why do you think they put this bistro table here?
869,2646,2,10,72,84,1.1666666666666667,0.047403413087928364,663,Don't eat the pepperoni~ !!
899,2646,1,12,71,84,1.1666666666666667,0.04427439259594549,663,She's Peppy and I'm Saucy.  What can we do for you?
922,2646,3,8,73,84,1.1666666666666667,0.05033830852372419,663,"Look, making a white sauce pizza is a process."
927,2646,2,10,72,84,1.1666666666666667,0.047403413087928364,663,"Excuse us, we're trying to have an intimate dinner here. Oh, and your Pizza Marghareta was wonderful..."
937,2646,1,12,71,84,1.1666666666666667,0.04427439259594549,663,"Wow, a three dimensional topping!"
953,2646,1,12,71,84,1.1666666666666667,0.04427439259594549,663,"Hey, where's our pizza?"
967,2646,2,10,72,84,1.1666666666666667,0.047403413087928364,663,We'd like to order now.
971,2646,2,10,72,84,1.1666666666666667,0.047403413087928364,663,Jack warned us not to climb that beanstalk.
1033,2646,2,10,72,84,1.1666666666666667,0.047403413087928364,663,"We are the Toppings, Anne and Chovie, eating out!"
861,2646,1,12,71,84,1.1666666666666667,0.04427439259594549,663,Subtle.
1037,2646,0,14,70,84,1.1666666666666667,0.040906724472818005,663,Sorry to disturb you but did you eat my pizza?
646,2646,2,10,72,84,1.1666666666666667,0.047403413087928364,663,how longdo we have to sit here before ordering?
600,2646,1,12,71,84,1.1666666666666667,0.04427439259594549,663,"It's not the best pizza we've ever had, 
but the atmosphere is warm and cozy."
7,2646,3,8,73,84,1.1666666666666667,0.05033830852372419,663,"""Didn't I warn you? Any topping but magic mushrooms!"""
65,2646,3,8,73,84,1.1666666666666667,0.05033830852372419,663,Everyone loves Costco.
87,2646,1,12,71,84,1.1666666666666667,0.04427439259594549,663,Did YOU order those? 'Cause I'm pretty sure I didn't order those
95,2646,1,12,71,84,1.1666666666666667,0.04427439259594549,663,I guess we need to be more specific when we order a “meat lover’s pizza”.
130,2646,3,8,73,84,1.1666666666666667,0.05033830852372419,663,We compromised on eating out and home delivery.
186,2646,3,8,73,84,1.1666666666666667,0.05033830852372419,663,Do you mind? We're getting a little chilli out here.
222,2646,1,12,71,84,1.1666666666666667,0.04427439259594549,663,"Little something in the oven, eh?"
297,2646,1,12,71,84,1.1666666666666667,0.04427439259594549,663,"Disgusting, right on the cheese. Do you know how dirty the bottoms of shoes are?"
308,2646,1,12,71,84,1.1666666666666667,0.04427439259594549,663,"Dining in, huh..."
632,2646,1,12,71,84,1.1666666666666667,0.04427439259594549,663,We downsized.
331,2646,0,14,70,84,1.1666666666666667,0.040906724472818005,663,Would you mind?
414,2646,2,10,72,84,1.1666666666666667,0.047403413087928364,663,It's a slice of life
423,2646,2,10,72,84,1.1666666666666667,0.047403413087928364,663,"Damnit, now they know what they're used for."""
503,2646,2,10,72,84,1.1666666666666667,0.047403413087928364,663,The pizza and wine diet worked beyond expectations.
508,2646,3,8,73,84,1.1666666666666667,0.05033830852372419,663,"Tell me they didn't eat all the toppings, again."
509,2646,2,10,72,84,1.1666666666666667,0.047403413087928364,663,It's a bit of a surprise but we both are here on a dare
534,2646,1,12,71,84,1.1666666666666667,0.04427439259594549,663,Please let me explain - it's a long story.  This is my wife and we are Susan and John Pepperoni.
536,2646,1,12,71,84,1.1666666666666667,0.04427439259594549,663,"Don't worry, we're included in the price of a 16"""
563,2646,1,12,71,84,1.1666666666666667,0.04427439259594549,663,I don't think this is our pizza...
588,2646,1,12,71,84,1.1666666666666667,0.04427439259594549,663,You ordered the 'Little Italia'?
392,2646,1,12,71,84,1.1666666666666667,0.04427439259594549,663,Why did you order the doppelganger again?
1053,2646,0,14,70,84,1.1666666666666667,0.040906724472818005,663,Didn't we order pepperoni?
809,2646,3,8,73,84,1.1666666666666667,0.05033830852372419,663,Are we not the dinner partners you requested?
1058,2646,1,12,71,84,1.1666666666666667,0.04427439259594549,663,"We come with the ""surprise me"" topping order."
1716,2646,4,6,74,84,1.1666666666666667,0.05311127034513963,663,Yeah! We finished the pizza. Now close the lid.
1764,2646,1,12,71,84,1.1666666666666667,0.04427439259594549,663,"Oh, there you are.  The pizza was delicious.  Could you bring us two of those cinnamon things, please?"
1805,2646,2,10,72,84,1.1666666666666667,0.047403413087928364,663,Please don't stare.
1831,2646,0,14,70,84,1.1666666666666667,0.040906724472818005,663,The chianti is right on the edge of becoming vinegar.
1834,2646,4,6,74,84,1.1666666666666667,0.05311127034513963,663,Are you the folks who ordered the pizza?
1919,2646,2,10,72,84,1.1666666666666667,0.047403413087928364,663,"Chefai? Little Italy, little Italians, capish?"
1920,2646,2,10,72,84,1.1666666666666667,0.047403413087928364,663,"You clearly ordered the ""Piazza."""
1926,2646,2,10,72,84,1.1666666666666667,0.047403413087928364,663,"I said  “ I want you to take me out.”  He thought I said, “I want to be Take Out.”"
1930,2646,1,12,71,84,1.1666666666666667,0.04427439259594549,663,I said a slice of life not the whole pie
1933,2646,4,6,74,84,1.1666666666666667,0.05311127034513963,663,"You ordered this pie from Caveat Emptor Pizza, right? Well, we're the Anchovies, Bob and Tina."
1945,2646,1,12,71,84,1.1666666666666667,0.04427439259594549,663,"You definitely ordered an extra small couple, not a couple of extra smalls."
1993,2646,3,8,73,84,1.1666666666666667,0.05033830852372419,663,We will have 2 hamburgers and some extra napkins to get the sauce off of our shoes.
1054,2646,1,12,71,84,1.1666666666666667,0.04427439259594549,663,"They don't call it ""world famous"" for nothing"
2103,2646,0,14,70,84,1.1666666666666667,0.040906724472818005,663,You ordered the Italian.  We're Italian.
2127,2646,1,12,71,84,1.1666666666666667,0.04427439259594549,663,"You asked for a personal pizza, didn’t you?"
2161,2646,2,10,72,84,1.1666666666666667,0.047403413087928364,663,"Didn't you order a ""Pizza inceptionna"" ?"
2231,2646,2,10,72,84,1.1666666666666667,0.047403413087928364,663,"Hi, I'm Roni and this is my wife Pepper."
2249,2646,2,10,72,84,1.1666666666666667,0.047403413087928364,663,I never knew what that little thing is for
2270,2646,1,12,71,84,1.1666666666666667,0.04427439259594549,663,Guess we're eating for four tonight.
1704,2646,2,10,72,84,1.1666666666666667,0.047403413087928364,663,"How many times must I remind you,? Pu the lid down!"
1675,2646,1,12,71,84,1.1666666666666667,0.04427439259594549,663,DEFINITELY' not tipping on this order
2015,2646,3,8,73,84,1.1666666666666667,0.05033830852372419,663,Meatlovers Pizza for Two ?
1571,2646,1,12,71,84,1.1666666666666667,0.04427439259594549,663,"Sorry, but we had a reservation"
1110,2646,1,12,71,84,1.1666666666666667,0.04427439259594549,663,I thought I told them to hold the Stan and Janet.
1111,2646,2,10,72,84,1.1666666666666667,0.047403413087928364,663,"It’s just pizzas, all the way down."
1135,2646,3,8,73,84,1.1666666666666667,0.05033830852372419,663,"That happens when you say, 

“Lilli, Put In 
an order for a whole pie, please.”"
1198,2646,3,8,73,84,1.1666666666666667,0.05033830852372419,663,I guess those Pizzagate rumors were true.
1212,2646,1,12,71,84,1.1666666666666667,0.04427439259594549,663,Your welcome to join us for dessert and a little small talk
1218,2646,0,14,70,84,1.1666666666666667,0.040906724472818005,663,"Hey PAL, you ever heard of squatter's rights?"
1241,2646,2,10,72,84,1.1666666666666667,0.047403413087928364,663,"This is a table for two, and we're celebrating our anniversary, so I would kindly ask you to butt out!"
1269,2646,1,12,71,84,1.1666666666666667,0.04427439259594549,663,Our waiter seems to have forgotten where we are; could you get us both some more of the House red?
1290,2646,1,12,71,84,1.1666666666666667,0.04427439259594549,663,...and a millilitre each of Pinot Grigio please.
1289,2646,1,12,71,84,1.1666666666666667,0.04427439259594549,663,"What did you order?""
""Pizza for two."
1298,2646,0,14,70,84,1.1666666666666667,0.040906724472818005,663,"Min? Dad? What are you doing in there?""
The menu had changed quite drasticly, after it was found out that you indeed do become what you eat"
1668,2646,0,14,70,84,1.1666666666666667,0.040906724472818005,663,What were you expecting from Restaurant-Style DiGiorno?
1406,2646,2,10,72,84,1.1666666666666667,0.047403413087928364,663,Do you mind? We're on a date here. You can eat when we're done.
1438,2646,1,12,71,84,1.1666666666666667,0.04427439259594549,663,"Well, that’s quite a Monday
Night Surprise Pizza! Break
out the Wasabi and chopsticks,
George."
1080,2646,0,14,70,84,1.1666666666666667,0.040906724472818005,663,"I told him, ""Fred, you should have tipped that maitre'd!"""
1457,2646,1,12,71,84,1.1666666666666667,0.04427439259594549,663,You’re in the wrong cartoon
1485,2646,1,12,71,84,1.1666666666666667,0.04427439259594549,663,When you order dinner for two you got to say which two.
1515,2646,1,12,71,84,1.1666666666666667,0.04427439259594549,663,You ordered the Middle Eastern pizza with extra dates.
1570,2646,2,10,72,84,1.1666666666666667,0.047403413087928364,663,It was the only table we could book for Valentine's Day!
1292,2646,1,12,71,84,1.1666666666666667,0.04427439259594549,663,It's a metropolitan pie not a Neapolitan.
259,2833,3,8,74,85,1.1647058823529413,0.04978119863646624,663,ARE THEIR LITTLE CHAIRS MADE FROM CHAMPAGNE CORKS?
1470,2833,1,12,72,85,1.1647058823529413,0.04379433351527859,663,I think the Genie misunderstood our wish.
2499,2833,0,14,71,85,1.1647058823529413,0.040470132236373114,663,Don't be fooled by the box. It was a very very small  pizza.
180,2836,2,9,69,80,1.1625,0.0485346998405017,663,Open the box one more time and I'll have you arrested.
1703,2836,1,11,68,80,1.1625,0.04515707466615905,663,I told you to make a reservation!
730,2838,1,12,74,87,1.160919540229885,0.04286443578566523,663,"I heard you say it! ""Hold the Sterns, please."""
3061,2839,1,11,69,81,1.1604938271604939,0.04464119686855444,663,"You did order the conversation pie, didn't you?"
3756,2839,0,13,68,81,1.1604938271604939,0.04103893861381398,663,It's about time we had the Littles for dinner.
3714,2839,3,7,71,81,1.1604938271604939,0.05108933752236682,663,"Yes, my name is Domino. What did you expect?"
3712,2839,1,11,69,81,1.1604938271604939,0.04464119686855444,663,We’re downsizing date night.
3705,2839,1,11,69,81,1.1604938271604939,0.04464119686855444,663,Can you hand me one of those napkins. I've got something stuck to my shoe.
3648,2839,0,13,68,81,1.1604938271604939,0.04103893861381398,663,Would you add pepperoni next time?
3536,2839,1,11,69,81,1.1604938271604939,0.04464119686855444,663,All we know is we ordered the personal-sized pan!
3533,2839,1,11,69,81,1.1604938271604939,0.04464119686855444,663,"When we ordered pizza for two, we are the two."
3514,2839,1,11,69,81,1.1604938271604939,0.04464119686855444,663,I'll take this over pineapple.
3479,2839,2,9,70,81,1.1604938271604939,0.04797372648821098,663,The new topping from Cosmic Pizza is so meta
3445,2839,1,11,69,81,1.1604938271604939,0.04464119686855444,663,This must be their new Dining Out Travel Perks program
3428,2839,2,9,70,81,1.1604938271604939,0.04797372648821098,663,We just found this nice little cozy Italian place.
3811,2839,1,11,69,81,1.1604938271604939,0.04464119686855444,663,"All I said was ""I'd like to be in Pisa shopping right now""."
3410,2839,1,11,69,81,1.1604938271604939,0.04464119686855444,663,I asked for double cheese not a double date!
3384,2839,1,11,69,81,1.1604938271604939,0.04464119686855444,663,I thought we ordered meatless pizza!
3374,2839,0,13,68,81,1.1604938271604939,0.04103893861381398,663,Your AirBnB listing said complete privacy! What if we had already finished with our drinks?!
3366,2839,3,7,71,81,1.1604938271604939,0.05108933752236682,663,"Excuse me, but we didn't ask for it 'to go'."
3299,2839,2,9,70,81,1.1604938271604939,0.04797372648821098,663,"Please don't eat us!  This is where we live now that CBS fired all us ""little people"" to cover Gayle' King's giant salary..._"
3229,2839,1,11,69,81,1.1604938271604939,0.04464119686855444,663,Size doesn't matter.
3179,2839,1,11,69,81,1.1604938271604939,0.04464119686855444,663,"It's not our fault. We told them we were eating in, then here comes this guy flipping boxes."
3176,2839,0,13,68,81,1.1604938271604939,0.04103893861381398,663,We're here to validate what all true pizza eaters have known all along.
3156,2839,2,9,70,81,1.1604938271604939,0.04797372648821098,663,I ordered gluten free.
3131,2839,0,13,68,81,1.1604938271604939,0.04103893861381398,663,I love pizza but it always disagrees with me.
3109,2839,2,9,70,81,1.1604938271604939,0.04797372648821098,663,"How hard can this be?  Select the delivery option in the app, I tell her.  And what happens? She still finds a way to mess it up."
3103,2839,1,11,69,81,1.1604938271604939,0.04464119686855444,663,What? They said you were lactose intolerant.
3402,2839,1,11,69,81,1.1604938271604939,0.04464119686855444,663,"We're sharing a Personal Pan Pepperoni, size matters, you know."
3820,2839,0,13,68,81,1.1604938271604939,0.04103893861381398,663,Thanks for ordering the extra olives!
3133,2839,3,7,71,81,1.1604938271604939,0.05108933752236682,663,"Well, we couldn't find OUR pizza but we are ALL OVER yours."
3930,2839,2,9,70,81,1.1604938271604939,0.04797372648821098,663,A little piece?
3054,2839,3,7,71,81,1.1604938271604939,0.05108933752236682,663,"I’ve heard a little Italy, but this is ridiculous!"
5081,2839,1,11,69,81,1.1604938271604939,0.04464119686855444,663,We're just trying to stay warm.
4946,2839,1,11,69,81,1.1604938271604939,0.04464119686855444,663,Order another before bedtime and they'll deliver one with our kids on it for half-price.
4940,2839,1,11,69,81,1.1604938271604939,0.04464119686855444,663,"I distinctly remember hearing ""Pizza for 2""."
4897,2839,1,11,69,81,1.1604938271604939,0.04464119686855444,663,"Allo! I am DiGiorno and this-a my wife, Celeste."
4798,2839,1,11,69,81,1.1604938271604939,0.04464119686855444,663,"Sorry it's only a cheese pizza, but we really weren't expecting company."
4738,2839,2,9,70,81,1.1604938271604939,0.04797372648821098,663,The newest healthy craze: dates on pizza.
4602,2839,0,13,68,81,1.1604938271604939,0.04103893861381398,663,The daily special is rather small!
4598,2839,0,13,68,81,1.1604938271604939,0.04103893861381398,663,I'm Little Caesar.
4595,2839,3,7,71,81,1.1604938271604939,0.05108933752236682,663,"Honey, they don’t look like the food clicking types. I think we ordered the wrong family."
4590,2839,1,11,69,81,1.1604938271604939,0.04464119686855444,663,"Honey, I said I wanted a couple of pieces with some wine."
4535,2839,0,13,68,81,1.1604938271604939,0.04103893861381398,663,This is fine for them.
4421,2839,1,11,69,81,1.1604938271604939,0.04464119686855444,663,I ordered this pizza with reservations.
4310,2839,3,7,71,81,1.1604938271604939,0.05108933752236682,663,Another bottle of Pinot Noir please.
4306,2839,1,11,69,81,1.1604938271604939,0.04464119686855444,663,Didn't you order Papa Roni with dates?
4279,2839,3,7,71,81,1.1604938271604939,0.05108933752236682,663,"I told you, pepperoni."
4090,2839,3,7,71,81,1.1604938271604939,0.05108933752236682,663,"I thought I told you ""no meat."""
4089,2839,3,7,71,81,1.1604938271604939,0.05108933752236682,663,"I said I wanted a mushroom, not a munchkin pizza!"
4076,2839,1,11,69,81,1.1604938271604939,0.04464119686855444,663,Mom and Dad didn't leave us much did they
4069,2839,1,11,69,81,1.1604938271604939,0.04464119686855444,663,"Hi, I’m Pepperoni and this is Marj."
4028,2839,0,13,68,81,1.1604938271604939,0.04103893861381398,663,At least it's rent-controlled.
4016,2839,0,13,68,81,1.1604938271604939,0.04103893861381398,663,"UberEats? Well, this UberMeets app clearly has some kinks..."
4013,2839,1,11,69,81,1.1604938271604939,0.04464119686855444,663,Could we get some napkins?
3991,2839,1,11,69,81,1.1604938271604939,0.04464119686855444,663,"Oops! So engrossed in our conversation, we forgot to drink the magic Disappearing  Wine!"
3958,2839,2,9,70,81,1.1604938271604939,0.04797372648821098,663,I heard say you wanted a little Italian tonight.
3927,2839,2,9,70,81,1.1604938271604939,0.04797372648821098,663,"You may have asked for''double cheese' on your pizza, but the order taker heard your request as 'a couple, please'"
3022,2839,0,13,68,81,1.1604938271604939,0.04103893861381398,663,Are you saying we're NOT meat lovers?!
1259,2839,2,9,70,81,1.1604938271604939,0.04797372648821098,663,"Because we value each other and want to keep the spark alive, that’s why we’re here!"
2981,2839,1,11,69,81,1.1604938271604939,0.04464119686855444,663,Just what you asked for.  No anchovies.
1724,2839,1,11,69,81,1.1604938271604939,0.04464119686855444,663,The friend-to-table movement might just catch on.
1708,2839,4,5,72,81,1.1604938271604939,0.054025571572940904,663,They forgot the pepperoni again.
1602,2839,2,9,70,81,1.1604938271604939,0.04797372648821098,663,Didn't you order the meet lovers pizza?
1538,2839,2,9,70,81,1.1604938271604939,0.04797372648821098,663,Install a proper bathroom and you won’t have to worry about what is and what is not sausage.
1498,2839,1,11,69,81,1.1604938271604939,0.04464119686855444,663,Don’t do the OA movements on pizza night!
1443,2839,3,7,71,81,1.1604938271604939,0.05108933752236682,663,Fergeddaboudit.
1404,2839,1,11,69,81,1.1604938271604939,0.04464119686855444,663,It's a pizza cake
1112,2839,2,9,70,81,1.1604938271604939,0.04797372648821098,663,"Well, you did ask for a white pie."
1076,2839,2,9,70,81,1.1604938271604939,0.04797372648821098,663,That's the last time I get mushrooms on it.
1043,2839,2,9,70,81,1.1604938271604939,0.04797372648821098,663,"OK.
We asked the waiter for a go box, and here we are."
915,2839,2,9,70,81,1.1604938271604939,0.04797372648821098,663,We are Fred and Ethyl Gottenbottom.  Who are you?
905,2839,2,9,70,81,1.1604938271604939,0.04797372648821098,663,"When you re-order, go easy on the mushrooms."
868,2839,2,9,70,81,1.1604938271604939,0.04797372648821098,663,"We’ve been waiting for an hour ,where the fuck is the waiter?"
691,2839,1,11,69,81,1.1604938271604939,0.04464119686855444,663,I warned you this would happen when you said 'yes in my back yard!'  Now here they come to take a slice of our pie!
576,2839,2,9,70,81,1.1604938271604939,0.04797372648821098,663,That's a cheesy date on a small budget.
500,2839,2,9,70,81,1.1604938271604939,0.04797372648821098,663,We needed a table in thirty minutes or less
499,2839,2,9,70,81,1.1604938271604939,0.04797372648821098,663,"Excuse me, this is our dinner."
333,2839,3,7,71,81,1.1604938271604939,0.05108933752236682,663,We were really hungry.
233,2839,2,9,70,81,1.1604938271604939,0.04797372648821098,663,"Reduce, reuse, recycle in that order."
204,2839,0,13,68,81,1.1604938271604939,0.04103893861381398,663,This isn't who I ordered.
155,2839,1,11,69,81,1.1604938271604939,0.04464119686855444,663,At least we try to make date night a special occasion.
134,2839,1,11,69,81,1.1604938271604939,0.04464119686855444,663,What super heroes?  You ordered the Rom Com Classic.
76,2839,1,11,69,81,1.1604938271604939,0.04464119686855444,663,Have you met my wife Alice?
71,2839,2,9,70,81,1.1604938271604939,0.04797372648821098,663,The large pour will ruin your dinner.
3003,2839,2,9,70,81,1.1604938271604939,0.04797372648821098,663,Hi! Are you celebrating Boxing Day with us?
1745,2839,2,9,70,81,1.1604938271604939,0.04797372648821098,663,"You ordered "" The Romantic Dinner for Two "" Pizza ?"
1798,2839,1,11,69,81,1.1604938271604939,0.04464119686855444,663,You did order a small.
897,2839,1,11,69,81,1.1604938271604939,0.04464119686855444,663,"I ordered a small pizza, but this is ridiculous."
1849,2839,1,11,69,81,1.1604938271604939,0.04464119686855444,663,"There must be some mistake. We’re not take out, we’re table service."
2839,2839,0,13,68,81,1.1604938271604939,0.04103893861381398,663,"I ordered the meat lovers, not the lovers topping!"
1812,2839,3,7,71,81,1.1604938271604939,0.05108933752236682,663,Tell me ahain what topping you ordered
2709,2839,0,13,68,81,1.1604938271604939,0.04103893861381398,663,Skip the anchovy next time.
2675,2839,2,9,70,81,1.1604938271604939,0.04797372648821098,663,"Nope, personal pan. In fact, it's our personal pan!"
2670,2839,2,9,70,81,1.1604938271604939,0.04797372648821098,663,One way or another!
2639,2839,1,11,69,81,1.1604938271604939,0.04464119686855444,663,I suggest an eyedropper when you serve more wine.
21,2839,1,11,69,81,1.1604938271604939,0.04464119686855444,663,This does not pair well with pineapple.
2558,2839,3,7,71,81,1.1604938271604939,0.05108933752236682,663,Take-out?
2507,2839,0,13,68,81,1.1604938271604939,0.04103893861381398,663,We also thought 'Downsizing' was awful.
2412,2839,3,7,71,81,1.1604938271604939,0.05108933752236682,663,"Well clumsy thumbs, looks like you ordered a cheese piazza, huh?"
2369,2839,2,9,70,81,1.1604938271604939,0.04797372648821098,663,"Honey, did you order meat lovers, again?"
2362,2839,1,11,69,81,1.1604938271604939,0.04464119686855444,663,Just toasting your selection of toppings. We're complimentary...
2275,2839,2,9,70,81,1.1604938271604939,0.04797372648821098,663,Let’s remember not to order nuclear family pizza again.
2509,2839,3,7,71,81,1.1604938271604939,0.05108933752236682,663,This foodie obsession for new toppings has gone too far.
2252,2839,2,9,70,81,1.1604938271604939,0.04797372648821098,663,What did you expect? You ordered the family sized pizza.
1934,2839,3,7,71,81,1.1604938271604939,0.05108933752236682,663,"Hi, we’re the Pepperonis, I’m afraid there’s been a mix-up."
1966,2839,1,11,69,81,1.1604938271604939,0.04464119686855444,663,Best seats are always in the middle of the pizza.
1978,2839,0,13,68,81,1.1604938271604939,0.04103893861381398,663,"Yes, we're Lilliputians but we have a big appetite. Sorry, we did not leave a slice."
2007,2839,2,9,70,81,1.1604938271604939,0.04797372648821098,663,"Any chance of a booth instead, please?"
2059,2839,3,7,71,81,1.1604938271604939,0.05108933752236682,663,I'm eating' here..!
2026,2839,0,13,68,81,1.1604938271604939,0.04103893861381398,663,We’re here for the dinner for two.
2159,2839,1,11,69,81,1.1604938271604939,0.04464119686855444,663,Thank you for choosing Irony Pizza.
2165,2839,1,11,69,81,1.1604938271604939,0.04464119686855444,663,At least there's no roaches.
2177,2839,1,11,69,81,1.1604938271604939,0.04464119686855444,663,"So this is the ""2 toppings Valentines Day"" special"
2205,2839,2,9,70,81,1.1604938271604939,0.04797372648821098,663,Puhleeze   You blew out the candle
1923,2839,3,7,71,81,1.1604938271604939,0.05108933752236682,663,"To top it off, we thought you might like company."
4575,2952,4,4,68,76,1.1578947368421053,0.05635922247090881,663,"Large veggie, please."
3164,2953,1,10,67,78,1.1538461538461537,0.04498463524619038,663,"What's so hard to understand? We finally found our piece of the pie."""
3223,2953,1,10,67,78,1.1538461538461537,0.04498463524619038,663,"Have you been waiting long for your pizza, too?"
3214,2953,0,12,66,78,1.1538461538461537,0.041117114140372994,663,Dining al pizza excites all the senses
3221,2953,1,10,67,78,1.1538461538461537,0.04498463524619038,663,Darn. I ordered them stuffed with cheese.
3258,2953,1,10,67,78,1.1538461538461537,0.04498463524619038,663,Hi Mary. This is your intervention.
3521,2953,1,10,67,78,1.1538461538461537,0.04498463524619038,663,"Another bottle of the same, please."
3418,2953,2,8,68,78,1.1538461538461537,0.048545007377001466,663,So that’s what it’s used for!
3464,2953,1,10,67,78,1.1538461538461537,0.04498463524619038,663,"Believe me, this place serves the biggest pizzas."
3496,2953,1,10,67,78,1.1538461538461537,0.04498463524619038,663,"We were invited to the Hut to play Domino with the Knights
 Round Table. Are you Little Caesars? Please to meet you we are the two Papas; Papa Murphy and Papa John."
3588,2953,0,12,66,78,1.1538461538461537,0.041117114140372994,663,I said I wanted MANY toppings.
3602,2953,2,8,68,78,1.1538461538461537,0.048545007377001466,663,What? You never seen anyone have wine with pizza before?
3057,2953,2,8,68,78,1.1538461538461537,0.048545007377001466,663,Maybe they're implying we could eat out more often..
3347,2953,0,12,66,78,1.1538461538461537,0.041117114140372994,663,They told us at the pizza shop that we were going to a wedding.
3047,2953,1,10,67,78,1.1538461538461537,0.04498463524619038,663,"Well, you said with everything"
2508,2953,1,10,67,78,1.1538461538461537,0.04498463524619038,663,We *are* the vegetarian special!
2923,2953,2,8,68,78,1.1538461538461537,0.048545007377001466,663,Where is Little Caesar?
2918,2953,2,8,68,78,1.1538461538461537,0.048545007377001466,663,Tabletop pizza - it’s a new dating app.
2897,2953,0,12,66,78,1.1538461538461537,0.041117114140372994,663,I hope you gave that driver a good tip. We haven't even ordered our appetizers yet.
2805,2953,1,10,67,78,1.1538461538461537,0.04498463524619038,663,What kind of mushrooms did you order on this?
2672,2953,2,8,68,78,1.1538461538461537,0.048545007377001466,663,We are the Pepperonis. Were you also interested in the anchovies?
2668,2953,3,6,69,78,1.1538461538461537,0.05186152788178786,663,What did you expect for $3.98? Now go get our dinner.
2631,2953,1,10,67,78,1.1538461538461537,0.04498463524619038,663,"The order distinctly said ""...and two guests."""
2563,2953,2,8,68,78,1.1538461538461537,0.048545007377001466,663,"I ordered a small pizza, not small people!"
2551,2953,1,10,67,78,1.1538461538461537,0.04498463524619038,663,There’s no sense in wasting a good table
2549,2953,2,8,68,78,1.1538461538461537,0.048545007377001466,663,You did order a two-topping pizza.
2544,2953,0,12,66,78,1.1538461538461537,0.041117114140372994,663,"Any chance you ordered ""Pizza and two"" again...instead of ""for two""?"
2478,2953,0,12,66,78,1.1538461538461537,0.041117114140372994,663,Your pizza?
3615,2953,1,10,67,78,1.1538461538461537,0.04498463524619038,663,They call it piazza seating
2334,2953,2,8,68,78,1.1538461538461537,0.048545007377001466,663,So much for our cheat meal.
2943,2953,2,8,68,78,1.1538461538461537,0.048545007377001466,663,...and who orders pineapple on pizza anyway!?
3654,2953,1,10,67,78,1.1538461538461537,0.04498463524619038,663,"I ordered shrimps on top, and this is what I get?"
4856,2953,0,12,66,78,1.1538461538461537,0.041117114140372994,663,you want to thank the little people?  hold the anchovies
3783,2953,2,8,68,78,1.1538461538461537,0.048545007377001466,663,You said you wanted dinner for two!
5091,2953,1,10,67,78,1.1538461538461537,0.04498463524619038,663,Get your own extra large!
5090,2953,1,10,67,78,1.1538461538461537,0.04498463524619038,663,Whatcha expect? You ordered a “little pizzazz.”
4916,2953,0,12,66,78,1.1538461538461537,0.041117114140372994,663,Yes. This is an intervention!
4870,2953,1,10,67,78,1.1538461538461537,0.04498463524619038,663,I didn't realize you ordered extra toppings.
2294,2953,2,8,68,78,1.1538461538461537,0.048545007377001466,663,What? She said take out.
4811,2953,1,10,67,78,1.1538461538461537,0.04498463524619038,663,"We’ll have a small Mootz
and your House Chianti ."
4711,2953,3,6,69,78,1.1538461538461537,0.05186152788178786,663,Like I told the guy making the pie-We’re the Pipperoni’s!
4689,2953,1,10,67,78,1.1538461538461537,0.04498463524619038,663,Could you please do something about this sticky floor?
4631,2953,0,12,66,78,1.1538461538461537,0.041117114140372994,663,Now I see why they named their place Lilliputian Pizza.
4588,2953,0,12,66,78,1.1538461538461537,0.041117114140372994,663,Any chance we get a little something to eat here?
4582,2953,0,12,66,78,1.1538461538461537,0.041117114140372994,663,We’re really hoping this whole dine-in delivery thing catches on.
4581,2953,0,12,66,78,1.1538461538461537,0.041117114140372994,663,"Oh look, it’s one of those Pizza Saveurs."
4543,2953,1,10,67,78,1.1538461538461537,0.04498463524619038,663,We're here to make sure you  recycle this box.
4539,2953,2,8,68,78,1.1538461538461537,0.048545007377001466,663,We decided not to appear as a jack-in-the-box because we're not a jack-in-the-box.
3656,2953,2,8,68,78,1.1538461538461537,0.048545007377001466,663,"Excuse me, but the floor is a little cheesy."
4510,2953,2,8,68,78,1.1538461538461537,0.048545007377001466,663,Take a picture! It'll last longer!
4403,2953,2,8,68,78,1.1538461538461537,0.048545007377001466,663,She's pregnant but we weren't expecting a difficult delivery.
4326,2953,1,10,67,78,1.1538461538461537,0.04498463524619038,663,I’m James Anchovy and this is my wife Claire...we’re the Anchovies.
4303,2953,0,12,66,78,1.1538461538461537,0.041117114140372994,663,"We wanted to combine the experience of dining out with the convenience of home delivery, but we've discovered a small glitch."""
4299,2953,2,8,68,78,1.1538461538461537,0.048545007377001466,663,"I ordered pizza, not a dining experience"
4277,2953,1,10,67,78,1.1538461538461537,0.04498463524619038,663,Hope we're not interrupting anything.
4251,2953,0,12,66,78,1.1538461538461537,0.041117114140372994,663,"I told you we should have gone to a regular pizza joint."""
4214,2953,0,12,66,78,1.1538461538461537,0.041117114140372994,663,Magical Pizza. Comes with wine? Who shrunk my parents?
4120,2953,0,12,66,78,1.1538461538461537,0.041117114140372994,663,I think you ordered a two topper instead of two toppings.
4054,2953,2,8,68,78,1.1538461538461537,0.048545007377001466,663,"The eye lid failed, resulting in an awkward moment."
4008,2953,1,10,67,78,1.1538461538461537,0.04498463524619038,663,I'm pretty sure that this is our extra large.
3988,2953,0,12,66,78,1.1538461538461537,0.041117114140372994,663,"Didn't you order the ""Special for Two""?"
3938,2953,1,10,67,78,1.1538461538461537,0.04498463524619038,663,Hi! I'm Pepper. That's Roni. Nice to meet you.
3796,2953,0,12,66,78,1.1538461538461537,0.041117114140372994,663,"Huh, when someone opens the lid this place really loses its ambience."
3785,2953,3,6,69,78,1.1538461538461537,0.05186152788178786,663,Did someone order a pizza party?
4493,2953,1,10,67,78,1.1538461538461537,0.04498463524619038,663,Sorry! Pepperoni is our favorite Pizza.
2291,2953,0,12,66,78,1.1538461538461537,0.041117114140372994,663,We were told we had this table for 30 minutes.
2890,2953,2,8,68,78,1.1538461538461537,0.048545007377001466,663,Pull up a chair before it gets cold.
2200,2953,1,10,67,78,1.1538461538461537,0.04498463524619038,663,We've always wanted to be in an unboxing.
963,2953,1,10,67,78,1.1538461538461537,0.04498463524619038,663,I wish this date was thirty minutes or less
903,2953,1,10,67,78,1.1538461538461537,0.04498463524619038,663,"A bottle of house Chianti, please."
811,2953,2,8,68,78,1.1538461538461537,0.048545007377001466,663,"You wouldn't happen to have any funny-looking mushrooms out in your yard that we might borrow, eh?"
801,2953,0,12,66,78,1.1538461538461537,0.041117114140372994,663,The Pizzas on us.
731,2953,1,10,67,78,1.1538461538461537,0.04498463524619038,663,This must be what my college professor called Micro Home Economics.
665,2953,3,6,69,78,1.1538461538461537,0.05186152788178786,663,Want to know how we feel? Look behind you!
641,2953,2,8,68,78,1.1538461538461537,0.048545007377001466,663,"See, if you open it fast enough you can catch them eating!"
625,2953,1,10,67,78,1.1538461538461537,0.04498463524619038,663,"Greetings, Gulliver and Significant Other"
618,2953,1,10,67,78,1.1538461538461537,0.04498463524619038,663,"Yes, we ordered the giant combo."
565,2953,0,12,66,78,1.1538461538461537,0.041117114140372994,663,The wait at the tapas bar was too long.
386,2953,0,12,66,78,1.1538461538461537,0.041117114140372994,663,"Sure, it's a bit warm but the aroma is to die for."
349,2953,1,10,67,78,1.1538461538461537,0.04498463524619038,663,... and this is Mama John.
335,2953,1,10,67,78,1.1538461538461537,0.04498463524619038,663,There's more to a black box than meets the eye.
334,2953,2,8,68,78,1.1538461538461537,0.048545007377001466,663,"The food here is great, not wild about the ambiance though."
968,2953,1,10,67,78,1.1538461538461537,0.04498463524619038,663,You've got a lot of crust.
324,2953,1,10,67,78,1.1538461538461537,0.04498463524619038,663,"Oh, sorry. This is the meet-cute lovers."
276,2953,1,10,67,78,1.1538461538461537,0.04498463524619038,663,"I thought we asked for pepperoni, not people-roni!"
251,2953,0,12,66,78,1.1538461538461537,0.041117114140372994,663,"I can't believe it, would you look at that? We're never ordering from here again, I mean seriously how can one forget to add pepperoni."""
223,2953,1,10,67,78,1.1538461538461537,0.04498463524619038,663,"Sorry, I don't know anything about the pepperoni."
157,2953,1,10,67,78,1.1538461538461537,0.04498463524619038,663,"Excuse me, but this is OUR private reservation at The Round Pie's Table."
111,2953,2,8,68,78,1.1538461538461537,0.048545007377001466,663,If I ever get my hands on that Rick Moranis guy watch out
99,2953,1,10,67,78,1.1538461538461537,0.04498463524619038,663,"Imagine, if you will..."
94,2953,0,12,66,78,1.1538461538461537,0.041117114140372994,663,"We’ve still got another 30 minutes, jeez."
81,2953,1,10,67,78,1.1538461538461537,0.04498463524619038,663,Autentico Italiano? Sì.
77,2953,1,10,67,78,1.1538461538461537,0.04498463524619038,663,But it’s only been 29 minutes.
56,2953,1,10,67,78,1.1538461538461537,0.04498463524619038,663,"First date, I was trying to be original."
41,2953,0,12,66,78,1.1538461538461537,0.041117114140372994,663,Who orders a plain pizza?
32,2953,2,8,68,78,1.1538461538461537,0.048545007377001466,663,"Oh darn it Larry, they forgot to add the olives and mushrooms."""
0,2953,2,8,68,78,1.1538461538461537,0.048545007377001466,663,You definitely did not specify a vegetarian topping.
2240,2953,0,12,66,78,1.1538461538461537,0.041117114140372994,663,You're letting all of the radiant heat from our new flooring out
321,2953,2,8,68,78,1.1538461538461537,0.048545007377001466,663,Are you just as frustrated with the slow service?
1003,2953,1,10,67,78,1.1538461538461537,0.04498463524619038,663,"This is what happens when you get Uber Eats, Grinder and Wine of the Club all at once"
226,2953,2,8,68,78,1.1538461538461537,0.048545007377001466,663,"Oh, I get it. Meat. Lovers."
1067,2953,1,10,67,78,1.1538461538461537,0.04498463524619038,663,Now we know they serve most of our order to someone else.
2166,2953,3,6,69,78,1.1538461538461537,0.05186152788178786,663,I thought that movie was fiction.
1050,2953,2,8,68,78,1.1538461538461537,0.048545007377001466,663,I think recycling is taking on a whole new dimension
2074,2953,2,8,68,78,1.1538461538461537,0.048545007377001466,663,How come we had to bring our own chairs?
2071,2953,2,8,68,78,1.1538461538461537,0.048545007377001466,663,"No, this is a cannibal pizza, not a cannabis pizza."
1939,2953,1,10,67,78,1.1538461538461537,0.04498463524619038,663,"If it’s free, you are the pepperonis"
1901,2953,5,2,71,78,1.1538461538461537,0.057927702701161266,663,We are here to save your marriage.
1884,2953,2,8,68,78,1.1538461538461537,0.048545007377001466,663,"Honey, I draw the line at gluten free."
1861,2953,2,8,68,78,1.1538461538461537,0.048545007377001466,663,You shouldn't look up either
1754,2953,2,8,68,78,1.1538461538461537,0.048545007377001466,663,I think we’re looking at a slice of life…
1723,2953,1,10,67,78,1.1538461538461537,0.04498463524619038,663,We need more wine
1676,2953,1,10,67,78,1.1538461538461537,0.04498463524619038,663,When you really are what you eat
1581,2953,2,8,68,78,1.1538461538461537,0.048545007377001466,663,We asked a genie for a little pizza and quiet.
1572,2953,2,8,68,78,1.1538461538461537,0.048545007377001466,663,You can't make this stuff up!
1471,2953,0,12,66,78,1.1538461538461537,0.041117114140372994,663,"Hi, we're the DiGiorno's!  Bet you don't get that with delivery pizza!"
1469,2953,1,10,67,78,1.1538461538461537,0.04498463524619038,663,"It's the new ""Soylent Green"" topping."
1867,2953,2,8,68,78,1.1538461538461537,0.048545007377001466,663,You’re late.  We’’ve already eaten.
1401,2953,1,10,67,78,1.1538461538461537,0.04498463524619038,663,Next time don't hold the anchovies
1193,2953,1,10,67,78,1.1538461538461537,0.04498463524619038,663,Who do we have to sleep with to get a little privacy around here?
1451,2953,0,12,66,78,1.1538461538461537,0.041117114140372994,663,"Can we have just a little privacy, please?"
1199,2953,1,10,67,78,1.1538461538461537,0.04498463524619038,663,"When the moon hits your eye like a big pizza pie, that's amore.."
1211,2953,2,8,68,78,1.1538461538461537,0.048545007377001466,663,Ce n'est pas une pizza
1252,2953,0,12,66,78,1.1538461538461537,0.041117114140372994,663,Better eat her first. Your pizza gave me gas.
1274,2953,1,10,67,78,1.1538461538461537,0.04498463524619038,663,It’s restaurant quality.
1236,2953,1,10,67,78,1.1538461538461537,0.04498463524619038,663,Now you've ruined the ambiance!
1330,2953,1,10,67,78,1.1538461538461537,0.04498463524619038,663,"No, sorry, we're not the Pepperonis, we’re the Prosciuttos."
1332,2953,1,10,67,78,1.1538461538461537,0.04498463524619038,663,If you don't mind !We paid extra for a booth ...
1367,2953,2,8,68,78,1.1538461538461537,0.048545007377001466,663,They were right. We tried the rest and this is the best.
1385,2953,2,8,68,78,1.1538461538461537,0.048545007377001466,663,The menu should have stated: 'Dine In OR Take Out'!
1398,2953,0,12,66,78,1.1538461538461537,0.041117114140372994,663,I have a bad feeling about this new al dente joint.
1291,2953,1,10,67,78,1.1538461538461537,0.04498463524619038,663,Where's our extra-small pepperoni?
1085,2953,0,12,66,78,1.1538461538461537,0.041117114140372994,663,Have you seen our waiter?
1140,3085,1,12,81,94,1.148936170212766,0.039896476676276244,663,You got a problem with the Pizza Amore?
3315,3086,1,9,65,75,1.1466666666666667,0.045295161459604626,663,There is only a little bit left
3262,3086,0,11,64,75,1.1466666666666667,0.04112531205098986,663,Hi... we're the Little Pepperoni's from Bridgeport!
3314,3086,0,11,64,75,1.1466666666666667,0.04112531205098986,663,Excuse me! This is a PERSONAL pan pizza!
3310,3086,1,9,65,75,1.1466666666666667,0.045295161459604626,663,Well WE’RE the ones who assembled it! And it was supposed to come with Swedish meatballs!
3321,3086,1,9,65,75,1.1466666666666667,0.045295161459604626,663,Find your own place to eat!
3307,3086,1,9,65,75,1.1466666666666667,0.045295161459604626,663,"'Yes, it is 'meatlovers'. Why do you ask?'"
3278,3086,1,9,65,75,1.1466666666666667,0.045295161459604626,663,They usually have one of those little plastic things.
3272,3086,0,11,64,75,1.1466666666666667,0.04112531205098986,663,I thought the 'All You Can Eat Diner Deal' was a typo.
3191,3086,0,11,64,75,1.1466666666666667,0.04112531205098986,663,I ordered a small.
3224,3086,2,7,66,75,1.1466666666666667,0.049112238922818546,663,So you forgot to order farm?
3209,3086,1,9,65,75,1.1466666666666667,0.045295161459604626,663,"Rember the ""dick in a box"" thing?  Times have changed."
3201,3086,2,7,66,75,1.1466666666666667,0.049112238922818546,663,Anything on a pizza is fair game.
3200,3086,0,11,64,75,1.1466666666666667,0.04112531205098986,663,"We're the Smalls, please don't eat us."
3171,3086,0,11,64,75,1.1466666666666667,0.04112531205098986,663,I've been thinking this Fox fake news report on the Lilliputians should be revisited.
3170,3086,1,9,65,75,1.1466666666666667,0.045295161459604626,663,"Sorry, we switched the crust to thick and removed the cheese. Our feet don't sink in as much this way."
3325,3086,0,11,64,75,1.1466666666666667,0.04112531205098986,663,I was told this was a great pizza place.
3168,3086,0,11,64,75,1.1466666666666667,0.04112531205098986,663,'I knew this table wasn't as good as the Maitre D' said it was'
3227,3086,2,7,66,75,1.1466666666666667,0.049112238922818546,663,Did I miss dinner?
3359,3086,3,5,67,75,1.1466666666666667,0.05265332251978381,663,You've just crossed over.
3721,3086,3,5,67,75,1.1466666666666667,0.05265332251978381,663,"We ordered two small pizzas, not people."
3362,3086,0,11,64,75,1.1466666666666667,0.04112531205098986,663,Just leave us a slice.
3158,3086,2,7,66,75,1.1466666666666667,0.049112238922818546,663,"'""What's your address?  We need to confirm our Uber pickup location."""
3754,3086,0,11,64,75,1.1466666666666667,0.04112531205098986,663,I could've sworn you said peopleroni...
3748,3086,2,7,66,75,1.1466666666666667,0.049112238922818546,663,Are you here about the sublet?
3724,3086,2,7,66,75,1.1466666666666667,0.049112238922818546,663,I always heard America had large portions.
3722,3086,1,9,65,75,1.1466666666666667,0.045295161459604626,663,"This is fishy, but not the anchovies I asked for"
3718,3086,0,11,64,75,1.1466666666666667,0.04112531205098986,663,You know you are right. This restaurant is incredibly dar...AAAAARGH!
3677,3086,1,9,65,75,1.1466666666666667,0.045295161459604626,663,"When I said I wanted pizza for two, I meant us."
3673,3086,0,11,64,75,1.1466666666666667,0.04112531205098986,663,"All dressed, furnished, and no cheese, right?"
3662,3086,0,11,64,75,1.1466666666666667,0.04112531205098986,663,This place used to be less exposed.
3613,3086,0,11,64,75,1.1466666666666667,0.04112531205098986,663,Not bad. But we both prefer hand-tossed.
3587,3086,0,11,64,75,1.1466666666666667,0.04112531205098986,663,The Foodie Special is a little disturbing.
3557,3086,1,9,65,75,1.1466666666666667,0.045295161459604626,663,"Excuse me, we are vegetarian."
3534,3086,3,5,67,75,1.1466666666666667,0.05265332251978381,663,Are you sure you didn't choose eat in AND take out?
3495,3086,1,9,65,75,1.1466666666666667,0.045295161459604626,663,"You wished you'd invited company.  So, here we are!"
3442,3086,1,9,65,75,1.1466666666666667,0.045295161459604626,663,So . . . we brought our own chairs.  Now where's the damn pizza ??
3388,3086,1,9,65,75,1.1466666666666667,0.045295161459604626,663,"Bill, didn't we order take-out?"
3369,3086,0,11,64,75,1.1466666666666667,0.04112531205098986,663,"Well, this is a little bit awkward, Jane."
3360,3086,1,9,65,75,1.1466666666666667,0.045295161459604626,663,We're The Anchovies.  We heard you wanted to hold us.
3137,3086,2,7,66,75,1.1466666666666667,0.049112238922818546,663,How are we supposed to split this?
2684,3086,2,7,66,75,1.1466666666666667,0.049112238922818546,663,"I guess there's no such thing as ""a quiet table for two""  these days!"
3100,3086,1,9,65,75,1.1466666666666667,0.045295161459604626,663,"Is that us, or for us?"
2772,3086,1,9,65,75,1.1466666666666667,0.045295161459604626,663,"The eye, the eye of Anubis is in the pizza lid, Eady! Pay no attention to the miniture people. Oh, Jesus, repent, repent!"
2767,3086,0,11,64,75,1.1466666666666667,0.04112531205098986,663,They forgot the olives again.
2758,3086,1,9,65,75,1.1466666666666667,0.045295161459604626,663,We're so glad you ordered thin crust instead of deep dish.
2754,3086,1,9,65,75,1.1466666666666667,0.045295161459604626,663,So you didn’t order people only?
2752,3086,1,9,65,75,1.1466666666666667,0.045295161459604626,663,You're suprised?
2738,3086,0,11,64,75,1.1466666666666667,0.04112531205098986,663,Okay Mr. and Mrs. Einstein.  You were just as implausibly standing on the wedding cake toasting one another with mimosas a nanosecond before you opened the pizza pie.
2727,3086,1,9,65,75,1.1466666666666667,0.045295161459604626,663,This pie isn’t square.
2705,3086,1,9,65,75,1.1466666666666667,0.045295161459604626,663,We opted out of any more news choosing instead a minimized life of exploration in a pizza box with repeated requests for wine please.
2694,3086,1,9,65,75,1.1466666666666667,0.045295161459604626,663,Who’s that with Jack?
2669,3086,1,9,65,75,1.1466666666666667,0.045295161459604626,663,"Not to get all metaphysical, but it’s pizza all the way down."
2661,3086,0,11,64,75,1.1466666666666667,0.04112531205098986,663,Would you mind! We like to dine inside the box!
2632,3086,1,9,65,75,1.1466666666666667,0.045295161459604626,663,Could you pour the wine please
2598,3086,2,7,66,75,1.1466666666666667,0.049112238922818546,663,They thought you said Aunt Sofie at Tomaso's instead of Anchovy and Tomatoes.
2556,3086,1,9,65,75,1.1466666666666667,0.045295161459604626,663,I don’t remember ordering this topping.
2504,3086,1,9,65,75,1.1466666666666667,0.045295161459604626,663,"Ay! Who ordered the small Italian pizza?"""
2492,3086,1,9,65,75,1.1466666666666667,0.045295161459604626,663,Guess who we are having for dinner?
3772,3086,2,7,66,75,1.1466666666666667,0.049112238922818546,663,"Everyone, including us, is having more fun than we are."
2796,3086,1,9,65,75,1.1466666666666667,0.045295161459604626,663,If we'd known you were coming we would have saved some for you.
2491,3086,1,9,65,75,1.1466666666666667,0.045295161459604626,663,You were expecting pepperoni??
2830,3086,1,9,65,75,1.1466666666666667,0.045295161459604626,663,Thank you!  We had no idea what to do with the wine.
2867,3086,1,9,65,75,1.1466666666666667,0.045295161459604626,663,"Sorry, but we just ate the last anchovy."
3094,3086,1,9,65,75,1.1466666666666667,0.045295161459604626,663,We ordered the family size with extra toppings
3079,3086,1,9,65,75,1.1466666666666667,0.045295161459604626,663,So that's what the table is for.
3070,3086,1,9,65,75,1.1466666666666667,0.045295161459604626,663,Did you order the Meta?
3048,3086,0,11,64,75,1.1466666666666667,0.04112531205098986,663,"Ralph,I see you ordered the Date Night Pizza. How sweet!"
3042,3086,2,7,66,75,1.1466666666666667,0.049112238922818546,663,It's the reality special.
3037,3086,2,7,66,75,1.1466666666666667,0.049112238922818546,663,More proof: the world is round
3010,3086,1,9,65,75,1.1466666666666667,0.045295161459604626,663,"'Don't worry, we wiped our feet first.'"
3004,3086,0,11,64,75,1.1466666666666667,0.04112531205098986,663,"Hey, you ordered it extra cheesy."
3101,3086,0,11,64,75,1.1466666666666667,0.04112531205098986,663,didn't you order two vegetarian toppings?
2998,3086,2,7,66,75,1.1466666666666667,0.049112238922818546,663,"Well, there are two of them so this must be the Meat Lovers Pizza."
2963,3086,1,9,65,75,1.1466666666666667,0.045295161459604626,663,"See, I knew we weren't just dining in the dark before."
2954,3086,1,9,65,75,1.1466666666666667,0.045295161459604626,663,"I suppose we have to share.  Where's the teeny, tiny pizza cutter?"
2953,3086,3,5,67,75,1.1466666666666667,0.05265332251978381,663,Small Meat Lovers?
2935,3086,1,9,65,75,1.1466666666666667,0.045295161459604626,663,We're part of pilot program to downsize our student loans.
2916,3086,0,11,64,75,1.1466666666666667,0.04112531205098986,663,We’ve decided to skip the fondue party on Saturday.
2880,3086,2,7,66,75,1.1466666666666667,0.049112238922818546,663,"Three legged table,you'll have to wait in line."
2875,3086,0,11,64,75,1.1466666666666667,0.04112531205098986,663,And they think its wrong to put pineapple on a pizza
2871,3086,1,9,65,75,1.1466666666666667,0.045295161459604626,663,"Little Caesar's New Marketing Campaign "" Order In or Out"""
2988,3086,0,11,64,75,1.1466666666666667,0.04112531205098986,663,"Well, you did order one large and two small."
3774,3086,1,9,65,75,1.1466666666666667,0.045295161459604626,663,Well at least it's not Roundup.
2113,3086,1,9,65,75,1.1466666666666667,0.045295161459604626,663,"When I asked to have a pizza date, this isn’t what I had in mind"
3795,3086,1,9,65,75,1.1466666666666667,0.045295161459604626,663,"We requested a private room"""
4753,3086,1,9,65,75,1.1466666666666667,0.045295161459604626,663,We are having the meta pizza.
4734,3086,1,9,65,75,1.1466666666666667,0.045295161459604626,663,"Huh... When the guy offered the Lilliputian special, I just presumed it was some sort of Sicilian-style variation."""
4732,3086,2,7,66,75,1.1466666666666667,0.049112238922818546,663,"Well, I thought you said you'd like to take me out for dinner, not ""make"" me take-out dinner."
4720,3086,0,11,64,75,1.1466666666666667,0.04112531205098986,663,"Extra cheese . . . pepperoni . . . and, of course, we got their mushrooms!"
4719,3086,2,7,66,75,1.1466666666666667,0.049112238922818546,663,Darn.  You ordered the Piazza again.
4707,3086,2,7,66,75,1.1466666666666667,0.049112238922818546,663,"I'm sorry to disturb this romantic moment, but I'm starving.  Would  you mind picking up your feet so we can get a slice of your floor?"
4703,3086,2,7,66,75,1.1466666666666667,0.049112238922818546,663,Another reminder that we need to down-size.
4628,3086,1,9,65,75,1.1466666666666667,0.045295161459604626,663,I can’t believe it. I specifically ordered for them to be on different tables!
4620,3086,2,7,66,75,1.1466666666666667,0.049112238922818546,663,"Actually, we prefer this way. Travel a lot and always get a table."
4612,3086,1,9,65,75,1.1466666666666667,0.045295161459604626,663,What  did you expect when you called and ordered the Lilliputian special ?
4606,3086,1,9,65,75,1.1466666666666667,0.045295161459604626,663,I thought I ordered a romantic take out for two.
4547,3086,1,9,65,75,1.1466666666666667,0.045295161459604626,663,"Manager is trying out, ‘people’roni pizza.  The Chianti is our idea."
4529,3086,1,9,65,75,1.1466666666666667,0.045295161459604626,663,I guess we should start with the crust
4481,3086,2,7,66,75,1.1466666666666667,0.049112238922818546,663,I knew that there was some kind of use for that thing.
4443,3086,3,5,67,75,1.1466666666666667,0.05265332251978381,663,Did you order a couple of pizzas?
4429,3086,2,7,66,75,1.1466666666666667,0.049112238922818546,663,Thanks for not ordering the pre-baked.
4427,3086,1,9,65,75,1.1466666666666667,0.045295161459604626,663,It's a personal pan pizza.
4765,3086,1,9,65,75,1.1466666666666667,0.045295161459604626,663,We made a reservation!  ... for a romantic little table for two.
4767,3086,1,9,65,75,1.1466666666666667,0.045295161459604626,663,"Excuse me.  We'd appreciate a little privacy please, if you don't mind."""
4786,3086,2,7,66,75,1.1466666666666667,0.049112238922818546,663,Don't blame us for not knowing 'Downsizing' in the company's severance package was a lifestyle condition.
4790,3086,1,9,65,75,1.1466666666666667,0.045295161459604626,663,"Hey, don't eat us!  She's a little saucy and I'm the big cheese, but we're not pizza!"
2480,3086,0,11,64,75,1.1466666666666667,0.04112531205098986,663,They had a 2-topping special
5059,3086,0,11,64,75,1.1466666666666667,0.04112531205098986,663,"I’m sorry, but we need to turn this table."
5045,3086,1,9,65,75,1.1466666666666667,0.045295161459604626,663,Hi! I’m John Pepperoni and this is my wife Joan.
5017,3086,2,7,66,75,1.1466666666666667,0.049112238922818546,663,This is the two top pizza special.
5011,3086,2,7,66,75,1.1466666666666667,0.049112238922818546,663,"(Little man):  ""I thought this came with breadsticks."""
5003,3086,3,5,67,75,1.1466666666666667,0.05265332251978381,663,We're just taking a break from campaigning.
4993,3086,2,7,66,75,1.1466666666666667,0.049112238922818546,663,"No, we don’t know where Schrödinger’s Cat went!"
4973,3086,1,9,65,75,1.1466666666666667,0.045295161459604626,663,How would we know who ate it?  We thought it was linoleum.
4408,3086,0,11,64,75,1.1466666666666667,0.04112531205098986,663,You don’t want to eat here. The service is terrible.
4944,3086,0,11,64,75,1.1466666666666667,0.04112531205098986,663,"Yes,it is cut into 8 slices. I didn't think we could eat 12."
4926,3086,0,11,64,75,1.1466666666666667,0.04112531205098986,663,Excuse me! This is a private party!
4895,3086,3,5,67,75,1.1466666666666667,0.05265332251978381,663,Stop staring! It's almost as if you've never opened a pizza box and seen two tiny people sharing a lovely glass of wine.
4892,3086,1,9,65,75,1.1466666666666667,0.045295161459604626,663,Way to ruin the dark and steamy atmosphere!
4879,3086,1,9,65,75,1.1466666666666667,0.045295161459604626,663,"If you order the Shrimp Pizza Surprise, you deserve whatever you get."
4845,3086,1,9,65,75,1.1466666666666667,0.045295161459604626,663,"Thanks for letting us out! Good mushroom pizza, but avoid the ""Drink Me"" Chianti."
4830,3086,1,9,65,75,1.1466666666666667,0.045295161459604626,663,Min your own pizziness!
4819,3086,0,11,64,75,1.1466666666666667,0.04112531205098986,663,I'll give this joint five stars on portion size but the overall dining experience is belittling.
4792,3086,1,9,65,75,1.1466666666666667,0.045295161459604626,663,A little privacy please. I’m about to propose!
4935,3086,2,7,66,75,1.1466666666666667,0.049112238922818546,663,What? You've never heard of prop-up restaurants?
4384,3086,1,9,65,75,1.1466666666666667,0.045295161459604626,663,I thought you ordered the Veggie.
4356,3086,1,9,65,75,1.1466666666666667,0.045295161459604626,663,"We were were trying to think of a table topic...Man,
we've got one now!"
4352,3086,0,11,64,75,1.1466666666666667,0.04112531205098986,663,How's life been treating ya since the good old days?
4034,3086,1,9,65,75,1.1466666666666667,0.045295161459604626,663,You could at least try to have our old friends over.
4017,3086,1,9,65,75,1.1466666666666667,0.045295161459604626,663,You have always said you wish for inlaws!
3997,3086,1,9,65,75,1.1466666666666667,0.045295161459604626,663,"Hey, were out of pizza, so we substituted atmosphere!"
3974,3086,1,9,65,75,1.1466666666666667,0.045295161459604626,663,You ordered a pie with all your favorites!
3955,3086,1,9,65,75,1.1466666666666667,0.045295161459604626,663,"Life imitates pizza, or reality is a crutch.”"
3945,3086,3,5,67,75,1.1466666666666667,0.05265332251978381,663,Please close.  We’d rather not dine al fresco.
3940,3086,1,9,65,75,1.1466666666666667,0.045295161459604626,663,"It was the perfect size, we didn’t think you’d mind."
3937,3086,2,7,66,75,1.1466666666666667,0.049112238922818546,663,Did you order the family size?
4046,3086,0,11,64,75,1.1466666666666667,0.04112531205098986,663,"Excuse me, can we please get the check?"
3936,3086,1,9,65,75,1.1466666666666667,0.045295161459604626,663,"Exactly my nightmare, Ruth, but for the part we ordered lasagne."""
3929,3086,1,9,65,75,1.1466666666666667,0.045295161459604626,663,Maybe it was a mistake to order home style.
3921,3086,0,11,64,75,1.1466666666666667,0.04112531205098986,663,I ordered a mini pizza
3912,3086,1,9,65,75,1.1466666666666667,0.045295161459604626,663,"Well, you ordered Oregano, right?  Well, We are Bill and Sally Oregano. Nice to meet you!"
3909,3086,1,9,65,75,1.1466666666666667,0.045295161459604626,663,"After the Bourbons,everything somehow just seems smaller"
3883,3086,2,7,66,75,1.1466666666666667,0.049112238922818546,663,Put a pizza this in your piehole!
3877,3086,1,9,65,75,1.1466666666666667,0.045295161459604626,663,"Geez, there's no place for us to sit."
3833,3086,2,7,66,75,1.1466666666666667,0.049112238922818546,663,"Relax, anyway it was way too salty."
3800,3086,1,9,65,75,1.1466666666666667,0.045295161459604626,663,"You ordered the Twilight Zone pizza, right?"
3934,3086,1,9,65,75,1.1466666666666667,0.045295161459604626,663,"First, they were too heavy on the mozzarella, now this!"
3789,3086,1,9,65,75,1.1466666666666667,0.045295161459604626,663,"Hey, we didn't order carry-out!"
4068,3086,1,9,65,75,1.1466666666666667,0.045295161459604626,663,Thank goodness—it finally happened! Less restaurant overhead!
4085,3086,2,7,66,75,1.1466666666666667,0.049112238922818546,663,"We get that you're both hungry, but do you have to pull the rug out from under us?"""
4335,3086,1,9,65,75,1.1466666666666667,0.045295161459604626,663,Magic lamps are so 18th century. We are box-sitting for the Magic Pizza genie who is vacationing in the French Riviera.
4330,3086,1,9,65,75,1.1466666666666667,0.045295161459604626,663,"Hi, I'm Pop Rooney, and this is my wife."
4324,3086,1,9,65,75,1.1466666666666667,0.045295161459604626,663,"It's our new location-based advertising strategy:
pizza formaggio  - poco - a due"
4317,3086,0,11,64,75,1.1466666666666667,0.04112531205098986,663,At least it’s not vegan?
4314,3086,1,9,65,75,1.1466666666666667,0.045295161459604626,663,You two ate all that large pie?
4300,3086,2,7,66,75,1.1466666666666667,0.049112238922818546,663,I thought we were vegan...
4285,3086,2,7,66,75,1.1466666666666667,0.049112238922818546,663,Bounasera Gullivers! We'll have a small Margherita and your best pizza red. Grazie
4243,3086,1,9,65,75,1.1466666666666667,0.045295161459604626,663,Are you sure you didn't want the vegan option?
4081,3086,2,7,66,75,1.1466666666666667,0.049112238922818546,663,I think there was a mix up. They must have asked if we wanted to be ordered in.
4232,3086,1,9,65,75,1.1466666666666667,0.045295161459604626,663,And remember to hold the anchovies.
4171,3086,1,9,65,75,1.1466666666666667,0.045295161459604626,663,"It's called the ""Family pizza- hold the kids"""
4168,3086,1,9,65,75,1.1466666666666667,0.045295161459604626,663,Your house wine should be condemned.
4167,3086,2,7,66,75,1.1466666666666667,0.049112238922818546,663,"Look honey, it's Little Caesar and his wife!"
4122,3086,2,7,66,75,1.1466666666666667,0.049112238922818546,663,"We'll take the check when you get a second."""
4110,3086,0,11,64,75,1.1466666666666667,0.04112531205098986,663,And that's what happens on a Twitter diet.
4104,3086,3,5,67,75,1.1466666666666667,0.05265332251978381,663,They were out of sausage so they sent us.
4095,3086,1,9,65,75,1.1466666666666667,0.045295161459604626,663,Would you like a box of wine with your pizza?
4087,3086,1,9,65,75,1.1466666666666667,0.045295161459604626,663,"We are your 'small & smaller' special order from d'Mario's Pizzeria, eh?"
4201,3086,1,9,65,75,1.1466666666666667,0.045295161459604626,663,Chef Bo Beck’s experimental pop-ups are becoming to intimate
2442,3086,1,9,65,75,1.1466666666666667,0.045295161459604626,663,We just wanted to go someplace else for dessert.
1208,3086,1,9,65,75,1.1466666666666667,0.045295161459604626,663,Where's our pizza?
2402,3086,1,9,65,75,1.1466666666666667,0.045295161459604626,663,Hodor Hodor!
804,3086,2,7,66,75,1.1466666666666667,0.049112238922818546,663,What do you mean spoiled the pizza?  We are the pizza guardian angels.
794,3086,1,9,65,75,1.1466666666666667,0.045295161459604626,663,This plastic spacer thing made a great dining table and then somehow we ended up here.
782,3086,1,9,65,75,1.1466666666666667,0.045295161459604626,663,"But hairy Harry, it must be your lisp again!
They’re say you ordered  “ Pepper & Tony and  hold the cheese, hold the dough.... “"
773,3086,3,5,67,75,1.1466666666666667,0.05265332251978381,663,"What, you've never seen Lilliputian Style pizza before?"
771,3086,1,9,65,75,1.1466666666666667,0.045295161459604626,663,'Looks like we'll have to send it back.  I see the anchovies but where the hell's the pepperoni?
766,3086,1,9,65,75,1.1466666666666667,0.045295161459604626,663,"Hey! A little privacy, please."
763,3086,3,5,67,75,1.1466666666666667,0.05265332251978381,663,"This is a good time to heed the old adage ""you are what you eat"". We're Trump supporters."
762,3086,2,7,66,75,1.1466666666666667,0.049112238922818546,663,"What, they ran out of pepperoni"""
743,3086,2,7,66,75,1.1466666666666667,0.049112238922818546,663,"I'm Phil Pepperoni and this is my wife, Marie."
718,3086,2,7,66,75,1.1466666666666667,0.049112238922818546,663,"Bring around another bottle, please."
716,3086,1,9,65,75,1.1466666666666667,0.045295161459604626,663,We're part of Big Pizza's commitment to ultimate customer satisfaction--- how are we doing?
698,3086,2,7,66,75,1.1466666666666667,0.049112238922818546,663,"THIS NEEDS NO CAPTION.
It's bizarre enough to be funny just as it is. Don't over think it."
683,3086,3,5,67,75,1.1466666666666667,0.05265332251978381,663,I think they made this one New York style.
667,3086,0,11,64,75,1.1466666666666667,0.04112531205098986,663,"Do you mind? We were expecting a romatic Italian dinner, not a visit from the land of the giants!"
663,3086,0,11,64,75,1.1466666666666667,0.04112531205098986,663,Guess this is the latest fusion of the Pop Up restaurant and Amazon food delivery?
627,3086,1,9,65,75,1.1466666666666667,0.045295161459604626,663,Back to the future!
605,3086,1,9,65,75,1.1466666666666667,0.045295161459604626,663,We ordered ‘The Works’ right?
805,3086,0,11,64,75,1.1466666666666667,0.04112531205098986,663,"We’re the Pepperoni couple, I thought you asked for us."
604,3086,2,7,66,75,1.1466666666666667,0.049112238922818546,663,Hawaiian?  This is The Lilliputian.  No onions.
806,3086,1,9,65,75,1.1466666666666667,0.045295161459604626,663,We ordered ahead!
880,3086,2,7,66,75,1.1466666666666667,0.049112238922818546,663,What's a guy gotta do to get some privacy around here?
1223,3086,2,7,66,75,1.1466666666666667,0.049112238922818546,663,"You said extra baloney, didn't you?"
1216,3086,1,9,65,75,1.1466666666666667,0.045295161459604626,663,We're new at swinging.
1190,3086,1,9,65,75,1.1466666666666667,0.045295161459604626,663,"No,no, this is a ""piazza""."
1168,3086,1,9,65,75,1.1466666666666667,0.045295161459604626,663,We ordered a pickup and delivery - we thought he was the uber!
1152,3086,1,9,65,75,1.1466666666666667,0.045295161459604626,663,They must be on one of those budget tours of Italy.
1123,3086,2,7,66,75,1.1466666666666667,0.049112238922818546,663,"Hey, where's our soup?"
1118,3086,0,11,64,75,1.1466666666666667,0.04112531205098986,663,Why so surprised. You were expecting maybe Mario Batali?
1116,3086,0,11,64,75,1.1466666666666667,0.04112531205098986,663,I hope you guys ordered a veggie pizza and not the meat lover’s special.
1101,3086,1,9,65,75,1.1466666666666667,0.045295161459604626,663,"Who are you calling little?  Let's go, Calpurnia!"
1094,3086,1,9,65,75,1.1466666666666667,0.045295161459604626,663,"Umm...excuse me, could you bring us some tiramisu?"
1093,3086,3,5,67,75,1.1466666666666667,0.05265332251978381,663,You could join us after 63 hot wash and dry cycles.
1088,3086,1,9,65,75,1.1466666666666667,0.045295161459604626,663,Do you have any specials?
1055,3086,1,9,65,75,1.1466666666666667,0.045295161459604626,663,"You ordered the ""meet and greet"" lovers pizza."
1014,3086,1,9,65,75,1.1466666666666667,0.045295161459604626,663,"This is supposed to be a romantic dinner, a magical time, and you’re ruining it. Just shut the lid and go away."
972,3086,3,5,67,75,1.1466666666666667,0.05265332251978381,663,"I was at your wedding, Denise."
958,3086,0,11,64,75,1.1466666666666667,0.04112531205098986,663,Shut the pie top!
916,3086,0,11,64,75,1.1466666666666667,0.04112531205098986,663,The reviews said the place was upper crust.
816,3086,1,9,65,75,1.1466666666666667,0.045295161459604626,663,Could we have some red pepper?
601,3086,1,9,65,75,1.1466666666666667,0.045295161459604626,663,Could you put the roof back up?
595,3086,0,11,64,75,1.1466666666666667,0.04112531205098986,663,"Hi, I'm Dan Topping, and this is my wife, Melanie."
589,3086,0,11,64,75,1.1466666666666667,0.04112531205098986,663,"Excuse me, but we reserved a private room!"
202,3086,2,7,66,75,1.1466666666666667,0.049112238922818546,663,"Eunice, I told you we should have ordered the bottle."
182,3086,2,7,66,75,1.1466666666666667,0.049112238922818546,663,hey this is our personal pizza
148,3086,1,9,65,75,1.1466666666666667,0.045295161459604626,663,How long can it take to make a miniature pie?
147,3086,0,11,64,75,1.1466666666666667,0.04112531205098986,663,Something about a genie and our favorite food...
146,3086,3,5,67,75,1.1466666666666667,0.05265332251978381,663,I wonder what they were going to have for dinner?
127,3086,2,7,66,75,1.1466666666666667,0.049112238922818546,663,These amuse-bouche are not amused
90,3086,1,9,65,75,1.1466666666666667,0.045295161459604626,663,Where is the appetizer?
78,3086,1,9,65,75,1.1466666666666667,0.045295161459604626,663,"We're sorry about ditching the anchovies, but they eroded the complexity of the bouquet."
75,3086,0,11,64,75,1.1466666666666667,0.04112531205098986,663,"Sorry, that's our pizza hut."
74,3086,2,7,66,75,1.1466666666666667,0.049112238922818546,663,Love is in everywhere
68,3086,1,9,65,75,1.1466666666666667,0.045295161459604626,663,In 3 seconds you can switch this commercial message...
60,3086,1,9,65,75,1.1466666666666667,0.045295161459604626,663,I demand to speak to the manager!
49,3086,1,9,65,75,1.1466666666666667,0.045295161459604626,663,"It's with extra cheese again, Willard."
28,3086,1,9,65,75,1.1466666666666667,0.045295161459604626,663,"Honey, I shrunk the guests."
23,3086,1,9,65,75,1.1466666666666667,0.045295161459604626,663,"This pizzas gone rotten, look! The noids had sex with it and his kids have already grown up"""
9,3086,0,11,64,75,1.1466666666666667,0.04112531205098986,663,. . .and another thing: the floor carpet's a mess
2419,3086,0,11,64,75,1.1466666666666667,0.04112531205098986,663,I thought we asked for Lilliputians on the side?
206,3086,0,11,64,75,1.1466666666666667,0.04112531205098986,663,"""Micro-aggression, ha ha, that's funny. Now close the damn box."
212,3086,0,11,64,75,1.1466666666666667,0.04112531205098986,663,We're the little Olive and Basil you ordered.
220,3086,2,7,66,75,1.1466666666666667,0.049112238922818546,663,May we see the wine list?
247,3086,1,9,65,75,1.1466666666666667,0.045295161459604626,663,"If you don't finish all of it, please leave a piece for us!"
573,3086,1,9,65,75,1.1466666666666667,0.045295161459604626,663,They forgot our breadsticks.
548,3086,1,9,65,75,1.1466666666666667,0.045295161459604626,663,"You're dining in, but we're dining out."
538,3086,3,5,67,75,1.1466666666666667,0.05265332251978381,663,Hope you left a tip.
513,3086,1,9,65,75,1.1466666666666667,0.045295161459604626,663,"Please, if we wanted to dine Al Fresco we would have asked!"
493,3086,0,11,64,75,1.1466666666666667,0.04112531205098986,663,This pizzeria is eat in or take out
481,3086,1,9,65,75,1.1466666666666667,0.045295161459604626,663,We got a rocket mortgage.
471,3086,2,7,66,75,1.1466666666666667,0.049112238922818546,663,Would you mind closing the top so that our pizza doesn’t get cold?
458,3086,0,11,64,75,1.1466666666666667,0.04112531205098986,663,"Ma’am, you’ve been here for three hours, and we’re booked for the evening. Could you possibly take your drinks to the bar?"
1229,3086,1,9,65,75,1.1466666666666667,0.045295161459604626,663,"Not hot, not ready!"
449,3086,1,9,65,75,1.1466666666666667,0.045295161459604626,663,"I thought we ordered a pizza to dine in, not takeout."
424,3086,1,9,65,75,1.1466666666666667,0.045295161459604626,663,"Yes, we are Lillipizzians."
400,3086,3,5,67,75,1.1466666666666667,0.05265332251978381,663,"Like your order, I'd like you to go."
387,3086,2,7,66,75,1.1466666666666667,0.049112238922818546,663,I think we got our neighbor's order.
379,3086,2,7,66,75,1.1466666666666667,0.049112238922818546,663,You asked for dips.
358,3086,1,9,65,75,1.1466666666666667,0.045295161459604626,663,It's a Lilliputian pie.
320,3086,0,11,64,75,1.1466666666666667,0.04112531205098986,663,Hey Joe. Hey Barb. Sorry to drop in on you like this.
318,3086,1,9,65,75,1.1466666666666667,0.045295161459604626,663,"fuck! fuck, okay— it's just like we practiced, start shitting everywhere"
258,3086,1,9,65,75,1.1466666666666667,0.045295161459604626,663,"So when they said a 'Piece of Little Italy""..."
439,3086,1,9,65,75,1.1466666666666667,0.045295161459604626,663,"You should have gone with DiGiorno, neither of us likes the cold."
1237,3086,0,11,64,75,1.1466666666666667,0.04112531205098986,663,It's called Round Table for a reason!
630,3086,0,11,64,75,1.1466666666666667,0.04112531205098986,663,We couldn't decide whether to dine in take out.
1270,3086,1,9,65,75,1.1466666666666667,0.045295161459604626,663,"It's protein, but not too filling."
2088,3086,1,9,65,75,1.1466666666666667,0.045295161459604626,663,It's our first date. Next time hold the anchovies.
2079,3086,1,9,65,75,1.1466666666666667,0.045295161459604626,663,"This is a personal pizza, Mack."
2069,3086,1,9,65,75,1.1466666666666667,0.045295161459604626,663,The one percent ate the whole pie
2011,3086,0,11,64,75,1.1466666666666667,0.04112531205098986,663,Can we see your wine selection?
2009,3086,1,9,65,75,1.1466666666666667,0.045295161459604626,663,Your eyes were bigger than our stomachs.
1991,3086,1,9,65,75,1.1466666666666667,0.045295161459604626,663,"Mildred, maybe we should have ordered the large pie."
1969,3086,1,9,65,75,1.1466666666666667,0.045295161459604626,663,"Pizza, piazza, what's the difference?"
1963,3086,0,11,64,75,1.1466666666666667,0.04112531205098986,663,Your choice of toppings was excellent!
2090,3086,1,9,65,75,1.1466666666666667,0.045295161459604626,663,"Hey, you didn't order no personal pizza."
1937,3086,2,7,66,75,1.1466666666666667,0.049112238922818546,663,The sign said “seat yourself”.
1914,3086,1,9,65,75,1.1466666666666667,0.045295161459604626,663,Please don't tell us to go.
1911,3086,2,7,66,75,1.1466666666666667,0.049112238922818546,663,This is my fiancé Susan and I'm Ceaser.
1894,3086,1,9,65,75,1.1466666666666667,0.045295161459604626,663,This date can't be topped.
1865,3086,0,11,64,75,1.1466666666666667,0.04112531205098986,663,They say you are what you eat on your pizza.
1856,3086,0,11,64,75,1.1466666666666667,0.04112531205098986,663,Pepperoni? We thought you ordered Parents-only.
1840,3086,2,7,66,75,1.1466666666666667,0.049112238922818546,663,This is what happens when they you what kind of toppings you'd like and you tell them to just surprise you with a couple.
1813,3086,1,9,65,75,1.1466666666666667,0.045295161459604626,663,Have you got one grain of parmesan?
1811,3086,0,11,64,75,1.1466666666666667,0.04112531205098986,663,"Well, you said on the phone, ""Everything but anchovies!""-- So what'd you expect?"
1918,3086,0,11,64,75,1.1466666666666667,0.04112531205098986,663,"Honey, did you order two giants?"
1803,3086,1,9,65,75,1.1466666666666667,0.045295161459604626,663,I thought you ordered sardines?
2102,3086,1,9,65,75,1.1466666666666667,0.045295161459604626,663,We're eating here!
2149,3086,2,7,66,75,1.1466666666666667,0.049112238922818546,663,You’re not the only ones who are wondering what we’re doing here! I’m gluten AND lactose intolerant.
2394,3086,3,5,67,75,1.1466666666666667,0.05265332251978381,663,Pizza dinner with those little Olives - just as ordered.
2387,3086,2,7,66,75,1.1466666666666667,0.049112238922818546,663,Hey! This is a private dining room.
2367,3086,1,9,65,75,1.1466666666666667,0.045295161459604626,663,"Excuse me, you’re sitting on our pizza"
1254,3086,1,9,65,75,1.1466666666666667,0.045295161459604626,663,"That's the patio set I was talking about, Eric."
2344,3086,0,11,64,75,1.1466666666666667,0.04112531205098986,663,We asked for the best seat in the house.
2332,3086,1,9,65,75,1.1466666666666667,0.045295161459604626,663,What did you expect when you ordered The Russian Doll special?
2328,3086,1,9,65,75,1.1466666666666667,0.045295161459604626,663,How come you’re always ordering your poor old parents to go?
2326,3086,2,7,66,75,1.1466666666666667,0.049112238922818546,663,You ordered the vegetarian special: we're vegetarians and we're very special!
2129,3086,1,9,65,75,1.1466666666666667,0.045295161459604626,663,"We needed a marriage counselor, so we asked the Geni to send us to the very best shrink."
2288,3086,1,9,65,75,1.1466666666666667,0.045295161459604626,663,"Oh, hey, guys. We're you two from the past."
2238,3086,2,7,66,75,1.1466666666666667,0.049112238922818546,663,Wrong topping! Send it back!
2230,3086,1,9,65,75,1.1466666666666667,0.045295161459604626,663,This is the 5th time this week ordering pizza! Haven't you realized that we're trying to help you stop?
2208,3086,0,11,64,75,1.1466666666666667,0.04112531205098986,663,"Altogether:
“That’s not what I ordered”"
2197,3086,2,7,66,75,1.1466666666666667,0.049112238922818546,663,"Could you please close the box, it is getting quite chilly?"
2180,3086,1,9,65,75,1.1466666666666667,0.045295161459604626,663,It was buy one get the square root of one.
2173,3086,1,9,65,75,1.1466666666666667,0.045295161459604626,663,"Friday is pizza night.  
It’s only Monday."
2171,3086,2,7,66,75,1.1466666666666667,0.049112238922818546,663,We ordered the extra-large one--this could take us a while!
2167,3086,0,11,64,75,1.1466666666666667,0.04112531205098986,663,"Well, usually it was just thrown away."
2241,3086,1,9,65,75,1.1466666666666667,0.045295161459604626,663,Pop-Up dining really is everywhere.
1797,3086,1,9,65,75,1.1466666666666667,0.045295161459604626,663,Mellow Mushroom’s Lilliputian Pie.
2350,3086,1,9,65,75,1.1466666666666667,0.045295161459604626,663,Pizza for two?  I thought you ordered two for pizza.
1751,3086,0,11,64,75,1.1466666666666667,0.04112531205098986,663,Are you those darned Big Caesers we keep hearing about?
1502,3086,1,9,65,75,1.1466666666666667,0.045295161459604626,663,We've made 7 o'clock reservations for this pizza
1499,3086,3,5,67,75,1.1466666666666667,0.05265332251978381,663,You ordered everything on it but pineapple.
1490,3086,2,7,66,75,1.1466666666666667,0.049112238922818546,663,I told them I wanted mine shrink wrapped.
1480,3086,1,9,65,75,1.1466666666666667,0.045295161459604626,663,I ordered “pepperoni pizza!”  Not “people in piazza!”
1426,3086,0,11,64,75,1.1466666666666667,0.04112531205098986,663,Just eat it!
1424,3086,2,7,66,75,1.1466666666666667,0.049112238922818546,663,"Well, you did order a margarita."
1423,3086,2,7,66,75,1.1466666666666667,0.049112238922818546,663,Next time no anchovies please.
1417,3086,0,11,64,75,1.1466666666666667,0.04112531205098986,663,It was this or a brown paper bag in Park Slope.
1409,3086,0,11,64,75,1.1466666666666667,0.04112531205098986,663,Did you think it was a prop?
1400,3086,0,11,64,75,1.1466666666666667,0.04112531205098986,663,"The sign did say ""Dine in or Carry Out."""
1390,3086,1,9,65,75,1.1466666666666667,0.045295161459604626,663,It's been a slice.
1387,3086,0,11,64,75,1.1466666666666667,0.04112531205098986,663,Doesn’t matter if you’re eating in — waiting issue art of dining.
1370,3086,2,7,66,75,1.1466666666666667,0.049112238922818546,663,"No, you may not have a wedge!"
1364,3086,1,9,65,75,1.1466666666666667,0.045295161459604626,663,Did you want a slice of the cheesy date pizza?
1339,3086,2,7,66,75,1.1466666666666667,0.049112238922818546,663,Put a lid on it. Please.
1327,3086,1,9,65,75,1.1466666666666667,0.045295161459604626,663,"They're vegetarians, they ordered a cheese pizza."
1752,3086,2,7,66,75,1.1466666666666667,0.049112238922818546,663,It needed more topping.
1516,3086,0,11,64,75,1.1466666666666667,0.04112531205098986,663,Now that’s amore.
1525,3086,2,7,66,75,1.1466666666666667,0.049112238922818546,663,"Finally, someone who thinks outside the box."
1341,3086,1,9,65,75,1.1466666666666667,0.045295161459604626,663,"Ugh, they forgot to add the extra mushrooms again."
1580,3086,2,7,66,75,1.1466666666666667,0.049112238922818546,663,"Two doppios, please, and are your cannoli made in-house?"
1526,3086,1,9,65,75,1.1466666666666667,0.045295161459604626,663,"Are we supposed to just eat the floor, or do you only serve drinks here?"
1718,3086,1,9,65,75,1.1466666666666667,0.045295161459604626,663,We shouldn't have ordered the recursive pizza dinner.
1738,3086,1,9,65,75,1.1466666666666667,0.045295161459604626,663,You said you wanted a restaurant pizza.
1710,3086,2,7,66,75,1.1466666666666667,0.049112238922818546,663,Oops. Usually we are done dining at the little cafe table before you open the box
1707,3086,1,9,65,75,1.1466666666666667,0.045295161459604626,663,You ordered the pizza with everything?
1702,3086,1,9,65,75,1.1466666666666667,0.045295161459604626,663,"....and after I told the hostess we had no reservation and I wanted to use this coupon, she said, ""No Problem, I 'm sure I have immediate seating for you two."""
1692,3086,1,9,65,75,1.1466666666666667,0.045295161459604626,663,I know what you must be thinking...are we vegetarian?
1673,3086,1,9,65,75,1.1466666666666667,0.045295161459604626,663,They ran out of anchovies.
1693,3086,2,7,66,75,1.1466666666666667,0.049112238922818546,663,We are the new live waiter option
1633,3086,1,9,65,75,1.1466666666666667,0.045295161459604626,663,I guess they were out of anchovies.
1623,3086,0,11,64,75,1.1466666666666667,0.04112531205098986,663,"No Pal, we are not ""The Topping""."
1613,3086,0,11,64,75,1.1466666666666667,0.04112531205098986,663,"Excuse me, we're eating. May we have a little privacy, please?"
1609,3086,2,7,66,75,1.1466666666666667,0.049112238922818546,663,"Works for the Subway Rat, works for us."
1598,3086,1,9,65,75,1.1466666666666667,0.045295161459604626,663,"Honey, I shrank the Kidds"
1589,3086,1,9,65,75,1.1466666666666667,0.045295161459604626,663,No dessert for us.
1585,3086,0,11,64,75,1.1466666666666667,0.04112531205098986,663,How many times have we asked you to take your shoes off when you come to dinner?
1582,3086,2,7,66,75,1.1466666666666667,0.049112238922818546,663,...starring Matt Damon.
1643,3086,1,9,65,75,1.1466666666666667,0.045295161459604626,663,The floor cleaned up nicely.
3065,3426,1,8,63,72,1.1388888888888888,0.04556013565281042,663,You ate the whole pizza!
3027,3426,1,8,63,72,1.1388888888888888,0.04556013565281042,663,We’d like a small pizza with everything on top.
3034,3426,2,6,64,72,1.1388888888888888,0.04966852391033734,663,I thought we said Friday at 7!
3040,3426,2,6,64,72,1.1388888888888888,0.04966852391033734,663,May we look at the dessert menu?
3045,3426,0,10,62,72,1.1388888888888888,0.04104253469235572,663,"Happy Anniversary, Cesar!"
3060,3426,0,10,62,72,1.1388888888888888,0.04104253469235572,663,You are invading our pizzary!
3135,3426,0,10,62,72,1.1388888888888888,0.04104253469235572,663,"We ordered non-alcoholic cheese, right?"
3330,3426,1,8,63,72,1.1388888888888888,0.04556013565281042,663,Did you at least leave us some wine?
3187,3426,1,8,63,72,1.1388888888888888,0.04556013565281042,663,I thought “To Serve Man” Meant Something Else.  I guess I shouldn’t have ordered from the Rod Serling Pizzeria.
3228,3426,1,8,63,72,1.1388888888888888,0.04556013565281042,663,Must be the appetizers.
3292,3426,1,8,63,72,1.1388888888888888,0.04556013565281042,663,How much longer are you going to keep this up?
3306,3426,2,6,64,72,1.1388888888888888,0.04966852391033734,663,You said you wanted dinner in a box!
3308,3426,0,10,62,72,1.1388888888888888,0.04104253469235572,663,Did you invite company?
3322,3426,2,6,64,72,1.1388888888888888,0.04966852391033734,663,"Oh look, there is a world outside our box! 
Oh look, there is a world inside a box!"
3345,3426,2,6,64,72,1.1388888888888888,0.04966852391033734,663,"You  an take the pizza out of the pizzeria, but..."
3141,3426,1,8,63,72,1.1388888888888888,0.04556013565281042,663,What?! You were expecting anchovies?
3008,3426,0,10,62,72,1.1388888888888888,0.04104253469235572,663,Hi.  Would you mind bringing some extra parmesan?
2803,3426,2,6,64,72,1.1388888888888888,0.04966852391033734,663,"Honey, I Shrunk your Parents"
2978,3426,1,8,63,72,1.1388888888888888,0.04556013565281042,663,We'll take desert in a to-go box.
2511,3426,1,8,63,72,1.1388888888888888,0.04556013565281042,663,I thought this was an upper crust establishment!
3368,3426,1,8,63,72,1.1388888888888888,0.04556013565281042,663,This isn't what I meant by family size.
2513,3426,1,8,63,72,1.1388888888888888,0.04556013565281042,663,You do know you still owe the rent for April?
2603,3426,0,10,62,72,1.1388888888888888,0.04104253469235572,663,"You two ask, ""what's the secret sauce to love and marriage?""
A cheesy date leads to a cheesy life.
No more kneading the dough."
2691,3426,0,10,62,72,1.1388888888888888,0.04104253469235572,663,This is what we were like before take-out pizza.
2712,3426,1,8,63,72,1.1388888888888888,0.04556013565281042,663,"With our shrinking budget, it was the only table we could afford."
2713,3426,0,10,62,72,1.1388888888888888,0.04104253469235572,663,I think Postmates messed up our order...
2743,3426,1,8,63,72,1.1388888888888888,0.04556013565281042,663,We should all consider ourselves lucky. The previous order was for calzone.
2760,3426,1,8,63,72,1.1388888888888888,0.04556013565281042,663,"excuse me, i didn't realize this is a personal pizza."
2784,3426,2,6,64,72,1.1388888888888888,0.04966852391033734,663,"Ever since we downsized, we've become ""experiencers""."
2479,3426,0,10,62,72,1.1388888888888888,0.04104253469235572,663,Delivery again?
2837,3426,0,10,62,72,1.1388888888888888,0.04104253469235572,663,Amore pizza?
2874,3426,1,8,63,72,1.1388888888888888,0.04556013565281042,663,"Dudes, Vinnie's special mushroom topping is totally cosmic!"
2876,3426,3,4,65,72,1.1388888888888888,0.05346212279886589,663,We put the 'casual' in casual dining.
2901,3426,1,8,63,72,1.1388888888888888,0.04556013565281042,663,This pizza doesn't agree with me.
2941,3426,1,8,63,72,1.1388888888888888,0.04556013565281042,663,The topping was awful but the wine is good.
2942,3426,1,8,63,72,1.1388888888888888,0.04556013565281042,663,What’s a guy got to do for a little privacy atound here?
2986,3426,2,6,64,72,1.1388888888888888,0.04966852391033734,663,"Oooo, not exactly the take out I thought it would be."
3391,3426,1,8,63,72,1.1388888888888888,0.04556013565281042,663,Sal's is way spendy... this table alone cost us each an arm and a leg.
4114,3426,2,6,64,72,1.1388888888888888,0.04966852391033734,663,I like coconuts. They smell like ladies lying in the sun.
3408,3426,1,8,63,72,1.1388888888888888,0.04556013565281042,663,We got caught up in the carry out part of the to go menu.
4434,3426,0,10,62,72,1.1388888888888888,0.04104253469235572,663,Remember our first pizza date?
4488,3426,0,10,62,72,1.1388888888888888,0.04104253469235572,663,"You must have mistakenly ordered Billy Joel's ""Italian Restaurant."""
4507,3426,0,10,62,72,1.1388888888888888,0.04104253469235572,663,"That's a cheesy date, wouldn't you say?"
4556,3426,0,10,62,72,1.1388888888888888,0.04104253469235572,663,So this is what 'Make America Great Again' looks like - downsizing wages to feed a growing Giant economy.
4596,3426,0,10,62,72,1.1388888888888888,0.04104253469235572,663,"Uhh, looks like the topping slid off during delivery."
4664,3426,1,8,63,72,1.1388888888888888,0.04556013565281042,663,This doesn't feel very 'Amore' to me.
4727,3426,1,8,63,72,1.1388888888888888,0.04556013565281042,663,Take out only!!!    can you please get us closer to the exit...
4742,3426,2,6,64,72,1.1388888888888888,0.04966852391033734,663,I think they must have misheard me.
4772,3426,1,8,63,72,1.1388888888888888,0.04556013565281042,663,Are you here for our pop-up pizza party?
4794,3426,0,10,62,72,1.1388888888888888,0.04104253469235572,663,You ordered pizza for four?
4820,3426,1,8,63,72,1.1388888888888888,0.04556013565281042,663,Our reservation was to dine in not carry out.
4860,3426,3,4,65,72,1.1388888888888888,0.05346212279886589,663,I thought we'd try the dine-in special.
4872,3426,1,8,63,72,1.1388888888888888,0.04556013565281042,663,Can we have the box?
4886,3426,1,8,63,72,1.1388888888888888,0.04556013565281042,663,Looks like Little Italy came to us.
4894,3426,2,6,64,72,1.1388888888888888,0.04966852391033734,663,"We understand you specialize in ""big"" wine."
4977,3426,1,8,63,72,1.1388888888888888,0.04556013565281042,663,What's holding up the pizza?
2469,3426,3,4,65,72,1.1388888888888888,0.05346212279886589,663,We’re meat lovers too.
4329,3426,1,8,63,72,1.1388888888888888,0.04556013565281042,663,They're going to need a smaller box
3392,3426,0,10,62,72,1.1388888888888888,0.04104253469235572,663,"Ah, now I understand the Yelp review about the Jack and the Beanstalk vibe."
4179,3426,0,10,62,72,1.1388888888888888,0.04104253469235572,663,Yes we made table reservations which comes with a NYC dinning experience at a giant couples home
4123,3426,1,8,63,72,1.1388888888888888,0.04556013565281042,663,"You were supposed to reserve that little table for pizza savers, not for pizza topping eaters."
3429,3426,1,8,63,72,1.1388888888888888,0.04556013565281042,663,I'm the pizza drone pilot. We're just keeping it warm.
3450,3426,2,6,64,72,1.1388888888888888,0.04966852391033734,663,I remember family dinner!
3542,3426,1,8,63,72,1.1388888888888888,0.04556013565281042,663,"Well, at least there's no pineapple."
3634,3426,0,10,62,72,1.1388888888888888,0.04104253469235572,663,"Sorry, but we tossed the anchovies on the way over."
3672,3426,1,8,63,72,1.1388888888888888,0.04556013565281042,663,"Inventor Dad, Jet-lagged already. Restore us to Life-size instantly"
3679,3426,2,6,64,72,1.1388888888888888,0.04966852391033734,663,"Honestly, we do try to recycle all plastic."
3701,3426,0,10,62,72,1.1388888888888888,0.04104253469235572,663,"I'd slap you for interrupting our dinner, but my feet are stuck to the cheese."
3716,3426,1,8,63,72,1.1388888888888888,0.04556013565281042,663,People! People!
3757,3426,1,8,63,72,1.1388888888888888,0.04556013565281042,663,"Double trouble""
Susannah Mills, Hiawatha, I"
3801,3426,1,8,63,72,1.1388888888888888,0.04556013565281042,663,"May we have some peanuts, please?"
3809,3426,0,10,62,72,1.1388888888888888,0.04104253469235572,663,Oh hi!  We thought you might enjoy a little company when you dined.
3888,3426,1,8,63,72,1.1388888888888888,0.04556013565281042,663,"Yes, we are pop-up musicians."
3951,3426,0,10,62,72,1.1388888888888888,0.04104253469235572,663,Do you happen to have a fortune cookie? We need a table runner.
3981,3426,2,6,64,72,1.1388888888888888,0.04966852391033734,663,"When I said I wanted a reservation, this wasn’t what I meant."
4052,3426,1,8,63,72,1.1388888888888888,0.04556013565281042,663,"I'm sorry, but we ate the pepperoni."
4094,3426,0,10,62,72,1.1388888888888888,0.04104253469235572,663,We asked for a small
4112,3426,1,8,63,72,1.1388888888888888,0.04556013565281042,663,"We ordered ""No Cut"" crust but we're okay to share."
4170,3426,0,10,62,72,1.1388888888888888,0.04104253469235572,663,We were looking for the piazza. But really this is quite cozy.
2449,3426,1,8,63,72,1.1388888888888888,0.04556013565281042,663,Did you order a mini pizza?
2785,3426,1,8,63,72,1.1388888888888888,0.04556013565281042,663,They forgot the banana peppers again.
2404,3426,1,8,63,72,1.1388888888888888,0.04556013565281042,663,You know we're all just on somebody else's pizza.
549,3426,1,8,63,72,1.1388888888888888,0.04556013565281042,663,This pizza truly delivered.
620,3426,0,10,62,72,1.1388888888888888,0.04104253469235572,663,Did you order the Meat Lover's?
680,3426,2,6,64,72,1.1388888888888888,0.04966852391033734,663,I think they misunderstood us when we asked for a wine pairing.
689,3426,1,8,63,72,1.1388888888888888,0.04556013565281042,663,Did you order pizza hut again?
708,3426,1,8,63,72,1.1388888888888888,0.04556013565281042,663,Next time would you please order an extra large?
726,3426,2,6,64,72,1.1388888888888888,0.04966852391033734,663,"This is why you cannot trust Yelp."""
737,3426,1,8,63,72,1.1388888888888888,0.04556013565281042,663,"Why do you look so surprised? We asked for a large pizza, not large people."
484,3426,1,8,63,72,1.1388888888888888,0.04556013565281042,663,Welcome to the new pizza hologram. We're here to introduce our new line of personalized pizzas.
788,3426,1,8,63,72,1.1388888888888888,0.04556013565281042,663,I can explain.  Ir's my wife's birthday and her birthday cake wish wish was to share a meal with our BIGGEST friends.
858,3426,0,10,62,72,1.1388888888888888,0.04104253469235572,663,How do you think Round Table Pizza got its name?
929,3426,2,6,64,72,1.1388888888888888,0.04966852391033734,663,"Yes, we, too (two), contain all four food groups."
933,3426,1,8,63,72,1.1388888888888888,0.04556013565281042,663,"Somebody will think of something funny for me to say, but right now I'm just hungry and unbelievable."
948,3426,0,10,62,72,1.1388888888888888,0.04104253469235572,663,Join us for a little pizza!
950,3426,0,10,62,72,1.1388888888888888,0.04104253469235572,663,"Close the lid until dinnertime, Marguerite. And stop projecting."
984,3426,2,6,64,72,1.1388888888888888,0.04966852391033734,663,"Can we just finish our wine, please?"
1026,3426,1,8,63,72,1.1388888888888888,0.04556013565281042,663,"Your appetizer will be up shortly, if you know what I mean."
821,3426,1,8,63,72,1.1388888888888888,0.04556013565281042,663,"Well, nobody’s ever complained before. And it’s our tenth anniversary."
475,3426,2,6,64,72,1.1388888888888888,0.04966852391033734,663,"""Who gets anchovies?"""
469,3426,1,8,63,72,1.1388888888888888,0.04556013565281042,663,We are the Anchovy family.
459,3426,1,8,63,72,1.1388888888888888,0.04556013565281042,663,We ARE the Chef's Specialty. Me more than him.
2424,3426,0,10,62,72,1.1388888888888888,0.04104253469235572,663,We’re out of the box now.
22,3426,1,8,63,72,1.1388888888888888,0.04556013565281042,663,"No thanks, we're stuffed."
126,3426,2,6,64,72,1.1388888888888888,0.04966852391033734,663,I think we should see other people.
137,3426,1,8,63,72,1.1388888888888888,0.04556013565281042,663,"For the last time, Pam, ''a small Margaret with Oliver'' is not the correct spelling."
175,3426,0,10,62,72,1.1388888888888888,0.04104253469235572,663,Close the lid.  Bring the cannoli.
189,3426,2,6,64,72,1.1388888888888888,0.04966852391033734,663,Our chef believes you both need mature guidance more than pizza.
195,3426,1,8,63,72,1.1388888888888888,0.04556013565281042,663,Heyyyy! Say howdy to Ann Chovy! I’m Basil and we’re Hawaiian! We’re extra cheesy toppings!
200,3426,0,10,62,72,1.1388888888888888,0.04104253469235572,663,You can't just keep dropping in like this!
227,3426,1,8,63,72,1.1388888888888888,0.04556013565281042,663,"Good evening. We are Joan and Dave Pizza. 
Thanks for having us over for dinner."
243,3426,1,8,63,72,1.1388888888888888,0.04556013565281042,663,We ordered the cheese twenty minutes ago
245,3426,2,6,64,72,1.1388888888888888,0.04966852391033734,663,"Oh look, honey. It's one of those BIG rude people."
279,3426,0,10,62,72,1.1388888888888888,0.04104253469235572,663,I get the feeling you don’t like the upper crust.
303,3426,0,10,62,72,1.1388888888888888,0.04104253469235572,663,This isn't funny!
309,3426,1,8,63,72,1.1388888888888888,0.04556013565281042,663,It’s better than anchovies.
311,3426,2,6,64,72,1.1388888888888888,0.04966852391033734,663,"oh fuck!! fuck fuck fuck— okay— it's just like we practiced—
start shitting everywhere"
362,3426,2,6,64,72,1.1388888888888888,0.04966852391033734,663,It's a little cold. Please microwave for 30 seconds.
404,3426,1,8,63,72,1.1388888888888888,0.04556013565281042,663,You're not Matt Damon.
1095,3426,0,10,62,72,1.1388888888888888,0.04104253469235572,663,Is this Vegan?
1120,3426,1,8,63,72,1.1388888888888888,0.04556013565281042,663,Compliments of the Brobdingnag Pizza Delivery.
139,3426,1,8,63,72,1.1388888888888888,0.04556013565281042,663,"''Oh, boy, 'Tables for two' were wrong about privacy at this place!"""
1179,3426,1,8,63,72,1.1388888888888888,0.04556013565281042,663,"I asked for anchovies, not lil’ homies."
1836,3426,1,8,63,72,1.1388888888888888,0.04556013565281042,663,You asked for cheese
1851,3426,0,10,62,72,1.1388888888888888,0.04104253469235572,663,"Us?
We decided to try the little Bistro next to 
those big box stores."
1879,3426,1,8,63,72,1.1388888888888888,0.04556013565281042,663,They ran out of tomato sauce so we volunteered.
1922,3426,1,8,63,72,1.1388888888888888,0.04556013565281042,663,Would you believe we asked for a scene from an Italian restaurant?
1961,3426,3,4,65,72,1.1388888888888888,0.05346212279886589,663,You shouldn't have ordered double anchovies
2008,3426,0,10,62,72,1.1388888888888888,0.04104253469235572,663,Is out pizza ready yet?
2018,3426,0,10,62,72,1.1388888888888888,0.04104253469235572,663,Visualize where you see yourself in 10 years.
1817,3426,1,8,63,72,1.1388888888888888,0.04556013565281042,663,I thought we ordered the vegetarian pie?
2023,3426,2,6,64,72,1.1388888888888888,0.04966852391033734,663,If I knew that’s where the old us was hiding I would’ve started eating carbs again a long time ago.
2189,3426,0,10,62,72,1.1388888888888888,0.04104253469235572,663,"Look, they used a slice of pepperoni for the table top."
2232,3426,1,8,63,72,1.1388888888888888,0.04556013565281042,663,Congratulations on purchasing the ‘Night Out’ hologram on your pizza!
2301,3426,1,8,63,72,1.1388888888888888,0.04556013565281042,663,"Well look, someone here definitely asked if Mystic-Pizza ""could somehow include a little stimulating company, for once"". 
Here we are!"
2330,3426,2,6,64,72,1.1388888888888888,0.04966852391033734,663,"Since PizzaGate, we only eat takeout."
2357,3426,0,10,62,72,1.1388888888888888,0.04104253469235572,663,"Any way you slice it, this seems cheesy"
2382,3426,0,10,62,72,1.1388888888888888,0.04104253469235572,663,"NOT TO BE CONCERNED, WE ARE OFFICIAL TASTERS"
1178,3426,1,8,63,72,1.1388888888888888,0.04556013565281042,663,I thought we ordered extra large.
2152,3426,1,8,63,72,1.1388888888888888,0.04556013565281042,663,Hope you don't mind; we helped ourselves to a couple of small slices.
1804,3426,1,8,63,72,1.1388888888888888,0.04556013565281042,663,We would have reserved you a table if we knew you were coming.
2169,3426,1,8,63,72,1.1388888888888888,0.04556013565281042,663,It’s from a mom and pop pizza joint!
1677,3426,1,8,63,72,1.1388888888888888,0.04556013565281042,663,What did you THINK the table was for?!
1194,3426,1,8,63,72,1.1388888888888888,0.04556013565281042,663,"George, we finally smuggled the Wilson’s back from California and that California cuisine"
1726,3426,1,8,63,72,1.1388888888888888,0.04556013565281042,663,"We're from Gulliver's, the delivery before you."
1245,3426,2,6,64,72,1.1388888888888888,0.04966852391033734,663,You asked for white pizza?
1264,3426,1,8,63,72,1.1388888888888888,0.04556013565281042,663,"Pizza saver to you, romantic evening for us."
1312,3426,1,8,63,72,1.1388888888888888,0.04556013565281042,663,"Well, you did order from Shorty's House of Pizza."
1316,3426,1,8,63,72,1.1388888888888888,0.04556013565281042,663,"Oh, you ordered the ""Meet Lovers Pizza"""
1414,3426,0,10,62,72,1.1388888888888888,0.04104253469235572,663,"What's the problem? You ordered ""all dressed"" didn't you?"
1420,3426,0,10,62,72,1.1388888888888888,0.04104253469235572,663,"You ordered a Pepperoni Lovers, right?"
1421,3426,1,8,63,72,1.1388888888888888,0.04556013565281042,663,We asked for a table near the heater.
2392,3426,1,8,63,72,1.1388888888888888,0.04556013565281042,663,So you think you own the place?
1508,3426,2,6,64,72,1.1388888888888888,0.04966852391033734,663,"I asked for no garnish, Dave."
1509,3426,1,8,63,72,1.1388888888888888,0.04556013565281042,663,We'd like some merlot to go with your cheese pizza.
1520,3426,0,10,62,72,1.1388888888888888,0.04104253469235572,663,Didn't they tell you what was in the take-out special?
1663,3426,1,8,63,72,1.1388888888888888,0.04556013565281042,663,These pizza toppings are really getting outside the box.
1562,3426,2,6,64,72,1.1388888888888888,0.04966852391033734,663,"Ayyyyy, marone! Close up da freakin' box, pal! Can't you see I'm tryna wet my freakin' salcheech over here?!"
1564,3426,2,6,64,72,1.1388888888888888,0.04966852391033734,663,Is that their new meat lovers special?
1575,3426,1,8,63,72,1.1388888888888888,0.04556013565281042,663,They forgot the bell peppers.
1620,3426,1,8,63,72,1.1388888888888888,0.04556013565281042,663,I’m sure I ordered a foursome
1493,3426,3,4,65,72,1.1388888888888888,0.05346212279886589,663,Small 'pick'ings.
3832,3588,0,10,63,73,1.1369863013698631,0.04052109440479188,663,They're supposed to JUST keep the cheese from sticking to the lid .
5087,3588,0,10,63,73,1.1369863013698631,0.04052109440479188,663,Date pizza? What’d you expect?
4278,3588,2,6,65,73,1.1369863013698631,0.049020343729643576,663,They were out of pepperoni.
4196,3588,0,10,63,73,1.1369863013698631,0.04052109440479188,663,May we please have some privacy?
3729,3588,1,8,64,73,1.1369863013698631,0.04497195343285892,663,I didn’t think this was what you meant when you said we’re having little people for dinner.
1091,3588,1,8,64,73,1.1369863013698631,0.04497195343285892,663,Just in time!
2318,3588,0,10,63,73,1.1369863013698631,0.04052109440479188,663,"Jeez, I've never even heard of pizza al fresco in miniature.  Is that, like, a thing now"
1430,3588,1,8,64,73,1.1369863013698631,0.04497195343285892,663,Reuse repurpose recycle” a small step for mankind and giant leap for small mankind.
824,3588,1,8,64,73,1.1369863013698631,0.04497195343285892,663,I warned you not to order delivery from Little Italy.
3304,3588,1,8,64,73,1.1369863013698631,0.04497195343285892,663,This is what we call dining out!
3238,3598,3,3,63,69,1.1304347826086956,0.05428384981276501,663,My parents always manage to think outside the box.
3270,3598,0,9,60,69,1.1304347826086956,0.040840714635988,663,Deep dish pizza of bygone dating days.
3300,3598,0,9,60,69,1.1304347826086956,0.040840714635988,663,We're dining out.
3323,3598,2,5,62,69,1.1304347826086956,0.050204371233880496,663,Don't you think we're entitled to a little break after carrying a box that size up a beanstalk?
3326,3598,0,9,60,69,1.1304347826086956,0.040840714635988,663,"Ralph, I didn't know they were genetically modifying people too."
3327,3598,0,9,60,69,1.1304347826086956,0.040840714635988,663,What did you expect when you ordered from Gulliver’s Pizzas?
3354,3598,1,7,61,69,1.1304347826086956,0.04576266416505649,663,"Fortunately, a slice couldn't fit on their table."
3379,3598,0,9,60,69,1.1304347826086956,0.040840714635988,663,"Mind if we finish our wine before you enjoy your "" Monday mystery topping""?"
3487,3598,0,9,60,69,1.1304347826086956,0.040840714635988,663,Pretty sure I just ordered mushroom and onion.
3494,3598,1,7,61,69,1.1304347826086956,0.04576266416505649,663,Close the box.
3507,3598,0,9,60,69,1.1304347826086956,0.040840714635988,663,I don't want another Bloody Mary but I suppose they're going to pour us some Tabasco anyways.
3524,3598,2,5,62,69,1.1304347826086956,0.050204371233880496,663,Think of this as a thought projection of what your life could have been like if you hadn't married that idiot with a beard.
3175,3598,1,7,61,69,1.1304347826086956,0.04576266416505649,663,Ew! Who puts dates on pizza?
2625,3598,1,7,61,69,1.1304347826086956,0.04576266416505649,663,And you thought pizza didn't scale.
3122,3598,0,9,60,69,1.1304347826086956,0.040840714635988,663,Do you mind?  We are trying to have a nice dinner date.
3058,3598,1,7,61,69,1.1304347826086956,0.04576266416505649,663,What else did you think this thing was used for?
3032,3598,0,9,60,69,1.1304347826086956,0.040840714635988,663,"Please hurry up, your floor is getting cold."
2782,3598,0,9,60,69,1.1304347826086956,0.040840714635988,663,It keeps our feet warm.
2774,3598,0,9,60,69,1.1304347826086956,0.040840714635988,663,Haven't you ever heard of a tiny house?
2746,3598,0,9,60,69,1.1304347826086956,0.040840714635988,663,"So, that's what that little round thing is for!"
2717,3598,1,7,61,69,1.1304347826086956,0.04576266416505649,663,"I said a Marinara, not a Mother and Father!"
2698,3598,1,7,61,69,1.1304347826086956,0.04576266416505649,663,"FYI, after we eat, we’re gonna have sex on the pizza. I know, it’s a cheesy joke no matter how you slice it."
2652,3598,1,7,61,69,1.1304347826086956,0.04576266416505649,663,"Mr. and Mrs. Anchovy. You did order pizza Napoli, didn't you?"
2634,3598,1,7,61,69,1.1304347826086956,0.04576266416505649,663,Well if it isn't aunt and uncle chovy.
2629,3598,1,7,61,69,1.1304347826086956,0.04576266416505649,663,"They weren’t kidding, it really is a small dinner for two."
3561,3598,0,9,60,69,1.1304347826086956,0.040840714635988,663,"Hey shut the lid lady, will ya?"" 
Jeez Marie, Whaddaya got to do to get some pizzan quiet around here?"
2606,3598,1,7,61,69,1.1304347826086956,0.04576266416505649,663,Watch out for the horses!
3161,3598,1,7,61,69,1.1304347826086956,0.04576266416505649,663,It's our niche market.
3562,3598,0,9,60,69,1.1304347826086956,0.040840714635988,663,Of course we ate the toppings. We're the meat lovers!
4867,3598,1,7,61,69,1.1304347826086956,0.04576266416505649,663,Cheer up.  You won the contest.
3626,3598,0,9,60,69,1.1304347826086956,0.040840714635988,663,Renting options have certainly become limited.
2497,3598,1,7,61,69,1.1304347826086956,0.04576266416505649,663,Pepperoni? WE ordered pepperoni.
5097,3598,1,7,61,69,1.1304347826086956,0.04576266416505649,663,I ordered it from the new  place called Pizza House
5082,3598,2,5,62,69,1.1304347826086956,0.050204371233880496,663,"Sicilian’s all right, but we prefer Lilliputian."
5072,3598,1,7,61,69,1.1304347826086956,0.04576266416505649,663,You look like you've seen a ghost pepper.
5020,3598,1,7,61,69,1.1304347826086956,0.04576266416505649,663,"Yes, there is a word for it, and that word is ‘table.’"
5010,3598,0,9,60,69,1.1304347826086956,0.040840714635988,663,You ordered a pizza with everything...
4948,3598,1,7,61,69,1.1304347826086956,0.04576266416505649,663,"Did you say you ordered pepperoni, or Lilliputian?"
4796,3598,1,7,61,69,1.1304347826086956,0.04576266416505649,663,"When I ordered a mini-pizza, I only asked for a mushroom topping."
4673,3598,0,9,60,69,1.1304347826086956,0.040840714635988,663,I think they are peopleroni’s
4626,3598,1,7,61,69,1.1304347826086956,0.04576266416505649,663,Guess I should have clarified what was included in the “mini meal deal.”
4538,3598,1,7,61,69,1.1304347826086956,0.04576266416505649,663,I told you God was a woman.
4521,3598,1,7,61,69,1.1304347826086956,0.04576266416505649,663,I thought I told you to order the Meat Lover's.
4445,3598,0,9,60,69,1.1304347826086956,0.040840714635988,663,It’s a shame what a mother has to do to see her daughter.
4319,3598,1,7,61,69,1.1304347826086956,0.04576266416505649,663,'I ordered my parents a shrimp pizza to pair with Pinot Grigio'
4297,3598,1,7,61,69,1.1304347826086956,0.04576266416505649,663,"Oh,Oh!  They delivered us an ""eat in"" pizza!"
4263,3598,2,5,62,69,1.1304347826086956,0.050204371233880496,663,The family style trend is officially played out.
4234,3598,0,9,60,69,1.1304347826086956,0.040840714635988,663,Pull up a chair.......We might be small but we are BIG talkers!
4216,3598,1,7,61,69,1.1304347826086956,0.04576266416505649,663,Hi. I' m Pepper and he's Ronnie.
4019,3598,0,9,60,69,1.1304347826086956,0.040840714635988,663,We finally found a table our size . . .
3982,3598,3,3,63,69,1.1304347826086956,0.05428384981276501,663,Did you request this table?
3959,3598,2,5,62,69,1.1304347826086956,0.050204371233880496,663,We're waiting for the check.
3926,3598,0,9,60,69,1.1304347826086956,0.040840714635988,663,Oh no they actually ment midget pizza is that my brother bob?
3922,3598,1,7,61,69,1.1304347826086956,0.04576266416505649,663,Looks like they are eating in tonight.
3890,3598,1,7,61,69,1.1304347826086956,0.04576266416505649,663,"When I really look under the cover, I can see pieces of who we once were, but it's grown so cold."
3858,3598,0,9,60,69,1.1304347826086956,0.040840714635988,663,Dear I think you ordered Anne and Jovi?
3850,3598,0,9,60,69,1.1304347826086956,0.040840714635988,663,"Huh, now we know why they named the joint ""Slice of Life Pizza""."
3799,3598,0,9,60,69,1.1304347826086956,0.040840714635988,663,"lower the lights, please"
3737,3598,0,9,60,69,1.1304347826086956,0.040840714635988,663,We heard you were downsizing.
3681,3598,0,9,60,69,1.1304347826086956,0.040840714635988,663,This panned personally.
3577,3598,1,7,61,69,1.1304347826086956,0.04576266416505649,663,"Instead of toppings, how about topical conversation?"
2482,3598,1,7,61,69,1.1304347826086956,0.04576266416505649,663,Well at least they haven't put pineapple on it.
2201,3598,1,7,61,69,1.1304347826086956,0.04576266416505649,663,Weigth Watchers pizza on line is miraculous.”
2435,3598,1,7,61,69,1.1304347826086956,0.04576266416505649,663,We don't need a menu on account of the fact that we brought our own food.
1455,3598,1,7,61,69,1.1304347826086956,0.04576266416505649,663,Did you order extra spicy?
1448,3598,1,7,61,69,1.1304347826086956,0.04576266416505649,663,"Sorry, occupato."
1408,3598,0,9,60,69,1.1304347826086956,0.040840714635988,663,We wouldn't sit on a deep-dish pie
1377,3598,1,7,61,69,1.1304347826086956,0.04576266416505649,663,We’re almost finished; we had a small pizza
1307,3598,1,7,61,69,1.1304347826086956,0.04576266416505649,663,I thought we asked for no dates.
1286,3598,2,5,62,69,1.1304347826086956,0.050204371233880496,663,Ikea's branched out into pizza.
1263,3598,1,7,61,69,1.1304347826086956,0.04576266416505649,663,Don't close the lid on our relationship.
1065,3598,2,5,62,69,1.1304347826086956,0.050204371233880496,663,We put our Ted talks on compact discs.
975,3598,1,7,61,69,1.1304347826086956,0.04576266416505649,663,You ordered a giant pizza. We are here to prove that you are.
931,3598,0,9,60,69,1.1304347826086956,0.040840714635988,663,"Luigi thought you ordered  10"" people! His smallest pizza is 12""."
895,3598,1,7,61,69,1.1304347826086956,0.04576266416505649,663,Do you mind? We're eating here!
753,3598,1,7,61,69,1.1304347826086956,0.04576266416505649,663,"Well, in a former life we were The Roaches, but we came back as people.  By-the-way, you should try the mushrooms."
711,3598,0,9,60,69,1.1304347826086956,0.040840714635988,663,Did you order the piccolo pizza? We’re the Piccolos!
643,3598,0,9,60,69,1.1304347826086956,0.040840714635988,663,We asked to split a small.
616,3598,0,9,60,69,1.1304347826086956,0.040840714635988,663,Close the lid; this is a private conversation.
552,3598,1,7,61,69,1.1304347826086956,0.04576266416505649,663,"It's our first date, do you guys have the wine list by chance?"
522,3598,0,9,60,69,1.1304347826086956,0.040840714635988,663,The least you could do is knock before blowing the roof off this place!
498,3598,0,9,60,69,1.1304347826086956,0.040840714635988,663,You must be the jerks who ordered anchovies.
462,3598,0,9,60,69,1.1304347826086956,0.040840714635988,663,Can we peek at the dessert menu?
390,3598,1,7,61,69,1.1304347826086956,0.04576266416505649,663,"Now that we've established this is a fiasco and you're having US over dinner, we respectfully request that the Chianti you pour is DOCG!"
271,3598,0,9,60,69,1.1304347826086956,0.040840714635988,663,Could you kindly move a little to let us check whether they in fact doubled the cheese?
239,3598,0,9,60,69,1.1304347826086956,0.040840714635988,663,We haven't seen our waiter for 30 minutes or less!
179,3598,0,9,60,69,1.1304347826086956,0.040840714635988,663,"A little privacy, please?"
174,3598,1,7,61,69,1.1304347826086956,0.04576266416505649,663,I'm Dan Chovy and this is my wife Ann.  Who the heck are you?
44,3598,0,9,60,69,1.1304347826086956,0.040840714635988,663,"Hey buddy, do ya mind!? We´re trying to have dinner here"
27,3598,1,7,61,69,1.1304347826086956,0.04576266416505649,663,Romantic couples don't taste good!
2450,3598,2,5,62,69,1.1304347826086956,0.050204371233880496,663,We'll be done with our wine in just a minute.
1476,3598,1,7,61,69,1.1304347826086956,0.04576266416505649,663,We’ve been on a waitlist for this table for sixteen months.
1503,3598,1,7,61,69,1.1304347826086956,0.04576266416505649,663,Avery Theng and I are here at your request.
486,3598,2,5,62,69,1.1304347826086956,0.050204371233880496,663,I asked for a vegetarian pizza
1574,3598,1,7,61,69,1.1304347826086956,0.04576266416505649,663,This isn’t Italy”
2432,3598,1,7,61,69,1.1304347826086956,0.04576266416505649,663,"Sorry, this is Piazza di Gina, not di Gino Pizza."
2399,3598,1,7,61,69,1.1304347826086956,0.04576266416505649,663,What's wrong? Eyes bigger than your stomachs?
2359,3598,1,7,61,69,1.1304347826086956,0.04576266416505649,663,They're not enough for our dinner.
2349,3598,2,5,62,69,1.1304347826086956,0.050204371233880496,663,"Puulleezz. 
Close the lid – you’re ruining the mood!"
2333,3598,1,7,61,69,1.1304347826086956,0.04576266416505649,663,"'No, I think it's you that's very small.'"
2319,3598,2,5,62,69,1.1304347826086956,0.050204371233880496,663,What? You specifically asked for Olive with a little extra Basil.
2315,3598,1,7,61,69,1.1304347826086956,0.04576266416505649,663,"Brooklyn Style - San Marzano tomatoes, grass-fed mozzarella, third Tinder date this month, forty-seven thousand in high interest student loans

gluten-free crust +$7"
2297,3598,1,7,61,69,1.1304347826086956,0.04576266416505649,663,"I know, I know, they screwed up, you ordered a non-white couple."
2265,3598,0,9,60,69,1.1304347826086956,0.040840714635988,663,When you realize your order hasn't even been made.
2244,3598,0,9,60,69,1.1304347826086956,0.040840714635988,663,"You think you're confused!  All we did was ordered ""carry out"" and somehow we got carried out."
2229,3598,0,9,60,69,1.1304347826086956,0.040840714635988,663,"Dave,I thought I asked for my pizza with 3 mini humans this is blasphemy.

They better not have taken my expensive wine Carren"
2226,3598,0,9,60,69,1.1304347826086956,0.040840714635988,663,So. This is where you been hiding the bottles?
2172,3598,1,7,61,69,1.1304347826086956,0.04576266416505649,663,Another Gulliverian Pie? I guess you don't care that I hate footprints in my cheese...
2224,3598,0,9,60,69,1.1304347826086956,0.040840714635988,663,When I said I didn’t care about the toppings I was talking about pineapple
2078,3598,2,5,62,69,1.1304347826086956,0.050204371233880496,663,"OK! You're right. ""Honey I shrunk the Kids""  was probably a bad choice for that year's birthday party."
1651,3598,0,9,60,69,1.1304347826086956,0.040840714635988,663,"Carl, we just entered the Pizzalite Zone"
1660,3598,1,7,61,69,1.1304347826086956,0.04576266416505649,663,could you give us a little privacy
1682,3598,0,9,60,69,1.1304347826086956,0.040840714635988,663,"Trust us, they never give us extra cheese either."
1755,3598,0,9,60,69,1.1304347826086956,0.040840714635988,663,"Sorry, they had only two toppings."
1800,3598,0,9,60,69,1.1304347826086956,0.040840714635988,663,"That little ride was rather uncomfortable!  Now, where's our wine?!"
2085,3598,0,9,60,69,1.1304347826086956,0.040840714635988,663,Your parents' warning is bothering your conscience isn't it?
1868,3598,0,9,60,69,1.1304347826086956,0.040840714635988,663,"Hello there. We're the Pepperonis, and this is our pizza."
1848,3598,1,7,61,69,1.1304347826086956,0.04576266416505649,663,For a special dinner we felt we should think inside the box....
1979,3598,0,9,60,69,1.1304347826086956,0.040840714635988,663,"Honey, it looks like the neighbors invited themselves over again."
1992,3598,1,7,61,69,1.1304347826086956,0.04576266416505649,663,"Hi, we're the Napoletanas. Marie and Tony."
2032,3598,1,7,61,69,1.1304347826086956,0.04576266416505649,663,But I thought we ordered pizza!!!
2043,3598,0,9,60,69,1.1304347826086956,0.040840714635988,663,There must be a mistake - this is not my order.
1943,3598,0,9,60,69,1.1304347826086956,0.040840714635988,663,Do you mind!?! I’m having lunch with your Aunt Chovies!
1540,3598,0,9,60,69,1.1304347826086956,0.040840714635988,663,Alice's makes the best mushroom pizza.
2526,3722,1,7,62,70,1.1285714285714286,0.04514264748228169,663,"GUS, THIS “LAND OF THE LITTLE PEOPLE” THEME HOUSE IS CREEPY. gus, this “land of the giants” theme restaurant is creepy."
2866,3722,1,7,62,70,1.1285714285714286,0.04514264748228169,663,"When I hit your eye, that's amore."
2715,3722,0,9,61,70,1.1285714285714286,0.04029615300200892,663,These are The Toppings I was telling you about.
2745,3722,1,7,62,70,1.1285714285714286,0.04514264748228169,663,"What do you mean, it's not the Mob?! First, we narrowly avoid Vinnie, the Slasher. Then, the roof is blown off, and suddenly we're dining al fresco?"
4057,3722,0,9,61,70,1.1285714285714286,0.04029615300200892,663,Looks like they skimped on the dates again
3329,3722,1,7,62,70,1.1285714285714286,0.04514264748228169,663,We heard about this place on Yelp.
3517,3722,1,7,62,70,1.1285714285714286,0.04514264748228169,663,"I said ""pizza party,"" not ""Donner Party""!"
3522,3722,0,9,61,70,1.1285714285714286,0.04029615300200892,663,Cheapskates!
3723,3722,1,7,62,70,1.1285714285714286,0.04514264748228169,663,Are we in Wonderland?
1696,3722,1,7,62,70,1.1285714285714286,0.04514264748228169,663,What's this? I ordered Pepperoni.
2948,3722,0,9,61,70,1.1285714285714286,0.04029615300200892,663,We are just trying ok keep a roof over out heads
1588,3722,0,9,61,70,1.1285714285714286,0.04029615300200892,663,These Willy Wonka toppings are getting ridiculous.
786,3722,0,9,61,70,1.1285714285714286,0.04029615300200892,663,This is meaningless
1306,3722,0,9,61,70,1.1285714285714286,0.04029615300200892,663,I thought your ordered  vegan?
1371,3722,2,5,63,70,1.1285714285714286,0.04951704046747739,663,what?
416,3722,0,9,61,70,1.1285714285714286,0.04029615300200892,663,"Next time, don’t order the Mediterranean diet pizza."
621,3722,1,7,62,70,1.1285714285714286,0.04514264748228169,663,"If the cartoonist had drawn my date and I looking at each other instead of up at you, this cartoon would not have needed a caption."
639,3722,1,7,62,70,1.1285714285714286,0.04514264748228169,663,Blame Rick Moranis
281,3722,1,7,62,70,1.1285714285714286,0.04514264748228169,663,"The ‘Pizza-Date’ conspiracy, resolved."
878,3722,2,5,63,70,1.1285714285714286,0.04951704046747739,663,"No, I thought you had the check."
885,3722,0,9,61,70,1.1285714285714286,0.04029615300200892,663,Who are you?  Peeping Ray's Best?
1119,3722,0,9,61,70,1.1285714285714286,0.04029615300200892,663,"Ironic, huh, that we ended up here after our hopes were crushed."
1250,3722,2,5,63,70,1.1285714285714286,0.04951704046747739,663,YES! We all know it was 30 minutes or less but give us one more for sakes!!!
703,3722,1,7,62,70,1.1285714285714286,0.04514264748228169,663,Pizza delivery isn't what it used to be.
4163,3746,0,9,62,71,1.1267605633802817,0.03976580062454876,663,I swear I said gluten free.
1820,3747,1,6,59,66,1.121212121212121,0.04587990563775582,663,"Well you DID ask for ""all dressed"""
2882,3748,1,6,60,67,1.1194029850746268,0.045226141960648454,663,"Do, you mind?! You ordered Deep Dish and we're not done discussing whether some knowledge is universal or if it is all built from the study of things that happen in the world."
3433,3748,0,8,59,67,1.1194029850746268,0.039913905875911725,663,You said pepperoni not peopleroni
3250,3748,0,8,59,67,1.1194029850746268,0.039913905875911725,663,"It's intended as a representation of the inception of the pizza date, not a health code violation."
3226,3748,1,6,60,67,1.1194029850746268,0.045226141960648454,663,Dwarfino's Delivers
2888,3748,0,8,59,67,1.1194029850746268,0.039913905875911725,663,Piazza Viola Concert?
2886,3748,1,6,60,67,1.1194029850746268,0.045226141960648454,663,You didn't miss much. The pepperoni was mediocre at best.
2870,3748,0,8,59,67,1.1194029850746268,0.039913905875911725,663,We're into Cheesey
2534,3748,0,8,59,67,1.1194029850746268,0.039913905875911725,663,The Shiraz went really well with the Pepperoni. Crust is all yours.
2815,3748,0,8,59,67,1.1194029850746268,0.039913905875911725,663,We recommend the Chablis.
2788,3748,1,6,60,67,1.1194029850746268,0.045226141960648454,663,Today's special!
2701,3748,1,6,60,67,1.1194029850746268,0.045226141960648454,663,Maybe everything does have a purpose
2583,3748,1,6,60,67,1.1194029850746268,0.045226141960648454,663,"Are you sure you meant 'vegeTARIAN pizza'?"" -Markell West, Laurel, Marylan"
2514,3748,0,8,59,67,1.1194029850746268,0.039913905875911725,663,"I'm lactose-intolerant, so cheese is out. She is gluten-free, and neither of us likes tomatoes, so what do you say we have chicken or beef?"
3660,3748,1,6,60,67,1.1194029850746268,0.045226141960648454,663,Did you buy the insurance?
2840,3748,0,8,59,67,1.1194029850746268,0.039913905875911725,663,"excuse me, we are trying to enjoy our date."
3664,3748,2,4,61,67,1.1194029850746268,0.04997687416213937,663,Giuseppi promised us a private room.
2415,3748,1,6,60,67,1.1194029850746268,0.045226141960648454,663,Could you come back a little later? I'm still trying to get my piece of this spicy Italian.
3864,3748,2,4,61,67,1.1194029850746268,0.04997687416213937,663,We need napkins...lots of them.
4998,3748,0,8,59,67,1.1194029850746268,0.039913905875911725,663,Pizza was better before politics got into it.
4932,3748,1,6,60,67,1.1194029850746268,0.045226141960648454,663,We'll have your extra large homestyle pepperoni with extra cheese and two large diet colas.
4931,3748,1,6,60,67,1.1194029850746268,0.045226141960648454,663,We didn’t think you’d miss the extra pepperoni....
4923,3748,1,6,60,67,1.1194029850746268,0.045226141960648454,663,Eating in meant forking over extra dough.
4900,3748,0,8,59,67,1.1194029850746268,0.039913905875911725,663,Oh your pizza’s ruined? You know how hard it is to get a table here?!
4601,3748,1,6,60,67,1.1194029850746268,0.045226141960648454,663,"I said, 'We're thinking pizza,' and everything went dark."
3829,3748,1,6,60,67,1.1194029850746268,0.045226141960648454,663,"Oh, they thought you ordered a couple for pizza."
4301,3748,0,8,59,67,1.1194029850746268,0.039913905875911725,663,BuurrrppP!
4259,3748,0,8,59,67,1.1194029850746268,0.039913905875911725,663,We recommend the Santa Fe with extra pine nuts
4237,3748,0,8,59,67,1.1194029850746268,0.039913905875911725,663,Hey! You asked for us. This is Auntie Pasta and I’m Papa Roni.
4212,3748,1,6,60,67,1.1194029850746268,0.045226141960648454,663,"Help us, oh God!"
4050,3748,1,6,60,67,1.1194029850746268,0.045226141960648454,663,Singing pizzatelegraminis...another great reason to genetically modify humans.
3901,3748,1,6,60,67,1.1194029850746268,0.045226141960648454,663,The meaning isn't that deep. This ain't Chicago style.
3878,3748,2,4,61,67,1.1194029850746268,0.04997687416213937,663,Should we just eat around the topping ?
4281,3748,0,8,59,67,1.1194029850746268,0.039913905875911725,663,"Oh, I thought that Yelp review seemed a little stretched . . ."
2305,3748,1,6,60,67,1.1194029850746268,0.045226141960648454,663,Sorry for the mix-up.I never mentioned super size
4884,3748,1,6,60,67,1.1194029850746268,0.045226141960648454,663,We’re doing quality control for the Little Italy Pizzeria.
2187,3748,1,6,60,67,1.1194029850746268,0.045226141960648454,663,We are part of your combo meal.
1079,3748,0,8,59,67,1.1194029850746268,0.039913905875911725,663,"Sorry, she’s not into
Topping!!"
1025,3748,0,8,59,67,1.1194029850746268,0.039913905875911725,663,Didn't we order the vegan?
981,3748,1,6,60,67,1.1194029850746268,0.045226141960648454,663,"We'll have the very spaghettini, please."
960,3748,1,6,60,67,1.1194029850746268,0.045226141960648454,663,We didn't order any giants.
952,3748,1,6,60,67,1.1194029850746268,0.045226141960648454,663,Looks kind of boring
764,3748,0,8,59,67,1.1194029850746268,0.039913905875911725,663,ciao bella! this is your pizza...dream experience delivered!
1164,3748,1,6,60,67,1.1194029850746268,0.045226141960648454,663,This is not what I had in mind when I ordered a personal pan pizza.
740,3748,1,6,60,67,1.1194029850746268,0.045226141960648454,663,"Sorry, we thought you ordered ""eat in'""."
537,3748,0,8,59,67,1.1194029850746268,0.039913905875911725,663,"No, no mistake.  We’re Ted and Laura Pepperoni."
429,3748,2,4,61,67,1.1194029850746268,0.04997687416213937,663,"You said 'Let's Eat In,' but this is taking it too far."
353,3748,1,6,60,67,1.1194029850746268,0.045226141960648454,663,"Pepperoni, Mushroom and Olive please, with a green salad."
235,3748,1,6,60,67,1.1194029850746268,0.045226141960648454,663,We'll be finished in 30 minutes or less.
6,3748,2,4,61,67,1.1194029850746268,0.04997687416213937,663,Close the lid! This is our special boite!
2283,3748,1,6,60,67,1.1194029850746268,0.045226141960648454,663,Table for two?
613,3748,1,6,60,67,1.1194029850746268,0.045226141960648454,663,"Oh, hi, son! Meet Stewart—the man I’ve been telling you about."
1280,3748,0,8,59,67,1.1194029850746268,0.039913905875911725,663,"The pizza's still in the oven, but you can join us for drinks."
523,3748,2,4,61,67,1.1194029850746268,0.04997687416213937,663,You just ruined our mood lighting.
1324,3748,1,6,60,67,1.1194029850746268,0.045226141960648454,663,"You ordered a small with capers, right? Let's begin."
2186,3748,1,6,60,67,1.1194029850746268,0.045226141960648454,663,"I promise not to kill anyone on our honeymoon, even if they're already dead."
1320,3748,1,6,60,67,1.1194029850746268,0.045226141960648454,663,Please tell us youre not gluten-free
2134,3748,2,4,61,67,1.1194029850746268,0.04997687416213937,663,"It's the Slice of Life pie""! ~ Helen Rosenbaum, Long Island Cit"
1958,3748,0,8,59,67,1.1194029850746268,0.039913905875911725,663,GOOD GOD! THE LILLIPUSONS ARE BACK!
1854,3748,0,8,59,67,1.1194029850746268,0.039913905875911725,663,"I'm Nick Pepperoni, and this is my wife, Louise Pepperoni!"
1714,3748,0,8,59,67,1.1194029850746268,0.039913905875911725,663,"Sure, whatever, you go ahead and book the AirBnB the next time we go anywhere, but like, seriously, this place was SUCH a bargain"
1713,3748,1,6,60,67,1.1194029850746268,0.045226141960648454,663,Didn't you see the sock on the box corner?
1857,3748,0,8,59,67,1.1194029850746268,0.039913905875911725,663,So you clicked on the Lilliputian version of uber eats.
1649,3748,1,6,60,67,1.1194029850746268,0.045226141960648454,663,Didn't you order a small Viennese pizza
1604,3748,0,8,59,67,1.1194029850746268,0.039913905875911725,663,"It's a downgrade from weddings, but at least we now have table service."
1410,3748,1,6,60,67,1.1194029850746268,0.045226141960648454,663,"I said dates, not date"
1506,3748,0,8,59,67,1.1194029850746268,0.039913905875911725,663,Lousy wine.
1500,3748,1,6,60,67,1.1194029850746268,0.045226141960648454,663,What. You've never heard of downsizing?
1659,3748,0,8,59,67,1.1194029850746268,0.039913905875911725,663,Fine pizza restaurant this turned out to be.
1435,3748,1,6,60,67,1.1194029850746268,0.045226141960648454,663,"We ran out of the Kittens, we are the Happy Couple Toy..."
1654,3817,1,6,61,68,1.1176470588235294,0.044590674528640815,663,"Sorry, bud. It was either this table or getting street cart hot dogs on the first date."
2198,3818,0,8,64,72,1.1111111111111112,0.037296949257630635,663,"Oh Shoot, they forgot the garlic sauce."
3277,3819,1,5,58,64,1.109375,0.045191323330536354,663,How long have you been waiting to be discovered?
3265,3819,1,5,58,64,1.109375,0.045191323330536354,663,Family of four...still waiting for our slice of the Pie.
3244,3819,1,5,58,64,1.109375,0.045191323330536354,663,You'd think they would have left  a little bit.
3152,3819,0,7,57,64,1.109375,0.039322054350368486,663,I think that you mistakenly ordered Pisa instead of pizza.
3162,3819,1,5,58,64,1.109375,0.045191323330536354,663,"It’s been thirty minutes, and I don’t see a pizza. The meal’s on you."
3318,3819,0,7,57,64,1.109375,0.039322054350368486,663,Looks like happy hour doesn't end til 7 on Mondays.
3151,3819,2,3,59,64,1.109375,0.050381419694137494,663,"We ordered, “” taken out.””"
3140,3819,1,5,58,64,1.109375,0.045191323330536354,663,We assumed it was dine in only.
3237,3819,0,7,57,64,1.109375,0.039322054350368486,663,Close it. It'll get cold.
3358,3819,1,5,58,64,1.109375,0.045191323330536354,663,How are those garlic knots coming along?
3612,3819,0,7,57,64,1.109375,0.039322054350368486,663,"I know your Thumbalina's family, but just once, couldn't we have a little privacy for an intimate romantic dinner?"
3478,3819,0,7,57,64,1.109375,0.039322054350368486,663,"Denver, Colorado: Shroom Pizza"
3485,3819,1,5,58,64,1.109375,0.045191323330536354,663,"I'm sorry!  We were hungry, and we ate up your pizza while it was still in the delivery truck.                                                                
Richard Coan, rwcoan@cox.net"
3501,3819,0,7,57,64,1.109375,0.039322054350368486,663,Can't a man get some privacy with his ex-wife?
3575,3819,0,7,57,64,1.109375,0.039322054350368486,663,We'll finish in 30 minutes or the pizza's on us.
3592,3819,0,7,57,64,1.109375,0.039322054350368486,663,Settle an argument. Is this place cheesy?
3603,3819,0,7,57,64,1.109375,0.039322054350368486,663,Satisfied? You had to see it used for another purpose.
3614,3819,1,5,58,64,1.109375,0.045191323330536354,663,What did you think you ordered?
3638,3819,0,7,57,64,1.109375,0.039322054350368486,663,The next time I lift this lid you better make like a pepperoni
3128,3819,0,7,57,64,1.109375,0.039322054350368486,663,"I know!  We're bummed that they ran out of anchovies, too."
3653,3819,0,7,57,64,1.109375,0.039322054350368486,663,"Diorama is ""Today's special""."
3400,3819,0,7,57,64,1.109375,0.039322054350368486,663,"Jeez, they've messed up our order again."
3119,3819,1,5,58,64,1.109375,0.045191323330536354,663,"Yeah, we will want a refund, too! We booked this box 40 deliveries ago!"
2682,3819,1,5,58,64,1.109375,0.045191323330536354,663,Your PieHoles don't count here
3091,3819,0,7,57,64,1.109375,0.039322054350368486,663,Oh look. A snack.
2471,3819,0,7,57,64,1.109375,0.039322054350368486,663,What took you so long? It was supposed to be 30 minutes or less.
2486,3819,1,5,58,64,1.109375,0.045191323330536354,663,"Will you be dining in, or taking that to go?"
2503,3819,1,5,58,64,1.109375,0.045191323330536354,663,They weren't kidding when they said that they'll add extra cheese..
2567,3819,0,7,57,64,1.109375,0.039322054350368486,663,"Lid back down, please, we’re trying to have a quiet meal."
2612,3819,1,5,58,64,1.109375,0.045191323330536354,663,Can we get a little privacy in here?
2644,3819,1,5,58,64,1.109375,0.045191323330536354,663,Have any Grey Poupon?
2664,3819,0,7,57,64,1.109375,0.039322054350368486,663,Portion sizes are really getting bigger.
3663,3819,1,5,58,64,1.109375,0.045191323330536354,663,"Why they are here, looks like recently shrunken. How long have you two been spying on us?"
2689,3819,1,5,58,64,1.109375,0.045191323330536354,663,That will be five dollars plus an Uber.
2778,3819,0,7,57,64,1.109375,0.039322054350368486,663,Did you order the couples special?
2802,3819,2,3,59,64,1.109375,0.050381419694137494,663,Where’s the pepperoni?
2812,3819,0,7,57,64,1.109375,0.039322054350368486,663,"No...I absolutely do not believe in the ""domino"" effect."
2851,3819,0,7,57,64,1.109375,0.039322054350368486,663,"Hi there.  Bert and Linda Anchovies.  Nice to meet you.  What’s that?  You ordered no...oh, geez...well this is embarrasing."
2894,3819,0,7,57,64,1.109375,0.039322054350368486,663,You didn't order the shrink-wrapped family special?
2904,3819,0,7,57,64,1.109375,0.039322054350368486,663,This isn’t right. I didn’t order a dinner for two with wine pizza deal.
2908,3819,1,5,58,64,1.109375,0.045191323330536354,663,Does this crusty merry-go-round ever end?
2914,3819,0,7,57,64,1.109375,0.039322054350368486,663,Those are some weird looking mushrooms.
2959,3819,0,7,57,64,1.109375,0.039322054350368486,663,This is the original Pizza Hut.
2960,3819,1,5,58,64,1.109375,0.045191323330536354,663,We should have gone with Magarita
2993,3819,1,5,58,64,1.109375,0.045191323330536354,663,I hope you're not going to ruin our romantic dinner tonight!
2996,3819,3,1,60,64,1.109375,0.05508465481809405,663,"Beetlejuice, Beetlejuice, Beetlejuice!"
3024,3819,1,5,58,64,1.109375,0.045191323330536354,663,I didn't know we were having guests!
3050,3819,0,7,57,64,1.109375,0.039322054350368486,663,Would you two gentlemen like to join us for a drop of brandy after dinner?
3114,3819,1,5,58,64,1.109375,0.045191323330536354,663,"I asked for extra meat, not extra meta."
3671,3819,0,7,57,64,1.109375,0.039322054350368486,663,"Hey, bub! This slice is reserved for two!"
4187,3819,0,7,57,64,1.109375,0.039322054350368486,663,Chef's special. Pizza Alfresco.
3726,3819,1,5,58,64,1.109375,0.045191323330536354,663,We're just here as a reminder of what date night is supposed to look like.
4580,3819,1,5,58,64,1.109375,0.045191323330536354,663,You said extra crusty...
4599,3819,0,7,57,64,1.109375,0.039322054350368486,663,"Don’t blame me. I specifically said no anchovies—and no Lilliputians."""
4638,3819,0,7,57,64,1.109375,0.039322054350368486,663,I thought I ordered pineapple...
4668,3819,2,3,59,64,1.109375,0.050381419694137494,663,"Huh, I don’t remember ordering this pizza with dates?!?"
4762,3819,0,7,57,64,1.109375,0.039322054350368486,663,"That nice young server must have slipped something into our drinks.”
Susan Hall, Newark, Delaware"
4769,3819,1,5,58,64,1.109375,0.045191323330536354,663,John Schnatter just won't give up.
4802,3819,0,7,57,64,1.109375,0.039322054350368486,663,Arghh! They never distribute the toppings evenly!
4822,3819,0,7,57,64,1.109375,0.039322054350368486,663,It really went well with wine!
4834,3819,1,5,58,64,1.109375,0.045191323330536354,663,"Welcome to The AI Pizza Company
Pepperoni algorithm coming soon - piping hot !"
4846,3819,1,5,58,64,1.109375,0.045191323330536354,663,pizza pizza?
4505,3819,1,5,58,64,1.109375,0.045191323330536354,663,paul rudd is daddy?
4859,3819,2,3,59,64,1.109375,0.050381419694137494,663,Please have our waitress bring menus.
4891,3819,1,5,58,64,1.109375,0.045191323330536354,663,We're substitutes for the pepperoni.
4912,3819,1,5,58,64,1.109375,0.045191323330536354,663,I thought we ordered vegetarian.
4947,3819,0,7,57,64,1.109375,0.039322054350368486,663,"""I thought they didn't like pepperoni."""
4979,3819,0,7,57,64,1.109375,0.039322054350368486,663,"I ordered a medium size pizza,
not a family size!"
2395,3819,1,5,58,64,1.109375,0.045191323330536354,663,"No, our last name is not Ceaser!"
5005,3819,1,5,58,64,1.109375,0.045191323330536354,663,You ordered margarita pizza?
5029,3819,2,3,59,64,1.109375,0.050381419694137494,663,We thought you were going to bring the pizza.
5042,3819,0,7,57,64,1.109375,0.039322054350368486,663,"Well, you should have ordered an extra-large if you wanted to share."
5055,3819,0,7,57,64,1.109375,0.039322054350368486,663,"Call us rude, but we feel your dinner is beneath us."
5064,3819,1,5,58,64,1.109375,0.045191323330536354,663,Do you mind closing the box? I reserved this table months ago.
4863,3819,1,5,58,64,1.109375,0.045191323330536354,663,Is it Frank or Dino tonite ?
3715,3819,0,7,57,64,1.109375,0.039322054350368486,663,We're part of the rewards promotion.
4470,3819,1,5,58,64,1.109375,0.045191323330536354,663,who invited you?
4451,3819,1,5,58,64,1.109375,0.045191323330536354,663,I’m gonna have to leave one heck a of a Yelp review for this one.
3742,3819,1,5,58,64,1.109375,0.045191323330536354,663,"With a pizza this big, wine should have been included."
3753,3819,0,7,57,64,1.109375,0.039322054350368486,663,"No, we're not pepperoni!"
3806,3819,0,7,57,64,1.109375,0.039322054350368486,663,We ordered anchovies not sardines
3822,3819,0,7,57,64,1.109375,0.039322054350368486,663,Don't you dare eat us with a fork.
3843,3819,0,7,57,64,1.109375,0.039322054350368486,663,Do you mind? We still have an hour on our reservation.
3852,3819,0,7,57,64,1.109375,0.039322054350368486,663,"Who did you expect, Tom Dewey?"
3879,3819,0,7,57,64,1.109375,0.039322054350368486,663,"No, a small Piazza Deluxe dinner is NOT the same as a small pizza deluxe!"
3885,3819,0,7,57,64,1.109375,0.039322054350368486,663,"Oh so that's why pizzas have those tabels!"""
3897,3819,0,7,57,64,1.109375,0.039322054350368486,663,Would you  mind closing the roof?
3948,3819,1,5,58,64,1.109375,0.045191323330536354,663,I thought that $5.99 special was just too good to be true.
4467,3819,0,7,57,64,1.109375,0.039322054350368486,663,Somebody owes us some dough.
4001,3819,0,7,57,64,1.109375,0.039322054350368486,663,Hey! I am happy you got some traction on your cause. How about a little privacy for mine?
4038,3819,0,7,57,64,1.109375,0.039322054350368486,663,"Look Fred, even they went out to eat."
4109,3819,0,7,57,64,1.109375,0.039322054350368486,663,"I am talking with this lady now, I can take you out later. Say 11 pm tonight?"
4115,3819,2,3,59,64,1.109375,0.050381419694137494,663,Net time would you mind leaving off the anchovies.
4218,3819,1,5,58,64,1.109375,0.045191323330536354,663,The mini-fridge was full.
4222,3819,0,7,57,64,1.109375,0.039322054350368486,663,Please tell the chef to hurry up -we're starving...
4361,3819,0,7,57,64,1.109375,0.039322054350368486,663,I’m not sure about this new diet.
4369,3819,1,5,58,64,1.109375,0.045191323330536354,663,I was expecting more from the Museum of Pizza.
4382,3819,1,5,58,64,1.109375,0.045191323330536354,663,I’m sorry sir but I’m afraid the carpet design looks too much like a pizza.
4385,3819,1,5,58,64,1.109375,0.045191323330536354,663,"My back needs a cushion, but afterwards the pepperoni is yours."
4387,3819,0,7,57,64,1.109375,0.039322054350368486,663,"Oh dear, I forgot to tell them to hold the 'anchovies AND the Barones' ."
4026,3819,1,5,58,64,1.109375,0.045191323330536354,663,You probably shouldn't have asked for home delivery.
2389,3819,0,7,57,64,1.109375,0.039322054350368486,663,"I'm sorry, but there is just no way that a red wine works with pizza."
106,3819,0,7,57,64,1.109375,0.039322054350368486,663,"Hey, we're Dining in the Dark over 'ere!"
2365,3819,0,7,57,64,1.109375,0.039322054350368486,663,Dave always got carried away on first dates.
637,3819,0,7,57,64,1.109375,0.039322054350368486,663,"Don't order the ""Jumanji Boxed Lunch."""
688,3819,0,7,57,64,1.109375,0.039322054350368486,663,"She said, ""take me someplace special""."
695,3819,1,5,58,64,1.109375,0.045191323330536354,663,It was very good
696,3819,1,5,58,64,1.109375,0.045191323330536354,663,Hey guys where’s the hot pizza that we ordered forty minutes ago
723,3819,0,7,57,64,1.109375,0.039322054350368486,663,Do you have a chardonnay?
733,3819,2,3,59,64,1.109375,0.050381419694137494,663,'ts alright?
735,3819,2,3,59,64,1.109375,0.050381419694137494,663,Wow! A pizza nightmare!
746,3819,0,7,57,64,1.109375,0.039322054350368486,663,"You ordered the plain talk pizza, right?  Well, it's plain, and we're talking, so stop complaining."
781,3819,1,5,58,64,1.109375,0.045191323330536354,663,"You did order the pizza dinner for two, didn't you?"
826,3819,0,7,57,64,1.109375,0.039322054350368486,663,"If you don’t mind, we’re handing over our eating-from-big-box routine."
834,3819,1,5,58,64,1.109375,0.045191323330536354,663,"The Pepperoncini was delicious, could we see a dessert menu?"
857,3819,1,5,58,64,1.109375,0.045191323330536354,663,You never heard of super-minisized-deli?
862,3819,1,5,58,64,1.109375,0.045191323330536354,663,"No, let's NOT have takeout for dinner again! I've conjured up our younger selves to remind us of the pleasures of dressing up and going out."
867,3819,1,5,58,64,1.109375,0.045191323330536354,663,"See, I told you so. It's not a pizza saver because we're in the Twilight Zone."
908,3819,0,7,57,64,1.109375,0.039322054350368486,663,"Well, your open lifestyle still holds extreme lollypopguildophobia!"
918,3819,1,5,58,64,1.109375,0.045191323330536354,663,Anchovies would have been better.
941,3819,0,7,57,64,1.109375,0.039322054350368486,663,We've been waiting here 30 minutes or less.
1004,3819,0,7,57,64,1.109375,0.039322054350368486,663,Are they gluten free?
1005,3819,2,3,59,64,1.109375,0.050381419694137494,663,"Pull up another chair, grab a couple slices, and listen to our story you will not believe! Incredible! Preposterous! Unheard of!
The two of us...Decimated!"
1034,3819,1,5,58,64,1.109375,0.045191323330536354,663,"Honey, is this life’s way of saying we don’t get out enough."
1045,3819,1,5,58,64,1.109375,0.045191323330536354,663,You did order two miniatures from the bar.
556,3819,1,5,58,64,1.109375,0.045191323330536354,663,You buy an extra large you get 2 little for free.
517,3819,0,7,57,64,1.109375,0.039322054350368486,663,"Hi Fred and  Beth Anchovy we appreciate the invite
Frank Buckley
Andover, MA  01810"
514,3819,0,7,57,64,1.109375,0.039322054350368486,663,"Could you close the lid, you're ruining date night."
476,3819,0,7,57,64,1.109375,0.039322054350368486,663,"It's exactly what you ordered, buddy. I'm Elliot Sausage and she's Denise Mushroom."
2381,3819,1,5,58,64,1.109375,0.045191323330536354,663,"They did say 'When you're here, you're family'..."
48,3819,0,7,57,64,1.109375,0.039322054350368486,663,We are the Little Caesars you ordered for dinner.
73,3819,1,5,58,64,1.109375,0.045191323330536354,663,"She wanted dine-in and I wanted carry-out, so we compromised."
86,3819,0,7,57,64,1.109375,0.039322054350368486,663,This is taking home d
88,3819,1,5,58,64,1.109375,0.045191323330536354,663,"Next time, please leave out the anchovies!  They kill the mood."
107,3819,0,7,57,64,1.109375,0.039322054350368486,663,You want a table with a view?
108,3819,0,7,57,64,1.109375,0.039322054350368486,663,Happy Anniversary!
159,3819,1,5,58,64,1.109375,0.045191323330536354,663,"For a tip, just double the tax."
168,3819,0,7,57,64,1.109375,0.039322054350368486,663,On our planet the restaurants look exactly like gigantic pizzas in a box.
201,3819,1,5,58,64,1.109375,0.045191323330536354,663,"So, next time don't order your pizza from Dominates."
1068,3819,0,7,57,64,1.109375,0.039322054350368486,663,Its the only table we could get at this hour.
207,3819,1,5,58,64,1.109375,0.045191323330536354,663,Watch these two eat us out of house and home.
237,3819,1,5,58,64,1.109375,0.045191323330536354,663,I hate microwave pizza!
280,3819,1,5,58,64,1.109375,0.045191323330536354,663,It stays hotter in here with the the cover over it.
295,3819,1,5,58,64,1.109375,0.045191323330536354,663,"Oh, all meat? No, this is all meta. Our order taker is dyslexic."
305,3819,1,5,58,64,1.109375,0.045191323330536354,663,"Cut us a slice, will ya?"
314,3819,0,7,57,64,1.109375,0.039322054350368486,663,This was our only way to escape the all-you-can-eat buffet.
319,3819,0,7,57,64,1.109375,0.039322054350368486,663,So that’s what they meant in the commercials... a taste of fine dining
366,3819,2,3,59,64,1.109375,0.050381419694137494,663,We're the other kind of meat lovers.
378,3819,0,7,57,64,1.109375,0.039322054350368486,663,"You specifically ordered the Pizza Palace ""Supreme.""  So, here you go --- meet Mary Wilson."
410,3819,0,7,57,64,1.109375,0.039322054350368486,663,We're here to help murder your thirst
420,3819,1,5,58,64,1.109375,0.045191323330536354,663,"Excuse me, where is our pizza? We've been waiting for over an hour!"
210,3819,1,5,58,64,1.109375,0.045191323330536354,663,The lid’s for ambience.
1070,3819,0,7,57,64,1.109375,0.039322054350368486,663,If you take a picture it'll last longer.
432,3819,0,7,57,64,1.109375,0.039322054350368486,663,"Helen and Bob had plans for al fresco dining, but they didn't stick to it."
1167,3819,0,7,57,64,1.109375,0.039322054350368486,663,"I ordered the giant pizza, not the GIANT pizza!"
1924,3819,0,7,57,64,1.109375,0.039322054350368486,663,"Yeah Josh, it is a pie from my parents about what dating use to be like."
1942,3819,1,5,58,64,1.109375,0.045191323330536354,663,You say your names are Anne Chovies and Arty Chokearts?
1949,3819,1,5,58,64,1.109375,0.045191323330536354,663,You didn’t say you wanted anchovies.
2014,3819,0,7,57,64,1.109375,0.039322054350368486,663,We thought ‘Free Delivery’ meant something else.
2031,3819,0,7,57,64,1.109375,0.039322054350368486,663,"It's Lilliput family size, with toppings set"
2051,3819,0,7,57,64,1.109375,0.039322054350368486,663,Do you think it's still vegan?
2062,3819,0,7,57,64,1.109375,0.039322054350368486,663,You're the one who ordered extra cheese.
2077,3819,1,5,58,64,1.109375,0.045191323330536354,663,No worries - we're vegetarian and gluten-free.
2082,3819,0,7,57,64,1.109375,0.039322054350368486,663,Magic Mushroom and Olive?
2096,3819,0,7,57,64,1.109375,0.039322054350368486,663,Next time choose a topping or two and we'll pick a different joint.
1862,3819,0,7,57,64,1.109375,0.039322054350368486,663,"I swear, honey, everyone wants a piece of you!"
2155,3819,0,7,57,64,1.109375,0.039322054350368486,663,This IS Round Table
2212,3819,0,7,57,64,1.109375,0.039322054350368486,663,We like to drink inside the box.
2215,3819,0,7,57,64,1.109375,0.039322054350368486,663,"What is it about ""a private table for two"" that you don't understand?"
2235,3819,1,5,58,64,1.109375,0.045191323330536354,663,We reserved this table 6 weeks ago.
2250,3819,0,7,57,64,1.109375,0.039322054350368486,663,We love pizza in the box.
2277,3819,0,7,57,64,1.109375,0.039322054350368486,663,When do you expect delivery?
2281,3819,2,3,59,64,1.109375,0.050381419694137494,663,What do you want me to tell you? You're the one who ordered mushrooms.
2302,3819,0,7,57,64,1.109375,0.039322054350368486,663,Please! Is it too much to ask for a little privacy while we're eating?
2313,3819,1,5,58,64,1.109375,0.045191323330536354,663,"Comes with anchovies, West Coast style!"
2355,3819,1,5,58,64,1.109375,0.045191323330536354,663,Do you mind!! We'd like a bit of privacy here.
1092,3819,0,7,57,64,1.109375,0.039322054350368486,663,We decided to spend your birthday with you after all.
2181,3819,0,7,57,64,1.109375,0.039322054350368486,663,Their new topping is people-roni.
1828,3819,1,5,58,64,1.109375,0.045191323330536354,663,My stomach's already rumbling.
1998,3819,1,5,58,64,1.109375,0.045191323330536354,663,"I know we're intruding but, seriously, what two adults order a plain cheese pizza? What are you, five?"
1794,3819,1,5,58,64,1.109375,0.045191323330536354,663,Hi! We're the Lillipizzans...there should be enough for everyone!
1181,3819,1,5,58,64,1.109375,0.045191323330536354,663,Do you mind? We’re dining in complete darkness to heighten our other senses.
1277,3819,0,7,57,64,1.109375,0.039322054350368486,663,"We're sorry you were delivered the wrong pizza, but please close the lid.  We were trying to have a romantic, private dinner."
1282,3819,0,7,57,64,1.109375,0.039322054350368486,663,Why did you think they called it a pizza table?
1301,3819,0,7,57,64,1.109375,0.039322054350368486,663,"Well, we found the olives."
1303,3819,1,5,58,64,1.109375,0.045191323330536354,663,"The Yelp reviews said service was slow but there was nothing about this, was there, honey?"
1328,3819,0,7,57,64,1.109375,0.039322054350368486,663,We would really appreciate a bottle of red.
1819,3819,2,3,59,64,1.109375,0.050381419694137494,663,Let me get this right —Green New Dealer— you never cared that these perfect little tables are made from fossil fuel?”
1383,3819,0,7,57,64,1.109375,0.039322054350368486,663,...and this is my wife Sylvia Anchovy. I don’t see the problem since you ordered a pizza with just a little Anchovies.
1399,3819,1,5,58,64,1.109375,0.045191323330536354,663,Are you being served?
1442,3819,1,5,58,64,1.109375,0.045191323330536354,663,"When you ordered you must have selected both ""Dine In"" and ""Take Away"""
1466,3819,1,5,58,64,1.109375,0.045191323330536354,663,This isn't what I envisioned when you said double date...
1497,3819,0,7,57,64,1.109375,0.039322054350368486,663,"When you’ve finished your apéritif, we are going to eat you."
1347,3819,0,7,57,64,1.109375,0.039322054350368486,663,Didn't you know? Little Caesar has a family!
1573,3819,1,5,58,64,1.109375,0.045191323330536354,663,"Honey, how much extra did they get you for the couple dining topping??!"
1631,3819,1,5,58,64,1.109375,0.045191323330536354,663,"Excuse me, we're drinking inside the box!"
1637,3819,1,5,58,64,1.109375,0.045191323330536354,663,"Oh, shucks...there’s no Arugula on it!"
1722,3819,0,7,57,64,1.109375,0.039322054350368486,663,"No, we're not the Mushrooms.  Sorry."
1733,3819,0,7,57,64,1.109375,0.039322054350368486,663,Please. We're trying to finish our meal.
1761,3819,0,7,57,64,1.109375,0.039322054350368486,663,What did you expect?  Black olives and onion.
1766,3819,0,7,57,64,1.109375,0.039322054350368486,663,Don't close the lid!
1786,3819,0,7,57,64,1.109375,0.039322054350368486,663,Too cheesy?
1789,3819,0,7,57,64,1.109375,0.039322054350368486,663,Can you leave us alone ‘til our pizza’s ready?
1505,3819,1,5,58,64,1.109375,0.045191323330536354,663,"Next time, enter your order as the 'small pizza lovers special', not the 'special small pizza lovers'!"
3466,4023,0,8,66,74,1.1081081081081081,0.03634325417788381,663,"You ordered extra sauerkrauts, and here we are!"
3556,4024,0,7,58,65,1.1076923076923078,0.038748926306942086,663,Hi.  Is this what you meant by downsizing?
3558,4024,1,5,59,65,1.1076923076923078,0.04452244962611625,663,We would like extra pepperoni.  Please.
3845,4024,0,7,58,65,1.1076923076923078,0.038748926306942086,663,We don’t do single-use plastics.
4183,4024,0,7,58,65,1.1076923076923078,0.038748926306942086,663,That doesn’t look like extra anchovies to me!
4240,4024,1,5,59,65,1.1076923076923078,0.04452244962611625,663,"Honey, I think they messed up our order. Looks like they sent us a couple for slices."
4843,4024,1,5,59,65,1.1076923076923078,0.04452244962611625,663,"This Chianti is very dry and has a silky smooth finish"""
4370,4024,1,5,59,65,1.1076923076923078,0.04452244962611625,663,Next time order the Art Deco with mushrooms.
4375,4024,0,7,58,65,1.1076923076923078,0.038748926306942086,663,I thought you ordered pepperoni ?
4899,4024,1,5,59,65,1.1076923076923078,0.04452244962611625,663,Don't worry. We're both all-dressed.
4650,4024,2,3,60,65,1.1076923076923078,0.049628799617553614,663,We were planning to eat in.
3539,4024,0,7,58,65,1.1076923076923078,0.038748926306942086,663,Can we have a little privacy?
4328,4024,0,7,58,65,1.1076923076923078,0.038748926306942086,663,Is there more wine?
3143,4024,0,7,58,65,1.1076923076923078,0.038748926306942086,663,I was always concerned about the cleanliness of that pizza shop.
1220,4024,1,5,59,65,1.1076923076923078,0.04452244962611625,663,"Thanks for the advise, but we are already on top of things right now."""
2945,4024,2,3,60,65,1.1076923076923078,0.049628799617553614,663,"Oh, I’m so sorry I think those are our box seats!"
2892,4024,0,7,58,65,1.1076923076923078,0.038748926306942086,663,Relax!were almost finished having our desert.
2429,4024,0,7,58,65,1.1076923076923078,0.038748926306942086,663,Hey! We said an indoor table!
2195,4024,0,7,58,65,1.1076923076923078,0.038748926306942086,663,Do you mind?  We're having a round-table.
2131,4024,1,5,59,65,1.1076923076923078,0.04452244962611625,663,Dating Memories are a topping?
1873,4024,0,7,58,65,1.1076923076923078,0.038748926306942086,663,Some diet plans go way too far!
1756,4024,1,5,59,65,1.1076923076923078,0.04452244962611625,663,Your pizza was delicious!
1717,4024,0,7,58,65,1.1076923076923078,0.038748926306942086,663,"Take out or takeaway 
You told us to add whatever we had"
1619,4024,1,5,59,65,1.1076923076923078,0.04452244962611625,663,Y'all were the ones that ordered Sicilians on a pizza?
1391,4024,1,5,59,65,1.1076923076923078,0.04452244962611625,663,"We were supposed to be delivered to Paris. C’est Paris, non?"
413,4024,1,5,59,65,1.1076923076923078,0.04452244962611625,663,We're seeking the most authentic experience possible.
229,4024,1,5,59,65,1.1076923076923078,0.04452244962611625,663,We’re what you get when you order the small.
3087,4024,0,7,58,65,1.1076923076923078,0.038748926306942086,663,The portions are small but the pizza is excellent.
1256,4051,1,5,60,66,1.106060606060606,0.04387303082685012,663,Fortune cookie?
3311,4052,0,6,54,60,1.1,0.03905667329424718,663,"What, you've never heard of dates on pizza?"
3356,4052,0,6,54,60,1.1,0.03905667329424718,663,That was us before we started this damn pizza diet.
3422,4052,0,6,54,60,1.1,0.03905667329424718,663,Unbelievable - they forgot the extra cheese again!
3486,4052,0,6,54,60,1.1,0.03905667329424718,663,New York style? How about you and your Irish-assed boyfriend go fuck yo'selves?
3525,4052,1,4,55,60,1.1,0.04572084295183095,663,"This is just a little dream from those “double anchovies” last night,  go back to bed”..."
3686,4052,1,4,55,60,1.1,0.04572084295183095,663,No matter how you slice it: the Earth is flat bread.
3192,4052,0,6,54,60,1.1,0.03905667329424718,663,May we have some privacy!
3690,4052,2,2,56,60,1.1,0.05153025549750767,663,"This isn't take-out pizza"""
3788,4052,0,6,54,60,1.1,0.03905667329424718,663,Whenever I have pizza I flash back to my parents scolding me about my weight.
3793,4052,0,6,54,60,1.1,0.03905667329424718,663,We're all dressed.
3827,4052,0,6,54,60,1.1,0.03905667329424718,663,"Great, now everyone is ordering from our little pizza joint."
3933,4052,0,6,54,60,1.1,0.03905667329424718,663,We're the 'genuine Italian touch' you read about in the pizzeria ad.
4004,4052,0,6,54,60,1.1,0.03905667329424718,663,You should see the couple at the soup restaurant.
4463,4052,0,6,54,60,1.1,0.03905667329424718,663,"Yes, there’s “only” a few pepperoni slices here, but each is the size of a table."
4106,4052,1,4,55,60,1.1,0.04572084295183095,663,That’s what you get when they promise you a private night with Pizza!
4151,4052,0,6,54,60,1.1,0.03905667329424718,663,Damn! I forgot to put a tie on the top.
4191,4052,0,6,54,60,1.1,0.03905667329424718,663,"See, I told you they had unique small plate menu offerings."
4292,4052,0,6,54,60,1.1,0.03905667329424718,663,"shut the box, our pizza's getting cold"
4371,4052,1,4,55,60,1.1,0.04572084295183095,663,They delivered the hetero style of pizza-for-two by mistake.
4514,4052,0,6,54,60,1.1,0.03905667329424718,663,My wife said that you'd flip your lid.
4781,4052,0,6,54,60,1.1,0.03905667329424718,663,"Hey,we're still waiting on that appetizer."
4956,4052,0,6,54,60,1.1,0.03905667329424718,663,Thank goodness. We thought we were in Siberia.
5002,4052,0,6,54,60,1.1,0.03905667329424718,663,They say they’re half Hawaiian.”
5058,4052,1,4,55,60,1.1,0.04572084295183095,663,"Sheesh, close the box! Can't you see this pizza con vino is already taken?"
5069,4052,0,6,54,60,1.1,0.03905667329424718,663,To top it off..... the service around here is horrible.
3113,4052,0,6,54,60,1.1,0.03905667329424718,663,"Beat it,will ya?! This pizza's personal."
4049,4052,1,4,55,60,1.1,0.04572084295183095,663,What other topping would make pizza a romantic dinner for two
2860,4052,0,6,54,60,1.1,0.03905667329424718,663,Uber Eats delivered the wrong thing again...
2106,4052,1,4,55,60,1.1,0.04572084295183095,663,"Hey,..Whad ya expect from a pizza joint called"
2740,4052,1,4,55,60,1.1,0.04572084295183095,663,"You ordered a small pie, didn't you!"
2748,4052,0,6,54,60,1.1,0.03905667329424718,663,"Mind shutting the door?...we're eating Pizza, here!"""
93,4052,0,6,54,60,1.1,0.03905667329424718,663,Could we get a table farther from the kitchen?
288,4052,0,6,54,60,1.1,0.03905667329424718,663,We have a mai tai umbrella to complete the look.
745,4052,1,4,55,60,1.1,0.04572084295183095,663,The kitchen thought you could use a little romance.
818,4052,0,6,54,60,1.1,0.03905667329424718,663,Mrs Obama’s obesity eradication program somewhat misunderstood
892,4052,0,6,54,60,1.1,0.03905667329424718,663,Could we table this till later?
946,4052,1,4,55,60,1.1,0.04572084295183095,663,Looks like Pappa has met John
1231,4052,0,6,54,60,1.1,0.03905667329424718,663,Extra arms and legs are an up charge.
1262,4052,0,6,54,60,1.1,0.03905667329424718,663,It's a mixed marriage. I'm gluten-free. My wife isn't.
1496,4052,0,6,54,60,1.1,0.03905667329424718,663,"In your next dream, you'll be the pizza just delivered to a fraternity house where the pledges have been starved for 24 hours"
1644,4052,0,6,54,60,1.1,0.03905667329424718,663,You call this a romantic dinner?
1700,4052,0,6,54,60,1.1,0.03905667329424718,663,"I don't care if it took over 30 minutes to get here...  
We just want the damn check!"
1725,4052,0,6,54,60,1.1,0.03905667329424718,663,"You’ve tried the rest, now try the Hefner’s."
352,4052,0,6,54,60,1.1,0.03905667329424718,663,That's right pal I'm the original Little Ray.
2557,4052,1,4,55,60,1.1,0.04572084295183095,663,"Take out is always ruined by visions of my parents saying  ‘eat at the table ,cook your own food....your not a savage’"
2579,4052,0,6,54,60,1.1,0.03905667329424718,663,"Don't complain, we add to the ambiance."
2677,4052,0,6,54,60,1.1,0.03905667329424718,663,"Tiny house, tiny pizza"
2554,4052,0,6,54,60,1.1,0.03905667329424718,663,"Thanks, it was getting a little cramped. Could you order veggie next time?"
2485,4052,0,6,54,60,1.1,0.03905667329424718,663,Help! We didn't think Take Out would lead to this.
2372,4052,0,6,54,60,1.1,0.03905667329424718,663,"Do we serve them, or do we help ourselves?"
2505,4052,2,2,56,60,1.1,0.05153025549750767,663,Welcome  to our pizza game!
2216,4052,0,6,54,60,1.1,0.03905667329424718,663,"What?!!?
You think you're the only ones who take Uber?"
2190,4052,0,6,54,60,1.1,0.03905667329424718,663,"It was too big for us to eat in one sitting,
so we asked for carry out."
2178,4052,0,6,54,60,1.1,0.03905667329424718,663,I told you we should be tipping more!
2118,4052,0,6,54,60,1.1,0.03905667329424718,663,They ate the whole thing?
2284,4052,1,4,55,60,1.1,0.04572084295183095,663,Don't upset the pizza chef.  He's from Haiti.
1742,4052,1,4,55,60,1.1,0.04572084295183095,663,"Hey, I ordered a large."
3549,4109,0,6,55,61,1.098360655737705,0.038446030818224834,663,You may close the cover.  The Amazon Drone is on its way to take us home”
3586,4109,0,6,55,61,1.098360655737705,0.038446030818224834,663,I hate Brooklyn.
3572,4109,1,4,56,61,1.098360655737705,0.04499494830653312,663,We were wishing we could meet your new friend
3567,4109,0,6,55,61,1.098360655737705,0.038446030818224834,663,"We're part of the taste-testing team. Congratulations, your pizza passed with flying colours!"
3867,4109,0,6,55,61,1.098360655737705,0.038446030818224834,663,I thought we ordered little caesars?
3508,4109,0,6,55,61,1.098360655737705,0.038446030818224834,663,I see a culture developing.
3436,4109,0,6,55,61,1.098360655737705,0.038446030818224834,663,"Excuse me....this is a private conversation

Susan Elwood
Monterey califormoa"
3416,4109,1,4,56,61,1.098360655737705,0.04499494830653312,663,A little romance with your take-out tonight?
3361,4109,0,6,55,61,1.098360655737705,0.038446030818224834,663,"Perhaps you should have specified that you wanted ‘pepperoni, the spicy sausage’ on your pizza, and not Pepperoni, Jen and Steve."
3541,4109,0,6,55,61,1.098360655737705,0.038446030818224834,663,"When you order your pizza from Tony's, the entire experience is eye-popping."
3594,4109,0,6,55,61,1.098360655737705,0.038446030818224834,663,"Of course, for us, there's always a little going-out casual elegance but we respect your yet-another-dinner-out-of-a-box frumpiness."
3736,4109,0,6,55,61,1.098360655737705,0.038446030818224834,663,What's so weird about a pizza date night?
3641,4109,0,6,55,61,1.098360655737705,0.038446030818224834,663,Pizza from our house to yours
3694,4109,0,6,55,61,1.098360655737705,0.038446030818224834,663,Other People's Pizza again?
3695,4109,0,6,55,61,1.098360655737705,0.038446030818224834,663,We wanted a fine dinner with extra cheese.
3700,4109,0,6,55,61,1.098360655737705,0.038446030818224834,663,We are Mr. and Mrs. Anchovy.
3747,4109,1,4,56,61,1.098360655737705,0.04499494830653312,663,So no pasta?
3759,4109,0,6,55,61,1.098360655737705,0.038446030818224834,663,"I don’t know, I think I’d rather have pizza"
3771,4109,0,6,55,61,1.098360655737705,0.038446030818224834,663,I asked for a couple of dates on top.
3812,4109,0,6,55,61,1.098360655737705,0.038446030818224834,663,"Excuse me,  it we haven’t ordered yet..."
3357,4109,0,6,55,61,1.098360655737705,0.038446030818224834,663,It’s the only way to procure a Di Fara now.
3632,4109,1,4,56,61,1.098360655737705,0.04499494830653312,663,"Yes, we're glutton free."
3351,4109,0,6,55,61,1.098360655737705,0.038446030818224834,663,"Bly, the smurfs where over 30 years ago. I cant take this no more."
3016,4109,0,6,55,61,1.098360655737705,0.038446030818224834,663,"It's either a spoiler for Game of Thrones or an alternate ending for St. Elsewhere."""
3189,4109,0,6,55,61,1.098360655737705,0.038446030818224834,663,You thought Honey I Shrunk The Kid turned out well. This is what happens when we grow up. We do not look so happy now.
2695,4109,0,6,55,61,1.098360655737705,0.038446030818224834,663,No I can't but I can offer you a piece of my mind.
2700,4109,1,4,56,61,1.098360655737705,0.04499494830653312,663,Where's our pepperoni?
2801,4109,0,6,55,61,1.098360655737705,0.038446030818224834,663,It’s a panopti-pizza-con!
2854,4109,0,6,55,61,1.098360655737705,0.038446030818224834,663,We were anchovies last week! You two must be extra cheese.
2873,4109,0,6,55,61,1.098360655737705,0.038446030818224834,663,"I love that pizza place, our order is always correct!"
2881,4109,1,4,56,61,1.098360655737705,0.04499494830653312,663,"Ok, let’s get this over with... flat rate you watch us eat dinner, anything after that is gonna be extra."
2930,4109,1,4,56,61,1.098360655737705,0.04499494830653312,663,You ordered the Gulliver's special?
2946,4109,0,6,55,61,1.098360655737705,0.038446030818224834,663,We thought we found a suitable table but it seems instead we found one of those plastic spacers that the pizza joint uses to keep the box separated from the pie.  And then this happened!
2997,4109,0,6,55,61,1.098360655737705,0.038446030818224834,663,I told them we were seated too close to the kitchen!
3011,4109,0,6,55,61,1.098360655737705,0.038446030818224834,663,´Eat me!
3012,4109,1,4,56,61,1.098360655737705,0.04499494830653312,663,"We delivery in-home,restaurant quality dining."
3880,4109,1,4,56,61,1.098360655737705,0.04499494830653312,663,Sorry
3028,4109,0,6,55,61,1.098360655737705,0.038446030818224834,663,"You said anchovies on only half the pie, right?"
3051,4109,0,6,55,61,1.098360655737705,0.038446030818224834,663,"Well, they did say this is a 'Giant' corporation...""

Tracy Brown
Kansas City, M"
3080,4109,0,6,55,61,1.098360655737705,0.038446030818224834,663,I thought I ordered the vegetarian pizza...
3086,4109,0,6,55,61,1.098360655737705,0.038446030818224834,663,"Honey, did you order magic mushrooms on our pizza again?"
3093,4109,1,4,56,61,1.098360655737705,0.04499494830653312,663,I told you not to order recursion.
3097,4109,1,4,56,61,1.098360655737705,0.04499494830653312,663,Do you prefer indoor or outdoor eating this evening?
3110,4109,0,6,55,61,1.098360655737705,0.038446030818224834,663,We hope you don't mind.
3116,4109,0,6,55,61,1.098360655737705,0.038446030818224834,663,They're drinking inside the box again .
3145,4109,0,6,55,61,1.098360655737705,0.038446030818224834,663,I don’t think this is what they meant by green jobs.
3181,4109,0,6,55,61,1.098360655737705,0.038446030818224834,663,Sorry but it was so good we couldn’t stop.
3186,4109,0,6,55,61,1.098360655737705,0.038446030818224834,663,"I've heard of a dating app, but this is ridiculous."
3225,4109,0,6,55,61,1.098360655737705,0.038446030818224834,663,"You know, I always wondered who those tiny wine glasses were for."
3887,4109,0,6,55,61,1.098360655737705,0.038446030818224834,663,The service here is really slow!
4178,4109,0,6,55,61,1.098360655737705,0.038446030818224834,663,"Right, GMO’s"
3952,4109,1,4,56,61,1.098360655737705,0.04499494830653312,663,"We’re supposed to be in the pizza parlor dollhouse, but somehow stepped into the Twilight Zone!"
4619,4109,0,6,55,61,1.098360655737705,0.038446030818224834,663,Remember....you are what you eat.
4629,4109,1,4,56,61,1.098360655737705,0.04499494830653312,663,"Well, you did order the Wine Lover's pizza."
4688,4109,1,4,56,61,1.098360655737705,0.04499494830653312,663,But we ordered vegetarian...
4692,4109,1,4,56,61,1.098360655737705,0.04499494830653312,663,Told you we should’ve ordered pepperoni
4693,4109,0,6,55,61,1.098360655737705,0.038446030818224834,663,"I'm sorry, but we had reservations--Frank and Wanda Anchovies."
4714,4109,0,6,55,61,1.098360655737705,0.038446030818224834,663,Can you move us to the non-anchovy section?
4751,4109,0,6,55,61,1.098360655737705,0.038446030818224834,663,What do you mean you don't watch Game of Thrones?
4757,4109,1,4,56,61,1.098360655737705,0.04499494830653312,663,We asked for a pizza to go.
4760,4109,1,4,56,61,1.098360655737705,0.04499494830653312,663,What were you expecting when you ordered the matryoshka special?
4773,4109,0,6,55,61,1.098360655737705,0.038446030818224834,663,This is a take me out dinner.
4609,4109,0,6,55,61,1.098360655737705,0.038446030818224834,663,I ordered Alan and Marge. This is Helen and George.”
4850,4109,0,6,55,61,1.098360655737705,0.038446030818224834,663,Did order pizza for two?
4908,4109,0,6,55,61,1.098360655737705,0.038446030818224834,663,"Yeah that's right.  The little Italian restaurant on the corner."""
4924,4109,0,6,55,61,1.098360655737705,0.038446030818224834,663,Excuse us please - we’d like a little privacy.
4962,4109,0,6,55,61,1.098360655737705,0.038446030818224834,663,"We had a reservation, and this is where they sat us.  The name is Topping."
4972,4109,0,6,55,61,1.098360655737705,0.038446030818224834,663,You didn't tell this was an upper crust restaurant. I would've worn my pearls.
5057,4109,0,6,55,61,1.098360655737705,0.038446030818224834,663,"""Our table? It's called 'thinking inside the box'."""
5060,4109,0,6,55,61,1.098360655737705,0.038446030818224834,663,You didn’t order a small piazza? Doesn't anybody proofread any more?
5077,4109,1,4,56,61,1.098360655737705,0.04499494830653312,663,I don't recall ordering those toppings...
5078,4109,2,2,57,61,1.098360655737705,0.050704964850981624,663,You want hot and fresh? I'll show you hot and fresh!
5079,4109,0,6,55,61,1.098360655737705,0.038446030818224834,663,Hello.  Dinner has been served.
2645,4109,0,6,55,61,1.098360655737705,0.038446030818224834,663,Who are you and where are the men in black?
4868,4109,2,2,57,61,1.098360655737705,0.050704964850981624,663,My mother always taught me not to forget the little people.
4594,4109,0,6,55,61,1.098360655737705,0.038446030818224834,663,"Sorry, but this is a private room."
4562,4109,0,6,55,61,1.098360655737705,0.038446030818224834,663,I hope you didn't order a large.
4533,4109,2,2,57,61,1.098360655737705,0.050704964850981624,663,Just give us a little piece.
3971,4109,0,6,55,61,1.098360655737705,0.038446030818224834,663,"Greg, did you order the Lilliputian pizza again?"
3990,4109,0,6,55,61,1.098360655737705,0.038446030818224834,663,Is this Italy?!
4003,4109,0,6,55,61,1.098360655737705,0.038446030818224834,663,So you’re saying we should try drinking outside the box?
4005,4109,0,6,55,61,1.098360655737705,0.038446030818224834,663,Additional toppings?
4031,4109,1,4,56,61,1.098360655737705,0.04499494830653312,663,It's a Netflix Original Pizza.
4063,4109,0,6,55,61,1.098360655737705,0.038446030818224834,663,"Oh my goodness, Francine-- it's the people from the Hawking book!
Hi, there!"
4099,4109,1,4,56,61,1.098360655737705,0.04499494830653312,663,Do you mind ? We're trying to salvage a marriage over here !
4107,4109,0,6,55,61,1.098360655737705,0.038446030818224834,663,I guess they didn't meet on Coffee Meets Bagel.
4134,4109,0,6,55,61,1.098360655737705,0.038446030818224834,663,I thought you ordered vegetarian?
4139,4109,0,6,55,61,1.098360655737705,0.038446030818224834,663,We couldn’t decide on going out or ordering in.
4166,4109,1,4,56,61,1.098360655737705,0.04499494830653312,663,"Sorry, we ran out of bread, cheese and the toppings you asked for."
4184,4109,1,4,56,61,1.098360655737705,0.04499494830653312,663,"For us, eating out and eating in are the same experience."
4186,4109,0,6,55,61,1.098360655737705,0.038446030818224834,663,"I thought you said this was a dinner for two, Harry!?"
4208,4109,0,6,55,61,1.098360655737705,0.038446030818224834,663,"Next time don't order the Vegan Pizza.""
Miriam Salzer, Pacifica, C"
4235,4109,0,6,55,61,1.098360655737705,0.038446030818224834,663,"No worries - we're food robots. After we tell you about our restaurant's weekend specials, just micro us for 30 seconds and we'll definitely be ready for your dinner."
4262,4109,0,6,55,61,1.098360655737705,0.038446030818224834,663,The pepperoni will be with you shortly.
4313,4109,0,6,55,61,1.098360655737705,0.038446030818224834,663,What did you think restaurant style means?
4340,4109,1,4,56,61,1.098360655737705,0.04499494830653312,663,"Take your time, but remember, we recycle."
4372,4109,0,6,55,61,1.098360655737705,0.038446030818224834,663,"Well, there goes our security deposit."
4390,4109,0,6,55,61,1.098360655737705,0.038446030818224834,663,We're little-endians. Why do you ask?
4433,4109,1,4,56,61,1.098360655737705,0.04499494830653312,663,"Oh well, honey - they've discovered ""our Italian place."""
4439,4109,0,6,55,61,1.098360655737705,0.038446030818224834,663,You must be the meat lovers.
4490,4109,0,6,55,61,1.098360655737705,0.038446030818224834,663,"I know we have a choice table, but it's not polite to stare."
3925,4109,0,6,55,61,1.098360655737705,0.038446030818224834,663,Wow. There's a couple in my pizza.
2584,4109,1,4,56,61,1.098360655737705,0.04499494830653312,663,They seem to have gotten the pies mixed up.
3597,4109,1,4,56,61,1.098360655737705,0.04499494830653312,663,It was only a matter of time.
2493,4109,1,4,56,61,1.098360655737705,0.04499494830653312,663,I think it's time to move out of the city.
814,4109,1,4,56,61,1.098360655737705,0.04499494830653312,663,"Sorry, we ate it all."
825,4109,1,4,56,61,1.098360655737705,0.04499494830653312,663,Their shrink-wrap experiment was only partially successful...
833,4109,1,4,56,61,1.098360655737705,0.04499494830653312,663,"There's no mistake.  In Colorado, this is the mushroom lovers' pizza."
836,4109,0,6,55,61,1.098360655737705,0.038446030818224834,663,It’s just a sublet. Our yearly lease begins next month.
860,4109,0,6,55,61,1.098360655737705,0.038446030818224834,663,We were just having dinner until you disturbed us!
876,4109,0,6,55,61,1.098360655737705,0.038446030818224834,663,"Look, guy, a pizza sprite has got to live SOMEWHERE."
887,4109,1,4,56,61,1.098360655737705,0.04499494830653312,663,Just give us thirty more minutes or your pizza is free.
924,4109,0,6,55,61,1.098360655737705,0.038446030818224834,663,We're here on behalf of #shrinking lifestyle . . .
928,4109,1,4,56,61,1.098360655737705,0.04499494830653312,663,Do you mind giving us some pievacy?
956,4109,0,6,55,61,1.098360655737705,0.038446030818224834,663,You DID ask for our special date night pizza.
813,4109,1,4,56,61,1.098360655737705,0.04499494830653312,663,"GATHER ROUND"""
987,4109,1,4,56,61,1.098360655737705,0.04499494830653312,663,Hey! Use some common sense!
1040,4109,0,6,55,61,1.098360655737705,0.038446030818224834,663,Don't look at us. It just came with no toppings.
1063,4109,0,6,55,61,1.098360655737705,0.038446030818224834,663,Pizza King faced a lot of backlash from humanitarian groups when it started putting miniature dates on its pizza.
1127,4109,0,6,55,61,1.098360655737705,0.038446030818224834,663,Cheesy bread is on it's way.
1156,4109,1,4,56,61,1.098360655737705,0.04499494830653312,663,I’m going to Yelp about this.
1159,4109,0,6,55,61,1.098360655737705,0.038446030818224834,663,I promised her a slice of Sicily
1182,4109,1,4,56,61,1.098360655737705,0.04499494830653312,663,So this is why he's called PAPA John
1185,4109,1,4,56,61,1.098360655737705,0.04499494830653312,663,"Sorry, but this pepperoni is taken."
1207,4109,1,4,56,61,1.098360655737705,0.04499494830653312,663,"Excuse me, but this isn't your pizza until we've been served and we finish our Veal Marsala."
1253,4109,0,6,55,61,1.098360655737705,0.038446030818224834,663,It's hard to get a decent reservation anymore.
1260,4109,0,6,55,61,1.098360655737705,0.038446030818224834,663,"You got us. We'll lead you to our pot of ""two for the price of one"" coupons after dinner."
997,4109,0,6,55,61,1.098360655737705,0.038446030818224834,663,Don't just send us back. Ask how we could have gotten here in the first place!
1315,4109,0,6,55,61,1.098360655737705,0.038446030818224834,663,"“Do you know where our wine steward is?”

Don Dechman 
Austin, TX"
787,4109,0,6,55,61,1.098360655737705,0.038446030818224834,663,"I asked for Pepperoni, not “Pepper”& Roni."
759,4109,0,6,55,61,1.098360655737705,0.038446030818224834,663,Could you wait until we are finished?
18,4109,0,6,55,61,1.098360655737705,0.038446030818224834,663,Do you mind?  We’re having a quiet dinner for two here.”
91,4109,1,4,56,61,1.098360655737705,0.04499494830653312,663,"When we refused to do take-out, 
they said this was our only option."
104,4109,0,6,55,61,1.098360655737705,0.038446030818224834,663,The wife wanted inexpensive travel opportunities while maintaining a gluten-free base.
150,4109,0,6,55,61,1.098360655737705,0.038446030818224834,663,"""We're the something special you ordered in place of pepperoni."""
161,4109,1,4,56,61,1.098360655737705,0.04499494830653312,663,I hate when my food talks back!
217,4109,0,6,55,61,1.098360655737705,0.038446030818224834,663,Hi.  Joan & Pete Anchovy.  Nice timer you.
261,4109,0,6,55,61,1.098360655737705,0.038446030818224834,663,What were you expecting? Pepperoni?
291,4109,2,2,57,61,1.098360655737705,0.050704964850981624,663,They are still working on improving their Drone delivery service.
299,4109,2,2,57,61,1.098360655737705,0.050704964850981624,663,Allergies be damned
346,4109,0,6,55,61,1.098360655737705,0.038446030818224834,663,"Ah, I always wondered why Pizza from New Jersey tasted like feet"
770,4109,0,6,55,61,1.098360655737705,0.038446030818224834,663,It's Lilliputian style.
357,4109,0,6,55,61,1.098360655737705,0.038446030818224834,663,...and my feet are covered in grease!
372,4109,1,4,56,61,1.098360655737705,0.04499494830653312,663,People mess up the drop-down menu - I'm little Cesar and this is Barb.
397,4109,0,6,55,61,1.098360655737705,0.038446030818224834,663,"Don't worry, we've taken our shoes off."
425,4109,0,6,55,61,1.098360655737705,0.038446030818224834,663,Are you sure this is vegetarian?
506,4109,0,6,55,61,1.098360655737705,0.038446030818224834,663,"You ordered double Cleese, with Romano and Olive?"
507,4109,0,6,55,61,1.098360655737705,0.038446030818224834,663,"No fellas, we’re not sitting on your pie;  just enjoying our wine here."
510,4109,0,6,55,61,1.098360655737705,0.038446030818224834,663,Sorry.  We couldn't wait so we started without you.
542,4109,0,6,55,61,1.098360655737705,0.038446030818224834,663,Pizza with cheese and virtual pizzazz.
712,4109,0,6,55,61,1.098360655737705,0.038446030818224834,663,Do you mind? We were enjoying our pizza dinner by candlelight.
721,4109,0,6,55,61,1.098360655737705,0.038446030818224834,663,"Honey I shrunk your parents by mistake, I thought I was shrinking my parents."
722,4109,0,6,55,61,1.098360655737705,0.038446030818224834,663,We ordered carry out
370,4109,0,6,55,61,1.098360655737705,0.038446030818224834,663,This isn't what I meant when I said I wanted us to have a romantic dinner.
1345,4109,1,4,56,61,1.098360655737705,0.04499494830653312,663,They take this 'Little Italy' very seriously
998,4109,0,6,55,61,1.098360655737705,0.038446030818224834,663,"Luigi thought you ordered two plain, small GUYS ...!"
1375,4109,0,6,55,61,1.098360655737705,0.038446030818224834,663,Do you mind? We’re trying to deep dish.
1955,4109,0,6,55,61,1.098360655737705,0.038446030818224834,663,"Next time, I would appreciate it if you would knock first."
1957,4109,1,4,56,61,1.098360655737705,0.04499494830653312,663,"Honestly, I'll take this over pineapple."
1972,4109,1,4,56,61,1.098360655737705,0.04499494830653312,663,"Hey, put a lid on it. We haven't yet toasted your pizza."
1980,4109,0,6,55,61,1.098360655737705,0.038446030818224834,663,It's deja vu all over again.
1981,4109,0,6,55,61,1.098360655737705,0.038446030818224834,663,Is this pizza dog friendly?
2017,4109,1,4,56,61,1.098360655737705,0.04499494830653312,663,"We love BYOB take-us-out."""
2024,4109,1,4,56,61,1.098360655737705,0.04499494830653312,663,That’s what you get with these restaurant-frozen anchovies.
2070,4109,0,6,55,61,1.098360655737705,0.038446030818224834,663,"Well, you ordered peeperoni, no cheese, right?"
2076,4109,1,4,56,61,1.098360655737705,0.04499494830653312,663,They call this upper crust?
2086,4109,1,4,56,61,1.098360655737705,0.04499494830653312,663,Remember to give us a favorable review on Lilliput’s Yelp Page...
1357,4109,0,6,55,61,1.098360655737705,0.038446030818224834,663,"This is the worst service we've had, since we came here last week,"" said husband"
2135,4109,0,6,55,61,1.098360655737705,0.038446030818224834,663,Don't look so surprised. You ordered a two pizza team.
2137,4109,0,6,55,61,1.098360655737705,0.038446030818224834,663,"reminds me of our first date, i miss going out."
2143,4109,1,4,56,61,1.098360655737705,0.04499494830653312,663,"Hey, what's up with this intrusion? We were promised a romantic and secluded evening in our own, private pizza box."
2156,4109,0,6,55,61,1.098360655737705,0.038446030818224834,663,"Join us for Russian Tea, won’t you?"
2158,4109,0,6,55,61,1.098360655737705,0.038446030818224834,663,Are you gluten free?
2285,4109,0,6,55,61,1.098360655737705,0.038446030818224834,663,Who in invited the Barbies?
2307,4109,0,6,55,61,1.098360655737705,0.038446030818224834,663,"Does ""deliver us from evil"" mean anything to you?"
2363,4109,1,4,56,61,1.098360655737705,0.04499494830653312,663,"This gives a whole new meaning to the phrase ""eating in."""
2380,4109,0,6,55,61,1.098360655737705,0.038446030818224834,663,I don’t like this new dating app.
2467,4109,0,6,55,61,1.098360655737705,0.038446030818224834,663,We're just here for drinks you go right ahead.
2474,4109,0,6,55,61,1.098360655737705,0.038446030818224834,663,"wait, did you order this extra topping?"
2481,4109,0,6,55,61,1.098360655737705,0.038446030818224834,663,And ‘The Runaway Bunny’ thought she had it rough.
1931,4109,0,6,55,61,1.098360655737705,0.038446030818224834,663,"I said, ""No anchovies!"""
1858,4109,1,4,56,61,1.098360655737705,0.04499494830653312,663,"As your former selves we’re here to break it to you... After scarfing 2,752,643  pizzas... You now must enter... the Celery Zone."
2126,4109,0,6,55,61,1.098360655737705,0.038446030818224834,663,"Well, you are all dressed."
1824,4109,0,6,55,61,1.098360655737705,0.038446030818224834,663,whaat..you gotta a problem wid pie instedda cake We eloped..no guests gedoutta hea!
1852,4109,1,4,56,61,1.098360655737705,0.04499494830653312,663,"You said ""no anchovies"" right?"
1418,4109,0,6,55,61,1.098360655737705,0.038446030818224834,663,"We saw this little table, and it was empty so..."
1432,4109,0,6,55,61,1.098360655737705,0.038446030818224834,663,So where's the pepperoni?
1447,4109,0,6,55,61,1.098360655737705,0.038446030818224834,663,Call us Dan and Charlotte
1453,4109,0,6,55,61,1.098360655737705,0.038446030818224834,663,"I hate when Steve’s right, there is a giant problem with this restaurant!”"
1484,4109,0,6,55,61,1.098360655737705,0.038446030818224834,663,I know this probably looks cheesy but please let me explain before you tear into us!
1522,4109,1,4,56,61,1.098360655737705,0.04499494830653312,663,He did say this pizza feeds a family.
1534,4109,0,6,55,61,1.098360655737705,0.038446030818224834,663,This is my last tinder date.
1536,4109,0,6,55,61,1.098360655737705,0.038446030818224834,663,We have shrunk our hopes that Trump will measure up.
1578,4109,0,6,55,61,1.098360655737705,0.038446030818224834,663,What do you have to do to get a menu around here?
1587,4109,1,4,56,61,1.098360655737705,0.04499494830653312,663,I told you that you shouldn't ask for Cheesy Lover pizza
1531,4109,1,4,56,61,1.098360655737705,0.04499494830653312,663,You don't look like gluten overlords.
2565,4109,1,4,56,61,1.098360655737705,0.04499494830653312,663,"I did ask for a couple of toppings

Alice Weiss Hoffman"
1592,4109,1,4,56,61,1.098360655737705,0.04499494830653312,663,We'll take the leftovers to go.
1605,4109,1,4,56,61,1.098360655737705,0.04499494830653312,663,We usually start dancing once the cheese hardens up.
1646,4109,2,2,57,61,1.098360655737705,0.050704964850981624,663,I mean I’m not racist or anything but these goddamn black people and their-oh.......hey guys didn’t see you there.”
1674,4109,0,6,55,61,1.098360655737705,0.038446030818224834,663,Do you have room for two more?
1685,4109,1,4,56,61,1.098360655737705,0.04499494830653312,663,We're hoping you ordered the Lecter special by mistake.
1719,4109,0,6,55,61,1.098360655737705,0.038446030818224834,663,Sorry. We were hungry and ate it all.
1721,4109,0,6,55,61,1.098360655737705,0.038446030818224834,663,"Well, I did say I wanted  pizza for two."
1773,4109,1,4,56,61,1.098360655737705,0.04499494830653312,663,You shouldn't have told them to hold the anchovies.
1802,4109,0,6,55,61,1.098360655737705,0.038446030818224834,663,Would you mind closing the lid? Pizza’s getting cold.
1823,4109,0,6,55,61,1.098360655737705,0.038446030818224834,663,The pizza was great!  Can I pour you a glass of wine?
3735,4316,1,4,57,62,1.096774193548387,0.0442916958370775,663,I thought we decided to dine-in?
3697,4316,0,6,56,62,1.096774193548387,0.03785410929280441,663,Who says only the little people eat pizza?
3627,4316,1,4,57,62,1.096774193548387,0.0442916958370775,663,I thought you liked double-pepperoni and double-date?
3585,4316,0,6,56,62,1.096774193548387,0.03785410929280441,663,We are included with all large pies
3470,4316,0,6,56,62,1.096774193548387,0.03785410929280441,663,"Please close the box, you're ruining our Ouija seance."
2622,4316,0,6,56,62,1.096774193548387,0.03785410929280441,663,"What do you mean, you’ve run out of steak! What kind of a restaurant IS this?!?"
2859,4316,0,6,56,62,1.096774193548387,0.03785410929280441,663,This is supposed to be a take-in pizza.
2791,4316,0,6,56,62,1.096774193548387,0.03785410929280441,663,"Well, I did order a mini pie..."
2592,4316,2,2,58,62,1.096774193548387,0.049905661501444855,663,Smash them before they procreate.
3807,4316,0,6,56,62,1.096774193548387,0.03785410929280441,663,"No,we are not an extra topping!"
3291,4316,0,6,56,62,1.096774193548387,0.03785410929280441,663,"We’re borrowers, and tonight we are borrowing your pizza."
4037,4316,1,4,57,62,1.096774193548387,0.0442916958370775,663,"I thought that you ordered the organic, gluten-free, vegan pizza!"
4997,4316,0,6,56,62,1.096774193548387,0.03785410929280441,663,"Sorry, they were out of pineapple."
4096,4316,0,6,56,62,1.096774193548387,0.03785410929280441,663,"Well, the portions aren’t bad."
4540,4316,0,6,56,62,1.096774193548387,0.03785410929280441,663,Pizza under the stars--How romantic!
4665,4316,1,4,57,62,1.096774193548387,0.0442916958370775,663,We were expecting to eat at the restaurant!
4687,4316,1,4,57,62,1.096774193548387,0.0442916958370775,663,"I guess, courier didn't realize , that we are vegeterians"
4825,4316,0,6,56,62,1.096774193548387,0.03785410929280441,663,That food was fabulous.  You should try the pizza.
4844,4316,0,6,56,62,1.096774193548387,0.03785410929280441,663,Not the Uber Eaters again.
4862,4316,0,6,56,62,1.096774193548387,0.03785410929280441,663,We’re just here to double-check your order: Did you want meat-stuffed and double cheese?
4906,4316,0,6,56,62,1.096774193548387,0.03785410929280441,663,Talk about family value
4907,4316,1,4,57,62,1.096774193548387,0.0442916958370775,663,Is there such a thing as free delivery anymore?
4980,4316,0,6,56,62,1.096774193548387,0.03785410929280441,663,"We'll take the pepperoni-sized pie, please."
5039,4316,0,6,56,62,1.096774193548387,0.03785410929280441,663,It was the only table I could book at the hottest pizzeria in town.
2582,4316,0,6,56,62,1.096774193548387,0.03785410929280441,663,WE'RE little?  Have you seen the olives on this thing?!
4064,4316,0,6,56,62,1.096774193548387,0.03785410929280441,663,It has many cherries on the top. Did we order a cake?
2527,4316,1,4,57,62,1.096774193548387,0.0442916958370775,663,"Trying to score Smalls, You're killing me."
2984,4316,1,4,57,62,1.096774193548387,0.0442916958370775,663,Your pizza saver has been upgraded to be fully biodegradable.
2439,4316,0,6,56,62,1.096774193548387,0.03785410929280441,663,"We haven't seen our server in twenty minutes, the lightning has been horrible until now and our feet are stuck to the floor!"
25,4316,0,6,56,62,1.096774193548387,0.03785410929280441,663,You wouldn't have wanted any-it took us a week to finish it.
273,4316,1,4,57,62,1.096774193548387,0.0442916958370775,663,who drew the duck head on the lid??
512,4316,0,6,56,62,1.096774193548387,0.03785410929280441,663,You want the deep dish? Open a bottle and pull up a chair.
567,4316,2,2,58,62,1.096774193548387,0.049905661501444855,663,"Sunday pie swinging hot, ala vino?"
732,4316,2,2,58,62,1.096774193548387,0.049905661501444855,663,We met on Italian Grindr...
883,4316,0,6,56,62,1.096774193548387,0.03785410929280441,663,Do you mind? We're topping here.
1100,4316,0,6,56,62,1.096774193548387,0.03785410929280441,663,"Close the door, you're letting all the heat out, you gormandizers!"
1134,4316,0,6,56,62,1.096774193548387,0.03785410929280441,663,Im Cheese and he's Salami!
1477,4316,0,6,56,62,1.096774193548387,0.03785410929280441,663,Obviously you've never raised YOUR roof............
1489,4316,2,2,58,62,1.096774193548387,0.049905661501444855,663,Hurry! There is a draft.
1590,4316,1,4,57,62,1.096774193548387,0.0442916958370775,663,The service here is terrible! I demand to speak to a manager!
1603,4316,2,2,58,62,1.096774193548387,0.049905661501444855,663,Cheese’s bacteria is more alive than this memory.
1174,4316,1,4,57,62,1.096774193548387,0.0442916958370775,663,Will you please stop ordering dates on your pizza?!
1746,4316,1,4,57,62,1.096774193548387,0.0442916958370775,663,They left off the cell phones again!
2383,4316,1,4,57,62,1.096774193548387,0.0442916958370775,663,So what is your stance on the great pineapple debate?
1712,4316,1,4,57,62,1.096774193548387,0.0442916958370775,663,"Sure, call for another pizza. My brother and his wife are ready to join us. But no anchovies."
2191,4316,2,2,58,62,1.096774193548387,0.049905661501444855,663,"Finally ! We are ready to order. But first, could we have more of that complimentary salad that was lying on the floor ?"
2124,4316,1,4,57,62,1.096774193548387,0.0442916958370775,663,I thought we ordered a margherita!
2466,4316,0,6,56,62,1.096774193548387,0.03785410929280441,663,"Actually, patent 4,498,586 expired."
2112,4316,1,4,57,62,1.096774193548387,0.0442916958370775,663,Well this isn’t what we ordered.
2374,4316,0,6,56,62,1.096774193548387,0.03785410929280441,663,The dessert menu please.
2073,4316,1,4,57,62,1.096774193548387,0.0442916958370775,663,"a green salad, tomato soup, sushi, meatloaf ....  we would happily take anything that's not pizza."
1896,4316,0,6,56,62,1.096774193548387,0.03785410929280441,663,"Honey, did you use UberEats.us again?"
1844,4316,0,6,56,62,1.096774193548387,0.03785410929280441,663,"The kitchen heard ""small people-roni."""
1763,4316,0,6,56,62,1.096774193548387,0.03785410929280441,663,"I know this looks wierd, but when the lid is closed the box is ""bigger on the inside"""
2075,4316,1,4,57,62,1.096774193548387,0.0442916958370775,663,"I must have clicked on both ""delivery"" and ""dine-in"" by mistake."
3020,4371,2,3,68,73,1.095890410958904,0.04432988091083928,663,"Can you close the box,were about to get to the meat loving."
3043,4372,0,6,57,63,1.0952380952380953,0.03728006482184823,663,Big Brother isn't even trying to hide anymore
4953,4372,0,6,57,63,1.0952380952380953,0.03728006482184823,663,This certainly wasn't what we expected when we ordered take out.
4560,4372,0,6,57,63,1.0952380952380953,0.03728006482184823,663,Welcome to your dining experience!
4169,4372,1,4,58,63,1.0952380952380953,0.04361004475139291,663,"Even though it’s only $14.00, their “Pizzeria Experience Special”  just reminded me to get a Xanax refill."
3964,4372,1,4,58,63,1.0952380952380953,0.04361004475139291,663,"We can just turn it into a calzone if they talk too much"""
3871,4372,0,6,57,63,1.0952380952380953,0.03728006482184823,663,"Join us! We have enough pizza for everyone, but not enough wine unfortunately."
3427,4372,0,6,57,63,1.0952380952380953,0.03728006482184823,663,We didn’t understand anything they said after asking ‘dine in or carry out?’”
3139,4372,1,4,58,63,1.0952380952380953,0.04361004475139291,663,"we used uber eats ,cheaper!"
2730,4372,1,4,58,63,1.0952380952380953,0.04361004475139291,663,"FYI, anchovies ruin the atmosphere!"
4679,4372,0,6,57,63,1.0952380952380953,0.03728006482184823,663,"Well, obviously, somebody got their wires crossed."
2092,4372,1,4,58,63,1.0952380952380953,0.04361004475139291,663,It’s not delivery. It's the Delveccio's.
2257,4372,0,6,57,63,1.0952380952380953,0.03728006482184823,663,"Half-cheese, half-flailing for icebreakers?"
194,4372,1,4,58,63,1.0952380952380953,0.04361004475139291,663,These birthday cakes are getting ridiculous.
347,4372,1,4,58,63,1.0952380952380953,0.04361004475139291,663,"Well, this would explain the extra-large order."
686,4372,0,6,57,63,1.0952380952380953,0.03728006482184823,663,Could you please give us 30 minutes or less?
59,4372,0,6,57,63,1.0952380952380953,0.03728006482184823,663,I hate dates.
851,4372,1,4,58,63,1.0952380952380953,0.04361004475139291,663,Do you mind?  We're trying to have a private conversation here.
1035,4372,1,4,58,63,1.0952380952380953,0.04361004475139291,663,"New York Style Pizza, 2019"
1386,4372,0,6,57,63,1.0952380952380953,0.03728006482184823,663,"Sorry, it looked like the table was free."
838,4372,0,6,57,63,1.0952380952380953,0.03728006482184823,663,"We love dining on pizza!"""
784,4392,0,6,58,64,1.09375,0.036723103212062694,663,At least it isn’t another video game.
3520,4393,0,5,52,57,1.087719298245614,0.037802263481198896,663,"If we are bothering you, sir, you should have ordered the Calzone."
3498,4393,0,5,52,57,1.087719298245614,0.037802263481198896,663,You said you wanted it New Yorker-style.
3515,4393,0,5,52,57,1.087719298245614,0.037802263481198896,663,It this what you meant by taking me out to dinner?
3513,4393,1,3,53,57,1.087719298245614,0.04533847748151766,663,They ran out of pepperoni.
3510,4393,0,5,52,57,1.087719298245614,0.037802263481198896,663,Carry out just doesn’t feel like date night
3509,4393,1,3,53,57,1.087719298245614,0.04533847748151766,663,Quattro Formaggi?
3503,4393,0,5,52,57,1.087719298245614,0.037802263481198896,663,"Ha! Professor Wilkins, I think we’ll have “that” conversation."
3499,4393,0,5,52,57,1.087719298245614,0.037802263481198896,663,I’m LITERALLY little Caesar.
3497,4393,1,3,53,57,1.087719298245614,0.04533847748151766,663,It's not at all the topping we ordered either.
3460,4393,0,5,52,57,1.087719298245614,0.037802263481198896,663,We can't possibly eat all of it ourselves; we'd be happy to share.
3488,4393,0,5,52,57,1.087719298245614,0.037802263481198896,663,It’s the only way we can avoid Game of Thrones spoilers.”
3472,4393,0,5,52,57,1.087719298245614,0.037802263481198896,663,They really go all out on the anniversary special!
3462,4393,0,5,52,57,1.087719298245614,0.037802263481198896,663,Please wait for us to finish before you clear.
3532,4393,1,3,53,57,1.087719298245614,0.04533847748151766,663,"Hi, care to join us?

What kind of toppings did you order?

They must have ordered the large pizza to go.

Yelp is going hear about this!"
3455,4393,0,5,52,57,1.087719298245614,0.037802263481198896,663,They told us we had this table until 8:30!
3443,4393,1,3,53,57,1.087719298245614,0.04533847748151766,663,Why did we wait so long to install heated floors?
3439,4393,0,5,52,57,1.087719298245614,0.037802263481198896,663,"I’m sorry, did you want a piece of her too?"
3434,4393,0,5,52,57,1.087719298245614,0.037802263481198896,663,You did order the family size
3403,4393,0,5,52,57,1.087719298245614,0.037802263481198896,663,What did you order on this pizza anyway!
3492,4393,0,5,52,57,1.087719298245614,0.037802263481198896,663,"I'm Chandler, and this is Paige. You ordered a white pizza?"
3540,4393,1,3,53,57,1.087719298245614,0.04533847748151766,663,This is not what I meant when I asked for dinner for two.
3599,4393,0,5,52,57,1.087719298245614,0.037802263481198896,663,"I guess when you’re small, eating off the floor really is okay."
3545,4393,0,5,52,57,1.087719298245614,0.037802263481198896,663,"Honey, I asked for pepperoni, not people-roni."
3387,4393,0,5,52,57,1.087719298245614,0.037802263481198896,663,We've heard your toppings are smashing!
3819,4393,1,3,53,57,1.087719298245614,0.04533847748151766,663,Would you care to join us for dinner?
3816,4393,0,5,52,57,1.087719298245614,0.037802263481198896,663,"Excuse the grease, we weren't expecting company."
3814,4393,1,3,53,57,1.087719298245614,0.04533847748151766,663,"Hey! We are trying to have a conversation here!"""
3813,4393,0,5,52,57,1.087719298245614,0.037802263481198896,663,You ordered two small Margheritas. That's us. They threw the pizza in.
3808,4393,0,5,52,57,1.087719298245614,0.037802263481198896,663,"Hi, we come free with the cannabis pizza."
3784,4393,0,5,52,57,1.087719298245614,0.037802263481198896,663,You get this with every New York style Pizza for Dine in's.
3780,4393,0,5,52,57,1.087719298245614,0.037802263481198896,663,"All the boxes say the best pizza, it's the ambiance inside that sets them apart"
5092,4393,0,5,52,57,1.087719298245614,0.037802263481198896,663,That's strange — I ordered a thick crust.
3828,4393,0,5,52,57,1.087719298245614,0.037802263481198896,663,Look up!
3776,4393,0,5,52,57,1.087719298245614,0.037802263481198896,663,"Hi, we're the Anchovies,  I'm Amanda and he's Paul."
3720,4393,1,3,53,57,1.087719298245614,0.04533847748151766,663,What?  You expected anchovies?
3704,4393,0,5,52,57,1.087719298245614,0.037802263481198896,663,"Oh great, a slice of life."
3693,4393,0,5,52,57,1.087719298245614,0.037802263481198896,663,I would like another Cabernet please
3680,4393,0,5,52,57,1.087719298245614,0.037802263481198896,663,"Excuse me, your are interrupting our anniversary dinner!"
3650,4393,0,5,52,57,1.087719298245614,0.037802263481198896,663,"Well, you all kept asking what this little table was for."
3633,4393,1,3,53,57,1.087719298245614,0.04533847748151766,663,You got any chicken? Beef? Sausage? We love it all.
3574,4393,0,5,52,57,1.087719298245614,0.037802263481198896,663,"Surprise, This is the Hut’s new Perfect Pair combo.   Cheese and sausage is so yesterday."
3568,4393,1,3,53,57,1.087719298245614,0.04533847748151766,663,What did we ever find to talk about?
3552,4393,0,5,52,57,1.087719298245614,0.037802263481198896,663,You ordered extra cheese?  We’re the Romanos.
3752,4393,1,3,53,57,1.087719298245614,0.04533847748151766,663,We're the extra cheese.
3385,4393,0,5,52,57,1.087719298245614,0.037802263481198896,663,Did someone order a slice of life?
3013,4393,0,5,52,57,1.087719298245614,0.037802263481198896,663,The crust was way too thick.
3381,4393,1,3,53,57,1.087719298245614,0.04533847748151766,663,We were told that this is a perfect spot for us!!
2895,4393,0,5,52,57,1.087719298245614,0.037802263481198896,663,The rent in the soda can went up
2883,4393,0,5,52,57,1.087719298245614,0.037802263481198896,663,"We're the 'Surprise Inside' - Say ""Cheese!"""
2862,4393,0,5,52,57,1.087719298245614,0.037802263481198896,663,You've got a lot of crust ruining our perfect evening!
2855,4393,0,5,52,57,1.087719298245614,0.037802263481198896,663,Okay. We will be on the lookout for little Russian spies who could be hiding anywhere.
2836,4393,0,5,52,57,1.087719298245614,0.037802263481198896,663,"We chose the ""Anniversary Small"". There will be plenty left."
2781,4393,0,5,52,57,1.087719298245614,0.037802263481198896,663,I ordered the in house pizza.  I didn’t mean it literally.
2771,4393,0,5,52,57,1.087719298245614,0.037802263481198896,663,Will you be serving green beans tonight?
2769,4393,0,5,52,57,1.087719298245614,0.037802263481198896,663,I told you the waiter gypped us with this table.
2751,4393,0,5,52,57,1.087719298245614,0.037802263481198896,663,Did you win the zombie lottery or what? Close the frigging lid!
2912,4393,0,5,52,57,1.087719298245614,0.037802263481198896,663,I thought we ordered double pepperoni.
2731,4393,0,5,52,57,1.087719298245614,0.037802263481198896,663,"We need some teeny tiny Parmesan, red pepper flakes and oregano."
2721,4393,0,5,52,57,1.087719298245614,0.037802263481198896,663,Pepperoni’s changed.
2702,4393,0,5,52,57,1.087719298245614,0.037802263481198896,663,"Well,that's the last time I ask for ""home delivery"" from that trendy new pizza parlor."
2681,4393,0,5,52,57,1.087719298245614,0.037802263481198896,663,Our vegan gluten free pizza comes with two little people that will pretend to care about your food issues.
2619,4393,0,5,52,57,1.087719298245614,0.037802263481198896,663,"We asked for a window, instead we got a pizza box in the land of giants!"
2676,4393,0,5,52,57,1.087719298245614,0.037802263481198896,663,Are you down with the sharing economy?
2655,4393,0,5,52,57,1.087719298245614,0.037802263481198896,663,I said extra cheese...not extra P’s
2650,4393,1,3,53,57,1.087719298245614,0.04533847748151766,663,She’s Pepper and I’m Tony.
2627,4393,0,5,52,57,1.087719298245614,0.037802263481198896,663,"You did ask for a shrimp topping, didn't you?"
3831,4393,0,5,52,57,1.087719298245614,0.037802263481198896,663,I told you not to order pizza from Tom Thumb.
2723,4393,0,5,52,57,1.087719298245614,0.037802263481198896,663,I don’t remember ordering lilliputs with wine on my pizza.
3383,4393,2,1,54,57,1.087719298245614,0.051789419347799064,663,They make nice pets and they're easy to feed.
2964,4393,0,5,52,57,1.087719298245614,0.037802263481198896,663,"This is crazy, Joe, but it's still more believable than Pizzagate."
3039,4393,0,5,52,57,1.087719298245614,0.037802263481198896,663,It's very hard to get a table these days.
3334,4393,1,3,53,57,1.087719298245614,0.04533847748151766,663,Do you mind!  It’s our fantasy date night.
3320,4393,0,5,52,57,1.087719298245614,0.037802263481198896,663,SMALL PIZZA not small people
3317,4393,0,5,52,57,1.087719298245614,0.037802263481198896,663,My tummy hurts....
3309,4393,0,5,52,57,1.087719298245614,0.037802263481198896,663,The little ones ate our pizza again.
3269,4393,0,5,52,57,1.087719298245614,0.037802263481198896,663,"Well, you see, it's like this..."
3256,4393,0,5,52,57,1.087719298245614,0.037802263481198896,663,«We got something on our plate here. Could you give us some closeness please?»
3255,4393,1,3,53,57,1.087719298245614,0.04533847748151766,663,We were given three wishes. I was hungry. Alladin now uses autocorrect!
3252,4393,0,5,52,57,1.087719298245614,0.037802263481198896,663,Which one of you ordered the small-sized slice-of-life?
3243,4393,0,5,52,57,1.087719298245614,0.037802263481198896,663,I swear I ordered the couple with pineapple and not Chianti.
3021,4393,0,5,52,57,1.087719298245614,0.037802263481198896,663,So much for this being a little out-of-the-way Italian place.
3235,4393,0,5,52,57,1.087719298245614,0.037802263481198896,663,Didn't you tell them no cheese honey?
3213,4393,0,5,52,57,1.087719298245614,0.037802263481198896,663,We've already eaten it.
3208,4393,0,5,52,57,1.087719298245614,0.037802263481198896,663,"We’d each like a small slice, thanks."
3206,4393,1,3,53,57,1.087719298245614,0.04533847748151766,663,Can we have some privacy please!? This is why I don't like mom and pop pizza restaurants!
3198,4393,0,5,52,57,1.087719298245614,0.037802263481198896,663,"Honey, I shrunk our guests.
But they have wine."
3188,4393,0,5,52,57,1.087719298245614,0.037802263481198896,663,Do you want one or two slices of romance?
3115,4393,0,5,52,57,1.087719298245614,0.037802263481198896,663,The parlor decided to do a bit of downsizing
3072,4393,0,5,52,57,1.087719298245614,0.037802263481198896,663,"During our courtship, all we needed was wine, thou and the enchanting strapless dress."
3069,4393,0,5,52,57,1.087719298245614,0.037802263481198896,663,"I meant to order meat lovers pizza with extra cheese, this is an extra cheesy meet cute pizza"
3041,4393,0,5,52,57,1.087719298245614,0.037802263481198896,663,We find that the in-box dining provides a much more sensory-stimulating experience.
3230,4393,0,5,52,57,1.087719298245614,0.037802263481198896,663,We must have ordered a large people pizza instead of pepperoni
3839,4393,0,5,52,57,1.087719298245614,0.037802263481198896,663,"I told them I wanted a slice, not a slice of life"
5034,4393,0,5,52,57,1.087719298245614,0.037802263481198896,663,Do you guys deliver
3868,4393,1,3,53,57,1.087719298245614,0.04533847748151766,663,Is this what they mean by family size?
4662,4393,0,5,52,57,1.087719298245614,0.037802263481198896,663,"Cheesy bistro, I know, but we’d still like some privacy."
4656,4393,0,5,52,57,1.087719298245614,0.037802263481198896,663,"Hey, we are leprechauns! Can’t you just let us eat?"
4646,4393,1,3,53,57,1.087719298245614,0.04533847748151766,663,This isn't what I had in mind when it said Ready-Made pizza.
4633,4393,0,5,52,57,1.087719298245614,0.037802263481198896,663,You try finding a different table that comes in xxxxxsmall!
4616,4393,0,5,52,57,1.087719298245614,0.037802263481198896,663,You can have the crust.
4614,4393,1,3,53,57,1.087719298245614,0.04533847748151766,663,That's a SPICY meat-a-ball!
4593,4393,0,5,52,57,1.087719298245614,0.037802263481198896,663,We prefer to eat takeout.
4586,4393,1,3,53,57,1.087719298245614,0.04533847748151766,663,"You ordered two small pizzas, right? Well, our last name is Pizza."
4578,4393,0,5,52,57,1.087719298245614,0.037802263481198896,663,"Our waiter said this was our table, not “that little plastic thing....”"
4680,4393,0,5,52,57,1.087719298245614,0.037802263481198896,663,"For the third time, we're not the D'Giornos, we're the D'Angelo's."
4576,4393,0,5,52,57,1.087719298245614,0.037802263481198896,663,We often patronize local pop-up establishments.
4567,4393,1,3,53,57,1.087719298245614,0.04533847748151766,663,"Excuse me, this suppose to be a personal pizza!"
4555,4393,1,3,53,57,1.087719298245614,0.04533847748151766,663,Do you mind? We’re having a miniature moment.
4536,4393,0,5,52,57,1.087719298245614,0.037802263481198896,663,How much longer for our pizzas to be ready?
4530,4393,1,3,53,57,1.087719298245614,0.04533847748151766,663,"Napo-lease close the box, we eatin' here!"
4525,4393,0,5,52,57,1.087719298245614,0.037802263481198896,663,Take another look at the fine print on those Suburban Surprise toppings.
4504,4393,1,3,53,57,1.087719298245614,0.04533847748151766,663,"Uh, excuse me....this is Little Italy. Where are the drippy candles? And no checkered table cloth?"
4484,4393,1,3,53,57,1.087719298245614,0.04533847748151766,663,"Sorry, they were out of pepperoni. Would you care for a tiny glass of wine?"""
4483,4393,1,3,53,57,1.087719298245614,0.04533847748151766,663,We both got martinis. What did you order?
4482,4393,0,5,52,57,1.087719298245614,0.037802263481198896,663,"Honey,I told you: ""NOT the family-size one!"""
4571,4393,1,3,53,57,1.087719298245614,0.04533847748151766,663,"I am Little Caesar, and this is MY pizza! go away!"
4480,4393,0,5,52,57,1.087719298245614,0.037802263481198896,663,Did you order a slice of life?
4709,4393,0,5,52,57,1.087719298245614,0.037802263481198896,663,Lil' Putian's has gotten kind of stingy with the toppings lately.
4752,4393,0,5,52,57,1.087719298245614,0.037802263481198896,663,Were you expecting pepperoni?
2605,4393,0,5,52,57,1.087719298245614,0.037802263481198896,663,Is this the first time you have ordered the deluxe pizza?
5084,4393,1,3,53,57,1.087719298245614,0.04533847748151766,663,Who’s the large Meat Lover?
5080,4393,0,5,52,57,1.087719298245614,0.037802263481198896,663,"Welcome to pizza a la date night, gluten free."
5070,4393,0,5,52,57,1.087719298245614,0.037802263481198896,663,"Hey four-eyes, how about a little extra large privacy?"
5049,4393,0,5,52,57,1.087719298245614,0.037802263481198896,663,I thought you said “no drama”.
5027,4393,0,5,52,57,1.087719298245614,0.037802263481198896,663,"All these big guys coming in, wanting a slice - it's really gentrifying 'Little' Italy."
5016,4393,0,5,52,57,1.087719298245614,0.037802263481198896,663,"Garcon, your finest petite sirah!"
5014,4393,0,5,52,57,1.087719298245614,0.037802263481198896,663,"Long story short, boys . . .  Wolcome home"
5006,4393,0,5,52,57,1.087719298245614,0.037802263481198896,663,"I told my wife to think outside of the box, but we just came over."
4745,4393,1,3,53,57,1.087719298245614,0.04533847748151766,663,We didn't expect any of you giants to interrupt our dinner. We'd appreciate if you'd give us some privacy.
4996,4393,1,3,53,57,1.087719298245614,0.04533847748151766,663,I suppose when you asked me out for pizza we would be the ones eating it?
4988,4393,0,5,52,57,1.087719298245614,0.037802263481198896,663,"Don’t pay him any mind, honey. He’s just the ghost of pizzas passed.We’ll skip the hot’n’spicy next time."
4983,4393,0,5,52,57,1.087719298245614,0.037802263481198896,663,I thought we ordered the vege special?
4970,4393,0,5,52,57,1.087719298245614,0.037802263481198896,663,Their heads keep the pizza box top from spilling the wine.
4950,4393,0,5,52,57,1.087719298245614,0.037802263481198896,663,When we ordered 'take out' we weren't expecting this!
4915,4393,2,1,54,57,1.087719298245614,0.051789419347799064,663,I thought that we ordered the Family Size
4837,4393,1,3,53,57,1.087719298245614,0.04533847748151766,663,We're really into small plates.
4812,4393,1,3,53,57,1.087719298245614,0.04533847748151766,663,So It's Manhattan.
4764,4393,0,5,52,57,1.087719298245614,0.037802263481198896,663,"Sorry, we got forgot about the 30 minute time limit."
4754,4393,0,5,52,57,1.087719298245614,0.037802263481198896,663,"Well, excuse me, but we ordered 'to go.'"
4994,4393,0,5,52,57,1.087719298245614,0.037802263481198896,663,"An old-fashioned topping, Jack in the Box!"
3865,4393,0,5,52,57,1.087719298245614,0.037802263481198896,663,"You didn't know what pizza lilliputiana was, did you?"
4462,4393,1,3,53,57,1.087719298245614,0.04533847748151766,663,"Before you ask, yes we ate your pepperoni. It paired well with the wine."
4438,4393,1,3,53,57,1.087719298245614,0.04533847748151766,663,"Next time, no pineapple and no dates! Come sempre."
4119,4393,0,5,52,57,1.087719298245614,0.037802263481198896,663,"When they said, one with the lot, they weren’t kidding!"
4105,4393,0,5,52,57,1.087719298245614,0.037802263481198896,663,Take out anyone?
4077,4393,0,5,52,57,1.087719298245614,0.037802263481198896,663,"Don't act like YOU haven't thought of it, big guy."
4075,4393,0,5,52,57,1.087719298245614,0.037802263481198896,663,I hate feeling rushed at a restaurant.
4073,4393,0,5,52,57,1.087719298245614,0.037802263481198896,663,"Uh, excuse us. We definitely ordered take out?"
4066,4393,0,5,52,57,1.087719298245614,0.037802263481198896,663,I asked for their smallest portion.
4044,4393,0,5,52,57,1.087719298245614,0.037802263481198896,663,"Next time, order a gluten free crust."
4033,4393,0,5,52,57,1.087719298245614,0.037802263481198896,663,Myrt and Frank: It’s high time you considered the benefits of a liquid lunch!
4030,4393,0,5,52,57,1.087719298245614,0.037802263481198896,663,"Ok, we’ll stick to pepperoni next time..."
4135,4393,0,5,52,57,1.087719298245614,0.037802263481198896,663,"Excuse me, is there a delay to serve the meal?"
4009,4393,0,5,52,57,1.087719298245614,0.037802263481198896,663,Do you mind? We're having a private conversation about surrealism.
3995,4393,0,5,52,57,1.087719298245614,0.037802263481198896,663,You must have ordered pizza con gli umani!
3973,4393,0,5,52,57,1.087719298245614,0.037802263481198896,663,"Gary, I told you I'm going vegan!"
3972,4393,0,5,52,57,1.087719298245614,0.037802263481198896,663,"We need privacy. Just close the box, now!"
3957,4393,0,5,52,57,1.087719298245614,0.037802263481198896,663,"I ordered the big pizza pie, but they must have just given me the amore instead."
3915,4393,0,5,52,57,1.087719298245614,0.037802263481198896,663,"Spin us around and if you land on pizza, you get to join us."
3913,4393,0,5,52,57,1.087719298245614,0.037802263481198896,663,Welcome to the mini-diner takeout sampler.
3911,4393,1,3,53,57,1.087719298245614,0.04533847748151766,663,On that night the Pepperonis carelessly booked a dinner at Dominos.
3875,4393,0,5,52,57,1.087719298245614,0.037802263481198896,663,"But blah, blah blah. We're sorry to open up to you like this! Anyway, what's new with you two?"
3870,4393,0,5,52,57,1.087719298245614,0.037802263481198896,663,Last time we order the ‘people's choice’ topping.
3999,4393,0,5,52,57,1.087719298245614,0.037802263481198896,663,We ordered a small Hawaiian!
4446,4393,0,5,52,57,1.087719298245614,0.037802263481198896,663,I guess we won't have to pack Marsha and Larry a to-go plate.
4143,4393,0,5,52,57,1.087719298245614,0.037802263481198896,663,Please remember to recycle us.
4165,4393,0,5,52,57,1.087719298245614,0.037802263481198896,663,"Reminds me of March 14, 2009, our first date..."
4424,4393,0,5,52,57,1.087719298245614,0.037802263481198896,663,"If you try going out for dinner one night, you'll see for yourselves how hard it is to get a table."
4407,4393,0,5,52,57,1.087719298245614,0.037802263481198896,663,Where else do you think pizzas get their protein from?
4389,4393,0,5,52,57,1.087719298245614,0.037802263481198896,663,This is a lower crust pizza
4311,4393,0,5,52,57,1.087719298245614,0.037802263481198896,663,I thought date night it'd be just us...
4307,4393,0,5,52,57,1.087719298245614,0.037802263481198896,663,"You say pizza,
I say piazza,
Let’s send the order back."
4288,4393,0,5,52,57,1.087719298245614,0.037802263481198896,663,Are they vegan?
4287,4393,1,3,53,57,1.087719298245614,0.04533847748151766,663,"Yes! ""Downsizing""does work,care to join us?"
4271,4393,0,5,52,57,1.087719298245614,0.037802263481198896,663,Sorry it was burnt and we just came along for the ride.
4261,4393,0,5,52,57,1.087719298245614,0.037802263481198896,663,You pray for deliverance and take your chances.
4148,4393,1,3,53,57,1.087719298245614,0.04533847748151766,663,"Next time no pineapple, please"
4258,4393,1,3,53,57,1.087719298245614,0.04533847748151766,663,"Jeff, I asked you to order meat lovers... not vegetarians."
4247,4393,0,5,52,57,1.087719298245614,0.037802263481198896,663,Groupon said it's 'Jack and the Beanstalk with a domestic twist' but I can't help but think it's more 'No Exit with pizza'.
4227,4393,1,3,53,57,1.087719298245614,0.04533847748151766,663,It’s a cauliflower crust!
4220,4393,0,5,52,57,1.087719298245614,0.037802263481198896,663,First come first served.
4202,4393,0,5,52,57,1.087719298245614,0.037802263481198896,663,"Okay,Canibalism,but THIS?"
4200,4393,0,5,52,57,1.087719298245614,0.037802263481198896,663,"You asked for Toppings that top all toppings , didn't you?"
4190,4393,0,5,52,57,1.087719298245614,0.037802263481198896,663,"You did order the topping, Shattered Parental Wishes, didn't you?"
4176,4393,0,5,52,57,1.087719298245614,0.037802263481198896,663,I  always thought it was a little mouse table.
4174,4393,0,5,52,57,1.087719298245614,0.037802263481198896,663,"I swear I entered, ""shrimp pizza with lime.""  Who knew it would auto-correct to ""small people with wine."""
4173,4393,0,5,52,57,1.087719298245614,0.037802263481198896,663,"You were looking for a pizza, maybe?"
4252,4393,0,5,52,57,1.087719298245614,0.037802263481198896,663,"Jan and Chris were surprised to see Ray's Pizza new
Lilliputian portions."
2602,4393,0,5,52,57,1.087719298245614,0.037802263481198896,663,These are less palatable than anchovies
1394,4393,1,3,53,57,1.087719298245614,0.04533847748151766,663,We're trying to have an intimate evening so please close the lid.
2596,4393,0,5,52,57,1.087719298245614,0.037802263481198896,663,There's no such thing as free delivery.
710,4393,0,5,52,57,1.087719298245614,0.037802263481198896,663,"Signora, you ordered il real siciliano?"
700,4393,0,5,52,57,1.087719298245614,0.037802263481198896,663,Welcome to Bleecker Street
679,4393,0,5,52,57,1.087719298245614,0.037802263481198896,663,When they said box seats we didn't think they meant this!
671,4393,0,5,52,57,1.087719298245614,0.037802263481198896,663,We're the Meat Lovers.
670,4393,0,5,52,57,1.087719298245614,0.037802263481198896,663,"So haven't you ever seen a pizza saver before? Now if you don't mind, please close the lid, and we'll let you know when we're done."
638,4393,0,5,52,57,1.087719298245614,0.037802263481198896,663,Do you prefer stud or Teaxas hold-‘em?
633,4393,0,5,52,57,1.087719298245614,0.037802263481198896,663,There’s my other two chairs.
623,4393,1,3,53,57,1.087719298245614,0.04533847748151766,663,They looked bigger in the Yelp pictures.
619,4393,0,5,52,57,1.087719298245614,0.037802263481198896,663,I guess they started leaving in the bones in the meat lover's pizza.
608,4393,0,5,52,57,1.087719298245614,0.037802263481198896,663,"I know, we looked better in the picture."
607,4393,0,5,52,57,1.087719298245614,0.037802263481198896,663,We are the topping on the extra-cheesy order.
582,4393,0,5,52,57,1.087719298245614,0.037802263481198896,663,Anything but anchovies.
580,4393,0,5,52,57,1.087719298245614,0.037802263481198896,663,Whip us up a small za? The five-second rule no longer applies when you're eating the actual floor.
569,4393,0,5,52,57,1.087719298245614,0.037802263481198896,663,"We'll take some Parmesan. And two small umbrellas, please."
564,4393,0,5,52,57,1.087719298245614,0.037802263481198896,663,'It's Papa John's new management's plan to reconnect .'
562,4393,0,5,52,57,1.087719298245614,0.037802263481198896,663,You forgot dessert.
561,4393,0,5,52,57,1.087719298245614,0.037802263481198896,663,"I've got your none pizza with left beef right here, asshole!"
558,4393,2,1,54,57,1.087719298245614,0.051789419347799064,663,I knew it!!!
531,4393,0,5,52,57,1.087719298245614,0.037802263481198896,663,At least they won't run up much of a wine bill.
717,4393,0,5,52,57,1.087719298245614,0.037802263481198896,663,"Honey, I think it's John Schnatter and his wife looking for stockholder votes."
736,4393,0,5,52,57,1.087719298245614,0.037802263481198896,663,We recommend the Pinot Noir to cut the grease.
843,4393,1,3,53,57,1.087719298245614,0.04533847748151766,663,"You ordered shrimp pizza, sicko..."
879,4393,0,5,52,57,1.087719298245614,0.037802263481198896,663,Eating in tonight?
1214,4393,0,5,52,57,1.087719298245614,0.037802263481198896,663,We come in pizza.
1158,4393,0,5,52,57,1.087719298245614,0.037802263481198896,663,The GPS stoped working.
1151,4393,0,5,52,57,1.087719298245614,0.037802263481198896,663,"A meat-lovers?  We ordered a Margherita to go... well, this is awkward."
1124,4393,1,3,53,57,1.087719298245614,0.04533847748151766,663,"Thank you! We had to hide under the table when the box was closed, which is no way to enjoy dinner."
1115,4393,0,5,52,57,1.087719298245614,0.037802263481198896,663,"Could you please close the box, fella! We were just enjoying our seclusion with extra cheese."
1098,4393,0,5,52,57,1.087719298245614,0.037802263481198896,663,Excuuuuuse meeeee.
1081,4393,0,5,52,57,1.087719298245614,0.037802263481198896,663,This is what our date nights have  turned into!
1074,4393,0,5,52,57,1.087719298245614,0.037802263481198896,663,I could’ve sworn I ordered a large.
1073,4393,1,3,53,57,1.087719298245614,0.04533847748151766,663,I must have accidentally ordered a personals pie.
526,4393,1,3,53,57,1.087719298245614,0.04533847748151766,663,So this is the new meat lovers pizza...
1044,4393,0,5,52,57,1.087719298245614,0.037802263481198896,663,Do not close the box.
1031,4393,0,5,52,57,1.087719298245614,0.037802263481198896,663,"After pineapple, it was inevitable."
996,4393,0,5,52,57,1.087719298245614,0.037802263481198896,663,We took the pill that made us small.
980,4393,0,5,52,57,1.087719298245614,0.037802263481198896,663,"You ordered Pepper ‘n Ronnie, right?"
954,4393,0,5,52,57,1.087719298245614,0.037802263481198896,663,And we thought board games were old hat.
914,4393,0,5,52,57,1.087719298245614,0.037802263481198896,663,It's intimate but too close to the kitchen.
906,4393,0,5,52,57,1.087719298245614,0.037802263481198896,663,I just lost my appetite.
901,4393,0,5,52,57,1.087719298245614,0.037802263481198896,663,Downsizing has some great perks.
894,4393,0,5,52,57,1.087719298245614,0.037802263481198896,663,Ciao! I'm Anthony Anchovy and this is my wife Maria
891,4393,0,5,52,57,1.087719298245614,0.037802263481198896,663,"So that's why it's called ""upscale pizza."""
1039,4393,0,5,52,57,1.087719298245614,0.037802263481198896,663,"That's it, we're going out. You can bet your next wife won't put up with dinner from a cardboard box."
519,4393,0,5,52,57,1.087719298245614,0.037802263481198896,663,"No, we’re the vegetarianS."
496,4393,1,3,53,57,1.087719298245614,0.04533847748151766,663,Hmm I thought we ordered cheese?
482,4393,2,1,54,57,1.087719298245614,0.051789419347799064,663,Here's a true slice of Little Italy.
184,4393,0,5,52,57,1.087719298245614,0.037802263481198896,663,Almost. Just a teeny bit more time.
183,4393,1,3,53,57,1.087719298245614,0.04533847748151766,663,do you mind?! We just sat down to eat!
162,4393,0,5,52,57,1.087719298245614,0.037802263481198896,663,"Sorry, but you should have made a reservation. This is the best little pizzeria in the city, you know."
152,4393,0,5,52,57,1.087719298245614,0.037802263481198896,663,"Well, no anchovies, just like you asked."
151,4393,0,5,52,57,1.087719298245614,0.037802263481198896,663,Quite ordering me.
128,4393,0,5,52,57,1.087719298245614,0.037802263481198896,663,Do you mind? We're trying to have a private conversation about your choice of aardvark as a topping. Burp! We're small.
121,4393,0,5,52,57,1.087719298245614,0.037802263481198896,663,We'll have a pepperoni pizza please.
115,4393,1,3,53,57,1.087719298245614,0.04533847748151766,663,"First,do you have any dogs or cats?"
103,4393,0,5,52,57,1.087719298245614,0.037802263481198896,663,This isn't the table with a view that we asked for.
191,4393,0,5,52,57,1.087719298245614,0.037802263481198896,663,"It's a pizza that shames you out of eating it. They call it a Midtown Margherita"""
98,4393,0,5,52,57,1.087719298245614,0.037802263481198896,663,Did you order with first dates?  I hate first dates.
92,4393,0,5,52,57,1.087719298245614,0.037802263481198896,663,Is dinner free?  It's been over 30 minutes.
80,4393,1,3,53,57,1.087719298245614,0.04533847748151766,663,Gulliver said you were all malformed
62,4393,0,5,52,57,1.087719298245614,0.037802263481198896,663,Now I know why you refer to Mario’s as that little Italian place.
53,4393,0,5,52,57,1.087719298245614,0.037802263481198896,663,Apple News+ took out all the cartoons except us. There’s nothing to eat.
51,4393,0,5,52,57,1.087719298245614,0.037802263481198896,663,It’s pizza all the way down.
30,4393,0,5,52,57,1.087719298245614,0.037802263481198896,663,Did you pick up or was it  home delivered?
5,4393,0,5,52,57,1.087719298245614,0.037802263481198896,663,It's okay:  We're not big eaters.
1,4393,0,5,52,57,1.087719298245614,0.037802263481198896,663,Well we did ask for takeaway for two.
2599,4393,0,5,52,57,1.087719298245614,0.037802263481198896,663,We were here in less than 30 minutes so where's our free pizza?
96,4393,0,5,52,57,1.087719298245614,0.037802263481198896,663,Were celebrating our low carb diet is over.
1232,4393,0,5,52,57,1.087719298245614,0.037802263481198896,663,We'd offer to share but the portions here are really small.
203,4393,0,5,52,57,1.087719298245614,0.037802263481198896,663,"I wanted the meat-lovers, not the meet-lovers."
268,4393,0,5,52,57,1.087719298245614,0.037802263481198896,663,"We wanted anchovies, but we'll take it plain."
456,4393,0,5,52,57,1.087719298245614,0.037802263481198896,663,"This is the Tiny Diners Special, not the Tony's Dinner Special!"
433,4393,0,5,52,57,1.087719298245614,0.037802263481198896,663,"Meh, better than anchovies..."
418,4393,0,5,52,57,1.087719298245614,0.037802263481198896,663,"Dude, you are ruining the ambiance."
417,4393,0,5,52,57,1.087719298245614,0.037802263481198896,663,What did you expect ? Anchovies?
412,4393,0,5,52,57,1.087719298245614,0.037802263481198896,663,"Yes, it was romantic - until someone turned on all the lights!"
401,4393,0,5,52,57,1.087719298245614,0.037802263481198896,663,Hey! Our pizza's been stepped on!
399,4393,0,5,52,57,1.087719298245614,0.037802263481198896,663,Please don't tell us we're take-and-bake!
374,4393,0,5,52,57,1.087719298245614,0.037802263481198896,663,"Dudes, anchovies ruin our shoes, okay?"
365,4393,0,5,52,57,1.087719298245614,0.037802263481198896,663,"Better Ingredients. Better People. Papa's John's."""
242,4393,0,5,52,57,1.087719298245614,0.037802263481198896,663,its like horton hears a who
363,4393,0,5,52,57,1.087719298245614,0.037802263481198896,663,"Oh, you were probably trying to order Little Caesar's Pizza. We're Little Cis-hets Pizza."
328,4393,0,5,52,57,1.087719298245614,0.037802263481198896,663,"No, I ordered it with a couple OF OLIVES."
316,4393,0,5,52,57,1.087719298245614,0.037802263481198896,663,"With such nosy neighbors, our parents’ generation had it better, not worse, even if they did grow up in shoe boxes."
306,4393,0,5,52,57,1.087719298245614,0.037802263481198896,663,Excuse me! This is a real neighborhood with real people! Stop staring at us!
304,4393,0,5,52,57,1.087719298245614,0.037802263481198896,663,"Well, actually my name is Salami and his is Pepperoni."
298,4393,1,3,53,57,1.087719298245614,0.04533847748151766,663,We pooed on ur pizza haha gottem
293,4393,0,5,52,57,1.087719298245614,0.037802263481198896,663,"Dangit, I ordered a family outing not a date night!"
283,4393,0,5,52,57,1.087719298245614,0.037802263481198896,663,I said no mushrooms!
274,4393,1,3,53,57,1.087719298245614,0.04533847748151766,663,"Harold, you son of a bitch!"
272,4393,0,5,52,57,1.087719298245614,0.037802263481198896,663,Can you help us find our Faberge Egg?
360,4393,0,5,52,57,1.087719298245614,0.037802263481198896,663,This Gives A Whole New Meaning To The Phrase 'New York Style Pizza'.
1234,4393,0,5,52,57,1.087719298245614,0.037802263481198896,663,"Oh, hot peppers. Our bad."
785,4393,0,5,52,57,1.087719298245614,0.037802263481198896,663,Would you mind putting those plates away? You're killing the mood.
1243,4393,0,5,52,57,1.087719298245614,0.037802263481198896,663,You must have ordered a Piazza Pie.
2223,4393,0,5,52,57,1.087719298245614,0.037802263481198896,663,"Could you bring us a little side salad, please?"
2213,4393,0,5,52,57,1.087719298245614,0.037802263481198896,663,We were just talking about the drawbacks of the keto diet.
2196,4393,0,5,52,57,1.087719298245614,0.037802263481198896,663,"'Honey, can you stop ordering out of the box?'"
2133,4393,0,5,52,57,1.087719298245614,0.037802263481198896,663,When you said
2130,4393,0,5,52,57,1.087719298245614,0.037802263481198896,663,You want a pizza this?
2125,4393,0,5,52,57,1.087719298245614,0.037802263481198896,663,"I'm the vegetarian half."""
2121,4393,0,5,52,57,1.087719298245614,0.037802263481198896,663,Could you not garlic next time?
2101,4393,1,3,53,57,1.087719298245614,0.04533847748151766,663,I thought YOU were fat.
2098,4393,0,5,52,57,1.087719298245614,0.037802263481198896,663,"You see, I didn't call you crazy - I said, ""You, should see us shrink."""
2236,4393,0,5,52,57,1.087719298245614,0.037802263481198896,663,The little people get pizza AND dessert.
2064,4393,0,5,52,57,1.087719298245614,0.037802263481198896,663,Did you order the shrimp?
2056,4393,0,5,52,57,1.087719298245614,0.037802263481198896,663,"What do you mean you thought it was to keep your pizza from getting squished? There's no pizza, and furthermore, we'd appreciate your putting the roof back down over our table!"
2055,4393,0,5,52,57,1.087719298245614,0.037802263481198896,663,"When I ordered “everything on it”, I didn’t mean “anything on it”."
2050,4393,0,5,52,57,1.087719298245614,0.037802263481198896,663,I thought we ordered the family size pizza!
2042,4393,0,5,52,57,1.087719298245614,0.037802263481198896,663,Please close the door. We're having dessert.
2041,4393,2,1,54,57,1.087719298245614,0.051789419347799064,663,"Oh, hi.  Sorry about the pizza. Would you care to join us?"
2037,4393,0,5,52,57,1.087719298245614,0.037802263481198896,663,This wine you recommended is terrible.
2021,4393,1,3,53,57,1.087719298245614,0.04533847748151766,663,Well now! Would YOU like it if somebody ordered your home off a menu? And ate it? Eh? EH?!
2019,4393,1,3,53,57,1.087719298245614,0.04533847748151766,663,They’ll put anything on pizza these days.
2001,4393,0,5,52,57,1.087719298245614,0.037802263481198896,663,Some friends told us the pizza is great and the portions are ginormous
2061,4393,0,5,52,57,1.087719298245614,0.037802263481198896,663,Warning: Hunan traffickers are becoming more desperate and creative.
1994,4393,0,5,52,57,1.087719298245614,0.037802263481198896,663,A rather big surprise.
2246,4393,1,3,53,57,1.087719298245614,0.04533847748151766,663,"It's a loaner until our dining room set arrives."""
2264,4393,0,5,52,57,1.087719298245614,0.037802263481198896,663,"So i'm a little confused, are we going to have dinner, or are we THE dinner."
2548,4393,0,5,52,57,1.087719298245614,0.037802263481198896,663,Too transparent with the wedding planner?!
2543,4393,1,3,53,57,1.087719298245614,0.04533847748151766,663,"Fee-fi-fo-fum, we ate the pizza of the giant ones!!"
2528,4393,0,5,52,57,1.087719298245614,0.037802263481198896,663,We don’t care whether you’re Fifie and Foefum. We reserved this table .
2525,4393,0,5,52,57,1.087719298245614,0.037802263481198896,663,"No, your kids can't have our table."
2512,4393,0,5,52,57,1.087719298245614,0.037802263481198896,663,wE'RE THE pIZZARELLIS - WHO ARE YOU?
2510,4393,0,5,52,57,1.087719298245614,0.037802263481198896,663,"Could you please bring a bottle of cabernet sauvignon, reduced?"
2502,4393,0,5,52,57,1.087719298245614,0.037802263481198896,663,I love the pizza but not sure whether its a white or red wine
2465,4393,1,3,53,57,1.087719298245614,0.04533847748151766,663,Great merchandising! Nothing makes people hungrier than seeing others eat...
2451,4393,1,3,53,57,1.087719298245614,0.04533847748151766,663,DIDN'T WE ORDER PIZZA?
1240,4393,0,5,52,57,1.087719298245614,0.037802263481198896,663,You were expecting Game of  Thrones?
2416,4393,0,5,52,57,1.087719298245614,0.037802263481198896,663,The anchovies are dressed up
2397,4393,0,5,52,57,1.087719298245614,0.037802263481198896,663,"It’s pizzas all the way down, I’m afraid."
2368,4393,1,3,53,57,1.087719298245614,0.04533847748151766,663,Since when did making a regular cheese pizza become so difficult?
2364,4393,0,5,52,57,1.087719298245614,0.037802263481198896,663,Didn't you say no spice?
2346,4393,0,5,52,57,1.087719298245614,0.037802263481198896,663,New Toppings!
2303,4393,0,5,52,57,1.087719298245614,0.037802263481198896,663,"We started in on a large with the ""eat me"" mushroom topping and then ...whoosh."
2300,4393,0,5,52,57,1.087719298245614,0.037802263481198896,663,"Close the box, it's a private dinner."
2279,4393,0,5,52,57,1.087719298245614,0.037802263481198896,663,Put plastic on the furniture.
2276,4393,0,5,52,57,1.087719298245614,0.037802263481198896,663,You think they'll notice if we quickly grab a slice?
2274,4393,0,5,52,57,1.087719298245614,0.037802263481198896,663,"""She'll be ordering from the gluten free menu."""
2398,4393,0,5,52,57,1.087719298245614,0.037802263481198896,663,What did you expect from Mystic Pizza?
1989,4393,1,3,53,57,1.087719298245614,0.04533847748151766,663,Hello. We are Dr. and Mr. Anchovies.
2255,4393,0,5,52,57,1.087719298245614,0.037802263481198896,663,"How did we get here?!?  You're kidding, right?  We were just sitting down together for a quiet drink.  Next thing you know .........."
1956,4393,0,5,52,57,1.087719298245614,0.037802263481198896,663,"It's my dinner, not yours."
1552,4393,0,5,52,57,1.087719298245614,0.037802263481198896,663,"I told you guys, when the sock’s tied on the door handle, that means private time!"
1551,4393,0,5,52,57,1.087719298245614,0.037802263481198896,663,When you buy out the whole restaurant.
1549,4393,0,5,52,57,1.087719298245614,0.037802263481198896,663,We don't do compost.
1544,4393,0,5,52,57,1.087719298245614,0.037802263481198896,663,How much does this table cost? Can you give us an estimate at the very least? And could we have some more wine to go?
1539,4393,1,3,53,57,1.087719298245614,0.04533847748151766,663,We'd like to place an order to go!
1535,4393,0,5,52,57,1.087719298245614,0.037802263481198896,663,"We're from Quality Control, making sure nothing sticks to the top!"
1530,4393,0,5,52,57,1.087719298245614,0.037802263481198896,663,"No, I don't think my pickup lines are cheesy?"
1511,4393,0,5,52,57,1.087719298245614,0.037802263481198896,663,"We ordered a large with sausage and mushrooms, not the Lilliputian"
1491,4393,1,3,53,57,1.087719298245614,0.04533847748151766,663,Did you not see the Do Not Disturb sign?
1488,4393,1,3,53,57,1.087719298245614,0.04533847748151766,663,"close the box, Senor Wences!"
1422,4393,0,5,52,57,1.087719298245614,0.037802263481198896,663,They thought you ordered the Smalls AND pizza.
1379,4393,1,3,53,57,1.087719298245614,0.04533847748151766,663,"New York-style, huh?  Okay, beat it!"
1340,4393,1,3,53,57,1.087719298245614,0.04533847748151766,663,"The owner was insisting on charging us full price, so we had to think fast."
1335,4393,0,5,52,57,1.087719298245614,0.037802263481198896,663,They say they're the ghosts of date nights past.
1302,4393,1,3,53,57,1.087719298245614,0.04533847748151766,663,We ask for out dinner to go.
1294,4393,0,5,52,57,1.087719298245614,0.037802263481198896,663,"Sorry, you missed last orders"
1287,4393,1,3,53,57,1.087719298245614,0.04533847748151766,663,I'm afraid you'll have to bring your own wine.
1258,4393,0,5,52,57,1.087719298245614,0.037802263481198896,663,"Um...yeah, the restaurant was full so we ordered the ‘Pizza-Saver’ for two”"
1247,4393,0,5,52,57,1.087719298245614,0.037802263481198896,663,"Hi, this here is Basil and I'm Fungi!  Thank you for ordering the large herb and mushroom pizza through Uber Eats.  Unfortunately, they seeeem to have forgotten your garlic knots."
1555,4393,0,5,52,57,1.087719298245614,0.037802263481198896,663,"Oh, hello Missus ‘You-Gotta-Watch-What-You-Wish-For!’"
1561,4393,0,5,52,57,1.087719298245614,0.037802263481198896,663,"Having regularly outsmarted the giant, Jack takes his Tinder date up the beanstalk."
1244,4393,0,5,52,57,1.087719298245614,0.037802263481198896,663,How about we discuss this after the anchovy course?
1584,4393,0,5,52,57,1.087719298245614,0.037802263481198896,663,You want Little Caesar's meatballs and Little Bella's garlic hair knots? Fuhggeddaboudit!
1953,4393,0,5,52,57,1.087719298245614,0.037802263481198896,663,Didn't you read the label?  This pizza comes with poached eggs on top.
1946,4393,0,5,52,57,1.087719298245614,0.037802263481198896,663,"You ordered pizza in the round, didn't you?"
1916,4393,0,5,52,57,1.087719298245614,0.037802263481198896,663,"Hey, I ordered a small Mexican"
1893,4393,0,5,52,57,1.087719298245614,0.037802263481198896,663,Am I seeing things? I bet they put marijuana leaves instead of spinach!
1886,4393,1,3,53,57,1.087719298245614,0.04533847748151766,663,No - we're not instead of the meat balls.
1883,4393,0,5,52,57,1.087719298245614,0.037802263481198896,663,"What, you’ve never heard of Airbnb’s 16 inch Margerita suite before?"
1877,4393,0,5,52,57,1.087719298245614,0.037802263481198896,663,"What's 'a matta you, eh?!"
1853,4393,1,3,53,57,1.087719298245614,0.04533847748151766,663,"We have the same question you do!
Where's the pepperoni?"
1847,4393,0,5,52,57,1.087719298245614,0.037802263481198896,663,WE ASKED FOR FAST SERVICE !
1970,4393,0,5,52,57,1.087719298245614,0.037802263481198896,663,"No, we are NOT the appetizer."
1816,4393,0,5,52,57,1.087719298245614,0.037802263481198896,663,"When a moon hits your eye like a big pizza pie
That's amore
When the world seems to shine like you've had too much wine
That's amore"
1715,4393,1,3,53,57,1.087719298245614,0.04533847748151766,663,Are you gonna take our order? We been sittin' here a half hour!
1695,4393,0,5,52,57,1.087719298245614,0.037802263481198896,663,"We'd like to order a small, with anchovies, and we'll both have another glass of wine."
1688,4393,0,5,52,57,1.087719298245614,0.037802263481198896,663,we asked for 'to go' but this is ridiculous
1667,4393,1,3,53,57,1.087719298245614,0.04533847748151766,663,I think you misunderstood  2-fer
1661,4393,0,5,52,57,1.087719298245614,0.037802263481198896,663,"We once lived high on the hog.  However, nowadays we live on the pizza."
1648,4393,1,3,53,57,1.087719298245614,0.04533847748151766,663,"nope, no beard in here."
1642,4393,1,3,53,57,1.087719298245614,0.04533847748151766,663,"If they scare you, I'll eat them."
1638,4393,0,5,52,57,1.087719298245614,0.037802263481198896,663,"We were ready"", and you weren't"
1634,4393,1,3,53,57,1.087719298245614,0.04533847748151766,663,Oh dear! Has it been 30 minutes already?
1731,4393,2,1,54,57,1.087719298245614,0.051789419347799064,663,We've been waiting for our pizza for over an hour!
3386,4771,0,5,53,58,1.0862068965517242,0.03717555967998436,663,..and they called this pizza “A Couple’s Night Out?!
3994,4771,0,5,53,58,1.0862068965517242,0.03717555967998436,663,I thought you ordered take-out.
2065,4771,0,5,53,58,1.0862068965517242,0.03717555967998436,663,I swear the menu said “Dine in on carry out.”
1334,4774,0,5,54,59,1.0847457627118644,0.03656923485905472,663,We still have four minutes left.
2666,4774,0,5,54,59,1.0847457627118644,0.03656923485905472,663,I suggest you refer to Emily Post.
2917,4776,1,3,59,63,1.0793650793650793,0.04111594449541165,663,"Again, the word is not pronounced ""mushyroom."""
3199,4777,0,4,50,54,1.0740740740740742,0.035973550457676445,663,"Wow, VR pizza works both ways!"
3193,4777,0,4,50,54,1.0740740740740742,0.035973550457676445,663,"Pizza Papa has a whole different spin on “take-out.” Once they’ve run you through the sun-drier with the tomatoes, off you go with the next order."
3232,4777,0,4,50,54,1.0740740740740742,0.035973550457676445,663,Hello. We are your unhappy hour topping.
3373,4777,0,4,50,54,1.0740740740740742,0.035973550457676445,663,Nice to meet you.  We're Anne and Giovese.
3465,4777,0,4,50,54,1.0740740740740742,0.035973550457676445,663,So this is a Datebox?
3610,4777,1,2,51,54,1.0740740740740742,0.044642002106734975,663,This is where they sat us after we ordered an anchovy-pineapple pie.
3678,4777,0,4,50,54,1.0740740740740742,0.035973550457676445,663,It's the restaurant experience without the restaurant.
3120,4777,0,4,50,54,1.0740740740740742,0.035973550457676445,663,"Don't disturb our privacy, she is cute."
4023,4777,0,4,50,54,1.0740740740740742,0.035973550457676445,663,Are those paper plates you’re using?
4334,4777,0,4,50,54,1.0740740740740742,0.035973550457676445,663,I saw a shrink and this happened.
5008,4777,0,4,50,54,1.0740740740740742,0.035973550457676445,663,"I'm sorry, but it was up for grabs."
5036,4777,0,4,50,54,1.0740740740740742,0.035973550457676445,663,It’s not Delivery. It’s De-Lovely!
3616,4777,1,2,51,54,1.0740740740740742,0.044642002106734975,663,"We're waiting to eat, please no pizza"
2900,4777,0,4,50,54,1.0740740740740742,0.035973550457676445,663,"No, they can’t increase the reservation to four.”"
2790,4777,0,4,50,54,1.0740740740740742,0.035973550457676445,663,"Honey, you ordered the Inception pizza?"
709,4777,0,4,50,54,1.0740740740740742,0.035973550457676445,663,"Forget the rising dough crust, just give us the flatbread."
14,4777,0,4,50,54,1.0740740740740742,0.035973550457676445,663,When we ordered a meal for two we didn't expect this!
145,4777,0,4,50,54,1.0740740740740742,0.035973550457676445,663,Hurry up! The wine has an expiration date
163,4777,1,2,51,54,1.0740740740740742,0.044642002106734975,663,"We're food tasters and come with your meal."""
614,4777,0,4,50,54,1.0740740740740742,0.035973550457676445,663,"I ordered ""pickles"" not ""Rickles."""
2506,4777,1,2,51,54,1.0740740740740742,0.044642002106734975,663,"Waiter, we requested a pizza table in the corner."
1139,4777,0,4,50,54,1.0740740740740742,0.035973550457676445,663,Hell no! We are not Lilliputian! YOU are Brobdingnagian!  WE are literally at the center of this scene! You really need to take ontological relativity into account!
1512,4777,0,4,50,54,1.0740740740740742,0.035973550457676445,663,"Your Scientist dad will revive you to normal size 
once flown to London"""
1866,4777,1,2,51,54,1.0740740740740742,0.044642002106734975,663,"Not to be impolite, but we asked first!"
1905,4777,1,2,51,54,1.0740740740740742,0.044642002106734975,663,"Cheer up Grumpy? ""It's Home from Work We Go"""
1962,4777,0,4,50,54,1.0740740740740742,0.035973550457676445,663,"Hey, find your own Piazza!"
2047,4777,0,4,50,54,1.0740740740740742,0.035973550457676445,663,Toss the box. There is no more pizza. No need to be dramatic.
2289,4777,0,4,50,54,1.0740740740740742,0.035973550457676445,663,"We called for delivery, now what I meant!"
2456,4777,0,4,50,54,1.0740740740740742,0.035973550457676445,663,You order deluxe but the wine's just a Beaujolais!
1788,4777,0,4,50,54,1.0740740740740742,0.035973550457676445,663,Did you forget the olives again?
3563,4807,1,2,52,55,1.0727272727272728,0.04384350386709234,663,Italian Restaurants always give you too much food
3526,4807,0,4,51,55,1.0727272727272728,0.03533910239300183,663,So what did you two think about Episode five of Season eight?
3412,4807,0,4,51,55,1.0727272727272728,0.03533910239300183,663,"Yes, we are the Lilliputians topping that you ordered; it's the newfangled protein option."
3477,4807,0,4,51,55,1.0727272727272728,0.03533910239300183,663,"If you must know, we’re disrupting the entire pizza sector."
3482,4807,1,2,52,55,1.0727272727272728,0.04384350386709234,663,They can loiter all they want but i'm still ordering dessert
4035,4807,0,4,51,55,1.0727272727272728,0.03533910239300183,663,"Were you going to box any of it up, or do you want the check?"
4795,4807,1,2,52,55,1.0727272727272728,0.04384350386709234,663,Did you order through Postmates?
4376,4807,2,0,53,55,1.0727272727272728,0.0509475564158323,663,You said you wanted to go somewhere new.
4495,4807,1,2,52,55,1.0727272727272728,0.04384350386709234,663,We had to trade the pizza for our escape.
4583,4807,0,4,51,55,1.0727272727272728,0.03533910239300183,663,I thought I ordered anchovies.
4671,4807,0,4,51,55,1.0727272727272728,0.03533910239300183,663,We did order finner for two...
4716,4807,0,4,51,55,1.0727272727272728,0.03533910239300183,663,This new UBER POOL EATS is taking the sharing economy a little too far.
4091,4807,1,2,52,55,1.0727272727272728,0.04384350386709234,663,They really do deliver the pizza place to your door.
3298,4807,0,4,51,55,1.0727272727272728,0.03533910239300183,663,We accept that we are only a small part of your adult life.
3855,4807,0,4,51,55,1.0727272727272728,0.03533910239300183,663,"No, this is a delivery from Luigi's Mini Piazza Parlor, but I can see how you made that mistake."
2902,4807,0,4,51,55,1.0727272727272728,0.03533910239300183,663,They take things way too literally.
3144,4807,0,4,51,55,1.0727272727272728,0.03533910239300183,663,Pardon us.  We are trying the new trend everyone is doing.
310,4807,0,4,51,55,1.0727272727272728,0.03533910239300183,663,Do you mind? It's where I prefer to meet lovers.
850,4807,1,2,52,55,1.0727272727272728,0.04384350386709234,663,Now we know!
881,4807,0,4,51,55,1.0727272727272728,0.03533910239300183,663,"You want the pizza, get us some growth hormones"
1225,4807,0,4,51,55,1.0727272727272728,0.03533910239300183,663,I specifically ordered no beard!
1238,4807,0,4,51,55,1.0727272727272728,0.03533910239300183,663,I think there must have been a typo... this is the small lovers meet-up pizza.
455,4807,0,4,51,55,1.0727272727272728,0.03533910239300183,663,"Hun, did you just shit yourself?"
2414,4807,0,4,51,55,1.0727272727272728,0.03533910239300183,663,"Honey, I said a couple of sardines not darlings!"
2564,4807,1,2,52,55,1.0727272727272728,0.04384350386709234,663,Didn't you order a Margarita pizza?
2724,4807,0,4,51,55,1.0727272727272728,0.03533910239300183,663,"What're you looking at, lady? You wanna piece of me?!"
2789,4807,0,4,51,55,1.0727272727272728,0.03533910239300183,663,"This place's take on large carryout is way too ""meta."""
2825,4807,0,4,51,55,1.0727272727272728,0.03533910239300183,663,"Yes, I said tiramisu and make it snappy!"
2877,4807,1,2,52,55,1.0727272727272728,0.04384350386709234,663,We’re Marge and Sal Pepperoni - the surprise topping you ordered.
2174,4807,0,4,51,55,1.0727272727272728,0.03533910239300183,663,"Take it back,tell 'em you slipped on the ice!"
545,4837,0,4,52,56,1.0714285714285714,0.03472660248602838,663,And they said pizza wasn't fine dining...
3480,4838,0,3,48,51,1.0588235294117647,0.0332756132323081,663,"We booked this table over a month ago via ""Pizza Box Restaurant Now"""
3670,4838,1,1,49,51,1.0588235294117647,0.043492300025134954,663,"Well, you did say you wanted an intimate dinner party for your birthday."
4059,4838,0,3,48,51,1.0588235294117647,0.0332756132323081,663,Hey! Pie me a little time here!
4824,4838,0,3,48,51,1.0588235294117647,0.0332756132323081,663,"""I get the entertainment. But, where's the Pizza?"
4699,4838,1,1,49,51,1.0588235294117647,0.043492300025134954,663,Do you have any alka-seltzer?
4728,4838,0,3,48,51,1.0588235294117647,0.0332756132323081,663,"We need a personal pizza, please."
2967,4838,0,3,48,51,1.0588235294117647,0.0332756132323081,663,Dinner was at five..
4461,4838,0,3,48,51,1.0588235294117647,0.0332756132323081,663,So that's why our reservation said '30 minutes or less.'
2561,4838,0,3,48,51,1.0588235294117647,0.0332756132323081,663,"What? Did you not order the meat lovers pizza?
""I did, but its too cheesy"""
3519,4838,0,3,48,51,1.0588235294117647,0.0332756132323081,663,Please eat my wife first. Her meat's more tender.
2343,4838,0,3,48,51,1.0588235294117647,0.0332756132323081,663,It's a living!
2029,4838,0,3,48,51,1.0588235294117647,0.0332756132323081,663,I ordered it with double cheese !!!
1927,4838,0,3,48,51,1.0588235294117647,0.0332756132323081,663,Didn't you order the slice of life?
2373,4838,0,3,48,51,1.0588235294117647,0.0332756132323081,663,We came along  for the crumbs
1885,4838,0,3,48,51,1.0588235294117647,0.0332756132323081,663,This is what happens if you don’t eat the right things.
1608,4838,0,3,48,51,1.0588235294117647,0.0332756132323081,663,"Oh, Hi. Won’t you join us? We don’t eat that much."
1142,4838,0,3,48,51,1.0588235294117647,0.0332756132323081,663,"No, we're the Toppings, Susan and George. And I'd really like a moment alone with my wife if you please!"
658,4838,1,1,49,51,1.0588235294117647,0.043492300025134954,663,Bon Apetit!
656,4838,0,3,48,51,1.0588235294117647,0.0332756132323081,663,"Well, I can't in less than 30 minutes."
327,4838,0,3,48,51,1.0588235294117647,0.0332756132323081,663,Can you call us a cab? There's a cannoli order leaving the pizzeria in half-an-hour that we're hoping to share.
170,4858,0,3,49,52,1.0576923076923077,0.032649026447198685,663,"If your seen through a piece of pie, you may as well be part of the pizza pie."
55,4858,0,3,49,52,1.0576923076923077,0.032649026447198685,663,"Hey, let us eat in peace. This dinner is costing us an arm and a leg."
2163,4860,1,1,55,57,1.0526315789473684,0.038948045784260796,663,"Hey Joe, can you pass me the nutcracker?"
1299,4861,1,1,56,58,1.0517241379310345,0.038281393516913155,663,Just lost my appetite! Never saw micro folks before!
3216,4862,0,2,45,47,1.0425531914893618,0.029760791752350448,663,"Ok Kevin, then why is the cheese stuck all over the box top?"
3205,4862,0,2,45,47,1.0425531914893618,0.029760791752350448,663,It was an extra small pepperoni.
3231,4862,0,2,45,47,1.0425531914893618,0.029760791752350448,663,"Ambiance aside, we’re hoping you have lobster."
3182,4862,0,2,45,47,1.0425531914893618,0.029760791752350448,663,"See Herman, I TOLD you it was really a tiny table."
3167,4862,0,2,45,47,1.0425531914893618,0.029760791752350448,663,I think they forgot to cook the pizza
3166,4862,0,2,45,47,1.0425531914893618,0.029760791752350448,663,You two must be meat lovers..?
2972,4862,0,2,45,47,1.0425531914893618,0.029760791752350448,663,This is our best hope to negiatiate with President Trump.
2944,4862,0,2,45,47,1.0425531914893618,0.029760791752350448,663,"I understand you're a ""Superhost"", but the Airbnb listing never said ""Goat Cheese"" so I'm gonna have to leave a bad review."
2663,4862,0,2,45,47,1.0425531914893618,0.029760791752350448,663,It's from that new carry-out/dine-in-pizza place.
2843,4862,0,2,45,47,1.0425531914893618,0.029760791752350448,663,"The way I see it,  fine dining is more about the sit-down experience than the food."
2818,4862,0,2,45,47,1.0425531914893618,0.029760791752350448,663,"Oh hi, Mom and Dad,  Do you have a few bucks for the pizza???"
2809,4862,0,2,45,47,1.0425531914893618,0.029760791752350448,663,I thought we agreed on vegetarian...
2704,4862,0,2,45,47,1.0425531914893618,0.029760791752350448,663,"Honey, why'd you order the Anniversary Edition Pizza again?  You know those toppings aren't edible.
Christa Dodd, Danville"
2703,4862,0,2,45,47,1.0425531914893618,0.029760791752350448,663,It’s thingie happy hour!
2615,4862,0,2,45,47,1.0425531914893618,0.029760791752350448,663,"I must say, this Slice of  Life doesn’t offer much of anything."
2604,4862,0,2,45,47,1.0425531914893618,0.029760791752350448,663,"Well, since this couldn't get any more awkward – Arlene, I'm not the Peter Jackson from all those movies. I'm just Pete Jackson of South Madisonville."
3331,4862,0,2,45,47,1.0425531914893618,0.029760791752350448,663,We were supposed to be delivered to the pizzeria!
2934,4862,0,2,45,47,1.0425531914893618,0.029760791752350448,663,....and I slipped the maitre d' a twenty for better seating!
3339,4862,0,2,45,47,1.0425531914893618,0.029760791752350448,663,The delivery guy didn’t tell us we’d need a reservation.
5074,4862,0,2,45,47,1.0425531914893618,0.029760791752350448,663,Didn't you ask for vegetarian?
3441,4862,0,2,45,47,1.0425531914893618,0.029760791752350448,663,Didn’t you get out text?
2562,4862,0,2,45,47,1.0425531914893618,0.029760791752350448,663,We  happened to be near the counter when you phoned  for one with everything on it.
4991,4862,0,2,45,47,1.0425531914893618,0.029760791752350448,663,"You never said, ""Ready or not."""
4969,4862,0,2,45,47,1.0425531914893618,0.029760791752350448,663,Did you order the extra small?
4955,4862,0,2,45,47,1.0425531914893618,0.029760791752350448,663,We were sent here in lieu of the anchovies.
4889,4862,0,2,45,47,1.0425531914893618,0.029760791752350448,663,"Hey, would you Yahoos please shut that lid while we finish our drinks!"
4875,4862,0,2,45,47,1.0425531914893618,0.029760791752350448,663,This is NOT the birthday party surprise I ordered!
4739,4862,0,2,45,47,1.0425531914893618,0.029760791752350448,663,It was good to the last bite!
4622,4862,0,2,45,47,1.0425531914893618,0.029760791752350448,663,No salad?
3367,4862,0,2,45,47,1.0425531914893618,0.029760791752350448,663,Fee Pie Foo Fum.
4476,4862,0,2,45,47,1.0425531914893618,0.029760791752350448,663,"This pizza feeds four, and we are very small eaters."
4323,4862,0,2,45,47,1.0425531914893618,0.029760791752350448,663,Well that’s the last time we order from Paradox Pies.
4145,4862,0,2,45,47,1.0425531914893618,0.029760791752350448,663,"“And then, the big eaters met the little eaters .... story all done.”"
4103,4862,0,2,45,47,1.0425531914893618,0.029760791752350448,663,"Ok, we’ll save you a couple of slices."
4041,4862,0,2,45,47,1.0425531914893618,0.029760791752350448,663,"I ordered a meat pizza, not a meta pizza."
3851,4862,0,2,45,47,1.0425531914893618,0.029760791752350448,663,The whole 'You are what you eat' messaging has gotten super weird.
3713,4862,0,2,45,47,1.0425531914893618,0.029760791752350448,663,You did order the Lilliputian Supreme?
3598,4862,0,2,45,47,1.0425531914893618,0.029760791752350448,663,I promise! You're first in line when they hatch.
3576,4862,0,2,45,47,1.0425531914893618,0.029760791752350448,663,y'all looked different in the App
4419,4862,1,0,46,47,1.0425531914893618,0.04255319148936171,663,We've never made it this far.
2484,4862,0,2,45,47,1.0425531914893618,0.029760791752350448,663,We're testers for UnterEats.
1203,4862,0,2,45,47,1.0425531914893618,0.029760791752350448,663,"Don’t just stand there, get us some miniature silverware and napkins."
2327,4862,0,2,45,47,1.0425531914893618,0.029760791752350448,663,You can have the table. We were just keeping it warm.
829,4862,0,2,45,47,1.0425531914893618,0.029760791752350448,663,"We were told it was going to be a Republican middle-class fundraiser given by Donald Trump.  But I guess we've been far-right, GOP served up to the takeout pizza likes of you."
751,4862,0,2,45,47,1.0425531914893618,0.029760791752350448,663,"Well, we're not empty nesters."
672,4862,0,2,45,47,1.0425531914893618,0.029760791752350448,663,"One pizza roll, please."
659,4862,0,2,45,47,1.0425531914893618,0.029760791752350448,663,I thought you ordered the extra-large!
624,4862,0,2,45,47,1.0425531914893618,0.029760791752350448,663,"Oh hi!
You've heard of 'janitor in a drum' haven't you??"
597,4862,0,2,45,47,1.0425531914893618,0.029760791752350448,663,The moment Betty realized the plastic pizza saver had a dual purpose.
591,4862,0,2,45,47,1.0425531914893618,0.029760791752350448,663,Is this because of rent control?
577,4862,0,2,45,47,1.0425531914893618,0.029760791752350448,663,We wanted to add a little pizzazz to your small pizza.
560,4862,0,2,45,47,1.0425531914893618,0.029760791752350448,663,"Hey, grab a couple of slices and shut the box! You're ruining the romantic lighting!"
547,4862,0,2,45,47,1.0425531914893618,0.029760791752350448,663,We'd like to start with a shrimp cocktail.
527,4862,0,2,45,47,1.0425531914893618,0.029760791752350448,663,"We asked for a table for two, but we never expected such under dress sommeliers."
359,4862,0,2,45,47,1.0425531914893618,0.029760791752350448,663,"What toppings did you say you ordered, again?"
234,4862,0,2,45,47,1.0425531914893618,0.029760791752350448,663,Hank Pym and Janet Van Dyne celebrate their Antmaniversary.
197,4862,0,2,45,47,1.0425531914893618,0.029760791752350448,663,Are you sure this is what we ordered?
165,4862,0,2,45,47,1.0425531914893618,0.029760791752350448,663,This is Sicilian Style...We're from Palermo.
34,4862,0,2,45,47,1.0425531914893618,0.029760791752350448,663,"Is this ""Special"" enough for you?""
N Wilcken, Sydne"
20,4862,0,2,45,47,1.0425531914893618,0.029760791752350448,663,The moment that second “n” in dinner became quite clear upon delivery.
912,4862,0,2,45,47,1.0425531914893618,0.029760791752350448,663,"By any chance, did you order a 'large with everything' ?"
1024,4862,0,2,45,47,1.0425531914893618,0.029760791752350448,663,"Yes, that’s what I meant. DiMarcos isn’t managed by the family anymore ."
1086,4862,0,2,45,47,1.0425531914893618,0.029760791752350448,663,I knew we shoulda ordered at the other place.
1197,4862,0,2,45,47,1.0425531914893618,0.029760791752350448,663,"That’s amore, Pam!"
2317,4862,0,2,45,47,1.0425531914893618,0.029760791752350448,663,"Excuse me, this is personal."
2290,4862,0,2,45,47,1.0425531914893618,0.029760791752350448,663,We would like the cheese with the Chardonnay.
2237,4862,0,2,45,47,1.0425531914893618,0.029760791752350448,663,We can double date.
2132,4862,0,2,45,47,1.0425531914893618,0.029760791752350448,663,You at my pizza.
2028,4862,0,2,45,47,1.0425531914893618,0.029760791752350448,663,Darn! We must have been delivered to the wrong address!
2002,4862,0,2,45,47,1.0425531914893618,0.029760791752350448,663,I believe we have the room!
1997,4862,0,2,45,47,1.0425531914893618,0.029760791752350448,663,Can you at least give us a moment to enjoy our last meal!?
1987,4862,0,2,45,47,1.0425531914893618,0.029760791752350448,663,Is that our waiter and the landlord?
2463,4862,0,2,45,47,1.0425531914893618,0.029760791752350448,663,Well
1928,4862,0,2,45,47,1.0425531914893618,0.029760791752350448,663,Please help us. That delivery boy stole all of our other furniture and left us without our pizza dinner.
1830,4862,0,2,45,47,1.0425531914893618,0.029760791752350448,663,Sorry but we’ve had this pizza reserved for months.
1705,4862,0,2,45,47,1.0425531914893618,0.029760791752350448,663,Grubhub said you are a regular customer.
1583,4862,0,2,45,47,1.0425531914893618,0.029760791752350448,663,How rude!
1560,4862,0,2,45,47,1.0425531914893618,0.029760791752350448,663,"Al fresco, please."
1548,4862,0,2,45,47,1.0425531914893618,0.029760791752350448,663,Where's the cheese?
1429,4862,0,2,45,47,1.0425531914893618,0.029760791752350448,663,"it was on that day that bill and nora had second thoughts about cannibalism. they had previously limited their intake to beer-battered pub people in shepard's pie, and they had no qualms about eating the irish. but this new meal seemed.... human"
1215,4862,0,2,45,47,1.0425531914893618,0.029760791752350448,663,"I asked for an extra plate, not an extra date"
5096,4862,0,2,45,47,1.0425531914893618,0.029760791752350448,663,I wouldn't rate the ambiance here so high.
1855,4862,0,2,45,47,1.0425531914893618,0.029760791752350448,663,What? You think you're the only ones who enjoy a glass of wine with pizza?
2601,4945,0,2,46,48,1.0416666666666667,0.029147663515556005,663,Isn’t it supposed to bring pepperoni?
4092,4945,0,2,46,48,1.0416666666666667,0.029147663515556005,663,Pizza rat has really changed ever since that video
1983,4945,0,2,46,48,1.0416666666666667,0.029147663515556005,663,"Sorry, lady - anchovies really stink these boxes up."
2630,4948,0,1,43,44,1.0227272727272727,0.022990024493585143,663,You did say Lisa and Pepe didnn't you
3658,4948,0,1,43,44,1.0227272727272727,0.022990024493585143,663,"You did order the Swinging Pepperoni Pizza"" . You just said no mushrooms."
3504,4948,0,1,43,44,1.0227272727272727,0.022990024493585143,663,"Shut the box, you're intruding on our lifestyle."
3457,4948,0,1,43,44,1.0227272727272727,0.022990024493585143,663,We’re the gluten free option.
3425,4948,0,1,43,44,1.0227272727272727,0.022990024493585143,663,This is the miniature pizza for two.
3377,4948,0,1,43,44,1.0227272727272727,0.022990024493585143,663,I think they gave me two extra servings.
3335,4948,0,1,43,44,1.0227272727272727,0.022990024493585143,663,Why did you order us if you didn't want all the gossip from Chicago?
3266,4948,0,1,43,44,1.0227272727272727,0.022990024493585143,663,What are they having for dinner?
3248,4948,0,1,43,44,1.0227272727272727,0.022990024493585143,663,Did you ask for little people or Little pepperoni?
3204,4948,0,1,43,44,1.0227272727272727,0.022990024493585143,663,"Our order was pepperoni for ""here"""
2792,4948,0,1,43,44,1.0227272727272727,0.022990024493585143,663,The Ponce-de-Leon again?
2656,4948,0,1,43,44,1.0227272727272727,0.022990024493585143,663,"We've decided on the personal-size pan pizza, please."
2642,4948,0,1,43,44,1.0227272727272727,0.022990024493585143,663,Can you believe they've mistaken crispy cheese board and olives by creep Chris bored in love?
2641,4948,0,1,43,44,1.0227272727272727,0.022990024493585143,663,We’ll try a little of everything.
2614,4948,0,1,43,44,1.0227272727272727,0.022990024493585143,663,When they said it tastes like “dining in” I didn't think they meant it literally
2611,4948,0,1,43,44,1.0227272727272727,0.022990024493585143,663,"Well, you said you wanted it extra cheesy."
2559,4948,0,1,43,44,1.0227272727272727,0.022990024493585143,663,Do you mind? I was just going to propose.
2552,4948,0,1,43,44,1.0227272727272727,0.022990024493585143,663,You should have seen the large Pepperonis.
2495,4948,0,1,43,44,1.0227272727272727,0.022990024493585143,663,Would you like to join us for a glass of wine?
2447,4948,0,1,43,44,1.0227272727272727,0.022990024493585143,663,"We paid extra for this table so close the lid!"""
2403,4948,0,1,43,44,1.0227272727272727,0.022990024493585143,663,Didn't you order a small Viennese special?
2396,4948,0,1,43,44,1.0227272727272727,0.022990024493585143,663,I thought you said you ordered a large one.
3706,4948,0,1,43,44,1.0227272727272727,0.022990024493585143,663,"Hi, I can tell you're in the dark here. We're the Anchovies. Could you close the lid please so we can finish our romantic dinner?"
3734,4948,0,1,43,44,1.0227272727272727,0.022990024493585143,663,"When we were told we would help in making the pizza, we did not expect this."
3861,4948,0,1,43,44,1.0227272727272727,0.022990024493585143,663,"Deja Vu, Michael et. al."
3906,4948,0,1,43,44,1.0227272727272727,0.022990024493585143,663,Anything from our kitchen?
4992,4948,0,1,43,44,1.0227272727272727,0.022990024493585143,663,"Well, you did order one with the works."
4927,4948,0,1,43,44,1.0227272727272727,0.022990024493585143,663,"As soon as we finish our drinks, we'll grow up and join you for dinner."
4917,4948,0,1,43,44,1.0227272727272727,0.022990024493585143,663,Well you should have been clearer on what toppings you wanted.
4911,4948,0,1,43,44,1.0227272727272727,0.022990024493585143,663,"You did order a ""Family Dinner Style Pie"""
4896,4948,0,1,43,44,1.0227272727272727,0.022990024493585143,663,"If it’s not hot, we’re on your order."
4799,4948,0,1,43,44,1.0227272727272727,0.022990024493585143,663,Hi. Nice to meet you. We're the Pepperoncinis.
4777,4948,0,1,43,44,1.0227272727272727,0.022990024493585143,663,"Sorry, the stuffed crust has been discontinued.  But you’re going to love the play within the play."
4712,4948,0,1,43,44,1.0227272727272727,0.022990024493585143,663,... and thanks for getting it with extra pepperoni.
4667,4948,0,1,43,44,1.0227272727272727,0.022990024493585143,663,How are your first few bites tasting?
4642,4948,0,1,43,44,1.0227272727272727,0.022990024493585143,663,"Well, now you know what the Yuppie topping stands for."
4561,4948,0,1,43,44,1.0227272727272727,0.022990024493585143,663,"''You did order a pizza for four."""
4526,4948,0,1,43,44,1.0227272727272727,0.022990024493585143,663,And you’re sure you chose the vegan option?
4478,4948,0,1,43,44,1.0227272727272727,0.022990024493585143,663,Us?  We were just having a nice wine and cheese party until you two interrupted us.
4428,4948,0,1,43,44,1.0227272727272727,0.022990024493585143,663,We just felt like a little Italian tonight.
4359,4948,0,1,43,44,1.0227272727272727,0.022990024493585143,663,The sun hit my eye
4358,4948,0,1,43,44,1.0227272727272727,0.022990024493585143,663,"It was the best of pizzas, it was the worst of pizzas."
4276,4948,0,1,43,44,1.0227272727272727,0.022990024493585143,663,It's not personal. It's just business.
4226,4948,0,1,43,44,1.0227272727272727,0.022990024493585143,663,Again! I ordered a table of  four!
4192,4948,0,1,43,44,1.0227272727272727,0.022990024493585143,663,"I thought I was going to get lucky tonight but noooo, you had to order the anchovies."
4147,4948,0,1,43,44,1.0227272727272727,0.022990024493585143,663,We ordered burgers at Luigi's and PEEZAA! here we are.
4131,4948,0,1,43,44,1.0227272727272727,0.022990024493585143,663,This pizza cost us an arm and a leg.
4032,4948,0,1,43,44,1.0227272727272727,0.022990024493585143,663,Didn't we order vegetarian?
4014,4948,0,1,43,44,1.0227272727272727,0.022990024493585143,663,It was deep dish not thin crust.
2325,4948,0,1,43,44,1.0227272727272727,0.022990024493585143,663,We ordered a large!
2222,4948,0,1,43,44,1.0227272727272727,0.022990024493585143,663,Aye we're eating here. (Couple confused)
2436,4948,0,1,43,44,1.0227272727272727,0.022990024493585143,663,"Hey! Can't we at least have our last meal in private?"""
2150,4948,0,1,43,44,1.0227272727272727,0.022990024493585143,663,I thought we ordered pizza.
571,4948,0,1,43,44,1.0227272727272727,0.022990024493585143,663,"What are you staring at, jizz-for-brains?"
532,4948,0,1,43,44,1.0227272727272727,0.022990024493585143,663,The toppings were a wonderful mains. Would you like to join us for dessert?
2151,4948,0,1,43,44,1.0227272727272727,0.022990024493585143,663,This place is kinda cheesy. Order  takeout.
501,4948,0,1,43,44,1.0227272727272727,0.022990024493585143,663,What do you have for vegan options?
497,4948,0,1,43,44,1.0227272727272727,0.022990024493585143,663,Do I even want to know how old this pizza is?!
488,4948,0,1,43,44,1.0227272727272727,0.022990024493585143,663,You ordered the slice of life no anchovies?
485,4948,0,1,43,44,1.0227272727272727,0.022990024493585143,663,Looks a bit underdone.
483,4948,0,1,43,44,1.0227272727272727,0.022990024493585143,663,Not what I had in mind for a romantic dinner to take-away.
463,4948,0,1,43,44,1.0227272727272727,0.022990024493585143,663,Please: no crushed chili peppers.
430,4948,0,1,43,44,1.0227272727272727,0.022990024493585143,663,"Shoot, we forgot the red pepper flakes"
421,4948,0,1,43,44,1.0227272727272727,0.022990024493585143,663,We ordered a Family Style Pizza with Extra Cheesiness!
403,4948,0,1,43,44,1.0227272727272727,0.022990024493585143,663,So which one is the vegetarian?
376,4948,0,1,43,44,1.0227272727272727,0.022990024493585143,663,Wedding anniversary special.
285,4948,0,1,43,44,1.0227272727272727,0.022990024493585143,663,"No,you cant request anything.This is not a record turntable."
248,4948,0,1,43,44,1.0227272727272727,0.022990024493585143,663,We prefer to be called little little people.
209,4948,0,1,43,44,1.0227272727272727,0.022990024493585143,663,"Aw, they got the pizza dirty!"
193,4948,0,1,43,44,1.0227272727272727,0.022990024493585143,663,Olive’s cutting back on the sauce.
160,4948,0,1,43,44,1.0227272727272727,0.022990024493585143,663,Uh this is not the couple I ordered - they always put me in the fridge.
125,4948,0,1,43,44,1.0227272727272727,0.022990024493585143,663,Served with two to four people. What’s the confusion?
89,4948,0,1,43,44,1.0227272727272727,0.022990024493585143,663,"First a gecko, now being replaced by normal sized people."
83,4948,0,1,43,44,1.0227272727272727,0.022990024493585143,663,We keep your pizza weird.
63,4948,0,1,43,44,1.0227272727272727,0.022990024493585143,663,"Ugh, do you mind?"
58,4948,0,1,43,44,1.0227272727272727,0.022990024493585143,663,I  always forget which wine pairs.
681,4948,0,1,43,44,1.0227272727272727,0.022990024493585143,663,But Yelp said this was a quiet Italian joint.
765,4948,0,1,43,44,1.0227272727272727,0.022990024493585143,663,We should have ordered the large size couple's pizza.
524,4948,0,1,43,44,1.0227272727272727,0.022990024493585143,663,We’re from Little Italy.
796,4948,0,1,43,44,1.0227272727272727,0.022990024493585143,663,"They sent you the ""Dinner-in-a-Box"" by mistake."
2123,4948,0,1,43,44,1.0227272727272727,0.022990024493585143,663,What did you expect? You ordered the extra small.
2099,4948,0,1,43,44,1.0227272727272727,0.022990024493585143,663,Did you think it was a pizza?
2049,4948,0,1,43,44,1.0227272727272727,0.022990024493585143,663,"Finally, our two giant pies."
2035,4948,0,1,43,44,1.0227272727272727,0.022990024493585143,663,"One matrix to go, please, with extra cheese."
2020,4948,0,1,43,44,1.0227272727272727,0.022990024493585143,663,How was I supposed to know you wanted Cabernet this time?
2012,4948,0,1,43,44,1.0227272727272727,0.022990024493585143,663,We ate the pizza. Now  we’re having a little desser
780,4948,0,1,43,44,1.0227272727272727,0.022990024493585143,663,"Your order said, “Cheese with a little date.”"
1935,4948,0,1,43,44,1.0227272727272727,0.022990024493585143,663,When I was on the phone I meant pepperoni not people.
1709,4948,0,1,43,44,1.0227272727272727,0.022990024493585143,663,human conversation as a topping!
1625,4948,0,1,43,44,1.0227272727272727,0.022990024493585143,663,"Leave us with a sixteenth of a slice boys, and let the entertainment begin. We just love Grub Hub prime!"
1576,4948,0,1,43,44,1.0227272727272727,0.022990024493585143,663,The feet don’t lie...which of you gets the slice with extra cheese?
1976,4948,0,1,43,44,1.0227272727272727,0.022990024493585143,663,I asked for pepperoni
1532,4948,0,1,43,44,1.0227272727272727,0.022990024493585143,663,Is this vegetarian?
1565,4948,0,1,43,44,1.0227272727272727,0.022990024493585143,663,"I don't know what happened, one moment I was ordering a small pizza with pepperoni and the next moment I find myself here with my wife and with no pepperoni"
890,4948,0,1,43,44,1.0227272727272727,0.022990024493585143,663,"Two more Chiantis, please."
1007,4948,0,1,43,44,1.0227272727272727,0.022990024493585143,663,"Well, if it helps, we gave them half a star on AIRbnb."
1020,4948,0,1,43,44,1.0227272727272727,0.022990024493585143,663,"We are just as surprised as you are
We ordered the pepperoni on the
Left side..."
828,4948,0,1,43,44,1.0227272727272727,0.022990024493585143,663,"We ordered dine-in, not carry-out."
1154,4948,0,1,43,44,1.0227272727272727,0.022990024493585143,663,"I’m all for noid avoidance, but this seems like a bit much."
1267,4948,0,1,43,44,1.0227272727272727,0.022990024493585143,663,You never invited us¡!!!
1348,4948,0,1,43,44,1.0227272727272727,0.022990024493585143,663,I guess dessert is out of the question.
1514,4948,0,1,43,44,1.0227272727272727,0.022990024493585143,663,"I'm sorry you're upset, but it was only a matter of time before SOMEONE took your suggestion."
1048,4948,0,1,43,44,1.0227272727272727,0.022990024493585143,663,You’re ruining the mood
3207,5051,0,0,40,40,1.0,0.025318484177091666,663,"Oh, you mean you didn't know what this little table is for?"
2821,5051,0,0,40,40,1.0,0.025318484177091666,663,Welcome to the Little Italy Neighborhood.
2827,5051,0,0,40,40,1.0,0.025318484177091666,663,"Do what you must to us, but don't use a knife and fork."
2832,5051,0,0,40,40,1.0,0.025318484177091666,663,Didn't you order the romantic dinner in a box?
2938,5051,0,0,40,40,1.0,0.025318484177091666,663,You really shouldn't use WonkaVision for pizza delivery.
2940,5051,0,0,40,40,1.0,0.025318484177091666,663,"Well, Joe. Looks like we ain't getting any pizza tonight."
2966,5051,0,0,40,40,1.0,0.025318484177091666,663,G
2971,5051,0,0,40,40,1.0,0.025318484177091666,663,"You ordered a slice of life pizza, right?"
3195,5051,0,0,40,40,1.0,0.025318484177091666,663,We'll have the house Chablis.
3286,5051,0,0,40,40,1.0,0.025318484177091666,663,This is not what I expected when I ordered the pizza for two.
2729,5051,0,0,40,40,1.0,0.025318484177091666,663,Modern family sized
3404,5051,0,0,40,40,1.0,0.025318484177091666,663,"Agnes, we didn't raise you to live like this."
3481,5051,0,0,40,40,1.0,0.025318484177091666,663,It’s not pizza without a little wine and conversation.
3579,5051,0,0,40,40,1.0,0.025318484177091666,663,What are today's specials?
3667,5051,0,0,40,40,1.0,0.025318484177091666,663,"No, we'd never take your pizza.  As you see, we've been on a very strict diet."
3842,5051,0,0,40,40,1.0,0.025318484177091666,663,"Well, they did say they were seating us near the kitchen."
3956,5051,0,0,40,40,1.0,0.025318484177091666,663,We weren’t looking to dine out.
3970,5051,0,0,40,40,1.0,0.025318484177091666,663,"This gives a whole new meaning to ""Eat in, Take out."""
4268,5051,0,0,40,40,1.0,0.025318484177091666,663,We were just drinking to your small successes.
4449,5051,0,0,40,40,1.0,0.025318484177091666,663,"When I said a small get-together, this is not what I meant..."
4591,5051,0,0,40,40,1.0,0.025318484177091666,663,Parm to table
3365,5051,0,0,40,40,1.0,0.025318484177091666,663,"At least they're not Hawaiian."""
2728,5051,0,0,40,40,1.0,0.025318484177091666,663,"I work on American language.”

“Yes, I guess we all do."
4833,5051,0,0,40,40,1.0,0.025318484177091666,663,"We ordered ""extra large"" too."
2462,5051,0,0,40,40,1.0,0.025318484177091666,663,Pizza has become to complicated.
289,5051,0,0,40,40,1.0,0.025318484177091666,663,"I ordered pepperoni not people!"""
415,5051,0,0,40,40,1.0,0.025318484177091666,663,"These aren't recyclable, are they, Dan?"
447,5051,0,0,40,40,1.0,0.025318484177091666,663,Don't you miss home-cooked meals and bitter spats?
448,5051,0,0,40,40,1.0,0.025318484177091666,663,Do you mind?  You'll have your date when it's your turn.
774,5051,0,0,40,40,1.0,0.025318484177091666,663,"I wanted to go to the pizza parlor, but decided to order it in."
856,5051,0,0,40,40,1.0,0.025318484177091666,663,It was carnivorous!
904,5051,0,0,40,40,1.0,0.025318484177091666,663,I'm glad it's only eight slices. We couldn't eat twelve.
955,5051,0,0,40,40,1.0,0.025318484177091666,663,"Get out of my room, dads!"
964,5051,0,0,40,40,1.0,0.025318484177091666,663,Don’t blame Postmates!
1137,5051,0,0,40,40,1.0,0.025318484177091666,663,Privacy please. We are downsizing.
1300,5051,0,0,40,40,1.0,0.025318484177091666,663,The table and cutlery are 100% biodegradable
1362,5051,0,0,40,40,1.0,0.025318484177091666,663,I told you not to order The Rustica
1524,5051,0,0,40,40,1.0,0.025318484177091666,663,Cheese! What do we have to do to get a little privacy?
1545,5051,0,0,40,40,1.0,0.025318484177091666,663,I take the salad please
1622,5051,0,0,40,40,1.0,0.025318484177091666,663,"Life ""savers"""
1680,5051,0,0,40,40,1.0,0.025318484177091666,663,Pizza Palace made a mistake again.
1770,5051,0,0,40,40,1.0,0.025318484177091666,663,It's pizza savers all the way down!
1954,5051,0,0,40,40,1.0,0.025318484177091666,663,We were wondering why the pizzas were so small
2045,5051,0,0,40,40,1.0,0.025318484177091666,663,What did you expect? A large family pie?
2136,5051,0,0,40,40,1.0,0.025318484177091666,663,I’m not sure we fully understood “eating in the round.”
2427,5051,0,0,40,40,1.0,0.025318484177091666,663,Your timing is a little off.
2651,5051,0,0,40,40,1.0,0.025318484177091666,663,Would you mind not letting all the warm air out? Things were just heating up.
4975,5051,0,0,40,40,1.0,0.025318484177091666,663,It's our first date.
