target_id,rank,funny,somewhat_funny,unfunny,count,score,precision,contest,caption
5844,1,3257,3462,2245,8964,2.112896028558679,0.00818890936144565,667,You should see the couch they have at the urologist's office.
3344,2,2423,2915,1979,7317,2.060680606806068,0.009040418224084943,667,The last place I saw a couch like this also charged by the hour
570,3,1628,2100,1451,5179,2.0341764819463215,0.010704683279035196,667,What do uou mean MY oral fixation?
4876,4,1353,1908,1631,4892,1.9431725265739983,0.011137934725283153,667,Are you going to help me or is this just lip service?
5870,5,1891,2273,2585,6749,1.8971699511038673,0.009834397502815043,667,Shouldn’t you be sitting in an ear?
4901,6,1098,1436,1548,4082,1.8897599216070553,0.012484332607840059,667,It just feels like everyone is kissing my ass
3406,7,1439,1841,2082,5362,1.8800820589332339,0.010945572993263724,667,So this is the famous Freudian's lip.
1449,8,1329,2194,2003,5526,1.8780311255881288,0.010317067371650484,667,MY oral fixation?!
4282,9,1102,1978,1727,4807,1.8699812773039317,0.01090583039155347,667,"Oh, and I suppose that sometimes a couch is just a couch."
3519,10,1140,1177,1716,4033,1.8571782791966278,0.013060448356482974,667,Can you make the tongue do that again?
2440,11,1350,2085,2312,5747,1.8326083173829824,0.010296526361122924,667,"No, Doc, I said ""tulips"" would make your office more inviting"
399,12,1033,1439,1838,4310,1.8132250580046403,0.012103449150281461,667,And what couch do you use for anal retentives?
1716,13,1122,1923,2194,5239,1.7953807978621874,0.01062279962319735,667,It’s much more comfortable since you injected it with collagen.
1221,14,238,362,470,1070,1.783177570093458,0.023979065489297444,667,"These lips stay sealed, right?"
2476,15,1267,1780,2649,5696,1.757373595505618,0.010506341810254982,667,I'm just glad I don't have an anal fixation.
4296,16,380,736,891,2007,1.7453911310413552,0.016833858127207318,667,"The same dream every time--I'm being eaten, while you just take notes."
2469,17,607,1273,1555,3435,1.7240174672489084,0.01269274053093237,667,I also have a fear of being swallowed.
3342,18,460,725,1103,2288,1.7189685314685315,0.01625322522666367,667,"Last time I was on a couch like this, I was also paying by the hour."
4021,19,540,991,1364,2895,1.7153713298791018,0.014116116658308487,667,The dreams are now mostly about Mick Jagger
2462,20,872,1678,2289,4839,1.7071709030791486,0.010830396601700371,667,I feel as if you are only giving me lip service.
1417,21,522,968,1405,2895,1.6949913644214163,0.01406618929287216,667,It stopped. Could I trouble you for another quarter?
914,22,300,653,921,1874,1.6686232657417288,0.017006907173597072,667,"I ask for help, and all you give me is lip service."
5539,23,298,655,926,1879,1.6657796700372538,0.016952403074810402,667,"I think our sessions are helping, but my wife keeps asking how I got lipstick on my collar . . . . and my jacket . . . and my pants."
3621,24,382,813,1188,2383,1.6617708770457407,0.015118264037163386,667,Are you sure these lips are sealed?
2176,25,544,1030,1658,3232,1.6553217821782178,0.013194598645274475,667,It just seems like everyone's trying to kiss my ass.
2628,26,307,679,1006,1992,1.6490963855421688,0.016407713385356182,667,The upper lip is a bit stiff.
1929,27,249,533,810,1592,1.6476130653266332,0.018440528243411622,667,How did I hear about you?  Word of mouth.
2704,28,88,158,270,516,1.6472868217054264,0.03325079350742307,667,"So what's eating me, doc?"
3948,29,435,987,1503,2925,1.6348717948717948,0.013453643066441876,667,"Quite frankly doctor, I feel like all I get here is lip service."
776,30,372,857,1322,2551,1.6275970207761663,0.014353647257912987,667,I don’t think I’m the one with the oral ‘fixation here.
4808,31,319,497,999,1815,1.6253443526170799,0.017970390088867354,667,"Well, Dr. Lipz, I guess I should be grateful Dr. Butz wasn't taking new patients."
6037,32,100,231,367,698,1.6174785100286533,0.027385649850764957,667,"It's crazy, but everything I see reminds me of her."
5624,33,246,611,939,1796,1.614142538975501,0.01687102598352362,667,Something is gnawing at me.
1884,34,235,393,807,1435,1.6013937282229964,0.01988890771576899,667,My main problem is that I repeatedly seek advice from people with bad judgment.
1376,35,220,439,827,1486,1.591520861372813,0.0190289666907197,667,You can be honest with me doc.  I don't want to just lie here and get my ass kissed for an hour.
3942,36,210,450,816,1476,1.589430894308943,0.018894084100972333,667,Me?  You're the one with the oral fixation!
4324,37,174,356,691,1221,1.5765765765765767,0.020826140433459525,667,The tongue is a bit unsettling.
4461,38,37,81,151,269,1.5762081784386617,0.044018536221993976,667,"I feel like all I ever get from you is ""lip service."""
827,39,141,322,591,1054,1.573055028462998,0.022055251886636016,667,This seems to be more about you than it is about me.
691,40,147,356,635,1138,1.571177504393673,0.021039012674904482,667,"You promised results, but all I'm getting is lip service."
3266,41,72,127,281,480,1.5645833333333334,0.03375674348637495,667,"Have you got any other advice besides, ""You can't always get what you want?"""
3805,42,56,123,238,417,1.5635491606714629,0.03516946050335723,667,I bet you're  a Stones fan.
2921,43,94,285,463,842,1.5617577197149644,0.023626701822185025,667,Isn't this really more of a love seat than a couch?
1528,44,119,301,544,964,1.5591286307053942,0.022635120338243733,667,Is this a *Freudian* slipcover?
1912,45,103,294,505,902,1.5543237250554325,0.02297106000604381,667,"Sometimes a couch is just a couch, right?"
3754,46,119,242,510,871,1.5510907003444316,0.024462941225479408,667,Is this a new couch? Or just a Freudian slipcover ...
2525,47,96,230,445,771,1.5473411154345007,0.025400328665004784,667,You're not fooling anyone doc.  You can put lipstick on a couch but it's still a couch.
4184,48,99,191,421,711,1.5471167369901546,0.02722522198860928,667,I have the recurring dream that I am a harmonica
4183,49,101,201,435,737,1.5468113975576663,0.026628809634805316,667,I’m glad the braces are off
3843,50,102,228,465,795,1.5433962264150944,0.025212460962901626,667,"I don't get it, doc. Suddenly I'm having these nightmares about the Rolling Stones."
2802,51,92,217,433,742,1.5404312668463611,0.025881066848433117,667,How’s your wife’s interior design business doing?
5576,52,95,199,431,725,1.536551724137931,0.026559974273283746,667,"The couch is fine, but the nostrils on the ceiling are starting to creep me out."""
1899,53,81,199,401,681,1.5301027900146842,0.02676090444562074,667,"I'm sorry, it's on the tip of my tongue."
544,54,78,184,385,647,1.525502318392581,0.027554125181979534,667,They're Freudian lips.
2245,54,75,190,382,647,1.525502318392581,0.027292387996009672,667,I prefer the breast couch
1519,56,56,142,286,484,1.524793388429752,0.03155035564196195,667,for some reason I don’t feel like talking about my mother right now.
4853,57,72,178,365,615,1.5235772357723578,0.028064329760628042,667,"Is this part of the therapy, or just bad taste?"
267,58,73,176,368,617,1.5218800648298216,0.02809278781693705,667,It's the tongue I find unsettling.
1372,59,74,176,371,621,1.5217391304347827,0.02805101033231568,667,"I may have an oral fixation, but you’re a classic enabler."
6080,60,69,187,367,623,1.521669341894061,0.027519045374350504,667,"Yes, I do feel like something is eating at me."
1194,61,66,191,364,621,1.5201288244766507,0.02730222775084593,667,I see you have an oral fixation too.
3570,62,66,189,363,618,1.5194174757281553,0.027399889820019313,667,A couple of more sessions and we may have this licked.
2955,63,42,78,192,312,1.5192307692307692,0.04084560163365588,667,"I don't know how you're doing it,Doc,but I'm starting to believe that I can lick my problems."
2550,64,65,174,349,588,1.5170068027210883,0.02832036258644764,667,Seems like all I get is lip service.
678,65,83,247,469,799,1.5168961201501878,0.023943182032681597,667,"I'm OK with the sofa, but the tongue pillow is creeping me out."
4111,66,63,175,345,583,1.516295025728988,0.02829210578270964,667,I just felt a smirk.
6083,67,65,172,348,585,1.5162393162393162,0.02842794625248328,667,Is this putting your money where your mouth is?
454,68,65,169,346,580,1.5155172413793103,0.028609005739810005,667,"Your lips are sealed, right?"
4088,68,80,139,361,580,1.5155172413793103,0.030129865266487216,667,Maybe it would help if you sat on a big ear.
1314,70,66,162,344,572,1.513986013986014,0.029010947332297886,667,Mother wore this color.
2457,71,65,149,333,547,1.510054844606947,0.029882519163094475,667,Is this where I kiss $100 an hour goodbye?
522,72,64,148,330,542,1.5092250922509225,0.02997464298969487,667,I said my problems were eating me alive. This isn't helping.
5127,73,62,153,329,544,1.5091911764705883,0.02966531228142501,667,"Well, I have been feeling better since you got the braces off."
1053,73,72,133,339,544,1.5091911764705883,0.03078534380873116,667,My problem? Who’s the one here with the sexual fantasy couch and the Hugh Hefner jacket?”
844,75,59,150,320,529,1.5066162570888468,0.029931063693988093,667,Were you really Mick Jagger's shrink?
2846,75,49,170,310,529,1.5066162570888468,0.028709999301724354,667,Are these lips really sealed?
3208,75,59,150,320,529,1.5066162570888468,0.029931063693988093,667,How do I explain lipstick on my entire suit?
5454,78,54,154,311,519,1.5048169556840076,0.02973724321696491,667,"I'm starting to see symbolism everywhere, Doc."
4772,79,59,145,317,521,1.5047984644913628,0.030270082295472983,667,I thought you said I would be in good hands?
4400,80,46,156,294,496,1.5,0.02966083943340829,667,"Well , you see doc, I can't get no satisfaction."
5352,80,23,68,137,228,1.5,0.044610620116270566,667,"I don't know why, but I have this feeling people are talking behind my back."
148,82,62,123,310,495,1.498989898989899,0.03183026944652623,667,I had the dream again. The one where I'm in a New Yorker cartoon.
1802,82,51,145,299,495,1.498989898989899,0.030384165975345094,667,Would you happen to have a breath mint?
5938,84,45,151,289,485,1.4969072164948454,0.029998534571628373,667,I see symbols of sex in everyday objects.
6151,85,54,118,288,460,1.491304347826087,0.03249625399322857,667,"Really? I'm the narcissist, Dr. Lipschitz?"
595,86,47,126,276,449,1.489977728285078,0.03201749223140059,667,"If this couch could talk, right?"
2281,87,43,124,266,433,1.4849884526558892,0.03221703641770031,667,I’m not sure that I’m comfortable talking about my mother on this couch.
1865,88,48,113,270,431,1.4849187935034802,0.03314907751482727,667,The tongue is making me very uncomforable
2446,89,48,112,269,429,1.4848484848484849,0.0332628534415904,667,"You know doc, I think this couch says more about you than any story I can tell you about my mom."
1414,90,40,127,260,427,1.484777517564403,0.03203291682902608,667,Her smile still haunts me.
4224,90,47,113,267,427,1.484777517564403,0.033212531971108114,667,"Actually, I'm starting to question YOUR life choices."
2746,92,45,115,264,424,1.4834905660377358,0.03304812700685308,667,I leave every session stuck on the thought that I just can't get no satisfaction....
4278,93,36,132,255,423,1.4822695035460993,0.03154393593764511,667,"I don't know doctor, I just feel I over sexualize everything."
2534,94,38,125,254,417,1.4820143884892085,0.032222585038906924,667,Let me tell you what's eating me.
2813,95,51,96,266,413,1.4794188861985471,0.03471624865687721,667,I can't escape the feeling that I am in a caption contest.....
5411,96,42,104,249,395,1.4759493670886077,0.03424604148841217,667,This couch sucks
5374,97,42,99,244,385,1.4753246753246754,0.034894668383564274,667,So you were Mick Jagger's shrink?
5832,98,45,97,252,394,1.4746192893401016,0.03486733181871607,667,Me? I think you're the one with the oral fixation.
4612,99,43,100,249,392,1.4744897959183674,0.034623919728492616,667,I could also use a hug.
4478,100,37,110,242,389,1.4730077120822622,0.03365618993254199,667,"Sofa, so good."
4464,101,37,108,240,385,1.4727272727272727,0.03390642724818877,667,"Are you talking to me or the couch when you say ""spit it out"""
2360,102,43,93,244,380,1.4710526315789474,0.03541975356826874,667,I shudder to think how you treat your patients with an anal fixation.
5654,103,42,94,242,378,1.470899470899471,0.03536004209178587,667,You got to be the psychiatrist last time.
260,104,44,88,242,374,1.4705882352941178,0.036037999967711495,667,Me and my big mouth
3474,105,45,87,245,377,1.469496021220159,0.03601847552392927,667,"I'm not sure why doctor, but I suddenly feel that I can't get any satisfaction?"
3149,106,36,100,232,368,1.4673913043478262,0.034805369581705256,667,"You can say ""Sometimes a couch is just a couch,"" all you want. This still makes me uncomfortable."
3906,107,35,100,229,364,1.467032967032967,0.034863799021588975,667,I see reminders of her everywhere I go.
3889,108,40,89,233,362,1.4668508287292819,0.03607838525348842,667,I'm guessing you're a Freudian.
1916,109,32,103,225,360,1.4638888888888888,0.03446663904896664,667,...and you think I’m the one with an oral fixation?
1694,110,36,87,222,345,1.4608695652173913,0.036454992211152976,667,"Doctor, I feel you're just giving me lip service."
770,110,36,87,222,345,1.4608695652173913,0.036454992211152976,667,If these lips could talk!
1641,110,33,93,219,345,1.4608695652173913,0.03575486456169331,667,Let me guess. On sale at Target?
1327,113,34,90,219,343,1.4606413994169096,0.03614062970221001,667,Sometimes a couch is just a couch.
1260,114,36,87,223,346,1.4595375722543353,0.036373874901273674,667,Can I give you a piece of advice? Kiss this couch goodbye.
6005,114,29,101,216,346,1.4595375722543353,0.03472429086490767,667,Shouldn’t yours be an ear?
1422,116,27,85,191,303,1.4587458745874586,0.03758063819681903,667,Would you by chance have a mint?
836,117,34,86,216,336,1.4583333333333333,0.036677083872665106,667,Ceci n'est pas une chaise longue.
5645,118,31,94,216,341,1.4574780058651027,0.0355631196041536,667,I can’t possibly be gayer than this sofa.
366,119,33,89,217,339,1.4572271386430677,0.03619722225351026,667,"Well, it beats the one with the teeth."
2707,120,31,85,208,324,1.4537037037037037,0.03687543577496,667,"Something's eating at me, Doc."
4545,121,36,72,211,319,1.45141065830721,0.03858114070793354,667,"Perhaps you misunderstood, I wanted you to help me with my lisp."
2884,121,28,88,203,319,1.45141065830721,0.03647984130218442,667,"It's okay, but I think the ChapStick may be ruining my suit."
1013,121,24,96,199,319,1.45141065830721,0.03538242534064274,667,I don’t recall; but I feel as though it’s right on the tip of my tongue.
354,124,28,85,201,314,1.4490445859872612,0.036881101372194976,667,"No, I don't feel like I'm being tested. I feel like I'm being tasted."
5214,124,31,79,204,314,1.4490445859872612,0.03769966123364347,667,These sessions have helped. I now have the courage to tell everyone to kiss off.
2114,126,36,68,208,312,1.4487179487179487,0.03921001996363106,667,"$300 per hour, and you couldn't afford a matching chair?"
1889,127,32,74,203,309,1.4466019417475728,0.03840439252454335,667,I have this recurring dream that I’m on tour with The Rolling Stones
6071,128,37,63,207,307,1.4462540716612378,0.039940876258379485,667,MY fantasies?  What about YOUR fantasies?
4740,129,31,74,200,305,1.4459016393442623,0.03848923533287859,667,Is this couch doing anything later?
2175,130,26,85,197,308,1.4448051948051948,0.03680146144557156,667,"Wait, are you drawing me?"
438,131,28,77,195,300,1.4433333333333334,0.03807471775723134,667,I need more than lip service from you
5095,132,24,84,190,298,1.4429530201342282,0.03705576231182229,667,"Actually, you're the only one who brings up the oral fixation thing."
4800,133,24,83,190,297,1.4410774410774412,0.0371330830524525,667,You were the only psychiatrist in my network who also had a degree in interior design.
4169,134,24,80,187,291,1.4398625429553265,0.037661465711604614,667,I wish you wouldn’t gloss over everything.
4734,135,27,73,189,289,1.439446366782007,0.03878289233816591,667,You’re right. It’s hard to feel blue on this thing.
232,136,27,72,188,287,1.4390243902439024,0.03897440818568617,667,"My obsession? It's your sofa, Doctor."
1721,137,30,68,194,292,1.4383561643835616,0.039397502388491094,667,I think your new couch may have swallowed my wallet.
4845,137,20,88,184,292,1.4383561643835616,0.03628762244365025,667,"You're right, not everything is black or white."
4126,139,24,76,184,284,1.4366197183098592,0.03829387132320847,667,"Well as delusions go, I'm not sure I want it to go away."
4181,139,27,70,187,284,1.4366197183098592,0.03925650831518263,667,Nice Freudian slip cover.
5180,139,25,74,185,284,1.4366197183098592,0.03861741665335689,667,Your couch needs a Freudian slipcover.
5413,142,30,63,189,282,1.4361702127659575,0.04040241156382221,667,"Doc, I'm afraid of large women and somehow it's getting worse."
243,143,25,72,183,280,1.4357142857142857,0.039003665644761265,667,I heard about you through word of mouth.
5919,144,23,79,185,287,1.4355400696864111,0.03768305730420757,667,Its like I'm putting words in her mouth.
2414,145,23,75,180,278,1.435251798561151,0.038532432600718765,667,I'd  rather have a hug.
2433,145,27,67,184,278,1.435251798561151,0.039857701524994224,667,And how long have you been practicing out of your daughter's dorm room?
4792,147,25,74,186,285,1.4350877192982456,0.03851216161973231,667,"It really feels like there's something eating at me, Doc"
1844,148,30,62,189,281,1.4341637010676156,0.040496415776826285,667,And your black chair. . . what the significance of that choice?
2577,149,27,67,185,279,1.4336917562724014,0.039745213906270074,667,Maybe we should be talking about YOUR mother.
1958,150,23,74,180,277,1.4332129963898916,0.038617619978705525,667,Is this what they call a Freudian's lip?
5009,150,26,68,183,277,1.4332129963898916,0.039620716653131605,667,Tell me doctor about YOUR relationship with your mother.
6029,150,24,72,181,277,1.4332129963898916,0.03895485563977518,667,"I've been coming here for decades, lying on this couch, and I still can't get no satisfaction."
156,153,26,67,182,275,1.4327272727272726,0.039824674578891314,667,"So what would you call this, a 'Freudian's lip'?"
5221,153,19,81,175,275,1.4327272727272726,0.03741931457758942,667,"So, Bob, what's eating you?"
4823,155,29,59,183,271,1.4317343173431734,0.04124730908362385,667,"I don’t know why, but ....Mick Jagger"
2070,155,19,79,173,271,1.4317343173431734,0.037788946002051946,667,Sometimes I feel like this world is just eating me alive.
3940,155,27,63,181,271,1.4317343173431734,0.04057922243342272,667,"Thank you for letting me be the patient today, Bob."
414,155,31,55,185,271,1.4317343173431734,0.04190474579303397,667,I'd hate to see how you treat anal retention.
1322,155,27,63,181,271,1.4317343173431734,0.04057922243342272,667,Are these lips sealed as well?
1199,160,22,75,179,276,1.431159420289855,0.03836102493844708,667,"Is it me, or does the New Yorker have altogether too many therapy cartoons?"
1389,161,26,58,172,256,1.4296875,0.041923420023252854,667,I think I share better on mid-century modern!
3546,162,23,70,177,270,1.4296296296296296,0.03929766214866458,667,"I don't know... every time I come here, I feel a little down in the mouth."
4458,162,22,72,176,270,1.4296296296296296,0.038945724025106744,667,I feel like a cigarette.
6068,162,19,78,173,270,1.4296296296296296,0.03787029084001537,667,"Favorite musical? Kiss Me Kate. 
Favorite movie? Kiss Me Goodbye.
Favorite band? Kiss.
Why do you ask?"
5152,165,26,63,180,269,1.4275092936802973,0.04042930293897158,667,"Well, if you must know, I'm feeling a little down in the mouth."
4139,166,23,66,173,262,1.4274809160305344,0.04012974654343844,667,Is this the same couch I was on before I took the psilocybin?
118,167,32,49,184,265,1.4264150943396225,0.042909996346352744,667,What sofa do you use for someone who is anal retentive?
405,168,21,70,172,263,1.4258555133079849,0.03927775493535885,667,What happened to the giant breast I lay on last week?
5414,169,16,79,166,261,1.4252873563218391,0.03757164360664806,667,It's a Freudian slipcover.
6127,169,23,65,173,261,1.4252873563218391,0.040223569038112535,667,When do I get to meet the rest of your furniture?
704,169,23,65,173,261,1.4252873563218391,0.040223569038112535,667,"Forget the therapy, how much do you want for this couch?"
2574,169,18,75,168,261,1.4252873563218391,0.03834805457694134,667,The collagen injections have really done wonders for the couch.
3854,173,28,54,177,259,1.4247104247104247,0.04225007206401503,667,Can you help—or am I just paying for lip service?
5496,174,31,49,182,262,1.4236641221374047,0.04292085093428768,667,Did you say 'edible?' Or Oedipal?
835,175,25,58,172,255,1.423529411764706,0.04163161845930719,667,So ... sometimes a couch is just a couch?
2971,175,20,68,167,255,1.423529411764706,0.03973410612928962,667,I'm OK. I only come here for the couch.
5075,175,26,56,173,255,1.423529411764706,0.04200083509492237,667,"Hey, are you the guy who used to run the love motel over in Jersey?"
4579,178,25,60,175,260,1.4230769230769231,0.04104760079541041,667,Your couch sucks!
2397,179,18,71,164,253,1.4229249011857708,0.03915536408656423,667,Me and my big mouth. That's why I'm here.
1739,180,21,67,170,258,1.4224806201550388,0.0397845092071228,667,Did you write 'Oedipal' or 'edible'?
4030,181,21,65,168,254,1.421259842519685,0.040214558859981445,667,Are we discussing my oral fixation or yours?
4676,181,24,59,171,254,1.421259842519685,0.04135914070639367,667,Maybe you should see a professional decorator.
1840,181,20,67,167,254,1.421259842519685,0.03982572224597389,667,"With all due respect, I don't think I'm the one with an oral fixation."
536,184,24,58,170,252,1.4206349206349207,0.04159074821718407,667,"Yes, I do prefer this to the hand chair."
2759,184,22,62,168,252,1.4206349206349207,0.040823415219716636,667,I see you've made some Freudian lips.
2913,184,15,76,161,252,1.4206349206349207,0.038015975003648964,667,"To be honest, I only come for the couch."
5056,184,18,70,164,252,1.4206349206349207,0.039243764040593446,667,I think the LSD is starting to kick in.
2053,188,29,47,174,250,1.42,0.04370400623103756,667,"I had that dream again, where you have a normal-looking couch"
6010,188,31,43,176,250,1.42,0.04443306413871341,667,I think that was a Freudian lip.
6092,188,28,49,173,250,1.42,0.0433348779459034,667,I'm really glad we got past the anal stage!
5392,191,17,46,128,191,1.418848167539267,0.047095918433747275,667,I’m glad your couch isn’t French.
1935,192,22,59,165,246,1.41869918699187,0.04151478548623091,667,What oral fixation?
794,193,19,64,161,244,1.4180327868852458,0.04052226339720223,667,You think I’m the one with an oral fixation?
6189,194,21,61,165,247,1.417004048582996,0.04098146308489536,667,I'm not saying I don't like the couch. I just think I might be paying you too much.
5555,195,20,62,163,245,1.416326530612245,0.04080461524860066,667,My oral  fixation?  It's not my couch.
2254,195,18,66,161,245,1.416326530612245,0.03997630066527432,667,"For once, I feel loved."
1386,195,18,66,161,245,1.416326530612245,0.03997630066527432,667,It's right on the tip of my tongue.
2228,195,22,58,165,245,1.416326530612245,0.04161644670430496,667,What happens when I move out of the oral stage?
5829,199,17,64,156,237,1.4135021097046414,0.040441317110139034,667,"I like the couch, but the giant eyes over there are making me anxious."
670,200,22,56,164,242,1.4132231404958677,0.041958681438050954,667,Thank goodness I don’t have an anal fixation.
2294,201,19,61,160,240,1.4125,0.04094475732034952,667,How long until the museum kicks us out?
6218,202,24,48,161,233,1.4120171673819744,0.043956659927289095,667,So do you have a therapist of your own?
3522,203,23,51,162,236,1.4110169491525424,0.04312264897811905,667,Do you know your socks don't match?
5706,203,24,49,163,236,1.4110169491525424,0.043538774461116515,667,How can you say that I’m a people pleaser when you’re the one kissing my ass?
221,205,21,54,159,234,1.4102564102564104,0.04252912496549818,667,I can’t get no satisfaction. I’m not sure why I just said it like that.
4120,206,18,57,152,227,1.4096916299559472,0.042093170292407556,667,The upper lip is stiff but the lower lip is incredibly soft.
834,207,22,50,158,230,1.4086956521739131,0.04348205793178543,667,"If you ask me, you’re the one with the oral fixation."
400,208,17,58,151,226,1.407079646017699,0.04172972751685196,667,Somehow you've helped me realize I like having my butt kissed.
1887,208,22,48,156,226,1.407079646017699,0.04402302797918025,667,May I Dali here a while?
2185,208,24,44,158,226,1.407079646017699,0.044907568693770064,667,Would you think less of me if I rolled onto my stomach ?
2541,208,16,60,150,226,1.407079646017699,0.04125577283078959,667,The mirrors on the ceiling are actually a bit distracting.
4024,208,18,56,152,226,1.407079646017699,0.042198359273740806,667,Is your decorator also a patient?
5606,208,22,48,156,226,1.407079646017699,0.04402302797918025,667,"Am I being paranoid, or is this because last session I told you to kiss my ass?"
2089,214,19,55,155,229,1.4061135371179039,0.04225674433434503,667,"Dr. Robinson, are you trying to seduce me?"
889,215,19,57,158,234,1.4059829059829059,0.04161719830743381,667,"Whenever I come here, I have this feeling I can only describe as 'down in the mouth'!"
1299,215,17,61,156,234,1.4059829059829059,0.04072623619644268,667,I feel like a slip of the tongue.
1988,215,23,49,162,234,1.4059829059829059,0.043344214786104236,667,"Have you considered the possibility that it's you who has the oral fixation, doc?"
4389,218,18,55,152,225,1.4044444444444444,0.042303597438764266,667,I really don't feel comfortable talking about my mother on this thing.
4482,218,23,45,157,225,1.4044444444444444,0.044587072730486815,667,Mick Jagger was your patient??
513,218,21,49,155,225,1.4044444444444444,0.04368800722519444,667,Is this some sort of kiss and tell?
2672,218,18,55,152,225,1.4044444444444444,0.042303597438764266,667,Did you lose a bet?
604,222,23,44,156,223,1.4035874439461884,0.04487131981652175,667,"I wouldn't say it's a midlife crisis, exactly. More like a mid-century modern crisis."
2050,222,21,48,154,223,1.4035874439461884,0.04396176810593796,667,"Yes, I am a little down in the mouth."
3610,224,19,39,133,191,1.4031413612565444,0.04809920032609781,667,"Am I comfortable?  I guess so, but honestly, I preferred your Womb Chair."
3929,225,18,52,149,219,1.4018264840182648,0.043088639299864784,667,"Well, I’m back because last week my wife found lipstick all over me.”"
4337,225,17,54,148,219,1.4018264840182648,0.04259975353722775,667,"Doc, everything reminds me of her!"
2737,227,17,53,147,217,1.400921658986175,0.04286420795997204,667,Are we into my dream or yours?
6142,228,17,52,146,215,1.4,0.04313310928137537,667,Can we get the old couch back? I feel like a failed mustache.
4268,228,13,60,142,215,1.4,0.041068112590755955,667,If you're chilly you can use the tongue as a blanket
1378,230,18,53,152,223,1.399103139013453,0.042514163036046826,667,The heat and vibration are nice. Could you turn down the salivation?
2679,231,23,41,154,218,1.3990825688073394,0.04557997207488692,667,I feel consumed
484,232,16,53,144,213,1.3990610328638498,0.04289335539745609,667,So...I'm assuming your ex-wife took the leather couch?
2544,232,21,43,149,213,1.3990610328638498,0.04540148070818237,667,"Yes, I want to fuck the couch. Stop asking."
3418,234,18,58,160,236,1.3983050847457628,0.04085264214965312,667,I've been feeling down in the mouth lately.
1824,235,13,60,143,216,1.3981481481481481,0.0409194654676901,667,"I'm feeling, well, a little chapped."
3844,236,15,54,142,211,1.3981042654028435,0.042638980268877136,667,"It’s okay, but I liked the breast-shaped one better."
6113,237,21,43,150,214,1.397196261682243,0.04522728587853162,667,"I Can't Get No Satisfaction. But I try, and I try, and I try, and I try."
1211,237,14,57,143,214,1.397196261682243,0.04169374779371057,667,Something's been eating at me.
4790,239,15,54,143,212,1.3962264150943395,0.04247890343626298,667,"I can't help but feel like you're just giving me lip service, Doc."
3083,240,19,45,146,210,1.3952380952380952,0.044827010625752554,667,How much for the couch?
3047,240,18,47,145,210,1.3952380952380952,0.04431582578515529,667,"I don’t know, Doc. It’s just this feeling that I’m being eaten alive."
2894,240,19,45,146,210,1.3952380952380952,0.044827010625752554,667,I feel like I’m in a Salvador Dali painting.
2064,240,16,51,143,210,1.3952380952380952,0.04327534496428698,667,And you say I have an oral fixation?
2475,244,15,52,141,208,1.3942307692307692,0.04301688462192617,667,"Yes, your sofa reminds me of sex, but so does almost everything."
3183,244,17,48,143,208,1.3942307692307692,0.04408349611125935,667,"I think you may be the one with the fetish, doc."
5486,244,17,48,143,208,1.3942307692307692,0.04408349611125935,667,I'm not really comfortable saying the first thing that comes to mind. Can we go back to the ink blots?
626,247,15,52,142,209,1.3923444976076556,0.04285210269171743,667,Just curious.  What percentage of your patients do you diagnose as having an oral fixation?
698,247,12,58,139,209,1.3923444976076556,0.04121022725294676,667,I can't shake this overwhelming feeling of being consumed.
2831,247,18,46,145,209,1.3923444976076556,0.044433349862051545,667,I can’t go home with lipstick on my collar again.
6153,247,16,50,143,209,1.3923444976076556,0.043385588967484234,667,"This is kind of like ""kiss and tell.'"
5860,251,15,50,139,204,1.392156862745098,0.043573655510683346,667,"When you said to open up, were you talking to me or the couch?"
4851,251,16,48,140,204,1.392156862745098,0.044124354212891626,667,I'm thinking that using a Groupon for therapy was questionable...
4595,251,16,48,140,204,1.392156862745098,0.044124354212891626,667,"I have to say, it's more comfortable than the stack of soup cans."
4319,251,19,42,143,204,1.392156862745098,0.04573668303591541,667,Are you sure it's me that has the oral fixation?
1456,251,20,40,144,204,1.392156862745098,0.046261640213775546,667,Nice shoes.
3357,251,20,40,144,204,1.392156862745098,0.046261640213775546,667,For 200 bucks an hour I was expecting more than lip service.
3952,251,19,42,143,204,1.392156862745098,0.04573668303591541,667,"Sorry, I share my office with a plastic surgeon."
5421,258,23,37,152,212,1.3915094339622642,0.04644779616422281,667,I thought they were called Freudian slips.
5554,259,14,53,140,207,1.391304347826087,0.042577796054996446,667,I have the sensation that I am going to be swallowed up by my emotions
30,259,14,53,140,207,1.391304347826087,0.042577796054996446,667,Where'd you get the Freudian lips?
120,259,16,49,142,207,1.391304347826087,0.04366546630315162,667,I just feel like I'm being swallowed up
2917,262,19,41,142,202,1.391089108910891,0.04605087116160895,667,It's not that I feel like I'm being swallowed up as much as being spit out.
6024,263,13,38,113,164,1.3902439024390243,0.04931992618713591,667,Sometimes I think lying is the only thing these lips are good for...
781,264,15,48,137,200,1.39,0.04415026875519308,667,My other psychiatrist had a vagina couch...
5848,264,15,48,137,200,1.39,0.04415026875519308,667,"I dont know how to say it, it's on the tip of my tongue."
476,266,16,47,140,203,1.3891625615763548,0.04424003664886559,667,I keep having this recurring dream that I'm about to get swallowed whole
2798,266,17,45,141,203,1.3891625615763548,0.04478787997811907,667,I feel like a cold sore...
3604,268,19,39,140,198,1.3888888888888888,0.04669664021799604,667,Thanks for letting me bring my own couch.
1460,269,19,40,142,201,1.3880597014925373,0.0461803040233723,667,Do you know what's eating me?
3893,270,20,36,140,196,1.3877551020408163,0.04758165534974068,667,How am I feeling? I'm feeling glad I didn't come here for help with an anal fixation.
5912,270,15,46,135,196,1.3877551020408163,0.04474785812790965,667,Somehow it feels like I'm just getting lip service...
3650,270,16,44,136,196,1.3877551020408163,0.04532879251417056,667,So what kind of couch do you have for patients with an anal fixation?
1789,270,18,40,138,196,1.3877551020408163,0.04646887859962962,667,I feel like I'm putting words into your mouth
1729,270,13,50,133,196,1.3877551020408163,0.04356275426922797,667,"Did your couch just say “feed me, Seymour”?"
1196,270,14,48,134,196,1.3877551020408163,0.04415928196062901,667,Just between you and me Doc ... your couch sucks.
140,276,14,49,136,199,1.3869346733668342,0.043688506538239476,667,Freud would have a field day with this couch.
950,276,15,47,137,199,1.3869346733668342,0.04426561248046261,667,Can you just gloss over that last part?
2256,276,12,53,134,199,1.3869346733668342,0.04251079761759835,667,"I'm wondering, could you leave me and your couch alone for awhile?"
4094,276,14,49,136,199,1.3869346733668342,0.043688506538239476,667,So... what do your anally fixated patients sit on?
4395,280,12,52,133,197,1.385786802030457,0.042784626540971725,667,I’m a little nervous about what props you’ll be using when I progress to the next stage.
5283,280,12,52,133,197,1.385786802030457,0.042784626540971725,667,If I get lipstick on my shirt you’re explaining it to my wife.
1171,282,9,57,129,195,1.3846153846153846,0.04118064822020497,667,"I just don’t get the symbolism, Dr. Lipman."
1811,282,16,43,136,195,1.3846153846153846,0.045452419589860384,667,This beats my treatment for anal fixation.
360,282,18,39,138,195,1.3846153846153846,0.046601058301106627,667,I keep having Jumpin' Jack Flashbacks.
5956,285,13,47,131,191,1.382198952879581,0.04426288499573017,667,I feel as if I am being swallowed alive
5697,285,15,43,133,191,1.382198952879581,0.0454909462435027,667,"With the amount you charge me per hour, THIS is the couch you decided to buy?"
3829,287,17,40,137,194,1.3814432989690721,0.04615821185055319,667,I know when I’m licked.
3557,287,16,42,136,194,1.3814432989690721,0.04557592095874617,667,"Honestly, I come here not to have my ass kissed."
4453,287,15,44,135,194,1.3814432989690721,0.0449860936427604,667,You're telling me that sometimes a couch is just a couch?
1701,287,11,52,131,194,1.3814432989690721,0.04254509162317698,667,"Yes, it does feel relieving to finally have MY butt kissed."
3072,287,18,38,138,194,1.3814432989690721,0.0467332480279642,667,"A new Freudian ""slip"" cover, Doc?"
1011,287,15,44,135,194,1.3814432989690721,0.0449860936427604,667,This is actually the same shade of lipstick my mother was wearing the day she went out for mustard and never came back.
415,287,14,46,134,194,1.3814432989690721,0.04438842947472389,667,Do you ever get the feeling that everyone is just kissing your ass?
1312,287,14,46,134,194,1.3814432989690721,0.04438842947472389,667,You think *I* have an oral fixation?
1294,295,16,45,141,202,1.381188118811881,0.044290963470416916,667,Do you have a couch for every fixation?
1637,296,11,50,128,189,1.380952380952381,0.04328467007886533,667,My other personality is asking if it comes in turquoise.
2905,296,16,40,133,189,1.380952380952381,0.04642196802684519,667,You should see what my proctologist makes me sit on!
4958,296,16,40,133,189,1.380952380952381,0.04642196802684519,667,"Not everything is due to an oral fixation, you know."""
5552,296,18,36,135,189,1.380952380952381,0.047619047619047616,667,I liked the vagina.
724,300,16,43,138,197,1.380710659898477,0.04507400952319879,667,And you're sure these lips are sealed?
5254,300,21,33,143,197,1.380710659898477,0.04786076867295141,667,"In the name of fairness, shouldn’t you be sitting on a pile of money?"
5463,302,14,43,130,187,1.3796791443850267,0.04551116559353819,667,I know it's only a couch but I still feel guilty.
3031,302,17,37,133,187,1.3796791443850267,0.047368441102545095,667,"Ironically, that’s when I told her she could kiss my ass."
1369,302,14,43,130,187,1.3796791443850267,0.04551116559353819,667,I feel like a tongue.
5516,305,9,54,127,190,1.3789473684210527,0.04179080570846056,667,Am I glossing over something?
580,305,18,36,136,190,1.3789473684210527,0.04741017374566751,667,I can't always get what I want.
2449,305,11,50,129,190,1.3789473684210527,0.043102912045894254,667,Thanks Bill. This new couch is the most affection I've felt in a while.
2867,305,17,38,135,190,1.3789473684210527,0.04681911769840908,667,"I feel like a cigarette,  mind if I smoke?"
3721,305,14,44,132,190,1.3789473684210527,0.04499939337865333,667,I hope I don’t come across too tongue-in-cheek.
6109,305,15,42,133,190,1.3789473684210527,0.045614035087719294,667,Can we move on to my foot fetish?
594,311,13,44,128,185,1.3783783783783783,0.04518974018409269,667,So sometimes it’s just a love seat?
2993,311,16,38,131,185,1.3783783783783783,0.047099637340931644,667,I don't care if it's iconic...it's uncomfortable!
4007,311,13,44,128,185,1.3783783783783783,0.04518974018409269,667,My life seems a bit surreal these days
3182,314,17,31,124,172,1.377906976744186,0.0503071101828824,667,And thanks again for letting me bring my own couch.
3481,315,12,47,129,188,1.377659574468085,0.044040112655630376,667,"And, where do you think it comes from, this fear of being eaten?"
801,315,16,39,133,188,1.377659574468085,0.04655199991902085,667,The Freudian lip's a nice touch.
308,315,14,43,131,188,1.377659574468085,0.045313464992103245,667,How do I explain the lipstick to my wife?
5514,318,12,39,116,167,1.377245508982036,0.04775968392216074,667,You took the words right out of my mouth.
5448,319,11,47,125,183,1.3770491803278688,0.04417134937227653,667,Are you sure I'M the one with the oral fixation?
1609,319,11,47,125,183,1.3770491803278688,0.04417134937227653,667,"By the way, you got a breath mint?"
3029,319,15,39,129,183,1.3770491803278688,0.046811377536621915,667,I think I know why you’re losing clients.
3268,319,11,47,125,183,1.3770491803278688,0.04417134937227653,667,Is the couch free Saturday night?
4298,319,17,35,131,183,1.3770491803278688,0.048077058433626835,667,I feel like a large Tootsie Roll in the mouth of life.
5390,319,17,35,131,183,1.3770491803278688,0.048077058433626835,667,"You're not going to believe this, but Mick Jagger has the same issue."
317,325,16,38,132,186,1.3763440860215055,0.04688987821918392,667,"You seem a bit down in the mouth again, Trevor. Tell me, what’s eating at you?"
1543,325,18,34,134,186,1.3763440860215055,0.04811346959995193,667,"You asked Alexa to find a loveseat, didn't you?"
5935,325,10,50,126,186,1.3763440860215055,0.04301075268817203,667,I can't relax......I keep wondering where the teeth are......
727,328,12,44,125,181,1.3756906077348066,0.04516290636730369,667,This really isn't helping with my mommy issues.
351,329,11,49,129,189,1.3756613756613756,0.04320547289134022,667,I'm not making much progress on my fixation but I'm learning a lot about yours.
4346,330,16,37,131,184,1.375,0.04723433290308269,667,My father was a rolling stone.
620,330,15,39,130,184,1.375,0.046601348409210916,667,"You know, Doc, without any shame, I do feel more comfortable with people kissing my ass."
344,330,10,49,125,184,1.375,0.043297840793090216,667,I’m feeling oddly aroused right now.
3316,333,14,39,126,179,1.3743016759776536,0.0468457013211158,667,Sometimes a couch is just a couch...but not this time.
3420,333,9,49,121,179,1.3743016759776536,0.043366648926079256,667,Remind me how this will help me get over my oral fixation?
4449,333,9,49,121,179,1.3743016759776536,0.043366648926079256,667,My ear is being reupholstered.
1799,333,15,37,127,179,1.3743016759776536,0.047510950641984274,667,I feel like I'm being consumed by my wife!
4865,333,13,41,125,179,1.3743016759776536,0.04617086780242834,667,I can't get Mick Jagger out of my mind.
4996,333,11,45,123,179,1.3743016759776536,0.04479070926379222,667,"Thanks, but I still don't feel loved."
6213,333,11,45,123,179,1.3743016759776536,0.04479070926379222,667,My mother wore this shade.
3203,333,10,47,122,179,1.3743016759776536,0.04408442965170001,667,"Doc, I gotta tell you. It’d make you look a lot better if you just lost the lip shtick."
4642,333,16,35,128,179,1.3743016759776536,0.048167012877517554,667,It's shaped that way because I only offer lip service.
3198,333,15,37,127,179,1.3743016759776536,0.047510950641984274,667,You think all of my problems are really just oral fixations.
786,333,12,43,124,179,1.3743016759776536,0.045486023512629,667,"I don't understand. You say you're a Jungian, but your couch is a Freudian?"
2304,333,11,45,123,179,1.3743016759776536,0.04479070926379222,667,My other analyst saw everything in black and white.
109,333,17,33,129,179,1.3743016759776536,0.04881425845161245,667,I've never noticed how drab your chair is.
489,333,13,41,125,179,1.3743016759776536,0.04617086780242834,667,Still working on your erotic novel?
2800,333,14,39,126,179,1.3743016759776536,0.0468457013211158,667,"Do you have anything YOU need to share, Doctor?"
1705,333,14,39,126,179,1.3743016759776536,0.0468457013211158,667,I always feel like I'm in a Cartoon in the New Yorker!
2019,333,11,45,123,179,1.3743016759776536,0.04479070926379222,667,"Despite it all, I'm trying to keep a stiff upper lip."
2861,350,17,34,131,182,1.3736263736263736,0.04821927890792034,667,Have you noticed we're not in color?
5998,350,11,46,125,182,1.3736263736263736,0.04428117264740492,667,What exactly do you mean by “Freudian lip?”
4128,350,10,48,124,182,1.3736263736263736,0.04359024527499465,667,Some chapstick would be nice.
2514,353,14,42,132,188,1.372340425531915,0.045234930616849564,667,I hope this shade is smudge proof because my wife does not know that I am seeing you.
4985,354,14,41,131,186,1.3709677419354838,0.04555295764494357,667,Do you call this talk therapy or lip service?”
1827,355,15,36,127,178,1.3707865168539326,0.04764767123481961,667,Really? This is the couch you use to treat my Oedipus complex?
2269,355,11,44,123,178,1.3707865168539326,0.044904127714790396,667,Sometime I feel like Im just paying for lip service.
2403,355,13,40,125,178,1.3707865168539326,0.0462962269517056,667,"Right, Freudian Lip. Good one."
3589,355,13,40,125,178,1.3707865168539326,0.0462962269517056,667,"Really, I think I just need a hug."
4706,355,12,42,124,178,1.3707865168539326,0.04560548933949749,667,"So Doc, you really think this will cure my lisp."
5520,355,10,46,122,178,1.3707865168539326,0.044191636242137435,667,I'm tired of paying for lip service.
1464,361,15,35,126,176,1.3693181818181819,0.048010523123358205,667,Does it bite?
3684,362,15,34,125,174,1.367816091954023,0.04838078773353713,667,"What do you mean, “you can’t always get what you want”?"
4756,362,13,38,123,174,1.367816091954023,0.04698743540146684,667,does it vibrate?
3390,362,12,40,122,174,1.367816091954023,0.04627502909293241,667,Not a tremendous amount of lumbar support but a collagen injection should firm it up.
2367,362,14,36,124,174,1.367816091954023,0.04768920059785337,667,...and I'd like a moment alone with your couch?
2025,366,11,44,125,180,1.3666666666666667,0.04449872538783721,667,"She had the most luscious lips, and everything I see reminds me of them."
1863,367,13,37,122,172,1.3662790697674418,0.0473435560690125,667,And I'M the one in the closet?
2055,367,16,31,125,172,1.3662790697674418,0.049451093711593334,667,I'm only comfortable when someone's kissing my ass.
4791,367,14,35,123,172,1.3662790697674418,0.04805633940765861,667,If this couch could talk...
5571,367,17,29,126,172,1.3662790697674418,0.05013392190201299,667,How does it feel? Like a Rolling Stone.
6179,367,14,35,123,172,1.3662790697674418,0.04805633940765861,667,I’ve always had Dada issues.
4750,372,12,40,123,175,1.3657142857142857,0.04605782248395386,667,I'm starting to think that my real problem is this couch.
5060,372,14,36,125,175,1.3657142857142857,0.04746246835076096,667,It was on sale.
5279,372,14,36,125,175,1.3657142857142857,0.04746246835076096,667,"No matter how you couch it, it's really just lip service."
5826,375,13,35,119,167,1.3652694610778444,0.04831724383722153,667,"I asked you to help me be a chap who sticks to his guns, not a chap stick that sits on some gums"
3132,376,10,45,123,178,1.3651685393258426,0.04409671111237305,667,"I don't know, I always just feel like I'm so close to the kiss of death."
4848,376,12,41,125,178,1.3651685393258426,0.045513513103975056,667,"And, inexplicably, I'm terrified of clowns."
3920,376,15,35,128,178,1.3651685393258426,0.04755964456629324,667,"Mind if I give you some advice this time?"""
516,376,14,37,127,178,1.3651685393258426,0.0468875230653458,667,"So, what stage do we cover on the brown sofa?"
5989,376,12,41,125,178,1.3651685393258426,0.045513513103975056,667,Do you find it odd that we’re both in black and white?
1465,376,14,37,127,178,1.3651685393258426,0.0468875230653458,667,Fellatio comes to mind.
4351,376,14,37,127,178,1.3651685393258426,0.0468875230653458,667,Did I ever tell you about my fear of clowns?
2498,383,16,30,124,170,1.3647058823529412,0.049847744267585196,667,For some reason I keep thinking of Alexandria Ocasio-Cortez.
6202,383,10,42,118,170,1.3647058823529412,0.04546554456861708,667,So what's with the Freudian slipcover?
5841,383,17,28,125,170,1.3647058823529412,0.050541183730111135,667,I see you enjoyed my garage sale last weekend.
3680,383,12,38,120,170,1.3647058823529412,0.04697172587279992,667,It's a little creepy that it's the same color as my mother's lip stick.
4072,387,12,39,122,173,1.3641618497109826,0.046397945061846156,667,Your couch is chapped.
5259,387,15,33,125,173,1.3641618497109826,0.04852225583522639,667,Before we begin...can I borrow a breath mint?
4137,387,12,39,122,173,1.3641618497109826,0.046397945061846156,667,I can't shake the feeling you're just paying lip service to my problems.
3903,387,7,49,117,173,1.3641618497109826,0.04262279472692575,667,"I know, but sometimes a couch is just a couch..."
1361,387,10,43,120,173,1.3641618497109826,0.04492596838923694,667,Now this is lip service
977,387,13,37,123,173,1.3641618497109826,0.04711669174600211,667,"Doc, I see her lips everywhere"
2650,387,14,35,124,173,1.3641618497109826,0.04782463775308154,667,"When I told you last week to kiss my ass, I meant it figuratively!"
767,394,14,33,121,168,1.3630952380952381,0.04881369647015724,667,And then she told me I was objectifying her!  Where do women come up with this crap?
2297,394,11,39,118,168,1.3630952380952381,0.04657165409121202,667,Do you have any breath mints...?!
5097,394,14,33,121,168,1.3630952380952381,0.04881369647015724,667,Are those new shoes?
4673,397,13,36,122,171,1.3625730994152048,0.047475109925925935,667,Big Rolling Stones fan?
6130,397,15,32,124,171,1.3625730994152048,0.04890281138838091,667,Have you considered a Freudian slip cover?
6039,397,11,40,120,171,1.3625730994152048,0.046003121233998294,667,"My advice to you, Doc-stay away from garage sales."
5976,397,13,36,122,171,1.3625730994152048,0.047475109925925935,667,"...so I told her, I've had about all the lip I'm gonna take around here, and she said I should come and talk to you..."
4907,397,10,42,119,171,1.3625730994152048,0.04524917362411762,667,I have this reoccurring dream that I'm being swallowed.
4849,397,10,42,119,171,1.3625730994152048,0.04524917362411762,667,"I have to tell you, Doctor, it has become increasingly difficult to discuss my mother since you got the new couch."
4544,397,14,34,123,171,1.3625730994152048,0.048194247707409585,667,I feel like I'm surrounded by ass-kissers.
4083,397,14,34,123,171,1.3625730994152048,0.048194247707409585,667,Having my ass kissed is why I'm here in the first place.
3804,397,13,36,122,171,1.3625730994152048,0.047475109925925935,667,Your couch just told me I can't always get what I want.
3380,397,11,40,120,171,1.3625730994152048,0.046003121233998294,667,"I know that I came here to talk about my problems, but perhaps you have some issues that you'd like to discuss with someone?"
2583,397,10,42,119,171,1.3625730994152048,0.04524917362411762,667,Seems I'm not the only one who can't resist a sale!
2381,397,12,38,121,171,1.3625730994152048,0.046744910021031684,667,I had the Rocky Horror Movie dream again.
261,397,10,42,119,171,1.3625730994152048,0.04524917362411762,667,"It's eating me up, doc."
1155,397,9,44,118,171,1.3625730994152048,0.04448244894406263,667,"So, how do you treat the other fixations?"
929,397,13,36,122,171,1.3625730994152048,0.047475109925925935,667,Everything I see reminds me of her.
857,397,10,42,119,171,1.3625730994152048,0.04524917362411762,667,I just can't seem to shake my oral fixation.
656,397,6,50,115,171,1.3625730994152048,0.04209857379113845,667,"I feel like something’s gnawing at me, Doctor.”"
377,397,13,36,122,171,1.3625730994152048,0.047475109925925935,667,This is like the fourth Freudian analysis cartoon that the New Yorker crew has selected in the past six months. I think they must have issues.
374,397,13,36,122,171,1.3625730994152048,0.047475109925925935,667,"What's harder, listening or trying not to laugh?"
1825,397,10,42,119,171,1.3625730994152048,0.04524917362411762,667,Everywhere I turn I'm reminded of her.
189,397,16,30,125,171,1.3625730994152048,0.049601254130233044,667,Maybe you’re the one with the oral fixation.
6150,418,11,38,117,166,1.3614457831325302,0.04692565683627859,667,At a garage sale? I hope you had it cleaned.
937,418,9,42,115,166,1.3614457831325302,0.045342899877054754,667,Are you sure it's me who has the oral fixation here?
4587,418,14,32,120,166,1.3614457831325302,0.04920442378383809,667,"Thank you for seeing me, Dr. Revlon."
1942,421,10,41,118,169,1.3609467455621302,0.04557877715302305,667,What shape of couch do the women lay on?
2885,421,10,41,118,169,1.3609467455621302,0.04557877715302305,667,Can you speak up? I’m not a lip reader.
1462,421,15,31,123,169,1.3609467455621302,0.04929134627334057,667,You sure my insurance doesn't cover the leather couch?
3544,421,11,39,119,169,1.3609467455621302,0.04634508932885578,667,"Doc, I need more than just lip service."
4481,421,10,41,118,169,1.3609467455621302,0.04557877715302305,667,Do you think I'll be ready for the labia in a few sessions?
5472,421,10,41,118,169,1.3609467455621302,0.04557877715302305,667,Does this sofa open up?
1315,421,11,39,119,169,1.3609467455621302,0.04634508932885578,667,Kiss off !
2755,421,15,31,123,169,1.3609467455621302,0.04929134627334057,667,"I said “sweetheart, your lips look like my shrinks couch” ....Then she walked out on me."
944,421,13,35,121,169,1.3609467455621302,0.04784090364080714,667,This is much more comfortable than the mustache.
783,421,10,41,118,169,1.3609467455621302,0.04557877715302305,667,"I'm sorry, Doctor! But I just keep thinking, ""Loose lips sink ships."""
630,421,16,29,124,169,1.3609467455621302,0.050000791949458674,667,"Very comfortable, is it old Freudian or early Heidi Fleiss?"
547,421,14,33,122,169,1.3609467455621302,0.048571539396066905,667,My preference is a therapist that’s all EARS
5525,421,10,41,118,169,1.3609467455621302,0.04557877715302305,667,I understand that this is couples' counseling to explore our relationship. Just wondering what my wife sits on. . .
1279,421,13,35,121,169,1.3609467455621302,0.04784090364080714,667,I'm relieved it's not the French edition.
5937,421,9,43,117,169,1.3609467455621302,0.044799358797088275,667,I feel as if I've glossed over a few issues.
2994,436,13,34,120,167,1.3592814371257484,0.04821431252888617,667,My mother used a different color
3887,436,9,42,116,167,1.3592814371257484,0.04512250508407338,667,Are  you sure this is going to help my oral fixation?
4038,436,11,38,118,167,1.3592814371257484,0.04669400602698027,667,It seems firmer than last time.  Did you add Botox?
2226,436,8,44,115,167,1.3592814371257484,0.04431586169950335,667,"I feel like when I'm here, I get something my wife never gives me."
2032,436,13,34,120,167,1.3592814371257484,0.04821431252888617,667,"I just think it kind of says, ""Kiss my ass."""
151,441,10,38,114,162,1.3580246913580247,0.04684451629808652,667,I had you pegged as more of a Beatles guy.
3731,441,12,34,116,162,1.3580246913580247,0.048453804591639095,667,"I can't get no, oh, no, no, no, hey, hey, hey 
That's what I say"
1697,443,13,33,119,165,1.3575757575757577,0.04859558676800869,667,Sometimes a couch is not just a couch.
1753,443,8,43,114,165,1.3575757575757577,0.044631624475142136,667,I’m feeling a little down in the mouth
2394,443,11,37,117,165,1.3575757575757577,0.04705009450906852,667,"O k, read my lips!"
4416,443,13,33,119,165,1.3575757575757577,0.04859558676800869,667,I used to sit in that same chair.
5799,443,14,31,120,165,1.3575757575757577,0.04935018625430356,667,Is that a tongue I feel?
1061,448,9,43,119,171,1.3567251461988303,0.044373778303844785,667,Of course I'm frustrated.  All you ever answer is 'what store do YOU think the couch came from'?
1562,449,14,29,117,160,1.35625,0.05042810047592576,667,I don't think I can say anything about my wife. I already feel like she's talked to you.
766,449,12,33,115,160,1.35625,0.048844248517174955,667,I would return it and get the sectional.
2502,449,14,29,117,160,1.35625,0.05042810047592576,667,Where'd you get that chair?
5203,452,12,34,117,163,1.3558282208588956,0.04820569109267115,667,"I don't know, Doc., I'm just feeling a little down in the mouth."
3842,452,11,36,116,163,1.3558282208588956,0.04741358762720982,667,Is it an edible complex?
3914,452,12,34,117,163,1.3558282208588956,0.04820569109267115,667,"Frankly, I like the Beatles more."
5837,455,15,29,122,166,1.355421686746988,0.049837311257255844,667,"A whole body blow job! Thank you, Doctor!"
1750,456,10,29,99,138,1.355072463768116,0.05224336268908296,667,It’s Mrs. Potato Head. She’s all I think about.
5633,457,11,34,113,158,1.3544303797468353,0.04841763588708841,667,"If this couch could talk, what would it say?"
1529,458,12,33,116,161,1.3540372670807452,0.04859032848598247,667,"Actually, I more of a Beatles fan."
3881,458,10,37,114,161,1.3540372670807452,0.04696531187238183,667,I feel pouty.
4506,458,12,33,116,161,1.3540372670807452,0.04859032848598247,667,How about $75 an hour and I’ll reupholster this couch in earth tones?
4832,458,14,29,118,161,1.3540372670807452,0.05016273044284242,667,"I understand your couch is designed to look like lips, but why is it moist?"
6034,458,12,33,116,161,1.3540372670807452,0.04859032848598247,667,I’ve always liked having my ass kissed.
1776,463,13,37,128,178,1.353932584269663,0.04601226352078545,667,"Me and my big mouth, doctor..."
2508,464,13,32,119,164,1.353658536585366,0.04873370493441961,667,Do you mind if I lie on my stomach?
4391,465,11,33,112,156,1.3525641025641026,0.04881091213090623,667,I just can't seem to get me no ... well ... satisfaction.
3355,465,8,39,109,156,1.3525641025641026,0.046199201131996555,667,"To be honest, Doc, I'm not sure this ""Emoji Immersion Therapy"" is working for me...."
4719,465,12,31,113,156,1.3525641025641026,0.04965096302177674,667,Now I get why it’s called  ‘kiss and tell.’
6121,465,8,39,109,156,1.3525641025641026,0.046199201131996555,667,"Yes, L- I-P-S-C-H-I-T-Z!"
5170,465,9,37,110,156,1.3525641025641026,0.04708587018600659,667,"Since I have become CEO, I feel like everyone is kissing up to me."
3082,465,8,39,109,156,1.3525641025641026,0.046199201131996555,667,"Recently, it feels like the world might chew me up and spit me out."
5014,465,9,37,110,156,1.3525641025641026,0.04708587018600659,667,What happened to the high-heel chair?
2899,465,8,39,109,156,1.3525641025641026,0.046199201131996555,667,"To be perfectly honest, this is the most aroused I've felt in months."""
5461,465,11,33,112,156,1.3525641025641026,0.04881091213090623,667,"I don't know why, Doc, but it's only during our sessions that I feel the need to wear a garter belt, mesh stockings and very high heels."
1953,465,14,27,115,156,1.3525641025641026,0.051289805038305866,667,It gives me comfort to know you're a Stones fan too.
1231,465,10,35,111,156,1.3525641025641026,0.04795614827227325,667,"I was joking when I said, ""Bite me!"""
866,465,11,33,112,156,1.3525641025641026,0.04881091213090623,667,Is this where you say “Sometimes a cigar is just a cigar”?
614,465,10,35,111,156,1.3525641025641026,0.04795614827227325,667,I feel like your choice of this sofa is a cry for help.
2308,465,10,35,111,156,1.3525641025641026,0.04795614827227325,667,"How much longer 'til we arrive at the genital stage, Doc?"
6062,479,15,26,118,159,1.3522012578616351,0.051363360402196474,667,Sometimes a giant red lips couch is just a giant red lips couch.
6181,479,12,32,115,159,1.3522012578616351,0.048983265551674905,667,And I have a recurring dream that I am being eaten by Mick Jagger.
5979,479,13,30,116,159,1.3522012578616351,0.049789273945358044,667,"Don't get me wrong, it's been nice talking to you but how did you get in my house again?"
5959,479,12,32,115,159,1.3522012578616351,0.048983265551674905,667,Do loose lips comfort Freudian slips?
3464,479,13,30,116,159,1.3522012578616351,0.049789273945358044,667,Are you really listening or just kissing my butt?
4429,479,7,42,110,159,1.3522012578616351,0.04473592320055395,667,I feel guilty as hell for not taking off my dirty shoes.
3908,479,8,40,111,159,1.3522012578616351,0.045617039804286615,667,I expect more than lip service.
3708,479,10,36,113,159,1.3522012578616351,0.047330088868561035,667,"You can put lipstick on a sofa,Dr. Dali,but it's still a couch"
3693,479,11,34,114,159,1.3522012578616351,0.04816377070169956,667,So Mick Jagger is your patient too? Does he get more satisfaction than I?
3118,479,9,38,112,159,1.3522012578616351,0.046481456694104126,667,"I dunno doc, but sometimes I think you want me to make everything about sex, even if it isn't. Is this a new couch?"
3017,479,6,44,109,159,1.3522012578616351,0.04383709991212755,667,This isn’t helping my fear of intimacy.
1704,479,12,32,115,159,1.3522012578616351,0.048983265551674905,667,"Give it to me straight, Doc.  No lip service."
1698,479,12,32,115,159,1.3522012578616351,0.048983265551674905,667,"Did you say 'Freudian slips', or 'Freudian's lips'?"
1364,479,14,28,117,159,1.3522012578616351,0.050582440588665914,667,I've been thinking about growing a moustache.
470,479,9,38,112,159,1.3522012578616351,0.046481456694104126,667,Read my lips. No more psychoanalysis.
3099,479,10,36,113,159,1.3522012578616351,0.047330088868561035,667,Is it possible YOU'RE the one with the oral fixation?
4983,495,10,31,104,145,1.3517241379310345,0.05041117760824918,667,Perhaps I should be asking the questions.
2528,496,11,32,111,154,1.3506493506493507,0.04921285808890771,667,"As a matter of fact, my mother did wear this shade of red."
5678,496,12,30,112,154,1.3506493506493507,0.05006783237870982,667,There is some mistake.  I was referred here for the red carpet treatment
4957,496,5,44,105,154,1.3506493506493507,0.04373340570247512,667,She says I put words in her mouth.
4926,496,11,32,111,154,1.3506493506493507,0.04921285808890771,667,My Mother had the same couch.
4716,496,12,30,112,154,1.3506493506493507,0.05006783237870982,667,Life sometimes feels like a gentle kiss but mostly it sucks
3892,496,14,26,114,154,1.3506493506493507,0.051735410646382346,667,This is my 19th nervous breakdown.
3150,496,12,30,112,154,1.3506493506493507,0.05006783237870982,667,Do you mind if I speak to your couch alone?
2722,496,11,32,111,154,1.3506493506493507,0.04921285808890771,667,"Doc, I feel like a harmonica."
2697,496,9,36,109,154,1.3506493506493507,0.04745672266003775,667,In my line of work we call this 'leading the witness'.
2584,496,10,34,110,154,1.3506493506493507,0.04834276536830878,667,Does the anal stage have a couch too
1893,496,11,32,111,154,1.3506493506493507,0.04921285808890771,667,Tell Donald my lips are sealed
2178,496,7,40,107,154,1.3506493506493507,0.04563305435739002,667,What do you mean that I am obsessed with sex.  It’s your couch!
5810,496,7,40,107,154,1.3506493506493507,0.04563305435739002,667,"I can handle the couch, but not the tongue."
1157,496,13,28,113,154,1.3506493506493507,0.05090844995603576,667,I've got an overwhelming urge to masticate.  Is that normal?
1124,496,11,32,111,154,1.3506493506493507,0.04921285808890771,667,Suddenly I feel loved for the first time
203,496,17,20,117,154,1.3506493506493507,0.0541405580708276,667,"Just to recap, a moment on the lips is going to cost me what exactly?"
2495,496,16,22,116,154,1.3506493506493507,0.05335089118653071,667,Doc I'm having these recurring dreams about being the subject of some dumb-ass cartoonist!
2587,513,12,32,116,160,1.35,0.04872590518890323,667,So what exactly is an oral fixation?
5741,514,11,31,110,152,1.3486842105263157,0.04962377487511157,667,Is there an actual name for the irrational fear of being suffocated by Lady Gaga's lips?
447,514,14,25,113,152,1.3486842105263157,0.05219132265116283,667,"For some reason, I keep thinking of Holland."
1024,514,9,35,108,152,1.3486842105263157,0.04783557547865815,667,"Yes, I am quite uncomfortable, thank you."
2770,514,11,31,110,152,1.3486842105263157,0.04962377487511157,667,I think we should switch places.
4381,514,10,33,109,152,1.3486842105263157,0.0487378770271652,667,"What do you mean, ""I'll feel better in a lick""?"
2027,519,10,34,111,155,1.3483870967741935,0.04808311159896675,667,My inner adolescent likes it. But my inner child wants a racing car.
1854,519,12,30,113,155,1.3483870967741935,0.04979518031056258,667,A kiss on the cheeks was just what I needed.
3793,519,13,28,114,155,1.3483870967741935,0.05062950881376209,667,Why do I feel I'm only getting lip service?
5081,519,7,40,108,155,1.3483870967741935,0.0453940974065414,667,This isn't what I had in mind when you said 'immersion therapy.'
1821,519,14,26,115,155,1.3483870967741935,0.05145030945761344,667,"As your Therapist, I work much better when I'm lying down...."
337,519,10,34,111,155,1.3483870967741935,0.04808311159896675,667,What's eating at me?
1027,519,12,30,113,155,1.3483870967741935,0.04979518031056258,667,"Let me guess, oral fetish?"
263,519,9,36,110,155,1.3483870967741935,0.04720379688623911,667,Have you considered therapy?
2563,527,11,34,116,161,1.3478260869565217,0.047663472840973525,667,You don’t happen to have a giant half smoked cigarette we can dangle out of this couch.  It would make it so much easier to talk about my mother.
3472,528,9,40,118,167,1.347305389221557,0.044887327952379645,667,Is it weird to be aroused during therapy?
5484,529,7,38,105,150,1.3466666666666667,0.04632988093297065,667,Will these lips move if I lie?
5933,529,8,36,106,150,1.3466666666666667,0.04728576240134247,667,"By the way, your couch sucks."
5778,529,15,22,113,150,1.3466666666666667,0.05350085547135709,667,'Cause I try and I try and I try and I try
5648,529,10,32,108,150,1.3466666666666667,0.04914177696321292,667,This is the weirdest interview I’ve ever had
4213,529,11,30,109,150,1.3466666666666667,0.050043977676790835,667,I keep putting my foot in my mouth.
3775,529,9,34,107,150,1.3466666666666667,0.048222699888011124,667,"You mean, sometimes a couch is just a couch?"
3741,529,10,32,108,150,1.3466666666666667,0.04914177696321292,667,I was told you could cure a fixation on breasts.
2951,529,6,40,104,150,1.3466666666666667,0.04535385770417178,667,"I like this new red Freudian lipcover, uh, slipcover."
2593,529,9,34,107,150,1.3466666666666667,0.048222699888011124,667,"Lately, I feel like I’m on everyone’s lips."
2205,529,11,30,109,150,1.3466666666666667,0.050043977676790835,667,"I can't get no satisfaction, Doc."
1571,529,11,30,109,150,1.3466666666666667,0.050043977676790835,667,"A kiss is just a kiss, but this is ridiculous."
830,529,13,26,111,150,1.3466666666666667,0.05180126078524624,667,My life seems to be one Freudian's lips after another.
730,529,9,34,107,150,1.3466666666666667,0.048222699888011124,667,You think I’VE got an oral fixation.
409,529,8,36,106,150,1.3466666666666667,0.04728576240134247,667,Who else shares this office?
19,529,10,32,108,150,1.3466666666666667,0.04914177696321292,667,Just about everything I see reminds me of her.
4844,544,11,31,111,153,1.34640522875817,0.04935101822127012,667,"What do you mean, lip service?"
5101,544,9,35,109,153,1.34640522875817,0.047576510753365754,667,"No, really. This is much more comfortable than the chattering teeth."
5230,544,9,35,109,153,1.34640522875817,0.047576510753365754,667,"Well, what about YOUR oral fixation?"
5508,544,12,29,112,153,1.34640522875817,0.050214761888130455,667,"No therapeutic purpose actually, just a crazy bargain at a garage sale."
4780,544,8,37,108,153,1.34640522875817,0.04666395893470274,667,"The first word coming to my mind is, ""Houlihan."""
4276,544,13,27,113,153,1.34640522875817,0.05106389745688379,667,Actually this is a furniture store
6205,544,9,35,109,153,1.34640522875817,0.047576510753365754,667,Is there meant to be saliva on this couch?
2389,544,11,31,111,153,1.34640522875817,0.04935101822127012,667,What do you mean - down in the mouth?
5992,544,8,37,108,153,1.34640522875817,0.04666395893470274,667,So you really think I am orally fixated?
2143,544,11,31,111,153,1.34640522875817,0.04935101822127012,667,I see a red couch and I want to paint it black.
681,544,11,31,111,153,1.34640522875817,0.04935101822127012,667,How long will you be filling in for Dr. Frankenfurter?
538,544,11,31,111,153,1.34640522875817,0.04935101822127012,667,Just whose oral fixation are we discussing here?
58,544,8,37,108,153,1.34640522875817,0.04666395893470274,667,I always feel I'm getting the big kiss off.
2354,544,10,33,110,153,1.34640522875817,0.048471885536572966,667,Did you Botox your couch?
6088,544,11,31,111,153,1.34640522875817,0.04935101822127012,667,Sometimes I dream that I'm a cold sore.
292,559,6,36,97,139,1.3453237410071943,0.04757954363109632,667,Where did you say you went to school again?
1304,560,9,32,104,145,1.3448275862068966,0.04930485192994763,667,"How did I find you? Well, word of mouth, I guess..."
1371,561,9,33,106,148,1.3445945945945945,0.04861837938016613,667,Is a couch sometimes just a couch?
2350,561,8,35,105,148,1.3445945945945945,0.04766359355101678,667,I feel like you're trying to tell me something.
3261,561,10,31,107,148,1.3445945945945945,0.0495547724937871,667,Can you give me an hourly rate with just your couch?
5424,561,10,31,107,148,1.3445945945945945,0.0495547724937871,667,Is this one of those times when a sofa is just a sofa?
1111,561,10,31,107,148,1.3445945945945945,0.0495547724937871,667,"Does this couch fold out, by any chance?"
5094,561,13,25,110,148,1.3445945945945945,0.05226338552928525,667,I feel like I’m stuck in a New Yorker caption contest cartoon that frankly is just not very funny.
4936,561,11,29,108,148,1.3445945945945945,0.050473796570777524,667,I'm so tired of all the ass-kissing.
6019,561,8,35,105,148,1.3445945945945945,0.04766359355101678,667,Everything just seems surreal nowadays.
883,561,8,35,105,148,1.3445945945945945,0.04766359355101678,667,Ooooh!  It’s got a tongue!
5638,561,9,33,106,148,1.3445945945945945,0.04861837938016613,667,"Doc, can you get a more depressing couch?"
809,561,15,21,112,148,1.3445945945945945,0.05399369216581852,667,I fear the Apocalips is coming.
671,561,10,31,107,148,1.3445945945945945,0.0495547724937871,667,"Would you like to talk about your oral fixation, Doctor?"
229,561,7,37,104,148,1.3445945945945945,0.046689286638792134,667,"Oops, I shouldn't have said that. Me and my big mouth."
103,561,8,35,105,148,1.3445945945945945,0.04766359355101678,667,Do you find people open up more now?
5721,561,8,35,105,148,1.3445945945945945,0.04766359355101678,667,Do you ever feel like the MeToo movement is just waiting to sink its teeth into you?
842,561,7,37,104,148,1.3445945945945945,0.046689286638792134,667,I keep having this dream where I'm trapped in IKEA.
5932,561,8,35,105,148,1.3445945945945945,0.04766359355101678,667,They tell me you’re the best therapist in Las Vegas!
2472,578,12,28,111,151,1.3443708609271523,0.05064385243524546,667,I'm sure I would do better on a couch that doesn't remind me of my mother.
3801,578,14,24,113,151,1.3443708609271523,0.05235838262383609,667,Did I mention that I also wet the bed.
5389,578,10,32,109,151,1.3443708609271523,0.04886920654135704,667,I keep dreaming that I’m being eaten by Mick Jagger.
583,578,10,32,109,151,1.3443708609271523,0.04886920654135704,667,I don't know exactly.  Something is just eating at me.
5607,578,13,26,112,151,1.3443708609271523,0.0515082518654387,667,I'm not looking forward to the anal retentive couch.
1900,578,10,32,109,151,1.3443708609271523,0.04886920654135704,667,I'm glad you got rid of the Venus Fly Trap.
2154,584,8,37,109,154,1.344155844155844,0.04641449394607366,667,Then she swallows me whole and I wake up screaming.
3033,585,13,33,126,172,1.3430232558139534,0.04692417003864148,667,I feel like I’m stuck on first base.
839,586,9,31,103,143,1.3426573426573427,0.049725826744801964,667,Your Yelp reviews raved about the couch.
5447,586,8,33,102,143,1.3426573426573427,0.04872540188869176,667,I appreciate a good yard sale bargain as much as the next guy but...
4854,588,8,34,104,146,1.3424657534246576,0.04804968708871018,667,I have recurring dreams of being swallowed.
2938,588,10,30,106,146,1.3424657534246576,0.04997718531392182,667,"What do you mean, 'Spit it out?""'"
3064,588,12,26,108,146,1.3424657534246576,0.051833055808829215,667,"Mother/Dali complex, eh?"
4040,588,13,24,109,146,1.3424657534246576,0.05273650524798515,667,"Did your couch just whisper, ""Feed me...""?"
4163,588,10,30,106,146,1.3424657534246576,0.04997718531392182,667,"I've tried to tell you before Doc. I'm stuck in the anal stage, not oral."
4525,588,10,30,106,146,1.3424657534246576,0.04997718531392182,667,"Sorry, my lips are sealed"
4866,588,12,26,108,146,1.3424657534246576,0.051833055808829215,667,Mick sent me.
5000,588,12,26,108,146,1.3424657534246576,0.051833055808829215,667,"Hello, Dalí!"
2849,588,9,32,105,146,1.3424657534246576,0.049022910364568545,667,"I have this fantasy about oral sex, Doc ...."
5063,588,7,36,103,146,1.3424657534246576,0.047056339828267575,667,What do mean sometimes a couch is just a couch?
5278,588,9,32,105,146,1.3424657534246576,0.049022910364568545,667,"…and by the way, this couch is not helping."
5369,588,9,32,105,146,1.3424657534246576,0.049022910364568545,667,I know I need to work on my Dada issues.
5774,588,7,36,103,146,1.3424657534246576,0.047056339828267575,667,I think the collagen injections have made the couch a lot more comfortable.
4910,588,11,28,107,146,1.3424657534246576,0.050913577395343614,667,Hmmm... your mother gave you this couch? Go on please.
2465,588,10,30,106,146,1.3424657534246576,0.04997718531392182,667,It was obvious to everyone but me... papa was a rolling stone.
2857,588,9,32,105,146,1.3424657534246576,0.049022910364568545,667,"I know I failed the ink blots, but I’m pretty sure I’ve got this one."
1714,588,13,24,109,146,1.3424657534246576,0.05273650524798515,667,"Yes, this is already not helping."
1560,588,9,32,105,146,1.3424657534246576,0.049022910364568545,667,"Everywhere I look, something reminds me of her."
1532,588,9,32,105,146,1.3424657534246576,0.049022910364568545,667,"Given my issues with women, should I be on this one?"
1483,588,7,36,103,146,1.3424657534246576,0.047056339828267575,667,"For some reason, this couch speaks to me."
1110,588,12,26,108,146,1.3424657534246576,0.051833055808829215,667,You’re not a Rolling Stones fan are you?
1003,588,7,36,103,146,1.3424657534246576,0.047056339828267575,667,"Yes, I'm color blind.  Why do you ask?"
1002,588,6,38,102,146,1.3424657534246576,0.04604156607614298,667,"Love the Freudian Lips, by the way."
958,588,11,28,107,146,1.3424657534246576,0.050913577395343614,667,My crisis as a corporate mouthpiece is materializing in ways I never thought possible - I see loose lips everywhere
231,588,10,30,106,146,1.3424657534246576,0.04997718531392182,667,And I’m the one with the oral fixation?
2351,588,13,24,109,146,1.3424657534246576,0.05273650524798515,667,Restoration Freudware
5164,614,10,31,108,149,1.342281879194631,0.04927536953178356,667,"Incidentally, what happened to your giant hand chair?"
2442,614,12,27,110,149,1.342281879194631,0.05108279050353684,667,But is it art?
2657,616,9,30,102,141,1.3404255319148937,0.05015658079621688,667,Was the womb model out of stock?
5251,617,7,35,102,144,1.3402777777777777,0.04743129252027798,667,All the life is being sucked out of me.
5233,617,9,31,104,144,1.3402777777777777,0.049436602880804544,667,Do you hear whispers ?
5091,617,10,29,105,144,1.3402777777777777,0.050409352321959755,667,"My apologies if I misspoke when I laid down, Doctor. It must've been a...Freudian Lip."
4777,617,13,23,108,144,1.3402777777777777,0.053221030550852366,667,"This has been a real breakthrough for the ""Oral"" stage, but I'm a bit concerned about your furniture in the next room."
4548,617,9,31,104,144,1.3402777777777777,0.049436602880804544,667,"Lately, I've been having nightmares about being eaten alive by Mick Jagger."
4564,617,11,27,106,144,1.3402777777777777,0.05136368268187715,667,"How do I know you're not just giving lip service, doctor?"
4976,617,10,29,105,144,1.3402777777777777,0.050409352321959755,667,Did you say it was probably a Freudian's lip?
5286,617,12,25,107,144,1.3402777777777777,0.05230060225054453,667,I've been feeling a little down in the mouth.
4529,617,11,27,106,144,1.3402777777777777,0.05136368268187715,667,I hope my wife doesn't notice the lipstick.
5379,617,11,27,106,144,1.3402777777777777,0.05136368268187715,667,I've been a little down in the mouth lately.
2282,617,10,29,105,144,1.3402777777777777,0.050409352321959755,667,I'm not sure why but ever since I've begun therapy here I've wanted people to kiss my ass.
5585,617,10,29,105,144,1.3402777777777777,0.050409352321959755,667,"Hold on, it's right on the tip of my toungue ..."
5661,617,9,31,104,144,1.3402777777777777,0.049436602880804544,667,Can’t you just read my lips?
5817,617,8,33,103,144,1.3402777777777777,0.04844432482003723,667,"I'm not sure why, but I come here and always feel like singing happy birthday Mr. president."
5901,617,8,33,103,144,1.3402777777777777,0.04844432482003723,667,I’ll give you a hint:  the elephant in the room is not an elephant.
3847,617,7,35,102,144,1.3402777777777777,0.04743129252027798,667,"Actually, I'm thinking you might be the one with the oral fixation."
5965,617,11,27,106,144,1.3402777777777777,0.05136368268187715,667,I think you might be the one with the oral fixation.
5982,617,7,35,102,144,1.3402777777777777,0.04743129252027798,667,I'm terrified that she'll yawn.
6050,617,9,31,104,144,1.3402777777777777,0.049436602880804544,667,I take you have experience with oral fixation?
6168,617,7,35,102,144,1.3402777777777777,0.04743129252027798,667,"I’m okay with your décor for the oral stage, but doesn’t Freud say the next one is anal?"
5581,617,11,27,106,144,1.3402777777777777,0.05136368268187715,667,I keep glossing over details.
3259,617,10,29,105,144,1.3402777777777777,0.050409352321959755,667,"What comes after the oral phase, again?"
1852,617,12,25,107,144,1.3402777777777777,0.05230060225054453,667,I had no idea that getting my ass kissed would be therapeutic.
3202,617,10,29,105,144,1.3402777777777777,0.050409352321959755,667,"Yes, I know I'm orally fixated."
40,617,8,33,103,144,1.3402777777777777,0.04844432482003723,667,Why do I feel you couch everything as Freudian?
748,617,8,33,103,144,1.3402777777777777,0.04844432482003723,667,I feel like everybody is chewing me up and spitting me out.
1012,617,10,29,105,144,1.3402777777777777,0.050409352321959755,667,I keep dreaming I'm one of the  Rolling Stones.
1670,617,9,31,104,144,1.3402777777777777,0.049436602880804544,667,Do I have any lipstick on my collar?
3213,617,10,29,105,144,1.3402777777777777,0.050409352321959755,667,It's getting harder to explain the lipstick on my collar.
1969,617,12,25,107,144,1.3402777777777777,0.05230060225054453,667,I don't come here for lip service.
1997,617,6,37,101,144,1.3402777777777777,0.04639614653200286,667,"It's like I see parts of her everywhere I go."""
2147,617,7,35,102,144,1.3402777777777777,0.04743129252027798,667,"Doc, I need real answers, not just lip service."
2067,617,11,27,106,144,1.3402777777777777,0.05136368268187715,667,"Why, yes, Papa was a Rolling Stone."
2784,617,9,31,104,144,1.3402777777777777,0.049436602880804544,667,"Doc, my wife's gonna kill me when she sees the back of this suit."
2966,617,5,39,100,144,1.3402777777777777,0.04533737217675925,667,Let me guess. You're a Freudian therapist.
3126,617,9,31,104,144,1.3402777777777777,0.049436602880804544,667,So far all I've gotten from you is lip service.
2206,617,12,25,107,144,1.3402777777777777,0.05230060225054453,667,Loose Lips Sink Shrinks
4776,654,12,26,109,147,1.3401360544217686,0.05153193085304032,667,I made a Freudian lips.
1175,654,7,36,104,147,1.3401360544217686,0.046793162928624135,667,The sofa could really use a Freudian slipcover.
3161,656,8,36,109,153,1.3398692810457515,0.04651918932335233,667,I still see her ruby red lips everywhere.
3141,657,13,28,118,159,1.3396226415094339,0.049542279314078876,667,Do you mind if i have a few minutes alone?
4739,658,7,41,114,162,1.3395061728395061,0.043926921563811804,667,And this time try not to gloss over it.
3911,659,5,37,97,139,1.3381294964028776,0.04629304781657476,667,"I know you said to expect side effects, but I'm beginning to feel like I should have gone with the blue pill."
132,660,12,25,108,145,1.3379310344827586,0.05199164541562593,667,From my lips to your ears
1536,660,7,35,103,145,1.3379310344827586,0.047161467215927906,667,"Things just aren't as black and white as they used to be, doc."
2677,660,7,35,103,145,1.3379310344827586,0.047161467215927906,667,Really? MY oral fixation?
5592,660,7,35,103,145,1.3379310344827586,0.047161467215927906,667,It feels like I’m just lip-syncing.
5219,660,11,27,107,145,1.3379310344827586,0.051062175359175115,667,"'I am telling you, Doctor, this sucks."
4649,660,7,35,103,145,1.3379310344827586,0.047161467215927906,667,I guess this means it's time to confront my oral fixation?
3817,660,7,35,103,145,1.3379310344827586,0.047161467215927906,667,Why do you think all of your patients are orally fixated?
4367,660,13,23,109,145,1.3379310344827586,0.05290478838098876,667,Since coming here I've had nightmares about being eaten by a giant version of my mother.
5805,660,9,31,105,145,1.3379310344827586,0.04915053276603517,667,Maybe you should work through your own oral fixation first Doctor.
3719,660,10,29,106,145,1.3379310344827586,0.05011546978526813,667,It's just on the tip of the tongue.
5542,670,11,28,109,148,1.337837837837838,0.05032899124026018,667,Sometimes my life just feels like an actual New Yorker cartoon.
4747,671,7,34,102,143,1.3356643356643356,0.04753767129825505,667,And you say I’m the one with an oral fixation?
5235,671,7,34,102,143,1.3356643356643356,0.04753767129825505,667,"And people who have daddy issues, what do you make them lie on?"
2606,671,8,32,103,143,1.3356643356643356,0.048562570449889465,667,"Doc, do you ever feel like telling the whole world to just kiss off?"
5559,671,7,34,102,143,1.3356643356643356,0.04753767129825505,667,"This gives ""From my lips to your ears"" a new meaning"
5874,671,11,26,106,143,1.3356643356643356,0.05151506980893147,667,I feel like a smoke.
4098,671,10,28,105,143,1.3356643356643356,0.05055006786523187,667,Sure you can help me with my fear of saying 'no' to interior decorators?
3553,671,12,24,107,143,1.3356643356643356,0.05246232432573511,667,"I have the feeling I’m about to be eaten alive, doc. But I only feel that way here in your office."
3549,671,7,34,102,143,1.3356643356643356,0.04753767129825505,667,"Something’s eating me, doc, but I don’t know exactly what."
3493,671,11,26,106,143,1.3356643356643356,0.05151506980893147,667,"Lately, I just cain’t get no satisfaction!"
3457,671,9,30,104,143,1.3356643356643356,0.04956628193580806,667,"Now, regarding your oral fixation..."
3191,671,9,30,104,143,1.3356643356643356,0.04956628193580806,667,"No, I don't feel love.  I feel like I'm being tasted."
4344,671,4,40,99,143,1.3356643356643356,0.04432099980531054,667,I have this nagging fear I'm about to be swallowed up.
2493,671,6,36,101,143,1.3356643356643356,0.0464901832242185,667,Just one quick question-I’m not paying you for lip service am I?
514,671,11,26,106,143,1.3356643356643356,0.05151506980893147,667,I’m at a Freudian crossroads between Chapstick and dental floss.
2084,671,10,28,105,143,1.3356643356643356,0.05055006786523187,667,"I have this recurring dream that I'm being swallowed by a femme fatale."""
1933,671,12,24,107,143,1.3356643356643356,0.05246232432573511,667,I should've been a tongue depressor.
2325,671,8,32,103,143,1.3356643356643356,0.048562570449889465,667,"No offense, but I’m not the only one in the room stuck in the seventies..."
865,671,10,28,105,143,1.3356643356643356,0.05055006786523187,667,"My wife is complaining about the lipstick stains."""
602,671,13,22,108,143,1.3356643356643356,0.05339277600854027,667,"To be honest, my Rolling Stones obsession didn't start until I started seeing you."
584,671,12,24,107,143,1.3356643356643356,0.05246232432573511,667,I was told that I would be speaking with Dr. Jagger...
564,671,13,22,108,143,1.3356643356643356,0.05339277600854027,667,"Tomorrow night we do my fantasy, Dear."
306,692,8,33,105,146,1.3356164383561644,0.0478911903033344,667,I often feel like the world just wants to spit me out.
1826,693,8,31,102,141,1.3333333333333333,0.04896772986418029,667,Can I adjust this tongue cushion?
2619,693,9,29,103,141,1.3333333333333333,0.04999155619347184,667,I feel like everyone is giving me lip service....
3898,693,10,27,104,141,1.3333333333333333,0.050994831240418585,667,Tell me more about your fear of being eaten alive.
4428,693,9,29,103,141,1.3333333333333333,0.04999155619347184,667,If it’s just lip service why is it $180?
4894,693,8,31,102,141,1.3333333333333333,0.04896772986418029,667,I keep seeing her lips everywhere I go.
5562,693,7,33,101,141,1.3333333333333333,0.04792203507216295,667,Bold decorating choice but it’s making me a bit uncomfortable. After last week’s session I dreamt I was a cigar.
5416,693,8,31,102,141,1.3333333333333333,0.04896772986418029,667,Nothing's ever just black and white is it Doc?
1477,693,10,27,104,141,1.3333333333333333,0.050994831240418585,667,"Yes, doctor, but now instead of my stepmother, I keep dreaming of Tim Curry."
5605,693,8,31,102,141,1.3333333333333333,0.04896772986418029,667,'I got it in the divorce.'
5737,693,7,33,101,141,1.3333333333333333,0.04792203507216295,667,I've been dreaming about Angelina Jolie again.
5920,693,7,33,101,141,1.3333333333333333,0.04792203507216295,667,This is the same lipstick shade my mother wore.
4913,693,9,29,103,141,1.3333333333333333,0.04999155619347184,667,You think Jagger's shrink has got a couch like this?
1337,693,10,27,104,141,1.3333333333333333,0.050994831240418585,667,I just can't get no satisfaction.
3752,693,10,27,104,141,1.3333333333333333,0.050994831240418585,667,Why do I get the sense that your analysis is just lip service?
736,693,11,25,105,141,1.3333333333333333,0.051978745039030036,667,So this is what it feels like to have your ass kissed.
613,693,7,33,101,141,1.3333333333333333,0.04792203507216295,667,If I remember tripping while lying on one of these back in the 60s does it mean I didn't?
531,693,9,29,103,141,1.3333333333333333,0.04999155619347184,667,Is it supposed to be moist?
1017,693,9,29,103,141,1.3333333333333333,0.04999155619347184,667,"You’re not listening. Father called me “dipstick,” not “lipstick.”"
479,693,11,25,105,141,1.3333333333333333,0.051978745039030036,667,I'm been having recurring fantasies of Carol Channing.
460,693,11,25,105,141,1.3333333333333333,0.051978745039030036,667,These lips don’t lie!
4450,693,9,30,105,144,1.3333333333333333,0.04927603299909022,667,I'd like you to imagine that *you* are the cigarette.
1907,693,7,34,103,144,1.3333333333333333,0.04726391048016693,667,How much am I paying for this lip service?
3974,715,8,30,101,139,1.330935251798561,0.04938205275878442,667,"You know, doc, there are times when I believe I'll never lick this thing."
3935,715,7,32,100,139,1.330935251798561,0.048314829194731256,667,"Before we begin,could I see your confidentiality agreement."
3922,715,11,24,104,139,1.330935251798561,0.05245360214834921,667,I feel like you are just giving me lip service.
3609,715,9,28,102,139,1.330935251798561,0.05042669480767781,667,I have anxiety of being swallowed up by everything around me
4336,715,12,22,105,139,1.330935251798561,0.05343823343723684,667,"Played with your mother’s lipstick , did you?"
3562,715,6,34,99,139,1.330935251798561,0.047223493152886764,667,"Nothing you say makes much sense, but I'm only here for the couch."
3517,715,8,30,101,139,1.330935251798561,0.04938205275878442,667,Sometimes it feels like I’m just paying you for lip service.
3514,715,8,30,101,139,1.330935251798561,0.04938205275878442,667,Your orifice furnishings don’t compel me to embrace your Freudian paradigms.
3491,715,9,28,102,139,1.330935251798561,0.05042669480767781,667,"I'm telling you again, the signal was as green as this couch!"
3753,715,10,26,103,139,1.330935251798561,0.05145013084319604,667,What I really need is a hug.
4353,715,8,30,101,139,1.330935251798561,0.04938205275878442,667,"Sometimes, I just feel like I'm being swallowed whole."
4619,715,10,26,103,139,1.330935251798561,0.05145013084319604,667,Are you sure you don’t want to tell me about this couch?
4560,715,9,28,102,139,1.330935251798561,0.05042669480767781,667,I’m just so down in the mouth lately.
4596,715,7,32,100,139,1.330935251798561,0.048314829194731256,667,I bet you diagnose a lot of people with oral fixations.
4632,715,9,28,102,139,1.330935251798561,0.05042669480767781,667,"Actually, I think it’s this couch that’s helping me, not you!"
6052,715,8,30,101,139,1.330935251798561,0.04938205275878442,667,...and now there's this recurring nightmare about being devoured.
5980,715,13,20,106,139,1.330935251798561,0.05440504762839501,667,Are these the ones that sank all the ships?
5334,715,9,28,102,139,1.330935251798561,0.05042669480767781,667,My mother never let me sit on her couch.
5226,715,6,34,99,139,1.330935251798561,0.047223493152886764,667,I totally relate. My mother also wore red lipstick.
4987,715,7,32,100,139,1.330935251798561,0.048314829194731256,667,"To be completely frank, this may not be the most conducive environment to break my sex addiction."
4714,715,10,26,103,139,1.330935251798561,0.05145013084319604,667,You’ve got to stop showing up every time I lie down on this couch!
3332,715,8,30,101,139,1.330935251798561,0.04938205275878442,667,"Yes, I definitely feel more loved now."
4695,715,12,22,105,139,1.330935251798561,0.05343823343723684,667,"So, on Mondays, we deal with my oral fixation and on Thursdays we deal with my anal retentiveness?"
6171,715,8,30,101,139,1.330935251798561,0.04938205275878442,667,Would you recommend just keeping a stiff upper lip?
3314,715,5,36,98,139,1.330935251798561,0.046106332439323675,667,"See, and my wife won’t even let me keep the leg lamp."
1145,715,9,28,102,139,1.330935251798561,0.05042669480767781,667,Perhaps you have a racy little pillow for my shoes?”
861,715,9,28,102,139,1.330935251798561,0.05042669480767781,667,What does your hot tub look like?
539,715,7,32,100,139,1.330935251798561,0.048314829194731256,667,"Then again, I favor Victorian"
588,715,10,26,103,139,1.330935251798561,0.05145013084319604,667,I'm having my 19th nervous breakdown
3232,715,7,32,100,139,1.330935251798561,0.048314829194731256,667,Is this for real or am I  just paying for lip service?
1510,715,9,28,102,139,1.330935251798561,0.05042669480767781,667,I’m on the tip of its tongue
1553,715,10,26,103,139,1.330935251798561,0.05145013084319604,667,When can we talk about my own fixation?
1644,715,11,24,104,139,1.330935251798561,0.05245360214834921,667,"All I hear is blah, blah, blah..."
1797,715,9,28,102,139,1.330935251798561,0.05042669480767781,667,..:and sometimes I come to rest on other exaggerated parts of her body.
1875,715,12,22,105,139,1.330935251798561,0.05343823343723684,667,Can we go back to the ink blots? My pants are soaked.
1876,715,11,24,104,139,1.330935251798561,0.05245360214834921,667,"It makes me feel like I'm being devoured, but in a good way."
1906,715,8,30,101,139,1.330935251798561,0.04938205275878442,667,Fears of being devoured follow me everywhere.
2410,715,14,18,107,139,1.330935251798561,0.055354978294668684,667,This sucks.
2633,715,9,28,102,139,1.330935251798561,0.05042669480767781,667,"Doctor, every slip of the lips doesn't need to be couched in Freudian terms."
2642,715,6,34,99,139,1.330935251798561,0.047223493152886764,667,Your office decor isn't helping my oral fixation.
2731,715,10,26,103,139,1.330935251798561,0.05145013084319604,667,I can see her everywhere.
2753,715,11,24,104,139,1.330935251798561,0.05245360214834921,667,"Well yes, I have been to quite a few Rolling Stones concerts. Why do you ask?"
327,715,8,30,101,139,1.330935251798561,0.04938205275878442,667,I don't know why I keep thinking about oral sex.
1577,758,10,27,106,143,1.3286713286713288,0.05038629831645157,667,"But, enough about me..."
3250,758,10,27,106,143,1.3286713286713288,0.05038629831645157,667,"Doc, whenever I'm here I feel like I'm being sucked in."
3287,760,9,27,101,137,1.3284671532846715,0.05087205287110615,667,If I say any dirty words will it bite?
2610,760,9,27,101,137,1.3284671532846715,0.05087205287110615,667,I'm feeling absolutely delicious.
3097,760,10,25,102,137,1.3284671532846715,0.05191635551804841,667,Sometimes I feel you are just paying lip service to my problems.
3692,760,6,33,98,137,1.3284671532846715,0.047601881711265316,667,I take it you’re a big Stones fan.
3225,760,12,21,104,137,1.3284671532846715,0.05394434524755996,667,I'm afraid of being smeared.
4028,760,6,33,98,137,1.3284671532846715,0.047601881711265316,667,I sense my wife has already given you her side of the story.
3529,760,10,25,102,137,1.3284671532846715,0.05191635551804841,667,Sometimes I feel like she’s eating me alive.
3527,760,8,29,100,137,1.3284671532846715,0.049805858655030184,667,I feel like these sessions are eating me alive.
3592,760,8,29,100,137,1.3284671532846715,0.049805858655030184,667,"You know, I think I feel more at ease when we use the black moustache."
2600,760,11,23,103,137,1.3284671532846715,0.05294006211964782,667,Do you also have a special couch for your female patients?
4370,760,7,31,99,137,1.3284671532846715,0.04871633554988583,667,Have anything less pouty to lay on?
4390,760,6,33,98,137,1.3284671532846715,0.047601881711265316,667,"At the end of the day, I still can't get no satisfaction."
4413,760,8,29,100,137,1.3284671532846715,0.049805858655030184,667,"No, I didn't notice anything different. Is that a new tie?"
4425,760,9,27,101,137,1.3284671532846715,0.05087205287110615,667,"I'm not sure why, but I want to kiss your couch."
4883,760,8,29,100,137,1.3284671532846715,0.049805858655030184,667,Do you use a different couch with your female patients?
5103,760,10,25,102,137,1.3284671532846715,0.05191635551804841,667,I feel like  a couch tomato!
5198,760,9,27,101,137,1.3284671532846715,0.05087205287110615,667,I fear that I'm paying extra for lip service.
5761,760,10,25,102,137,1.3284671532846715,0.05191635551804841,667,"I don't know, everything reminds me of  Angelina Jolie"
4054,760,7,31,99,137,1.3284671532846715,0.04871633554988583,667,Oral what?
2189,760,7,31,99,137,1.3284671532846715,0.04871633554988583,667,Sometimes I feel like my problems are eating me alive.
3984,760,8,29,100,137,1.3284671532846715,0.049805858655030184,667,"Since you bought this new couch, I've developed an 0edible Complex."
2010,760,9,27,101,137,1.3284671532846715,0.05087205287110615,667,From these lips to your ears
1846,760,8,29,100,137,1.3284671532846715,0.049805858655030184,667,Do you happen to have a breath mint?
1382,760,10,25,102,137,1.3284671532846715,0.05191635551804841,667,"Frankly, I think you’re the one who needs help."
1243,760,10,25,102,137,1.3284671532846715,0.05191635551804841,667,"Yard sale or consignment shop, Doc?"
1058,760,10,25,102,137,1.3284671532846715,0.05191635551804841,667,Was Mick Jagger one of your clients?
954,760,11,23,103,137,1.3284671532846715,0.05294006211964782,667,And how do you handle anal fixations?
900,760,6,33,98,137,1.3284671532846715,0.047601881711265316,667,"...and by the way, smetimes a couch is NOT just a couch."
737,760,9,27,101,137,1.3284671532846715,0.05087205287110615,667,I’ve had the Edward Gorey color palette dream again.
2039,760,7,31,99,137,1.3284671532846715,0.04871633554988583,667,"I get it, doctor -- ""you can't always get what you want."""
735,760,8,29,100,137,1.3284671532846715,0.049805858655030184,667,"I don’t know what it is, but every time I visit your office I feel down in the mouth."
2678,791,9,26,99,134,1.328358208955224,0.05165439327085039,667,I keep dreaming of melting watches.
3339,791,9,26,99,134,1.328358208955224,0.05165439327085039,667,I'm glad you don't think I'm anal.
3782,791,11,22,101,134,1.328358208955224,0.05378306467139791,667,Read my lips: I want Prozac.
4166,791,9,26,99,134,1.328358208955224,0.05165439327085039,667,"Doc, am I your only patiennt stuck in the oral stage?"
4724,791,8,28,98,134,1.328358208955224,0.05055645847511103,667,I had that dream again... the one about my mother's lipstick.
4895,791,8,28,98,134,1.328358208955224,0.05055645847511103,667,My one concern about beginning this process with you is the turtle neck...its a bit ostentatious.
5797,791,8,28,98,134,1.328358208955224,0.05055645847511103,667,"Doctor, with all due respect, I believe YOU are the one with the oral fixation,”"
4978,791,7,30,97,134,1.328358208955224,0.04943414450470018,667,"I'm looking for more than lip service, doc."
5099,791,11,22,101,134,1.328358208955224,0.05378306467139791,667,Never mind my oral fixation.... where can I get a love seat like this?
5234,791,10,24,100,134,1.328358208955224,0.05272947178584024,667,What are you a doctor of?
2307,791,6,32,96,134,1.328358208955224,0.04828575144157467,667,If only this couch could talk.
5936,791,4,36,94,134,1.328358208955224,0.04590285493310231,667,Vintage never fits the way you think it will.
4940,791,8,28,98,134,1.328358208955224,0.05055645847511103,667,I am suffering from a fear of being swallowed.
1604,791,5,34,95,134,1.328358208955224,0.047109372121091606,667,Your sofa likes me.
2322,791,7,30,97,134,1.328358208955224,0.04943414450470018,667,You're the one with the stiff upper lip.
1522,791,7,30,97,134,1.328358208955224,0.04943414450470018,667,Lip service... interesting.
1549,791,10,24,100,134,1.328358208955224,0.05272947178584024,667,Do you have a blue couch for Democrats?
808,791,7,30,97,134,1.328358208955224,0.04943414450470018,667,"Yes the lips are very comfortable, but what happened to the rest of her?"
535,791,11,22,101,134,1.328358208955224,0.05378306467139791,667,Don't worry about confidentiality.  My lips are sealed.
3238,810,12,24,111,147,1.3265306122448979,0.05122965200028864,667,I feel like Im becoming her mouthpiece
1807,811,9,28,104,141,1.326241134751773,0.049818773800340825,667,I feel like everything is always on the tip of my tongue.
440,811,6,34,101,141,1.326241134751773,0.04666860674145276,667,"Doctor, this is just plain wrong."
378,811,10,26,105,141,1.326241134751773,0.05082545961979334,667,"What, you couldn’t afford the matching chair?"
4031,811,9,28,104,141,1.326241134751773,0.049818773800340825,667,Just spit it out.
3366,811,10,26,105,141,1.326241134751773,0.05082545961979334,667,"After seven years of therapy, I feel like I'm only getting lip service ."
2453,816,8,29,101,138,1.326086956521739,0.0495008871330691,667,"Doctor, I've heard of Freudian slips, but Freudian lips?!"""
689,816,8,29,101,138,1.326086956521739,0.0495008871330691,667,For some reason I am reminded of my first wife
1793,818,10,24,101,135,1.325925925925926,0.0523939130624497,667,Is smile therapy proven?
1890,818,11,22,102,135,1.325925925925926,0.0534385670233501,667,"I'm not paying for lip service, doc."
2210,818,9,26,100,135,1.325925925925926,0.05132800216725753,667,I am haunted by guilt for not having first removed my shoes.
2263,818,10,24,101,135,1.325925925925926,0.0523939130624497,667,Unfortunately my lips are sealed
2842,818,8,28,99,135,1.325925925925926,0.05023948135648348,667,You’re kidding Doc; You’ve really never noticed
3383,818,9,26,100,135,1.325925925925926,0.05132800216725753,667,"I said, “Read my lips.”"
4211,818,10,24,101,135,1.325925925925926,0.0523939130624497,667,"You knew Salvador as well? He was fun, wasn't he."
1709,818,10,24,101,135,1.325925925925926,0.0523939130624497,667,"I feel you’re just giving me lip service, Doc."
6023,818,7,30,98,135,1.325925925925926,0.049126847725606285,667,I am very anxious about a slip of the tongue.
5909,818,13,18,104,135,1.325925925925926,0.05546888393086855,667,"What do you mean "" start me up? """
5883,818,5,34,96,135,1.325925925925926,0.04682232937849013,667,Yes. It is the kiss of death.
5835,818,12,20,103,135,1.325925925925926,0.054463187246273276,667,My biggest issue today is why this couch is red and everything else is black and white.
5353,818,9,26,100,135,1.325925925925926,0.05132800216725753,667,Do you have anything for patients with an anal fixation?
4648,818,8,28,99,135,1.325925925925926,0.05023948135648348,667,How many smackers will this session set me back?
4358,818,10,24,101,135,1.325925925925926,0.0523939130624497,667,I feel insignificant...like a speck of food about to be wiped away by a giant napkin.
4067,818,13,18,104,135,1.325925925925926,0.05546888393086855,667,From my lips to Freud's ears
1424,818,7,30,98,135,1.325925925925926,0.049126847725606285,667,You say your mother left you this chair?
1330,818,9,26,100,135,1.325925925925926,0.05132800216725753,667,"The giant crib is more comfy and has a cool mobile."""
1191,818,5,34,96,135,1.325925925925926,0.04682232937849013,667,"Lately, I've been dreaming about The Rolling Stones.  I have no idea why -- I don't even LIKE The Rolling Stones."
951,818,7,30,98,135,1.325925925925926,0.049126847725606285,667,And then I dreamt that Marilyn swallowed me whole!
812,818,10,24,101,135,1.325925925925926,0.0523939130624497,667,I feel like my whole being is about to be swallowed up.
756,818,7,30,98,135,1.325925925925926,0.049126847725606285,667,Should I consider this a love seat?
729,818,9,26,100,135,1.325925925925926,0.05132800216725753,667,I feel like you just give me lip service.
715,818,8,28,99,135,1.325925925925926,0.05023948135648348,667,"Judging by the couch, you don't do marriage counseling."
457,818,10,24,101,135,1.325925925925926,0.0523939130624497,667,Are you sure you aren't an abnormal psychologist?
2975,843,6,31,95,132,1.3257575757575757,0.048688813118880785,667,I just came for the couch.
3011,843,11,21,100,132,1.3257575757575757,0.05430379938774966,667,"My feelings aren't the only thing eating away at me, doc."
3269,843,9,25,98,132,1.3257575757575757,0.05213043051747314,667,I'd rather not answer questions about my mother on this couch.
3305,843,7,29,96,132,1.3257575757575757,0.04986242015716074,667,I'm starting to think you're the one with the oral fixation.
3585,843,8,27,97,132,1.3257575757575757,0.05100903218973246,667,I thought this part of the story stayed in Vegas.
4922,843,7,29,96,132,1.3257575757575757,0.04986242015716074,667,'I remember when your office was a brothel.'
5914,843,7,29,96,132,1.3257575757575757,0.04986242015716074,667,I think I feel a tongue...
5684,843,8,27,97,132,1.3257575757575757,0.05100903218973246,667,"Each time I leave here, I feel there's something that I should tell her."
5769,843,7,29,96,132,1.3257575757575757,0.04986242015716074,667,"It’s actually comfortable, but is it meant to remind me that I am loved, or that I’m about to be consumed by my issues?"
2926,843,6,31,95,132,1.3257575757575757,0.048688813118880785,667,What couch?
6128,843,9,25,98,132,1.3257575757575757,0.05213043051747314,667,I suddenly have a compulsive need to use Chapstick.
6187,843,8,27,97,132,1.3257575757575757,0.05100903218973246,667,"You know, sometimes a couch is just a couch."
6190,843,5,33,94,132,1.3257575757575757,0.047486209597327994,667,Read my lips: I have issues.
5238,843,9,25,98,132,1.3257575757575757,0.05213043051747314,667,"I'm getting mixed messages from my ex-wife, my new girlfriend and now this couch"
2772,843,5,33,94,132,1.3257575757575757,0.047486209597327994,667,It all started with her big mouth!
3091,843,10,23,99,132,1.3257575757575757,0.05322820875194869,667,Thank you for accepting a non-traditional couple.
1743,843,9,25,98,132,1.3257575757575757,0.05213043051747314,667,So what kind of couch should I expect for “second base” therapy?
507,843,7,29,96,132,1.3257575757575757,0.04986242015716074,667,"I don’t need therapy, I just like your couch."
324,843,6,31,95,132,1.3257575757575757,0.048688813118880785,667,I know it's only rock and roll but I like it.
88,843,9,25,98,132,1.3257575757575757,0.05213043051747314,667,"It's comfortable, but it's not my shade."
2616,843,11,21,100,132,1.3257575757575757,0.05430379938774966,667,Everyone thinks I'm a sucker.
5363,864,12,22,108,142,1.323943661971831,0.052458578752493705,667,Dr Lipschitz why do I suddenly feel like everything in my life is surreal
5269,864,12,22,108,142,1.323943661971831,0.052458578752493705,667,Even here I feel like she's swallowing me whole.
3619,864,10,26,106,142,1.323943661971831,0.050518533658425714,667,My speech writing career topped out with 'Read my lips.'
5522,867,10,25,104,139,1.3237410071942446,0.051274881520466824,667,"I had the most distressing cold sore on my shoulder last week, do you think it's psychosomatic?"
5205,867,7,31,101,139,1.3237410071942446,0.04812816463643688,667,"Doc, I feel you place to much emphasis on the oral phase."
2859,867,9,27,103,139,1.3237410071942446,0.05024787617783062,667,What's love got to do with it?
2776,867,10,25,104,139,1.3237410071942446,0.051274881520466824,667,I didn't realize we both had oral fixations.
2345,871,8,28,100,136,1.3235294117647058,0.049926256011680284,667,I thought the whole idea of coming here was to not to be down in the mouth.
1004,872,7,29,97,133,1.3233082706766917,0.04954667149963756,667,"I must say, not everything about the '70s was bad."
388,872,13,17,103,133,1.3233082706766917,0.0560214214029729,667,I preferred the flamingo float toy for regression therapy
3148,872,6,31,96,133,1.3233082706766917,0.04838338030915421,667,Write this down. I don't like red.
3337,872,11,21,101,133,1.3233082706766917,0.053949581304250906,667,I’m glad I didn’t confess to an anal fixation.
4052,872,10,23,100,133,1.3233082706766917,0.052883231334244635,667,"Lately in my nightmares, I'm smothered in mustard."
5690,872,6,31,96,133,1.3233082706766917,0.04838338030915421,667,"The dreams continue, Doc!  All my relationships appear monochromatic, but inanimate objects vibrate with vivid colors and shout out sexual symbolism... and I feel somehow that our therapy sessions are not helping."
2927,872,7,29,97,133,1.3233082706766917,0.04954667149963756,667,What kind of couch do you use for the anal retentive?
1607,879,8,26,96,130,1.323076923076923,0.05147251452365186,667,I ‘m not feeling the love.
2644,879,5,32,93,130,1.323076923076923,0.04787105595510675,667,Rocky Horror Show? Never heard of it.
3058,879,9,24,97,130,1.323076923076923,0.05261825097591534,667,"Could I have a hug, too?"
3580,879,7,28,95,130,1.323076923076923,0.05030068754013894,667,"Wow, the brothel look has really taken over."
4260,879,10,22,98,130,1.323076923076923,0.05373956568619883,667,'Could you please make the lips quiver a bit?'
5408,879,8,26,96,130,1.323076923076923,0.05147251452365186,667,Must have been a good sale.
6035,879,6,30,94,130,1.323076923076923,0.04910090205519472,667,"I don’t know, Doc... I’ve just been feeling... a little puckered out."
6074,879,12,18,100,130,1.323076923076923,0.05591477522886956,667,From these colorful and comfortable lips to God's ears.
1896,879,7,28,95,130,1.323076923076923,0.05030068754013894,667,I feel like we are just paying lip service to my issues.
1142,879,10,22,98,130,1.323076923076923,0.05373956568619883,667,I take it you want me to start talking more during our sessions?
1204,879,8,26,96,130,1.323076923076923,0.05147251452365186,667,And people think that I'm sick.
615,879,7,28,95,130,1.323076923076923,0.05030068754013894,667,It's on the tip of my tongue
4764,891,8,26,97,131,1.3206106870229009,0.051137588085008234,667,"It's weird, everywhere I go, it's like she's mocking me."
5534,891,9,24,98,131,1.3206106870229009,0.05227325059003197,667,Why do I feel like this is all just lip service?
4674,891,6,30,95,131,1.3206106870229009,0.04878701969745001,667,Perhaps start with an oral history
3970,891,8,26,97,131,1.3206106870229009,0.051137588085008234,667,Can you give me more than lip service?
3465,891,8,26,97,131,1.3206106870229009,0.051137588085008234,667,Doctor--add oral fixation to the list . . .
3322,891,7,28,96,131,1.3206106870229009,0.04997612533055835,667,"Don't just give me lip service doc, tell me what's wrong with me."
3071,891,8,26,97,131,1.3206106870229009,0.051137588085008234,667,Is therapy the kiss of death?
2695,891,8,26,97,131,1.3206106870229009,0.051137588085008234,667,This is why I don't like telling you about my dreams.
2451,891,7,28,96,131,1.3206106870229009,0.04997612533055835,667,"For a therapist, you're quite literal."
2344,891,8,26,97,131,1.3206106870229009,0.051137588085008234,667,I can't seem to stop thinking about the Kardashians.
1950,891,9,24,98,131,1.3206106870229009,0.05227325059003197,667,Do you think I'm still stuck in the oral stage?
1480,891,6,30,95,131,1.3206106870229009,0.04878701969745001,667,Is this just lip service?
1374,891,10,22,99,131,1.3206106870229009,0.05338475942949052,667,"Doctor, I'm expecting results here, not just lip service."
163,891,8,26,97,131,1.3206106870229009,0.051137588085008234,667,"As I've been telling you, not everything is black and white."
5317,891,5,32,94,131,1.3206106870229009,0.04756819818810751,667,"Does it make everyone talk more, or just me?"
5511,891,11,20,100,131,1.3206106870229009,0.05447359315705986,667,I feel like a misdangled cigarette
874,907,8,25,95,128,1.3203125,0.05194730842979638,667,"I don’t have any problems, but can I pay for an extra hour?"
1342,907,9,23,96,128,1.3203125,0.053118305217348435,667,"Remind me, you said you share this space with a ""Film"" studio?"""
2609,907,9,23,96,128,1.3203125,0.053118305217348435,667,I'm afraid our time is up. You can put your money where the mouth is on your way out.
3437,907,7,27,94,128,1.3203125,0.05074929907927204,667,"I feel as though I,m being swallowed up"
4650,907,8,25,95,128,1.3203125,0.05194730842979638,667,Salvador Dali said what?
4924,907,6,29,93,128,1.3203125,0.0495223167973229,667,It makes me feel a Jung man again
5750,907,8,25,95,128,1.3203125,0.05194730842979638,667,What's the co-pay on lip service?
5806,907,8,25,95,128,1.3203125,0.05194730842979638,667,I don't pay you $200 per hour to provide me lip service.
521,907,10,21,97,128,1.3203125,0.054264038231838015,667,Do you have anything a little less oedipal?
2334,916,10,26,108,144,1.3194444444444444,0.049915213444351805,667,I feel surprisingly comfortable opening up to you.
124,917,8,29,104,141,1.3191489361702127,0.04860688296473179,667,Today I'm letting the couch do the talking.
3622,918,7,29,99,135,1.3185185185185184,0.04892639732390831,667,We'll definitely need another session if this couch reminds you of your mother...
5096,919,6,28,92,126,1.3174603174603174,0.04995336701656112,667,I keep dreaming of floss
3282,919,12,16,98,126,1.3174603174603174,0.05707226680442979,667,My wife hates me. My kids hate me. My boss hates me. Why am I not President?
2194,919,8,24,94,126,1.3174603174603174,0.05243383573857162,667,Can we switch back now?
1664,919,6,28,92,126,1.3174603174603174,0.04995336701656112,667,And I thought I was the one with an oral fixation.
1632,919,10,20,96,126,1.3174603174603174,0.05480214762422878,667,You shouldn't let your wife decorate for you.
984,919,6,28,92,126,1.3174603174603174,0.04995336701656112,667,I said I had a problem with a lisp.
971,919,8,24,94,126,1.3174603174603174,0.05243383573857162,667,...watch your tongue
611,919,8,24,94,126,1.3174603174603174,0.05243383573857162,667,Are you enjoying the Freudian slip-cover?
59,919,9,22,95,126,1.3174603174603174,0.05363106615799874,667,"Well, I wouldn't exactly couch it as a fantasy."
3960,919,7,26,93,126,1.3174603174603174,0.05120862235283609,667,This is how I got in trouble with my first wife.
5975,919,7,26,93,126,1.3174603174603174,0.05120862235283609,667,"Someone here is fixated, but I don't think it's me."
5415,919,9,22,95,126,1.3174603174603174,0.05363106615799874,667,"When I’d heard you were influenced by Dali, I’d assumed they meant Lama, Doctor."
397,919,10,20,96,126,1.3174603174603174,0.05480214762422878,667,"And please don't say that comment was a ""tasty morsel""!"
4509,919,7,26,93,126,1.3174603174603174,0.05120862235283609,667,You have no idea how comforting it is to have a mid-last century analyst.
5513,933,8,28,103,139,1.316546762589928,0.04900848960416313,667,Why do I have the feeling you’re not the right therapist to help me get over my sex addiction?
3715,934,6,28,93,127,1.31496062992126,0.04962147356605799,667,"I just want to make sure - this is from my lips to your ears only, right?"
3235,934,7,26,94,127,1.31496062992126,0.050865263351523825,667,"So if you feel I'm no longer trapped in the oral phase, why do I feel so comfortable here?"
4209,936,11,17,96,124,1.314516129032258,0.05652649486339045,667,I'm not one to kiss and tell.
4273,936,6,27,91,124,1.314516129032258,0.05039437373093753,667,Well it is more comfortable than the cigar couch
4802,936,7,25,92,124,1.314516129032258,0.051679040696349106,667,I'm hearing voices again.
5289,936,8,23,93,124,1.314516129032258,0.0529325381108483,667,I've been wondering... Do you ever find anything in the cushions?
5457,936,7,25,92,124,1.314516129032258,0.051679040696349106,667,"To be honest, I prefer what I used to get for my $400 in this room."
4233,936,6,27,91,124,1.314516129032258,0.05039437373093753,667,"Strangely, my fear of intimacy seems to be worse whenever I'm here with you."
3173,936,11,17,96,124,1.314516129032258,0.05652649486339045,667,"Yeah, well, as your upholsterer, I think you need to take a long, hard look at these drapes."
780,936,8,23,93,124,1.314516129032258,0.0529325381108483,667,"Doctor, why can't I get no satisfaction?"
2780,936,12,15,97,124,1.314516129032258,0.0576747342005354,667,"A voice in my head keeps whispering, 'Feed me Seymour, feed me'."
994,945,10,23,104,137,1.313868613138686,0.05154527623454096,667,How do I know it's a kiss and not a smirk?
4476,946,6,27,92,125,1.312,0.05005287526786693,667,I feel like I'm about to be eaten alive
352,946,8,23,94,125,1.312,0.05256762158125168,667,Just write that I'm being very cool about the couch.
3262,946,7,25,93,125,1.312,0.051325652267118445,667,I'm feeling down in the mouth.
3895,946,6,27,92,125,1.312,0.05005287526786693,667,Do you have a couch for each psychosis?
4599,946,6,27,92,125,1.312,0.05005287526786693,667,I''m a Rolling Stones fan; I dig the couch.  But maybe we can talk about why you chose it before we delve into why I paint everything black?
1343,951,5,24,80,109,1.311926605504587,0.053261367900563225,667,My oral fixation? You want me to talk about MY oral fixation?
3210,952,8,22,92,122,1.3114754098360655,0.05344387802396753,667,I don't think The New Yorker can afford color ink.
3373,952,9,20,93,122,1.3114754098360655,0.0546967192354771,667,Doc--I think YOU have issues.
3937,952,8,22,92,122,1.3114754098360655,0.05344387802396753,667,I need you to gloss over it one more time.
4188,952,7,24,91,122,1.3114754098360655,0.05216095380029806,667,"To be honest, I think my oral fixation is getting worse."
3228,952,7,24,91,122,1.3114754098360655,0.05216095380029806,667,"So, you specialize in oral fixations?"
2649,952,7,24,91,122,1.3114754098360655,0.05216095380029806,667,I feel like a drab grey fixture in a technicolor world.
5021,952,8,22,92,122,1.3114754098360655,0.05344387802396753,667,I think you're just paying me lip service.
5406,952,5,28,89,122,1.3114754098360655,0.049495445321656076,667,I feel like my whole life resembles a bad Andy Warhol piece.
5948,952,6,26,90,122,1.3114754098360655,0.05084566947610128,667,Where did you say this couch came from?
6201,952,6,26,90,122,1.3114754098360655,0.05084566947610128,667,You already have all the subtext you need.
4231,952,8,22,92,122,1.3114754098360655,0.05344387802396753,667,I never knew Revlon had its own shrink.
2365,952,5,28,89,122,1.3114754098360655,0.049495445321656076,667,"Well doc, the dream begins with a woman trying to devour me . . ."
2148,952,9,20,93,122,1.3114754098360655,0.0546967192354771,667,This isn't helping with my intimacy issues.
1994,952,8,22,92,122,1.3114754098360655,0.05344387802396753,667,Did I tell you how much I love your red couch?
1782,952,5,28,89,122,1.3114754098360655,0.049495445321656076,667,In my recurring nightmare I'm being chased by a giant Mick Jagger.
899,952,9,20,93,122,1.3114754098360655,0.0546967192354771,667,I just feel like we're not talking about the surreal issues
885,952,6,26,90,122,1.3114754098360655,0.05084566947610128,667,"Doctor, I'm in love with your couch."
685,952,5,28,89,122,1.3114754098360655,0.049495445321656076,667,Really??  You think I am the one with an oral fixation?
495,952,5,28,89,122,1.3114754098360655,0.049495445321656076,667,My honest opinion? The red is a bit much.
86,952,5,28,89,122,1.3114754098360655,0.049495445321656076,667,I have this unsettling nagging feeling that women want to devour me.
5073,972,6,26,91,123,1.3089430894308942,0.05049413474570665,667,My girlfriend thinks I have an oral fixation.
2127,972,5,28,90,123,1.3089430894308942,0.049156664069002654,667,"Doctor, maybe you're the one with an oral fixation."
5090,972,7,24,92,123,1.3089430894308942,0.05179708162669383,667,I feel licked
1537,972,9,20,94,123,1.3089430894308942,0.054309278283659695,667,And what if my wife finds lipstick on my collar?
1472,972,5,28,90,123,1.3089430894308942,0.049156664069002654,667,It’s not what you think.
350,972,6,26,91,123,1.3089430894308942,0.05049413474570665,667,I hope this doesn't rub off on my collar.
1212,972,12,14,97,123,1.3089430894308942,0.057873463449722794,667,You do realize this couch has a tongue?
1762,979,4,29,87,120,1.3083333333333333,0.04850110936577174,667,Since we started our sessions I no longer see things as black and white
2040,979,7,23,90,120,1.3083333333333333,0.052654778291598966,667,Even your couch laughs at me.
1490,979,6,25,89,120,1.3083333333333333,0.05130759840928513,667,"So, you're a Rolling Stones fan?"
1451,979,9,19,92,120,1.3083333333333333,0.05525068073567392,667,It feels like you’re just giving lip service to my problems.
3018,979,7,23,90,120,1.3083333333333333,0.052654778291598966,667,You don't think Freud would have anything to say about this?
987,979,3,31,86,120,1.3083333333333333,0.04703511015509146,667,I think it was YOUR mother that made you choose this couch.
3196,979,8,21,91,120,1.3083333333333333,0.05396833978682692,667,"Something's been eating me up, doc."
690,979,10,17,93,120,1.3083333333333333,0.056503926803049116,667,"Doc, I try and I try, but I just can’t get no satisfaction."
5879,979,5,27,88,120,1.3083333333333333,0.04992407868072794,667,Everywhere I go I’m reminded of her.
3101,988,9,21,97,127,1.3070866141732282,0.05304361106550342,667,#metoo
3278,989,7,23,91,121,1.3057851239669422,0.052279940485995435,667,I almost forgot.  I have to leave early to pick up my wife at Sephora.
2622,989,7,23,91,121,1.3057851239669422,0.052279940485995435,667,"Enough about my mother, let's talk about your oral fixation, Doctor."
2791,989,8,21,92,121,1.3057851239669422,0.05358109017229101,667,I'd appreciate if you'd just look up once in a while and read my lips.
3270,989,6,25,90,121,1.3057851239669422,0.05094557027247088,667,It kinda sucks.
1864,989,9,19,93,121,1.3057851239669422,0.05485138349105824,667,It's part of  Rooms To Go new Freudian collection
4202,989,7,23,91,121,1.3057851239669422,0.052279940485995435,667,Sometimes it just feels like I'm speaking through someone else's lips.
5547,989,6,25,90,121,1.3057851239669422,0.05094557027247088,667,This doesn't do a lot for my oral fixation.
5442,989,7,23,91,121,1.3057851239669422,0.052279940485995435,667,My wife and I got remarried. Our divorce didn't work out.
4799,989,5,27,89,121,1.3057851239669422,0.04957529711010628,667,I guess everything isn't always black and white.
4096,989,9,19,93,121,1.3057851239669422,0.05485138349105824,667,I think you're orally fixated too.
1496,989,9,19,93,121,1.3057851239669422,0.05485138349105824,667,I'm just having a little trouble adjusting to living in Las Vegas.
1192,989,6,25,90,121,1.3057851239669422,0.05094557027247088,667,"I feel something's been gnawing at me lately."""
927,989,5,27,89,121,1.3057851239669422,0.04957529711010628,667,Can we explore my recurring dream about The Rolling Stones?
473,989,10,17,94,121,1.3057851239669422,0.0560929168230276,667,"Regardless, I prefer to bring my own couch."
348,989,5,27,89,121,1.3057851239669422,0.04957529711010628,667,You're pretty sure it's an oral fixation?
8,989,5,27,89,121,1.3057851239669422,0.04957529711010628,667,I can’t get no satisfaction .
1,989,5,27,89,121,1.3057851239669422,0.04957529711010628,667,This is not helping my oral fixation.
3648,1006,6,24,88,118,1.305084745762712,0.051780516327184625,667,I just don’t know... sometimes lying here I get this feeling that life is swallowing me up
3733,1006,6,24,88,118,1.305084745762712,0.051780516327184625,667,"You'll never believe it, Doc. It was surreal."
3877,1006,7,22,89,118,1.305084745762712,0.05316094828682091,667,Why do YOU think I only talk about sex here?
3934,1006,9,18,91,118,1.305084745762712,0.05581949055699516,667,"So, you have a Salvador Dali fetish too?"
4326,1006,4,28,86,118,1.305084745762712,0.048902891201046676,667,"Frankly, I feel like you are giving me lip service."
4331,1006,8,20,90,118,1.305084745762712,0.05450643057840294,667,What will you take for the couch?
4601,1006,4,28,86,118,1.305084745762712,0.048902891201046676,667,Huh. For some reason I thought you were Freudian.
4638,1006,4,28,86,118,1.305084745762712,0.048902891201046676,667,"Listen you’re the Psychologist , you tell me the significance of a red couch in a black and white world."
4816,1006,5,26,87,118,1.305084745762712,0.05036226086531086,667,Would it be wrong to ask for a hug?
3640,1006,8,20,90,118,1.305084745762712,0.05450643057840294,667,"How much for an extra hour, Doc?"
5113,1006,8,20,90,118,1.305084745762712,0.05450643057840294,667,Do you mind if I roll over?
5186,1006,8,20,90,118,1.305084745762712,0.05450643057840294,667,Your couch somehow reminds me of my mother
5194,1006,7,22,89,118,1.305084745762712,0.05316094828682091,667,It might make therapy seem like lip service.
5220,1006,7,22,89,118,1.305084745762712,0.05316094828682091,667,"What is your couch trying to tell us, Doctor?"
5459,1006,6,24,88,118,1.305084745762712,0.051780516327184625,667,"Frankly, I think you're just giving me lip service"
5489,1006,4,28,86,118,1.305084745762712,0.048902891201046676,667,"I'm concerned that if we overcome my oral fixation, your interior designer will also move to the next stage."
4643,1006,8,20,90,118,1.305084745762712,0.05450643057840294,667,I feel like I’m constantly being swallowed by this existential angst
3346,1006,5,26,87,118,1.305084745762712,0.05036226086531086,667,Oedipus shmoedipus...I’m telling you this couch looks like my mother’s lips.
4059,1006,7,22,89,118,1.305084745762712,0.05316094828682091,667,I miss the Stones!
2274,1006,5,26,87,118,1.305084745762712,0.05036226086531086,667,It's really been eating at me.
234,1006,7,22,89,118,1.305084745762712,0.05316094828682091,667,Feels like lip service to me.
315,1006,9,18,91,118,1.305084745762712,0.05581949055699516,667,Are you filing your nails while I’m talking to you?
793,1006,8,20,90,118,1.305084745762712,0.05450643057840294,667,"Up until this moment, I've lead a colorless life."
1217,1006,6,24,88,118,1.305084745762712,0.051780516327184625,667,"I'm fine, thanks, now can I ask about the couch?"
1497,1006,5,26,87,118,1.305084745762712,0.05036226086531086,667,Does this couch make me look pale?
1295,1006,8,20,90,118,1.305084745762712,0.05450643057840294,667,I'm not afraid of exploring my anal and phallic stages. It's the furniture that frightens me.
1684,1006,9,18,91,118,1.305084745762712,0.05581949055699516,667,Thank you for exactly matching the color of  Mommy's lipstick.
1803,1006,6,24,88,118,1.305084745762712,0.051780516327184625,667,Enough about me. I think we need to talk about your relationship with your mother.
1927,1006,3,30,85,118,1.305084745762712,0.047398609854901824,667,"It's very nice, but if you don't mind, I'd really like to talk about my estranged son."
2750,1006,5,26,87,118,1.305084745762712,0.05036226086531086,667,Is it true you analyzed Mick Jagger?
4665,1036,8,20,91,119,1.3025210084033614,0.054107224790192664,667,"You just wrote down ""oral fixation,""  didn't you?!"
1028,1037,7,21,88,116,1.3017241379310345,0.053679915901996444,667,Do those Ferragamos spark joy?
4948,1037,7,21,88,116,1.3017241379310345,0.053679915901996444,667,The Rolling Stones' Separation Anxiety Tour
2924,1037,7,21,88,116,1.3017241379310345,0.053679915901996444,667,"I have to be seen four times per week for the next five years?  Well Doc, that takes care of your problems but what about mine?"
587,1037,6,23,87,116,1.3017241379310345,0.05226479057419202,667,How long have I been asleep?
935,1037,7,21,88,116,1.3017241379310345,0.053679915901996444,667,Sometimes I get this irrational feeling that I'm being swallowed alive.
4742,1037,7,21,88,116,1.3017241379310345,0.053679915901996444,667,"So Mr. Henderson, why do you think you said lips when I said couch?"
3646,1037,8,19,89,116,1.3017241379310345,0.055058681501890964,667,I'm color blind. Why do you ask?
6043,1037,8,19,89,116,1.3017241379310345,0.055058681501890964,667,And that's when I realized that I'd never be like Mick Jagger.
4127,1045,6,23,88,117,1.2991452991452992,0.05188029089833095,667,"I feel as if I'm lying on a huge pair of lips, but that may just be my inner Freud talking."
4077,1045,10,15,92,117,1.2991452991452992,0.05728013136338267,667,Did I just make a Freudian lip?”
3800,1045,7,21,89,117,1.2991452991452992,0.05328158030711152,667,Maybe you're the one having a midlife crisis.
3335,1045,7,21,89,117,1.2991452991452992,0.05328158030711152,667,It makes me feel like I’m on the tip of its tongue.
3092,1045,10,15,92,117,1.2991452991452992,0.05728013136338267,667,Maybe we should be trading seats ....
3007,1045,7,21,89,117,1.2991452991452992,0.05328158030711152,667,Could we switch seats while we explore my mommy issues?
3613,1045,6,23,88,117,1.2991452991452992,0.05188029089833095,667,I feel like she’s swallowing me whole
5850,1045,5,25,87,117,1.2991452991452992,0.05044008690880406,667,My last therapist gave me lip service too.
4219,1045,9,17,91,117,1.2991452991452992,0.05597902493504725,667,I had a nightmare about this couch - I dreamed that I owned it.
5493,1045,10,15,92,117,1.2991452991452992,0.05728013136338267,667,What do you do for patients with an anal fixation?
5191,1045,5,25,87,117,1.2991452991452992,0.05044008690880406,667,"Doc, I can't help feeling like this is a kiss off session."
4658,1045,6,23,88,117,1.2991452991452992,0.05188029089833095,667,And then I dreamed that a crazy billionaire playboy had been elected President..
4627,1045,3,29,85,117,1.2991452991452992,0.04742866153194965,667,We take Freud's 'oral fixation' theory very seriously.
2812,1045,4,27,86,117,1.2991452991452992,0.04895753416012671,667,"Doc, I'm not paying you for lip service here."
4392,1045,5,25,87,117,1.2991452991452992,0.05044008690880406,667,"I feel like you're just giving me lip service, doc."
4495,1045,8,19,90,117,1.2991452991452992,0.05464694882928879,667,Is that a Mont Blanc?
5871,1045,9,17,91,117,1.2991452991452992,0.05597902493504725,667,"Now, read it back to me. 
This time in a French accent with a slight lisp."
1682,1045,7,21,89,117,1.2991452991452992,0.05328158030711152,667,"Is this couch transitioning, too?"
838,1045,9,17,91,117,1.2991452991452992,0.05597902493504725,667,For some reason I’ve been feeling especially alluring.
1225,1045,6,23,88,117,1.2991452991452992,0.05188029089833095,667,I keep telling myself a kiss is just a kiss.
979,1045,5,25,87,117,1.2991452991452992,0.05044008690880406,667,I feel like I forgot to floss.
952,1045,1,33,83,117,1.2991452991452992,0.044212594382786144,667,"Since I've been coming here, it feels like people are talking about me behind my back."
923,1045,6,23,88,117,1.2991452991452992,0.05188029089833095,667,Your couch needs a breath mint.
774,1045,8,19,90,117,1.2991452991452992,0.05464694882928879,667,This is the dream I was telling you about.
710,1045,5,25,87,117,1.2991452991452992,0.05044008690880406,667,Thanks for letting me bring my own couch doc. I think it'll help me talk through my oral fixation issues.
331,1045,5,25,87,117,1.2991452991452992,0.05044008690880406,667,I keep having this feeling I will be eaten alive
244,1045,8,19,90,117,1.2991452991452992,0.05464694882928879,667,Sometimes a set of luscious red lips is just a set a luscious red lips
1504,1045,7,21,89,117,1.2991452991452992,0.05328158030711152,667,All I can remember is sinking into her huge ruby red lips.
1757,1073,5,24,85,114,1.2982456140350878,0.0512683781845818,667,Did your mother wear bright lipstick?
2908,1073,4,26,84,114,1.2982456140350878,0.049731189474537224,667,Tell me more about your Mick Jaggar infatuation .
3520,1073,5,24,85,114,1.2982456140350878,0.0512683781845818,667,"Thats it doc.....
sometimes a kiss is just a kiss"
3607,1073,7,20,87,114,1.2982456140350878,0.05421215169984737,667,I see you are stuck in the oral stage
5209,1073,4,26,84,114,1.2982456140350878,0.049731189474537224,667,"Wow, I never realized until these sessions, but I think she is just consuming me."""
4966,1073,3,28,83,114,1.2982456140350878,0.0481449458554825,667,"A breakthrough is so close, I can almost taste it."
5019,1073,5,24,85,114,1.2982456140350878,0.0512683781845818,667,I always feel like you're taking my wife's side.
1198,1073,8,18,88,114,1.2982456140350878,0.0556256486438787,667,The problem is me and my big mouth.
5762,1073,6,22,86,114,1.2982456140350878,0.05276079981200326,667,"You’re not writing this down, are you?"
4256,1073,5,24,85,114,1.2982456140350878,0.0512683781845818,667,I just feel so chapped.
464,1073,5,24,85,114,1.2982456140350878,0.0512683781845818,667,I sometimes wonder what I am missing being color blind.
3014,1073,5,24,85,114,1.2982456140350878,0.0512683781845818,667,"I feel the love, now what exactly is the question?"
299,1073,7,20,87,114,1.2982456140350878,0.05421215169984737,667,"Doctor, it's only here where I feel the love."
230,1073,5,24,85,114,1.2982456140350878,0.0512683781845818,667,Pardon me doctor but isn't that my check book?
314,1073,6,22,86,114,1.2982456140350878,0.05276079981200326,667,For some reason I feel that I Can't Get No Satisfaction ...
2079,1088,9,24,108,141,1.297872340425532,0.04904837143816246,667,"I come here, I feel like I could finally just tell her to kiss my ass."
1930,1089,5,25,88,118,1.2966101694915255,0.05007501548383156,667,"Everyone's talking about me behind my back, doc; I'm on everyone's lips and I hate it!"
3962,1089,6,23,89,118,1.2966101694915255,0.05150118180537397,667,"I met a gin-soaked, bar-room queen in Memphis..."
6021,1091,8,18,89,115,1.2956521739130435,0.05520078190046145,667,"Doctor,I think you're the one with the oral fixation."
3156,1091,3,28,84,115,1.2956521739130435,0.047794872276623074,667,"i know it's your office doc but how do i explain the lipstick stain to my wife"""
2486,1091,8,18,89,115,1.2956521739130435,0.05520078190046145,667,"Mmm...what exactly was the big idea behind
bringing your own couch..?"
2006,1091,3,28,84,115,1.2956521739130435,0.047794872276623074,667,My old shrink was a hack. He insisted I had an oral fixation.
1758,1091,3,28,84,115,1.2956521739130435,0.047794872276623074,667,There’s something gnawing at me.
1690,1091,4,26,85,115,1.2956521739130435,0.04936501916575575,667,"Frankly, my oral fixation worsens during our sessions."
1530,1091,8,18,89,115,1.2956521739130435,0.05520078190046145,667,Are you really listening or are you just giving me lip service?
1673,1091,6,22,87,115,1.2956521739130435,0.05236425994730445,667,A Freudian's lip?
519,1091,6,22,87,115,1.2956521739130435,0.05236425994730445,667,"Why, yes; I DO believe in subliminal messages."
701,1091,6,22,87,115,1.2956521739130435,0.05236425994730445,667,I thought it was the lap of luxury
1115,1101,7,22,93,122,1.2950819672131149,0.05164746185145591,667,'Try Botox. Gave this old sofa a new lease of life.'
3761,1102,2,29,81,112,1.2946428571428572,0.046840993210771086,667,I don't think you can just kiss it and make it better
4168,1102,4,25,83,112,1.2946428571428572,0.0501580399011148,667,"The love seat is pretty comfortable, though this seems an odd position to discuss my investment strategy in."
4540,1102,3,27,82,112,1.2946428571428572,0.04852786628161868,667,"I do want more romance in my life, but isn’t this taking it too far?"
4558,1102,3,27,82,112,1.2946428571428572,0.04852786628161868,667,No it is not my unconscious desire to be eaten. It really is shaped like a mouth.
4925,1102,3,27,82,112,1.2946428571428572,0.04852786628161868,667,Is it just me or is it a bit warm...moist...breathy...seductive...illegal...sinful in here?
5133,1102,5,23,84,112,1.2946428571428572,0.05173687396429152,667,"Pretty soon, cars will drive themselves, emails will write themselves and the only job left will be interpretive dance"
5303,1102,3,27,82,112,1.2946428571428572,0.04852786628161868,667,My addiction to contemporary furniture is becoming an issue.
5828,1102,4,25,83,112,1.2946428571428572,0.0501580399011148,667,"I feel like I'm being swallowed up, you know?"
5766,1102,8,17,87,112,1.2946428571428572,0.0562079141244582,667,"I don't know Doc,. I feel like I'm being eaten alive"
5751,1102,9,15,88,112,1.2946428571428572,0.05762121806329357,667,"This is amazing, and it just came to me out of nowhere: I have an oral fixation."
5667,1102,7,19,86,112,1.2946428571428572,0.0547581450502782,667,"Yes, I have this ongoing fantasy that I won the caption contest at the New Yorker."
2804,1102,4,25,83,112,1.2946428571428572,0.0501580399011148,667,Delusion?   No I am Mick Jagger!
5891,1102,5,23,84,112,1.2946428571428572,0.05173687396429152,667,"So, Doctor, how long have you had this Marilyn Monroe fetish?"
2348,1102,4,25,83,112,1.2946428571428572,0.0501580399011148,667,"Why yes, being in this position has been a fantasy of mine."
848,1102,7,19,86,112,1.2946428571428572,0.0547581450502782,667,You better stick to Psychiatry.  You're delusional if you think you have a future in interior design.
2061,1102,7,19,86,112,1.2946428571428572,0.0547581450502782,667,How many smackeroos will this run me?
1820,1102,6,21,85,112,1.2946428571428572,0.05326893361493307,667,I’m just not feeling the love.
1598,1102,7,19,86,112,1.2946428571428572,0.0547581450502782,667,My life feels so surreal.
1408,1102,6,21,85,112,1.2946428571428572,0.05326893361493307,667,Is it true that sometimes a couch is just a couch?
1242,1102,5,23,84,112,1.2946428571428572,0.05173687396429152,667,"I just feel like I'm about to be swallowed whole, Doc."
1153,1102,5,23,84,112,1.2946428571428572,0.05173687396429152,667,"Actually, no, it doesn't sooth me. It reminds me that nobody loves me."
2081,1102,6,21,85,112,1.2946428571428572,0.05326893361493307,667,Really? Or are you just giving me lip service?
396,1102,7,19,86,112,1.2946428571428572,0.0547581450502782,667,I'm tired of putting lipstick on my problems.
394,1102,6,21,85,112,1.2946428571428572,0.05326893361493307,667,"I don't know, no matter where I am, I just feel like I'm living in a hyper-sexualized culture."
278,1126,3,26,80,109,1.2935779816513762,0.04929463778032701,667,I know what you're thinking.
2151,1127,8,17,88,113,1.2920353982300885,0.055769266751233317,667,Do you ever feel like you are being swallowed by your emotions?
2328,1127,5,23,85,113,1.2920353982300885,0.05134323397766262,667,I can't help but think that you may not be best suited to cure me of my oral fixation.
2491,1127,7,19,87,113,1.2920353982300885,0.05433399765409452,667,So why do you think you can't sleep
2573,1127,4,25,84,113,1.2920353982300885,0.04978051689556808,667,I have this strange feeling you're just giving me lip service.
2929,1127,3,27,83,113,1.2920353982300885,0.04816712623247177,667,Hot lips Houlihan..i cant get her out of my mind
2947,1127,5,23,85,113,1.2920353982300885,0.05134323397766262,667,I seem to have developed an oral fixation
4228,1127,4,25,84,113,1.2920353982300885,0.04978051689556808,667,"Your sharing office space with a brothel is no big deal, but I think I'm stuck to the couch."
3016,1127,4,25,84,113,1.2920353982300885,0.04978051689556808,667,Are you doodling?
3947,1127,6,21,86,113,1.2920353982300885,0.05285977192705318,667,"Night after night,I dream of being in a Dali painting"
2101,1127,4,25,84,113,1.2920353982300885,0.04978051689556808,667,"I'm sorry, doctor.  I can't escape the feeling that I'm stuck in a Dali painting."
4523,1127,5,23,85,113,1.2920353982300885,0.05134323397766262,667,Her lips were almost as big as this couch
5159,1127,8,17,88,113,1.2920353982300885,0.055769266751233317,667,"From your lips to God’s ears, I have NO issues with my father."
5199,1127,5,23,85,113,1.2920353982300885,0.05134323397766262,667,You’ve got to help me doc.  I always have the feeling that I’m being eaten alive.
2952,1127,6,21,86,113,1.2920353982300885,0.05285977192705318,667,"I agree that this might speed things up, but my mother's lipstick was not nearly this red."
2099,1127,3,27,83,113,1.2920353982300885,0.04816712623247177,667,"Sometimes I just feel like the world is about to open wide and swallow me whole, you know, doc?"
3112,1127,6,21,86,113,1.2920353982300885,0.05285977192705318,667,"I tell you, Doc. This Oedipus thing is eating me alive."
1857,1127,2,29,82,113,1.2920353982300885,0.04649778743768138,667,"I don't know, everything just reminds me of her lips"
1905,1127,6,21,86,113,1.2920353982300885,0.05285977192705318,667,"Sorry Doctor, was that a Freudian lip?"
636,1127,5,23,85,113,1.2920353982300885,0.05134323397766262,667,"I can’t explain it, but for some reason I’m feeling down in the mouth."
658,1127,5,23,85,113,1.2920353982300885,0.05134323397766262,667,Can I take my shoes off?
807,1127,4,25,84,113,1.2920353982300885,0.04978051689556808,667,"Of course, I appreciate confidentiality--but SEALED WITH A KISS?"
518,1127,6,21,86,113,1.2920353982300885,0.05285977192705318,667,So Mick Jagger used to live here?
1162,1127,5,23,85,113,1.2920353982300885,0.05134323397766262,667,"Tell me again, why is this called the Steven Tyler / Mick Jagger approach?"
1180,1127,6,21,86,113,1.2920353982300885,0.05285977192705318,667,I keep thinking I smell cherry chapstick
1471,1127,4,25,84,113,1.2920353982300885,0.04978051689556808,667,Surrounding my Oedipis Complex with Surrealism really is not helping!
1805,1127,8,17,88,113,1.2920353982300885,0.055769266751233317,667,Maybe we should talk about YOUR mother.
945,1127,5,23,85,113,1.2920353982300885,0.05134323397766262,667,I’ve heard Jagger used to be a patient of yours.
3463,1154,11,20,113,144,1.2916666666666667,0.05013094740887996,667,"Come on, you're a psychologist; this couch has to remind you of something.
**
."
2395,1155,6,20,84,110,1.290909090909091,0.053789591847013624,667,I feel this couch is only amplifying my size insecurities...
5595,1155,5,22,83,110,1.290909090909091,0.05221603699703269,667,I think this is just lipservice.
5206,1155,7,18,85,110,1.290909090909091,0.0553184043737809,667,Ever get the feeling that you're just not taken seriously?
3884,1155,7,18,85,110,1.290909090909091,0.0553184043737809,667,Your wife redecorating again?
943,1155,5,22,83,110,1.290909090909091,0.05221603699703269,667,I’m the doctor. My sexuality isn’t relevant
1923,1155,8,16,86,110,1.290909090909091,0.05680608711972661,667,Why do I feel that you are just giving me lip service?
3048,1155,8,16,86,110,1.290909090909091,0.05680608711972661,667,I feel like I'm just getting lip service....
6155,1162,5,25,91,121,1.2892561983471074,0.04900949552247161,667,There isn’t a moment when my mother isn’t eating me alive.
3986,1163,7,18,86,111,1.2882882882882882,0.054880388718659065,667,Lip service?  Is that all I get for two-hundred-twenty-five dollars an hour?
3930,1163,6,20,85,111,1.2882882882882882,0.05336718937803411,667,Your new decor is not helping with my sex addiction.
3909,1163,6,20,85,111,1.2882882882882882,0.05336718937803411,667,"Really, it's frustrating when all of the answers seem to be on the tip of my tongue."
3991,1163,5,22,84,111,1.2882882882882882,0.05180981314684307,667,Do you tell all your clients they’re stuck in the oral stage of development?
4044,1163,6,20,85,111,1.2882882882882882,0.05336718937803411,667,"Well I guess when you credited yourself as the “Love Doctor”, I didn’t have this in mind"
4147,1163,1,30,80,111,1.2882882882882882,0.04504504504504505,667,I'm starting to think I have an oral fixation.
3772,1163,5,22,84,111,1.2882882882882882,0.05180981314684307,667,Can't wait to see the couch you use when I graduate from the oral phase!
4212,1163,7,18,86,111,1.2882882882882882,0.054880388718659065,667,My wife’s going to know I’ve been at the therapist.
4250,1163,5,22,84,111,1.2882882882882882,0.05180981314684307,667,Do you read lips?
4253,1163,6,20,85,111,1.2882882882882882,0.05336718937803411,667,"So after the divorce all you had left was a box of red crayons, this couch, and a pair of scissors ... and you want to talk about my childhood?"
4095,1163,6,20,85,111,1.2882882882882882,0.05336718937803411,667,I feel like a rock and roll icon when I am here.
3768,1163,7,18,86,111,1.2882882882882882,0.054880388718659065,667,Perhaps I should be the one taking notes.
3012,1163,7,18,86,111,1.2882882882882882,0.054880388718659065,667,I'm not paying you to kiss my ass..
3711,1163,7,18,86,111,1.2882882882882882,0.054880388718659065,667,"So you're saying I may be merely paying lip service, instead of facing my problems."
3428,1163,3,26,82,111,1.2882882882882882,0.04854540566017,667,"Why, yes, as a matter of fact, Mummy DID wear bright red lipstick. Why?"
3407,1163,1,30,80,111,1.2882882882882882,0.04504504504504505,667,"I know YOUR lips are sealed, but what about your couch?"
3125,1163,5,22,84,111,1.2882882882882882,0.05180981314684307,667,"If only this sofa could talk, eh Doc?"
3123,1163,5,22,84,111,1.2882882882882882,0.05180981314684307,667,"Yes, but the teeth."
3122,1163,6,20,85,111,1.2882882882882882,0.05336718937803411,667,I appreciate that you never tell me to kiss off!
3030,1163,5,22,84,111,1.2882882882882882,0.05180981314684307,667,It's time to kiss mommy goodbye.
2833,1163,6,20,85,111,1.2882882882882882,0.05336718937803411,667,In the dream the hotdog asks me where I went to collagen.
2841,1163,5,22,84,111,1.2882882882882882,0.05180981314684307,667,"No, I don't kiss and tell."
2914,1163,8,16,87,111,1.2882882882882882,0.05635297001677271,667,My dermatologist suggested I try lip therapy.
2982,1163,6,20,85,111,1.2882882882882882,0.05336718937803411,667,Put me down for Frebruary 14th.
4484,1163,8,16,87,111,1.2882882882882882,0.05635297001677271,667,I believe the whitening treatment was overkill!
3738,1163,4,24,83,111,1.2882882882882882,0.05020414897705795,667,"Just read my lips, doc. I don’t
feel like talking today."
4493,1163,7,18,86,111,1.2882882882882882,0.054880388718659065,667,"At every office visit, for some reason I have flashbacks of ""Kiss Me Kate""!"
5725,1163,7,18,86,111,1.2882882882882882,0.054880388718659065,667,I feel you're only giving me lip service.
4517,1163,6,20,85,111,1.2882882882882882,0.05336718937803411,667,An oral fetish? Does anyone say it doesn’t remind them of lipstick?
2786,1163,5,22,84,111,1.2882882882882882,0.05180981314684307,667,"Yes, my illusions about becoming a Republican are reaching new heights."
5895,1163,3,26,82,111,1.2882882882882882,0.04854540566017,667,I need something more than your lip service.
6069,1163,2,28,81,111,1.2882882882882882,0.046827943013870485,667,"Doctor, I think my oral fixation is getting worse, not better."
6042,1163,5,22,84,111,1.2882882882882882,0.05180981314684307,667,The shape- the color -the hue!  All reminders of your lucious curvaceous wife.
5773,1163,5,22,84,111,1.2882882882882882,0.05180981314684307,667,"Then she kisses me with her big red lips and I wake up. What does it mean, Doc?"
5688,1163,5,22,84,111,1.2882882882882882,0.05180981314684307,667,"Wow, Doc. This sofa really says it all."
5675,1163,7,18,86,111,1.2882882882882882,0.054880388718659065,667,I think I need more than lip service.
5499,1163,5,22,84,111,1.2882882882882882,0.05180981314684307,667,Run that by me again? You think I'M the one with an oral fixation?
5320,1163,8,16,87,111,1.2882882882882882,0.05635297001677271,667,"I believe it's you who has the oral fixation, dear Doctor!"
5313,1163,5,22,84,111,1.2882882882882882,0.05180981314684307,667,"I just feel like things have been eating me up"""
5312,1163,5,22,84,111,1.2882882882882882,0.05180981314684307,667,"My thoughts are blue, this couch is red- tell me now how to mend my head"
5232,1163,3,26,82,111,1.2882882882882882,0.04854540566017,667,"Do you have something less,I don't know,moist?"
5192,1163,6,20,85,111,1.2882882882882882,0.05336718937803411,667,"Sir,do you think I can have my chair back and start asking you the questions now?"
5158,1163,6,20,85,111,1.2882882882882882,0.05336718937803411,667,"I have problems with women. In fact, sometimes I feel like I'm being eaten alive"
5136,1163,7,18,86,111,1.2882882882882882,0.054880388718659065,667,I do tend to gloss over things.
5087,1163,4,24,83,111,1.2882882882882882,0.05020414897705795,667,"When I’m here with you, for some reason, I just feel tongue tied."
5039,1163,7,18,86,111,1.2882882882882882,0.054880388718659065,667,"All you do is work, Phil. Come sit next to me."
6133,1163,5,22,84,111,1.2882882882882882,0.05180981314684307,667,Hey Doc. Are you sure that oral fixation diagnosis is not just a projection?
4935,1163,3,26,82,111,1.2882882882882882,0.04854540566017,667,At least it's not wet.
4838,1163,5,22,84,111,1.2882882882882882,0.05180981314684307,667,Can you couch this in terms I can understand?
4810,1163,7,18,86,111,1.2882882882882882,0.054880388718659065,667,"It feels like you're giving me lip service, Mr. Maybelline."
4715,1163,4,24,83,111,1.2882882882882882,0.05020414897705795,667,Chapstick?
4694,1163,8,16,87,111,1.2882882882882882,0.05635297001677271,667,Sometimes I think I'm just a slip of the tongue to you.
4602,1163,9,14,88,111,1.2882882882882882,0.05778803849856343,667,"Mind if we gloss over the Oedipal stuff, Doc?"
4563,1163,4,24,83,111,1.2882882882882882,0.05020414897705795,667,"Have a recurring nightmare that I'm sleeping on a large, red pair of lips."
4507,1163,6,20,85,111,1.2882882882882882,0.05336718937803411,667,I feel as though Marilyn Monroe is devouring me.
2764,1163,5,22,84,111,1.2882882882882882,0.05180981314684307,667,I think I'm over my fear of women wearing red lipstick.
633,1163,7,18,86,111,1.2882882882882882,0.054880388718659065,667,"For some reason, as soon as I start talking to you, I feel like a cigarette."
2738,1163,4,24,83,111,1.2882882882882882,0.05020414897705795,667,Why do I get the feeling that you want to kiss me off?
1331,1163,5,22,84,111,1.2882882882882882,0.05180981314684307,667,"No, that was just the couch burping"
1245,1163,4,24,83,111,1.2882882882882882,0.05020414897705795,667,I just can't shake the feeling that my oral fixation only seems to rear its head when I am talking to you.
997,1163,6,20,85,111,1.2882882882882882,0.05336718937803411,667,You bet I'm depressed. Why is my cartoon caption never selected?
996,1163,8,16,87,111,1.2882882882882882,0.05635297001677271,667,This isn't helping with my Mick Jagger obsession.
916,1163,4,24,83,111,1.2882882882882882,0.05020414897705795,667,Pig on a lipstick
843,1163,8,16,87,111,1.2882882882882882,0.05635297001677271,667,I FEEL like I'm just paying for lip service.
763,1163,5,22,84,111,1.2882882882882882,0.05180981314684307,667,I always feel down in the mouth for some reason....
755,1163,6,20,85,111,1.2882882882882882,0.05336718937803411,667,"I'm a lip reader, not a mind reader."
648,1163,4,24,83,111,1.2882882882882882,0.05020414897705795,667,I take it this room used to be the honeymoon suite?
579,1163,4,24,83,111,1.2882882882882882,0.05020414897705795,667,"You’re not just giving me lip service, are you?"
574,1163,5,22,84,111,1.2882882882882882,0.05180981314684307,667,"Dr, I'd be more comfortable letting the couch do my talking."
363,1163,4,24,83,111,1.2882882882882882,0.05020414897705795,667,"You know, there’s something about this couch that makes me want to open up and talk more."
298,1163,2,28,81,111,1.2882882882882882,0.046827943013870485,667,I feel compelled to talk about my oral fixation.
258,1163,5,22,84,111,1.2882882882882882,0.05180981314684307,667,"And how would you define ""oral fixation?"""
214,1163,2,28,81,111,1.2882882882882882,0.046827943013870485,667,I have this constant feeling of being eaten alive.
212,1163,5,22,84,111,1.2882882882882882,0.05180981314684307,667,I have this weekly fear I'm gonna be eaten alive...
210,1163,6,20,85,111,1.2882882882882882,0.05336718937803411,667,"We’re just trolling the readers of the New Yorker with yet another damned psychiatrist cartoon, aren’t we?"
164,1163,5,22,84,111,1.2882882882882882,0.05180981314684307,667,"Sorry, but I am still feeling blue."
159,1163,10,12,89,111,1.2882882882882882,0.05918832281211905,667,"I can’t get no satisfaction, doctor."
36,1163,5,22,84,111,1.2882882882882882,0.05180981314684307,667,I heard you are the best for oral fixations.
2740,1163,4,24,83,111,1.2882882882882882,0.05020414897705795,667,"Well Doc, I have a fear of cannibals."
1426,1163,6,20,85,111,1.2882882882882882,0.05336718937803411,667,"I try and I try, but I just don’t seem able to get any satisfaction."
1482,1163,6,20,85,111,1.2882882882882882,0.05336718937803411,667,Doc! I can't stop thinking about the way she used to kiss me!
153,1163,5,22,84,111,1.2882882882882882,0.05180981314684307,667,This is wonderful. I'm no longer feeling blue.
1595,1163,5,22,84,111,1.2882882882882882,0.05180981314684307,667,This sofa makes me feel like talking.
1493,1163,5,22,84,111,1.2882882882882882,0.05180981314684307,667,"I love your new Boca office, Dr. Firth."
2599,1163,6,20,85,111,1.2882882882882882,0.05336718937803411,667,Do you find that a love seat works better than a sofa?
2513,1163,6,20,85,111,1.2882882882882882,0.05336718937803411,667,Is it normal to have a Freudian lip in your office?
2434,1163,8,16,87,111,1.2882882882882882,0.05635297001677271,667,Did you know my mother?
2246,1163,4,24,83,111,1.2882882882882882,0.05020414897705795,667,I wish you had gone more mid-century modern and less tap-into-my-deepest-anxieties.
2152,1163,7,18,86,111,1.2882882882882882,0.054880388718659065,667,"After our sessions are over, I just tell everyone to kiss off."
2113,1163,4,24,83,111,1.2882882882882882,0.05020414897705795,667,"Before we begin, I do agree that Psychoanalysis is a lip-service industry."
2104,1163,5,22,84,111,1.2882882882882882,0.05180981314684307,667,She bites my head off every chance she gets.
2080,1163,5,22,84,111,1.2882882882882882,0.05180981314684307,667,Are erotic thoughts permitted?
2075,1163,5,22,84,111,1.2882882882882882,0.05180981314684307,667,Really. I only think of infidelity when I'm in your office.
1993,1163,4,24,83,111,1.2882882882882882,0.05020414897705795,667,I keep dreaming I'm in The Rocky horror Picture Show.
2093,1163,5,22,84,111,1.2882882882882882,0.05180981314684307,667,I feel like the world is eating me alive.
1817,1163,6,20,85,111,1.2882882882882882,0.05336718937803411,667,This is much better than your colon couch
1599,1163,6,20,85,111,1.2882882882882882,0.05336718937803411,667,"After six months of these appointments, I feel like all I'm getting is lip service."
1622,1163,8,16,87,111,1.2882882882882882,0.05635297001677271,667,Does this pillow represent a cold sore?
1868,1163,8,16,87,111,1.2882882882882882,0.05635297001677271,667,"""At least I'm not stuck in the anal stage."
2685,1163,7,18,86,111,1.2882882882882882,0.054880388718659065,667,"Mind you , most of my fantasies are in black and white ."
1648,1163,5,22,84,111,1.2882882882882882,0.05180981314684307,667,I thought the memory foam would help me remember.
1630,1163,6,20,85,111,1.2882882882882882,0.05336718937803411,667,"Oral fixations aside, I think we are making progress."
1756,1163,5,22,84,111,1.2882882882882882,0.05180981314684307,667,I realize I'm here because of my inability to focus but that's a really great jacket. Can I ask where you bought it?
1785,1163,6,20,85,111,1.2882882882882882,0.05336718937803411,667,It was such a surreal dream — I can’t seem to shake it.
1815,1163,5,22,84,111,1.2882882882882882,0.05180981314684307,667,I feel like “oral fixation” is your go-to.
1727,1163,3,26,82,111,1.2882882882882882,0.04854540566017,667,I'm torn between a matte and a glossy finish for this session.
3279,1269,6,19,83,108,1.287037037037037,0.05432318376671947,667,"You aren’t the “kiss and tell” type, are you?"
310,1269,5,21,82,108,1.287037037037037,0.052706147914873866,667,This is an unorthodox way to cure my Philematophobia.
1989,1269,6,19,83,108,1.287037037037037,0.05432318376671947,667,"What I'm thinking?""  Loose lips sink ships"
2907,1269,7,17,84,108,1.287037037037037,0.05589345722963452,667,"At first, it seemed like it would be tight-lipped. But it's actually quite comfortable."
4309,1269,7,17,84,108,1.287037037037037,0.05589345722963452,667,Your pen is out of ink.
5504,1274,6,19,84,109,1.2844036697247707,0.05388688130491161,667,I hope you got this on sale.
3490,1274,5,21,83,109,1.2844036697247707,0.05228672213346447,667,"To be honest, I feel like you’re just giving me lip service."
3825,1274,6,19,84,109,1.2844036697247707,0.05388688130491161,667,Have you read The Vagina Monologues?
2904,1274,7,17,85,109,1.2844036697247707,0.055440875192200395,667,So far all I've got from you is a bunch of lip service.
1545,1274,6,19,84,109,1.2844036697247707,0.05388688130491161,667,"Now, you tell me about your wife."
1394,1274,5,21,83,109,1.2844036697247707,0.05228672213346447,667,Could I try the father issues couch next time?
222,1274,6,19,84,109,1.2844036697247707,0.05388688130491161,667,"You're the oral fixation expert, what do you think?"
490,1274,7,17,85,109,1.2844036697247707,0.055440875192200395,667,Has this couch been tested for STDs?
5602,1282,5,20,81,106,1.2830188679245282,0.053207483448312415,667,I feel like my fear of conversation is eating me alive.
6209,1282,4,22,80,106,1.2830188679245282,0.05149118153223209,667,Funny -- all these years I thought it was called Freudian Slip.
4115,1282,6,18,82,106,1.2830188679245282,0.05487012679245056,667,All I can think about is oral sex..
4017,1282,5,20,81,106,1.2830188679245282,0.053207483448312415,667,"I tell you Doc, I think I'm going crazy! Ever since she and I broke up, I imagine that I see her luscious red lips everywhere I go."
3839,1282,6,18,82,106,1.2830188679245282,0.05487012679245056,667,"Accused of an oral fixation, can you believe it?"
3834,1282,5,20,81,106,1.2830188679245282,0.053207483448312415,667,I feel like my past is eating away at me.
3812,1282,5,20,81,106,1.2830188679245282,0.053207483448312415,667,Can we agree to dispense with the same old lip service I've gotten from every other therapist?
3666,1282,6,18,82,106,1.2830188679245282,0.05487012679245056,667,Read my lips - no new lapses!
4293,1282,3,24,79,106,1.2830188679245282,0.04971566409360453,667,"‘I think you might be right doctor. I hadn’t thought if it before, but oral fixation makes sense...’"
3658,1282,7,16,83,106,1.2830188679245282,0.056483850201068636,667,You've certainly aroused my id but I'd prefer your super-ego couch.
3455,1282,7,16,83,106,1.2830188679245282,0.056483850201068636,667,"Oh, and you think I have Mommy issues!"
3372,1282,7,16,83,106,1.2830188679245282,0.056483850201068636,667,"By the way, I like the Freudian slip-covers"
3328,1282,4,22,80,106,1.2830188679245282,0.05149118153223209,667,I was fine when we started now I'm feeling pouty.
3231,1282,3,24,79,106,1.2830188679245282,0.04971566409360453,667,I feel lipstuck.
3044,1282,6,18,82,106,1.2830188679245282,0.05487012679245056,667,"You can't always get what you want? That's your advice? Boy, Mick Jaggeran therapy sucks!"
3015,1282,4,22,80,106,1.2830188679245282,0.05149118153223209,667,Kinda goes with the turtleneck
2980,1282,3,24,79,106,1.2830188679245282,0.04971566409360453,667,I don’t have a problem.  I just love your couch.
3623,1282,2,26,78,106,1.2830188679245282,0.0478743432012488,667,"Frankly, doctor, I was hoping for more than lip service."
5567,1282,4,22,80,106,1.2830188679245282,0.05149118153223209,667,I see you’re a Rolling Stones fan.
4303,1282,4,22,80,106,1.2830188679245282,0.05149118153223209,667,I’d like to move beyond your standard lip service.
4520,1282,4,22,80,106,1.2830188679245282,0.05149118153223209,667,I have this recurring dream of being swallowed.
5639,1282,6,18,82,106,1.2830188679245282,0.05487012679245056,667,I dreamt I was a giant ChapStick.
5780,1282,5,20,81,106,1.2830188679245282,0.053207483448312415,667,I can't get the words out of my mouth.
2931,1282,6,18,82,106,1.2830188679245282,0.05487012679245056,667,"Sometimes doc, I feel like you are just giving me lip service."
5910,1282,4,22,80,106,1.2830188679245282,0.05149118153223209,667,"In my dream I’m naked, but wearing bright red lipstick."
6025,1282,4,22,80,106,1.2830188679245282,0.05149118153223209,667,You think it's a problem that your couch reminds me of my mother?
6146,1282,5,20,81,106,1.2830188679245282,0.053207483448312415,667,Flipping on the vibration will help with unpacking my childhood traumas.
5190,1282,4,22,80,106,1.2830188679245282,0.05149118153223209,667,"It's true, I've never been kissed."
4511,1282,4,22,80,106,1.2830188679245282,0.05149118153223209,667,"Can you split the bill evenly between my personalities?"""
5057,1282,7,16,83,106,1.2830188679245282,0.056483850201068636,667,I fear your lips are not sealed.
4951,1282,5,20,81,106,1.2830188679245282,0.053207483448312415,667,"Well, it all started when I dreamed I was lying on a therapist's couch shaped like my mother's lips."
4909,1282,4,22,80,106,1.2830188679245282,0.05149118153223209,667,"You can't say I'm being ""tongue in cheek"" when there is literally, a tongue in my cheeks."
4874,1282,6,18,82,106,1.2830188679245282,0.05487012679245056,667,"Either this therapy sucks, or it's your couch."
4873,1282,3,24,79,106,1.2830188679245282,0.04971566409360453,667,"And now my wife won't speak to me.  Every week, I come home with all these smears in a shade that doesn't match hers."
4786,1282,4,22,80,106,1.2830188679245282,0.05149118153223209,667,"So you feel like you’re being swallowed, very interesting."
4745,1282,5,20,81,106,1.2830188679245282,0.053207483448312415,667,"Do you have a King Kong sofa, Dr. B?"
4584,1282,2,26,78,106,1.2830188679245282,0.0478743432012488,667,"So, I feel like a hotdog inside a tomato. Is there something wrong about that?"
4955,1282,3,24,79,106,1.2830188679245282,0.04971566409360453,667,Do you think it could be an oral fixation?
2816,1282,3,24,79,106,1.2830188679245282,0.04971566409360453,667,From God's mouth to your ear!
716,1282,3,24,79,106,1.2830188679245282,0.04971566409360453,667,I was referred to you by Mick Jagger.
2760,1282,5,20,81,106,1.2830188679245282,0.053207483448312415,667,"No more lip service, Please !"
0,1282,5,20,81,106,1.2830188679245282,0.053207483448312415,667,Read my lips no new issues !
44,1282,7,16,83,106,1.2830188679245282,0.056483850201068636,667,I suddenly feel a little uncomfortable talking about my mother.
105,1282,4,22,80,106,1.2830188679245282,0.05149118153223209,667,So you think I'm the one with the oral fixation?
147,1282,3,24,79,106,1.2830188679245282,0.04971566409360453,667,Was your last patient crying? The pillow is wet
218,1282,4,22,80,106,1.2830188679245282,0.05149118153223209,667,"I like your new couch, doc. Any chance I can lay face down?"""
2795,1282,4,22,80,106,1.2830188679245282,0.05149118153223209,667,"And then, Doctor, he said, 'If  we could prove the President clearly did not commit a crime, we would have said so.'"
275,1282,6,18,82,106,1.2830188679245282,0.05487012679245056,667,"I see what you're going for here, but my mother wore a different shade of lipstick."
446,1282,6,18,82,106,1.2830188679245282,0.05487012679245056,667,I may have “glossed” over some of the most important parts.
577,1282,9,12,85,106,1.2830188679245282,0.05958031866456475,667,You’re the one with the oral fixation.
629,1282,4,22,80,106,1.2830188679245282,0.05149118153223209,667,"Before I start, can we talk about you first."
751,1282,5,20,81,106,1.2830188679245282,0.053207483448312415,667,My designer said it spoke to her
819,1282,4,22,80,106,1.2830188679245282,0.05149118153223209,667,Why do I get the feeling that I'm only paying for lip service?
878,1282,5,20,81,106,1.2830188679245282,0.053207483448312415,667,I feel so inadequate. I never win the New Yorker caption contests.
1037,1282,7,16,83,106,1.2830188679245282,0.056483850201068636,667,"By the way, I like your company name: Kiss and Tell."
1165,1282,4,22,80,106,1.2830188679245282,0.05149118153223209,667,Does Revlon provide you with a stipend as well?
240,1282,7,16,83,106,1.2830188679245282,0.056483850201068636,667,"Expensive lip service, Doc"
1401,1282,9,12,85,106,1.2830188679245282,0.05958031866456475,667,I’ve heard you’re the best therapist in the Poconos
1377,1282,5,20,81,106,1.2830188679245282,0.053207483448312415,667,"I'd like this session in a more serious shade."""
2681,1282,5,20,81,106,1.2830188679245282,0.053207483448312415,667,From my lips to yours.
2564,1282,6,18,82,106,1.2830188679245282,0.05487012679245056,667,Add Dentophobia to the list.
2521,1282,6,18,82,106,1.2830188679245282,0.05487012679245056,667,I just want to know.  Are those Freudian's lips
2384,1282,4,22,80,106,1.2830188679245282,0.05149118153223209,667,It just all seems like lip service.
2199,1282,4,22,80,106,1.2830188679245282,0.05149118153223209,667,Getting back to my oral fixation...
2005,1282,7,16,83,106,1.2830188679245282,0.056483850201068636,667,Ok...but when you make the referral can you say ‘persnickety’ instead of  ‘obsessive’?
2549,1282,3,24,79,106,1.2830188679245282,0.04971566409360453,667,Your new couch makes me want to smoke some weed and blast some Stones tunes.
1748,1282,8,14,84,106,1.2830188679245282,0.05805273337969472,667,Redecorating to get this couch for your narcissistic patients was brilliant -they'll love getting their a** kissed.
1744,1282,6,18,82,106,1.2830188679245282,0.05487012679245056,667,It's the red; it just screams vanity and insincerity.
1581,1282,7,16,83,106,1.2830188679245282,0.056483850201068636,667,For once I would like to be brutally honest with you - I hate the new couch.
1531,1282,4,22,80,106,1.2830188679245282,0.05149118153223209,667,I can't escape the feeling that people are only giving me lip service.
1909,1282,5,20,81,106,1.2830188679245282,0.053207483448312415,667,"‘Oral fixation’, you say?"
1443,1282,6,18,82,106,1.2830188679245282,0.05487012679245056,667,Why am I now experiencing a premonition that I going to be swallowed by Lady Gaga?
4151,1354,3,23,77,103,1.2815533980582525,0.05053958934365407,667,My therapy here has taught me it’s not all black and white.
4131,1354,3,23,77,103,1.2815533980582525,0.05053958934365407,667,"No, I'm not reminded of my mother."
3980,1354,8,13,82,103,1.2815533980582525,0.059212221175387464,667,Each week I feel you’re only giving me lip service
3975,1354,4,21,78,103,1.2815533980582525,0.0523890971493569,667,I feel so...loved.
3388,1354,3,23,77,103,1.2815533980582525,0.05053958934365407,667,Is everything about sex?
3755,1354,6,17,80,103,1.2815533980582525,0.05590485057956849,667,"Reverse psychology, no?"
2937,1354,7,15,81,103,1.2815533980582525,0.057582286576893085,667,"Doc, I need help. I can't figure out my sleep number."
4180,1354,4,21,78,103,1.2815533980582525,0.0523890971493569,667,"Quit kissing my ass, Doc."
2763,1354,4,21,78,103,1.2815533980582525,0.0523890971493569,667,I can’t help but get the impression that you are biased when you say that I am stuck in the oral stage
2822,1354,5,19,79,103,1.2815533980582525,0.05417550100575275,667,A little Barry White should do the trick.
3824,1354,6,17,80,103,1.2815533980582525,0.05590485057956849,667,Did I tell you that's a lovely jacket you have on.
4272,1354,2,25,76,103,1.2815533980582525,0.04861977665441945,667,I should have beleived them when they said you would kiss it and make it better.
5410,1354,5,19,79,103,1.2815533980582525,0.05417550100575275,667,How much if I use last season’s couch?
4718,1354,4,21,78,103,1.2815533980582525,0.0523890971493569,667,Still no satisfaction.
6099,1354,5,19,79,103,1.2815533980582525,0.05417550100575275,667,"Now that we've switched places, tell me what your problem is."
5907,1354,4,21,78,103,1.2815533980582525,0.0523890971493569,667,She seems to be consuming me.
5821,1354,5,19,79,103,1.2815533980582525,0.05417550100575275,667,"I feel uncomfortable telling you this, Dr. Lipschitz."
5509,1354,4,21,78,103,1.2815533980582525,0.0523890971493569,667,"I like this new couch, the old one was getting chapped."
5402,1354,5,19,79,103,1.2815533980582525,0.05417550100575275,667,I put a rest to lip service.
5376,1354,3,23,77,103,1.2815533980582525,0.05053958934365407,667,I feel like she's always there.
5246,1354,3,23,77,103,1.2815533980582525,0.05053958934365407,667,"This won't smudge my suit, will it?"
5213,1354,6,17,80,103,1.2815533980582525,0.05590485057956849,667,I keep thinking I see Mick Jagger everywhere.
2533,1354,4,21,78,103,1.2815533980582525,0.0523890971493569,667,An oral fixation.  How so?
5043,1354,4,21,78,103,1.2815533980582525,0.0523890971493569,667,"For some reason, I keep thinking of Major Houlihan."
4340,1354,4,21,78,103,1.2815533980582525,0.0523890971493569,667,"I know you’re a love doctor, but this couch is a little much, no?"
2412,1354,5,19,79,103,1.2815533980582525,0.05417550100575275,667,"I don’t know, for some reason I can’t get the words out."
5126,1354,4,21,78,103,1.2815533980582525,0.0523890971493569,667,I heard you specialize in oral fixations
2314,1354,5,19,79,103,1.2815533980582525,0.05417550100575275,667,Exactly whose mother are we talking about?
104,1354,3,23,77,103,1.2815533980582525,0.05053958934365407,667,Analyze me like one of your French girls.
217,1354,6,17,80,103,1.2815533980582525,0.05590485057956849,667,"Doc, call me nuts--but I'm thinking the printer may have gotten a deal on red ink."
265,1354,7,15,81,103,1.2815533980582525,0.057582286576893085,667,I never trust anyone with a turtle neck
503,1354,5,19,79,103,1.2815533980582525,0.05417550100575275,667,Why did you give up marriage counseling?
631,1354,6,17,80,103,1.2815533980582525,0.05590485057956849,667,Have you got any chapstick?
1178,1354,6,17,80,103,1.2815533980582525,0.05590485057956849,667,"It's Dalian, not Freudian."
1244,1354,3,23,77,103,1.2815533980582525,0.05053958934365407,667,"And then my mother said, ""Don't give me any more of your lip!"""
1325,1354,5,19,79,103,1.2815533980582525,0.05417550100575275,667,I keep looking for love in all the wrong places.
13,1354,5,19,79,103,1.2815533980582525,0.05417550100575275,667,"But isn't it an improvement from the last time, when I had the blues?"
1550,1354,7,15,81,103,1.2815533980582525,0.057582286576893085,667,Nope... still uncomfortable
2378,1354,6,17,80,103,1.2815533980582525,0.05590485057956849,667,At least your lip service is covered by my insurance.
1594,1354,3,23,77,103,1.2815533980582525,0.05053958934365407,667,"Sorry, but as a Marriage Therapist, I only have a love seat."
1788,1354,8,13,82,103,1.2815533980582525,0.059212221175387464,667,"Time´s up, next week: Vagina!"
1960,1354,4,21,78,103,1.2815533980582525,0.0523890971493569,667,Is this couch going to leave a stain? That's how I got in trouble the first time.
2164,1354,4,21,78,103,1.2815533980582525,0.0523890971493569,667,"You're not just offering me lip service, are you?"
1403,1354,6,17,80,103,1.2815533980582525,0.05590485057956849,667,I keep seeing a big long red tie; what does it mean.
6216,1398,4,22,81,107,1.280373831775701,0.051076219531363376,667,How odd that right now I can vividly remember my mom's lipstick.
1454,1398,8,14,85,107,1.280373831775701,0.05756842167922147,667,"I didn't start with an oral fixation, but I think I have one now."
1665,1398,6,18,83,107,1.280373831775701,0.05441922167879968,667,This is wet
1918,1398,5,20,82,107,1.280373831775701,0.05277419771887758,667,I'm not really listening as you've only paid for lip service
2618,1398,5,20,82,107,1.280373831775701,0.05277419771887758,667,Why do you always diagnose me with an oral fixation?
2945,1398,4,22,81,107,1.280373831775701,0.051076219531363376,667,At times I sense that she's consuming me.
3217,1398,5,20,82,107,1.280373831775701,0.05277419771887758,667,"After every session with you, I have nightmares about Mick Jagger."
3590,1398,1,28,78,107,1.280373831775701,0.04560452797530692,667,My problem is that I keep hearing voices.
3994,1398,6,18,83,107,1.280373831775701,0.05441922167879968,667,At last...wish fulfillment!
4821,1398,3,24,80,107,1.280373831775701,0.04931981810956795,667,Sometimes I think you are just playing lip service to my problems.
4512,1398,8,14,85,107,1.280373831775701,0.05756842167922147,667,"I assure you, this is much more comfortable than what my anally fixated patients get to lie on."
4571,1398,6,18,83,107,1.280373831775701,0.05441922167879968,667,You just giving me lip service?
5089,1398,9,12,86,107,1.280373831775701,0.059080105940086246,667,My insurance covers this right?
5855,1398,7,16,84,107,1.280373831775701,0.05601595693533672,667,Do you really think this is the best way to approach my need for oral gratification?
6144,1398,2,26,79,107,1.280373831775701,0.04749851276730367,667,You think this is an appropriate couch for sex therapists ?
6186,1398,4,22,81,107,1.280373831775701,0.051076219531363376,667,My phobias have diminished but I have started having nightmares of being eaten by Mick Jagger.
1391,1398,6,18,83,107,1.280373831775701,0.05441922167879968,667,"A kiss is still a kiss,  but sometimes a couch is just a couch."
4448,1398,4,22,81,107,1.280373831775701,0.051076219531363376,667,I keep dreaming that Mae West keeps inviting me upstairs
1029,1398,5,20,82,107,1.280373831775701,0.05277419771887758,667,Is that you smacking your lips?
2675,1398,3,24,80,107,1.280373831775701,0.04931981810956795,667,Did you steal this couch from the Dali museum?
742,1398,7,16,84,107,1.280373831775701,0.05601595693533672,667,Tell me more about your Dali-ence.
721,1398,8,14,85,107,1.280373831775701,0.05756842167922147,667,I can't help but feel you're paying me lip service.
651,1398,4,22,81,107,1.280373831775701,0.051076219531363376,667,I keep having the sensation that I'm being swallowed alive.
581,1398,6,18,83,107,1.280373831775701,0.05441922167879968,667,"So, what am I paying for this lip-service ?"
349,1398,8,14,85,107,1.280373831775701,0.05756842167922147,667,"I'd be lying , doctor, if I told you I didn't come back for the lips."
940,1398,7,16,84,107,1.280373831775701,0.05601595693533672,667,I have no direction home. Like a Rolling Stone.
326,1424,7,17,87,111,1.2792792792792793,0.05455676689722964,667,"Read my lips, I...Think...You...Suck."
1259,1425,6,17,81,104,1.2788461538461537,0.05543084484607181,667,It's like you're just giving lip service.
1263,1425,5,19,80,104,1.2788461538461537,0.053720313317805364,667,I see you installed ceiling mirrors.
1702,1425,5,19,80,104,1.2788461538461537,0.053720313317805364,667,"Why, yes, my mother did wear red a lot."
3739,1425,6,17,81,104,1.2788461538461537,0.05543084484607181,667,Not sure if you're writing notes or just drawing me.
211,1425,5,19,80,104,1.2788461538461537,0.053720313317805364,667,Are all your patients obsessed with sex?
4440,1425,7,15,82,104,1.2788461538461537,0.05709014851737027,667,Sometime's I feel like I'm just a cigar.
5161,1425,7,15,82,104,1.2788461538461537,0.05709014851737027,667,"So, tell me. What's biting you?"
5172,1425,3,23,78,104,1.2788461538461537,0.050124435839128983,667,Gene Simmons recommended you
1771,1425,3,23,78,104,1.2788461538461537,0.050124435839128983,667,I keep dreaming that I'm being eaten by the Cheshire Cat.
152,1425,7,15,82,104,1.2788461538461537,0.05709014851737027,667,Death is not the end.
1669,1425,5,19,80,104,1.2788461538461537,0.053720313317805364,667,Remember... from your lips to Gods ears...
3963,1436,4,17,69,90,1.2777777777777777,0.057034010436855166,667,Would you like to talk about your couch choice?
383,1437,4,20,77,101,1.2772277227722773,0.05287536603096511,667,Love is all around me but I can't find it.
5464,1437,6,16,79,101,1.2772277227722773,0.05649640640668161,667,"Might as well face it, you're addicted to love."
5261,1437,6,16,79,101,1.2772277227722773,0.05649640640668161,667,"Doc, it's my big mouth again"
4430,1437,5,18,78,101,1.2772277227722773,0.05471584902830932,667,"I'm sorry, but I feel you're just giving me lip service."
4262,1437,2,24,75,101,1.2772277227722773,0.04898739357169499,667,I have this recurring nightmare that loose lips sink ships.
3858,1437,5,18,78,101,1.2772277227722773,0.05471584902830932,667,I think I’ve developed an oral fixation.
3691,1437,7,14,80,101,1.2772277227722773,0.058222536348471916,667,Best one hundred bucks an hour job ever!!!!!
3634,1437,5,18,78,101,1.2772277227722773,0.05471584902830932,667,I fantasize about her eating me alive!!!
3340,1437,1,26,74,101,1.2772277227722773,0.04692275489533777,667,"Yes, it’s bothering me!"
2901,1437,5,18,78,101,1.2772277227722773,0.05471584902830932,667,A stiff upper lip?
5892,1437,5,18,78,101,1.2772277227722773,0.05471584902830932,667,I feel like I’m about to be eaten. I can’t explain it.
1947,1437,3,22,76,101,1.2772277227722773,0.0509684660444901,667,Can I sleep here tonite ?
1911,1437,5,18,78,101,1.2772277227722773,0.05471584902830932,667,The problem is there is no right on red.
1592,1437,4,20,77,101,1.2772277227722773,0.05287536603096511,667,"This is not helping my germaphobia, doc. I have no idea where these lips have been."
3179,1451,3,20,71,94,1.2765957446808511,0.05327150239189492,667,Mick referred me. Said he was satisfied with your treatment.
2022,1451,3,20,71,94,1.2765957446808511,0.05327150239189492,667,I do wish you’d stop referring to everything I say on this couch as Freudian lips.
1222,1453,5,19,81,105,1.276190476190476,0.05327246657607053,667,Your CV says you specialize in patients with an oral fixation.
2077,1453,4,21,80,105,1.276190476190476,0.051524804822030805,667,But I feel blue
4870,1453,7,15,83,105,1.276190476190476,0.05660614861831635,667,Sometimes it’s almost like I sexualize furniture.
5501,1453,5,19,81,105,1.276190476190476,0.05327246657607053,667,"No, Doc.  Not red behind.  I said, ""You've read my mind, read my mind."""
5714,1457,5,23,92,120,1.275,0.04874115591686399,667,I’m in love with a geisha.
412,1458,6,16,80,102,1.2745098039215685,0.05600576617202239,667,Do YOU have a Fetish?
1090,1458,6,16,80,102,1.2745098039215685,0.05600576617202239,667,Do you validate parking
1458,1458,3,22,77,102,1.2745098039215685,0.05053943670264388,667,"It feels good, but I'm worried about the teeth."
1761,1458,3,22,77,102,1.2745098039215685,0.05053943670264388,667,"It’s funny Doc, I’m beginning to feel like I just might be able to love again."
2386,1458,5,18,79,102,1.2745098039215685,0.05424489638436364,667,"Maybe it's just me, but lately it seems like I'm getting a lot of lip from everybody."
3023,1458,8,12,82,102,1.2745098039215685,0.059371036423874625,667,It feels chapped.
112,1464,5,16,74,95,1.2736842105263158,0.056872788367533886,667,I can't help feeling down in the mouth.
1370,1464,3,20,72,95,1.2736842105263158,0.052788121061762866,667,So you're sure that the lips are sealed?
4153,1466,2,25,79,106,1.2735849056603774,0.04745645162740894,667,"Very comfortable. But it's missing teeth. Does that mean anything, Doctor?"
6206,1467,4,19,76,99,1.2727272727272727,0.053371549809255195,667,"When I said 'I feel unloved', I was expecting a more conversational solution."
2082,1467,2,23,74,99,1.2727272727272727,0.04935824351078518,667,I just can't get past the oral stage.
2444,1467,5,17,77,99,1.2727272727272727,0.05526902742339265,667,"After a year of therapy, why haven't I gotten past this oral fixation, doc?"
2823,1467,5,17,77,99,1.2727272727272727,0.05526902742339265,667,"I’m just paying for lip service, right?"
2824,1467,4,19,76,99,1.2727272727272727,0.053371549809255195,667,"Dang it! I never should have told you that, I have such a big mouth!"
2910,1467,3,21,75,99,1.2727272727272727,0.05140407829886543,667,I feel damp!
2922,1467,4,19,76,99,1.2727272727272727,0.053371549809255195,667,And then it turns out to just be a pistol in my pocket after all.
3061,1467,5,17,77,99,1.2727272727272727,0.05526902742339265,667,Maybe I shouldn’t have told you about the herpes.
3104,1467,4,19,76,99,1.2727272727272727,0.053371549809255195,667,"You call it oral fixation, I call it comfy."
1657,1467,3,21,75,99,1.2727272727272727,0.05140407829886543,667,Why do I feel you’re just giving me lip service?
3152,1467,4,19,76,99,1.2727272727272727,0.053371549809255195,667,Maybe I've been glossing over my problems.
3497,1467,4,19,76,99,1.2727272727272727,0.053371549809255195,667,Are you sure there are no teeth?
3573,1467,5,17,77,99,1.2727272727272727,0.05526902742339265,667,"Listen, you can tell me anything. My lips are sealed."
3581,1467,4,19,76,99,1.2727272727272727,0.053371549809255195,667,It feels like I'm down in the mouth.
3681,1467,5,17,77,99,1.2727272727272727,0.05526902742339265,667,MAE we please stop DALIing around?
3985,1467,4,19,76,99,1.2727272727272727,0.053371549809255195,667,"Is this because of the ""lip service"" comment I made last week?"
4500,1467,4,19,76,99,1.2727272727272727,0.053371549809255195,667,"Very interesting.  Now, why do you think you are having this reoccurring nightmare about being eaten alive by a woman wearing bright red lipstick?"
4660,1467,3,21,75,99,1.2727272727272727,0.05140407829886543,667,"Is there an obvious metaphor here, or is it all in my mind?"
4704,1467,5,17,77,99,1.2727272727272727,0.05526902742339265,667,"No, I don't think I have an oral fixation. I think I know myself a bit better than that. Nice couch by the way."""
3478,1467,6,15,78,99,1.2727272727272727,0.057103488996852456,667,Don't put SWAK on my 'script. It creeps my pharmacy out.
1649,1467,5,17,77,99,1.2727272727272727,0.05526902742339265,667,Can we cancel till you get a blue couch?
1514,1467,6,15,78,99,1.2727272727272727,0.057103488996852456,667,It is right on my tongue.
1328,1467,7,13,79,99,1.2727272727272727,0.05888082471314044,667,I have this persistent sensation of being eaten alive.
6137,1467,5,17,77,99,1.2727272727272727,0.05526902742339265,667,"Once on the lips, forever on the hips."
5011,1467,5,17,77,99,1.2727272727272727,0.05526902742339265,667,"Yes, my Mother did wear bright red lipstick. Why do you ask?"
6067,1467,5,17,77,99,1.2727272727272727,0.05526902742339265,667,"I invented the Wax Moustache, Wax Teeth, Wax Vampire Fangs, but I've hit a creative block..."
5931,1467,4,19,76,99,1.2727272727272727,0.053371549809255195,667,So I followed your advice and told them all to kiss off!
174,1467,3,21,75,99,1.2727272727272727,0.05140407829886543,667,And you thought the turtleneck was tacky.
6076,1467,4,19,76,99,1.2727272727272727,0.053371549809255195,667,"I dunno, doc… It’s, well, it’s like I’m being swallowed in kitsch."
523,1467,4,19,76,99,1.2727272727272727,0.053371549809255195,667,Philemaphobia exposure therapy
693,1467,2,23,74,99,1.2727272727272727,0.04935824351078518,667,What is the couch for a woman?
1067,1467,4,19,76,99,1.2727272727272727,0.053371549809255195,667,I have this irrational fear of being eaten alive.
1272,1467,4,19,76,99,1.2727272727272727,0.053371549809255195,667,The oral stage of development?
181,1467,4,19,76,99,1.2727272727272727,0.053371549809255195,667,I feel I'm on everybody's lips.
5647,1467,3,21,75,99,1.2727272727272727,0.05140407829886543,667,So then I dreamed I was being swallowed by a giant pair of lips.
3454,1502,6,16,81,103,1.2718446601941749,0.05552335626607258,667,"Any idea why I only feel down in the mouth when I come here, Doc?"
5298,1503,4,22,85,111,1.2702702702702702,0.04947876710362073,667,"Lip Synching, Couch Surfing....you’ve advised me to free associate"
4551,1503,4,22,85,111,1.2702702702702702,0.04947876710362073,667,I keep dreaming I'm being eaten by the Rolling Stones.
1141,1503,7,16,88,111,1.2702702702702702,0.054217606785018024,667,"I really feel down in the mouth, but I can’t say why....."
2467,1506,5,17,78,100,1.27,0.05478147589295219,667,This is the couch we use for oral fixations. Be grateful you weren't diagnosed with anal personality.
2747,1506,6,15,79,100,1.27,0.05659532050470519,667,I knew I would feel comfortable talking to you.
3977,1506,5,17,78,100,1.27,0.05478147589295219,667,Is this why you call it Houlihan's Syndrome?
4199,1506,2,23,75,100,1.27,0.04893822120745191,667,You look uptight. How about you lie down and I take the notes.
5615,1506,5,17,78,100,1.27,0.05478147589295219,667,What happened to your peacock lounger?
4929,1511,8,12,84,104,1.2692307692307692,0.05834212087104283,667,"This is the Breast--I mean best, sofa I've ever been on, Dr. Freud."
5893,1511,2,38,116,156,1.2692307692307692,0.03787812269858489,667,"Doc, a stiff upper lip just isn'
t a cure-all."
1963,1513,8,10,79,97,1.268041237113402,0.061334430407565414,667,A moment on the lips.
1023,1513,3,20,74,97,1.268041237113402,0.051846207112077713,667,The problem's on the tip of my tongue
1097,1513,4,18,75,97,1.268041237113402,0.05387769319682185,667,I keep having this repetitive dream that I'm being eaten alive by Kim Kardashian.
1287,1513,5,16,76,97,1.268041237113402,0.0558353154957798,667,I'm going deep in the red.
4555,1513,6,14,77,97,1.268041237113402,0.05772658909736201,667,My mother always wore red lipstick.
2068,1513,3,20,74,97,1.268041237113402,0.051846207112077713,667,"Tell me about your oral fixation, Doctor."
2116,1513,4,18,75,97,1.268041237113402,0.05387769319682185,667,"It's her lips, I can't stop thinking about her lips."
2782,1513,8,10,79,97,1.268041237113402,0.061334430407565414,667,The first thing I notice about a woman is her smile.
3040,1513,5,16,76,97,1.268041237113402,0.0558353154957798,667,Maybe I'm paranoid but I feel like I'm being swallowed by Taylor Swift.
3363,1513,3,20,74,97,1.268041237113402,0.051846207112077713,667,I’m afraid lip service will not help you.
3456,1513,4,18,75,97,1.268041237113402,0.05387769319682185,667,Is the lipstick colorfast?
3626,1513,4,18,75,97,1.268041237113402,0.05387769319682185,667,"I’m not the only one seeing this, right?"
3643,1513,7,12,78,97,1.268041237113402,0.059557835094285284,667,I have this recurring dream of being eaten alive and frankly this couch is not helping.
3690,1513,4,18,75,97,1.268041237113402,0.05387769319682185,667,"I've developed a fetish for big, bright red lips.  I'm obsessed. 
 Even in this present moment it's all I can think about."
3802,1513,5,16,76,97,1.268041237113402,0.0558353154957798,667,The couch? It's a Freudian lip.
3806,1513,2,22,73,97,1.268041237113402,0.04973180631754744,667,This isn't the kind of intimate session I was hoping for.
529,1513,4,18,75,97,1.268041237113402,0.05387769319682185,667,I’m thinking about what a red couch means.
502,1513,2,22,73,97,1.268041237113402,0.04973180631754744,667,"I mean it just seems surreal, don’t you think?"
486,1513,5,16,76,97,1.268041237113402,0.0558353154957798,667,"I’ll tell you about my mother, but first peel me a grape."
485,1513,5,16,76,97,1.268041237113402,0.0558353154957798,667,How's the sketch coming along?
6112,1513,6,14,77,97,1.268041237113402,0.05772658909736201,667,Can you tell me what exactly is it about the couch that reminds you of your ex?
5856,1513,4,18,75,97,1.268041237113402,0.05387769319682185,667,And just how does one become an oral fixation specialist?
5685,1513,4,18,75,97,1.268041237113402,0.05387769319682185,667,I would've gone with something closer to magenta.
5366,1513,4,18,75,97,1.268041237113402,0.05387769319682185,667,Um...uh...it's on the tip of my tongue...
4133,1513,4,18,75,97,1.268041237113402,0.05387769319682185,667,"Believe it or not, but I am not a lip reader"
4766,1513,6,14,77,97,1.268041237113402,0.05772658909736201,667,I think we can leave your couch fixation for the next session
4788,1513,5,16,76,97,1.268041237113402,0.0558353154957798,667,I can't help thinking I'm just paying for lip service.
4,1513,4,18,75,97,1.268041237113402,0.05387769319682185,667,"Are these lips sealed, Doc?"
38,1513,6,14,77,97,1.268041237113402,0.05772658909736201,667,"I don't feel I'm making any progress when I come to see you, doctor. I keep feeling you're just giving me lip service."
41,1513,6,14,77,97,1.268041237113402,0.05772658909736201,667,I keep having dreams of Carol Channing.
117,1513,4,18,75,97,1.268041237113402,0.05387769319682185,667,You say your mother wore red lipstick?
462,1513,6,14,77,97,1.268041237113402,0.05772658909736201,667,"Doc, it's times like these that I feel like a... well, like a dick."
478,1513,4,18,75,97,1.268041237113402,0.05387769319682185,667,Well not everything reminds me of my mother.
4731,1513,4,18,75,97,1.268041237113402,0.05387769319682185,667,"DOC, something is gnawing on me."
4145,1513,5,16,76,97,1.268041237113402,0.0558353154957798,667,I’m reminded of her red lips wherever I go.
3284,1548,4,15,67,86,1.2674418604651163,0.058303462469073586,667,"It is complex, I feel as though I am about to be simultaneously loved and eaten."
3577,1548,6,11,69,86,1.2674418604651163,0.06282109007584707,667,Do you think this makes me look hot?
3789,1550,6,14,78,98,1.2653061224489797,0.05719993542566316,667,I'm finding the oral stage very comfortable.
3297,1550,4,18,76,98,1.2653061224489797,0.05339518462605429,667,"Doc, I have a persistent nightmare that Donald Trump is president.  Am I psychotic?"
3722,1550,6,14,78,98,1.2653061224489797,0.05719993542566316,667,So you're telling me to stop seeing everything in black and white? Very subtle.
2402,1550,5,16,77,98,1.2653061224489797,0.055330273602931246,667,"I think it all goes back to my father, Mae he West in peace..."
2700,1550,4,18,76,98,1.2653061224489797,0.05339518462605429,667,Am I supposed to listen to it or can I talk?
3106,1550,2,22,74,98,1.2653061224489797,0.04929765582460097,667,What's love have to do with it?
3365,1550,4,18,76,98,1.2653061224489797,0.05339518462605429,667,"This is nice, but I'd be more comfortable with Dada."
3164,1550,3,20,75,98,1.2653061224489797,0.051387277662137534,667,What do you mean that “your lips are sealed”?
3229,1550,3,20,75,98,1.2653061224489797,0.051387277662137534,667,I feel like you are only giving me lip service.
3891,1550,4,18,76,98,1.2653061224489797,0.05339518462605429,667,I'm confused.  Who's paying lip service here?
3240,1550,4,18,76,98,1.2653061224489797,0.05339518462605429,667,"Is this what you mean by ""lip service""?"
3280,1550,4,18,76,98,1.2653061224489797,0.05339518462605429,667,Is our time up?  Your clock melted.
3351,1550,6,14,78,98,1.2653061224489797,0.05719993542566316,667,Just checking to be sure you're still listening to me and that you're not texting your mother again
4086,1550,4,18,76,98,1.2653061224489797,0.05339518462605429,667,I think it’s time we discuss YOUR mommy issues.
5321,1550,5,16,77,98,1.2653061224489797,0.055330273602931246,667,"Are you sure that I am the one with the oral fixation, Doc?"
4240,1550,4,18,76,98,1.2653061224489797,0.05339518462605429,667,"Ok, I think I’m ready to share my oral history."
4639,1550,5,16,77,98,1.2653061224489797,0.055330273602931246,667,"As soon I saw it was Contest #666, I came to see you, my priest was busy."
5171,1550,4,18,76,98,1.2653061224489797,0.05339518462605429,667,"Doc, I'm beginning to think maybe it's you who has the oral fixation."
5204,1550,5,16,77,98,1.2653061224489797,0.055330273602931246,667,"It's strange, but ever since I started seeing you, I have these recurring nightmares about someone trying to eat me."
5174,1550,4,18,76,98,1.2653061224489797,0.05339518462605429,667,Thank you for paying lip service to my problems.
5713,1550,3,20,75,98,1.2653061224489797,0.051387277662137534,667,I seem to look for love in all the wrong places.
5734,1550,4,18,76,98,1.2653061224489797,0.05339518462605429,667,It’s my professional opinion John that you have been a CEO so long you expect everyone to kiss your ass
5772,1550,7,12,79,98,1.2653061224489797,0.05901038932615884,667,I have this feeling of floss.
5189,1550,1,24,73,98,1.2653061224489797,0.04711544793457883,667,Your lips are very soft.
6094,1550,5,16,77,98,1.2653061224489797,0.055330273602931246,667,I now feel in a good position to tell you about my casting-couch reputation...
2390,1550,4,18,76,98,1.2653061224489797,0.05339518462605429,667,This sofa reeks of bad breath.
6148,1550,6,14,78,98,1.2653061224489797,0.05719993542566316,667,I hear you're a lip reader.
6120,1550,6,14,78,98,1.2653061224489797,0.05719993542566316,667,What do you mean by your lips are sealed?
5505,1550,6,14,78,98,1.2653061224489797,0.05719993542566316,667,"Oh, what would you know about male pattern baldness."
4114,1550,5,16,77,98,1.2653061224489797,0.055330273602931246,667,"Yes, lot's of people kiss up to me. Why do you ask?"
2371,1550,3,20,75,98,1.2653061224489797,0.051387277662137534,667,Do you ever feel like life really has you in its jaws?
1418,1550,5,16,77,98,1.2653061224489797,0.055330273602931246,667,"Hey Doc, remember Major Holihan from Mash?"
2138,1550,2,22,74,98,1.2653061224489797,0.04929765582460097,667,You know there's an app for that?
426,1550,3,20,75,98,1.2653061224489797,0.051387277662137534,667,I think I'm falling in love with this couch.
624,1550,5,16,77,98,1.2653061224489797,0.055330273602931246,667,"Listen Doc, read my lips, it’s not an oral fixation."
803,1550,3,20,75,98,1.2653061224489797,0.051387277662137534,667,I’ve got moods like Jagger.
917,1550,7,12,79,98,1.2653061224489797,0.05901038932615884,667,I'm suddenly tongue-tied
1026,1550,5,16,77,98,1.2653061224489797,0.055330273602931246,667,I can't shake this feeling that someone is licking my behind.
1036,1550,4,18,76,98,1.2653061224489797,0.05339518462605429,667,Sometimes everyday objects remind me of her. Does that ever happen to you Doc?
1085,1550,4,18,76,98,1.2653061224489797,0.05339518462605429,667,Am I being too tongue-in-cheek?
281,1550,5,16,77,98,1.2653061224489797,0.055330273602931246,667,Do you mean that sincerely or are you just paying lip service?
1182,1550,4,18,76,98,1.2653061224489797,0.05339518462605429,667,And I thought I had a problem before.
1306,1550,4,18,76,98,1.2653061224489797,0.05339518462605429,667,I have Dali issues.
2318,1550,4,18,76,98,1.2653061224489797,0.05339518462605429,667,"So, are you Freudian or Jungian?"
1448,1550,6,14,78,98,1.2653061224489797,0.05719993542566316,667,"Nope, sorry, I'm not feeling it."
1575,1550,3,20,75,98,1.2653061224489797,0.051387277662137534,667,Thank you for accommodating my fantasies...
1711,1550,5,16,77,98,1.2653061224489797,0.055330273602931246,667,Every time I come here I think I am on the cover of a rolling Stones album.
1818,1550,4,18,76,98,1.2653061224489797,0.05339518462605429,667,I can't let it go - I feel like it's eating me up
1092,1550,6,14,78,98,1.2653061224489797,0.05719993542566316,667,...and that was the beginning of my oral fixation.
4190,1599,7,14,85,106,1.2641509433962264,0.05575889373409183,667,"You know, you're fly is open."
4477,1599,6,16,84,106,1.2641509433962264,0.05412355966797255,667,You say Mick Jagger once owned this apartment?
1188,1601,2,21,72,95,1.263157894736842,0.050107446290437146,667,"Well it's more comfortable than the catcher's mitt, I'll give you that..."
1457,1601,3,19,73,95,1.263157894736842,0.052294553631162456,667,"How does it make me feel? Like a couch tomato, I guess."
1653,1601,5,15,75,95,1.263157894736842,0.05641496850082867,667,"With this couch, don't you dare tell me you're a Freudian """
1801,1601,2,21,72,95,1.263157894736842,0.050107446290437146,667,"I can't find the word for my problem, but it's on the tip of my lips."
2193,1601,3,19,73,95,1.263157894736842,0.052294553631162456,667,It's just that I know you're a Freudian...so yeah...the new couch makes me a little uncomfortable.
3751,1601,4,17,74,95,1.263157894736842,0.054393791053906224,667,"Are you a fan of the Rolling Stones as well, Doctor?"
3312,1601,7,11,77,95,1.263157894736842,0.06025426957831666,667,"It’s Mid-century Modern, not midlife crisis."
3703,1601,4,17,74,95,1.263157894736842,0.054393791053906224,667,Was your couch ever just a couch?
5227,1601,3,19,73,95,1.263157894736842,0.052294553631162456,667,Six months of therapy and all I've gotten from you is lip service.
5367,1601,4,17,74,95,1.263157894736842,0.054393791053906224,667,My mother is eating me alive.
5899,1601,4,17,74,95,1.263157894736842,0.054393791053906224,667,Right now I feel like it's all just swallowing me up.
960,1601,5,15,75,95,1.263157894736842,0.05641496850082867,667,You realize this couch isn't helping my oral fixation?
2221,1601,6,13,76,95,1.263157894736842,0.05836619601004484,667,Are you sure you're a dentist?
487,1601,4,17,74,95,1.263157894736842,0.054393791053906224,667,"For some reason, I'm feeling a bit more down in the mouth at the moment."
3857,1601,1,23,71,95,1.263157894736842,0.047820414134714065,667,My oral fixation only seems to be getting worse.
143,1601,4,17,74,95,1.263157894736842,0.054393791053906224,667,Would this float?
5440,1617,4,23,91,118,1.2627118644067796,0.04727542059150977,667,And  you know what REALLY chaps my ass?
5106,1618,1,24,74,99,1.2626262626262625,0.046714037680342414,667,"I got real issues, Doc. I didn’t come here for lip service."
4328,1618,4,18,77,99,1.2626262626262625,0.052920983610078645,667,"I am experiencing deep feelings for this chaise, and have no desire to leave anytime soon."
3559,1618,7,12,80,99,1.2626262626262625,0.05847272608760407,667,Are you sure you're in my insurance network?
2757,1618,6,14,79,99,1.2626262626262625,0.056682595501882704,667,"Doc, you can kiss my ass for all I care."
738,1618,7,12,80,99,1.2626262626262625,0.05847272608760407,667,I guess I should be thankful you're not a Freudian
73,1618,6,14,79,99,1.2626262626262625,0.056682595501882704,667,I feel like all you're giving me is lip service.
359,1618,3,20,76,99,1.2626262626262625,0.05093611138448136,667,Nice move on making sure I’m not too comfortable.
6195,1625,4,19,80,103,1.2621359223300972,0.051553378340343764,667,Pucker-punched. The new hypnosis.
3145,1625,7,13,83,103,1.2621359223300972,0.05682299750630295,667,"First off, I would like to thank you for making yourself available for this parent teacher conference."
191,1627,5,19,87,111,1.2612612612612613,0.05073047360275016,667,Wherever I go I see red lips.
2915,1628,6,12,74,92,1.2608695652173914,0.05960044783456795,667,"I get it: ""these lips were made for talkin, and thats just what they'll do"""
3558,1629,3,19,74,96,1.2604166666666667,0.05181950723819513,667,"Doc, am I crazy, or did you botox the couch?"
4334,1629,2,21,73,96,1.2604166666666667,0.04965846438217077,667,Swallowed and spit out
4322,1629,5,15,76,96,1.2604166666666667,0.055891482550004236,667,Please stop bringing your own sofa with you.
4223,1629,6,13,77,96,1.2604166666666667,0.05782003171264664,667,I don’t know how else to explain it except I just feel like a giant cold sore when I’m here.
4217,1629,4,17,75,96,1.2604166666666667,0.05389396604466397,667,"Tell me Brian, what gives you the impression I'm paying you lip service?"
4121,1629,4,17,75,96,1.2604166666666667,0.05389396604466397,667,"You know doc, I think they lied to you when they said , “red goes with everything."
4112,1629,4,17,75,96,1.2604166666666667,0.05389396604466397,667,"If I can be honest, I feel like you're giving me a lot of lip-service."
4089,1629,3,19,74,96,1.2604166666666667,0.05181950723819513,667,What do you give the women? A couch shaped like a giant cigar?
3950,1629,3,19,74,96,1.2604166666666667,0.05181950723819513,667,"Nice touch, but it needs a vibrator."
3063,1629,5,15,76,96,1.2604166666666667,0.055891482550004236,667,So I had this Daliesque dream ...
3113,1629,2,21,73,96,1.2604166666666667,0.04965846438217077,667,It’s lip service.
3290,1629,2,21,73,96,1.2604166666666667,0.04965846438217077,667,I feel like I'm still in Kansas.
4375,1629,3,19,74,96,1.2604166666666667,0.05181950723819513,667,... and lately I feel like my troubles are eating me alive!
3371,1629,8,9,79,96,1.2604166666666667,0.06149595562701285,667,"Your lips tell me no-no, but there's yes-yes in your eyes."
3888,1629,5,15,76,96,1.2604166666666667,0.055891482550004236,667,"I have to admit, I'm not feeling the love here."
3734,1629,3,19,74,96,1.2604166666666667,0.05181950723819513,667,I'm just glad you specialize in oral fixations.
3639,1629,5,15,76,96,1.2604166666666667,0.055891482550004236,667,"Yes Doc, it does help open me up a bit, but that’s because there’s a tongue in my ass."
3605,1629,4,17,75,96,1.2604166666666667,0.05389396604466397,667,"Doc, I feel like I am lip-synching  my life story!"
3569,1629,3,19,74,96,1.2604166666666667,0.05181950723819513,667,"Before we start, do you have a couch that is more my shade?"
3487,1629,4,17,75,96,1.2604166666666667,0.05389396604466397,667,Just tell me it doesn’t french.
4474,1629,5,15,76,96,1.2604166666666667,0.055891482550004236,667,I don't FEEL like a snack.
4964,1629,7,11,78,96,1.2604166666666667,0.05968629920564265,667,"Doc, you've got something stuck between your teeth."
4594,1629,5,15,76,96,1.2604166666666667,0.055891482550004236,667,This is my way of complying with my patient's request when they get my bill.
5347,1629,5,15,76,96,1.2604166666666667,0.055891482550004236,667,Sometimes a lip couch is just a lip couch.
5551,1629,2,21,73,96,1.2604166666666667,0.04965846438217077,667,"Hello Dali, well, hello Dali, it's so nice to be back home where I belong..."
5333,1629,4,17,75,96,1.2604166666666667,0.05389396604466397,667,"I have fantasies about being masticated by your couch."""
5783,1629,2,21,73,96,1.2604166666666667,0.04965846438217077,667,Lemme guess -- you're going to say I have an oral fixation.
5800,1629,4,17,75,96,1.2604166666666667,0.05389396604466397,667,I thought you said I could sit on your LAP?
5802,1629,2,21,73,96,1.2604166666666667,0.04965846438217077,667,"Why the pursed lips, doc?"
5921,1629,2,21,73,96,1.2604166666666667,0.04965846438217077,667,Did I ever tell that you have the most amazing lips.
2766,1629,2,21,73,96,1.2604166666666667,0.04965846438217077,667,"Doc, Could it be I’m stuck in the oral stage of development?"
5978,1629,3,19,74,96,1.2604166666666667,0.05181950723819513,667,Now I can see why you are able to charge so much - do they vibrate too?
4557,1629,5,15,76,96,1.2604166666666667,0.055891482550004236,667,I just feel like I’m being swallowed whole...
6106,1629,5,15,76,96,1.2604166666666667,0.055891482550004236,667,Do you have any lip balm?
5145,1629,6,13,77,96,1.2604166666666667,0.05782003171264664,667,Can we switch to the Dali clock couch?
5142,1629,3,19,74,96,1.2604166666666667,0.05181950723819513,667,Something is really eating at me.
5033,1629,4,17,75,96,1.2604166666666667,0.05389396604466397,667,"I don't know Doc, maybe 'Interior Designer"" isn't the best career change for you?"
5012,1629,3,19,74,96,1.2604166666666667,0.05181950723819513,667,Is this a Temperpedic?
4965,1629,1,23,72,96,1.2604166666666667,0.04739899618326624,667,I know it’s a statement piece but I feel uncomfortable discussing my mother.
4952,1629,4,17,75,96,1.2604166666666667,0.05389396604466397,667,I still feel like I'm stuck on first base.
4950,1629,5,15,76,96,1.2604166666666667,0.055891482550004236,667,"Sorry, Doc. I appreciate your efforts but I'm still not ready to date yet."
4941,1629,3,19,74,96,1.2604166666666667,0.05181950723819513,667,Why do I feel you're just paying me lip service?
4850,1629,4,17,75,96,1.2604166666666667,0.05389396604466397,667,Why do I get the feeling I can't get no satisfaction here?
6147,1629,1,23,72,96,1.2604166666666667,0.04739899618326624,667,I'm so grateful that this couch has no teeth.
2671,1629,5,15,76,96,1.2604166666666667,0.055891482550004236,667,I have this recurring dream of being eaten by a huge mouth
1576,1629,4,17,75,96,1.2604166666666667,0.05389396604466397,667,So does this one have the Scotch Guard or Blistex coating?
2560,1629,5,15,76,96,1.2604166666666667,0.055891482550004236,667,New Yorkers in color now?
1268,1629,6,13,77,96,1.2604166666666667,0.05782003171264664,667,Is there a reason I'm laying on Mick Jagger's lips?
1185,1629,8,9,79,96,1.2604166666666667,0.06149595562701285,667,"Have you noticed how the New Yorker caption contest has started to recycle cartoons with only minor variations? Like, they’ll have a guy on a psychiatrist’s couch, but the couch will be shaped like a pair of lips. It’s really bumming me out."
1146,1629,2,21,73,96,1.2604166666666667,0.04965846438217077,667,I’m just a misunderstood morsel being swallowed alive by a ravenous world.”
1100,1629,3,19,74,96,1.2604166666666667,0.05181950723819513,667,I feel like everyone is just paying me lip service.
858,1629,4,17,75,96,1.2604166666666667,0.05389396604466397,667,"What exactly do you mean by ""all she gives you is lip service""?"
833,1629,5,15,76,96,1.2604166666666667,0.055891482550004236,667,Can we move on from mother issues?
654,1629,3,19,74,96,1.2604166666666667,0.05181950723819513,667,I'm having a recurring dream involving Mick Jagger.
558,1629,7,11,78,96,1.2604166666666667,0.05968629920564265,667,Was that your mother’s favorite lipstick color too?
545,1629,1,23,72,96,1.2604166666666667,0.04739899618326624,667,"You keep telling me I've got an oral fixation, but it's your couch!"
408,1629,2,21,73,96,1.2604166666666667,0.04965846438217077,667,Happy Valentines Day to you too.
2617,1629,5,15,76,96,1.2604166666666667,0.055891482550004236,667,"So Oedipus, why do you think your visits here make you dream of your mother?"
177,1629,8,9,79,96,1.2604166666666667,0.06149595562701285,667,My wife keeps finding lipstick stains on my collar.
96,1629,4,17,75,96,1.2604166666666667,0.05389396604466397,667,Maybe I'm just a sucker
71,1629,2,21,73,96,1.2604166666666667,0.04965846438217077,667,This is the only bright spot in my day.
27,1629,6,13,77,96,1.2604166666666667,0.05782003171264664,667,"I was born in a crossfire hurricane and was raised by a toothless, bearded hag."
1311,1629,4,17,75,96,1.2604166666666667,0.05389396604466397,667,I feel better already!
1450,1629,5,15,76,96,1.2604166666666667,0.055891482550004236,667,"By the way,where did you get that stunning lounging jacket?"
274,1629,3,19,74,96,1.2604166666666667,0.05181950723819513,667,I'm glad you're not a French psychoanalyst.
1499,1629,6,13,77,96,1.2604166666666667,0.05782003171264664,667,"I’m almost done. It’s either Kamala or Kirsten, I promise."
1494,1629,5,15,76,96,1.2604166666666667,0.055891482550004236,667,It’s been eating at me.
2479,1629,2,21,73,96,1.2604166666666667,0.04965846438217077,667,"Is it just my subconscious, or does this couch look like lips?"
2405,1629,5,15,76,96,1.2604166666666667,0.055891482550004236,667,"I’m just saying...I don’t see why WE need to be in Black and White, just to show off this bloody couch!”"
2324,1629,3,19,74,96,1.2604166666666667,0.05181950723819513,667,Does this mean I have to kiss and tell?
2315,1629,6,13,77,96,1.2604166666666667,0.05782003171264664,667,"So this is just generic, not the Rolling Stones logo sofa?"
2261,1629,3,19,74,96,1.2604166666666667,0.05181950723819513,667,Don’t pretend there’s something with me. You’re the one who bought the couch that looks like a pair of bright red lips!
2240,1629,3,19,74,96,1.2604166666666667,0.05181950723819513,667,It's refreshing to speak with someone who doesn't see everything in black and white.
2404,1629,6,13,77,96,1.2604166666666667,0.05782003171264664,667,Are you sure I'm not running my big mouth too much?
2098,1629,3,19,74,96,1.2604166666666667,0.05181950723819513,667,Did you say this furniture was donated by Dr Ruth?
2090,1629,4,17,75,96,1.2604166666666667,0.05389396604466397,667,Shhh!
2035,1629,2,21,73,96,1.2604166666666667,0.04965846438217077,667,"Are you sure we've done everything, Doc?"
1655,1629,4,17,75,96,1.2604166666666667,0.05389396604466397,667,Since I've been coming here I dream that of getting eaten by Mick Jagger.
1524,1629,5,15,76,96,1.2604166666666667,0.055891482550004236,667,It’s all  good. I’m fine now
2110,1629,2,21,73,96,1.2604166666666667,0.04965846438217077,667,This couch is eating me alive!
4748,1709,5,16,79,100,1.26,0.054346438278284205,667,"I'm  obviously feeling down in the mouth, Doc."
2183,1709,5,16,79,100,1.26,0.054346438278284205,667,We aren't talking about the kiss of death are we?
2266,1709,5,16,79,100,1.26,0.054346438278284205,667,I want a kiss.
3212,1712,2,20,71,93,1.2580645161290323,0.050484390003709675,667,I'm starting to see things as less black-and-white.
3219,1712,5,14,74,93,1.2580645161290323,0.057008209111814964,667,"I think it's working. I'm feeling less anxious, and more luscious."
3138,1712,4,16,73,93,1.2580645161290323,0.054919776177983784,667,You say Mick Jagger gave you this couch?
3598,1712,2,20,71,93,1.2580645161290323,0.050484390003709675,667,I feel my wife is constantly speaking for me...
3618,1712,3,18,72,93,1.2580645161290323,0.05274872249394527,667,I feel like my ship is sinking . You might need to tighten these lips.
3683,1712,3,18,72,93,1.2580645161290323,0.05274872249394527,667,I just feel like life is consuming me.
3852,1712,4,16,73,93,1.2580645161290323,0.054919776177983784,667,And that’s how I met your mother.
3859,1712,5,14,74,93,1.2580645161290323,0.057008209111814964,667,"Honestly, I just feel like all I'm getting out of these sessions is lip service."
3938,1712,2,20,71,93,1.2580645161290323,0.050484390003709675,667,"For some reason I feel more like discussing my sexual fantasies today."""
3175,1712,6,12,75,93,1.2580645161290323,0.05902279218092795,667,I would rate 8 for design and 5 for comfort.
2948,1712,3,18,72,93,1.2580645161290323,0.05274872249394527,667,When do we get to the part about the prescription?
3556,1712,4,16,73,93,1.2580645161290323,0.054919776177983784,667,Tell me again about this supposed oral fixation you are feeling?
5536,1712,5,14,74,93,1.2580645161290323,0.057008209111814964,667,Memory foam?
6032,1712,2,20,71,93,1.2580645161290323,0.050484390003709675,667,Who are you? How did you get in here?
5881,1712,3,18,72,93,1.2580645161290323,0.05274872249394527,667,This is not helping my feelings of being swallowed whole
5859,1712,3,18,72,93,1.2580645161290323,0.05274872249394527,667,Why do I keep feeling you're just giving lip service to my therapy?
3967,1712,3,18,72,93,1.2580645161290323,0.05274872249394527,667,Sometimes a sofa is just a sofa.
5809,1712,4,16,73,93,1.2580645161290323,0.054919776177983784,667,What's black & white & red all over?
5354,1712,5,14,74,93,1.2580645161290323,0.057008209111814964,667,So this is what lip service really looks like!
5300,1712,4,16,73,93,1.2580645161290323,0.054919776177983784,667,Does your bill include the sofa?
4888,1712,3,18,72,93,1.2580645161290323,0.05274872249394527,667,"You have helped me control most of my urgencies, but recently I have had an uncontrollable need to lip sync."
4467,1712,3,18,72,93,1.2580645161290323,0.05274872249394527,667,"You might be right, doc - the issue was right under my nose this whole time!"
4042,1712,3,18,72,93,1.2580645161290323,0.05274872249394527,667,To God's ear.
4308,1712,7,10,76,93,1.2580645161290323,0.06097084620972221,667,I didn’t say that!
2855,1712,4,16,73,93,1.2580645161290323,0.054919776177983784,667,I keep dreaming about the kiss of death.
3971,1712,3,18,72,93,1.2580645161290323,0.05274872249394527,667,I can't shake the feeling that something is eating away at me
6051,1712,3,18,72,93,1.2580645161290323,0.05274872249394527,667,My oral fixation is consuming me.
2811,1712,2,20,71,93,1.2580645161290323,0.050484390003709675,667,So they tell me you're a huge Stones fan.
4812,1712,5,14,74,93,1.2580645161290323,0.057008209111814964,667,I can't stop thinking about our last kiss...
2665,1712,2,20,71,93,1.2580645161290323,0.050484390003709675,667,I'm hoping for more than lip service.
2785,1712,3,18,72,93,1.2580645161290323,0.05274872249394527,667,"No matter the situation, I always feel tongue-tied."
928,1712,5,14,74,93,1.2580645161290323,0.057008209111814964,667,"She will let the dog kiss her but not me."""
976,1712,6,12,75,93,1.2580645161290323,0.05902279218092795,667,"I want you to draw me like one of your French girls, doc."
1313,1712,6,12,75,93,1.2580645161290323,0.05902279218092795,667,I feel safe here. It's as if life is kissing me.
1621,1712,1,22,70,93,1.2580645161290323,0.0481136107910233,667,"If you’re provoking transference, you have to do better than a couch that looks like lips."
1737,1712,4,16,73,93,1.2580645161290323,0.054919776177983784,667,Let me know if I start to sound Trumpian.
74,1712,2,20,71,93,1.2580645161290323,0.050484390003709675,667,"Dr. Lipman, thank you for curing my erotomania. By the way, your couch is in love with me."
1871,1712,7,10,76,93,1.2580645161290323,0.06097084620972221,667,Her lips...they were just so soft and pillow-y
1881,1712,3,18,72,93,1.2580645161290323,0.05274872249394527,667,"Started reading your book, How to Talk to Women."
1903,1712,6,12,75,93,1.2580645161290323,0.05902279218092795,667,All my life people have just given me lip service.
2011,1712,4,16,73,93,1.2580645161290323,0.054919776177983784,667,What kind of lip service is this?
2310,1712,2,20,71,93,1.2580645161290323,0.050484390003709675,667,It's not always black and white doc.
1738,1712,4,16,73,93,1.2580645161290323,0.054919776177983784,667,"I'm sorry, but how come you get an expensive leather chair while I get what remains of your love life?"
2643,1755,3,19,75,97,1.2577319587628866,0.05135272898240018,667,"I' may not know whether my mother ever loved me, but I am certain she never got Botox."""
5918,1756,3,20,78,101,1.2574257425742574,0.0500563352861962,667,Whenever I’m here I get this strange desire to buy breath mints.
3750,1757,3,17,70,90,1.2555555555555555,0.05372773437412524,667,"Doc, over the past week, I see a red door and I want it painted black. No colors anymore. I want them to turn black."
3813,1757,3,17,70,90,1.2555555555555555,0.05372773437412524,667,"Doctor, I believe your fantasies are larger than mine."
4016,1757,2,19,69,90,1.2555555555555555,0.05135154867031013,667,Do you have a couch for an anal fixation?
4170,1757,3,17,70,90,1.2555555555555555,0.05372773437412524,667,I think I identify more with Mick Jagger than Tim Curry if that helps.
4162,1757,4,15,71,90,1.2555555555555555,0.056003190365495135,667,Maybe it's Maybelline or maybe it's your mother.
4198,1757,4,15,71,90,1.2555555555555555,0.056003190365495135,667,I know you can't always get what you want.
4383,1757,3,17,70,90,1.2555555555555555,0.05372773437412524,667,"Tulips in the garden. 
Tulips in the Park. 
But the Two Lips I like best
Are the Two Lips
In the dark!”
.......did you get that"
4397,1757,5,13,72,90,1.2555555555555555,0.058189734672459324,667,"I’m not very fond of this faux leather, but I must say—the nose-shaped loveseat in the corner is a nice touch."
3669,1757,3,17,70,90,1.2555555555555555,0.05372773437412524,667,"Well, actually, I was born in Tupelo, Mississippi, but I grew up in Kissimmee, Florida."
4415,1757,6,11,73,90,1.2555555555555555,0.06029704065199671,667,"For some reason, I seem to be developing an oral fixation."
4025,1757,4,15,71,90,1.2555555555555555,0.056003190365495135,667,"Yeah, I know you won't tell anyone, but I have a feeling someone in this office has a big mouth."
3539,1757,3,17,70,90,1.2555555555555555,0.05372773437412524,667,"Things that I love?  I 'd have to say redheads, The Cincinnati Reds, Red Delicious Apples, Redd Foxx and my twins Ruby and  Rosie."
3306,1757,3,17,70,90,1.2555555555555555,0.05372773437412524,667,I don’t understand why my back is so chapped.
3484,1757,4,15,71,90,1.2555555555555555,0.056003190365495135,667,"Will this keep its​ mouth shut during our session, Doctor?"
3438,1757,4,15,71,90,1.2555555555555555,0.056003190365495135,667,I have this continuing fear that a giant mouth is going to open up and swallow me. Somehow it's worse during my sessions with you.
3395,1757,6,11,73,90,1.2555555555555555,0.06029704065199671,667,"I don't think this justifies the title ""Love Doctor."""
3375,1757,3,17,70,90,1.2555555555555555,0.05372773437412524,667,I just can't figure out why I've been having these dreams of my mother having sex with Mick Jagger?
4534,1757,2,19,69,90,1.2555555555555555,0.05135154867031013,667,Can you stop it with the tongue.
3200,1757,3,17,70,90,1.2555555555555555,0.05372773437412524,667,"Doctor, I'm not sure that this position is good for a sex addict!"
3135,1757,5,13,72,90,1.2555555555555555,0.058189734672459324,667,And your specialty is getting people over their oral fixations?
3124,1757,3,17,70,90,1.2555555555555555,0.05372773437412524,667,"Love your shoes. Boy, those shoes, man."
3119,1757,5,13,72,90,1.2555555555555555,0.058189734672459324,667,I just have this fear of being swallowed whole.
3025,1757,2,19,69,90,1.2555555555555555,0.05135154867031013,667,I see you're wearing the socks I gave you.
2902,1757,6,11,73,90,1.2555555555555555,0.06029704065199671,667,"It’s $85 to talk to me, $350 to talk to the couch."
2888,1757,2,19,69,90,1.2555555555555555,0.05135154867031013,667,Are you telling me I'm spending all this money just for lip service!
2810,1757,2,19,69,90,1.2555555555555555,0.05135154867031013,667,I’ve felt this way since Mid Century
2799,1757,4,15,71,90,1.2555555555555555,0.056003190365495135,667,Does this couch make me look seductive?
3486,1757,3,17,70,90,1.2555555555555555,0.05372773437412524,667,"Well, at least I don't have an oral fixation."
4607,1757,0,23,67,90,1.2555555555555555,0.046234248891536815,667,"...And when I turn my head like THIS, I hear more liberal arguments..."
5216,1757,1,21,68,90,1.2555555555555555,0.048859939221226036,667,I don't know what I'm trying to say ... it's on the tip of my tongue
4659,1757,3,17,70,90,1.2555555555555555,0.05372773437412524,667,I think Mick Jagger is trying to seduce me.
6173,1757,6,11,73,90,1.2555555555555555,0.06029704065199671,667,You appear to be more down in the mouth today than usual.
6056,1757,4,15,71,90,1.2555555555555555,0.056003190365495135,667,"Technically it is a chaise lounge, not a love seat."
6004,1757,3,17,70,90,1.2555555555555555,0.05372773437412524,667,"Nobody listens, they just kiss my ass and tell me what I want to hear."
5991,1757,3,17,70,90,1.2555555555555555,0.05372773437412524,667,"So when you 'see red,' is it in front of you, beside you, underneath or all around?"
5983,1757,4,15,71,90,1.2555555555555555,0.056003190365495135,667,Is that a Sudoku?
5972,1757,3,17,70,90,1.2555555555555555,0.05372773437412524,667,Talk about an oral fixation.
5969,1757,4,15,71,90,1.2555555555555555,0.056003190365495135,667,"So, doctor, you think I display symptoms of an edible complex?"
5954,1757,5,13,72,90,1.2555555555555555,0.058189734672459324,667,This thing must take a lot of lipstick.
5943,1757,2,19,69,90,1.2555555555555555,0.05135154867031013,667,I can't recall...It's on the tip of my tongue.
5908,1757,3,17,70,90,1.2555555555555555,0.05372773437412524,667,"Dr. Lipsky, I think maybe we should trade places."
5846,1757,5,13,72,90,1.2555555555555555,0.058189734672459324,667,I feel like at any minute I could just be swallowed whole.
5830,1757,4,15,71,90,1.2555555555555555,0.056003190365495135,667,"I swear, my lips are sealed."
5715,1757,4,15,71,90,1.2555555555555555,0.056003190365495135,667,"I guess I have trouble being direct with people, and telling them how ugly their furniture is..."
5698,1757,4,15,71,90,1.2555555555555555,0.056003190365495135,667,Last week you doodled cubes. Today it's bunnies. Am I getting better?
5676,1757,5,13,72,90,1.2555555555555555,0.058189734672459324,667,I don't appreciate you giving me lip about my problems.
5655,1757,5,13,72,90,1.2555555555555555,0.058189734672459324,667,"Sorry, I was distracted by those letters on the floor behind your chair; there, near the baseboard."
5566,1757,2,19,69,90,1.2555555555555555,0.05135154867031013,667,"I don't think there is a reason I always have to use this couch doc. Sure, its shape reminds me of my mother's lips, and yes, whenever I lie on it it's like I'm making up for all the kisses she never gave me, but that's how I am with all furniture."
5468,1757,5,13,72,90,1.2555555555555555,0.058189734672459324,667,I don't think this new 'lip service' therapy is working.
5417,1757,3,17,70,90,1.2555555555555555,0.05372773437412524,667,If this is some kind of anti-gay therapy it's not going to work
5388,1757,3,17,70,90,1.2555555555555555,0.05372773437412524,667,I don't suppose you have a vagina couch? I'm having gender identity issues.
5357,1757,5,13,72,90,1.2555555555555555,0.058189734672459324,667,"To be honest, I really just come to these sessions because I love your couch."
5231,1757,5,13,72,90,1.2555555555555555,0.058189734672459324,667,I keep thinking I am Mick Jagger.
5222,1757,2,19,69,90,1.2555555555555555,0.05135154867031013,667,I keep thinking about straws.
2765,1757,4,15,71,90,1.2555555555555555,0.056003190365495135,667,Looks like we are wearing the same shoes.
5211,1757,5,13,72,90,1.2555555555555555,0.058189734672459324,667,I would prefer something inspired by Georgia O'Keefe.
5110,1757,3,17,70,90,1.2555555555555555,0.05372773437412524,667,Life’s just not the same after Mash ended...
4981,1757,4,15,71,90,1.2555555555555555,0.056003190365495135,667,I don't think the conversion therapy is working.
4889,1757,5,13,72,90,1.2555555555555555,0.058189734672459324,667,I sometimes worry that I'm paying for lip service.
4779,1757,3,17,70,90,1.2555555555555555,0.05372773437412524,667,"Uh, ... is that a tongue?"
4652,1757,1,21,68,90,1.2555555555555555,0.048859939221226036,667,For $150 an hour I want more than lip service.
2719,1757,2,19,69,90,1.2555555555555555,0.05135154867031013,667,I have an oral fixation? It's your couch!
3883,1757,5,13,72,90,1.2555555555555555,0.058189734672459324,667,Extracting the teeth proved a definite enhancement.
2661,1757,1,21,68,90,1.2555555555555555,0.048859939221226036,667,"Since I've been seeing you I just want to fill the world with silly love songs.  What's wrong with that, I'd like to know?"
1262,1757,4,15,71,90,1.2555555555555555,0.056003190365495135,667,Don’t you believe tulips are better than one?
1255,1757,3,17,70,90,1.2555555555555555,0.05372773437412524,667,I feel like this is just lip service.
1252,1757,2,19,69,90,1.2555555555555555,0.05135154867031013,667,"I don’t know when it started really, an ever present fear of being eaten. But the funny thing is, if anything it has intensified  since we started our sessions."
1052,1757,8,7,75,90,1.2555555555555555,0.06430481235228978,667,"I think we should send it back, honey."
1050,1757,6,11,73,90,1.2555555555555555,0.06029704065199671,667,"This isn’t a sex thing, is it?"
974,1757,4,15,71,90,1.2555555555555555,0.056003190365495135,667,"I'm sorry, all I can think of is Cindy Crawford's mole when i look at you."
948,1757,4,15,71,90,1.2555555555555555,0.056003190365495135,667,Am I crazy? This looks like the back seat of your Alfa Romeo Stelvio.
913,1757,5,13,72,90,1.2555555555555555,0.058189734672459324,667,Something seems different... Did you repaint the ceiling?
877,1757,3,17,70,90,1.2555555555555555,0.05372773437412524,667,I'm just saying it's not helping my oral fixation
805,1757,4,15,71,90,1.2555555555555555,0.056003190365495135,667,"I mean, honestly...who is this for?"
771,1757,2,19,69,90,1.2555555555555555,0.05135154867031013,667,"My favorite flower? Tulips, why do you ask?"
740,1757,5,13,72,90,1.2555555555555555,0.058189734672459324,667,Tell me more about this sudden fear of Mick Jagger.
598,1757,2,19,69,90,1.2555555555555555,0.05135154867031013,667,It’s a reminder to K.I.S.S.
528,1757,3,17,70,90,1.2555555555555555,0.05372773437412524,667,I bought it at the house down the street where the men go.
435,1757,4,15,71,90,1.2555555555555555,0.056003190365495135,667,Where do I lie if I need to solve a money problem?
342,1757,5,13,72,90,1.2555555555555555,0.058189734672459324,667,I see red couches
180,1757,3,17,70,90,1.2555555555555555,0.05372773437412524,667,"May I ask you something, or are you part of the display?"
29,1757,4,15,71,90,1.2555555555555555,0.056003190365495135,667,I don’t even deserve this.
2699,1757,5,13,72,90,1.2555555555555555,0.058189734672459324,667,It just feels as if my problems are going to swallow me up.
1292,1757,5,13,72,90,1.2555555555555555,0.058189734672459324,667,"Doc, my oral fantasies are taking over . . ."
1310,1757,3,17,70,90,1.2555555555555555,0.05372773437412524,667,Am I still stuck in the oral stage?
702,1757,3,17,70,90,1.2555555555555555,0.05372773437412524,667,"No, I only get these erotic fantasies here. It feels like I am about to be swallowed."
1438,1757,4,15,71,90,1.2555555555555555,0.056003190365495135,667,I have a recurring nightmare where I am swallowed alive!
2597,1757,5,13,72,90,1.2555555555555555,0.058189734672459324,667,I hope this session is more than lip-service.
1385,1757,4,15,71,90,1.2555555555555555,0.056003190365495135,667,"Well Doc, I'm still having nightmares about being swallowed by my mother."
2594,1757,4,15,71,90,1.2555555555555555,0.056003190365495135,667,"Every time I turn around, someone's giving me lip."
2588,1757,5,13,72,90,1.2555555555555555,0.058189734672459324,667,"We’ll have to be quick, the museum is catching on."
2503,1757,4,15,71,90,1.2555555555555555,0.056003190365495135,667,Sometimes I feel like you are just giving me lip service.
2399,1757,3,17,70,90,1.2555555555555555,0.05372773437412524,667,I feel like it's on the tip of my tongue.
2204,1757,4,15,71,90,1.2555555555555555,0.056003190365495135,667,So it’s all clear to me now that my problem is that I can’t get no satisfaction.
2088,1757,2,19,69,90,1.2555555555555555,0.05135154867031013,667,"No offense meant, doctor, but don't you think it might be YOUR oral fixation we're talking about?"
2059,1757,3,17,70,90,1.2555555555555555,0.05372773437412524,667,"Your session is over, next week we’ll try try the nail bed couch to see if you can stay awake."
1983,1757,3,17,70,90,1.2555555555555555,0.05372773437412524,667,"I'm feeling ""I can't get no satisfaction""."
1920,1757,2,19,69,90,1.2555555555555555,0.05135154867031013,667,"Every time we meet, I feel the strangest urge to pucker up."
2218,1757,3,17,70,90,1.2555555555555555,0.05372773437412524,667,Since I last saw you my dreams have been Surreal.
1747,1757,3,17,70,90,1.2555555555555555,0.05372773437412524,667,And you say that I have an oral fixation”(“I” is underlined
1740,1757,2,19,69,90,1.2555555555555555,0.05135154867031013,667,"So Satan, if you were to rank your life's achievements, where does being the subject of the  New Yorker cartoon contest #666 fit in?"
1466,1757,5,13,72,90,1.2555555555555555,0.058189734672459324,667,Nothing is wrong - really!  I feel like I'm lying in the lip of luxury!
1715,1757,3,17,70,90,1.2555555555555555,0.05372773437412524,667,You're right doc.  A 20 min. nap is all I need.
1674,1757,2,19,69,90,1.2555555555555555,0.05135154867031013,667,Sometimes a kiss is not just a kiss.
1596,1757,3,17,70,90,1.2555555555555555,0.05372773437412524,667,TJMaxx sale?
1474,1757,3,17,70,90,1.2555555555555555,0.05372773437412524,667,All I see are her luscious red lips.
1781,1757,6,11,73,90,1.2555555555555555,0.06029704065199671,667,"I don't know why, but it feels like everyone gives me lip service."
673,1864,5,14,75,94,1.2553191489361701,0.05646525812115869,667,"Sometimes I feel you're only paying lip service, doc."
760,1864,4,16,74,94,1.2553191489361701,0.05440169827573315,667,The problem doc is that I don’t get any respect. Everywhere I go they’re giving me lip.
2013,1864,3,18,73,94,1.2553191489361701,0.052256714170322044,667,"I appreciate your concern, even if it's only lip service."
2252,1864,3,18,73,94,1.2553191489361701,0.052256714170322044,667,Read my Lips Doc!
2825,1864,5,14,75,94,1.2553191489361701,0.05646525812115869,667,"So to be clear her doc, what is said here stays in Alexa, Facebook, and Siri right?"
3362,1864,4,16,74,94,1.2553191489361701,0.05440169827573315,667,My Oedipus complex is not being helped by this couch.
4356,1864,5,14,75,94,1.2553191489361701,0.05646525812115869,667,Can I sleep for ten minutes while you finish writing ?
1667,1864,4,16,74,94,1.2553191489361701,0.05440169827573315,667,Gift from Mick?
6093,1864,2,20,72,94,1.2553191489361701,0.05001983183172017,667,"Doc, I finally feel my oral fixation's behind me."
55,1864,3,18,73,94,1.2553191489361701,0.052256714170322044,667,"*I feel like kissing this couch hello and goodbye."""
4377,1864,5,14,75,94,1.2553191489361701,0.05646525812115869,667,"""Mick's therapist was a good friend of mine. The tongue pulls out as a futon."
5518,1864,4,16,74,94,1.2553191489361701,0.05440169827573315,667,My lips said no but my heart said yes.
6161,1864,4,16,74,94,1.2553191489361701,0.05440169827573315,667,"It's the Father's Day edition. You put me on THIS couch and ask about my mother.  You're hoping I didn't notice that this is Contest #666, am I right?"
4752,1864,3,18,73,94,1.2553191489361701,0.052256714170322044,667,"Everywhere I go, I’m just consumed by her."
4841,1864,3,18,73,94,1.2553191489361701,0.052256714170322044,667,"Sometimes, this feels like lip service."
3647,1864,3,18,73,94,1.2553191489361701,0.052256714170322044,667,"Oh great he's fallen asleep, Now i have to do all the talking"
5803,1880,3,19,76,98,1.2551020408163265,0.05089401554591195,667,I feel seduced by your treatments.
2783,1881,0,26,76,102,1.2549019607843137,0.0433643270799318,667,A little more of my story and you'll really see why my life sucks.
3003,1882,7,13,86,106,1.2547169811320755,0.05536990005350171,667,Stiff upper lip and all that.
1318,1883,4,15,72,91,1.2527472527472527,0.055455504374433896,667,"I'm having strange thoughts, Dr Hershey."
3028,1883,3,17,71,91,1.2527472527472527,0.05320820163492291,667,Are you trying to read my lips or my mind?
1687,1883,4,15,72,91,1.2527472527472527,0.055455504374433896,667,It's so odd. I keep dreaming I'm  Mick Jagger.
1717,1883,1,21,69,91,1.2527472527472527,0.04840157262757197,667,Do you happen to know if this couch is part of a sectional?
2062,1883,5,13,73,91,1.2527472527472527,0.057615216823536305,667,If only these lips could talk ...
2612,1883,2,19,70,91,1.2527472527472527,0.05086169950977227,667,I feel empty inside but also a little bit sexy.
2621,1883,5,13,73,91,1.2527472527472527,0.057615216823536305,667,I assume you're aware I'm only giving you lip service when I answer your questions.
6122,1883,5,13,73,91,1.2527472527472527,0.057615216823536305,667,I'm not sure my oral fixation is resolving.
2991,1883,2,19,70,91,1.2527472527472527,0.05086169950977227,667,I don't just want lip service for my problems.
3416,1883,5,13,73,91,1.2527472527472527,0.057615216823536305,667,Your new loveseat sucks.
3578,1883,5,13,73,91,1.2527472527472527,0.057615216823536305,667,"In other words, should I kiss my troubles good-bye?"
3586,1883,4,15,72,91,1.2527472527472527,0.055455504374433896,667,Lately I've become obsessed with women with big red lips.
3989,1883,2,19,70,91,1.2527472527472527,0.05086169950977227,667,I heard you used to be a ventriloquist.
4617,1883,5,13,73,91,1.2527472527472527,0.057615216823536305,667,Couch by Freud?
4899,1883,2,19,70,91,1.2527472527472527,0.05086169950977227,667,"I must say, you're looking very attractive today."
5548,1883,4,15,72,91,1.2527472527472527,0.055455504374433896,667,I dreamed you ate me
1518,1883,4,15,72,91,1.2527472527472527,0.055455504374433896,667,Doc...I keep having this dream where I’m being chased by a big ballsy blonde who keeps asking me if I have a gun in my pocket!
1184,1883,4,15,72,91,1.2527472527472527,0.055455504374433896,667,Is therapy always this uncomfortable?
5939,1883,3,17,71,91,1.2527472527472527,0.05320820163492291,667,"No, but your chair reminds me of her nose."
627,1883,4,15,72,91,1.2527472527472527,0.055455504374433896,667,"Doc, I'm not so sure I'm the one with the oral fixation..."
1009,1883,1,21,69,91,1.2527472527472527,0.04840157262757197,667,I find I can speak more freely when I bring my own couch.
5807,1883,6,11,74,91,1.2527472527472527,0.059696846263628915,667,Do you take down every word  or do you use ellipses?
1014,1905,2,20,73,95,1.2526315789473683,0.04956342674257098,667,"So, I'm your first male client?"
1261,1905,3,18,74,95,1.2526315789473683,0.051773520608508775,667,I don't know if I'm comfortable laying on something you got off a Rolling Stones tour bus.
1432,1905,4,16,75,95,1.2526315789473683,0.053893057084685454,667,I'm just beginning to think perhaps I DID have a devouring mother.
6002,1905,4,16,75,95,1.2526315789473683,0.053893057084685454,667,My fear of Salvador Dalí always seems worse when I’m in your office.
1819,1905,3,18,74,95,1.2526315789473683,0.051773520608508775,667,"In my dream, the only way I could communicate was by lip synching."
3206,1910,6,13,80,99,1.2525252525252526,0.056240044068990115,667,"I give up, What's black and white and read all over?"
2224,1911,6,10,72,88,1.25,0.061012871862545205,667,"A moment on your lips, a lifetime of billing slips."
2292,1911,5,14,77,96,1.25,0.05540916385036406,667,"Well, I did give my mother a lot of lip."
2299,1911,3,16,69,88,1.25,0.05421135926495693,667,"Believe me, it’ll be more than just lip service this time!"
2420,1911,3,16,69,88,1.25,0.05421135926495693,667,I still feel unloved  but also itchy.
2986,1911,4,14,70,88,1.25,0.056569466085583144,667,"I don’t know, I just feel like my mother is always around me"
2601,1911,4,14,70,88,1.25,0.056569466085583144,667,I have labiophobia too
2895,1911,3,16,69,88,1.25,0.05421135926495693,667,I have this strange fear of being kissed ...
3392,1911,3,16,69,88,1.25,0.05421135926495693,667,"This reminds me..a year after the divorce and still paying for her Botox injections,"
3470,1911,4,14,70,88,1.25,0.056569466085583144,667,I feel like we're only glossing over things.
2448,1911,3,16,69,88,1.25,0.05421135926495693,667,I identify as a person of color.
2682,1911,1,20,67,88,1.25,0.049156946952051576,667,So you feel I should confront my fear of intimacy head on?
4423,1911,4,14,70,88,1.25,0.056569466085583144,667,"Don't you mean lips, Freudian lips?"
4598,1911,3,16,69,88,1.25,0.05421135926495693,667,Every time I come here I have these strange dreams about Mick Jagger.
3927,1911,3,16,69,88,1.25,0.05421135926495693,667,So you think Botox could change my life?
3816,1911,2,18,68,88,1.25,0.051745902770176135,667,Are you trying to tell me to 'kiss off'?
4090,1911,3,16,69,88,1.25,0.05421135926495693,667,"Doctor, I think my oral fixation is getting worse."
3641,1911,5,12,71,88,1.25,0.0588331327829961,667,"Did you say ""you"" think that ""I"" have an oral fixation?"
4208,1911,1,20,67,88,1.25,0.049156946952051576,667,Do you really care or is this just lip service?
6145,1911,6,10,72,88,1.25,0.061012871862545205,667,I am as anxious as a watermelon seed.
6015,1911,7,8,73,88,1.25,0.0631173791658769,667,My life is a chain of cosmetic fixes and lip service.
5900,1911,1,20,67,88,1.25,0.049156946952051576,667,Sometimes I feel as though I’m being eaten alive
5896,1911,3,16,69,88,1.25,0.05421135926495693,667,"I'd like a large, exciting life and a small, decaf cappuccino, please."
5796,1911,3,16,69,88,1.25,0.05421135926495693,667,I guess you could say I have a fear of being swallowed.
2198,1911,2,18,68,88,1.25,0.051745902770176135,667,It would be fine if it weren't for the teeth.
5738,1911,4,14,70,88,1.25,0.056569466085583144,667,I appreciate the creative juxtaposition of the old and the innovate. But won't you please just refill my Adderall already?
5345,1911,3,16,69,88,1.25,0.05421135926495693,667,Is it normal to feel like the world is going to swallow you whole?
5343,1911,6,10,72,88,1.25,0.061012871862545205,667,I think you’re actually the one with the oral fixation.
4994,1911,2,18,68,88,1.25,0.051745902770176135,667,Will I be swallowed by the couch if she blows me a kiss.
3560,1911,1,20,67,88,1.25,0.049156946952051576,667,she's been giving me the silent treatment again
2135,1911,2,18,68,88,1.25,0.051745902770176135,667,For some reason I’m at a loss for words.
5356,1911,1,20,67,88,1.25,0.049156946952051576,667,"I don’t know why, but for some reason I feel like you’re kissing up to me."
1940,1911,3,16,69,88,1.25,0.05421135926495693,667,Did you get the part about her luscious red lips?
4323,1911,3,18,75,96,1.25,0.051298917604257706,667,"It’s not you, it’s this couch."
384,1911,4,16,76,96,1.25,0.05339360629309896,667,"My first greatest fear is a clown with big red lips.
My second greatest fear is a sofa that looks like a clown's big red lips."
390,1911,3,16,69,88,1.25,0.05421135926495693,667,I keep having these recurring dreams about Carol Channing
442,1911,4,14,70,88,1.25,0.056569466085583144,667,Are you wearing OJ's Bruno Maglia shoes?
765,1911,3,16,69,88,1.25,0.05421135926495693,667,"Your lips keep moving and all that I hear is blah, blah, blah."
800,1911,5,12,71,88,1.25,0.0588331327829961,667,"Dr. Armstrong, I think your couch just licked my bottom."
643,1911,4,14,70,88,1.25,0.056569466085583144,667,You've got mustard on your sleeve.
909,1911,2,18,68,88,1.25,0.051745902770176135,667,"I've had this oral fixation ever since I started therapy,"
1941,1911,3,16,69,88,1.25,0.05421135926495693,667,"So, are you now more comfortable trading places?"
1079,1911,3,16,69,88,1.25,0.05421135926495693,667,Does Dr. Frankenfurter mind us using his office?
1116,1911,2,18,68,88,1.25,0.051745902770176135,667,"Doctor, I'm concerned that you have an unhealthy obsession with the Rolling Stones."""
1208,1911,4,14,70,88,1.25,0.056569466085583144,667,Are you drawing me?
1239,1911,2,18,68,88,1.25,0.051745902770176135,667,"Your only seem to give me lip service, Doctor"
814,1911,1,20,67,88,1.25,0.049156946952051576,667,"No I am not delusional, something is tickling my back."
4109,1957,5,13,75,93,1.2473118279569892,0.05649890047314041,667,You get paid how much for this lip service?
3185,1958,4,14,71,89,1.247191011235955,0.0560007361609019,667,"Of course I have trust issues, I am drawn to people with big mouths"
1173,1958,5,12,72,89,1.247191011235955,0.05823611478692686,667,'I feel like I'm being kissed by Sigmund Freud.'
2329,1958,5,12,72,89,1.247191011235955,0.05823611478692686,667,Are you comfortable?
2466,1958,4,14,71,89,1.247191011235955,0.0560007361609019,667,I'm prone to kiss and tell.
2532,1958,2,18,69,89,1.247191011235955,0.051238239828633764,667,"While you're at it, could you write for Viagra?"
4969,1958,3,16,70,89,1.247191011235955,0.05367233771366558,667,Why do people think I am mouthy??
3788,1958,2,18,69,89,1.247191011235955,0.051238239828633764,667,I can't shake the feeling that I am being eaten alive.
3830,1958,3,16,70,89,1.247191011235955,0.05367233771366558,667,"Yes, this definitely feels like her."
3878,1958,2,18,69,89,1.247191011235955,0.051238239828633764,667,Guess I can kiss that hundred bucks goodbye...
4765,1958,3,16,70,89,1.247191011235955,0.05367233771366558,667,"Considering where I am lying, I assume your divorce settlement didn't go too well."
452,1958,5,12,72,89,1.247191011235955,0.05823611478692686,667,I find this sofa triggering.
5173,1958,4,14,71,89,1.247191011235955,0.0560007361609019,667,"Lately, I feel that I am but a morsel."
5543,1958,4,14,71,89,1.247191011235955,0.0560007361609019,667,By any chance is Mick Jagger a patient of yours?
3222,1958,3,16,70,89,1.247191011235955,0.05367233771366558,667,Do you have any insight at all on that recurring cold sore dream?
92,1958,4,14,71,89,1.247191011235955,0.0560007361609019,667,My lips are sealed.
2284,1958,5,12,72,89,1.247191011235955,0.05823611478692686,667,I don't know Doc...maybe love is the answer?
590,1974,3,16,71,90,1.2444444444444445,0.0531436493707595,667,"Just curious, do you have to pay Jagger any royalties?"
4105,1974,2,18,70,90,1.2444444444444445,0.050740118035977194,667,"Doc, I know we can lick this."
5141,1974,3,16,71,90,1.2444444444444445,0.0531436493707595,667,Seriously? This is conversion therapy?
3992,1977,3,15,68,86,1.244186046511628,0.05469989386602394,667,These ruby red lips remind me of one hot delightful evening in another life.
3886,1977,5,11,70,86,1.244186046511628,0.05949179784969777,667,I just don't understand why I'm feeling so down in the mouth.
3860,1977,3,15,68,86,1.244186046511628,0.05469989386602394,667,"Thanks, Fred- it's not every day that I get to reverse roles."
3512,1977,2,17,67,86,1.244186046511628,0.0521390504107696,667,This is about as close as I get to a woman’s lips these days.
3421,1977,3,15,68,86,1.244186046511628,0.05469989386602394,667,"Doctor, I pay you much money to tell me my truth, yet I always leave feeling like I've had my ass kissed."
3415,1977,4,13,69,86,1.244186046511628,0.05714609523118613,667,Why do I feel like you're just paying lip service?
5245,1977,4,13,69,86,1.244186046511628,0.05714609523118613,667,"Doc, when I said that my ex-wife was selling our things... I didn’t expect you to buy our couch."
3303,1977,3,15,68,86,1.244186046511628,0.05469989386602394,667,"Let's talk about what you mean by ""subliminal message."""
3005,1977,3,15,68,86,1.244186046511628,0.05469989386602394,667,"Lips, hips, dips, pips,rips, ships, skips, flips, whips."
2954,1977,3,15,68,86,1.244186046511628,0.05469989386602394,667,It seems my red lips fetish began about the time I started coming here.
2688,1977,4,13,69,86,1.244186046511628,0.05714609523118613,667,"I don't know what it is, but I have these reocurring dreams of being chased by Mick Jagger's lips."
2684,1977,3,15,68,86,1.244186046511628,0.05469989386602394,667,"I understand YOUR lips are sealed, but what about old ruby the recliner here"""
2669,1977,4,13,69,86,1.244186046511628,0.05714609523118613,667,Is it true Mick Jagger used to be a patient of yours?
2660,1977,2,17,67,86,1.244186046511628,0.0521390504107696,667,Very tasteful couch
2529,1977,3,15,68,86,1.244186046511628,0.05469989386602394,667,"Not exactly what I pictured when you described your couch as making me  feel ""kissed by luxury."""
4014,1977,3,15,68,86,1.244186046511628,0.05469989386602394,667,I’ve a sensation my employees are just kissing my ass.”
4069,1977,2,17,67,86,1.244186046511628,0.0521390504107696,667,Are we lip synching?
4861,1977,2,17,67,86,1.244186046511628,0.0521390504107696,667,"Doc, my lip fetish seems to be getting worse"
5102,1977,3,15,68,86,1.244186046511628,0.05469989386602394,667,Must you rub it in?
5275,1977,4,13,69,86,1.244186046511628,0.05714609523118613,667,I constantly have this nagging feeling that people don't take me seriously.
5304,1977,4,13,69,86,1.244186046511628,0.05714609523118613,667,"It always has a different beginning, but the ending is always the
 same: she opens her mouth and swallows me whole."
2428,1977,3,15,68,86,1.244186046511628,0.05469989386602394,667,"And to top it all off, my therapist got this terrible new couch..."
5324,1977,0,21,65,86,1.244186046511628,0.04659704878317674,667,I can't help but feel like I'm always being chewed up and spit out.
5575,1977,2,17,67,86,1.244186046511628,0.0521390504107696,667,"I've had three years of these sessions and I still think Mick Jagger is following me"""
5614,1977,3,15,68,86,1.244186046511628,0.05469989386602394,667,It's like she taunts me wherever I go.
5651,1977,5,11,70,86,1.244186046511628,0.05949179784969777,667,"After all this time, I still can't seem to resolve that feeling of my mother just completely overwhelming me, like she's trying to eat me alive...."
5720,1977,5,11,70,86,1.244186046511628,0.05949179784969777,667,Is it just me or is it a bit balmy in here?
5873,1977,3,15,68,86,1.244186046511628,0.05469989386602394,667,Garage sale?
5917,1977,2,17,67,86,1.244186046511628,0.0521390504107696,667,"I agree it’s a conversation piece, but it’s actually comfortable to lay down on too."
6057,1977,4,13,69,86,1.244186046511628,0.05714609523118613,667,"No, my mother never kissed me. Why do you ask?"
6136,1977,5,11,70,86,1.244186046511628,0.05949179784969777,667,How's YOUR oral fixation?
6167,1977,4,13,69,86,1.244186046511628,0.05714609523118613,667,Thank you for trying to make me feel more comfortable about my oral fixation.
5058,1977,5,11,70,86,1.244186046511628,0.05949179784969777,667,See wants to kiss me goodbye.
5042,1977,2,17,67,86,1.244186046511628,0.0521390504107696,667,I need more than lip service
4755,1977,3,15,68,86,1.244186046511628,0.05469989386602394,667,"I like your new couch by the way, I never thought a furniture company could take ""kiss my ass"" so literally"
2388,1977,2,17,67,86,1.244186046511628,0.0521390504107696,667,Sometimes it feels like everyone is just kissing my ass.
3774,1977,5,11,70,86,1.244186046511628,0.05949179784969777,667,We need to talk about your solution to my fear of intimacy.
2048,1977,4,13,69,86,1.244186046511628,0.05714609523118613,667,All I can think of is Tim Curry.
2137,1977,4,13,69,86,1.244186046511628,0.05714609523118613,667,What is your hourly rate in grayscale?
15,1977,1,19,66,86,1.244186046511628,0.049445755798847524,667,"Doctor, do YOU have an oral fixation?"
21,1977,2,17,67,86,1.244186046511628,0.0521390504107696,667,"Lip service is complimentary, right?"
129,1977,4,13,69,86,1.244186046511628,0.05714609523118613,667,Is it my oral fixation or your projection?
154,1977,5,11,70,86,1.244186046511628,0.05949179784969777,667,"As much as this couch suggests that the session will have a happy ending, I just can't see that for myself, doc."
266,1977,2,17,67,86,1.244186046511628,0.0521390504107696,667,"I'm sorry I criticized your new couch, but how does that make you feel?"
270,1977,4,13,69,86,1.244186046511628,0.05714609523118613,667,What the...? This is my mother's shade!
448,1977,6,9,71,86,1.244186046511628,0.0617484560341942,667,"Just read my lips, doctor."
585,1977,4,13,69,86,1.244186046511628,0.05714609523118613,667,Please.  No lip service.
635,1977,2,17,67,86,1.244186046511628,0.0521390504107696,667,Why do you have a red couch?
773,1977,3,15,68,86,1.244186046511628,0.05469989386602394,667,"Think it’s you that has the oral fixation, Doc."
256,1977,4,13,69,86,1.244186046511628,0.05714609523118613,667,This couch lends itself to a whole new fantasy!
1516,1977,2,17,67,86,1.244186046511628,0.0521390504107696,667,"Do you like it?  
Mick Jagger had an estate sale"
1076,1977,2,17,67,86,1.244186046511628,0.0521390504107696,667,It all started with a kiss.
1168,1977,4,13,69,86,1.244186046511628,0.05714609523118613,667,I feel like you’re giving me lip service.
1387,1977,2,17,67,86,1.244186046511628,0.0521390504107696,667,In my dream these gigantic lips appear from nowhere and devoured me!
1945,1977,4,13,69,86,1.244186046511628,0.05714609523118613,667,"Whaddya mean, I'm obsessed?"
1636,1977,3,15,68,86,1.244186046511628,0.05469989386602394,667,Is there anything you can give me to cure the blues?
1718,1977,4,13,69,86,1.244186046511628,0.05714609523118613,667,I'm here because I want to save my marriage. From your lips to God's ear.
1791,1977,3,15,68,86,1.244186046511628,0.05469989386602394,667,I’m not here for”lip service”!
926,1977,3,15,68,86,1.244186046511628,0.05469989386602394,667,It seems like you entice me to sexualize everything though
2959,2036,6,10,75,91,1.2417582417582418,0.05917763524323631,667,I keep have this overwhelming desire to star in a Robert Palmer music video.
4633,2036,3,16,72,91,1.2417582417582418,0.05262501097748857,667,How do I feel?  I feel like giving you a good smack!
3910,2038,2,17,68,87,1.2413793103448276,0.05161263933632969,667,Comfy. Is it Italian?
3896,2038,4,13,70,87,1.2413793103448276,0.0565551142867373,667,I still can't get in touch with my inner glam.
4681,2038,4,13,70,87,1.2413793103448276,0.0565551142867373,667,"I feel The Love already, unlike the relationships that got me here in the first place."
3850,2038,4,13,70,87,1.2413793103448276,0.0565551142867373,667,"Yes, yes, I'm sure many of your patients find the ""kissy couch"" a tremendous resource Doc, but how is this curing my gout?"
3794,2038,2,17,68,87,1.2413793103448276,0.05161263933632969,667,What makes you think I'm in the oral stage?
3865,2038,3,15,69,87,1.2413793103448276,0.054140306109441066,667,And I keep having these dreams that I’m a tube of red lipstick.
3923,2038,4,13,70,87,1.2413793103448276,0.0565551142867373,667,I have nightmares of being devoured by life....
4254,2038,4,13,70,87,1.2413793103448276,0.0565551142867373,667,"...And then she goes, “Bill! Meh,meh,meh....I can’t  be married to someone who identifies as poop...yadda yadda yadda.” Oh, I like the new furniture by the way."
6224,2038,3,15,69,87,1.2413793103448276,0.054140306109441066,667,This couch is quite lovely. But does it come in gray?
3968,2038,1,19,67,87,1.2413793103448276,0.048954635458760304,667,"Just like my wife, you're giving me lip service!"
4005,2038,2,17,68,87,1.2413793103448276,0.05161263933632969,667,It was your idea to change places and now you're complaining. I listened to you for five years.
4393,2038,3,15,69,87,1.2413793103448276,0.054140306109441066,667,"Whatever you tell me, these lips are sealed."
4730,2038,5,11,71,87,1.2413793103448276,0.058870953435016256,667,"So Doc, do you know much about oral fixations?"
4473,2038,5,11,71,87,1.2413793103448276,0.058870953435016256,667,You're sure this is going to help with my fear of Rocky Horror?
4513,2038,4,13,70,87,1.2413793103448276,0.0565551142867373,667,"Let me get this straight, you have a recurring nightmare where giant red lips consume you?"
3946,2038,4,13,70,87,1.2413793103448276,0.0565551142867373,667,"Draw me like one of your French girls, Jack."
3770,2038,2,17,68,87,1.2413793103448276,0.05161263933632969,667,"It's useless doc, you know there is no  color in either one of our lives"
3260,2038,1,19,67,87,1.2413793103448276,0.048954635458760304,667,I dream an enormous red female mouth is about to swallow me whole.
3662,2038,3,15,69,87,1.2413793103448276,0.054140306109441066,667,I keep imagining myself covered in lipstick and having no way of explaining it to my wife.
3069,2038,4,13,70,87,1.2413793103448276,0.0565551142867373,667,"Actually, rather than reminding me of kissing my wife, it reminds me of kissing my money good-bye paying when I pay for therapy."
3080,2038,4,13,70,87,1.2413793103448276,0.0565551142867373,667,When you said your degree was in interior design I thought you meant MY interior.
3108,2038,2,17,68,87,1.2413793103448276,0.05161263933632969,667,You know Red is not really my thing!
3120,2038,5,11,71,87,1.2413793103448276,0.058870953435016256,667,Are you sure this thing won’t lick its lips?
3155,2038,3,15,69,87,1.2413793103448276,0.054140306109441066,667,"I keep having these recurrent nightmares of big, red lips attacking me. What does it mean, doc?"
3195,2038,2,17,68,87,1.2413793103448276,0.05161263933632969,667,"1 dozen eggs,bottled water,Bug Light,ribs,and milk?  Explain to me how any of that relates to my suicidal thoughts."
3236,2038,4,13,70,87,1.2413793103448276,0.0565551142867373,667,"Its weird, but Iv'e never felt like a sex symbol, until now for some reason."
3244,2038,2,17,68,87,1.2413793103448276,0.05161263933632969,667,I just can't figure out where my oral fixation comes from.
3248,2038,2,17,68,87,1.2413793103448276,0.05161263933632969,667,These lips feel a bit loose - is that a metaphor?
4769,2038,5,11,71,87,1.2413793103448276,0.058870953435016256,667,It all began at the premiere of the Rocky Horror Picture Show.
3308,2038,3,15,69,87,1.2413793103448276,0.054140306109441066,667,Tell me more about these recurring dreams where you feel like you’re being swallowed by ruby-red lips ...
3319,2038,5,11,71,87,1.2413793103448276,0.058870953435016256,667,"Doctor,I keep having this horrible dream that I am being eaten alive..."
3412,2038,2,17,68,87,1.2413793103448276,0.05161263933632969,667,I just can't shake the feeling that I'm not being taken seriously by this workplace
3426,2038,3,15,69,87,1.2413793103448276,0.054140306109441066,667,Do you use a different couch for each stage of fixation?
3471,2038,6,9,72,87,1.2413793103448276,0.061099078263995014,667,"Gee, doc, until now my lips have always been sealed."
3489,2038,2,17,68,87,1.2413793103448276,0.05161263933632969,667,"Ever since she left me the farewell note written in red lipstick it feels like the whole world's rubbing it in my face."""
3633,2038,2,17,68,87,1.2413793103448276,0.05161263933632969,667,rent is so high we double as a sex dungeon after hours.
3705,2038,2,17,68,87,1.2413793103448276,0.05161263933632969,667,A ceiling mirror too!
4801,2038,2,17,68,87,1.2413793103448276,0.05161263933632969,667,It's happens everywhere Dr. I manifest memories of mothers overwhelming smothering control.
5151,2038,3,15,69,87,1.2413793103448276,0.054140306109441066,667,"I appreciate the effort, Doc, but in the dream, I'm lying in a bed of TU-LIPS"
4824,2038,5,11,71,87,1.2413793103448276,0.058870953435016256,667,This feels like lip service to me.
6152,2038,2,17,68,87,1.2413793103448276,0.05161263933632969,667,You really care...or just giving lip service ?
6119,2038,1,19,67,87,1.2413793103448276,0.048954635458760304,667,I can still feel her lips on me.
6104,2038,3,15,69,87,1.2413793103448276,0.054140306109441066,667,Would you care to play role reversal?
6066,2038,5,11,71,87,1.2413793103448276,0.058870953435016256,667,"It's like your kiss, your kiss, is on my list..."
6046,2038,3,15,69,87,1.2413793103448276,0.054140306109441066,667,Don't judge me. You're the one who bought a couch shaped like Julia Roberts' lips.
6000,2038,3,15,69,87,1.2413793103448276,0.054140306109441066,667,It’s awful Doc. Every Tuesday night; I dream I’m being swallowed by a pair of lips.
5947,2038,3,15,69,87,1.2413793103448276,0.054140306109441066,667,"I'm not sure how lying on Mick Jagger's lips will bring me satisfaction, but I'm willing to give it a try."
6191,2038,2,17,68,87,1.2413793103448276,0.05161263933632969,667,Why when I come here I always feel I get lip service?
5906,2038,2,17,68,87,1.2413793103448276,0.05161263933632969,667,I get it. Your lips are sealed. Is there a reason you keep saying that?
5861,2038,4,13,70,87,1.2413793103448276,0.0565551142867373,667,I fear everyone keeps giving me lip service!
5794,2038,5,11,71,87,1.2413793103448276,0.058870953435016256,667,What makes you think my mother couldn’t open up?
5742,2038,4,13,70,87,1.2413793103448276,0.0565551142867373,667,I feel like a slip 'twixt the  cup and the lip
2876,2038,3,15,69,87,1.2413793103448276,0.054140306109441066,667,Can you believe Madonna is 60?
5438,2038,5,11,71,87,1.2413793103448276,0.058870953435016256,667,I'm just trying to come up with a clever caption for this weeks New Yorker cartoon contest.
5549,2038,2,17,68,87,1.2413793103448276,0.05161263933632969,667,"Considering I'm coming here for my sexual addiction, this hardly seems appropriate..."
5680,2038,2,17,68,87,1.2413793103448276,0.05161263933632969,667,How much longer do you need to finish the drawing?
5864,2038,3,15,69,87,1.2413793103448276,0.054140306109441066,667,And lying in a woman’s lips is supposed to make me feel better about my mother how?
5431,2038,4,13,70,87,1.2413793103448276,0.0565551142867373,667,Your couch is licking me again. Not that I mind...
5399,2038,2,17,68,87,1.2413793103448276,0.05161263933632969,667,"No, I don't think the fact that I see this couch as a pair of lips is an indication that I have an oral fixation."
5385,2038,3,15,69,87,1.2413793103448276,0.054140306109441066,667,"You know, it really does tie the room together."
4827,2038,1,19,67,87,1.2413793103448276,0.048954635458760304,667,I just feel like I am being swallowed alive.
4828,2038,4,13,70,87,1.2413793103448276,0.0565551142867373,667,Is this some kind of subliminal message?
4857,2038,5,11,71,87,1.2413793103448276,0.058870953435016256,667,I bet you think everyone has an oral fixation.
4892,2038,2,17,68,87,1.2413793103448276,0.05161263933632969,667,"If it's such a good conversation starter, why don't other psychiatrists have one in their offices?"
4971,2038,2,17,68,87,1.2413793103448276,0.05161263933632969,667,I feel like everyone is always trying to give me the kiss-off.
4992,2038,2,17,68,87,1.2413793103448276,0.05161263933632969,667,"Doctor, what’s an oral fixation?"
5013,2038,3,15,69,87,1.2413793103448276,0.054140306109441066,667,"""You just don't know what it's like to have your wife leave and take the good furniture."""
5016,2038,3,15,69,87,1.2413793103448276,0.054140306109441066,667,"If you want a different answer, get a couch that doesn't whisper suggestions in my ear."
5041,2038,4,13,70,87,1.2413793103448276,0.0565551142867373,667,Do you think the fact that I like your new couch is related to my mom?
5184,2038,4,13,70,87,1.2413793103448276,0.0565551142867373,667,Last time you were here we were discussing the Rolling Stones
5185,2038,6,9,72,87,1.2413793103448276,0.061099078263995014,667,These lips sink hips.
5197,2038,3,15,69,87,1.2413793103448276,0.054140306109441066,667,"So, you limit your practice to fetish patients?"
5210,2038,2,17,68,87,1.2413793103448276,0.05161263933632969,667,I am so glad they have a bring your therapist to work day.
5252,2038,3,15,69,87,1.2413793103448276,0.054140306109441066,667,Do you want it straight from the mouth?
5299,2038,3,15,69,87,1.2413793103448276,0.054140306109441066,667,"I think I’ve just figured out why I don’t like kissing.”
Ivor Hanson
Scarsdale, New York"
5307,2038,3,15,69,87,1.2413793103448276,0.054140306109441066,667,Let's try a prescription for Lipitor.
5358,2038,4,13,70,87,1.2413793103448276,0.0565551142867373,667,"She said I was a nothing, a mere morsel to chew up and spit out. Do I look like that to you, Doc?"
4820,2038,2,17,68,87,1.2413793103448276,0.05161263933632969,667,I keep having a fear of being swallowed up.
2840,2038,2,17,68,87,1.2413793103448276,0.05161263933632969,667,And I told them to kiss my butt
3966,2038,3,15,69,87,1.2413793103448276,0.054140306109441066,667,"I simply can't stop saying ""finger licking good""."
2752,2038,4,13,70,87,1.2413793103448276,0.0565551142867373,667,I’m feeling a strong desire to kiss the couch.
1135,2038,6,9,72,87,1.2413793103448276,0.061099078263995014,667,"Don't mind the couch, it's still here from last weeks Couples Therapy Sessions."
1089,2038,0,21,66,87,1.2413793103448276,0.04614377668264894,667,I'm just sick of all the ass-kissing.
1057,2038,1,19,67,87,1.2413793103448276,0.048954635458760304,667,Do you ever feel like there is something bigger out there...and it is trying to eat you?
1030,2038,4,13,70,87,1.2413793103448276,0.0565551142867373,667,"However insightful, I don't appreciate you responding ""Out of the mouths of babes."""
966,2038,3,15,69,87,1.2413793103448276,0.054140306109441066,667,I just realized that: 'You Can't Always Get What You Want'!
925,2038,3,15,69,87,1.2413793103448276,0.054140306109441066,667,"Dr. Scott, I think Janet is seeing someone."
903,2038,3,15,69,87,1.2413793103448276,0.054140306109441066,667,"Like a sinking ship, that's how I feel."
804,2038,3,15,69,87,1.2413793103448276,0.054140306109441066,667,"No, your kiss is not on my list, Mr. Hall."
731,2038,5,11,71,87,1.2413793103448276,0.058870953435016256,667,Could you read that back to me?
717,2038,4,13,70,87,1.2413793103448276,0.0565551142867373,667,I don't know why I dream of flowers... mostly tulips...
696,2038,4,13,70,87,1.2413793103448276,0.0565551142867373,667,Me? You’re the one with the lip fetish!
680,2038,4,13,70,87,1.2413793103448276,0.0565551142867373,667,"You know what they say, ""A moment on the lips, a lifetime on the scripts."""
661,2038,2,17,68,87,1.2413793103448276,0.05161263933632969,667,"This ain't makin' it any easier for me to kiss her goodbye, Doc."
610,2038,2,17,68,87,1.2413793103448276,0.05161263933632969,667,"Lipstick-red couch, black vinyl armchair on swivel chrome base, Beatles boots, straight-legged pants, shawl-collared jacket, turtleneck, and you are sure you're not a pop psychologist?"
599,2038,4,13,70,87,1.2413793103448276,0.0565551142867373,667,Take a letter to my mother.
566,2038,3,15,69,87,1.2413793103448276,0.054140306109441066,667,Wherever did you find a couch in the shape of my mother's lips?
504,2038,2,17,68,87,1.2413793103448276,0.05161263933632969,667,I feel like I've died and gone to heaven.
455,2038,4,13,70,87,1.2413793103448276,0.0565551142867373,667,Why should it matter that my ex is your interior designer?
450,2038,4,13,70,87,1.2413793103448276,0.0565551142867373,667,"Since being promoted to boss, I’ve definitely noticed an increase in random acts of ass kissing."
402,2038,4,13,70,87,1.2413793103448276,0.0565551142867373,667,It's surreal!
355,2038,2,17,68,87,1.2413793103448276,0.05161263933632969,667,How did you know Scarlet was my mother's shade of lipstick?
318,2038,4,13,70,87,1.2413793103448276,0.0565551142867373,667,"I'm sorry, but I feel like you are only giving lip service to my issues."
264,2038,6,9,72,87,1.2413793103448276,0.061099078263995014,667,What did Freud have to say about ruby-red lip couches?
236,2038,3,15,69,87,1.2413793103448276,0.054140306109441066,667,My mother would love this.
142,2038,5,11,71,87,1.2413793103448276,0.058870953435016256,667,"Before we continue, can you assure me that your lips are sealed?"
83,2038,3,15,69,87,1.2413793103448276,0.054140306109441066,667,"It's weird, but when I kiss my spouse, I feel like taking a nap!"
67,2038,3,15,69,87,1.2413793103448276,0.054140306109441066,667,"Deep down, I feel like something is going to swallow me alive."
60,2038,3,15,69,87,1.2413793103448276,0.054140306109441066,667,"A pun, doc. A horrible PUN won the Viking caption contest in 'The New Yorker.' So, no, the sofa isn't helping."
2789,2038,4,13,70,87,1.2413793103448276,0.0565551142867373,667,"As you can plainly see, my oral fixation and taste in modern furniture merged around mid-Century."
1197,2038,3,15,69,87,1.2413793103448276,0.054140306109441066,667,It feels like the kiss of death and is really not that comfortable.
1344,2038,2,17,68,87,1.2413793103448276,0.05161263933632969,667,"Wherever I go, I feel her seductive power over me."
692,2038,3,15,69,87,1.2413793103448276,0.054140306109441066,667,"It may be just a coincidence, but my mother used to always wear bright red lipstick."
1481,2038,2,17,68,87,1.2413793103448276,0.05161263933632969,667,I feel you're just giving me lip service.
2696,2038,4,13,70,87,1.2413793103448276,0.0565551142867373,667,"I'd say 'Kiss my ass' to that question, doctor, but that would be redundant."
1445,2038,4,13,70,87,1.2413793103448276,0.0565551142867373,667,I’like the way we’re treating my oral fixation. My aunt Rose was very happy with your treatment of her penis envy.
2673,2038,4,13,70,87,1.2413793103448276,0.0565551142867373,667,I can't get no satisfaction.  Do you know why?
2654,2038,5,11,71,87,1.2413793103448276,0.058870953435016256,667,"I know they call you the love doctor, but the couch is overkill."
2653,2038,3,15,69,87,1.2413793103448276,0.054140306109441066,667,"Doc, I hope you not just giving me lip service"
2638,2038,1,19,67,87,1.2413793103448276,0.048954635458760304,667,"Whereas YOUR chair is dull, drab, ordinary, like me."
2358,2038,4,13,70,87,1.2413793103448276,0.0565551142867373,667,I usually ask the models to remove their clothes  before I draw them.
2316,2038,3,15,69,87,1.2413793103448276,0.054140306109441066,667,"Before we begin, might I suggest a bigger notepad? I tend to be verbose on my back"
2241,2038,2,17,68,87,1.2413793103448276,0.05161263933632969,667,You need to talk to you interior decorator
2225,2038,4,13,70,87,1.2413793103448276,0.0565551142867373,667,Is the tongue extra?
2179,2038,5,11,71,87,1.2413793103448276,0.058870953435016256,667,Please turn down the tongue activity.
2142,2038,5,11,71,87,1.2413793103448276,0.058870953435016256,667,"Doctor, this is the first time I've really ever felt loved."
2095,2038,4,13,70,87,1.2413793103448276,0.0565551142867373,667,...and I still have those impeachment dreams.
2008,2038,2,17,68,87,1.2413793103448276,0.05161263933632969,667,I really don't think this is helping me get over my phobia of the rolling stones
2693,2038,2,17,68,87,1.2413793103448276,0.05161263933632969,667,Does it mean anything that your socks don't match.
1936,2038,4,13,70,87,1.2413793103448276,0.0565551142867373,667,"Doc, it’s smacking its lips. Does that mean anything?"
1888,2038,1,19,67,87,1.2413793103448276,0.048954635458760304,667,"These lips don't lie, Doctor."
1878,2038,1,19,67,87,1.2413793103448276,0.048954635458760304,667,'Coral Crush' was Felicity's shade.
1745,2038,4,13,70,87,1.2413793103448276,0.0565551142867373,667,My wife is getting suspicious. She keeps finding red lipstick on my collar.
1735,2038,3,15,69,87,1.2413793103448276,0.054140306109441066,667,I had that dream again of the beautiful woman with luscious red lips who swallowed  me when I tried to kiss her.
1703,2038,2,17,68,87,1.2413793103448276,0.05161263933632969,667,So...did you get this couch from a Niagara Falls honeymoon hotel foreclosure auction? It's actually pretty comfy.
1695,2038,4,13,70,87,1.2413793103448276,0.0565551142867373,667,Sometimes I get the feeling you’re only giving me lip service?
1663,2038,3,15,69,87,1.2413793103448276,0.054140306109441066,667,Is that one of those sometimes a cigar is just a cigar
1503,2038,3,15,69,87,1.2413793103448276,0.054140306109441066,667,"You’re right, I don’t feel the same need to talk about my mother."
1568,2038,4,13,70,87,1.2413793103448276,0.0565551142867373,667,You know this couch could use a a shot of collagen.
1590,2038,2,17,68,87,1.2413793103448276,0.05161263933632969,667,"I know it’s nuts, but I see Marilyn Monroe’s lips everywhere."
5876,2178,2,19,75,96,1.2395833333333333,0.048541878434896865,667,"So you don’t really read lips, do you"
677,2179,4,14,74,92,1.2391304347826086,0.05435976935181598,667,"It’s definitely a step up from the bean bags, but I was actually partial to the hammock."
3965,2180,1,19,68,88,1.2386363636363635,0.0484728057797513,667,"I prefer  ""Kiss and Tell""  to your previous decorator's ""Freudian Slips and Bras."""
1353,2180,1,19,68,88,1.2386363636363635,0.0484728057797513,667,This therapy sucks.
2454,2180,2,17,69,88,1.2386363636363635,0.051096437449348664,667,"Everybody says that they are trying to help me, but frankly it just feels like lip service."
1038,2180,1,19,68,88,1.2386363636363635,0.0484728057797513,667,Just remember this: a couch is just a couch.
3771,2184,4,12,68,84,1.2380952380952381,0.057732660874787296,667,"Sorry, Doc, no matter what I say, you'll think I'm weird."
3902,2184,4,12,68,84,1.2380952380952381,0.057732660874787296,667,Can't help but feel you're just giving me some lip service Dr. Pencil
4301,2184,0,20,64,84,1.2380952380952381,0.04675054225464914,667,And then I dreamt I was in the lips of luxury.
4032,2184,3,14,67,84,1.2380952380952381,0.055192376276423635,667,"I guess, we know the same woman."
2343,2184,3,14,67,84,1.2380952380952381,0.055192376276423635,667,"For some reason I can't seem to forget my first wife's beautiful ruby red lips."""
4388,2184,3,14,67,84,1.2380952380952381,0.055192376276423635,667,I feel like a guppy caught by a red lipped largemouth bass
3695,2184,4,12,68,84,1.2380952380952381,0.057732660874787296,667,I don’t think this is what Freud meant by “oral stage.”
3209,2184,2,16,66,84,1.2380952380952381,0.05252938859717925,667,"I'm sorry, I wish I could tell you more, but my lips are sealed."
3100,2184,2,16,66,84,1.2380952380952381,0.05252938859717925,667,"Just thinking ahead, but what the couch will look like after I move on from this 'oral stage' fixation?"
2545,2184,3,14,67,84,1.2380952380952381,0.055192376276423635,667,I have a reoccurring dream that The Rolling Stone's logo is after me.
3763,2184,3,14,67,84,1.2380952380952381,0.055192376276423635,667,You want me to sit on WHAT when we're done with the oral stage?
3735,2184,2,16,66,84,1.2380952380952381,0.05252938859717925,667,"I’m telling you Doctor, I see mom’s red lips every where!"
5128,2184,2,16,66,84,1.2380952380952381,0.05252938859717925,667,Tell me about your mouther.
4641,2184,3,14,67,84,1.2380952380952381,0.055192376276423635,667,"Before we continue, just tell me how I should feel about your couch."
5928,2184,4,12,68,84,1.2380952380952381,0.057732660874787296,667,This really isn't helping my aphenphosmphobia.
5635,2184,2,16,66,84,1.2380952380952381,0.05252938859717925,667,"Y'know, I thought I wanted more from a therapist than lip service, but this is nice."
5691,2184,3,14,67,84,1.2380952380952381,0.055192376276423635,667,"Everything reminds me of her - her hair, her eyes, her large red lips."
5977,2184,2,16,66,84,1.2380952380952381,0.05252938859717925,667,Is this our 'kiss and tell' session?
5858,2184,4,12,68,84,1.2380952380952381,0.057732660874787296,667,"Doctor, I have to ask you, what is your financial connection with Botox?"
5632,2184,2,16,66,84,1.2380952380952381,0.05252938859717925,667,Note to self ... pick up Chapstick on the way home.
4471,2184,3,14,67,84,1.2380952380952381,0.055192376276423635,667,"Doc, do you have another sofa I could use.  This reminds me too much of my mother's smothering kisses."
5560,2184,2,16,66,84,1.2380952380952381,0.05252938859717925,667,What if I told to you I had a foot fetish?
5403,2184,4,12,68,84,1.2380952380952381,0.057732660874787296,667,"I’m in the lips of luxury, but I just don’t care..."
5365,2184,4,12,68,84,1.2380952380952381,0.057732660874787296,667,"No, I’m Ok. I’m used to having my anxieties on everyone’s lips."
6166,2184,4,12,68,84,1.2380952380952381,0.057732660874787296,667,We find that the new decor inspires Freudian slips.
5911,2184,3,14,67,84,1.2380952380952381,0.055192376276423635,667,My wife keeps finding lipstick on my collar.
4946,2184,2,16,66,84,1.2380952380952381,0.05252938859717925,667,Have you ever felt that you were being swallowed whole?
4920,2184,3,14,67,84,1.2380952380952381,0.055192376276423635,667,"Being the CEO, I feel like everyone tries to kiss up to me."
5426,2184,2,16,66,84,1.2380952380952381,0.05252938859717925,667,I'd like to forget the 70's but for some reason I just can't.
2280,2184,4,12,68,84,1.2380952380952381,0.057732660874787296,667,What kind of fixation did you say?
5242,2184,4,12,68,84,1.2380952380952381,0.057732660874787296,667,Aren't you going to ask me to take my shoes off?
1602,2184,4,12,68,84,1.2380952380952381,0.057732660874787296,667,Remember: loose lips sink shrinks.
1320,2184,3,14,67,84,1.2380952380952381,0.055192376276423635,667,Did you buy this couch from the No Tell Motel that just went out-of-business?
1169,2184,2,16,66,84,1.2380952380952381,0.05252938859717925,667,"Sorry, it was on the tip of my tongue."
1692,2184,3,14,67,84,1.2380952380952381,0.055192376276423635,667,I think I may be developing an oral fixation
1138,2184,2,16,66,84,1.2380952380952381,0.05252938859717925,667,"Honestly Doc, I have this sensation that I'm about to be swallowed whole."
1065,2184,3,14,67,84,1.2380952380952381,0.055192376276423635,667,I hear loud wet smacking sounds when I lie down
998,2184,4,12,68,84,1.2380952380952381,0.057732660874787296,667,Did you say this new couch was a design by Carly Simon or Mick Jagger?
628,2184,2,16,66,84,1.2380952380952381,0.05252938859717925,667,Are you aware this couch exemplifies my problem?
381,2184,2,16,66,84,1.2380952380952381,0.05252938859717925,667,Your couch helps me to talk.
362,2224,4,14,75,93,1.2365591397849462,0.05383352141248461,667,Enough of the lip service.  I have serious issues to resolve!
3713,2225,2,16,67,85,1.2352941176470589,0.05198324127579627,667,My Mother never let me put my shoes on the sofa!
3629,2225,2,16,67,85,1.2352941176470589,0.05198324127579627,667,My dreams have been more sexy and colorful.  How did you know?
3417,2225,2,16,67,85,1.2352941176470589,0.05198324127579627,667,Doctor...it sucks
2858,2225,2,16,67,85,1.2352941176470589,0.05198324127579627,667,I need a new therapist; nothing is rolling off this tongue anymore.
2516,2225,0,20,65,85,1.2352941176470589,0.04628210543937899,667,It does bring out my feminine side.
1651,2225,3,14,68,85,1.2352941176470589,0.05461107413662156,667,"Doc, I really wish you’d give my problems more than lip service.

Russell Keske, Chicago, Illinois"
2435,2225,3,14,68,85,1.2352941176470589,0.05461107413662156,667,I just can’t get past the feeling that I am being eaten alive.
2352,2225,5,10,70,85,1.2352941176470589,0.05951969008648676,667,I feel mislabialed.
4043,2225,3,14,68,85,1.2352941176470589,0.05461107413662156,667,I fantasize about being devoured by a pair of ruby red lips.
1646,2225,3,14,68,85,1.2352941176470589,0.05461107413662156,667,How did you know that I love having my ass kissed?
1195,2225,3,14,68,85,1.2352941176470589,0.05461107413662156,667,Are you sure this is the best therapy for my oral fixation?
2507,2225,3,14,68,85,1.2352941176470589,0.05461107413662156,667,I think I'm looking for love in all the wrong places
4221,2225,3,14,68,85,1.2352941176470589,0.05461107413662156,667,"Yes Doc, from your lips to my left ear."
4668,2225,2,16,67,85,1.2352941176470589,0.05198324127579627,667,Is this couch new?  It reminds me of Mom.
4459,2225,2,16,67,85,1.2352941176470589,0.05198324127579627,667,"But doctor, I didn't have an obsession with kissing before I got here ."
4490,2225,4,12,69,85,1.2352941176470589,0.0571181360267779,667,I'm getting tired of the Stones music every session.
4496,2225,3,14,68,85,1.2352941176470589,0.05461107413662156,667,I can't help but feel your just giving my issues lip service.
1077,2225,3,14,68,85,1.2352941176470589,0.05461107413662156,667,So you and the room are both by the hour?
5093,2225,1,18,66,85,1.2352941176470589,0.04921529567847502,667,"With furniture, I often get a feeling of intimacy."
5153,2225,3,14,68,85,1.2352941176470589,0.05461107413662156,667,I'm feeling blue.
5176,2225,3,14,68,85,1.2352941176470589,0.05461107413662156,667,I able to block out everything about her except her lips.
5287,2225,3,14,68,85,1.2352941176470589,0.05461107413662156,667,It should be obvious I'm just paying lip service to the process.
5733,2225,2,16,67,85,1.2352941176470589,0.05198324127579627,667,Why do I just want to Tip Toe Through the Tulips?
5770,2225,4,12,69,85,1.2352941176470589,0.0571181360267779,667,I don't mean to question you're professionalism but do you think that Rolling Stones Therapy is in the Freudian tradition!
5966,2225,2,16,67,85,1.2352941176470589,0.05198324127579627,667,I don't feel I really belong here.
6194,2225,3,14,68,85,1.2352941176470589,0.05461107413662156,667,Medicare squeezing you doc?  Can't afford new furniture? I can lend you my Lazy-Boy.  Only reminds me of my ex anyway.
4419,2225,4,12,69,85,1.2352941176470589,0.0571181360267779,667,I feel like a Rolling Stone
933,2225,4,12,69,85,1.2352941176470589,0.0571181360267779,667,"Doctor, whatever your conclusions are, I hope it's not just lip service."
1479,2225,4,12,69,85,1.2352941176470589,0.0571181360267779,667,I have never really been the kind to kiss and tell
687,2225,3,14,68,85,1.2352941176470589,0.05461107413662156,667,''And it just eats me up inside.''
488,2225,3,14,68,85,1.2352941176470589,0.05461107413662156,667,Nice couch. Reminds me of AB positive.
282,2225,2,16,67,85,1.2352941176470589,0.05198324127579627,667,I thought my couch was one of a kind?
18,2225,2,16,67,85,1.2352941176470589,0.05198324127579627,667,When was your first memory of your oral fixation?
788,2225,3,14,68,85,1.2352941176470589,0.05461107413662156,667,This may cause more problems than it solves.
5294,2259,2,15,64,81,1.2345679012345678,0.05349398529208222,667,"It's that thing where I'm living Groundhog Day, but it's Valentine's Day."
5322,2259,1,17,63,81,1.2345679012345678,0.050526868962175626,667,"Remember that commercial where the woman puts a cherry in her mouth and then brings it back out with the stem tied in a knot.
Well, I feel like that stem"
5375,2259,3,13,65,81,1.2345679012345678,0.05630495926415497,667,Sometimes I feel like useless decoration. Like a gray ribbon on a woman's red hat.
5404,2259,3,13,65,81,1.2345679012345678,0.05630495926415497,667,...and the most kissing I have been getting this week is from this couch!...
5898,2259,3,13,65,81,1.2345679012345678,0.05630495926415497,667,"John, I like the Stones as much as the next guy; but I'm not so sure I like being the tongue."
3114,2259,2,15,64,81,1.2345679012345678,0.05349398529208222,667,My sense of impending doom by being swallowed is even greater.
2981,2259,3,13,65,81,1.2345679012345678,0.05630495926415497,667,"We're experimenting with a new technique we call ""lipnosis""."
2942,2259,5,9,67,81,1.2345679012345678,0.061542931262293925,667,I think bold red lips can enhance any decor.
2687,2259,1,17,63,81,1.2345679012345678,0.050526868962175626,667,I'm pretty sure I dream in color.
2814,2259,4,11,66,81,1.2345679012345678,0.05898211943501855,667,"...and then, Mick Jagger licked me."""
2607,2259,3,13,65,81,1.2345679012345678,0.05630495926415497,667,"You know, my couch at home is now red since the stabbing."
2558,2259,3,13,65,81,1.2345679012345678,0.05630495926415497,667,"I can't explain it, but while I'm here I feel unconditionally loved."
2468,2259,4,11,66,81,1.2345679012345678,0.05898211943501855,667,I think the Russians have hacked this cartoon.
2230,2259,6,7,68,81,1.2345679012345678,0.06400136220162878,667,In 15 minutes I saved 15% on car insurance.
2009,2259,3,13,65,81,1.2345679012345678,0.05630495926415497,667,I don't understand. Who is a variation of putting lipstick on a pig?
1566,2259,2,15,64,81,1.2345679012345678,0.05349398529208222,667,Are you writing oral fixation again?
1561,2259,2,15,64,81,1.2345679012345678,0.05349398529208222,667,I thought this was a massage parlor.
2847,2259,3,13,65,81,1.2345679012345678,0.05630495926415497,667,I’ve never been kissed
3146,2259,4,11,66,81,1.2345679012345678,0.05898211943501855,667,I feel blue.
4968,2259,3,13,65,81,1.2345679012345678,0.05630495926415497,667,"DON'T WORRY, MY LIPS WILL BE SEALED"
5022,2259,3,13,65,81,1.2345679012345678,0.05630495926415497,667,I know I'm tight lipped today.
1538,2259,3,13,65,81,1.2345679012345678,0.05630495926415497,667,What I am hearing is merely lip service.
3180,2259,1,17,63,81,1.2345679012345678,0.050526868962175626,667,I guess I'll just relax and let the couch do the talking.
3216,2259,1,17,63,81,1.2345679012345678,0.050526868962175626,667,You really think this will help my Phagophobia?
3336,2259,2,15,64,81,1.2345679012345678,0.05349398529208222,667,"Mother always tucked me in with a hug, a kiss and a story."
3398,2259,2,15,64,81,1.2345679012345678,0.05349398529208222,667,I need some chapstick.
3401,2259,2,15,64,81,1.2345679012345678,0.05349398529208222,667,The patient responds well to lip service therapy. Let's see what happens with the vibrator switch on.
3653,2259,4,11,66,81,1.2345679012345678,0.05898211943501855,667,The stripper's pole is a nice addition too.
3714,2259,3,13,65,81,1.2345679012345678,0.05630495926415497,667,I kissed her once and now everything reminds me of her lips.
5247,2259,1,17,63,81,1.2345679012345678,0.050526868962175626,667,Is it weird that I’m now considering lip filler?
3765,2259,3,13,65,81,1.2345679012345678,0.05630495926415497,667,I feel you're just paying lip service to my concerns.
3835,2259,3,13,65,81,1.2345679012345678,0.05630495926415497,667,"I know this might be an awkward time to mention it, but I've stopped validating parking too."
4176,2259,3,13,65,81,1.2345679012345678,0.05630495926415497,667,"It was great when it all began, I was a regular Frankie fan."
4289,2259,5,9,67,81,1.2345679012345678,0.061542931262293925,667,Sometimes I feel like I am being swallowed alive.
4384,2259,3,13,65,81,1.2345679012345678,0.05630495926415497,667,I feel like every shrink I go to just gives me the same old lip service.
4418,2259,2,15,64,81,1.2345679012345678,0.05349398529208222,667,My wife wants to know why I come home from these trysts with lipstick all over my backside.
4735,2259,2,15,64,81,1.2345679012345678,0.05349398529208222,667,"It was that tongue, that damn tougue again."
4737,2259,3,13,65,81,1.2345679012345678,0.05630495926415497,667,I feel absolutely fabulous.
4875,2259,4,11,66,81,1.2345679012345678,0.05898211943501855,667,Do you mind if I lick your couch?
3810,2259,4,11,66,81,1.2345679012345678,0.05898211943501855,667,"You are from Holland, aren’t you?"
1428,2259,2,15,64,81,1.2345679012345678,0.05349398529208222,667,You know doctor it has not escaped my attention that this couch looks like very voluptuos female lips or is it all in my mind?
111,2259,2,15,64,81,1.2345679012345678,0.05349398529208222,667,"Doc, this whole “Me Too” thing just has me really on edge."
1159,2259,2,15,64,81,1.2345679012345678,0.05349398529208222,667,"This fantasy about sinking into a big red lips, do other of your patients mention it?"
1398,2259,3,13,65,81,1.2345679012345678,0.05630495926415497,667,I don't know why but I can't stop thinking about the hooker at my stag party.
250,2259,5,9,67,81,1.2345679012345678,0.061542931262293925,667,I have one just like this in my love dungeon
291,2259,4,11,66,81,1.2345679012345678,0.05898211943501855,667,"Doctor, I'm beginning to think that you might be a Republican."
319,2259,3,13,65,81,1.2345679012345678,0.05630495926415497,667,Have any lotion? This couch is dry.
430,2259,0,19,62,81,1.2345679012345678,0.047374281121851596,667,I feel like I'm being swallowed alive.
510,2259,4,11,66,81,1.2345679012345678,0.05898211943501855,667,"I'm seeking treatment for kleptomania, not Sticky Fingers."
533,2259,0,19,62,81,1.2345679012345678,0.047374281121851596,667,"...and then, just as I wake up, I get spit out !"
563,2259,3,13,65,81,1.2345679012345678,0.05630495926415497,667,Everything reminds me of her.
205,2259,3,13,65,81,1.2345679012345678,0.05630495926415497,667,Man Ray comes to mind.
700,2259,3,13,65,81,1.2345679012345678,0.05630495926415497,667,It seems like everywhere I go I see Mick Jagger.
799,2259,3,13,65,81,1.2345679012345678,0.05630495926415497,667,"Lying here now, Doctor, makes me think it was all just a Freudian lisp."
897,2259,2,15,64,81,1.2345679012345678,0.05349398529208222,667,My Ex?  A very mouthy women.
910,2259,2,15,64,81,1.2345679012345678,0.05349398529208222,667,No tongue.
936,2259,2,15,64,81,1.2345679012345678,0.05349398529208222,667,"You were right.  Lying down on a sofa, I’m now able to open up about my issues with women."
582,2259,1,17,63,81,1.2345679012345678,0.050526868962175626,667,"Lately I've been feeling surreal, doctor."
253,2317,3,16,75,94,1.2340425531914894,0.051126705741835796,667,"You know, I've always wanted to buy this couch from Design Within Reach but I'm glad you did because, honestly, it's not that comfortable and it wouldn't pair well with the rest of my living room. Anyway, I still don't know why my children hate me."
376,2318,3,12,62,77,1.2337662337662338,0.05815605815832067,667,I feel like I'm missing something really obvious here.
5244,2319,5,11,74,90,1.2333333333333334,0.05708263279047432,667,"My mother operated
 a bordello when I was growing up. Maybe that’s why I feel so comfortable with you doctor “"
4499,2319,4,13,73,90,1.2333333333333334,0.054851974222946666,667,"Doctor,  do you think my paranoia has anything to do with my fear that I'm about to get bitten by some giant teeth?"
4406,2319,3,15,72,90,1.2333333333333334,0.05252667118728806,667,"If I'm going to be paying you a $100 an hour, I better be getting a happy ending."
2259,2322,1,18,67,86,1.2325581395348837,0.048716546920086694,667,Does that give you a taste of what I have to deal with?
5665,2322,4,12,70,86,1.2325581395348837,0.056516328414623146,667,I hope you are not going to give lip service to my problems.
1937,2322,2,16,68,86,1.2325581395348837,0.05144802965162532,667,You sure this will help with my oral fixation?
5450,2322,3,14,69,86,1.2325581395348837,0.054041628086615126,667,"Just because you can't see red, doesn't mean it isn't there"
2051,2322,3,14,69,86,1.2325581395348837,0.054041628086615126,667,She said I had to choose between the couch and her
2773,2322,4,12,70,86,1.2325581395348837,0.056516328414623146,667,I was entranced. Something a about the lipstick...
4945,2322,3,14,69,86,1.2325581395348837,0.054041628086615126,667,"It's getting so bad, even my voices won't talk to me"
2900,2322,1,18,67,86,1.2325581395348837,0.048716546920086694,667,Everything just seems to be swallowing me up!
2196,2322,2,16,68,86,1.2325581395348837,0.05144802965162532,667,"Seriously Doc, I'm having a deja vu wet sloppy one about Aunt Jennie."
5723,2322,2,16,68,86,1.2325581395348837,0.05144802965162532,667,You're sure it's okay to kiss and tell?
2076,2322,3,14,69,86,1.2325581395348837,0.054041628086615126,667,Can I try the Saarinen Womb chair next week?
5362,2322,3,14,69,86,1.2325581395348837,0.054041628086615126,667,Being kissed by these huge lips have solved my problem...
5724,2322,3,14,69,86,1.2325581395348837,0.054041628086615126,667,"It's like they say: prepay for six months of couples therapy once, shame on you. Prepay for six months of couples therapy twice, shame on your therapist."
2906,2322,3,14,69,86,1.2325581395348837,0.054041628086615126,667,"At first I hesitated when the yelp reviews mentioned ""lip service."""
2260,2322,3,14,69,86,1.2325581395348837,0.054041628086615126,667,Can I have a copy of your notes?  I’m writing my autobiography.
2481,2322,2,16,68,86,1.2325581395348837,0.05144802965162532,667,Have we talked about my mother's affair with Mick Jagger?
2401,2322,1,18,67,86,1.2325581395348837,0.048716546920086694,667,Does this shade look good on me?
6058,2322,1,18,67,86,1.2325581395348837,0.048716546920086694,667,Sometimes I feel like you’re only giving me lip service.
3777,2322,2,16,68,86,1.2325581395348837,0.05144802965162532,667,I am feeling consumed by desire.
3675,2322,2,16,68,86,1.2325581395348837,0.05144802965162532,667,Thanks for the lip service doc - this week has been hell.
4064,2322,2,16,68,86,1.2325581395348837,0.05144802965162532,667,You say it's therapeutic but I feel it as lip service.
4214,2322,3,14,69,86,1.2325581395348837,0.054041628086615126,667,"My world seems so very black and white, until I'm here with you."
3532,2322,1,18,67,86,1.2325581395348837,0.048716546920086694,667,"I dreamed that Marilyn Monroe was shouting,""Pivot! Pivot!""."
3502,2322,1,18,67,86,1.2325581395348837,0.048716546920086694,667,Your lips may be sealed but I feel as if I've never learned to unseal mine.
3391,2322,3,14,69,86,1.2325581395348837,0.054041628086615126,667,Where do you place your tall clients?
4312,2322,4,12,70,86,1.2325581395348837,0.056516328414623146,667,"No, sex has nothing to do with it..."
2762,2322,1,18,67,86,1.2325581395348837,0.048716546920086694,667,I understand that cheilophobia is your specialty but this couch really isn't that comfortable.
4501,2322,6,8,72,86,1.2325581395348837,0.06116609354785182,667,So doctor...how are you?
2374,2322,1,18,67,86,1.2325581395348837,0.048716546920086694,667,"I already have enough issues with my ex, do I have to lie on a couch that looks like her mouth too."
4645,2322,2,16,68,86,1.2325581395348837,0.05144802965162532,667,I was hoping that you could lip read.
5913,2322,3,14,69,86,1.2325581395348837,0.054041628086615126,667,"Doc, you're just paying me lip service"
1420,2322,4,12,70,86,1.2325581395348837,0.056516328414623146,667,"Looking at this new couch, I’m starting to think you’re the one with the oral fixation, Doc..."
2632,2322,3,14,69,86,1.2325581395348837,0.054041628086615126,667,I rule over them with mercy and wisdom...why don’t they love me?
1380,2322,3,14,69,86,1.2325581395348837,0.054041628086615126,667,Do you have another colored couch? This one reminds me of when I cheated on my wife on Valentine's day.
1207,2322,1,18,67,86,1.2325581395348837,0.048716546920086694,667,I feel like it should be from these lips to God’s ears.
775,2322,2,16,68,86,1.2325581395348837,0.05144802965162532,667,This feels so good I don't even care that you don't have a degree.
695,2322,3,14,69,86,1.2325581395348837,0.054041628086615126,667,"I do feel a little sassier, I guess. But, you know, still petrified with angst."
42,2322,3,14,69,86,1.2325581395348837,0.054041628086615126,667,I want to sit up. Does this thing smirk?”
1416,2322,3,14,69,86,1.2325581395348837,0.054041628086615126,667,“Maybe we should talk about your oral fixation.”
37,2361,2,15,65,82,1.2317073170731707,0.05291497070397462,667,"Fixated on what, exactly?"
869,2361,5,9,68,82,1.2317073170731707,0.060855044912969156,667,Patient has some kind of oral fixation.
1154,2361,3,13,66,82,1.2317073170731707,0.05568759508952443,667,"Yes, my mother was witholding, but can we get to the issue of putting chapstick on this couch first?"
2004,2361,4,11,67,82,1.2317073170731707,0.058328572493308625,667,These lips are billed.
2153,2361,2,15,65,82,1.2317073170731707,0.05291497070397462,667,Hey - this was drawn in the 1960's. How is it that you have a Starbucks coffee?
2235,2361,2,15,65,82,1.2317073170731707,0.05291497070397462,667,It always feels like something wants to eat me?
2777,2361,2,15,65,82,1.2317073170731707,0.05291497070397462,667,"Kiss me, you fool!"
3214,2361,4,11,67,82,1.2317073170731707,0.058328572493308625,667,"I said this must be freudian lips. It was a joke, you don’t have to write that down.”"
4497,2361,3,13,66,82,1.2317073170731707,0.05568759508952443,667,"I wanna go oh oh oh
To the late night double feature picture show"
3832,2361,1,17,64,82,1.2317073170731707,0.04998879876882579,667,Is my mother this important?
5557,2361,3,13,66,82,1.2317073170731707,0.05568759508952443,667,"There’s not a tongue rolled up in this thing, is there?"
5915,2361,2,15,65,82,1.2317073170731707,0.05291497070397462,667,I feel lip smacking good.
6129,2361,1,17,64,82,1.2317073170731707,0.04998879876882579,667,It’d work better a shade darker.
3602,2361,3,13,66,82,1.2317073170731707,0.05568759508952443,667,I need a quick power nap before we dive into my subconscious.
5521,2375,3,18,83,104,1.2307692307692308,0.04778665172843477,667,I feel like I’m never taken seriously.
2698,2376,2,19,79,100,1.23,0.0468287229478799,667,"Doc, my oral fixation's eating me alive."
1025,2377,4,12,71,87,1.2298850574712643,0.055926856386234985,667,Love is a thing with foam rubber
1564,2377,3,14,70,87,1.2298850574712643,0.053483689652870973,667,Suddenly I feel consumed by sex.
4146,2377,1,18,68,87,1.2298850574712643,0.04822746775604901,667,"Her lips were plump and soft, like couch cushions. When I close my eyes, I swear I can still feel them."
4538,2377,1,18,68,87,1.2298850574712643,0.04822746775604901,667,"Is it normal to think of Mick Jagger all day, doc?"
1939,2377,2,16,69,87,1.2298850574712643,0.05092344109074604,667,I wonder what my psychologist would say about me laying on a lip-shaped chair while a man sits next to me.
2724,2382,2,18,76,96,1.2291666666666667,0.047938114955607895,667,I do often wonder if this might be just a bit of lip service.
2287,2383,5,9,69,83,1.2289156626506024,0.060182163486255276,667,And I'd tell you the rest if you weren't her brother.
4325,2383,2,15,66,83,1.2289156626506024,0.052348044099806715,667,"Sne told me what to do, and I went there in a handbasket."
4784,2383,5,9,69,83,1.2289156626506024,0.060182163486255276,667,"If this is the couch for oral fixation, I'm wondering what your other furniture looks like."
6009,2383,1,17,65,83,1.2289156626506024,0.0494616958949545,667,"Big Rolling Stones fan, doc?"
5149,2387,2,14,63,79,1.2278481012658229,0.0538952278235385,667,The lip couch really makes this erotic!
3382,2387,2,14,63,79,1.2278481012658229,0.0538952278235385,667,Sometimes I feel like I am being swallowed up by the world.
3453,2387,1,16,62,79,1.2278481012658229,0.050794937122985086,667,I never knew interior design could make me feel so real.
3488,2387,2,14,63,79,1.2278481012658229,0.0538952278235385,667,Yes I feel like a crumb
3521,2387,1,16,62,79,1.2278481012658229,0.050794937122985086,667,I’d like more than lip service this week
3625,2387,3,12,64,79,1.2278481012658229,0.05682662691885053,667,"I still hear voices, doc, but now they’re rather sensuous."
3652,2387,3,12,64,79,1.2278481012658229,0.05682662691885053,667,Where am I? Who are you?
3756,2387,3,12,64,79,1.2278481012658229,0.05682662691885053,667,"Am I crazy, doc?  Everywhere I look, I'm reminded of sex."" -Tom Potter, Ellicott City, M"
3798,2387,1,16,62,79,1.2278481012658229,0.050794937122985086,667,Are you really listening or is this just lip service?
3899,2387,3,12,64,79,1.2278481012658229,0.05682662691885053,667,‘’Put my lips together and blow’ is not working.”
4157,2387,1,16,62,79,1.2278481012658229,0.050794937122985086,667,"Red lips, they're everywhere Dr., I can't escape them."
4300,2387,2,14,63,79,1.2278481012658229,0.0538952278235385,667,He's still oblivious of my oral fixation
3361,2387,3,12,64,79,1.2278481012658229,0.05682662691885053,667,I had the dream where I'm Mick Jagger's tongue again.
3354,2387,2,14,63,79,1.2278481012658229,0.0538952278235385,667,"Dad should never have said, Read my Lips."
3264,2387,2,14,63,79,1.2278481012658229,0.0538952278235385,667,"I said for some reason people don't seem to like me.  Open your ears, stupid."
4327,2387,3,12,64,79,1.2278481012658229,0.05682662691885053,667,"When I said I was looking for help with my mouth fetish, this is not what I expected."
2257,2387,4,10,65,79,1.2278481012658229,0.059614054314375706,667,Handwritten notes? How quaint.
2279,2387,3,12,64,79,1.2278481012658229,0.05682662691885053,667,Start me up?
2289,2387,2,14,63,79,1.2278481012658229,0.0538952278235385,667,You have the cutest knees!
2456,2387,3,12,64,79,1.2278481012658229,0.05682662691885053,667,And I'll tell you what else I miss about her...
2458,2387,3,12,64,79,1.2278481012658229,0.05682662691885053,667,At last! You see thing from MY perspective! Let’s switch back!
2470,2387,4,10,65,79,1.2278481012658229,0.059614054314375706,667,Have I mentioned my uncontrollable terror of the color red?
2490,2387,2,14,63,79,1.2278481012658229,0.0538952278235385,667,You can't always get what you want.
3334,2387,5,8,66,79,1.2278481012658229,0.062276844947544076,667,"If I don't find your advice helpful, can I just say, 'Bite me.'"
2694,2387,4,10,65,79,1.2278481012658229,0.059614054314375706,667,I feel like I am being sucked in...
2877,2387,4,10,65,79,1.2278481012658229,0.059614054314375706,667,Do you any more lip balm?
2944,2387,3,12,64,79,1.2278481012658229,0.05682662691885053,667,Do you have something a little less red ?
3077,2387,3,12,64,79,1.2278481012658229,0.05682662691885053,667,cushy with Mick lips
3129,2387,2,14,63,79,1.2278481012658229,0.0538952278235385,667,"I don't know, Doc. It's just that every time she opens her lips, I start seeing red"
3159,2387,3,12,64,79,1.2278481012658229,0.05682662691885053,667,"Doc, I keep dreaming of Mae West."
3165,2387,3,12,64,79,1.2278481012658229,0.05682662691885053,667,I hope this will desensitize your fear of voracious women.
3230,2387,3,12,64,79,1.2278481012658229,0.05682662691885053,667,You've just got to help me Dr. Scott; I just can't choose between Brad and Eddie.
2838,2387,5,8,66,79,1.2278481012658229,0.062276844947544076,667,I’ve a sense this clinic is no longer operating in the black.
4462,2387,2,14,63,79,1.2278481012658229,0.0538952278235385,667,What makes you think something is eating away at me?
4592,2387,4,10,65,79,1.2278481012658229,0.059614054314375706,667,"No, I said ‘coral.’"
4549,2387,4,10,65,79,1.2278481012658229,0.059614054314375706,667,"Red was never very becoming for me on occasions such as this. However, I do like the shape."
5787,2387,2,14,63,79,1.2278481012658229,0.0538952278235385,667,Can you give me a hint?
5785,2387,2,14,63,79,1.2278481012658229,0.0538952278235385,667,"Are you listening to me, or just paying lip service like any other shrink?"
5760,2387,2,14,63,79,1.2278481012658229,0.0538952278235385,667,"...always the dream, the engorged crimson lips are swallowing me,  swallowing me"
5744,2387,2,14,63,79,1.2278481012658229,0.0538952278235385,667,Do you care if I take a selfie right now?
5681,2387,3,12,64,79,1.2278481012658229,0.05682662691885053,667,"Doc, I feel like my life is a Rocky Horror Picture Show."
5630,2387,2,14,63,79,1.2278481012658229,0.0538952278235385,667,You've asked me about everything except my love life.
5825,2387,1,16,62,79,1.2278481012658229,0.050794937122985086,667,These sessions are the one bit of color in my otherwise gray existence.
5494,2387,2,14,63,79,1.2278481012658229,0.0538952278235385,667,Enough lip service—I need help!
5034,2387,2,14,63,79,1.2278481012658229,0.0538952278235385,667,I've developed an irrational fear of red lips
5480,2387,4,10,65,79,1.2278481012658229,0.059614054314375706,667,"The minute she said 'come up and see me sometime', all I could think of was those luscious red lips"
5053,2387,4,10,65,79,1.2278481012658229,0.059614054314375706,667,"I’m sorry doc, I'm used to being tight lipped."
5465,2387,3,12,64,79,1.2278481012658229,0.05682662691885053,667,"A cardigan, turtleneck and loafers. Isn't that look a bit hackneyed?"
5067,2387,2,14,63,79,1.2278481012658229,0.0538952278235385,667,"Are you a licensed therapist, or am I just going to get lip service?"
5078,2387,2,14,63,79,1.2278481012658229,0.0538952278235385,667,Did you hear something?
4959,2387,2,14,63,79,1.2278481012658229,0.0538952278235385,667,"You know Doctor Kaplan, I'm beginning to suspect my surreal erotic nightmares might not be about my mother at all."
4487,2387,3,12,64,79,1.2278481012658229,0.05682662691885053,667,"Everything reminds me of her, Doc."
5836,2387,2,14,63,79,1.2278481012658229,0.0538952278235385,667,So...what's your story?
5867,2387,3,12,64,79,1.2278481012658229,0.05682662691885053,667,You know I can see you`re just drawing stick figures fighting kung fu right?
4554,2387,3,12,64,79,1.2278481012658229,0.05682662691885053,667,Feeling like all I get is lip service...
5208,2387,2,14,63,79,1.2278481012658229,0.0538952278235385,667,When I'm with you it's so confusing: I feel like I'm being devoured and kissed at the same time.
4654,2387,3,12,64,79,1.2278481012658229,0.05682662691885053,667,"This couch say more about you Doc, than you’ll ever uncover about me."
4656,2387,3,12,64,79,1.2278481012658229,0.05682662691885053,667,Wait. Is that actual saliva!?
4700,2387,4,10,65,79,1.2278481012658229,0.059614054314375706,667,"Strangely enough, Doctor, I'm feeling blue."
4807,2387,3,12,64,79,1.2278481012658229,0.05682662691885053,667,"I think ""the rack"" would be more therapeudic"
5842,2387,2,14,63,79,1.2278481012658229,0.0538952278235385,667,"Do you really mean that, or is it your usual lip service?"
4846,2387,3,12,64,79,1.2278481012658229,0.05682662691885053,667,She even complains that I kiss like a couch potato.
4943,2387,3,12,64,79,1.2278481012658229,0.05682662691885053,667,"Hey Doc, did your mom ever kiss you?"
4944,2387,4,10,65,79,1.2278481012658229,0.059614054314375706,667,"Have you ever read the "" The Giver"" or seen ""Pleasantville"""
2207,2387,4,10,65,79,1.2278481012658229,0.059614054314375706,667,Don’t worry. Not a word of this will pass these lips.
6006,2387,0,18,61,79,1.2278481012658229,0.04749269093771061,667,Your mood couch is making me angry.
5995,2387,3,12,64,79,1.2278481012658229,0.05682662691885053,667,"In all honesty, I like to be the one watching."
5882,2387,2,14,63,79,1.2278481012658229,0.0538952278235385,667,I keep having this crazy dream. I am being chased down the street by Elizabeth Arden.
4914,2387,3,12,64,79,1.2278481012658229,0.05682662691885053,667,My sleep number is 35.
2201,2387,2,14,63,79,1.2278481012658229,0.0538952278235385,667,I can't help feeling it's all lip service.
1862,2387,2,14,63,79,1.2278481012658229,0.0538952278235385,667,I feel diminished.
2130,2387,2,14,63,79,1.2278481012658229,0.0538952278235385,667,Is that Words with Friends?
1063,2387,4,10,65,79,1.2278481012658229,0.059614054314375706,667,I do fear the kiss of death is near.
1062,2387,1,16,62,79,1.2278481012658229,0.050794937122985086,667,Mick Jagger is out to get me.
1043,2387,2,14,63,79,1.2278481012658229,0.0538952278235385,667,I feel like the world can kiss my ass.
1015,2387,2,14,63,79,1.2278481012658229,0.0538952278235385,667,"Okay, I'll free associate; loose lips sink ships, eat me, pucker up..."
991,2387,2,14,63,79,1.2278481012658229,0.0538952278235385,667,Do you need the couch to have a meaning?
810,2387,3,12,64,79,1.2278481012658229,0.05682662691885053,667,"Joke's on you, I'm a realist."
758,2387,3,12,64,79,1.2278481012658229,0.05682662691885053,667,I do feel romantic — in a post-modern way.
600,2387,2,14,63,79,1.2278481012658229,0.0538952278235385,667,"Can't put my finger on it, Doctor, but coming here always gives me a warm and fuzzy feeling."
567,2387,2,14,63,79,1.2278481012658229,0.0538952278235385,667,What do you mean 'Sometimes a couch is just a couch?' What couch
491,2387,3,12,64,79,1.2278481012658229,0.05682662691885053,667,Were you a long-haired student when you bought this?
391,2387,1,16,62,79,1.2278481012658229,0.050794937122985086,667,Sometimes I feel trapped.
305,2387,1,16,62,79,1.2278481012658229,0.050794937122985086,667,"Well, I feel as though I'm being eaten alive."
279,2387,6,6,67,79,1.2278481012658229,0.06483035833190771,667,Not much to smile about since Bob Mankoff  is no longer cartoon editor at THE NEWYORKER
254,2387,2,14,63,79,1.2278481012658229,0.0538952278235385,667,"This isn't just lip service, is it?"
183,2387,3,12,64,79,1.2278481012658229,0.05682662691885053,667,"And she said ""read my lips! No new faxes."""
2173,2387,3,12,64,79,1.2278481012658229,0.05682662691885053,667,"Excuse me, I thought this was the casting couch."
110,2387,3,12,64,79,1.2278481012658229,0.05682662691885053,667,I’m a big Stones fan.
101,2387,3,12,64,79,1.2278481012658229,0.05682662691885053,667,"Tulips? No, I wasn't thinking about tulips. Why do you ask?"
98,2387,4,10,65,79,1.2278481012658229,0.059614054314375706,667,Are you sure The Rolling Stones therapy is right for me?
50,2387,2,14,63,79,1.2278481012658229,0.0538952278235385,667,"Doc, to be honest, I only came here to lay on your red couch."
33,2387,5,8,66,79,1.2278481012658229,0.062276844947544076,667,From your lips to God's ear.
1071,2387,2,14,63,79,1.2278481012658229,0.0538952278235385,667,"""Well, it's always been from her lips to God's ear."
1103,2387,2,14,63,79,1.2278481012658229,0.0538952278235385,667,"Well, it's as if I'm about to be devoured..."
125,2387,2,14,63,79,1.2278481012658229,0.0538952278235385,667,"Don't tell me you're one of those real therapists who keeps notes."""
1144,2387,3,12,64,79,1.2278481012658229,0.05682662691885053,667,"Doc,what's black and white and red all over?"
1118,2387,3,12,64,79,1.2278481012658229,0.05682662691885053,667,I think you are just paying lip service to my condition.
2119,2387,2,14,63,79,1.2278481012658229,0.0538952278235385,667,I feel I’m stuck in the ‘70s.
2063,2387,4,10,65,79,1.2278481012658229,0.059614054314375706,667,... and the hallucinations have me believing you give a damn.
2057,2387,4,10,65,79,1.2278481012658229,0.059614054314375706,667,“I love being smack dab in the lips of luxury.”
2024,2387,3,12,64,79,1.2278481012658229,0.05682662691885053,667,Does the lip service come with a massage function?
1766,2387,3,12,64,79,1.2278481012658229,0.05682662691885053,667,I miss Hotlips
1612,2387,2,14,63,79,1.2278481012658229,0.0538952278235385,667,I keep having nightmares about being swallowed.
1578,2387,4,10,65,79,1.2278481012658229,0.059614054314375706,667,I have this recurring dream of being kissed by my mommy.
1535,2387,2,14,63,79,1.2278481012658229,0.0538952278235385,667,Red is my color
1533,2387,5,8,66,79,1.2278481012658229,0.062276844947544076,667,I'm feeling an irresistible urge to kiss your knees.
1901,2387,2,14,63,79,1.2278481012658229,0.0538952278235385,667,"That's right, persistent obsession with Rocky Horror."
1527,2387,3,12,64,79,1.2278481012658229,0.05682662691885053,667,"Hey, Doc! Kissy, Kissy!"
1293,2387,1,16,62,79,1.2278481012658229,0.050794937122985086,667,Are you sure this is ok for someone with an oral fixation?
1383,2387,1,16,62,79,1.2278481012658229,0.050794937122985086,667,You need a red chair.
1392,2387,1,16,62,79,1.2278481012658229,0.050794937122985086,667,I just can’t stop this feeling of sexual inadequacy.....
1285,2387,1,16,62,79,1.2278481012658229,0.050794937122985086,667,I think I am going to have trouble opening up about my ex-wife.
1491,2387,3,12,64,79,1.2278481012658229,0.05682662691885053,667,"Hmm...I’m not sure a therapist should advertise, but if you’re going to do it, I guess “You’ll get more than just lip service from Dr. Ken”  is as good a tag-line as any."
1513,2387,3,12,64,79,1.2278481012658229,0.05682662691885053,667,I feel a deep connection to Mick Jagger.
1502,2387,3,12,64,79,1.2278481012658229,0.05682662691885053,667,"Whenever I'm here, I keep thinking of old Rolling Stones album covers..."
2896,2503,3,14,71,88,1.2272727272727273,0.0529369233082146,667,"Pretending you're asleep is not part of your therapy,
Mr. Johnson."
4439,2504,3,11,61,75,1.2266666666666666,0.05873542244548726,667,"Your lips tell me ""yes, yes""  but there's ""no, no""  in your eyes."
3089,2505,4,11,69,84,1.2261904761904763,0.057063317179970284,667,"Did you write down that my problem began when my wife saw the lipstick on my collar, and that I can’t seem to forget that image?"
5923,2506,2,14,64,80,1.225,0.0532934318037197,667,"Doc, don’t write that down, it was a Freudian slip"
5890,2506,3,12,65,80,1.225,0.056184033048725275,667,I seem stuck in a Freudian oral stage.
5880,2506,3,12,65,80,1.225,0.056184033048725275,667,So your diagnosis is red carpet psychosis?”
5824,2506,1,16,63,80,1.225,0.050236781119167954,667,So what I;m really paying you for is lip service?
5946,2506,3,12,65,80,1.225,0.056184033048725275,667,I feel so inadequate.
6100,2506,2,14,64,80,1.225,0.0532934318037197,667,"I don't understand, Doc.  It feels like Valentine's Day every time I come in here."
3572,2506,2,14,64,80,1.225,0.0532934318037197,667,It's time for you to kiss and tell.
3758,2506,1,16,63,80,1.225,0.050236781119167954,667,I have this reoccurring dream of a disembodied mouth  wearing red lipstick  swallowing me.
3728,2506,2,14,64,80,1.225,0.0532934318037197,667,This wasn't my idea of sex therapy.
2551,2506,3,12,65,80,1.225,0.056184033048725275,667,"And that's when she stuffed the Pomeranian and a Twinkie in her bag, screamed ""I hope your mother gets home soon!"" and left."
3513,2506,4,10,66,80,1.225,0.05893302355914539,667,Did Mick Jagger really used to own this couch?
3241,2506,2,14,64,80,1.225,0.0532934318037197,667,Feels strangely familiar
2620,2506,4,10,66,80,1.225,0.05893302355914539,667,"Doc, I fell like life and chewed me up and spit me out."
1904,2506,2,14,64,80,1.225,0.0532934318037197,667,"Before we start, I need to know...Are your lips sealed?"
2586,2506,3,12,65,80,1.225,0.056184033048725275,667,Sometimes I feel like I'm on a Rolling Stones album cover.
3792,2506,4,10,66,80,1.225,0.05893302355914539,667,And I don't even own a white shirt!
5764,2506,3,12,65,80,1.225,0.056184033048725275,667,This couch is the only pace I feel loved.
5038,2506,0,18,62,80,1.225,0.04698168239870363,667,My mother had a couch like this.
5610,2506,4,10,66,80,1.225,0.05893302355914539,667,My wife used to be mad at me for never noticing her lipstick
4141,2506,1,16,63,80,1.225,0.050236781119167954,667,"I've always been thin-skinned but now I'm feeling thin-lipped, too."
4033,2506,0,18,62,80,1.225,0.04698168239870363,667,I thought I was supposed to speak from the heart.
4372,2506,4,10,66,80,1.225,0.05893302355914539,667,"My wife doesn't let me put my shoes on our sofa. 
Thank you doctor, I'm feeling better already."
4606,2506,5,8,67,80,1.225,0.06155937753117162,667,I  have this  recurrent dream that I am being kissed and swallowed
1728,2506,2,14,64,80,1.225,0.0532934318037197,667,Did I tell you that my mother loved Dolly Parton?
4685,2506,4,10,66,80,1.225,0.05893302355914539,667,"I went to Harvard too, but I still can't figure out my cell phone."
4010,2506,3,12,65,80,1.225,0.056184033048725275,667,I have this dream over and over that you are not actually my analyst but a botox salesman.
4822,2506,2,14,64,80,1.225,0.0532934318037197,667,"Ok but-- today-- for ME---It's just a couch, right?"
5701,2506,2,14,64,80,1.225,0.0532934318037197,667,Is this because of my mommy issues?
4880,2506,3,12,65,80,1.225,0.056184033048725275,667,You Freudians make everything about sex
5007,2506,2,14,64,80,1.225,0.0532934318037197,667,"Though it’s contrary to my outward appearance, I often imagine myself as the tongue in The Rolling Stones ‘lips’ logo"
5071,2506,2,14,64,80,1.225,0.0532934318037197,667,Why do I feel it’s always lip service with you?
5167,2506,3,12,65,80,1.225,0.056184033048725275,667,And how did sitting on a giant red lip make you feel exactly?
5217,2506,2,14,64,80,1.225,0.0532934318037197,667,"But doc, can you really say one of my symptoms is paranoia when you have my lying in a lips sofa and this caption contest number is the name of the antichrist."
5364,2506,2,14,64,80,1.225,0.0532934318037197,667,I feel like I'm being swallowed by my emotions.
5391,2506,3,12,65,80,1.225,0.056184033048725275,667,I've recently discovered that the world 's not black and white.
5393,2506,5,8,67,80,1.225,0.06155937753117162,667,"I have heard of a love seat before, but never a love couch."
5517,2506,1,16,63,80,1.225,0.050236781119167954,667,"I swear, there's got to be a mother reason for these nightmares"
4884,2506,5,8,67,80,1.225,0.06155937753117162,667,Is there an additional fee for the lip service?
1650,2506,2,14,64,80,1.225,0.0532934318037197,667,"Silk boxers or briefs?"""
2790,2506,3,12,65,80,1.225,0.056184033048725275,667,The color makes me feel safe; it's the same shase as my mother's favorite lipstik.
1558,2506,5,8,67,80,1.225,0.06155937753117162,667,"I'm definitely not gay, but every time I'm here I get horny!"
1541,2506,4,10,66,80,1.225,0.05893302355914539,667,I don't know. Is it supposed to remind me of my mother kissing me?
1478,2506,2,14,64,80,1.225,0.0532934318037197,667,I've been having the strangest dreams about Mick Jagger.
1411,2506,4,10,66,80,1.225,0.05893302355914539,667,Out of the mouth of babes...
1283,2506,2,14,64,80,1.225,0.0532934318037197,667,"I'm embarrassed, I didn't want her to find out but she red my lips"
1601,2506,2,14,64,80,1.225,0.0532934318037197,667,So I guess this is what you call a Freudian''s lip?
1125,2506,3,12,65,80,1.225,0.056184033048725275,667,"Come to think of it, I haven’t been myself since I lost that stick of chapstick years ago..."
1099,2506,3,12,65,80,1.225,0.056184033048725275,667,These lips are chapped.
872,2506,2,14,64,80,1.225,0.0532934318037197,667,"I knew you usually meet with couples, but your couch is just so comfortable."
235,2506,2,14,64,80,1.225,0.0532934318037197,667,Sometimes I feel like you’re just paying me lip service
565,2506,3,12,65,80,1.225,0.056184033048725275,667,"I'm either being swallowed by Mom or having a paranormal encounter with my collective unconscious...Freud or Jung,  you're the doc, take your pick."
2492,2557,3,11,62,76,1.2236842105263157,0.058034122480782775,667,Seriously? You expect a house call to give you new insights?
429,2558,1,17,67,85,1.223529411764706,0.048439140215612964,667,"Sometimes a couch is not just a couch, Doc."
645,2559,2,14,65,81,1.2222222222222223,0.05270462766947299,667,"Kiss me, and I'll tell you everything."
4900,2559,5,8,68,81,1.2222222222222223,0.06085806194501846,667,"I'm doing much better, Doc. Before we started meeting, I didn't want to ever leave the couch."
1707,2559,1,16,64,81,1.2222222222222223,0.049690399499995326,667,"I know NY rent isn’t cheap, but do you really have to share an office with a brothel?"
4279,2559,2,14,65,81,1.2222222222222223,0.05270462766947299,667,What's my problem? Everything is red lips.
3594,2559,1,16,64,81,1.2222222222222223,0.049690399499995326,667,"So I said to the genie, ""You can kiss my ass."""
3503,2559,4,10,67,81,1.2222222222222223,0.05826715823167509,667,I have a love seat instead of a couch.  I think it better reflects the atmosphere I want to project.
245,2559,3,12,66,81,1.2222222222222223,0.05555555555555555,667,Are you knitting?
465,2559,1,16,64,81,1.2222222222222223,0.049690399499995326,667,"Doctor, I'm really having a hard time overcoming my oral fixation."
471,2559,2,14,65,81,1.2222222222222223,0.05270462766947299,667,What's with the turtleneck?
480,2559,4,10,67,81,1.2222222222222223,0.05826715823167509,667,"Are you ready to switch chairs, yet?"
3330,2559,3,12,66,81,1.2222222222222223,0.05555555555555555,667,...but Mick Jagger rejected me.
1726,2559,2,14,65,81,1.2222222222222223,0.05270462766947299,667,"Since I have been coming to see you, I have been repeatedly dreaming  about Mick Jagger"
2047,2559,3,12,66,81,1.2222222222222223,0.05555555555555555,667,I'll ask the questions.
2058,2559,2,14,65,81,1.2222222222222223,0.05270462766947299,667,I’m afraid of being swallowed if I get too close to her.
2311,2559,3,12,66,81,1.2222222222222223,0.05555555555555555,667,"Ohh Charles, I thought it was my turn to play the Psychiatrist..."
2474,2559,2,14,65,81,1.2222222222222223,0.05270462766947299,667,":Does this mean that my neuroses are just getting lip service?"""
2718,2559,3,12,66,81,1.2222222222222223,0.05555555555555555,667,I think I may be stuck in the oral phase a long time.
2742,2559,4,10,67,81,1.2222222222222223,0.05826715823167509,667,What's my favorite flower?
2848,2559,3,12,66,81,1.2222222222222223,0.05555555555555555,667,It's hard to focus while I'm being kissed.
5108,2559,1,16,64,81,1.2222222222222223,0.049690399499995326,667,"You're not just giving me lip service, are you Doctor?"
3002,2559,3,12,66,81,1.2222222222222223,0.05555555555555555,667,I feel like I've paid to be on this couch before...
5535,2559,3,12,66,81,1.2222222222222223,0.05555555555555555,667,I prefer this couch to the anal phase bean bag
5672,2559,4,10,67,81,1.2222222222222223,0.05826715823167509,667,How much do you charge the couch when it starts talking?
5662,2559,3,12,66,81,1.2222222222222223,0.05555555555555555,667,"Need help spelling 'Scylla and Charybdis'"""
3288,2559,3,12,66,81,1.2222222222222223,0.05555555555555555,667,When was the last time you Chap-Sticked this couch?
4672,2584,2,15,69,86,1.2209302325581395,0.05071624554750068,667,I'm afraid the Mick Jagger dreams keep coming doctor.
3706,2584,1,17,68,86,1.2209302325581395,0.04794308866997278,667,It does help me remember my first kiss. It was not as comfortable and as colorful.
3359,2584,1,17,68,86,1.2209302325581395,0.04794308866997278,667,"Doc......I feel all I'm getting is ""Lip Service"""
3140,2584,2,15,69,86,1.2209302325581395,0.05071624554750068,667,My wife wonders why I always have lipstick on my collar.
3194,2584,4,11,71,86,1.2209302325581395,0.05585099090320066,667,This couch - from the Loretta Switt collection
5030,2584,5,9,72,86,1.2209302325581395,0.05824887120010922,667,And you really think this will help me get over my Cheilophobia?
1437,2590,3,11,63,77,1.2207792207792207,0.057349096534596404,667,I’m oral.
1452,2590,3,11,63,77,1.2207792207792207,0.057349096534596404,667,"I misunderstood your radio ad. I thought it said Lack of Love Counseling, not Lap."
1593,2590,2,13,62,77,1.2207792207792207,0.05428770923216617,667,"I can't do this anymore, you're weirding me out ... is that curable?"
1829,2590,2,13,62,77,1.2207792207792207,0.05428770923216617,667,"Maybe so, doc, but is it possible that you are the one with the mommy issues?"
2182,2590,3,11,63,77,1.2207792207792207,0.057349096534596404,667,Nice couch.  Have fun with it when no one is here?
3117,2590,3,11,63,77,1.2207792207792207,0.057349096534596404,667,"Sometimes, I can't help feeling moist."
2319,2590,1,15,61,77,1.2207792207792207,0.05104303942770242,667,"Strange, every session I begin fantasizing about oral sex."
2713,2590,3,11,63,77,1.2207792207792207,0.057349096534596404,667,"You see me as more than just a sex object, don't you?"
2909,2590,2,13,62,77,1.2207792207792207,0.05428770923216617,667,"Look, Doc, the ""LIPS ARE SEALED"" motif is wonderfully comforting but could you talk to me?"
2999,2590,3,11,63,77,1.2207792207792207,0.057349096534596404,667,Some days I feel like a cold sore.
3070,2590,2,13,62,77,1.2207792207792207,0.05428770923216617,667,"Are you writing down my Freudian lips, er, slips?"
2275,2590,2,13,62,77,1.2207792207792207,0.05428770923216617,667,"I’m sorry that I had to bring my sofa from home, but your sofa didn’t fit my style."
2419,2590,2,13,62,77,1.2207792207792207,0.05428770923216617,667,you people
5795,2590,2,13,62,77,1.2207792207792207,0.05428770923216617,667,Did I mention my Oedipal complex ?
973,2590,4,9,64,77,1.2207792207792207,0.06025514395462593,667,The color red makes me angry.
5626,2590,4,9,64,77,1.2207792207792207,0.06025514395462593,667,"And you think I'm the Freudian one"""
5621,2590,3,11,63,77,1.2207792207792207,0.057349096534596404,667,I see a paper cup and two straws.
5597,2590,1,15,61,77,1.2207792207792207,0.05104303942770242,667,"My brain keeps saying “Marilyn Monroe, Marilyn Monroe..."
5553,2590,2,13,62,77,1.2207792207792207,0.05428770923216617,667,Once I land on this couch I feel free to discuss all my erotic fantasies.
5537,2590,2,13,62,77,1.2207792207792207,0.05428770923216617,667,I feel ... wherever I go ... she devours me ...
5523,2590,1,15,61,77,1.2207792207792207,0.05104303942770242,667,"I don't need your lip service, Doc."
5418,2590,3,11,63,77,1.2207792207792207,0.057349096534596404,667,Kiss my ass.
5200,2590,1,15,61,77,1.2207792207792207,0.05104303942770242,667,Would it screw up the whole session if I put my head at the other end
5179,2590,2,13,62,77,1.2207792207792207,0.05428770923216617,667,"What do you mean; read my sofa,
 no more new phobias ?"
4872,2590,4,9,64,77,1.2207792207792207,0.06025514395462593,667,"Just out of curiosity, where do you keep the couch for the 'anal stage'?"
4839,2590,3,11,63,77,1.2207792207792207,0.057349096534596404,667,I would be more comfortable talking to you if you offer me a drink first before I lie down.
4669,2590,3,11,63,77,1.2207792207792207,0.057349096534596404,667,"Everywhere I go, I see her luscious full lips. Am I crazy or do see them too?"
4644,2590,3,11,63,77,1.2207792207792207,0.057349096534596404,667,I don't like that we're Cartoon Contest #666.
4368,2590,1,15,61,77,1.2207792207792207,0.05104303942770242,667,Every time I come here I find myself preoccupied with my relationship with my mother.
3767,2590,2,13,62,77,1.2207792207792207,0.05428770923216617,667,I'm torn -- was it the Kiss of Death?  Or just a kiss-off?
3742,2590,4,9,64,77,1.2207792207792207,0.06025514395462593,667,"I told her not to give me lip, and now this couch is all she left me."
3732,2590,5,7,65,77,1.2207792207792207,0.06302734226231446,667,Now I feel like a uvula!
6212,2590,1,15,61,77,1.2207792207792207,0.05104303942770242,667,"Sir, this really goes beyond my training as a plastic surgeon.."
3624,2590,2,13,62,77,1.2207792207792207,0.05428770923216617,667,This is the closest I’ve been to a woman’s lips in over a year.
3458,2590,1,15,61,77,1.2207792207792207,0.05104303942770242,667,..”and I thought I had an oral fixation!”
3432,2590,3,11,63,77,1.2207792207792207,0.057349096534596404,667,My problem is that I tend to see things in black and white
5819,2590,3,11,63,77,1.2207792207792207,0.057349096534596404,667,"Doctor, I think you have some confirmation bias."
947,2590,0,17,60,77,1.2207792207792207,0.0475776037055225,667,My lips say one thing but mean a mother.
3718,2590,1,15,61,77,1.2207792207792207,0.05104303942770242,667,"Ok Doc, tell me again about this oral fixation theory."
882,2590,4,9,64,77,1.2207792207792207,0.06025514395462593,667,Freudian Lips
887,2590,1,15,61,77,1.2207792207792207,0.05104303942770242,667,It's been eating me up
84,2590,2,13,62,77,1.2207792207792207,0.05428770923216617,667,Could we switch seats? This couch reminds me of my mother.
89,2590,2,13,62,77,1.2207792207792207,0.05428770923216617,667,I'm literally being eaten alive.
273,2590,4,9,64,77,1.2207792207792207,0.06025514395462593,667,I hate the color red and feel weird around turtle neck shirts !  But I always better after I leave !
401,2590,2,13,62,77,1.2207792207792207,0.05428770923216617,667,Do you happen to have any floss?
410,2590,2,13,62,77,1.2207792207792207,0.05428770923216617,667,Sometimes I feel you're just giving my lip service.
499,2590,1,15,61,77,1.2207792207792207,0.05104303942770242,667,Sometimes a kiss is just a kiss.
28,2590,3,11,63,77,1.2207792207792207,0.057349096534596404,667,Somehow I always feel like a potato during these sessions.
534,2590,2,13,62,77,1.2207792207792207,0.05428770923216617,667,Now I've got lipstick on my collar AND all over the back of my suit.
662,2590,0,17,60,77,1.2207792207792207,0.0475776037055225,667,Is that whole thing I just mentioned about lip service too on the nose?
709,2590,2,13,62,77,1.2207792207792207,0.05428770923216617,667,"I can’t account for it, but ever since I’ve been in psychoanalysis, I have developed a strange fascination for Mick Jagger."
822,2590,3,11,63,77,1.2207792207792207,0.057349096534596404,667,I’m just thinking about a cigar.
860,2590,2,13,62,77,1.2207792207792207,0.05428770923216617,667,"I actually don't have any problems, I'm just hear because I heard that you have the most comfortable couch."
863,2590,2,13,62,77,1.2207792207792207,0.05428770923216617,667,Do you think that maybe we should change places?
508,2590,2,13,62,77,1.2207792207792207,0.05428770923216617,667,I feel like I've been chewed up and spit out.
2748,2645,2,15,70,87,1.2183908045977012,0.05019418948109651,667,I have the overwhelming feeling that I'm about to be enveloped by a enormous tongue.
3160,2645,1,17,69,87,1.2183908045977012,0.0474568061641561,667,You mean there's more to life than shades of grey.
5462,2645,3,13,71,87,1.2183908045977012,0.052789817806336056,667,I should have known that loose lips sink......
4705,2645,3,13,71,87,1.2183908045977012,0.052789817806336056,667,Let me get this straight - I can choose whether you address me as 'Doll Baby' or 'Sugar Tits'?
4342,2649,4,9,65,78,1.2179487179487178,0.059544938487211936,667,You really think this will help my oral fixation?
4339,2649,2,13,63,78,1.2179487179487178,0.05366189554465242,667,Does this come in any other color?
4270,2649,2,13,63,78,1.2179487179487178,0.05366189554465242,667,"I'm glad we're talking about my obsession with ""Rocky Horror Picture Show"" now.  The ""Jaws"" couch was not comfortable at all."
4265,2649,4,9,65,78,1.2179487179487178,0.059544938487211936,667,"The name is 'Herb Lipshitz' ...and yes, I'll pay to have it cleaned."
4238,2649,3,11,64,78,1.2179487179487178,0.05667979681019967,667,I just don't feel vivid.
4165,2649,3,11,64,78,1.2179487179487178,0.05667979681019967,667,"OK,I  get it.  You are sick and tired of my paying lip service to your interpretations."
4164,2649,3,11,64,78,1.2179487179487178,0.05667979681019967,667,"So, what IS an Oedipus complex?"
4352,2649,2,13,63,78,1.2179487179487178,0.05366189554465242,667,I always feel like everyone is trying to give me the big kiss off!
4288,2649,0,17,61,78,1.2179487179487178,0.04704889337109345,667,When did you start piping in The Rolling Stones music ?
4405,2649,1,15,62,78,1.2179487179487178,0.05046383557008775,667,Enough of your lip.
4561,2649,1,15,62,78,1.2179487179487178,0.05046383557008775,667,I liked the armchair and the footstool better.
4442,2649,2,13,63,78,1.2179487179487178,0.05366189554465242,667,I keep having dreams where I'm just a giant chapstick.
4514,2649,2,13,63,78,1.2179487179487178,0.05366189554465242,667,"Doc- Seriously don't need this kiss, but could sure use a big hug."
4539,2649,1,15,62,78,1.2179487179487178,0.05046383557008775,667,I have this recurring dream that Mick Jagger is about to swallow me...
4550,2649,1,15,62,78,1.2179487179487178,0.05046383557008775,667,"I have this recurring dream: I'm on a beach, my psychiatrist is out in the water, waving his arms--drowning--and I'm waving back, laughing hysterically.  Do you see a problem?"
4160,2649,1,15,62,78,1.2179487179487178,0.05046383557008775,667,Every time I come here doc I feel like I am about to be swallowed whole.
4567,2649,2,13,63,78,1.2179487179487178,0.05366189554465242,667,I'm reassured by my proximity to the oral cavity
4586,2649,2,13,63,78,1.2179487179487178,0.05366189554465242,667,Yes. A lot of my referrals are from word of mouth.
4604,2649,2,13,63,78,1.2179487179487178,0.05366189554465242,667,"Come to think of it, I do feel more connection with Dalí here."
4628,2649,2,13,63,78,1.2179487179487178,0.05366189554465242,667,I’m obsessed with ankles; they’re everywhere I look.
4679,2649,1,15,62,78,1.2179487179487178,0.05046383557008775,667,Botox?
4441,2649,2,13,63,78,1.2179487179487178,0.05366189554465242,667,I can't escape this feeling that I'm trapped in a Dali painting!
4150,2649,2,13,63,78,1.2179487179487178,0.05366189554465242,667,Sometimes I feel like this city is trying to swallow me alive.
3945,2649,2,13,63,78,1.2179487179487178,0.05366189554465242,667,i feel like the couch is already helping with my fear of getting eaten by my aunt Lydia
4073,2649,1,15,62,78,1.2179487179487178,0.05046383557008775,667,"Further, I detest your pencil's carbon trail."
6215,2649,2,13,63,78,1.2179487179487178,0.05366189554465242,667,"Jerry, I don’t kiss and tell"
3349,2649,1,15,62,78,1.2179487179487178,0.05046383557008775,667,I know I said I was over my cheilophobia
3369,2649,1,15,62,78,1.2179487179487178,0.05046383557008775,667,"“Would it be weird if I gave you a big wet kiss?"""
3419,2649,2,13,63,78,1.2179487179487178,0.05366189554465242,667,"After every session, I feel like I've been chewed up and spat out."
3469,2649,2,13,63,78,1.2179487179487178,0.05366189554465242,667,and that's when I realized a kiss is just a kiss...
3582,2649,2,13,63,78,1.2179487179487178,0.05366189554465242,667,Now let’s discuss when your phagophobia began
3726,2649,1,15,62,78,1.2179487179487178,0.05046383557008775,667,Mae West has been appearing in my dreams lately. No idea why.
3736,2649,2,13,63,78,1.2179487179487178,0.05366189554465242,667,"We left off last week's session discussing thought suppression and mother's lipstick."""
3745,2649,2,13,63,78,1.2179487179487178,0.05366189554465242,667,"I don't know Doc, but why when I leave your office do I feel so down in the mouth."
3762,2649,2,13,63,78,1.2179487179487178,0.05366189554465242,667,If I stop pouting can I have my old couch back?
4100,2649,3,11,64,78,1.2179487179487178,0.05667979681019967,667,So about this oral fixation thing.....
3764,2649,3,11,64,78,1.2179487179487178,0.05667979681019967,667,Doc I've been down in the mouth lately.
3838,2649,3,11,64,78,1.2179487179487178,0.05667979681019967,667,"Well Doctor, I saw her today at the reception with a glass of wine in her hand and 
I knew she was gonna meet her connection because at her feet was a footloose man."
3894,2649,2,13,63,78,1.2179487179487178,0.05366189554465242,667,"I'm not sure the word for my feelings, but it's on the tip of my tongue...."
3926,2649,1,15,62,78,1.2179487179487178,0.05046383557008775,667,Seem to be feeling a little down in the mouth today?
4733,2649,2,13,63,78,1.2179487179487178,0.05366189554465242,667,"I know its irrational, but could it be that I'm kissophobic?"
3973,2649,2,13,63,78,1.2179487179487178,0.05366189554465242,667,"Doctor, I am getting really tired of everyone telling me that I only see the world in black and white."
3983,2649,1,15,62,78,1.2179487179487178,0.05046383557008775,667,The problem is on the tip of the tongue.
4009,2649,2,13,63,78,1.2179487179487178,0.05366189554465242,667,It all began in a candy store when I was a kid.
4029,2649,4,9,65,78,1.2179487179487178,0.059544938487211936,667,My mother’s favorite lipstick was this shade of red.
4049,2649,4,9,65,78,1.2179487179487178,0.059544938487211936,667,I feel as if I’m in a coffin.
4057,2649,1,15,62,78,1.2179487179487178,0.05046383557008775,667,I still don't see how this alleviates my oral fixation.
3783,2649,1,15,62,78,1.2179487179487178,0.05046383557008775,667,I crave moisturizer.
4744,2649,3,11,64,78,1.2179487179487178,0.05667979681019967,667,I always felt unloved....until now
4989,2649,3,11,64,78,1.2179487179487178,0.05667979681019967,667,I just have this uneasy feeling you are trying to kiss my...
4771,2649,2,13,63,78,1.2179487179487178,0.05366189554465242,667,So that prescription will cure my obsession with red couches?
5435,2649,4,9,65,78,1.2179487179487178,0.059544938487211936,667,I have the same couch in blue.
3249,2649,4,9,65,78,1.2179487179487178,0.059544938487211936,667,I had that Rocky Horror dream again.
5586,2649,4,9,65,78,1.2179487179487178,0.059544938487211936,667,"Thank you for the lip service, doc."
5612,2649,1,15,62,78,1.2179487179487178,0.05046383557008775,667,Why is it always a kiss and tell?
5620,2649,2,13,63,78,1.2179487179487178,0.05366189554465242,667,What is black and white and Freud all over?
5631,2649,2,13,63,78,1.2179487179487178,0.05366189554465242,667,"I feel your pain, now I have my chair back?"
5668,2649,4,9,65,78,1.2179487179487178,0.059544938487211936,667,What`s Mick doing without these?
5710,2649,3,11,64,78,1.2179487179487178,0.05667979681019967,667,"Yes, my insurance covers lip service."
5718,2649,3,11,64,78,1.2179487179487178,0.05667979681019967,667,Somehow I have come to feel like I am just an amuse bouche
5765,2649,2,13,63,78,1.2179487179487178,0.05366189554465242,667,Do I pay extra for the tongue that's licking my butt?
5782,2649,3,11,64,78,1.2179487179487178,0.05667979681019967,667,Are you getting all this?
5816,2649,1,15,62,78,1.2179487179487178,0.05046383557008775,667,"Only on your couch, doctor, do I feel loved for real."
5852,2649,2,13,63,78,1.2179487179487178,0.05366189554465242,667,"But enough lip service, tell me how you really feel..."
5878,2649,3,11,64,78,1.2179487179487178,0.05667979681019967,667,"I love myself way more than I love you, and I think about killing myself.  So, best believe, I thought about killing you today."
5483,2649,2,13,63,78,1.2179487179487178,0.05366189554465242,667,Thank's Doc...... for listening to me with my big mouth.
5941,2649,3,11,64,78,1.2179487179487178,0.05667979681019967,667,Feeling down in the mouth?
5962,2649,2,13,63,78,1.2179487179487178,0.05366189554465242,667,I keep having a fantasy  that I’m lying in a bed of two lips.
6063,2649,4,9,65,78,1.2179487179487178,0.059544938487211936,667,"Doctor, tell me, what does the couch you use for the anally retentive look like?"
6111,2649,2,13,63,78,1.2179487179487178,0.05366189554465242,667,I fear these sessions are simply......lip service.
6140,2649,3,11,64,78,1.2179487179487178,0.05667979681019967,667,Am I getting better or just paying for lip service?
6162,2649,3,11,64,78,1.2179487179487178,0.05667979681019967,667,So what event triggered this idea that the world will swallow you whole
5397,2649,2,13,63,78,1.2179487179487178,0.05366189554465242,667,"My mom says I have an oral fixation. What do you think, doc?"
5386,2649,2,13,63,78,1.2179487179487178,0.05366189554465242,667,"Is this your idea of a joke, Doc.?Just because last week I said I was feeling down in the mouth."
5370,2649,0,17,61,78,1.2179487179487178,0.04704889337109345,667,She said I was like a bad taste in her mouth.
5350,2649,2,13,63,78,1.2179487179487178,0.05366189554465242,667,"Whenever I come here, I have that tip-of-the-tongue feeling."
4778,2649,1,15,62,78,1.2179487179487178,0.05046383557008775,667,Everything is sexual.
4819,2649,3,11,64,78,1.2179487179487178,0.05667979681019967,667,It was a better fit in our old dorm.
4825,2649,2,13,63,78,1.2179487179487178,0.05366189554465242,667,Is your hourly rate the same after dark?
4843,2649,2,13,63,78,1.2179487179487178,0.05366189554465242,667,I feel that all I receive from the world is lip service.
4877,2649,1,15,62,78,1.2179487179487178,0.05046383557008775,667,Please don't write that down...I didn't mean to say it.
4911,2649,1,15,62,78,1.2179487179487178,0.05046383557008775,667,She keeps accusing me of putting words in her mouth.
4963,2649,4,9,65,78,1.2179487179487178,0.059544938487211936,667,"Her name was Angie, and we were like Wild Horses together."
5027,2649,2,13,63,78,1.2179487179487178,0.05366189554465242,667,"I keep wanting to tell people ""kiss my ass"""
5105,2649,2,13,63,78,1.2179487179487178,0.05366189554465242,667,Doctor very week I wonder about your obvious oral fixation...
5116,2649,3,11,64,78,1.2179487179487178,0.05667979681019967,667,I can't help thinking your just giving me lip service.
4770,2649,2,13,63,78,1.2179487179487178,0.05366189554465242,667,I have this recurring nightmare I'm being eaten alive!
5144,2649,2,13,63,78,1.2179487179487178,0.05366189554465242,667,Well kiss my ass!
5168,2649,1,15,62,78,1.2179487179487178,0.05046383557008775,667,"Oddly, it only eats at me when I’m here."
5225,2649,1,15,62,78,1.2179487179487178,0.05046383557008775,667,"Therapeutic seating, I get it.. but my phobia concerns Tulips."
5241,2649,3,11,64,78,1.2179487179487178,0.05667979681019967,667,I didn’t’t know there was a shrink in senate chambers.
5249,2649,0,17,61,78,1.2179487179487178,0.04704889337109345,667,I have an uncanny urge to gloss over my past.
5271,2649,4,9,65,78,1.2179487179487178,0.059544938487211936,667,I dream that I am being eaten by Mick Jaggar!
5291,2649,2,13,63,78,1.2179487179487178,0.05366189554465242,667,"You can put lipstick on it, Doc, but you can't make it whistle."
5306,2649,2,13,63,78,1.2179487179487178,0.05366189554465242,667,"I said I'm obsessed with women's hips."""
5330,2649,2,13,63,78,1.2179487179487178,0.05366189554465242,667,I thought when she said cheat day she was talking about her diet
5341,2649,4,9,65,78,1.2179487179487178,0.059544938487211936,667,I didn't come here for lust!
5346,2649,3,11,64,78,1.2179487179487178,0.05667979681019967,667,I hope you're giving more than lip service here.
5163,2649,3,11,64,78,1.2179487179487178,0.05667979681019967,667,I do love her but the smell of her lipstick makes me think of Mommy...
3242,2649,3,11,64,78,1.2179487179487178,0.05667979681019967,667,You ever have the feeling you've been chewed up and spat out?
3313,2649,1,15,62,78,1.2179487179487178,0.05046383557008775,667,...and all I ever get is lip service.
3168,2649,3,11,64,78,1.2179487179487178,0.05667979681019967,667,I`ve noticed that I am making much better progress on my wife problem than on my mother problem.
714,2649,3,11,64,78,1.2179487179487178,0.05667979681019967,667,I can't help but feel you're biased toward a Freudian approach.
728,2649,4,9,65,78,1.2179487179487178,0.059544938487211936,667,I have this persistent dream of being consumed by my mother...
732,2649,3,11,64,78,1.2179487179487178,0.05667979681019967,667,Does the Love seat remind you of anything?
739,2649,2,13,63,78,1.2179487179487178,0.05366189554465242,667,"I know it sounds crazy, doc, but somehow you remind me of Mick Jagger."
764,2649,4,9,65,78,1.2179487179487178,0.059544938487211936,667,"Watcha got there, Doc?"
778,2649,2,13,63,78,1.2179487179487178,0.05366189554465242,667,"Sorry, doc, I don't know why I'm giving you such lip today. I know you're trying to help."
787,2649,2,13,63,78,1.2179487179487178,0.05366189554465242,667,"So, my fear of used dorm furniture had been getting better."
859,2649,5,7,66,78,1.2179487179487178,0.06227840743344507,667,Our new model has a lower lip
862,2649,3,11,64,78,1.2179487179487178,0.05667979681019967,667,Does this shade of upholstery go with my phobia?
880,2649,2,13,63,78,1.2179487179487178,0.05366189554465242,667,"What do you mean, 'Not everything is black and white'?"
961,2649,3,11,64,78,1.2179487179487178,0.05667979681019967,667,"So then he said, ""you have a big mouth."""
986,2649,2,13,63,78,1.2179487179487178,0.05366189554465242,667,That suggestion sounds like the kiss of death
1001,2649,2,13,63,78,1.2179487179487178,0.05366189554465242,667,"I keep giving him signs doc, but the man I love just can't take a hint."
1020,2649,3,11,64,78,1.2179487179487178,0.05667979681019967,667,"I would like, if I may, to take you on a strange journey."
1041,2649,2,13,63,78,1.2179487179487178,0.05366189554465242,667,"Not to get off topic, but was this couch tested on animals?"
1072,2649,2,13,63,78,1.2179487179487178,0.05366189554465242,667,"Sorry, Dr. Williams. Red hot lips always make me sleepy."
1074,2649,2,13,63,78,1.2179487179487178,0.05366189554465242,667,I take it you're part of the Freudian school.
668,2649,2,13,63,78,1.2179487179487178,0.05366189554465242,667,I can't read your lips.
1091,2649,2,13,63,78,1.2179487179487178,0.05366189554465242,667,Do we ALL have mother issues?
663,2649,2,13,63,78,1.2179487179487178,0.05366189554465242,667,Why is everything so Freudian?
467,2649,1,15,62,78,1.2179487179487178,0.05046383557008775,667,How is this supposed to help my fear of kissing?
48,2649,4,9,65,78,1.2179487179487178,0.059544938487211936,667,"Even when I'm winning, I still feel like I'm getting licked."
62,2649,1,15,62,78,1.2179487179487178,0.05046383557008775,667,"It's 1972, I'm 10 years old, and this sofa's sister did things to me."
127,2649,3,11,64,78,1.2179487179487178,0.05667979681019967,667,"Why is your advice always to ""Kiss that one goodbye?"
131,2649,3,11,64,78,1.2179487179487178,0.05667979681019967,667,My kissing fantasies have actually worsened since I started these sessions.
162,2649,4,9,65,78,1.2179487179487178,0.059544938487211936,667,The couch and chair don't match!
176,2649,0,17,61,78,1.2179487179487178,0.04704889337109345,667,"No, I like it.  It reminds me of being depressed in college."
178,2649,2,13,63,78,1.2179487179487178,0.05366189554465242,667,Sometimes I feel just like a rolling stone.
182,2649,2,13,63,78,1.2179487179487178,0.05366189554465242,667,Sometimes I think you're just giving me lip service.
247,2649,2,13,63,78,1.2179487179487178,0.05366189554465242,667,Papa was a rollin' stone...
313,2649,3,11,64,78,1.2179487179487178,0.05667979681019967,667,Whoever wins this contest #666 is going straight to hell.
323,2649,4,9,65,78,1.2179487179487178,0.059544938487211936,667,"Instead of listening you’re just giving
me lip service"
357,2649,2,13,63,78,1.2179487179487178,0.05366189554465242,667,"When she told me to read her lips, I knew it was over..."
364,2649,3,11,64,78,1.2179487179487178,0.05667979681019967,667,I just feel like all anyone can ever offer me is lip service
386,2649,2,13,63,78,1.2179487179487178,0.05366189554465242,667,I have this overwhelming urge to change my name to Mick.
436,2649,1,15,62,78,1.2179487179487178,0.05046383557008775,667,"Is this couch form ""The Love Connection""?"
458,2649,2,13,63,78,1.2179487179487178,0.05366189554465242,667,"I think I dream in color, but I live in black and white."
459,2649,2,13,63,78,1.2179487179487178,0.05366189554465242,667,How do I know that  your lips are sealed?
511,2649,2,13,63,78,1.2179487179487178,0.05366189554465242,667,But I can't stop thinking that I'll end up with lipstick on my collar my wife'll kill me.
1107,2649,2,13,63,78,1.2179487179487178,0.05366189554465242,667,I have this recurring dream where I'm being eaten by Marilyn Monroe.
166,2649,5,7,66,78,1.2179487179487178,0.06227840743344507,667,It feels like my whole life is being put on exhibition.
1256,2649,3,11,64,78,1.2179487179487178,0.05667979681019967,667,"Hey, are you a shrink or a liposuctionist?"
2427,2649,2,13,63,78,1.2179487179487178,0.05366189554465242,667,Somehow I'm triggered as soon as I get here.
2441,2649,4,9,65,78,1.2179487179487178,0.059544938487211936,667,From your lips to my cheeks...
2519,2649,3,11,64,78,1.2179487179487178,0.05667979681019967,667,Red Red Whine
2546,2649,3,11,64,78,1.2179487179487178,0.05667979681019967,667,I'm having reoccurring dreams about Betty Boop.
2611,2649,3,11,64,78,1.2179487179487178,0.05667979681019967,667,From your lips to your ears
2819,2649,2,13,63,78,1.2179487179487178,0.05366189554465242,667,Please don't write down that part about voting for Bernie - that was just a wild fantasy.
2853,2649,5,7,66,78,1.2179487179487178,0.06227840743344507,667,Like many psychoanalysts I feel obliged to pay lip service to Freud.
2286,2649,1,15,62,78,1.2179487179487178,0.05046383557008775,667,Could you stop saying “Put your money where my mouth is.”?
2869,2649,2,13,63,78,1.2179487179487178,0.05366189554465242,667,"I tried getting used to red, but I'm more of a hot pink kinda guy."
2891,2649,2,13,63,78,1.2179487179487178,0.05366189554465242,667,I’m so glad we’ve worked past my anal fixation.
2928,2649,3,11,64,78,1.2179487179487178,0.05667979681019967,667,It's presumptuous of you to presume that I'm a Republican
2940,2649,3,11,64,78,1.2179487179487178,0.05667979681019967,667,Wow you’re right....the hate is just melting away!
3034,2649,1,15,62,78,1.2179487179487178,0.05046383557008775,667,I know I said I have intimacy issues but did you really have to go this far??
3050,2649,4,9,65,78,1.2179487179487178,0.059544938487211936,667,"It all started at the late night, double feature picture show."
3054,2649,0,17,61,78,1.2179487179487178,0.04704889337109345,667,I'd like to ask the couch if it prefers my edible complex with or without mustard.
1193,2649,3,11,64,78,1.2179487179487178,0.05667979681019967,667,"Doc, it just seems that everything reminds me of my mother!"
2881,2649,2,13,63,78,1.2179487179487178,0.05366189554465242,667,I remember feeling smothered by Mother’s kisses.
2267,2649,3,11,64,78,1.2179487179487178,0.05667979681019967,667,"In the dream I kept saying, ""It's not my color!""over and over again."
2968,2649,3,11,64,78,1.2179487179487178,0.05667979681019967,667,I've always found color in a cartoon to be very intimidating.
1257,2649,2,13,63,78,1.2179487179487178,0.05366189554465242,667,"I'm not sure how, but my wife always knows when I've been to therapy."
1273,2649,3,11,64,78,1.2179487179487178,0.05667979681019967,667,I'm more  than   she  can chew.Right.
1388,2649,2,13,63,78,1.2179487179487178,0.05366189554465242,667,"Oh yeah,and the casting couch didn't affect #metoo?"
1555,2649,1,15,62,78,1.2179487179487178,0.05046383557008775,667,Her lips were to die for.
1614,2649,3,11,64,78,1.2179487179487178,0.05667979681019967,667,"Doc, why do I feel you’re giving lip service to my problems?"
1625,2649,2,13,63,78,1.2179487179487178,0.05366189554465242,667,Has this couch ever been satin?
1696,2649,2,13,63,78,1.2179487179487178,0.05366189554465242,667,I think you think I'm only comfortable with lip service.
1734,2649,4,9,65,78,1.2179487179487178,0.059544938487211936,667,Why do people say there’s something sexual about confession?
1742,2649,2,13,63,78,1.2179487179487178,0.05366189554465242,667,"Just a quick ""kiss and tell"" right?"
1730,2649,3,11,64,78,1.2179487179487178,0.05667979681019967,667,"My whole life, women have treated me like a toothpick."
1775,2649,3,11,64,78,1.2179487179487178,0.05667979681019967,667,"Before you start, the answer is your mother"
1777,2649,4,9,65,78,1.2179487179487178,0.059544938487211936,667,I wish these lips were made for kissing because it been too long!
1798,2649,1,15,62,78,1.2179487179487178,0.05046383557008775,667,"Either your couch is talking to me, or I'm really nuts!"
1924,2649,1,15,62,78,1.2179487179487178,0.05046383557008775,667,I asked my boss to stop giving me lip and he sent me to you.
1925,2649,2,13,63,78,1.2179487179487178,0.05366189554465242,667,Will this kiss make it all better?
2096,2649,3,11,64,78,1.2179487179487178,0.05667979681019967,667,You bought this couch from Sigmund mother?
2118,2649,3,11,64,78,1.2179487179487178,0.05667979681019967,667,"I can't stop obsessing over her full, lush, ruby red lips."
1759,2649,1,15,62,78,1.2179487179487178,0.05046383557008775,667,"Oedipal, indeed. In point of fact, I’m feeling positively promiscuous."
2431,2830,4,14,83,101,1.2178217821782178,0.04995832004571433,667,"I’m just so fucking bald. Look how bald I am. So fucking bald. Easy for you to tell me what to do. You’ve got a great fucking head of hair. Fuck. Look at me. I’m fucking bald. So goddamn bald. BALD. Bald bald bald bald. Nice couch, by the way."
1833,2831,3,10,61,74,1.2162162162162162,0.05858465893239631,667,For some reason that first Stones concert keeps coming to mind.
1956,2831,2,12,60,74,1.2162162162162162,0.05533469992039017,667,I'm afraid to make a Freudian lip.
2265,2831,3,10,61,74,1.2162162162162162,0.05858465893239631,667,I seem to be obsessed with the marvelous first kiss
1955,2831,0,16,58,74,1.2162162162162162,0.04818155789706759,667,Why do you say she is smothering you with love?
1926,2831,1,14,59,74,1.2162162162162162,0.05188155518422758,667,I keep thinking of mother.
1853,2831,3,10,61,74,1.2162162162162162,0.05858465893239631,667,Everyone thinks I'm a big sucker.
1830,2831,3,10,61,74,1.2162162162162162,0.05858465893239631,667,Let me stop you right there. I didn't realize lip service was paid for by my insurance.
3591,2831,4,8,62,74,1.2162162162162162,0.06166356711357833,667,I'm afraid you don't have a sofa for my fixation.
1642,2831,3,10,61,74,1.2162162162162162,0.05858465893239631,667,"Are you sure the ""returning to the womb"" therapy starts this way?"
1597,2831,2,12,60,74,1.2162162162162162,0.05533469992039017,667,Something is telling me that I might have some mother issues.
1393,2831,2,12,60,74,1.2162162162162162,0.05533469992039017,667,"You're left almost bankrupt, Mr. Crowe.  Now, prayer is everything."
1358,2831,2,12,60,74,1.2162162162162162,0.05533469992039017,667,I am seized with an overwhelming desire to kiss you.
2341,2831,2,12,60,74,1.2162162162162162,0.05533469992039017,667,"Yes, now that you mention it, that couch WAS a gift from Mick Jagger."
1161,2831,2,12,60,74,1.2162162162162162,0.05533469992039017,667,You really need to get in touch with your emojions.
1136,2831,3,10,61,74,1.2162162162162162,0.05858465893239631,667,Does it have a lick function?
1675,2831,3,10,61,74,1.2162162162162162,0.05858465893239631,667,I want to move to the brown stool.
1329,2831,5,6,63,74,1.2162162162162162,0.0645958880743686,667,"It does help, bit I still think my wife should be here too."
3052,2831,1,14,59,74,1.2162162162162162,0.05188155518422758,667,Read that back to me...
2372,2831,4,8,62,74,1.2162162162162162,0.06166356711357833,667,Where are the tissues?
3530,2831,2,12,60,74,1.2162162162162162,0.05533469992039017,667,"For some reason I feel like kissing you, doctor."
3506,2831,2,12,60,74,1.2162162162162162,0.05533469992039017,667,"The hour is almost finished. Do you have anything to say, Doc?"
1098,2831,2,12,60,74,1.2162162162162162,0.05533469992039017,667,I have a recurring dream that I'm being eaten by a woman with thick lips.
3434,2831,2,12,60,74,1.2162162162162162,0.05533469992039017,667,Am I just paying for lip service?
3389,2831,2,12,60,74,1.2162162162162162,0.05533469992039017,667,All my life people have been giving me lip
3309,2831,3,10,61,74,1.2162162162162162,0.05858465893239631,667,I'm feeling...like I could kiss you.
3211,2831,2,12,60,74,1.2162162162162162,0.05533469992039017,667,"I feel you're taking my comment a bit too literally, doc."
3178,2831,3,10,61,74,1.2162162162162162,0.05858465893239631,667,I feel...trapped by her words.
3073,2831,2,12,60,74,1.2162162162162162,0.05533469992039017,667,My mother spat men out like cigarillos.
3635,2831,2,12,60,74,1.2162162162162162,0.05533469992039017,667,"But why the technicolor botox dreams, Doc?"
3823,2831,4,8,62,74,1.2162162162162162,0.06166356711357833,667,So my libido is repressed?  The break of your pantlegs  is somewhat  short.
2754,2831,3,10,61,74,1.2162162162162162,0.05858465893239631,667,did I mention that I have an oral fixation?
2511,2831,1,14,59,74,1.2162162162162162,0.05188155518422758,667,I feel like a tongue depressor
2455,2831,4,8,62,74,1.2162162162162162,0.06166356711357833,667,"Enough role playing , I have a 4:00 o’clock, barely time to stash this in the bathroom."
2430,2831,3,10,61,74,1.2162162162162162,0.05858465893239631,667,The trauma of that Rolling Stones incident haunts me to this day
2356,2831,2,12,60,74,1.2162162162162162,0.05533469992039017,667,"I'm struggling, with the debt on my credit card for my therapy sessions."
1070,2831,2,12,60,74,1.2162162162162162,0.05533469992039017,667,I really don't need any lip from you.
4524,2831,1,14,59,74,1.2162162162162162,0.05188155518422758,667,"Rorschach test answer #1: ""The couch looks like ravenous, seductive red lips."""
931,2831,1,14,59,74,1.2162162162162162,0.05188155518422758,667,I don't see everything in black and white anymore!
3638,2831,3,10,61,74,1.2162162162162162,0.05858465893239631,667,I had that dream about you and Mae West again.
6041,2831,2,12,60,74,1.2162162162162162,0.05533469992039017,667,"Well, just a sinking feeling I'm about to be swallowed by Mick Jagger"
5527,2831,4,8,62,74,1.2162162162162162,0.06166356711357833,667,"I appreciate the thought, but I said I missed the lap of luxury, not the lips."
5154,2831,3,10,61,74,1.2162162162162162,0.05858465893239631,667,You being my wife's lover are you certain this is ethical?
5026,2831,3,10,61,74,1.2162162162162162,0.05858465893239631,667,My last therapist told me I had an oral fixation.
4795,2831,2,12,60,74,1.2162162162162162,0.05533469992039017,667,"I know this is going to sound crazy, but since I last saw you I've had this recurring dream of starring in a Joan Crawford movie."
4785,2831,1,14,59,74,1.2162162162162162,0.05188155518422758,667,Your taste makes me feel normal-so thanks.
1019,2831,2,12,60,74,1.2162162162162162,0.05533469992039017,667,I feel I'm just getting lip service all the way around.
4661,2831,2,12,60,74,1.2162162162162162,0.05533469992039017,667,"I’m trying to manage my anxiety, but I keep getting this all-consuming feeling."
4107,2831,2,12,60,74,1.2162162162162162,0.05533469992039017,667,How long did you work at the Bunny Ranch?
4082,2831,3,10,61,74,1.2162162162162162,0.05858465893239631,667,Did you really get this from Mick Jagger?
4078,2831,4,8,62,74,1.2162162162162162,0.06166356711357833,667,Doc what kind of meds did you prescribe me? Last time I was here this was a regular sofa”
4722,2831,3,10,61,74,1.2162162162162162,0.05858465893239631,667,"I used to be so gay as a boy, but now I'm always depressed."
3900,2831,2,12,60,74,1.2162162162162162,0.05533469992039017,667,Is this just lip service or do I really have an oral fixation?
789,2831,3,10,61,74,1.2162162162162162,0.05858465893239631,667,You're move
3928,2831,2,12,60,74,1.2162162162162162,0.05533469992039017,667,I always felt my mother was talking about me behind my back.
665,2831,2,12,60,74,1.2162162162162162,0.05533469992039017,667,I keep hearing this smacking sound.
371,2831,2,12,60,74,1.2162162162162162,0.05533469992039017,667,Should I Freudian slip into something more comfortable?
268,2831,5,6,63,74,1.2162162162162162,0.0645958880743686,667,I keep dreaming that I'm being pursued by a set of giant lips.
251,2831,2,12,60,74,1.2162162162162162,0.05533469992039017,667,I assume you're a Freudian?
3776,2831,3,10,61,74,1.2162162162162162,0.05858465893239631,667,Love this new Freudian slipcover!
219,2831,1,14,59,74,1.2162162162162162,0.05188155518422758,667,Funny...but why do I always have a Rolling Stones ear worm when I meet with you?
195,2831,2,12,60,74,1.2162162162162162,0.05533469992039017,667,Would you have a couch that doesn't remind me of her?
54,2831,0,16,58,74,1.2162162162162162,0.04818155789706759,667,You've brought color into my life.
7,2831,1,14,59,74,1.2162162162162162,0.05188155518422758,667,Everything always comes down to sex with you guys.
3872,2831,3,10,61,74,1.2162162162162162,0.05858465893239631,667,You SAY you’re listening but it just feels like lip service to me.
227,2831,2,12,60,74,1.2162162162162162,0.05533469992039017,667,Do I smell lip balm?
6164,2896,2,15,71,88,1.2159090909090908,0.04968254403624251,667,Right now I’m feeling the tongue piercing jabbing into my spine.
2803,2897,1,15,63,79,1.2151898734177216,0.049897285200852806,667,I had that 'giant man-eating woman' dream again.
1980,2898,3,10,62,75,1.2133333333333334,0.057870104103491554,667,"Better red than dead"" applies here too"
1914,2898,2,12,61,75,1.2133333333333334,0.054667985042331585,667,"It's baffling, doc. In this nightmare, I keep being chased by a giant pair of waxed lips."
1708,2898,2,12,61,75,1.2133333333333334,0.054667985042331585,667,Eight hundred dollars for lip service?
1521,2898,2,12,61,75,1.2133333333333334,0.054667985042331585,667,Are you testing your patients’ fears of maternal incorporation or did you just opt for pop art decor?
1253,2898,3,10,62,75,1.2133333333333334,0.057870104103491554,667,this the new Freud Divan 6.0
1235,2898,2,12,61,75,1.2133333333333334,0.054667985042331585,667,Your Yelp review focused more on your credentials but this is a great couch.
1251,2898,3,10,62,75,1.2133333333333334,0.057870104103491554,667,Me? You think I have an obsession with oral sex?
5342,2898,2,12,61,75,1.2133333333333334,0.054667985042331585,667,What does it mean? The red love seat and you sitting over there?
2571,2898,2,12,61,75,1.2133333333333334,0.054667985042331585,667,"If everything is a metaphor, I think we’re making progress."
6183,2898,3,10,62,75,1.2133333333333334,0.057870104103491554,667,You wouldn't understand. You're a Beatles kind of guy.
6117,2898,4,8,63,75,1.2133333333333334,0.06090409928165189,667,I can still see her lips everywhere I go
6086,2898,5,6,64,75,1.2133333333333334,0.06379396264278989,667,I keep lying about my Freudian lips.
5953,2898,3,10,62,75,1.2133333333333334,0.057870104103491554,667,"Doc, let’s stop rimming around and we’ll lick this problem together."
5789,2898,1,14,60,75,1.2133333333333334,0.051266248431382506,667,"I had that dream again last night, the one where Marilyn is trying to devour me."""
5753,2898,2,12,61,75,1.2133333333333334,0.054667985042331585,667,What's your hourly rate for this lip service?
5601,2898,4,8,63,75,1.2133333333333334,0.06090409928165189,667,It's like I'm not seeing things as just black and white anymore.
5591,2898,2,12,61,75,1.2133333333333334,0.054667985042331585,667,"Somehow, I'm very comfortable putting words in her mouth."
5502,2898,2,12,61,75,1.2133333333333334,0.054667985042331585,667,These surrealist fantasies are taking over my life
1213,2898,4,8,63,75,1.2133333333333334,0.06090409928165189,667,And what does my couch make you think of?
2300,2898,4,8,63,75,1.2133333333333334,0.06090409928165189,667,I don't get laid anywhere but here
5280,2898,2,12,61,75,1.2133333333333334,0.054667985042331585,667,I need more color in my life.
5118,2898,0,16,59,75,1.2133333333333334,0.04762213632196553,667,"Wherever I go, I can't stop thinking of how my wife paid lip service to our marriage."
5079,2898,2,12,61,75,1.2133333333333334,0.054667985042331585,667,I can't help but feel that you're just paying me lip service
5046,2898,1,14,60,75,1.2133333333333334,0.051266248431382506,667,When I looked at her with those red painted lips I thought she was going to devour me.
4826,2898,3,10,62,75,1.2133333333333334,0.057870104103491554,667,You're going to need a bigger notebook
4720,2898,2,12,61,75,1.2133333333333334,0.054667985042331585,667,The new upholstery actually makes your fees worthwhile.
3778,2898,2,12,61,75,1.2133333333333334,0.054667985042331585,667,Lucky for you we have a sale on Botox and lip filler.
3543,2898,4,8,63,75,1.2133333333333334,0.06090409928165189,667,I prefer a lighter shade of red next time!
3508,2898,3,10,62,75,1.2133333333333334,0.057870104103491554,667,...and her big red lips were kissing me all over..
2943,2898,1,14,60,75,1.2133333333333334,0.051266248431382506,667,Your lips to God's ear.
2604,2898,3,10,62,75,1.2133333333333334,0.057870104103491554,667,Are you SURE you're comfortable doing this at my place?
5264,2898,1,14,60,75,1.2133333333333334,0.051266248431382506,667,"Man, Ray did  you hear what I said?"
1172,2898,2,12,61,75,1.2133333333333334,0.054667985042331585,667,And that's just a small taste of what I'm dealing with.
4055,2898,0,16,59,75,1.2133333333333334,0.04762213632196553,667,Luscious lips for kissing but the halitosis knocks me sideways”
817,2898,1,14,60,75,1.2133333333333334,0.051266248431382506,667,Why is it that I feel all I'm getting from you is lip service?
811,2898,2,12,61,75,1.2133333333333334,0.054667985042331585,667,This couch is a real icebreaker.
718,2898,2,12,61,75,1.2133333333333334,0.054667985042331585,667,You say its an original Hollywood casting couch?
451,2898,2,12,61,75,1.2133333333333334,0.054667985042331585,667,And I say that tongue in cheek!
382,2898,2,12,61,75,1.2133333333333334,0.054667985042331585,667,Does this mean you think I have an oral fixation!
369,2898,0,16,59,75,1.2133333333333334,0.04762213632196553,667,"Out of the mouth of a babe, you think?"
107,2898,3,10,62,75,1.2133333333333334,0.057870104103491554,667,Are you going to kiss me goodnight  ?
99,2898,1,14,60,75,1.2133333333333334,0.051266248431382506,667,Sometimes I feel like I'm being eaten alive.
918,2898,2,12,61,75,1.2133333333333334,0.054667985042331585,667,I keep telling you -- I don't have an oral obsession!
4684,2941,1,15,64,80,1.2125,0.04934299355185322,667,I'm obsessed with French kissing.
5427,2941,2,13,65,80,1.2125,0.05245175601312849,667,Mommy issues?  You too?
682,2941,2,13,65,80,1.2125,0.05245175601312849,667,So is this how you Russians deal with nostalgia?
5439,2944,1,16,68,85,1.2117647058823529,0.047615752069189415,667,I keep dreaming of large ruby lips.
4531,2945,4,8,64,76,1.2105263157894737,0.060162905963095606,667,Wax lips are a favorite childhood memory.
3720,2945,4,8,64,76,1.2105263157894737,0.060162905963095606,667,"I'm not distracted! Don't put words in her...I mean, my mouth!"
2778,2945,2,12,62,76,1.2105263157894737,0.054016857257335626,667,I don't charge less if you sleep.
3608,2945,2,12,62,76,1.2105263157894737,0.054016857257335626,667,It appears you're giving me lip service again. I suppose you really intend to desert me just like my mother.
5326,2949,2,13,66,81,1.2098765432098766,0.051866547006419766,667,Therapy in the Poconos is certainly different.
4794,2949,4,9,68,81,1.2098765432098766,0.05751019604371416,667,I feel so dirty when I leave
4414,2949,2,13,66,81,1.2098765432098766,0.051866547006419766,667,I guess I feel like I’m in a sort of ‘kiss and tell’ situation.
5455,2952,3,12,71,86,1.2093023255813953,0.05260980717655106,667,I have this recurring nightmare that I'm swallowed whole by the Rolling Stones' logo.
6095,2953,2,11,59,72,1.2083333333333333,0.05572645856918899,667,I have the sneaking suspicion you'll oversexualize everything I say.
3819,2953,1,13,58,72,1.2083333333333333,0.05209800262902861,667,This red couch sure does strike the right note of middle aged whimsy!
649,2953,2,11,59,72,1.2083333333333333,0.05572645856918899,667,"Yes doctor, I’ve had this obsession with Roche Bobois since my mother bought those mismatching floor sectional pieces in the 1990s."
657,2953,1,13,58,72,1.2083333333333333,0.05209800262902861,667,I've adored Marilyn ever since I was in kindergarten.
851,2953,4,7,61,72,1.2083333333333333,0.06235311378048466,667,"I'm sorry, Doc, but a lie-down and smooch from Mick's lips aren't going to solve my problems..."
907,2953,1,13,58,72,1.2083333333333333,0.05209800262902861,667,"When do you think I'll progress to the anal stage, Doctor?"
953,2953,3,9,60,72,1.2083333333333333,0.05913268547421808,667,After her botox treatment I keep seeing big lips everywhere
967,2953,2,11,59,72,1.2083333333333333,0.05572645856918899,667,Momma always said I had moods like Jagger.”
980,2953,1,13,58,72,1.2083333333333333,0.05209800262902861,667,"Your not just giving me LIP SERVICE, are you doc?"
990,2953,4,7,61,72,1.2083333333333333,0.06235311378048466,667,Somehow I feel like you need to update your methods
3518,2953,1,13,58,72,1.2083333333333333,0.05209800262902861,667,"Take a seat, Bill. My nap's going to be over in like two hours, we'll talk about your pay raise then."
3226,2953,1,13,58,72,1.2083333333333333,0.05209800262902861,667,I'm here for lip service.
1333,2953,2,11,59,72,1.2083333333333333,0.05572645856918899,667,It's better if I keep my mouth shut.
1488,2953,2,11,59,72,1.2083333333333333,0.05572645856918899,667,And then she said I had white privilege. Does she not realize how long I had to wait for my private jet to be refueled? I'm a victim of the system too!
1556,2953,1,13,58,72,1.2083333333333333,0.05209800262902861,667,Where was this art auction?
1567,2953,1,13,58,72,1.2083333333333333,0.05209800262902861,667,Is it me or does this couch smell like cherries.
3109,2953,3,9,60,72,1.2083333333333333,0.05913268547421808,667,"Have I lost a lot of blood, detective?  This sofa used to be white."
1834,2953,2,11,59,72,1.2083333333333333,0.05572645856918899,667,"I can't explain why, but I'm just feeling tongue-tied."
2920,2953,1,13,58,72,1.2083333333333333,0.05209800262902861,667,I've always wanted to be kissed all over.
2184,2953,3,9,60,72,1.2083333333333333,0.05913268547421808,667,I hear your list  of  former patients includes both Mick Jagger and Jack Nicholson.
2237,2953,2,11,59,72,1.2083333333333333,0.05572645856918899,667,"Mind if I give you a more candid answer about my mother and ""shoes on the furniture""?"
2301,2953,0,15,57,72,1.2083333333333333,0.048197153144195225,667,You Freudians couch everything in terms of oral fixations!
2392,2953,0,15,57,72,1.2083333333333333,0.048197153144195225,667,This is not helping with my sex addiction.
2505,2953,1,13,58,72,1.2083333333333333,0.05209800262902861,667,"You know Doc, this very red couch says a lot about you."
2590,2953,2,11,59,72,1.2083333333333333,0.05572645856918899,667,"I was accused of objectifying women. How ridiculous! I love women, especially their lips. 
....I knew you’d understand."
2625,2953,4,7,61,72,1.2083333333333333,0.06235311378048466,667,Who'd have thought that ass-kissing was an effective form of therapy?
469,2953,3,9,60,72,1.2083333333333333,0.05913268547421808,667,Psst... is the couch available for dinner?
424,2953,2,11,59,72,1.2083333333333333,0.05572645856918899,667,Do I need to say it? Just read my lips!
91,2953,3,9,60,72,1.2083333333333333,0.05913268547421808,667,Here comes my 19th nervous breakdown
102,2953,1,13,58,72,1.2083333333333333,0.05209800262902861,667,I have a feeling your only giving me lip service Doc
5775,2953,2,11,59,72,1.2083333333333333,0.05572645856918899,667,I just can’t get her lips out of my mind.
5686,2953,2,11,59,72,1.2083333333333333,0.05572645856918899,667,"Why do I feel like you're just giving me lip service, Doctor?"
5670,2953,3,9,60,72,1.2083333333333333,0.05913268547421808,667,I'd like to discuss my fears of the MeToo movement.
5622,2953,1,13,58,72,1.2083333333333333,0.05209800262902861,667,This feels different. Did you finally get those Collagen injections?
5619,2953,3,9,60,72,1.2083333333333333,0.05913268547421808,667,I hear voices in my head of Mick Jagger.
5515,2953,2,11,59,72,1.2083333333333333,0.05572645856918899,667,My oral fixation is getting worse ...
5138,2953,2,11,59,72,1.2083333333333333,0.05572645856918899,667,I really hope you can help with my fear of Chapstick.
4954,2953,1,13,58,72,1.2083333333333333,0.05209800262902861,667,I try and I try but I can't get no satisfaction.
4879,2953,3,9,60,72,1.2083333333333333,0.05913268547421808,667,I would not trust a thing it says.
4702,2953,2,11,59,72,1.2083333333333333,0.05572645856918899,667,"What do you mean ""I have an oral fixation""?"
4653,2953,2,11,59,72,1.2083333333333333,0.05572645856918899,667,I have this crazy feeling that I am in Salvador Dali’s living room and melting clocks are chiming.
4313,2953,4,7,61,72,1.2083333333333333,0.06235311378048466,667,"Everywhere I look, I see her. Her hair in wind chimes. Her eyes in pancakes."
200,2953,1,13,58,72,1.2083333333333333,0.05209800262902861,667,Unununnh ....I can feel her tongue as we speak!
2916,2953,2,11,59,72,1.2083333333333333,0.05572645856918899,667,"I’m sorry Doctor, but even your couch, triggers my Oedipal complex."
4280,2953,1,13,58,72,1.2083333333333333,0.05209800262902861,667,Would you mind moving your chair over there? Turning my head to make eye contact with you is straining my neck.
4246,2953,1,13,58,72,1.2083333333333333,0.05209800262902861,667,Now  I know why you don't speak much...Because I'm laying on your mouth piece!
4061,2953,1,13,58,72,1.2083333333333333,0.05209800262902861,667,"Why is the sofa wet, John?"
3869,2953,3,9,60,72,1.2083333333333333,0.05913268547421808,667,Then Mae West swallowed and I woke up.
3868,2953,3,9,60,72,1.2083333333333333,0.05913268547421808,667,What makes you think I’m lying?
2734,2953,0,15,57,72,1.2083333333333333,0.048197153144195225,667,"I dunno, I guess I'm stuck. I can't seem to get her soft, pillowy lips out of my mind."
3821,2953,2,11,59,72,1.2083333333333333,0.05572645856918899,667,I must admit I feel better in red lipstick.
46,2953,2,11,59,72,1.2083333333333333,0.05572645856918899,667,Would you be willing to switch my prescription for a service dog to a service cat?
77,2953,3,9,60,72,1.2083333333333333,0.05913268547421808,667,What really eats on me is her big mouth.
6174,2953,2,11,59,72,1.2083333333333333,0.05572645856918899,667,Are you the kind to kiss and tell?
2865,3007,3,10,64,77,1.2077922077922079,0.05649134587834131,667,I don’t think this helping my problems with oral fixations!
5274,3007,2,12,63,77,1.2077922077922079,0.05338078923628006,667,"So, it's actually ok to kiss and tell?"
995,3007,3,10,64,77,1.2077922077922079,0.05649134587834131,667,Thank you. These sessions on your red couch are the most vibrant things in my gray life.
612,3007,3,10,64,77,1.2077922077922079,0.05649134587834131,667,Red is not my color.
1733,3007,3,10,64,77,1.2077922077922079,0.05649134587834131,667,"I know it's a chaise longue, but it feels more like a chaise tongue."
2026,3012,2,14,71,87,1.206896551724138,0.049423111543959376,667,And all of your “and how did that make you feel?” questions just feel like lip service.
2720,3013,2,11,60,73,1.2054794520547945,0.055031830105908446,667,I feel you’re just paying me lip service.
2818,3013,0,15,58,73,1.2054794520547945,0.04761793062697309,667,This must be HEAVEN?
4492,3013,0,15,58,73,1.2054794520547945,0.04761793062697309,667,I feel like everyone is giving me the kiss-off.
6096,3013,1,13,59,73,1.2054794520547945,0.051458573833719844,667,Your couch could use some Chapstick!
6197,3013,2,11,60,73,1.2054794520547945,0.055031830105908446,667,I can't shake the feeling that I am going to be eaten by a gigantic woman!
5708,3018,2,12,64,78,1.205128205128205,0.05275927638889398,667,Paying for lip service
3239,3018,2,12,64,78,1.205128205128205,0.05275927638889398,667,Everything reminds me of her lips.
2161,3018,3,10,65,78,1.205128205128205,0.05582599374914914,667,I'm finally feeling the love.
4003,3018,3,10,65,78,1.205128205128205,0.05582599374914914,667,I'm the reincarnation of Sigmund Freud. What would you like to know
9,3018,3,10,65,78,1.205128205128205,0.05582599374914914,667,The world seems...Daliesque.
2248,3018,2,12,64,78,1.205128205128205,0.05275927638889398,667,"I don't know if this is a problem, but I keep seeing images of Connie Francis and wondering if I have any lipstick on my collar."
5758,3018,1,14,63,78,1.205128205128205,0.04950293841863706,667,I have these dreams of lying on a lip-shaped sofa and wondering what could be so funny about it..
2667,3025,3,9,62,74,1.2027027027027026,0.057659296687798345,667,Thanks for asking. Make mine a Tanqueray martini on the rocks with 2 olives.
2721,3025,1,13,60,74,1.2027027027027026,0.0508343191224236,667,I’ve always though psychiatry was just a bunch of lip service.
2870,3025,1,13,60,74,1.2027027027027026,0.0508343191224236,667,I have a recurring dream that I am being swallowed by a giant red clam
5301,3025,2,11,61,74,1.2027027027027026,0.05435403616647045,667,"No, the session doesn't feel any sexier today"
3153,3029,2,12,65,79,1.2025316455696202,0.05215183571084887,667,"These sessions only seem to heighten my sexual fantasies."""
5010,3029,3,10,66,79,1.2025316455696202,0.055175935994185736,667,I keep thinking that Mick Jagger's going to stick his tongue out.
3020,3031,1,12,57,70,1.2,0.05227733021739333,667,I ALWAYS pray like this
2835,3031,3,8,59,70,1.2,0.05967475684537697,667,You'll need a larger notebook than that for my tale of woe.
2832,3031,2,10,58,70,1.2,0.056098109857700425,667,"Did I mention, I have an oral fixation?"
2708,3031,3,8,59,70,1.2,0.05967475684537697,667,Are these lips really molded from Mick Jagger?
2646,3031,1,12,57,70,1.2,0.05227733021739333,667,It doesn't help that your sofa reminds me of my ex's mouth.
2539,3031,3,8,59,70,1.2,0.05967475684537697,667,"Doctor, explain again how the mirror on the ceiling helps my therapy"
2436,3031,1,12,57,70,1.2,0.05227733021739333,667,How do I feel? Balmy!
2156,3031,1,12,57,70,1.2,0.05227733021739333,667,This couch so reminds me of Marilyn.
3197,3031,1,12,57,70,1.2,0.05227733021739333,667,"What do ya think it means, Doc? I keep dreaming about red lips."
3725,3031,2,10,58,70,1.2,0.056098109857700425,667,It’s been a long time since I’ve been kissed like this.
4037,3031,2,10,58,70,1.2,0.056098109857700425,667,What do you mean that I have a problem with it? You the one who picked it out.
4140,3031,2,10,58,70,1.2,0.056098109857700425,667,I wish I didn't have to come to therapy to get some peace and quiet.
3837,3031,1,12,57,70,1.2,0.05227733021739333,667,Thank you Dr. Jagger. You've made me realize that I've bitten off more than I can chew.
6143,3031,3,8,59,70,1.2,0.05967475684537697,667,...you were Mick Jagger and I was Steven Tyler...
6065,3031,2,10,58,70,1.2,0.056098109857700425,667,"Tell me doctor, should I feel  loved or devoured?"
5968,3031,2,10,58,70,1.2,0.056098109857700425,667,"I assume this is the only object-shaped couch you have, right Dr. Lipschitz?"
5905,3031,1,14,65,80,1.2,0.04839186038889943,667,I feel like I'm put on the spot.
5788,3031,3,8,59,70,1.2,0.05967475684537697,667,Can we switch chairs I''m a germaphobe?
5755,3031,2,10,58,70,1.2,0.056098109857700425,667,"Doctor, I have this somewhat existential feeling of  continually being in danger of being swallowed up."
5644,3031,2,10,58,70,1.2,0.056098109857700425,667,I just can’t get past the fact that your hourly billing rate is more than mine.
5589,3031,2,10,58,70,1.2,0.056098109857700425,667,How often do you feel that a 50' woman is going to swallow you
3787,3031,2,10,58,70,1.2,0.056098109857700425,667,I'm always under the impression I'm on somone's lips.
5360,3031,2,10,58,70,1.2,0.056098109857700425,667,But I speak in tongues only if the spirit moves me.
4960,3031,3,8,59,70,1.2,0.05967475684537697,667,How long have you had this oral fixation?
4729,3031,1,12,57,70,1.2,0.05227733021739333,667,"Oh, I don't know. Probably once or twice a day."
4677,3031,3,8,59,70,1.2,0.05967475684537697,667,"Doctor, would you consider yourself to be a “Freudian”?"
4593,3031,6,2,62,70,1.2,0.0693059350229083,667,"Read my lips... wait, who said that?!"
4438,3031,4,6,60,70,1.2,0.06304883249912806,667,Why is Mick Jagger always looking at me?
4361,3031,3,8,59,70,1.2,0.05967475684537697,667,I just told her to read my lips.
2117,3031,2,10,58,70,1.2,0.056098109857700425,667,"They say “Red, red, wet the bed”"
3845,3031,1,12,57,70,1.2,0.05227733021739333,667,"Worst of all, I can't seem to shake the feeling that you're only paying lip service to anything I say."
5059,3031,1,12,57,70,1.2,0.05227733021739333,667,"Sometimes it's like I'm being eaten alive, but then it's like I'm being kissed...it's all so confusing when I see you."
2054,3031,1,12,57,70,1.2,0.05227733021739333,667,"Sometimes, I wish had the moves like Jagger, too."
1842,3031,2,10,58,70,1.2,0.056098109857700425,667,Gift from a happy former patient?
184,3031,3,8,59,70,1.2,0.05967475684537697,667,"I don't care if it makes you horny Doc, this couch is grotesque!"
1973,3031,3,8,59,70,1.2,0.05967475684537697,667,My biggest issue seems like it is right on the tip of my tongue.
3326,3031,3,9,63,75,1.2,0.05694947974514994,667,Do you use this couch because I am still in the oral phase of development?
309,3031,4,7,64,75,1.2,0.06003002251876642,667,Are you related to Gorey?
237,3031,4,6,60,70,1.2,0.06304883249912806,667,"I'm not sure why, but this couch always makes me think of Mick Jagger."
284,3031,2,10,58,70,1.2,0.056098109857700425,667,I feel like such a schmuck!
1042,3031,5,8,77,90,1.2,0.055192320658542765,667,"I want your red couch painted black"" ~The Rolling Stone"
561,3031,1,12,57,70,1.2,0.05227733021739333,667,I had that nightmare again. The one where I come here and suddenly find myself lying inside a giant Venus flytrap.
1140,3031,1,12,57,70,1.2,0.05227733021739333,667,This is the moistest couch I've ever been on.
1288,3031,0,14,56,70,1.2,0.04815434123430769,667,"Doc, I come here for more than just lip service."
411,3031,3,8,59,70,1.2,0.05967475684537697,667,I would prefer the Le Corbusier chaise.
1486,3076,2,12,67,81,1.1975308641975309,0.05097734030138908,667,I didn’t want a chair with lips
4559,3077,3,9,64,76,1.1973684210526316,0.0562567324379788,667,"You may not believe me, but this is the perfect couch for dealing with my lipstick obsession."
2828,3078,3,8,60,71,1.1971830985915493,0.05889566640314108,667,Does this couch come in other shades?
3931,3078,3,8,60,71,1.1971830985915493,0.05889566640314108,667,I have an irrational fear of being swallowed whole
3636,3078,2,10,59,71,1.1971830985915493,0.05537404657552627,667,I don’t know..I’m feeling a little mouthy here.
3737,3078,2,10,59,71,1.1971830985915493,0.05537404657552627,667,Ever feel like a luscious dumpling and life is trying to swallow you whole?
2878,3078,3,8,60,71,1.1971830985915493,0.05889566640314108,667,I really need you to be honest with me and stop kissing my ass.
3897,3078,1,12,58,71,1.1971830985915493,0.051612697538755165,667,I keep having doubts about whether I've picked the right shade.
3567,3078,4,6,61,71,1.1971830985915493,0.06221827712169158,667,"Actually, the problem is now lipstick stains."
4123,3078,2,10,59,71,1.1971830985915493,0.05537404657552627,667,And if I weren’t orally fixated?
3936,3078,2,10,59,71,1.1971830985915493,0.05537404657552627,667,Does insurance typically cover lip service?
3939,3078,3,8,60,71,1.1971830985915493,0.05889566640314108,667,"Well yes, Mother was obsessed with Man Ray's work."
4006,3078,3,8,60,71,1.1971830985915493,0.05889566640314108,667,So what's eating away at you?
4080,3078,1,12,58,71,1.1971830985915493,0.051612697538755165,667,"Honestly, it's nice to get my ass kissed here every week."
4185,3078,3,8,60,71,1.1971830985915493,0.05889566640314108,667,"No, it’s not my lip service, it’s your nickels worth of advice."
4200,3078,0,14,57,71,1.1971830985915493,0.04755476905953276,667,You're not just giving me lip service?
4220,3078,1,12,58,71,1.1971830985915493,0.051612697538755165,667,I feel I'm laying on the edge of a precipice about to be swallowed...
3932,3078,2,10,59,71,1.1971830985915493,0.05537404657552627,667,"Yes, it is a truly original Mar-a-Lago design...sorry, the rental fee is not covered by your insurance plan."
2919,3078,2,10,59,71,1.1971830985915493,0.05537404657552627,667,Don't bother. This red thing proves I'm not paranoid after all.
3292,3078,2,10,59,71,1.1971830985915493,0.05537404657552627,667,Sometimes I feel the world should just kiss my ass.
2974,3078,4,6,61,71,1.1971830985915493,0.06221827712169158,667,I talk best when I’m lying and I suppose that’s a Freudian’s lip.
4236,3078,2,10,59,71,1.1971830985915493,0.05537404657552627,667,your oral fixation has me uncomfortable
3552,3078,2,10,59,71,1.1971830985915493,0.05537404657552627,667,What  would it mean if I said this sofa looks like a woman's lips?
3542,3078,3,8,60,71,1.1971830985915493,0.05889566640314108,667,Don't you think that's a bit of a leading question?
3507,3078,2,10,59,71,1.1971830985915493,0.05537404657552627,667,I seem to have an oral fixation whenever I'm here.
3593,3078,2,10,59,71,1.1971830985915493,0.05537404657552627,667,"You say I have an oral fixation, but you’re the one who has me lying down on a giant pair of lips."
3480,3078,2,10,59,71,1.1971830985915493,0.05537404657552627,667,"Oh my, I have a sudden urge to kiss you!"
2964,3078,3,8,60,71,1.1971830985915493,0.05889566640314108,667,Does Howard Stern do offices?
3445,3078,1,12,58,71,1.1971830985915493,0.051612697538755165,667,"No, I'd like to think I'm honest in my relationships...Yes, of course I washed my hands after the cranberry harvest."
3374,3078,4,6,61,71,1.1971830985915493,0.06221827712169158,667,Is there a reason why this couch looks like lips?
3367,3078,2,10,59,71,1.1971830985915493,0.05537404657552627,667,"Doctor, are you sure this will help me overcome my oral fixations!"
3304,3078,4,6,61,71,1.1971830985915493,0.06221827712169158,667,"Good grief, I made the couch blush."
3187,3078,2,10,59,71,1.1971830985915493,0.05537404657552627,667,"Listen, I'm not here for lip service...for HIP service."
3107,3078,1,12,58,71,1.1971830985915493,0.051612697538755165,667,Was I snoring?
2976,3078,1,12,58,71,1.1971830985915493,0.051612697538755165,667,I honestly don’t know how I got here
3385,3078,2,10,59,71,1.1971830985915493,0.05537404657552627,667,"When I finally take my hands away to look, all I see is her face, inches away, saying “Come give your Auntie a kiss!”"
4310,3078,1,12,58,71,1.1971830985915493,0.051612697538755165,667,"Doc, I need more than lip service."
5331,3078,3,8,60,71,1.1971830985915493,0.05889566640314108,667,So this is Tongue-ian therapy?
4363,3078,2,10,59,71,1.1971830985915493,0.05537404657552627,667,My mother never kissed me as a child.
5967,3078,2,10,59,71,1.1971830985915493,0.05537404657552627,667,You are so clever.Laying on these lips opens me up.
6115,3078,2,10,59,71,1.1971830985915493,0.05537404657552627,667,"Are these lips spitting me out or sucking me in?"""
6199,3078,1,12,58,71,1.1971830985915493,0.051612697538755165,667,Is talking about upholstery too far off topic? Lip couches are always out-of-stock at my store...
5273,3078,2,10,59,71,1.1971830985915493,0.05537404657552627,667,"No, Doctor, I think ""oral fixation"" is a fine decorating motif, if a bit dated."
2806,3078,2,10,59,71,1.1971830985915493,0.05537404657552627,667,Here it's ok to kiss and tell
5866,3078,2,10,59,71,1.1971830985915493,0.05537404657552627,667,I am not fond of kissing.
5945,3078,2,10,59,71,1.1971830985915493,0.05537404657552627,667,Can we talk about my mother now?
5705,3078,3,8,60,71,1.1971830985915493,0.05889566640314108,667,"Now that I’ve hit the genital stage, shouldn’t we rotate the couch?"
5593,3078,2,10,59,71,1.1971830985915493,0.05537404657552627,667,How much for the sofa?
5564,3078,3,8,60,71,1.1971830985915493,0.05889566640314108,667,I'm not sure my oral fixation began prior to my walking in the door to this room.
5510,3078,3,8,60,71,1.1971830985915493,0.05889566640314108,667,You have to believe me. I'm seeing this couch as red right now!
5507,3078,3,8,60,71,1.1971830985915493,0.05889566640314108,667,You must spend a fortune on lip balm.
5316,3078,2,10,59,71,1.1971830985915493,0.05537404657552627,667,My wife and I differ on sex matters...I'm in favor of it.
5405,3078,3,8,60,71,1.1971830985915493,0.05889566640314108,667,i'm afraid this lip is sealed.
5702,3078,0,14,57,71,1.1971830985915493,0.04755476905953276,667,I hope I'm getting more than lip service for what I'm paying!
5930,3078,0,14,57,71,1.1971830985915493,0.04755476905953276,667,Maybe you could reupholster it in a neutral color.
5195,3078,4,6,61,71,1.1971830985915493,0.06221827712169158,667,"Sometimes, a lip is just a lip."
5155,3078,3,8,60,71,1.1971830985915493,0.05889566640314108,667,It's fine by me because the old couch also reminded me of my mother.
4382,3078,1,12,58,71,1.1971830985915493,0.051612697538755165,667,Should I start with my phagophobia?
4424,3078,2,10,59,71,1.1971830985915493,0.05537404657552627,667,"Thanks, Doc.  I had no idea I had an oral fixation until I started coming here."
4436,3078,1,12,58,71,1.1971830985915493,0.051612697538755165,667,"Note to decorator:  When I said I needed a love seat, I meant a short couch."
4510,3078,3,8,60,71,1.1971830985915493,0.05889566640314108,667,Could you speed it up? I think I'm hemorrhaging
4562,3078,4,6,61,71,1.1971830985915493,0.06221827712169158,667,Does thing thing have a tongue or is that a mouse?
4605,3078,3,8,60,71,1.1971830985915493,0.05889566640314108,667,I'm haunted with dreams about lips.
4637,3078,3,8,60,71,1.1971830985915493,0.05889566640314108,667,We should get a sectional.
4663,3078,2,10,59,71,1.1971830985915493,0.05537404657552627,667,Sorry Doc if I'm a little reluctant. I've never been a kiss and tell kinda guy.
4787,3078,2,10,59,71,1.1971830985915493,0.05537404657552627,667,I feel it literally sucking me in.
5003,3078,1,12,58,71,1.1971830985915493,0.051612697538755165,667,I think the blue one better captures my personality.
5049,3078,3,8,60,71,1.1971830985915493,0.05889566640314108,667,"Doc, I am interested in more than just your ""lip-service""!"
5062,3078,2,10,59,71,1.1971830985915493,0.05537404657552627,667,You should see the couch I don't talk on
5092,3078,1,12,58,71,1.1971830985915493,0.051612697538755165,667,I feel much more comfortable on the couch too.
5327,3078,2,10,59,71,1.1971830985915493,0.05537404657552627,667,"In my dreams, I usually get swallowed by your couch...did you know there are teeth behind those lips?"
5140,3078,2,10,59,71,1.1971830985915493,0.05537404657552627,667,"Your sofa does wonders for the self-esteem, doctor.  When one wants his whazzit kissed, one only has to sit down."
4345,3078,2,10,59,71,1.1971830985915493,0.05537404657552627,667,Are you sure this will help me get over my fear of Botox?
2690,3078,4,6,61,71,1.1971830985915493,0.06221827712169158,667,I had Ramen for lunch yesterday.
708,3078,3,8,60,71,1.1971830985915493,0.05889566640314108,667,I didn't buy it. What does it mean to the guy who did?
2602,3078,1,12,58,71,1.1971830985915493,0.051612697538755165,667,"I had requested a ""Sticky Fingers"" sofa."
1246,3078,2,10,59,71,1.1971830985915493,0.05537404657552627,667,Your couch reminds me of how much I love my Tesla.
1073,3078,3,8,60,71,1.1971830985915493,0.05889566640314108,667,I feel like you're just paying me lip service.
919,3078,2,10,59,71,1.1971830985915493,0.05537404657552627,667,I feel pursed.
855,3078,3,8,60,71,1.1971830985915493,0.05889566640314108,667,I fear I’ll be consumed by the next woman I lie with.
745,3078,3,8,60,71,1.1971830985915493,0.05889566640314108,667,"If all the world is a stage, I feel like I’m in the Rocky Horror Picture Show."
733,3078,1,12,58,71,1.1971830985915493,0.051612697538755165,667,"And in my dream, I'm being engulfed by a giant version of my mother's ruby-red lips. Am I crazy?"
720,3078,2,10,59,71,1.1971830985915493,0.05537404657552627,667,"No no no, I’m not a therapist. I’m a love doctor."
707,3078,3,8,60,71,1.1971830985915493,0.05889566640314108,667,Why do you say I’m getting lippy?
697,3078,1,12,58,71,1.1971830985915493,0.051612697538755165,667,"Sorry, not a Stones fan."
664,3078,3,8,60,71,1.1971830985915493,0.05889566640314108,667,I've just been feeling really lipless...
1281,3078,2,10,59,71,1.1971830985915493,0.05537404657552627,667,"Dr. Hippocrates, I can't believe that after getting your M. D. degree at Harvard and doing your residency at Johns Hopkins that you let your couch do the talking for you."
646,3078,3,8,60,71,1.1971830985915493,0.05889566640314108,667,Are you just paying me lip service doc?
517,3078,2,10,59,71,1.1971830985915493,0.05537404657552627,667,"In these nightmares, my ex-wife opens her big mouth and swallows me."
443,3078,3,8,60,71,1.1971830985915493,0.05889566640314108,667,I'm not wasting our time in the suite. Getting you to listen IS my fantasy.
375,3078,3,8,60,71,1.1971830985915493,0.05889566640314108,667,Why is this couch shaped like lips?
300,3078,2,10,59,71,1.1971830985915493,0.05537404657552627,667,I do like this couch better than the brown one.
216,3078,0,14,57,71,1.1971830985915493,0.04755476905953276,667,Sometimes I feel like everyone's just paying me lip service.
207,3078,2,10,59,71,1.1971830985915493,0.05537404657552627,667,And I thought my mother-in-law had a big mouth.
82,3078,2,10,59,71,1.1971830985915493,0.05537404657552627,667,They say you're the best to help me kiss my blues good-bye.
65,3078,2,10,59,71,1.1971830985915493,0.05537404657552627,667,I think I forgot to kiss my wife goodbye.
24,3078,1,12,58,71,1.1971830985915493,0.051612697538755165,667,This one is much more comfortable than the Jung.
14,3078,1,12,58,71,1.1971830985915493,0.051612697538755165,667,It’s just lip service
578,3078,2,10,59,71,1.1971830985915493,0.05537404657552627,667,"Yeah, the issue is definitely my mother..."
1300,3078,4,6,61,71,1.1971830985915493,0.06221827712169158,667,"And then my wife said 'If you don't like m shade of lipstick, I'm leaving you.'"
592,3078,1,12,58,71,1.1971830985915493,0.051612697538755165,667,"I feel like I should gloss over my childhood, for some reason."
2209,3078,3,8,60,71,1.1971830985915493,0.05889566640314108,667,"and I feel like I’m about to be swallowed whole by a giant woman with thick, ruby lips."
2580,3078,3,8,60,71,1.1971830985915493,0.05889566640314108,667,Every day with her is like being eaten alive.
2559,3078,1,12,58,71,1.1971830985915493,0.051612697538755165,667,I bet I can guess who your most famous patient is.
2543,3078,1,12,58,71,1.1971830985915493,0.051612697538755165,667,"I think maybe we're both going through some sort of crisis, Doc."
2484,3078,2,10,59,71,1.1971830985915493,0.05537404657552627,667,I'm feeling very euphoric and overly warm.
2443,3078,0,14,57,71,1.1971830985915493,0.04755476905953276,667,I feel I've taken quite a lickin' in my life
2363,3078,4,6,61,71,1.1971830985915493,0.06221827712169158,667,"Doctor, my dog gets more “likes” in Facebook than I do!"
2219,3078,4,6,61,71,1.1971830985915493,0.06221827712169158,667,"I need to tell you something,Dr."
2140,3078,3,8,60,71,1.1971830985915493,0.05889566640314108,667,‘So you think you are Mick Jagger? Tell me about it.’
2125,3078,2,10,59,71,1.1971830985915493,0.05537404657552627,667,Is Hot Lips Houlihan your wife?
2112,3078,2,10,59,71,1.1971830985915493,0.05537404657552627,667,Are you sure this is the best way to treat my fear of liposuction?
1339,3078,1,12,58,71,1.1971830985915493,0.051612697538755165,667,Why do I get the feeling you're trying to kiss up to me for more money?
2071,3078,2,10,59,71,1.1971830985915493,0.05537404657552627,667,I dread red!
2094,3078,2,10,59,71,1.1971830985915493,0.05537404657552627,667,This couch isn't helping with my psychosexual oral fixation.
1990,3078,1,12,58,71,1.1971830985915493,0.051612697538755165,667,Perhaps we should switch places. The choice of this couch could very well signify you have unresolved Oedipal issues.
1587,3078,4,6,61,71,1.1971830985915493,0.06221827712169158,667,"Are those booties for me"""
1620,3078,1,12,58,71,1.1971830985915493,0.051612697538755165,667,I think you're just doodling and not listening to a word I'm saying.
1631,3078,2,10,59,71,1.1971830985915493,0.05537404657552627,667,I think you should be here and I should be there !
2042,3078,2,10,59,71,1.1971830985915493,0.05537404657552627,667,I feel like she is devouring me!
1763,3078,1,12,58,71,1.1971830985915493,0.051612697538755165,667,You say you keep seeing mouths in inanimate objects?
1661,3078,1,12,58,71,1.1971830985915493,0.051612697538755165,667,I have this feeling of being sucked dry
1769,3078,1,12,58,71,1.1971830985915493,0.051612697538755165,667,"I appreciate the new couch but, honestly, I still feel unlovable."
1835,3078,1,12,58,71,1.1971830985915493,0.051612697538755165,667,"Just to be clear, I’m the Doctor, you’re the Patient, and my rate stays the same, right?"
1850,3078,3,8,60,71,1.1971830985915493,0.05889566640314108,667,Now can we talk about your issues?
4938,3201,0,19,78,97,1.1958762886597938,0.040505756818303394,667,Still feeling tight-lipped?
5292,3202,2,13,72,87,1.1954022988505748,0.04860821683203345,667,Don’t you have a less erotic couch.
2670,3203,1,12,59,72,1.1944444444444444,0.050964442209003306,667,I feel the love.
2018,3203,1,12,59,72,1.1944444444444444,0.050964442209003306,667,"Fine, let's talk about my oral fixation!"
2767,3203,1,12,59,72,1.1944444444444444,0.050964442209003306,667,I feel somehow like I'm kissing and telling.
2527,3203,1,12,59,72,1.1944444444444444,0.050964442209003306,667,"So, now that you are in my chair, I'll tell you about my mother."
1879,3203,3,8,61,72,1.1944444444444444,0.05813645141504052,667,What do mean lipstick fetish?
6139,3203,3,8,61,72,1.1944444444444444,0.05813645141504052,667,Does it feel balmy in here to you?
1722,3203,4,6,62,72,1.1944444444444444,0.0614091466303077,667,"I havetah say Doc- this lipstick sofa brings up the oddest thoughts !""                          JK Fuller, Genoa, NV"
1700,3203,3,8,61,72,1.1944444444444444,0.05813645141504052,667,I suppose this is the ONLY place I can kiss and tell.
2797,3203,0,14,58,72,1.1944444444444444,0.04696954399337483,667,It just feels like she is going to eat me alive sometimes?
1626,3203,4,6,62,72,1.1944444444444444,0.0614091466303077,667,I'll be bringing my own couch to all our sessions; it's the exact model and color of the one in my recurring dream.
1459,3203,1,12,59,72,1.1944444444444444,0.050964442209003306,667,"How is everything? Well, it's all right now. In fact, it's a gas."
1317,3203,1,12,59,72,1.1944444444444444,0.050964442209003306,667,I guess it all started with Hot Lips...
1307,3203,3,8,61,72,1.1944444444444444,0.05813645141504052,667,I simply cannot stop myself from talking smack.
1810,3203,2,10,60,72,1.1944444444444444,0.054668187059789194,667,Don't you have a couch that does not feel like it is eating me.
2963,3203,0,14,58,72,1.1944444444444444,0.04696954399337483,667,Don't talk to me about repressed sexuality; I'm not the one with the lips couch.
5196,3203,1,12,59,72,1.1944444444444444,0.050964442209003306,667,I told you...I don't kiss and tell.
3317,3203,3,8,61,72,1.1944444444444444,0.05813645141504052,667,My old fashioned angst feels so out of place on this couch
5603,3203,2,10,60,72,1.1944444444444444,0.054668187059789194,667,Didn’t you say you specialized in anal fixations?
5596,3203,1,12,59,72,1.1944444444444444,0.050964442209003306,667,I fear having my psychosis swallow me whole.
5355,3203,2,10,60,72,1.1944444444444444,0.054668187059789194,667,Are you going to give me a sweetheart deal?
1233,3203,3,8,61,72,1.1944444444444444,0.05813645141504052,667,"'Is it true what I heard, satisfaction guaranteed or your mania back?'"
5201,3203,3,8,61,72,1.1944444444444444,0.05813645141504052,667,What on earth am I laying on? It doesn't look like anything I've seen in my life.
5130,3203,3,8,61,72,1.1944444444444444,0.05813645141504052,667,'Is this your idea of creating intimacy in the post-MeToo era?
4897,3203,2,10,60,72,1.1944444444444444,0.054668187059789194,667,Read my lips. No new exes.
4893,3203,1,12,59,72,1.1944444444444444,0.050964442209003306,667,......and then I was consumed by her ruby red lips.
4789,3203,1,12,59,72,1.1944444444444444,0.050964442209003306,667,My newly enhanced Anima intuition is telling me it's time for a beer.  What do you think?
4546,3203,2,10,60,72,1.1944444444444444,0.054668187059789194,667,I can't stop thinking about my mother putting on her red lipstick.
4410,3203,2,10,60,72,1.1944444444444444,0.054668187059789194,667,"Whatever you're jotting down, I own the copyright."
4241,3203,3,8,61,72,1.1944444444444444,0.05813645141504052,667,I just can't talk freely about my fantasies without shag carpet.
4197,3203,3,8,61,72,1.1944444444444444,0.05813645141504052,667,I feel like I'm seeing lips wherever I go.
3944,3203,5,4,63,72,1.1944444444444444,0.06451604138965669,667,I guess it's comfortable. I'm just a bit nervous about what I'll lie down on after I finish my Oral Phase?
3393,3203,2,10,60,72,1.1944444444444444,0.054668187059789194,667,I have tremendous guilt over the extra cost of the color run.
3001,3203,1,12,59,72,1.1944444444444444,0.050964442209003306,667,She said that I was the kiss of death; do you think she meant that literally
1226,3203,1,12,59,72,1.1944444444444444,0.050964442209003306,667,"I feel that all everyone gives me is lip service."""
4036,3203,1,12,59,72,1.1944444444444444,0.050964442209003306,667,"I don't mean to gloss over everything, doc."
1190,3203,3,8,61,72,1.1944444444444444,0.05813645141504052,667,"Can't you hear me knocking??  I got the blues and a bunch of dead flowers. You gotta give me some brown sugar now, Bitch, so I can go ride my wild horses!  Now ask me another dumb question..."
2033,3203,2,10,60,72,1.1944444444444444,0.054668187059789194,667,I feel I'm about to be eaten by my mother.
482,3203,1,12,59,72,1.1944444444444444,0.050964442209003306,667,"Look Doc, my life isn't just a bed of roses."
5599,3203,4,6,62,72,1.1944444444444444,0.0614091466303077,667,I'm gonna fuck the couch
1220,3203,2,10,60,72,1.1944444444444444,0.054668187059789194,667,"Sublimation, my ass. Somebody keeps saying ""who wants kisses?""."
3,3203,1,12,59,72,1.1944444444444444,0.050964442209003306,667,Are you sure this is the right place to talk about my intimacy issues?
22,3203,1,12,59,72,1.1944444444444444,0.050964442209003306,667,"I can't quite explain, but it's as if I'm being consumed by a not particularly subtle emblem of desire."
1605,3203,2,10,60,72,1.1944444444444444,0.054668187059789194,667,What in the world are you holding?!
179,3203,0,14,58,72,1.1944444444444444,0.04696954399337483,667,Something tells me you're about to give me the big kiss-off like everybody else.
895,3203,3,8,61,72,1.1944444444444444,0.05813645141504052,667,I think we're getting to the bottom of the surreal issues here.
884,3203,3,8,61,72,1.1944444444444444,0.05813645141504052,667,"I thought about therapy, but then I realized furniture sales was more ""me."""
269,3203,1,12,59,72,1.1944444444444444,0.050964442209003306,667,I can't shake the feeling that I'm just getting lip service from you.
497,3203,1,12,59,72,1.1944444444444444,0.050964442209003306,667,"Quite frankly doctor, my world was gray and lifeless untilI started therapy with you"
108,3203,3,8,61,72,1.1944444444444444,0.05813645141504052,667,"When all you have is this couch, everything looks like oral fixation."
4093,3252,2,9,56,67,1.1940298507462686,0.057218846267874955,667,and after each visit I have this strange dream that I am about to be bathed with saliva by a woman's tongue
4018,3252,2,9,56,67,1.1940298507462686,0.057218846267874955,667,"Doc, I don’t know why I can’t stop thinking about sex?"
4011,3252,3,7,57,67,1.1940298507462686,0.061043266644244185,667,"I don’t know why, but I feel like a complete fraud whenever I do something to spice up my life."
3999,3252,2,9,56,67,1.1940298507462686,0.057218846267874955,667,I've had this recurring hallucination sine the day I got the patent on Botox.
3828,3252,1,11,55,67,1.1940298507462686,0.053119792298663225,667,Hmmm...yet another of my patients is exhibiting signs of oral fixation.
3827,3252,2,9,56,67,1.1940298507462686,0.057218846267874955,667,What do you mean by ‘Freudian lips...’ I mean ‘slip’’?
3781,3252,3,7,57,67,1.1940298507462686,0.061043266644244185,667,Do you happen to have a couch in the shape of  buttocks ?
3724,3252,2,9,56,67,1.1940298507462686,0.057218846267874955,667,Coming here makes me realize how much my life sucks.
3717,3252,0,13,54,67,1.1940298507462686,0.04867677371683064,667,Is this French therapy?
3915,3252,2,9,56,67,1.1940298507462686,0.057218846267874955,667,"``Don't ever forget that I'm the one who's talking."""
3815,3252,2,9,56,67,1.1940298507462686,0.057218846267874955,667,"I want to make a clever Man Ray caption, 
but nothing comes to mind."
4191,3252,4,5,58,67,1.1940298507462686,0.06464181647334705,667,But you promised what I say would go directly to God's ear.
4161,3252,2,9,56,67,1.1940298507462686,0.057218846267874955,667,"*...and a full page ad in the furnishing section of The Psychoanalytic Journal."""
3674,3252,1,11,55,67,1.1940298507462686,0.053119792298663225,667,I feel like everyone just gives me lip service
4201,3252,4,5,58,67,1.1940298507462686,0.06464181647334705,667,Hope you guess my name.
4252,3252,1,11,55,67,1.1940298507462686,0.053119792298663225,667,Would you mind writing down my grocery list before I forget it?
4264,3252,3,7,57,67,1.1940298507462686,0.061043266644244185,667,"I'm sorry Doc. I like the bottom part, but the upper section is a little stiff."
4267,3252,1,11,55,67,1.1940298507462686,0.053119792298663225,667,My wife thinks I pay lip service to these sessions.
4335,3252,2,9,56,67,1.1940298507462686,0.057218846267874955,667,I won't be staying for the anal phase
4373,3252,2,9,56,67,1.1940298507462686,0.057218846267874955,667,"Sir, I don't pay you to give me lip."
4379,3252,2,9,56,67,1.1940298507462686,0.057218846267874955,667,"I can’t find my smile, doc."
4386,3252,3,7,57,67,1.1940298507462686,0.061043266644244185,667,Teal would have been more calming.
4417,3252,2,9,56,67,1.1940298507462686,0.057218846267874955,667,I always feel like people are kissing my butt.
4472,3252,2,9,56,67,1.1940298507462686,0.057218846267874955,667,"Is this placebo effect or ""putting lipstick on a pig"" test?"
4486,3252,1,11,55,67,1.1940298507462686,0.053119792298663225,667,"I already told you, I don't kiss and tell!"
4113,3252,2,9,56,67,1.1940298507462686,0.057218846267874955,667,Maybe I was born with it. Maybe it’s Maybelline.
3664,3252,0,13,54,67,1.1940298507462686,0.04867677371683064,667,I feel increasingly insecure about my kissing.
3404,3252,2,9,56,67,1.1940298507462686,0.057218846267874955,667,I can't shake the feeling that everyone is sucking up to me.
3632,3252,0,13,54,67,1.1940298507462686,0.04867677371683064,667,I just want you to be comfortable as we analyze your oral fixation stage.
2779,3252,3,7,57,67,1.1940298507462686,0.061043266644244185,667,"Face it, we are both Mid-Century has-beens. Only the couch endures."
2883,3252,3,7,57,67,1.1940298507462686,0.061043266644244185,667,And then she just kissed me off!
2892,3252,2,9,56,67,1.1940298507462686,0.057218846267874955,667,Doctor...I think your obsession with Mick Jagger's lips is something you need to look at!
2930,3252,0,13,54,67,1.1940298507462686,0.04867677371683064,667,I never felt so loved.
2967,3252,1,11,55,67,1.1940298507462686,0.053119792298663225,667,What ‘s with this couch? Looks like the Love Shack in here!
2970,3252,2,9,56,67,1.1940298507462686,0.057218846267874955,667,This isn't exactly the lip service I was expecting.
2988,3252,3,7,57,67,1.1940298507462686,0.061043266644244185,667,I think I’m ready for the failure-shaped couch next week.
3008,3252,1,11,55,67,1.1940298507462686,0.053119792298663225,667,Draw me like one of your french girls.
3021,3252,0,13,54,67,1.1940298507462686,0.04867677371683064,667,"It's vague and symbolic, sure, but definitely a sex thing."
3045,3252,1,11,55,67,1.1940298507462686,0.053119792298663225,667,She took the green-blue color vision in the divorce.
3046,3252,4,5,58,67,1.1940298507462686,0.06464181647334705,667,"So, how long have you had these dreams of being a rose in a Spanish dancer's mouth?"
3127,3252,4,5,58,67,1.1940298507462686,0.06464181647334705,667,"I go to do the caption contest and all I see are therapists' couches, tell me Doc, am I crazy?"
3151,3252,2,9,56,67,1.1940298507462686,0.057218846267874955,667,I feel like life is about to swallow me up.
3205,3252,0,13,54,67,1.1940298507462686,0.04867677371683064,667,How common is this fixation you say I have?
3227,3252,1,11,55,67,1.1940298507462686,0.053119792298663225,667,...and then I turned into a giant tube of Cherry ChapStick®.
3233,3252,0,13,54,67,1.1940298507462686,0.04867677371683064,667,"I appreciate the more contemporary couch, but I'm feeling some pressure about which areas you feel I need to work on."
3237,3252,2,9,56,67,1.1940298507462686,0.057218846267874955,667,I'm still having the recurring dream about Mae West.
3258,3252,1,11,55,67,1.1940298507462686,0.053119792298663225,667,"She was glamorous, yes, but a bigmouth, my mother..."
3296,3252,2,9,56,67,1.1940298507462686,0.057218846267874955,667,I feel like something is about to swallow me whole.
3352,3252,3,7,57,67,1.1940298507462686,0.061043266644244185,667,My recurring nightmare is that I'm stuck in a Rolling Stones logo.
4533,3252,1,11,55,67,1.1940298507462686,0.053119792298663225,667,This isn’t helping with my mommy complex.
3433,3252,3,7,57,67,1.1940298507462686,0.061043266644244185,667,Did you say Hot Lips?
3482,3252,1,11,55,67,1.1940298507462686,0.053119792298663225,667,Just say’n...this is front-loading the whole free-association thing.
3524,3252,2,9,56,67,1.1940298507462686,0.057218846267874955,667,I can't stop dreaming I'm Marilyn Monroe.
3596,3252,3,7,57,67,1.1940298507462686,0.061043266644244185,667,What did you analyst say about your choice of a couch?
3659,3252,1,11,55,67,1.1940298507462686,0.053119792298663225,667,I keep dreaming about Angelina Jolie
4542,3252,1,11,55,67,1.1940298507462686,0.053119792298663225,667,I keep thinking I am Ferdinand the bull.
4774,3252,1,11,55,67,1.1940298507462686,0.053119792298663225,667,I have this continuing dream that I am Andy Warhol.
4577,3252,3,7,57,67,1.1940298507462686,0.061043266644244185,667,I was a cartoonist until stricken by political correctness.
5445,3252,1,11,55,67,1.1940298507462686,0.053119792298663225,667,Enough about me.  Were you deprived of love and attention as a child?
5491,3252,2,9,56,67,1.1940298507462686,0.057218846267874955,667,"Her lips tell me 'no, no,
But there's 'yes, yes' in her eyes."
5580,3252,1,11,55,67,1.1940298507462686,0.053119792298663225,667,"Add in a massage, and your rates will be worthwhile."
6217,3252,3,7,57,67,1.1940298507462686,0.061043266644244185,667,I keep having a recurring nightmare about being eaten alive.
6198,3252,2,9,56,67,1.1940298507462686,0.057218846267874955,667,"I’m sorry, nothing’s coming up. What about a chair with boobies on it?"
6165,3252,3,7,57,67,1.1940298507462686,0.061043266644244185,667,I’m not sure this is what Freud meant.
6135,3252,1,11,55,67,1.1940298507462686,0.053119792298663225,667,"Alexa, order sushi."
6091,3252,1,11,55,67,1.1940298507462686,0.053119792298663225,667,"Doc, do you ever have the inexplicable feeling that you could be swallowed up at any moment?"
6085,3252,3,7,57,67,1.1940298507462686,0.061043266644244185,667,"Pleased to meet you, Hope you Guess my Name."
6079,3252,2,9,56,67,1.1940298507462686,0.057218846267874955,667,I could use a big biss
6060,3252,0,13,54,67,1.1940298507462686,0.04867677371683064,667,I blame in on my Dada.
5582,3252,4,5,58,67,1.1940298507462686,0.06464181647334705,667,"If you add an ottoman to this couch, next week I can work on my fantasy of being a cigar smoked by a voluptuous beauty."
6054,3252,0,13,54,67,1.1940298507462686,0.04867677371683064,667,"I feel like everyone is only paying me lip service; even you, doc."
2729,3252,2,9,56,67,1.1940298507462686,0.057218846267874955,667,She kissed me and then I realized she probably was right-there must be 50 ways to leave your lover.
5990,3252,2,9,56,67,1.1940298507462686,0.057218846267874955,667,I just feel like all you are giving me is lip service.
5958,3252,1,11,55,67,1.1940298507462686,0.053119792298663225,667,I started by giving my wife lip service about my true feelings and now I just couch them as come what may.
5916,3252,2,9,56,67,1.1940298507462686,0.057218846267874955,667,"Of course, I'll  need a blue couch for when I'm feeling 
 sad."
5902,3252,1,11,55,67,1.1940298507462686,0.053119792298663225,667,"Doc just tell me like it is, I feel I’m getting lip service here"
5869,3252,1,11,55,67,1.1940298507462686,0.053119792298663225,667,and then she kissed me...
5857,3252,2,9,56,67,1.1940298507462686,0.057218846267874955,667,This couch is not helping me cope with my oral fixation.
5851,3252,1,11,55,67,1.1940298507462686,0.053119792298663225,667,"C'mon doctor, just try to relax and speak freely about anything in this role-reversal therapy session."
5771,3252,2,9,56,67,1.1940298507462686,0.057218846267874955,667,I know you say I'm ready to move on from the oral stage of development but I'm a little afraid of the sofa that goes with it.
5692,3252,1,11,55,67,1.1940298507462686,0.053119792298663225,667,"Something’s been eating at me, but I can’t quite figure out what it is."
5643,3252,2,9,56,67,1.1940298507462686,0.057218846267874955,667,"Well, now that you ask again, I do remember my mother's lips..."
5636,3252,1,11,55,67,1.1940298507462686,0.053119792298663225,667,I  just remember the smacking.
5443,3252,3,7,57,67,1.1940298507462686,0.061043266644244185,667,The lip service is an extra $100.
4575,3252,0,13,54,67,1.1940298507462686,0.04867677371683064,667,This heated couch sucks!
5434,3252,2,9,56,67,1.1940298507462686,0.057218846267874955,667,Now you're just kissing up to me!
5224,3252,1,11,55,67,1.1940298507462686,0.053119792298663225,667,"Have you ever heard about the saying of what to do on an airplane in case of an impending crash> it says while sitting , put your head between your legs and then ,kiss your ass goodbye."" Well that's how I feel now on this sofa talking to you"
4647,3252,0,13,54,67,1.1940298507462686,0.04867677371683064,667,And then I met my fourth wife...
4709,3252,2,9,56,67,1.1940298507462686,0.057218846267874955,667,Are you sure this is the interview for the Bachelor?
4760,3252,1,11,55,67,1.1940298507462686,0.053119792298663225,667,"Call me crazy, but I keep thinking of lips."
4768,3252,1,11,55,67,1.1940298507462686,0.053119792298663225,667,My complexes are on everyone's lips
5629,3252,0,13,54,67,1.1940298507462686,0.04867677371683064,667,I just feel like this year is eating me alive.
4796,3252,2,9,56,67,1.1940298507462686,0.057218846267874955,667,"What do you mean, say ""Aaah""?"
4815,3252,2,9,56,67,1.1940298507462686,0.057218846267874955,667,"My heart knows what the wild goose knows, and I must go where the wild goose goes."
4818,3252,2,9,56,67,1.1940298507462686,0.057218846267874955,667,I'd feel more comfortable on blue.
4829,3252,1,11,55,67,1.1940298507462686,0.053119792298663225,667,"You don’t understand, I feel like I’m being eaten alive!"
4859,3252,3,7,57,67,1.1940298507462686,0.061043266644244185,667,Everyone tells me I'm a kiss ass.  What to you see?
4896,3252,3,7,57,67,1.1940298507462686,0.061043266644244185,667,Can we trade places?
4921,3252,2,9,56,67,1.1940298507462686,0.057218846267874955,667,"By the way, your socks don't match."
4923,3252,1,11,55,67,1.1940298507462686,0.053119792298663225,667,It was a love as big as all indoors.
4930,3252,1,11,55,67,1.1940298507462686,0.053119792298663225,667,Maybe YOU can't always get what you want.
4932,3252,2,9,56,67,1.1940298507462686,0.057218846267874955,667,I can't wait to try your new oral fixation immersion therapy.
4956,3252,1,11,55,67,1.1940298507462686,0.053119792298663225,667,"Since seeing you I have this fear, each time we kiss, that her lips will devour me.  I can't imagine why."
4962,3252,2,9,56,67,1.1940298507462686,0.057218846267874955,667,"Well, I guess it’s been happening since you had me lie on a pair of huge red lips."
4967,3252,2,9,56,67,1.1940298507462686,0.057218846267874955,667,"And when she went back to Venus, all she left me was this couch."
5055,3252,2,9,56,67,1.1940298507462686,0.057218846267874955,667,"It's not really from my lips to you, is it?"
5077,3252,1,11,55,67,1.1940298507462686,0.053119792298663225,667,I dreamt I picked up the phone and a lobster bit my hand.
5120,3252,0,13,54,67,1.1940298507462686,0.04867677371683064,667,"I would like you to feel safe to ""speak your mind"""
5148,3252,2,9,56,67,1.1940298507462686,0.057218846267874955,667,I just want to write musicals about Transvestites and I don
5162,3252,1,11,55,67,1.1940298507462686,0.053119792298663225,667,"Back in the day, commies ran red states and loose lips sank ships. What's changed?"
5187,3252,1,11,55,67,1.1940298507462686,0.053119792298663225,667,I'm feeling a bit surreal these days
5212,3252,2,9,56,67,1.1940298507462686,0.057218846267874955,667,"Everywhere I go, I feel like a couch potato."
5318,3252,2,9,56,67,1.1940298507462686,0.057218846267874955,667,At least you're just taking notes...the last time a woman's lips were  all over me I was being videotaped!
2715,3252,1,11,55,67,1.1940298507462686,0.053119792298663225,667,Botox makes this couch feel like a king size bed
1582,3252,1,11,55,67,1.1940298507462686,0.053119792298663225,667,"Well, I do believe that your decorator has discovered a new color, but why do you need to know how that makes me feel?"
2689,3252,2,9,56,67,1.1940298507462686,0.057218846267874955,667,I simply feel like I'm being devoured.
906,3252,4,5,58,67,1.1940298507462686,0.06464181647334705,667,This won't work...I'm into Gothic women.
934,3252,2,9,56,67,1.1940298507462686,0.057218846267874955,667,"I like how you say ""Keep It Simple Stupid"" instead of ""How did that makes you feel."""
955,3252,1,11,55,67,1.1940298507462686,0.053119792298663225,667,got milk?
1006,3252,0,13,54,67,1.1940298507462686,0.04867677371683064,667,Why do I keep thinking of a Rolling Stones tour?
1035,3252,2,9,56,67,1.1940298507462686,0.057218846267874955,667,"I wish I were an Oscar Mayer Weiner
That is what I truly wish to be
Cause if I were a Oscar Mayer Weiner
Everyone would be in love
Oh everyone would be in love
Everyone would be in love with me"
1047,3252,2,9,56,67,1.1940298507462686,0.057218846267874955,667,"actually, Doc, the couch at home is just plain uncomfortable"
2705,3252,2,9,56,67,1.1940298507462686,0.057218846267874955,667,"Quit talking mishegas, Marty!  Not everything in life is symbolism."
1094,3252,1,11,55,67,1.1940298507462686,0.053119792298663225,667,When did you first begin thinking you were being eaten by a woman with red lipstick?
1104,3252,1,11,55,67,1.1940298507462686,0.053119792298663225,667,Loose lips sink psych trips.
904,3252,0,13,54,67,1.1940298507462686,0.04867677371683064,667,"Recently, I feel like I'm about to be swallowed whole."
1106,3252,1,11,55,67,1.1940298507462686,0.053119792298663225,667,Is this a new couch?
1286,3252,1,11,55,67,1.1940298507462686,0.053119792298663225,667,"I’ll tell my wife this was helpful, so now can I have the blue pills?"
1291,3252,2,9,56,67,1.1940298507462686,0.057218846267874955,667,Just lie back and relax you said?
1309,3252,1,11,55,67,1.1940298507462686,0.053119792298663225,667,"I'm beginning to understand what you mean by ""being too black and white"""
1335,3252,2,9,56,67,1.1940298507462686,0.057218846267874955,667,This doesn't help me with my confusion between my fixation with pole dancers and my mother's farewell kisses.
1351,3252,1,11,55,67,1.1940298507462686,0.053119792298663225,667,"I don't understand it, doctor. Since I started therapy I've developed an irrational fear of being bitten."
1381,3252,1,11,55,67,1.1940298507462686,0.053119792298663225,667,"I wanted to tell her to ""kiss my ass"""
1390,3252,1,11,55,67,1.1940298507462686,0.053119792298663225,667,"I've never said this before, when I come here have an urge to give you a kiss.  It somehow just comes over me?"
1402,3252,1,11,55,67,1.1940298507462686,0.053119792298663225,667,Are you suggesting something?
1439,3252,0,13,54,67,1.1940298507462686,0.04867677371683064,667,Every session my blues fad away.
1167,3252,1,11,55,67,1.1940298507462686,0.053119792298663225,667,Since it is contest #666 I will  just say that the devil made me do it.
1440,3252,0,13,54,67,1.1940298507462686,0.04867677371683064,667,Are you from OK Cupid?
898,3252,3,7,57,67,1.1940298507462686,0.061043266644244185,667,So whose plump red lips have been dreaming of?
779,3252,0,13,54,67,1.1940298507462686,0.04867677371683064,667,What makes you think I have an oral fixation?
155,3252,2,9,56,67,1.1940298507462686,0.057218846267874955,667,And then I had a craving for a tongue sandwich.
173,3252,2,9,56,67,1.1940298507462686,0.057218846267874955,667,Who is to blame if you say “labile” and I heard “labia”?
196,3252,2,9,56,67,1.1940298507462686,0.057218846267874955,667,Everything I see reminds me of The  Rolling Stones.
228,3252,2,9,56,67,1.1940298507462686,0.057218846267874955,667,Sharing this really chaps me.
248,3252,3,7,57,67,1.1940298507462686,0.061043266644244185,667,I don't know why it makes me think of her.
255,3252,1,11,55,67,1.1940298507462686,0.053119792298663225,667,"Hey Doc, should we change places""?"
283,3252,2,9,56,67,1.1940298507462686,0.057218846267874955,667,"I don't know, Doc. But every time I come here, I think I'm about to be swallowed up?"
287,3252,0,13,54,67,1.1940298507462686,0.04867677371683064,667,It feels like you're just providing lip service.
294,3252,1,11,55,67,1.1940298507462686,0.053119792298663225,667,"""You want me to remove my shoes, don""t you?"
791,3252,0,13,54,67,1.1940298507462686,0.04867677371683064,667,But was it ‘lip smacking good’?
295,3252,1,11,55,67,1.1940298507462686,0.053119792298663225,667,"Today I'd like to talk about why I can't get no satisfaction..."""
373,3252,2,9,56,67,1.1940298507462686,0.057218846267874955,667,"Just before the giant swallows me, I wake up and the nightmare starts all over again"
431,3252,2,9,56,67,1.1940298507462686,0.057218846267874955,667,I've been experiencing very sticky fingers lately.
474,3252,1,11,55,67,1.1940298507462686,0.053119792298663225,667,"You say, ""Love and Relationships."" I say, ""Kiss off."""
494,3252,1,11,55,67,1.1940298507462686,0.053119792298663225,667,"Ever since seeing JAWS, I've had this infantile fear of being eaten."
505,3252,2,9,56,67,1.1940298507462686,0.057218846267874955,667,Did you just blow me a kiss?
552,3252,2,9,56,67,1.1940298507462686,0.057218846267874955,667,"No, I don't care for Brussels Sprouts. Why do you ask?"
597,3252,2,9,56,67,1.1940298507462686,0.057218846267874955,667,"My mother, my father, and I all loved red"
712,3252,2,9,56,67,1.1940298507462686,0.057218846267874955,667,From these lips to God’s ears.
725,3252,2,9,56,67,1.1940298507462686,0.057218846267874955,667,I like diversity in your furniture.
345,3252,1,11,55,67,1.1940298507462686,0.053119792298663225,667,Why do I feel you are giving only lip service to my ideas?
1475,3252,1,11,55,67,1.1940298507462686,0.053119792298663225,667,Let me tell you what's really eating me.
1054,3252,2,9,56,67,1.1940298507462686,0.057218846267874955,667,"Maybe, we can continue this over a drink?"
2170,3252,4,5,58,67,1.1940298507462686,0.06464181647334705,667,"I'm guessing you're a Freudian, Doc."
2097,3252,0,13,54,67,1.1940298507462686,0.04867677371683064,667,I'm feeling quite aroused right now.
2129,3252,1,11,55,67,1.1940298507462686,0.053119792298663225,667,Every time I come here I feel a compulsion to sing Hello Dali...
2131,3252,1,11,55,67,1.1940298507462686,0.053119792298663225,667,Could I just turn over and whisper sweet nothings ?
2141,3252,0,13,54,67,1.1940298507462686,0.04867677371683064,667,"Really?
Sticky Fingers is my favorite Stones album too."
2172,3252,2,9,56,67,1.1940298507462686,0.057218846267874955,667,Do you have any matching pieces that go with the lip couch?
2227,3252,2,9,56,67,1.1940298507462686,0.057218846267874955,667,"Oh doctor, you are all about love, but I have consequences."
2298,3252,1,11,55,67,1.1940298507462686,0.053119792298663225,667,What are your credentials again? I found you by word of mouth. They said you’re a real therapist not a lip service.
2309,3252,3,7,57,67,1.1940298507462686,0.061043266644244185,667,Read my lips this is the original W casting couch...
2323,3252,2,9,56,67,1.1940298507462686,0.057218846267874955,667,"Her favorite song was ""Man Eater"""
2333,3252,2,9,56,67,1.1940298507462686,0.057218846267874955,667,"I think my oral fixation began in childhood...but it's nothing I can't overcome, right?"
2340,3252,2,9,56,67,1.1940298507462686,0.057218846267874955,667,"What lips my lips have kissed. What kiss my lips have missed. What miss my lips have felt. Forgive me, lips."
2425,3252,1,11,55,67,1.1940298507462686,0.053119792298663225,667,"From these lips to your ears, I need help"
1501,3252,1,11,55,67,1.1940298507462686,0.053119792298663225,667,I asked for a lemon twist!
2488,3252,1,11,55,67,1.1940298507462686,0.053119792298663225,667,Tell me about your dream.
2548,3252,0,13,54,67,1.1940298507462686,0.04867677371683064,667,"Doc, for the last time...I don't KNOW why I "" can't get no satisfaction."""
2552,3252,1,11,55,67,1.1940298507462686,0.053119792298663225,667,"Ever since I started seeing you, I keep dreaming about Botox."
2555,3252,1,11,55,67,1.1940298507462686,0.053119792298663225,667,Do have Tic Tacs?
2613,3252,4,5,58,67,1.1940298507462686,0.06464181647334705,667,So you think I have some sort of an oral fixation?
2674,3252,0,13,54,67,1.1940298507462686,0.04867677371683064,667,I think the sofa wants to go down on me. Am I crazy?
2083,3252,4,5,58,67,1.1940298507462686,0.06464181647334705,667,But what if I refuse to share my vulnerability?
2041,3252,2,9,56,67,1.1940298507462686,0.057218846267874955,667,I feel that all I am getting  from you is lip service
2120,3252,1,11,55,67,1.1940298507462686,0.053119792298663225,667,An oral fixation? What makes you say that?
1724,3252,1,11,55,67,1.1940298507462686,0.053119792298663225,667,My recurring dream is that giant lips are performing fellatio on my whole body.
1585,3252,2,9,56,67,1.1940298507462686,0.057218846267874955,667,The only difference between me and a madman is that I'm not mad.
1600,3252,3,7,57,67,1.1940298507462686,0.061043266644244185,667,Are you sure you can hear me??
1610,3252,4,5,58,67,1.1940298507462686,0.06464181647334705,667,I have no idea.
1611,3252,1,11,55,67,1.1940298507462686,0.053119792298663225,667,"If I stop talking, does it cost less?"
1615,3252,1,11,55,67,1.1940298507462686,0.053119792298663225,667,I was accused of giving my patients lip service so I just stopped fighting it.
1619,3252,2,9,56,67,1.1940298507462686,0.057218846267874955,667,Remind me to pick up some lipstick for my wife after the session.
1666,3252,1,11,55,67,1.1940298507462686,0.053119792298663225,667,This feels like a bad setting for rejection therapy.
2012,3252,1,11,55,67,1.1940298507462686,0.053119792298663225,667,These sessions are definitely helping me adjust to her lip.
1786,3252,2,9,56,67,1.1940298507462686,0.057218846267874955,667,"So, what's the deal with red couches shaped like lips?"
1848,3252,1,11,55,67,1.1940298507462686,0.053119792298663225,667,"No, this makes me feel less comfortable."
1870,3252,1,11,55,67,1.1940298507462686,0.053119792298663225,667,It's gone beyond my relationship with my Mom. Now I'm seeing red on all topics.
1873,3252,2,9,56,67,1.1940298507462686,0.057218846267874955,667,What if it was the anal stage?
1913,3252,2,9,56,67,1.1940298507462686,0.057218846267874955,667,"It should be a rock and roll reference about the couch being like lips, but it is caption contest number 666, so the hell with it."
1976,3252,3,7,57,67,1.1940298507462686,0.061043266644244185,667,I feel I am constantly chewed by my wife. I see her lips everywhere.
1981,3252,1,11,55,67,1.1940298507462686,0.053119792298663225,667,I forget which pill it was . . .  all I can think of right now is Mother's Little Helper.
1992,3252,1,11,55,67,1.1940298507462686,0.053119792298663225,667,"And you said my complex was edible?"""
2002,3252,2,9,56,67,1.1940298507462686,0.057218846267874955,667,Why do you keep asking me questions about furniture?
1869,3252,3,7,57,67,1.1940298507462686,0.061043266644244185,667,I don't know if my wife's going to like this.
5029,3457,0,15,63,78,1.1923076923076923,0.04491340062470325,667,"Initially, I was ambivalent about lip balm."
1086,3458,1,12,60,73,1.1917808219178083,0.05033198101609271,667,"Doc, I’ve got this strong urge to kiss my pillow.”
Jacqueline Moran, Canada"
1845,3458,1,12,60,73,1.1917808219178083,0.05033198101609271,667,"New address, new couch - what's up, doc?"
2007,3458,3,8,62,73,1.1917808219178083,0.05739637027386547,667,"It's just that every time I come in, I feel I revert back to my oral-fixated ways."
4207,3458,4,6,63,73,1.1917808219178083,0.06062063035320436,667,In order to work on your delusional disorder I'll need my seat back.
5272,3462,1,11,56,68,1.1911764705882353,0.052410519678289844,667,Do others who lie here express an urge to kiss their therapist?
5061,3462,1,11,56,68,1.1911764705882353,0.052410519678289844,667,You have quite the mouth on you.
5703,3462,1,11,56,68,1.1911764705882353,0.052410519678289844,667,I just can’t seem to open up.
5749,3462,1,11,56,68,1.1911764705882353,0.052410519678289844,667,I promise you it's pure coincidence. I didn't plan for the couch to look like a set of lips and we're here because your wife is giving you the silent treatment.
2222,3462,2,9,57,68,1.1911764705882353,0.056443282467648626,667,Kardashian addiction conversion therapy is no joke
6031,3462,1,11,56,68,1.1911764705882353,0.052410519678289844,667,I feel like I’m on everyone’s lips.
2132,3462,0,13,55,68,1.1911764705882353,0.048040410179077814,667,"For some reason my sex life has taken a definite turn for the better."""
2028,3462,3,7,58,68,1.1911764705882353,0.060206525381366546,667,It's easier to talk to you compared to my previous therapists.
1885,3462,0,13,55,68,1.1911764705882353,0.048040410179077814,667,"Sorry doc, but I don’t think this is going to help me with my oral fixation..."
1751,3462,2,9,57,68,1.1911764705882353,0.056443282467648626,667,Moving from  furniture design to counselling! WOW
5840,3462,3,7,58,68,1.1911764705882353,0.060206525381366546,667,Is this couch a bob-o-pedic?
4703,3462,3,7,58,68,1.1911764705882353,0.060206525381366546,667,Would it alarm you if I said your couch is licking me?
2572,3462,2,9,57,68,1.1911764705882353,0.056443282467648626,667,These new Botox couches are really comfortable
4203,3462,1,11,56,68,1.1911764705882353,0.052410519678289844,667,Even this chaps my butt.
1559,3462,2,9,57,68,1.1911764705882353,0.056443282467648626,667,"I've been feeling pretty blue lately, and no one seems to understand."
2382,3462,1,11,56,68,1.1911764705882353,0.052410519678289844,667,I keep seeing two giant red lips trying to kiss me.
2576,3462,2,9,57,68,1.1911764705882353,0.056443282467648626,667,"I just have a headache, and you want me to write a will?"
2605,3462,1,11,56,68,1.1911764705882353,0.052410519678289844,667,I used to think fifty shades of grey was exciting until I came here?
2655,3462,3,7,58,68,1.1911764705882353,0.060206525381366546,667,I can’t believe I said that.
3276,3462,3,7,58,68,1.1911764705882353,0.060206525381366546,667,Mind if I snore a little?
4245,3462,1,11,56,68,1.1911764705882353,0.052410519678289844,667,"Is everything about sex, doc?"
3281,3462,3,7,58,68,1.1911764705882353,0.060206525381366546,667,This couch doesn't feel all that comfortable. Let's switch places.
3431,3462,1,11,56,68,1.1911764705882353,0.052410519678289844,667,I feel like I'm running off at the mouth.
3686,3462,1,11,56,68,1.1911764705882353,0.052410519678289844,667,I’m having Delusions of Jagger.
3803,3462,2,9,57,68,1.1911764705882353,0.056443282467648626,667,Note to self: Extend Senior Discount
4092,3462,2,9,57,68,1.1911764705882353,0.056443282467648626,667,Your couch may reveal a lot about you.
4110,3462,3,7,58,68,1.1911764705882353,0.060206525381366546,667,"I'm having vivid hallucinations and I'm a little nervous about what's coming next, Dr. Lipschitz."
2158,3462,0,13,55,68,1.1911764705882353,0.048040410179077814,667,"Somehow, this couch makes my unease with women even worse."
3320,3462,0,13,55,68,1.1911764705882353,0.048040410179077814,667,Tell me more about this oral fixation...
1487,3462,2,9,57,68,1.1911764705882353,0.056443282467648626,667,"You're a Freudian, aren't you."
6185,3462,1,11,56,68,1.1911764705882353,0.052410519678289844,667,Why does your couch feel moist?
1205,3462,2,9,57,68,1.1911764705882353,0.056443282467648626,667,I'm sure I misheard you. What did you say the couch design will be when we move on to the next stage of psychosexual development?
1127,3462,2,9,57,68,1.1911764705882353,0.056443282467648626,667,Prescription says - To lean on red lips is the panacea for ailing dotage.
939,3462,0,13,55,68,1.1911764705882353,0.048040410179077814,667,I have this recurring dream of being eaten alive.
346,3462,3,7,58,68,1.1911764705882353,0.060206525381366546,667,For now there's no formal diagnosis in the DSM regarding feeling like a human bite plate.  But give it time.
293,3462,2,9,57,68,1.1911764705882353,0.056443282467648626,667,"I know this new couch is better, but I want to complain about it anyway."
206,3462,3,7,58,68,1.1911764705882353,0.060206525381366546,667,And you wanted me to open up.
1362,3462,0,13,55,68,1.1911764705882353,0.048040410179077814,667,"Actually, I thought I was getting liposuction."
2851,3500,1,12,61,74,1.1891891891891893,0.04971475717491745,667,I don't know.  Sometimes I feel as if I'm going to be swallowed whole.
1874,3501,1,11,58,70,1.1857142857142857,0.05104642933009962,667,Why are you so down in the mouth?
949,3501,1,11,58,70,1.1857142857142857,0.05104642933009962,667,"I told you : The truth , not lip service..."
2603,3501,1,11,58,70,1.1857142857142857,0.05104642933009962,667,I have a fear of being swallowed.
5952,3504,2,8,55,65,1.1846153846153846,0.05756395979652216,667,I take it you specialize in philtrum depression.
4247,3504,1,10,54,65,1.1846153846153846,0.053224432704223244,667,Are you sitting in a nostril?
4173,3504,1,10,54,65,1.1846153846153846,0.053224432704223244,667,What's the conversation starter in your office......Dr. Mitty?
4149,3504,2,8,55,65,1.1846153846153846,0.05756395979652216,667,May I have the phone number of the store who provided your sofa.
4062,3504,0,12,53,65,1.1846153846153846,0.048498154665071104,667,I can't seem to relax. I worry that I'll be swallowed alive.
4034,3504,1,10,54,65,1.1846153846153846,0.053224432704223244,667,It's a recurring dream that I'm about to be swallowed by a giant woman.
3990,3504,1,10,54,65,1.1846153846153846,0.053224432704223244,667,I hoped you might have an ear for my problem.
3918,3504,0,12,53,65,1.1846153846153846,0.048498154665071104,667,Is this how you force men to admit they're gay?
3874,3504,0,12,53,65,1.1846153846153846,0.048498154665071104,667,I can't help but feeling that I have to perform.
3833,3504,3,6,56,65,1.1846153846153846,0.06159852837710371,667,And I think we both think about this red couch too much.
3811,3504,2,8,55,65,1.1846153846153846,0.05756395979652216,667,I've sunk into the lips of luxury.
3730,3504,0,12,53,65,1.1846153846153846,0.048498154665071104,667,Unconscious fear of being swallowed whole does not necessarily translate into an impulse to spit it all out.
3657,3504,1,10,54,65,1.1846153846153846,0.053224432704223244,667,Did you write down that I save my fingernail clippings?
3620,3504,2,8,55,65,1.1846153846153846,0.05756395979652216,667,Since I've been seeing you everything I touch reminds me of sex.
3545,3504,2,8,55,65,1.1846153846153846,0.05756395979652216,667,I just want to kiss myself goodbye
3444,3504,1,10,54,65,1.1846153846153846,0.053224432704223244,667,Anything you say here is confidential. Trust me these lips are sealed
3377,3504,3,6,56,65,1.1846153846153846,0.06159852837710371,667,I can feel the ships sinking.
3184,3504,0,12,53,65,1.1846153846153846,0.048498154665071104,667,"Lately I feel like I'm a lying, big mouth, suit."
3177,3504,1,10,54,65,1.1846153846153846,0.053224432704223244,667,I sometimes only give lip service to my wife's harangues.
2983,3504,1,10,54,65,1.1846153846153846,0.053224432704223244,667,"No, I’m not familiar with the Venus flytrap method"
2918,3504,3,6,56,65,1.1846153846153846,0.06159852837710371,667,I see a red door and I want it painted black.
2860,3504,2,8,55,65,1.1846153846153846,0.05756395979652216,667,Why do I feel this is all lip service?
2787,3504,1,10,54,65,1.1846153846153846,0.053224432704223244,667,In my nightmares I am devoured by a gigantic luscious temptress.
2553,3504,2,8,55,65,1.1846153846153846,0.05756395979652216,667,Thank's for seeing me Doc.  It's hard to find a good shrink in the Poconos.
2200,3504,1,10,54,65,1.1846153846153846,0.053224432704223244,667,"And to this day, I can still feel the tenderness of he lips!"
2149,3504,2,8,55,65,1.1846153846153846,0.05756395979652216,667,Am I talking now or lip syncing?
4366,3504,0,12,53,65,1.1846153846153846,0.048498154665071104,667,This red couch stands out against the rest of your decor.
5971,3504,1,10,54,65,1.1846153846153846,0.053224432704223244,667,"Are you sure this helps with my Oedipus issues, doc?"
4374,3504,1,10,54,65,1.1846153846153846,0.053224432704223244,667,"Don't worry, my lips are sealed."
4543,3504,2,8,55,65,1.1846153846153846,0.05756395979652216,667,This is so ironic because I have a lipstick fetish!
5847,3504,2,8,55,65,1.1846153846153846,0.05756395979652216,667,I keep imagining a world without Trump.  Am I delusional or just hopeful?
5984,3504,2,8,55,65,1.1846153846153846,0.05756395979652216,667,"Well to start, I'm partially colourblind."
5600,3504,1,10,54,65,1.1846153846153846,0.053224432704223244,667,I don’t think your paying attention.
5583,3504,0,12,53,65,1.1846153846153846,0.048498154665071104,667,Is this couch supposed to keep me from feeling blue?
5574,3504,1,10,54,65,1.1846153846153846,0.053224432704223244,667,Can I get a kiss?
5568,3504,2,8,55,65,1.1846153846153846,0.05756395979652216,667,Are you color blind Doc?
5497,3504,1,10,54,65,1.1846153846153846,0.053224432704223244,667,I can't talk...loose lips sink ships!
5456,3504,0,12,53,65,1.1846153846153846,0.048498154665071104,667,I'm lovesick and your couch isn't helping.
5444,3504,2,8,55,65,1.1846153846153846,0.05756395979652216,667,And I’d be crazy not to wish Bob a happy birthday.
5359,3504,0,12,53,65,1.1846153846153846,0.048498154665071104,667,Are you charging me extra for the lip service?
5328,3504,2,8,55,65,1.1846153846153846,0.05756395979652216,667,"About that recurrent dream, where I'm being swallowed by two fat red lips..."""
5236,3504,1,10,54,65,1.1846153846153846,0.053224432704223244,667,"I just don't like it when you make me sit on the ""Pouty Couch."""
4993,3504,1,10,54,65,1.1846153846153846,0.053224432704223244,667,Is this your way of telling me this is my last session?
6075,3504,1,10,54,65,1.1846153846153846,0.053224432704223244,667,And then I took my master's in Oral Lit....
6125,3504,0,12,53,65,1.1846153846153846,0.048498154665071104,667,"That is what I am trying to convince them about, it is not just lip service."
4988,3504,0,12,53,65,1.1846153846153846,0.048498154665071104,667,Don't take me for some cheap date. Negroni first; then I kiss + tell.
4972,3504,2,8,55,65,1.1846153846153846,0.05756395979652216,667,It’s a form of reverse psychology.
4902,3504,1,10,54,65,1.1846153846153846,0.053224432704223244,667,"Now I get it; ""from the mouths of BABES"" - good one doc!"
4809,3504,1,10,54,65,1.1846153846153846,0.053224432704223244,667,Do you have to write down the really bad stuff?
4767,3504,0,12,53,65,1.1846153846153846,0.048498154665071104,667,I’m finally feeling they’re kissing up to me.
6126,3504,3,6,56,65,1.1846153846153846,0.06159852837710371,667,I've suddenly developed an oral fixation.
2111,3504,1,10,54,65,1.1846153846153846,0.053224432704223244,667,"It's like I see red lips everywhere, doc."
4728,3504,1,10,54,65,1.1846153846153846,0.053224432704223244,667,"Why do I feel like 
that this is a ""kiss-and-tell"" session?"
4713,3504,1,10,54,65,1.1846153846153846,0.053224432704223244,667,So how exactly does this work again?
4634,3504,1,10,54,65,1.1846153846153846,0.053224432704223244,667,"I'll take no more of your lip, doctor"
4426,3504,2,8,55,65,1.1846153846153846,0.05756395979652216,667,*Patient seems to lack interest in my Harvard stories*
2108,3504,1,10,54,65,1.1846153846153846,0.053224432704223244,667,Did I mention that I have this recurring nightmare that I'm being eaten alive by a woman wearing bright red lipstick?
2923,3504,1,10,54,65,1.1846153846153846,0.053224432704223244,667,"Doctor, I see you have a lip fetish too."
1977,3504,2,8,55,65,1.1846153846153846,0.05756395979652216,667,"To couch this in terms you'll understand, your ""sofa, so good"" comment does not settee well with me."
978,3504,1,10,54,65,1.1846153846153846,0.053224432704223244,667,Take down that I've conquered lip phobia.
921,3504,1,10,54,65,1.1846153846153846,0.053224432704223244,667,"Before we start, I must tell you, like the bulls, the color red motivates me to violence."
891,3504,2,8,55,65,1.1846153846153846,0.05756395979652216,667,"I just feel like life's eating me alive right now, Doc. It's surreal."
832,3504,1,10,54,65,1.1846153846153846,0.053224432704223244,667,I just came to remove my wisdom tooth.
820,3504,1,10,54,65,1.1846153846153846,0.053224432704223244,667,I think my problems started with loose lips.
806,3504,2,8,55,65,1.1846153846153846,0.05756395979652216,667,So you don't take PayPal ?
625,3504,1,10,54,65,1.1846153846153846,0.053224432704223244,667,Thanks for seeing me on such short notice Dr. Lipsy.
449,3504,1,10,54,65,1.1846153846153846,0.053224432704223244,667,You mean that? It feels like only lip service to me.
380,3504,1,10,54,65,1.1846153846153846,0.053224432704223244,667,Have you ever thought about swapping roles?
290,3504,2,8,55,65,1.1846153846153846,0.05756395979652216,667,I was told you have the best lips in the business
202,3504,1,10,54,65,1.1846153846153846,0.053224432704223244,667,Are you just giving me lip service?
197,3504,0,12,53,65,1.1846153846153846,0.048498154665071104,667,I'm not sure you're asking the right questions.
160,3504,2,8,55,65,1.1846153846153846,0.05756395979652216,667,I hope they don't realize the lobby couch is missing.
150,3504,2,8,55,65,1.1846153846153846,0.05756395979652216,667,I feel like I’m being eaten alive.
2038,3504,2,8,55,65,1.1846153846153846,0.05756395979652216,667,I feel reborn
1108,3504,1,10,54,65,1.1846153846153846,0.053224432704223244,667,It feels like time is just melting away.
1201,3504,2,8,55,65,1.1846153846153846,0.05756395979652216,667,She left me but I can't seem to get those lips out of my mind!
367,3504,0,12,53,65,1.1846153846153846,0.048498154665071104,667,"Fun childhood, swell teen age years, conflict free adulthood, and you want me to tell you how to live"
1809,3504,2,8,55,65,1.1846153846153846,0.05756395979652216,667,How long have you had your Mick Jagger complex?
1206,3504,1,10,54,65,1.1846153846153846,0.053224432704223244,667,Is this your way of suggesting I’m putting lipstick on a pig?
1209,3504,2,8,55,65,1.1846153846153846,0.05756395979652216,667,I keep having nightmares of a bar tender raising my taxes.
1229,3504,0,12,53,65,1.1846153846153846,0.048498154665071104,667,I feel fine but lately I have this strange fear of being swallowed.
1254,3504,2,8,55,65,1.1846153846153846,0.05756395979652216,667,You know what else chaps my ass?
1350,3504,1,10,54,65,1.1846153846153846,0.053224432704223244,667,"And in my dream my mother had thick, luscious lips..."
1525,3504,1,10,54,65,1.1846153846153846,0.053224432704223244,667,Not that there’s anything wrong with that.
1539,3504,2,8,55,65,1.1846153846153846,0.05756395979652216,667,You say you feel like you are in a time warp... again?
1565,3504,2,8,55,65,1.1846153846153846,0.05756395979652216,667,"It is okay to eat or drink on the sofa, my lips are sealed."
1922,3504,0,12,53,65,1.1846153846153846,0.048498154665071104,667,The love seat is not bring us any closer together.
1683,3504,2,8,55,65,1.1846153846153846,0.05756395979652216,667,I can't wait to see how you treat a case of the blues.
1755,3504,2,8,55,65,1.1846153846153846,0.05756395979652216,667,I feel as if the whole earth is about to swallow me up whole.
1765,3504,1,10,54,65,1.1846153846153846,0.053224432704223244,667,I don't know why....I keep thinking of my devouring mother.
1968,3504,1,10,54,65,1.1846153846153846,0.053224432704223244,667,It was all so surreal.
1202,3504,0,12,53,65,1.1846153846153846,0.048498154665071104,667,Did Freud's mother wear lipstick?
1719,3596,2,10,64,76,1.1842105263157894,0.052013919580258215,667,I keep having dreams of a sexual nature regarding your couch.
5628,3597,2,9,60,71,1.1830985915492958,0.054236456570277786,667,So it all began when Grandma suddenly started kissing us on the lips.
4035,3597,2,9,60,71,1.1830985915492958,0.054236456570277786,667,So far all I've gotten is lip service.
1280,3597,1,11,59,71,1.1830985915492958,0.050390264281685394,667,My mother this color lipstick. I'll bring my yoga mat next time.
2635,3597,0,13,58,71,1.1830985915492958,0.046225147349214256,667,I must admit that I like the new office.
3746,3601,2,8,56,66,1.1818181818181819,0.05675404305280447,667,"No, it feels as if I’m on the tip of someone else’s tongue."
3818,3601,2,8,56,66,1.1818181818181819,0.05675404305280447,667,And sometimes a cigar is a couch shaped like lips made up like a Hollywood diva.
3606,3601,3,6,57,66,1.1818181818181819,0.060722498870188546,667,Is everything an oral fixation with you?!
3511,3601,2,8,56,66,1.1818181818181819,0.05675404305280447,667,This is the couch I use for my patients with celebrity delusions.
3425,3601,1,10,55,66,1.1818181818181819,0.052486388108147784,667,I seem to see her everywhere.
3841,3601,0,12,54,66,1.1818181818181819,0.047839528325837946,667,The hell with it!  Quit crying.  Now every person has to risk generic meds.  Just keep ruminating.
3473,3601,1,10,55,66,1.1818181818181819,0.052486388108147784,667,"So what, exactly, triggers your oral fixations?"
3925,3601,1,10,55,66,1.1818181818181819,0.052486388108147784,667,Why am I laying on lips?
3612,3601,3,6,57,66,1.1818181818181819,0.060722498870188546,667,"I know she found a lipstick stain on your shirt; but stop pouting, and move on!"
3396,3601,3,6,57,66,1.1818181818181819,0.060722498870188546,667,"See here, I'm paying you to listen, not to eat chocolate fingers!"
2336,3601,0,12,54,66,1.1818181818181819,0.047839528325837946,667,"For some reason, I don't feel funny about saying the word ""autoeroticism""."
3036,3601,1,10,55,66,1.1818181818181819,0.052486388108147784,667,"You know this is all just lip service, right?"
2995,3601,3,6,57,66,1.1818181818181819,0.060722498870188546,667,I’m feeling blue and highly partisan.
2953,3601,0,12,54,66,1.1818181818181819,0.047839528325837946,667,"I know Freud said”Psychoanalysis is, in essence, a cure through love,” but this is a bit much, don’t you think?"
2664,3601,1,10,55,66,1.1818181818181819,0.052486388108147784,667,Work has really swallowed me up these past couple of weeks.”
2658,3601,1,10,55,66,1.1818181818181819,0.052486388108147784,667,"I have problems with pretty women, their red lips haunted me all the time, I felt they were swallowing me alive."
2485,3601,0,12,54,66,1.1818181818181819,0.047839528325837946,667,That’s all I want. Just a kiss. Is that too much to ask?
2459,3601,1,10,55,66,1.1818181818181819,0.052486388108147784,667,Every week after our session I have a recurring nightmare that Mic Jagger is trying to eat me.
2186,3601,2,8,56,66,1.1818181818181819,0.05675404305280447,667,FROM YOUR LIPS TO MY EARS
3969,3601,0,12,54,66,1.1818181818181819,0.047839528325837946,667,"No matter what I'm doing, I can't stop thinking about the Rolling Stones."
2313,3601,1,10,55,66,1.1818181818181819,0.052486388108147784,667,From your couch to God’s ears.
3136,3601,2,8,56,66,1.1818181818181819,0.05675404305280447,667,Tell me again why I am paying you just for lip service?
4142,3601,2,8,56,66,1.1818181818181819,0.05675404305280447,667,Lately I've been feeling like all I get is lip service.
4860,3601,1,10,55,66,1.1818181818181819,0.052486388108147784,667,"You want to know if this feels more authentic than the stiletto chair?"""
4237,3601,1,10,55,66,1.1818181818181819,0.052486388108147784,667,Is it Ok with you if I floss?
4589,3601,3,6,57,66,1.1818181818181819,0.060722498870188546,667,"Wake me up when you’re done, I’ll proof read your script."
2139,3601,0,12,54,66,1.1818181818181819,0.047839528325837946,667,Am I crazy or does your couch put out?
4432,3601,2,8,56,66,1.1818181818181819,0.05675404305280447,667,"The timing couldn't have been better, Doc. I had just hit rock bottom right when you asked me to come up and see you some time."
4655,3601,0,12,54,66,1.1818181818181819,0.047839528325837946,667,"I hear, doc, that you specialize in oral fixations."
4683,3601,1,10,55,66,1.1818181818181819,0.052486388108147784,667,Feel like I’m sailing to Xanadu...
4782,3601,2,8,56,66,1.1818181818181819,0.05675404305280447,667,I’m feeling very uncomfortable talking about mom
4341,3601,1,10,55,66,1.1818181818181819,0.052486388108147784,667,Everywhere I go it seems there’s something that reminds me of my ex.
4869,3601,2,8,56,66,1.1818181818181819,0.05675404305280447,667,"Was it Keith Richards who gave you this couch?"""
4871,3601,1,10,55,66,1.1818181818181819,0.052486388108147784,667,... feels like I'm having the life sucked right out of me.
4979,3601,1,10,55,66,1.1818181818181819,0.052486388108147784,667,Everything stil seems dark blue to me.
5336,3601,1,10,55,66,1.1818181818181819,0.052486388108147784,667,"In my dream, my mother 's giant red lipstick mouth looks like she is going to kiss me, but she swallow me alive, and I wake up talking to my psychiatrist."
5398,3601,1,10,55,66,1.1818181818181819,0.052486388108147784,667,"I’m just as anxious even when I’m not erect... Face it doc, lying on these Freudian’s Lips isn’t working."
5470,3601,3,6,57,66,1.1818181818181819,0.060722498870188546,667,So you see how you envisioning everything as a female body part is problematic for you?
5546,3601,1,10,55,66,1.1818181818181819,0.052486388108147784,667,I’m afraid that lip-sinking is my diagnosis.
5707,3601,1,10,55,66,1.1818181818181819,0.052486388108147784,667,Can you please stop saying “ka-ching!” every few seconds?
5961,3601,2,8,56,66,1.1818181818181819,0.05675404305280447,667,Yep.  I’m gay
5997,3601,0,12,54,66,1.1818181818181819,0.047839528325837946,667,Forgive me for the Freudian lip.
6170,3601,1,10,55,66,1.1818181818181819,0.052486388108147784,667,Are you sure the generic Lipitor is just as good as the name brand?
6200,3601,1,10,55,66,1.1818181818181819,0.052486388108147784,667,What is it with these couches and being charged by the hour?
6208,3601,3,6,57,66,1.1818181818181819,0.060722498870188546,667,I'm glad you got the oral sofa instead.
6220,3601,0,12,54,66,1.1818181818181819,0.047839528325837946,667,"I assure you, you’re the one seeing red."
4175,3601,2,8,56,66,1.1818181818181819,0.05675404305280447,667,Are you really going to lecture a client on a chaise langue about Freudian slips?
2074,3601,2,8,56,66,1.1818181818181819,0.05675404305280447,667,I can help you but I usually perform couples counseling on that couch.
5588,3601,1,10,55,66,1.1818181818181819,0.052486388108147784,667,Just don’t smack your lips!
1934,3601,2,8,56,66,1.1818181818181819,0.05675404305280447,667,Is Trump also running my sex life doctor?
2072,3601,1,10,55,66,1.1818181818181819,0.052486388108147784,667,I keep dreaming that I'm being kissed by an immensely large woman.
61,3601,1,10,55,66,1.1818181818181819,0.052486388108147784,667,I have an unnatural fear of constantly being kissed by huge lips.
66,3601,0,12,54,66,1.1818181818181819,0.047839528325837946,667,I feel like you're TRYING to remind me of my mother.
145,3601,2,8,56,66,1.1818181818181819,0.05675404305280447,667,Doc I think I just became a woman.
168,3601,0,12,54,66,1.1818181818181819,0.047839528325837946,667,I sense that my ass is going to be kissed goodbye.
186,3601,1,10,55,66,1.1818181818181819,0.052486388108147784,667,Doc it just feels like my life is black and white and red all over.
320,3601,1,10,55,66,1.1818181818181819,0.052486388108147784,667,"I thought I told you that my most horrible dream is being eaten by 
A 50 ft. Woman....."
385,3601,1,10,55,66,1.1818181818181819,0.052486388108147784,667,"I love you, but it may be just the couch talking."
496,3601,0,12,54,66,1.1818181818181819,0.047839528325837946,667,That’s what my last therapist said about insisting on bringing my own couch.  Right before I fired him.
777,3601,1,10,55,66,1.1818181818181819,0.052486388108147784,667,Don't you have anything Mid Century Modern?
846,3601,2,8,56,66,1.1818181818181819,0.05675404305280447,667,"Suddenly, Doctor, I’m feeling a bit Rocky."
871,3601,2,8,56,66,1.1818181818181819,0.05675404305280447,667,"So, how does that make you feel when people kiss your ass?"
356,3601,1,10,55,66,1.1818181818181819,0.052486388108147784,667,Why is everything female body parts with you?
985,3601,1,10,55,66,1.1818181818181819,0.052486388108147784,667,If you really wanted me to talk you should've made this couch like a buffalo wing.
969,3601,1,10,55,66,1.1818181818181819,0.052486388108147784,667,"Freudian, not Jungian?"
1613,3601,1,10,55,66,1.1818181818181819,0.052486388108147784,667,I take it your lips are sealed...
1569,3601,1,10,55,66,1.1818181818181819,0.052486388108147784,667,"And... And then see are him! It was horrible! And I couldn't do anything to stop it. So, tell me about this exquisite couch."
1397,3601,1,10,55,66,1.1818181818181819,0.052486388108147784,667,This is exactly the way I want to feel at work.
1248,3601,1,10,55,66,1.1818181818181819,0.052486388108147784,667,"In it, I'm the Tootsie Pop.  I always wake up before 'three'."
1915,3601,3,6,57,66,1.1818181818181819,0.060722498870188546,667,Ok Dr. ! Now it's your time of telling us your life !
3943,3601,2,12,74,88,1.1818181818181819,0.04724780309106128,667,"Everywhere I go, I feel I'm being swallowed."
1056,3601,1,10,55,66,1.1818181818181819,0.052486388108147784,667,I need to put some teeth in it.
1045,3601,2,8,56,66,1.1818181818181819,0.05675404305280447,667,I thought you promised pillow lips.
1039,3601,2,8,56,66,1.1818181818181819,0.05675404305280447,667,"Doc, the devil's in the details."
1151,3601,1,10,55,66,1.1818181818181819,0.052486388108147784,667,I need help! Our politics is getting to me.
1219,3676,1,11,60,72,1.1805555555555556,0.04975050777451365,667,So now I never think about her at all.
3405,3676,2,9,61,72,1.1805555555555556,0.05353829779280629,667,Do you mind if I smoke?  It seems my oral fixations are acting up again.
3076,3676,3,7,62,72,1.1805555555555556,0.057075262919065665,667,And I Come Here To Get Some Color In My Life
2473,3679,2,8,57,67,1.1791044776119404,0.05596638009319954,667,You realize that your fly is open.
3595,3679,1,10,56,67,1.1791044776119404,0.051768249597247296,667,Some days it feels like the world wants to swallow me up and spit me out.
5963,3679,3,6,58,67,1.1791044776119404,0.059870858813867604,667,And then I always wake up when Keith Richards comes at me with his lighter.
5512,3682,4,7,73,84,1.1785714285714286,0.05398814781884477,667,I see her red lips all day !
2702,3682,3,9,72,84,1.1785714285714286,0.051262641097241254,667,"Doc, I can't seem to free myself from this big oral fixation of mine."
3575,3684,2,7,53,62,1.1774193548387097,0.058737796974655074,667,I don't know why but I have the feeling I might be the Antichrist.
3961,3684,1,9,52,62,1.1774193548387097,0.054049126391304346,667,The meds you prescribed are REALLY working.
4194,3684,0,11,51,62,1.1774193548387097,0.04891305893000953,667,"I don't know why, but I keep getting this intense feeling that my wife is telling me I should shut up and do what she says."
3409,3684,1,9,52,62,1.1774193548387097,0.054049126391304346,667,"My lips are sealed , perhaps you can read my mind"
3851,3684,2,7,53,62,1.1774193548387097,0.058737796974655074,667,"Sir, I know your wife is a big mouth, but in couples counseling it’s imperative that you both speak."
4058,3684,2,7,53,62,1.1774193548387097,0.058737796974655074,667,I hate that I'm a middle aged successful white guy with no psychological problems.  It makes me want to strangle my mother.
3402,3684,3,5,54,62,1.1774193548387097,0.063078915044636,667,"When I learned there was no ""farm upstate"" that my hamster ran off to, things really started to go downhill."
3301,3684,1,9,52,62,1.1774193548387097,0.054049126391304346,667,I've probably told you this before....
3501,3684,1,9,52,62,1.1774193548387097,0.054049126391304346,667,I can’t stop thinking about my first kiss.
3300,3684,1,9,52,62,1.1774193548387097,0.054049126391304346,667,How about we go for a doughnut instead?
2712,3684,2,7,53,62,1.1774193548387097,0.058737796974655074,667,I find it hard to express my emotions. It's like my entire being is forever resting at the tip of my tongue.
3181,3684,0,11,51,62,1.1774193548387097,0.04891305893000953,667,Why do you think it's 'interesting' that this sofa makes me think of my mother?
2426,3684,0,11,51,62,1.1774193548387097,0.04891305893000953,667,"My ex-wife is always giving me lip, but she really let me have it after the divorce."
2464,3684,3,5,54,62,1.1774193548387097,0.063078915044636,667,I’m feeling oddly free of my oral fixation issues.
2518,3684,2,7,53,62,1.1774193548387097,0.058737796974655074,667,I feel like I am only giving lip service to my past.
2591,3684,1,9,52,62,1.1774193548387097,0.054049126391304346,667,I gather that you're a liposuctionist.
2598,3684,0,11,51,62,1.1774193548387097,0.04891305893000953,667,"It just all seems very surreal, doesn't it?"
2659,3684,1,9,52,62,1.1774193548387097,0.054049126391304346,667,Can I bring my blow-up doll next time?
2668,3684,0,11,51,62,1.1774193548387097,0.04891305893000953,667,You're a good man; it's not all black and white
4195,3684,2,7,53,62,1.1774193548387097,0.058737796974655074,667,"Doc, ever since I sat down I've been thinking of Mick Jagger."
2768,3684,3,5,54,62,1.1774193548387097,0.063078915044636,667,So why do I suddenly feel this need for affection?
2805,3684,0,11,51,62,1.1774193548387097,0.04891305893000953,667,...and then she said I should be the one on the pill.
3022,3684,0,11,51,62,1.1774193548387097,0.04891305893000953,667,I just feel like it's going to swallow me up.
3066,3684,1,9,52,62,1.1774193548387097,0.054049126391304346,667,I saw red and told her to kiss my ass.
3079,3684,1,9,52,62,1.1774193548387097,0.054049126391304346,667,I know I have a big mouth!
3169,3684,1,9,52,62,1.1774193548387097,0.054049126391304346,667,....and then cross-stitch my over-riding angst.
3174,3684,2,7,53,62,1.1774193548387097,0.058737796974655074,667,My mother never wore lipstick; do you think that is the root of my problem?
3189,3684,2,7,53,62,1.1774193548387097,0.058737796974655074,667,"I love it when you talk dirty, tell me again about the women’s couch."
4230,3684,1,9,52,62,1.1774193548387097,0.054049126391304346,667,How much longer do I need to hold this pose?
4928,3684,0,11,51,62,1.1774193548387097,0.04891305893000953,667,"But I can't be racist, I've always been color-blind."
4330,3684,1,9,52,62,1.1774193548387097,0.054049126391304346,667,Are you sure this is the best treatment for cheilophobia?
5926,3684,1,9,52,62,1.1774193548387097,0.054049126391304346,667,"I was so close to getting over my fear of kissing girls, better put me down another year."
5818,3684,0,11,51,62,1.1774193548387097,0.04891305893000953,667,I am here because I'm fixated on your crotch.
5752,3684,2,7,53,62,1.1774193548387097,0.058737796974655074,667,I don’t have anger issues.  I just DETEST your turtleneck!
5739,3684,1,9,52,62,1.1774193548387097,0.054049126391304346,667,Dr. Why do I have recurring dreams that Jessica Rabbit is hugging me?
5711,3684,1,9,52,62,1.1774193548387097,0.054049126391304346,667,Mae I suggest we stop dilli Dali..ying around ...I have so much to discuss this week.
5618,3684,2,7,53,62,1.1774193548387097,0.058737796974655074,667,"If you build it, they will come."
5544,3684,2,7,53,62,1.1774193548387097,0.058737796974655074,667,"Yeah, pretty good. Yourself?"
5532,3684,2,7,53,62,1.1774193548387097,0.058737796974655074,667,Can we change places?
5477,3684,1,9,52,62,1.1774193548387097,0.054049126391304346,667,And that's why you walked in on me kissing my couch.
5471,3684,1,9,52,62,1.1774193548387097,0.054049126391304346,667,"She couldn't remember me, but said I was on the tip of her tongue."
5433,3684,2,7,53,62,1.1774193548387097,0.058737796974655074,667,Lucifer
5425,3684,0,11,51,62,1.1774193548387097,0.04891305893000953,667,I feel like I am just getting lip service here
5160,3684,2,7,53,62,1.1774193548387097,0.058737796974655074,667,I don't feel like smiling any more
5050,3684,2,7,53,62,1.1774193548387097,0.058737796974655074,667,give me a kiss to build a dream on!!
5031,3684,0,11,51,62,1.1774193548387097,0.04891305893000953,667,I feel like there has got to be more appropriate seating choices for patients.
4995,3684,0,11,51,62,1.1774193548387097,0.04891305893000953,667,"By the way, the self-reproach I feel is really no different than the self-love everyone else feels. Right?"
4980,3684,2,7,53,62,1.1774193548387097,0.058737796974655074,667,"Doc, these lips are sealed."
4949,3684,1,9,52,62,1.1774193548387097,0.054049126391304346,667,"I thought we were going to discuss my intimacy issues."""
2362,3684,2,7,53,62,1.1774193548387097,0.058737796974655074,667,"I always thought I was a good dad. But now my kids tell me i'm a dope,  sick, crazy dad who always make them feel chilled. Where did I go wrong doc?"
4882,3684,0,11,51,62,1.1774193548387097,0.04891305893000953,667,"You know, we don't have to go back to the other one once the work is finished."
4798,3684,1,9,52,62,1.1774193548387097,0.054049126391304346,667,"Oh c’mon, who wouldn’t have an oral fixation with this couch!"
4666,3684,2,7,53,62,1.1774193548387097,0.058737796974655074,667,Sometimes I feel you’re just paying me lip service.
4630,3684,1,9,52,62,1.1774193548387097,0.054049126391304346,667,"I'm not here for help. Tell me, what did you pay for this couch."
4618,3684,2,7,53,62,1.1774193548387097,0.058737796974655074,667,You think I'm lying?
4608,3684,1,9,52,62,1.1774193548387097,0.054049126391304346,667,Is all of this going in your next book?
4600,3684,2,7,53,62,1.1774193548387097,0.058737796974655074,667,"Even your couch doesn't turn me on, Doc."
4530,3684,2,7,53,62,1.1774193548387097,0.058737796974655074,667,"Doc, is it possible that an old white guy could still have moves like Jagger?"
4422,3684,0,11,51,62,1.1774193548387097,0.04891305893000953,667,"Wait. Aren't you supposed to be helping me get over my forty-year obsession with the opening credits of ""The Rocky Horror Picture Show?"""
4411,3684,2,7,53,62,1.1774193548387097,0.058737796974655074,667,"Actually, I was expecting something more than just lip service."
4239,3684,1,9,52,62,1.1774193548387097,0.054049126391304346,667,"Well, since our last time I had a dream Mae West was tasting me."
2306,3684,1,9,52,62,1.1774193548387097,0.054049126391304346,667,I’d say ivory for the walls and ecru carpeting.
3661,3684,1,9,52,62,1.1774193548387097,0.054049126391304346,667,You've got something on your lip
157,3684,0,11,51,62,1.1774193548387097,0.04891305893000953,667,Sometimes I just feel like a Rolling Stones T-shirt
1040,3684,0,11,51,62,1.1774193548387097,0.04891305893000953,667,"Doc, is there something you want to tell me?"
992,3684,2,7,53,62,1.1774193548387097,0.058737796974655074,667,"No, I feel pretty calm ... why do you ask?"
757,3684,1,9,52,62,1.1774193548387097,0.054049126391304346,667,"Speak freely, we're the only ones here,"
746,3684,2,7,53,62,1.1774193548387097,0.058737796974655074,667,"Certain parties have informed me that coming here would be the kiss of death. Nothing to that, is there?)"
667,3684,0,11,51,62,1.1774193548387097,0.04891305893000953,667,I guess you must have a had a thing for Marilyn Monroe too.
652,3684,2,7,53,62,1.1774193548387097,0.058737796974655074,667,I've developed Phagophobia.
618,3684,0,11,51,62,1.1774193548387097,0.04891305893000953,667,"I""d tell you more, but ""loose lips sink ships."""
601,3684,1,9,52,62,1.1774193548387097,0.054049126391304346,667,I love your couch.
1083,3684,0,11,51,62,1.1774193548387097,0.04891305893000953,667,"My gambling problem relapsed in Georgia, this guy Johnny really fiddled with my confidence."
550,3684,2,7,53,62,1.1774193548387097,0.058737796974655074,667,You rent this place by the hour?
456,3684,0,11,51,62,1.1774193548387097,0.04891305893000953,667,I’ve been hearing voices quoting Zsa Zsa Gábor...”
413,3684,2,7,53,62,1.1774193548387097,0.058737796974655074,667,Last night I dreamt I went to Manderley again.
307,3684,2,7,53,62,1.1774193548387097,0.058737796974655074,667,You think it's an oral fixation?
296,3684,3,5,54,62,1.1774193548387097,0.063078915044636,667,Left is right. Up is down. Mae West is Mae East.
215,3684,2,7,53,62,1.1774193548387097,0.058737796974655074,667,"Honestly, I need a doctor who doesn't buy his furniture at rummage sale."
169,3684,2,7,53,62,1.1774193548387097,0.058737796974655074,667,I'm not comfortable talking about it.
2126,3684,0,11,51,62,1.1774193548387097,0.04891305893000953,667,Wow — a different couch for each psychosexual stage!
31,3684,0,11,51,62,1.1774193548387097,0.04891305893000953,667,"New Freudian couch, doc?"
506,3684,2,7,53,62,1.1774193548387097,0.058737796974655074,667,How much extra for a pucker?
1123,3684,1,9,52,62,1.1774193548387097,0.054049126391304346,667,Patient fixates inexplicably on mother’s “ruby red lips” before falling asleep. Really love this new pen.
761,3684,2,7,53,62,1.1774193548387097,0.058737796974655074,667,Maybe you’ve heard this one before but you don’t always get what you want. You get what you need.
1214,3684,1,9,52,62,1.1774193548387097,0.054049126391304346,667,I haven't been the same since  The Rocky Horror Show.
1861,3684,2,7,53,62,1.1774193548387097,0.058737796974655074,667,I've been feeling this way ever since The Rolling Stones stopped touring.
1859,3684,2,7,53,62,1.1774193548387097,0.058737796974655074,667,Do you have any chapstick?
1841,3684,0,11,51,62,1.1774193548387097,0.04891305893000953,667,I came here because my office does not have a lounge.
1823,3684,0,11,51,62,1.1774193548387097,0.04891305893000953,667,What do I like most in a woman?  Let me throw that one back to you doc...
1160,3684,1,9,52,62,1.1774193548387097,0.054049126391304346,667,Mick Jagger isn't the devil?
1693,3684,0,11,51,62,1.1774193548387097,0.04891305893000953,667,I feel as though I am being swallowed whole.
1628,3684,1,9,52,62,1.1774193548387097,0.054049126391304346,667,"Every time I leave here, all I can think about are lips and breasts."
1563,3684,0,11,51,62,1.1774193548387097,0.04891305893000953,667,"I,m not paying you for lip service."
1548,3684,3,5,54,62,1.1774193548387097,0.063078915044636,667,Madam Flora's parlor had a couch just like this.
1741,3684,1,9,52,62,1.1774193548387097,0.054049126391304346,667,"Doc, I just gotta say that this is a pretty tacky couch you got here."
1526,3684,1,9,52,62,1.1774193548387097,0.054049126391304346,667,I feel like everyone is kissing up to me.
1534,3684,1,9,52,62,1.1774193548387097,0.054049126391304346,667,Somehow I feel like I'm being eaten alive.
1441,3684,1,9,52,62,1.1774193548387097,0.054049126391304346,667,Should I begin NOW?
1395,3684,1,9,52,62,1.1774193548387097,0.054049126391304346,667,Is she going to eat me?
1323,3684,1,9,52,62,1.1774193548387097,0.054049126391304346,667,Tell  me again why you are attracted to red
1321,3684,1,9,52,62,1.1774193548387097,0.054049126391304346,667,"I dreamt I was performing an organ solo
when the pianist approached with a bouquet of roses..."
1296,3684,2,7,53,62,1.1774193548387097,0.058737796974655074,667,"Is it just me, or does this couch give off the impression that the walls have eyes?"
1228,3684,1,9,52,62,1.1774193548387097,0.054049126391304346,667,Your socks don't match.
220,3788,1,12,66,79,1.1772151898734178,0.04683939034393648,667,I can't control myself--I'm always seeing red.
2016,3789,1,10,57,68,1.1764705882352942,0.051069236647683494,667,I hope I won't get herpes
5150,3790,1,11,62,74,1.1756756756756757,0.0485178627857396,667,I'm still addicted to doing The Floss when I leave here.
5570,3791,3,5,55,63,1.1746031746031746,0.06213344136974703,667,I can’t stand people who like red.
4552,3791,2,7,54,63,1.1746031746031746,0.057866499516996066,667,"Ill have a burger with cheese, get whatever you want..."
3773,3791,1,9,53,63,1.1746031746031746,0.053258792666124335,667,"I know that your practice includes couples therapy, but when I'm here you have to cover up the mirror on the ceiling"
2338,3791,2,7,54,63,1.1746031746031746,0.057866499516996066,667,Your new office smells a lot like my moms house.
1645,3791,0,11,52,63,1.1746031746031746,0.04821271851032602,667,I forgot that loose lips sink ships.
999,3791,3,5,55,63,1.1746031746031746,0.06213344136974703,667,"So then she asked 'paper or plastic'"".."
437,3791,2,7,54,63,1.1746031746031746,0.057866499516996066,667,"Then she said ""You're too fragile for me."""
185,3791,2,7,54,63,1.1746031746031746,0.057866499516996066,667,I think this would be a good time to tell you about my oral fixation.
6028,3791,2,7,54,63,1.1746031746031746,0.057866499516996066,667,I feel like I have known you Dr. Frank N. Furter for decades.
4573,3791,1,9,53,63,1.1746031746031746,0.053258792666124335,667,"....just a dash of Vermouth and of course, shaken not stirred"
5288,3791,0,11,52,63,1.1746031746031746,0.04821271851032602,667,All I can think about is her lips...
1297,3802,1,10,58,69,1.173913043478261,0.050388608077731906,667,"I understand running for president is a huge challenge but, you know, I'm ready for it."
6211,3803,1,11,63,75,1.1733333333333333,0.04792386354100322,667,"When I come here, my blues seem to go away."
6175,3804,1,8,49,58,1.1724137931034482,0.05575164786673556,667,I have this recurring nightmare that I’m in a Peter Max print.
881,3805,2,7,55,64,1.171875,0.0570204619879343,667,Are you Freudian or just your couch?
3912,3805,0,11,53,64,1.171875,0.04753177456453702,667,Everything else is just grey.
3864,3805,1,9,54,64,1.171875,0.05249096435850378,667,These sessions are the closest I ever get to a real woman.
546,3805,1,9,54,64,1.171875,0.05249096435850378,667,"Then I dreamed I told your interior decorator to kiss my ass.  
What does it mean, doctor?"
3423,3805,1,9,54,64,1.171875,0.05249096435850378,667,Is there an extra charge for this love nest?
3387,3805,1,9,54,64,1.171875,0.05249096435850378,667,From her mouth to yours!
3381,3805,1,9,54,64,1.171875,0.05249096435850378,667,For the record I usually don't menstruate at all...
3224,3805,1,9,54,64,1.171875,0.05249096435850378,667,It's a living!
3192,3805,1,9,54,64,1.171875,0.05249096435850378,667,My problems? You mean other than the hideous color of this couch?
3144,3805,1,9,54,64,1.171875,0.05249096435850378,667,I swear this presidency makes me see red.
3134,3805,2,7,55,64,1.171875,0.0570204619879343,667,"No, I haven't seen 'The Rocky Horror Picture Show.'
Why do you ask?"
3095,3805,1,9,54,64,1.171875,0.05249096435850378,667,"I don't know, I guess lately I've been feeling like I'm caught between words and my mouth doesn't know what to say..."
3027,3805,3,5,56,64,1.171875,0.06121572372641858,667,Then she smacked me.
3006,3805,1,9,54,64,1.171875,0.05249096435850378,667,Will he awaken to true love's first kiss?
1267,3805,1,9,54,64,1.171875,0.05249096435850378,667,I'm getting nervous.  I feel she is smacking her lips
1461,3805,2,7,55,64,1.171875,0.0570204619879343,667,I don't know doctor … I'm not really feeling this shade of couch today.
4348,3805,2,7,55,64,1.171875,0.0570204619879343,667,I thought I wasn't supposed to swallow my feelings?
1954,3805,0,11,53,64,1.171875,0.04753177456453702,667,I dreamed I was a singer in a rock and roll band
2001,3805,1,9,54,64,1.171875,0.05249096435850378,667,"I would tell you, but I don’t want to be involuntarily institutionalized."
2030,3805,1,9,54,64,1.171875,0.05249096435850378,667,"It's a bit narrower than the old one, right?"
2187,3805,1,9,54,64,1.171875,0.05249096435850378,667,Why did you bring my mother here?
2383,3805,1,9,54,64,1.171875,0.05249096435850378,667,I don't look like a tongue do I?
2554,3805,2,7,55,64,1.171875,0.0570204619879343,667,Everything with you is oral fixation.
2640,3805,0,11,53,64,1.171875,0.04753177456453702,667,"You don't understand, doc.  I've got the blues."
372,3805,1,9,54,64,1.171875,0.05249096435850378,667,"Doctor,I can't shake these feelings of inadequacy."
4751,3805,4,3,57,64,1.171875,0.06514135842443687,667,Ass-Kissers have always made me comfortable.
172,3805,0,11,53,64,1.171875,0.04753177456453702,667,"Yes, the lips are sealed. You can't fall through the crack."
6184,3805,0,11,53,64,1.171875,0.04753177456453702,667,Is that my lipid profile?
6090,3805,0,11,53,64,1.171875,0.04753177456453702,667,Of course I prefer the oral fixation chaise over the castration anxiety chair. Who wouldn’t?
5845,3805,1,9,54,64,1.171875,0.05249096435850378,667,Your fees are indicative of several steps above mere lip service.
5815,3805,1,9,54,64,1.171875,0.05249096435850378,667,I remember when I used to sit where you're sitting.
5422,3805,1,9,54,64,1.171875,0.05249096435850378,667,"Yet,I'm still feeling  Blue!"
5309,3805,1,9,54,64,1.171875,0.05249096435850378,667,Mind if I plant myself on these plump ruby-red lips of yours?
5308,3805,2,7,55,64,1.171875,0.0570204619879343,667,"A kiss for my thoughts?  Why yes, I will accept a kiss for my thoughts."
5253,3805,1,9,54,64,1.171875,0.05249096435850378,667,I may be paranoid  but I think you are just giving me lip service.
5175,3805,1,9,54,64,1.171875,0.05249096435850378,667,How do I feel? Like the lapping tongue on the Rolling Stones logo.
5166,3805,2,7,55,64,1.171875,0.0570204619879343,667,"Funny, whenever I'm here I forget my problems and think about sex."
4852,3805,2,7,55,64,1.171875,0.0570204619879343,667,"For some reason, I get the feeling you've just been telling me exactly what I want to hear."
4316,3805,2,7,55,64,1.171875,0.0570204619879343,667,This isn’t helping my fear of flossing.
4255,3805,1,9,54,64,1.171875,0.05249096435850378,667,Lips.
4688,3805,1,9,54,64,1.171875,0.05249096435850378,667,Send the bill to Trump. He is the reason I am here.
4640,3805,1,9,54,64,1.171875,0.05249096435850378,667,Have you thought about having your dreams analyzed?
4452,3805,1,9,54,64,1.171875,0.05249096435850378,667,Are you charging me for the lip service?
4369,3805,1,9,54,64,1.171875,0.05249096435850378,667,I'm not just giving you lip service.
4349,3805,0,11,53,64,1.171875,0.04753177456453702,667,I'm glad you aren't a Freudian who thinks everything we do is motivated by sex.
17,3805,1,9,54,64,1.171875,0.05249096435850378,667,I’m starting to suspect that your compassion is mere lip service.
241,3805,1,9,54,64,1.171875,0.05249096435850378,667,I don't think it's an oral fixation. I think it's the couch.
3716,3852,2,7,56,65,1.1692307692307693,0.056198612293086384,667,Is this the way you give lip service?
5169,3852,1,9,55,65,1.1692307692307693,0.051744707873360433,667,"Sometimes, I feel like the world is about to swallow me whole"
3795,3854,0,12,59,71,1.1690140845070423,0.044792908199096586,667,I'm starting to think everything is about sex.
4738,3854,1,10,60,71,1.1690140845070423,0.049079722002617565,667,I can't stop hearing her voice in my head.
5712,3854,1,10,60,71,1.1690140845070423,0.049079722002617565,667,I feel like all you give me is lip service.
3167,3857,1,8,51,60,1.1666666666666667,0.05402796234942498,667,I said I didn't want anything that reminded me of my mother.
3096,3857,2,6,52,60,1.1666666666666667,0.059025354442335316,667,"I feel like I'm always on her lips, but she never says my name""

""I see what you mean"
1473,3857,1,8,51,60,1.1666666666666667,0.05402796234942498,667,I have recurring dream like states of being consumed by a woman's lips.....
1509,3857,1,8,51,60,1.1666666666666667,0.05402796234942498,667,Your couch reminds me of Mother’s lips.
1591,3857,1,8,51,60,1.1666666666666667,0.05402796234942498,667,Red lips bring out my gregarious side.
1772,3857,0,10,50,60,1.1666666666666667,0.04851854247829848,667,Does this red color work for everyone?
1800,3857,1,8,51,60,1.1666666666666667,0.05402796234942498,667,"From my lips to your ears, right?"
1822,3857,2,6,52,60,1.1666666666666667,0.059025354442335316,667,"We're marking our 666th?
Is it ok if I feel a little devilish?"
1860,3857,1,8,51,60,1.1666666666666667,0.05402796234942498,667,"I don't know what's wrong doctor, every time there's too many dogs around, I get really nervous and anxious.""

""hmmm sounds like you may be pawstrophobic"
3170,3857,0,10,50,60,1.1666666666666667,0.04851854247829848,667,"I like your jacket. That's not just lip service, Doctor."
2191,3857,0,10,50,60,1.1666666666666667,0.04851854247829848,667,I can't forget the last big kiss she gave to me
2396,3857,1,8,51,60,1.1666666666666667,0.05402796234942498,667,I'd appreciate your professional evaluation. Everyone else just seems to give me blatant lip service.
2536,3857,1,8,51,60,1.1666666666666667,0.05402796234942498,667,I think I like you just because you're an unapologetic kiss-up.
2634,3857,1,8,51,60,1.1666666666666667,0.05402796234942498,667,"A moment on the lips, a lifetime on the psyche."
2686,3857,0,10,50,60,1.1666666666666667,0.04851854247829848,667,"Well, for what your charging, at least I'm getting a kiss."
2843,3857,2,6,52,60,1.1666666666666667,0.059025354442335316,667,"Jeeves, I'd like a large cheeseburger, medium fries, and a small coke."
2911,3857,0,10,50,60,1.1666666666666667,0.04851854247829848,667,You red my lips for the final answer!
3060,3857,0,10,50,60,1.1666666666666667,0.04851854247829848,667,I fell like something is eating me up... from the outside
2335,3857,0,10,50,60,1.1666666666666667,0.04851854247829848,667,I've always loved you.
3277,3857,2,6,52,60,1.1666666666666667,0.059025354442335316,667,This chair is very comfortable
3809,3857,2,6,52,60,1.1666666666666667,0.059025354442335316,667,"I don't just want lip service"""
3477,3857,1,8,51,60,1.1666666666666667,0.05402796234942498,667,"Doctor, what's the meaning of 'Freudian Lips'? Er- I mean Freudian SLIPS!"
3651,3857,2,6,52,60,1.1666666666666667,0.059025354442335316,667,I'm not sure if I want to go to the dentist or listen to The Rolling Stones.
3492,3857,1,8,51,60,1.1666666666666667,0.05402796234942498,667,I always feel one tweet away from vindication.
5070,3857,1,8,51,60,1.1666666666666667,0.05402796234942498,667,"Yes, it is unusual for an analyst's couch. But it seems to help my patients get in touch with their primal desires."
5156,3857,2,6,52,60,1.1666666666666667,0.059025354442335316,667,"So, she asked me, 'What is black and white and red all over,' and I said, 'Me on my therapist's couch.'  She then ended the date. I mean, I don't know what else the answer could be."
5215,3857,2,6,52,60,1.1666666666666667,0.059025354442335316,667,And everyone always complains that I use my big mouth too much.
5372,3857,1,8,51,60,1.1666666666666667,0.05402796234942498,667,All I get is lip service from the people I know!!
3831,3857,1,8,51,60,1.1666666666666667,0.05402796234942498,667,Every time I lay down with a pair of lips it cost me.
5452,3857,0,10,50,60,1.1666666666666667,0.04851854247829848,667,I'm not sure why but I have a sudden urge to kiss you.
3459,3857,1,8,51,60,1.1666666666666667,0.05402796234942498,667,"Well, this IS the same shade of lipstick my mother always wore..."
3862,3857,2,6,52,60,1.1666666666666667,0.059025354442335316,667,"Does this shade of lipstick remind all your patients of their mommies, or is it just me?"
4104,3857,1,8,51,60,1.1666666666666667,0.05402796234942498,667,"As a matter of interest, what time does your bordello podcast usually air ? “"
6156,3857,1,8,51,60,1.1666666666666667,0.05402796234942498,667,You know how embarrassing it is to use public facilities?
1468,3857,0,10,50,60,1.1666666666666667,0.04851854247829848,667,I'm just down in the mouth all the time.
4675,3857,1,8,51,60,1.1666666666666667,0.05402796234942498,667,and  what are we thinking now  Mr. Brown
4568,3857,2,6,52,60,1.1666666666666667,0.059025354442335316,667,Why do I think you are only paying me lip service for my opening up to you?
4182,3857,2,6,52,60,1.1666666666666667,0.059025354442335316,667,How can a shrink have such a big mouth?
4475,3857,1,8,51,60,1.1666666666666667,0.05402796234942498,667,"And it's the strangest thing - ever since I started coming here, I've had a recurring dream about Mae West."
4565,3857,2,6,52,60,1.1666666666666667,0.059025354442335316,667,"Forget the furniture, Larry. Let’s see if we can find the cause of your oral fixation."
3901,3857,1,8,51,60,1.1666666666666667,0.05402796234942498,667,It's interesting how I am lying here between two voluptuous lips on YOUR therapeutic couch.
1444,3857,2,6,52,60,1.1666666666666667,0.059025354442335316,667,"The dentata arrive next week.

--Hamish Crawford, Calgary, AB"
3744,3857,1,8,51,60,1.1666666666666667,0.05402796234942498,667,What happened to the tongue?
1303,3857,2,6,52,60,1.1666666666666667,0.059025354442335316,667,My mother's lips were never this red.
1447,3857,1,9,56,66,1.1666666666666667,0.05101913957479687,667,Can you tell me anything about MiCk and KEIth that isn't confidential?
2501,3857,1,9,56,66,1.1666666666666667,0.05101913957479687,667,"Yes, your couch brings up repressed memories"
3579,3857,0,11,55,66,1.1666666666666667,0.04622501635210244,667,Therapy requires more than lip service
5466,3857,1,9,56,66,1.1666666666666667,0.05101913957479687,667,"Thanks, Doc, but this doesn't really solve my never been kissed problem."
5530,3857,1,9,56,66,1.1666666666666667,0.05101913957479687,667,Are you drawing me right now?
5637,3857,0,11,55,66,1.1666666666666667,0.04622501635210244,667,"Lately, it feels like I’m being swallowed whole."
25,3857,0,10,50,60,1.1666666666666667,0.04851854247829848,667,I can't kick this feeling like I'm being eaten alive.
85,3857,1,8,51,60,1.1666666666666667,0.05402796234942498,667,What if I’ve no Ya Yas to get out?
114,3857,0,10,50,60,1.1666666666666667,0.04851854247829848,667,I feel as though people are talking about me.
133,3857,1,8,51,60,1.1666666666666667,0.05402796234942498,667,All I ever feel like saying to you is that she gave me hickeys.
194,3857,1,8,51,60,1.1666666666666667,0.05402796234942498,667,We seldomly kissed...
233,3857,1,8,51,60,1.1666666666666667,0.05402796234942498,667,Do you think I'll ever get over my foot fetish?
276,3857,0,10,50,60,1.1666666666666667,0.04851854247829848,667,I get the strangest dreams about Marilyn Monroe.
286,3857,1,8,51,60,1.1666666666666667,0.05402796234942498,667,This reminds me of a dream I had recently.
603,3857,2,7,57,66,1.1666666666666667,0.05539993744719456,667,I had that dream about Kylie Kardashian again.
500,3857,1,8,51,60,1.1666666666666667,0.05402796234942498,667,"TO BUY:
- a less comfortable couch."
330,3857,1,8,51,60,1.1666666666666667,0.05402796234942498,667,Roman Red! I owned a 1962 Tempest painted this color!
1247,3857,2,6,52,60,1.1666666666666667,0.059025354442335316,667,You must be dreaming kissing giant lips
1241,3857,1,8,51,60,1.1666666666666667,0.05402796234942498,667,Nice collagen couch
1216,3857,1,8,51,60,1.1666666666666667,0.05402796234942498,667,Don't tell me...Mick Jagger?
1200,3857,0,10,50,60,1.1666666666666667,0.04851854247829848,667,Do you want to know what I think about this?
1435,3857,1,8,51,60,1.1666666666666667,0.05402796234942498,667,I see you  are trying to get in touch of your feminine side.
1238,3857,2,6,52,60,1.1666666666666667,0.059025354442335316,667,I often feel like she's going to swallow me whole.
1081,3857,0,10,50,60,1.1666666666666667,0.04851854247829848,667,Racist? Not me. I don't see color.
1139,3857,2,6,52,60,1.1666666666666667,0.059025354442335316,667,My fantasy?  It’s all about lips
957,3857,2,6,52,60,1.1666666666666667,0.059025354442335316,667,I’m afraid Freud would have questions about this couch.
1134,3857,1,8,51,60,1.1666666666666667,0.05402796234942498,667,"It's astounding, dammit!  They keep looking at me so disappointedly, and ask ""So, you really wrote the script and the music for the Rocky Horror Picture Show?  Really?"""
1117,3857,4,2,54,60,1.1666666666666667,0.0679259594696179,667,"If, as you say, a kiss is worth a thousand words, how much is this costing me?"
964,3857,0,10,50,60,1.1666666666666667,0.04851854247829848,667,"""Are you sure you brushed your teeth today?"
4394,3930,2,9,68,79,1.1645569620253164,0.04910883774276407,667,I can't stop thinking about my maiden aunt kissing me each time she came for a visit.
4196,3931,1,9,57,67,1.164179104477612,0.05031342257188375,667,I prefer this to when you thought I was anal retentive.
3700,3932,2,6,53,61,1.1639344262295082,0.05811392555691986,667,What's that you say about transference?
2656,3932,2,6,53,61,1.1639344262295082,0.05811392555691986,667,I wouldn't say I was crazy but I am feeling a little balmy today.
3743,3932,2,6,53,61,1.1639344262295082,0.05811392555691986,667,I'd prefer to focus on my grandfather's work ethic.
3749,3932,0,10,51,61,1.1639344262295082,0.04779468766266639,667,This isn't helping with my oral fixation.
3836,3932,1,8,52,61,1.1639344262295082,0.05320507735360911,667,It's like you took the words straight from my lips.
3867,3932,1,8,52,61,1.1639344262295082,0.05320507735360911,667,Is this session gluten free?
4001,3932,1,8,52,61,1.1639344262295082,0.05320507735360911,667,But what exactly does my dream about the President’s tiny mouth now mean in this context?
2626,3932,1,8,52,61,1.1639344262295082,0.05320507735360911,667,I had that strange dream again-the one where I’m being slowly kissed to death.
3655,3932,1,8,52,61,1.1639344262295082,0.05320507735360911,667,Please tell my wife that I'm still in a coma
3436,3932,0,10,51,61,1.1639344262295082,0.04779468766266639,667,These sweet red lips do remind me of her
3509,3932,2,6,53,61,1.1639344262295082,0.05811392555691986,667,"We should address the frequency of your note taking, Doc. I get a sense it's being used as an avoidance strategy during my sessions."
3370,3932,0,10,51,61,1.1639344262295082,0.04779468766266639,667,The last one was a bit too on the nose.
4019,3932,2,6,53,61,1.1639344262295082,0.05811392555691986,667,"Nope, definitely aural."
3221,3932,1,8,52,61,1.1639344262295082,0.05320507735360911,667,I have recurring dreams that I'm being swallowed by the women in my life.
3201,3932,1,8,52,61,1.1639344262295082,0.05320507735360911,667,"I don't know exactly, but feels like I am literately trapped to her mouth ..."
3086,3932,0,10,51,61,1.1639344262295082,0.04779468766266639,667,Is your fee the same for lip-service?
2992,3932,2,6,53,61,1.1639344262295082,0.05811392555691986,667,''Make sure you get fries with that.''
2692,3932,2,6,53,61,1.1639344262295082,0.05811392555691986,667,I can't help feeling as though I'm about to be swallowed whole by the Jaws of Doom.
3576,3932,0,10,51,61,1.1639344262295082,0.04779468766266639,667,Nice mood sofa.
4152,3932,1,8,52,61,1.1639344262295082,0.05320507735360911,667,"I've been walking in Central Park
Singing after dark
People think I'm crazy"
5085,3932,0,10,51,61,1.1639344262295082,0.04779468766266639,667,Let’s do a little role reversal. How did you feel when she laid her lips on you?
4284,3932,1,8,52,61,1.1639344262295082,0.05320507735360911,667,People keep telling me to 'be less salty'...
6214,3932,0,10,51,61,1.1639344262295082,0.04779468766266639,667,Can we stop here?
6053,3932,0,10,51,61,1.1639344262295082,0.04779468766266639,667,I'm tired being called a tasty piece of ass!
6045,3932,0,10,51,61,1.1639344262295082,0.04779468766266639,667,"No, never read it. Not a big Lois Lowry fan. Why?"
5996,3932,0,10,51,61,1.1639344262295082,0.04779468766266639,667,"It's not fair, how come everything I say has to be filtered through Dali's lips instead of from my lips to your ears !"
5987,3932,0,10,51,61,1.1639344262295082,0.04779468766266639,667,You're really setting me up for a Freudian kiss --I mean-- slip here.
5904,3932,2,6,53,61,1.1639344262295082,0.05811392555691986,667,I just have this feeling I'm about to be swallowed.
5594,3932,2,6,53,61,1.1639344262295082,0.05811392555691986,667,Say Are those Ferragamos?
2624,3932,1,8,52,61,1.1639344262295082,0.05320507735360911,667,I feel like I'm being swallowed up by my anxiety.
4226,3932,1,8,52,61,1.1639344262295082,0.05320507735360911,667,My back appreciates the Botox.
5528,3932,0,10,51,61,1.1639344262295082,0.04779468766266639,667,I feel like she’s always giving me lip.
5351,3932,0,10,51,61,1.1639344262295082,0.04779468766266639,667,"I keep trying to forget her, but I can't get her ruby red lips out of my mind."
5266,3932,1,8,52,61,1.1639344262295082,0.05320507735360911,667,I thought a kiss was just a kiss.
5165,3932,2,6,53,61,1.1639344262295082,0.05811392555691986,667,I don’t know why I can’t remember but I can feel it on the top of my tongue.
4746,3932,1,8,52,61,1.1639344262295082,0.05320507735360911,667,I have the strange feeling that I am lying in my mother's mouth
4613,3932,1,8,52,61,1.1639344262295082,0.05320507735360911,667,You're probably wondering why I invited you up here.
4408,3932,1,8,52,61,1.1639344262295082,0.05320507735360911,667,It was an amicable split of the practice. My ex partner received the  womb-like armchair
4304,3932,1,8,52,61,1.1639344262295082,0.05320507735360911,667,My sessions here aren't improving my obsession with women.
4287,3932,1,8,52,61,1.1639344262295082,0.05320507735360911,667,You know my lips are sealed.”
5495,3932,1,8,52,61,1.1639344262295082,0.05320507735360911,667,Do you think it's a coincidence that I have this reoccurring dream that life is swallowing me up?
2615,3932,2,6,53,61,1.1639344262295082,0.05811392555691986,667,Next time pay attention. I said lay on the kiss. Not lay a kiss on me!
3327,3932,1,8,52,61,1.1639344262295082,0.05320507735360911,667,I open up my heart and this is the result?
2500,3932,3,4,54,61,1.1639344262295082,0.0626392563099764,667,"Doctor:  Tell me about it
Patient:  I was born in a white house with a white picket...
Doctor:  I charge $350 an hour
Patient:  Day before yesterday..."
68,3932,1,8,52,61,1.1639344262295082,0.05320507735360911,667,I have anger issues. I keep seeing red.
113,3932,1,8,52,61,1.1639344262295082,0.05320507735360911,667,...and I feel like shampooing just makes it shinier.
121,3932,1,8,52,61,1.1639344262295082,0.05320507735360911,667,"when you say you got it at The Factory sale,..."
123,3932,2,6,53,61,1.1639344262295082,0.05811392555691986,667,Did you say 'Freudian lips?'
204,3932,2,6,53,61,1.1639344262295082,0.05811392555691986,667,"No doc, I thought I was fine, you were the one I thought I can’t get no satisfaction."
208,3932,1,8,52,61,1.1639344262295082,0.05320507735360911,667,This is the best lip plumping ever!
271,3932,2,6,53,61,1.1639344262295082,0.05811392555691986,667,This really isn't helping my urge to rock and roll all night and party every day.
312,3932,0,10,51,61,1.1639344262295082,0.04779468766266639,667,I always feel like food.
335,3932,0,10,51,61,1.1639344262295082,0.04779468766266639,667,You know this couch doesn’t help with my oral fixation.
422,3932,2,6,53,61,1.1639344262295082,0.05811392555691986,667,I know you are the doctor and I am the patient; but what is the hidden meaning of your couch being shaped like female lips swallowing your patients whole
616,3932,0,10,51,61,1.1639344262295082,0.04779468766266639,667,See? The world isn’t all black and white!
640,3932,2,6,53,61,1.1639344262295082,0.05811392555691986,667,From my lips to your ears doc...
719,3932,3,4,54,61,1.1639344262295082,0.0626392563099764,667,"I'm not sure how it feels to be on your own, with no direction home."
1033,3932,1,8,52,61,1.1639344262295082,0.05320507735360911,667,"In my world Doc, life is not a bed of roses. Tulips yeah."
752,3932,2,6,53,61,1.1639344262295082,0.05811392555691986,667,You feel sucked? I hear that a lot
1415,3932,1,8,52,61,1.1639344262295082,0.05320507735360911,667,"But A Kiss is just a kiss, right?"
2407,3932,0,10,51,61,1.1639344262295082,0.04779468766266639,667,Really? Lip service Freud?
2537,3932,3,4,54,61,1.1639344262295082,0.0626392563099764,667,From your lips to God’s ear doc.
2233,3932,0,10,51,61,1.1639344262295082,0.04779468766266639,667,"Doctor, sometimes it feels as if I'm about to be swallowed whole."
2029,3932,0,10,51,61,1.1639344262295082,0.04779468766266639,667,"After 15 years, I have nothing more to tell."
1131,3932,1,8,52,61,1.1639344262295082,0.05320507735360911,667,I keep having this dream about being swallowed whole...
1917,3932,0,10,51,61,1.1639344262295082,0.04779468766266639,667,The color red really sets me off.
1962,3932,2,6,53,61,1.1639344262295082,0.05811392555691986,667,Maybe we should talk about your mommy issues first.
1557,3932,1,8,52,61,1.1639344262295082,0.05320507735360911,667,.I'm not leaving-You tell me why...
1505,3932,1,8,52,61,1.1639344262295082,0.05320507735360911,667,You dropped a stitch when I mentioned Mother.
1495,3932,0,10,51,61,1.1639344262295082,0.04779468766266639,667,Is this the right couch for claustrophobia?
1434,3932,0,10,51,61,1.1639344262295082,0.04779468766266639,667,Does this mean you're ready to take this to the next level?
1867,3932,1,8,52,61,1.1639344262295082,0.05320507735360911,667,Should I kiss and tell?
2157,4004,2,7,59,68,1.161764705882353,0.05386833246131616,667,"Thank you for redecorating your office the way I suggested, doctor, but I still have doubts about your diagnosis of my oral fixation."
3584,4005,2,6,54,62,1.1612903225806452,0.05723003388035403,667,"You know, sometimes I wonder about your underlying anxieties."
2977,4005,2,6,54,62,1.1612903225806452,0.05723003388035403,667,I’m only comfortable around ass-kissers.
868,4005,1,8,53,62,1.1612903225806452,0.05240664126018632,667,"Let's have it clear, role reversal does not include fees"
792,4005,0,10,52,62,1.1612903225806452,0.047091775485760316,667,My mother had big lips.
1764,4009,0,11,58,69,1.1594202898550725,0.04439221265797129,667,"You know, doc, sometimes a sofa is just a manifestation of red lips that either devour or soothe your patients."
3654,4010,1,8,54,63,1.1587301587301588,0.05163159310171238,667,Is liposuction typically used in therapy?
5813,4011,1,7,49,57,1.1578947368421053,0.054780684196477185,667,My mother had really big red lips.
4266,4011,1,7,49,57,1.1578947368421053,0.054780684196477185,667,I think it's sympathetic menstruation.
4244,4011,2,5,50,57,1.1578947368421053,0.06022864581803467,667,It feels to me like I’m just getting lip service from everyone.
4215,4011,2,5,50,57,1.1578947368421053,0.06022864581803467,667,"I can’t seem to stop making Freudian lips, doc. I just want to make love in peace."
4099,4011,0,9,48,57,1.1578947368421053,0.04872737367223956,667,Ridiculous.  Is that more assertive?
4066,4011,1,7,49,57,1.1578947368421053,0.054780684196477185,667,"Your lip service came highly recommended, but I'd feel more comfortable on your chin chaise."
3995,4011,1,7,49,57,1.1578947368421053,0.054780684196477185,667,I liked the new features in the room! What about adding pole dancers too?
3987,4011,0,9,48,57,1.1578947368421053,0.04872737367223956,667,I've submitted a thousand entries and the New Yorker has failed to love all of them.
3979,4011,1,7,49,57,1.1578947368421053,0.054780684196477185,667,I’ve been seeing you for years and don’t understand why my lip gloss fetish is getting worse instead of better.
3879,4011,0,9,48,57,1.1578947368421053,0.04872737367223956,667,I can't stop thinking about your soft and supple lips.
3866,4011,0,9,48,57,1.1578947368421053,0.04872737367223956,667,How did you know I had gender-identity issues?
3849,4011,2,5,50,57,1.1578947368421053,0.06022864581803467,667,I try to keep a stiff upper lip but feelings of inadequacy swallow me up.
3709,4011,2,5,50,57,1.1578947368421053,0.06022864581803467,667,"I know it’s only my second appointment doctor but, I swear, I feel like my intimacy issues have, somehow, already resolved themselves!"
4315,4011,0,9,48,57,1.1578947368421053,0.04872737367223956,667,Your mother must've had sultry lips.
3701,4011,0,9,48,57,1.1578947368421053,0.04872737367223956,667,"Why am I caught between feeling chapped, cold and sore?"
3627,4011,0,9,48,57,1.1578947368421053,0.04872737367223956,667,WOW! is this ruby red?
3583,4011,1,7,49,57,1.1578947368421053,0.054780684196477185,667,Hey Doc...do you mind holding off the questions so I can get a little shut-eye?
3427,4011,1,7,49,57,1.1578947368421053,0.054780684196477185,667,"I have to be honest, this isn’t what I was expecting when I called 1-800-LIP SERVICE"
3422,4011,1,7,49,57,1.1578947368421053,0.054780684196477185,667,What red lips?
3411,4011,2,5,50,57,1.1578947368421053,0.06022864581803467,667,"Mother always said I was a delicacy to be savored.”

Catherine Burgess 
Somerville, M"
3333,4011,1,7,49,57,1.1578947368421053,0.054780684196477185,667,ZZZZZZZ...
3321,4011,1,7,49,57,1.1578947368421053,0.054780684196477185,667,"Already? Ever since my watch melted, I can't keep track of time."
3273,4011,2,5,50,57,1.1578947368421053,0.06022864581803467,667,I suppose that I’m not accustomed to this pop-psychotherapy.
3234,4011,1,7,49,57,1.1578947368421053,0.054780684196477185,667,"Therapist: “How is your relationship with your mother, Me. Freud?”

Patient: “Uhhhhh”"
3158,4011,3,3,51,57,1.1578947368421053,0.06522312621390028,667,IS THIS SOFA FOR SALE?
3131,4011,0,9,48,57,1.1578947368421053,0.04872737367223956,667,I think we should discuss my mother’s lipstick.
3110,4011,1,7,49,57,1.1578947368421053,0.054780684196477185,667,Your couch isn't helping me forget my problems with #Metoo
3628,4011,0,9,48,57,1.1578947368421053,0.04872737367223956,667,So why can't I stop thinking about my mother's harsh red lipstick?
5727,4011,1,7,49,57,1.1578947368421053,0.054780684196477185,667,She says I keep putting words in her mouth.
4338,4011,2,5,50,57,1.1578947368421053,0.06022864581803467,667,"My wife's lips are so big after her fill, I see them everywhere."
4401,4011,0,9,48,57,1.1578947368421053,0.04872737367223956,667,Sometimes I think you just give me lip service.
5885,4011,1,7,49,57,1.1578947368421053,0.054780684196477185,667,"I can't help myself, ever since I built TBS."
6026,4011,0,9,48,57,1.1578947368421053,0.04872737367223956,667,Actually it's not my dreams I'd like to discuss -- it's my waking hours that are a nightmare.
6048,4011,1,7,49,57,1.1578947368421053,0.054780684196477185,667,okay son. it's my turn to show you how I have done it for forty years.
5558,4011,1,7,49,57,1.1578947368421053,0.054780684196477185,667,How does it make you feel to be the psychologist this time?
6077,4011,2,5,50,57,1.1578947368421053,0.06022864581803467,667,"Well enough about myself, tell me about you"
6180,4011,1,7,49,57,1.1578947368421053,0.054780684196477185,667,"Doc, how long have I been 'running my mouth'?"
5482,4011,1,7,49,57,1.1578947368421053,0.054780684196477185,667,"You know, the couch in my dentist's office is nowhere near as comfortable."
5429,4011,1,7,49,57,1.1578947368421053,0.054780684196477185,667,"I think I'm losing it, doc. I'm starting to see in color."
3037,4011,1,7,49,57,1.1578947368421053,0.054780684196477185,667,Perhaps we should switch places.
5419,4011,2,5,50,57,1.1578947368421053,0.06022864581803467,667,"Write this down. I know there's many a slip 'twixt cup and lip, but I've wasted so much booze, I'd rather count chickens."
5407,4011,1,10,65,76,1.1578947368421053,0.0460839492511007,667,I keep seeing myself with hair.
5381,4011,1,7,49,57,1.1578947368421053,0.054780684196477185,667,"I swear, online it looked a lot less red."
4360,4011,0,9,48,57,1.1578947368421053,0.04872737367223956,667,I had it reupholstered  with collagen.
5361,4011,0,9,48,57,1.1578947368421053,0.04872737367223956,667,"Contest #666? I don’t believe in coincidences, do you?’"
5302,4011,2,5,50,57,1.1578947368421053,0.06022864581803467,667,Could you turn the lights down a bit?
5143,4011,1,7,49,57,1.1578947368421053,0.054780684196477185,667,"The place was decorated like a hunting lodge for rich weirdos, but you know, I could see Frank-N-Furter having a sofa or two like this one."
5111,4011,1,7,49,57,1.1578947368421053,0.054780684196477185,667,Seriously doc. You’re accusing me of giving you lip service?
4991,4011,1,7,49,57,1.1578947368421053,0.054780684196477185,667,"...and to top it off, she accused me of giving lip service twice a week with you!"
4970,4011,1,7,49,57,1.1578947368421053,0.054780684196477185,667,Why do I feel like my Bitmoji has come to life?
4864,4011,0,9,48,57,1.1578947368421053,0.04872737367223956,667,I feel more comfortable letting the lips do the talking.
4758,4011,0,9,48,57,1.1578947368421053,0.04872737367223956,667,I seem to be plagued by my wife’s big mouth.
4712,4011,0,9,48,57,1.1578947368421053,0.04872737367223956,667,I can only remember that Mommy put her lipstick on.
4697,4011,2,5,50,57,1.1578947368421053,0.06022864581803467,667,"Red, did I read you were well read?"
4680,4011,1,7,49,57,1.1578947368421053,0.054780684196477185,667,"Hey, Doc.  Your socks don't match."
4572,4011,0,9,48,57,1.1578947368421053,0.04872737367223956,667,Excuse me Doctor is this the big kiss off or just a new couch?
4503,4011,1,7,49,57,1.1578947368421053,0.054780684196477185,667,"How did I get here, and what’s with the ruby lips sofa?  Are you my daddy?"
5339,4011,0,9,48,57,1.1578947368421053,0.04872737367223956,667,Ok . Now it’s your turn on the couch.
3004,4011,3,3,51,57,1.1578947368421053,0.06522312621390028,667,This is helping...I feel the answer is on your lips
4781,4011,1,7,49,57,1.1578947368421053,0.054780684196477185,667,"So the tulips become two lips, I get swallowed whole and frankly, coming here has only made it worse."
2912,4011,0,9,48,57,1.1578947368421053,0.04872737367223956,667,Why did you buy a couch that feels like my mother's lips?
1512,4011,0,9,48,57,1.1578947368421053,0.04872737367223956,667,I'm just not sure that Aroma Therapy translates to Color Therapy.
1511,4011,0,9,48,57,1.1578947368421053,0.04872737367223956,667,My dreams are your reality.
1485,4011,1,7,49,57,1.1578947368421053,0.054780684196477185,667,Maybe we should switch places.
1363,4011,2,5,50,57,1.1578947368421053,0.06022864581803467,667,Your shoelace is untied.
1352,4011,2,5,50,57,1.1578947368421053,0.06022864581803467,667,Red is the color of my true love’s lips.
1319,4011,2,5,50,57,1.1578947368421053,0.06022864581803467,667,I’ve been in therapy for years now. Are you absolutely sure it’s not just lip service?
1301,4011,2,5,50,57,1.1578947368421053,0.06022864581803467,667,I'm way too comfortable to remember my miserable childhood.
1174,4011,1,7,49,57,1.1578947368421053,0.054780684196477185,667,"I feel so different, so out of place."
1109,4011,1,7,49,57,1.1578947368421053,0.054780684196477185,667,Am I supposed to channel Monroe or Manson on this couch?
1540,4011,2,5,50,57,1.1578947368421053,0.06022864581803467,667,"Smile, your on candid couch!"
1032,4011,1,7,49,57,1.1578947368421053,0.054780684196477185,667,I think blue would best describe it.
607,4011,0,9,48,57,1.1578947368421053,0.04872737367223956,667,I apologize for saying you were just giving me lip service last week.
524,4011,0,9,48,57,1.1578947368421053,0.04872737367223956,667,What kind of studio did you say was in this office space before you?
453,4011,0,9,48,57,1.1578947368421053,0.04872737367223956,667,You KNEW I was going to talk about my intimacy issues this week. Not funny.
403,4011,1,7,49,57,1.1578947368421053,0.054780684196477185,667,I hope you don’t have a big mouth.
302,4011,2,5,50,57,1.1578947368421053,0.06022864581803467,667,"To make any progress , you’re going to have to do more than lip sync."
238,4011,1,7,49,57,1.1578947368421053,0.054780684196477185,667,How long have you had this addiction to Haribo?
175,4011,1,7,49,57,1.1578947368421053,0.054780684196477185,667,"Now that you mention it, I do seem to be fixated on her lips."
126,4011,1,7,49,57,1.1578947368421053,0.054780684196477185,667,I'm not sure this is helping with my Chapstick addiction.
2979,4011,0,9,48,57,1.1578947368421053,0.04872737367223956,667,It's a great update on the oral phase . . .
706,4011,0,9,48,57,1.1578947368421053,0.04872737367223956,667,Why are you called Dr. Hotlips?
1616,4011,0,9,48,57,1.1578947368421053,0.04872737367223956,667,Let’s start with your colorful past.
1277,4011,0,9,48,57,1.1578947368421053,0.04872737367223956,667,"... and everywhere I go, I can't stop seeing her luscious red lips."
1882,4011,1,7,49,57,1.1578947368421053,0.054780684196477185,667,For some reason I think about my mother every time the Twizzlers commercial comes on.
2898,4011,2,5,50,57,1.1578947368421053,0.06022864581803467,667,"Doc, I think I have an Oedipus complex.  I can't stop thinking of my mother's luscious red lips."
2866,4011,1,7,49,57,1.1578947368421053,0.054780684196477185,667,I have the feeling of being eaten.
2807,4011,1,7,49,57,1.1578947368421053,0.054780684196477185,667,I don't understand why I have this oral fixation. My girlfriend constantly reminds me that loose lips sink ships.
1806,4011,2,5,50,57,1.1578947368421053,0.06022864581803467,667,Did Trump insult your wife again?
2717,4011,1,7,49,57,1.1578947368421053,0.054780684196477185,667,"Don't recall any dream of being kissed as soon as I got here, Doc."
2706,4011,2,5,50,57,1.1578947368421053,0.06022864581803467,667,"Her ruby lips caressed my “...... wait, slow down, Ed"
2645,4011,1,7,49,57,1.1578947368421053,0.054780684196477185,667,"New red couch/snazzy outfit,business must be good."
2641,4011,2,5,50,57,1.1578947368421053,0.06022864581803467,667,Stop kissing my ass.
2631,4011,2,5,50,57,1.1578947368421053,0.06022864581803467,667,I assume you're going to keep your lips sealed about this.
2568,4011,2,5,50,57,1.1578947368421053,0.06022864581803467,667,"I don't know why, Doc, but it always feels like I might get kissed or eaten whenever I'm on this couch."
2530,4011,0,9,48,57,1.1578947368421053,0.04872737367223956,667,What do I do doc? Everywhere I turn all I get is lip service.
2781,4011,1,7,49,57,1.1578947368421053,0.054780684196477185,667,"A red couch works. I’m a bleeding heart, and these days I see red."
2423,4011,0,9,48,57,1.1578947368421053,0.04872737367223956,667,Pucker Up
2359,4011,0,9,48,57,1.1578947368421053,0.04872737367223956,667,And all my dreams come in very vivd colors!
1894,4011,1,7,49,57,1.1578947368421053,0.054780684196477185,667,"You feel like a rolling stone, interesting."
2293,4011,1,7,49,57,1.1578947368421053,0.054780684196477185,667,"Sometimes a couch is just a large pair of lips, right?"
2052,4011,2,5,50,57,1.1578947368421053,0.06022864581803467,667,"I feel like I’m stuck in a time-warp again, Doc."
1985,4011,0,9,48,57,1.1578947368421053,0.04872737367223956,667,I have a craving to wear your jacket.
1948,4011,0,9,48,57,1.1578947368421053,0.04872737367223956,667,I feel that everybody is just kissing up to me because I'm rich.
1919,4011,2,5,50,57,1.1578947368421053,0.06022864581803467,667,I am a embarrassment  to life.
1508,4116,2,6,56,64,1.15625,0.055540052400361674,667,Your childish use of symbolic furniture is no way to start a dialogue about the insecurities spawned by a mother who was emotionally unavailable during a painful adolescence while dad was drinking night and day.  In my senior year things got...
2380,4117,1,7,50,58,1.1551724137931034,0.05389670015798332,667,"I’m a little nervous, how do I know your couch won’t swallow me up whole?"
3285,4117,1,7,50,58,1.1551724137931034,0.05389670015798332,667,"So I says to Mick, ""Could i get a bloody  day off.."""
3523,4117,2,5,51,58,1.1551724137931034,0.05924369135592007,667,You don't have anything that 16 years of psychoanalysis won't take care of
3550,4117,2,5,51,58,1.1551724137931034,0.05924369135592007,667,I feel like a might have major depressor disorder
3704,4117,0,9,49,58,1.1551724137931034,0.04795720603166536,667,Never thought Kylie Jenner would get into the sofa business
3748,4117,1,7,50,58,1.1551724137931034,0.05389670015798332,667,"Yes I am the one who just won the mega millions jackpot, are you trying to kiss my backside too?"
3822,4117,1,7,50,58,1.1551724137931034,0.05389670015798332,667,"You say I’m improving, but I feel it’s just lip service."
3846,4117,2,5,51,58,1.1551724137931034,0.05924369135592007,667,fgfuygzsuguyzsgyuzsdguy
3848,4117,2,5,51,58,1.1551724137931034,0.05924369135592007,667,The only difference between a madman and myself is that I am not mad.
3265,4117,1,7,50,58,1.1551724137931034,0.05389670015798332,667,I feel pouty today for some reason.
3253,4117,0,9,49,58,1.1551724137931034,0.04795720603166536,667,So I need to mouth off to you?
3059,4117,0,9,49,58,1.1551724137931034,0.04795720603166536,667,Last night I dreamt I was swallowed by a giant red monster.
3121,4117,0,9,49,58,1.1551724137931034,0.04795720603166536,667,I feel like I'm the only one that doesn't see all of this in black and white.
3084,4117,1,7,50,58,1.1551724137931034,0.05389670015798332,667,Hmmm...you know that feeling when you're on the tip of tongue.
3056,4117,2,5,51,58,1.1551724137931034,0.05924369135592007,667,I must be depressed. I can’t think of anything to Google
2972,4117,1,7,50,58,1.1551724137931034,0.05389670015798332,667,Shouldn’t you be sitting in one of those giant high heel shoe chairs?
2850,4117,3,3,52,58,1.1551724137931034,0.06414651699844254,667,I think your ‘Lip smackin’ good consoling’ ad drew me in.
2845,4117,2,5,51,58,1.1551724137931034,0.05924369135592007,667,"If these lips could talk, what would they say Mr. Smith?"
2512,4117,0,9,49,58,1.1551724137931034,0.04795720603166536,667,"I have this reoccurring dream of being swallowed up by a pair of giant red lips? Terrifying, yet exciting at the same time."
2636,4117,0,9,49,58,1.1551724137931034,0.04795720603166536,667,I’m feeling sucked in again. Big time.
2581,4117,1,7,50,58,1.1551724137931034,0.05389670015798332,667,I keep seeing my employees as a big pair of red lips seeking to kiss my backside.
2415,4117,0,9,49,58,1.1551724137931034,0.04795720603166536,667,"As I told you last week, I keep seeing red"""
2627,4117,0,9,49,58,1.1551724137931034,0.04795720603166536,667,"I used to see only in black and white, now I'm not sure."
3907,4117,1,7,50,58,1.1551724137931034,0.05389670015798332,667,I feel neglected.
3176,4117,1,7,50,58,1.1551724137931034,0.05389670015798332,667,Lying down on these lips really does put me at ease.
3954,4117,1,7,50,58,1.1551724137931034,0.05389670015798332,667,I was engulfed by her ruby red lips
5820,4117,1,7,50,58,1.1551724137931034,0.05389670015798332,667,I have this reoccurring dream that I’m in Korea with Hot Lips Houlihan
4045,4117,0,9,49,58,1.1551724137931034,0.04795720603166536,667,"So, are you sure you can't move over?"
6178,4117,1,7,50,58,1.1551724137931034,0.05389670015798332,667,"I can't help it, doc.  Everywhere I go, I just know that she's spying on me."
6070,4117,1,7,50,58,1.1551724137931034,0.05389670015798332,667,You should really fix your neon sign. You can understand why I thought it was 'Psychologist' not 'Psycho Lodge Inn'.
6014,4117,1,7,50,58,1.1551724137931034,0.05389670015798332,667,So you’re saying that my therapy will include what?
6012,4117,0,9,49,58,1.1551724137931034,0.04795720603166536,667,Do your clients tell you that your couch looks like a giant pair of lips or is it just implied in the latent content?
5894,4117,1,7,50,58,1.1551724137931034,0.05389670015798332,667,I always end up putting my foot in my mouth.
5886,4117,1,7,50,58,1.1551724137931034,0.05389670015798332,667,Why are you asking me about my first kiss?
2342,4117,2,5,51,58,1.1551724137931034,0.05924369135592007,667,"Thanks to you, doctor, I've decided to donate my body to the Culinary Institute."
5736,4117,0,9,49,58,1.1551724137931034,0.04795720603166536,667,My wife says she sees a big improvement in my germaphobia.
5719,4117,1,7,50,58,1.1551724137931034,0.05389670015798332,667,I’m not sure I feel comfortable trusting someone with such a big mouth.
5498,4117,2,5,51,58,1.1551724137931034,0.05924369135592007,667,"Et tu, Bernard?"
5400,4117,1,7,50,58,1.1551724137931034,0.05389670015798332,667,I don't think that this will convince my brain that I'm no longer impotent.
5329,4117,2,5,51,58,1.1551724137931034,0.05924369135592007,667,I know I'm a mommy's boy but does it have to be so obvious?
5315,4117,0,9,49,58,1.1551724137931034,0.04795720603166536,667,Are you sure this is confidential?
5183,4117,0,9,49,58,1.1551724137931034,0.04795720603166536,667,I'm happy that you are finally opening up about your mother's lips... I mean lapse!
5084,4117,1,7,50,58,1.1551724137931034,0.05389670015798332,667,Are you sure Sigmund Freud used a lip couch?
5082,4117,1,7,50,58,1.1551724137931034,0.05389670015798332,667,"Hey, I told you not to give me any lip!"
4696,4117,1,7,50,58,1.1551724137931034,0.05389670015798332,667,Coming out in midlife with a midtown job.
4456,4117,1,7,50,58,1.1551724137931034,0.05389670015798332,667,Doesn't everybody say the same thing?
4433,4117,1,7,50,58,1.1551724137931034,0.05389670015798332,667,"Really, read my lips: I'm lovesick on your loveseat."
4378,4117,0,9,49,58,1.1551724137931034,0.04795720603166536,667,My mother wore magenta.
4274,4117,1,7,50,58,1.1551724137931034,0.05389670015798332,667,I'll have a diet coke please.
4205,4117,1,7,50,58,1.1551724137931034,0.05389670015798332,667,I have this constant feeling people are just kissing my butt
4144,4117,0,9,49,58,1.1551724137931034,0.04795720603166536,667,I feel like most of my sessions are just lip service on your part Doc.
4118,4117,2,5,51,58,1.1551724137931034,0.05924369135592007,667,« It’s balmy in here. »
4117,4117,1,7,50,58,1.1551724137931034,0.05389670015798332,667,I hope this isn't a drama therapy suggestion
3978,4117,2,5,51,58,1.1551724137931034,0.05924369135592007,667,"I think things will look better when I walk out of here today, Doc."
2337,4117,1,7,50,58,1.1551724137931034,0.05389670015798332,667,I know it sounds crazy but I often feel that people are just paying me lip service.
3786,4117,3,3,52,58,1.1551724137931034,0.06414651699844254,667,"By the way, I'm not telling my mother about this."
2249,4117,0,9,49,58,1.1551724137931034,0.04795720603166536,667,Sometimes I feel like I'm being swallowed whole...
1105,4117,0,9,49,58,1.1551724137931034,0.04795720603166536,667,"Every time I lean in, I’m afraid she’s going to eat me."
1088,4117,2,5,51,58,1.1551724137931034,0.05924369135592007,667,"Sorry, Doc., my lips are sealed."
965,4117,1,7,50,58,1.1551724137931034,0.05389670015798332,667,"Just curious, did any of 
the Rolling Stones
own this couch?"
741,4117,2,5,51,58,1.1551724137931034,0.05924369135592007,667,"Am I hard enough?  Am I rough enough? Am I rich enough?
I'm not too blind to see"
679,4117,0,9,49,58,1.1551724137931034,0.04795720603166536,667,"Yes, I dream in color. Why?"
551,4117,0,9,49,58,1.1551724137931034,0.04795720603166536,667,I was looking for something more profound than a rolling stone gathers no moss.
515,4117,0,9,49,58,1.1551724137931034,0.04795720603166536,667,"For some reason I'm thinking of ""Invasion of the Body Snatchers."""
1302,4117,1,7,50,58,1.1551724137931034,0.05389670015798332,667,"I like your taste in furniture, I even like the
suit you’re wearing, but I hate the way this analysis is going.”"
472,4117,1,7,50,58,1.1551724137931034,0.05389670015798332,667,"For some reason, I keep thinking of Betty Boop."
338,4117,1,7,50,58,1.1551724137931034,0.05389670015798332,667,"Nice shoes but if Im honest and that's why I'm here to be honest, right, my shoes are nicer...and more expensive."
239,4117,1,7,50,58,1.1551724137931034,0.05389670015798332,667,"How long have you been in practice, Dr. Frank N Furter?"
146,4117,0,9,49,58,1.1551724137931034,0.04795720603166536,667,I just can't seem to get away from this oral fixation.
122,4117,2,5,51,58,1.1551724137931034,0.05924369135592007,667,I see red when I'm told I'm blue.
95,4117,1,7,50,58,1.1551724137931034,0.05389670015798332,667,Thanks for the home visit. I think we left off with you saying I have an unexplored feminine side.
64,4117,0,9,49,58,1.1551724137931034,0.04795720603166536,667,I keep having these kissing fantasies.
2262,4117,1,7,50,58,1.1551724137931034,0.05389670015798332,667,"Sir, the medication you prescribed is worse than the depression I suffer with!!"
339,4117,0,9,49,58,1.1551724137931034,0.04795720603166536,667,"You see, it's hard for me to get sex off my mind!"
1366,4117,2,5,51,58,1.1551724137931034,0.05924369135592007,667,This latest lipstick ad campaign has caused my obsession to return and I can't figure out why...can you help?
128,4117,2,5,51,58,1.1551724137931034,0.05924369135592007,667,Loni Anderson and her new husband go to couple’s counseling.
1406,4117,1,7,50,58,1.1551724137931034,0.05389670015798332,667,I must be crazy to have come here.”
1405,4117,1,7,50,58,1.1551724137931034,0.05389670015798332,667,That eaten-alive feeling? It's much worse when I'm here.
2220,4117,0,9,49,58,1.1551724137931034,0.04795720603166536,667,"Considering my oral fixation, could we use a different couch?"
2115,4117,2,5,51,58,1.1551724137931034,0.05924369135592007,667,Hmm! Any ideas about why you may have dreamt your mother sent you to school wearing red lipstick?
2242,4117,1,7,50,58,1.1551724137931034,0.05389670015798332,667,Hey doctor! please don't tell me I can't read The New Yorker anymore.
2017,4117,1,7,50,58,1.1551724137931034,0.05389670015798332,667,That kiss?  I'll never forget it.  Like kissing a soft pillow.
1964,4117,0,9,49,58,1.1551724137931034,0.04795720603166536,667,I keep thinking of mother Russia
1959,4117,0,9,49,58,1.1551724137931034,0.04795720603166536,667,I won't kiss and tell.
2136,4117,0,9,49,58,1.1551724137931034,0.04795720603166536,667,Well the good news is your Philemaphobia seems to be cured
1794,4117,0,9,49,58,1.1551724137931034,0.04795720603166536,667,It's a real breakthrough being able to lie down while I analyze you.
1660,4117,0,9,49,58,1.1551724137931034,0.04795720603166536,667,I get the feeling you’re going to kiss me off as soon as the session is over.
1635,4117,1,7,50,58,1.1551724137931034,0.05389670015798332,667,I didn't expect your surcharge for lipstick.
1629,4117,2,5,51,58,1.1551724137931034,0.05924369135592007,667,She's great but I'm unable to focus when away. Her sanguine follows me everywhere.
1574,4117,1,7,50,58,1.1551724137931034,0.05389670015798332,667,I have a problem with kissing on the lips.
1570,4117,1,7,50,58,1.1551724137931034,0.05389670015798332,667,"You don't think I'm gathering moss, do ya doc?"
1944,4117,1,7,50,58,1.1551724137931034,0.05389670015798332,667,This couch is bringing up a lot of  internal issues I have with my mother.
1407,4117,1,7,50,58,1.1551724137931034,0.05389670015798332,667,I can't remember why I came here.
5951,4210,0,11,60,71,1.1549295774647887,0.04324785766640781,667,"Come on doc, give it to me straight... I have this strange feeling that you're just kissing my butt"
1215,4211,2,7,63,72,1.1527777777777777,0.051044344702082634,667,I thought you agreed I could mouth off this time.
4455,4211,2,7,63,72,1.1527777777777777,0.051044344702082634,667,I'm beginning to think I'm not the only one with an oral fixation.
3561,4213,1,7,51,59,1.152542372881356,0.05304056717493127,667,I feel like I am being swallowed up
3515,4213,1,7,51,59,1.152542372881356,0.05304056717493127,667,What brings me here...well I heard we had a lot in common
3139,4213,2,5,52,59,1.152542372881356,0.058290267645485117,667,I can move over if you'd like.
2510,4213,1,7,51,59,1.152542372881356,0.05304056717493127,667,"Define what you mean by, ""do you feel comfortable in the new sofa?""."
2741,4213,1,7,51,59,1.152542372881356,0.05304056717493127,667,I like to imagine myself as lip balm.
2565,4213,0,9,50,59,1.152542372881356,0.04721067919755555,667,"Well yeah, of course, I love her, she's my mom. Why do you ask?"
2398,4213,0,9,50,59,1.152542372881356,0.04721067919755555,667,DOCTOR PLEASE SHIFT YOUR CHAIR CLOSER TO ME ELSE I WILL GET ANOTHER PROBLEM NECK PAIN
2391,4213,2,5,52,59,1.152542372881356,0.058290267645485117,667,"Relax, you won’t see Tim Curry until the third session."
3588,4213,0,9,50,59,1.152542372881356,0.04721067919755555,667,I don't know if I'm going to be kissed or bleed to death.
2213,4213,0,9,50,59,1.152542372881356,0.04721067919755555,667,"So when Mick Jagger had heart surgery my chest started hurting, now I’m having trouble speaking."
2124,4213,1,7,51,59,1.152542372881356,0.05304056717493127,667,Red is my favorite color. Does that mean something?
2749,4213,1,7,51,59,1.152542372881356,0.05304056717493127,667,I feel like im being chewed up and spit out in life
3671,4213,2,5,52,59,1.152542372881356,0.058290267645485117,667,I told your receptionist I had a moral fixation.
4421,4213,2,5,52,59,1.152542372881356,0.058290267645485117,667,Now I understand what you meant when you said I needed a good ass-kissing.
3955,4213,2,5,52,59,1.152542372881356,0.058290267645485117,667,I said “sticky fingers”.
4116,4213,1,7,51,59,1.152542372881356,0.05304056717493127,667,I don’t know why I still think of women as part objects?
4179,4213,1,7,51,59,1.152542372881356,0.05304056717493127,667,They say you're the expert on fear of public speaking.
4187,4213,1,7,51,59,1.152542372881356,0.05304056717493127,667,. . . and I never liked her wearing lipstick.
4491,4213,1,7,51,59,1.152542372881356,0.05304056717493127,667,"Doctor, somehow I just can't get my wife's kisses out of  my mind."
4783,4213,0,9,50,59,1.152542372881356,0.04721067919755555,667,What does Man Ray have to do with psychiatry?
4837,4213,1,7,51,59,1.152542372881356,0.05304056717493127,667,Paralysis really changes you Doctor.
5147,4213,0,9,50,59,1.152542372881356,0.04721067919755555,667,I hope your wife doesn't mind!
5646,4213,1,7,51,59,1.152542372881356,0.05304056717493127,667,A kiss to build a dream on.
5759,4213,1,7,51,59,1.152542372881356,0.05304056717493127,667,My parents never kissed me.
1746,4213,0,9,50,59,1.152542372881356,0.04721067919755555,667,"Can we change this couch, red lips is what brings me here in the first place"
6157,4213,1,7,51,59,1.152542372881356,0.05304056717493127,667,"Any idea why in school they  used to call me ""hot lips""?"
6101,4213,2,5,52,59,1.152542372881356,0.058290267645485117,667,"Doctor, I keep having this surreal dream I'm Mae West's lover!"
3673,4213,1,7,51,59,1.152542372881356,0.05304056717493127,667,I recall saying I was coming to ‘grips’. This seems different.
1623,4213,1,7,51,59,1.152542372881356,0.05304056717493127,667,Why do I feel like I'm in Schindler's List?
2317,4213,1,7,51,59,1.152542372881356,0.05304056717493127,667,"Patient: So I was hoping to talk about my awful sailing trip to the West Indies...
Dr. Carl: Please couch, eat this man alive."
1507,4213,0,9,50,59,1.152542372881356,0.04721067919755555,667,"Hey doc, when are you going to move past your oral fixation?"
1546,4213,0,9,50,59,1.152542372881356,0.04721067919755555,667,I find it difficult to discuss my fear of women while laying on this sofa.
138,4213,1,7,51,59,1.152542372881356,0.05304056717493127,667,"Ever since I have been seeing you, I have these endless dreams  of Mick Jagger."
223,4213,1,7,51,59,1.152542372881356,0.05304056717493127,667,For some reason all I can think of is my mother’s red lips.
638,4213,0,9,50,59,1.152542372881356,0.04721067919755555,667,"My wife, my kids, my boss are all pressuring me all the time. I feel as if life is about to swallow me."
744,4213,1,7,51,59,1.152542372881356,0.05304056717493127,667,Speak no evil.  (It seemed fitting for contest #666)
932,4213,1,7,51,59,1.152542372881356,0.05304056717493127,667,May I kiss you?
158,4213,1,7,51,59,1.152542372881356,0.05304056717493127,667,I love your pants... Where did you get them?
1270,4213,0,9,50,59,1.152542372881356,0.04721067919755555,667,Are you mad at me?
1305,4213,1,7,51,59,1.152542372881356,0.05304056717493127,667,Just who is giving whom a lot of lip?
1316,4213,0,9,50,59,1.152542372881356,0.04721067919755555,667,So this is privileged?  From my lips to your ear?
1357,4213,0,9,50,59,1.152542372881356,0.04721067919755555,667,Lets not dilly dally!
1436,4213,1,7,51,59,1.152542372881356,0.05304056717493127,667,"Whenever I visit you, I can’t get my mind off kissing."
1164,4213,0,9,50,59,1.152542372881356,0.04721067919755555,667,"Comfortable,but I'm afraid of its teeth."
1046,4257,0,9,51,60,1.15,0.046486739497974515,667,How many licks will it take to get to the center of this sucker?
5556,4257,1,7,52,60,1.15,0.05221100171960861,667,My wife has a big mouth.
4235,4257,2,5,53,60,1.15,0.05736689334430969,667,Your sofa needs a face lift.
3302,4257,1,7,52,60,1.15,0.05221100171960861,667,I imagined I was having an affair with Angelina Jolie.
3293,4257,1,7,52,60,1.15,0.05221100171960861,667,May I ask you a question?
3116,4257,1,7,52,60,1.15,0.05221100171960861,667,Why do you ask if I dream in color?
2796,4257,1,7,52,60,1.15,0.05221100171960861,667,I keep dreaming about kissing you.
2987,4257,1,7,52,60,1.15,0.05221100171960861,667,"Doc, do you you think my wanting a purse is such a big deal?"
5004,4265,2,6,59,67,1.1492537313432836,0.0531832947628186,667,All my troubles started when people used to make fun of me because my last name was Lipschitz. Now your couch is in the shape of a pair of lips. How do you think that makes me feel?
1010,4266,0,9,52,61,1.1475409836065573,0.04578439358612767,667,Would you mind closing the lid?
2180,4266,1,7,53,61,1.1475409836065573,0.051406797055264415,667,"There is something about this couch that makes me want to kiss you."""
2376,4266,0,9,52,61,1.1475409836065573,0.04578439358612767,667,"I know it's by the hour, but..."
6163,4269,0,8,47,55,1.1454545454545455,0.04797713974560777,667,Just let that thought sit for a minute; see how it tastes.
4225,4269,1,6,48,55,1.1454545454545455,0.05454545454545457,667,The Mae West Lips Sofa gives my analysis a surreal feeling.
4122,4269,1,6,48,55,1.1454545454545455,0.05454545454545457,667,I seem to have this fear of lip balm.
4022,4269,2,4,49,55,1.1454545454545455,0.06040370257667094,667,"Calling this the Mommy Couch is just creepy, Dr. Oedipus."
4002,4269,1,6,48,55,1.1454545454545455,0.05454545454545457,667,"When she wore dark red lipstick, she needn’t speak a word to seduce me!"
6223,4269,2,4,49,55,1.1454545454545455,0.06040370257667094,667,"She left me on ""read"""
3997,4269,0,8,47,55,1.1454545454545455,0.04797713974560777,667,I’ve tried all the dating apps and I’ve even acquired a dating app company.
3993,4269,0,8,47,55,1.1454545454545455,0.04797713974560777,667,"My HMO will not pay for talk therapy.  Why don't we skip to the part where you give me something to adjust my neurotransmitters,and I'll  go home to swallow both my pills and my emotions."
3982,4269,2,4,49,55,1.1454545454545455,0.06040370257667094,667,"Mick Jagger?"""
3917,4269,1,6,48,55,1.1454545454545455,0.05454545454545457,667,I find myself having this insatiable craving for Twizzlers and The Rolling Stones just don't speak to me anymore.
3723,4269,1,6,48,55,1.1454545454545455,0.05454545454545457,667,The Go-Gos music in the waiting room was enough.
3678,4269,2,4,49,55,1.1454545454545455,0.06040370257667094,667,It's definitely plausible that you will be swallowed alive.
3555,4269,1,6,48,55,1.1454545454545455,0.05454545454545457,667,Are you listening to me?
4227,4269,0,8,47,55,1.1454545454545455,0.04797713974560777,667,Is this why you asked me not to wear chaps?
3528,4269,0,8,47,55,1.1454545454545455,0.04797713974560777,667,Parts of her anatomy was simply huge.
3505,4269,2,4,49,55,1.1454545454545455,0.06040370257667094,667,So you acknowledge that the lip service really strained your relationship?
3394,4269,0,8,47,55,1.1454545454545455,0.04797713974560777,667,"Who’s your decorator, Rorschach?"
3384,4269,1,6,48,55,1.1454545454545455,0.05454545454545457,667,"I  CAN'T  TELL  YOU  THE  DIRTY  THOUGHTS 
 THIS COUCH  PRODUCES !!"
3294,4269,2,4,49,55,1.1454545454545455,0.06040370257667094,667,What’s eating you
3272,4269,1,6,48,55,1.1454545454545455,0.05454545454545457,667,"My lip fetish?  Doctor, you should know!"
3267,4269,0,8,47,55,1.1454545454545455,0.04797713974560777,667,I understand your specialty is talk therapy but your lips are a little too on the nose.
3204,4269,0,8,47,55,1.1454545454545455,0.04797713974560777,667,"It's just as a man of faith, the fiery red-lips couch and being included in 'Contest #666' is a lot to process"
3162,4269,1,6,48,55,1.1454545454545455,0.05454545454545457,667,I keep having a feeling that our time is melting away.
3115,4269,0,8,47,55,1.1454545454545455,0.04797713974560777,667,"Doc, every time I leave after our sessions, I feel a "" you can kiss my butt"" attitude!"
3642,4269,1,6,48,55,1.1454545454545455,0.05454545454545457,667,I just feel blue.
4306,4269,1,6,48,55,1.1454545454545455,0.05454545454545457,667,Forget my mother Doc since our last appointment I've had fears of women with collagen lips
4355,4269,1,6,48,55,1.1454545454545455,0.05454545454545457,667,I sense you're just giving me lip service.
4364,4269,0,8,47,55,1.1454545454545455,0.04797713974560777,667,"Doctor, you need to move beyond just lip service."
5349,4269,0,8,47,55,1.1454545454545455,0.04797713974560777,667,"I appreciate the addition of this couch, my love, but I'm really wanting the full Marilyn Monroe room treatment."
6169,4269,0,8,47,55,1.1454545454545455,0.04797713974560777,667,"Mae West, young man."""
6089,4269,0,8,47,55,1.1454545454545455,0.04797713974560777,667,Did I mention I'm a compulsive liar?
5563,4269,1,6,48,55,1.1454545454545455,0.05454545454545457,667,"Hey doc, what do you think Freud would’ve said this couch symbolizes?"
5487,4269,0,8,47,55,1.1454545454545455,0.04797713974560777,667,... and I just can't bear it when she gets lipstick on my collar!
5432,4269,0,8,47,55,1.1454545454545455,0.04797713974560777,667,"If I’m really being honest, I think I’m getting too much lip from you."
5985,4269,2,4,49,55,1.1454545454545455,0.06040370257667094,667,I hope you're not just giving me lip service.
5617,4269,2,4,49,55,1.1454545454545455,0.06040370257667094,667,"The dream starts at the late night,double feature,picture show."
3103,4269,1,6,48,55,1.1454545454545455,0.05454545454545457,667,Thanks for letting me use my novelty couch for our sessions...
5649,4269,1,6,48,55,1.1454545454545455,0.05454545454545457,667,"My lips are sealed, I told her, until I have to lie in my own bed...!"
5888,4269,0,8,47,55,1.1454545454545455,0.04797713974560777,667,I’m having these recurring nightmares about being devoured by Mae West.
5854,4269,1,6,48,55,1.1454545454545455,0.05454545454545457,667,"I just can't live like this any longer Doc!""
""I'm sorry, our time is up........"
5786,4269,1,6,48,55,1.1454545454545455,0.05454545454545457,667,That's because every time I'm in your office the first on my mind is my mistress.
5337,4269,2,4,49,55,1.1454545454545455,0.06040370257667094,667,My mom's lips?
5325,4269,0,8,47,55,1.1454545454545455,0.04797713974560777,667,"Sometimes it seems like life is just biting me on the ass, Doc."
5178,4269,1,6,48,55,1.1454545454545455,0.05454545454545457,667,"Never mind my mother, what are you going to prescribe me for these piles?"
5157,4269,1,6,48,55,1.1454545454545455,0.05454545454545457,667,Then I had a nightmare of being the twelveth candidate
4933,4269,1,6,48,55,1.1454545454545455,0.05454545454545457,667,"Honestly, Doc, every time I'm on this couch I want to bite my lips."
4868,4269,0,8,47,55,1.1454545454545455,0.04797713974560777,667,I'm not sure this is getting me past my Oedipus complex.
4762,4269,0,8,47,55,1.1454545454545455,0.04797713974560777,667,"You may want stay seated, as I rent the office out in order to afford rent."
4736,4269,0,8,47,55,1.1454545454545455,0.04797713974560777,667,Sometimes I dream about the sizzle and snap of Jimmy Dean sausage.
4725,4269,1,6,48,55,1.1454545454545455,0.05454545454545457,667,Is my agreeing to lie on this sofa a prelude to a kiss?
4387,4269,1,6,48,55,1.1454545454545455,0.05454545454545457,667,"Since our last session, every time I see a woman with lip filler, all I want to do is lounge."
6123,4269,0,8,47,55,1.1454545454545455,0.04797713974560777,667,Would you reassure me just one more time that everything I say here is strictly confidential?
2875,4269,0,8,47,55,1.1454545454545455,0.04797713974560777,667,She said I had too much mouth!
1114,4269,0,8,47,55,1.1454545454545455,0.04797713974560777,667,"I really don't know, Dr. Emoji, but I never think of craving true love until I 'm at one of our sessions."
20,4269,1,6,48,55,1.1454545454545455,0.05454545454545457,667,I just feel like your paying lip service since you got this new couch.
970,4269,1,6,48,55,1.1454545454545455,0.05454545454545457,667,And then there were these Munchkins. . .
824,4269,2,4,49,55,1.1454545454545455,0.06040370257667094,667,"Sure, I am comfortable, but am I comfortable?"
749,4269,0,8,47,55,1.1454545454545455,0.04797713974560777,667,How do I explain my red behind to my wife?
686,4269,0,8,47,55,1.1454545454545455,0.04797713974560777,667,Been to the Poconos lately?
676,4269,1,6,48,55,1.1454545454545455,0.05454545454545457,667,I still think I'm lying on a huge pair of lips & am about to be swallowed !
660,4269,1,6,48,55,1.1454545454545455,0.05454545454545457,667,I have a fear of being eaten alive.
1096,4269,1,6,48,55,1.1454545454545455,0.05454545454545457,667,"I went in for a kiss, but she turned bright red and clammed up."
659,4269,0,8,47,55,1.1454545454545455,0.04797713974560777,667,"I know only I can see it, but I thought it should have a name anyway.  I call it 'red.'"
562,4269,0,8,47,55,1.1454545454545455,0.04797713974560777,667,I love to come here because nobody else kisses me!
554,4269,0,8,47,55,1.1454545454545455,0.04797713974560777,667,And Flash Gordon was there. In silver underwear.
434,4269,0,8,47,55,1.1454545454545455,0.04797713974560777,667,"Actually, what I really want is a beer."
280,4269,0,8,47,55,1.1454545454545455,0.04797713974560777,667,I  hear Dr. Schwarzman got a swivel recliner with full-body massage function.
259,4269,0,8,47,55,1.1454545454545455,0.04797713974560777,667,I am completely distressed.  Next time please make the sofa green.
53,4269,1,6,48,55,1.1454545454545455,0.05454545454545457,667,Something about those big red lips that keeps me coming back
573,4269,0,8,47,55,1.1454545454545455,0.04797713974560777,667,My wife was one thing. We'd had our problems. But then the bastard stole my brand new red love seat too!
1156,4269,2,4,49,55,1.1454545454545455,0.06040370257667094,667,Now I get Lip of Luxury in your ads.
837,4269,0,8,47,55,1.1454545454545455,0.04797713974560777,667,I keep dreaming that I'm being eaten alive
1489,4269,1,6,48,55,1.1454545454545455,0.05454545454545457,667,It’s like this giant mouth is going to eat me.
2854,4269,0,8,47,55,1.1454545454545455,0.04797713974560777,667,Why do I always see the world through rose colored glasses?
2723,4269,0,8,47,55,1.1454545454545455,0.04797713974560777,667,"And remember, no slip of the tongue!"
2585,4269,1,6,48,55,1.1454545454545455,0.05454545454545457,667,I would prefer a different color
2452,4269,0,8,47,55,1.1454545454545455,0.04797713974560777,667,"Well sir,maybe if you would stop giving her so much lip,she would be willing to make up."
2305,4269,1,6,48,55,1.1454545454545455,0.05454545454545457,667,How about we chitchat after you stanch the bleeding.
1336,4269,0,8,47,55,1.1454545454545455,0.04797713974560777,667,My wife says I pout too much.
2123,4269,0,8,47,55,1.1454545454545455,0.04797713974560777,667,"Why do you feel that I'm just providing ""lip service""?"
2106,4269,0,8,47,55,1.1454545454545455,0.04797713974560777,667,"As my dentist for many years,I need to tell you, Jack"
2278,4269,0,8,47,55,1.1454545454545455,0.04797713974560777,667,You think everything I say is about my oral phase.
1843,4269,1,6,48,55,1.1454545454545455,0.05454545454545457,667,You really need to stop licking your lips...it's freaking me out.
1838,4269,1,6,48,55,1.1454545454545455,0.05454545454545457,667,Do you think I'm in denial about my age
1804,4269,1,6,48,55,1.1454545454545455,0.05454545454545457,667,I have an irrepressible urge to tell you all about my first kiss.....
1752,4269,0,8,47,55,1.1454545454545455,0.04797713974560777,667,This really helps my oral fixation!
1506,4269,0,8,47,55,1.1454545454545455,0.04797713974560777,667,"This is how it starts Doc, what next Blue."
1500,4269,2,4,49,55,1.1454545454545455,0.06040370257667094,667,"Not sure why you're asking, but I did cut myself shaving this morning."
2036,4269,0,8,47,55,1.1454545454545455,0.04797713974560777,667,I'm feeling elliptical
3981,4358,1,6,49,56,1.1428571428571428,0.053625513823539174,667,"After 15 years of valuable sessions, I hope you know I hang on your lips for most life decisions."
3698,4358,1,6,49,56,1.1428571428571428,0.053625513823539174,667,I'm feeling happier since you redecorated !
3972,4358,1,6,49,56,1.1428571428571428,0.053625513823539174,667,I take it you are a Freudian
3921,4358,0,8,48,56,1.1428571428571428,0.047184161362558326,667,Valentino Red ?
3873,4358,1,6,49,56,1.1428571428571428,0.053625513823539174,667,"Once a week, I like to be ass-kissed for a change"
3807,4358,0,8,48,56,1.1428571428571428,0.047184161362558326,667,"Help me, Doc. It's like I see her red lips everywhere."
3799,4358,3,2,51,56,1.1428571428571428,0.06460957383809222,667,So you started e-lips in your parents' basement...?
3645,4358,0,8,48,56,1.1428571428571428,0.047184161362558326,667,Let me tell you about my first kiss
3102,4358,0,8,48,56,1.1428571428571428,0.047184161362558326,667,"Look doctor, I have a feeling that you are only giving me lip service"
3587,4358,0,8,48,56,1.1428571428571428,0.047184161362558326,667,Is this your idea of paying lip service?
3568,4358,1,6,49,56,1.1428571428571428,0.053625513823539174,667,Seal it with a kiss?
3462,4358,0,8,48,56,1.1428571428571428,0.047184161362558326,667,"I feel as though I am a character speaking to my freudian therapist, the two of us hopelessly trapped in a recurring therapist-client cartoon published by New Yorker Magazine."
3410,4358,2,4,50,56,1.1428571428571428,0.059372101042402405,667,"Come on, Doc, I feel like you’re just giving me lip service."
3348,4358,1,6,49,56,1.1428571428571428,0.053625513823539174,667,"Thank you for another 50 minutes of fame, Doc."
3310,4358,1,6,49,56,1.1428571428571428,0.053625513823539174,667,"Ok, Doc, I came up to see you.  Now what?"
3207,4358,1,6,49,56,1.1428571428571428,0.053625513823539174,667,"Ahhh, you’re right - I AM more comfortable lying."
4047,4358,1,6,49,56,1.1428571428571428,0.053625513823539174,667,"Oh, my. He's even boring himself."
3615,4358,3,2,51,56,1.1428571428571428,0.06460957383809222,667,Neo-expressionist? And here I was thinking you were a Freudian.
4087,4358,1,6,49,56,1.1428571428571428,0.053625513823539174,667,"Why aren't you sharing, Steve? What's got your tongue?"
6105,4358,2,4,50,56,1.1428571428571428,0.059372101042402405,667,Next time on the hips?
4385,4358,1,6,49,56,1.1428571428571428,0.053625513823539174,667,"I don't want to dream it, I want to be it"
6192,4358,1,6,49,56,1.1428571428571428,0.053625513823539174,667,Your lip couch is sick!
6097,4358,2,4,50,56,1.1428571428571428,0.059372101042402405,667,It's always been a mystery to me...I just can't quite put my finger on it.
3010,4358,1,6,49,56,1.1428571428571428,0.053625513823539174,667,"Secretly, I'm more Moue than Pucker."
6061,4358,1,6,49,56,1.1428571428571428,0.053625513823539174,667,This is the 'tell' part.
6044,4358,2,4,50,56,1.1428571428571428,0.059372101042402405,667,This feels surreal.
5872,4358,1,6,49,56,1.1428571428571428,0.053625513823539174,667,"Milk, bread, butter, eggs ... detergent."
5598,4358,1,6,49,56,1.1428571428571428,0.053625513823539174,667,"Excuse me, but does your couch happen to have a tongue?"
5529,4358,1,6,49,56,1.1428571428571428,0.053625513823539174,667,You must give many of your clients a lot of lip service.
5256,4358,0,8,48,56,1.1428571428571428,0.047184161362558326,667,Are you getting lippy with me?
5123,4358,0,8,48,56,1.1428571428571428,0.047184161362558326,667,So what if they judge me? I'm not ashamed to be here. I don't even worry about the lipstick stains anymore.
5109,4358,1,6,49,56,1.1428571428571428,0.053625513823539174,667,"1.It's on the tip of my....tongue
2.I just can't put my finger on it.
3.Something about her, sticks in the back of my mind.
4.I feel like she's about to swallow me up. 5.She says she loves how I taste, but I can't trust a surrealist since the divorce"
4847,4358,1,6,49,56,1.1428571428571428,0.053625513823539174,667,Why am I here? Because I love The New Yorker's caption contest too much.
4833,4358,0,8,48,56,1.1428571428571428,0.047184161362558326,667,And your mother wore which color lipstick?
4698,4358,1,6,49,56,1.1428571428571428,0.053625513823539174,667,Patients on a plain old couch just don’t do it  for me .
4664,4358,1,6,49,56,1.1428571428571428,0.053625513823539174,667,"Lips, Doc! Everywhere I go I see lips."
4505,4358,0,8,48,56,1.1428571428571428,0.047184161362558326,667,I am concerned you are only giving me lip service...
4457,4358,2,4,50,56,1.1428571428571428,0.059372101042402405,667,Yes Dr. It's a recurring nightmare...each week I get swallowed and divulge my soul.
4158,4358,2,4,50,56,1.1428571428571428,0.059372101042402405,667,I think your watch is melting.
3000,4358,1,6,49,56,1.1428571428571428,0.053625513823539174,667,"After six sessions, you haven't convinced me that reverse-role playing is more effective than cognitive therapy and so I want my chair back."""
3566,4358,0,8,48,56,1.1428571428571428,0.047184161362558326,667,Are you writing that down?  How can you not expect lip service?
2726,4358,1,6,49,56,1.1428571428571428,0.053625513823539174,667,"Mr Katz, I assure you that the couch is not trying to devour you."
2934,4358,1,6,49,56,1.1428571428571428,0.053625513823539174,667,She keeps wanting to kiss and make up.  What do you think?
441,4358,0,8,48,56,1.1428571428571428,0.047184161362558326,667,Any chance we can not do this without the tongue?
477,4358,1,6,49,56,1.1428571428571428,0.053625513823539174,667,"After each of our sessions, I have the same dream about hockey moms, pit bulls and lipstick. What does it all mean?"
509,4358,0,8,48,56,1.1428571428571428,0.047184161362558326,667,Every time I come here I get a craving for Hershey kisses.
541,4358,1,6,49,56,1.1428571428571428,0.053625513823539174,667,Is this the lip sink we were talking about last week?
575,4358,2,4,50,56,1.1428571428571428,0.059372101042402405,667,I'm a well person trapped in a neurotic person's body!
723,4358,0,8,48,56,1.1428571428571428,0.047184161362558326,667,I see red people.
754,4358,2,4,50,56,1.1428571428571428,0.059372101042402405,667,The feelings of inadequacy started when I saw her lips.
847,4358,2,4,50,56,1.1428571428571428,0.059372101042402405,667,"Right now, it feels a bit surreal."
876,4358,1,6,49,56,1.1428571428571428,0.053625513823539174,667,Red my lips
920,4358,1,6,49,56,1.1428571428571428,0.053625513823539174,667,I feel like I've been chewed up and she's going to spot me out.
39,4358,2,4,50,56,1.1428571428571428,0.059372101042402405,667,I hope this counts as my first kiss.
1055,4358,1,6,49,56,1.1428571428571428,0.053625513823539174,667,"So does this mean I love your mood couch, or hate it?”"
1276,4358,1,7,55,63,1.1428571428571428,0.04986999410368025,667,Perhaps we should change places.
1347,4358,1,6,49,56,1.1428571428571428,0.053625513823539174,667,I feel strangely aroused.
1681,4358,1,6,49,56,1.1428571428571428,0.053625513823539174,667,"2:31pm - breakthrough, patient comes to terms with his thanataphobic delusions.
2:32pm - patient dies suddenly on new red couch"
1754,4358,0,8,48,56,1.1428571428571428,0.047184161362558326,667,"....and in my dream, I am resting comfortably inside a big red vagina."
1796,4358,1,6,49,56,1.1428571428571428,0.053625513823539174,667,I just feel like the world is eating me up and spitting me out again.
2060,4358,2,4,50,56,1.1428571428571428,0.059372101042402405,667,What do you make of my dream? The Kiss of Death swallows me whole.
2229,4358,1,6,49,56,1.1428571428571428,0.053625513823539174,667,"Now that you feel more in your element, can you tell me about when the stripper hit you?"
2630,4358,0,8,48,56,1.1428571428571428,0.047184161362558326,667,"It all started with my dog, Oedipus."
983,4358,1,6,49,56,1.1428571428571428,0.053625513823539174,667,I keep getting smacked around!  I can’t deal with this anymore!
650,4422,0,8,49,57,1.1403508771929824,0.046416689667799826,667,So from your mouth to God's ear...
4466,4422,0,8,49,57,1.1403508771929824,0.046416689667799826,667,the girls tell me I don't have the attitude to match my pout
1368,4422,1,6,50,57,1.1403508771929824,0.05273590328947571,667,I see you wanted to bring out my feminine side in our therapy sessions.
2596,4425,0,10,62,72,1.1388888888888888,0.04104253469235572,667,kiss off with the lip service
2258,4426,1,7,57,65,1.1384615384615384,0.04842183966159297,667,I’m black and white but this couch is red all over!
1974,4427,1,6,51,58,1.1379310344827587,0.051875157633235774,667,I'm so glad we reversed roles and you look great in my jacket.
322,4427,1,6,51,58,1.1379310344827587,0.051875157633235774,667,"Uh, nobody wants to win contest #666."
4741,4427,1,6,51,58,1.1379310344827587,0.051875157633235774,667,The next couch isn't quite so comfortable.
5047,4430,1,6,52,59,1.1355932203389831,0.05104190368129809,667,....and the first words out of her mouth she accuses me of lying.
4291,4431,1,5,46,52,1.1346153846153846,0.055121189353288455,667,"Oh, and you'd better add a pound of bacon and a pint of coleslaw."
4070,4431,1,5,46,52,1.1346153846153846,0.055121189353288455,667,It's just really triggering that no one liked my Straight Pride Parade idea.
4305,4431,1,5,46,52,1.1346153846153846,0.055121189353288455,667,The middle-aged white man’s heydays are really over…
4329,4431,1,5,46,52,1.1346153846153846,0.055121189353288455,667,I’’m trying to tell you. It’s lip sync that started my problems.
4148,4431,0,7,45,52,1.1346153846153846,0.04779328093727965,667,"I see trees of green, red roses too."
4261,4431,1,5,46,52,1.1346153846153846,0.055121189353288455,667,"Usually my mouth is full of words, but now my mouth if full of me."
4332,4431,0,7,45,52,1.1346153846153846,0.04779328093727965,667,"I feel like I am being eaten alive, Doc!"
4371,4431,0,7,45,52,1.1346153846153846,0.04779328093727965,667,I feel as though I'm right on the edge.
4056,4431,2,3,47,52,1.1346153846153846,0.0615832227858564,667,I have a fear of swallows.
4407,4431,0,7,45,52,1.1346153846153846,0.04779328093727965,667,It bothers me that everything just isn't so black and white these days.
4020,4431,0,7,45,52,1.1346153846153846,0.04779328093727965,667,"Doc, uh, 1986 calle"
4285,4431,1,5,46,52,1.1346153846153846,0.055121189353288455,667,Lip Shrinking
4222,4431,1,5,46,52,1.1346153846153846,0.055121189353288455,667,"Well, how about it?"
4556,4431,1,5,46,52,1.1346153846153846,0.055121189353288455,667,Is this covered by Medicare?
4434,4431,0,7,45,52,1.1346153846153846,0.04779328093727965,667,You guessed it -- I'm obsessed with Mick Jagger.
4446,4431,1,5,46,52,1.1346153846153846,0.055121189353288455,667,I think I dreamed of my mother's ruby red lips.
4468,4431,0,7,45,52,1.1346153846153846,0.04779328093727965,667,"I don't care what you say, Doctor, I feel stuck in the Oral Stage."
4479,4431,1,5,46,52,1.1346153846153846,0.055121189353288455,667,I  have a complex regarding my mother's choice of lipstick!
4515,4431,0,7,45,52,1.1346153846153846,0.04779328093727965,667,I hope I am not lipping off!
4536,4431,0,7,45,52,1.1346153846153846,0.04779328093727965,667,"I’ve had enough of your lip service, doctor!"
4012,4431,1,5,46,52,1.1346153846153846,0.055121189353288455,667,"Before we get started, can I borrow a lip balm?"
4583,4431,1,5,46,52,1.1346153846153846,0.055121189353288455,667,I can't stop hearing what he says on a daily basis.
4609,4431,1,5,46,52,1.1346153846153846,0.055121189353288455,667,"In the words of Mick Jagger, “I can’t get no Satisfaction.”"
4611,4431,0,7,45,52,1.1346153846153846,0.04779328093727965,667,Mister Smith when you fin the sofa turns red.
4667,4431,0,7,45,52,1.1346153846153846,0.04779328093727965,667,I am practically wearing my emotions on my sleeve
4723,4431,0,7,45,52,1.1346153846153846,0.04779328093727965,667,"Everyone kept telling me that it gets better if I only came out, but Doc, I'm just not much for social outings."
4759,4431,0,7,45,52,1.1346153846153846,0.04779328093727965,667,I’m starting to wonder if you’re the right guy for a nymphomaniac
4409,4431,0,7,45,52,1.1346153846153846,0.04779328093727965,667,"Today I think I'll have the turkey and cheese with mayo on whole wheat, and add a pickle."
3976,4431,0,7,45,52,1.1346153846153846,0.04779328093727965,667,I'm feeling small.
3676,4431,1,5,46,52,1.1346153846153846,0.055121189353288455,667,"This is costing me an arm and a leg, I sure hope you’re prepared to give me more than lip service."
3951,4431,0,7,45,52,1.1346153846153846,0.04779328093727965,667,"Actually, I look better in Misty Coral and it doesn't smear."
4775,4431,0,7,45,52,1.1346153846153846,0.04779328093727965,667,"What´s up Doc? I think I have the syndrome of ""Never Been Kissed""."
3574,4431,0,7,45,52,1.1346153846153846,0.04779328093727965,667,This has got to be a joke.
3525,4431,0,7,45,52,1.1346153846153846,0.04779328093727965,667,"Yeah, I'm into vore. Like, BIG TIME, dude."
3499,4431,2,3,47,52,1.1346153846153846,0.0615832227858564,667,Aren't you the one with an oral fixation?
3476,4431,1,5,46,52,1.1346153846153846,0.055121189353288455,667,"But ""sycophant seat"" is a pretty obvious euphemism for this kind of couch isn't it?"
3467,4431,0,7,45,52,1.1346153846153846,0.04779328093727965,667,Thank you. I always feel as if you are talking directly to me.
3449,4431,0,7,45,52,1.1346153846153846,0.04779328093727965,667,How much for the lip service?
3448,4431,0,7,45,52,1.1346153846153846,0.04779328093727965,667,"You know, as your therapist, when you spoke, I just drew a lot of doodles."
3386,4431,1,5,46,52,1.1346153846153846,0.055121189353288455,667,"I get it doc, you think I have an oral fixation."
3347,4431,1,5,46,52,1.1346153846153846,0.055121189353288455,667,I know it was created by Dali but I keep having nightmares about melting clocks.
3343,4431,0,7,45,52,1.1346153846153846,0.04779328093727965,667,"George, the questions I am going to ask you are designed to help you sort through the policy proposals of the Democratic Party's presidential candidates."
3614,4431,0,7,45,52,1.1346153846153846,0.04779328093727965,667,"So, my Oral Fixation problem is rather common"""
3275,4431,0,7,45,52,1.1346153846153846,0.04779328093727965,667,...but I have anxiety about having anxiety!
3953,4431,0,7,45,52,1.1346153846153846,0.04779328093727965,667,My wife thinks I spend more time with you than her. Maybe if she stopped saying things like that it would change from  5 days to 3.
3616,4431,1,5,46,52,1.1346153846153846,0.055121189353288455,667,"Life is a journey, not a Las Vegas destination."
3679,4431,0,7,45,52,1.1346153846153846,0.04779328093727965,667,This isn’t what I meant when I asked if exposure therapy would work for my oral fixation.
3694,4431,1,5,46,52,1.1346153846153846,0.055121189353288455,667,"The problem, doctor, is that I cannot get the lyrics to ""mean woman blues"" out of my head."
3697,4431,0,7,45,52,1.1346153846153846,0.04779328093727965,667,It feels like the kiss of death.
3757,4431,1,5,46,52,1.1346153846153846,0.055121189353288455,667,Do any of your other pateinst use this couch?
3759,4431,0,7,45,52,1.1346153846153846,0.04779328093727965,667,Let me know when it’s my turn
3790,4431,1,5,46,52,1.1346153846153846,0.055121189353288455,667,From your lips to God's ear just isn't doing it for me.
3808,4431,0,7,45,52,1.1346153846153846,0.04779328093727965,667,I'm glad that $100/hr goes to good use.
3855,4431,0,7,45,52,1.1346153846153846,0.04779328093727965,667,"I know, keep a stiff lower lip."
3871,4431,1,5,46,52,1.1346153846153846,0.055121189353288455,667,"Not to turn the tables, doc, but I’m feeling that you could use a hug and a big kiss."
3876,4431,1,5,46,52,1.1346153846153846,0.055121189353288455,667,"Now that you mention it, my mother did have large red lips."
3880,4431,0,7,45,52,1.1346153846153846,0.04779328093727965,667,Sometimes I feel like a Rolling Stone.
3905,4431,0,7,45,52,1.1346153846153846,0.04779328093727965,667,"You know, sometimes I  just feel like a rolling stone!"
3916,4431,1,5,46,52,1.1346153846153846,0.055121189353288455,667,"I get it, you think I'm stuck in the oral stage."
3663,4431,1,5,46,52,1.1346153846153846,0.055121189353288455,667,That's all I ever get is lip service!
4831,4431,0,7,45,52,1.1346153846153846,0.04779328093727965,667,I can't seem to shake this dream that I'm a common chapstik.
2121,4431,0,7,45,52,1.1346153846153846,0.04779328093727965,667,"This couch is for you, isn't it?"
4890,4431,0,7,45,52,1.1346153846153846,0.04779328093727965,667,I feel as though the world is paying me lip service.
5650,4431,0,7,45,52,1.1346153846153846,0.04779328093727965,667,My mother had lips like this!
5717,4431,0,7,45,52,1.1346153846153846,0.04779328093727965,667,How much for an hour of lip service?
5730,4431,1,5,46,52,1.1346153846153846,0.055121189353288455,667,"For what you charge, I expected more than just lip service."
5732,4431,0,7,45,52,1.1346153846153846,0.04779328093727965,667,I had a dream I was a lipgloss.
5747,4431,0,7,45,52,1.1346153846153846,0.04779328093727965,667,From  my lips to your pad
5798,4431,0,7,45,52,1.1346153846153846,0.04779328093727965,667,"Switching from the blue couch to this one, it just doesn't feel like progress.

Kevin Berman
Brooklyn, NY"
5801,4431,2,3,47,52,1.1346153846153846,0.0615832227858564,667,"Patient: “I dreamt about you again last night.”
Therapist: “ Me too.”"
5834,4431,0,7,45,52,1.1346153846153846,0.04779328093727965,667,This is no time to get lippy with me.
5853,4431,1,5,46,52,1.1346153846153846,0.055121189353288455,667,Lately I've been having dreams about being eaten...
5950,4431,1,5,46,52,1.1346153846153846,0.055121189353288455,667,I see lips everywhere
5955,4431,0,7,45,52,1.1346153846153846,0.04779328093727965,667,"It's bad, doc... I'm in the red."
5981,4431,2,3,47,52,1.1346153846153846,0.0615832227858564,667,I wonder if Aaron Rodgers is playing this weekend?
5993,4431,1,5,46,52,1.1346153846153846,0.055121189353288455,667,"I'm crazy in love, but I don't know with who or what."
6022,4431,1,5,46,52,1.1346153846153846,0.055121189353288455,667,I feel out of sync
6033,4431,0,7,45,52,1.1346153846153846,0.04779328093727965,667,"Doc, I had to bite my lip when she refused to join me in couples therapy."
3271,4431,0,7,45,52,1.1346153846153846,0.04779328093727965,667,Is the couch supposed to help with my labial mood disorder?
6038,4431,2,3,47,52,1.1346153846153846,0.0615832227858564,667,I feel like a tongue model for the newest Stones tour
6040,4431,1,5,46,52,1.1346153846153846,0.055121189353288455,667,I feel like she's going to swallow me whole.
6049,4431,1,5,46,52,1.1346153846153846,0.055121189353288455,667,But I have to worry about something.
6064,4431,1,5,46,52,1.1346153846153846,0.055121189353288455,667,"Ever since you hired that new decorator, I feel like most of what I get from you is lip service."
6103,4431,1,5,46,52,1.1346153846153846,0.055121189353288455,667,You got three eligible bachelorettes too doc ?
6124,4431,0,7,45,52,1.1346153846153846,0.04779328093727965,667,Oh it's like I can still feel her lips on me
6141,4431,1,5,46,52,1.1346153846153846,0.055121189353288455,667,"That's all very nice, but I'm just here to get your lunch order."
6149,4431,1,5,46,52,1.1346153846153846,0.055121189353288455,667,"Yes, I did do a lot of acid in college."
6172,4431,1,5,46,52,1.1346153846153846,0.055121189353288455,667,Can we please switch back to the giant tongue chair?
6182,4431,1,5,46,52,1.1346153846153846,0.055121189353288455,667,Do you think it's just a phase?
6210,4431,1,5,46,52,1.1346153846153846,0.055121189353288455,667,From my lips to God's ear.......
5616,4431,2,3,47,52,1.1346153846153846,0.0615832227858564,667,She just never tells me what's going on with HER. I guess there's something always sealing her lips
5590,4431,1,5,46,52,1.1346153846153846,0.055121189353288455,667,I constantly feeling that I’m getting the “kiss off”.
5577,4431,0,7,45,52,1.1346153846153846,0.04779328093727965,667,"Yes, I feel I'm well balanced, but doesn't this sofa have a tongue?"
5573,4431,0,7,45,52,1.1346153846153846,0.04779328093727965,667,All I really want is to be loved!
4912,4431,0,7,45,52,1.1346153846153846,0.04779328093727965,667,I don’t know why but sometimes I feel like kissing you.
4953,4431,1,5,46,52,1.1346153846153846,0.055121189353288455,667,"Does your ""luscious lips"" couch come in any other shades?  I'm a ""peachy-sort-a-guy"" myself!"
4986,4431,1,5,46,52,1.1346153846153846,0.055121189353288455,667,Ever since I was a young man I've been a victim of self abuse.
4990,4431,0,7,45,52,1.1346153846153846,0.04779328093727965,667,"Frankly, I prefer puce. Red tends to be a little too lippy for me. But I still admire your knitting."
5024,4431,1,5,46,52,1.1346153846153846,0.055121189353288455,667,Are you putting words in my mouth?
5028,4431,0,7,45,52,1.1346153846153846,0.04779328093727965,667,"Yeah, ... I love listening too!"
5037,4431,1,5,46,52,1.1346153846153846,0.055121189353288455,667,I try to make being a couch potato as romantic as possible.
5040,4431,0,7,45,52,1.1346153846153846,0.04779328093727965,667,"How does that make me feel?
How would you feel if YOUR therapist's advise was merely lip service?"
5064,4431,1,5,46,52,1.1346153846153846,0.055121189353288455,667,Remember my first kiss? I'm having it now.
5098,4431,0,7,45,52,1.1346153846153846,0.04779328093727965,667,My last therapist referred me to you to deal with my oral fixation.
5104,4431,1,5,46,52,1.1346153846153846,0.055121189353288455,667,How did you know I like women with red lipstick?
5112,4431,1,5,46,52,1.1346153846153846,0.055121189353288455,667,You've got a Roomba!
5122,4431,0,7,45,52,1.1346153846153846,0.04779328093727965,667,"Of course it's confidential, the lips are sealed."
4863,4431,0,7,45,52,1.1346153846153846,0.04779328093727965,667,How did you know I had intimacy issues?
5188,4431,1,5,46,52,1.1346153846153846,0.055121189353288455,667,"I'M WORKING ON A NEW TYPE OF TRANSFERENCE 
THERAPY."
5258,4431,0,7,45,52,1.1346153846153846,0.04779328093727965,667,This couch feels like Mick Jagger is kissing me
5268,4431,0,7,45,52,1.1346153846153846,0.04779328093727965,667,Is it ok if I take a nap?
5270,4431,0,7,45,52,1.1346153846153846,0.04779328093727965,667,Do loose lips really sink ships?
5281,4431,1,5,46,52,1.1346153846153846,0.055121189353288455,667,"Usually I  am filled with thoughts of self-loathing, but right now I'm wondering where'd you get those awesome shoes. Are they Prada?"
5282,4431,0,7,45,52,1.1346153846153846,0.04779328093727965,667,Is that Ruby Woo or Jungle Red?
5290,4431,1,5,46,52,1.1346153846153846,0.055121189353288455,667,I'm a big old Samantha.
5311,4431,0,7,45,52,1.1346153846153846,0.04779328093727965,667,I feel like she's always talking at me.
5384,4431,0,7,45,52,1.1346153846153846,0.04779328093727965,667,"Doc, My dreams always have me lying on a bed of tulips...





Judy Carroll, Riverside, RI"
5446,4431,2,3,47,52,1.1346153846153846,0.0615832227858564,667,I just don't feel ready to rock and roll.
5453,4431,2,3,47,52,1.1346153846153846,0.0615832227858564,667,I'm a sucker.
5476,4431,1,5,46,52,1.1346153846153846,0.055121189353288455,667,Please take your feet off the couch. It's giving me anxiety.
5500,4431,2,3,47,52,1.1346153846153846,0.0615832227858564,667,I didn't really mean that.  It was a lip of the tongue.
5533,4431,2,3,47,52,1.1346153846153846,0.0615832227858564,667,My mother wore this color of lipstick.
5255,4431,1,5,46,52,1.1346153846153846,0.055121189353288455,667,Can you feel the love tonight?
3263,4431,1,5,46,52,1.1346153846153846,0.055121189353288455,667,"Doc, I am haunted by this recurring dream about the Rolling Stones and Mick Jagger."
1652,4431,0,7,45,52,1.1346153846153846,0.04779328093727965,667,I should have realized after all this time there’s more than paint on your brush
1419,4431,1,5,46,52,1.1346153846153846,0.055121189353288455,667,"Yes, I WAS expecting more than lip service."
1084,4431,0,7,45,52,1.1346153846153846,0.04779328093727965,667,"And another thing, I find the color red depressing."
1126,4431,0,7,45,52,1.1346153846153846,0.04779328093727965,667,"I'm just not a big Rocky Horror fan, I guess."
1128,4431,1,5,46,52,1.1346153846153846,0.055121189353288455,667,You are dead wrong.  I am not cured of my wax lip phobia.
1148,4431,0,7,45,52,1.1346153846153846,0.04779328093727965,667,It’s comfortable but somehow I feel too exposed.
1186,4431,0,7,45,52,1.1346153846153846,0.04779328093727965,667,Why do you think your mother's favorite color was red?
1187,4431,1,5,46,52,1.1346153846153846,0.055121189353288455,667,You say you picked it up off the set of Love American Style back in 73 and it's the same couch that Tom Bosley slept on--Outstanding!
1230,4431,0,7,45,52,1.1346153846153846,0.04779328093727965,667,The real problem I want to talk about is why I'm so uncomfortable being kissed.
1258,4431,0,7,45,52,1.1346153846153846,0.04779328093727965,667,"Yes, I do get a great deal of lip over my new office decor."
1269,4431,1,5,46,52,1.1346153846153846,0.055121189353288455,667,Why do I feel like you're just giving me lip service?
1274,4431,1,5,46,52,1.1346153846153846,0.055121189353288455,667,I think I'm going to be devoured like a sardine.
1051,4431,1,5,46,52,1.1346153846153846,0.055121189353288455,667,Today we will focus on role reversal. I'll lay down and you can take notes.
134,4431,1,5,46,52,1.1346153846153846,0.055121189353288455,667,"The aardvark said, 'Jim, it's going to be okay.  Follow the light. He doesn't know you've just died. Burp! The couch is lips!'"""
1373,4431,0,7,45,52,1.1346153846153846,0.04779328093727965,667,We could always work in my office if her apartment is too reminiscent
3254,4431,0,7,45,52,1.1346153846153846,0.04779328093727965,667,"You know, your couch really doesn’t help with divorce."
1431,4431,1,5,46,52,1.1346153846153846,0.055121189353288455,667,"It belongs to my wife, Loretta Switt!"
1433,4431,1,5,46,52,1.1346153846153846,0.055121189353288455,667,I guess I would describe it as depression with a kiss of anxiety.
1453,4431,0,7,45,52,1.1346153846153846,0.04779328093727965,667,"I've had just about enough of your lip, Doc."
1523,4431,0,7,45,52,1.1346153846153846,0.04779328093727965,667,I keep wondering what it would be like to be Mick Jagger's tongue.
1547,4431,0,7,45,52,1.1346153846153846,0.04779328093727965,667,"Doc, your couch leaves me feeling kind of violated."
1579,4431,1,5,46,52,1.1346153846153846,0.055121189353288455,667,The counseling is free. The lip reading is $275 per session.
1586,4431,0,7,45,52,1.1346153846153846,0.04779328093727965,667,"Doctor, I’m obsessed with Mick Jagger"
1618,4431,0,7,45,52,1.1346153846153846,0.04779328093727965,667,Somehow I just don't feel comfortable talking about my issues with strong women.
1284,4431,0,7,45,52,1.1346153846153846,0.04779328093727965,667,"Actually, Mr. Andrews, as your doctor, I feel it is my responsibility to inform you that my mother's interest in furniture salesmen went far beyond her interest in incest."
1640,4431,0,7,45,52,1.1346153846153846,0.04779328093727965,667,When did you start feeling these sensations?
1007,4431,0,7,45,52,1.1346153846153846,0.04779328093727965,667,I have no idea why I'm here doctor; my wife sent me m
968,4431,0,7,45,52,1.1346153846153846,0.04779328093727965,667,You never feel like you're just going to be swallowed up?
316,4431,1,5,46,52,1.1346153846153846,0.055121189353288455,667,I keep having that dream where I am being eaten by a giant.
321,4431,1,5,46,52,1.1346153846153846,0.055121189353288455,667,"Yes, I like big red lips like your couch!"
368,4431,0,7,45,52,1.1346153846153846,0.04779328093727965,667,Your sofa is not helping my oral fixation Doc.
407,4431,0,7,45,52,1.1346153846153846,0.04779328093727965,667,Do you feel like you'r being swallowed up now?
420,4431,1,5,46,52,1.1346153846153846,0.055121189353288455,667,It's called cats in the cradle
520,4431,0,7,45,52,1.1346153846153846,0.04779328093727965,667,Thank you--I DO feel loved
553,4431,1,5,46,52,1.1346153846153846,0.055121189353288455,667,"Doctor, if you do not mind let's just keep this session going until Trump is no longer President."
559,4431,1,5,46,52,1.1346153846153846,0.055121189353288455,667,Now I get to ask you a question: Isn't Dali's couch too provocative for a shrink's office?
569,4431,0,7,45,52,1.1346153846153846,0.04779328093727965,667,I think I may have an oral fixation.....
621,4431,1,5,46,52,1.1346153846153846,0.055121189353288455,667,"And all I can think about is ""Will there be enough Chapstick?"
989,4431,0,7,45,52,1.1346153846153846,0.04779328093727965,667,My golf game and life is one big lip out.
623,4431,0,7,45,52,1.1346153846153846,0.04779328093727965,667,"Yes, I said she tasted “devan”."
703,4431,1,5,46,52,1.1346153846153846,0.055121189353288455,667,"Well actually Doctor, I hadn't previously realised I had an oral fixation. 
Anne McLeod, NSW, Australia"
713,4431,1,5,46,52,1.1346153846153846,0.055121189353288455,667,Did you REALLY say that?
170,4431,1,5,46,52,1.1346153846153846,0.055121189353288455,667,She's still on my mind.
762,4431,1,5,46,52,1.1346153846153846,0.055121189353288455,667,Could my problem be that I'm delicious?
772,4431,0,7,45,52,1.1346153846153846,0.04779328093727965,667,I have this irresistible urge to kiss you.
784,4431,2,3,47,52,1.1346153846153846,0.0615832227858564,667,"You did it the wrong way, doc.  For the knit, you put the yarn in the front, and for the purl, you put it in the back."
790,4431,1,5,46,52,1.1346153846153846,0.055121189353288455,667,Do you keep smacking your lips?
802,4431,1,5,46,52,1.1346153846153846,0.055121189353288455,667,I don't think this is helping my oral fixation.
826,4431,0,7,45,52,1.1346153846153846,0.04779328093727965,667,"Patient: This couch is luscious! 
Therapist: How does that make you feel?"
901,4431,0,7,45,52,1.1346153846153846,0.04779328093727965,667,But can you reassure me that talk therapy is more than just lip service?
639,4431,1,5,46,52,1.1346153846153846,0.055121189353288455,667,I feel a strong desire to kiss you.
6226,4431,0,7,45,52,1.1346153846153846,0.04779328093727965,667,"On a side note, where are those socks from?"
1749,4431,1,5,46,52,1.1346153846153846,0.055121189353288455,667,"Excuse me, your chair is licking me and it makes me a bit uncomfortable."
1808,4431,0,7,45,52,1.1346153846153846,0.04779328093727965,667,"Somehow, I keep seeing my Aunt Trudy smothering me those awful
hugs and kisses."
2535,4431,1,5,46,52,1.1346153846153846,0.055121189353288455,667,"You wanted me to be honest, and I was. I liked the matte plum lips more."
2567,4431,0,7,45,52,1.1346153846153846,0.04779328093727965,667,They say I'm a big mouth.
2570,4431,0,7,45,52,1.1346153846153846,0.04779328093727965,667,"Oh, she also took my hair."
2589,4431,1,5,46,52,1.1346153846153846,0.055121189353288455,667,Why do I feel like you're just going to tell me more of what you think I want to hear?
47,4431,0,7,45,52,1.1346153846153846,0.04779328093727965,667,"For some reason, I feel like you're giving me lip service."
2652,4431,0,7,45,52,1.1346153846153846,0.04779328093727965,667,"I may be hard of hearing, but I am well versed in the concept of Freudian’s Lip, sir"
2666,4431,1,5,46,52,1.1346153846153846,0.055121189353288455,667,"I cannot understand the meaning of life, Doctor: should I change the question?"
2714,4431,2,3,47,52,1.1346153846153846,0.0615832227858564,667,"You say “No, no” but your lips couch says, “Yes, yes!”"
2735,4431,0,7,45,52,1.1346153846153846,0.04779328093727965,667,"This ‘What you do in Vegas stays in Vegas’ deal is making you shrinks rich, huh doc?"
2744,4431,0,7,45,52,1.1346153846153846,0.04779328093727965,667,I have a recurring dream that I’m being devoured by a pair of red lips.
76,4431,1,5,46,52,1.1346153846153846,0.055121189353288455,667,I’ve had these weird thoughts about sinking ships.
2815,4431,1,5,46,52,1.1346153846153846,0.055121189353288455,667,"Are you givin’ me the kiss off, Doc?"
2839,4431,1,5,46,52,1.1346153846153846,0.055121189353288455,667,"In your findings, is transference neurosis with an oral fixation diagnosis fairly common?"
3009,4431,2,3,47,52,1.1346153846153846,0.0615832227858564,667,I’m obsessed with sex.
3078,4431,0,7,45,52,1.1346153846153846,0.04779328093727965,667,I just can't help feeling that the whole world is telling me to kiss off.
3105,4431,1,5,46,52,1.1346153846153846,0.055121189353288455,667,"No,they’re not Dockers,they’re just pants."
3128,4431,1,5,46,52,1.1346153846153846,0.055121189353288455,667,"I'm going to count from one to three. At the count of three, you'll pull out your wallet and hand me five crisp one hundred dollar bills."
3163,4431,1,5,46,52,1.1346153846153846,0.055121189353288455,667,Does this couch mean your lips are sealed?
23,4431,1,5,46,52,1.1346153846153846,0.055121189353288455,667,"I thought I was here for the casting couch, but this is good too"
3172,4431,0,7,45,52,1.1346153846153846,0.04779328093727965,667,I am anxious to avoid people who give me lip services
3186,4431,1,5,46,52,1.1346153846153846,0.055121189353288455,667,Should I be asking YOU about oral fixation?
3243,4431,1,5,46,52,1.1346153846153846,0.055121189353288455,667,"Gee, doc, I thought you said your lips were sealed."""
2820,4431,0,7,45,52,1.1346153846153846,0.04779328093727965,667,"The lip couch is a metaphor for my life Doug, a novelty until you're finally left on the side of the road as trash."
2517,4431,1,5,46,52,1.1346153846153846,0.055121189353288455,667,"I don't know,some of the guests just weren't camp enough."
2509,4431,0,7,45,52,1.1346153846153846,0.04779328093727965,667,"Doctor, why is it that whenever I come here 
I get a yen for brown sugar"
2482,4431,1,5,46,52,1.1346153846153846,0.055121189353288455,667,I appreciate you letting me come here every week when my wife refuses to kiss me.
1839,4431,1,5,46,52,1.1346153846153846,0.055121189353288455,667,"I don’t feel sexy anymore, Doc."
1880,4431,1,5,46,52,1.1346153846153846,0.055121189353288455,667,I'm licked
1910,4431,1,5,46,52,1.1346153846153846,0.055121189353288455,667,"So...how is your psychology, today?"
1928,4431,0,7,45,52,1.1346153846153846,0.04779328093727965,667,"I just got a strange desire to ""lip"" sync some song."
1961,4431,0,7,45,52,1.1346153846153846,0.04779328093727965,667,"If we're going to get to the bottom of things, you'll have to stop kissing my ass."
2003,4431,0,7,45,52,1.1346153846153846,0.04779328093727965,667,"No, Jerry, of course that's not bloody normal."
2034,4431,0,7,45,52,1.1346153846153846,0.04779328093727965,667,FIX MY BRAIN!!! HELP ME!!!
2043,4431,0,7,45,52,1.1346153846153846,0.04779328093727965,667,"Doctor, your new couch does help me open up to many of my past love relationships."
100,4431,0,7,45,52,1.1346153846153846,0.04779328093727965,667,"Yes, a recurring nightmare of Mick Jagger as King Kong"
2150,4431,1,5,46,52,1.1346153846153846,0.055121189353288455,667,"But your Web site says, ""From Meis' lips to Jung's ears""."
2165,4431,2,3,47,52,1.1346153846153846,0.0615832227858564,667,My inferiority complex is returning.  'You suck' keeps popping into my head.
2203,4431,0,7,45,52,1.1346153846153846,0.04779328093727965,667,I read about that.
2208,4431,0,7,45,52,1.1346153846153846,0.04779328093727965,667,"Why yes, I do have some persistent memories."
2238,4431,1,5,46,52,1.1346153846153846,0.055121189353288455,667,"We'll,now that I've cured my lip phobia ..."
78,4431,0,7,45,52,1.1346153846153846,0.04779328093727965,667,Are you sure there's no drooling
2255,4431,1,5,46,52,1.1346153846153846,0.055121189353288455,667,"If I want to suck your blood, is that transference?"
2271,4431,1,5,46,52,1.1346153846153846,0.055121189353288455,667,"Did your wife decorate the office, or am I being eaten alive?"
2290,4431,1,5,46,52,1.1346153846153846,0.055121189353288455,667,"I'm tired of this lip service, Doc. Can you help me or not?"
2321,4431,2,3,47,52,1.1346153846153846,0.0615832227858564,667,Is this your way of telling me I have an issue with intimacy?
2385,4431,0,7,45,52,1.1346153846153846,0.04779328093727965,667,"For some reason, I am fixated on my mother's lipstick today."
2406,4431,1,5,46,52,1.1346153846153846,0.055121189353288455,667,I feel like my name is on everybody’s lips...
2418,4431,0,7,45,52,1.1346153846153846,0.04779328093727965,667,"My ex-wife was always giving me lip,
so I got to keep them in the divorce."
2463,4431,1,5,46,52,1.1346153846153846,0.055121189353288455,667,I am worried about straining your couch.
209,4431,1,5,46,52,1.1346153846153846,0.055121189353288455,667,It feels like you're just giving me lip service.
249,4431,0,7,45,52,1.1346153846153846,0.04779328093727965,667,Note: Patient has now accessed his outer female.
5934,4660,1,7,59,67,1.1343283582089552,0.04705493189919477,667,"(Patient sitting in arm chair)- “Doc, I dunno about this whole ‘reverse psychology’ thing.”"
1812,4661,0,8,52,60,1.1333333333333333,0.044255719836307675,667,I'd like to order a dozen of these for the office
1588,4662,0,9,59,68,1.1323529411764706,0.0414000577075105,667,It was a lipsuit.
6193,4663,2,3,48,53,1.1320754716981132,0.06046347269649694,667,She claimed all she got from me was lip service.
2244,4663,0,7,46,53,1.1320754716981132,0.04695159976668159,667,So you already know what I’m thinking?
2349,4663,1,5,47,53,1.1320754716981132,0.05413078722488102,667,Is this #MeToo couch for encountering my inner feminine?
2526,4663,0,7,46,53,1.1320754716981132,0.04695159976668159,667,"Doctor, I’d sure like to lick this sex addiction problem soon."
2647,4663,1,5,47,53,1.1320754716981132,0.05413078722488102,667,"I'm having thoughts about my third wife. I'm not sure where this is coming from, but I was always uncomfortable with the amount of makeup she wore."
2743,4663,0,7,46,53,1.1320754716981132,0.04695159976668159,667,This isn't about my love life.
2890,4663,1,5,47,53,1.1320754716981132,0.05413078722488102,667,"You know ,at $200 an hour, I expect better lip service then this!"
3038,4663,1,5,47,53,1.1320754716981132,0.05413078722488102,667,"I'm not sure I need a sex therapist to deal with my anxieties 
about the President's trade policies."
3093,4663,1,5,47,53,1.1320754716981132,0.05413078722488102,667,I keep having these nightmares that Mae West is eating me alive...they are so surreal!
3111,4663,1,5,47,53,1.1320754716981132,0.05413078722488102,667,"So, you are saying that you feel that you are in a Rolling Stones concert...Go with that"
3137,4663,0,7,46,53,1.1320754716981132,0.04695159976668159,667,I've always had this secret desire to put my feet up on furniture.
3147,4663,0,7,46,53,1.1320754716981132,0.04695159976668159,667,Why did you put a love seat in here? It is a continuous reminder that my dog doesn’t love me.
3665,4663,1,5,47,53,1.1320754716981132,0.05413078722488102,667,Mommy and Me.
3601,4663,1,5,47,53,1.1320754716981132,0.05413078722488102,667,Your couch is kind of shocking for a monochrome guy like me.
3710,4663,0,7,46,53,1.1320754716981132,0.04695159976668159,667,I started out as a legs and breasts guy!
3564,4663,1,5,47,53,1.1320754716981132,0.05413078722488102,667,Again?  I've told you this part of the story at least 4 times... are you listening to anything I say?
3496,4663,2,3,48,53,1.1320754716981132,0.06046347269649694,667,"No, I still don't want to make up."
3295,4663,0,7,46,53,1.1320754716981132,0.04695159976668159,667,"It seems like every time I come here , it feels like I am being eaten alive."
3670,4663,0,7,46,53,1.1320754716981132,0.04695159976668159,667,Can we talk about my oral fixation?
5132,4663,0,7,46,53,1.1320754716981132,0.04695159976668159,667,"Would you like a sip, or a gulp?"
3998,4663,2,3,48,53,1.1320754716981132,0.06046347269649694,667,I think you should know I keep a daybed at home.
4757,4663,0,7,46,53,1.1320754716981132,0.04695159976668159,667,Is this couch a set of lips?...You're not Freudian are you?
5296,4663,0,7,46,53,1.1320754716981132,0.04695159976668159,667,"Again, this isn't just lip service."
5378,4663,1,5,47,53,1.1320754716981132,0.05413078722488102,667,Mick Jagger has ruined my life...
5503,4663,0,7,46,53,1.1320754716981132,0.04695159976668159,667,Your really do just Freudian slip right into this couch.
5569,4663,1,5,47,53,1.1320754716981132,0.05413078722488102,667,I think I might be orally fixated.
5660,4663,1,5,47,53,1.1320754716981132,0.05413078722488102,667,"Man on the Couch: All she said last night was, ""did you wash the dishes after cooking?"" I mean I'm the husband here, or has that changed?
Therapist: Is that what you asked her?
Man on the Couch: Offcourse not."
6011,4663,1,5,47,53,1.1320754716981132,0.05413078722488102,667,Did I mention my Cheilophobia?
6007,4663,0,7,46,53,1.1320754716981132,0.04695159976668159,667,"Of course, I feel better after each of our sessions but I still have that that recurring dream where I am a Chapstick."
3956,4663,0,7,46,53,1.1320754716981132,0.04695159976668159,667,"I don't like being called 'my little rouge à lèvres'."""
2214,4663,0,7,46,53,1.1320754716981132,0.04695159976668159,667,"Her ruby lips, her shapely hips and I got it."
4483,4663,0,7,46,53,1.1320754716981132,0.04695159976668159,667,"Before this appointment, I believed nobody would swallow my nonsense."
4444,4663,1,5,47,53,1.1320754716981132,0.05413078722488102,667,It really brings out your familial issues.
4404,4663,0,7,46,53,1.1320754716981132,0.04695159976668159,667,I admire that you stick to a theme.
5124,4663,0,7,46,53,1.1320754716981132,0.04695159976668159,667,"Please, I'd really like to hear more, and that's not just lip service."
4398,4663,1,5,47,53,1.1320754716981132,0.05413078722488102,667,I guess this means my fate is sealed with a kiss!
4292,4663,1,5,47,53,1.1320754716981132,0.05413078722488102,667,I guess I don’t like when people give me lip.
4206,4663,1,5,47,53,1.1320754716981132,0.05413078722488102,667,So you mean I should be kinder to myself...
4000,4663,0,7,46,53,1.1320754716981132,0.04695159976668159,667,I've never been a kiss ass and you?
6001,4663,1,5,47,53,1.1320754716981132,0.05413078722488102,667,Read my lips: no new relapses.
2086,4663,0,7,46,53,1.1320754716981132,0.04695159976668159,667,Overcome my Oedipus complex? Mother always wore this color lipstick.
596,4663,1,5,47,53,1.1320754716981132,0.05413078722488102,667,"I’m sorry, doc. I just don’t know if conversion therapy is for me."
1984,4663,1,5,47,53,1.1320754716981132,0.05413078722488102,667,Its like I see her lips everywhere.
130,4663,1,5,47,53,1.1320754716981132,0.05413078722488102,667,What was it about French kissing that made you stop doing it?
285,4663,1,5,47,53,1.1320754716981132,0.05413078722488102,667,"My problem is my ambivalence toward my wife, Marilyn."
379,4663,0,7,46,53,1.1320754716981132,0.04695159976668159,667,"I mean, I didn't ASK to be this good at initiating massive headcount reductions."
392,4663,1,5,47,53,1.1320754716981132,0.05413078722488102,667,There's  something about your office that makes me feel like I'm about to be eaten.
481,4663,1,5,47,53,1.1320754716981132,0.05413078722488102,667,My life is like a lip sync battle.
605,4663,1,5,47,53,1.1320754716981132,0.05413078722488102,667,Has my nap interrupted your nap time?
845,4663,0,7,46,53,1.1320754716981132,0.04695159976668159,667,"If you don't mind, I'd just like to take a nap here instead of talking today."
1177,4663,0,7,46,53,1.1320754716981132,0.04695159976668159,667,And you're sure? This is how you drew those French girls?
2023,4663,0,7,46,53,1.1320754716981132,0.04695159976668159,667,"After all this time, you, of all people, should know I clash with the hues of summer.  As Nanny said when she laid out my outfits, 'You're my pastel boy.' """
277,4663,0,7,46,53,1.1320754716981132,0.04695159976668159,667,"All I'm saying, Dr. Glitter, is that I can see how the furniture delivery driver got confused."
1355,4663,0,7,46,53,1.1320754716981132,0.04695159976668159,667,From your lips to Freud's ears!
1413,4663,2,3,48,53,1.1320754716981132,0.06046347269649694,667,It's surreal.  I dally. Then I sleep.
1572,4663,2,3,48,53,1.1320754716981132,0.06046347269649694,667,"I can’t figure out why I’m so down in the mouth .”
Charles Pumilia
Livingston N"
1686,4663,1,5,47,53,1.1320754716981132,0.05413078722488102,667,My life just feels so black and white
1689,4663,1,5,47,53,1.1320754716981132,0.05413078722488102,667,I’m so hot for her and she’s so cold.
1814,4663,0,7,46,53,1.1320754716981132,0.04695159976668159,667,"I appreciate your method, doc, but I just don't think this is really weening me off from the taste of her lips."
1883,4663,0,7,46,53,1.1320754716981132,0.04695159976668159,667,I've been having these strange dreams about a giant woman ever since I started seeing you.
1290,4663,1,5,47,53,1.1320754716981132,0.05413078722488102,667,So you're saying I only pay lip service to getting help.
1952,4663,0,7,46,53,1.1320754716981132,0.04695159976668159,667,Everything I see looks like tulips.
1170,4725,1,6,54,61,1.1311475409836065,0.049452797144256905,667,"It's the strangest thing, Doc. All those inkblots looked like a pair of lips."
3996,4726,1,5,48,54,1.1296296296296295,0.053175186756420724,667,"What the world ""Need ,s now (is Love"
3039,4726,0,7,47,54,1.1296296296296295,0.04613879568230499,667,"Doc, last week I dreamt  I was being swallowed up by a pair of gigantic red lips.What could that mean!?"
2524,4726,0,7,47,54,1.1296296296296295,0.04613879568230499,667,Do you intentionally use this couch to juxtapose my loneliness?
2100,4726,1,5,48,54,1.1296296296296295,0.053175186756420724,667,Something's telling me we both never got over 'Hot Lips' Houlihan.
2375,4730,0,8,54,62,1.1290322580645162,0.042922525410265526,667,"P:“I like their music, but I really am horrified by the Rolling Stones”
D:“Would you say you have... Mixed Emotions?”
P: [Screams]"
1891,4730,1,6,55,62,1.1290322580645162,0.048694598441382554,667,I have this thing about soft lips.
2049,4732,1,7,62,70,1.1285714285714286,0.04514264748228169,667,"So when did your ""thing"" for Marilyn Monroe manifest itself?"
139,4733,0,7,48,55,1.1272727272727272,0.04535342286998717,667,"Let me guess, you think this is another manifestation of my oral fixation."
2863,4733,1,5,49,55,1.1272727272727272,0.05225259457122248,667,When I get home after being here I notice red lipstick on my collar. How do you explain that?
1396,4733,0,7,48,55,1.1272727272727272,0.04535342286998717,667,"I love this new slipcover, Doc. What is this shade, ""Beso""?"
4357,4733,1,5,49,55,1.1272727272727272,0.05225259457122248,667,I'm told that you specialise in dealing with lovesickness.
2477,4737,1,7,63,71,1.1267605633802817,0.04453912197420254,667,The patient's philemaphobia was no match for his narcolepsy.
892,4738,1,6,57,64,1.125,0.0472455591261534,667,"What more do I have to do that says;
“Take me in your arms and kiss me?”"
3414,4738,0,7,49,56,1.125,0.04459412925079223,667,looks like a shopping list . . .
2353,4740,1,5,51,57,1.1228070175438596,0.05049985383360874,667,Thoughts?  My mother's blushing bosom?
2408,4740,0,7,50,57,1.1228070175438596,0.04385964912280703,667,"After all I've accomplished, no one ever gives me the red carpet treatment."
5262,4740,0,7,50,57,1.1228070175438596,0.04385964912280703,667,Cannot respond:my lip is sealed
2424,4740,0,7,50,57,1.1228070175438596,0.04385964912280703,667,I find paying lip service to that idea quite comfortable
6219,4740,1,5,51,57,1.1228070175438596,0.05049985383360874,667,"I'll have the club sandwich, hold the mayo"
3784,4745,1,4,44,49,1.1224489795918366,0.055578689246150295,667,"I feel like you're giving me the kiss off, Doc."""
3875,4745,0,6,43,49,1.1224489795918366,0.04731438007905969,667,I feel I'm being eaten alive.
3988,4745,1,4,44,49,1.1224489795918366,0.055578689246150295,667,I’d rather talk about dada now
4081,4745,1,4,44,49,1.1224489795918366,0.055578689246150295,667,Have you checked your cyan cartridge lately?
4085,4745,0,6,43,49,1.1224489795918366,0.04731438007905969,667,I could really use a kiss right now.
4102,4745,1,4,44,49,1.1224489795918366,0.055578689246150295,667,"""My girlfriend...it's like she's following me everywhere."""
4621,4745,0,6,43,49,1.1224489795918366,0.04731438007905969,667,I think I’m straight.
4193,4745,1,4,44,49,1.1224489795918366,0.055578689246150295,667,"No, I don't dream about my mother's mouth."
4271,4745,0,6,43,49,1.1224489795918366,0.04731438007905969,667,"I didn't want it to be ""all talk"" therapy."
4532,4745,0,6,43,49,1.1224489795918366,0.04731438007905969,667,I feel like my wife lured me into a tight teeth grip after we married!
4541,4745,1,4,44,49,1.1224489795918366,0.055578689246150295,667,Does this couch turn red when I'm lying to myself?
4581,4745,0,6,43,49,1.1224489795918366,0.04731438007905969,667,Like I said before... I'm ready for therapy can kiss my ass goodbye!
4588,4745,0,6,43,49,1.1224489795918366,0.04731438007905969,667,It took 5 hours for her to text me back. Does that mean our relationship is over?
3682,4745,1,4,44,49,1.1224489795918366,0.055578689246150295,667,I have to tell you... red brings out the wicked side of me...
4192,4745,0,6,43,49,1.1224489795918366,0.04731438007905969,667,Somehow everything reminds me of her.
3547,4745,0,6,43,49,1.1224489795918366,0.04731438007905969,667,"No, I don't like red. Why are you asking?"
3537,4745,0,6,43,49,1.1224489795918366,0.04731438007905969,667,"Doc,Somehow I've developed this kissing  phobia."
3531,4745,1,4,44,49,1.1224489795918366,0.055578689246150295,667,"So you feel encased in a soft moist cocoon, what's the problem then?"
2794,4745,0,6,43,49,1.1224489795918366,0.04731438007905969,667,This couch is quite popular. It comes in other colors and I can arrange free delivery with approved credit.
2817,4745,1,4,44,49,1.1224489795918366,0.055578689246150295,667,"Is it true that you have a big mouth, Doc?"
2834,4745,1,4,44,49,1.1224489795918366,0.055578689246150295,667,I keep falling for a pair of red lips.
2887,4745,1,4,44,49,1.1224489795918366,0.055578689246150295,667,I  like it especially when the tongue comes out and gives me a Frenchy!
3024,4745,0,6,43,49,1.1224489795918366,0.04731438007905969,667,You said something about lips this week and the week before last.”
3042,4745,2,2,45,49,1.1224489795918366,0.06276408873212902,667,Everyone just pays me lip service.
3043,4745,0,6,43,49,1.1224489795918366,0.04731438007905969,667,Your lips are soft.
3255,4745,0,6,43,49,1.1224489795918366,0.04731438007905969,667,"I feel like everyone, and everything, is kissing up to me."
3274,4745,0,6,43,49,1.1224489795918366,0.04731438007905969,667,"Okay, let's learn alphabet, a-b-c-d...""
""...Zzz...zz..."
3329,4745,0,6,43,49,1.1224489795918366,0.04731438007905969,667,Why are you so tight-lipped?  I need some feedback here.
3397,4745,1,4,44,49,1.1224489795918366,0.055578689246150295,667,So you say you just got married?
3364,4745,1,4,44,49,1.1224489795918366,0.055578689246150295,667,"I thought it was true love, until I hear what it was really saying about me."
3548,4745,1,4,44,49,1.1224489795918366,0.055578689246150295,667,She keeps giving me lip and all I can do is take it.
4623,4745,0,6,43,49,1.1224489795918366,0.04731438007905969,667,"Doc, whatever many sessions you think I need is fine, I could listen to your lip service about my problems twice a week for years."
5584,4745,1,4,44,49,1.1224489795918366,0.055578689246150295,667,"Excuse me doc, is this couch a metaphor for your patients or for you?"
4761,4745,1,4,44,49,1.1224489795918366,0.055578689246150295,667,Do I really have to explain why I am having dreams like that?
6196,4745,0,6,43,49,1.1224489795918366,0.04731438007905969,667,I'm afraid I can't help your loose lips.
6082,4745,0,6,43,49,1.1224489795918366,0.04731438007905969,667,I get insatiably hungry whenever I’m here.
6020,4745,1,4,44,49,1.1224489795918366,0.055578689246150295,667,"I usually see things in black & white, but business is bad and Im in the red."
5973,4745,0,6,43,49,1.1224489795918366,0.04731438007905969,667,I feel subjectified.
5942,4745,0,6,43,49,1.1224489795918366,0.04731438007905969,667,I feel like I’m being kissed
5838,4745,0,6,43,49,1.1224489795918366,0.04731438007905969,667,Couldn’t it be that my dreams about ruby lips have nothing to do with my sexual frustrations?
5776,4745,1,4,44,49,1.1224489795918366,0.055578689246150295,667,I’m feel unable to get any satisfaction.
5716,4745,1,4,44,49,1.1224489795918366,0.055578689246150295,667,I have this obsession that I am about to be swallowed.
5696,4745,0,6,43,49,1.1224489795918366,0.04731438007905969,667,I see your point but that's just more lip service advice.
5682,4745,0,6,43,49,1.1224489795918366,0.04731438007905969,667,I just feel chewed up and spit out.
5674,4745,1,4,44,49,1.1224489795918366,0.055578689246150295,667,I think she gave me the kiss goodbye...
5641,4745,0,6,43,49,1.1224489795918366,0.04731438007905969,667,new Yorker  Love Hotel Design
2727,4745,0,6,43,49,1.1224489795918366,0.04731438007905969,667,Is that a sharpie?
5545,4745,0,6,43,49,1.1224489795918366,0.04731438007905969,667,"I keep feeling afraid that I’ll be swallowed up, Doc."
4693,4745,1,4,44,49,1.1224489795918366,0.055578689246150295,667,"I lost her two hours ago, and my dating app won't work."
5541,4745,1,4,44,49,1.1224489795918366,0.055578689246150295,667,"Thank you for being open to my binary gendered boomer professional white male role-play, Maurice — is this doing anything for you?"
5519,4745,0,6,43,49,1.1224489795918366,0.04731438007905969,667,"And that's when I realized, I never could be the man I wanted to, because Mother never LET me."
5437,4745,1,4,44,49,1.1224489795918366,0.055578689246150295,667,"Yes, I am well read."
5409,4745,1,4,44,49,1.1224489795918366,0.055578689246150295,667,My wife said she's 'sofa'd up of me being lippy'.
5383,4745,2,2,45,49,1.1224489795918366,0.06276408873212902,667,From this couches lips to gods ears
5182,4745,1,4,44,49,1.1224489795918366,0.055578689246150295,667,This couch really gives lip service to sexual repression.
5115,4745,0,6,43,49,1.1224489795918366,0.04731438007905969,667,Finally I got my ya-yas out.
5114,4745,1,4,44,49,1.1224489795918366,0.055578689246150295,667,You’re billing for a dream you had about me?
5100,4745,0,6,43,49,1.1224489795918366,0.04731438007905969,667,I just want to smack someone.
5068,4745,2,2,45,49,1.1224489795918366,0.06276408873212902,667,Have I told you that my mother was also a lip reader?
5017,4745,1,4,44,49,1.1224489795918366,0.055578689246150295,667,So it's like a Ouija board with a scroll and sticks?
4974,4745,0,6,43,49,1.1224489795918366,0.04731438007905969,667,How bout you write down your feelings?
4939,4745,0,6,43,49,1.1224489795918366,0.04731438007905969,667,"Okay, put the mustard on me and let's go at it."
4856,4745,0,6,43,49,1.1224489795918366,0.04731438007905969,667,"Now that we've kissed, I think I'll need exposure to breasts."
4804,4745,0,6,43,49,1.1224489795918366,0.04731438007905969,667,"Can't say I put much stock in this ""Kiss it and make it better"" brand of psychology...but what the heck."
5538,4745,0,6,43,49,1.1224489795918366,0.04731438007905969,667,I keep dreaming that someone is eating me.
2711,4745,0,6,43,49,1.1224489795918366,0.04731438007905969,667,Does this make me The Beast?
1668,4745,0,6,43,49,1.1224489795918366,0.04731438007905969,667,She had big red & soft lips.
2561,4745,0,6,43,49,1.1224489795918366,0.04731438007905969,667,"It’s not that I don’t appreciate the effort, I just was never into the club scene."
1082,4745,1,4,44,49,1.1224489795918366,0.055578689246150295,667,"Everything I see reminds me of  the ""Rocky Horror Picture Show""when I did LSD."
1075,4745,1,4,44,49,1.1224489795918366,0.055578689246150295,667,I suppose I could use a bit of a mental makeover.
924,4745,1,4,44,49,1.1224489795918366,0.055578689246150295,667,I like your socks they go with your clodhoppers.
922,4745,0,6,43,49,1.1224489795918366,0.04731438007905969,667,"Doc, I've got serious inflatable issues."
912,4745,0,6,43,49,1.1224489795918366,0.04731438007905969,667,Excuse me doc; did you say “keep it succinctly simple”?
2566,4745,1,4,44,49,1.1224489795918366,0.055578689246150295,667,At 11:04 a.m. The patient suddenly stopped breathing.
841,4745,1,4,44,49,1.1224489795918366,0.055578689246150295,667,Paranoid?  You think I'm paranoid?  I know who told you that!
818,4745,1,4,44,49,1.1224489795918366,0.055578689246150295,667,"Listen, I DIDN'T kiss first damn it!"
797,4745,0,6,43,49,1.1224489795918366,0.04731438007905969,667,I need a hug.
795,4745,0,6,43,49,1.1224489795918366,0.04731438007905969,667,"Well, it's better than celadon."
747,4745,1,4,44,49,1.1224489795918366,0.055578689246150295,667,I'm paying how much for this lip service?
1113,4745,1,4,44,49,1.1224489795918366,0.055578689246150295,667,"Nothing to do with my childhood. It is your fault I associated ""sofa"" with ""kiss"""
675,4745,0,6,43,49,1.1224489795918366,0.04731438007905969,667,It feels naughty. I must be nuts.
572,4745,1,4,44,49,1.1224489795918366,0.055578689246150295,667,I can't stop thinking about her lips! I feel like I'm seeing them everywhere!
543,4745,1,4,44,49,1.1224489795918366,0.055578689246150295,667,Are you also an undertaker?
325,4745,1,4,44,49,1.1224489795918366,0.055578689246150295,667,Are you sure this is not a cigar?
301,4745,2,2,45,49,1.1224489795918366,0.06276408873212902,667,MPD analysis qualifies for a group rate and a second couch
257,4745,0,6,43,49,1.1224489795918366,0.04731438007905969,667,It is confy. Can we switch now?
225,4745,1,4,44,49,1.1224489795918366,0.055578689246150295,667,"And I said, 'No, red reminds me of betrayal; red reminds me of despair; red reminds me of uncertainty in this forsaken world.'"
198,4745,1,4,44,49,1.1224489795918366,0.055578689246150295,667,"We just call it , ""A lip service"""
119,4745,1,4,44,49,1.1224489795918366,0.055578689246150295,667,I've been feeling down in the mouth for most of my adult life.
93,4745,1,4,44,49,1.1224489795918366,0.055578689246150295,667,Alexa: pucker up!
51,4745,0,6,43,49,1.1224489795918366,0.04731438007905969,667,"What is Studio 65, Marilyn Bocca Lips sofa? See what I mean, doc?"
2,4745,2,2,45,49,1.1224489795918366,0.06276408873212902,667,For years I have been afraid I would wind up in contest #666.
669,4745,0,6,43,49,1.1224489795918366,0.04731438007905969,667,Couch mouth
1143,4745,1,4,44,49,1.1224489795918366,0.055578689246150295,667,It’s moments like this when art therapy feels so surreal.
879,4745,0,6,43,49,1.1224489795918366,0.04731438007905969,667,My wife keeps finding lipstick in my boxers.
1203,4745,0,6,43,49,1.1224489795918366,0.04731438007905969,667,"Doc, do you smell something minty?"
2522,4745,0,6,43,49,1.1224489795918366,0.04731438007905969,667,"Doc, are you sure this is confidential?"
2506,4745,0,6,43,49,1.1224489795918366,0.04731438007905969,667,"But most of all, I really miss her warm embrace with her lips of red."
2447,4745,0,6,43,49,1.1224489795918366,0.04731438007905969,667,"For some reason, I'm inspired to read your lips and throw you a kiss."
2429,4745,0,6,43,49,1.1224489795918366,0.04731438007905969,667,I feel like everyone is trying to kiss up to me.
2331,4745,0,6,43,49,1.1224489795918366,0.04731438007905969,667,"Sometimes I feel colorless, Doc."
1179,4745,0,6,43,49,1.1224489795918366,0.04731438007905969,667,"No worries, Mr. Williams; my lips are sealed."
2251,4745,0,6,43,49,1.1224489795918366,0.04731438007905969,667,"When I’m here, all I think about is Marilyn Monroe."
2217,4745,0,6,43,49,1.1224489795918366,0.04731438007905969,667,Do you have anything less...Freudian?
2044,4745,0,6,43,49,1.1224489795918366,0.04731438007905969,667,"I can´t help it, lipstick has something to do with it"
1979,4745,0,6,43,49,1.1224489795918366,0.04731438007905969,667,"You know that scene from Schindler's List? Like that, but all the time."
1921,4745,0,6,43,49,1.1224489795918366,0.04731438007905969,667,"How come you never reveal yourself, Doc?"
1866,4745,0,6,43,49,1.1224489795918366,0.04731438007905969,667,"Well, I started having less faith in you as my therapist ever since you started housesitting for your niece."
2320,4745,1,4,44,49,1.1224489795918366,0.055578689246150295,667,I don't give any lip service to your idea
1795,4745,0,6,43,49,1.1224489795918366,0.04731438007905969,667,"I have this reoccurring dream, where I am being swallowed by giant red lips."
1837,4745,1,4,44,49,1.1224489795918366,0.055578689246150295,667,Sometimes I feel like the Rolling Stones Tongue
1232,4745,2,2,45,49,1.1224489795918366,0.06276408873212902,667,I feel that we're all just a black and white presence in a richly colored world.
1409,4745,0,6,43,49,1.1224489795918366,0.04731438007905969,667,"For the record,something about your new decor just doesn't speak to me."
1410,4745,0,6,43,49,1.1224489795918366,0.04731438007905969,667,Send the bill for this session to Mr. Trump
1427,4745,0,6,43,49,1.1224489795918366,0.04731438007905969,667,I had a dream I was your only patient...
1469,4745,0,6,43,49,1.1224489795918366,0.04731438007905969,667,Lying on this red lipped sofa reminds me of my first girlfriend.
1662,4745,1,4,44,49,1.1224489795918366,0.055578689246150295,667,"did you know that scientists built a barfing machine with a face and everything to help study the norovirus?  i wonder how much they'd make you pay to kiss it. not even anything dirty. no sex, just a nice litt- oh i'm sorry, am i *boring* you?"
1736,4745,1,4,44,49,1.1224489795918366,0.055578689246150295,667,There's just me the shlep 'twixt shrink and lip....
1780,4745,0,6,43,49,1.1224489795918366,0.04731438007905969,667,"Doctor Doctor, I feel like a stick of lip balm..."
1498,4745,0,6,43,49,1.1224489795918366,0.04731438007905969,667,"From my mother mouth to your ear, Dr."
2092,4865,0,7,51,58,1.1206896551724137,0.04314879647175589,667,"Shrink-wrap is a nice touch, but I doubt we'll be talking much about naval history."
5295,4866,0,6,44,50,1.12,0.046423076597919784,667,I bet all your patients are fixated in the oral stage!
3019,4866,0,6,44,50,1.12,0.046423076597919784,667,- I feel bad. This couch reminds me of my mother.
5863,4866,0,6,44,50,1.12,0.046423076597919784,667,Gag me with a spoon.
5080,4866,0,6,44,50,1.12,0.046423076597919784,667,Am I still in the oral stage?
4277,4866,0,6,44,50,1.12,0.046423076597919784,667,"Last week you've mentioned 'oral fixation', but now you're just taking the piss!"
2683,4866,0,6,44,50,1.12,0.046423076597919784,667,Why do I get the impression that you're the kind who will 'kiss-&-tell'?
1412,4866,0,6,44,50,1.12,0.046423076597919784,667,And to think I'd never been kissed--until today.
2411,4866,1,4,45,50,1.12,0.05451081150953976,667,Are you saying I’m orally fixated?
1991,4866,0,6,44,50,1.12,0.046423076597919784,667,I have a Surrealist paranoia; I feel Salvador Dali everywhere.
1731,4866,0,6,44,50,1.12,0.046423076597919784,667,I have this recurring feeling that I'm being followed by a pair of giant lips.
1517,4866,0,6,44,50,1.12,0.046423076597919784,667,"Oh, new red couch!  Interesting choice, Doctor.  What did you intend it to symbolize: 
From my lips to God's ears?"
1018,4866,0,6,44,50,1.12,0.046423076597919784,667,I suppose now I'm expected to pay lip service.
1060,4866,0,6,44,50,1.12,0.046423076597919784,667,"Frankly, I’d be more open about my bleak outlook without this cold sore pillow."
2639,4866,0,6,44,50,1.12,0.046423076597919784,667,"If only we could find a red couch, Watson."
655,4866,0,6,44,50,1.12,0.046423076597919784,667,How do I feel about my wife paying the rent?  I might ask you the same question.
3090,4866,1,4,45,50,1.12,0.05451081150953976,667,"I know you’re lying, your couch is moving."
361,4866,0,6,44,50,1.12,0.046423076597919784,667,Smack one on me big boy.
498,4866,1,4,45,50,1.12,0.05451081150953976,667,"Is it sick to be so obsessed with Marilyn?"""
5812,4884,0,6,45,51,1.1176470588235294,0.04556450995538139,667,"I'm sorry, but this Andy Warhol furniture is not working for me"
4615,4884,0,6,45,51,1.1176470588235294,0.04556450995538139,667,"I don't know what it is, Doc, but whenever I'm on this couch I struggle with the persistence of memory and I can't distinguish swans from elephants"
4154,4884,0,6,45,51,1.1176470588235294,0.04556450995538139,667,Try the hat.
1720,4884,0,6,45,51,1.1176470588235294,0.04556450995538139,667,I'm trying to make my goals more surrealistic.
816,4884,0,8,60,68,1.1176470588235294,0.039361741477541526,667,I always wanted to be in Russia.
6118,4884,1,4,46,51,1.1176470588235294,0.05348306547837592,667,I will not merely give you lip service.
750,4890,0,6,46,52,1.1153846153846154,0.044736922925984586,667,I'm feeling an oral fixation
2250,4890,1,4,47,52,1.1153846153846154,0.05249323847751087,667,"Whenever I come here, I'm obsessed by the idea that I'm being devoured by my mother."
2595,4890,0,6,46,52,1.1153846153846154,0.044736922925984586,667,"Scratch that.  Let's say ""Then I got up and left."""
3853,4890,1,4,47,52,1.1153846153846154,0.05249323847751087,667,I just don't feel like you're taking this seriously.
4904,4890,0,6,46,52,1.1153846153846154,0.044736922925984586,667,"As we drove down the long dusty road she said "" Why don't you see someone about that crick in your neck """
2102,4890,0,6,46,52,1.1153846153846154,0.044736922925984586,667,"Doc, I never said I need to come to lips with my issues."
3350,4896,1,4,48,53,1.1132075471698113,0.051539276936327136,667,"No no, I said I Phil and I met at a phone store, not philematophobia."
1210,4896,0,6,47,53,1.1132075471698113,0.043938680706010445,667,"‘Have i told you this before, doc....doc?’"
823,4896,0,6,47,53,1.1132075471698113,0.043938680706010445,667,I don't sleep well at night because I have very sexy dreams.
4469,4896,0,6,47,53,1.1132075471698113,0.043938680706010445,667,I can't stand the look of it.
4008,4900,0,6,48,54,1.1111111111111112,0.043168260549211725,667,The tongue is exacerbating my anal fixation.
2874,4901,0,6,49,55,1.1090909090909091,0.04242424242424242,667,Am I putting words in your mouth?
3088,4902,1,3,42,46,1.108695652173913,0.05584883729854405,667,My name is Eddy Puss
4443,4902,1,3,42,46,1.108695652173913,0.05584883729854405,667,What's that giant sucking sound I hear ?
4307,4902,0,5,41,46,1.108695652173913,0.04639945099589022,667,I believe you were saying something about my oral fixation?
4263,4902,0,5,41,46,1.108695652173913,0.04639945099589022,667,"I tell my wife I love her, but she just acts like I am paying her lip service."
4234,4902,0,5,41,46,1.108695652173913,0.04639945099589022,667,I think you're still in the oral stage.
4174,4902,0,5,41,46,1.108695652173913,0.04639945099589022,667,"I don't know if it's my suits or if I'm just not suitable, doc."
4091,4902,0,5,41,46,1.108695652173913,0.04639945099589022,667,I think I will prefer to sit in your chair to discuss the other stages.
4050,4902,0,5,41,46,1.108695652173913,0.04639945099589022,667,I said “KISS MY A##”  and this is what happened !
3814,4902,0,5,41,46,1.108695652173913,0.04639945099589022,667,You have voluptuous hands.
3747,4902,1,3,42,46,1.108695652173913,0.05584883729854405,667,It's less a feeling of uncushional love and more one of overstuffed violation.
3729,4902,0,5,41,46,1.108695652173913,0.04639945099589022,667,I'm still having panic attacks related to women in bright red lipstick.
3672,4902,0,5,41,46,1.108695652173913,0.04639945099589022,667,I would have chosen a lesser red.
3649,4902,0,5,41,46,1.108695652173913,0.04639945099589022,667,"I'll make an appointment when you have the Blues."""
3571,4902,0,5,41,46,1.108695652173913,0.04639945099589022,667,Mom always liked you best!
3450,4902,0,5,41,46,1.108695652173913,0.04639945099589022,667,"doctor, i keep having dreams that i'm laying on a lip shaped 
couch."
3447,4902,1,3,42,46,1.108695652173913,0.05584883729854405,667,I didn't just come here for lip service.
3215,4902,0,5,41,46,1.108695652173913,0.04639945099589022,667,"I'm surrounded by the memory of her, especially the feel of her kisses.
What do you think that means?"
3331,4902,0,5,41,46,1.108695652173913,0.04639945099589022,667,"Could you clarify for me, Doctor, just what an ""oral fixation"" is?"
3413,4902,0,5,41,46,1.108695652173913,0.04639945099589022,667,I picked up the couch when Mick Jagger was a client.
2990,4902,0,5,41,46,1.108695652173913,0.04639945099589022,667,Does it give oral?
3065,4902,0,5,41,46,1.108695652173913,0.04639945099589022,667,"So, as a Freudian, you kinda like this sofa?"
3098,4902,1,3,42,46,1.108695652173913,0.05584883729854405,667,"I know you said I had an oedipal complex, but I swear this couch looks just like my mother's lips."
4485,4902,0,5,41,46,1.108695652173913,0.04639945099589022,667,"‘The problem, Doctor, is that I see my mother’s lips wherever I go.’"
5088,4902,1,3,42,46,1.108695652173913,0.05584883729854405,667,"Doctor, I haven't had a normal conversation with my wife for the last 3 years. She haven't stop talking since then."
4629,4902,1,3,42,46,1.108695652173913,0.05584883729854405,667,My business is about to collapse. Everything I touch ends up 'in the red'.
6203,4902,0,5,41,46,1.108695652173913,0.04639945099589022,667,"Doc, I'm concerned my wife is addicted to Botox"
6107,4902,1,3,42,46,1.108695652173913,0.05584883729854405,667,But if you try sometime then you might find you get the Democratic nomination.
6098,4902,0,5,41,46,1.108695652173913,0.04639945099589022,667,"Dr., if you don't stop treating my dreams like Dalis, I'm going to bail on you!"
6073,4902,1,3,42,46,1.108695652173913,0.05584883729854405,667,"To be honest, I feel consumed by anxiety!"
6017,4902,1,3,42,46,1.108695652173913,0.05584883729854405,667,I paid for this...?
6003,4902,2,1,43,46,1.108695652173913,0.06391616542376796,667,"OK, you found my yelp review.... and yes, I said I felt like you were giving me  lip service..... but I’m not paying for this couch."
5924,4902,1,3,42,46,1.108695652173913,0.05584883729854405,667,"When I lay down, I feel a strong need to do the Time Warp Again."
5849,4902,0,5,41,46,1.108695652173913,0.04639945099589022,667,What sex life.
5811,4902,0,5,41,46,1.108695652173913,0.04639945099589022,667,Why won't you tell me what comes after the oral stage?
5642,4902,1,3,42,46,1.108695652173913,0.05584883729854405,667,"Well, we *could*, Frank. But mainly, I want to talk about my nightmares about the Rocky Horror Picture Show."
5627,4902,0,5,41,46,1.108695652173913,0.04639945099589022,667,I'll throw in another $200 for the couch.
5613,4902,1,3,42,46,1.108695652173913,0.05584883729854405,667,What does it mean if I tell you your fly is open.
5428,4902,1,3,42,46,1.108695652173913,0.05584883729854405,667,So I'm really being fired from Revlon?
5265,4902,1,3,42,46,1.108695652173913,0.05584883729854405,667,"I remember now, she had big, red lips and liked to smack me..."
5243,4902,1,3,42,46,1.108695652173913,0.05584883729854405,667,Enough about your mom. What really turns you on?
5237,4902,1,3,42,46,1.108695652173913,0.05584883729854405,667,It all started after I watched The Rocky Horror Picture Show.
2897,4902,1,3,42,46,1.108695652173913,0.05584883729854405,667,Does that refresh your recollection?
5072,4902,1,3,42,46,1.108695652173913,0.05584883729854405,667,Role Reversal - 101
4836,4902,1,3,42,46,1.108695652173913,0.05584883729854405,667,"You say you keep having these reoccurring dreams about Gene Simmons, but let’s talk about what’s really bothering you."
4835,4902,1,3,42,46,1.108695652173913,0.05584883729854405,667,"I can't tell if this couch is uncomfortable, or if it just makes me uncomfortable."
4813,4902,0,5,41,46,1.108695652173913,0.04639945099589022,667,"You think we can make the big bucks, selling this cartoon?"
4717,4902,0,5,41,46,1.108695652173913,0.04639945099589022,667,"And in my dream, she had REALLY BIG red lips..."
4686,4902,1,3,42,46,1.108695652173913,0.05584883729854405,667,It always seemed less gooey to come out the other end!
4502,4902,0,5,41,46,1.108695652173913,0.04639945099589022,667,Remind me to buy my wife some flowers.
2745,4902,0,5,41,46,1.108695652173913,0.04639945099589022,667,"No, I don't think it's surrealistic, do you?"
4646,4902,1,3,42,46,1.108695652173913,0.05584883729854405,667,Is that a different pen for each personality?
2680,4902,1,3,42,46,1.108695652173913,0.05584883729854405,667,"Client: ""Zzz...""
        Counselor: ""Mhmm...""
             Couch: ""You're both nuts."""
1227,4902,1,3,42,46,1.108695652173913,0.05584883729854405,667,"Now convince me it’s a cobalt, high-heeled shoe chair."
1166,4902,1,3,42,46,1.108695652173913,0.05584883729854405,667,It's about good taste.
1163,4902,0,5,41,46,1.108695652173913,0.04639945099589022,667,It all began when ew decided to have a Love In
1158,4902,0,5,41,46,1.108695652173913,0.04639945099589022,667,"Doc, I must confess that, alternatively, I have been asking the illustrator of this cartoon, Carolita Johnson, to make my life less drab and boring."
1078,4902,0,5,41,46,1.108695652173913,0.04639945099589022,667,"I love my wife, but sometimes I feel like her words consume me."
1005,4902,0,5,41,46,1.108695652173913,0.04639945099589022,667,"Wow, Doc, this is a well-loved couch!"" 
""Yes, sorry about the stain. Still can't get my lip fetish client to stop humping it."""
946,4902,1,3,42,46,1.108695652173913,0.05584883729854405,667,Do you moonlight as a stage actor by any chance?
870,4902,1,3,42,46,1.108695652173913,0.05584883729854405,667,Zzz...
850,4902,1,3,42,46,1.108695652173913,0.05584883729854405,667,"…and, wearing an inflatable life jacket, she throws her dolly at me yelling, 'Why don't you come up and see ME sometime?!'"
768,4902,0,5,41,46,1.108695652173913,0.04639945099589022,667,"Yah, Yah, I know, loose lips ………."
705,4902,0,5,41,46,1.108695652173913,0.04639945099589022,667,I have been a Butler all my life. Born to serve. But now I am beginning to wonder why?
674,4902,0,5,41,46,1.108695652173913,0.04639945099589022,667,"Why do you think  I don’t want to talk about my mother when I’m lying on a woman’s lips, doctor?"
634,4902,1,3,42,46,1.108695652173913,0.05584883729854405,667,"I gotta say, Doc, these sessions really aren't helping my vore fetish."
619,4902,1,3,42,46,1.108695652173913,0.05584883729854405,667,"That's enough, can I have my seat back please ?"
542,4902,0,5,41,46,1.108695652173913,0.04639945099589022,667,"Okay, now my turn to do you."
418,4902,0,5,41,46,1.108695652173913,0.04639945099589022,667,I  get this uneasy feeling doc that I'm becoming a logo of the Rolling Stones band.
171,4902,0,5,41,46,1.108695652173913,0.04639945099589022,667,I'm not conceited. I just like bringing my own sofa to these things.
63,4902,0,5,41,46,1.108695652173913,0.04639945099589022,667,I will try not to gloss over my weaknesses.
2732,4902,0,5,41,46,1.108695652173913,0.04639945099589022,667,Are we still going out to dinner after you finish practicing your new therapy?
1250,4902,1,3,42,46,1.108695652173913,0.05584883729854405,667,I always feel like being on everybody's lips
1400,4902,0,5,41,46,1.108695652173913,0.04639945099589022,667,"No need to go on with this, doc. The couch just popped me out of it."
289,4902,0,5,41,46,1.108695652173913,0.04639945099589022,667,My mother told me to never marry someone who doesn't wear lipstick.
1463,4902,1,3,42,46,1.108695652173913,0.05584883729854405,667,Somehow I feel her enrapturing presence here also!
1425,4902,1,3,42,46,1.108695652173913,0.05584883729854405,667,I've lapsed into lips.
2487,4902,0,5,41,46,1.108695652173913,0.04639945099589022,667,"Doctor, has anyone else asked why your couch looks like a pair of lips?"
2480,4902,1,3,42,46,1.108695652173913,0.05584883729854405,667,I’m starting to think my whole life is a rouge.
2496,4902,0,5,41,46,1.108695652173913,0.04639945099589022,667,"Sorry, I can't stay long, but thank you for helping to make our visit comfortable."
2377,4902,0,5,41,46,1.108695652173913,0.04639945099589022,667,You give me too much lip!
2326,4902,1,3,42,46,1.108695652173913,0.05584883729854405,667,"Doctor, your choice of decore does not seem to be improving my feelings about my mother."
2288,4902,0,5,41,46,1.108695652173913,0.04639945099589022,667,Is it knit or purl?
2211,4902,1,3,42,46,1.108695652173913,0.05584883729854405,667,I’m feeling blue and quite conflicted.
2160,4902,0,5,41,46,1.108695652173913,0.04639945099589022,667,You can’t always get what you want? Tears must be cried? What the hell kind of analysis is that?
2216,4902,0,5,41,46,1.108695652173913,0.04639945099589022,667,My spouse's public displays of affection make me feel uncomfortable!
2021,4902,0,5,41,46,1.108695652173913,0.04639945099589022,667,Oedipus? who's that?
1470,4902,1,3,42,46,1.108695652173913,0.05584883729854405,667,I love you even more since our divorce!
1544,4902,1,3,42,46,1.108695652173913,0.05584883729854405,667,I sense some aggression when you say 'chew the fat.
1608,4902,0,5,41,46,1.108695652173913,0.04639945099589022,667,Really - these sensuous lips are exciting.  But the breath makes me feel like puking.
2065,4902,1,3,42,46,1.108695652173913,0.05584883729854405,667,"As to that oral fixation thing, I said that I would rather be in Boca, not on Bocca."
1679,4902,0,5,41,46,1.108695652173913,0.04639945099589022,667,"I just can’t shake my reoccurring nightmare about bright red lip rouge - strange, I know."
1773,4902,1,3,42,46,1.108695652173913,0.05584883729854405,667,Are you writing down your grocery list?  I thought I saw half gallon of low fat milk and a case of Poland Spring.
1895,4902,0,5,41,46,1.108695652173913,0.04639945099589022,667,"Somehow, I feel wanted every time I come here."
1943,4902,0,5,41,46,1.108695652173913,0.04639945099589022,667,Wait a minute - that was off the record!
3688,4996,0,5,42,47,1.1063829787234043,0.04546036031565445,667,Is this your famous red lip shtick?
3660,4996,1,3,43,47,1.1063829787234043,0.05469656058869374,667,Are you a Vet or a Psychiatrist? I'm terrified of injections!
3861,4996,1,3,43,47,1.1063829787234043,0.05469656058869374,667,Can I have some?
3689,4996,1,3,43,47,1.1063829787234043,0.05469656058869374,667,"Every time I leave here, 'Funky Town' becomes my ear worm."
3699,4996,0,5,42,47,1.1063829787234043,0.04546036031565445,667,My mother? Now I'm just seeing red.
3779,4996,0,5,42,47,1.1063829787234043,0.04546036031565445,667,"Today, I‘d like to speak about commitment."
3677,4996,0,5,42,47,1.1063829787234043,0.04546036031565445,667,"You're aware of course, we are relegated to 666, or is this the usual lip service."""
3885,4996,0,5,42,47,1.1063829787234043,0.04546036031565445,667,A red couch that looks like lips? Does that loosen people up Doc?
4232,4996,0,5,42,47,1.1063829787234043,0.04546036031565445,667,I've been having this recurring nightmare about excessive printing costs.
4108,4996,1,3,43,47,1.1063829787234043,0.05469656058869374,667,"I know this is the 10,000 time I've of told you this but it bears repeating."
4130,4996,0,5,42,47,1.1063829787234043,0.04546036031565445,667,Every time I come in here I start seating red.
4134,4996,0,5,42,47,1.1063829787234043,0.04546036031565445,667,I am still having the recurring dream about red tulips.
4204,4996,0,5,42,47,1.1063829787234043,0.04546036031565445,667,It's as if my mother were speaking through me.
4210,4996,0,5,42,47,1.1063829787234043,0.04546036031565445,667,I think I figured out your favorite color. May I have three guesses?
4259,4996,0,5,42,47,1.1063829787234043,0.04546036031565445,667,Dr. Lipschitz gets a custom couch. Just waiting for his emoji pillow to come in.
4321,4996,1,3,43,47,1.1063829787234043,0.05469656058869374,667,Have you noticed it's contest #666?
4447,4996,0,5,42,47,1.1063829787234043,0.04546036031565445,667,"Her lips told me No, No, but ... that's where it all began."
4023,4996,0,5,42,47,1.1063829787234043,0.04546036031565445,667,But your handbook never mentioned not eating garlic before the kiss!
3656,4996,1,3,43,47,1.1063829787234043,0.05469656058869374,667,My fee is lower for entertaining you.
3133,4996,1,3,43,47,1.1063829787234043,0.05469656058869374,667,"I'm mad all the time, even this couch makes me see red."
3538,4996,1,3,43,47,1.1063829787234043,0.05469656058869374,667,...and then I saw these giant lips coming towards me.
2830,4996,0,5,42,47,1.1063829787234043,0.04546036031565445,667,People see me as irritating chap.
2932,4996,0,5,42,47,1.1063829787234043,0.04546036031565445,667,Sometimes I feel like I’m stuck in the oral phase.
2775,4996,0,5,42,47,1.1063829787234043,0.04546036031565445,667,"Frankly, I’m not comfortable ...talking about mom."
4470,4996,1,3,43,47,1.1063829787234043,0.05469656058869374,667,I feel as if I'm about to be devoured.
2933,4996,1,3,43,47,1.1063829787234043,0.05469656058869374,667,"Sir, please cut the lip service."
2950,4996,0,5,42,47,1.1063829787234043,0.04546036031565445,667,Seems you take too much lip.
2960,4996,1,3,43,47,1.1063829787234043,0.05469656058869374,667,Are you going to charge for both of us?
2969,4996,0,5,42,47,1.1063829787234043,0.04546036031565445,667,"Since I started therapy with you, doctor, I've become more and more obsessed with the idea of wearing lipstick."
2978,4996,1,3,43,47,1.1063829787234043,0.05469656058869374,667,Where I love I have no desire and where I desire I cannot love - but this sofa is really comfy.
2998,4996,1,3,43,47,1.1063829787234043,0.05469656058869374,667,I have nightmares about dropping a stitch.
3041,4996,0,5,42,47,1.1063829787234043,0.04546036031565445,667,"Feeling blue"" is normal for me, but this is......disturbing."
3081,4996,0,5,42,47,1.1063829787234043,0.04546036031565445,667,But can you prove it was lip slip?
3142,4996,2,1,44,47,1.1063829787234043,0.06258420823527418,667,Kiss my ass. How’s that for being more assertive?
3286,4996,0,5,42,47,1.1063829787234043,0.04546036031565445,667,I don't agree that a kiss is just a kiss.
3291,4996,1,3,43,47,1.1063829787234043,0.05469656058869374,667,"Maybe we should start by clarifying the term ""daddy issues."
3403,4996,0,5,42,47,1.1063829787234043,0.04546036031565445,667,I will admit I tried Uber
3442,4996,1,3,43,47,1.1063829787234043,0.05469656058869374,667,"Lying in the cradle of a mouth is having its therapeutic effect.
Things are definitely stirring where they weren't before."
3451,4996,2,1,44,47,1.1063829787234043,0.06258420823527418,667,"My body feels like i'th trapped between lisps."""
3533,4996,1,3,43,47,1.1063829787234043,0.05469656058869374,667,My friend’s therapist doesn’t ask about his prostate health. Or check for hernias.
3599,4996,1,3,43,47,1.1063829787234043,0.05469656058869374,667,When I’m ready to talk about toilet training do I  have to get a different couch?
4527,4996,0,5,42,47,1.1063829787234043,0.04546036031565445,667,"Patient: Her lips enraptured me...I was taken,
I had no choice. She engulfed me ..totally.

Therapist: I can imagine you distress..say more."
5181,4996,1,3,43,47,1.1063829787234043,0.05469656058869374,667,"I've gotta be honest with ya, Doc. This isn't helping with my oral fixation."
4603,4996,0,5,42,47,1.1063829787234043,0.04546036031565445,667,"I've got to tell my boss to stop breathing down my neck, I can make my own decisions. Its not like the world is all black and white."
5314,4996,0,5,42,47,1.1063829787234043,0.04546036031565445,667,"Hey, Doc, where did you get those cool slacks?"
5338,4996,0,5,42,47,1.1063829787234043,0.04546036031565445,667,My old therapist had loose lips.
5467,4996,1,3,43,47,1.1063829787234043,0.05469656058869374,667,"I""  have an oral fixation"
5478,4996,1,3,43,47,1.1063829787234043,0.05469656058869374,667,Draw me like one of your depressed patients.
5479,4996,1,3,43,47,1.1063829787234043,0.05469656058869374,667,Please don't pay lip service to me.
5490,4996,0,5,42,47,1.1063829787234043,0.04546036031565445,667,"I told him 'Don't give me any lip.' But he wouldn't listen, so I punched him."
5524,4996,1,3,43,47,1.1063829787234043,0.05469656058869374,667,"If you are considering slipcovers, I suggest something cooler."
5729,4996,0,5,42,47,1.1063829787234043,0.04546036031565445,667,[patient]' I have this nightmare doc that I'm being eaten by a giant pair of red lips!' [Shrink] Would you like your delusion served with the full-fat fantasy or our weight-watchers low-cal complex needs sir?'
5310,4996,0,5,42,47,1.1063829787234043,0.04546036031565445,667,I’ve been having a strange recurrent dream of being consumed by my mother.
5745,4996,0,5,42,47,1.1063829787234043,0.04546036031565445,667,Sometimes it just feels like I'm being eaten by a giant mouth.
5804,4996,1,3,43,47,1.1063829787234043,0.05469656058869374,667,Are you wearing red socks?
5831,4996,0,5,42,47,1.1063829787234043,0.04546036031565445,667,Her lips were just perfect. Something I could never forget.
2758,4996,1,3,43,47,1.1063829787234043,0.05469656058869374,667,"LIMP SERVICE!!
Let me tell you about that."
6036,4996,1,3,43,47,1.1063829787234043,0.05469656058869374,667,Do you bill by the word?
6116,4996,0,5,42,47,1.1063829787234043,0.04546036031565445,667,"I like your couch, but don't just give me lip service."
5579,4996,0,5,42,47,1.1063829787234043,0.04546036031565445,667,You know I DID see Clockwork Orange and I DO remember what happened with that sculpture of a Phallus that you have on your mantle over there so please DON'T get any ideas!
5659,4996,0,5,42,47,1.1063829787234043,0.04546036031565445,667,"All the light in the world is crushed beneath my weight”
“You don’t say..."
5658,4996,0,5,42,47,1.1063829787234043,0.04546036031565445,667,"Is it just me, or does this couch look kind of bland to you?”"
5790,4996,0,5,42,47,1.1063829787234043,0.04546036031565445,667,Your silence is fine with me.  I will let you know when an hour is over.
4528,4996,0,5,42,47,1.1063829787234043,0.04546036031565445,667,You promised that your lips were sealed when I told you about my Trump fetish. Did you mean it?
5257,4996,1,3,43,47,1.1063829787234043,0.05469656058869374,667,Let's see. You reside in Pleasantville and have recently been experiencing color issues. Is that right?
5239,4996,0,5,42,47,1.1063829787234043,0.04546036031565445,667,and thats when i realized orange man bad
4622,4996,1,3,43,47,1.1063829787234043,0.05469656058869374,667,"I feel, somehow, just out of sync."
4626,4996,0,5,42,47,1.1063829787234043,0.04546036031565445,667,I have a recurring dream about mother kissing me.
4662,4996,0,5,42,47,1.1063829787234043,0.04546036031565445,667,Your lips are just the right color!
4708,4996,0,5,42,47,1.1063829787234043,0.04546036031565445,667,You do not know Dr. Frank-N-Furter? I need a better PPO.
4721,4996,0,5,42,47,1.1063829787234043,0.04546036031565445,667,"Tell me again doctor, how is this proceedure going to help me deal with my fixation on Marilyn Monroe?"
4754,4996,0,5,42,47,1.1063829787234043,0.04546036031565445,667,I fear relaxation is the kiss of death.
4773,4996,1,3,43,47,1.1063829787234043,0.05469656058869374,667,What's that Doc? You want me to address you as Mr President?
4862,4996,1,3,43,47,1.1063829787234043,0.05469656058869374,667,I'm getting cancelled for this one
5248,4996,0,5,42,47,1.1063829787234043,0.04546036031565445,667,Thank God your'e treating me for my oral fixation and not for being anal retentive!
4918,4996,1,3,43,47,1.1063829787234043,0.05469656058869374,667,"Doctor, I feel I'm on the lip of a mental breakdown."
4973,4996,0,5,42,47,1.1063829787234043,0.04546036031565445,667,"Not to nitpick, but there's not much space between your ellipsis."
4975,4996,0,5,42,47,1.1063829787234043,0.04546036031565445,667,Does this love seat open up?
5035,4996,0,5,42,47,1.1063829787234043,0.04546036031565445,667,I only doodle when my patient tells me about their dreams.
5054,4996,0,5,42,47,1.1063829787234043,0.04546036031565445,667,"I feel like she's constantly with me! This feels more like a loveseat than a couch!"""
5083,4996,0,5,42,47,1.1063829787234043,0.04546036031565445,667,Why do I feel you want me to mouth off about my mother?
5107,4996,1,3,43,47,1.1063829787234043,0.05469656058869374,667,I can’t see your lips!
5121,4996,0,5,42,47,1.1063829787234043,0.04546036031565445,667,"My friend doesn't even like texting. 
Now it's like I'm INSIDE her phone."
5146,4996,0,5,42,47,1.1063829787234043,0.04546036031565445,667,"I am a cartoon? Yes, now pucker up."
4931,4996,1,3,43,47,1.1063829787234043,0.05469656058869374,667,My mind is blank.
2730,4996,1,3,43,47,1.1063829787234043,0.05469656058869374,667,"I can't get ruby red lips out of my mind.  It isn't a ""mother"" thing, is it?"
2608,4996,0,5,42,47,1.1063829787234043,0.04546036031565445,667,I'm fantasizing that $300 drops out of my pocket every week and your couch swallows it.  What could that mean?
332,4996,0,5,42,47,1.1063829787234043,0.04546036031565445,667,I fear it is going to be a lifetime on the hips.
560,4996,0,5,42,47,1.1063829787234043,0.04546036031565445,667,I hope your lips are sealed because I just wet myself.
589,4996,0,5,42,47,1.1063829787234043,0.04546036031565445,667,Obviously it's fairly new . .. still blushes when a guy like me unloads .
622,4996,1,3,43,47,1.1063829787234043,0.05469656058869374,667,And then I dream I’m being kissed by enormous lips. Does that represent my mother?
688,4996,0,5,42,47,1.1063829787234043,0.04546036031565445,667,I don't pay you to kiss my behind.
815,4996,1,3,43,47,1.1063829787234043,0.05469656058869374,667,"Just to be clear, when I say ""Speak Ruby Lips"", I mean you."
856,4996,0,5,42,47,1.1063829787234043,0.04546036031565445,667,"It's right here, a constant smacking and slurping sound.  I just can't stand it!"
942,4996,0,5,42,47,1.1063829787234043,0.04546036031565445,667,Let's stop talking about my couch's lips and get back to your oral fixations.
1093,4996,0,5,42,47,1.1063829787234043,0.04546036031565445,667,You're going to have to specify which 'Dada' you're referring to.
1102,4996,0,5,42,47,1.1063829787234043,0.04546036031565445,667,I get it Dr. Obvious - you don't want me to pay lip service to your good advice.
1121,4996,0,5,42,47,1.1063829787234043,0.04546036031565445,667,Let me be frank... I'd like more tongue and less lip.
1122,4996,0,5,42,47,1.1063829787234043,0.04546036031565445,667,I feel like I’m being swallowed
1298,4996,1,3,43,47,1.1063829787234043,0.05469656058869374,667,Kiss up to whom?
1365,4996,0,5,42,47,1.1063829787234043,0.04546036031565445,667,I worry I’ve gotten a little plumper since I’ve been seeing you.
1367,4996,0,5,42,47,1.1063829787234043,0.04546036031565445,667,Freudian typo?
1379,4996,0,5,42,47,1.1063829787234043,0.04546036031565445,667,I've been feeling like I'm getting swallowed up by this whole process.
556,4996,1,3,43,47,1.1063829787234043,0.05469656058869374,667,Is this your way of telling me God’s listening?
1442,4996,0,5,42,47,1.1063829787234043,0.04546036031565445,667,"When did ""Lips of Luxury"" become a thing?"
555,4996,1,3,43,47,1.1063829787234043,0.05469656058869374,667,"Forever I aspired to get out of my gray flannel suit. Please tell me, doctor, should I regard this as an omen for my future?"
425,4996,1,3,43,47,1.1063829787234043,0.05469656058869374,667,"Is it just me, or is the fact that I hit the trifecta of being male, white, and rich is starting to bother some folks?"
35,4996,1,3,43,47,1.1063829787234043,0.05469656058869374,667,How did you know I'm a dentist?
72,4996,0,5,42,47,1.1063829787234043,0.04546036031565445,667,You're the best LGBTQ psychiatrist I could find.
94,4996,1,3,43,47,1.1063829787234043,0.05469656058869374,667,"I've always been a Mick Jagger fan, too."
97,4996,0,5,42,47,1.1063829787234043,0.04546036031565445,667,Relax your stiff upper lip
137,4996,0,5,42,47,1.1063829787234043,0.04546036031565445,667,My wife complains I see everything but your couch in black and white.
144,4996,0,5,42,47,1.1063829787234043,0.04546036031565445,667,"My HMO said if You write a RX, it will reimburse for  my Woodstock 50th Reunion Medical Glaucoma stash"
192,4996,1,3,43,47,1.1063829787234043,0.05469656058869374,667,"Sir, being drunk doesn't make you sad, but being love drunk certainly can"
201,4996,0,5,42,47,1.1063829787234043,0.04546036031565445,667,"The mouth-couch, the contest number, the advance payment:  I'm pretty much hosed, aren't I?"
272,4996,1,3,43,47,1.1063829787234043,0.05469656058869374,667,"I miss the red carpet"""
334,4996,0,5,42,47,1.1063829787234043,0.04546036031565445,667,Ten sessions and the couch is mine?
340,4996,0,5,42,47,1.1063829787234043,0.04546036031565445,667,You know I’m playing with reds myself.
389,4996,0,5,42,47,1.1063829787234043,0.04546036031565445,667,You’d have more clients if you stopped calling it “lip service”.
406,4996,1,3,43,47,1.1063829787234043,0.05469656058869374,667,"And after I left the Rolling Stones, all I got was this couch."
417,4996,0,5,42,47,1.1063829787234043,0.04546036031565445,667,Don't give me any lip Mister.
419,4996,0,5,42,47,1.1063829787234043,0.04546036031565445,667,"So sorry, but I must avert my eyes from those.... those... luscious red lips..."
444,4996,0,5,42,47,1.1063829787234043,0.04546036031565445,667,kkkkkkkk
1476,4996,0,5,42,47,1.1063829787234043,0.04546036031565445,667,"Oedupus Shedupus, as long as he keeps his mothers couch."
825,4996,1,3,43,47,1.1063829787234043,0.05469656058869374,667,Counselling is not a bed of roses; it is merely lip-service.
1606,4996,1,3,43,47,1.1063829787234043,0.05469656058869374,667,I worry about a big tongue lashing me to death to the tune of “Sympathy for the Devil”
2066,4996,0,5,42,47,1.1063829787234043,0.04546036031565445,667,"frankly, everything reminds me of her lips"
2085,4996,1,3,43,47,1.1063829787234043,0.05469656058869374,667,I never knew psychoanalysis could be this lovely.
2109,4996,1,3,43,47,1.1063829787234043,0.05469656058869374,667,"You said I have a colorful personality, but I just don't see it."
2162,4996,0,5,42,47,1.1063829787234043,0.04546036031565445,667,I keep feeling as if I'm being kissed or about to be eaten.
2188,4996,0,5,42,47,1.1063829787234043,0.04546036031565445,667,"This red is lovely, but I said I thought you should get a different chaise, not different shade."
2234,4996,0,5,42,47,1.1063829787234043,0.04546036031565445,667,Is this the liposuction analysis?
2239,4996,0,5,42,47,1.1063829787234043,0.04546036031565445,667,I dreamed of lips that never kissed me...
2264,4996,0,5,42,47,1.1063829787234043,0.04546036031565445,667,"Doctor, you’ll never believe this, but wherever I go, I see ‘Rock Horror Picture Show’ images’”..."
1580,4996,0,5,42,47,1.1063829787234043,0.04546036031565445,667,"Lately I've dreamt of being swallowed by a big red-lipsticked mouth. What could that mean, doc?"
2312,4996,0,5,42,47,1.1063829787234043,0.04546036031565445,667,"More and more, I feel like you're just giving me lip service."
2369,4996,0,5,42,47,1.1063829787234043,0.04546036031565445,667,I’ve never been kissed before
2416,4996,0,5,42,47,1.1063829787234043,0.04546036031565445,667,"Junior, When the big hand points to one, you say , “ Our time is nearly up”."
2582,4996,0,5,42,47,1.1063829787234043,0.04546036031565445,667,Was there ever a good time to bring up my Erotophobia?
2592,4996,0,5,42,47,1.1063829787234043,0.04546036031565445,667,My problem is I like to lay down on people's couches. Do you have a blanket?
2701,4996,0,5,42,47,1.1063829787234043,0.04546036031565445,667,"You know, on his couch I feel kissed by life!"
2037,4996,0,5,42,47,1.1063829787234043,0.04546036031565445,667,I keep dreaming of melting clocks.
2031,4996,1,3,43,47,1.1063829787234043,0.05469656058869374,667,No I don't wish these lips were my mother. That would be weird...
2303,4996,1,3,43,47,1.1063829787234043,0.05469656058869374,667,"I dunno, Doc... laying here on your 'Luscious Lips Couch' every week hasn't made me feel any more loved..."
1957,4996,0,5,42,47,1.1063829787234043,0.04546036031565445,667,My obsessive dreams about Mulva started right after you changed the couch.
1965,4996,0,5,42,47,1.1063829787234043,0.04546036031565445,667,I'm staying on this couch until the end of my oral phase.
1624,4996,0,5,42,47,1.1063829787234043,0.04546036031565445,667,Sometimes I just feel like my life is colorless.
1627,4996,0,5,42,47,1.1063829787234043,0.04546036031565445,667,"What do you mean, ""Be a good chap"" ?"
1680,4996,1,3,43,47,1.1063829787234043,0.05469656058869374,667,Don’t just give me lip service
1688,4996,0,5,42,47,1.1063829787234043,0.04546036031565445,667,"May I suggest dear doctor, you're going to need a larger pad."
1784,4996,0,5,42,47,1.1063829787234043,0.04546036031565445,667,"We can skip the Rorschach part, Doc."
1813,4996,0,5,42,47,1.1063829787234043,0.04546036031565445,667,Lips.  Why?
1832,4996,1,3,43,47,1.1063829787234043,0.05469656058869374,667,Remember to charge him lip service when he wakes up
1855,4996,0,5,42,47,1.1063829787234043,0.04546036031565445,667,My face expresses me getting eaten by a lip couch while talking to another copy of myself  with brown hair.
1779,4996,0,5,42,47,1.1063829787234043,0.04546036031565445,667,I suppose there's no truth to the rumor that Mick Jagger is one of your patients?
1886,4996,0,5,42,47,1.1063829787234043,0.04546036031565445,667,"To tell you the truth, I think it is you who is orally fixated."
1908,4996,1,3,43,47,1.1063829787234043,0.05469656058869374,667,I haave this strange feeling that I'm about to be eaten or kissed.
1932,4996,1,3,43,47,1.1063829787234043,0.05469656058869374,667,I have a recurring fear of being swallowed alive.
1951,4996,0,5,42,47,1.1063829787234043,0.04546036031565445,667,"Doc, in this particular metaphor am I a chocolate covered tongue or some pretty bad teeth?"
5526,5155,1,5,60,66,1.106060606060606,0.04387303082685012,667,Every keeps coming up red recently
1898,5156,1,5,61,67,1.1044776119402986,0.04324223293582181,667,"Yes, it is strong.  How does it make you feel?"
5076,5156,0,7,60,67,1.1044776119402986,0.0376511178439935,667,Are you a fan of Chaka Khan?
875,5158,1,3,44,48,1.1041666666666667,0.053590773834580184,667,"I dont know why, but when I lay down here I feel compelled to hum Taylor Swift's Red Lips & Rosy Cheeks..."
1326,5158,0,5,43,48,1.1041666666666667,0.044558346215878446,667,We are going through the oral stages.
1583,5158,0,5,43,48,1.1041666666666667,0.044558346215878446,667,Don't tell me you're one of those real therapists who takes notes.
1713,5158,0,5,43,48,1.1041666666666667,0.044558346215878446,667,"Doctor, Even now, I can’t stop thinking about kissing my ex-wife."
5117,5158,0,5,43,48,1.1041666666666667,0.044558346215878446,667,"'I thought, I'd erased her from my memory doc, but whenever I come here, all I can think about is her passionate kiss...'"
2676,5158,0,5,43,48,1.1041666666666667,0.044558346215878446,667,Are you kidding? I have to open my mouth and tell you EVERYTHING while lying on a sofa in the shape of LIPS?
4249,5158,0,5,43,48,1.1041666666666667,0.044558346215878446,667,So now how did you say lick the cats lips?
3526,5158,0,5,43,48,1.1041666666666667,0.044558346215878446,667,"I dreamt we were in New Yorker Contest #666, your sofa was red like my aroused devil ex-wife's cauldron as I stewed in her hell."
2774,5158,0,5,43,48,1.1041666666666667,0.044558346215878446,667,"I won my family's Hot Lips award in 1965.  
What are you trying to get at here?"
1872,5158,0,5,43,48,1.1041666666666667,0.044558346215878446,667,I feel like all I'm getting  from this is lip service.
2253,5158,1,3,44,48,1.1041666666666667,0.053590773834580184,667,"Yeesh, buy a guy a drink shaped couch first!"
4631,5158,1,3,44,48,1.1041666666666667,0.053590773834580184,667,But I AM John Galt!
4297,5158,2,1,45,48,1.1041666666666667,0.06130657275434796,667,No doc. It does not feel like I’m “getting a big kiss at the therapist’s office”.
5368,5158,1,3,44,48,1.1041666666666667,0.053590773834580184,667,Is this couch a Freudian thing? Because I want a new doctor if it's a Freudian thing.
1308,5172,0,5,44,49,1.1020408163265305,0.0436912672743712,667,"Let's explore that, Doctor."
2181,5172,0,5,44,49,1.1020408163265305,0.0436912672743712,667,I just feel like I'm paying for lip service
2761,5172,1,3,45,49,1.1020408163265305,0.05252872520911736,667,"And then she said “don’t give me any lip.”
Can you believe that?"
4908,5172,0,5,44,49,1.1020408163265305,0.0436912672743712,667,Hi Dinesh was a great time for me and to do a good one on the first time in a long day I think we should go get home from the house or something to do it and I can make a sandwich.
5481,5172,0,5,44,49,1.1020408163265305,0.0436912672743712,667,I leave reality with my aversion to Red
4026,5172,0,5,44,49,1.1020408163265305,0.0436912672743712,667,I see your other endeavor is proving the demon succubus is for real.
4574,5172,0,5,44,49,1.1020408163265305,0.0436912672743712,667,Can we stop talking about Mick Jagger and get back to my mother?
2996,5172,1,3,45,49,1.1020408163265305,0.05252872520911736,667,I came to you because you're supposedly good with porn addiction.
1685,5180,0,5,45,50,1.1,0.04285714285714286,667,I am not sure that I am buying into this Subliminal Therapy.
5371,5180,0,5,45,50,1.1,0.04285714285714286,667,Are you reading my lips?
3727,5182,0,5,46,51,1.0980392156862746,0.042054138410837674,667,"Hallucination, bah .  .  .  .  If it wasn't Marilyn who was it?"
1551,5183,0,5,47,52,1.0961538461538463,0.04128055232750756,667,So much lip! I  only cheated the once.
297,5183,0,5,47,52,1.0961538461538463,0.04128055232750756,667,"When I come for my session, all my thoughts seem to turn to oral sex."
3166,5183,0,5,47,52,1.0961538461538463,0.04128055232750756,667,Talking about it like this reminds me of her.
3032,5186,0,5,48,53,1.0943396226415094,0.04053480419091131,667,"So, sugar, apples, a carton of milk.....hum anything else?"
3516,5187,0,4,39,43,1.0930232558139534,0.04481972612369448,667,All I ever get from my employees is lip service.
4412,5187,1,2,40,43,1.0930232558139534,0.055823181223160837,667,My life is black and white in a full color world.
4365,5187,0,4,39,43,1.0930232558139534,0.04481972612369448,667,"Read my lips doc, I’m stuck."
4333,5187,0,4,39,43,1.0930232558139534,0.04481972612369448,667,John demonstrates his past relationship to his future ex therapist.
4317,5187,0,4,39,43,1.0930232558139534,0.04481972612369448,667,"I don't know, doc.  Every time we talk I just feel even more down in the mouth."
4283,5187,0,4,39,43,1.0930232558139534,0.04481972612369448,667,I'm guessing all your patients need to talk about sex...
4136,5187,0,4,39,43,1.0930232558139534,0.04481972612369448,667,"Excuse me but, you just called me Seymour."
4125,5187,0,4,39,43,1.0930232558139534,0.04481972612369448,667,"'Strange, just as I laid down  I have an my fear of coffee'"
4071,5187,0,4,39,43,1.0930232558139534,0.04481972612369448,667,I feel like I’m getting swallowed up in hear
4013,5187,0,4,39,43,1.0930232558139534,0.04481972612369448,667,AND SINCE THEN I FEEL THAT KING KONG IS AWAITING FOR ME AROUND THE CORNER ...
3959,5187,1,2,40,43,1.0930232558139534,0.055823181223160837,667,"No Doctor, unlike you, it does NOT remind me of 
my mother's lips..."
3924,5187,0,4,39,43,1.0930232558139534,0.04481972612369448,667,Lately I have been dreaming of giant lipsticks ...
3685,5187,0,4,39,43,1.0930232558139534,0.04481972612369448,667,I feel so good in these sealed lips. How does the President know I will be here?
3667,5187,1,2,40,43,1.0930232558139534,0.055823181223160837,667,she said” I would not say shit if my mouth was full of it”.
3565,5187,0,4,39,43,1.0930232558139534,0.04481972612369448,667,You have to expect some lip service.
3510,5187,0,4,39,43,1.0930232558139534,0.04481972612369448,667,Just don’t kiss the cop on 34th and Vine!
3075,5187,0,4,39,43,1.0930232558139534,0.04481972612369448,667,"Doc, I feel like you're only paying lip service to my intimacy issues."
3535,5187,0,4,39,43,1.0930232558139534,0.04481972612369448,667,How do I feel? Very uncomfortable.
3190,5187,0,4,39,43,1.0930232558139534,0.04481972612369448,667,"Okay, so maybe your lips AREN'T sealed."
3307,5187,1,2,40,43,1.0930232558139534,0.055823181223160837,667,"Make that two dozen beers and a bottle of bourbon"""
3318,5187,1,2,40,43,1.0930232558139534,0.055823181223160837,667,I just like the shape of this couch.
4435,5187,1,2,40,43,1.0930232558139534,0.055823181223160837,667,"So, was the hot lips therapy your idea or was your mother Sally Kellerman?"
3323,5187,0,4,39,43,1.0930232558139534,0.04481972612369448,667,"All I can really see is red, Dr.!"
3368,5187,1,2,40,43,1.0930232558139534,0.055823181223160837,667,My wife really sucks
3439,5187,1,2,40,43,1.0930232558139534,0.055823181223160837,667,I suffer from the illusion that everything I touch turns to giant red lips.
3452,5187,0,4,39,43,1.0930232558139534,0.04481972612369448,667,Did you EVER kiss a real female?
3475,5187,0,4,39,43,1.0930232558139534,0.04481972612369448,667,It's rather strange but when I was hypnotized I felt like I was becoming a canker sore.
3504,5187,0,4,39,43,1.0930232558139534,0.04481972612369448,667,"It all started with a little kiss, like this...."
3617,5187,0,4,39,43,1.0930232558139534,0.04481972612369448,667,When I was a Republican everything was black and white. Now all I see is . . .
4489,5187,0,4,39,43,1.0930232558139534,0.04481972612369448,667,"This may cause
major acid indigestion"
3430,5187,1,2,40,43,1.0930232558139534,0.055823181223160837,667,You need  to learn to suck face
4504,5187,0,4,39,43,1.0930232558139534,0.04481972612369448,667,We have religious conflicts She refuses to worship me
6227,5187,1,2,40,43,1.0930232558139534,0.055823181223160837,667,"Lying with my big mouth or lying on a big couch, what difference does it make?"
6138,5187,1,2,40,43,1.0930232558139534,0.055823181223160837,667,Her lips gave me a heightened sense of being impotent.
6134,5187,0,4,39,43,1.0930232558139534,0.04481972612369448,667,"No, Doc, I don't read much Sophocles, but why do I keep seeing my mom's rosy red lipstick?"
6087,5187,0,4,39,43,1.0930232558139534,0.04481972612369448,667,I know I told you that I wanted to find someone with big red lips  ... but this doesn't counts
6013,5187,0,4,39,43,1.0930232558139534,0.04481972612369448,667,I still don't feel like a tongue
5944,5187,0,4,39,43,1.0930232558139534,0.04481972612369448,667,"She bent down and turned around and gave me a wink
She said ""I'm gonna make it up right here in the sink"
5887,5187,1,2,40,43,1.0930232558139534,0.055823181223160837,667,"I'm not that crazy!  I just said ""It looks like Marilyn's mouth."""
5865,5187,0,4,39,43,1.0930232558139534,0.04481972612369448,667,Why are you writing  about me?
3053,5187,0,4,39,43,1.0930232558139534,0.04481972612369448,667,"If  you’re going to use your time with me to sleep, I’ll just sit here and enjoy my morning coffee"
5827,5187,0,4,39,43,1.0930232558139534,0.04481972612369448,667,"Funny, my mother's name was was Mae."
5793,5187,1,2,40,43,1.0930232558139534,0.055823181223160837,667,You’re not going to reseal these lips are you?
5777,5187,0,4,39,43,1.0930232558139534,0.04481972612369448,667,I can't get the Rolling Stones out of my head. Do you know what I mean?
5726,5187,0,4,39,43,1.0930232558139534,0.04481972612369448,667,"I'm hanging from your lips, doctor"
5656,5187,0,4,39,43,1.0930232558139534,0.04481972612369448,667,I see floppy clocks when I'm on this sofa.
4494,5187,0,4,39,43,1.0930232558139534,0.04481972612369448,667,And I waited and waited for true love's first kiss.
5608,5187,1,2,40,43,1.0930232558139534,0.055823181223160837,667,"I have nightmares about being sucked in by this big, red, mouth-like couch!"
5540,5187,1,2,40,43,1.0930232558139534,0.055823181223160837,667,"This coffin does not fit, are they going to cremate me?"
5394,5187,0,4,39,43,1.0930232558139534,0.04481972612369448,667,Maybe I was just too sweet for her!
5382,5187,0,4,39,43,1.0930232558139534,0.04481972612369448,667,"For some reason, I feel that your advice is only lip service."
5297,5187,0,4,39,43,1.0930232558139534,0.04481972612369448,667,"In my dream, I am being pursued by a huge set of wax lips."
5129,5187,1,2,40,43,1.0930232558139534,0.055823181223160837,667,Hi feel like a precious Strad
5006,5187,0,4,39,43,1.0930232558139534,0.04481972612369448,667,So you treat other patients who are afraid of black couches?
4998,5187,0,4,39,43,1.0930232558139534,0.04481972612369448,667,I've had enough of your lip.
4977,5187,2,0,41,43,1.0930232558139534,0.06498959358193226,667,"When do my inappropriate erotic urges peak? Oddly enough, it’s when I’m here in your office."
4927,5187,1,2,40,43,1.0930232558139534,0.055823181223160837,667,I think it's about time we stop talking about Schindler's List.
4811,5187,0,4,39,43,1.0930232558139534,0.04481972612369448,667,"I call it: ""kiss it better psychiatry"""
4797,5187,0,4,39,43,1.0930232558139534,0.04481972612369448,667,"Come on, man. Give me a ray of hope."
4753,5187,0,4,39,43,1.0930232558139534,0.04481972612369448,667,Paying lip service isn’t as easy when it’s $300 per hour.
4727,5187,0,4,39,43,1.0930232558139534,0.04481972612369448,667,Are you sure there's no such thing as vagina dentata?
4678,5187,0,4,39,43,1.0930232558139534,0.04481972612369448,667,I wonder why you would say I’m orally fixated when you make me lay on this ridiculous couch.
5572,5187,0,4,39,43,1.0930232558139534,0.04481972612369448,667,"If I fall asleep today, will I still  be charged for the session ?"
3013,5187,0,4,39,43,1.0930232558139534,0.04481972612369448,667,"So, are you going to tell me what this couch is supposed to mean or do I have to talk about my mother first?"
2330,5187,0,4,39,43,1.0930232558139534,0.04481972612369448,667,Back home the romance is over
2946,5187,0,4,39,43,1.0930232558139534,0.04481972612369448,667,Are you suuure you’re not a sex therapist?
1455,5187,1,2,40,43,1.0930232558139534,0.055823181223160837,667,The colour red makes me want to kill myself.
1446,5187,0,4,39,43,1.0930232558139534,0.04481972612369448,667,"I’m not sure the lips help. 
But I am glad you didn’t go with the Freudian couch."
1421,5187,0,4,39,43,1.0930232558139534,0.04481972612369448,667,"As long as I'm here, could you take a letter for me?""

Michael Rogness, St. Paul, Minnesot"
1223,5187,1,2,40,43,1.0930232558139534,0.055823181223160837,667,"So you are saying, you think you are a dolphin"
1183,5187,1,2,40,43,1.0930232558139534,0.055823181223160837,667,I came for help with my Mick Jagger fantasy
1176,5187,1,2,40,43,1.0930232558139534,0.055823181223160837,667,"It’s on the end of your lips, go ahead and say it."
1137,5187,1,2,40,43,1.0930232558139534,0.055823181223160837,667,"Well, it all started when I was three years old and........................................."
1130,5187,1,2,40,43,1.0930232558139534,0.055823181223160837,667,"For the amount I’m paying you, I should be getting much more than just lip service."
1119,5187,0,4,39,43,1.0930232558139534,0.04481972612369448,667,Do I still look blue?
1064,5187,0,4,39,43,1.0930232558139534,0.04481972612369448,667,You know this isn't going to help my commitment issues.
1034,5187,1,2,40,43,1.0930232558139534,0.055823181223160837,667,Since I became CEO I see ass-kissers everywhere.
1484,5187,1,2,40,43,1.0930232558139534,0.055823181223160837,667,Her lips were not for me....
938,5187,0,4,39,43,1.0930232558139534,0.04481972612369448,667,Is this the kiss of death?
813,5187,1,2,40,43,1.0930232558139534,0.055823181223160837,667,I keep having that dream that nobody takes me serious
726,5187,0,4,39,43,1.0930232558139534,0.04481972612369448,667,Are you trying to tell me I have an oral fixation?
642,5187,0,4,39,43,1.0930232558139534,0.04481972612369448,667,"All of  my flirting moves  is in this coush , I whant her with me ."
586,5187,0,4,39,43,1.0930232558139534,0.04481972612369448,667,I feel somehow swallowed on this couch of yours...
483,5187,0,4,39,43,1.0930232558139534,0.04481972612369448,667,Is this couch by any chance French?
353,5187,0,4,39,43,1.0930232558139534,0.04481972612369448,667,Is there any particular part of me you want to kiss?
347,5187,0,4,39,43,1.0930232558139534,0.04481972612369448,667,Red makes me really nervous.
304,5187,0,4,39,43,1.0930232558139534,0.04481972612369448,667,I CAN'T FIGURE OUT  WHY EYERY TIME I COME HERE I FEEL LIKE SHE'S KISSING ME.
188,5187,0,4,39,43,1.0930232558139534,0.04481972612369448,667,"Wait, does this exhibit charge by the hour?"
81,5187,1,2,40,43,1.0930232558139534,0.055823181223160837,667,Lips speak louder than words!
2997,5187,1,2,40,43,1.0930232558139534,0.055823181223160837,667,"Frankly, doctor, this is a sick way of  getting me to talk about 
my love life!"
864,5187,1,2,40,43,1.0930232558139534,0.055823181223160837,667,"I keep dreaming of lips. Do you think I'm a sucker, Doc?"
1492,5187,0,4,39,43,1.0930232558139534,0.04481972612369448,667,And you ask why I hate my wife’s lipstick?
911,5187,0,4,39,43,1.0930232558139534,0.04481972612369448,667,Sometimes I wish the world would just swallow me up.
1774,5187,0,4,39,43,1.0930232558139534,0.04481972612369448,667,This couch is not helping my fear of Joan Rivers.
2935,5187,0,4,39,43,1.0930232558139534,0.04481972612369448,667,"Since our last meeting I've been having dreams of my aunts, sisters, grandmothers trying to kiss me. It's been Thanksgiving, Christmas, and sixth birthday all over again."
1725,5187,1,2,40,43,1.0930232558139534,0.055823181223160837,667,I guess I'm trying to say most of my problems stem from the bright color of this couch.
2925,5187,0,4,39,43,1.0930232558139534,0.04481972612369448,667,"Lately, I've had this sinking feeling about loose lips doc..."
2733,5187,0,4,39,43,1.0930232558139534,0.04481972612369448,667,"Whenever I see you here, all I can think of is M.A.S.H. reruns!"
2569,5187,1,2,40,43,1.0930232558139534,0.055823181223160837,667,"Your lips say No, but your eyes say Yes."
2556,5187,0,4,39,43,1.0930232558139534,0.04481972612369448,667,"Oddly enough, this expresses how I feel about your diagnosis."
2494,5187,0,4,39,43,1.0930232558139534,0.04481972612369448,667,The lips of problems
2439,5187,0,4,39,43,1.0930232558139534,0.04481972612369448,667,I feel like my fears are going to eat me alive.
2387,5187,0,4,39,43,1.0930232558139534,0.04481972612369448,667,"I don't understand it Doc, but, since I've been coming here, my fear that my little company is going to be swallowed up by a big corporation has gotten even worse!"
2339,5187,0,4,39,43,1.0930232558139534,0.04481972612369448,667,It’s a horrible dream ... I lie there and can’t move while a giant Betty Boop tries to devour me!
2437,5187,0,4,39,43,1.0930232558139534,0.04481972612369448,667,Lips...mouth....tongue...swallow....throat
1897,5187,0,4,39,43,1.0930232558139534,0.04481972612369448,667,So Mr. Jagger said that were one of the best. I see you got the couch he sent over.
1790,5187,0,4,39,43,1.0930232558139534,0.04481972612369448,667,I guess the anger management isn't helping because I'm still seeing red.
2190,5187,1,2,40,43,1.0930232558139534,0.055823181223160837,667,I’ve always suspected it's just lip service you Docs provide.
1828,5187,1,2,40,43,1.0930232558139534,0.055823181223160837,667,The really  existential aspect of this is how I  coaxed me into changing places with you.
2171,5187,1,2,40,43,1.0930232558139534,0.055823181223160837,667,Did you spell her name right?
1836,5187,0,4,39,43,1.0930232558139534,0.04481972612369448,667,"I know I should be grateful for any kind of kiss, but I can't stop thinking about the Antichrist."
2243,5187,0,4,39,43,1.0930232558139534,0.04481972612369448,667,"I just realized I’ve been coming here since you
stole this couch from the Stones in ‘78."
1971,5187,1,2,40,43,1.0930232558139534,0.055823181223160837,667,"It all started on Sept. 3, 2004, when I attended my first Flaming Lips concert."
2069,5187,0,4,39,43,1.0930232558139534,0.04481972612369448,667,Things just seem so surreal today.
2056,5187,0,4,39,43,1.0930232558139534,0.04481972612369448,667,You must be a Ted Williams fan...
1975,5187,1,2,40,43,1.0930232558139534,0.055823181223160837,667,"I'm here to discuss my oral fixation, Dr. Lipman."
493,5303,0,5,49,54,1.0925925925925926,0.03981542423923758,667,"You trying to send me a message, Doc with this love seat?"
4258,5304,0,4,40,44,1.0909090909090908,0.04384025656094653,667,I feel like everyone's trying to kiss my butt.
2962,5304,0,4,40,44,1.0909090909090908,0.04384025656094653,667,Doc.....I'm a SCATMAN.
3218,5304,0,4,40,44,1.0909090909090908,0.04384025656094653,667,Your repose lacks mindfulness.
2941,5304,1,2,41,44,1.0909090909090908,0.054580679253385125,667,She told me I had bad taste in furniture but I didn’t understand how bad it was until we split.
3429,5304,0,4,40,44,1.0909090909090908,0.04384025656094653,667,Are you sure that window is shut?
3435,5304,1,2,41,44,1.0909090909090908,0.054580679253385125,667,I have a fixation on sexy lips
3460,5304,0,4,40,44,1.0909090909090908,0.04384025656094653,667,I don't want to do the Time Warp again.
2889,5304,1,2,41,44,1.0909090909090908,0.054580679253385125,667,I am having the weirdest dream ... and I bet you’re going to tell me it has to do with my oral fixation.
3957,5304,0,4,40,44,1.0909090909090908,0.04384025656094653,667,"Sometimes I get so mad it makes me see red""

'Bob Greene, 917-696-6823
bob@contourventures.co"
4051,5304,0,4,40,44,1.0909090909090908,0.04384025656094653,667,I expect more than just lip service doctor.
4068,5304,0,4,40,44,1.0909090909090908,0.04384025656094653,667,"Well, it started with Facebook...but now I'm hearing tweets in my head."
4074,5304,1,2,41,44,1.0909090909090908,0.054580679253385125,667,"It’s so cruel to have me lying on this sofa, knowing I’m in love with you."
3057,5304,1,2,41,44,1.0909090909090908,0.054580679253385125,667,Is it true that you were a Freudian when you bought this couch?
2879,5304,0,4,40,44,1.0909090909090908,0.04384025656094653,667,"So, when I say the sofa looks like a slash of luscious red lips it's just my mother complex?   mdg"
5451,5304,0,4,40,44,1.0909090909090908,0.04384025656094653,667,"This is no bed of roses, buddy boy."
4570,5304,1,2,41,44,1.0909090909090908,0.054580679253385125,667,I just don't know what to do with a President like this one.
4691,5304,0,4,40,44,1.0909090909090908,0.04384025656094653,667,Did you see what I did with that last witticism?
4887,5304,0,4,40,44,1.0909090909090908,0.04384025656094653,667,If you don't mind - next week I'll bring my three wives along so you can see what my problems are!
4961,5304,0,4,40,44,1.0909090909090908,0.04384025656094653,667,You just wrote
5023,5304,0,4,40,44,1.0909090909090908,0.04384025656094653,667,"I want to order a red Tesla, the highest performance model,

...and hurry before I get up and change my mind."
5260,5304,0,4,40,44,1.0909090909090908,0.04384025656094653,667,Even inanimate objects remind me of her.
5323,5304,0,4,40,44,1.0909090909090908,0.04384025656094653,667,"If I am not mistaken, that is the same pen my mother used to write on my face."
5395,5304,0,4,40,44,1.0909090909090908,0.04384025656094653,667,Lately I feel like I've been chewed up and spat out.
5808,5304,0,4,40,44,1.0909090909090908,0.04384025656094653,667,"My mother used to crochet, do you think that means anything?"
6131,5304,1,2,41,44,1.0909090909090908,0.054580679253385125,667,"some do. some don't. frankly, I have been tempted to join you."
5877,5304,1,2,41,44,1.0909090909090908,0.054580679253385125,667,How did you figure out I hate red?
6047,5304,0,4,40,44,1.0909090909090908,0.04384025656094653,667,Yes my wife doesn't underst........just a minute you are supposed to be on the couch not me & 'I ' ask YOU the questions!!
2856,5304,1,2,41,44,1.0909090909090908,0.054580679253385125,667,- I prefer the vertical leaps.
5964,5304,0,4,40,44,1.0909090909090908,0.04384025656094653,667,"Doc, they tell me everything I touch goes into the red."
4350,5304,0,4,40,44,1.0909090909090908,0.04384025656094653,667,I just feel that it's going to consume me
2562,5304,0,4,40,44,1.0909090909090908,0.04384025656094653,667,"So tell me, why do you think you are experiencing oral fixations at this time?"
421,5304,0,4,40,44,1.0909090909090908,0.04384025656094653,667,I admit perhaps I can’t tell where she ends and I begin...
2283,5304,0,4,40,44,1.0909090909090908,0.04384025656094653,667,You’re right — it’s impossible to pout!
2538,5304,0,4,40,44,1.0909090909090908,0.04384025656094653,667,Why yes Dr. Smoochy the new couch is quite comfortable.
10,5304,1,2,41,44,1.0909090909090908,0.054580679253385125,667,Glad you like the couch; we want you to feel loved.
34,5304,0,4,40,44,1.0909090909090908,0.04384025656094653,667,"I sometimes feel like I’m lying on big red lips.  Is that normal?”

Robert Van Brocklin, Portland, Ore"
56,5304,0,4,40,44,1.0909090909090908,0.04384025656094653,667,I pretty much told her to kiss my ass.
336,5304,0,4,40,44,1.0909090909090908,0.04384025656094653,667,"You bought this from the Rolling Stones, didn't you."
527,5304,0,4,40,44,1.0909090909090908,0.04384025656094653,667,You think you have problems? Boy just you wait til you hear mine!
549,5304,0,4,40,44,1.0909090909090908,0.04384025656094653,667,I feel consumed by guilt
311,5304,0,4,40,44,1.0909090909090908,0.04384025656094653,667,I have found oral fixations explain everything...
873,5304,0,4,40,44,1.0909090909090908,0.04384025656094653,667,So I've got you down for a meatball sub with extra cheese.
962,5304,0,4,40,44,1.0909090909090908,0.04384025656094653,667,Is Kylie Jenner expanding into the furniture business?
1066,5304,0,4,40,44,1.0909090909090908,0.04384025656094653,667,"I feel like you're promoting the Oedipal complex, doc."
1189,5304,0,4,40,44,1.0909090909090908,0.04384025656094653,667,"When I'm around ugly furniture... I don't know, Doc. I just start seeing red."
1289,5304,1,2,41,44,1.0909090909090908,0.054580679253385125,667,I'm not usually this puckered.
1672,5304,0,4,40,44,1.0909090909090908,0.04384025656094653,667,I have a problem with “lying lips”- not laying on lips.
2159,5304,1,2,41,44,1.0909090909090908,0.054580679253385125,667,At  this moment I’m feeling rather moist and enshrouded in sweet feminine breath !
647,5304,0,4,40,44,1.0909090909090908,0.04384025656094653,667,The Prozac’s not helping. I’m still having intrusive thoughts about wax lips — but only during my sessions!
2873,5353,0,4,41,45,1.0888888888888888,0.042902546629485463,667,I'm an accountant stuck in puzzle 666.  Am I Satan on a red couch that will devour me or am I  an angel to be saved by these red lips?
3247,5353,0,4,41,45,1.0888888888888888,0.042902546629485463,667,"Where I come from, a man does his own upholstery."
3223,5353,0,4,41,45,1.0888888888888888,0.042902546629485463,667,I feel enveloped by an aura of Lip Ivo.
3051,5353,0,4,41,45,1.0888888888888888,0.042902546629485463,667,I feel most of what I say is lip service.
2961,5353,0,4,41,45,1.0888888888888888,0.042902546629485463,667,I’m just glad to see her.
2957,5353,1,2,42,45,1.0888888888888888,0.05339222337940409,667,"Doc, stop paying lip service to me."
2893,5353,1,2,42,45,1.0888888888888888,0.05339222337940409,667,I've been feeling... Rocky
2862,5353,0,4,41,45,1.0888888888888888,0.042902546629485463,667,I hope you disinfected this thing before you brought it in here. I've got enough issues without having an STD.
2393,5353,0,4,41,45,1.0888888888888888,0.042902546629485463,667,"And THEN he posted a screen grab of my tweet for everyone to seee, with the comment 'that's hilarious', and left the chat group..."
2801,5353,0,4,41,45,1.0888888888888888,0.042902546629485463,667,I always feel like I am being swallowed up.
2793,5353,1,2,42,45,1.0888888888888888,0.05339222337940409,667,Will liposuction help?
2792,5353,0,4,41,45,1.0888888888888888,0.042902546629485463,667,And YOUR Gufram fetish started when-Doctor?
2716,5353,0,4,41,45,1.0888888888888888,0.042902546629485463,667,This session inspires me to kiss and make up.
2579,5353,1,2,42,45,1.0888888888888888,0.05339222337940409,667,What makes you think everything I tell you is just lip service?
2421,5353,0,4,41,45,1.0888888888888888,0.042902546629485463,667,Something is nagging me to accept derivative pop art.
3257,5353,0,4,41,45,1.0888888888888888,0.042902546629485463,667,This is really nice but do you have to watch?
2368,5353,0,4,41,45,1.0888888888888888,0.042902546629485463,667,I read that her furniture line sold out in minutes.
2168,5353,1,2,42,45,1.0888888888888888,0.05339222337940409,667,I can do blue if you like.
2809,5353,1,2,42,45,1.0888888888888888,0.05339222337940409,667,Is this going to cost me dearly?
3325,5353,1,2,42,45,1.0888888888888888,0.05339222337940409,667,And then I heard him say 'Beam me up Scotty!'
4155,5353,0,4,41,45,1.0888888888888888,0.042902546629485463,667,But remember I only gave lip service to that arrangement.
3780,5353,1,2,42,45,1.0888888888888888,0.05339222337940409,667,I sure hope you aren't writing that I have an anal complex as well...
4690,5353,0,4,41,45,1.0888888888888888,0.042902546629485463,667,Do you have a couch that's more in season?
4687,5353,0,4,41,45,1.0888888888888888,0.042902546629485463,667,"You're uncomfortable with the lips. Maybe if you closed your eyes, it would help."
4635,5353,0,4,41,45,1.0888888888888888,0.042902546629485463,667,Am I bleeding?
4597,5353,1,2,42,45,1.0888888888888888,0.05339222337940409,667,"At what age do you think your ""lipstick phobia"" began?"
4591,5353,0,4,41,45,1.0888888888888888,0.042902546629485463,667,Should I be subliminally stimulated to discuss my love life?
4516,5353,0,4,41,45,1.0888888888888888,0.042902546629485463,667,Wrong lips!!!  I don't need anymore sweet talking.
4445,5353,0,4,41,45,1.0888888888888888,0.042902546629485463,667,It all started with this red lipstick on my collar.
4420,5353,0,4,41,45,1.0888888888888888,0.042902546629485463,667,I don't charge for lip service!
3379,5353,0,4,41,45,1.0888888888888888,0.042902546629485463,667,It is comfortable but you're going to have to wait your turn.
4290,5353,0,4,41,45,1.0888888888888888,0.042902546629485463,667,"Yes, I love everybody but myself."
4229,5353,0,4,41,45,1.0888888888888888,0.042902546629485463,667,My indebtedness worries me.
4177,5353,1,2,42,45,1.0888888888888888,0.05339222337940409,667,Is this couch that's like the  artist William DeKooning's painting of  Mae  West's lips  a freudian joke
2163,5353,1,2,42,45,1.0888888888888888,0.05339222337940409,667,For some reason you seem consumed by the thought of her
4101,5353,0,4,41,45,1.0888888888888888,0.042902546629485463,667,"Before I began my analysis, life seemed so drab."
4097,5353,1,2,42,45,1.0888888888888888,0.05339222337940409,667,"You were recommended by my good friends, Mick and Steven."
4079,5353,1,2,42,45,1.0888888888888888,0.05339222337940409,667,Everything I touch turns blue.
4015,5353,0,4,41,45,1.0888888888888888,0.042902546629485463,667,"I said lies come out your mouth, not lie on my mouth"
3791,5353,1,2,42,45,1.0888888888888888,0.05339222337940409,667,"Mom claimed I could always lean on her, and I began to believe it."
4281,5353,0,4,41,45,1.0888888888888888,0.042902546629485463,667,This Craigslist couch smells like ass.
2145,5353,1,2,42,45,1.0888888888888888,0.05339222337940409,667,"My mother always wore this shade and it frightened me.



Neil Philbin, Wakefield RI"
4817,5353,0,4,41,45,1.0888888888888888,0.042902546629485463,667,"Pucker up, it's going to be a long session!"
1987,5353,0,4,41,45,1.0888888888888888,0.042902546629485463,667,I think you misspelled 'genius'.
246,5353,0,4,41,45,1.0888888888888888,0.042902546629485463,667,I prefer white myself...
106,5353,1,2,42,45,1.0888888888888888,0.05339222337940409,667,"Hey Doc, can we switch chairs? This one reminds me of her."
75,5353,1,2,42,45,1.0888888888888888,0.05339222337940409,667,"I guess you never got over it too,that your wife kissed another guy."
11,5353,0,4,41,45,1.0888888888888888,0.042902546629485463,667,So you have a kissing phobia.
4803,5353,1,2,42,45,1.0888888888888888,0.05339222337940409,667,"After I met her, everything looks like her red lips!"
5052,5353,0,4,41,45,1.0888888888888888,0.042902546629485463,667,It must be working. I never thought of myself as having good taste.
5066,5353,0,4,41,45,1.0888888888888888,0.042902546629485463,667,"Sorry, wasn't listening. This couch reminds me of 
the 'Lips between the Hips' mantra."
5069,5353,1,2,42,45,1.0888888888888888,0.05339222337940409,667,"...it seems my confidence of self-expression has evaporated, EnVeloPed in a Panacea Perceiving softness on these stiff anonnomous red comfort lips so aptly offered to extend pseudo support to my enmeshed senses of Oy Vey muffled in a pre-fab suit."
445,5353,0,4,41,45,1.0888888888888888,0.042902546629485463,667,"Doc, I hate to wake you up, but the clock is running."
5177,5353,0,4,41,45,1.0888888888888888,0.042902546629485463,667,"I don’t see you writing it down,” the man complained. 

“Well, you’ve already mentioned it 16 times in the last 45 minut—“

“I don’t think you appreciate just how distracting this giant red lips couch is. PUT IT ON THE FUCKING NOTEPAD, JERRY."
5380,5353,1,2,42,45,1.0888888888888888,0.05339222337940409,667,How can I trust you? I thought you said your lips were sealed.
5423,5353,0,4,41,45,1.0888888888888888,0.042902546629485463,667,A written privacy policy form would have been sufficient.
5781,5353,1,2,42,45,1.0888888888888888,0.05339222337940409,667,You want to hear the colorful version?
5791,5353,0,4,41,45,1.0888888888888888,0.042902546629485463,667,"Kiss me quick, before I fall asleep."
5884,5353,0,4,41,45,1.0888888888888888,0.042902546629485463,667,"For the first time in a long time, I like I can finally exhale."
5922,5353,0,4,41,45,1.0888888888888888,0.042902546629485463,667,I just feel like you could liven up a little bit.
6084,5353,0,4,41,45,1.0888888888888888,0.042902546629485463,667,"However, I do find your turtleneck rather professional."
6110,5353,0,4,41,45,1.0888888888888888,0.042902546629485463,667,"This really isn't my shade, let's try black and blue which my father's favorite."
5228,5353,0,4,41,45,1.0888888888888888,0.042902546629485463,667,She found last session's lipstick stains particularly hurtful...
2087,5353,0,4,41,45,1.0888888888888888,0.042902546629485463,667,I did not have sex with that woman!
461,5353,0,4,41,45,1.0888888888888888,0.042902546629485463,667,Why do this from a love seat? Lack of love is my problem!
526,5353,0,4,41,45,1.0888888888888888,0.042902546629485463,667,Are you sure your lips are sealed?
1877,5353,1,2,42,45,1.0888888888888888,0.05339222337940409,667,I feel like I'm about to be swallowed up by everything I touch...
1787,5353,0,4,41,45,1.0888888888888888,0.042902546629485463,667,it takes more than two to figure out one
1770,5353,1,2,42,45,1.0888888888888888,0.05339222337940409,667,"I know I want everybody to kiss my but, I was hoping it would stop here."
1768,5353,0,4,41,45,1.0888888888888888,0.042902546629485463,667,"stand still like this, I'm almost done"
1656,5353,1,2,42,45,1.0888888888888888,0.05339222337940409,667,I can't stop feeling like I'm on the verge of being devoured by my ex-wife's big mouth.
1467,5353,1,2,42,45,1.0888888888888888,0.05339222337940409,667,"Listen Doc, you're one sick Dude if you think that I'll confess my sexual problems with my wife to you now!"
4917,5353,0,4,41,45,1.0888888888888888,0.042902546629485463,667,"You asked ""How's that working for you""?"
1218,5353,0,4,41,45,1.0888888888888888,0.042902546629485463,667,"It's cozy, but I still miss Steve Bannon."
512,5353,0,4,41,45,1.0888888888888888,0.042902546629485463,667,"Mother not only belittled me, she behaved so ravishingly in the process."
1152,5353,0,4,41,45,1.0888888888888888,0.042902546629485463,667,"With rare exceptions, I skip the fiction."
1031,5353,0,4,41,45,1.0888888888888888,0.042902546629485463,667,"For some reason, I only use such... colorful language when I'm here with you"
890,5353,0,4,41,45,1.0888888888888888,0.042902546629485463,667,We've spent half the session in each role: is it easier to be repressed there?
785,5353,0,4,41,45,1.0888888888888888,0.042902546629485463,667,Doc you know red is an aggressive color is this your confrontational session?
711,5353,1,2,42,45,1.0888888888888888,0.05339222337940409,667,The snooze couch works again like a big soft kiss.
699,5353,0,4,41,45,1.0888888888888888,0.042902546629485463,667,Of course I can't move forward. The jelly is stuck to my suit.
672,5353,0,4,41,45,1.0888888888888888,0.042902546629485463,667,Tell me I’m not projecting.
641,5353,1,2,42,45,1.0888888888888888,0.05339222337940409,667,Is this from the new 'Kylie Couch Kit'?
593,5353,1,2,42,45,1.0888888888888888,0.05339222337940409,667,My mother would prefer a different couch.
1132,5353,0,4,41,45,1.0888888888888888,0.042902546629485463,667,I have this weird attachment to lips.
3251,5438,0,6,62,68,1.088235294117647,0.03465174867755203,667,"Every time I lay on this couch, I think Cardi B is kissing me all over."
2489,5439,0,4,42,46,1.0869565217391304,0.04200399056866503,667,Watching David Lynch movies certianly has been no help.
1938,5439,0,4,42,46,1.0869565217391304,0.04200399056866503,667,"I’m fine, how are you?"
1986,5439,0,4,42,46,1.0869565217391304,0.04200399056866503,667,This couch looks like a lip.
2045,5439,0,4,42,46,1.0869565217391304,0.04200399056866503,667,"I suppose I can try for every day, but I'm partying at least once a week as it is."
2107,5439,0,4,42,46,1.0869565217391304,0.04200399056866503,667,It’s spelled s-u-i-c-i-d-e!
5693,5439,2,0,44,46,1.0869565217391304,0.06080051293740008,667,These remind me of your mother's lips.
5671,5439,0,4,42,46,1.0869565217391304,0.04200399056866503,667,I feel I could open up with Mies Van der Rohe.
4580,5439,0,4,42,46,1.0869565217391304,0.04200399056866503,667,My wife also gave me a Hummer for Fathers' Day .
4508,5439,1,2,43,46,1.0869565217391304,0.0522543663110723,667,Have you ever read “The Giver?”
3154,5439,0,4,42,46,1.0869565217391304,0.04200399056866503,667,"Doctor,I have this recurring dream about being kissed ..."
3035,5439,0,4,42,46,1.0869565217391304,0.04200399056866503,667,That's mother with a capital M.
2852,5439,0,4,42,46,1.0869565217391304,0.04200399056866503,667,"I tried, Primal Scream Therapy.  My wife said why not try Kiss A Boo Boo And Make It Better?"
2478,5439,1,2,43,46,1.0869565217391304,0.0522543663110723,667,I feel like your therapy is just lip service.
87,5439,0,4,42,46,1.0869565217391304,0.04200399056866503,667,Lay off Killer. Our PR has been terrible since Jaws.
1847,5439,0,4,42,46,1.0869565217391304,0.04200399056866503,667,I've been studying and practicing bushcraft and primitive technology for the last 20 years or so. I'll be fine.
4065,5439,0,4,42,46,1.0869565217391304,0.04200399056866503,667,"Now that I think of it, Mama’s kisses were suffocating!"
16,5439,0,4,42,46,1.0869565217391304,0.04200399056866503,667,When did you first feel you were paying 'lip service' to my role as an analyst?
1087,5439,0,4,42,46,1.0869565217391304,0.04200399056866503,667,This “Rocky Horror” Therapy is as uncomfortable as your couch.
2364,5439,0,4,42,46,1.0869565217391304,0.04200399056866503,667,I just don't think people take me seriously.
3360,5439,0,4,42,46,1.0869565217391304,0.04200399056866503,667,"I don't know if you can understand this, but I have an obsession about Robert Palmers backup singers."
1429,5459,1,2,44,47,1.0851063829787233,0.05116394748945358,667,"I don't know, Sam.  You and I may be going too far into our father-son relationship."
591,5459,0,4,43,47,1.0851063829787233,0.041142194186747603,667,Are you still keeping notes on paper?
492,5459,0,4,43,47,1.0851063829787233,0.041142194186747603,667,I feel like everyone I meet is just paying me lip service.
4243,5459,1,2,44,47,1.0851063829787233,0.05116394748945358,667,I was dormant but lying here I feel sore.
4878,5459,0,4,43,47,1.0851063829787233,0.041142194186747603,667,I acquiesce - give in to everything. I've lost my bite!
5488,5459,0,4,43,47,1.0851063829787233,0.041142194186747603,667,Stop eyeballing me!
888,5459,0,4,43,47,1.0851063829787233,0.041142194186747603,667,What's surrealist about that?
2174,5459,0,4,43,47,1.0851063829787233,0.041142194186747603,667,Doctor I often have thoughts of big red lips swallowing me up and sometimes I can’t even tell if there real or not
2662,5459,0,4,43,47,1.0851063829787233,0.041142194186747603,667,The thought of her lips seems to haunt me.
3074,5459,0,4,43,47,1.0851063829787233,0.041142194186747603,667,My greatest phobia Dr. is being a victim of a lapsus linguae.
5604,5459,1,2,44,47,1.0851063829787233,0.05116394748945358,667,"Can I have some ""Gummy Bears"", please?"
2756,5459,0,4,43,47,1.0851063829787233,0.041142194186747603,667,Do you mind if I move the pillow to the other end of the couch? I don't like people to notice that I'm losing some hair.
1849,5459,0,4,43,47,1.0851063829787233,0.041142194186747603,667,"I love red doctor, but I'm not a Communist!"
2709,5472,0,4,44,48,1.0833333333333333,0.040314953903908046,667,Science fiction. Double feature. Dr. X will build a creature...I don't know where these words are coming from!
90,5472,0,4,44,48,1.0833333333333333,0.040314953903908046,667,"Must I ""kiss and tell""?"
1354,5472,0,4,44,48,1.0833333333333333,0.040314953903908046,667,I'm in love with the Rolling Stones
753,5475,0,4,47,51,1.0784313725490196,0.03802101848953984,667,"You never answered the question I asked when I came in, so I’ll ask again: What that mouth do?"
3246,5476,1,2,49,52,1.0769230769230769,0.04632947979911816,667,How do you know which count is correct?
4610,5477,0,3,38,41,1.0731707317073171,0.04117547077105886,667,You know what the Yankees are doing?
4763,5477,0,3,38,41,1.0731707317073171,0.04117547077105886,667,I’m reminded of The Stones.
4834,5477,0,3,38,41,1.0731707317073171,0.04117547077105886,667,"I’m sorry. I 
can’t make sense of this, either."
4867,5477,0,3,38,41,1.0731707317073171,0.04117547077105886,667,She became upset when I told her the relationship leaves me feeling like I'm about to be swallowed up!
4881,5477,0,3,38,41,1.0731707317073171,0.04117547077105886,667,"Doc, I’m starting to think you’re the one with the oral fixation."
4576,5477,0,3,38,41,1.0731707317073171,0.04117547077105886,667,I'm not the kiss and tell type if that's where your heading doc.
4526,5477,0,3,38,41,1.0731707317073171,0.04117547077105886,667,Strange. I feel like I'm in  Buss.
4518,5477,0,3,38,41,1.0731707317073171,0.04117547077105886,667,I'm not comfortable speaking before her.
4347,5477,0,3,38,41,1.0731707317073171,0.04117547077105886,667,"My goodness, is this a surrealist jam session?"
4314,5477,0,3,38,41,1.0731707317073171,0.04117547077105886,667,"Yes, I do like having my butt kissed!"
4286,5477,0,3,38,41,1.0731707317073171,0.04117547077105886,667,Do you have anything to eat? I'm STARVING!
4257,5477,0,3,38,41,1.0731707317073171,0.04117547077105886,667,Why do her words keep coming out of my mouth?
4186,5477,0,3,38,41,1.0731707317073171,0.04117547077105886,667,I also think I’m suddenly developing an oral fixation.”
4172,5477,0,3,38,41,1.0731707317073171,0.04117547077105886,667,You know this couch should be set against a solid wall.
4171,5477,0,3,38,41,1.0731707317073171,0.04117547077105886,667,"Doc, this isn't really what I had in mind when you said 'liposuction'"
5420,5477,0,3,38,41,1.0731707317073171,0.04117547077105886,667,"XYZ,Check. Your Zipper"
4124,5477,0,3,38,41,1.0731707317073171,0.04117547077105886,667,"No, I haven't considered drinking more Grey Goose. Why do you ask?"
3324,5477,0,3,38,41,1.0731707317073171,0.04117547077105886,667,I feel like I'm being smooched all over!!!
3345,5477,0,3,38,41,1.0731707317073171,0.04117547077105886,667,"Doc, I feel like you're just giving me lip service."
3378,5477,1,1,39,41,1.0731707317073171,0.05399010639311867,667,As interesting as a piece of furniture?  I wish
3399,5477,0,3,38,41,1.0731707317073171,0.04117547077105886,667,Bob...Stop overthinking it. KISS keep it simple stupid
3441,5477,0,3,38,41,1.0731707317073171,0.04117547077105886,667,Your new LIP Couch makes me want to tell you everything!
4906,5477,0,3,38,41,1.0731707317073171,0.04117547077105886,667,‘You took the words straight out of my moutb’
4129,5477,0,3,38,41,1.0731707317073171,0.04117547077105886,667,....but I’ll settle for being as interesting and thought-provoking as this couch. Or is that setting my goal too high?
3498,5477,0,3,38,41,1.0731707317073171,0.04117547077105886,667,"Yes, doctor, I feel like we've made a lot of progress today."
3668,5477,0,3,38,41,1.0731707317073171,0.04117547077105886,667,Must I romanticize my responses?
3712,5477,0,3,38,41,1.0731707317073171,0.04117547077105886,667,"What is this ""red"" of which you speak?"
3820,5477,0,3,38,41,1.0731707317073171,0.04117547077105886,667,We need to stop meeting like this
3840,5477,0,3,38,41,1.0731707317073171,0.04117547077105886,667,Are you sure your couch is not going to swallow me?
3863,5477,0,3,38,41,1.0731707317073171,0.04117547077105886,667,Sometimes I feel you are saying to me
3890,5477,0,3,38,41,1.0731707317073171,0.04117547077105886,667,This is contest number 666.  Are you satan?
3534,5477,0,3,38,41,1.0731707317073171,0.04117547077105886,667,Two for one ... psychotherapy and liposuction ... I'm in. Let's do it.
4947,5477,0,3,38,41,1.0731707317073171,0.04117547077105886,667,Why did I ever think Trump was something more than an ass hole?
5469,5477,0,3,38,41,1.0731707317073171,0.04117547077105886,667,I thought I was the one with the oral fixation.
5005,5477,0,3,38,41,1.0731707317073171,0.04117547077105886,667,I can’t stop obsessing about a vacation in the Poconos
6221,5477,0,3,38,41,1.0731707317073171,0.04117547077105886,667,Lipstick on my collar told a tale on me.
6177,5477,0,3,38,41,1.0731707317073171,0.04117547077105886,667,"Doc, you know I don't like being seen after the oral fixation patient..."
6108,5477,0,3,38,41,1.0731707317073171,0.04117547077105886,667,She kept warning me how she would chew me up and spit me out.
6030,5477,0,3,38,41,1.0731707317073171,0.04117547077105886,667,Come on Doc.  Why do I feel that you are totally giving me lip service this session?
6027,5477,0,3,38,41,1.0731707317073171,0.04117547077105886,667,Everyone I know just kisses my ass.
6008,5477,0,3,38,41,1.0731707317073171,0.04117547077105886,667,Are you sure you want to hear about the companion piece?
5960,5477,1,1,39,41,1.0731707317073171,0.05399010639311867,667,"Yes, I think I do have trouble showing affection.  Do you, Doc?"
5957,5477,0,3,38,41,1.0731707317073171,0.04117547077105886,667,"I'm getting warm,is this couch heated?"
5929,5477,0,3,38,41,1.0731707317073171,0.04117547077105886,667,"Ain't you uncomfortable sitting in that chair for so long, I think you need to talk."
5875,5477,0,3,38,41,1.0731707317073171,0.04117547077105886,667,Why yes- I am having trouble sleeping
5862,5477,0,3,38,41,1.0731707317073171,0.04117547077105886,667,Don’t give me any Lip!
5833,5477,1,1,39,41,1.0731707317073171,0.05399010639311867,667,I hope I don't leave this appointment with a bad taste in my mouth
5823,5477,0,3,38,41,1.0731707317073171,0.04117547077105886,667,"Do you have a blanket, it’s a little chilly."
5756,5477,0,3,38,41,1.0731707317073171,0.04117547077105886,667,"You know Frank, buying your wife a CPAP Machine would be much cheaper."
5001,5477,0,3,38,41,1.0731707317073171,0.04117547077105886,667,Here's a little sugar for your bowl.
5699,5477,0,3,38,41,1.0731707317073171,0.04117547077105886,667,And thank you for letting my girl friend accompany me.
5687,5477,0,3,38,41,1.0731707317073171,0.04117547077105886,667,I feel like such a mouthful when I visit.
5609,5477,0,3,38,41,1.0731707317073171,0.04117547077105886,667,I feel consumed by penis envy.
5550,5477,0,3,38,41,1.0731707317073171,0.04117547077105886,667,That was an hour? Wow! Time just melted away.
5485,5477,0,3,38,41,1.0731707317073171,0.04117547077105886,667,"No,my mother did NOT wear red lipstick.  Why?"
5475,5477,0,3,38,41,1.0731707317073171,0.04117547077105886,667,"As they say, “Loose lips sink ships”."
3252,5477,1,1,39,41,1.0731707317073171,0.05399010639311867,667,"''You won't use this is in your next advertisement, will you?''"
5332,5477,0,3,38,41,1.0731707317073171,0.04117547077105886,667,Why do I get the feeling that I'm only goin to get lip service?
5285,5477,0,3,38,41,1.0731707317073171,0.04117547077105886,667,"Your guess is as good as mine, Doctor."
5263,5477,0,3,38,41,1.0731707317073171,0.04117547077105886,667,How much longer will it take for me to get out of the oral phase?
5223,5477,1,1,39,41,1.0731707317073171,0.05399010639311867,667,Could the lip stick damage my suit?
5134,5477,0,3,38,41,1.0731707317073171,0.04117547077105886,667,"For once, I appreciate your lip service!"
5125,5477,0,3,38,41,1.0731707317073171,0.04117547077105886,667,"My mother wore this shade of lipstick, you bastard."
5048,5477,0,3,38,41,1.0731707317073171,0.04117547077105886,667,Did you just pass gas?
5036,5477,0,3,38,41,1.0731707317073171,0.04117547077105886,667,So I forgot to bring my reusable bags...
5695,5477,0,3,38,41,1.0731707317073171,0.04117547077105886,667,"I don't know why, but I could kiss you right now."
3199,5477,1,1,39,41,1.0731707317073171,0.05399010639311867,667,"Oh ,don't forget that we're also out of potato chips."
3157,5477,0,3,38,41,1.0731707317073171,0.04117547077105886,667,I have a feeling my mother breast-fed me too long.
3094,5477,0,3,38,41,1.0731707317073171,0.04117547077105886,667,". . . pink cener on the filet, not red . . ."
1858,5477,1,1,39,41,1.0731707317073171,0.05399010639311867,667,I can’t get the expression “Lips smacking good!” out of my mind.
1732,5477,1,1,39,41,1.0731707317073171,0.05399010639311867,667,"Not good. I tend to feel like a cold sore during a game of spin the bottle.  So no, this isn't helping much."
1712,5477,0,3,38,41,1.0731707317073171,0.04117547077105886,667,"I am glad we swapped  places, as the couch was  starting to look like botoxed red lips and I was getting these sexual fantasies."
1430,5477,0,3,38,41,1.0731707317073171,0.04117547077105886,667,"In typical psychoanalytic fashion, the only lips that are moving in this session, are the couch’s, as the patient squirms in awkward “therapeutic” silence."
1349,5477,0,3,38,41,1.0731707317073171,0.04117547077105886,667,Is this couch just a couch or are you a Freudian psychiatrist?
1348,5477,0,3,38,41,1.0731707317073171,0.04117547077105886,667,I keep dreaming that I'm being swallowed by her love.
1266,5477,0,3,38,41,1.0731707317073171,0.04117547077105886,667,Opening your third eye is going to be harder than I thought.
1237,5477,0,3,38,41,1.0731707317073171,0.04117547077105886,667,I *do* think this is helping me with my intimacy issues!
1236,5477,0,3,38,41,1.0731707317073171,0.04117547077105886,667,"REALLY? Well, you can kiss my ass, too!"
1224,5477,0,3,38,41,1.0731707317073171,0.04117547077105886,667,I feel better now that I am not a complete unknown
1101,5477,0,3,38,41,1.0731707317073171,0.04117547077105886,667,"So... call it a hunch, but that's a Quaaludes prescription you're writing there, isn't it, Doc?"
1044,5477,0,3,38,41,1.0731707317073171,0.04117547077105886,667,I feel like you’re more focused on the couch.
1892,5477,1,1,39,41,1.0731707317073171,0.05399010639311867,667,It all goes back to my Maw.
956,5477,0,3,38,41,1.0731707317073171,0.04117547077105886,667,What's my best odd: 'Should I love her or leave her?'
828,5477,0,3,38,41,1.0731707317073171,0.04117547077105886,667,"I told you Doc, ever since I came to your office I can't get her big lips out of my mind."
759,5477,0,3,38,41,1.0731707317073171,0.04117547077105886,667,"Doctor, are those Allbirds?"
632,5477,0,3,38,41,1.0731707317073171,0.04117547077105886,667,I know you say it
576,5477,0,3,38,41,1.0731707317073171,0.04117547077105886,667,"Table or no, Doc, I can't escape the feeling that I'M on the menu."
530,5477,0,3,38,41,1.0731707317073171,0.04117547077105886,667,To be clear; I want more than lip service today.
525,5477,1,1,39,41,1.0731707317073171,0.05399010639311867,667,Now tell me again why this couch makes you think about your mother.
427,5477,0,3,38,41,1.0731707317073171,0.04117547077105886,667,How did you know that dry lips were a major concern of mine?
416,5477,1,1,39,41,1.0731707317073171,0.05399010639311867,667,My husband likes Dali too but I've drawn a line in my office.
404,5477,0,3,38,41,1.0731707317073171,0.04117547077105886,667,Therapy is “Kiss my ass?”
167,5477,0,3,38,41,1.0731707317073171,0.04117547077105886,667,"Yes, the couch is shaped by a pair of lips.  Does that remind you of anyone?"
115,5477,1,1,39,41,1.0731707317073171,0.05399010639311867,667,"She walked out on my two years ago, but I still see her luscious lips everywhere I go..."
6,5477,0,3,38,41,1.0731707317073171,0.04117547077105886,667,"I don't know, maybe going polychromatic was a bit too flashy after all"
829,5477,0,3,38,41,1.0731707317073171,0.04117547077105886,667,You must think I’m balmy!
1902,5477,0,3,38,41,1.0731707317073171,0.04117547077105886,667,Mother always wore red lipstick.  She was an artist.  That's why I'm here.
1589,5477,0,3,38,41,1.0731707317073171,0.04117547077105886,667,I asked for my secretary and not a stenographer.
2073,5477,0,3,38,41,1.0731707317073171,0.04117547077105886,667,"Yes, I do crave a tongue sandwich! Can I get that with mustard on rye?"
3087,5477,0,3,38,41,1.0731707317073171,0.04117547077105886,667,Sometimes I feel like a clam ...other times I feel like two lips...
3062,5477,0,3,38,41,1.0731707317073171,0.04117547077105886,667,"Sometimes, I feel you're just kissing up to me."
2965,5477,0,3,38,41,1.0731707317073171,0.04117547077105886,667,Number of the beast...
2958,5477,0,3,38,41,1.0731707317073171,0.04117547077105886,667,"I don’t know what it is Doc, but every time I come here I feel an obsessive oral fixation."
2956,5477,0,3,38,41,1.0731707317073171,0.04117547077105886,667,Is red my only choice?
2936,5477,0,3,38,41,1.0731707317073171,0.04117547077105886,667,"You took, “She dreams in color, she dreams in red,” pretty literally here, Doc."
2871,5477,0,3,38,41,1.0731707317073171,0.04117547077105886,667,"In case you're interested, my mother's lipstick was Chanel red - not this drugstore imitation."
2821,5477,0,3,38,41,1.0731707317073171,0.04117547077105886,667,"DR. SHYAMALAN, I CAN'T HELP BUT THINK YOU'RE HINTING AT SOMETHING."
2736,5477,0,3,38,41,1.0731707317073171,0.04117547077105886,667,DEAD
2728,5477,0,3,38,41,1.0731707317073171,0.04117547077105886,667,"You know, it’s the science behind elevators that has always fascinated me."
1966,5477,0,3,38,41,1.0731707317073171,0.04117547077105886,667,"Patient: ""Doctor, if this is wrong, I don't want to be right""
Doctor: ""Right..."""
2629,5477,0,3,38,41,1.0731707317073171,0.04117547077105886,667,I'm getting a hard-on from your new couch!
2614,5477,0,3,38,41,1.0731707317073171,0.04117547077105886,667,Honestly this whole thing just feels like lip service.
2523,5477,0,3,38,41,1.0731707317073171,0.04117547077105886,667,I feel like i'm in a psychiatric bordello.
2637,5477,1,1,39,41,1.0731707317073171,0.05399010639311867,667,But my wife don't want to have sex on red bedroom
2223,5477,0,3,38,41,1.0731707317073171,0.04117547077105886,667,"I've never been kissed by a real person, you see."
2450,5477,1,1,39,41,1.0731707317073171,0.05399010639311867,667,I'm sorry but I always get Dali and the Dalai Lama mixed up.
2438,5477,0,3,38,41,1.0731707317073171,0.04117547077105886,667,Just roll over and close your eyes.
2413,5477,1,1,39,41,1.0731707317073171,0.05399010639311867,667,I don't see color. I just see people.
2379,5477,0,3,38,41,1.0731707317073171,0.04117547077105886,667,Sometimes it feels like you’re just giving me lip service...
2361,5477,0,3,38,41,1.0731707317073171,0.04117547077105886,667,"Sometimes I put my Foot in my mouth, sometimes more."
2291,5477,0,3,38,41,1.0731707317073171,0.04117547077105886,667,Loose lips make tights knits
2128,5477,0,3,38,41,1.0731707317073171,0.04117547077105886,667,"Now that I've been to your washroom, I'm not sure ""Freudian stages"" is really the best theme for your décor..."
2202,5477,0,3,38,41,1.0731707317073171,0.04117547077105886,667,"And then she called it all off, claiming I was incapable of appreciating lips."
2169,5477,0,3,38,41,1.0731707317073171,0.04117547077105886,667,Do you think maybe you need to talk to somebody?
2195,5477,0,3,38,41,1.0731707317073171,0.04117547077105886,667,The color red always makes me homicidal.
2460,5477,0,3,38,41,1.0731707317073171,0.04117547077105886,667,What would you take for this couch?
4585,5603,0,3,39,42,1.0714285714285714,0.04022089331224806,667,Lip service!  Lip Service!  15 years and all I've gotten is Lip Service!
3554,5603,0,3,39,42,1.0714285714285714,0.04022089331224806,667,Be honest... is that chair tacky?
4427,5603,1,1,40,42,1.0714285714285714,0.05271774316741633,667,"I'm not sure why, but somehow I just feel like saying, ''Kiss my ass!''"
4682,5603,1,1,40,42,1.0714285714285714,0.05271774316741633,667,Mick Jagger makes me want to blow you.
4616,5603,0,3,39,42,1.0714285714285714,0.04022089331224806,667,I wonder why my neck hurts after each session
4242,5603,0,3,39,42,1.0714285714285714,0.04022089331224806,667,"I think this really helps doc, when I´m here my life feels more... colorful."
3315,5603,0,3,39,42,1.0714285714285714,0.04022089331224806,667,"I have the moves like Jagger, but still, nothing seems right."
4143,5603,0,3,39,42,1.0714285714285714,0.04022089331224806,667,"I did say that, Doctor, but it was just a Freudian lip."
3958,5603,1,1,40,42,1.0714285714285714,0.05271774316741633,667,"Frankly, I'm starting to question your slogan: ""a moment on the lips, an eternity of having come to grips."""
3856,5603,0,3,39,42,1.0714285714285714,0.04022089331224806,667,What happens in the champagne bathtub?!
4699,5603,0,3,39,42,1.0714285714285714,0.04022089331224806,667,"I don't want to win this week's caption contest, and you liberals can stick it."
3461,5603,0,3,39,42,1.0714285714285714,0.04022089331224806,667,"Ya, my love life hasn't been going that well, a girl got her lip stick all over my back."
4159,5603,0,3,39,42,1.0714285714285714,0.04022089331224806,667,My mother wears this shade when she disrespects my boundaries.
4915,5603,0,3,39,42,1.0714285714285714,0.04022089331224806,667,"No, why do you ask, Dr. Pucker?"
5373,5603,0,3,39,42,1.0714285714285714,0.04022089331224806,667,"Well you see Doc, I just feel people are always talking about me. Like my actions are constantly on their lips."
5032,5603,1,1,40,42,1.0714285714285714,0.05271774316741633,667,"hey doc, you ever feel like someone is out there just ""captioning"" every word you say?"
5131,5603,0,3,39,42,1.0714285714285714,0.04022089331224806,667,You've kept me waiting a long time.
5139,5603,1,1,40,42,1.0714285714285714,0.05271774316741633,667,"My feelings about that, for some reason, seem pursed."
6176,5603,0,3,39,42,1.0714285714285714,0.04022089331224806,667,I guess that you have heard all about ass kissing.
5970,5603,0,3,39,42,1.0714285714285714,0.04022089331224806,667,"It may seem transference on my part, but did your mother also display a strong preference for red lipstick?"
5202,5603,1,1,40,42,1.0714285714285714,0.05271774316741633,667,Everyone I choose.   I'm a hot mess.
5889,5603,0,3,39,42,1.0714285714285714,0.04022089331224806,667,It is X rated
5276,5603,0,3,39,42,1.0714285714285714,0.04022089331224806,667,"Yes, now you've got it. It goes like that. Simple, eh?"
5868,5603,0,3,39,42,1.0714285714285714,0.04022089331224806,667,"Hey doc did you notice the current contest # ?
Like I’ve been telling you;
It’s the kiss of death.
These lips never lie."
5839,5603,0,3,39,42,1.0714285714285714,0.04022089331224806,667,"And then I roll over and she opens her mouth, and then I always wake up...."
5754,5603,0,3,39,42,1.0714285714285714,0.04022089331224806,667,You acquired a new couch after I mentioned my obsession with baci ball?
3130,5603,1,1,40,42,1.0714285714285714,0.05271774316741633,667,"Well dressed, well spoken..."
5709,5603,0,3,39,42,1.0714285714285714,0.04022089331224806,667,This couch is really read for no reason.
4999,5603,0,3,39,42,1.0714285714285714,0.04022089331224806,667,"After three years of analysis, I begin to discover colors."
2985,5603,0,3,39,42,1.0714285714285714,0.04022089331224806,667,this has brought me great comfort ever since bobby got human centipeded
4041,5603,0,3,39,42,1.0714285714285714,0.04022089331224806,667,I'll take an E
2710,5603,0,3,39,42,1.0714285714285714,0.04022089331224806,667,"You have bee's knees, I have C's knees that make me sneeze. See what I mean? I rhyme all the time and it's making me crime."
49,5603,1,1,40,42,1.0714285714285714,0.05271774316741633,667,"And I said 'Paint me like one of your french girls' and he said- Hey, would you stop drawing and listen to me?"
165,5603,0,3,39,42,1.0714285714285714,0.04022089331224806,667,I’ve been rather obsessed with kissing lately.
329,5603,0,3,39,42,1.0714285714285714,0.04022089331224806,667,"Lipstick therapy works with men, too... right?"
463,5603,0,3,39,42,1.0714285714285714,0.04022089331224806,667,"So Doc, you really think my lip fetish is temporary?"
2751,5603,0,3,39,42,1.0714285714285714,0.04022089331224806,667,I understand your specialty is curing the blues.
606,5603,0,3,39,42,1.0714285714285714,0.04022089331224806,667,Have you been listening or just too busy playing with yourself?
617,5603,0,3,39,42,1.0714285714285714,0.04022089331224806,667,What do these Freudian lips mean?
1049,5603,0,3,39,42,1.0714285714285714,0.04022089331224806,667,How do I make up?
548,5603,0,3,39,42,1.0714285714285714,0.04022089331224806,667,"'
I hate this 'lipstick' couch, I'm wondering why you chose it?"
2497,5603,0,3,39,42,1.0714285714285714,0.04022089331224806,667,"These lips embrace me. Will they open, chew and swallow soon?"
1133,5603,0,3,39,42,1.0714285714285714,0.04022089331224806,667,Is this a metaphor for all the lip your clients give you?
1399,5603,0,3,39,42,1.0714285714285714,0.04022089331224806,667,I find this couch too narrow for two people - what is wrong with me
1647,5603,0,3,39,42,1.0714285714285714,0.04022089331224806,667,Lay it on me.  My lips are sealed.
1999,5603,0,3,39,42,1.0714285714285714,0.04022089331224806,667,Is there some Freudian explanation for why I have to withstand the indignity of reclining between lipsticked lips?
2273,5603,0,3,39,42,1.0714285714285714,0.04022089331224806,667,Is  it hot in here or am I crazy?
1112,5603,0,3,39,42,1.0714285714285714,0.04022089331224806,667,"look, you seem great, but are you sure you're the right doctor to treat my specific issue, Involuntary Couch Fucking Disorder?"
4460,5651,0,3,40,43,1.069767441860465,0.03930950021993099,667,My life is as chapped as my lips
4362,5651,1,1,41,43,1.069767441860465,0.051503946641122844,667,You know? I think these sessions are giving me lip.
4269,5651,0,3,40,43,1.069767441860465,0.03930950021993099,667,I just feel like everything around me is changing. When did you get this couch?
4103,5651,0,3,40,43,1.069767441860465,0.03930950021993099,667,I told you on the phone I had a thing about the Rolling Stones
4063,5651,0,3,40,43,1.069767441860465,0.03930950021993099,667,"Oddly, my recent dreams all have my mother starring in a movie directed by Warhol--with a Rolling Stones soundtrack"
3644,5651,0,3,40,43,1.069767441860465,0.03930950021993099,667,Why is it I always want to dissect my issues from the early 70’s!
3440,5651,0,3,40,43,1.069767441860465,0.03930950021993099,667,I suppose I am upset about the overuse of mood-ring technology. Why do you ask?
3611,5651,0,3,40,43,1.069767441860465,0.03930950021993099,667,Don’’t forget the fries!
3479,5651,0,3,40,43,1.069767441860465,0.03930950021993099,667,So that veggie cartoon scarred me for life.
3068,5651,0,3,40,43,1.069767441860465,0.03930950021993099,667,"Fixations as furniture is an interesting concept, but I'd stop here."""
4535,5651,0,3,40,43,1.069767441860465,0.03930950021993099,667,Your couch feels like Freudian lips.
3299,5651,0,3,40,43,1.069767441860465,0.03930950021993099,667,"I'm here because you were  recommended to help me with my obsessive rumination on the phrase: ""Loose lips sink ships"""
3446,5651,0,3,40,43,1.069767441860465,0.03930950021993099,667,...and then Mick Jagger appeared out of nowhere...
3631,5651,0,3,40,43,1.069767441860465,0.03930950021993099,667,So you really think it’s buns I’m obsessed with?
4553,5651,0,3,40,43,1.069767441860465,0.03930950021993099,667,"I know that my love life is a mess, but this red hot lip couch is not helping."
5250,5651,1,1,41,43,1.069767441860465,0.051503946641122844,667,"I'm sorry Dr. Morris, did you just say, ""Feed me, Morris""?"
4651,5651,0,3,40,43,1.069767441860465,0.03930950021993099,667,"How could you know that huge, red lips are my problem?"
6158,5651,0,3,40,43,1.069767441860465,0.03930950021993099,667,"Say, this sofa reminds me of mother's pe- LIPS. My mother's lips"
5949,5651,0,3,40,43,1.069767441860465,0.03930950021993099,667,I'd really like to get to the bottom of my recurring dream of being swallowed by a pair of big read lips.
5843,5651,0,3,40,43,1.069767441860465,0.03930950021993099,667,Was it your love of Mae West or Dali that drove you to psychiatry?
5768,5651,0,3,40,43,1.069767441860465,0.03930950021993099,667,Not your typical lip job.
5704,5651,0,3,40,43,1.069767441860465,0.03930950021993099,667,"The relationship was improving, but then she wanted to know why I had lipstick all over my suit..."
5694,5651,0,3,40,43,1.069767441860465,0.03930950021993099,667,"…And no, I wasn’t paying lip service when I said those things about your skills as a therapist."
5611,5651,1,1,41,43,1.069767441860465,0.051503946641122844,667,I think I felt the change about the time red became the new black
5305,5651,0,3,40,43,1.069767441860465,0.03930950021993099,667,She only pays lip-service to my issues...
5293,5651,0,3,40,43,1.069767441860465,0.03930950021993099,667,"Every time I think of it, I see red!"
3067,5651,0,3,40,43,1.069767441860465,0.03930950021993099,667,I have this uncontrollable urge to change my lipstick color.
5051,5651,0,3,40,43,1.069767441860465,0.03930950021993099,667,I feel so bland and understated for your couch!
5015,5651,0,3,40,43,1.069767441860465,0.03930950021993099,667,The inspiration for my office were my childhood memories of my mother
5002,5651,1,1,41,43,1.069767441860465,0.051503946641122844,667,My wife's are not as well-maintained and I think that's the reason why I'm here.
4805,5651,0,3,40,43,1.069767441860465,0.03930950021993099,667,Don't take it so seriously...I was just lip-synching!
4710,5651,0,3,40,43,1.069767441860465,0.03930950021993099,667,"I didn't know you took  Costco cards. So I get 2 hours, right?"
4625,5651,0,3,40,43,1.069767441860465,0.03930950021993099,667,I have a real problem with red lipstick
3026,5651,0,3,40,43,1.069767441860465,0.03930950021993099,667,"Mr. Larkin,  Let's remember who the psychiatrist is."
2285,5651,1,1,41,43,1.069767441860465,0.051503946641122844,667,Sometimes I feel like your just to forward Dave.
2939,5651,0,3,40,43,1.069767441860465,0.03930950021993099,667,This “Poconos immersion therapy” is not squelching my fear of  kitsch.
666,5651,0,3,40,43,1.069767441860465,0.03930950021993099,667,"Write me a prescription for new caption drawing ideas, doc."
2366,5651,0,3,40,43,1.069767441860465,0.03930950021993099,667,"You really aren’t writing much given how
Much I’m saying...
And paying"
3563,5651,1,1,41,43,1.069767441860465,0.051503946641122844,667,I’m afraid your little notepad is not enough. You’re gonna need a much bigger notebook!
2973,5651,0,3,40,43,1.069767441860465,0.03930950021993099,667,So the couch is indicative of your empathy for the Me Too movement?
136,5651,1,1,41,43,1.069767441860465,0.051503946641122844,667,Did you mean to say 'couch'' or was that a Freudian Lip?
433,5651,1,1,41,43,1.069767441860465,0.051503946641122844,667,The unrealistic beauty standards you've set for the world are just a projection of your own insecurities.
468,5651,0,3,40,43,1.069767441860465,0.03930950021993099,667,Kiss and tell?  Kiss and tell?  That’s your solution!?!
653,5651,0,3,40,43,1.069767441860465,0.03930950021993099,667,"Thanks for hosting these bach(elor) sessions, doc."
886,5651,0,3,40,43,1.069767441860465,0.03930950021993099,667,"Doctor, the curve of your lips is leaving me aching."
993,5651,0,3,40,43,1.069767441860465,0.03930950021993099,667,"I'm surrounded by lips, Doctor.""
""Well, you might have an oral fixation.""
""I meant this couch."
80,5651,0,3,40,43,1.069767441860465,0.03930950021993099,667,I have been feeling more love.
1359,5651,0,3,40,43,1.069767441860465,0.03930950021993099,667,"I really think my anxieties pre-date the #metoo thing. In my dreams, it's always 1937, and then I wake up."
1677,5651,0,3,40,43,1.069767441860465,0.03930950021993099,667,I know it was her red lipstick that drove me crazy
1760,5651,0,3,40,43,1.069767441860465,0.03930950021993099,667,You don't need to write this down.  I really don't want to kill anybody.
1972,5651,0,3,40,43,1.069767441860465,0.03930950021993099,667,Never thought I'd be sitting on somebody's lip.
2347,5651,0,3,40,43,1.069767441860465,0.03930950021993099,667,"Suddenly, I find myself in the mood for love."
2542,5651,0,3,40,43,1.069767441860465,0.03930950021993099,667,"Something about the taste of his lips
just did not put me on a ride"
2651,5651,0,3,40,43,1.069767441860465,0.03930950021993099,667,"I'm sorry, I didn't hear you.  This couch is swallowing me."
2882,5651,0,3,40,43,1.069767441860465,0.03930950021993099,667,"And then she said ""you complete me""."
2903,5651,0,3,40,43,1.069767441860465,0.03930950021993099,667,Speaking of a Freudian s-lip.
1271,5651,1,1,41,43,1.069767441860465,0.051503946641122844,667,I keep having these vivid dreams of Mick Jagger...
2864,5708,1,1,42,44,1.0681818181818181,0.05034476562380576,667,I stay awake all night worrying that I am going color blind.
2520,5708,1,1,42,44,1.0681818181818181,0.05034476562380576,667,"By the way, your mother is proud of you."
2268,5708,1,1,42,44,1.0681818181818181,0.05034476562380576,667,I don't think this is helping with my mother issues.
3055,5708,1,1,42,44,1.0681818181818181,0.05034476562380576,667,I just can't shake the feeling that Number of the Beast is floating over me head!
4451,5708,0,3,41,44,1.0681818181818181,0.03843843094202265,667,So tell me...what dat mouth do?
4465,5708,0,3,41,44,1.0681818181818181,0.03843843094202265,667,"Good, Mr. Soze: now expand on what you mean when you say your wife giving you lip is couching a larger issue."
5458,5708,1,1,42,44,1.0681818181818181,0.05034476562380576,667,It all started with a Kylie Jenner Lip Kit...
1552,5708,0,3,41,44,1.0681818181818181,0.03843843094202265,667,Why are you doing this to me?
5267,5708,0,3,41,44,1.0681818181818181,0.03843843094202265,667,"Doc, everywhere I go a giant pair of lips are trying to eat me."
5277,5708,0,3,41,44,1.0681818181818181,0.03843843094202265,667,I've just lost my Mojo...
5683,5708,0,3,41,44,1.0681818181818181,0.03843843094202265,667,"This projection couch isn't working, doc."
1573,5708,0,3,41,44,1.0681818181818181,0.03843843094202265,667,"I don't understand it, Doc. Lately I've been having the most outrageous oral fantasies."
1783,5708,0,3,41,44,1.0681818181818181,0.03843843094202265,667,"Sir, this is a shoe shop."
5207,5708,0,3,41,44,1.0681818181818181,0.03843843094202265,667,hi i was told to come to this website to buy some runescape membership and bonds
1181,5708,0,3,41,44,1.0681818181818181,0.03843843094202265,667,"So I politely suggested ""hey, maybe you shouldn't just grab the mic from their hands"" and ended up with an almond milkshake in face."
4726,5708,0,3,41,44,1.0681818181818181,0.03843843094202265,667,For some strange reason I keep thinking about science fiction double features during our sessions.
982,5708,0,3,41,44,1.0681818181818181,0.03843843094202265,667,"No, for some reason I just can't forget her beautiful lips."""
644,5708,0,3,41,44,1.0681818181818181,0.03843843094202265,667,"But enough about me. For some reason, I feel like I have to share some insights into the life of Brad Pitt."
1069,5708,0,3,41,44,1.0681818181818181,0.03843843094202265,667,I feel like I have a kissing disorder
3826,5727,0,3,42,45,1.0666666666666667,0.03760507165451773,667,The voices tell me a blue couch would be nicer.
4522,5728,0,3,43,46,1.065217391304348,0.03680702927304431,667,My lips are sealed just say whatever is on your mind
5340,5728,0,3,43,46,1.065217391304348,0.03680702927304431,667,"this couch reminds me of my ex-wife's lushes lips,if only they weren't attached to her argumentative mouth."
5335,5730,0,3,45,48,1.0625,0.035308292679127,667,How long have you been diagnosed with an oral fixation?
4636,5730,0,3,45,48,1.0625,0.035308292679127,667,"Lip a dee do dah, lip a dee day.  Sing it!"
4119,5732,0,2,35,37,1.054054054054054,0.03768738858261605,667,"In my dream she keeps saying that I'm ""lip-smacking good."""
4084,5732,0,2,35,37,1.054054054054054,0.03768738858261605,667,"No, I don't feel like kissing you. Where'd you get an idea like that?"
4053,5732,0,2,35,37,1.054054054054054,0.03768738858261605,667,And this is meant to help my oral fixation?
4027,5732,0,2,35,37,1.054054054054054,0.03768738858261605,667,I wonder what couch you use for the next stage of my development?
3785,5732,0,2,35,37,1.054054054054054,0.03768738858261605,667,$300 per session for this kind of lip service?
3358,5732,0,2,35,37,1.054054054054054,0.03768738858261605,667,Could you hand me that apple?
4156,5732,0,2,35,37,1.054054054054054,0.03768738858261605,667,I feel like I'm par-tic-i-pating in our sessions.
3298,5732,0,2,35,37,1.054054054054054,0.03768738858261605,667,No Mont Blanc?
3245,5732,0,2,35,37,1.054054054054054,0.03768738858261605,667,I can only see the color blue.
2837,5732,0,2,35,37,1.054054054054054,0.03768738858261605,667,Your launch is the kiss...
2827,5732,0,2,35,37,1.054054054054054,0.03768738858261605,667,Just plain nuts.
2739,5732,0,2,35,37,1.054054054054054,0.03768738858261605,667,Did you just call me hors d 'oeuvre?​
2703,5732,0,2,35,37,1.054054054054054,0.03768738858261605,667,"I hope that I’ll have enough time with you. Somehow I feel that this session will be rather short, over in a lickety split of time."
2483,5732,0,2,35,37,1.054054054054054,0.03768738858261605,667,It’s like I’m being eaten alive
3707,5732,0,2,35,37,1.054054054054054,0.03768738858261605,667,I feel your just paying lip service to my shattered psyche
4167,5732,1,0,36,37,1.054054054054054,0.05405405405405408,667,....and then I... hated when she kissed me.
4299,5732,0,2,35,37,1.054054054054054,0.03768738858261605,667,You mentioned you're familiar with Oedipal Complex issues?
4216,5732,0,2,35,37,1.054054054054054,0.03768738858261605,667,Does this mean that my analysis will be one great prolonged kiss?
5927,5732,0,2,35,37,1.054054054054054,0.03768738858261605,667,It's as if the universe has become one big maw sucking the life out of me.
5748,5732,0,2,35,37,1.054054054054054,0.03768738858261605,667,But mostly it’s your couch that really chaps my ass.
5679,5732,1,0,36,37,1.054054054054054,0.05405405405405408,667,Do stop me if I mouth off too much.
5640,5732,0,2,35,37,1.054054054054054,0.03768738858261605,667,Do you recycle the notes after you shred them?
5045,5732,0,2,35,37,1.054054054054054,0.03768738858261605,667,"It’s Freudian slip, not lips"
4919,5732,0,2,35,37,1.054054054054054,0.03768738858261605,667,Are You Taking Good Notes?
4898,5732,0,2,35,37,1.054054054054054,0.03768738858261605,667,It's not Mick Jagger but it'll do.
4178,5732,0,2,35,37,1.054054054054054,0.03768738858261605,667,That was my best bedtime story yet!
4886,5732,0,2,35,37,1.054054054054054,0.03768738858261605,667,"So, doctor, your thinking is that all our issues go back to our mother’s all-consuming love?"
4624,5732,0,2,35,37,1.054054054054054,0.03768738858261605,667,"Perhaps we would make more progress on my Oedipus Complex, if I could sit in the chair."
4547,5732,0,2,35,37,1.054054054054054,0.03768738858261605,667,"Mae I stay silent
My lips are sealed"
4437,5732,0,2,35,37,1.054054054054054,0.03768738858261605,667,I feel like I'm not in Kansas anymore.
4354,5732,0,2,35,37,1.054054054054054,0.03768738858261605,667,I am afraid I am becoming a couch french fry.
4311,5732,1,0,36,37,1.054054054054054,0.05405405405405408,667,"I'm just a sweet transvestite
From Transexual, Transylvania"
2417,5732,0,2,35,37,1.054054054054054,0.03768738858261605,667,You see it wasn't her plus size or kisses...on the contrary...I was drawing for joy in all those wet lustful zoftig kisses...it was the nightmares ...all those stupid dreams of being masticated by some big red whale...
4218,5732,0,2,35,37,1.054054054054054,0.03768738858261605,667,"I don't care if it's your alma mater's team color, it's driving me crazy."
4732,5732,0,2,35,37,1.054054054054054,0.03768738858261605,667,I dreamed that I was swallowed alive by a she-goddess.
2134,5732,0,2,35,37,1.054054054054054,0.03768738858261605,667,I remember doing the Time Warp
2836,5732,0,2,35,37,1.054054054054054,0.03768738858261605,667,I don’t do psychoanalysis. I do kiss and tell.
1996,5732,0,2,35,37,1.054054054054054,0.03768738858261605,667,"Sometimes I just feel like I'm lying on somebody's lips. I don't understand it, Joe."
2015,5732,0,2,35,37,1.054054054054054,0.03768738858261605,667,"Listen doc, I've got a serious problem.
I've been listening to nothing but Queen for 30 years. No other genre, no other band, nothing but Queen. Every word to every song to every album memorized. Even in silence, their songs play nonstop in my head."
12,5732,0,2,35,37,1.054054054054054,0.03768738858261605,667,This couch is so alien to a psychologist's office that I feel like I'm getting an entirely different type of probe!
116,5732,0,2,35,37,1.054054054054054,0.03768738858261605,667,"I just see everything in black and white but when I'm here in your office you really just help light up the room."""
161,5732,0,2,35,37,1.054054054054054,0.03768738858261605,667,"So I said to her, ‘You look like a trollop with that bright red lipstick!’"
242,5732,0,2,35,37,1.054054054054054,0.03768738858261605,667,"I'm straight, but I'm running in a gay district."
370,5732,0,2,35,37,1.054054054054054,0.03768738858261605,667,Tell me in what way does my couch remind you of your mother?
501,5732,0,2,35,37,1.054054054054054,0.03768738858261605,667,Is the stiletto chair on back order?
540,5732,0,2,35,37,1.054054054054054,0.03768738858261605,667,It feels like my whole life is on exhibition.
608,5732,0,2,35,37,1.054054054054054,0.03768738858261605,667,"Did you remember to add to your notes,that i haven't had lips like these,since Mother died."
637,5732,0,2,35,37,1.054054054054054,0.03768738858261605,667,"I keep seeing Rolling Stones imagery, doc, you gotta help me!"
831,5732,0,2,35,37,1.054054054054054,0.03768738858261605,667,I really need your help.  I am a compulsive womanizer.
867,5732,0,2,35,37,1.054054054054054,0.03768738858261605,667,"Is this a joke, Doctor?”
“No, just a Freudian’s lip."
428,5732,1,0,36,37,1.054054054054054,0.05405405405405408,667,I have dreams at night that I'm being engulfed by a pair of huge red lips.  What does that mean?
1638,5732,0,2,35,37,1.054054054054054,0.03768738858261605,667,"I feel like I'm being dominated by my Mother, and these sessions have't been helping."
975,5732,0,2,35,37,1.054054054054054,0.03768738858261605,667,I feel as though you want to kiss me but don't dare come right out and say so.
981,5732,0,2,35,37,1.054054054054054,0.03768738858261605,667,I feel like a giant pair of red lips are about to swallow me whole.
1016,5732,0,2,35,37,1.054054054054054,0.03768738858261605,667,Is this your not-so-subtle way to get me to open up?
1282,5732,0,2,35,37,1.054054054054054,0.03768738858261605,667,I feel compelled to keep it simple.
1603,5732,0,2,35,37,1.054054054054054,0.03768738858261605,667,Just writing an old adage-“From your lips to God’s ears.”
1634,5732,0,2,35,37,1.054054054054054,0.03768738858261605,667,I thought you said you wanted to paint me like one of your French girls?
1982,5732,0,2,35,37,1.054054054054054,0.03768738858261605,667,I am fairly certain you share my opinion that the Me Too movement falls into the fake news category.
1851,5732,0,2,35,37,1.054054054054054,0.03768738858261605,667,"Honey, is this a couch built for two?"
1978,5732,0,2,35,37,1.054054054054054,0.03768738858261605,667,"No, it's not just lip service."
908,5732,0,2,35,37,1.054054054054054,0.03768738858261605,667,If only lips could talk....
4402,5794,0,2,36,38,1.0526315789473684,0.0367097806559429,667,"Never heard of a ""mood"" couch, just the mood ring. Interesting..."
4498,5794,0,2,36,38,1.0526315789473684,0.0367097806559429,667,This chair makes me feel like you are trying to hard Doc.”
3500,5794,0,2,36,38,1.0526315789473684,0.0367097806559429,667,"Really, I’ just looking for a quiet place to nap."
4380,5794,0,2,36,38,1.0526315789473684,0.0367097806559429,667,"Favorite Spielberg movie? Probably ""Hook"". Yours?"
5625,5794,1,0,37,38,1.0526315789473684,0.0526315789473684,667,"I'm sorry, but frankly I just don't feel comfortable sharing all these intimate details of my life with a stranger."
4578,5794,0,2,36,38,1.0526315789473684,0.0367097806559429,667,Now is really not the time to tell me you have a lip fetish.
4294,5794,0,2,36,38,1.0526315789473684,0.0367097806559429,667,My lips may be red but my thoughts are blue.
3540,5794,0,2,36,38,1.0526315789473684,0.0367097806559429,667,Is this really how we are supposed to discuss my E.D. Problem?
4132,5794,0,2,36,38,1.0526315789473684,0.0367097806559429,667,So you acknowledge the lip service really put a kink in your relationship?
3797,5794,0,2,36,38,1.0526315789473684,0.0367097806559429,667,Nope! I don't think it's possible to come up with a caption without using the 'R' word.
3687,5794,0,2,36,38,1.0526315789473684,0.0367097806559429,667,Am I being held in Mick's or Chaka's lips?
3536,5794,0,2,36,38,1.0526315789473684,0.0367097806559429,667,Father always wore Chanel Rouge Allure in Pirate
4689,5794,0,2,36,38,1.0526315789473684,0.0367097806559429,667,"She did our’s too, but in purple."
4135,5794,0,2,36,38,1.0526315789473684,0.0367097806559429,667,Do daydreams count?
4692,5794,0,2,36,38,1.0526315789473684,0.0367097806559429,667,"If this is your method, I’m keeping the giant trash compactor dream to myself."
5994,5794,0,2,36,38,1.0526315789473684,0.0367097806559429,667,"Doctor, I’m so glad you don’t just give lip service to your patients."
4793,5794,0,2,36,38,1.0526315789473684,0.0367097806559429,667,Shes gonna leave me if she finds out my businees is in the red
5401,5794,0,2,36,38,1.0526315789473684,0.0367097806559429,667,"hey ,wanna go out for a drink after this?"
6207,5794,0,2,36,38,1.0526315789473684,0.0367097806559429,667,No one ever asks about MY bottom line.
6160,5794,0,2,36,38,1.0526315789473684,0.0367097806559429,667,I once got busy in a Burger King bathroom
6078,5794,0,2,36,38,1.0526315789473684,0.0367097806559429,667,I think I'm ready for my blue period.
5565,5794,0,2,36,38,1.0526315789473684,0.0367097806559429,667,I’ve been dreaming about lips a lot.
5986,5794,0,2,36,38,1.0526315789473684,0.0367097806559429,667,"I don't know what it is, but this couch always reminds me of her."
4749,5794,0,2,36,38,1.0526315789473684,0.0367097806559429,667,"Doc, thanks for doing a house call. I sat on the cat, and I don’t know how to break it to my wife."
5903,5794,0,2,36,38,1.0526315789473684,0.0367097806559429,667,"Ever since I started counseling, the song ""Ruby Red Lips"" has been playing in my head.  Why do you think that is doctor?"
5792,5794,0,2,36,38,1.0526315789473684,0.0367097806559429,667,"Yes,  I know I can always get what I want. Is that your best material?"
3483,5794,0,2,36,38,1.0526315789473684,0.0367097806559429,667,This couch is giving me an oral fixation.
5743,5794,0,2,36,38,1.0526315789473684,0.0367097806559429,667,"Yes, lip service costs more."
5689,5794,1,0,37,38,1.0526315789473684,0.0526315789473684,667,What time does the tongue come out?
4942,5794,0,2,36,38,1.0526315789473684,0.0367097806559429,667,"I love the sofa, cause my mother always said my lips were too small for my face!"
4903,5794,1,0,37,38,1.0526315789473684,0.0526315789473684,667,"So, tell me again about this death dream."
5822,5794,0,2,36,38,1.0526315789473684,0.0367097806559429,667,Your hypnosis to get me over the breakup still hasn’t worn off...
3468,5794,0,2,36,38,1.0526315789473684,0.0367097806559429,667,Wherever I go I'm the only man wearing a tie.
4620,5794,0,2,36,38,1.0526315789473684,0.0367097806559429,667,"Yes, I'm quite certain my nightmares about my wife becoming a black widow spider recur each night after I meet with you."
3341,5794,0,2,36,38,1.0526315789473684,0.0367097806559429,667,"I'm Rhett, and I was referring to Scarlett O'Hara."
3356,5794,0,2,36,38,1.0526315789473684,0.0367097806559429,667,"Thanks for trying to help me forget about her, but she used botox."
26,5794,0,2,36,38,1.0526315789473684,0.0367097806559429,667,"You know, Doc, it was a lush set of red lips that got me into this emotional state in the first place."
190,5794,0,2,36,38,1.0526315789473684,0.0367097806559429,667,"May I confide something, or are you part of the display?"
226,5794,0,2,36,38,1.0526315789473684,0.0367097806559429,667,Loose lips sink slips?
432,5794,0,2,36,38,1.0526315789473684,0.0367097806559429,667,"Dear doctor... I had the strangest dream about lying .. in state ... on this sexy sofa, mmm."
894,5794,0,2,36,38,1.0526315789473684,0.0367097806559429,667,"To be honest, I only wanted to salve my conscience"
1334,5794,0,2,36,38,1.0526315789473684,0.0367097806559429,667,How can you be knitting while I'm being kissed to death?
1404,5794,0,2,36,38,1.0526315789473684,0.0367097806559429,667,My teeth feel dirty.
1643,5794,0,2,36,38,1.0526315789473684,0.0367097806559429,667,The lips don
1324,5794,0,2,36,38,1.0526315789473684,0.0367097806559429,667,"How did you 
know I was lippy?"
1678,5794,0,2,36,38,1.0526315789473684,0.0367097806559429,667,"“Dr., maybe I have philematophobia ...”"
1856,5794,0,2,36,38,1.0526315789473684,0.0367097806559429,667,I get no kick from champagne...
2105,5794,0,2,36,38,1.0526315789473684,0.0367097806559429,667,No the couch does not remind me of my mother.
2276,5794,0,2,36,38,1.0526315789473684,0.0367097806559429,667,"I don’t know what happened, doc, I swear I was goin’ for the Cincinnati Steamer."
2499,5794,0,2,36,38,1.0526315789473684,0.0367097806559429,667,"Recently, I have made some poor upholstery color recommendations."
2531,5794,0,2,36,38,1.0526315789473684,0.0367097806559429,667,... and about how long have you been experiencing these overwhelming sexual fantasies?
2829,5794,0,2,36,38,1.0526315789473684,0.0367097806559429,667,I’ve been feeling rather eames-less until now.
2868,5794,0,2,36,38,1.0526315789473684,0.0367097806559429,667,I first went to my doctor and she said I was suffering from no one cares itis
1658,5794,0,2,36,38,1.0526315789473684,0.0367097806559429,667,This sofa is so my mother.
3193,5794,0,2,36,38,1.0526315789473684,0.0367097806559429,667,Note to self: Replace carbon monoxide sensor
3466,5849,0,2,37,39,1.0512820512820513,0.03578157512432619,667,You need a pen for this? Of course I keep dreaming all my teeth fell out!
3485,5849,0,2,37,39,1.0512820512820513,0.03578157512432619,667,"This is quite expensive, but the lip service makes it worth it."
3882,5849,0,2,37,39,1.0512820512820513,0.03578157512432619,667,I never thought it would come to this...
4463,5849,1,0,38,39,1.0512820512820513,0.05128205128205128,667,I see her everywhere.
4138,5849,0,2,37,39,1.0512820512820513,0.03578157512432619,667,Let's go for coffee.
4302,5849,0,2,37,39,1.0512820512820513,0.03578157512432619,667,The dream always starts with my mother giving me a big wet kiss as I left for school in the morning...
3408,5849,0,2,37,39,1.0512820512820513,0.03578157512432619,667,I don't pay for lip service.
3964,5849,0,2,37,39,1.0512820512820513,0.03578157512432619,667,Do you think that black-and-white thinking is spoiling my life?
3311,5849,0,2,37,39,1.0512820512820513,0.03578157512432619,667,Pardon me but I believe you dropped your initials
2547,5849,0,2,37,39,1.0512820512820513,0.03578157512432619,667,"At this moment, I feel love."
3171,5849,0,2,37,39,1.0512820512820513,0.03578157512432619,667,Morgana...666.
3085,5849,0,2,37,39,1.0512820512820513,0.03578157512432619,667,"Ya know, Doc…sometimes a Freudian slip is just a Viennese undergarment!"
2984,5849,0,2,37,39,1.0512820512820513,0.03578157512432619,667,Won't you take me to Funkytown?
2949,5849,0,2,37,39,1.0512820512820513,0.03578157512432619,667,I feel like a sweet transexual from Transylvania.
2826,5849,0,2,37,39,1.0512820512820513,0.03578157512432619,667,"Sometimes, it just feels like she wants to devour me."
2808,5849,0,2,37,39,1.0512820512820513,0.03578157512432619,667,Is that a Sonny Terry song you are writing?
2771,5849,0,2,37,39,1.0512820512820513,0.03578157512432619,667,"So basically, Dr. you are telling me to kiss my ass."
2575,5849,0,2,37,39,1.0512820512820513,0.03578157512432619,667,"You know, we are at the ""Pleasure Chest"", not my office!"
4480,5849,0,2,37,39,1.0512820512820513,0.03578157512432619,667,I thought a psychiatrist would be able to afford better than Home Goods.
3220,5849,0,2,37,39,1.0512820512820513,0.03578157512432619,667,I don't know about you but I feel like the fact that this is contest number 666 is a bad omen.
4519,5849,0,2,37,39,1.0512820512820513,0.03578157512432619,667,My life is not as colorful as I've always thought.
5387,5849,1,0,38,39,1.0512820512820513,0.05128205128205128,667,"You know, initially I had some reservations about going to therapy while inside a color symbolism heavy art house film"
4614,5849,0,2,37,39,1.0512820512820513,0.03578157512432619,667,I get that you are trying to compete with Red Table Talk ... but seriously Doc ...
6159,5849,0,2,37,39,1.0512820512820513,0.03578157512432619,667,"Thanks for coming to my house today. I just feel like I'm about to be eat'n alive"""
6114,5849,0,2,37,39,1.0512820512820513,0.03578157512432619,667,It's just your 19th nervous breakdown.
6059,5849,0,2,37,39,1.0512820512820513,0.03578157512432619,667,"The original Freudian slip.
Is my head laying on a clitoris?"
5974,5849,0,2,37,39,1.0512820512820513,0.03578157512432619,667,I just don’t think a ‘Casting Couch’ is very helpful since you’ve told me that I need to stop trying to ‘act’ strong all the time.
5784,5849,0,2,37,39,1.0512820512820513,0.03578157512432619,667,Don't give me that lip service Doc.
5735,5849,0,2,37,39,1.0512820512820513,0.03578157512432619,667,Some days I feel like her passionate embrace will simply consume me.
5666,5849,0,2,37,39,1.0512820512820513,0.03578157512432619,667,"Sorry doctor, but is it true what they say about psychiatrists ?"
5653,5849,0,2,37,39,1.0512820512820513,0.03578157512432619,667,Sometimes I feel I’m just paying lip service to the upper 1%
5561,5849,1,0,38,39,1.0512820512820513,0.05128205128205128,667,I think I may have recently acquired the Midas touch.  Everything I lie down on turns golden red.  But my favorite color is blue.
5473,5849,0,2,37,39,1.0512820512820513,0.03578157512432619,667,"Tell me,Doc,am I really a successful,important,brilliant,captain of industry or am I just lucky as hell?"
5436,5849,0,2,37,39,1.0512820512820513,0.03578157512432619,667,My obsession began the first time I heard The Rolling Stones.
5396,5849,0,2,37,39,1.0512820512820513,0.03578157512432619,667,I just feel like my life's one big joke.
2515,5849,0,2,37,39,1.0512820512820513,0.03578157512432619,667,Could I lie on the jungle red shade instead?
5377,5849,0,2,37,39,1.0512820512820513,0.03578157512432619,667,'Am I to presume arousal?
5284,5849,0,2,37,39,1.0512820512820513,0.03578157512432619,667,"you understand me right? I mean it's only a matter of time before your hairline looks just like mine... I mean my hair used to look just like yours! Now look at it! Trust me buddy, give it half a decade, give or take a year."
5218,5849,0,2,37,39,1.0512820512820513,0.03578157512432619,667,I killed 9 hookers.
4858,5849,0,2,37,39,1.0512820512820513,0.03578157512432619,667,Don't your patients feel consumed by your office?
4842,5849,0,2,37,39,1.0512820512820513,0.03578157512432619,667,"I am not usually the ”kiss and tell” kind of guy, but..."
4701,5849,0,2,37,39,1.0512820512820513,0.03578157512432619,667,The just gave me lip service.
4590,5849,0,2,37,39,1.0512820512820513,0.03578157512432619,667,"I know I’m special, yet I feel only average — at least when I’m talking with you."
2432,5849,0,2,37,39,1.0512820512820513,0.03578157512432619,667,Sometimes I feel like I am falling into a giant pair of lips.
5065,5849,0,2,37,39,1.0512820512820513,0.03578157512432619,667,"I have a therapy addiction, you’re the third mental health professional I have seen today."
2295,5849,0,2,37,39,1.0512820512820513,0.03578157512432619,667,I let her make the first move.
2409,5849,0,2,37,39,1.0512820512820513,0.03578157512432619,667,I can’t do this. It reminds me too much of her.
32,5849,0,2,37,39,1.0512820512820513,0.03578157512432619,667,"Then he called me Coo Coo McCool. And I was a long time Democrat office holder just ready to retire when he fired me."""
135,5849,0,2,37,39,1.0512820512820513,0.03578157512432619,667,This isn't quite what I had in mind when I asked for lip-service.
141,5849,0,2,37,39,1.0512820512820513,0.03578157512432619,667,Have all my problems filled that notebook of yours yet?
343,5849,0,2,37,39,1.0512820512820513,0.03578157512432619,667,I feel like my mother loved me too much.
557,5849,0,2,37,39,1.0512820512820513,0.03578157512432619,667,I have recurring dreams that I’m being swallowed up by the “me too”  generation
683,5849,0,2,37,39,1.0512820512820513,0.03578157512432619,667,No peeking until your unconscious hides.
734,5849,0,2,37,39,1.0512820512820513,0.03578157512432619,667,If only there was some way you could help me visualize my oral fixation problem
905,5849,0,2,37,39,1.0512820512820513,0.03578157512432619,667,"I'm in the lap of luxury, but I really just want to be in your lap."
930,5849,0,2,37,39,1.0512820512820513,0.03578157512432619,667,"Erotic content?  No, it's pretty much wax lips, Halloween, and a maniac behind every door."
1008,5849,0,2,37,39,1.0512820512820513,0.03578157512432619,667,Spielberg and Zaillian discuss their next project.
1048,5849,0,2,37,39,1.0512820512820513,0.03578157512432619,667,I miss the feeling of soft red lips pressed against me...
1059,5849,0,2,37,39,1.0512820512820513,0.03578157512432619,667,I felt less anxious with boring old couch.
1068,5849,0,2,37,39,1.0512820512820513,0.03578157512432619,667,"So, let's talk a little about your fear of red lips!"
1249,5849,1,0,38,39,1.0512820512820513,0.05128205128205128,667,"Politics used to be a lot simpler -- stains and birth certificates. Now we have think. The law, justice, what's right or wrong. It's all too much!!!"
423,5849,0,2,37,39,1.0512820512820513,0.03578157512432619,667,I asked for a blue sofa
1341,5849,1,0,38,39,1.0512820512820513,0.05128205128205128,667,What does it mean if I’m craving tongue?
1278,5849,0,2,37,39,1.0512820512820513,0.03578157512432619,667,"Since working with you, my dreams have been unusually sensuous."
2231,5849,0,2,37,39,1.0512820512820513,0.03578157512432619,667,"I like the couch Joe, but really, “Kiss and Tell Counseling”? How gauche!"
2167,5849,0,2,37,39,1.0512820512820513,0.03578157512432619,667,I was hoping for a therapist with a tad more gloss.
2166,5849,0,2,37,39,1.0512820512820513,0.03578157512432619,667,Hatred is not comedy. Get a clue people!
2091,5849,0,2,37,39,1.0512820512820513,0.03578157512432619,667,"Yes, my email is bradandjanet75@gmail.com."
2078,5849,1,0,38,39,1.0512820512820513,0.05128205128205128,667,"I need some rest, let us switch"
2133,5849,0,2,37,39,1.0512820512820513,0.03578157512432619,667,"Yes, I pay lip service to mammon, but underneath it all I want to rob the rich and give it to public tv."
1710,5849,0,2,37,39,1.0512820512820513,0.03578157512432619,667,I'm just a sweet transvestite.
1706,5849,0,2,37,39,1.0512820512820513,0.03578157512432619,667,What do I owe you for these sessions?
1384,5849,0,2,37,39,1.0512820512820513,0.03578157512432619,667,"You know doctor, this couch kinda reminds me of my mother."
1360,5849,1,0,38,39,1.0512820512820513,0.05128205128205128,667,What IS the symbology of these lips?
1346,5849,0,2,37,39,1.0512820512820513,0.03578157512432619,667,Knit one...pearl two...
1345,5849,0,2,37,39,1.0512820512820513,0.03578157512432619,667,My friends call her a man-eater but I don't see it.
1946,5849,0,2,37,39,1.0512820512820513,0.03578157512432619,667,It's no use doc- I see sex everywhere.
1967,5926,0,2,38,40,1.05,0.03489912202260563,667,You came to the right place for MY/your benefit!
3913,5926,0,2,38,40,1.05,0.03489912202260563,667,I can't seem to shake this feeling of wanting to be kissed.
2020,5926,0,2,38,40,1.05,0.03489912202260563,667,I love the Freudian slipcover on this cooch
2197,5926,0,2,38,40,1.05,0.03489912202260563,667,"Doc, what do you think it means that I keep having the same dream over and over that I am being devoured by a big red Venus Fly Trap?"
2400,5926,0,2,38,40,1.05,0.03489912202260563,667,"I keep seeing my mother, ready to go out for the evening, giving me a bright red lipsticked kiss goodnight"
2557,5926,0,2,38,40,1.05,0.03489912202260563,667,I feel that everything makes me think of a famous rock star
3870,5926,1,0,39,40,1.05,0.04999999999999999,667,"A Gin & Tonic, no lime please"
3904,5926,0,2,38,40,1.05,0.03489912202260563,667,I have an itch. Please scratch my back
4075,5926,0,2,38,40,1.05,0.03489912202260563,667,"Sorry, doc—I still don't feel like I got the moves likes Jagger."
5673,5926,1,0,39,40,1.05,0.04999999999999999,667,Happy Birthday Bob.  Cheers mon!!
4711,5926,0,2,38,40,1.05,0.03489912202260563,667,I'm tired of your lip
4982,5926,0,2,38,40,1.05,0.03489912202260563,667,Your in to Marilyn too? I'm just bonkers for her.
5578,5926,0,2,38,40,1.05,0.03489912202260563,667,"I am not a nostalgic person Doctor, I live and love in the present moment.  The phrase “  The good old days” has never passed my lips."
5587,5926,0,2,38,40,1.05,0.03489912202260563,667,Even with this emerson therapy I dont think I'll ever be a Carrie
5669,5926,1,0,39,40,1.05,0.04999999999999999,667,"Was that flatulence, Doctor?"
5700,5926,0,2,38,40,1.05,0.03489912202260563,667,"Well, I came in today because I have been very weirded out by all these weird therapists and their offices."
5746,5926,0,2,38,40,1.05,0.03489912202260563,667,Are you  sure it's ok for me to kiss and tell?
5779,5926,0,2,38,40,1.05,0.03489912202260563,667,Is this a Dali couch isn’t it; hey your fly is open .
6154,5926,1,0,39,40,1.05,0.04999999999999999,667,"Let me guess, she talks too much."
1931,5926,0,2,38,40,1.05,0.03489912202260563,667,"How's the coworking thing going, by the way?"
4318,5926,1,0,39,40,1.05,0.04999999999999999,667,These sessions are the most colorful part of my week.
1699,5926,0,2,38,40,1.05,0.03489912202260563,667,"Oh, you're related to THAT Dr. Frank-N-Furter"
2236,5926,0,2,38,40,1.05,0.03489912202260563,667,I feel consumed by her love.
1520,5926,0,2,38,40,1.05,0.03489912202260563,667,I'm obsessed with Schindler's List.
1275,5926,0,2,38,40,1.05,0.03489912202260563,667,Why do I suddenly feel more anxious than ever talking about my mother?
1150,5926,0,2,38,40,1.05,0.03489912202260563,667,I trust my remarks are being kept confidential.
1147,5926,0,2,38,40,1.05,0.03489912202260563,667,Being on a couch that looks like Mick Jaggar's lips isn't really helping me with my fear of commitment doctor.
963,5926,0,2,38,40,1.05,0.03489912202260563,667,Would you describe your insomnia as intermittent ?
915,5926,0,2,38,40,1.05,0.03489912202260563,667,From my lips to my ear.
743,5926,0,2,38,40,1.05,0.03489912202260563,667,Can I borrow your pen?
328,5926,0,2,38,40,1.05,0.03489912202260563,667,"Since I'm paying, what  do you say we talk about my problems today?"
70,5926,0,2,38,40,1.05,0.03489912202260563,667,We all must simply make up our minds to seek the light.
52,5926,0,2,38,40,1.05,0.03489912202260563,667,"Doc, all I seem to think about is Kylie Jenner."
1691,5926,0,2,38,40,1.05,0.03489912202260563,667,I'm curious why you would ask about my mother's lipstick?
2046,5960,0,2,39,41,1.048780487804878,0.034059122057973054,667,"Doctor, I keep having these nightmares that my wife is trying to swallow me."
2144,5960,0,2,39,41,1.048780487804878,0.034059122057973054,667,Silence for 130g; whaduthink Mr. C
3424,5960,0,2,39,41,1.048780487804878,0.034059122057973054,667,I knew I’d just get lip service from you!
3919,5960,0,2,39,41,1.048780487804878,0.034059122057973054,667,You know you want to join me here. Why do you keep fighting it?”
4343,5960,0,2,39,41,1.048780487804878,0.034059122057973054,667,Can y6ou confirm that my thoughts will be published?
5657,5960,0,2,39,41,1.048780487804878,0.034059122057973054,667,I just can't get her out of my mind!
4916,5960,0,2,39,41,1.048780487804878,0.034059122057973054,667,I'm hoping you can find something in my past to take the blame for my life choices now.
5044,5960,0,2,39,41,1.048780487804878,0.034059122057973054,667,Are you taking anything for your depression?
5623,5960,0,2,39,41,1.048780487804878,0.034059122057973054,667,"What do you think he meant, POSE?"
1671,5960,1,0,40,41,1.048780487804878,0.04878048780487807,667,Don’t you think you’re overdoing it with this couch from Freud Industries?
5767,5960,0,2,39,41,1.048780487804878,0.034059122057973054,667,I'll have steak medium-rare and a nice chianti.
4905,5960,0,2,39,41,1.048780487804878,0.034059122057973054,667,Are those Dockers?
1234,5960,0,2,39,41,1.048780487804878,0.034059122057973054,667,"She's a man eater, Doc."
4707,5960,0,2,39,41,1.048780487804878,0.034059122057973054,667,Contest 666... The Lips of Hell
684,5960,0,2,39,41,1.048780487804878,0.034059122057973054,667,"I told you that I don't just see things in black-and-white! Look, I'm sitting on a red sofa!"
6132,5960,0,2,39,41,1.048780487804878,0.034059122057973054,667,Having  sex with the other sex is just repulsive to me. I don't know why.
6072,5960,0,2,39,41,1.048780487804878,0.034059122057973054,667,What makes you think I have an Oedipal Complex?
988,5960,0,2,39,41,1.048780487804878,0.034059122057973054,667,Tell me... do you feel loved?
1022,5960,1,0,40,41,1.048780487804878,0.04878048780487807,667,"Ain't no particular sign I'm more compatible with
I just want your extra time and your..."
2192,5960,0,2,39,41,1.048780487804878,0.034059122057973054,667,So love means never having to say you are sorry??
3376,5980,0,2,40,42,1.0476190476190477,0.033258585512837065,667,"Actuaries say, patients on red sofas crackup more often."
3495,5980,0,2,40,42,1.0476190476190477,0.033258585512837065,667,You say it feels like you've been through a time warp?
3796,5980,0,2,40,42,1.0476190476190477,0.033258585512837065,667,I dreamt I was being eaten.
3949,5980,0,2,40,42,1.0476190476190477,0.033258585512837065,667,"Tell me more, about zis—‘vild SEXtional.’"
4076,5980,0,2,40,42,1.0476190476190477,0.033258585512837065,667,I'm having a hard time speaking with your mouth full.
4189,5980,0,2,40,42,1.0476190476190477,0.033258585512837065,667,Has this couch always been this well read?!
4521,5980,0,2,40,42,1.0476190476190477,0.033258585512837065,667,"Doctor, I've been coming to you for 8 years now> Why do I feel like you are kissing my ass?"
3338,5980,0,2,40,42,1.0476190476190477,0.033258585512837065,667,I have a lips fetish.
5137,5980,0,2,40,42,1.0476190476190477,0.033258585512837065,667,Are you sleeping or dead? I can't tell with my eyes closed.
5757,5980,0,2,40,42,1.0476190476190477,0.033258585512837065,667,"How am I?  Well, I haven't been feeling like myself lately, and to be quite honest, neither have I..."
5940,5980,0,2,40,42,1.0476190476190477,0.033258585512837065,667,Maybe I should take my own advice and change MY medication.
5999,5980,0,2,40,42,1.0476190476190477,0.033258585512837065,667,"Oh, by the way, don't share the note with anyone else."
6222,5980,0,2,40,42,1.0476190476190477,0.033258585512837065,667,Let’s scrap  the instructions and wing it.
4569,5980,0,2,40,42,1.0476190476190477,0.033258585512837065,667,"I fell outside the one percent mark, and I can't take being part of the riff raff."
4934,5980,0,2,40,42,1.0476190476190477,0.033258585512837065,667,Why do I always have the urge to give you a kiss?
2177,5980,0,2,40,42,1.0476190476190477,0.033258585512837065,667,I was referred to you by Dr. Love.
1998,5980,0,2,40,42,1.0476190476190477,0.033258585512837065,667,"Well, this therapy certainly does feel psycho!"
1639,5980,0,2,40,42,1.0476190476190477,0.033258585512837065,667,I had a dream like this.
1120,5980,0,2,40,42,1.0476190476190477,0.033258585512837065,667,"By the way, your couch is horrendous."
213,5980,1,0,41,42,1.0476190476190477,0.047619047619047616,667,I cant get herrings out of my mind.
57,5980,0,2,40,42,1.0476190476190477,0.033258585512837065,667,I spend my life paying lip service: is this the best you can do?
2122,5980,0,2,40,42,1.0476190476190477,0.033258585512837065,667,"I’m not so excited about Lacan, but that’s a Muji pen, isn’t it?"
2272,5980,0,2,40,42,1.0476190476190477,0.033258585512837065,667,"So you think I have oral issues, as well as a hidden love of makeup?"
722,5980,0,2,40,42,1.0476190476190477,0.033258585512837065,667,"Her cherry lips surprised me, an innocent young man...."
537,5980,0,2,40,42,1.0476190476190477,0.033258585512837065,667,"Now that I think about it, it was definitely love at first kiss."
896,6005,0,2,41,43,1.0465116279069768,0.03249479679096613,667,I have problems trusting therapists who say they like the furniture I buy them
821,6005,0,2,41,43,1.0465116279069768,0.03249479679096613,667,So what do you mean by associative therapy?
796,6005,0,2,41,43,1.0465116279069768,0.03249479679096613,667,"Since I saw you last, I have been having nightmares about Mick Ja"
6102,6005,0,2,41,43,1.0465116279069768,0.03249479679096613,667,And where do you think this new fear of being eaten alive has come from?
4582,6005,0,2,41,43,1.0465116279069768,0.03249479679096613,667,"You were at my wedding, Denise..."
4743,6005,1,0,42,43,1.0465116279069768,0.046511627906976744,667,"Patient to doctor : “I hardly ever ope my lips. Simonides, what think ye of my rule ?”
Reply: If you are a wise man I think you are a fool. If you are a fool, I think you are very wise.....!”"
2270,6005,0,2,41,43,1.0465116279069768,0.03249479679096613,667,I have this persistent dream that a huge pair of lips is about to swallow me up.
3597,6005,0,2,41,43,1.0465116279069768,0.03249479679096613,667,I can't brush off this sinking feeling I'm being swallowed.
769,6005,0,2,41,43,1.0465116279069768,0.03249479679096613,667,"Sorry George, I guess I’m OK with a “LIFE COACH”... not a “LOVE COUCH”..."
2302,6005,0,2,41,43,1.0465116279069768,0.03249479679096613,667,REALLY AND HONEST
1356,6015,0,2,43,45,1.0444444444444445,0.031067790907534747,667,I've told you already - I dwell on the past because it is so much nicer than the present
4320,6016,0,1,33,34,1.0294117647058822,0.029854071701326604,667,"So you consul the Jenner's, I think this will be our last appointment"
3049,6016,0,1,33,34,1.0294117647058822,0.029854071701326604,667,"And ever since, if I so much as think of a pair of oversized lips, straightaway I’m seized by the paranoid delusion that my hemorrhoids have begun to bleed."
3256,6016,0,1,33,34,1.0294117647058822,0.029854071701326604,667,I'm sorry for mouthing off but I can't get a lick of relaxation.
3289,6016,0,1,33,34,1.0294117647058822,0.029854071701326604,667,"You're not getting Randy anymore, Doc."
3600,6016,0,1,33,34,1.0294117647058822,0.029854071701326604,667,Why am I thinking you’re only giving lip service to my problem?
3740,6016,0,1,33,34,1.0294117647058822,0.029854071701326604,667,It’s like that trollop is eating me alive!
3941,6016,0,1,33,34,1.0294117647058822,0.029854071701326604,667,I can't help thinking you're just paying lip service to my problem?
4039,6016,0,1,33,34,1.0294117647058822,0.029854071701326604,667,"My only associations are  ""Loose lips sink ships"""
4275,6016,0,1,33,34,1.0294117647058822,0.029854071701326604,667,"Doc, I feel like my life’s a joke. Specifically, ‘What’s black and white and red all over?’"
4295,6016,0,1,33,34,1.0294117647058822,0.029854071701326604,667,"So which one was Jayne Mansfield, then?"
4454,6016,0,1,33,34,1.0294117647058822,0.029854071701326604,667,"Doc, ever since I've been coming here, I've had a recurring dream of being eaten."
4806,6016,0,1,33,34,1.0294117647058822,0.029854071701326604,667,"Remember that old black-and-white horror movie ""Attack of the 50 Foot Woman?""   She chases me every night in my dreams . . . but she's wearing bright red lipstick."
4937,6016,0,1,33,34,1.0294117647058822,0.029854071701326604,667,Do you smell perfume?
5025,6016,0,1,33,34,1.0294117647058822,0.029854071701326604,667,I left my credit card at the bar—name of J. Prufrock.
5135,6016,0,1,33,34,1.0294117647058822,0.029854071701326604,667,I hope this new lip service
5229,6016,0,1,33,34,1.0294117647058822,0.029854071701326604,667,You couldn't spell CAJ if I spotted you the C and the J.
5319,6016,0,1,33,34,1.0294117647058822,0.029854071701326604,667,I still don't feel the affection of others though.
5430,6016,0,1,33,34,1.0294117647058822,0.029854071701326604,667,"When I'm good, I'm very, very good. It's surreal!"
5474,6016,0,1,33,34,1.0294117647058822,0.029854071701326604,667,"There it is again, the strange sensation of a tongue licking down my back!"
5531,6016,0,1,33,34,1.0294117647058822,0.029854071701326604,667,Does this couch induce conversation  ?
5664,6016,0,1,33,34,1.0294117647058822,0.029854071701326604,667,I used to see everything in black and white; now all I feel is red.
5677,6016,0,1,33,34,1.0294117647058822,0.029854071701326604,667,"What am I thinking?  Loveseat Lips, Hugh Hefner, somebody has an identity crisis, likes Playboy, or lives for alliterations."
5728,6016,0,1,33,34,1.0294117647058822,0.029854071701326604,667,I hope you have a good supply of pencils and pads.
6225,6016,0,1,33,34,1.0294117647058822,0.029854071701326604,667,"On the plus side, since I started coming here I don't feel like I'm in everyone's lips anymore"
2844,6016,0,1,33,34,1.0294117647058822,0.029854071701326604,667,If feel like you're hinting that I'm paying lip service to your suggestions.
2623,6016,0,1,33,34,1.0294117647058822,0.029854071701326604,667,"You say you understand me, but I can't help feeling this is all just lip service."
3443,6016,0,1,33,34,1.0294117647058822,0.029854071701326604,667,I've been having some strange dreams about Mae West. They seemed to have popped out of nowhere.
2373,6016,0,1,33,34,1.0294117647058822,0.029854071701326604,667,"Look, I really appreciate you trying but we really don’t do the whole ‘red thing’ here."
45,6016,0,1,33,34,1.0294117647058822,0.029854071701326604,667,May I draw you like one of my french girls?
69,6016,0,1,33,34,1.0294117647058822,0.029854071701326604,667,So how is my therapy centered on this love seat and why is it critical that I pay for it ?
79,6016,0,1,33,34,1.0294117647058822,0.029854071701326604,667,"No, I've never read the giver."
199,6016,0,1,33,34,1.0294117647058822,0.029854071701326604,667,"They call it a “Talk Couch”. What ever is on your mind, just let it roll off your lips."
387,6016,0,1,33,34,1.0294117647058822,0.029854071701326604,667,"This couch makes me feel like I could be
swallowed if that's your intent."
694,6016,0,1,33,34,1.0294117647058822,0.029854071701326604,667,I obsess about voluptuous women eating me.
782,6016,0,1,33,34,1.0294117647058822,0.029854071701326604,667,"It’s the oddest thing, doc. Since my last visit, I keep having this dream I’m being swallowed whole by Mick Jagger."
2504,6016,0,1,33,34,1.0294117647058822,0.029854071701326604,667,Beauty of one's problem lies in its feeds to another's wallet.
1080,6016,0,1,33,34,1.0294117647058822,0.029854071701326604,667,She chewed me upl.  Must wil not spit me out
1265,6016,0,1,33,34,1.0294117647058822,0.029854071701326604,667,Why did you write that?  That’s not what I said!
1338,6016,0,1,33,34,1.0294117647058822,0.029854071701326604,667,I never considered I might taste like  aged beef.
1515,6016,0,1,33,34,1.0294117647058822,0.029854071701326604,667,I keep dreaming of cold sores.
798,6016,0,1,33,34,1.0294117647058822,0.029854071701326604,667,This sofa makes me want wax lips again.
2332,6016,0,1,33,34,1.0294117647058822,0.029854071701326604,667,"Why yes, I am a Freudian; how ever did you guess?"
1816,6016,0,1,33,34,1.0294117647058822,0.029854071701326604,667,Lying on this red-lipped shape couch Doc has as brought back all my abhorrent sex fantasies. Better get a full sized steno pad quick!
1831,6016,0,1,33,34,1.0294117647058822,0.029854071701326604,667,"Don't worry, Doc. I haven't touched liquor in years."
1970,6016,0,1,33,34,1.0294117647058822,0.029854071701326604,667,Normally I don't feel comfortable confiding in someone with loose lips.
2014,6016,0,1,33,34,1.0294117647058822,0.029854071701326604,667,kiss and tell
2146,6016,0,1,33,34,1.0294117647058822,0.029854071701326604,667,I don't know. I just can't stop thinking of her ruby red lips.
2215,6016,0,1,33,34,1.0294117647058822,0.029854071701326604,667,"Quit the stirring and don't give me any lip, Doc."
2277,6016,0,1,33,34,1.0294117647058822,0.029854071701326604,667,Am I boring you?
2296,6016,0,1,33,34,1.0294117647058822,0.029854071701326604,667,My mood couch is telling me you're not feeling cool as a cucumber.
2327,6016,0,1,33,34,1.0294117647058822,0.029854071701326604,667,"Tell me again about these ""colors"" you've been seeing."
1767,6016,0,1,33,34,1.0294117647058822,0.029854071701326604,667,"So, are you telling me that I don't think enough about sex?"
3933,6068,0,1,34,35,1.0285714285714285,0.028988551782622423,667,Every night after I come here I dream that some women are whispering terrible things about me.
3769,6068,0,1,34,35,1.0285714285714285,0.028988551782622423,667,Oral fixation? ...me?
3766,6068,0,1,34,35,1.0285714285714285,0.028988551782622423,667,I’m not here to pay for lip service.
3760,6068,0,1,34,35,1.0285714285714285,0.028988551782622423,667,What I have to say mustn't pass your lips.
3696,6068,0,1,34,35,1.0285714285714285,0.028988551782622423,667,I understand your couch was a gift from the manufacturer of botox.
2788,6068,0,1,34,35,1.0285714285714285,0.028988551782622423,667,"Call me paranoid but, somehow,  I feel this is all predetermined."
3400,6068,0,1,34,35,1.0285714285714285,0.028988551782622423,667,I had a dream that my mother was wearing shades of coral. I’m conflicted.
3188,6068,0,1,34,35,1.0285714285714285,0.028988551782622423,667,you think she was just paying me lip service????
2872,6068,0,1,34,35,1.0285714285714285,0.028988551782622423,667,"This sofa is really comfotable, what do you think of that?"
2540,6068,0,1,34,35,1.0285714285714285,0.028988551782622423,667,I feel trapped in the kiss of death.
4060,6068,0,1,34,35,1.0285714285714285,0.028988551782622423,667,"I know it's ridiculous, Doc, but it feels like someone's making a meal of me."
3494,6068,0,1,34,35,1.0285714285714285,0.028988551782622423,667,These sessions are not helping my oral fixations.”
4359,6068,0,1,34,35,1.0285714285714285,0.028988551782622423,667,How can I help it if I'm pouty?
5988,6068,0,1,34,35,1.0285714285714285,0.028988551782622423,667,"This might sound crazy Dr. Canoodle, but every since you redecorated your office, I've been getting a feeling of warmth, a sense of love, acceptance, a renewed need for closeness and caring, even stirrings of passion, a desire...""








canppodl"
4431,6068,0,1,34,35,1.0285714285714285,0.028988551782622423,667,Is this your passive way of asking me for more 'lip service' Doc?
4657,6068,0,1,34,35,1.0285714285714285,0.028988551782622423,667,This couch is exactly my mom's lipstick shade of red.
4830,6068,0,1,34,35,1.0285714285714285,0.028988551782622423,667,Do you do politics?
4840,6068,0,1,34,35,1.0285714285714285,0.028988551782622423,667,Can we use a different couch? This one reminds me of my mother for some reason.
4855,6068,0,1,34,35,1.0285714285714285,0.028988551782622423,667,I feel strangely aroused during my sessions.
4997,6068,0,1,34,35,1.0285714285714285,0.028988551782622423,667,My wife says I have an inferiority complex.
5193,6068,0,1,34,35,1.0285714285714285,0.028988551782622423,667,"It's a nice effort doc, but I still have a fear of being eaten by a giant."
5412,6068,0,1,34,35,1.0285714285714285,0.028988551782622423,667,"How I feel is uncomfortable, from sitting on this couch."
5634,6068,0,1,34,35,1.0285714285714285,0.028988551782622423,667,"What do you mean, I've got an oral fixation?"
5763,6068,0,1,34,35,1.0285714285714285,0.028988551782622423,667,Why do you think I have oral fixation issues?
2471,6068,0,1,34,35,1.0285714285714285,0.028988551782622423,667,The couch is to create a visual aid.
6188,6068,0,1,34,35,1.0285714285714285,0.028988551782622423,667,She thinks I don’t appreciate things of great value.
4396,6068,0,1,34,35,1.0285714285714285,0.028988551782622423,667,"I love the name Mylo. I want to name my kid Mylo, my dog Mylo. I want to marry a Mylo.. I also need to make a living, so I'm thinking about creating an app called MyLo - short for My Location. You mentioned you know Mark Zuckerberg?"
2370,6068,0,1,34,35,1.0285714285714285,0.028988551782622423,667,"Doctor, you look shocked."
475,6068,0,1,34,35,1.0285714285714285,0.028988551782622423,667,"Strange.  I dreamt last night of lipstick, and how long it's been."""
2346,6068,0,1,34,35,1.0285714285714285,0.028988551782622423,667,Ewww. Something keeps sticking its tongue my ear.
5,6068,0,1,34,35,1.0285714285714285,0.028988551782622423,667,"Doctor, I can’t stop thinking about her ruby  red lips, and I don’t know why."
43,6068,0,1,34,35,1.0285714285714285,0.028988551782622423,667,I'm trying to be sweeter.
193,6068,0,1,34,35,1.0285714285714285,0.028988551782622423,667,"To be honest, I don't believe a word out of you lips."
2357,6068,0,1,34,35,1.0285714285714285,0.028988551782622423,667,That’s The Big Lebowski sweater.
341,6068,0,1,34,35,1.0285714285714285,0.028988551782622423,667,I dunno. I feel like everyone's giving me lip.
358,6068,0,1,34,35,1.0285714285714285,0.028988551782622423,667,"So, in this dream, I'm being eaten"
365,6068,0,1,34,35,1.0285714285714285,0.028988551782622423,667,"...and then she said, ""why don't you find a window to jump out of""."
395,6068,0,1,34,35,1.0285714285714285,0.028988551782622423,667,Are you sure this couch is suitable given my orientation?
532,6068,0,1,34,35,1.0285714285714285,0.028988551782622423,667,"Well, I kissed  her and then told all my buddies."
609,6068,0,1,34,35,1.0285714285714285,0.028988551782622423,667,"Well, I feel awkward discussing my love life now."
852,6068,0,1,34,35,1.0285714285714285,0.028988551782622423,667,"You must get a lot of comments on this couch of yours. Where’d you get the idea from, Dr. Luna?”


Paul Bergman
New York, New Yor"
333,6068,0,1,34,35,1.0285714285714285,0.028988551782622423,667,Lip Service .....
1021,6068,0,1,34,35,1.0285714285714285,0.028988551782622423,667,I've grown accustomed to her face.
1542,6068,0,1,34,35,1.0285714285714285,0.028988551782622423,667,"This couch has the shape and color of my wife’s lips, Bill, does that have any meaning for our session?"
1554,6068,0,1,34,35,1.0285714285714285,0.028988551782622423,667,"Mr. Richards explained, ""I can't get no satisfaction"""
1584,6068,0,1,34,35,1.0285714285714285,0.028988551782622423,667,"In the nightmares, I'm falling for Mick Jagger."
1617,6068,0,1,34,35,1.0285714285714285,0.028988551782622423,667,I feel like I’m in a time warp.
1633,6068,0,1,34,35,1.0285714285714285,0.028988551782622423,667,"This wonderfully engulfed feeling of passion has me intrigued”.


Christine Constantine
Annapolis Md"
1659,6068,0,1,34,35,1.0285714285714285,0.028988551782622423,667,This couch reminds me of my mother.
1723,6068,0,1,34,35,1.0285714285714285,0.028988551782622423,667,"Maybe it’s you, Doc, who needs to examine his preoccupation with sex?"
2000,6068,0,1,34,35,1.0285714285714285,0.028988551782622423,667,I feel like these sessions aren't helping my oral fixation.
2212,6068,0,1,34,35,1.0285714285714285,0.028988551782622423,667,Don't worry . . . it won't swallow you . . .
2247,6068,0,1,34,35,1.0285714285714285,0.028988551782622423,667,Is it Oedipal if I keep feeling my mother's lips on mine.
959,6068,0,1,34,35,1.0285714285714285,0.028988551782622423,667,I hear you also got the Apple PRODUCT(RED) iPhone.
4399,6122,0,1,35,36,1.0277777777777777,0.028171808490950554,667,"Look, Doc, you’re projecting your oral fixation on me, and it’s really chappin’ my ass."
4048,6122,0,1,35,36,1.0277777777777777,0.028171808490950554,667,All of your therapy has been just lip service to my ego.
3702,6122,0,1,35,36,1.0277777777777777,0.028171808490950554,667,Are you just paying lip service?
3143,6122,0,1,35,36,1.0277777777777777,0.028171808490950554,667,"I feel that nobody understands me and are just giving me lip service."""
1792,6122,0,1,35,36,1.0277777777777777,0.028171808490950554,667,Sorry
1676,6122,0,1,35,36,1.0277777777777777,0.028171808490950554,667,"My wife says I'm manipulative and need to be here for at least an hour.  So, please don't forget to wake me in one hour."
941,6128,0,1,36,37,1.027027027027027,0.02739983121755955,667,"I am ""reddy"" to proceed and even brought my own colour coordinated couch.  Do you think I have a problem?"
1264,6128,0,1,36,37,1.027027027027027,0.02739983121755955,667,Have I mentioned I was a bull fighting bull in my previous life? Red is not a good color for me.
2648,6128,0,1,36,37,1.027027027027027,0.02739983121755955,667,Have you ever noticed that women are sexier wearing red lipstick?
4106,6128,0,1,36,37,1.027027027027027,0.02739983121755955,667,"“So, I’m obsessed with the Rolling Stones and anal retentive. Do you really think this couch is going to help?”"
5441,6128,0,1,36,37,1.027027027027027,0.02739983121755955,667,Just sort of thought I would have moved out of the oral stage by now.
5449,6128,0,1,36,37,1.027027027027027,0.02739983121755955,667,Are we bound to keep repeating the sins of our fathers?
5492,6128,0,1,36,37,1.027027027027027,0.02739983121755955,667,I let my lips do the talking.
6018,6128,0,1,36,37,1.027027027027027,0.02739983121755955,667,Can we compromise on yellow upholstery?
5506,6136,0,1,37,38,1.0263157894736843,0.02666903735313325,667,It’s chilly. Could you get me a blanket?
1332,6136,0,1,37,38,1.0263157894736843,0.02666903735313325,667,Do we have to kiss afterwards?
1995,6136,0,1,37,38,1.0263157894736843,0.02666903735313325,667,"It started out innocent, Doc. I liked the normie stuff. But then my buddy sent me some really dank, deep-fried memes — they changed me. It's gotten so bad, I can't even laugh unless I'm looking at a distorted image of Bugs Bunny saying the n-word."
1423,6139,0,1,39,40,1.025,0.025318484177091666,667,"and then she got mad at me cause i said she had ""crusty"" lips"
1340,6140,0,1,40,41,1.024390243902439,0.02469323991623974,667,I am a sphynx.
4403,6141,0,1,41,42,1.0238095238095237,0.024098134635593994,667,You are doing only lip service.
149,6142,0,0,31,31,1.0,0.032791291789197645,667,If you’re ordering lunch I’ll have a tongue sandwich.
4885,6142,0,0,35,35,1.0,0.028988551782622423,667,I have this recurring dream of being smooched by mother.
4814,6142,0,0,31,31,1.0,0.032791291789197645,667,I’ll thank you to stop fiddling; you’re ruining my concentration.
4671,6142,0,0,31,31,1.0,0.032791291789197645,667,I'm sorry - were you asking me or the sofa?
4670,6142,0,0,31,31,1.0,0.032791291789197645,667,"A couch, grouch and that statement says ouch"
4566,6142,0,0,35,35,1.0,0.028988551782622423,667,Can you read back to me the part about how luscious and glossy my childhood was.
4537,6142,0,0,32,32,1.0,0.031750031750047626,667,"It was the strangest dream.  I dreamed that I came into your office and instead of the usual couch,  there was a red couch, shaped like big voluptuous, red lips!"
4488,6142,0,0,31,31,1.0,0.032791291789197645,667,"Whenever I come here all I can think of is Lying Lips, Lying Lips."
4376,6142,0,0,31,31,1.0,0.032791291789197645,667,Why is it every time I come here I feel like putting on lipstick.
4891,6142,0,0,31,31,1.0,0.032791291789197645,667,You can tell me anything; my lips are sealed
4251,6142,0,0,35,35,1.0,0.028988551782622423,667,"You keep circling round to this ‘oral fixation,’ but I just don’t see it."
4046,6142,0,0,32,32,1.0,0.031750031750047626,667,"To be honest, I feel like your just paying me lip service."
4004,6142,0,0,34,34,1.0,0.029854071701326604,667,I can't seem to stop thinking about Jonah and the whale.
3637,6142,0,0,31,31,1.0,0.032791291789197645,667,Will those help my cold feet?
3630,6142,0,0,31,31,1.0,0.032791291789197645,667,I don’t like picking favourites. I hate it when my students kiss my butt.
3603,6142,0,0,33,33,1.0,0.030772872744833184,667,Is this hell?
3551,6142,0,0,31,31,1.0,0.032791291789197645,667,Blplplplplplplplph!
3541,6142,0,0,31,31,1.0,0.032791291789197645,667,I promise not to give you any lip service!
3353,6142,0,0,31,31,1.0,0.032791291789197645,667,"Ok, Pleasantville, I get that, but ..."
4248,6142,0,0,35,35,1.0,0.028988551782622423,667,So this is how you treat Philemaphobia?
3283,6142,0,0,34,34,1.0,0.029854071701326604,667,Why do we always talk about my mother?
4984,6142,0,0,34,34,1.0,0.029854071701326604,667,"I’ve heard of the red carpet treatment,
But a red couch?! ... Really!?"
5018,6142,0,0,31,31,1.0,0.032791291789197645,667,"Yes, uhhum...Now we can get to your dreams, but the clock is ticking"
6055,6142,0,0,33,33,1.0,0.030772872744833184,667,These Red State Town Halls are very stressful Do you think a Blue couch would be more relaxing?
6016,6142,0,0,34,34,1.0,0.029854071701326604,667,"In the dream, she asks me to come UP and see her sometime. But my Mother lives DOWN, in Florida."
5925,6142,0,0,32,32,1.0,0.031750031750047626,667,My lips are sealed. Your secrets are safe with me.
5897,6142,0,0,33,33,1.0,0.030772872744833184,667,I have this recurring dream that I'm the lead singer of the Flaming Lips.
5814,6142,0,0,34,34,1.0,0.029854071701326604,667,...and then she just left me on read.
5740,6142,0,0,33,33,1.0,0.030772872744833184,667,"Yes, my mother never loved me, but I'm also no longer happy with my futon."
5731,6142,0,0,32,32,1.0,0.031750031750047626,667,"You hate your job? Try being a psychologist. Now, finish writing that list of problems in silence so I can have a nap."
5722,6142,0,0,31,31,1.0,0.032791291789197645,667,"I heard you pay lip service to your patients, but I didn't know you take that literally."
5008,6142,0,0,31,31,1.0,0.032791291789197645,667,I'm obsessing over Schindler's List.
5663,6142,0,0,31,31,1.0,0.032791291789197645,667,"Doctor ,you should have told me that Misty moved to a new location before I  laid down."
5460,6142,0,0,35,35,1.0,0.028988551782622423,667,Did I say hips I meant to say lips?
5348,6142,0,0,34,34,1.0,0.029854071701326604,667,Is it weird that I want to kiss you?
5344,6142,0,0,31,31,1.0,0.032791291789197645,667,'So red that makes me bite my lips each time'
5240,6142,0,0,33,33,1.0,0.030772872744833184,667,"My wife wants the Jaguar in black, for some reason I want the red"
5119,6142,0,0,31,31,1.0,0.032791291789197645,667,"I need more sessions, doc. I can't get over that feeling that people are talking about me behind my back"
5086,6142,0,0,31,31,1.0,0.032791291789197645,667,"And then the beaver turned to me and said “Frankly my dear, I don’t give a damn.”"
5074,6142,0,0,34,34,1.0,0.029854071701326604,667,"So, why do think I keep having  the dream about being chased by giant lips?"
5020,6142,0,0,32,32,1.0,0.031750031750047626,667,"Whaddya think, Doc?  Mommy issues? Sex addict?"
5652,6142,0,0,32,32,1.0,0.031750031750047626,667,I can’t go one. I’m licked.
6081,6142,0,0,31,31,1.0,0.032791291789197645,667,I apologize in advance ... it won't be nearly as colorful this time.
2989,6142,0,0,32,32,1.0,0.031750031750047626,667,Suddenly I feel like I should be tingling with anticipation.
2880,6142,0,0,32,32,1.0,0.031750031750047626,667,5 cents
902,6142,0,0,32,32,1.0,0.031750031750047626,667,Did you say you were a Freudian?
893,6142,0,0,31,31,1.0,0.032791291789197645,667,"Oh, go eff yourself, Doctor. Thanks! I'm feeling better. See you next week!"
854,6142,0,0,36,36,1.0,0.028171808490950554,667,I'm sorry somebody took a whole bite of you.
853,6142,0,0,34,34,1.0,0.029854071701326604,667,This couch reminds me that time is melting away...
849,6142,0,0,31,31,1.0,0.032791291789197645,667,". . . and now, whenever I see a pair of red lips, I get depressed."
840,6142,0,0,32,32,1.0,0.031750031750047626,667,"My love life has been rather sordid, no lips to kiss but my own."
571,6142,0,0,33,33,1.0,0.030772872744833184,667,How does that make you feel?
568,6142,0,0,31,31,1.0,0.032791291789197645,667,I have a fear of being bitten by a couch.
972,6142,0,0,31,31,1.0,0.032791291789197645,667,"I think I’m in love with your new couch!”

Don Dechman 
Austin, Texas"
466,6142,0,0,32,32,1.0,0.031750031750047626,667,.  .  .  and a large Coke.
398,6142,0,0,31,31,1.0,0.032791291789197645,667,"I.
I crossed the glass ceiling — it’s the sofa now."
393,6142,0,0,32,32,1.0,0.031750031750047626,667,I keep seeing red lips wherever I go.
303,6142,0,0,31,31,1.0,0.032791291789197645,667,You said you were a couch potato?
288,6142,0,0,31,31,1.0,0.032791291789197645,667,"Tell me Mr. Mueller, when did you start feeling the weight of the country on your shoulders?"
262,6142,0,0,31,31,1.0,0.032791291789197645,667,Why is your practice called hot lips?
252,6142,0,0,31,31,1.0,0.032791291789197645,667,"Care to join me, dear?"
224,6142,0,0,31,31,1.0,0.032791291789197645,667,I just feel like my therapist really wants to kiss me
187,6142,0,0,31,31,1.0,0.032791291789197645,667,It's like winning this caption contest is fulfilling biblical prophecy! Did I mention I like your lips couch?
439,6142,0,0,31,31,1.0,0.032791291789197645,667,Forward your notes to my e mail .
2886,6142,0,0,34,34,1.0,0.029854071701326604,667,I'm being lipped out Doctor!
1000,6142,0,0,31,31,1.0,0.032791291789197645,667,Opening up about his problems was the ultimate kiss of death.
1129,6142,0,0,31,31,1.0,0.032791291789197645,667,The Devil made me do it.
2769,6142,0,0,36,36,1.0,0.028171808490950554,667,"You may be tasting me, but you’re not hearing me."
2725,6142,0,0,31,31,1.0,0.032791291789197645,667,Takes a licken and keeps on ticken...
2691,6142,0,0,32,32,1.0,0.031750031750047626,667,I can't seem to shake the feeling that I may be a lipstick lesbian.
2663,6142,0,0,33,33,1.0,0.030772872744833184,667,I had a nightmare of being swallowed by a giant woman wearing bright red lipstick
2578,6142,0,0,34,34,1.0,0.029854071701326604,667,So tell me Doc...… why don't I feel better surrounded by theses sweet lips
2461,6142,0,0,31,31,1.0,0.032791291789197645,667,Do you have a novelty telephone shaped like a couch?
2445,6142,0,0,31,31,1.0,0.032791291789197645,667,"Given my position, I feel like everywhere I go people are kissing by butt."
2422,6142,0,0,31,31,1.0,0.032791291789197645,667,You're saying Love--is a bitch?
1095,6142,0,0,35,35,1.0,0.028988551782622423,667,I could tell you that's normal but it'd be lip service.
2355,6142,0,0,31,31,1.0,0.032791291789197645,667,My daughter's you tube channel has more subscribers than mine now.
2155,6142,0,0,31,31,1.0,0.032791291789197645,667,I'm feeling smothered in our relationship.
2103,6142,0,0,33,33,1.0,0.030772872744833184,667,"Doctor, I don't think visualizing the couch as my mother's lips kissing me is going to make me feel her love."
1949,6142,0,0,31,31,1.0,0.032791291789197645,667,"My mother insisted on kissing me on my lips, Dr Oedipus."
1778,6142,0,0,33,33,1.0,0.030772872744833184,667,Say doc are these lips esthetically altered?
1654,6142,0,0,31,31,1.0,0.032791291789197645,667,Hot legs are you still in school?
1375,6142,0,0,31,31,1.0,0.032791291789197645,667,I have. Cnt showered in such a long time all my pet flies told mr i stink and left.
1240,6142,0,0,31,31,1.0,0.032791291789197645,667,I feel sucky.
1149,6142,0,0,31,31,1.0,0.032791291789197645,667,From my mouth to your ear.
2232,6142,0,0,31,31,1.0,0.032791291789197645,667,"So, you brought a shrink drink."
6204,6142,0,0,31,31,1.0,0.032791291789197645,667,Your couch's shade of lipstick doesn't match your chair's.
