target_id,rank,funny,somewhat_funny,unfunny,count,score,precision,contest,caption
7,1,2564,1892,1881,6337,2.1077797064857187,0.010434224185032178,669,"Yes, yes, I mythed you too."
4124,2,3617,4272,2777,10666,2.0787549221826365,0.007458418122029932,669,"Sorry Puff, but the magic is gone."
2817,3,3263,4133,2634,10030,2.0627118644067797,0.0076309547296250346,669,Give me a minute while I slip into something a little less flammable.
3285,4,2846,3248,2448,8542,2.0465933036759543,0.008503463512654661,669,I’m sorry. I’ve been burned too many times.
1719,5,3166,3265,2782,9213,2.0416802344513187,0.008360319603419847,669,"Well, if you must know, I'm in the middle of a one knight stand"""
3574,6,2864,3549,2668,9081,2.021583526043387,0.00818776191345584,669,I'll be honest with you. It's your breath.
4029,7,3044,3127,2920,9091,2.013639863601364,0.008494140825260392,669,"...look, I know that cough was an accident, but they were my parents.."
717,8,2275,2890,2675,7840,1.9489795918367347,0.008956062534727095,669,Well you don't look anything like your picture either!
1401,9,2114,2458,2486,7058,1.9472938509492774,0.009589600174679915,669,"No... I said slay the knight, not stay the night!"
3813,10,1895,2813,2364,7072,1.9336821266968325,0.009194977066278908,669,"Look, damsels say all sorts of things in distress."
3610,11,1950,2934,2950,7834,1.8723512892519785,0.00881881750038826,669,"I told you, Puff, the magic's gone."
2905,12,2028,2084,3088,7200,1.8527777777777779,0.009782189485024325,669,Honey! Your mother's here!
3320,13,1510,2548,2476,6534,1.852157943067034,0.0094885473036788,669,"Well, if it isn’t my old flame."
3113,14,1359,1927,2686,5972,1.7777963831212324,0.010255103839880614,669,"If Mother asks,you're a Jewish doctor under a spell."
1131,15,1076,1960,2283,5319,1.773077646174093,0.010443493321929084,669,"Oh sure. Now that Game of Thrones is over and you're out of work,
you come crawling back."
3617,16,775,1408,1765,3948,1.749240121580547,0.012127220352783607,669,"Ever since I kissed that frog, it just never ends"
332,17,1078,2207,2564,5849,1.7459394768336467,0.009769258161055203,669,"I'm sorry, but it's over between us, you've burned too many bridges."
40,18,949,2010,2358,5317,1.7350009403799136,0.010187692795513804,669,Oh good. You’re here. The pilot light just went out.
2798,19,1035,1636,2377,5048,1.7341521394611727,0.010950798397445371,669,Come around to the serpent's entrance.
3272,20,391,663,967,2021,1.714992577931717,0.017100682507023287,669,I suppose Tinder means something different to you.
2254,21,669,1411,1956,4036,1.6811199207135779,0.011661392971404751,669,"Ahh, just in time.  We're making Creme Brulee."
3051,22,580,1264,1723,3567,1.6795626576955425,0.012339383164937703,669,"It’s not a sneeze when you burn a village, Carl."
3632,23,581,1104,1660,3345,1.6774289985052317,0.01300881999686849,669,"When I said ""Toast the King!"" I meant something quite different."
1572,24,883,1280,2396,4559,1.6681289756525555,0.011559965355245134,669,I hope that's your tail?
3313,25,630,1310,1985,3925,1.6547770700636943,0.011807398970743743,669,"No, I do not want to frolic in the autumn mist."
1359,26,621,1531,2091,4243,1.6535470186189016,0.01106260025800746,669,"Sorry,I don't date guys who smoke."
2060,27,614,1093,1848,3555,1.6528832630098453,0.012687043816488603,669,"Just so you know, Dad has terrible gas.Try not to set him off."
1768,28,431,1251,1608,3290,1.6422492401215805,0.01222783650620317,669,You seem sweet but I've been burned by guys like you before.
1695,29,483,1245,1734,3462,1.6386481802426343,0.012136731195293939,669,She refuses to leave the castle until her eyebrows grow back.
1083,30,567,847,1689,3103,1.6384144376409926,0.013864665848249849,669,"No, I quite clearly said I was a drag queen."
1675,31,291,688,1020,1999,1.6353176588294147,0.016176496253165838,669,"No, the dragon lady is one moat over."
3907,32,377,1043,1409,2829,1.6352067868504772,0.013273379452863667,669,Looks like we both lied on our dating profile.
1694,33,437,892,1495,2824,1.6253541076487252,0.013878890571667772,669,"Sorry, Puff. The magic is gone."
3270,34,71,178,280,529,1.6049149338374291,0.031000484433783542,669,"No, thanks. I've been burned too many times before."
2017,35,280,424,923,1627,1.6047940995697603,0.018938788572508813,669,Just five more minutes; she wants to look asbestos she can.
63,36,344,987,1450,2781,1.6023013304566702,0.013234566984445422,669,"Hold on darling, Let me turn off the smoke detectors."
1069,37,213,764,1016,1993,1.597089814350226,0.015102090442215076,669,Wait here while I slip into something a little more flame retardant.
2369,38,431,578,1459,2468,1.5834683954619124,0.015494859582318082,669,"Eat Trump first, then we'll talk about a date!!!"
3008,39,80,149,306,535,1.577570093457944,0.03188956544385468,669,"Two puny pansies won’t get me to lift the spell, Gregory."
1378,40,229,626,1042,1897,1.5714285714285714,0.016015745846766977,669,I've found a new flame.
3736,41,318,598,1248,2164,1.5702402957486137,0.015785292019782408,669,"Is that a tail, or are you just happy to see me?"
4064,42,126,340,573,1039,1.5697786333012511,0.02167530242271754,669,Are you done fuming?
3314,43,325,552,1233,2110,1.5696682464454976,0.01619586152459954,669,The gate isn’t the only thing you’re not going to fit into
3473,44,177,475,843,1495,1.554515050167224,0.017995563319128865,669,Do you think you can control what comes out of your mouth this time?
3409,45,161,413,787,1361,1.5400440852314474,0.01888407384815257,669,Obviously you’re much hotter than I even imagined.
3408,46,185,289,755,1229,1.5362082994304311,0.021158366900596474,669,This is White Castle.  You want the White House.
2745,47,70,190,358,618,1.5339805825242718,0.027757415725878348,669,My old flame!
2963,48,123,379,671,1173,1.5328218243819267,0.019782119471528047,669,Hold on while I go change into something more flame resistant.
1245,49,122,296,604,1022,1.528375733855186,0.02186106901404981,669,"I only like you as a friend, weapon, and means of travel."
3015,50,105,347,606,1058,1.5264650283553876,0.020582513059406483,669,"Look I'm not going to tell you again, the restraining order says you have to stay in a land Far Far Away."
1103,51,163,250,686,1099,1.524112829845314,0.02230056062172729,669,Of course we're voting for you!  Anyone but Trump!
1889,52,117,287,593,997,1.5225677031093279,0.022048568402228092,669,Breathe a word and I'm toast.
1868,53,79,170,379,628,1.5222929936305734,0.02827004036102834,669,"Sorry, but the Princess only dates toads."
2951,54,133,230,601,964,1.5145228215767634,0.02336496959924806,669,Mom!  Someone from the Trump 2020 campaign is here!
174,55,91,268,529,888,1.5067567567567568,0.02264647427937634,669,"I loved your s’mores, but last night was dark, and I was drunk."
1134,56,89,217,479,785,1.5031847133757963,0.024659452226871124,669,You kiss one frog and all the weirdos come out.
4044,57,85,234,491,810,1.4987654320987653,0.023842162772101633,669,"I know your profile says,‘Together, we can set the world on fire,’ but this is not what I was expecting..."
1037,58,86,206,466,758,1.4986807387862797,0.025099832066407972,669,It's not that you're a dragon. I'm just gay.
2173,59,72,238,457,767,1.4980443285528031,0.02390529165339884,669,I have to be honest—it’s your breath.
1826,60,87,223,488,798,1.4974937343358397,0.02423325668381384,669,Who shows up naked on the 1st date?!
1964,61,55,152,320,527,1.4971537001897532,0.029531208964525806,669,On the internet you said you were a dragoon.
2510,62,91,230,510,831,1.4957882069795427,0.023770881698052533,669,Every time I say yes to a profile without a photo I get burned.
1148,63,82,219,472,773,1.4954721862871927,0.024466851659916196,669,"She said to tell you thanks for the proposal, but we’ve decided to go with solar."
3139,64,72,234,458,764,1.4947643979057592,0.023971757734684532,669,You burned that bridge a long time ago.
88,65,72,216,440,728,1.4945054945054945,0.02481768483050014,669,"If he found out, he'd slay both of us."
1662,66,72,224,450,746,1.4932975871313674,0.024384629559681646,669,"It's time you met my family. Mom and Dad will be fine, but watch out for my brother George. He thinks he's a saint."
3170,67,85,203,469,757,1.4927344782034346,0.02505332635100695,669,You are even hotter than you looked on Tinder!
639,68,83,197,458,738,1.491869918699187,0.0253835209500499,669,I only date frogs.
706,69,74,188,423,685,1.4905109489051094,0.02610058008558337,669,"It’s not you, it’s me...
Well maybe it is you."
3428,70,77,197,444,718,1.488857938718663,0.02544884480136665,669,She went with the frog.
3641,71,81,200,460,741,1.4885290148448043,0.02516142205518432,669,Oh! It's you again. I'm waiting for a frog.
2299,72,77,192,441,710,1.4873239436619718,0.025657523250700816,669,There's nothing worse than a woman scorched.
2713,73,71,203,434,708,1.4872881355932204,0.025240102468839246,669,Do you think a few flowers will make me forget about what you did to the drapes?
3731,74,72,183,417,672,1.4866071428571428,0.02629950007920669,669,"She’ll be down in a minute, Jeff. She’s just painting her scales."
3833,75,67,194,417,678,1.4837758112094395,0.025706469815734715,669,"Sorry, she eloped with the frog."
1106,76,59,207,407,673,1.4829123328380387,0.02514962177700359,669,"It's not you, it's me. Well, maybe it's the whole fire breathing thing too."
3831,77,68,192,420,680,1.4823529411764707,0.02573481453990598,669,"I thought you died in Season 7, so I got married."
1596,78,67,187,412,666,1.481981981981982,0.026038622332494685,669,Are you the emotional support animal my doctor sent over?
1911,78,49,223,394,666,1.481981981981982,0.024427966783252417,669,"OK, you can come in, but please try not to sneeze this time."
3873,80,73,165,411,649,1.4791987673343605,0.027060996142412926,669,It won’t work.....our couple name would be DragQueen
2722,81,63,173,390,626,1.4776357827476039,0.026855995146209063,669,I know. I know. But sweetie - the Middle Ages just aren't ready for a mixed marriage.
1803,82,51,164,349,564,1.4716312056737588,0.0276377954248739,669,Please clarify what you mean by “you want to have me for dinner”
4135,83,49,179,361,589,1.470288624787776,0.02658259287257363,669,"Yes, I did say I liked Dungeons and Dragons..."
175,84,62,143,366,571,1.4676007005253942,0.02859619523052988,669,I don't identify as a dragon any more.
433,85,56,154,359,569,1.4674868189806678,0.028014692084171205,669,"Thanks for the flowers, just don't blow me a kiss."
3346,86,40,178,334,552,1.4673913043478262,0.026736063221565808,669,"Forget it, I've been burned too many times."
2988,87,51,153,346,550,1.4636363636363636,0.02812061684622709,669,But you have such small hands!
528,88,49,156,343,548,1.4635036496350364,0.027955963451499404,669,Don’t breathe a word of this to anyone.
2773,89,52,146,343,541,1.4621072088724585,0.028570923294674925,669,Just an old flame calling.
2177,90,62,125,352,539,1.4619666048237476,0.02982629760413386,669,"Sorry, father says I cannot date a Reptublican whose every breath increases global warming"
2398,91,50,148,339,537,1.4618249534450651,0.028480236834267997,669,"It's not you. It's just that I've been burned before."""
2335,92,47,151,334,532,1.4605263157894737,0.028295373627098337,669,"This gives a whole new meaning to the term ""a hot date""."
977,93,44,155,329,528,1.4602272727272727,0.02806487458798605,669,When I say I want to feel fireworks when I kiss a guy I don't mean literally.
592,94,55,132,339,526,1.4600760456273765,0.029520986986740185,669,"Frankly, I was expecting a frog."
276,95,54,133,338,525,1.4590476190476191,0.02943608641793658,669,"Nice, but it doesn't change the fact that I said you needed to 'Meet my parents' and I clearly made the 'M' sound."
769,95,53,135,337,525,1.4590476190476191,0.029312336993120643,669,"No can do. Last time I let an animal in, it was filled with Greeks."
3585,97,54,126,332,512,1.45703125,0.02997360830400819,669,One quick thing: My dad doesn’t know you’re black.
3417,98,53,110,312,475,1.454736842105263,0.03152619770807721,669,That’s the last time I go on Cinder.
2732,99,43,145,320,508,1.454724409448819,0.028687304832385206,669,My dad will kill you if those are from his garden.
1953,100,42,142,314,498,1.4538152610441768,0.02895016423825707,669,"Well yes, my profile did say I enjoy adventure travel and barbecue."
2645,101,49,127,320,496,1.4536290322580645,0.029997655750561996,669,"You burned that bridge, buddy!"
1175,102,37,149,306,492,1.4532520325203253,0.028478781596570687,669,"I like you, really, but I just feel like I'm gonna get burned in the end."
3202,102,48,127,317,492,1.4532520325203253,0.030035165362664307,669,What happens if I say no?
3734,102,44,135,313,492,1.4532520325203253,0.02947871668823708,669,"And this is really important - if he asks, tell him you’ll convert."
335,105,31,76,198,305,1.4524590163934425,0.038517705404305505,669,Flowers won't bring back my unicorn.
2572,106,41,139,309,489,1.4519427402862985,0.029175123489385713,669,I suppose I did ask Merlin to conjure up a hot date.
2143,107,49,114,309,472,1.4491525423728813,0.031082441391217717,669,George! It's for you.
2515,108,46,119,306,471,1.4479830148619957,0.030687973952867643,669,I don’t want flowers; I want you to stop acting like a monster.
3368,109,49,111,307,467,1.4475374732334048,0.031319267964289674,669,You're sweet—but I could never date someone who smokes
710,110,46,116,303,465,1.4473118279569892,0.03097111484124185,669,"Sorry, I don't date old flames."
1213,111,37,130,291,458,1.445414847161572,0.02990109566325146,669,"Before I decide, any former flames I should know about?"
3353,111,40,124,294,458,1.445414847161572,0.03037666349813879,669,And whom may I say is calling?
1179,113,39,125,292,456,1.4451754385964912,0.03031145647288143,669,Hold on while I change into my best asbestos!
3891,114,39,124,291,454,1.4449339207048457,0.03040469836732173,669,A fortuitous entreaty; yes I WOULD like to set the night on fire!
2880,115,32,115,256,403,1.4441687344913152,0.03176765003962756,669,I can’t. My husband is already asking questions about the headboard being scorched.
1733,116,35,123,279,437,1.4416475972540046,0.030544675636842503,669,"Enchanted, I'm sure."
3369,117,52,92,300,444,1.4414414414414414,0.03294448197607887,669,I hope you brought some protection?
1435,118,52,144,366,562,1.4412811387900355,0.02773716324382932,669,Who shall I say is calling?
890,119,36,121,281,438,1.4406392694063928,0.030662399745292463,669,"Yes, I am the damsel in this dress."
2852,119,42,109,287,438,1.4406392694063928,0.031668228835492515,669,She’s still in the hospital from the last kiss you blew to her
1251,121,33,126,277,436,1.4403669724770642,0.030241178017004947,669,No thanks. I've been burned too many times.
2076,121,44,104,288,436,1.4403669724770642,0.032101805170489536,669,"Look, I already told you. I don't date smokers."
913,123,41,108,283,432,1.4398148148148149,0.031812697136044565,669,My father wants to know if you're Jewish.
2417,124,34,137,296,467,1.4389721627408993,0.02899925563097025,669,"Come back later, my parents are having the whole “lock her in a tower” conversation"
2972,125,35,118,276,429,1.4382284382284383,0.030926293040551417,669,"I want her back by ten, and alive."
573,126,43,100,282,425,1.4376470588235295,0.032522309175566214,669,I see you Jehovah Witnesses have upped your game.
2430,127,40,104,277,421,1.4370546318289785,0.03222176259533061,669,"Oh but Harold, this kind of thing wont be legal for centuries."
155,127,33,118,270,421,1.4370546318289785,0.030968781393731222,669,It's over. I'm dating a fireman.
123,127,36,112,273,421,1.4370546318289785,0.031511874492687886,669,The spark is there... It's the flame I fear.
3332,130,33,117,270,420,1.4357142857142857,0.03101351634205455,669,"With a lair full of gold and jewels, you thought to bring me FLOWERS?"
2414,131,39,100,270,409,1.43520782396088,0.032709019427506966,669,You're sweet but it will never work.  I'm Catholic and you're Reptilian.
1428,132,42,94,274,410,1.4341463414634146,0.03318987916986305,669,"No, I specifically asked for Puff the Magic Drag Queen."
3799,132,29,120,261,410,1.4341463414634146,0.030765566369926146,669,"Instead of terrorizing the countryside, I was thinking of Thai food and a movie."
1305,134,31,131,283,445,1.4337078651685393,0.029444221031526985,669,"I'm sorry, but you've burned too many bridges."
2533,135,41,95,273,409,1.4327628361858191,0.033061446111941874,669,"Sorry, but I've been burned too many times."
2889,135,30,117,262,409,1.4327628361858191,0.031003574679488156,669,Sorry -- she says she's been burned before.
241,135,35,107,267,409,1.4327628361858191,0.031955403515899775,669,"Sorry, I went back to my old flame."
2403,138,32,112,263,407,1.4324324324324325,0.0314933248483366,669,Big deal. Your heart burns for everything.
4093,139,32,115,267,414,1.432367149758454,0.031121692315230483,669,You look just like your tapestry.
4067,140,42,90,271,403,1.4317617866004964,0.033597717835823666,669,Daddy wants to know what kind of dragon has a name like Puff.
2532,141,39,95,267,401,1.43142144638404,0.033159112536928145,669,"Sorry, I no longer identify as a dragon."
2502,142,36,100,263,399,1.431077694235589,0.03270474139198701,669,"If my parents ask, just say you're an accountant."
106,143,40,91,266,397,1.4307304785894206,0.033586653660065205,669,"I'm sorry, but my father says that I am still too young to be in distress."
3357,144,31,93,236,360,1.4305555555555556,0.03409799458884012,669,"Ironically, there just wasn't a spark."
3718,145,39,92,265,396,1.4292929292929293,0.03345014075850584,669,the King is getting suspicious-  act menacing
1551,146,28,112,252,392,1.4285714285714286,0.031491284956911204,669,"Hold your fire, I'll get her."
893,147,32,102,254,388,1.4278350515463918,0.03253861446139059,669,That's a might big tail for such tiny hands.
2232,147,33,100,255,388,1.4278350515463918,0.03274264668807386,669,Try to be inconspicuous. My Dad thinks I'm dating an Italian.
1540,149,35,104,268,407,1.4275184275184276,0.03203817741262883,669,Newly engaged Princess Hilda was noticeably surprised by the appearance of an old flame.
1377,150,38,89,259,386,1.427461139896373,0.03386870391903259,669,"Sorry, your hands are too small."
359,151,40,81,258,379,1.424802110817942,0.0347107119331233,669,She left with Shrek
467,152,36,88,253,377,1.4244031830238726,0.03402387122050209,669,You don't want me. I enjoy one knight stands.
2706,152,33,94,250,377,1.4244031830238726,0.03339605317569574,669,The wooden horse was more convincing.
3668,152,31,98,248,377,1.4244031830238726,0.03297086700361834,669,"What part of ‘nay’
don’t you understand?"
1674,155,36,87,252,375,1.424,0.034152222937179386,669,Some dates drag on; some date dragons.
2392,156,37,96,268,401,1.4239401496259352,0.0327396377701273,669,Shhh! My parents think you're extinct.
3458,157,28,102,243,373,1.4235924932975872,0.03255664795006293,669,Just let me get rid of the frog and I’ll be right with you.
1104,157,24,110,239,373,1.4235924932975872,0.03165880858912698,669,"Sorry, she kissed the frog."
3828,157,32,94,247,373,1.4235924932975872,0.03343038274093932,669,You have a mountain of gold and you bring me flowers?
101,157,30,98,245,373,1.4235924932975872,0.03299640750104495,669,"It's not you, it's your breath."
194,157,36,86,251,373,1.4235924932975872,0.03428185605633176,669,You need to be ten feet beyond the moat if you’re going to smoke.
2674,162,31,95,245,371,1.4231805929919137,0.033337531875434874,669,"So you're the ""hot"" date I was promised?"
1903,163,33,90,247,370,1.4216216216216215,0.03382704327693297,669,My family name?...Saint-George...why do you ask?
398,164,29,97,242,368,1.421195652173913,0.03307157502603509,669,"I would invite you in, but last time things got a little heated!"
590,164,27,101,240,368,1.421195652173913,0.03262072547915006,669,"I don’t think this can work, I’m Episcopalian."
1283,164,35,85,248,368,1.421195652173913,0.03438867700933638,669,Madame said I am to put the flowers in water and ask if you would be so kind as to annihilate the bloodthirsty horde assembled at the main gate.
852,167,25,103,236,364,1.4203296703296704,0.03239797616085253,669,I’ll be right back. I need to grab some marshmallows.
4045,167,31,91,242,364,1.4203296703296704,0.03377050683593042,669,"Are you looking for Peter, Paul, or Mary..?"
547,169,29,94,239,362,1.419889502762431,0.033445010174328056,669,"You ate him, didn't you?"
4113,169,37,78,247,362,1.419889502762431,0.03522787699856173,669,"Okay, I lied about my age too, but at least I’m not prehistoric."
1841,171,31,89,240,360,1.4194444444444445,0.03402985027070615,669,Daddy wants to know if you're Catholic.
933,171,31,89,240,360,1.4194444444444445,0.03402985027070615,669,"I’ll be ready in a minute, let me just finish getting distressed"
747,171,30,91,239,360,1.4194444444444445,0.03380171037586281,669,Pssst....don't forget to mention  to my dad that you're  in med school.....it will make all the difference  in the world....
1489,174,27,96,235,358,1.4189944134078212,0.0332327368790124,669,"I'm almost ready—just let me grab my extinguisher."""
259,175,40,75,255,370,1.4189189189189189,0.03529366059703342,669,"You're too late.  She died, the other one flew off and the series ended weeks ago."
3432,176,35,79,243,357,1.4173669467787116,0.03512618544874221,669,"If I kiss you again, will you turn back into a frog?"
3547,176,28,93,236,357,1.4173669467787116,0.03352152266917509,669,"Uh, just tell her it’s an old flame."
698,178,26,96,233,355,1.4169014084507043,0.03317363569808509,669,"George is out on a crusade, so you can come up for coffee."
2010,178,35,78,242,355,1.4169014084507043,0.03526644836718369,669,"Wow, you really are a hot date!"
461,180,34,78,239,351,1.415954415954416,0.03532172676310596,669,"No sorry, Trump Towers is just down the road a bit."
2349,181,31,82,234,347,1.414985590778098,0.03490063938537092,669,"A fire-breather, eh? Just wait until you meet my mother."
672,181,32,80,235,347,1.414985590778098,0.035138478759189844,669,Just don't tell anyone I used Match.com
885,181,35,74,238,347,1.414985590778098,0.03584252878239805,669,"I'm sorry, she went out for the knight."
2561,184,24,95,226,345,1.4144927536231884,0.0333157439560917,669,I don't know ... I've been burned before.
3316,184,25,93,227,345,1.4144927536231884,0.03356770523054251,669,"I'm so sorry, no.   I thought your online profile said Dr. Agon!"
1635,184,29,85,231,345,1.4144927536231884,0.0345571843591389,669,You expecting to stay for the knight?
3739,187,30,81,230,341,1.4134897360703813,0.03508263578424155,669,Sorry she ran off with an old flame.
2516,188,29,92,243,364,1.4120879120879122,0.03326213294405321,669,"Door -to-door cremations?  Wait right there, let me check."
49,189,22,87,209,318,1.4119496855345912,0.03465066411555592,669,"Yes, I'll blow you a kiss—please don't blow one back."
1490,190,24,91,223,338,1.4112426035502958,0.03376186279680633,669,"No, we ordered snapdragons."
2315,191,25,88,223,336,1.4107142857142858,0.03415668833933536,669,I can't go until you give my dad your flight plan.
3382,192,25,87,222,334,1.410179640718563,0.03429394670146919,669,"Sorry, I’ve been burned too many times before."
1590,193,30,76,226,332,1.4096385542168675,0.03572967069005929,669,"Sorry, but I've been burned before."
951,194,25,85,220,330,1.4090909090909092,0.0345729785689398,669,You fibbed about your career and I fibbed about my species. Big deal. Let me get my purse.
2486,194,28,79,223,330,1.4090909090909092,0.03536318328685202,669,Well you don’t look anything like you picture on Match.com either.
2989,194,31,73,226,330,1.4090909090909092,0.03613611237018461,669,You must be here to see my mother-in-law.
2815,197,31,77,232,340,1.4088235294117648,0.03536742632424661,669,Can you come back in an hour? Game of Thrones is on.
377,198,22,90,216,328,1.4085365853658536,0.03389950904206728,669,It just seems like the fire is gone in our relationship.
3824,199,27,73,211,311,1.4083601286173633,0.03659876493982802,669,Killing my parents is kind of a deal breaker.
2250,200,26,82,221,329,1.4072948328267476,0.034897955039395155,669,I actually thought you’d be taller.
3006,201,26,79,218,323,1.4055727554179567,0.03533663344482776,669,And whom shall I tell St. George is calling?
1918,201,31,69,223,323,1.4055727554179567,0.036671868814538315,669,Nope. Not kissing that.
3791,201,24,83,216,323,1.4055727554179567,0.03478819258828323,669,"Yes, I’m pretty sure they won’t even notice
your nose-ring."
1795,204,27,76,218,321,1.4049844236760125,0.03575945413983383,669,Your late fiance asked me to bring you these.
4014,205,21,87,211,319,1.4043887147335423,0.03422639774084263,669,You had me at “kisses like fire.”
282,205,21,87,211,319,1.4043887147335423,0.03422639774084263,669,"Sorry, it's your breath."
777,205,27,75,217,319,1.4043887147335423,0.035912957271491325,669,you're all the same.. you think flowers will fix everything!
874,205,25,79,215,319,1.4043887147335423,0.03535971013400365,669,You seem like a nice guy but I’ve been burned too may times.
3312,205,26,77,216,319,1.4043887147335423,0.0356374073183272,669,I’m engaged to Puff.
2255,210,27,74,216,317,1.4037854889589905,0.03606822697191848,669,"You can come in, but Daddy says you can’t smoke inside."
2591,211,35,57,223,315,1.403174603174603,0.038393166554259915,669,She's tired of you blowing smoke up her ass.
1015,211,23,81,211,315,1.403174603174603,0.035091172813558856,669,"Well, at least you're not a snake like my last boyfriend"
568,211,27,73,215,315,1.403174603174603,0.03622529529175825,669,You have to leave. If my husband finds out about us he'll slay you
58,211,18,91,206,315,1.403174603174603,0.03361976200839344,669,You must promise to use your indoor voice.
3115,211,25,77,213,315,1.403174603174603,0.035662742662379,669,You're wearing that?
28,211,26,75,214,315,1.403174603174603,0.03594511951001241,669,"When you say, ""let's eat Chinese,"" do you mean the people or their cuisine?"
1900,217,22,82,209,313,1.402555910543131,0.034948667911507955,669,"Burning the village isn't what I meant by ""romantic gesture."""
3138,218,30,65,216,311,1.4019292604501608,0.03738673971672158,669,The guy I ate wanted you to have these.
1299,219,25,74,210,309,1.401294498381877,0.03613060371694766,669,"I'm sorry, but we're Creationists."
4033,219,24,76,209,309,1.401294498381877,0.03583860963862481,669,Are you my Uber?
1447,221,25,76,213,314,1.4012738853503184,0.03572565070721081,669,Flowers won't cut it. We're over. I can smell another damsel on your breath.
654,222,26,71,210,307,1.4006514657980456,0.03658238871636678,669,"Sorry, wrong castle."
2421,223,25,75,212,312,1.4006410256410255,0.035880482404655786,669,You burned my castle and ate all my live-stock! Now you think you can just show up here with some flowers and everything will be o.k.?
730,224,25,72,208,305,1.4,0.03645177177077468,669,Your profile picture was a little misleading.
6,225,27,67,209,303,1.3993399339933994,0.03720737362359747,669,Did anyone see you?
149,225,31,59,213,303,1.3993399339933994,0.038364236120443436,669,I'm pregnant.
1095,227,31,58,213,302,1.3973509933774835,0.03843971829336467,669,I can't keep letting this relationship dragon...
1521,227,22,76,204,302,1.3973509933774835,0.03577144807340778,669,You had me at inferno.
2838,227,26,68,208,302,1.3973509933774835,0.03698112169477749,669,"Sure, just kiss you and the the curse is lifted-you think life is one big fairy tale!"
3111,230,24,71,205,300,1.3966666666666667,0.03654484678898209,669,"I said ""Meet my parents"", not ""Eat my parents""!"
2589,231,15,88,195,298,1.395973154362416,0.033827128172891414,669,I don’t believe in fairytale romances
2726,232,30,92,262,384,1.3958333333333333,0.03213057991915799,669,"It's not you, Steve, it's your breath."
2156,233,20,77,199,296,1.3952702702702702,0.035614071626010685,669,"Come on, Baby, light my fire . . . ."
182,233,23,71,202,296,1.3952702702702702,0.0365660344904914,669,"I'm sorry, but I've met a frog and want to see where things go with him."
294,233,24,69,203,296,1.3952702702702702,0.03687789498537305,669,I told you already--it only works on frogs.
2945,236,26,64,204,294,1.3945578231292517,0.03766896839104192,669,I'm running late - hold your fire.
2807,236,20,76,198,294,1.3945578231292517,0.03577214434361119,669,"You stay out all night flying around, breathing fire with your dragon buddies and bring a few lousy flowers to make up for it?"
1160,236,19,78,197,294,1.3945578231292517,0.035446139886066964,669,Dad says I can't go out with you.  We have no fire insurance.
1664,236,21,74,199,294,1.3945578231292517,0.03609520451608054,669,"I told you it's over. You burned me once, but never again."
2033,236,30,56,208,294,1.3945578231292517,0.038882143615230666,669,Good Morning Mam!  I'm from the Church of Serpentology and I'd like to share a message with you about the joys of bestial transformation.
3555,241,20,84,211,315,1.3936507936507936,0.03412574971962987,669,Please make all deliveries at the serpents' entrance.
3071,241,21,82,212,315,1.3936507936507936,0.03442073788158565,669,"Just hold your fire, she'll be down in 3 minutes."
2708,243,21,72,197,290,1.393103448275862,0.03642315290105908,669,May I tell the princess who's calling?
405,243,22,70,198,290,1.393103448275862,0.03674927983007956,669,"Sorry, I thought I was clear. I don't date guys who smoke."
1779,243,18,78,194,290,1.393103448275862,0.03542676339897899,669,I just don’t think ‘I apologize if I’ve incinerated anyone’ sounds like you’re taking full responsibility.
2192,246,23,67,198,288,1.3923611111111112,0.03724558724749963,669,I know you’d like to apologize but Mom and Dad are still covered in gauze.
3426,246,18,77,193,288,1.3923611111111112,0.03558441255269556,669,"Well, I did make a wish for someone who would set my heart aflame."
1227,248,20,76,200,296,1.3918918918918919,0.03557983489526487,669,I'm sorry.  It's your breath.
1279,249,13,86,187,286,1.3916083916083917,0.03398453467358719,669,Sorry. You've burned too many bridges.
318,250,22,66,194,282,1.3900709219858156,0.03744243347064711,669,"If my husband catches you here, he' s gonna slay you."
2662,250,21,68,193,282,1.3900709219858156,0.03710386345576684,669,"You'll have to frolic in the autumn mist somewhere else."""
1503,250,22,66,194,282,1.3900709219858156,0.03744243347064711,669,That better be your tail or you're not getting in here.
1452,250,24,62,196,282,1.3900709219858156,0.03811055111019946,669,Fried eggs on sticks!?!? You shouldn't have!
1351,250,22,66,194,282,1.3900709219858156,0.03744243347064711,669,"Well, you don't look like your profile picture either."
1780,255,17,75,188,280,1.3892857142857142,0.035879673380482896,669,"Sorry, but my dad says that we are from different nursery rhymes.."
1203,255,24,61,195,280,1.3892857142857142,0.038295723409072495,669,Could you be a dear? The toaster is broken.
1317,257,19,77,200,296,1.3885135135135136,0.03522081153403755,669,No! The princess is not going out with you again until her eyebrows grow back.
168,258,23,60,190,273,1.3882783882783882,0.0386355734610421,669,"It’s over, Bruce.  No use in having this drag on."
669,259,25,66,208,299,1.3879598662207357,0.03685046368035721,669,Snapdragons?  How obvious.
515,260,27,55,199,281,1.387900355871886,0.03917016395037027,669,It was just a fortnight stand.
3371,260,25,59,197,281,1.387900355871886,0.038515748766244425,669,"It's legal, Puff, Jackie doesn't need you anymore."""
811,262,20,67,189,276,1.3876811594202898,0.03728572791944118,669,"Oh, what a surprise! I didn’t think you were flying in until tomorrow.”"
73,263,20,68,191,279,1.3870967741935485,0.03700194614897987,669,I'm sorry - I clearly specified 'non-smoker'.
1873,264,28,83,249,360,1.386111111111111,0.0330688854989497,669,You don't look anything like your profile.
981,265,22,62,191,275,1.3854545454545455,0.03805870124298554,669,"Aw—you seem sweet, but I'm more of a cat person."
2666,266,18,69,186,273,1.3846153846153846,0.03681005109704675,669,Sorry. She won't date endangered species.
557,266,20,65,188,273,1.3846153846153846,0.0375346181903282,669,I just can't see us razing a household.
2402,266,18,69,186,273,1.3846153846153846,0.03681005109704675,669,An extra flower won't bring my village back.
2966,266,21,63,189,273,1.3846153846153846,0.03789170639014531,669,"Sorry Dragon, size matters!"
2847,266,20,65,188,273,1.3846153846153846,0.0375346181903282,669,"We""re going to need a bigger moat."
1410,271,12,80,179,271,1.3837638376383763,0.0346971041682208,669,Everyone lies on their profile.
799,271,15,74,182,271,1.3837638376383763,0.03585930643038938,669,"I'm sorry, but I don't want you to burn me again."
858,271,21,62,188,271,1.3837638376383763,0.03807744079747174,669,I think my husband is suspicious.  He wants to know why my chastity belt keeps melting.
3125,274,17,68,182,267,1.3820224719101124,0.03696280017973757,669,The dating app said you were taller.
1916,274,17,68,182,267,1.3820224719101124,0.03696280017973757,669,Psst....I'll meet you tonight at Honahlee
196,274,17,68,182,267,1.3820224719101124,0.03696280017973757,669,You just have to accept that you're my ex-flame.
2794,277,23,55,187,265,1.381132075471698,0.03938232001120319,669,Well you don’t look anything like your Tinder photo either!
1593,278,18,64,181,263,1.3802281368821292,0.03770804023051462,669,Come back as a frog and I'll consider it.
3218,278,17,66,180,263,1.3802281368821292,0.037321190353593395,669,You looked greener on line
2878,280,19,79,210,308,1.37987012987013,0.034193616071754585,669,"Nessie? Why, she's toweling off as we speak. Just a moment."
10,281,20,59,182,261,1.3793103448275863,0.038664767907827656,669,Hot date tonight?
2676,281,19,61,181,261,1.3793103448275863,0.038281742829978795,669,Your profile pic was a lot hotter.
2406,281,16,67,178,261,1.3793103448275863,0.037108954502976674,669,"If he catches us, my boyfriend will slay you."
2151,281,20,59,182,261,1.3793103448275863,0.038664767907827656,669,It was fun while it lasted but the flame went out.
3872,281,18,63,180,261,1.3793103448275863,0.037894846494412486,669,Are we flying or driving?
1714,281,21,57,183,261,1.3793103448275863,0.039044035660158474,669,Please tell little Jackie Paper that Puff is here.
122,281,25,49,187,261,1.3793103448275863,0.04052562761628638,669,You burn down the entire kingdom and all you bring are a couple of flowers??...
100,281,24,51,186,261,1.3793103448275863,0.040160354211938504,669,We just planted those!
3026,281,20,59,182,261,1.3793103448275863,0.038664767907827656,669,The story always ends badly for the dragon. Are you sure you're up for this?
3343,281,18,63,180,261,1.3793103448275863,0.037894846494412486,669,I suppose you think this makes up for the last knight?
68,281,28,43,190,261,1.3793103448275863,0.04160220935828473,669,"Oh ... Daenerys of the House Targaryen, First of Her Name, the Unburnt, Queen of the Andals, yada, yada, yada, ... your Tinder date's here."""
1762,292,22,54,183,259,1.3783783783783783,0.03962480778024426,669,"is that your tail, or are you just happy to see me?"
337,292,23,52,184,259,1.3783783783783783,0.040000695670321884,669,You don't look anything like your profile picture.
3137,292,20,58,181,259,1.3783783783783783,0.03886212637831983,669,"No, this is not Honah Lee and there's no one named Jackie Paper here."
3674,292,23,52,184,259,1.3783783783783783,0.040000695670321884,669,My husband's home...pretend you're here to devour him.
397,296,19,61,182,262,1.3778625954198473,0.03816282028208329,669,"Wait!  You thought I was a unicorn?"""
3851,297,16,65,176,257,1.377431906614786,0.037473463588051016,669,This is your idea of discreet?
1422,297,13,71,173,257,1.377431906614786,0.036236224627167093,669,Did you bring protection?
2352,297,19,59,179,257,1.377431906614786,0.03867113873859238,669,You've burnt enough bridges
1541,297,18,61,178,257,1.377431906614786,0.038276077890173586,669,"Geez, Dino, not snap dragons again."
1217,301,17,62,176,255,1.3764705882352941,0.038067171141938076,669,"My goodness, I thought you were still living by the ""Sea."""
2107,301,10,76,169,255,1.3764705882352941,0.035113531107578116,669,"Maybe she is, maybe she isn't. Who's calling?"
3250,301,19,58,178,255,1.3764705882352941,0.038869866284934315,669,I love you too but he'll slay you if he catches us!
279,301,19,58,178,255,1.3764705882352941,0.038869866284934315,669,Are you truly sorry—or just blowing smoke again?
1219,301,11,74,170,255,1.3764705882352941,0.03555050716898974,669,So you're her latest flame
121,306,14,67,172,253,1.3754940711462451,0.03700976975473155,669,I've got to warn you--my husband asked me about the singe marks.
287,306,19,57,177,253,1.3754940711462451,0.039071358310573005,669,"Please accept my condolences. If it helps, your husband was quite tasty."
474,306,18,59,176,253,1.3754940711462451,0.03866783474214963,669,"I'm sorry. It's not you, it's your breath."
707,306,19,57,177,253,1.3754940711462451,0.039071358310573005,669,Come back in the winter.
3915,306,19,57,177,253,1.3754940711462451,0.039071358310573005,669,Dragons are so 1209.
1187,306,16,63,174,253,1.3754940711462451,0.03784788303818614,669,"I've told you, not until you stop smoking."
3318,306,13,69,171,253,1.3754940711462451,0.036583513509656974,669,The flowers are sweet; but honestly? It's your breath.
3287,306,15,65,173,253,1.3754940711462451,0.03743117222162873,669,Just a heads up that my father might try and slay you
2863,314,12,74,175,261,1.3754789272030652,0.03543404085914724,669,I don’t date smokers.
1057,315,22,50,179,251,1.3745019920318724,0.04047463673842711,669,"Yes Puff, Jackie Paper and I are a couple!"
1524,315,16,62,173,251,1.3745019920318724,0.03803894266862155,669,I promise. I’ll change! Just kiss me!
1872,315,17,60,174,251,1.3745019920318724,0.038455606474307964,669,"Okay, but if you blowtorch another waiter we’re going home."
1915,315,19,56,176,251,1.3745019920318724,0.03927567554132144,669,Shhh. Mom and Dad don't know yet.
2172,315,22,50,179,251,1.3745019920318724,0.04047463673842711,669,"Sorry, George can’t come out to slay today!"
968,320,18,59,177,254,1.374015748031496,0.03854365892288958,669,I'll be ready in five. I can't seem to get into distress.
1865,320,17,61,176,254,1.374015748031496,0.03813779033025632,669,Flowers?  Is that ALL?  Did you forget you burned off my hair so I have to wear this stupid hat?
3701,322,22,58,193,273,1.3736263736263736,0.03811755557643452,669,This has got to stop! George is getting suspicious.
2529,322,17,68,188,273,1.3736263736263736,0.036308109160437745,669,"Well, you don’t look much like your picture either."
3336,324,17,59,173,249,1.3734939759036144,0.038653882384728465,669,"Sorry, but I've been burnt dating guys like you."""
2395,325,18,59,178,255,1.3725490196078431,0.03842021686198174,669,"When your profile said you spit fire, I thought it meant you were a really good rapper"
711,326,17,58,172,247,1.3724696356275303,0.03885494328897319,669,"Look, you seem nice and all, but to be honest, you don't look anything like your profile picture."
2291,326,17,58,172,247,1.3724696356275303,0.03885494328897319,669,I guess we both had too much to drink.  I thought I was kissing a frog.
4054,326,15,62,170,247,1.3724696356275303,0.0379983683882476,669,"My profile does say ""Size doesn't matter,"" but really?"
3790,329,15,61,169,245,1.3714285714285714,0.03819269345554321,669,I'll tell her no need to blow dry.
681,330,15,58,166,239,1.3682008368200838,0.03879227123152104,669,I love you too...but my parents just don't understand.
1811,330,20,48,171,239,1.3682008368200838,0.040995644230680806,669,"Cave full of gold, and you just bring me flowers?"
2806,330,18,52,169,239,1.3682008368200838,0.04012881546287019,669,Thanks but I'm into girl dragons.
3743,330,15,58,166,239,1.3682008368200838,0.03879227123152104,669,You have a cave full of gold and your giving me daisies?
1988,334,23,50,188,261,1.367816091954023,0.03965100761071342,669,Was that an old photo you used on Tinder?
1243,335,16,55,166,237,1.3670886075949367,0.03945366617491154,669,So do you like a damsel in dis dress?
3570,335,14,59,164,237,1.3670886075949367,0.03853668853274975,669,"Burned the village down again, did you?"
1445,335,17,53,167,237,1.3670886075949367,0.039904253913924465,669,"Look, I really really don't want you breathing down my neck."
3520,338,16,54,165,235,1.3659574468085107,0.039667571994617186,669,"Listen pal, once upon a time's up."
4130,338,11,64,160,235,1.3659574468085107,0.03730502676941949,669,You looked a lot hotter on the app.
3616,338,13,60,162,235,1.3659574468085107,0.03826755179704495,669,"I'm sorry, but I need more than a frolic in the Autumn mist."
1968,338,20,46,169,235,1.3659574468085107,0.04146079189418557,669,"Then Puff said, ""I'm here to rescue you from Peter and Paul."""
1091,338,16,54,165,235,1.3659574468085107,0.039667571994617186,669,When was the last time you bought me flowers Tim? Who've you eaten this time?
312,338,18,50,167,235,1.3659574468085107,0.040574089838473895,669,"Thanks for the flowers, but my profile specifically says non smokers only."
417,338,15,56,164,235,1.3659574468085107,0.039206453790312776,669,"It's not you, it's me... But really it's you. You're a dragon."
453,338,13,60,162,235,1.3659574468085107,0.03826755179704495,669,you looked much less green on tinder
1028,338,19,48,168,235,1.3659574468085107,0.04101983685190322,669,I am sorry but she is out with Frog today.
1966,347,13,61,164,238,1.365546218487395,0.037940986717046384,669,The princess will be ready in five minutes. She’s just finishing up applying the flame retardant.
3057,348,18,49,166,233,1.3648068669527897,0.04080173120825921,669,"Did you remember to gargle, remember last time?"
1451,348,15,55,163,233,1.3648068669527897,0.03941808297529425,669,She says doesn’t want to get burned again.
3241,350,18,59,184,261,1.3639846743295019,0.03769466732665689,669,The prince thinks that I’m in an eternal sleep...That should probably buy us a couple of hours to get dinner somewhere.
1038,351,20,44,167,231,1.3636363636363635,0.041940181617127606,669,"Daddy is very old-fashioned.  He says that if you can't fly in and snatch me the proper way, then I can't go out with you."
140,351,23,74,233,330,1.3636363636363635,0.03357154036391771,669,You look nothing like your profile picture!
108,351,20,44,167,231,1.3636363636363635,0.041940181617127606,669,"Colin, your mother has arrived."
3289,351,18,48,165,231,1.3636363636363635,0.041032813725954465,669,No. You burned that drawbridge last time
2682,351,14,56,161,231,1.3636363636363635,0.039155047422412034,669,"Your heart may be telling you to stay, but your tail tells quite a different story."
3481,356,16,53,165,234,1.3632478632478633,0.039744408187455504,669,"Look, Puff brought me snapdragons!"
3121,356,19,47,168,234,1.3632478632478633,0.04110553858689641,669,"Well, you look a lot different in your photo too."
3012,356,19,47,168,234,1.3632478632478633,0.04110553858689641,669,"You have a hoard of gold, but you bring me two flowers FROM MY MOTHER'S GARDEN."
1652,359,11,61,157,229,1.3624454148471616,0.03787957633166016,669,"One sec, let me grab my asbestos cloak."
446,359,9,65,155,229,1.3624454148471616,0.03685446461746805,669,And who shall I say is calling?
2775,361,18,48,166,232,1.3620689655172413,0.04088562038945218,669,"Oh sure, now that your little thrones game is through you come knocking!"
3989,362,8,66,153,227,1.3612334801762114,0.036508480920021485,669,Should have thought about that before you sneezed on me.
3274,362,15,52,160,227,1.3612334801762114,0.04007197304079427,669,You're not allowed to park in the fire lane.
2727,362,10,62,155,227,1.3612334801762114,0.03756113481893247,669,Your Tinder account said you were a nonsmoker.
1516,362,12,58,157,227,1.3612334801762114,0.03858508155601682,669,May I ask who’s calling?
391,362,13,56,158,227,1.3612334801762114,0.0390869972443995,669,"I'm sorry, you must have the wrong fairy tale."
901,362,15,52,160,227,1.3612334801762114,0.04007197304079427,669,What part of  ‘Restraining Order’ do you not understand?
1849,362,15,52,160,227,1.3612334801762114,0.04007197304079427,669,Flowers won't bring back my barbecued cockapoo
857,369,15,51,159,225,1.36,0.04029651999626672,669,"Oh, not again! For the last time: I don't care what Ancestry told you! I am not your Mother and there's no Pete here!"
3450,369,16,49,160,225,1.36,0.04078592972450258,669,That's what you're wearing to meet my parents?
3437,369,12,57,156,225,1.36,0.03879126067507866,669,"Oooh, I don't know. The last time it took six weeks for my eyebrows to grow in."
1976,369,14,53,158,225,1.36,0.03980109275041307,669,Is that dragon's breath?
1663,369,15,51,159,225,1.36,0.04029651999626672,669,I'm here to apologize for Season 8.
1620,369,14,53,158,225,1.36,0.03980109275041307,669,"Dragon Queen""? No, my ad definitely said ""drag"".."
185,369,16,49,160,225,1.36,0.04078592972450258,669,At least put on some pants and a jacket.  I want to break it to my parents gradually.
1147,369,13,55,157,225,1.36,0.039299420408505314,669,"I'm sorry, the flame is gone."
1406,377,15,52,161,228,1.3596491228070176,0.03992727853359752,669,What are you doing here? My parents are home!
1773,378,18,62,193,273,1.358974358974359,0.03648024749786232,669,"If you were really sorry, you would have brought chocolates!"
1080,379,16,48,159,223,1.358744394618834,0.041019914510736985,669,"You've burned your last bridge, Harold."
716,380,23,39,175,237,1.358649789029536,0.04239208357015197,669,"I ordered  Baby's breath, not Dragon's breath."
3887,381,10,47,130,187,1.358288770053476,0.04255734897081398,669,"Look, I had a great time, but I just can’t commit to being locked in a Tower right now."
2350,382,15,52,162,229,1.3580786026200873,0.03978355274735501,669,"I'm sorry, St. George can't come out and slay with you."
193,383,12,55,154,221,1.3574660633484164,0.0392127855987209,669,"I think you misunderstood when I asked for a ""smoking hot prince"""
1896,383,12,55,154,221,1.3574660633484164,0.0392127855987209,669,"I'm sure you won't mind, I burned dinner."
1973,383,17,45,159,221,1.3574660633484164,0.04175307450567162,669,"She says, ""No thanks,"" but hopes you'll still be her furnace guy."
2769,383,19,41,161,221,1.3574660633484164,0.042726922439863715,669,Are you here for the flower arranging class?
3406,383,18,43,160,221,1.3574660633484164,0.042242804901298246,669,Glad you made it.  We're ready to fire up the grill.
327,388,11,59,157,227,1.3568281938325992,0.03800431586333296,669,"Peter, Paul and Mary can't come out to play!"
3765,389,18,42,159,219,1.356164383561644,0.042496350468649455,669,"The last time we went, you incinerated the couples counselor."
1302,389,17,70,205,292,1.356164383561644,0.03446945316367358,669,"I asked for a fairy prince, not a fiery one."
1239,389,17,44,158,219,1.356164383561644,0.042000571042224884,669,Your photoshop skills are incredible!
1335,389,13,52,154,219,1.356164383561644,0.039955983616321654,669,Could I use your bathroom?
1585,389,14,50,155,219,1.356164383561644,0.040476813881888826,669,You have to understand. That part of my life is over.
4053,389,10,58,151,219,1.356164383561644,0.038351077180489385,669,You can come in but remember no smoking.
2423,395,14,51,157,222,1.3558558558558558,0.04009878028380942,669,She'll be ready quicker if you can blow dry her hair.
55,396,10,60,155,225,1.3555555555555556,0.0376796110173626,669,I told them you were only staying until the fireplace is fixed.
3159,397,18,41,158,217,1.3548387096774193,0.04275396978012925,669,After burning my village you’ll have to do better than flowers.
1200,397,11,55,151,217,1.3548387096774193,0.039105193381486485,669,"She'll be out in a minute, after she's fully distressed."
1096,397,16,45,156,217,1.3548387096774193,0.04174401917573331,669,"you're too late , she ran off with the Loch Ness Monster"
110,397,11,55,151,217,1.3548387096774193,0.039105193381486485,669,Pretend you are here to fix the heater
2907,401,12,56,158,226,1.3539823008849559,0.03857883828736711,669,"Do you mean it when you say you love me, or are you just blowing smoke?"
539,402,10,56,149,215,1.3534883720930233,0.038763457036379255,669,I expected you to come crawling back once your television career was over!
1651,402,16,44,155,215,1.3534883720930233,0.04199307643147039,669,I'm sorry. The flame has gone out. It's over.
1376,404,11,53,149,213,1.352112676056338,0.039538357563717284,669,It was just a one time thing. My family still slays your kind.
3394,405,14,49,156,219,1.3515981735159817,0.04040112969482538,669,"Sorry, I only date unicorns."
164,406,15,44,152,211,1.3507109004739337,0.041968971506137494,669,Would it be too much trouble to put on some pants?
369,406,14,46,151,211,1.3507109004739337,0.04142774470394747,669,She accepts your apology....she just needs some time to heal. They’re 3rd degree burns.
2902,406,13,48,150,211,1.3507109004739337,0.040879352896393974,669,I did wish for a fiery romance...
2342,406,15,44,152,211,1.3507109004739337,0.041968971506137494,669,My profile photo?
4118,406,13,48,150,211,1.3507109004739337,0.040879352896393974,669,"If I kiss you, will you turn into a frog?"
1052,411,19,37,158,214,1.3504672897196262,0.043616449389461145,669,Uber?
2509,411,9,57,148,214,1.3504672897196262,0.03825735181051606,669,Its gonna take more than smoke and flowers to make up.
1472,413,17,39,153,209,1.3492822966507176,0.04329924940138409,669,I thought I told you to go around to the serpents’ entrance!
1366,413,16,41,152,209,1.3492822966507176,0.042764686059519566,669,My parents say they don’t care if you’re real or not. The answer is no.
806,413,14,45,150,209,1.3492822966507176,0.04167499398753743,669,Daddy wants to know if you have a job.
257,413,13,47,149,209,1.3492822966507176,0.04111932026319608,669,You're not you when you're hungry.
2211,413,10,53,146,209,1.3492822966507176,0.03940531212977899,669,"Sorry about last night, I know it got a little heated."
2508,413,9,55,145,209,1.3492822966507176,0.03881716114157904,669,It is just the moat! Nothing to be afraid of.
1566,413,11,51,147,209,1.3492822966507176,0.03998481272932637,669,"Her father forbade her to see you, but she thinks you're hot."
424,413,16,41,152,209,1.3492822966507176,0.042764686059519566,669,"Sorry, I've got a new, hotter flame."
3381,413,12,49,148,209,1.3492822966507176,0.040556033755204585,669,You know I’m allergic to daisies!
3573,413,15,43,151,209,1.3492822966507176,0.04222335548976744,669,"Dany, your Uber's here!"
3654,413,11,51,147,209,1.3492822966507176,0.03998481272932637,669,"First, one thing; the kids, Catholic or Jewish?"
2603,413,11,51,147,209,1.3492822966507176,0.03998481272932637,669,Did you bring marshmallows?
1805,413,15,43,151,209,1.3492822966507176,0.04222335548976744,669,I’m still working on convincing them you’re not a figment of my imagination
1338,426,13,48,151,212,1.349056603773585,0.04071968680742493,669,Go away! The frog was just a one-time thing.
223,426,16,42,154,212,1.349056603773585,0.04233467914828123,669,"Sorry, she let her hair down for someone else."
334,426,12,50,150,212,1.349056603773585,0.040166928835345735,669,You just don't really look like your profile picture.
1882,429,19,53,189,261,1.3486590038314177,0.03786056262587871,669,"This is awkward, I'm actually not allowed to date until someone kills you."
2126,430,14,48,156,218,1.348623853211009,0.040476745850364496,669,Sorry but she’s busy curling her tail”
4060,431,12,48,147,207,1.3478260869565217,0.04079222329598892,669,The spark is gone.
519,431,18,36,153,207,1.3478260869565217,0.04410689484810983,669,"After the untimely death of Daenerys, Drogon hits the dating scene."
1162,431,13,46,148,207,1.3478260869565217,0.04136311879821468,669,Won’t be a sec.  She’s applying some fire retardant.
1455,431,15,42,150,207,1.3478260869565217,0.04248189999618684,669,Okay. Just for one knight.
2544,431,10,52,145,207,1.3478260869565217,0.03962576498768223,669,I’ve been burned too many times before.
2774,431,16,40,151,207,1.3478260869565217,0.04303038394636305,669,"For the last time, Puff is with ME."
3169,431,16,40,151,207,1.3478260869565217,0.04303038394636305,669,So glad you came early!  We just ran out of propane!
3301,431,13,46,148,207,1.3478260869565217,0.04136311879821468,669,It’s just that you looked a lot bigger in your Tinder profile.
290,431,17,38,152,207,1.3478260869565217,0.04357196412668148,669,"You're great, but the thing is we have central heating now."
204,431,11,50,146,207,1.3478260869565217,0.04021322377209295,669,"Look, the flowers are great but your breath is the problem."
1181,431,12,48,147,207,1.3478260869565217,0.04079222329598892,669,"""Please use the serpent entrance."""
57,431,9,54,144,207,1.3478260869565217,0.03902946496653039,669,I am am not interested in an old flame
85,431,14,44,149,207,1.3478260869565217,0.04192624132927515,669,"So you took ""I want a dragon in bed"" on my ePrincess profile literally."
3146,444,9,53,143,205,1.3463414634146342,0.03924495297782241,669,"I have to admit that I kind of miss the old, terrifying you."
988,444,11,49,145,205,1.3463414634146342,0.040445201811032845,669,I was hoping for s'mores.
2839,444,15,41,149,205,1.3463414634146342,0.04274471172136431,669,"Sorry, I've been burned by blind dates before."
2093,444,13,45,147,205,1.3463414634146342,0.041610844317784,669,"Blaze, I told you I don’t go out with any old flames!"
3842,448,10,53,148,211,1.3459715639810426,0.039100722850179404,669,I don't want to burn any more bridges.
3579,449,12,46,145,203,1.3448275862068966,0.04127594431533927,669,"Hi, I’m a sophomore at St. George’s High School. I’m selling flowers to help my fencing team."
3538,449,12,46,145,203,1.3448275862068966,0.04127594431533927,669,"Spell or no spell, I'm not kissing you."
2861,449,9,52,142,203,1.3448275862068966,0.03946369886869076,669,Meet me behind the dungeon.  St. Michael’s here.
2052,449,16,38,149,203,1.3448275862068966,0.04357518766555918,669,You better go.  George is suspicious.
1871,449,15,40,148,203,1.3448275862068966,0.04301190102573092,669,"Excuse me, but do you have a few minutes to talk about our Lord and Saviour, Godzilla?"
1816,449,8,54,141,203,1.3448275862068966,0.03884083132680448,669,We shouldn't see each other anymore. I think George suspects something!
896,449,14,42,147,203,1.3448275862068966,0.0424411389998648,669,You look scarier in your profile picture.
162,449,17,36,150,203,1.3448275862068966,0.04413128516517652,669,"I'm sorry, I just don't see myself dating a Scorpio."
402,449,14,42,147,203,1.3448275862068966,0.0424411389998648,669,"For the last time, there is just no spark."
208,458,15,42,152,209,1.3444976076555024,0.04213985847469465,669,I said she'll be done in a minute .She's on the throne.
244,459,13,48,154,215,1.344186046511628,0.040247612366430194,669,I'm afraid your old flame has been extinguished...
3082,460,13,43,145,201,1.3432835820895523,0.04211847564835197,669,M' lady wishes me to inform you she is spoken for by another reptile..
2784,460,13,43,145,201,1.3432835820895523,0.04211847564835197,669,Only if you convert.
2389,460,11,47,143,201,1.3432835820895523,0.04092020898503121,669,"After seeing you kiss a frog, I figured I'd give it a shot."
1971,460,11,47,143,201,1.3432835820895523,0.04092020898503121,669,"It's not me, it's you."
3934,460,10,49,142,201,1.3432835820895523,0.04030771960304297,669,"Sorry,  but I have a new flame."
1715,460,9,51,141,201,1.3432835820895523,0.03968577850838308,669,"This is not what I thought my friend meant when she said my blind date was ""hot"""
3225,460,13,43,145,201,1.3432835820895523,0.04211847564835197,669,"Honey, just be you. Go with the fire-breathing passion. Lose the flowers."
2793,460,12,45,144,201,1.3432835820895523,0.04152366490520464,669,I don’t know. I might get burned.
3264,460,13,43,145,201,1.3432835820895523,0.04211847564835197,669,Well if it ain't Hot Stuff slinking back after that Game of Thrones girl dropped you.
875,460,17,35,149,201,1.3432835820895523,0.0444181378050138,669,She loves you but is concerned what the children would look like!
172,460,13,43,145,201,1.3432835820895523,0.04211847564835197,669,Shhh.. The prince is here.. Meet me out back.
571,460,12,45,144,201,1.3432835820895523,0.04152366490520464,669,"I’m sorry, she’s still a bit burnt from your last hot date."
589,460,12,45,144,201,1.3432835820895523,0.04152366490520464,669,Password?
2373,473,15,41,151,207,1.3429951690821256,0.04239647696141136,669,Snap dragons. Are you insane?
824,474,12,44,143,199,1.3417085427135678,0.04177542349527614,669,Are you a vegetarian?
2122,474,10,48,141,199,1.3417085427135678,0.04054217950175202,669,We don’t let the princess go out with anyone who smokes.
2348,474,13,42,144,199,1.3417085427135678,0.042378589558152636,669,We've got a gas leak - can you come back in two hours?
3754,474,10,48,141,199,1.3417085427135678,0.04054217950175202,669,"Sorry, wrong damsel. You're wanting the second castle on the left."
4128,474,8,52,139,199,1.3417085427135678,0.03927022573521693,669,"It's not only the species thing, but, you're just too big."
439,474,12,44,143,199,1.3417085427135678,0.04177542349527614,669,I kiss you and what happens?
1189,474,14,40,145,199,1.3417085427135678,0.04297329051477275,669,"Come back another time, she's asleep for 1,000 years."
889,474,13,42,144,199,1.3417085427135678,0.042378589558152636,669,Could you come back in mid-November of 2020?
617,474,11,46,142,199,1.3417085427135678,0.04116342021116534,669,I told you we need to be more discrete!
1260,483,12,46,147,205,1.3414634146341464,0.040941093613098375,669,"It's my breath, isn't it?"
1726,484,12,43,142,197,1.3401015228426396,0.04203132263564135,669,"Remember, there's no smoking inside the castle."
2449,484,11,45,141,197,1.3401015228426396,0.041410562828917294,669,She needs to be home by 9. And you should know that none of us are very happy about this.
585,484,13,41,143,197,1.3401015228426396,0.042643046926727074,669,She says she never watched it and she has no idea who you are.
2580,484,13,41,143,197,1.3401015228426396,0.042643046926727074,669,How sweet. George never brought me flowers.
2886,484,9,49,139,197,1.3401015228426396,0.040140253816092965,669,I'm also looking for a knight in shining armor. But not for breakfast.
3443,484,16,35,146,197,1.3401015228426396,0.04442771159170882,669,Yeah she used to live here but left 65 million years ago with no forwarding address.
3678,484,10,47,140,197,1.3401015228426396,0.040780354891957915,669,We can’t keep doing this. My husband is getting suspicious.
3771,484,13,41,143,197,1.3401015228426396,0.042643046926727074,669,‘I’m as surprised as you are with this Tinder match.
1355,484,12,43,142,197,1.3401015228426396,0.04203132263564135,669,"Honey, I said you should come in DRAG!!!"
1532,484,9,49,139,197,1.3401015228426396,0.040140253816092965,669,I told my Dad you’re a doctor. Don’t spoil it!
764,484,12,43,142,197,1.3401015228426396,0.04203132263564135,669,What part of  “I’m into unicorns” don’t you get?
708,495,12,45,146,203,1.3399014778325122,0.04118270473430216,669,I know it won't work. my parents are republicans
2569,495,17,35,151,203,1.3399014778325122,0.04404409064153617,669,My parents won't let me see you until you quit smoking.
3635,497,8,57,150,215,1.3395348837209302,0.03735842753629513,669,"Remember, don't talk about politics or religion."
1529,498,17,51,183,251,1.3386454183266931,0.03791690210466617,669,"Not with that breath, you're not."
787,499,10,46,139,195,1.3384615384615384,0.041022336636684295,669,"I'm sorry, but my daughter eloped with a unicorn."
3649,499,7,52,136,195,1.3384615384615384,0.03904136038636241,669,"If you think you have a chance with me, you live in a fantasy world!"
3403,499,15,36,144,195,1.3384615384615384,0.044126778419226215,669,"I’m a damsel in this dress, not distress."
3128,499,15,36,144,195,1.3384615384615384,0.044126778419226215,669,"I'm sorry, I thought I swiped left."
2779,499,10,46,139,195,1.3384615384615384,0.041022336636684295,669,"Darling, there is no fire in our relationship any more!"
2411,499,15,36,144,195,1.3384615384615384,0.044126778419226215,669,Oh stop it. You're just trying to get slayed.
2022,499,14,38,143,195,1.3384615384615384,0.04352360830117697,669,Don't blow it.
1985,499,8,50,137,195,1.3384615384615384,0.0397126669328948,669,Try to understand. She got a full scholarship to Harvard.
2547,507,9,47,137,193,1.3367875647668395,0.04060903209839354,669,Can you frolic in the autumn mist in a land called Honahlee?
2549,507,13,39,141,193,1.3367875647668395,0.043185448389040544,669,"Sorry! The ad said I wanted 'a little spark', not a conflagration."
2987,507,12,41,140,193,1.3367875647668395,0.04255597004433047,669,You're too late. She already ran away with the frog.
2660,507,13,39,141,193,1.3367875647668395,0.043185448389040544,669,My Husband is St. George.  He'll be right out.
2947,507,11,43,139,193,1.3367875647668395,0.04191703973642963,669,"Sorry, you misunderstood.  She’s going in drag, not going with dragon."
2967,507,11,43,139,193,1.3367875647668395,0.04191703973642963,669,"If you don’t get me home by midnight, Father said he’s gonna get medieval on you."
3105,507,11,43,139,193,1.3367875647668395,0.04191703973642963,669,"Wow, you look just like your profile picture too."
3216,507,14,37,142,193,1.3367875647668395,0.043805882238701875,669,"Tell him I said I wanted him to stop 'dragging his feet' and propose, not send 'a dragon in heat' to propose."
3760,507,12,41,140,193,1.3367875647668395,0.04255597004433047,669,"Let me guess--if I don't let you in, you'll huff and you'll puff."
3779,507,12,41,140,193,1.3367875647668395,0.04255597004433047,669,"Its not your age, its the fact that you lied about it!"
3970,507,13,39,141,193,1.3367875647668395,0.043185448389040544,669,I told you to pick me up at the back drawbridge!
2055,507,14,37,142,193,1.3367875647668395,0.043805882238701875,669,Go away we've cancelled our HBO subscription
1557,507,11,43,139,193,1.3367875647668395,0.04191703973642963,669,She's ever so sorry. Meant to swipe left.
2101,507,14,37,142,193,1.3367875647668395,0.043805882238701875,669,It's not that. It's just that I'm allergic to flowers.
810,507,12,41,140,193,1.3367875647668395,0.04255597004433047,669,Is the hat too much?
608,507,12,41,140,193,1.3367875647668395,0.04255597004433047,669,I’m sorry about last night. I just had to vent.
465,507,11,43,139,193,1.3367875647668395,0.04191703973642963,669,"I told you, we’re through until you stop smoking!"
348,507,14,37,142,193,1.3367875647668395,0.043805882238701875,669,Get that sexy dragon ass in here.
3759,525,12,45,148,205,1.3365853658536586,0.04084696619632538,669,"If I may ask, which appendage do you use to tickle a girl's fancy?"
3537,526,11,50,153,214,1.3364485981308412,0.03912509594488768,669,"For the last time, eating Prince Charming was a deal breaker!"
2741,527,15,64,201,280,1.3357142857142856,0.03439977188098957,669,"Wait a minute, your supposed to be a frog!"
3916,528,13,38,140,191,1.3350785340314135,0.04346363056220163,669,I've prepared my parents - just don't say anything about your religion.
1923,528,13,38,140,191,1.3350785340314135,0.04346363056220163,669,Sorry I’m late.  I had to go back for the marshmallows.
1766,528,13,38,140,191,1.3350785340314135,0.04346363056220163,669,Sorry but my profile said no smokers
1722,528,12,40,139,191,1.3350785340314135,0.04282494110510298,669,be quiet when you come upstairs mom is sleeping
1252,528,13,38,140,191,1.3350785340314135,0.04346363056220163,669,At least you didn't lie about your height.
844,528,9,46,136,191,1.3350785340314135,0.040848999714552525,669,They never end up looking like their profile picture.
494,528,17,30,144,191,1.3350785340314135,0.04592965910624183,669,Quit dragon my heart around.
150,528,15,34,142,191,1.3350785340314135,0.04471364873985979,669,"Wait right there - just finishin' up her scales, horns and claws."
148,528,13,38,140,191,1.3350785340314135,0.04346363056220163,669,She's out with Puff right now.
3060,537,11,44,142,197,1.3350253807106598,0.04130884805982919,669,But your profile said you were a non-smoking vegan who loves kids.
2016,538,8,46,132,186,1.3333333333333333,0.040818896498357245,669,"Sorry, you looked more unicorn-y in your personal ad."
2956,538,11,41,137,189,1.3333333333333333,0.04244046760528202,669,Drogon? Next castle over.
2412,538,8,46,132,186,1.3333333333333333,0.040818896498357245,669,Are you tailing me?
2946,538,9,45,135,189,1.3333333333333333,0.04109280606012816,669,"Frankly Dwane, the fire is gone."
2300,538,9,44,133,186,1.3333333333333333,0.04152475105417733,669,Breath mint?
2888,538,12,39,138,189,1.3333333333333333,0.04309849859200244,669,"Sorry,  Jackie Paper isn’t here."
2725,538,10,42,134,186,1.3333333333333333,0.042218806104379614,669,Flowers hardly make up for the century of being trapped in a misogynistic trope
2425,538,6,51,132,189,1.3333333333333333,0.038984058779272523,669,You're the new neighbor?
1970,538,8,47,134,189,1.3333333333333333,0.04040212147357441,669,I can't date you. We grew up on opposite sides of the moat.
2269,538,10,43,136,189,1.3333333333333333,0.04177207201259173,669,Oh God! I was picturing Barney.
1922,538,11,41,137,189,1.3333333333333333,0.04244046760528202,669,"Hold your breath, I'll be right out."
3613,538,10,43,136,189,1.3333333333333333,0.04177207201259173,669,"When you meet my Dad, please don't blow him away."
3127,538,11,40,135,186,1.3333333333333333,0.042901634323729454,669,"uhhhh, we were expecting aaa drag Queen"
3148,538,12,39,138,189,1.3333333333333333,0.04309849859200244,669,I told you--My parents won't let me date anyone who smokes!
3156,538,11,40,135,186,1.3333333333333333,0.042901634323729454,669,You miss guarding me in that tower?
3183,538,14,34,138,186,1.3333333333333333,0.04488783959994513,669,Two daisies!  You think I'm gonna try to make this work for two stinking daisies?
3463,538,11,40,135,186,1.3333333333333333,0.042901634323729454,669,"Oh, hi! You’re a little early …I’m not quite distressed!"
3188,538,11,40,135,186,1.3333333333333333,0.042901634323729454,669,But your Tinder picture was a frog.
3442,538,12,38,136,186,1.3333333333333333,0.043573763509878294,669,"I'm not falling for that ""Kiss me and I'll turn into a handsome prince"" line again."
4097,538,8,47,134,189,1.3333333333333333,0.04040212147357441,669,I think I would have remembered if you mentioned ‘dragon’ in your profile!
4123,538,13,37,139,189,1.3333333333333333,0.04374663268429559,669,Sorry. One knight only.
1892,538,12,39,138,189,1.3333333333333333,0.04309849859200244,669,Flowers? After what you did?
3838,538,12,38,136,186,1.3333333333333333,0.043573763509878294,669,"If I say yes, next you’ll want strings and sealing wax."
3019,538,16,30,140,186,1.3333333333333333,0.046164525574146235,669,We've run out of maidens. Try the castle up the road
1746,538,14,34,138,186,1.3333333333333333,0.04488783959994513,669,OK. You're not my first dragon!
3407,538,10,43,136,189,1.3333333333333333,0.04177207201259173,669,"Slide a bathing suit photo, brief bio, text number, and preferred pronoun under the door, please"
1631,538,13,36,137,186,1.3333333333333333,0.044235681357729775,669,"I’m quite sorry about the village.  Allergies, you know?"
1212,538,7,53,141,201,1.3333333333333333,0.03820169914517904,669,That’s all you’ve got for being such a monster this morning?
13,538,18,26,142,186,1.3333333333333333,0.04740684232282932,669,"For heaven's sake, it's been longer than four hours.See a doctor!"
26,538,13,37,139,189,1.3333333333333333,0.04374663268429559,669,About last knight....
107,538,9,45,135,189,1.3333333333333333,0.04109280606012816,669,No! I've been burnt too many times.
125,538,14,35,140,189,1.3333333333333333,0.044385303440942284,669,Come in quickly! They’re all jousting.
212,538,12,43,146,201,1.3333333333333333,0.041329481444656986,669,"In a minute, she is slipping into something that's fire proof."
1712,538,15,32,139,186,1.3333333333333333,0.045530657613504784,669,"Sorry, you looked much more fire-breatheyer in your Tinder photo"
521,538,13,36,137,186,1.3333333333333333,0.044235681357729775,669,What can that tail do?
816,538,9,45,135,189,1.3333333333333333,0.04109280606012816,669,um ... about your cat ...
1180,538,13,36,137,186,1.3333333333333333,0.044235681357729775,669,"""You're too late.  She's already been deflowered."
1386,538,12,38,136,186,1.3333333333333333,0.043573763509878294,669,"Sorry, but they were out of Snap Dragons."
1439,538,10,42,134,186,1.3333333333333333,0.042218806104379614,669,Oh good—I thought it was another hot flash.
2873,577,12,44,149,205,1.3317073170731708,0.040749759027616454,669,Those flowers won't make up for eating my parents.
3143,578,10,44,139,193,1.3316062176165804,0.04115965340014081,669,Hold on while I check my fire insurance policy.
3204,578,11,42,140,193,1.3316062176165804,0.041810159461167506,669,Hormones did that?
1535,578,11,42,140,193,1.3316062176165804,0.041810159461167506,669,Both: “You don’t look anything like your dating profile!”
3586,578,11,42,140,193,1.3316062176165804,0.041810159461167506,669,It’s not the dragon thing. It’s the socialist thing.
1067,582,12,37,135,184,1.3315217391304348,0.04386079932087325,669,Would you be willing to convert?
1563,582,11,39,134,184,1.3315217391304348,0.04317838794840933,669,I think we should scale back our relationship.
2462,582,9,43,132,184,1.3315217391304348,0.04178014029821093,669,It's always snapdragons with you!
2575,582,11,39,134,184,1.3315217391304348,0.04317838794840933,669,I heard that line last week from a frog and it didn't work out then.
2730,582,13,35,136,184,1.3315217391304348,0.04453275478014459,669,You have my promise that I’ll only smoke outside .
1702,582,11,39,134,184,1.3315217391304348,0.04317838794840933,669,"Carole, your date is here!"
445,582,11,39,134,184,1.3315217391304348,0.04317838794840933,669,With that breath you're going to have to come with something better than flowers.
2054,582,12,37,135,184,1.3315217391304348,0.04386079932087325,669,Poppa wants to know what happened to the three other suitors.
1952,582,8,45,131,184,1.3315217391304348,0.04106316588008788,669,You’re so much better  since you started anger management classes.
3063,582,7,47,130,184,1.3315217391304348,0.040333448412614534,669,"sorry, I just invited St George in for the evening !"
3265,582,12,37,135,184,1.3315217391304348,0.04386079932087325,669,"No, we can't date.  My mother says I'd have to be a New Yorker subscriber to do something that stupid."
3348,582,18,25,141,184,1.3315217391304348,0.047750904750814595,669,Give me a few minutes to get rid of Prince What's-His-Name
3980,582,11,39,134,184,1.3315217391304348,0.04317838794840933,669,After the stunt you pulled at King’s Landing?
2761,582,12,37,135,184,1.3315217391304348,0.04386079932087325,669,I'm here for the guard job.
2174,582,8,45,131,184,1.3315217391304348,0.04106316588008788,669,"It was a wonderful 100 years, but it's time for us to move on."
2090,597,14,37,146,197,1.3299492385786802,0.04304806984671743,669,Oh my gosh - I thought your Tinder picture was a joke and I swiped because I thought it was funny.
2213,598,10,43,138,191,1.3298429319371727,0.04140675091621243,669,"It's not you, it's...well, it's your breath."
566,599,14,34,141,189,1.3280423280423281,0.04427781654862933,669,"Sorry, I'm new to the concept of 'dragon with benefits.'"""
2995,600,14,31,135,180,1.3277777777777777,0.04582545593761697,669,"Some flowers for you, Ms. Paper. Is Jackie home?"
3973,600,7,45,128,180,1.3277777777777777,0.04081004394600619,669,"I didn’t want to hurt you, but it’s your breath."
99,602,11,36,131,178,1.3258426966292134,0.04403803821252568,669,I'll wait for the frog
2560,602,10,38,130,178,1.3258426966292134,0.04331130149902055,669,"I may be cold blooded, but I have feelings too!"
2476,602,8,42,128,178,1.3258426966292134,0.041819958075079836,669,Haven't I told you it's against our policy to date former employees?
2000,602,11,36,131,178,1.3258426966292134,0.04403803821252568,669,Smoke signal me.
1565,602,14,30,134,178,1.3258426966292134,0.046149634081044555,669,"Stop dragon my heart around, George."
1562,602,12,34,132,178,1.3258426966292134,0.04475297511536729,669,"Fire away, but you and I are history!"
1329,602,10,38,130,178,1.3258426966292134,0.04331130149902055,669,"You always promise to quit smoking, but you never do!"
963,602,11,36,131,178,1.3258426966292134,0.04403803821252568,669,"I think we should stop seeing each other. 
To be honest. It's your breath."
627,602,9,40,129,178,1.3258426966292134,0.04257216068594883,669,Are you here for Nessie?
458,602,8,42,128,178,1.3258426966292134,0.041819958075079836,669,"Sorry, fresh out of maidens."
403,602,10,38,130,178,1.3258426966292134,0.04331130149902055,669,Come around to the back...the King is still in the dark ages about inter-species dating.
4108,602,10,38,130,178,1.3258426966292134,0.04331130149902055,669,"Sorry, Puff picked her up half an hour ago."
3505,602,12,34,132,178,1.3258426966292134,0.04475297511536729,669,"No thanks, prom was quite enough."
367,602,11,36,131,178,1.3258426966292134,0.04403803821252568,669,Your profile stated that you were a non-smoker.
2217,616,13,40,150,203,1.3251231527093597,0.041476278918785525,669,"Sorry, I was expecting a frog."
4010,617,15,47,175,237,1.3248945147679325,0.038285299847565894,669,"Yes, his burns are healing...no thanks to you."
1457,618,11,35,130,176,1.3238636363636365,0.044334828708361605,669,Jackie's family moved to Honahlee
3533,618,12,33,131,176,1.3238636363636365,0.04506120395123536,669,"Sorry, I don’t date smokers."
3419,618,15,27,134,176,1.3238636363636365,0.047173268874862,669,What prom?
3374,618,12,33,131,176,1.3238636363636365,0.04506120395123536,669,"It will take more than flowers, buddy"
2906,618,14,29,133,176,1.3238636363636365,0.046479912127767184,669,Try next door.
2567,618,9,39,128,176,1.3238636363636365,0.04284515032917535,669,They moved.
2556,618,12,33,131,176,1.3238636363636365,0.04506120395123536,669,"It’s too late for flowers-after all, you ate father..."
1727,618,11,35,130,176,1.3238636363636365,0.044334828708361605,669,"They're really sweet, but did you have to eat the florist?"""
3326,618,10,37,129,176,1.3238636363636365,0.04359635273351086,669,Wait a sec while I check to see who ordered the snap dragons.
1195,618,13,31,132,176,1.3238636363636365,0.045776054509643956,669,"Well alright but you’ll have to leave the flowers outside, they give me hay fever."
2881,628,8,45,136,189,1.3227513227513228,0.04016183955888489,669,Remember not to talk politics at the dinner table.
848,629,10,40,136,186,1.3225806451612903,0.04198128632314873,669,"Hi, I am @Prince charming here for our blind date. You tweeted that you like a BBQ knight?"
1757,630,13,31,133,177,1.3220338983050848,0.04555346022773848,669,"Wrong house, the Targaryen's are next door."
3703,631,8,40,126,174,1.3218390804597702,0.04234544899399915,669,You look so different from your online photo.
3061,631,13,30,131,174,1.3218390804597702,0.046101419617835815,669,"I'm sorry, but the Dragon Lady is not in."
3029,631,8,40,126,174,1.3218390804597702,0.04234544899399915,669,I'm sorry... I just don't have the same fire-in-my-belly feelings for you.
2754,631,11,34,129,174,1.3218390804597702,0.04463697295593889,669,"To be honest, “Because you never bring me flowers” was not the only reason I don’t think we should see each other any more.”"
2314,631,11,34,129,174,1.3218390804597702,0.04463697295593889,669,Amazon delivery
2280,631,8,40,126,174,1.3218390804597702,0.04234544899399915,669,"I tried to love you, but got burned every time."
2206,631,9,38,127,174,1.3218390804597702,0.04312282247903843,669,"M'lady is looking for a good match, not a full blown flame thrower."
2110,631,10,36,128,174,1.3218390804597702,0.043886428273601175,669,"It's just that ""non-smoker"" on your profile might be a stretch."
1974,631,11,34,129,174,1.3218390804597702,0.04463697295593889,669,"Here we go. First you show up with flowers and that look on your face, then my fire insurance premiums go through the roof."
1907,631,12,32,130,174,1.3218390804597702,0.045375104658000494,669,My dad says it's too soon for a sequel.
1552,631,9,38,127,174,1.3218390804597702,0.04312282247903843,669,No I am not the dragon queen!
1482,631,7,42,125,174,1.3218390804597702,0.0415535351377967,669,Would you care to come in for a knight-cap?
1034,631,13,30,131,174,1.3218390804597702,0.046101419617835815,669,What did you expect from a tinder date?
3293,631,8,40,126,174,1.3218390804597702,0.04234544899399915,669,The princess can't see you anymore. She didn't know you were a smoker.
823,631,13,30,131,174,1.3218390804597702,0.046101419617835815,669,I told you before. No flowers.
611,631,11,34,129,174,1.3218390804597702,0.04463697295593889,669,"Wrong princess. See, your GPS is pointing the other direction!"
3763,631,9,38,127,174,1.3218390804597702,0.04312282247903843,669,Did you drink enough water? I don't want another 'incident'.
3810,631,8,40,126,174,1.3218390804597702,0.04234544899399915,669,I don't think I'm going to be able to sneak you in through the window
3834,631,12,32,130,174,1.3218390804597702,0.045375104658000494,669,I can't help you with spin-offs. You'll have to talk to HBO.
3902,631,13,30,131,174,1.3218390804597702,0.046101419617835815,669,My father is still upset that you laid waste to his kingdom last week.
3918,631,12,32,130,174,1.3218390804597702,0.045375104658000494,669,Meet me around back in 5 minutes but DON'T let anyone see you.
3974,631,10,36,128,174,1.3218390804597702,0.043886428273601175,669,You look taller in your photos.
4017,631,9,38,127,174,1.3218390804597702,0.04312282247903843,669,George wants to know if your intentions are honorable.
4030,631,13,30,131,174,1.3218390804597702,0.046101419617835815,669,"You're perfectly nice, but I was expecting smoking hot."
1157,631,5,46,123,174,1.3218390804597702,0.03992260946302918,669,Dad says he is totally fine with you being a dragon.  He wants you to know he has a number of dragon friends.  He says I can not go out with you because I am only 15.
3354,631,12,32,130,174,1.3218390804597702,0.045375104658000494,669,"If I wouldn't kiss the frog, what possibly makes you think I'd kiss you?"
3325,657,11,38,138,187,1.320855614973262,0.04247417609730338,669,I think she’s out riding your brother.
2783,658,11,37,136,184,1.3206521739130435,0.042938485334050196,669,Word to the wise -- she's dating Saint George.
3884,659,7,41,124,172,1.319767441860465,0.04180933986029598,669,"The knight may be dead,but the night is still young."
2744,659,12,31,129,172,1.319767441860465,0.04569483755935121,669,"No, Puff, Jackie doesn't want to come out to play."
2571,659,12,31,129,172,1.319767441860465,0.04569483755935121,669,"She's not here, the series is over!"
393,659,12,31,129,172,1.319767441860465,0.04569483755935121,669,Is it ever a good idea to get back with an old flame?
1192,663,10,36,131,177,1.3163841807909604,0.043253979140303024,669,"No, she lives in the cave behind the castle."
84,664,8,37,123,168,1.3154761904761905,0.04316720443420177,669,She told me to tell you she’s washing her scales and can’t go out tonight. Try another time. But please call first.
1143,664,8,37,123,168,1.3154761904761905,0.04316720443420177,669,"My husband George is due back from the Crusades today, so I can't see you any more."
820,664,10,33,125,168,1.3154761904761905,0.044788162917489625,669,"I'm sorry, but after the disappointment of Game of Thrones, I'm just not ready."
1356,664,8,37,123,168,1.3154761904761905,0.04316720443420177,669,Looking for love in all the wrong places.
2075,664,5,43,120,168,1.3154761904761905,0.04061464687000286,669,M'lady will be right out. She's still putting on fire retardant.
2240,664,13,27,128,168,1.3154761904761905,0.04711515187084436,669,Do you know that your subscription  to the New Yorker is about to expire?
2490,664,11,31,126,168,1.3154761904761905,0.04557702861040093,669,Should I wear heels?
2542,664,11,31,126,168,1.3154761904761905,0.04557702861040093,669,"Daisies, really? You burn down our entire village and destroy all of our crops, and you bring daisies?"
3000,664,7,39,122,168,1.3154761904761905,0.04233345649996533,669,"I'm sorry. I don't date my hallucinations anymore, and neither should you."
3256,664,9,35,124,168,1.3154761904761905,0.04398515133648947,669,"Hey, Daenerys, your  ride’s here!"
3280,664,10,33,125,168,1.3154761904761905,0.044788162917489625,669,"I'm sorry, we're no longer taking applicants for the position."
1671,664,7,39,122,168,1.3154761904761905,0.04233345649996533,669,Bad news. He’s suspicious of the scorch marks on my neck.
694,664,5,43,120,168,1.3154761904761905,0.04061464687000286,669,"Oh my, the florist screwed up the dragon lily order again”"
4138,664,8,37,123,168,1.3154761904761905,0.04316720443420177,669,My heart says yes but my exterminator says no
96,664,8,37,123,168,1.3154761904761905,0.04316720443420177,669,She says not tonight. She's molting.
80,664,13,27,128,168,1.3154761904761905,0.04711515187084436,669,"Gotta go, dad.  I've got a hot date!"
3850,664,5,43,120,168,1.3154761904761905,0.04061464687000286,669,You’ve burned me too many times before.
374,664,9,35,124,168,1.3154761904761905,0.04398515133648947,669,Did you quit smoking?
1194,682,6,40,119,165,1.3151515151515152,0.04194641692134844,669,I don’t have time for an old flame right now.
1608,682,9,34,122,165,1.3151515151515152,0.044511025404519275,669,St. George is not in. Did you have an appointment?
3080,682,9,34,122,165,1.3151515151515152,0.044511025404519275,669,"Don't know if you remember me, but the last time I rained hellfire down on your kingdom, I thought we had a moment..."
3624,682,9,34,122,165,1.3151515151515152,0.044511025404519275,669,"... and that, children, is why you should always take dating app profiles with a grain of salt."
1817,682,9,34,122,165,1.3151515151515152,0.044511025404519275,669,You had fewer scales in your profile picture
1458,682,8,36,121,165,1.3151515151515152,0.0436728926515564,669,"I'm not sure what you mean by ""tinder"", but it doesn't sound like something you should be playing around with."
1092,688,6,41,122,169,1.3136094674556213,0.04127899316855296,669,There's just no spark between us
2900,689,10,48,159,217,1.3133640552995391,0.03772051968604815,669,You're just in time to help cook supper!
955,690,6,39,118,163,1.312883435582822,0.04220811337535847,669,Daddy's wise to us!  He noticed my burnt lips.
1840,690,8,35,120,163,1.312883435582822,0.04396595909092597,669,You burned down the entire village - I don’t think petunias are going to cut it this time.
2368,690,8,35,120,163,1.312883435582822,0.04396595909092597,669,Come around after dark. I'll leave the drawbridge unlocked.
3079,690,11,29,123,163,1.312883435582822,0.04647823840144727,669,"Sorry, my father won't allow me to date across species lines."
2538,690,4,43,116,163,1.312883435582822,0.04037380475790278,669,"Hang on, mom just told him you've got an M.B.A."
2712,690,11,29,123,163,1.312883435582822,0.04647823840144727,669,It was a tail pic?
3053,690,11,29,123,163,1.312883435582822,0.04647823840144727,669,"You can't just show up in the middle of the night and expect to get ""slayed."""
937,690,13,25,125,163,1.312883435582822,0.04808021806293757,669,I ordered a frog.
3648,690,9,33,121,163,1.312883435582822,0.04481903525092777,669,"Sorry, I’m just not interested in courting disaster."
3775,690,10,31,122,163,1.312883435582822,0.045656174641146144,669,"""Hi, we met on MATCH.COM""."
3835,690,11,29,123,163,1.312883435582822,0.04647823840144727,669,I'm afraid I've been changed into a woman.
3836,690,9,33,121,163,1.312883435582822,0.04481903525092777,669,You don’t look much like your profile photo either.
3900,690,7,37,119,163,1.312883435582822,0.04309599977661552,669,I do need to be back before the knight comes.
2474,690,9,33,121,163,1.312883435582822,0.04481903525092777,669,I am Jacqueline Paper now Puff.
909,690,9,33,121,163,1.312883435582822,0.04481903525092777,669,"The flowers are a nice gesture, but we can't go out if you breathe fire at any man who looks at me in public."
3769,690,14,23,126,163,1.312883435582822,0.048861515848554665,669,How many kisses will this take?
2816,690,10,31,122,163,1.312883435582822,0.045656174641146144,669,Dungeon visiting hours are over.
29,690,6,39,118,163,1.312883435582822,0.04220811337535847,669,"""First, you have to do something about that breath of yours."""
472,690,11,29,123,163,1.312883435582822,0.04647823840144727,669,You look a lot different in your profile picture.
3550,709,8,43,138,189,1.312169312169312,0.039905187990259536,669,But what if St George finds out?
3050,709,7,45,137,189,1.312169312169312,0.039193580318824035,669,"Do not blow me a kiss, last time you set the castle on fire."
2841,711,7,36,118,161,1.31055900621118,0.04337832347580376,669,"Quiet, I haven’t told my parents about you."
1739,711,10,30,121,161,1.31055900621118,0.04598476054335667,669,Shhhhh!  Sneak in through my bedroom window.
1434,711,10,30,121,161,1.31055900621118,0.04598476054335667,669,"The wine didn’t work , neither will the flowers Ralph."
1026,711,7,36,118,161,1.31055900621118,0.04337832347580376,669,Let's go to yours. I've just had smoke alarms installed.
919,711,5,40,116,161,1.31055900621118,0.041549963230620046,669,"OK, as long as you smoke outside."
400,711,7,36,118,161,1.31055900621118,0.04337832347580376,669,I’ll see if she’s ready to be devoured.
1171,717,8,38,128,174,1.3103448275862069,0.04205590406650257,669,Please get it through your head. The daughter of the mother of dragons is still your sister.
3222,718,10,37,137,184,1.309782608695652,0.04198054429803068,669,"Sorry, but the spark is gone."
2067,719,13,25,127,165,1.309090909090909,0.047570837845440646,669,Your Uber Air is here.
2950,720,11,27,121,159,1.3081761006289307,0.04717113816035839,669,Good grief; the costume party is next week.
2653,720,6,37,116,159,1.3081761006289307,0.04274410831732929,669,I’m sorry. Smoking is a deal breaker.
554,720,8,33,118,159,1.3081761006289307,0.04456772136472309,669,"Oh, you just look so different from your profile picture is all."
1471,720,8,33,118,159,1.3081761006289307,0.04456772136472309,669,We have to stop meeting like this... people will find out.
2338,720,13,23,123,159,1.3081761006289307,0.048829696570259734,669,"Puff! Not now, my parents are here."
1547,720,10,29,120,159,1.3081761006289307,0.04631959390413101,669,You're too late!  I've already kissed the frog.
1618,720,11,27,121,159,1.3081761006289307,0.04717113816035839,669,"No, Cathy's at a different castle."
1646,720,9,31,119,159,1.3081761006289307,0.045452098780404,669,I'm afraid my mother-in-law is out.
1763,720,10,29,120,159,1.3081761006289307,0.04631959390413101,669,"I’ll tell you right now, my Dad is not gonna pay for this wedding."
1928,720,9,31,119,159,1.3081761006289307,0.045452098780404,669,"Dany said to tell you, now that the show is over, please leave her alone."
492,720,5,39,115,159,1.3081761006289307,0.04180247959085168,669,I was expecting a frog
258,720,8,33,118,159,1.3081761006289307,0.04456772136472309,669,"I know you've been burned in the past, but..."
3103,720,6,37,116,159,1.3081761006289307,0.04274410831732929,669,My parents are afraid they'll never see the grandchildren.
2002,720,12,25,122,159,1.3081761006289307,0.04800758035189471,669,Do you have time to hear about our lord and savior Jesus Christ?
3197,720,9,31,119,159,1.3081761006289307,0.045452098780404,669,I’ll tell her you’re here but I doubt that a few flowers will make up for the singed eyebrows”.
3400,720,6,37,116,159,1.3081761006289307,0.04274410831732929,669,You seemed taller in your profile picture.
3464,720,11,27,121,159,1.3081761006289307,0.04717113816035839,669,"Just flowers, no candy?"
3643,720,9,31,119,159,1.3081761006289307,0.045452098780404,669,"I’m sorry, it’s not you, it’s me."
3716,720,9,31,119,159,1.3081761006289307,0.045452098780404,669,The princess is out with a frog.”
3723,720,11,27,121,159,1.3081761006289307,0.04717113816035839,669,"Sorry... It's not you, it's me."
3926,720,7,35,117,159,1.3081761006289307,0.0436654358932049,669,"Daenerys Stormborn, Mother of Dragons?  Two sets down on the left."
3948,720,12,25,122,159,1.3081761006289307,0.04800758035189471,669,What happened to the frog I was supposed to kiss?
4003,720,6,37,116,159,1.3081761006289307,0.04274410831732929,669,"Look, I told you, bad breath is a dealbreaker."
135,720,9,31,119,159,1.3081761006289307,0.045452098780404,669,"Again, my parents forbid it.  You're not Jewish."
2057,720,8,33,118,159,1.3081761006289307,0.04456772136472309,669,Ever since you ate her cat she doesn’t want to see you!
3986,745,7,40,129,176,1.3068181818181819,0.04086397223328159,669,The Morning After The Knight Before
206,746,8,34,121,163,1.3067484662576687,0.04380183729084483,669,I'm really more of a knight person.
1010,747,6,36,115,157,1.305732484076433,0.04301857479520009,669,You can't destroy my entire village and think flowers will win be back
2201,747,9,30,118,157,1.305732484076433,0.04577745874766909,669,I’m sorry Puff!...But the magic is gone and I’m NOT moving to Galilee!
1332,747,4,40,113,157,1.305732484076433,0.04107650353613377,669,"…I didn’t want to hurt your feelings, but yes… it is another dragon."
2452,747,9,30,118,157,1.305732484076433,0.04577745874766909,669,NEXT!
1007,747,8,32,117,157,1.305732484076433,0.044876680047285566,669,"Milady Dragon, Sir Lancelot sends his regrets from deep inside"
869,747,9,30,118,157,1.305732484076433,0.04577745874766909,669,I’m the mother-in-law of dragons.
833,747,6,36,115,157,1.305732484076433,0.04301857479520009,669,"Well, I’m willing to accept that a knight in shining armor is a cultural myth."
684,747,5,38,114,157,1.305732484076433,0.04205875010128234,669,"I'm sorry, but ever since the Renaissance kicked in, nobody believes in you anymore."
526,747,5,38,114,157,1.305732484076433,0.04205875010128234,669,OK. But if you don't turn in to a prince by midnight I'm going to get dressed and leave.
281,747,8,32,117,157,1.305732484076433,0.044876680047285566,669,"The eggs have hatched, two boys and a girl. You can come in now."
2592,747,8,32,117,157,1.305732484076433,0.044876680047285566,669,"I'm sorry, but she met Godzilla yesterday, and you know ..."
2037,747,7,34,116,157,1.305732484076433,0.043957446408297324,669,"You burned me, it's going to take more than a few flowers to win me back."
2633,747,9,30,118,157,1.305732484076433,0.04577745874766909,669,I'm sorry. I swiped right by accident.
3375,747,8,32,117,157,1.305732484076433,0.044876680047285566,669,I’ll see if George is at home
3535,747,10,28,119,157,1.305732484076433,0.046660851328738664,669,"Yes, I had a lovely time, but no good-night kiss until you do something about that breath!"
3949,747,4,40,113,157,1.305732484076433,0.04107650353613377,669,"Okay, you can come in but, whatever you do, don't belch."
3957,747,5,38,114,157,1.305732484076433,0.04205875010128234,669,Because it wouldn’t be a date. It would be Stockholm syndrome.
3990,747,4,40,113,157,1.305732484076433,0.04107650353613377,669,"Before we go, Daddy wants to show you his sword collection."
1997,747,8,32,117,157,1.305732484076433,0.044876680047285566,669,Go away...you're not supposed to show up until the season finale.
3307,766,12,29,133,174,1.3045977011494252,0.044962989024350565,669,I told you to use the back door!'
596,766,12,29,133,174,1.3045977011494252,0.044962989024350565,669,She’s not home.
994,768,11,27,123,161,1.3043478260869565,0.04666142609104571,669,"The princess says, ""Thanks, but you're not my species."""
1287,769,9,29,117,155,1.303225806451613,0.0461089160188999,669,I think we should see other dragons.
269,769,8,31,116,155,1.303225806451613,0.04519120440834244,669,"Frankly, Harvey, I don't believe you've really changed."
1864,769,7,33,115,155,1.303225806451613,0.04425446616235717,669,"She said, 'did you ever hear the phrase, 'when hell freezes over?"
90,769,4,39,112,155,1.303225806451613,0.04131702111274593,669,Your dino.com date is here.
2097,769,10,27,118,155,1.303225806451613,0.04700871533023784,669,"Look, I'm sorry you're all hot and bothered but now is not a good time."
2207,769,7,33,115,155,1.303225806451613,0.04425446616235717,669,"Aw, you slay me, you really do."
399,769,10,27,118,155,1.303225806451613,0.04700871533023784,669,"Remember, absolutely no fire breathing.  My folks are really into ending global warming."
2814,769,8,31,116,155,1.303225806451613,0.04519120440834244,669,"It's your fantasy, not mine."
2820,769,7,33,115,155,1.303225806451613,0.04425446616235717,669,Not so sure I am ready to have my heart melted.
3011,769,8,31,116,155,1.303225806451613,0.04519120440834244,669,"Oh my, I thought that dating site photo was a joke. I will need to withdraw my ""Like""."
3161,769,5,37,113,155,1.303225806451613,0.04231883049178542,669,Sorry she meant to swipe left.
3552,769,5,37,113,155,1.303225806451613,0.04231883049178542,669,You're in the wrong nightmare.
3680,769,7,33,115,155,1.303225806451613,0.04425446616235717,669,"Terribly sorry, I meant to swipe left on my magic mirror."
3870,769,10,27,118,155,1.303225806451613,0.04700871533023784,669,"Wow, you didn't look this tall in your profile picture"
3932,769,5,37,113,155,1.303225806451613,0.04231883049178542,669,Both our profiles said we like pointy stuff.
1898,769,7,33,115,155,1.303225806451613,0.04425446616235717,669,"I don't know him, but he looks like a hottie!"
693,769,7,33,115,155,1.303225806451613,0.04425446616235717,669,That's not my tail honey
1713,786,5,40,120,165,1.303030303030303,0.04071083327101379,669,"No, you’re not forgiven. You singed my eyebrows."
274,787,5,38,116,159,1.3018867924528301,0.04161640976525041,669,You don't look anything like your profile photo.
907,788,9,29,118,156,1.3012820512820513,0.04585360943628251,669,"I'm sorry, the current administration is not accepting any new asylum seekers."
2233,788,7,33,116,156,1.3012820512820513,0.04401281093565317,669,"She's happy to hear that you are over your cold, but she is still recovering from one of your sneezes."
1433,790,7,32,114,153,1.3006535947712419,0.044556607896158625,669,"Before I take you to dinner darling, I need to use the Komodo."
546,790,6,34,113,153,1.3006535947712419,0.04358086730672671,669,"No wonder you wrote, ""The ladies think I'm hot."""
414,790,14,18,121,153,1.3006535947712419,0.05086537615363276,669,...and stop calling me Daenerys!
54,790,6,34,113,153,1.3006535947712419,0.04358086730672671,669,Come in.  He will be out most of the day on a quest.
1295,790,7,32,114,153,1.3006535947712419,0.044556607896158625,669,"At first I thought it was heartburn, but actually I'm pregnant."
523,795,3,39,108,150,1.3,0.04096159602595202,669,"You gargled this time, right?"
663,795,6,33,111,150,1.3,0.04411698907260348,669,"Mum’s kind of a nudge.  She’s wondering if you could maybe do a couple of quick flyovers for the kids and, if you don’t mind, take care of cooking the steaks."
1191,795,4,37,109,150,1.3,0.04203971702576343,669,"Fine. If you want the truth, it's your breath."
1276,795,7,31,112,150,1.3,0.04511977596847296,669,"This courtship seems to really... drag on.  Ba ha ha ha! But seriously, go away."
1717,795,8,29,113,150,1.3,0.04610075533066856,669,"I heard you like bad boys and, not to brag, but I just set that village on fire."
2014,795,7,31,112,150,1.3,0.04511977596847296,669,"So, if I kiss you you'll turn into Prince?"
2310,795,9,27,114,150,1.3,0.047061290894652906,669,I’m going to have to sneak you in!
2520,795,6,33,111,150,1.3,0.04411698907260348,669,When I read your profile but about “setting any woman on fire” I didn’t take it literally.
2998,795,5,35,110,150,1.3,0.04309087219144258,669,She said to tell you she's washing her spikes.
3194,795,6,33,111,150,1.3,0.04411698907260348,669,I’m sorry. My parents just don’t want me dating someone who’s not Jewish
3491,795,3,39,108,150,1.3,0.04096159602595202,669,"It may have been unfair, but he always wanted to be cremated anyway"
3604,795,8,29,113,150,1.3,0.04610075533066856,669,You think two flowers will atone for torching the wrong army?
2150,795,9,27,114,150,1.3,0.047061290894652906,669,That's very sweet but she died 100 years ago.
1806,808,9,29,119,157,1.2993630573248407,0.04560100783036541,669,"Well, look what the cat 
dragoned in."
3048,808,8,31,118,157,1.2993630573248407,0.04469667322986063,669,"Sorry, the Targaryens moved out 6 weeks ago."
11,810,5,35,111,151,1.2980132450331126,0.042850633319385184,669,I just don't believe you quit smoking
722,811,9,29,120,158,1.2974683544303798,0.045351070969297406,669,"The flowers are nice, but let’s get this clear. You’re here to set things on fire and occasional give rides to the children. Nothing else!"
34,812,9,26,113,148,1.2972972972972974,0.047418618859563805,669,"It was great, but it was just the magic of the autumn mist, or maybe all the weed."
2396,812,3,38,107,148,1.2972972972972974,0.041194094654515366,669,Watch out! My old boyfriend is looking for you!
272,812,7,30,111,148,1.2972972972972974,0.045438618903242536,669,My mom sent me over to apologize for ruining your party by setting all your guests on fire.
634,812,7,30,111,148,1.2972972972972974,0.045438618903242536,669,"Yes, I'm holding a grudge."
657,812,11,22,115,148,1.2972972972972974,0.04931919242306234,669,"Me thinks you are really hot, but I burneth for another."
880,812,9,26,113,148,1.2972972972972974,0.047418618859563805,669,This my first online date.
972,812,9,26,113,148,1.2972972972972974,0.047418618859563805,669,She's still recovering from the burns.
213,812,8,28,112,148,1.2972972972972974,0.04643917259374186,669,I’ve seen this in a Monty Python movie.
996,812,6,32,110,148,1.2972972972972974,0.044415531342953396,669,"Trust me, I changed!"
1759,812,7,30,111,148,1.2972972972972974,0.045438618903242536,669,But what about your old flame?
1843,812,5,34,109,148,1.2972972972972974,0.04336831517501736,669,"Frankly, it's your breath."
1942,812,6,32,110,148,1.2972972972972974,0.044415531342953396,669,State your intentions. I've been burned before.
1961,812,7,30,111,148,1.2972972972972974,0.045438618903242536,669,I told you: what happens in the Enchanted Forest stays in the Enchanted Forest!
2042,812,5,34,109,148,1.2972972972972974,0.04336831517501736,669,"Yeah, yeah, the frog told me the same thing..."
2249,812,5,34,109,148,1.2972972972972974,0.04336831517501736,669,Lay low until he sallies forth.
2301,812,5,34,109,148,1.2972972972972974,0.04336831517501736,669,Sorry she eloped last week with a frog!
2281,812,5,34,109,148,1.2972972972972974,0.04336831517501736,669,"But first, wipe the soot from your nostrils."
2294,812,6,32,110,148,1.2972972972972974,0.044415531342953396,669,What do you mean I don't look like my Tinder profile?
2577,812,4,36,108,148,1.2972972972972974,0.0422951781857271,669,Well now I'm certainly not feeling the damsel in distress thing.
3971,812,8,28,112,148,1.2972972972972974,0.04643917259374186,669,"Drago, after last time, I hope you're not even vaguely considering make-up sex."
3964,812,7,30,111,148,1.2972972972972974,0.045438618903242536,669,My parents would accept you more if you had a contract with HBO.
3785,812,10,24,114,148,1.2972972972972974,0.04837823971483269,669,You'll have to use the back entrance.
3477,812,5,34,109,148,1.2972972972972974,0.04336831517501736,669,"How now! 
 I ordered for mine wedding 
 a Veil not a Tail 
 and flowered Wagon not Dragon. 
 All becometh towering ruins by Auto-Correct!"
19,812,8,28,112,148,1.2972972972972974,0.04643917259374186,669,We'll have to be quick - my knight-in-shining-armor is taking a nap inside.
3243,812,7,30,111,148,1.2972972972972974,0.045438618903242536,669,"Its not you, its me. I like someone a little edgier and more dangerous."
3425,812,5,34,109,148,1.2972972972972974,0.04336831517501736,669,I was hoping for a wrist corsage
3122,812,8,28,112,148,1.2972972972972974,0.04643917259374186,669,"I sent you to the store for flour, not flowers!"
3032,812,12,20,116,148,1.2972972972972974,0.05024252585828348,669,"Good timing he just left for the crusades. But, i'll only let you in
if you promise to control your breath this time."
2740,812,7,30,111,148,1.2972972972972974,0.045438618903242536,669,I know she'll appreciate the flowers. I'll see if Cersei wants to come out to play.
2724,812,8,28,112,148,1.2972972972972974,0.04643917259374186,669,Can the princess come out to play?
2613,812,8,28,112,148,1.2972972972972974,0.04643917259374186,669,George!  Need you down here ASAP!
3173,812,5,34,109,148,1.2972972972972974,0.04336831517501736,669,Oh my... Your profile didn’t mention anything about the tail.
1538,844,7,33,119,159,1.2955974842767295,0.04330272640519104,669,I just wanted you to light my fire.
2302,845,7,30,112,149,1.2953020134228188,0.045176715019635424,669,She's at the lake.
1429,845,5,34,110,149,1.2953020134228188,0.04312245513454612,669,But no nostril-flaring this time.
607,847,8,27,111,146,1.2945205479452055,0.046783966888104454,669,What have you done to George?
962,847,7,29,110,146,1.2945205479452055,0.04576315380847012,669,"She'll be down in a few minutes, she's trying to find shoes to match the asbestos gown.  Nice flowers."
4031,847,7,29,110,146,1.2945205479452055,0.04576315380847012,669,"She cherishes her memories of the blasted cornfields and charred villagers, but now she wants some time to reimagine her life."
3705,847,7,29,110,146,1.2945205479452055,0.04576315380847012,669,"I’ve been catfished before, but this is ridiculous."
3351,847,8,27,111,146,1.2945205479452055,0.046783966888104454,669,My Dad said you were a myth and I should stay away from the wine cellar.
2180,847,7,29,110,146,1.2945205479452055,0.04576315380847012,669,I shouldn’t have clicked ‘hot date’.
2894,847,8,27,111,146,1.2945205479452055,0.046783966888104454,669,I'm sorry but it's...   It's your breath!
3166,847,9,25,112,146,1.2945205479452055,0.0477829767707791,669,And just what part of “NO “ didst thou not understand?
1300,847,7,29,110,146,1.2945205479452055,0.04576315380847012,669,"After all these years, I wanted to let you know that I love you. And I made reservations at 6:00, so get ready."
2917,847,8,27,111,146,1.2945205479452055,0.046783966888104454,669,Theme party huh ?
1990,847,9,25,112,146,1.2945205479452055,0.0477829767707791,669,"I hate to be the bearer of bad news, but it turned out to be Stockholm Syndrome and not love."
1347,847,7,29,110,146,1.2945205479452055,0.04576315380847012,669,I can't see you anymore. George is getting suspicious.
1769,847,8,27,111,146,1.2945205479452055,0.046783966888104454,669,The king also invited my old flame.
1240,847,12,19,115,146,1.2945205479452055,0.050661946300408725,669,Not now!  George is in.
1936,847,6,31,109,146,1.2945205479452055,0.044719044435320085,669,"OK, but it will have to be quick"
1810,847,8,27,111,146,1.2945205479452055,0.046783966888104454,669,I promise I’ll never forget our anniversary again.
1995,847,8,27,111,146,1.2945205479452055,0.046783966888104454,669,"I would invite you up, but my home owner's insurance won't cover flames of passion."
2361,847,7,29,110,146,1.2945205479452055,0.04576315380847012,669,"Y’know, once in a while it would be nice to see some fire."
363,847,10,23,113,146,1.2945205479452055,0.04876152356485978,669,"No, there's no Khaleesi here."
242,847,7,29,110,146,1.2945205479452055,0.04576315380847012,669,I am not a damsel and I wasn't in distress until you knocked!
2677,867,10,28,125,163,1.294478527607362,0.04516501369728003,669,It will never work Smaugy-Poo. I’m a wealthy princess and you’re...you're a Sander’s supporter.
1353,868,5,32,107,144,1.2916666666666667,0.04393587720031666,669,Wow... the #MeToo movement has REALLY made a difference
956,868,7,28,109,144,1.2916666666666667,0.0460935082154906,669,"What part of ""No way"" don't you understand?"
563,868,6,30,108,144,1.2916666666666667,0.04502761821911528,669,You have the wrong house. Khaleesi lives next door.
1913,868,5,32,107,144,1.2916666666666667,0.04393587720031666,669,You think some lousy flowers will make up for how badly you botched the finale?
473,868,5,32,107,144,1.2916666666666667,0.04393587720031666,669,I know I can come off as hot headed sometimes...
114,868,4,34,106,144,1.2916666666666667,0.0428163077370785,669,"So, that's one flower for every eyebrow you singed? Not much of an apology."
74,868,8,26,110,144,1.2916666666666667,0.04713530096155743,669,"It’s not you, it’s me!"
2038,868,9,24,111,144,1.2916666666666667,0.0481545604679525,669,"Woke or not, I’m not going."
2144,868,6,30,108,144,1.2916666666666667,0.04502761821911528,669,That's pathetic. Bring back your weight in gold.
2658,868,7,28,109,144,1.2916666666666667,0.0460935082154906,669,"Oh sure, flowers COMPLETELY make up for missing the last 3 months of child support."
2770,868,5,32,107,144,1.2916666666666667,0.04393587720031666,669,"We've progressed a lot in the past few years, but not this much."
3180,868,5,32,107,144,1.2916666666666667,0.04393587720031666,669,Dungeons and Dragons is more than a game — it’s a lifestyle.
1167,868,5,32,107,144,1.2916666666666667,0.04393587720031666,669,"The affair would cost Anne Boleyn her head, but for a brief, shining moment, she felt more alive than ever."
3536,868,7,28,109,144,1.2916666666666667,0.0460935082154906,669,"I'm sorry, Fred. I just don't feel the fire anymore."
1053,868,8,26,110,144,1.2916666666666667,0.04713530096155743,669,"I meant it when I said you are really hot in bed ... but trust me, you don’t want to meet my family. The St. George’s are pretty conservative."
813,883,4,35,109,148,1.2905405405405406,0.042070623235642805,669,You'll never be more to me than an old flame.
225,883,6,31,111,148,1.2905405405405406,0.04420174958245293,669,I just think we've lost some of that fiery passion
1174,883,4,35,109,148,1.2905405405405406,0.042070623235642805,669,"Correct, barbecue the meat, not us."
1943,886,7,31,117,155,1.2903225806451613,0.04386801044765344,669,Aaaahhhh - what do you do with that tail?
2103,886,6,33,116,155,1.2903225806451613,0.04290239107641971,669,shhh...my parents can’t know you are here!
1495,888,3,35,104,142,1.2887323943661972,0.041906643960837875,669,"I'm sorry, I should never have gone on Cindr."
1262,888,8,25,109,142,1.2887323943661972,0.047493340716311595,669,"No sorry,  this is castle 3C. You want castle 3D."
1016,888,6,29,107,142,1.2887323943661972,0.04534134063590939,669,She’s not here right now. She’s out with a horse from Troy.
877,888,5,31,106,142,1.2887323943661972,0.044226090148175225,669,I told you I’m not a virgin!!
834,888,6,29,107,142,1.2887323943661972,0.04534134063590939,669,You're two ice ages late.
803,888,5,31,106,142,1.2887323943661972,0.044226090148175225,669,Sorry I am late. My flight got delayed.
2785,888,5,31,106,142,1.2887323943661972,0.044226090148175225,669,I'm sorry. Saint George is out.
666,888,7,27,108,142,1.2887323943661972,0.04642981037575552,669,I already told you this will never work. You’re simply from the wrong side of the moat.
2804,888,7,27,108,142,1.2887323943661972,0.04642981037575552,669,"When they told me you were a hot date, I didn't take it literally."
2818,888,6,29,107,142,1.2887323943661972,0.04534134063590939,669,"She told me to tell you it's over, she's dating a unicorn now."""
2832,888,5,31,106,142,1.2887323943661972,0.044226090148175225,669,I have no use for a flower bringing dragon.
2846,888,6,29,107,142,1.2887323943661972,0.04534134063590939,669,"This has to end, you’ve burned me one too many times."
2904,888,8,25,109,142,1.2887323943661972,0.047493340716311595,669,It's not yours.
3066,888,10,21,111,142,1.2887323943661972,0.049551969225548984,669,Please don't breathe a word of this — I can't afford another fire insurance hike.
3175,888,5,31,106,142,1.2887323943661972,0.044226090148175225,669,It isn’t you. It’s me.
3181,888,5,31,106,142,1.2887323943661972,0.044226090148175225,669,"Nope, no damsels here."
3502,888,4,33,105,142,1.2887323943661972,0.04308197916678708,669,"Look, this isn’t a date or anything, I just need you to light the grill for me!"
3657,888,5,31,106,142,1.2887323943661972,0.044226090148175225,669,If I kiss you will you turn into a prince?
3895,888,7,27,108,142,1.2887323943661972,0.04642981037575552,669,You might want to consider updating your FaceBook photo.
4080,888,10,21,111,142,1.2887323943661972,0.049551969225548984,669,"Actually, I ordered a *wagonful* of flowers."
4103,888,7,27,108,142,1.2887323943661972,0.04642981037575552,669,Come on in. My father's off reigning someplace.
2128,888,7,27,108,142,1.2887323943661972,0.04642981037575552,669,"I'm a drag queen, not a dragon queen!"
656,888,5,31,106,142,1.2887323943661972,0.044226090148175225,669,Not until you do something about your breath!
187,888,4,33,105,142,1.2887323943661972,0.04308197916678708,669,Not tonight. I'm grounded
532,888,4,33,105,142,1.2887323943661972,0.04308197916678708,669,"Dragon Lilies, Steve, really?"
56,888,9,23,110,142,1.2887323943661972,0.048533571198323196,669,"We both know your first love is arson."""
138,888,8,25,109,142,1.2887323943661972,0.047493340716311595,669,So I guess we won’t need an Uber.
25,888,5,31,106,142,1.2887323943661972,0.044226090148175225,669,I’m more into unicorns.
317,888,5,31,106,142,1.2887323943661972,0.044226090148175225,669,You look different from the photo on your profile.
376,888,6,29,107,142,1.2887323943661972,0.04534134063590939,669,"I told you, that one time was just to make my father angry."
238,888,5,31,106,142,1.2887323943661972,0.044226090148175225,669,Tell the Queen that her prodigal son has returned.
553,888,6,29,107,142,1.2887323943661972,0.04534134063590939,669,Let me check if she's decent.
3219,920,7,29,113,149,1.2885906040268456,0.04496739049982912,669,"But where's the drama? You're just a dragon, standing in front of a girl...asking her to love you."
3818,921,5,30,104,139,1.2877697841726619,0.04479427867946288,669,She doesn’t want to see you. She’s still hot after your last date.
2862,921,9,22,108,139,1.2877697841726619,0.049229920380137036,669,"'I appreciate your thought,but you know that you are an old flame!"""
2025,921,5,30,104,139,1.2877697841726619,0.04479427867946288,669,Your profile picture was wildly deceptive.
1412,921,4,32,103,139,1.2877697841726619,0.043614939961646976,669,"Just to warn you, she's still very hot."
767,921,5,30,104,139,1.2877697841726619,0.04479427867946288,669,"I can't see you any longer. It's not your species, it's your politics."
2610,926,6,30,110,146,1.2876712328767124,0.044497832219482995,669,Only if St. George comes as a chaperone.
864,927,6,29,108,143,1.2867132867132867,0.04506840355452776,669,For me?
3797,928,9,27,121,157,1.286624203821656,0.04522879522522273,669,"Maleficent, it’s for you..."
261,929,6,28,106,140,1.2857142857142858,0.04566029699933242,669,"You call it passion, I call it fire."
517,929,7,26,107,140,1.2857142857142858,0.046772188798323865,669,My father says I can't date dragons.
3607,929,8,24,108,140,1.2857142857142858,0.04785825496092456,669,You looked bigger in your profile picture
3704,929,4,32,104,140,1.2857142857142858,0.04335104238919324,669,Are you finally ready to stop burning bridges?
3206,929,4,32,104,140,1.2857142857142858,0.04335104238919324,669,"After your 'toasting' the host last night, you think flowers are going to fix this?"
2253,929,8,24,108,140,1.2857142857142858,0.04785825496092456,669,"Not now, his Lordship just arrived !"
2786,929,5,30,105,140,1.2857142857142858,0.0445206446398571,669,"So sorry, we already bought flowers from your competitor."
2678,929,5,30,105,140,1.2857142857142858,0.0445206446398571,669,You don’t look anything like your online photo.
2521,929,6,28,106,140,1.2857142857142858,0.04566029699933242,669,Now you tell me you're allergic to flowers?
2083,929,7,26,107,140,1.2857142857142858,0.046772188798323865,669,"I'm sorry, but I have a new hair dryer."
1327,929,10,20,110,140,1.2857142857142858,0.04995960782214444,669,I can't be the damsel to your distress anymore.
1297,929,9,22,109,140,1.2857142857142858,0.0489202155639534,669,Got a light?
975,929,4,32,104,140,1.2857142857142858,0.04335104238919324,669,Did you pick those from MY GARDEN?!?!?
542,929,9,22,109,140,1.2857142857142858,0.0489202155639534,669,"Hi Mom, I’m home!"
840,929,5,30,105,140,1.2857142857142858,0.0445206446398571,669,Size really is everything.
908,929,7,26,107,140,1.2857142857142858,0.046772188798323865,669,"You know the is a meet and greet, not a meet and eat."
879,929,7,26,107,140,1.2857142857142858,0.046772188798323865,669,The family of the knight you cremated has requested a donation to The United Way in lieu of flowers.
2792,929,11,18,111,140,1.2857142857142858,0.050977812199635285,669,"This is unexpected, you look exactly like your Tinder profile."
133,929,5,30,105,140,1.2857142857142858,0.0445206446398571,669,Not until you leave your wife.
78,929,9,22,109,140,1.2857142857142858,0.0489202155639534,669,Dad says I can’t go out until he sees your car.
39,929,5,30,105,140,1.2857142857142858,0.0445206446398571,669,I always imagined you as being more assertive.
558,950,4,33,107,144,1.2847222222222223,0.04257539868376149,669,He’s still here!  Blow some fire and act angry.
1829,951,7,25,105,137,1.2846715328467153,0.047420477725974734,669,"So, Cosmo was correct: Mr. Right is a mythical creature."
1909,951,7,25,105,137,1.2846715328467153,0.047420477725974734,669,Daddy says that you're from the wrong side of the realm.
1917,951,7,25,105,137,1.2846715328467153,0.047420477725974734,669,"OK, but I don't like breathing fire on a first date."
2179,951,3,33,101,137,1.2846715328467153,0.042653638531039366,669,Did they tell you to do this at your anger management classes?
2227,951,4,31,102,137,1.2846715328467153,0.04389390717277673,669,Are we walking or flying?
2248,951,9,21,107,137,1.2846715328467153,0.04963251073309929,669,You USED to bother kidnapping me.
2630,951,8,23,106,137,1.2846715328467153,0.04853909676452005,669,She'll be right down. The asbestos base took much longer than she thought.
2723,951,6,27,104,137,1.2846715328467153,0.04627482577821218,669,I'm going to send out my 'Brave-ish Knight!'
2728,951,5,29,103,137,1.2846715328467153,0.04510008086298866,669,"The only thing stopping me from committing is your breath, it's killing me"
3016,951,10,19,108,137,1.2846715328467153,0.05070235032645914,669,"Go back and tell them I ordered ""flour."""
3145,951,5,29,103,137,1.2846715328467153,0.04510008086298866,669,Come back later. St. George just dropped in for a drink with my father.
3297,951,3,33,101,137,1.2846715328467153,0.042653638531039366,669,I thought I told you to come to the back door.
3315,951,7,25,105,137,1.2846715328467153,0.047420477725974734,669,I told you to be careful with the Viagra.
3452,951,4,31,102,137,1.2846715328467153,0.04389390717277673,669,"Oh Gordon, it could never be, I'm Episcopalian."
3496,951,8,23,106,137,1.2846715328467153,0.04853909676452005,669,A pilfered poesy is no apology for incinerating a thousand peasants!
3510,951,6,27,104,137,1.2846715328467153,0.04627482577821218,669,"Hey Godzilla, your dreamboat is here."
3618,951,7,25,105,137,1.2846715328467153,0.047420477725974734,669,We're not OK until you apologize to Mother and replace all of the singed curtains.
3665,951,5,29,103,137,1.2846715328467153,0.04510008086298866,669,"Sorry, she’s already out on the town with the unicorn."
3869,951,9,21,107,137,1.2846715328467153,0.04963251073309929,669,You’ll need more than that to rekindle our flame.
4026,951,6,27,104,137,1.2846715328467153,0.04627482577821218,669,"The Princess said she's moved on.
But I'm free if you want to talk"
4048,951,7,25,105,137,1.2846715328467153,0.047420477725974734,669,"Oh, please come on in. I want you to meet my brother, George."
4055,951,10,19,108,137,1.2846715328467153,0.05070235032645914,669,Kissing a frog was bad enough.  But this?!
4106,951,6,27,104,137,1.2846715328467153,0.04627482577821218,669,The king does not believe in mixed marriages.
1735,951,6,27,104,137,1.2846715328467153,0.04627482577821218,669,I told you to stay away from here. He will slay you if he finds us together.
1543,951,7,25,105,137,1.2846715328467153,0.047420477725974734,669,I'd know my baby boy anywhere. We have the same tail.
2923,951,4,31,102,137,1.2846715328467153,0.04389390717277673,669,I'm sorry but you have burnt all your bridges here.
1226,951,10,19,108,137,1.2846715328467153,0.05070235032645914,669,We can not see each other anyomore....it’s your breath!
678,951,6,27,104,137,1.2846715328467153,0.04627482577821218,669,Sorry but I'm allergic to daisies
1288,951,8,23,106,137,1.2846715328467153,0.04853909676452005,669,I'M SO GLAD YOU WON ME. THAT KNIGHT  WAS A BEAST!
677,951,3,33,101,137,1.2846715328467153,0.042653638531039366,669,Are you expected?
674,951,4,31,102,137,1.2846715328467153,0.04389390717277673,669,Okay okay I will tell her you brought flowers
531,951,4,31,102,137,1.2846715328467153,0.04389390717277673,669,It just won't work Puff. I'm a Hulu gal and you're an HBO guy.
742,983,6,27,105,138,1.2826086956521738,0.045984569177401784,669,"I'm sorry, she's not here. Can I bring you someone else?"
1697,984,9,22,111,142,1.2816901408450705,0.0483120301873452,669,"Jackie Paper? He's long gone,Puff. I heard he became an accountant and moved to Pougkeepsie."
2632,984,5,30,107,142,1.2816901408450705,0.043982857767029745,669,"I think you're looking for Dragonstone, two castles over..."
3045,986,7,24,104,135,1.2814814814814814,0.04778319825611717,669,"She'll be ready in a minute. She's just having ""the dating chat"" with her dad, St. George."
2531,986,6,26,103,135,1.2814814814814814,0.04661196966520355,669,My father wants to show you his sword before we go.
2451,986,4,30,101,135,1.2814814814814814,0.04417645387582359,669,You look different than your Tinder picture.
2419,986,8,22,105,135,1.2814814814814814,0.04892639732390831,669,"That's not what the fire emoji means, we're over."
2394,986,5,28,102,135,1.2814814814814814,0.04541054279081359,669,She's been burned one too many times to love again.
2333,986,8,22,105,135,1.2814814814814814,0.04892639732390831,669,"Sorry, I have to wash my hair."
2208,986,7,24,104,135,1.2814814814814814,0.04778319825611717,669,"But Karen, he brought me flowers this time instead of a charred baby goat. Maybe he’s ready to settle down!"
4086,986,7,24,104,135,1.2814814814814814,0.04778319825611717,669,"Oh, Drago. Where the hell art mine fire extinguishers?  Deny thy species, and meet me at the balcony."
2169,986,8,22,105,135,1.2814814814814814,0.04892639732390831,669,"Well, you don't look like your online dating photo either."
2148,986,5,28,102,135,1.2814814814814814,0.04541054279081359,669,"OK, I'll be honest. It's your breath."
2031,986,4,30,101,135,1.2814814814814814,0.04417645387582359,669,I’ll tell her you’re here.
1969,986,7,24,104,135,1.2814814814814814,0.04778319825611717,669,Not now!  My father's home.
1948,986,8,22,105,135,1.2814814814814814,0.04892639732390831,669,"Sorry, but now that Game of Thrones is over,
 she's just not that into you anymore."
1867,986,7,24,104,135,1.2814814814814814,0.04778319825611717,669,Deliveries are only accepted at the rear drawbridge.
1847,986,4,30,101,135,1.2814814814814814,0.04417645387582359,669,"Well, it's a start."
1812,986,7,24,104,135,1.2814814814814814,0.04778319825611717,669,He has not quite yet recovered from the burns.
1700,986,6,26,103,135,1.2814814814814814,0.04661196966520355,669,We have to be more discreet - I'll meet you at the pub tonight where we'll blend in with the crowd!
1670,986,8,22,105,135,1.2814814814814814,0.04892639732390831,669,We have to talk...I'm pregnant.
1372,986,5,28,102,135,1.2814814814814814,0.04541054279081359,669,"I'm sorry, but the fire has gone out of our relationship."
1304,986,6,26,103,135,1.2814814814814814,0.04661196966520355,669,"Honey, I swear, you're the only one that sets me on fire."
2562,986,7,24,104,135,1.2814814814814814,0.04778319825611717,669,"You think you hoard all our gold, burn down the village and eat my sister and that bouquet will make up for it?"
4025,986,5,28,102,135,1.2814814814814814,0.04541054279081359,669,I'm slayed.
2586,986,6,26,103,135,1.2814814814814814,0.04661196966520355,669,"Wally, it's over.  Still, we'll always have Paris."
2940,986,6,26,103,135,1.2814814814814814,0.04661196966520355,669,She says there has been a misunderstanding and that she had requested  ONE DRAGOON!!
4009,986,7,24,104,135,1.2814814814814814,0.04778319825611717,669,"I'm sorry, she just left with her other flame."
3848,986,6,26,103,135,1.2814814814814814,0.04661196966520355,669,A few minutes more. She’s watching ‘Game of Thrones.’
1264,986,5,28,102,135,1.2814814814814814,0.04541054279081359,669,"Forget it, Roger. I don’t date old flames."
2681,986,5,28,102,135,1.2814814814814814,0.04541054279081359,669,Not until you give up smoking.
3841,986,5,28,102,135,1.2814814814814814,0.04541054279081359,669,"Sorry, I only date Non-smokers."
3753,986,5,28,102,135,1.2814814814814814,0.04541054279081359,669,Shush.  St. George is here.
3714,986,8,22,105,135,1.2814814814814814,0.04892639732390831,669,But how would we raise the children?
3519,986,6,26,103,135,1.2814814814814814,0.04661196966520355,669,Would it be too much for a first date if you just abducted me?
3517,986,6,26,103,135,1.2814814814814814,0.04661196966520355,669,You said you were 6'11 on your profile not 11'6.
3444,986,4,30,101,135,1.2814814814814814,0.04417645387582359,669,"It’s the fifteenth time you’ve apologized, we only have two more knights left."
3429,986,3,32,100,135,1.2814814814814814,0.042906884733446046,669,I'll let Rapunzel know that she doesn't have to let down her hair this time.
2663,986,7,24,104,135,1.2814814814814814,0.04778319825611717,669,The Game of Thrones is in the next set.
3379,986,5,28,102,135,1.2814814814814814,0.04541054279081359,669,"I'm sorry, but the princess flew off on another dragon yesterday."
3311,986,7,24,104,135,1.2814814814814814,0.04778319825611717,669,"Shh, the prince is here now! I told you Wednesdays and Weekends!"
3028,986,7,24,104,135,1.2814814814814814,0.04778319825611717,669,You snoring almost burned the house down and you bring daises?
3276,986,4,30,101,135,1.2814814814814814,0.04417645387582359,669,You just missed him! He's gone out to slay you.
2824,986,9,20,106,135,1.2814814814814814,0.05004348783418763,669,But if I kiss you will you turn into Donald Trump?
3171,986,6,26,103,135,1.2814814814814814,0.04661196966520355,669,"I'm sorry, Stanley, it's over. Nice guys don't burn up villages."
3074,986,7,24,104,135,1.2814814814814814,0.04778319825611717,669,How to you say 'Games of Thrones Unemployment Office?' in dragon?
2606,986,6,26,103,135,1.2814814814814814,0.04661196966520355,669,Sorry but you looked way smaller on your profile pic!
1230,986,5,28,102,135,1.2814814814814814,0.04541054279081359,669,Are you here to apologize for your beastly behavior?
338,986,8,22,105,135,1.2814814814814814,0.04892639732390831,669,"Sorry, I thought you said you were a dragoon."
1168,986,6,26,103,135,1.2814814814814814,0.04661196966520355,669,She'll be down in just a moment. Why don't you come in and meet Mr. Dragonslayer?
1190,986,8,22,105,135,1.2814814814814814,0.04892639732390831,669,"First, do something about that breath."
17,986,5,28,102,135,1.2814814814814814,0.04541054279081359,669,I think Lancelot is onto us.
59,986,7,24,104,135,1.2814814814814814,0.04778319825611717,669,It's over!  The fire is gone between us.
86,986,7,24,104,135,1.2814814814814814,0.04778319825611717,669,You’ll need to wait. Some girl named Dorothy is here with some weird friends.
166,986,4,30,101,135,1.2814814814814814,0.04417645387582359,669,"I've been catfished."""
177,986,7,24,104,135,1.2814814814814814,0.04778319825611717,669,"Are you Uber"""
215,986,6,26,103,135,1.2814814814814814,0.04661196966520355,669,"I appreciate the gesture, but you just don't set my heart on fire."
296,986,7,24,104,135,1.2814814814814814,0.04778319825611717,669,St. George will be thrilled.
355,986,8,22,105,135,1.2814814814814814,0.04892639732390831,669,"I’m sorry, but my Tesla’s just more fuel-efficient.”"
151,986,7,24,104,135,1.2814814814814814,0.04778319825611717,669,SH...Come around the back.  I don't want my dad to see you.
945,986,6,26,103,135,1.2814814814814814,0.04661196966520355,669,This is 1475 AD ... I believe the party is at 1475 BC..
450,986,6,26,103,135,1.2814814814814814,0.04661196966520355,669,"Oh... uh, hi. Ali is getting ready and will be out in a moment. Meanwhile, tell me, what do your parents do?"
497,986,6,26,103,135,1.2814814814814814,0.04661196966520355,669,I'm his wife.
530,986,5,28,102,135,1.2814814814814814,0.04541054279081359,669,"Your condolences for the knights untimely death are appreciated, but now is not a good time."
565,986,6,26,103,135,1.2814814814814814,0.04661196966520355,669,I was given to understand you'd be a frog.
642,986,5,28,102,135,1.2814814814814814,0.04541054279081359,669,The flame is gone. Flowers can’t fix this.
892,986,7,24,104,135,1.2814814814814814,0.04778319825611717,669,"He’s gone out, we’ve got about a half an hour."
904,986,7,24,104,135,1.2814814814814814,0.04778319825611717,669,The fire's gone out of the relationship.
2650,1051,8,23,108,139,1.2805755395683454,0.04792512425674259,669,"Go wither thy tale pointeth, as my Father, the King, hath declareth thou be too old for me."
2039,1051,5,29,105,139,1.2805755395683454,0.04454238758035183,669,"Sorry, we're just not compatible.  I mean -- you're a Republican!"
4082,1053,6,30,114,150,1.28,0.04347335834630263,669,Could you step inside and warm the place up a bit. It's awfully damp and cold.
2388,1054,7,40,146,193,1.2797927461139897,0.037780039471895274,669,"It's not your family, Bob. Its your breath!"
3088,1055,6,26,104,136,1.2794117647058822,0.04631423463827765,669,I’m sorry. I need a man with more fire in his belly.
1772,1056,7,23,103,133,1.2781954887218046,0.04815268618576098,669,"Oh, great, my Uber’s here."
1655,1056,7,23,103,133,1.2781954887218046,0.04815268618576098,669,She's in the dungeon - roll 8 or higher.
1709,1056,6,25,102,133,1.2781954887218046,0.04695487216840901,669,She doesn't want to see you.  She says you have dragon breath.
1883,1056,6,25,102,133,1.2781954887218046,0.04695487216840901,669,"Thank you, but we have all the huffin, puffin, fire breathing nonsense we need for the day."
1835,1056,5,27,101,133,1.2781954887218046,0.04572569139771301,669,"You must leave the garden, dear .Your serenading has become a fire hazard."
1793,1056,9,19,105,133,1.2781954887218046,0.05046309067040849,669,"When you texted that you had been in ‘Game of Thrones,’ I was thinking more along the lines of Richard Madden."
1818,1056,3,31,99,133,1.2781954887218046,0.043162443405041315,669,Our wedding would get crazy likes!
1834,1056,4,29,100,133,1.2781954887218046,0.04446254251891293,669,"Sorry, but I’ve heard about your dinner dates."
1875,1056,5,27,101,133,1.2781954887218046,0.04572569139771301,669,You know I don’t like roses!
1781,1056,3,31,99,133,1.2781954887218046,0.043162443405041315,669,"Um, aren’t you supposed to be a frog?"
3805,1056,4,29,100,133,1.2781954887218046,0.04446254251891293,669,"Come in, George just  left."
1394,1056,5,27,101,133,1.2781954887218046,0.04572569139771301,669,"Sorry, your show was cancelled."
1582,1056,3,31,99,133,1.2781954887218046,0.043162443405041315,669,You must go! The rabble will never understand our love.
1561,1056,8,21,104,133,1.2781954887218046,0.04932141881026054,669,"I was thinking, ‘better the devil you know ...’"
1534,1056,2,33,98,133,1.2781954887218046,0.041821948234636905,669,Go ahead and circle the castle. My parents didn't think you'd show.
1442,1056,7,23,103,133,1.2781954887218046,0.04815268618576098,669,Mothers day was last month.
1431,1056,7,23,103,133,1.2781954887218046,0.04815268618576098,669,Thanks for sitting down to hear the bad news that my new boyfriend is a real prince.
1924,1056,4,29,100,133,1.2781954887218046,0.04446254251891293,669,You know I’m allergic to snapdragons.
1374,1056,5,27,101,133,1.2781954887218046,0.04572569139771301,669,"Why, Princess Estrilda, it's one of your old flames!"
3832,1056,9,19,105,133,1.2781954887218046,0.05046309067040849,669,I'm sorry. It's just that my sister was expecting a frog.
1306,1056,6,25,102,133,1.2781954887218046,0.04695487216840901,669,"You burned down the East Tower,  flowers aren't going to cut it!"
1274,1056,6,25,102,133,1.2781954887218046,0.04695487216840901,669,Sooo... two castles that way?
1250,1056,6,25,102,133,1.2781954887218046,0.04695487216840901,669,Just ignore my father --he used to be a knight.
1242,1056,3,31,99,133,1.2781954887218046,0.043162443405041315,669,I only want your friendship. And occasionally a ride.
1606,1056,8,21,104,133,1.2781954887218046,0.04932141881026054,669,Come in
1933,1056,7,23,103,133,1.2781954887218046,0.04815268618576098,669,You don't look anything like your picture.
2436,1056,8,21,104,133,1.2781954887218046,0.04932141881026054,669,"Don't be afraid. I'm Puff, looking for a friend."
2047,1056,6,25,102,133,1.2781954887218046,0.04695487216840901,669,You'll find her in the tall tower at the back
3441,1056,8,21,104,133,1.2781954887218046,0.04932141881026054,669,"It was a great knight, but that's all it was."
3664,1056,4,29,100,133,1.2781954887218046,0.04446254251891293,669,I need fire power not flower power.
3334,1056,5,27,101,133,1.2781954887218046,0.04572569139771301,669,I'm sorry we can't continue to see each other after the president's ban on interspecies relationships.
3323,1056,6,25,102,133,1.2781954887218046,0.04695487216840901,669,Sorry - George is at knight training camp.  I’ll let him know you stopped by when he gets back.
3732,1056,7,23,103,133,1.2781954887218046,0.04815268618576098,669,You looked a lot different on your profile pic.
3268,1056,6,25,102,133,1.2781954887218046,0.04695487216840901,669,She thought you'd be ridding a white horse.
3266,1056,7,23,103,133,1.2781954887218046,0.04815268618576098,669,"I’m considered handsome, and handy at cookouts!"
3260,1056,6,25,102,133,1.2781954887218046,0.04695487216840901,669,"Charles! I’m still not talking to you, you ate my horse. Remember?!"
3131,1056,6,25,102,133,1.2781954887218046,0.04695487216840901,669,Your profile said you're looking forward to a hot night out on the town.
3096,1056,6,25,102,133,1.2781954887218046,0.04695487216840901,669,Of course they're for ME! - You've eaten ALL the others!
3764,1056,4,29,100,133,1.2781954887218046,0.04446254251891293,669,I’m sorry she’s busy kissing toads.
2664,1056,4,29,100,133,1.2781954887218046,0.04446254251891293,669,"Oh, I thought she said her date was draggin' her to the prom."
3767,1056,5,27,101,133,1.2781954887218046,0.04572569139771301,669,This won't work until you do something about your breath.
2628,1056,9,19,105,133,1.2781954887218046,0.05046309067040849,669,"Sorry, you're just too hot for me."
2563,1056,4,29,100,133,1.2781954887218046,0.04446254251891293,669,I don't think I specified dragons on tinder... but come on in
2530,1056,4,29,100,133,1.2781954887218046,0.04446254251891293,669,She's not in. I'm her mother.
2506,1056,6,25,102,133,1.2781954887218046,0.04695487216840901,669,A GPS tail.Cool.
2468,1056,6,25,102,133,1.2781954887218046,0.04695487216840901,669,"Thanks, Puff, but those aren't the botanicals I was expecting."
1216,1056,6,25,102,133,1.2781954887218046,0.04695487216840901,669,"Knock it off Clyde.  You're not the first one to come singing ""Stop Dragon My Heart Around"" you know!"
2367,1056,7,23,103,133,1.2781954887218046,0.04815268618576098,669,Is it Mother’s Day already?
2347,1056,3,31,99,133,1.2781954887218046,0.043162443405041315,669,"O.K.,but wipe your feet."
2319,1056,5,27,101,133,1.2781954887218046,0.04572569139771301,669,"Your sweet Carl, but it’s all about the fire...where’s the fire?"
2311,1056,4,29,100,133,1.2781954887218046,0.04446254251891293,669,"This is a Disney House, Universal is the next castle over the ridge!"
2246,1056,5,27,101,133,1.2781954887218046,0.04572569139771301,669,"well, at least one of you three remembered Mother's Day!"
2139,1056,4,29,100,133,1.2781954887218046,0.04446254251891293,669,"Thank god, the prince slayer."
3803,1056,5,27,101,133,1.2781954887218046,0.04572569139771301,669,"You tried to eat me... So no, apology not accepted."
1207,1056,6,25,102,133,1.2781954887218046,0.04695487216840901,669,"I told you, it was just a one knight thing."
1013,1056,5,27,101,133,1.2781954887218046,0.04572569139771301,669,Ok but if I say well done don’t get any ideas
1184,1056,7,23,103,133,1.2781954887218046,0.04815268618576098,669,I was expecting St. George.
3451,1056,4,29,100,133,1.2781954887218046,0.04446254251891293,669,Sorry. My dad says I can only date within my species.
23,1056,7,23,103,133,1.2781954887218046,0.04815268618576098,669,She'll be right down and I want her home by eight. Not ate!
1185,1056,9,19,105,133,1.2781954887218046,0.05046309067040849,669,The King told me to tell you to leave. He does not consider you hot stuff.
270,1056,5,27,101,133,1.2781954887218046,0.04572569139771301,669,"You’re not planning to take me up the Empire State Building, are you?"
284,1056,4,29,100,133,1.2781954887218046,0.04446254251891293,669,"I'm just a boy-ish, standing in front of a girl, asking her to love him."
291,1056,3,31,99,133,1.2781954887218046,0.043162443405041315,669,Psst... I think you got the White Knight's script by mistake.
364,1056,7,23,103,133,1.2781954887218046,0.04815268618576098,669,Dragon breath was not a compliment.
422,1056,5,27,101,133,1.2781954887218046,0.04572569139771301,669,"The flowers are pretty, but that is a breathtaking gender symbol."""
456,1056,7,23,103,133,1.2781954887218046,0.04815268618576098,669,"OK, but no firebreathing or petting on the first date"
485,1056,9,19,105,133,1.2781954887218046,0.05046309067040849,669,"Sorry, but we don't subscribe to HBO."
4146,1056,8,21,104,133,1.2781954887218046,0.04932141881026054,669,Can we wait till things cool down?
4087,1056,3,31,99,133,1.2781954887218046,0.043162443405041315,669,"The flowers are sweet, but you look nothing like your profile photo."
4028,1056,4,29,100,133,1.2781954887218046,0.04446254251891293,669,But I hope we can still remain friends.
65,1056,6,25,102,133,1.2781954887218046,0.04695487216840901,669,Is it too late to swipe left?
759,1056,7,23,103,133,1.2781954887218046,0.04815268618576098,669,I'm so sorry! The is the PENdragon's castle. The Dragon's castle is on the moor beyond the fen.
1173,1056,9,19,105,133,1.2781954887218046,0.05046309067040849,669,"Ooh, fabulous! I’ll get a vase for those. He’ll be so pleased you’re here!"
744,1056,9,19,105,133,1.2781954887218046,0.05046309067040849,669,"For the LAST TIME, Tommy left here years ago and he took his sealing wax with him!"
1161,1056,10,17,106,133,1.2781954887218046,0.05157949870406471,669,Is now a bad time?
3897,1056,8,21,104,133,1.2781954887218046,0.04932141881026054,669,"Flowers?! Oh, Draco, you slay me."
1124,1056,4,29,100,133,1.2781954887218046,0.04446254251891293,669,You must be here for my brother.
1098,1056,10,17,106,133,1.2781954887218046,0.05157949870406471,669,"You smell nice, but the finale still ruined it for me."
1093,1056,8,21,104,133,1.2781954887218046,0.04932141881026054,669,"You take Tinder quite literally, don't you? Still glad I swept right."
3534,1056,10,17,106,133,1.2781954887218046,0.05157949870406471,669,"You overheard the Fairy Tale Wedding part correctly, but I said with a Sire Breeding Pagan."
4005,1056,7,23,103,133,1.2781954887218046,0.04815268618576098,669,Close! Cinderella's is three castles down on the left.
1022,1056,7,23,103,133,1.2781954887218046,0.04815268618576098,669,It was hot until it was not.
915,1056,5,27,101,133,1.2781954887218046,0.04572569139771301,669,"Oh Fred, Daddy says I can't date immigrants."
770,1056,6,25,102,133,1.2781954887218046,0.04695487216840901,669,Well this isn't who either of us was expecting
1086,1056,11,15,107,133,1.2781954887218046,0.05267224936449324,669,Mr. Trump says you're not his type.
850,1056,4,29,100,133,1.2781954887218046,0.04446254251891293,669,Happy Mother's Day!
1043,1142,5,30,109,144,1.2777777777777777,0.043457376303801656,669,"I'm sorry, I have no idea what you are saying - we don't speak Welsh"
1837,1143,6,26,105,137,1.2773722627737227,0.04602014676247625,669,Hello handsome! I was thinking...maybe for a change you’d like to have a quiet knight in?
292,1143,5,28,104,137,1.2773722627737227,0.04483872992273619,669,You look different in your profile picture
1558,1145,5,27,102,134,1.2761194029850746,0.045430633230546524,669,"It's over. There's fire in your belly, but your ass is dragon."
2882,1145,2,33,99,134,1.2761194029850746,0.0415605568276737,669,But I have really  been working on my anger issues.
3160,1145,8,21,105,134,1.2761194029850746,0.0489959690957387,669,"Hi Puff, I am afraid the magic is gone, 
but I will take the flowers to her."
3947,1145,8,21,105,134,1.2761194029850746,0.0489959690957387,669,She's putting on some sunscreen. You singed her eyebrows on your last date.
3327,1145,4,29,101,134,1.2761194029850746,0.04417829314374187,669,Note to self: profile photos can be misleading.
203,1145,3,31,100,134,1.2761194029850746,0.04288940119027477,669,DON''T sneeze!
502,1145,11,15,108,134,1.2761194029850746,0.052318902315823916,669,Two flowers? Grendel brought me chocolates!
401,1152,6,24,101,131,1.2748091603053435,0.047303613388792874,669,No. You've burned me too many times before.
819,1152,6,24,101,131,1.2748091603053435,0.047303613388792874,669,"Season Nine: Act One, Scene One"
817,1152,3,30,98,131,1.2748091603053435,0.04342018428504746,669,"I’m sorry, Bruce, I really am. But it’s over. We’ve just grown in different directions."
42,1152,5,26,100,131,1.2748091603053435,0.04604554297149816,669,"I'm really sorry, our dragon is in the mountains on vacation."
514,1152,7,22,102,131,1.2748091603053435,0.048529080474831635,669,Not now love. Wait until the king goes out looking for you.
4027,1152,4,28,99,131,1.2748091603053435,0.04475211967542748,669,"Goodbye, Algernon."
1421,1152,5,26,100,131,1.2748091603053435,0.04604554297149816,669,"Well look what the cat dragon."""
3634,1152,4,28,99,131,1.2748091603053435,0.04475211967542748,669,Your photo is a bit out of date I see.
2672,1152,6,24,101,131,1.2748091603053435,0.047303613388792874,669,"Sorry, she went out with Barney."
2617,1152,3,30,98,131,1.2748091603053435,0.04342018428504746,669,This isn't a good time. My parents are still mad about the village you burned down.
2535,1152,10,16,105,131,1.2748091603053435,0.05203259639900345,669,Have we met?
2399,1152,6,24,101,131,1.2748091603053435,0.047303613388792874,669,"C'mon, you ate the Prince. Give me some time."
2312,1152,3,30,98,131,1.2748091603053435,0.04342018428504746,669,"I think you want Khaleesi's place, two doors down."
1993,1152,3,30,98,131,1.2748091603053435,0.04342018428504746,669,"That's better, but when are you seeing the doctor about your breath?"
1030,1152,6,24,101,131,1.2748091603053435,0.047303613388792874,669,"Gee, you sure you don't look like your photos."
2634,1152,9,18,104,131,1.2748091603053435,0.05089156389742101,669,You looked taller in your Tinder profile.
389,1168,5,27,103,135,1.2740740740740741,0.04513921666476789,669,"I'm so sorry, Alvin. I don't date smokers."
130,1168,7,23,105,135,1.2740740740740741,0.04752541972603657,669,It’s got a lot to do with your breath..
679,1168,4,29,102,135,1.2740740740740741,0.043897500630392564,669,Sorry. We’ve already got one.
3612,1168,5,27,103,135,1.2740740740740741,0.04513921666476789,669,"Sorry, but you left me in distress one too many times."
45,1172,9,25,123,157,1.2738853503184713,0.04483029586946742,669,"OK, here it goes. In retrospect, I see now that it wasn’t a nice thing to incinerate the prince and I admit that a lot of it was, you know, maybe my fault. But I’d like to, I guess, sort of... apologize?"
1648,1172,7,29,121,157,1.2738853503184713,0.042970184931970835,669,She said something about a fire drill...
67,1174,5,25,98,128,1.2734375,0.046684941138279756,669,You're Dragon my heart around.
703,1174,6,23,99,128,1.2734375,0.047984531102717234,669,Is there something expecting you?
1789,1174,6,23,99,128,1.2734375,0.047984531102717234,669,Boy I hope this date doesn’t drag-on
2582,1174,5,25,98,128,1.2734375,0.046684941138279756,669,Meet me out back in twenty minutes. Keep the car running.
635,1174,4,27,97,128,1.2734375,0.04534812270669706,669,"No, no. Come back to see me tomorrow afternoon when George will be away."
3102,1174,2,31,95,128,1.2734375,0.04254866908489229,669,I'm already going to prom with Saint George.
4057,1174,6,23,99,128,1.2734375,0.047984531102717234,669,I thought for our first date we agreed to meet at the coffee shop?
490,1181,6,24,103,133,1.2706766917293233,0.046680440407283315,669,"I love you, but your breath..."
2801,1181,5,26,102,133,1.2706766917293233,0.04544383731668337,669,I really like you but this is a non-smoking kingdom.
2656,1181,6,24,103,133,1.2706766917293233,0.046680440407283315,669,I'm sorry Beowulf; your mother's here.
1645,1181,7,22,104,133,1.2706766917293233,0.047885119642438766,669,"Honey, now that Game of Thrones is over I won’t have to travel for work anymore."
3322,1181,4,28,101,133,1.2706766917293233,0.044172629347962046,669,I'm Sorry. The princess thought you were a frog.
429,1181,4,28,101,133,1.2706766917293233,0.044172629347962046,669,Go away! I told you that my parents would never understand.
437,1181,4,28,101,133,1.2706766917293233,0.044172629347962046,669,"Well, aren’t you looking dragonair."
1035,1181,7,22,104,133,1.2706766917293233,0.047885119642438766,669,"If the chocolate melted, why is it all over your lips?”"
3486,1189,8,27,124,159,1.270440251572327,0.04342396619375543,669,"We’re simply incompatible.  You keep incinerating all my favorite places.”

Robert Van Brocklin, Portland, Ore"
2975,1190,7,23,107,137,1.27007299270073,0.04691382528075054,669,You don't look like our regular 1-800-FLOWERS delivery person.
1464,1191,6,22,98,126,1.2698412698412698,0.04835411495786609,669,"You can come up to my room, but go tippy-toe so my daddy doesn't hear you."
1036,1191,4,26,96,126,1.2698412698412698,0.04565251558666045,669,"Really, it's not your breath."
1570,1191,6,22,98,126,1.2698412698412698,0.04835411495786609,669,You looked a bit different in your Grinder photo.
1692,1191,7,20,99,126,1.2698412698412698,0.049649819338469466,669,"So...if I give you a kiss, you'll turn into a prince?"
1707,1191,6,22,98,126,1.2698412698412698,0.04835411495786609,669,"Sorry, no flowers allowed."
1764,1191,5,24,97,126,1.2698412698412698,0.047022721171518796,669,Did you bring breath mints?
1819,1191,8,18,100,126,1.2698412698412698,0.0509125592297891,669,I think you are looking for sixty-six million BCE.  It's directly behind you.
1281,1191,6,22,98,126,1.2698412698412698,0.04835411495786609,669,"Really, it's not you personally . It's your breath."
1466,1191,8,18,100,126,1.2698412698412698,0.0509125592297891,669,"You didn’t hear this from me, but you might want to try breath mints."
2241,1191,5,24,97,126,1.2698412698412698,0.047022721171518796,669,You looked shorter in your Tinder pic.
2080,1191,6,22,98,126,1.2698412698412698,0.04835411495786609,669,"Sorry, but I already found a toad and he's a much gentler kisser."
3909,1191,2,30,94,126,1.2698412698412698,0.0427806489598045,669,I think there's a problem.  We don't get HBO.
3858,1191,7,20,99,126,1.2698412698412698,0.049649819338469466,669,"""Saint George.""  You have a visitor."
3821,1191,5,24,97,126,1.2698412698412698,0.047022721171518796,669,"Sorry, she’s out for the Knight."
3789,1191,5,24,97,126,1.2698412698412698,0.047022721171518796,669,Do you think anybody saw you?
3038,1191,6,22,98,126,1.2698412698412698,0.04835411495786609,669,New to Tinder. Thought I swiped left.
2973,1191,5,24,97,126,1.2698412698412698,0.047022721171518796,669,No need to bring flowers. I'm just looking for a Sugar Dragon
2866,1191,5,24,97,126,1.2698412698412698,0.047022721171518796,669,"I realize you breathe fire, but that doesn't make you smoking hot."
2796,1191,4,26,96,126,1.2698412698412698,0.04565251558666045,669,"Your photo on ""match.com"" was very different"
2624,1191,7,20,99,126,1.2698412698412698,0.049649819338469466,669,Oh my.  I'd hoped you were just a bad trip brought on by my occasional overconsumption of magic mushrooms.
2391,1191,7,20,99,126,1.2698412698412698,0.049649819338469466,669,She told me to tell you that she never wants to see you again because you have dragon breath.
2390,1191,3,28,95,126,1.2698412698412698,0.04423989209306628,669,She's  out with the dragon  slayer  tonight.
2371,1191,7,20,99,126,1.2698412698412698,0.049649819338469466,669,"Quick, behind the dungeon.
Or Father will see us."
886,1191,7,20,99,126,1.2698412698412698,0.049649819338469466,669,Sir George say's he won't let you treat him that way and he never ever wants to see you again!
2140,1191,5,24,97,126,1.2698412698412698,0.047022721171518796,669,I'm not letting my daughter be wooed by a cheapskate dragon who can't at least bring some treasure.
2081,1191,5,24,97,126,1.2698412698412698,0.047022721171518796,669,Lose the posies and come back with flame-roasted cauliflower steaks!
1845,1191,8,18,100,126,1.2698412698412698,0.0509125592297891,669,You can huff and puff all you want but she's not coming out.
720,1191,7,20,99,126,1.2698412698412698,0.049649819338469466,669,‘Me sorry about last knight.’
277,1191,5,24,97,126,1.2698412698412698,0.047022721171518796,669,In said appear in DRAG!
443,1191,7,20,99,126,1.2698412698412698,0.049649819338469466,669,It's not a knock-knock joke?
50,1191,5,24,97,126,1.2698412698412698,0.047022721171518796,669,Pete's not home.
616,1191,8,18,100,126,1.2698412698412698,0.0509125592297891,669,Shhh! The king's home! Meet you at the Hippogriff Inn as soon as I change into my scales.
170,1223,6,24,104,134,1.2686567164179106,0.04637478281143451,669,My folks will just never accept a mixed marriage.
3141,1224,3,35,115,153,1.2679738562091503,0.03935161627056306,669,I'm actually ready to see other people
2849,1225,5,24,98,127,1.2677165354330708,0.04669935501144436,669,"Let’s not let this relationship drag on.” 

John Fletcher, Los Angeles, C"
1110,1225,5,24,98,127,1.2677165354330708,0.04669935501144436,669,But Dino your tail’s too big.
954,1225,5,24,98,127,1.2677165354330708,0.04669935501144436,669,"Um, just a minute. St. George!!!!!"
1983,1228,7,28,122,157,1.267515923566879,0.04275175275514142,669,“No thanks. We've already had a free home security inspection.”
3979,1229,7,22,106,135,1.2666666666666666,0.04725757139521219,669,Your not dragon me out of here tonight.
1809,1229,5,26,104,135,1.2666666666666666,0.04485712223433967,669,"I',m sorry; you just don't look anything like your profile picture..."
2897,1231,6,21,97,124,1.2661290322580645,0.04873009820953448,669,He's still upset that you melted the sealing wax he brought to you.
989,1231,6,21,97,124,1.2661290322580645,0.04873009820953448,669,But I'm allergic to flowers!
2381,1231,4,25,95,124,1.2661290322580645,0.045960437164890795,669,You looked a lot younger on your profile.
2355,1231,5,23,96,124,1.2661290322580645,0.047365516232269395,669,"Sorry, she's not allowed to date older dragons."
2267,1231,6,21,97,124,1.2661290322580645,0.04873009820953448,669,Come around back.  My father has this entrance watched.
2127,1231,4,25,95,124,1.2661290322580645,0.045960437164890795,669,The Princess will be with you as soon as we can zipper up her asbestos gown.
2118,1231,5,23,96,124,1.2661290322580645,0.047365516232269395,669,You had me at forked tail.
1860,1231,9,15,100,124,1.2661290322580645,0.05261191407082027,669,"If you don't serve cocktails, i'd sooner take a 747"
1824,1231,4,25,95,124,1.2661290322580645,0.045960437164890795,669,Prince Charming will be down in a minute.
1677,1231,4,25,95,124,1.2661290322580645,0.045960437164890795,669,"Oh dear. Wait, let me get a  vase."
1594,1231,7,19,98,124,1.2661290322580645,0.05005749509386557,669,Bare the blooms.  The hat will not double as tassel.
1549,1231,3,27,94,124,1.2661290322580645,0.044511026059015704,669,My snoring?  That’s the problem?
1533,1231,6,21,97,124,1.2661290322580645,0.04873009820953448,669,My knight is where?
1465,1231,5,23,96,124,1.2661290322580645,0.047365516232269395,669,I told you to come around to the back entrance.
1068,1231,9,15,100,124,1.2661290322580645,0.05261191407082027,669,"On your back, Eliot? Really?? IT’S PROM."
2364,1231,5,23,96,124,1.2661290322580645,0.047365516232269395,669,To be honest I was expecting more from your prom-posal.
4006,1231,6,21,97,124,1.2661290322580645,0.04873009820953448,669,Go away. She doesn't want to see you. She says you're a monster.
3953,1231,7,19,98,124,1.2661290322580645,0.05005749509386557,669,She's in the north tower.
3937,1231,7,19,98,124,1.2661290322580645,0.05005749509386557,669,"Just so you know, I hated 'Game of Thrones.'"
3117,1231,9,15,100,124,1.2661290322580645,0.05261191407082027,669,Left about an hour ago. Said she can start her own fire.
3147,1231,3,27,94,124,1.2661290322580645,0.044511026059015704,669,I may have lied a bit on my Tinder profile.
2659,1231,8,17,99,124,1.2661290322580645,0.051350590635686706,669,"Fred, not tonight. I have a headache."
3153,1231,5,23,96,124,1.2661290322580645,0.047365516232269395,669,"Nice outfit! You don't give up, do you!"
3220,1231,7,19,98,124,1.2661290322580645,0.05005749509386557,669,"I'm happy to see you found work delivering flowers, now that Game of Thrones has ended."
3469,1231,5,23,96,124,1.2661290322580645,0.047365516232269395,669,That’s it; I’m filing a restraining order.
3503,1231,6,21,97,124,1.2661290322580645,0.04873009820953448,669,"I simply can't tonight, I'm out of moisturizer."""
3602,1231,3,27,94,124,1.2661290322580645,0.044511026059015704,669,They shouldn’t suspect anything. Just don’t breathe out until we get inside.
3660,1231,6,21,97,124,1.2661290322580645,0.04873009820953448,669,I do love you... I'm just not ready to subvert this narrative.
3793,1231,2,29,93,124,1.2661290322580645,0.04301280155099031,669,You’re a lot more handsome in person than your online profile picture.
3794,1231,5,23,96,124,1.2661290322580645,0.047365516232269395,669,Mom says you'd need to convert.
2576,1231,3,27,94,124,1.2661290322580645,0.044511026059015704,669,I told them I liked giant SNAPdragons. Sorry.
2534,1231,6,21,97,124,1.2661290322580645,0.04873009820953448,669,"You're awfully sweet, but mixed marriages never work."
3808,1231,6,21,97,124,1.2661290322580645,0.04873009820953448,669,Hang on. I’ll just get my bag.
3888,1231,6,21,97,124,1.2661290322580645,0.04873009820953448,669,"I just don't think you're her type, dear."
2830,1231,5,23,96,124,1.2661290322580645,0.047365516232269395,669,"You didn't tell me you ate her father, Gary."
957,1231,4,25,95,124,1.2661290322580645,0.045960437164890795,669,They want to know if you are a vegan
928,1231,4,25,95,124,1.2661290322580645,0.045960437164890795,669,"I've heard of a Lion King, but never a Dragon Prince."
876,1231,7,19,98,124,1.2661290322580645,0.05005749509386557,669,"Well, I guess we both used old photos."
8,1231,6,21,97,124,1.2661290322580645,0.04873009820953448,669,"Sorry, but you look nothing like your Tinders profile."
147,1231,5,23,96,124,1.2661290322580645,0.047365516232269395,669,"We will go out, but only because you are witty. I heard about your roastings"
157,1231,6,21,97,124,1.2661290322580645,0.04873009820953448,669,"I 'm not coming out tonight, I'm watching Game of Thrones."
228,1231,5,23,96,124,1.2661290322580645,0.047365516232269395,669,This alternate ending for Game of Thrones isn't any better!
268,1231,5,23,96,124,1.2661290322580645,0.047365516232269395,669,"Yes, you have dragon breath."
370,1231,4,25,95,124,1.2661290322580645,0.045960437164890795,669,I ordered Dragon's Breath flowers-- not a dragon with flowers!
163,1231,6,21,97,124,1.2661290322580645,0.04873009820953448,669,"St. George will be out in just a minute.  He's, uh, collecting flowers for you too."
538,1231,5,23,96,124,1.2661290322580645,0.047365516232269395,669,Where were you during Game Of Thrones?
600,1231,9,15,100,124,1.2661290322580645,0.05261191407082027,669,The series is over.  And she died.
646,1231,4,25,95,124,1.2661290322580645,0.045960437164890795,669,Only if you chew a breath mint first.
425,1231,3,27,94,124,1.2661290322580645,0.044511026059015704,669,"She said, over her burnt carcass will she date you again."
733,1231,7,19,98,124,1.2661290322580645,0.05005749509386557,669,I can't keep dating you.  You ate the last three chaperones.
689,1281,6,23,103,132,1.2651515151515151,0.04670479649701895,669,"Sorry, she told me to tell you she only dates vegans."
3522,1282,9,28,137,174,1.264367816091954,0.04149836334740514,669,"I can go on a date. As long as it's not at your house again"""
620,1283,7,28,124,159,1.2641509433962264,0.04227887650481754,669,I'm a little taller than I said I was on my profile...
4004,1284,5,23,97,125,1.264,0.04703327579765272,669,"You can come in, Sheldon, but no smoking."
2018,1284,7,19,99,125,1.264,0.049701041723359256,669,You look like a nice dragon; please come in.
1575,1284,4,25,96,125,1.264,0.04564095500965716,669,"He’s just getting his armour on, and then he’ll be right out."
1392,1284,6,21,98,125,1.264,0.0483855483623218,669,"Oh my! Usually when guys write 6' 0"" it actually means 5' 10"""
1298,1284,6,21,98,125,1.264,0.0483855483623218,669,Your Profile photo looked so different!
476,1284,8,17,100,125,1.264,0.050982602978384826,669,"You ghosted me, now I roasteth thee."
2848,1284,4,25,96,125,1.264,0.04564095500965716,669,That's the last time I kiss a frog!
71,1284,6,21,98,125,1.264,0.0483855483623218,669,"Game of Thrones is on, can you comeback later?"
4077,1284,2,29,94,125,1.264,0.042720396277007036,669,The troll brought me a whole bouquet.
2175,1284,5,23,97,125,1.264,0.04703327579765272,669,Are you here to audition for the Game of Thrones prequel?
3864,1284,6,21,98,125,1.264,0.0483855483623218,669,"For the last time, you’re not my type."
3541,1295,7,20,102,129,1.2635658914728682,0.04862371817943557,669,The moment the princess realized she swiped wrong on Cinder.
3590,1296,9,31,146,186,1.2634408602150538,0.03964804394701999,669,Is this really as good as it gets?
1365,1297,4,27,102,133,1.263157894736842,0.043871039760350776,669,You are not a frog...this isn't going to work...
3551,1298,5,26,106,137,1.2627737226277371,0.044284872770276734,669,The griffin used to bring me a whole bouquet back when we were dating.
1055,1299,9,14,99,122,1.2622950819672132,0.05308945791522168,669,Before Tinder there was Cinder.
343,1300,6,21,99,126,1.2619047619047619,0.0480457076404931,669,"Hate flowers, love dinosaur jerky"
444,1300,6,21,99,126,1.2619047619047619,0.0480457076404931,669,"He can't come to the door, right now, because he doesn't have his armor on, ..can I take a message?"
691,1300,3,27,96,126,1.2619047619047619,0.043902592653775656,669,"You are sweet, and I feel your passion burning, but my Dad is very strict...he doesn't let me fly on school nights."
835,1300,6,21,99,126,1.2619047619047619,0.0480457076404931,669,I said maybe come and light my fire..not baby...
1613,1300,3,27,96,126,1.2619047619047619,0.043902592653775656,669,I knew your Tinder profile picture was too good to be true!
309,1300,8,17,101,126,1.2619047619047619,0.050619741965403094,669,You had a lot more hair in your photo.
4105,1300,5,23,98,126,1.2619047619047619,0.04670552318186373,669,I’m tired of bad boys.
2872,1307,3,25,91,119,1.2605042016806722,0.04538553591128305,669,Didn't you see the season finale?
200,1307,5,21,93,119,1.2605042016806722,0.04842217029986229,669,I've been burned too many times in past relationships.
3603,1307,5,21,93,119,1.2605042016806722,0.04842217029986229,669,Be a sweetie and wait a minute; I can't decide what to wear . . .
952,1307,3,25,91,119,1.2605042016806722,0.04538553591128305,669,I fear that I don't feel the same spark that you do.
1951,1307,6,19,94,119,1.2605042016806722,0.04987119839993938,669,"Ms. Rowling says she's flattered, but she's already married."
3587,1307,3,25,91,119,1.2605042016806722,0.04538553591128305,669,"Sure,now that the Dargareyn wench dumped your sorry fire breathing self. You come flying back to me ?"
2219,1307,6,19,94,119,1.2605042016806722,0.04987119839993938,669,"Well, the Queen did say that when she fell in love it would be a romance for the ages."
2448,1307,5,21,93,119,1.2605042016806722,0.04842217029986229,669,Snap Dragons? Really? How gauche!
2555,1307,6,19,94,119,1.2605042016806722,0.04987119839993938,669,"HE'S THREATENING ""FIRE AND FURY"" AGAIN!!!!"
2558,1307,4,23,92,119,1.2605042016806722,0.046928421273803936,669,"Np, there's no one here named Jackie Paper."
3338,1307,6,19,94,119,1.2605042016806722,0.04987119839993938,669,I’m not the have fun and puff type.
2069,1307,7,17,95,119,1.2605042016806722,0.051279296827700035,669,"Sorry, but I have a date with Godzilla tonight."
1459,1307,3,25,91,119,1.2605042016806722,0.04538553591128305,669,It's that last Dragon again from Game of Thrones.  He wants to audition for the prequel.
3677,1307,5,21,93,119,1.2605042016806722,0.04842217029986229,669,"We're out back. You brought your suit, right?"
3302,1321,4,26,101,131,1.2595419847328244,0.04413690634167973,669,You told me to scale down on the gifts.
428,1322,4,27,104,135,1.2592592592592593,0.04330585040333075,669,"Apology accepted. Now, run along before the White Knight gets home."
2795,1322,4,27,104,135,1.2592592592592593,0.04330585040333075,669,"I’m sorry, George is not in."
832,1324,6,20,98,124,1.2580645161290323,0.04840894689803205,669,"It’s me, not you."
2035,1324,7,18,99,124,1.2580645161290323,0.04974491414544795,669,No tie!? My dad's gonna freak!
137,1326,5,23,100,128,1.2578125,0.04606313835709762,669,Couldn't you have just sent a text?
1337,1327,7,16,94,117,1.2564102564102564,0.051722248637346306,669,No more auditions! Game of Thrones is over!
1399,1327,6,18,93,117,1.2564102564102564,0.05027751771692531,669,"Just a dolphin, maam."
2868,1327,5,20,92,117,1.2564102564102564,0.04879002532739663,669,You said you would call.
1518,1327,2,26,89,117,1.2564102564102564,0.04402703626710301,669,"Milady says it's not you,it's your breath."
1571,1327,5,20,92,117,1.2564102564102564,0.04879002532739663,669,She thinks you're hot too.  But not that kind of hot.
1650,1327,3,24,90,117,1.2564102564102564,0.04566992597752418,669,I’m here regarding the personals ad posted on SirCraigslist.
1901,1327,5,20,92,117,1.2564102564102564,0.04879002532739663,669,I'd consider it if you did something about your breath.
1934,1327,4,22,91,117,1.2564102564102564,0.047255733568745614,669,What did you say to her this time?
2701,1327,6,18,93,117,1.2564102564102564,0.05027751771692531,669,Things have certainly changed since St. George took his summer break.
2700,1327,6,18,93,117,1.2564102564102564,0.05027751771692531,669,Do you like my hat?
2495,1327,4,22,91,117,1.2564102564102564,0.047255733568745614,669,"I'm sorry to have to tell you this, but she eloped with a unicorn two days ago."
1972,1327,4,22,91,117,1.2564102564102564,0.047255733568745614,669,"If you apologize, they will know you left the coffee cup on the set."
2153,1327,4,22,91,117,1.2564102564102564,0.047255733568745614,669,"Jessica? Sorry, nobody here by that name."
2161,1327,4,22,91,117,1.2564102564102564,0.047255733568745614,669,You look nothing like your FaceBook photos.
2222,1327,4,22,91,117,1.2564102564102564,0.047255733568745614,669,Shhh. Don't wake Dad.
2457,1327,3,24,90,117,1.2564102564102564,0.04566992597752418,669,"Flowers are nice, but they don’t change the fact that you’re a dragon, for God’s sake!"
1931,1327,5,20,92,117,1.2564102564102564,0.04879002532739663,669,Is your brother home?
2983,1327,3,24,90,117,1.2564102564102564,0.04566992597752418,669,I know you've been burned too many times.
3630,1327,6,18,93,117,1.2564102564102564,0.05027751771692531,669,"I'm sorry, but you're not my type."
3359,1327,3,24,90,117,1.2564102564102564,0.04566992597752418,669,I enjoy you’re company but I think you’re a bit overprotective.
3717,1327,4,22,91,117,1.2564102564102564,0.047255733568745614,669,It hasn't even been six months since you were eating my best friend.
3746,1327,2,26,89,117,1.2564102564102564,0.04402703626710301,669,"No, I asked for snapdragons."
3749,1327,5,20,92,117,1.2564102564102564,0.04879002532739663,669,Not now.  My Knight is back from his crusade
3756,1327,4,22,91,117,1.2564102564102564,0.047255733568745614,669,"Wait, you're not Khaleesi."
3778,1327,3,24,90,117,1.2564102564102564,0.04566992597752418,669,Seriously? 26?
3893,1327,3,24,90,117,1.2564102564102564,0.04566992597752418,669,I'm not looking for a fairy tale romance.
4140,1327,3,24,90,117,1.2564102564102564,0.04566992597752418,669,Sorry for burning down the rest of your garden.
3488,1327,3,24,90,117,1.2564102564102564,0.04566992597752418,669,Are you here to install the cable?
3474,1327,6,18,93,117,1.2564102564102564,0.05027751771692531,669,"So you DO look like your profile picture!"""
3445,1327,3,24,90,117,1.2564102564102564,0.04566992597752418,669,"Sorry, I have to wash my cone."
3466,1327,3,24,90,117,1.2564102564102564,0.04566992597752418,669,"I told you, no date until you do something about that dragon breath."
1315,1327,3,24,90,117,1.2564102564102564,0.04566992597752418,669,He said his burns are healing and will be ready to fight you again next week.
3454,1327,5,20,92,117,1.2564102564102564,0.04879002532739663,669,"That’s so sweet, but another dragon has promised to kidnap me and put me in distress."
3440,1327,6,18,93,117,1.2564102564102564,0.05027751771692531,669,Those flowers don't make up for what you did to the last castle.
3596,1327,2,26,89,117,1.2564102564102564,0.04402703626710301,669,Just FYI my dad is super conservative.
3411,1327,5,20,92,117,1.2564102564102564,0.04879002532739663,669,"Hi, Sweetie, She'll be down in a minute."
3367,1327,4,22,91,117,1.2564102564102564,0.047255733568745614,669,"Rapunzel is washing her hair. Come back in a week. And use some mouthwash, brimstone breath."
3200,1327,6,18,93,117,1.2564102564102564,0.05027751771692531,669,Not dragon lilies again!
1289,1327,6,18,93,117,1.2564102564102564,0.05027751771692531,669,"Ma'am, I was picking wildflowers, but now my car won't start;  may I please use your phone to call AAA?"
2942,1327,1,28,88,117,1.2564102564102564,0.04232041713094367,669,My parents don’t approve of interspecies marriage.
1183,1327,4,22,91,117,1.2564102564102564,0.047255733568745614,669,"I can't date you, my dad thinks you're a hot head"
509,1327,5,20,92,117,1.2564102564102564,0.04879002532739663,669,She says not until you do something about your breath.
186,1327,3,24,90,117,1.2564102564102564,0.04566992597752418,669,She'll be ready as soon as she gets the burn mark out of her asbestos cape
510,1327,4,22,91,117,1.2564102564102564,0.047255733568745614,669,Thanks for the date.  Don't breathe a word and I think I can get back to my room safely.
704,1327,6,18,93,117,1.2564102564102564,0.05027751771692531,669,You don’t look like your picture!
9,1327,3,24,90,117,1.2564102564102564,0.04566992597752418,669,You’re not what I had in mind when the Princess was describing you.
714,1327,4,22,91,117,1.2564102564102564,0.047255733568745614,669,You are violating the restraining order.
1186,1327,4,22,91,117,1.2564102564102564,0.047255733568745614,669,Do you have protection
775,1327,5,20,92,117,1.2564102564102564,0.04879002532739663,669,You were to literal in your expectations of Tinder.
205,1327,6,18,93,117,1.2564102564102564,0.05027751771692531,669,She says she can't forgive you for that fiery speech.
836,1327,6,18,93,117,1.2564102564102564,0.05027751771692531,669,"They respect your years of experience,but the producers decided to go with a fresh new face for the sequel. Please don't burn the messenger."
978,1327,7,16,94,117,1.2564102564102564,0.051722248637346306,669,You don’t look much like your profile pic
1003,1327,5,20,92,117,1.2564102564102564,0.04879002532739663,669,"I'm sorry, St. George says you really have to stop 'just dropping by to say hello.'"
1018,1327,5,20,92,117,1.2564102564102564,0.04879002532739663,669,You look taller in the profile picture.
1025,1327,3,24,90,117,1.2564102564102564,0.04566992597752418,669,I told you to sneak around the back! My parents think I’m sleeping over at Briar Rose’s place tonight.
1044,1327,5,20,92,117,1.2564102564102564,0.04879002532739663,669,One advantage is cutting down on winter heating bills.
1137,1327,5,20,92,117,1.2564102564102564,0.04879002532739663,669,"You're not what you looked like on the internet"", said the dragon"
838,1327,3,24,90,117,1.2564102564102564,0.04566992597752418,669,Could you toast them for me?
487,1327,5,20,92,117,1.2564102564102564,0.04879002532739663,669,And they say the perfect man is a fictional creature...
569,1386,7,29,132,168,1.255952380952381,0.040489082802291125,669,"She says, you are not her type."
628,1387,5,24,104,133,1.255639097744361,0.044846178122827915,669,"If my dad asks, your favorite movie is Dragonslayer."
3098,1387,5,24,104,133,1.255639097744361,0.044846178122827915,669,Oh! You looked much bigger in your Tinder profile picture.
1619,1389,2,25,88,115,1.2521739130434784,0.04426444053396394,669,"You’ll find her down the road, second cave on the left."
2612,1389,4,21,90,115,1.2521739130434784,0.04758625114860667,669,"Uh, look, Jeff, could you come back in 15? I gotta clean up. The last dragon left a mess."
2595,1389,4,21,90,115,1.2521739130434784,0.04758625114860667,669,"Sorry, we bought flowers from the neighborhood orge last week"""
1163,1389,7,15,93,115,1.2521739130434784,0.05217391304347825,669,"Sorry, visiting eras are over... come back in a few aeons"
2507,1389,4,21,90,115,1.2521739130434784,0.04758625114860667,669,Father wants to know what your intentions are.
2499,1389,3,23,89,115,1.2521739130434784,0.045955369621857575,669,You're too late.  The prince already picked her up.
2494,1389,4,21,90,115,1.2521739130434784,0.04758625114860667,669,"She can't see you, she's washing her scales."
2380,1389,6,17,92,115,1.2521739130434784,0.05069084632329303,669,My parents can't wait to finally meet you!
2341,1389,4,21,90,115,1.2521739130434784,0.04758625114860667,669,Your photos looked different.
1236,1389,3,23,89,115,1.2521739130434784,0.045955369621857575,669,Thank goodness. My last blind date was an ogre.
1247,1389,4,21,90,115,1.2521739130434784,0.04758625114860667,669,Apology not accepted.
2182,1389,4,21,90,115,1.2521739130434784,0.04758625114860667,669,Wrong door.
1603,1389,3,23,89,115,1.2521739130434784,0.045955369621857575,669,Go away! You're 65 million years too late.
2154,1389,5,19,91,115,1.2521739130434784,0.04916306133343397,669,She’s in bed with finale angst.
2125,1389,6,17,92,115,1.2521739130434784,0.05069084632329303,669,"It's the lusty month of May, Gwenviere."
2098,1389,5,19,91,115,1.2521739130434784,0.04916306133343397,669,"Very well,I forgive you.  But no more oral sex."
2012,1389,4,21,90,115,1.2521739130434784,0.04758625114860667,669,"Honestly, you seem lovely, but she's taking a break form monsters right now."
1389,1389,3,23,89,115,1.2521739130434784,0.045955369621857575,669,She left with King Kong.
1441,1389,6,17,92,115,1.2521739130434784,0.05069084632329303,669,"Variation on ""Game of Thrones"" caption submission #8379."
1987,1389,4,21,90,115,1.2521739130434784,0.04758625114860667,669,"Sure, c’mon in and we’ll wait for the sequels together.”"
1980,1389,7,15,93,115,1.2521739130434784,0.05217391304347825,669,Late for dinner?? Again??
1939,1389,5,19,91,115,1.2521739130434784,0.04916306133343397,669,From Game of Who?
1453,1389,4,21,90,115,1.2521739130434784,0.04758625114860667,669,It was in very poor taste to apologize with baby’s breaths.”
2621,1389,4,21,90,115,1.2521739130434784,0.04758625114860667,669,"If you'd been turned into a frog, maybe. This is going to be a deal-breaker."
1548,1389,5,19,91,115,1.2521739130434784,0.04916306133343397,669,"Houston, we have a problem."
2129,1389,5,19,91,115,1.2521739130434784,0.04916306133343397,669,"Okay—but ix-nay on the ire-fay, eh?"
1641,1389,5,19,91,115,1.2521739130434784,0.04916306133343397,669,"Come in, but the parents say no fire breathing."
3295,1389,4,21,90,115,1.2521739130434784,0.04758625114860667,669,Sorry-date is off! You said nothing in your profile about a tail!
2767,1389,3,23,89,115,1.2521739130434784,0.045955369621857575,669,"Too soon, everyone's still mad about King's Landing."
4134,1389,4,21,90,115,1.2521739130434784,0.04758625114860667,669,Oh—you look different on your profile.
4121,1389,3,23,89,115,1.2521739130434784,0.045955369621857575,669,I know it’s cold blooded Puff but the magic is gone.
4120,1389,5,19,91,115,1.2521739130434784,0.04916306133343397,669,"Be careful, the moat is filled with crocodiles... and my dad is home."
4107,1389,4,21,90,115,1.2521739130434784,0.04758625114860667,669,How much gold?
4058,1389,6,17,92,115,1.2521739130434784,0.05069084632329303,669,Long trip.  Are you draggin?
4036,1389,5,19,91,115,1.2521739130434784,0.04916306133343397,669,I'm afraid you have the wrong castle.
4011,1389,3,23,89,115,1.2521739130434784,0.045955369621857575,669,"I wouldn't say Sarah's description was *entirely* accurate, no. But she assures me you don't have a podcast?"
3968,1389,6,17,92,115,1.2521739130434784,0.05069084632329303,669,I thought you'd be a catfish...
3931,1389,4,21,90,115,1.2521739130434784,0.04758625114860667,669,"My dad's away, so we can use the king size bed."
3929,1389,5,19,91,115,1.2521739130434784,0.04916306133343397,669,"Alas, Cinderella is at a loss for hair and words."
3866,1389,6,17,92,115,1.2521739130434784,0.05069084632329303,669,It might be a good idea if we kept this quiet.
3861,1389,4,21,90,115,1.2521739130434784,0.04758625114860667,669,"Sorry, but I’m partial to toads."
2762,1389,5,19,91,115,1.2521739130434784,0.04916306133343397,669,Your mom didn't give you the memo?! Trick-or-Treating ended at 7:00 PM!
3849,1389,5,19,91,115,1.2521739130434784,0.04916306133343397,669,"Honey, the Gerrymander is back."
3642,1389,6,17,92,115,1.2521739130434784,0.05069084632329303,669,Now we are sure to win the chilli cookoff
3620,1389,4,21,90,115,1.2521739130434784,0.04758625114860667,669,Come on in and don't be dragon your feet.
3506,1389,3,23,89,115,1.2521739130434784,0.045955369621857575,669,She will be right out; she has a slight case of bronchiosaurus
3424,1389,7,15,93,115,1.2521739130434784,0.05217391304347825,669,"Sorry, I have allergies"
3396,1389,7,15,93,115,1.2521739130434784,0.05217391304347825,669,"Sorry, but she’s busy binge watching GoT."
1119,1389,4,21,90,115,1.2521739130434784,0.04758625114860667,669,Mom says I can't.  My gown got all singed last time.
3114,1389,2,25,88,115,1.2521739130434784,0.04426444053396394,669,How cold does it get flying to Vegas?
3027,1389,6,17,92,115,1.2521739130434784,0.05069084632329303,669,dragons breath...  my favorite
3013,1389,7,15,93,115,1.2521739130434784,0.05217391304347825,669,Puff ?
3001,1389,5,19,91,115,1.2521739130434784,0.04916306133343397,669,I’m afraid that your mother has already left for Kings Landing!
2864,1389,6,17,92,115,1.2521739130434784,0.05069084632329303,669,The Princess has gone out for the Knight.
2860,1389,4,21,90,115,1.2521739130434784,0.04758625114860667,669,"Sorry, but the Princess is in bed recovering from third degree burns."
3843,1389,3,23,89,115,1.2521739130434784,0.045955369621857575,669,"They're beautiful, but could you come back when my father is not home?"
1088,1389,6,17,92,115,1.2521739130434784,0.05069084632329303,669,The Abominable Snowman brought me roses.
3370,1389,3,23,89,115,1.2521739130434784,0.045955369621857575,669,"Sorry honey, your tail is pointing to the right direction"
990,1389,5,19,91,115,1.2521739130434784,0.04916306133343397,669,She isn’t taking callers today.
1060,1389,8,13,94,115,1.2521739130434784,0.05361597246684191,669,You are everything I shouldn’t like. Dating you goes against my own best interests. You will certainly kill me and burn down my entire village. Come on in
72,1389,6,17,92,115,1.2521739130434784,0.05069084632329303,669,Why not?...West Side Story...that's why not
146,1389,7,15,93,115,1.2521739130434784,0.05217391304347825,669,I think the maiden you're fire crooning for is the next castle over.
181,1389,1,27,87,115,1.2521739130434784,0.04250629829199562,669,"I still love you, it's just that the optics are really bad right now."
232,1389,5,19,91,115,1.2521739130434784,0.04916306133343397,669,You’re not fooling anybody.
234,1389,7,15,93,115,1.2521739130434784,0.05217391304347825,669,So you're not up for a hot date?
251,1389,5,19,91,115,1.2521739130434784,0.04916306133343397,669,The fans say they aren't ready to see you again after what happened in Season 8.
344,1389,4,21,90,115,1.2521739130434784,0.04758625114860667,669,"If you're here, then who's guarding our treasure?"
378,1389,2,25,88,115,1.2521739130434784,0.04426444053396394,669,I have to say--the idea of free flights at any time is enticing.
384,1389,5,19,91,115,1.2521739130434784,0.04916306133343397,669,"Well, the scorched-earth approach wasn't really working for me."
431,1389,4,21,90,115,1.2521739130434784,0.04758625114860667,669,"Enter, the dragon!"
541,1389,2,25,88,115,1.2521739130434784,0.04426444053396394,669,"The Princess knows you still have feelings for her but since you were cursed by her mother, the witch, she feels she must pursue other options.  She's ""Really sorry"" and hopes you can remain friends."
575,1389,5,19,91,115,1.2521739130434784,0.04916306133343397,669,Flowers? Try killing something. I like bad boys.
577,1389,7,15,93,115,1.2521739130434784,0.05217391304347825,669,"You're not a smoker though, right?"
126,1389,5,19,91,115,1.2521739130434784,0.04916306133343397,669,"You can come in, but, first, you'll have to wipe off those feet."
626,1389,5,19,91,115,1.2521739130434784,0.04916306133343397,669,"Last we saw your mom, she was out with her nephew."
629,1389,4,21,90,115,1.2521739130434784,0.04758625114860667,669,Sorry. St George is expected soon
637,1389,3,23,89,115,1.2521739130434784,0.045955369621857575,669,"Quickly, before the guards see you.  I told you to always use the back gate."
680,1389,2,25,88,115,1.2521739130434784,0.04426444053396394,669,Sorry- We're democrats here
695,1389,4,21,90,115,1.2521739130434784,0.04758625114860667,669,"Okay, I'll go out but only if you don't breathe a word of this to St. George."
699,1389,3,23,89,115,1.2521739130434784,0.045955369621857575,669,Milady fears you have misunderstood the gossip about her thinking you're hot.
739,1389,6,17,92,115,1.2521739130434784,0.05069084632329303,669,Woo doesn't pitch itself.
749,1389,8,13,94,115,1.2521739130434784,0.05361597246684191,669,Would you please fuck off?
826,1389,6,17,92,115,1.2521739130434784,0.05069084632329303,669,I love her---she just slays me.What to do?
866,1389,5,19,91,115,1.2521739130434784,0.04916306133343397,669,"I know.  Me, too..."
914,1389,4,21,90,115,1.2521739130434784,0.04758625114860667,669,"My heart says stay, my tail says go."
623,1389,4,21,90,115,1.2521739130434784,0.04758625114860667,669,"So this is awkward, but have you done anything about your breath?"
983,1389,4,21,90,115,1.2521739130434784,0.04758625114860667,669,I’m sorry but I’m actually your aunt!
2970,1476,4,22,93,119,1.2521008403361344,0.04655713615623207,669,She says it's your breath.
1574,1476,4,22,93,119,1.2521008403361344,0.04655713615623207,669,"You big goof, the Series ended and now she is playing a lawyer on some show in the States"
655,1476,6,18,95,119,1.2521008403361344,0.04952198131804132,669,I prefer roses!
1419,1476,8,14,97,119,1.2521008403361344,0.05231908198983365,669,"Look, you are sweet, but I’ve got the hots for the frumious Bandersnatch."
3044,1480,6,16,90,112,1.25,0.051521259247422846,669,No. She lives two castles down.
214,1480,5,18,89,112,1.25,0.04993560847296239,669,This can never work. You're an Aries.
302,1480,3,22,87,112,1.25,0.04660273245009,669,-I think she doesn't want to give you wings.
415,1480,4,20,88,112,1.25,0.048297927830185765,669,I won't date you until you do something about your breath.
442,1480,2,24,86,112,1.25,0.044843500208385956,669,"Sorry, but it's your breath."
536,1480,4,20,88,112,1.25,0.048297927830185765,669,You certainly are androgynous.
884,1480,4,20,88,112,1.25,0.048297927830185765,669,Frog kisses are obviously overrated.
1308,1480,6,16,90,112,1.25,0.051521259247422846,669,My father has yet to know about us!  Meet me out back in 10 minutes.
1314,1480,5,18,89,112,1.25,0.04993560847296239,669,"Sorry, Al. I cannot take another morning of Dragon-breath."""
1473,1480,7,14,91,112,1.25,0.05305954499725111,669,"Maybe take a little time to mourn, eh Drogon?"
3405,1480,6,16,90,112,1.25,0.051521259247422846,669,It's just for one night.
1625,1480,4,20,88,112,1.25,0.048297927830185765,669,"No, she can't come out, she's grounded!"
3855,1480,2,24,86,112,1.25,0.044843500208385956,669,You look a bit different from your profile picture.
3090,1480,6,16,90,112,1.25,0.051521259247422846,669,"I think the ""fire"" has gone out of our relationship."
3284,1480,5,19,92,116,1.25,0.04878585829946003,669,"Stop dragon ass, and get in here!"
1827,1480,4,20,88,112,1.25,0.048297927830185765,669,"Sorry, it doesn't make up for King's Landing."
1876,1480,3,22,87,112,1.25,0.04660273245009,669,200 feet! The restraining order says no closer than 200 feet!
1884,1480,5,18,89,112,1.25,0.04993560847296239,669,My husband hasn't left yet...come back in an hour.
1957,1480,5,18,89,112,1.25,0.04993560847296239,669,"Nice try, Roger!"
1981,1480,4,20,88,112,1.25,0.048297927830185765,669,"Ah, yes of course...you’re here for the Tupperware party? Come on in."
2003,1480,4,20,88,112,1.25,0.048297927830185765,669,"No , she would not date a stranger..."
4117,1480,1,26,85,112,1.25,0.04301237438301157,669,Just a minute: she's blow-drying her hair.
171,1480,3,22,87,112,1.25,0.04660273245009,669,"Listen, you're a nice guy, it's just...your breath."
2354,1480,4,20,88,112,1.25,0.048297927830185765,669,"It's not you. I'm just not comfortable with the title ""Girlfriend of Dragons."""
2467,1480,4,20,88,112,1.25,0.048297927830185765,669,Do you have an invitation?
2618,1480,5,19,92,116,1.25,0.04878585829946003,669,How do we know you aren't a Trojan horse?
2851,1480,3,22,87,112,1.25,0.04660273245009,669,She just left with your brother.
1794,1480,2,24,86,112,1.25,0.044843500208385956,669,"It's not that I dont like you, it's your breath"
2289,1480,2,24,86,112,1.25,0.044843500208385956,669,"Sorry, but the last time we let in a flower bearing dragon it ate all our pigs, half the,sheep, and the mayor."
2024,1480,5,18,89,112,1.25,0.04993560847296239,669,"Now that GOTs has ended, it is just too painful to see you anymore."
1188,1510,5,24,108,137,1.2481751824817517,0.043688146360768294,669,He'd like to borrow a cup of lighter fluid
1960,1511,2,29,102,133,1.2481203007518797,0.04051111006204472,669,It will never work. You're too fiery for me.
3363,1511,4,25,104,133,1.2481203007518797,0.04323184441548373,669,Wait for me down the moat...the prince is still yammering on about “rescuing” me.
1153,1513,7,15,95,117,1.2478632478632479,0.05136794064932088,669,I'm here to discuss diplomacy with your Supreme Leader.
3777,1513,4,21,92,117,1.2478632478632479,0.046867671987938044,669,"Honey, the Amazon's screwed up our order again.They sent us flowers, not flour."
3002,1513,7,15,95,117,1.2478632478632479,0.05136794064932088,669,"She needs her beauty rest. 
She'll look picture book perfect in eight hours."
2990,1513,1,27,89,117,1.2478632478632479,0.04188665692778252,669,She says she's been burned for the last time! She says you just don't know when to quit!
3152,1513,3,23,91,117,1.2478632478632479,0.04526827212564247,669,I'm washing my hair tonight.
2627,1513,5,19,93,117,1.2478632478632479,0.048414263331137096,669,Is the Prince here?
743,1513,3,23,91,117,1.2478632478632479,0.04526827212564247,669,I don't care if you ARE a handsome prince! I'm still NOT kissing you!!
2454,1513,6,17,94,117,1.2478632478632479,0.049912955334506286,669,you looked different in your photo
2819,1513,4,21,92,117,1.2478632478632479,0.046867671987938044,669,"If that lasts longer than 4 hours, you should consult your doctor."
356,1522,3,22,88,113,1.247787610619469,0.04624143316177091,669,i told you not to come while my husbant is home!
1476,1522,4,20,89,113,1.247787610619469,0.047919703189289425,669,Auditions for How to Train Your Dragon 4 are two castles down.
3244,1522,4,20,89,113,1.247787610619469,0.047919703189289425,669,Are we going to be flying? Should I grab a jacket?
262,1522,2,24,87,113,1.247787610619469,0.04449991379721377,669,My folks are a little weird about me dating...
2130,1522,4,20,89,113,1.247787610619469,0.047919703189289425,669,You sure don’t match your dating profile photo!
2704,1527,6,21,107,134,1.2462686567164178,0.04548590166123932,669,Game of Thrones is over....OVER!
671,1528,4,19,87,110,1.2454545454545454,0.04864530718359612,669,"You'll have to meet my father, first."
604,1528,4,19,87,110,1.2454545454545454,0.04864530718359612,669,"Come in, but be quiet! My dad fell asleep watching a documentary about you."
1360,1528,2,23,85,110,1.2454545454545454,0.045086079539041465,669,"Yes, Jackie Paper's castle is 2 doors down."
1870,1528,7,13,90,110,1.2454545454545454,0.053542347027048694,669,"Damn auto-correct got me again. I was searching for a date with a drag queen, not a drag-on. Sorry."
2757,1528,2,23,85,110,1.2454545454545454,0.045086079539041465,669,You can come in if you let me take your breath away.
3421,1528,7,13,90,110,1.2454545454545454,0.053542347027048694,669,He hoped to win her love with a posy and a tall tail.
3467,1528,3,21,86,110,1.2454545454545454,0.046899469502261974,669,"Hold on, I want you to meet my father, St. George."
3500,1528,2,23,85,110,1.2454545454545454,0.045086079539041465,669,"Well, that’s an original approach for a dragon."
3730,1528,3,21,86,110,1.2454545454545454,0.046899469502261974,669,You'll have to come back later she just finished molting.
740,1528,5,17,88,110,1.2454545454545454,0.050330622710028694,669,Your tinder profile makes you seem...….smaller.
3275,1538,3,22,90,115,1.2434782608695651,0.04553488256049453,669,"Sorry, I only accept flowers from frogs."
3822,1538,4,20,91,115,1.2434782608695651,0.04718030130356046,669,"Nothing against you personally, but your breath...!"""
2550,1538,3,22,90,115,1.2434782608695651,0.04553488256049453,669,Just put them in the moat with all the rest.
2046,1538,3,22,90,115,1.2434782608695651,0.04553488256049453,669,"But you can't be my date, you look nothing like your profile portrait."
1114,1538,5,18,92,115,1.2434782608695651,0.048770238182640334,669,"Give me a minute. I have to tell Mama and Papa ""Guess who's coming to dinner!"""
597,1543,2,23,86,111,1.2432432432432432,0.04473274211619977,669,You a knight late and a doubloon short.
3155,1544,4,19,89,112,1.2410714285714286,0.04787225553270457,669,"I told you,  my father doesn't believe in inter-species dating."
1825,1545,2,22,84,108,1.2407407407407407,0.0453255795747674,669,"Be sneaky, my father still doesn't know you exist."
1862,1545,6,14,88,108,1.2407407407407407,0.052408865947484624,669,I think my father's on to us.  They found scales in the bedding.
1885,1545,6,14,88,108,1.2407407407407407,0.052408865947484624,669,But I thought our chemistry was good!
1946,1545,5,16,87,108,1.2407407407407407,0.05073084824220075,669,"We have damsels in distress, but none of them are virgins!"
1956,1545,6,14,88,108,1.2407407407407407,0.052408865947484624,669,"Knock, Knock."
1962,1545,5,16,87,108,1.2407407407407407,0.05073084824220075,669,I brought these for you in apology.  I ate your big sister.
1979,1545,4,18,86,108,1.2407407407407407,0.048995394649344264,669,You don't want this -- it would not end well.
1994,1545,4,18,86,108,1.2407407407407407,0.048995394649344264,669,"Sorry, I'm just a figurative dragon lady."
2058,1545,2,22,84,108,1.2407407407407407,0.0453255795747674,669,"Thanks all the same, but I just kissed the frog."
2100,1545,3,20,85,108,1.2407407407407407,0.04719616965725907,669,Is this some game you're playing for my throne?
2105,1545,3,20,85,108,1.2407407407407407,0.04719616965725907,669,"Sorry, you're just not the same old flame I remember."
2199,1545,3,20,85,108,1.2407407407407407,0.04719616965725907,669,Khaleesi doesn’t live here anymore.
2238,1545,6,14,88,108,1.2407407407407407,0.052408865947484624,669,"Who do you take me for, the village idiot?"
2244,1545,2,22,84,108,1.2407407407407407,0.0453255795747674,669,Your profile did say you’re looking for a hot date.
1776,1545,3,20,85,108,1.2407407407407407,0.04719616965725907,669,"I'm very flattered, but I'm already taken."
1501,1545,2,22,84,108,1.2407407407407407,0.0453255795747674,669,Tell that errant son of mine that Mother's Day was last week.
2275,1545,4,18,86,108,1.2407407407407407,0.048995394649344264,669,Don’t let my father see you!
1467,1545,5,16,87,108,1.2407407407407407,0.05073084824220075,669,"I can see your, uh, thing."
1456,1545,1,24,83,108,1.2407407407407407,0.043374392183180635,669,I specifically told you the party is costumes only....
1514,1545,3,20,85,108,1.2407407407407407,0.04719616965725907,669,I think she'd be more willing if you brought her a couple of cows.
1526,1545,3,20,85,108,1.2407407407407407,0.04719616965725907,669,Where were you last Winter when I needed you?
1579,1545,6,14,88,108,1.2407407407407407,0.052408865947484624,669,"I'm sorry Puff, although you're a very handsome dragon, it's your breathe."
1589,1545,4,18,86,108,1.2407407407407407,0.048995394649344264,669,It's frogs.  I have to kiss a lot of frogs.
1738,1545,3,20,85,108,1.2407407407407407,0.04719616965725907,669,She hasn't quite gotten over your last fire-breathing stunt. Give it some time.
1630,1545,5,16,87,108,1.2407407407407407,0.05073084824220075,669,"Yesterday a frog, today a dragon, what's it doing to be tomorrow?"
1416,1545,0,26,82,108,1.2407407407407407,0.04133119440243834,669,Shhh. I told you to sneak around back...
1653,1545,4,18,86,108,1.2407407407407407,0.048995394649344264,669,It's Gay Pride Week. These are for St. George.
1690,1545,2,22,84,108,1.2407407407407407,0.0453255795747674,669,I'm Sorry Neville but I think we need to start seeing other people.
1696,1545,3,20,85,108,1.2407407407407407,0.04719616965725907,669,"Dragons and fair maidens, yeah... that's only in fairy tales. Sorry."
1698,1545,7,12,89,108,1.2407407407407407,0.054034798939476256,669,"I'm taking a different approach here,"
1728,1545,5,16,87,108,1.2407407407407407,0.05073084824220075,669,"She actually goes by ""Reusable Tote Bag Princess"" now."
1647,1545,0,26,82,108,1.2407407407407407,0.04133119440243834,669,Did you remember the breath mints?
2309,1545,5,16,87,108,1.2407407407407407,0.05073084824220075,669,She doesn't love you. She's a tower made of stone. You stuck your tail up her ONCE.
3249,1545,6,14,88,108,1.2407407407407407,0.052408865947484624,669,"I know, I know - #notalldragons."
2377,1545,4,18,86,108,1.2407407407407407,0.048995394649344264,669,"George, come hither!"
4101,1545,4,18,86,108,1.2407407407407407,0.048995394649344264,669,I can’t let this relationship drag-on any longer.
3434,1545,4,18,86,108,1.2407407407407407,0.048995394649344264,669,Your picture looked less threatening.
4096,1545,4,18,86,108,1.2407407407407407,0.048995394649344264,669,You are no longer needed.  We bought a propane heater.
4088,1545,6,14,88,108,1.2407407407407407,0.052408865947484624,669,Are those from my garden?
4075,1545,4,18,86,108,1.2407407407407407,0.048995394649344264,669,I can’t go out with YOU tonight. I’ve been grounded.
4068,1545,3,20,85,108,1.2407407407407407,0.04719616965725907,669,"I'm sorry, I just dont feel the fire inside anymore"
4133,1545,6,14,88,108,1.2407407407407407,0.052408865947484624,669,"Sorry, you’re just not my phenotype."
3975,1545,3,20,85,108,1.2407407407407407,0.04719616965725907,669,Donkey doesn't want to see you right now.
3792,1545,5,16,87,108,1.2407407407407407,0.05073084824220075,669,I thought you said you were a Dra-goon!
3539,1545,4,18,86,108,1.2407407407407407,0.048995394649344264,669,"Sorry Rex, she's out with St. George tonight."
1407,1545,4,18,86,108,1.2407407407407407,0.048995394649344264,669,Remember your quiet voice if someone brings up the iron throne.
3567,1545,3,20,85,108,1.2407407407407407,0.04719616965725907,669,Hark ! Are you my prince in drag coming to kiss me?
3640,1545,7,12,89,108,1.2407407407407407,0.054034798939476256,669,#NotAllDragons
3758,1545,7,12,89,108,1.2407407407407407,0.054034798939476256,669,"You can come in, but be quiet. Mom and Dad are asleep upstairs."
3846,1545,2,22,84,108,1.2407407407407407,0.0453255795747674,669,Don’t worry. I told them you were JUST like the Frog Prince.
3449,1545,4,18,86,108,1.2407407407407407,0.048995394649344264,669,"Hey BIG HOT ! Rapunzel's not here  I'm Belle, her hairdresser.
How bout I let down my Locks"
3431,1545,4,18,86,108,1.2407407407407407,0.048995394649344264,669,"It’s not you, it’s me and my fear of flying."
3319,1545,3,20,85,108,1.2407407407407407,0.04719616965725907,669,Idiot! I asked you to bring me a cup of flour.
2492,1545,2,22,84,108,1.2407407407407407,0.0453255795747674,669,"I may be your type, but hideous monsters are not MY type."
2501,1545,3,20,85,108,1.2407407407407407,0.04719616965725907,669,"I know I get heated sometimes, but I really think we can make this work."
2536,1545,3,20,85,108,1.2407407407407407,0.04719616965725907,669,It's Beowulf. Why do you ask?
2614,1545,4,18,86,108,1.2407407407407407,0.048995394649344264,669,Not now! The prince came over!
2736,1545,3,20,85,108,1.2407407407407407,0.04719616965725907,669,"You better beat it, I called George."
2760,1545,3,20,85,108,1.2407407407407407,0.04719616965725907,669,The Princess wants to know if you will turn into a very tall prince if she kisses you.
2854,1545,4,18,86,108,1.2407407407407407,0.048995394649344264,669,"The princess says she's not interested. Further, she requests that you follow your tail and kindly get the hell out of here."
2896,1545,3,20,85,108,1.2407407407407407,0.04719616965725907,669,But can you light a fire?
2991,1545,6,14,88,108,1.2407407407407407,0.052408865947484624,669,"Wait, so that’s not a dick?"
2997,1545,6,14,88,108,1.2407407407407407,0.052408865947484624,669,Oh sure. NOW you come around after the casting calls have stopped.
3086,1545,4,18,86,108,1.2407407407407407,0.048995394649344264,669,Sorry; I'm allergic to pollen.
3106,1545,6,14,88,108,1.2407407407407407,0.052408865947484624,669,You said you were a frog on Tinder.
3229,1545,4,18,86,108,1.2407407407407407,0.048995394649344264,669,You just slay me! I'll be right out!
3247,1545,5,16,87,108,1.2407407407407407,0.05073084824220075,669,These are from the knight over there.
3652,1545,4,18,86,108,1.2407407407407407,0.048995394649344264,669,Oh...You again”
2374,1545,2,22,84,108,1.2407407407407407,0.0453255795747674,669,You're too early. Don't you know she's a night person?
1391,1545,2,22,84,108,1.2407407407407407,0.0453255795747674,669,Sorry we are scaling back
1221,1545,3,20,85,108,1.2407407407407407,0.04719616965725907,669,"..yes, the king is still asleep... did you bring a condom?"
1382,1545,4,18,86,108,1.2407407407407407,0.048995394649344264,669,"You're late again, Griffin.  Why do you keep taking me for a dunce?"
786,1545,4,18,86,108,1.2407407407407407,0.048995394649344264,669,"My father says I can't go out with you 
because you're mythical!"
732,1545,4,18,86,108,1.2407407407407407,0.048995394649344264,669,"It’s 5:00... When the notice says, “BBQ at 3 PM” you’re expected to be here at 2... oh yeah, and thanks for the 2 friggin’ flowers."
670,1545,5,16,87,108,1.2407407407407407,0.05073084824220075,669,No I am not in distress. That is how I always sound whilst on the commode.
661,1545,1,24,83,108,1.2407407407407407,0.043374392183180635,669,Sorry. You aren’t in the prequel.
649,1545,4,18,86,108,1.2407407407407407,0.048995394649344264,669,"I’m sorry, Smokey. I’m on ‘The Patch’ now."
645,1545,6,14,88,108,1.2407407407407407,0.052408865947484624,669,"OMG, where’s that dragon-slayer when I need him?"
641,1545,5,16,87,108,1.2407407407407407,0.05073084824220075,669,Two flowers for our ten year anniversary? At least your tail is pointing you in the right direction.
610,1545,4,18,86,108,1.2407407407407407,0.048995394649344264,669,"Flower bearing is an improvement, yes, but you're still fire breathing."
606,1545,7,12,89,108,1.2407407407407407,0.054034798939476256,669,But I had my heart set on snapdragons.
520,1545,5,16,87,108,1.2407407407407407,0.05073084824220075,669,Will they know I'm an immigrant?
484,1545,3,20,85,108,1.2407407407407407,0.04719616965725907,669,"Hi honey, I'm home"
470,1545,5,16,87,108,1.2407407407407407,0.05073084824220075,669,"She says, “Not tonight. [she’s] washing her scales.”"
798,1545,2,22,84,108,1.2407407407407407,0.0453255795747674,669,You want the Georges. Last castle on the right.
441,1545,3,20,85,108,1.2407407407407407,0.04719616965725907,669,"Great disguise Sir Lancelot, but I think this will create more problems than it solves."
395,1545,4,18,86,108,1.2407407407407407,0.048995394649344264,669,"I ordered snap dragons, not a dragon who snaps."
382,1545,3,20,85,108,1.2407407407407407,0.04719616965725907,669,It's just that my old boyfriend George is the jealous type.
379,1545,3,20,85,108,1.2407407407407407,0.04719616965725907,669,Change is good.
286,1545,5,16,87,108,1.2407407407407407,0.05073084824220075,669,"We can’t, I’m your mother."
260,1545,4,18,86,108,1.2407407407407407,0.048995394649344264,669,You really burned me.
216,1545,3,20,85,108,1.2407407407407407,0.04719616965725907,669,Tell the Princess her bouquet didn't make it through the  high altitude.
207,1545,4,18,86,108,1.2407407407407407,0.048995394649344264,669,"Quick, my father just left to slay you."
183,1545,3,20,85,108,1.2407407407407407,0.04719616965725907,669,"Sorry, I know the wrap party is for the entire cast, but she said absolutely not."
173,1545,3,20,85,108,1.2407407407407407,0.04719616965725907,669,Up for a little barbecue?
156,1545,5,16,87,108,1.2407407407407407,0.05073084824220075,669,"Come back in an hour, my dad’s still home."
81,1545,6,14,88,108,1.2407407407407407,0.052408865947484624,669,It's pronounced BOOT EDGE EDGE.
47,1545,2,22,84,108,1.2407407407407407,0.0453255795747674,669,"Alas, you’ve got dragon’s breath."
423,1545,6,14,88,108,1.2407407407407407,0.052408865947484624,669,"My father, the King, would never approve.  Let's roll."
899,1545,4,18,86,108,1.2407407407407407,0.048995394649344264,669,"Oh my, that was some filter you used on your profile pic!"
1390,1545,3,20,85,108,1.2407407407407407,0.04719616965725907,669,"Look, she has to be back by dinner or her dad will be dragging the moat looking for her."
925,1545,6,14,88,108,1.2407407407407407,0.052408865947484624,669,Your Airbnd reviews are rather iffy.
1228,1545,4,18,86,108,1.2407407407407407,0.048995394649344264,669,Meet me at the backdoor so no one will see you.
1223,1545,5,16,87,108,1.2407407407407407,0.05073084824220075,669,I liked you better as a frog.
1169,1545,7,12,89,108,1.2407407407407407,0.054034798939476256,669,She said she's washing her hair. Can you come back tomorrow?
1263,1545,6,14,88,108,1.2407407407407407,0.052408865947484624,669,"Guinevere was nervous, she’d been burnt before!"
1152,1545,4,18,86,108,1.2407407407407407,0.048995394649344264,669,"That's so sweet, but I'm already dating King Kong."
1280,1545,2,22,84,108,1.2407407407407407,0.0453255795747674,669,You're fired.
1046,1545,8,10,90,108,1.2407407407407407,0.05561321572214498,669,It’s not so much a problem with you. It’s my parents. My dad says he got burned by your dad once.
1033,1545,3,20,85,108,1.2407407407407407,0.04719616965725907,669,The princess says to tell you she's busy but the prince says he'll be right down.
1256,1545,5,16,87,108,1.2407407407407407,0.05073084824220075,669,I'm sorry to make you fly all the way here; Matthew and I decided to get back together.
1014,1545,3,20,85,108,1.2407407407407407,0.04719616965725907,669,Ooh..Uber has gone fancy...
973,1545,2,22,84,108,1.2407407407407407,0.0453255795747674,669,I can’t go out tonight. I’m still getting over third degree burns from our last date.
1282,1545,4,18,86,108,1.2407407407407407,0.048995394649344264,669,"I'm sorry, did you say your name is Puff?"
942,1545,4,18,86,108,1.2407407407407407,0.048995394649344264,669,You look nothing like your picture on Medieval Matchmaker... Are those flowers for me?
941,1545,3,20,85,108,1.2407407407407407,0.04719616965725907,669,"Sorry Andy, I only date orthodox Hydras."
1330,1545,4,18,86,108,1.2407407407407407,0.048995394649344264,669,"It's over, Gary. Your breath may have been the fortress' undoing, but your fear of intimacy will be yours."
1340,1545,3,20,85,108,1.2407407407407407,0.04719616965725907,669,"Please, not another Game of Thrones reference..."
1346,1545,6,14,88,108,1.2407407407407407,0.052408865947484624,669,"Antioch? You want Asia Minor, not Europe."
906,1545,5,16,87,108,1.2407407407407407,0.05073084824220075,669,I should have known you'd be dragon yourself back here!
993,1545,4,18,86,108,1.2407407407407407,0.048995394649344264,669,"Sorry, but Her Highness is not acquainted with anyone from the Amazon."
1235,1545,5,16,87,108,1.2407407407407407,0.05073084824220075,669,Now that GOT has ended I wanted to say it wasn’t just tv.
1127,1667,3,26,104,133,1.2406015037593985,0.04154453635293475,669,"Oh my god, you're such a drag"
2707,1668,6,16,95,117,1.2393162393162394,0.04953299836019056,669,"I’ve told you before, she won’t date a smoker!"
3020,1668,4,20,93,117,1.2393162393162394,0.046462818402408325,669,Two common roadside flowers? That is weak! Show some fire!
454,1670,7,12,90,109,1.238532110091743,0.05358231029949613,669,You seemed taller in your pictures online.
3399,1671,5,15,85,105,1.2380952380952381,0.05157555985468396,669,"No, no, no....no air kisses!"
923,1671,4,22,100,126,1.2380952380952381,0.044262666813799055,669,Of course he doesn’t hate you. He just needs to cool down.
323,1671,7,11,87,105,1.2380952380952381,0.05501216902308483,669,"Come back later, my wife's home"
500,1671,3,19,83,105,1.2380952380952381,0.04789298495629314,669,"Sorry, the prequel's been cast."
1204,1671,1,23,81,105,1.2380952380952381,0.04390259265377564,669,I need a little more 'fiery' and a little less 'flowery'.
1411,1671,2,21,82,105,1.2380952380952381,0.0459411343446539,669,Do you have a friend for my sister?
1591,1671,3,19,83,105,1.2380952380952381,0.04789298495629314,669,Just give us a Flyover!
1599,1671,2,21,82,105,1.2380952380952381,0.0459411343446539,669,"OK, I’ll go out with you but you gotta promise not to smoke."
1782,1671,1,23,81,105,1.2380952380952381,0.04390259265377564,669,I'm having second thoughts.
1820,1671,3,19,83,105,1.2380952380952381,0.04789298495629314,669,"I'm sorry, but I can't let this drag-on any longer."
3035,1671,3,19,83,105,1.2380952380952381,0.04789298495629314,669,"That #MeToo status was about me, right?"""
1823,1671,4,17,84,105,1.2380952380952381,0.049768345272611834,669,Your profile said you’d be taller.
1947,1671,1,23,81,105,1.2380952380952381,0.04390259265377564,669,"Saint George says, ""Go away, if you know what's good for you."""
2071,1671,3,19,83,105,1.2380952380952381,0.04789298495629314,669,"For starters,you might try a cooling  breath mint."
2303,1671,2,21,82,105,1.2380952380952381,0.0459411343446539,669,"Can't ya understand  flower girl?  You're a cute and  incredible survivor, but time is on my side."
3942,1671,5,15,85,105,1.2380952380952381,0.05157555985468396,669,I know the princess is expecting a knight but wouldn’t she rather see the victor?
2611,1671,4,17,84,105,1.2380952380952381,0.049768345272611834,669,"George said to tell you again, he's not gay.  Would it kill you to stop trying to date him?"
3908,1671,4,17,84,105,1.2380952380952381,0.049768345272611834,669,Sorry about your prince
3783,1671,3,19,83,105,1.2380952380952381,0.04789298495629314,669,Daenerys isn’t in right now.
3192,1671,6,13,86,105,1.2380952380952381,0.0533215580930853,669,"As I told you last week, men are required to wear a jacket."
3862,1691,4,17,85,106,1.2358490566037736,0.049347743443954886,669,I guess this is what you get if you don't look at the profile picture on dating websites.
932,1691,1,23,82,106,1.2358490566037736,0.04354441669214217,669,Are you crazy?! My dad’s going to kill you!
3882,1691,4,17,85,106,1.2358490566037736,0.049347743443954886,669,Sorry. Rapunzel says she is washing her hair this week.
143,1691,4,17,85,106,1.2358490566037736,0.049347743443954886,669,"By any chance , have you seen a knight in shinning armmor?"
1258,1695,3,23,98,124,1.2338709677419355,0.04301280155099031,669,"I'm canceling my subscription to HOTDATE.COM! 
It's the 3rd dragon this week"
2264,1696,5,14,84,103,1.233009708737864,0.05199958173026883,669,You don't look anything like your photo on the website...
2259,1696,3,18,82,103,1.233009708737864,0.04819980997808791,669,What lovely flowers
2187,1696,2,20,81,103,1.233009708737864,0.046182835261861316,669,Go around the back so no one sees you!
2141,1696,2,20,81,103,1.233009708737864,0.046182835261861316,669,"Shh, the beauty is sleeping and cannot be disturbed for one hundred years!"
2123,1696,2,20,81,103,1.233009708737864,0.046182835261861316,669,"I can't come out and play right now, but I'll meet you in the Dungeon after dark."
1792,1696,2,20,81,103,1.233009708737864,0.046182835261861316,669,So...will there be cake at this party.
1721,1696,4,16,83,103,1.233009708737864,0.05013570674702158,669,"I know you've been hurt before, but I'm not like other dragons."
1704,1696,5,14,84,103,1.233009708737864,0.05199958173026883,669,"Alfred, how long is this going to drag on?"
1672,1696,4,16,83,103,1.233009708737864,0.05013570674702158,669,C’mon—we agreed to keep this casual.
1659,1696,3,18,82,103,1.233009708737864,0.04819980997808791,669,"please accept my plea, I was feeling the burn
...trying to light a fire under you"
1520,1696,6,12,85,103,1.233009708737864,0.053798921078609646,669,Well how was I supposed to know you two are roommates!?
1493,1696,3,18,82,103,1.233009708737864,0.04819980997808791,669,You think you can make it up to me with flowers?!  You burned down the village!
1426,1696,3,18,82,103,1.233009708737864,0.04819980997808791,669,"Look, all i’m saying is you should consider the possibility that he’s just not that into you..."
1334,1696,2,20,81,103,1.233009708737864,0.046182835261861316,669,Your uber is arriving now. Your driver will wait two minutes before leaving. Enjoy the ride!
1316,1696,3,18,82,103,1.233009708737864,0.04819980997808791,669,I love you too but we can't ignore what our children would face.
1259,1696,2,20,81,103,1.233009708737864,0.046182835261861316,669,I wanted to apologize about the prince.
1229,1696,4,16,83,103,1.233009708737864,0.05013570674702158,669,"I’ve told you before, Lance. If you want to date Deirdre, get circumcised."
1154,1696,5,14,84,103,1.233009708737864,0.05199958173026883,669,"Verily, dragonne, thou art so thirstie....and I am so boréd...come hither, crosse mine moate and perchance I wilst giveth you a pittie fucke"
2307,1696,5,14,84,103,1.233009708737864,0.05199958173026883,669,Shhh.... My husband is home.
2487,1696,2,20,81,103,1.233009708737864,0.046182835261861316,669,I'm sorry but I must have been on the wrong dating site last night; too much mead and not enough self worth!
2552,1696,2,20,81,103,1.233009708737864,0.046182835261861316,669,"I realize that the ad said ""looking for a tall stranger with a fiery personality to sweep me off my feet"" but the Princess hates tails."
2615,1696,6,12,85,103,1.233009708737864,0.053798921078609646,669,It'll be OK.  Just act nirmal.
4049,1696,3,18,82,103,1.233009708737864,0.04819980997808791,669,"To be perfectly frank, m’lady was seeking a lover for whom she would burn, not one who might burn her."
4020,1696,5,14,84,103,1.233009708737864,0.05199958173026883,669,Two lousy petunias ...And to think you used to breath fire for me .
3999,1696,4,16,83,103,1.233009708737864,0.05013570674702158,669,Just give me the flowers before you set them on fire!
3995,1696,5,14,84,103,1.233009708737864,0.05199958173026883,669,...it's Next Tuesday?...
3876,1696,5,14,84,103,1.233009708737864,0.05199958173026883,669,"I said, ""I only date frogs."""
3844,1696,3,18,82,103,1.233009708737864,0.04819980997808791,669,"Sorry, we’re the Dunyeons, with a y."
3800,1696,5,14,84,103,1.233009708737864,0.05199958173026883,669,"Not now. I’m in seclusion, mourning the end of Game of Thrones."
3781,1696,4,16,83,103,1.233009708737864,0.05013570674702158,669,I know you've got a big heart but that's the problem.
1076,1696,3,18,82,103,1.233009708737864,0.04819980997808791,669,"Come On Baby Light My Fire.”
-The Door"
3750,1696,6,12,85,103,1.233009708737864,0.053798921078609646,669,I’m so sorry! I swiped right by accident.
3560,1696,5,14,84,103,1.233009708737864,0.05199958173026883,669,Shouldn't you be guarding my sister?
3515,1696,1,22,80,103,1.233009708737864,0.04407365271593289,669,No.  St. George passed years ago.
3410,1696,5,14,84,103,1.233009708737864,0.05199958173026883,669,Let me ask the king if I’m allowed to ride on your back.
3227,1696,4,16,83,103,1.233009708737864,0.05013570674702158,669,I'm sorry.  Mother of Dragons is out pillaging right now.
3042,1696,3,18,82,103,1.233009708737864,0.04819980997808791,669,Either you take an antihistamine or you put down the flowers.
3031,1696,4,16,83,103,1.233009708737864,0.05013570674702158,669,"I wanted diamonds, not flowers, you numbskull!"
2913,1696,4,16,83,103,1.233009708737864,0.05013570674702158,669,'No it's not Dragons' Den and no I'm not in.'
2910,1696,6,12,85,103,1.233009708737864,0.053798921078609646,669,"You can come back inside, I don’t think the role-swapping is going to work out. One of the servants laughed at his fake wings and now he won’t come down from the tower."
3741,1696,6,12,85,103,1.233009708737864,0.053798921078609646,669,"Sorry,  you have the wrong kingdom."
1021,1696,4,16,83,103,1.233009708737864,0.05013570674702158,669,"my dad wants to meet you. 
just to warn you, he’s mad you did that yell/roar thing & didn’t come up to the door to knock."
735,1696,5,14,84,103,1.233009708737864,0.05199958173026883,669,Sorry.  I’m not remoatly interested.
943,1696,4,16,83,103,1.233009708737864,0.05013570674702158,669,I’ve got to hand it to you. Burning  down that village was a pretty impressive promposal.
21,1696,8,8,87,103,1.233009708737864,0.05722812881286259,669,It’s just a tattoo.
37,1696,3,18,82,103,1.233009708737864,0.04819980997808791,669,"Ok, but just one drink for old times' sake."
103,1696,3,18,82,103,1.233009708737864,0.04819980997808791,669,"Can you come back next week? 
We’re still working on Contest #667!"
115,1696,5,14,84,103,1.233009708737864,0.05199958173026883,669,"You're cute, but we have to do something about your breath."
285,1696,4,16,83,103,1.233009708737864,0.05013570674702158,669,I'm sorry but we have to end this... I'm allergic to Daisies!
976,1696,5,14,84,103,1.233009708737864,0.05199958173026883,669,Are you my mother?
385,1696,4,16,83,103,1.233009708737864,0.05013570674702158,669,Would it kill you to visit some other time besides Mother's Day?
386,1696,2,20,81,103,1.233009708737864,0.046182835261861316,669,My husband is getting suspicious - last night he smelled brimstone on my breath.
466,1696,3,18,82,103,1.233009708737864,0.04819980997808791,669,"No sorry, the knight in my dating profile picture is my good friend."""
841,1696,3,18,82,103,1.233009708737864,0.04819980997808791,669,She'll be out in a second. Would you care for some goat while you wait?
322,1696,4,16,83,103,1.233009708737864,0.05013570674702158,669,She’s up in the tower letting down her golden hair.
1888,1751,2,21,85,108,1.2314814814814814,0.04481893398391732,669,"No, Mr.  Fafnir, if that is even your real name,  a few flowers is not enough to get St. George to come out and play."
435,1751,4,17,87,108,1.2314814814814814,0.0485270787963912,669,Let’s meet on the roof.
2435,1751,4,17,87,108,1.2314814814814814,0.0485270787963912,669,I told you I did not want this affair to drag on ...
1150,1751,5,15,88,108,1.2314814814814814,0.0502786996951927,669,You looked taller in your profile pic.
2155,1751,3,19,86,108,1.2314814814814814,0.046709818132625494,669,Rapunzel said she’ll be with you as soon as she’s done with her hair.
3184,1751,2,21,85,108,1.2314814814814814,0.04481893398391732,669,I prithee forgiveness. It’s not you.
2667,1751,2,21,85,108,1.2314814814814814,0.04481893398391732,669,"Look, I'm not giving you 5 stars for the ride when half of your passengers fell off."
1474,1751,2,21,85,108,1.2314814814814814,0.04481893398391732,669,I'm not falling for that old trick.
1938,1751,3,19,86,108,1.2314814814814814,0.046709818132625494,669,"Pardon my shock, but you're not what I expected based on your profile etching."
882,1751,3,19,86,108,1.2314814814814814,0.046709818132625494,669,My wicked stepsister created that Tinder profile.
3037,1751,1,23,84,108,1.2314814814814814,0.04284467968052193,669,Only frogs turn into princes.
1357,1751,3,19,86,108,1.2314814814814814,0.046709818132625494,669,Are you sure you have the right address?
1024,1763,4,16,84,104,1.2307692307692308,0.049701816675055514,669,Do you realize that my dad is St. George?
2683,1763,4,16,84,104,1.2307692307692308,0.049701816675055514,669,Condolences and flowers won't bring him back to life!
845,1763,5,14,85,104,1.2307692307692308,0.05154587353209697,669,"You're sweet, but let's just meet at the cookout."
1771,1763,4,19,94,117,1.2307692307692308,0.046040729838903914,669,I don't need snapdragon flowers to remember you.
493,1763,2,23,92,117,1.2307692307692308,0.04272030397180561,669,"Sorry, no one here can help you now. Try another knight?"
950,1763,4,16,84,104,1.2307692307692308,0.049701816675055514,669,Aren't you quite a few millenia behind the times?
2111,1763,3,18,83,104,1.2307692307692308,0.04778665172843477,669,Seriously!? I thought I already made it clear to you that I never date smokers.
2737,1763,1,22,81,104,1.2307692307692308,0.043705275295351925,669,My dad will slay you if those are from his garden.
2166,1763,2,20,82,104,1.2307692307692308,0.04579145756610733,669,It's pride day.
2980,1763,3,18,83,104,1.2307692307692308,0.04778665172843477,669,"I mean it, it’s over."
3176,1763,3,18,83,104,1.2307692307692308,0.04778665172843477,669,You didn’t like the ending either?
3277,1763,3,18,83,104,1.2307692307692308,0.04778665172843477,669,It’s just 1-800-FLOWERS.
2162,1775,4,16,85,105,1.2285714285714286,0.049275228485861494,669,"Normally I would be honored to be your date to the sacrifice.  However at the risk of disappointing you, my virginity was lost long ago.  Perhaps you'll have better luck at the next castle."
4129,1775,4,16,85,105,1.2285714285714286,0.049275228485861494,669,She says you’ve lost your fire
2751,1775,5,14,86,105,1.2285714285714286,0.051099885767817904,669,"Qick, hide me please... my mother doesn't believe in mixed marriages!"
3093,1778,2,19,80,101,1.2277227722772277,0.04641864621675659,669,Make it quick. I'm watching Game of Thrones.
3005,1778,4,15,82,101,1.2277227722772277,0.05050475542517563,669,"Look, you're very nice, and strong, but my family doesn't want me dating dragons after what happened with Daenerys."
3043,1778,1,21,79,101,1.2277227722772277,0.04423427307661123,669,Are those real dragon lillies?
2091,1778,3,17,81,101,1.2277227722772277,0.0485047473818451,669,"Just a hunk of burnin' love for you, babe!"
2899,1778,3,17,81,101,1.2277227722772277,0.0485047473818451,669,"I need to know what pronoun you prefer-he, she or they?"
1413,1778,5,13,83,101,1.2277227722772277,0.05242852394009396,669,"Sorry, dad says I have to be 16 before we can date."
1536,1778,2,19,80,101,1.2277227722772277,0.04641864621675659,669,"Sorry, our dragon is grounded for fire breathing in bed."
1544,1778,1,21,79,101,1.2277227722772277,0.04423427307661123,669,Well this explains the burn marks in his under armor
1564,1778,1,21,79,101,1.2277227722772277,0.04423427307661123,669,"Well, I'd like to eat out. Last time you cooked the kitchen burned down."
1623,1778,6,11,84,101,1.2277227722772277,0.054284159056921966,669,It's not a good Knight.
1796,1778,2,19,80,101,1.2277227722772277,0.04641864621675659,669,"Didn't you see the tie on the doorknob.
She has a visitor."
1799,1778,5,13,83,101,1.2277227722772277,0.05242852394009396,669,"Psssst, can we discuss your job performance lately?"
1950,1778,4,15,82,101,1.2277227722772277,0.05050475542517563,669,"Sorry, she is out laying waste to Casterly Rock"
1996,1778,5,13,83,101,1.2277227722772277,0.05242852394009396,669,"Sorry, you've been de-moated."
2119,1778,6,11,84,101,1.2277227722772277,0.054284159056921966,669,Have you come to slay the Prince?
2439,1778,4,15,82,101,1.2277227722772277,0.05050475542517563,669,"Not another virgin, please. I just want to talk."
2513,1778,1,21,79,101,1.2277227722772277,0.04423427307661123,669,"Second castle on the left, just past the catapult."
2585,1778,2,19,80,101,1.2277227722772277,0.04641864621675659,669,"Excuse me, Sir - This is a Ye Olde White Castle. Please drive thru to the side window to pick up your burger order."
2834,1778,1,21,79,101,1.2277227722772277,0.04423427307661123,669,"I can't leave in a den, you can't dwell in a castle; it is one moat that we cannot bridge."
2858,1778,2,19,80,101,1.2277227722772277,0.04641864621675659,669,You can't go like that -- it's a black tie affair
2919,1778,1,21,79,101,1.2277227722772277,0.04423427307661123,669,"Look, she's still pretty burned up over your last date, so cool it, OK?"
3097,1778,3,17,81,101,1.2277227722772277,0.0485047473818451,669,She’ll be right out. Just getting the marshmallows.
3340,1778,4,15,82,101,1.2277227722772277,0.05050475542517563,669,"First recorded case of ""Stockholm Syndrome"", circa 5th century"
3142,1778,3,17,81,101,1.2277227722772277,0.0485047473818451,669,You should've apologized last knight.
3279,1778,4,15,82,101,1.2277227722772277,0.05050475542517563,669,"She’s at the chapel, marrying the beast."
3252,1778,3,17,81,101,1.2277227722772277,0.0485047473818451,669,I understand xhe told you xhe was identifying as a dragon... but xhe is identifying as an orc today
4018,1778,4,15,82,101,1.2277227722772277,0.05050475542517563,669,You were supposed to bring creme brulee!
3321,1778,2,19,80,101,1.2277227722772277,0.04641864621675659,669,"Sorry, but your password needs to have at least one numeral and one capital letter."
1291,1778,2,19,80,101,1.2277227722772277,0.04641864621675659,669,"The king is home, come back later!"
3559,1778,2,19,80,101,1.2277227722772277,0.04641864621675659,669,"No, sorry, I can’t. It’s your breath."
3240,1778,2,19,80,101,1.2277227722772277,0.04641864621675659,669,This will never work. I’m a Cancer and we’re just not compatible with fire signs.
4034,1778,3,17,81,101,1.2277227722772277,0.0485047473818451,669,What's the secrete password?
4078,1778,2,19,80,101,1.2277227722772277,0.04641864621675659,669,I can't tonight.  Father's being a real beast.
3885,1778,4,15,82,101,1.2277227722772277,0.05050475542517563,669,FYI- most suitors bring at least a dozen roses
4102,1778,4,15,82,101,1.2277227722772277,0.05050475542517563,669,"Sorry, I only date frogs."
3860,1778,2,19,80,101,1.2277227722772277,0.04641864621675659,669,Wow. And I thought that flower deliveries by Uber and Lyft were ridiculous.
3330,1778,1,21,79,101,1.2277227722772277,0.04423427307661123,669,"This is not the ""Fantasy Date"" I had in mind."
3706,1778,4,15,82,101,1.2277227722772277,0.05050475542517563,669,"She’s almost ready, but her breath spray keeps igniting!"
3697,1778,8,7,86,101,1.2277227722772277,0.057817034933292794,669,"Sorry, she’s doing her hair."
3673,1778,3,17,81,101,1.2277227722772277,0.0485047473818451,669,"Can you do your magic tonight, P?"
3663,1778,3,17,81,101,1.2277227722772277,0.0485047473818451,669,"Uh, I'm here for Cerberus."
3592,1778,4,15,82,101,1.2277227722772277,0.05050475542517563,669,That's NOT a FROG!
3398,1778,4,15,82,101,1.2277227722772277,0.05050475542517563,669,Saint George said that he will not accept your apology.
3187,1778,3,17,81,101,1.2277227722772277,0.0485047473818451,669,"She said to tell you ""you slay me."""
3154,1778,4,15,82,101,1.2277227722772277,0.05050475542517563,669,You’re gonna have to sneak in through the window.
3108,1778,2,19,80,101,1.2277227722772277,0.04641864621675659,669,Oh my...HBO or PBS?
3529,1778,4,15,82,101,1.2277227722772277,0.05050475542517563,669,What are you doing here? I swiped you to the left.
1277,1778,3,17,81,101,1.2277227722772277,0.0485047473818451,669,"No, it's not YOU.....it's ME!"
1166,1778,5,13,83,101,1.2277227722772277,0.05242852394009396,669,"DONAAAAALD, YOUR DATE IS HERE."
36,1778,5,13,83,101,1.2277227722772277,0.05242852394009396,669,You know I have allergies!
102,1778,2,19,80,101,1.2277227722772277,0.04641864621675659,669,Do you want a kiss?
235,1778,4,15,82,101,1.2277227722772277,0.05050475542517563,669,"No, he's been burned before."
412,1778,5,13,83,101,1.2277227722772277,0.05242852394009396,669,"I don't want to  see you any more, no point in dragon it on any longer."""
427,1778,2,19,80,101,1.2277227722772277,0.04641864621675659,669,Not now! Come back when he's off crusading.
448,1778,3,17,81,101,1.2277227722772277,0.0485047473818451,669,"Yes, a second date, but without that sword-happy chaperone fella."
452,1778,2,19,80,101,1.2277227722772277,0.04641864621675659,669,I heard you when you knocked the first time.
505,1778,2,19,80,101,1.2277227722772277,0.04641864621675659,669,You think flowers gonna compensate for what you did to my people?
516,1778,3,17,81,101,1.2277227722772277,0.0485047473818451,669,Come back when the King is out hunting dragons
533,1778,4,15,82,101,1.2277227722772277,0.05050475542517563,669,Sorry about the overdone marshmallows
582,1778,4,15,82,101,1.2277227722772277,0.05050475542517563,669,You brought flowers? I expected chocolate! Dark chocolate!!
349,1778,6,11,84,101,1.2277227722772277,0.054284159056921966,669,He’s asking for Guinevere
675,1778,4,15,82,101,1.2277227722772277,0.05050475542517563,669,"I don't care if I remind you of your mother, We're too different"
1149,1778,4,15,82,101,1.2277227722772277,0.05050475542517563,669,"I know you're not ready, but the writers really want to wrap up and get to the finale."
1128,1778,5,13,83,101,1.2277227722772277,0.05242852394009396,669,"Please Mr. Trump, how can I trust you?"
1112,1778,5,13,83,101,1.2277227722772277,0.05242852394009396,669,"Sorry,we're committed to HBO."
644,1778,3,17,81,101,1.2277227722772277,0.0485047473818451,669,Go around back and hide in my she-shed.
947,1778,2,19,80,101,1.2277227722772277,0.04641864621675659,669,"Not you, honey.  Your dog."
1005,1778,1,21,79,101,1.2277227722772277,0.04423427307661123,669,"Are you here for ""drag & queen"" reading hour"
851,1778,4,15,82,101,1.2277227722772277,0.05050475542517563,669,"A well-formed strapping lad, sir, and quite quaint in his manners."
815,1778,4,15,82,101,1.2277227722772277,0.05050475542517563,669,"Sorry, deliveries are at the back drawbridge."
1244,1778,2,19,80,101,1.2277227722772277,0.04641864621675659,669,Leave the flowers with casting...we’ll call you if there’s a prequel.
926,1778,3,17,81,101,1.2277227722772277,0.0485047473818451,669,"Later, Dexter.  Dad's still pretty hot."
3404,1850,2,25,101,128,1.2265625,0.040321731073965326,669,"You are early,the birthday boy is still napping"
3598,1851,5,14,87,106,1.2264150943396226,0.05066142723877443,669,Fairy tales can come true it can happen to you...
416,1851,5,14,87,106,1.2264150943396226,0.05066142723877443,669,My parents don’t approve of mixed-species relationships.
2949,1853,4,18,93,115,1.2260869565217392,0.04631479453711978,669,Maybe if you did something with your breath.
89,1854,1,21,80,102,1.2254901960784315,0.043855321395865086,669,"Just between you and me, the Princess has already kissed A LOT of frogs!"
501,1854,4,15,83,102,1.2254901960784315,0.05005697151276056,669,Danny is still upset about how you interfere in her relationships.
4002,1854,4,15,83,102,1.2254901960784315,0.05005697151276056,669,"Sorry, I have to wash my snood."
3484,1854,2,19,81,102,1.2254901960784315,0.04601550038301792,669,"My last suitor was a big, bad, wolf.  He said ""I'll blow your house down"".  Can give me a better offer?"
1270,1854,5,13,84,102,1.2254901960784315,0.0519599601404218,669,"I know you hoard gold, yet you brought flowers?"
2116,1859,2,18,78,98,1.2244897959183674,0.04706985968207029,669,You’ll have to hold your fire
2183,1859,1,20,77,98,1.2244897959183674,0.04477921677257186,669,You're going to have to do much better than those measly flowers if you're going to woo my lady
2198,1859,4,14,80,98,1.2244897959183674,0.051345482390755634,669,"Puff, you’re just not real to me!"
2070,1859,2,18,78,98,1.2244897959183674,0.04706985968207029,669,What took you so long? For three days we've gone without fire.
2049,1859,2,18,78,98,1.2244897959183674,0.04706985968207029,669,A word to the wise. The princess likes flowers but you'll need breath mints as well.
2034,1859,2,18,78,98,1.2244897959183674,0.04706985968207029,669,It's just... You looked different in your Tinder profile.
2021,1859,0,22,76,98,1.2244897959183674,0.042364900791105074,669,"Now hurry, before my husband finds out."
2020,1859,5,12,81,98,1.2244897959183674,0.053354962259045804,669,No solicitations!
2019,1859,2,18,78,98,1.2244897959183674,0.04706985968207029,669,Not until you do something about that dragon's breath.
1941,1859,3,16,79,98,1.2244897959183674,0.049254087406169565,669,Flowers don’t make up for you burning the village
2271,1859,2,18,78,98,1.2244897959183674,0.04706985968207029,669,"Hmm, you looked shorter on your profile picture."
1932,1859,3,16,79,98,1.2244897959183674,0.049254087406169565,669,I just don't think I'm in a place emotionally to be captured right now.
1742,1859,3,16,79,98,1.2244897959183674,0.049254087406169565,669,I’m sorry she can’t come out today. She’s got a sore throat from your fiery kisses last night!
1914,1859,3,16,79,98,1.2244897959183674,0.049254087406169565,669,But soft! What knight through yonder window breaks?
1525,1859,2,18,78,98,1.2244897959183674,0.04706985968207029,669,"Lets make it quick, I sent him to your lair"
1627,1859,3,16,79,98,1.2244897959183674,0.049254087406169565,669,"Look, can we just start over?"
1642,1859,3,16,79,98,1.2244897959183674,0.049254087406169565,669,Look... I brought you flowers!  Please turn me back into a man!
1643,1859,3,16,79,98,1.2244897959183674,0.049254087406169565,669,"Come back after midnight, my husband's not asleep yet."
1654,1859,3,16,79,98,1.2244897959183674,0.049254087406169565,669,Is this a bad time?
1667,1859,3,16,79,98,1.2244897959183674,0.049254087406169565,669,So now that Game of Thrones is finished you think I’m going to take you back?
1673,1859,3,16,79,98,1.2244897959183674,0.049254087406169565,669,"If you plan on staying over, you’ll need breathe mints."
1741,1859,4,14,80,98,1.2244897959183674,0.051345482390755634,669,We can't Drag On this relationship when we both know it's over.
2322,1859,3,16,79,98,1.2244897959183674,0.049254087406169565,669,"That is very sweet, but you do know I am gay?"
1756,1859,3,16,79,98,1.2244897959183674,0.049254087406169565,669,I am here to pay my respects to the expectations of Game of Throne's fans.
1830,1859,3,16,79,98,1.2244897959183674,0.049254087406169565,669,Tell the prince to send a more discrete animal next time...
1848,1859,5,12,81,98,1.2244897959183674,0.053354962259045804,669,This will not change George's mind.
1850,1859,3,16,79,98,1.2244897959183674,0.049254087406169565,669,I'll catch holy hell if I'm seen with you.
1857,1859,2,18,78,98,1.2244897959183674,0.04706985968207029,669,She ran off with King George.
1890,1859,7,8,83,98,1.2244897959183674,0.05716239033764957,669,"For the June 24th issue (I know I'm too late):
Thank goodness for Ikea's picture instructions.  I have no idea how to read."
1899,1859,2,18,78,98,1.2244897959183674,0.04706985968207029,669,How was the flight? You look famished!
1902,1859,4,14,80,98,1.2244897959183674,0.051345482390755634,669,You're not what I had in mind when I wished for a hot date.
1930,1859,3,16,79,98,1.2244897959183674,0.049254087406169565,669,"I'm sorry, she is out with the swamp creature."
2543,1859,3,16,79,98,1.2244897959183674,0.049254087406169565,669,Can we go out to eat tonight? I 'm getting tired of eating everything well-done.
3101,1859,2,18,78,98,1.2244897959183674,0.04706985968207029,669,"Harold, I love you, but my dad won’t think the claim “It’s 2019” will cut it..."
2687,1859,4,14,80,98,1.2244897959183674,0.051345482390755634,669,Flowers or no flowers you can't come in.  Last time you were here you sneezed and nearly burned down the entire castle!
3532,1859,4,14,80,98,1.2244897959183674,0.051345482390755634,669,She would know me as @Albert.
3606,1859,2,18,78,98,1.2244897959183674,0.04706985968207029,669,"Come in through the kitchen, my parents are in the living room!"
3671,1859,4,14,80,98,1.2244897959183674,0.051345482390755634,669,I know you've been singeing other girls.
3691,1859,4,14,80,98,1.2244897959183674,0.051345482390755634,669,"Sorry to tell you this, but St George has slain your dragon lady."
3757,1859,2,18,78,98,1.2244897959183674,0.04706985968207029,669,"No, I don't care that you grilled the dinner yourself."
3837,1859,4,14,80,98,1.2244897959183674,0.051345482390755634,669,"Apology accepted, but no more s’mores incidents please."
3523,1859,2,18,78,98,1.2244897959183674,0.04706985968207029,669,"She'll be down in a flash...she's just getting into her heat retardant dress."""
3859,1859,4,14,80,98,1.2244897959183674,0.051345482390755634,669,The land shark was trickier!
4024,1859,3,16,79,98,1.2244897959183674,0.049254087406169565,669,"No, no. It's Prince Charming I'm awaiting ... not Prince Charring."
4037,1859,4,14,80,98,1.2244897959183674,0.051345482390755634,669,"I told you before, we have no future until you do something about your breath."
4046,1859,1,20,77,98,1.2244897959183674,0.04477921677257186,669,"Sorry, I’m still a little burned out from our last date."
4063,1859,2,18,78,98,1.2244897959183674,0.04706985968207029,669,"Wait, you're @princecharming1697?"
4109,1859,2,18,78,98,1.2244897959183674,0.04706985968207029,669,"I'm sorry, but the Princess has been burned kissing dragons.  She's sticking with frogs."
4137,1859,2,18,78,98,1.2244897959183674,0.04706985968207029,669,She's almost ready.  Just putting on her fire proof sweater.
3963,1859,0,22,76,98,1.2244897959183674,0.042364900791105074,669,Really? Two weeds don't make up for scorching my garden.
3504,1859,2,18,78,98,1.2244897959183674,0.04706985968207029,669,"Use the back gate silly, I don't want anyone to see us."
3498,1859,3,16,79,98,1.2244897959183674,0.049254087406169565,669,I would have preferred you brought me a fire blanket.
3492,1859,2,18,78,98,1.2244897959183674,0.04706985968207029,669,"Madam, your ride has arrived."
2693,1859,3,16,79,98,1.2244897959183674,0.049254087406169565,669,Sorry. Prince Charles or not. I'm still not kissing you.
2734,1859,2,18,78,98,1.2244897959183674,0.04706985968207029,669,I’m interested but you didn’t respond to my question about bondage.
2776,1859,1,20,77,98,1.2244897959183674,0.04477921677257186,669,"Sorry,but your profile didn't say you had a tail."""
2869,1859,2,18,78,98,1.2244897959183674,0.04706985968207029,669,No no no. You're looking for Westeros. This is Trumperos.
2925,1859,2,18,78,98,1.2244897959183674,0.04706985968207029,669,"My Knight in shinny armor is passed out,  so it's you and me tonight, you handsome devil!"
2944,1859,4,14,80,98,1.2244897959183674,0.051345482390755634,669,This isn’t what I had in mind from your dating site profile.
3075,1859,1,20,77,98,1.2244897959183674,0.04477921677257186,669,Come back with Bar-B-Q.
1497,1859,5,12,81,98,1.2244897959183674,0.053354962259045804,669,I promise you will get used to it in no time!
3118,1859,0,22,76,98,1.2244897959183674,0.042364900791105074,669,She's watching Game of Thrones.
3267,1859,4,14,80,98,1.2244897959183674,0.051345482390755634,669,"It's going to take a lot more than flowers to get back in this castle, mister."
3345,1859,4,14,80,98,1.2244897959183674,0.051345482390755634,669,"‘Sorry, but you’re 65 million years  too late!’"
3378,1859,2,18,78,98,1.2244897959183674,0.04706985968207029,669,"'It's nothing personal Drogon, but your breath could kill."
3462,1859,3,16,79,98,1.2244897959183674,0.049254087406169565,669,"When a woman says no, she means NO."
3470,1859,4,14,80,98,1.2244897959183674,0.051345482390755634,669,"I don't care how many bouquets you bring me, I can't lend you the script because the show has been cancelled."" 
 John Day, Kent, WA"
3478,1859,2,18,78,98,1.2244897959183674,0.04706985968207029,669,"oh, the prince and i have been married for 20 years"
2599,1859,2,18,78,98,1.2244897959183674,0.04706985968207029,669,No. She's still angry about the fire.
1494,1859,3,16,79,98,1.2244897959183674,0.049254087406169565,669,"Do you have time for a brief survey? 
Free gift included."
1506,1859,3,16,79,98,1.2244897959183674,0.049254087406169565,669,"She said: ""Only if you can breathe fire!"""
1444,1859,2,18,78,98,1.2244897959183674,0.04706985968207029,669,Friends?
593,1859,3,16,79,98,1.2244897959183674,0.049254087406169565,669,I thought we were meeting at the restaurant...
549,1859,3,16,79,98,1.2244897959183674,0.049254087406169565,669,"...and  I  love  you, but  I  also loved my brother until you  got drunk and then you got jealous."
534,1859,3,16,79,98,1.2244897959183674,0.049254087406169565,669,Me thinks   the  princess requested  a   gargle  not   a   gargoyle.
499,1859,3,16,79,98,1.2244897959183674,0.049254087406169565,669,Sorry. Wrong house.
496,1859,4,14,80,98,1.2244897959183674,0.051345482390755634,669,Just leave the flowers and go follow your tail.
463,1859,4,14,80,98,1.2244897959183674,0.051345482390755634,669,I think you're looking for Westeros.
410,1859,3,16,79,98,1.2244897959183674,0.049254087406169565,669,The story just wouldn't work if we tried anything out.
381,1859,3,16,79,98,1.2244897959183674,0.049254087406169565,669,"Sorry honey, I canceled HBO."
368,1859,3,16,79,98,1.2244897959183674,0.049254087406169565,669,She’s already seeing someone with dragon energy.
311,1859,4,14,80,98,1.2244897959183674,0.051345482390755634,669,You call that a promposal?
308,1859,3,16,79,98,1.2244897959183674,0.049254087406169565,669,I think you misunderstood what I meant when I said my love burns for you.
283,1859,2,18,78,98,1.2244897959183674,0.04706985968207029,669,Your profile said you were a wyvern...
124,1859,1,20,77,98,1.2244897959183674,0.04477921677257186,669,It'll take a lot more than that to make up for that stunt with the candles last night.
113,1859,4,14,80,98,1.2244897959183674,0.051345482390755634,669,"This isn’t going to work out, last time you kissed me you burned my tongue!"
97,1859,5,12,81,98,1.2244897959183674,0.053354962259045804,669,You know you razed the village yesterday.  What makes you think it is a good day to meet my parents?
69,1859,3,16,79,98,1.2244897959183674,0.049254087406169565,669,No more auditions. Game of Thrones season ended.
1463,1859,4,14,80,98,1.2244897959183674,0.051345482390755634,669,There's no Daenerys here
594,1859,3,16,79,98,1.2244897959183674,0.049254087406169565,669,"Sorry, Mother says it's your breath."
621,1859,4,14,80,98,1.2244897959183674,0.051345482390755634,669,You must stop dragon my heart around.
128,1859,4,14,80,98,1.2244897959183674,0.051345482390755634,669,"Not tonight dear, I've got a flaming headache."
793,1859,2,18,78,98,1.2244897959183674,0.04706985968207029,669,She told me to tell you she prefers truffles. Or livestock.
1373,1859,4,14,80,98,1.2244897959183674,0.051345482390755634,669,Not now.  I’m binging the entire series of Game of Thrones.
630,1859,3,16,79,98,1.2244897959183674,0.049254087406169565,669,"She said she only wants chivalry from knights, sorry."
1403,1859,3,16,79,98,1.2244897959183674,0.049254087406169565,669,I must admit I do prefer this approach.
1278,1859,3,16,79,98,1.2244897959183674,0.049254087406169565,669,"To be honest, I've been burned by dragons too many times before."
1268,1859,0,22,76,98,1.2244897959183674,0.042364900791105074,669,"It's sweet of you to come by Puff, but Jackie became engaged last week."
1218,1859,3,16,79,98,1.2244897959183674,0.049254087406169565,669,"Sorry, you'll be wanting the Dragon's Keep next door."
1145,1859,4,14,80,98,1.2244897959183674,0.051345482390755634,669,"Come through the back door, so I can get some tail!"
1117,1859,2,18,78,98,1.2244897959183674,0.04706985968207029,669,"Marvin, please, I told you never to meet me here."
1107,1859,4,14,80,98,1.2244897959183674,0.051345482390755634,669,"Don't you come ""dragon"" in here with just two measly flowers!!"
1059,1859,3,16,79,98,1.2244897959183674,0.049254087406169565,669,Not quite what I meant by 'come to court'.
1047,1859,3,16,79,98,1.2244897959183674,0.049254087406169565,669,I’m afraid you’ve got the wrong castle.
958,1859,5,12,81,98,1.2244897959183674,0.053354962259045804,669,You need more fire in your courtship.
953,1859,4,14,80,98,1.2244897959183674,0.051345482390755634,669,"Sorry, Puff, she's gone cold turkey."
900,1859,3,16,79,98,1.2244897959183674,0.049254087406169565,669,You looked younger on Tinder
867,1859,4,14,80,98,1.2244897959183674,0.051345482390755634,669,"I'm sorry, she says that you're a little too hot-headed for her"
1325,1859,6,10,82,98,1.2244897959183674,0.05529145895514973,669,Are you alone ?
1290,1859,3,16,79,98,1.2244897959183674,0.049254087406169565,669,"Ooh, I think that strikes the right note of middle aged whimsy!"
727,1969,5,14,88,107,1.2242990654205608,0.05023031282392356,669,No princess ever gave me flowers before. . . .
2171,1969,1,22,84,107,1.2242990654205608,0.042634978050523124,669,"I know, my breath isn't so hot either."
1602,1971,5,13,85,103,1.2233009708737863,0.051499574138862456,669,You don’t look like a frog...
306,1971,2,19,82,103,1.2233009708737863,0.045619117803674204,669,Dad wants to discuss your family.
2566,1971,2,19,82,103,1.2233009708737863,0.045619117803674204,669,"Thank you!  That's very nice, but what have you done with Sir Lancelot?"
3186,1974,4,16,88,108,1.2222222222222223,0.048037522351901875,669,"If you see me with my parents, pretend we just met."
2008,1974,5,14,89,108,1.2222222222222223,0.04980636325046914,669,"'It's just for lunch.' Yeah, well, thanks, but I'm not really into to 'flame broiled.'"
1502,1974,4,16,88,108,1.2222222222222223,0.048037522351901875,669,So... I heard there's this interesting French film at the Anjelika and I was wondering....
1450,1974,4,16,88,108,1.2222222222222223,0.048037522351901875,669,I’m computer generated...or have you heard that line before?
1701,1974,4,14,81,99,1.2222222222222223,0.050874754873893785,669,Come in quickly before my father sees you
522,1974,2,18,79,99,1.2222222222222223,0.04664712806708402,669,"Flowers won't do, we just weren't made for each other."
70,1974,5,12,82,99,1.2222222222222223,0.05286193097839597,669,I told you not to come over if my brother George is home!
3625,1981,5,13,86,104,1.2211538461538463,0.051047157774787154,669,Our gargoyle is out right now. You'll have to come back later.
328,1981,4,15,85,104,1.2211538461538463,0.04918440626354967,669,Are those poppies?
1220,1983,4,15,86,105,1.2190476190476192,0.04875924328817289,669,Can you come back later? My husband is home and I don't want him to accidentally behead you.
3245,1983,5,13,87,105,1.2190476190476192,0.05060250971231977,669,Not tonight hot lips.  I've  got q headache
1669,1983,3,17,85,105,1.2190476190476192,0.04684350139437753,669,"No, Julian's out with Mr. Prince Charming from across the way."
750,1983,3,17,85,105,1.2190476190476192,0.04684350139437753,669,"If you blow your nose, you can come in."
3065,1983,3,17,85,105,1.2190476190476192,0.04684350139437753,669,"Excuse me,I'm not a virgin."
1367,1988,1,19,76,96,1.21875,0.044924705526766306,669,Come on baby let me light your fire
2268,1988,3,15,78,96,1.21875,0.04956637628367376,669,Daddy says winter is NOT coming.
2176,1988,1,19,76,96,1.21875,0.044924705526766306,669,Ready for another knight on the town?
2190,1988,1,19,76,96,1.21875,0.044924705526766306,669,"Thy love hast singed thee thrice.
Be gone, foul beast!"
1379,1988,3,15,78,96,1.21875,0.04956637628367376,669,Stop already with the Jim Morrison bit!
2149,1988,3,15,78,96,1.21875,0.04956637628367376,669,"No, you're looking for my sister. I'm more into kissing frogs."
2145,1988,2,17,77,96,1.21875,0.04730250957698441,669,She doesn’t want to see you. Do you think a lousy bouquet will make things alright? Her parents lived in Tokyo for God’s sake!
1292,1988,2,17,77,96,1.21875,0.04730250957698441,669,We're not right for each other!  Please don't let this Drag-0n!
1855,1988,1,19,76,96,1.21875,0.044924705526766306,669,Not tonight. You reek of roasted villager.
1322,1988,4,13,79,96,1.21875,0.05173126620824946,669,"Eldadrya, your date is here!"
1559,1988,3,15,78,96,1.21875,0.04956637628367376,669,"No thank you.
We already have a monster."
1364,1988,4,13,79,96,1.21875,0.05173126620824946,669,"Would you quit frolicking in the autumn mist and get IN here?! 
Winter is coming!”"
1553,1988,3,15,78,96,1.21875,0.04956637628367376,669,Done anything about your breath?  Last time it set the door on fire!
1492,1988,5,11,80,96,1.21875,0.053809127005767406,669,You had better go. George is coming home any minute.
1266,1988,4,13,79,96,1.21875,0.05173126620824946,669,"We're out of starter fluid. Before we go, can you help my dad light the grill"
1460,1988,5,11,80,96,1.21875,0.053809127005767406,669,Zipper's stuck on her Prom dress.  She'll be right out.
2245,1988,2,17,77,96,1.21875,0.04730250957698441,669,What are your intentions with my dragon?
1838,1988,2,17,77,96,1.21875,0.04730250957698441,669,You rang?
3046,1988,2,17,77,96,1.21875,0.04730250957698441,669,I'm sorry. It's over.You're dragon me down.
3482,1988,2,17,77,96,1.21875,0.04730250957698441,669,Should I bring the fire extinguisher?
2638,1988,4,13,79,96,1.21875,0.05173126620824946,669,"George, dear! Your ex wife's at the door"
2524,1988,2,17,77,96,1.21875,0.04730250957698441,669,"You know, with 'Game of Thrones' over, and all, the magic is kind of over. Sorry."
2778,1988,1,19,76,96,1.21875,0.044924705526766306,669,"Go away, I keep telling you, stop thinking of me as your old flame!"
2471,1988,5,11,80,96,1.21875,0.053809127005767406,669,Wrong castle; you must be looking for the damsel down the block.
2470,1988,2,17,77,96,1.21875,0.04730250957698441,669,"Fifty years on, Stonewall barriers continue to fall."
2443,1988,1,19,76,96,1.21875,0.044924705526766306,669,Could you text first?
2812,1988,4,13,79,96,1.21875,0.05173126620824946,669,"I'm sorry, no exceptions.  All deliveries must be made at the service entrance."
2926,1988,2,17,77,96,1.21875,0.04730250957698441,669,Meet me around back. Under cover of darkness. And bring some barbecue.
2345,1988,3,15,78,96,1.21875,0.04956637628367376,669,"Jesus Rodney I told you one, wait until he rides out on his quest and two, come to the back gate."
2927,1988,3,15,78,96,1.21875,0.04956637628367376,669,"She's fictional, not real.  She doesn't exist."
2320,1988,2,17,77,96,1.21875,0.04730250957698441,669,"I'm sorry Un, Donny is at Vlad's for a sleep over."
3709,1988,5,11,80,96,1.21875,0.053809127005767406,669,"For the last time, Drogon: The show is over. I'm not really your mother. Go home."
3807,1988,2,17,77,96,1.21875,0.04730250957698441,669,"My profile said seeking romance, strength and adventure.  I think I need to refine my search."
3845,1988,3,15,78,96,1.21875,0.04956637628367376,669,Is Elizabeth home?
3938,1988,3,15,78,96,1.21875,0.04956637628367376,669,You're as good as dead if Beowulf finds out you're here.
4065,1988,3,15,78,96,1.21875,0.04956637628367376,669,I liked the flames.
3996,1988,4,13,79,96,1.21875,0.05173126620824946,669,"Yes, that's the way to the right castle."
1249,1988,3,15,78,96,1.21875,0.04956637628367376,669,Dinner's ready in five.
3085,1988,2,17,77,96,1.21875,0.04730250957698441,669,"Sorry, Jackie, she left with Puff."
3981,1988,3,15,78,96,1.21875,0.04956637628367376,669,Get in here quick the King is watching Game of Thrones.
3198,1988,4,13,79,96,1.21875,0.05173126620824946,669,"Oh, milady, did you order a snapdragon?"
3699,1988,2,17,77,96,1.21875,0.04730250957698441,669,"You told your dad I was coming for dinner, right?"
3682,1988,1,19,76,96,1.21875,0.044924705526766306,669,Sorry. We have never heard of DragonMatch.com
3669,1988,1,19,76,96,1.21875,0.044924705526766306,669,"Girlfriend, he won't give you the ring, either."
2306,1988,1,19,76,96,1.21875,0.044924705526766306,669,"We’ll  have to meet elsewhere, can’t let you in. Something about fire regulations."
3588,1988,2,17,77,96,1.21875,0.04730250957698441,669,I have an FTD Birthday delivery for Griselda
3372,1988,2,17,77,96,1.21875,0.04730250957698441,669,Try not to be so conspicuous.
3545,1988,4,13,79,96,1.21875,0.05173126620824946,669,"And suddenly he realized, she liked him back."
1158,1988,2,17,77,96,1.21875,0.04730250957698441,669,Maybe we should meet at your place...
3223,1988,3,15,78,96,1.21875,0.04956637628367376,669,Rapunzel’s going to be late - she’s getting a blowout.
1113,1988,2,17,77,96,1.21875,0.04730250957698441,669,Shhh! Sneak in the window so my father doesn't see you.
16,1988,1,19,76,96,1.21875,0.044924705526766306,669,"Sorry, no admittance without a tie."
44,1988,2,17,77,96,1.21875,0.04730250957698441,669,"Oh Aaron, my father would never allow it. We’re devout Catholics and I can clearly see you’re Jewish."
154,1988,0,21,75,96,1.21875,0.04241380578364351,669,Sorry to end it. But I can't let things drag on.
165,1988,2,17,77,96,1.21875,0.04730250957698441,669,I hope my father didn't see you.
218,1988,2,17,77,96,1.21875,0.04730250957698441,669,Stop dragon my heart around.
273,1988,1,19,76,96,1.21875,0.044924705526766306,669,She said she’ll be down with her tenderloins once you reach 350°.
299,1988,3,15,78,96,1.21875,0.04956637628367376,669,"Oh, Big Boy, you light my fire."
421,1988,3,15,78,96,1.21875,0.04956637628367376,669,That magical kiss not working out?
471,1988,2,17,77,96,1.21875,0.04730250957698441,669,"Oh, I was expecting an uber wagon."
1155,1988,1,19,76,96,1.21875,0.044924705526766306,669,She can’t see you because your fire breathing system poses an environmental hazard and doesn’t comply with current safety regulations.’
581,1988,4,13,79,96,1.21875,0.05173126620824946,669,"Ah, yes.  The Ayatollah is expecting you."
779,1988,3,15,78,96,1.21875,0.04956637628367376,669,"No No, this is medieval anthropocene.  The late Cretaceous prom is two miles down on your right."
559,1988,2,17,77,96,1.21875,0.04730250957698441,669,"I'm sorry, but the picture on your account was definitely an iguana ..."
862,1988,1,19,76,96,1.21875,0.044924705526766306,669,I'm just not afraid of you like that.
902,1988,2,17,77,96,1.21875,0.04730250957698441,669,"That's funny, you don't look like a knight!"
971,1988,2,17,77,96,1.21875,0.04730250957698441,669,"Sorry,  I was expecting a hot blind date, not a fire breathing one."
1000,1988,1,19,76,96,1.21875,0.044924705526766306,669,The size of your dowry is more than generous. What concerns me is the size of...
2270,2056,2,27,113,142,1.2183098591549295,0.037550880719402255,669,But I was supposed to kiss a frog!
792,2057,5,12,84,101,1.2178217821782178,0.051902346226063996,669,"I come in peace. Trust me , you do not want to make me angry"""
3389,2057,2,18,81,101,1.2178217821782178,0.04582351075408372,669,I was hoping for someone with fire in his belly.
2559,2057,3,16,82,101,1.2178217821782178,0.04793551856202062,669,Will you be my Dinner?
2652,2057,4,14,83,101,1.2178217821782178,0.04995832004571433,669,"I don't want flowers, I want the Iron Throne!"
668,2061,3,19,93,115,1.2173913043478262,0.044159423919739836,669,"Lady Godiva , Can Georgie come out to play ?"
275,2062,1,19,77,97,1.2164948453608246,0.04451631068052103,669,Honestly? It's your breath...
1935,2063,3,14,76,93,1.2150537634408602,0.05035976776967562,669,That's very sweet. How are you at terrorizing peons with the threat of fiery destruction?
2063,2063,2,16,75,93,1.2150537634408602,0.04798283150376886,669,"Hi Mrs. Anderson, is Diane ready?"
2220,2063,1,18,74,93,1.2150537634408602,0.04548184284329831,669,Sorry...There's a 3-flower minimum for entry!
1955,2063,0,20,73,93,1.2150537634408602,0.04283507835554755,669,I already told you she doesn't live here anymore.
2102,2063,3,14,76,93,1.2150537634408602,0.05035976776967562,669,Stevie says to stop draggin' her heart around.
1418,2063,5,10,78,93,1.2150537634408602,0.05480524054512337,669,Are you sure you have the right lair?
1852,2063,2,16,75,93,1.2150537634408602,0.04798283150376886,669,Pae-historic or medieval?
1638,2063,2,16,75,93,1.2150537634408602,0.04798283150376886,669,"It's case sensitive, remember?"
1632,2063,3,14,76,93,1.2150537634408602,0.05035976776967562,669,Which way to the Dragonfest?
1622,2063,3,14,76,93,1.2150537634408602,0.05035976776967562,669,I'm not in the mood for barbecue tonight.
3576,2063,3,14,76,93,1.2150537634408602,0.05035976776967562,669,Your wings looked bigger on your profile.
1425,2063,3,14,76,93,1.2150537634408602,0.05035976776967562,669,Thought I'd take the 'kill 'em with kindness' approach for once.
1271,2063,4,12,77,93,1.2150537634408602,0.05262946228598813,669,"Sorry, Puff died years ago"
1286,2063,2,16,75,93,1.2150537634408602,0.04798283150376886,669,"If it makes you feel any better, he did say you had a nice personality"
1853,2063,3,14,76,93,1.2150537634408602,0.05035976776967562,669,"Sorry, I don't have HBO."
3531,2063,2,16,75,93,1.2150537634408602,0.04798283150376886,669,Quietly. My parents are antidragonetic.
2479,2063,3,14,76,93,1.2150537634408602,0.05035976776967562,669,The flowers are lovely. What are they called?
2277,2063,3,14,76,93,1.2150537634408602,0.05035976776967562,669,You’re not Shrek!
3493,2063,2,16,75,93,1.2150537634408602,0.04798283150376886,669,Too late to appologize!
3422,2063,1,18,74,93,1.2150537634408602,0.04548184284329831,669,"The web-page just says 'big Game of Thrones fan, non-smoker, GSOH'"
3362,2063,1,18,74,93,1.2150537634408602,0.04548184284329831,669,Arthur said he would send merlin and instead he sends you!
3310,2063,2,16,75,93,1.2150537634408602,0.04798283150376886,669,"Oh, don't you dare try to sugarcoat things now!"
3226,2063,1,18,74,93,1.2150537634408602,0.04548184284329831,669,"George? (burp)  Oh, he said he'd be here by Tuesday."
3112,2063,4,12,77,93,1.2150537634408602,0.05262946228598813,669,These flowers might convince her -- at least they'll fit through that door.
2985,2063,4,12,77,93,1.2150537634408602,0.05262946228598813,669,Death is not the end.
2735,2063,1,18,74,93,1.2150537634408602,0.04548184284329831,669,Could you come back later after we've renovated the tower?
2670,2063,2,16,75,93,1.2150537634408602,0.04798283150376886,669,"I’m sorry, you’ll have to wait for her out here. We haven’t finished fire-proofing the sitting room furniture."
2629,2063,3,14,76,93,1.2150537634408602,0.05035976776967562,669,Oh honey there's a Crackenbruce at the door for you.
2540,2063,3,14,76,93,1.2150537634408602,0.05035976776967562,669,"Dragon: “Perhaps everything that frightens us is, in its deepest essence something...”
Princess: Wait. Where’s Shrek? Where’s Donkey?
Dragon: Who?
Princess: Are you reciting Rainer Maria Rilke?! No. No. No. This is all wrong!"
2491,2063,1,18,74,93,1.2150537634408602,0.04548184284329831,669,She won’t come out.  She says you have dragon breath.
1139,2063,2,16,75,93,1.2150537634408602,0.04798283150376886,669,I am so  sorry for your loss.
2438,2063,4,12,77,93,1.2150537634408602,0.05262946228598813,669,We’re just too similar.
2324,2063,3,14,76,93,1.2150537634408602,0.05035976776967562,669,Are you here for the fireplace supervisors job interview?
2316,2063,2,16,75,93,1.2150537634408602,0.04798283150376886,669,and tbe password is
2313,2063,2,16,75,93,1.2150537634408602,0.04798283150376886,669,I’d love to invite you in but we just redid our roof”
2263,2063,2,16,75,93,1.2150537634408602,0.04798283150376886,669,"For heaven's sake, it was just a TV show."
3614,2063,1,18,74,93,1.2150537634408602,0.04548184284329831,669,She's not due back from Hogwarts for another two weeks - but I can't guarantee as what.
3812,2063,2,16,75,93,1.2150537634408602,0.04798283150376886,669,"I said portfolio, not flowers."
888,2063,2,16,75,93,1.2150537634408602,0.04798283150376886,669,Posies for the little lady!
898,2063,2,16,75,93,1.2150537634408602,0.04798283150376886,669,"No, no, no.... follow your tail."
4122,2063,3,14,76,93,1.2150537634408602,0.05035976776967562,669,"Oh dear,  I can't cope with you.  I clearly said to send a dragoon, a DRAGOON."
4112,2063,5,10,78,93,1.2150537634408602,0.05480524054512337,669,We no longer can see one another....father forbids me riding a dragon.
3946,2063,2,16,75,93,1.2150537634408602,0.04798283150376886,669,In July? - I don't think so.
3509,2063,1,18,74,93,1.2150537634408602,0.04548184284329831,669,"We aren’t dragon this out any longer: it’s over between us, Smaug."
3658,2063,1,18,74,93,1.2150537634408602,0.04548184284329831,669,Could you breathe on my creme brulee ?
3516,2063,1,18,74,93,1.2150537634408602,0.04548184284329831,669,"Um, you don’t look like your profile picture, Mother of Dragons 69"
336,2063,4,12,77,93,1.2150537634408602,0.05262946228598813,669,It will never work.  I'm allergic to flowers.
503,2063,1,18,74,93,1.2150537634408602,0.04548184284329831,669,"Sweet of you to think of me. 
But death is one of my allergies."
683,2063,2,16,75,93,1.2150537634408602,0.04798283150376886,669,I told the king and he said he’ll go out with you but only if you suck his dick
785,2063,3,14,76,93,1.2150537634408602,0.05035976776967562,669,"Flowers won't make up for catfishing me, ""Greg!!!"""
61,2063,3,14,76,93,1.2150537634408602,0.05035976776967562,669,I think I misunderstood the assignment.
3650,2063,2,16,75,93,1.2150537634408602,0.04798283150376886,669,Come in but no smoking.
2679,2115,2,17,79,98,1.2142857142857142,0.04643848313822551,669,Let me find a vase.
2631,2115,1,19,78,98,1.2142857142857142,0.044115068632548333,669,You looked shorter in your picture
2568,2115,5,11,82,98,1.2142857142857142,0.05279879755594507,669,"Sure, just a minute, let me see if he's home."
104,2115,3,15,80,98,1.2142857142857142,0.04865106526998212,669,"Sorry, the show's over...Bran is king."
94,2115,3,15,80,98,1.2142857142857142,0.04865106526998212,669,She's not interested dragon breath.
3436,2115,2,17,79,98,1.2142857142857142,0.04643848313822551,669,"No, I'm not a dragon. I'm the Western Union delivery boy."
1006,2121,3,14,77,94,1.2127659574468086,0.049873645941421386,669,"Your heart's in the right place, but it's about your breath."
3943,2121,3,14,77,94,1.2127659574468086,0.049873645941421386,669,We're not a heart attack family; we're a cancer family.
3892,2121,5,10,79,94,1.2127659574468086,0.054267317588955866,669,You should have added a banana for scale to your Tinder profile.
3350,2121,4,12,78,94,1.2127659574468086,0.05211680303793997,669,"I'm terribly sorry, but I've already kissed the frog."
3328,2121,2,16,76,94,1.2127659574468086,0.04752472998434697,669,Just wait around back-dad’s almost asleep!
2738,2121,1,18,75,94,1.2127659574468086,0.04505351662944766,669,Saint George says he doesn’t want to see you
2204,2121,3,14,77,94,1.2127659574468086,0.049873645941421386,669,I thought you were supposed to be a frog?
653,2121,3,14,77,94,1.2127659574468086,0.049873645941421386,669,"Daenerys is out winning a war, but I's sure she'd like to see you when she gets back."
60,2121,5,10,79,94,1.2127659574468086,0.054267317588955866,669,Is it my breath?
2030,2121,3,14,77,94,1.2127659574468086,0.049873645941421386,669,"No, I can’t...I have a date with a stegosaurus tonight."
1649,2121,4,12,78,94,1.2127659574468086,0.05211680303793997,669,I know fake news when I see it!
1530,2121,1,18,75,94,1.2127659574468086,0.04505351662944766,669,You're mistaken if you think you can get away with that hold-your-breath trickery.  Nobody in this castle is that stupid.
455,2121,3,14,77,94,1.2127659574468086,0.049873645941421386,669,Just say we met on a crusade
652,2121,3,14,77,94,1.2127659574468086,0.049873645941421386,669,The Beauty and the Beast story has already been written.
1395,2121,2,16,76,94,1.2127659574468086,0.04752472998434697,669,"Remember, you only have three tries."
1320,2121,2,16,76,94,1.2127659574468086,0.04752472998434697,669,"That's very kind of you, but you know chivalry is dead."
438,2121,4,12,78,94,1.2127659574468086,0.05211680303793997,669,One moment.; I'll get her. She's in the dungeon.
894,2121,3,14,77,94,1.2127659574468086,0.049873645941421386,669,You think we've forgotten Season 8 already?
4091,2121,0,20,74,94,1.2127659574468086,0.04243864702455471,669,She found someone else to light her fire.
687,2140,4,20,109,133,1.2105263157894737,0.0414103048668128,669,"Of course I love you, but it would be much better if you came back tonight after everyone's gone to bed."
2772,2140,1,18,76,95,1.2105263157894737,0.04463297341944604,669,"He says his name is Daryl, but he prefers to be called ""The Captain."""
1578,2142,1,17,73,91,1.2087912087912087,0.045604027831460565,669,"Better make it tomorrow, darling.Father is having one of his interspecies rants."
2214,2142,3,13,75,91,1.2087912087912087,0.05067669921031872,669,"Princess??  You're still..dressed!  Did I misread the party invite, or am I just too early?"
2325,2142,0,19,72,91,1.2087912087912087,0.04284305206509435,669,I'll have to watch How to Train Your Dragon.
2340,2142,1,17,73,91,1.2087912087912087,0.045604027831460565,669,Where's the box of chocolates?
2409,2142,2,15,74,91,1.2087912087912087,0.048207132238423746,669,"I burn for you, Princess."
2477,2142,0,19,72,91,1.2087912087912087,0.04284305206509435,669,"No ... no, you’re looking for the “Breaker of Chains.”  This is Hamlet’s palace. I’m the Breaker of Danes.”"
2500,2142,1,17,73,91,1.2087912087912087,0.045604027831460565,669,Mother of Dragons: the Prequel
2517,2142,2,15,74,91,1.2087912087912087,0.048207132238423746,669,Is your husband home?
2642,2142,2,15,74,91,1.2087912087912087,0.048207132238423746,669,But I have a really good benefits package.
2731,2142,4,11,76,91,1.2087912087912087,0.053031387753417904,669,"They're lovely, but I can't be seen with you. Really."
2850,2142,2,15,74,91,1.2087912087912087,0.048207132238423746,669,Not NOW you clod! I'm watching Game of Thrones!
2924,2142,3,13,75,91,1.2087912087912087,0.05067669921031872,669,It’s just that you looked taller in your profile picture.”
2953,2142,2,15,74,91,1.2087912087912087,0.048207132238423746,669,My parents said you can't go on vacation with us.
2958,2142,1,17,73,91,1.2087912087912087,0.045604027831460565,669,"U do not bring me flowers,U do not sing me love songs, U hardly talk to me anymore, when I come to the door at the end of the day."
2979,2142,4,11,76,91,1.2087912087912087,0.053031387753417904,669,"Oh, er, she's gone out with George."
2212,2142,3,13,75,91,1.2087912087912087,0.05067669921031872,669,"Two flowers won’t neutralize your 
disgusting dragon breath !!!"
2185,2142,2,15,74,91,1.2087912087912087,0.048207132238423746,669,"You want to WHAT?  To  WHOM?"""
2152,2142,2,15,74,91,1.2087912087912087,0.048207132238423746,669,"No, Cecil, for me the fire has gone out."
2085,2142,1,17,73,91,1.2087912087912087,0.045604027831460565,669,I'm willing to kiss you but how long will it take you to become a Prince again?
1604,2142,2,15,74,91,1.2087912087912087,0.048207132238423746,669,My sincere apologies regarding your fleet
1665,2142,1,17,73,91,1.2087912087912087,0.045604027831460565,669,Do you breathe fire?  I can't light my birthday candles.
1685,2142,2,15,74,91,1.2087912087912087,0.048207132238423746,669,Where's the fire?
1731,2142,2,15,74,91,1.2087912087912087,0.048207132238423746,669,"I'm sorry, Xorphezk the Terrible. The hoarding habit was just too much."
1750,2142,2,15,74,91,1.2087912087912087,0.048207132238423746,669,"She is not here sweetie.
She's walking around the neighborhood to help people get their barbecue set going."
1777,2142,1,17,73,91,1.2087912087912087,0.045604027831460565,669,I think I'm losing interest in email.
1787,2142,3,13,75,91,1.2087912087912087,0.05067669921031872,669,"Go away, the king said he'll slay you if he sees us talking again."
2994,2142,3,13,75,91,1.2087912087912087,0.05067669921031872,669,"She's finishing season three, then she''ll be out."
1846,2142,1,17,73,91,1.2087912087912087,0.045604027831460565,669,"No, I am not your mother."
1949,2142,4,11,76,91,1.2087912087912087,0.053031387753417904,669,"Since the series finale, Daddy doesn't want you coming around any more."
1999,2142,1,17,73,91,1.2087912087912087,0.045604027831460565,669,"I just watched the Game of Thrones finale.  Unless there is a reshoot, I don't think we should see each other anymore."
2006,2142,2,15,74,91,1.2087912087912087,0.048207132238423746,669,"I know you've tried to give up smoking, but until you do, it's just not enough."
2009,2142,3,13,75,91,1.2087912087912087,0.05067669921031872,669,"If my father finds out, he'll slay you and lock me in the tower forever."
2027,2142,2,15,74,91,1.2087912087912087,0.048207132238423746,669,We’re not falling for pleasantries again.
2061,2142,2,15,74,91,1.2087912087912087,0.048207132238423746,669,"I’m sorry Alfred, but Puff just has that certain something."
2082,2142,1,17,73,91,1.2087912087912087,0.045604027831460565,669,She just went out for a mani-pedi.
1919,2142,2,15,74,91,1.2087912087912087,0.048207132238423746,669,"Sorry, I'm over my Game of Thrones period."
3004,2142,4,11,76,91,1.2087912087912087,0.053031387753417904,669,I can take a hint.
3123,2142,2,15,74,91,1.2087912087912087,0.048207132238423746,669,As I recall that only works for horses
1587,2142,1,17,73,91,1.2087912087912087,0.045604027831460565,669,Not today?
3611,2142,1,17,73,91,1.2087912087912087,0.045604027831460565,669,Your Facebook photo doesn’t do you justice.
3631,2142,0,19,72,91,1.2087912087912087,0.04284305206509435,669,My parents are still home!!
3633,2142,2,15,74,91,1.2087912087912087,0.048207132238423746,669,Her father's an anti-dragonite. Any chance that you can get spelled to be a human?
3655,2142,2,15,74,91,1.2087912087912087,0.048207132238423746,669,"Go home, I only rescued you because my dad runs the local PETA"
3679,2142,1,17,73,91,1.2087912087912087,0.045604027831460565,669,Damn! My eyes just aren’t Where they used to be.
3685,2142,1,17,73,91,1.2087912087912087,0.045604027831460565,669,You must be looking for my father. He's just as full of hot air as you.
3722,2142,3,13,75,91,1.2087912087912087,0.05067669921031872,669,"Mademoiselle, I have arrived for our fabulous afternoon!"
3770,2142,2,15,74,91,1.2087912087912087,0.048207132238423746,669,Are those flowers gluten free?
3804,2142,2,15,74,91,1.2087912087912087,0.048207132238423746,669,Are you kidding?  Did you see the last episode of Game of Thrones?
3899,2142,1,17,73,91,1.2087912087912087,0.045604027831460565,669,"... but your burning desire was the problem, George."""
3904,2142,3,13,75,91,1.2087912087912087,0.05067669921031872,669,"Don’t be scared, I’m a lover, not a fighter."
3912,2142,3,13,75,91,1.2087912087912087,0.05067669921031872,669,Thank god. I would never date anyone shorter than myself.
3935,2142,2,15,74,91,1.2087912087912087,0.048207132238423746,669,Our plumber is in another castle.
3959,2142,2,15,74,91,1.2087912087912087,0.048207132238423746,669,I said I was so thirsty I could swallow a flagon.
3978,2142,2,15,74,91,1.2087912087912087,0.048207132238423746,669,"The truth is, I’m the one who needs saving."
3578,2142,1,17,73,91,1.2087912087912087,0.045604027831460565,669,She said flowers won’t make up for almost burning the whole castle down
3557,2142,1,17,73,91,1.2087912087912087,0.045604027831460565,669,"I know this probably isn't what you expected, but I was just wondering if you're free this fortnight"
3499,2142,1,17,73,91,1.2087912087912087,0.045604027831460565,669,"I'm sorry, I only date fire breathing dragons"
3490,2142,3,13,75,91,1.2087912087912087,0.05067669921031872,669,"Just so you know, this is a non-fire-breathing castle."
3134,2142,2,15,74,91,1.2087912087912087,0.048207132238423746,669,"I've tried calling, it always goes straight to voicemail."
3189,2142,2,15,74,91,1.2087912087912087,0.048207132238423746,669,"No, I won’t “fly with” you."
3195,2142,1,17,73,91,1.2087912087912087,0.045604027831460565,669,"She's just finishing her make-up, ten minutes tops."
3233,2142,3,13,75,91,1.2087912087912087,0.05067669921031872,669,"Hey Babe, I just gotta grab my purse.  I'll be right out."
3254,2142,0,19,72,91,1.2087912087912087,0.04284305206509435,669,"Frank, I don't care if we did meet on Tinder, you've got to do something about your breath, I've only got one wall left!"
3299,2142,3,13,75,91,1.2087912087912087,0.05067669921031872,669,"I’m use to guys lying about their age but this, REALLY?!"
3309,2142,2,15,74,91,1.2087912087912087,0.048207132238423746,669,Um..... Linda lives next door
3007,2142,1,17,73,91,1.2087912087912087,0.045604027831460565,669,Happily ever after?  Are you for real?
3335,2142,1,17,73,91,1.2087912087912087,0.045604027831460565,669,Don’t judge a dragon by its tail
3342,2142,0,19,72,91,1.2087912087912087,0.04284305206509435,669,"Try to ""blend"" ! The princess's masquerade ball is about to start."
3360,2142,2,15,74,91,1.2087912087912087,0.048207132238423746,669,Sorry...the flight's cancelled...and so is that other good stuff.
3376,2142,3,13,75,91,1.2087912087912087,0.05067669921031872,669,But Rapunzel you said that you loved me.
3402,2142,3,13,75,91,1.2087912087912087,0.05067669921031872,669,"Sorry, but Jackie Paper's been grounded."
3447,2142,2,15,74,91,1.2087912087912087,0.048207132238423746,669,"I'm sorry, but the invitation said ""drag""  party, not ""dragon"" party."
3456,2142,1,17,73,91,1.2087912087912087,0.045604027831460565,669,"I""m sorry ! I'm involved with another dragon.Perhaps you know her?"
3468,2142,2,15,74,91,1.2087912087912087,0.048207132238423746,669,"I’m sorry, she didn’t mention a Drogo."
3337,2142,3,13,75,91,1.2087912087912087,0.05067669921031872,669,"Fine, but you go out there and tell him no."
1509,2142,1,17,73,91,1.2087912087912087,0.045604027831460565,669,You'd better scram - George will be back any minute!
4104,2142,3,13,75,91,1.2087912087912087,0.05067669921031872,669,"The flowers are a nice thought, but I don't think my father is going to invite going to welcome you to come in."
1480,2142,1,17,73,91,1.2087912087912087,0.045604027831460565,669,"Sorry, but I don’t think you were a Veteran."
801,2142,4,11,76,91,1.2087912087912087,0.053031387753417904,669,"What, no candy?"
753,2142,3,13,75,91,1.2087912087912087,0.05067669921031872,669,Amazon? Really?
752,2142,1,17,73,91,1.2087912087912087,0.045604027831460565,669,YOU! Don’t send me flowers anymore!
729,2142,2,15,74,91,1.2087912087912087,0.048207132238423746,669,Let's not make this drag on.
682,2142,3,13,75,91,1.2087912087912087,0.05067669921031872,669,"Nigel, I texted, ""flowers and Moët"" - Moët. Why would I need another water-based defence mechanism?"
658,2142,3,13,75,91,1.2087912087912087,0.05067669921031872,669,It was CGI I swear
651,2142,2,15,74,91,1.2087912087912087,0.048207132238423746,669,"Sorry, but you're more like a brother from a very different father and mother."
609,2142,2,15,74,91,1.2087912087912087,0.048207132238423746,669,"It's fake news, I'm trapped."
544,2142,4,11,76,91,1.2087912087912087,0.053031387753417904,669,"Princess to her husband: ""Don't worry honey...it's only a dragon not Trump."""
543,2142,3,13,75,91,1.2087912087912087,0.05067669921031872,669,FTD means Flowers Transmitted by Dragons?
822,2142,1,17,73,91,1.2087912087912087,0.045604027831460565,669,I think the donkey ghosted you.
537,2142,2,15,74,91,1.2087912087912087,0.048207132238423746,669,"Just walk through briskly, and don't make any eye contact in the keep."
451,2142,2,15,74,91,1.2087912087912087,0.048207132238423746,669,Aren’t you looking dragonaire.
1507,2142,3,13,75,91,1.2087912087912087,0.05067669921031872,669,Sorry to bother you again damsel but I just want to hiss and make up
320,2142,1,17,73,91,1.2087912087912087,0.045604027831460565,669,"Thanks, but everything is still on fire."
255,2142,1,17,73,91,1.2087912087912087,0.045604027831460565,669,I would but I canceled my fire insurance.
222,2142,0,19,72,91,1.2087912087912087,0.04284305206509435,669,"Go around to the turret out back, but I warn you: I am just out of the bath and my hair is a little slippery."
180,2142,0,19,72,91,1.2087912087912087,0.04284305206509435,669,"That's sweet, but where's the fire?"
82,2142,2,15,74,91,1.2087912087912087,0.048207132238423746,669,"Look, you know my father doesn't like green people."
51,2142,2,15,74,91,1.2087912087912087,0.048207132238423746,669,I’m head over tails for you!
3,2142,2,15,74,91,1.2087912087912087,0.048207132238423746,669,You melted the Throne. It's over. Go home.
4043,2142,3,13,75,91,1.2087912087912087,0.05067669921031872,669,You looked a little less dragony in your profile picture.
462,2142,3,13,75,91,1.2087912087912087,0.05067669921031872,669,The real reason St. George killed the dragon.
860,2142,1,17,73,91,1.2087912087912087,0.045604027831460565,669,Meet me in the back so we can be on the down-low.
360,2142,3,13,75,91,1.2087912087912087,0.05067669921031872,669,My Google maps isn't working. Which way to the Bronx Zoo?
861,2142,2,15,74,91,1.2087912087912087,0.048207132238423746,669,Not until you slay that knight.
1269,2142,3,13,75,91,1.2087912087912087,0.05067669921031872,669,"Pfff, please, this costume is so last season!"
1234,2142,2,15,74,91,1.2087912087912087,0.048207132238423746,669,You gonna blow me out again.
1210,2142,3,13,75,91,1.2087912087912087,0.05067669921031872,669,I'm afraid there's been a mix-up. Her majesty wishes to partake in chasing the dragon.
1142,2142,3,13,75,91,1.2087912087912087,0.05067669921031872,669,Which is it - did he bail or did you eat him?
1135,2142,4,11,76,91,1.2087912087912087,0.053031387753417904,669,"If I let you in, promise you won't burn the whole place down?"
1133,2142,2,15,74,91,1.2087912087912087,0.048207132238423746,669,"I know you ate the Prince, but it wasn't winner take all."
1116,2142,2,15,74,91,1.2087912087912087,0.048207132238423746,669,She said to tell you she's sorry but something just came up ...
1073,2142,2,15,74,91,1.2087912087912087,0.048207132238423746,669,"I get fire or flower?  Get lost."""
1061,2142,1,17,73,91,1.2087912087912087,0.045604027831460565,669,But we both swiped right
1108,2142,3,13,75,91,1.2087912087912087,0.05067669921031872,669,I only date dragons who have Baby's Breath.
1049,2142,3,13,75,91,1.2087912087912087,0.05067669921031872,669,Stop right there! Don't bring those into our home! You know I'm allergic!
1012,2142,1,17,73,91,1.2087912087912087,0.045604027831460565,669,"I'll give St. George the flowers, but I think he's still a little angry about the near-burning-to-a-crisp. 
--Hamish Crawford"
948,2142,3,13,75,91,1.2087912087912087,0.05067669921031872,669,"The password is -I'm not prince charming, I'm a dragon with flowers, no deal on Zuckerberg Crypto Currency."
938,2142,1,17,73,91,1.2087912087912087,0.045604027831460565,669,"Your profile said you were 5' 8"""
935,2142,1,17,73,91,1.2087912087912087,0.045604027831460565,669,I'm allergic
920,2142,3,13,75,91,1.2087912087912087,0.05067669921031872,669,"Hey, asshole, how many times do I have to tell you?  Jon Snow isn't here."
1054,2142,2,15,74,91,1.2087912087912087,0.048207132238423746,669,Your queen isn't ready yet.
903,2142,6,7,78,91,1.2087912087912087,0.05745196755076235,669,"Baby, why you do me like this?"
897,2142,2,15,74,91,1.2087912087912087,0.048207132238423746,669,"Are those medicinal, aromatic, or pollinator-friendly?"
863,2142,4,11,76,91,1.2087912087912087,0.053031387753417904,669,She's washing her hair.
760,2266,2,16,78,96,1.2083333333333333,0.046633760328105456,669,"Very sweet of you Donald, but, alas, I have a flower allergy. Sorry."
849,2266,1,18,77,96,1.2083333333333333,0.04422001081778641,669,She hooked up with the dragon from Game of Thrones
3236,2266,3,14,79,96,1.2083333333333333,0.04892857905103333,669,I am the Magic Dragon!
2358,2266,2,16,78,96,1.2083333333333333,0.046633760328105456,669,Daddy won't let me elope. He says you're a dragon.
250,2270,2,17,82,101,1.2079207920792079,0.04519886023965674,669,"So now that GOT is over, you want back in! Ain't happening."
4126,2270,2,17,82,101,1.2079207920792079,0.04519886023965674,669,"Uhhh sorry,  wrong castle. My GPS is “tailing” it’s that way....."
3993,2270,1,19,81,101,1.2079207920792079,0.04295249893759181,669,I don't think things could ever work out for us - you're a Capricorn.
3483,2270,5,11,85,101,1.2079207920792079,0.05135169298966313,669,Welcome dragon calling!
436,2274,4,14,88,106,1.2075471698113207,0.04780347070761396,669,"I’m sorry the last season was horrible, but you can’t live here"
1958,2275,2,15,75,92,1.2065217391304348,0.047734242698569566,669,Evolution: From Dragon Slayers to Dragon Players
2065,2275,1,17,74,92,1.2065217391304348,0.04516266580668786,669,"If I kiss you, do you turn into DJT?"
2440,2275,2,15,75,92,1.2065217391304348,0.047734242698569566,669,"I can't come now, he's still watching Game of Thrones"
2478,2275,2,15,75,92,1.2065217391304348,0.047734242698569566,669,"Oh, snap! Dragon's not for me."
2481,2275,2,15,75,92,1.2065217391304348,0.047734242698569566,669,"Sorry, the princess refuses to call off the slaying."
2489,2275,3,13,76,92,1.2065217391304348,0.050174191266479935,669,How many times do I have to tell you? Donkey doesn't live here! Donkey doesn't exist! He's a character in a movie.
1751,2275,4,11,77,92,1.2065217391304348,0.052500866778413105,669,I'm sorry. I mean it this time. I'll stop painting the town red.
131,2275,0,19,73,92,1.2065217391304348,0.042435537460095915,669,"She said no, Ralph, 
Sorry."
1992,2275,3,13,76,92,1.2065217391304348,0.050174191266479935,669,We don’t want apologies. We want you to get the help you need.
1522,2275,4,11,77,92,1.2065217391304348,0.052500866778413105,669,"You better scoot off as quickly as you can, HotLips -- Georgie is on his way here."
3910,2275,0,19,73,92,1.2065217391304348,0.042435537460095915,669,"Just because it worked for Frankenstein, don’t think it will work for me!"
905,2275,1,17,74,92,1.2065217391304348,0.04516266580668786,669,Flowers?  Oh!   I'll call Deidre
161,2275,3,13,76,92,1.2065217391304348,0.050174191266479935,669,Sorry. Our dragon eloped with a T Rex.
316,2275,2,15,75,92,1.2065217391304348,0.047734242698569566,669,Did you think others at court wouldn't notice that you were cheating on me?
762,2275,3,13,76,92,1.2065217391304348,0.050174191266479935,669,"I just got him to put his helmet back on,
I'll send for you when he's gone."
2790,2275,3,13,76,92,1.2065217391304348,0.050174191266479935,669,"No, no. Go away. This isn't how the story's supposed to end."
3495,2275,2,15,75,92,1.2065217391304348,0.047734242698569566,669,"Bob, I do love you, but Mom and Dad have set me up with that damn unicorn, Luther!"
3497,2275,1,17,74,92,1.2065217391304348,0.04516266580668786,669,I was waiting for Shrek; Donkey’s around the corner.
3600,2275,0,19,73,92,1.2065217391304348,0.042435537460095915,669,Georgie has been grounded for playing with sharp objects.
383,2275,2,15,75,92,1.2065217391304348,0.047734242698569566,669,I can’t stomach your cooking.
4090,2275,3,13,76,92,1.2065217391304348,0.050174191266479935,669,You'll understand if I play hard to get.
1215,2275,2,15,75,92,1.2065217391304348,0.047734242698569566,669,"I'm sorry, but I can't let father see you. He thinks you're a real monster!"
550,2275,2,15,75,92,1.2065217391304348,0.047734242698569566,669,"Shush! My father will hear you. I told you to wait for me by the enchanted well at 4:00, Mr. Overeager!"
406,2275,2,15,75,92,1.2065217391304348,0.047734242698569566,669,"Sorry, but I'm allergic to dragon lilies."
2626,2275,3,13,76,92,1.2065217391304348,0.050174191266479935,669,"You Don't look like you did on your profile, but here, I brought you some flowers"
1508,2275,0,19,73,92,1.2065217391304348,0.042435537460095915,669,"It just really boils down to this: it's me, not you."
2329,2275,4,11,77,92,1.2065217391304348,0.052500866778413105,669,I did knock!
1349,2302,2,14,72,88,1.2045454545454546,0.04891479303131595,669,"Sorry, I'm not feeling the fire."
1660,2302,1,16,71,88,1.2045454545454546,0.04616734730784048,669,"Silly goose, it's every other Tuesday!"
1636,2302,2,14,72,88,1.2045454545454546,0.04891479303131595,669,I am still burnt out from our first kiss.
1612,2302,1,16,71,88,1.2045454545454546,0.04616734730784048,669,Fireweed?
1576,2302,1,16,71,88,1.2045454545454546,0.04616734730784048,669,But I like to eat sushi every once in a while.
1469,2302,0,18,70,88,1.2045454545454546,0.04324570426746518,669,"It's not me, it's your dragon breath."
1368,2302,3,12,73,88,1.2045454545454546,0.05151591984183321,669,The princess said her other suitor is more fiery.
1350,2302,2,14,72,88,1.2045454545454546,0.04891479303131595,669,I SAID FIRES NOT FLOWERS !
3253,2302,2,14,72,88,1.2045454545454546,0.04891479303131595,669,I thought you said you are a straight arrow
1344,2302,2,14,72,88,1.2045454545454546,0.04891479303131595,669,"Shhh! The folks are still asleep, try the tower later!"
1324,2302,1,16,71,88,1.2045454545454546,0.04616734730784048,669,Now get out of here before my dad sees you!
1303,2302,2,14,72,88,1.2045454545454546,0.04891479303131595,669,I didn't want to hurt your feelings​ but I can't stand your breath.
1293,2302,2,14,72,88,1.2045454545454546,0.04891479303131595,669,Is Siegfried home?
1214,2302,2,14,72,88,1.2045454545454546,0.04891479303131595,669,"I told you, you are not my type dear.
I prefer someone blond."
1209,2302,0,18,70,88,1.2045454545454546,0.04324570426746518,669,Keep your voice down! My father’s home1
1170,2302,2,14,72,88,1.2045454545454546,0.04891479303131595,669,My mom says that you are a fairy tale.
1082,2302,3,12,73,88,1.2045454545454546,0.05151591984183321,669,"I think you would like my cousin, Griseltha. Her prince is much juicier."
1064,2302,3,12,73,88,1.2045454545454546,0.05151591984183321,669,"I can't be your new Khaleesi, I'm voting for Bernie."
1050,2302,2,14,72,88,1.2045454545454546,0.04891479303131595,669,Sorry game of thrones is over.You're unemployed again.
3292,2302,1,16,71,88,1.2045454545454546,0.04616734730784048,669,Don’t get dragoned away!
998,2302,3,12,73,88,1.2045454545454546,0.05151591984183321,669,I hope she is not guarded by a vicious princess.
979,2302,3,12,73,88,1.2045454545454546,0.05151591984183321,669,"I’m telling you for the last time, Khaleesi is so over you."
1683,2302,3,12,73,88,1.2045454545454546,0.05151591984183321,669,HBO says it’s moving on and that it wishes you the best of luck.
927,2302,1,16,71,88,1.2045454545454546,0.04616734730784048,669,Let me straighten up the quest room first?
1978,2302,3,12,73,88,1.2045454545454546,0.05151591984183321,669,The only thing that can slay me is your beauty.
2356,2302,4,10,74,88,1.2045454545454546,0.053991879176445545,669,"Mr. Dragon, may I ride your long hard tail again, tonight?"
3034,2302,4,10,74,88,1.2045454545454546,0.053991879176445545,669,Just a moment while I put on the flame retardant slipcovers.
3025,2302,2,14,72,88,1.2045454545454546,0.04891479303131595,669,"OK I forgive you, how about coffee today, and we’ll see where that goes…"
2865,2302,2,14,72,88,1.2045454545454546,0.04891479303131595,669,Are you from postmates because that's not what we ordered?
2857,2302,2,14,72,88,1.2045454545454546,0.04891479303131595,669,This better not be like that horse we let in.
2840,2302,2,14,72,88,1.2045454545454546,0.04891479303131595,669,And don't forget the poem I wrote for you ... slay her with romance!
2825,2302,2,14,72,88,1.2045454545454546,0.04891479303131595,669,"According to my therapist, you're no longer my type."
2809,2302,4,10,74,88,1.2045454545454546,0.053991879176445545,669,I'm afraid this is all that is left of him.  May I sleep on the ramparts tonight?
2748,2302,1,16,71,88,1.2045454545454546,0.04616734730784048,669,"You have the wrong address, they're the next castle over."
2743,2302,2,14,72,88,1.2045454545454546,0.04891479303131595,669,I'm here to pay my respects to the Khaleesi
2718,2302,4,10,74,88,1.2045454545454546,0.053991879176445545,669,"Ummm, you look a little different than your profile pic."
2717,2302,2,14,72,88,1.2045454545454546,0.04891479303131595,669,"No offense, but she's more into the fiery passion type."
2600,2302,5,8,75,88,1.2045454545454546,0.05635916994471799,669,Daenerys who?
2597,2302,1,16,71,88,1.2045454545454546,0.04616734730784048,669,Did you call about furnace problems?
2587,2302,2,14,72,88,1.2045454545454546,0.04891479303131595,669,You're taller than I imagined.
2584,2302,1,16,71,88,1.2045454545454546,0.04616734730784048,669,No. But you said we could enter at the South portico side!
3213,2302,0,18,70,88,1.2045454545454546,0.04324570426746518,669,"Wow, you're much cuter than your profile pic!"
2482,2302,2,14,72,88,1.2045454545454546,0.04891479303131595,669,"Oh my god, it’s you again!"
2432,2302,1,16,71,88,1.2045454545454546,0.04616734730784048,669,"I'd invite you in, but . . ."
2427,2302,1,16,71,88,1.2045454545454546,0.04616734730784048,669,The damsel asks that you come back later. She had a tough knight.
2378,2302,3,12,73,88,1.2045454545454546,0.05151591984183321,669,Would she rather fire?
2357,2302,2,14,72,88,1.2045454545454546,0.04891479303131595,669,"That’s sweet, but it’s not what they meant by, “Dragon Lady”."
2115,2302,1,16,71,88,1.2045454545454546,0.04616734730784048,669,Ever hear of a chastity belt?
3041,2302,2,14,72,88,1.2045454545454546,0.04891479303131595,669,Father says yes but you will have to burn his enemy's army first.
800,2302,4,10,74,88,1.2045454545454546,0.053991879176445545,669,I just think you’re too big to be dating an iguana.
719,2302,0,18,70,88,1.2045454545454546,0.04324570426746518,669,Please don’t take this the wrong way but you have really bad breath.
4050,2302,1,16,71,88,1.2045454545454546,0.04616734730784048,669,I told you to wait until The King was on Crusade!
3961,2302,3,12,73,88,1.2045454545454546,0.05151591984183321,669,I'm just going to slip into something from my  Collection Asbestos de Paris
3944,2302,4,10,74,88,1.2045454545454546,0.053991879176445545,669,"She says, 'Sorry, but her heart still belongs to Jon Snow.'"""
795,2302,2,14,72,88,1.2045454545454546,0.04891479303131595,669,"Go away, Her Highness and the Knights in Shining Armor haven’t finished  the list of repairs since your last visit to the kingdom."
3868,2302,3,12,73,88,1.2045454545454546,0.05151591984183321,669,Hold the fire before you deliver the flowers
3854,2302,3,12,73,88,1.2045454545454546,0.05151591984183321,669,I was metaphorically speaking when I said; if it were another time it might be possible for us to get together.”
3715,2302,1,16,71,88,1.2045454545454546,0.04616734730784048,669,"My father is really mad, he loved the parlor and that jester."
3647,2302,4,10,74,88,1.2045454545454546,0.053991879176445545,669,The position of Castle beast has been filled.
18,2302,1,16,71,88,1.2045454545454546,0.04616734730784048,669,"Well, at least you’re not a horse."
38,2302,3,12,73,88,1.2045454545454546,0.05151591984183321,669,"Ok, but the air conditioning is broken so don't bring the heat."
62,2302,2,14,72,88,1.2045454545454546,0.04891479303131595,669,Of course I like you. But your war crimes are hard to get past.
3461,2302,2,14,72,88,1.2045454545454546,0.04891479303131595,669,Meet me out back we'll barbecue.
153,2302,4,10,74,88,1.2045454545454546,0.053991879176445545,669,"I’m not sure what makes me more distressed, that you first tried to kill me with fire — and NOW kindness!!"
3913,2302,2,14,72,88,1.2045454545454546,0.04891479303131595,669,"Sweetheart, I just need two more minutes!"
295,2302,2,14,72,88,1.2045454545454546,0.04891479303131595,669,"You are late, AGAIN, and the Moat traffic excuse will not work this time Henry!"
254,2302,1,16,71,88,1.2045454545454546,0.04616734730784048,669,Sooooo...I'm just curious. Have you seen 'Beauty and the Beast' by any chance?
667,2302,3,12,73,88,1.2045454545454546,0.05151591984183321,669,After what you did to King’s Landing?  Forget it!
583,2302,3,12,73,88,1.2045454545454546,0.05151591984183321,669,I thought I told you to come at midnight when everyone's asleep.
525,2302,2,14,72,88,1.2045454545454546,0.04891479303131595,669,"SORRY, She eloped with T
Rex."
434,2302,3,12,73,88,1.2045454545454546,0.05151591984183321,669,"No, I'm afraid I won't be your tinder date. Under either usage of the word!"
426,2302,2,14,72,88,1.2045454545454546,0.04891479303131595,669,I pictured flying to Paris for dinner on your Tinder a little different
3157,2302,2,14,72,88,1.2045454545454546,0.04891479303131595,669,Quit throwing rocks at my window.
3331,2302,3,12,73,88,1.2045454545454546,0.05151591984183321,669,Auditions for series 4 of The Handmaid’s Tale are in the next block.
366,2302,3,12,73,88,1.2045454545454546,0.05151591984183321,669,All the undecideds have already fled the castle.
3365,2302,3,12,73,88,1.2045454545454546,0.05151591984183321,669,Remember me ?
313,2302,2,14,72,88,1.2045454545454546,0.04891479303131595,669,Don't knock it till you tried it.
413,2302,3,12,73,88,1.2045454545454546,0.05151591984183321,669,And I thought you were HOT!
2665,2380,2,15,76,93,1.2043010752688172,0.04727037156900375,669,So now that the Game of Thrones gig is over you come calling?
1626,2380,2,15,76,93,1.2043010752688172,0.04727037156900375,669,I'm going with her for emotional support.
1440,2380,4,11,78,93,1.2043010752688172,0.0519807292144392,669,Matilda will be down as soon as she's done incinerating her previous date.
1001,2380,4,11,78,93,1.2043010752688172,0.0519807292144392,669,"You have a beautiful, sensitive soul, but I’m royalty, and you’re ... you’re a commoner."
1383,2380,3,13,77,93,1.2043010752688172,0.04968140616939365,669,Were you formerly known as Prince...
791,2380,1,17,75,93,1.2043010752688172,0.04472956446887328,669,"Look, the princess read your OKCupid profile and she's really not into you."
2890,2386,3,14,81,98,1.2040816326530612,0.048018124763472565,669,I’m sorry  you can’t come in I’m allergic to the flowers
1568,2387,2,18,88,108,1.2037037037037037,0.043152147891456286,669,Can you get over the wall? This door is too  small.
4127,2387,4,14,90,108,1.2037037037037037,0.04699200358255153,669,You don't match your online profile at all.
1309,2389,2,14,73,89,1.202247191011236,0.04841664403947964,669,"Sorry, not yet. We need a positive I.D. We're still checking dental records."
1331,2389,2,14,73,89,1.202247191011236,0.04841664403947964,669,You're not the frog!
1296,2389,2,14,73,89,1.202247191011236,0.04841664403947964,669,"Sorry, Drago, I just don't feel the fire anymore."
1328,2389,0,18,71,89,1.202247191011236,0.042818759793101506,669,"Yes, your girlfriend is hot."
1343,2389,2,14,73,89,1.202247191011236,0.04841664403947964,669,"Sorry, I don't think you will fit in."
1615,2389,4,10,75,89,1.202247191011236,0.05343123290615736,669,Another reason I can't marry you is because you're a dragon.
1393,2389,2,14,73,89,1.202247191011236,0.04841664403947964,669,"Please, not now - I haven't told my parents about you!"
1621,2389,3,12,74,89,1.202247191011236,0.050985625768042275,669,"Go away, it was only a one night stand."
1679,2389,3,12,74,89,1.202247191011236,0.050985625768042275,669,"Forgive me, but we’re just incompatible; I’m royalty and, well, you’re a fire-breathing Welsh nationalist in want of an independent republic - love might well be blind, but I’m politically astute!"
2117,2389,2,14,73,89,1.202247191011236,0.04841664403947964,669,"Nice of you to ask, but I""m already dating someone."
1370,2389,2,14,73,89,1.202247191011236,0.04841664403947964,669,"We're binge-watching ""Game of Thrones."" The King thinks they're home videos."
1706,2389,4,10,75,89,1.202247191011236,0.05343123290615736,669,Go around back so TMZ doesn't get a scoop.
2401,2389,3,12,74,89,1.202247191011236,0.050985625768042275,669,I'd invite you in but the place is a mess.
1199,2389,1,16,72,89,1.202247191011236,0.0457034878880431,669,I guarantee my passion is more fiery than his.
4144,2389,3,12,74,89,1.202247191011236,0.050985625768042275,669,"Sorry, I'm not a damsel in distress"
4116,2389,2,14,73,89,1.202247191011236,0.04841664403947964,669,"You have flowers, but the fire's gone."
4114,2389,1,16,72,89,1.202247191011236,0.0457034878880431,669,The doctor will see you now.
4095,2389,5,8,76,89,1.202247191011236,0.05576969844624596,669,Not now--Game of Thrones is on.
4073,2389,2,14,73,89,1.202247191011236,0.04841664403947964,669,Stop picking my flowers.
3962,2389,1,16,72,89,1.202247191011236,0.0457034878880431,669,Ben? You don't look anything like your profile photo.
3956,2389,1,16,72,89,1.202247191011236,0.0457034878880431,669,"Oh, hello!"" (I would swear I swiped left... or is it right?"
3921,2389,1,16,72,89,1.202247191011236,0.0457034878880431,669,Just leave the flowers and follow your bliss
3914,2389,2,14,73,89,1.202247191011236,0.04841664403947964,669,"Good news! Now that we extinguished all the princes, daddy agreed to a prenup."
3811,2389,2,14,73,89,1.202247191011236,0.04841664403947964,669,"Flowers aren’t going to cut it, she wants her jewels back."
3752,2389,2,14,73,89,1.202247191011236,0.04841664403947964,669,What’s the Prince got that I don’t?
3615,2389,2,14,73,89,1.202247191011236,0.04841664403947964,669,"Sorry, I'm not ready for a serious relationship yet, my ex really burned me."
2137,2389,3,12,74,89,1.202247191011236,0.050985625768042275,669,Got GOT?
3609,2389,1,16,72,89,1.202247191011236,0.0457034878880431,669,"It's more than just your breath...""
Jeremy C. Miller, New York, NY"
3475,2389,3,12,74,89,1.202247191011236,0.050985625768042275,669,"Wow, that's the fastest Amazon deal yet, and your return system looks fantastic."
3472,2389,2,14,73,89,1.202247191011236,0.04841664403947964,669,He says he's sorry and to put these in water.
3414,2389,2,14,73,89,1.202247191011236,0.04841664403947964,669,"Welcome, you will have sixty seconds to answer questions and thirty seconds to respond to follow ups after an opening statement on how you would consume our kingdom."
3237,2389,3,12,74,89,1.202247191011236,0.050985625768042275,669,Do you want to taste my fire?
3052,2389,2,14,73,89,1.202247191011236,0.04841664403947964,669,"Rupert, that disguise is preposterously unconvincing"
2962,2389,0,18,71,89,1.202247191011236,0.042818759793101506,669,The negotiations over my dowry are draggin' on because Daddy thinks you're too old for me.
2961,2389,3,12,74,89,1.202247191011236,0.050985625768042275,669,"Please, let me be ... Did you see what happened to the last Mother of Dragons?"
2937,2389,3,12,74,89,1.202247191011236,0.050985625768042275,669,Rapunzel says you need a Plan B.
2609,2389,2,14,73,89,1.202247191011236,0.04841664403947964,669,What happened to the other pizza delivery guy?
2505,2389,3,12,74,89,1.202247191011236,0.050985625768042275,669,"Not so loud, you’ll wake the flying monkeys from their naps."
2483,2389,2,14,73,89,1.202247191011236,0.04841664403947964,669,"Huh, I thought from the app you'd be taller."
2215,2389,3,12,74,89,1.202247191011236,0.050985625768042275,669,"I'm sorry, but the princess is receiving only fire breathing dragons."
3556,2389,4,10,75,89,1.202247191011236,0.05343123290615736,669,Go away! I should have known I was being catfished.
761,2389,2,14,73,89,1.202247191011236,0.04841664403947964,669,"I can’t see you anymore.  I don’t know how to say this nicely, but you have real bad dragon breath."
1077,2389,2,14,73,89,1.202247191011236,0.04841664403947964,669,Didn't you hear? I'm back with my old flame.
545,2389,3,12,74,89,1.202247191011236,0.050985625768042275,669,"I don’t know if I’m ready for another date.  On our last date, you burned down my favorite restaurant."
619,2389,1,16,72,89,1.202247191011236,0.0457034878880431,669,"Oh, darn. She just washed all the smoke out of her hair."
27,2389,5,8,76,89,1.202247191011236,0.05576969844624596,669,Your breath smells like Fireballs.
120,2389,2,14,73,89,1.202247191011236,0.04841664403947964,669,"Look, we're never going to be able to get past the final season of ""Game of Thrones."""
136,2389,3,12,74,89,1.202247191011236,0.050985625768042275,669,"The dragon, having finally found love, was happy--Twitter, however, was enraged by the finale."
145,2389,2,14,73,89,1.202247191011236,0.04841664403947964,669,Al Gore says that picking them causes climate issues that you will dislike.
236,2389,2,14,73,89,1.202247191011236,0.04841664403947964,669,Well how do you think I feel? I was expecting a donkey.
330,2389,1,16,72,89,1.202247191011236,0.0457034878880431,669,My father says you're too old for me.
112,2389,2,14,73,89,1.202247191011236,0.04841664403947964,669,"my father is very conservative, no fire breathing"
390,2389,0,18,71,89,1.202247191011236,0.042818759793101506,669,"I accepted your apology for razing the village, I'm just not into the idea of being friends much less anything more"
407,2389,2,14,73,89,1.202247191011236,0.04841664403947964,669,Watch your step.
430,2389,1,16,72,89,1.202247191011236,0.0457034878880431,669,This is just unprofessional
388,2389,3,12,74,89,1.202247191011236,0.050985625768042275,669,I told you never to call me here.
4023,2445,2,15,77,94,1.202127659574468,0.046815269577118276,669,"I  was expecting prince charming to propose to me;
not T-Rex!"
1224,2445,2,15,77,94,1.202127659574468,0.046815269577118276,669,Sorry Wrong Moat.  My GPS is now pointing in the opposite direction!
2261,2447,1,19,84,104,1.2019230769230769,0.04184819040754393,669,"Just so you know, you weren't my first choice."
2415,2448,5,15,104,124,1.2016129032258065,0.04432055275485471,669,"Sorry, Doug...she's no longer a virgin."
3140,2449,0,18,72,90,1.2,0.04239991520025441,669,"O Draco, Draco, wherefore art thou Draco?"
1906,2449,1,16,73,90,1.2,0.045248654113974406,669,"That just might work, but there's still  the matter of your being able to fit through the door..."
1375,2449,2,14,74,90,1.2,0.04792836935744237,669,It's not my fault you swiped right
221,2449,3,12,75,90,1.2,0.05046599329648382,669,"You're late for the Game of Thrones finale and too early for the reunion, go away."
2,2449,2,14,74,90,1.2,0.04792836935744237,669,"Draco, are you delivering for FTD or Amazon these days?"
105,2454,4,12,85,101,1.198019801980198,0.04878687126635613,669,"Chocolates my love, lest thou let forth thy most fateful sneeze."
1609,2455,3,13,80,96,1.1979166666666667,0.04825869539561291,669,I'm afraid the King and Queen won't allow me to date outside my own species.
746,2456,5,8,78,91,1.1978021978021978,0.054626672182585344,669,"Yes, I am Mrs Brown and yes I have a lovely daughter,
But no she isn’t here. She went out with some friends to roast marshmallows."
142,2456,2,14,75,91,1.1978021978021978,0.047449684731754656,669,I could never love a dragon who brings me only two flowers.
2574,2456,1,16,74,91,1.1978021978021978,0.044802592971196056,669,Thank you! But your princess is in another castle.
3597,2456,2,14,75,91,1.1978021978021978,0.047449684731754656,669,"That's very sweet of you, but I am not your mother."
3508,2456,3,12,76,91,1.1978021978021978,0.049956709512768704,669,Mouthwash will put the fire out.
4038,2456,3,12,76,91,1.1978021978021978,0.049956709512768704,669,I’d like to take you out as dinner...
440,2462,1,15,70,86,1.197674418604651,0.046254418776187994,669,I told you we're done! I can't take your fire anymore!
664,2462,0,17,69,86,1.197674418604651,0.04319575725815513,669,Princess Kardashian says to come back when you're sober.
745,2462,1,15,70,86,1.197674418604651,0.046254418776187994,669,So I’ll huff and puff and I’ll burn your place down.
986,2462,1,15,70,86,1.197674418604651,0.046254418776187994,669,She'll be right down...
1617,2462,2,13,71,86,1.197674418604651,0.04912299937443237,669,Hi honey!  I’m sorry!
2043,2462,2,13,71,86,1.197674418604651,0.04912299937443237,669,I wasn't sure you would come.
2109,2462,2,13,71,86,1.197674418604651,0.04912299937443237,669,"Sorry, but ""Girlfriend of Dragons"" is getting me nowhere."
2168,2462,3,11,72,86,1.197674418604651,0.051833067425708014,669,"She doesn't want to talk to you, she says you're a drag-on the relationship."
2810,2462,3,11,72,86,1.197674418604651,0.051833067425708014,669,Thanks for your service
3273,2462,1,15,70,86,1.197674418604651,0.046254418776187994,669,"Westeros Bachelor: He's coming to light your candles, ladies!"
3329,2462,2,13,71,86,1.197674418604651,0.04912299937443237,669,Sorry.  There's no smoking in this residence.
3476,2462,2,13,71,86,1.197674418604651,0.04912299937443237,669,"Sorry, but I'm allergic."
3729,2462,0,17,69,86,1.197674418604651,0.04319575725815513,669,"You're my prince?  An evil wizard turned you in to a dragon.
How distressing!"
643,2462,3,11,72,86,1.197674418604651,0.051833067425708014,669,Mother says I'm too young to date.
1854,2462,2,13,71,86,1.197674418604651,0.04912299937443237,669,"I’ll just be a minute, but if you see my ex don’t start grilling him about our past."
2920,2462,2,13,71,86,1.197674418604651,0.04912299937443237,669,I’m sorry my father Lancelot would never approve.
2710,2478,2,19,96,117,1.1965811965811965,0.04069705826019773,669,Papa says not to come a-courting until you get a real job.
1887,2479,2,14,76,92,1.1956521739130435,0.046980316386280786,669,"Ohhh, sorry her dating profile specifically says, “over 5’8 but under 9’2."
1387,2480,3,11,73,87,1.1954022988505748,0.051284178358943375,669,Daddy wants to know: can you torch our enemies?
2711,2480,4,9,74,87,1.1954022988505748,0.05382727149237504,669,"I can’t go to the prom, I’m having wimple trouble."
2461,2480,0,17,70,87,1.1954022988505748,0.04275678110973872,669,George R.R. Martin’s A Song of Ice and Fire (2032)
2078,2480,2,13,72,87,1.1954022988505748,0.04860821683203345,669,Do something about your breath and we'll discuss starting a relationship.
1767,2480,2,13,72,87,1.1954022988505748,0.04860821683203345,669,"Uhhh, she'll be ready in a minute... but you don't exactly match your online profile."
1657,2480,2,13,72,87,1.1954022988505748,0.04860821683203345,669,"Finally, an accurate Ye Olde Tinder pic!"
1515,2480,3,11,73,87,1.1954022988505748,0.051284178358943375,669,Could you put those flowers back in my garden?
1323,2480,0,17,70,87,1.1954022988505748,0.04275678110973872,669,She's been abducted by Sir Godfrey.  Any chance you could rescue her?
2716,2480,1,15,71,87,1.1954022988505748,0.04577609132754833,669,I'm grounded for two weeks.  You brought me home past curfew the other night.
1208,2480,1,15,71,87,1.1954022988505748,0.04577609132754833,669,I'd rather we not burn this bridge.
1178,2480,3,11,73,87,1.1954022988505748,0.051284178358943375,669,Is little Jackie Paper home?
1071,2480,4,9,74,87,1.1954022988505748,0.05382727149237504,669,Didn’t your  agent tell you ?
854,2480,2,13,72,87,1.1954022988505748,0.04860821683203345,669,Not now. I said i’d text you when the coast was clear!
830,2480,0,17,70,87,1.1954022988505748,0.04275678110973872,669,Pete went away to college. Go find another friend to bother.
4142,2480,3,11,73,87,1.1954022988505748,0.051284178358943375,669,"Oh, your profile said you were taller."
2747,2480,1,15,71,87,1.1954022988505748,0.04577609132754833,669,Have you been using the new mouthwash I recommended?
2912,2480,2,13,72,87,1.1954022988505748,0.04860821683203345,669,Pssst... can go round the back so my dad won't catch us!
4069,2480,0,17,70,87,1.1954022988505748,0.04275678110973872,669,Are those flowers or fried eggs?
2996,2480,2,13,72,87,1.1954022988505748,0.04860821683203345,669,"Oh you poor dear, Game of Thrones is  over."
3023,2480,0,17,70,87,1.1954022988505748,0.04275678110973872,669,"Well, he never brought me flowers."
3072,2480,3,11,73,87,1.1954022988505748,0.051284178358943375,669,"Sorry, my Tinder profile specifically states that I'm looking for a unicorn."
3094,2480,3,11,73,87,1.1954022988505748,0.051284178358943375,669,Once you go fire breathing Dragon you don't quit smokin.
3136,2480,0,17,70,87,1.1954022988505748,0.04275678110973872,669,Are you a magic dragon or just a dragon who does magic?
3205,2480,2,13,72,87,1.1954022988505748,0.04860821683203345,669,I don't think the Prince plays for your team.
3210,2480,2,13,72,87,1.1954022988505748,0.04860821683203345,669,"Yes, the burns ARE serious. He doesn't want to see you."
3238,2480,2,13,72,87,1.1954022988505748,0.04860821683203345,669,The princess said to tell you that she kissed the frog last night.
3296,2480,1,15,71,87,1.1954022988505748,0.04577609132754833,669,Will I fit in ? A part of me wants to turn around and run
3341,2480,1,15,71,87,1.1954022988505748,0.04577609132754833,669,"Oh yes, I’m your Uber driver .
We use Wind  energy only."
3395,2480,1,15,71,87,1.1954022988505748,0.04577609132754833,669,You can come in if you promise not to breathe fire on my parents.
3446,2480,2,13,72,87,1.1954022988505748,0.04860821683203345,669,"No, you can't visit their graves!"
3528,2480,1,15,71,87,1.1954022988505748,0.04577609132754833,669,"She's says she'll be ready in five minutes, but don't . . . ah, never mind."
784,2480,1,15,71,87,1.1954022988505748,0.04577609132754833,669,I said can you please buy some mints?
765,2480,0,17,70,87,1.1954022988505748,0.04275678110973872,669,I am not going to say whatever that mother of dragons told you.
726,2480,2,13,72,87,1.1954022988505748,0.04860821683203345,669,We have to stop meeting like this.
712,2480,4,9,74,87,1.1954022988505748,0.05382727149237504,669,Maybe I can start seeing you again in the prequel
3572,2480,0,17,70,87,1.1954022988505748,0.04275678110973872,669,Did you pick those in the castle gardens ?
91,2480,1,15,71,87,1.1954022988505748,0.04577609132754833,669,"I'm sorry ,George can't come out to play, his horse is at the blacksmith."
220,2480,0,17,70,87,1.1954022988505748,0.04275678110973872,669,"I was actually calling for your brother, no insult intended."
224,2480,2,13,72,87,1.1954022988505748,0.04860821683203345,669,"Though Mother is admittedly a monster, Father has forbidden me from dating outside my species."
3798,2480,2,13,72,87,1.1954022988505748,0.04860821683203345,669,"It's not a good time, I'm having with George, an old flame."
457,2480,1,15,71,87,1.1954022988505748,0.04577609132754833,669,"I'm sorry, but they couldn't afford the production costs. Back to the books, huh?"
480,2480,0,17,70,87,1.1954022988505748,0.04275678110973872,669,"I'm sorry, he's not home."
511,2480,3,11,73,87,1.1954022988505748,0.051284178358943375,669,Wonder what will my next hot flash will bring?
304,2480,2,13,72,87,1.1954022988505748,0.04860821683203345,669,"Oh, what a breath of fresh air."
198,2524,3,13,82,98,1.1938775510204083,0.04735406622354269,669,It's still not enough for a threesome.
3003,2524,2,15,81,98,1.1938775510204083,0.0450778676534157,669,Too late to apologize... you melted my Dad's favorite chair!
392,2526,2,13,73,88,1.1931818181818181,0.04810395218312092,669,"Oh, she went that way?"
1009,2526,1,15,72,88,1.1931818181818181,0.045307363593374915,669,"You have handsome qualities, but I prefer indoor courtship and worry about how you’d fit in."
1040,2526,2,13,73,88,1.1931818181818181,0.04810395218312092,669,"You're asking me out? Don't hold your breath, man... I mean, please do."
109,2526,1,15,72,88,1.1931818181818181,0.045307363593374915,669,"I''m allergic to flowers, but not to you!"
3298,2526,2,13,73,88,1.1931818181818181,0.04810395218312092,669,"Flowers?  Oh, you must be Grisella's new flame."
2498,2526,3,11,74,88,1.1931818181818181,0.05074665738242957,669,I don't care what step you are on. It's over!
3874,2526,2,13,73,88,1.1931818181818181,0.04810395218312092,669,I like tallness in a male.
394,2526,3,11,74,88,1.1931818181818181,0.05074665738242957,669,"First impressions matter Drogon, and my mother is allergic to chickweed flowers! Choose something else."
2416,2534,1,14,68,83,1.1927710843373494,0.04681395181381146,669,This is what they send me when I order dragonfruit?
2459,2534,3,10,70,83,1.1927710843373494,0.05271871399196457,669,"Sorry.  From your profile photo, I was expecting a toad."
2537,2534,1,14,68,83,1.1927710843373494,0.04681395181381146,669,"Sorry, you have bad breath."
2455,2534,2,12,69,83,1.1927710843373494,0.04985383079259017,669,I grew them myself.
2429,2534,2,12,69,83,1.1927710843373494,0.04985383079259017,669,"Not ""spurned"", ""burned"".  Go away."
2588,2534,3,10,70,83,1.1927710843373494,0.05271871399196457,669,"I'm so sorry sir, but my father said I can't see you anymore, he said that your personality was too firey"
2602,2534,1,14,68,83,1.1927710843373494,0.04681395181381146,669,Prince Charming is more likely to show up if he sees me.
2635,2534,2,12,69,83,1.1927710843373494,0.04985383079259017,669,Alas! I don’t think my family can see past the damsel-in-distress and dragon-slaying paradigm.
2646,2534,2,12,69,83,1.1927710843373494,0.04985383079259017,669,She doesn't want to kiss you!
2654,2534,1,14,68,83,1.1927710843373494,0.04681395181381146,669,You look shorter in your Tinder profile picture.
2673,2534,2,12,69,83,1.1927710843373494,0.04985383079259017,669,I'm sorry. Our castle is flower-free.
2420,2534,2,12,69,83,1.1927710843373494,0.04985383079259017,669,"I'm sorry, but she doesn't have the same fire in her belly as you have in yours"
2557,2534,4,8,71,83,1.1927710843373494,0.05543573906097862,669,Wrong castle.  Our florist makes deliveries with a trundle.
1745,2534,0,16,67,83,1.1927710843373494,0.04356245773777591,669,You’ll have to do better than that!
1743,2534,1,14,68,83,1.1927710843373494,0.04681395181381146,669,Spoiler Alert: She loves you not!
1755,2534,2,12,69,83,1.1927710843373494,0.04985383079259017,669,Shush!  My parents are still awake.
2293,2534,2,12,69,83,1.1927710843373494,0.04985383079259017,669,"Oh, you're a lot smaller than you said you were on Tinder."
1842,2534,1,14,68,83,1.1927710843373494,0.04681395181381146,669,"What, we’re they out of frog costumes?"
1861,2534,1,14,68,83,1.1927710843373494,0.04681395181381146,669,Did you get tbose from my garden?
2004,2534,3,10,70,83,1.1927710843373494,0.05271871399196457,669,"Little Jackie Paper, will you please frolic in the autumn mist with me in a land called Honahlee?"
2044,2534,2,12,69,83,1.1927710843373494,0.04985383079259017,669,Ich am besorgian for ruining thou's garden.
2112,2534,2,12,69,83,1.1927710843373494,0.04985383079259017,669,"Oh, I’m so sorry. I’m already going out with Godzilla."
2124,2534,0,16,67,83,1.1927710843373494,0.04356245773777591,669,"Please kiss me, I’m tired of being a dragon"
2138,2534,2,12,69,83,1.1927710843373494,0.04985383079259017,669,The knight you were expecting suddenly became ill. He is burning up with a fever.
2160,2534,2,12,69,83,1.1927710843373494,0.04985383079259017,669,I told you my dad doesn't want me seeing any anyone from the other side of the moat.
2165,2534,2,12,69,83,1.1927710843373494,0.04985383079259017,669,Not till you do something about that breath!
2186,2534,1,14,68,83,1.1927710843373494,0.04681395181381146,669,I didn’t like the Game of Thrones finale either.
2167,2534,0,16,67,83,1.1927710843373494,0.04356245773777591,669,"Uh, looks like he is going to kill him with kindness instead."
2742,2534,2,12,69,83,1.1927710843373494,0.04985383079259017,669,"If I go on a date with you, will you stop roasting my knights?"
2359,2534,1,14,68,83,1.1927710843373494,0.04681395181381146,669,I don't think I'm ready to be rescued yet.
2360,2534,2,12,69,83,1.1927710843373494,0.04985383079259017,669,Sorry! I'm allergic to flowers.
2782,2534,1,14,68,83,1.1927710843373494,0.04681395181381146,669,Oh you don’t look like you did in your Tinder picture
3930,2534,2,12,69,83,1.1927710843373494,0.04985383079259017,669,Tell them I've changed.
2859,2534,1,14,68,83,1.1927710843373494,0.04681395181381146,669,"Well, I've actually met Prince Carson. He doesn't have that dragon breath."
3941,2534,2,12,69,83,1.1927710843373494,0.04985383079259017,669,Are you sure you have the right castle?
3977,2534,1,14,68,83,1.1927710843373494,0.04681395181381146,669,"Sorry, you are just not my type."
3925,2534,1,14,68,83,1.1927710843373494,0.04681395181381146,669,George thinks your friendship request is a load of hot air.
3984,2534,2,12,69,83,1.1927710843373494,0.04985383079259017,669,It's nothing personal..my father the king slaid my last boyfriend as well.
3991,2534,0,16,67,83,1.1927710843373494,0.04356245773777591,669,"Your chivalry has been sweet,but take care as I'm now dating a knight."
3787,2534,3,10,70,83,1.1927710843373494,0.05271871399196457,669,Khaleesi no here.
1693,2534,2,12,69,83,1.1927710843373494,0.04985383079259017,669,My parents you’re just not our kind.
4079,2534,0,16,67,83,1.1927710843373494,0.04356245773777591,669,"He just got in, but I can let you in through the back."
4085,2534,2,12,69,83,1.1927710843373494,0.04985383079259017,669,Sorry about the bad breath.
4141,2534,1,14,68,83,1.1927710843373494,0.04681395181381146,669,"Sorry baby maybe another night,I'm feeling bloated"
3628,2534,2,12,69,83,1.1927710843373494,0.04985383079259017,669,Sir Gwain.  You have two visitors.
3623,2534,3,10,70,83,1.1927710843373494,0.05271871399196457,669,If you don’t get out of here with that stupid boquet I’ll call George
3621,2534,2,12,69,83,1.1927710843373494,0.04985383079259017,669,You don't look like your photo in the dating app.
3619,2534,1,14,68,83,1.1927710843373494,0.04681395181381146,669,You can't come in until Jeapardy's over.
3581,2534,2,12,69,83,1.1927710843373494,0.04985383079259017,669,Walk This Way
3471,2534,3,10,70,83,1.1927710843373494,0.05271871399196457,669,You can enter by scaling the wall ... I'll take the flowers to make it easier on you.
3439,2534,2,12,69,83,1.1927710843373494,0.04985383079259017,669,"Father won't let me court boys with scales"""
2908,2534,2,12,69,83,1.1927710843373494,0.04985383079259017,669,Not now
2948,2534,4,8,71,83,1.1927710843373494,0.05543573906097862,669,"When I mentioned powerful dragon's breath, it wasn't a complement."
2969,2534,2,12,69,83,1.1927710843373494,0.04985383079259017,669,"Sorry, but your Tinder profile said you were 6'1""."
2999,2534,2,12,69,83,1.1927710843373494,0.04985383079259017,669,Shh come in quick before the others show up.
3014,2534,2,12,69,83,1.1927710843373494,0.04985383079259017,669,"God, you are such a Drag...go on with your life!"
3024,2534,2,12,69,83,1.1927710843373494,0.04985383079259017,669,I’ll have to see your Maiden Devouring License before I check to see if you are on the approved list.
2829,2534,1,14,68,83,1.1927710843373494,0.04681395181381146,669,Oops! I meant to swipe LEFT.
3110,2534,1,14,68,83,1.1927710843373494,0.04681395181381146,669,Are you kidding? No way. I've been burned before.
3190,2534,1,14,68,83,1.1927710843373494,0.04681395181381146,669,"She said, leave the flowers, but she doesn't want to see you any more."
3199,2534,4,8,71,83,1.1927710843373494,0.05543573906097862,669,Is it too late to audition?
3281,2534,2,12,69,83,1.1927710843373494,0.04985383079259017,669,Give me a minute...I'd better change into my fireproof outfit.
3304,2534,3,10,70,83,1.1927710843373494,0.05271871399196457,669,Could you please tell Gwendolen that I found her earrings.
3305,2534,3,10,70,83,1.1927710843373494,0.05271871399196457,669,I don't care if you turn into the Prince of  bloomin' Wales. No kisses!
3397,2534,2,12,69,83,1.1927710843373494,0.04985383079259017,669,You looked different on your Tinder profile.
3124,2534,2,12,69,83,1.1927710843373494,0.04985383079259017,669,"The prince isn't actually home right now, but I'm sure he'll be flattered."
1681,2534,2,12,69,83,1.1927710843373494,0.04985383079259017,669,"Well, it means to quit dragon your feet, and cross crossing moats off your list, mostly."
1084,2534,2,12,69,83,1.1927710843373494,0.04985383079259017,669,Wait a sec. I have to get my fire retardant helmet so you can whisper sweet nothings in my ear.
1598,2534,1,14,68,83,1.1927710843373494,0.04681395181381146,669,"Mother said, ""clean your feet and tail before you enter""."
570,2534,2,12,69,83,1.1927710843373494,0.04985383079259017,669,You'll have to wait. The king is still here.
555,2534,3,10,70,83,1.1927710843373494,0.05271871399196457,669,"I ordered roses, not daisies!"
513,2534,2,12,69,83,1.1927710843373494,0.04985383079259017,669,Follow my tail and we’ll hit some clubs!
478,2534,3,10,70,83,1.1927710843373494,0.05271871399196457,669,Sylvia's busy.
475,2534,2,12,69,83,1.1927710843373494,0.04985383079259017,669,I'm not going out on a knight like this!
447,2534,1,14,68,83,1.1927710843373494,0.04681395181381146,669,Is Dani home?
419,2534,2,12,69,83,1.1927710843373494,0.04985383079259017,669,You’re a bit late for Mother’s Day.
408,2534,3,10,70,83,1.1927710843373494,0.05271871399196457,669,"Galathor, I told you the princess is no longer seeing suitors. I, on the other hand, am available...."
380,2534,4,8,71,83,1.1927710843373494,0.05543573906097862,669,Are you crazy?! What if my husband sees you?
326,2534,0,16,67,83,1.1927710843373494,0.04356245773777591,669,You're just too flighty.  It's really over.
325,2534,2,12,69,83,1.1927710843373494,0.04985383079259017,669,I was hoping for more fireworks and sparks.
321,2534,4,8,71,83,1.1927710843373494,0.05543573906097862,669,"I will kiss thee, but thou best be a king."
297,2534,3,10,70,83,1.1927710843373494,0.05271871399196457,669,Sorry - there just aren't any sparks.
230,2534,1,14,68,83,1.1927710843373494,0.04681395181381146,669,"I'm sorry, we're team Winterfell."
229,2534,1,14,68,83,1.1927710843373494,0.04681395181381146,669,Just a minute. Daddy wants to meet you.
227,2534,2,12,69,83,1.1927710843373494,0.04985383079259017,669,"Haven’t you seen Beauty and the Beast? Well, whaddya say?"
211,2534,1,14,68,83,1.1927710843373494,0.04681395181381146,669,"I don’t know if this is the best time. After your family burned down the village last night, my parents are sort of second guessing our relationship."
201,2534,3,10,70,83,1.1927710843373494,0.05271871399196457,669,"Wipe your talons before you enter, please."
191,2534,1,14,68,83,1.1927710843373494,0.04681395181381146,669,"Leave, quickly, lest my husband slay us both!"
132,2534,3,10,70,83,1.1927710843373494,0.05271871399196457,669,"It won't work; you're from a red state and I'm from a blue one """
111,2534,3,10,70,83,1.1927710843373494,0.05271871399196457,669,"Sorry, she says she won't go the prom with a dragon queen"
574,2534,1,14,68,83,1.1927710843373494,0.04681395181381146,669,"Lovely flowers. He'll be back by 11: 00, but we'll be fine until then"
612,2534,2,12,69,83,1.1927710843373494,0.04985383079259017,669,I’m sorry; I’m just not into mythology!
256,2534,1,14,68,83,1.1927710843373494,0.04681395181381146,669,My parents don't believe in mixed marriages.
773,2534,2,12,69,83,1.1927710843373494,0.04985383079259017,669,Forget-Me-Nots? You gotta be kiddin’!”
638,2534,3,10,70,83,1.1927710843373494,0.05271871399196457,669,Tell Jon Snow he knows nothing!
1588,2534,1,14,68,83,1.1927710843373494,0.04681395181381146,669,"Sorry, but I'm waiting for a frog to kiss."
1513,2534,1,14,68,83,1.1927710843373494,0.04681395181381146,669,"Quick, come in....George just went to a joust."
1511,2534,1,14,68,83,1.1927710843373494,0.04681395181381146,669,She said she doesn’t want to see you. It’s your breath.
1487,2534,0,16,67,83,1.1927710843373494,0.04356245773777591,669,"Sorry, Happy Hour begins at 5 o'clock  on Saturdays, not 4."
1430,2534,4,8,71,83,1.1927710843373494,0.05543573906097862,669,Go away! I said draconian no dragon.
1369,2534,1,14,68,83,1.1927710843373494,0.04681395181381146,669,"She is busy right now. Leave your business card, stating the purpose of your visit."
1361,2534,3,10,70,83,1.1927710843373494,0.05271871399196457,669,"If you can't even fit in the front door, then how are you supposed to fit in my back door?"
1319,2534,4,8,71,83,1.1927710843373494,0.05543573906097862,669,I accidentally ate the guy who makes the chocolates.
1273,2534,2,12,69,83,1.1927710843373494,0.04985383079259017,669,Playing with fire.
1233,2534,2,12,69,83,1.1927710843373494,0.04985383079259017,669,"Remember young man, no burning on the first date."
1380,2534,0,16,67,83,1.1927710843373494,0.04356245773777591,669,"Princess Belle, your date for the royal party has arrived."
1165,2534,3,10,70,83,1.1927710843373494,0.05271871399196457,669,Hi. She'll be down in five minutes!
1156,2534,2,12,69,83,1.1927710843373494,0.04985383079259017,669,"If you’re going to drop by, please text me first."
1126,2534,3,10,70,83,1.1927710843373494,0.05271871399196457,669,Can Jackie come out to frolic?
839,2534,1,14,68,83,1.1927710843373494,0.04681395181381146,669,"The Princess says the flowers are always nice, but sometimes a lady just wishes to be suddenly swept up, and flown away on an exciting adventure."
1087,2534,1,14,68,83,1.1927710843373494,0.04681395181381146,669,Something about sleighing because winter is coming
1601,2534,0,16,67,83,1.1927710843373494,0.04356245773777591,669,I really enjoyed reading your email.
1231,2534,2,12,69,83,1.1927710843373494,0.04985383079259017,669,'He says he is sorry. It's not his fault that he IS a monster.'
1074,2534,3,10,70,83,1.1927710843373494,0.05271871399196457,669,"Oh, you are much larger than you looked on your profile photo on the dating site."
1041,2534,2,12,69,83,1.1927710843373494,0.04985383079259017,669,"Not a headache, I've got two knights."
1004,2534,1,14,68,83,1.1927710843373494,0.04681395181381146,669,You seemed taller in your profile
1029,2534,2,12,69,83,1.1927710843373494,0.04985383079259017,669,"Sorry, after the King's Landing incident I'm off dragons."
1398,2651,0,18,76,94,1.1914893617021276,0.04080127370679985,669,Stay out of my garden! Scat! Shoo!
1470,2652,3,10,71,84,1.1904761904761905,0.052137859745800555,669,"She said to tell you ""sorry, but it'sjust not working out"""
2828,2652,1,14,69,84,1.1904761904761905,0.04631018196447773,669,Sorry. Daenerys doesn’t live here anymore.
1801,2652,3,10,71,84,1.1904761904761905,0.052137859745800555,669,Let's frolic in the autumn mist.
1527,2652,4,8,72,84,1.1904761904761905,0.05481987004287437,669,"Verily, he saith to stick them where the sun doth not shine."
1991,2652,1,14,69,84,1.1904761904761905,0.04631018196447773,669,"Flowers are nice, but just say the words—say you're sorry. It's that simple!""
""How was I supposed to know regicide was illegal? It sounds like a foot cream!"
2195,2652,3,10,71,84,1.1904761904761905,0.052137859745800555,669,Sorry but the Princess is not seeing anyone who cannot fit through this door.
2260,2652,3,10,71,84,1.1904761904761905,0.052137859745800555,669,"It sorrows me to say, Durrell, but our story must end here"
2484,2652,3,10,71,84,1.1904761904761905,0.052137859745800555,669,"I am so sorry, but she ran into Saint George on the road last week"
2590,2652,4,8,72,84,1.1904761904761905,0.05481987004287437,669,I like you better when you breathe fire!
2636,2652,3,10,71,84,1.1904761904761905,0.052137859745800555,669,"It's just carolers, honey!"
2680,2652,3,10,71,84,1.1904761904761905,0.052137859745800555,669,My parents won't allow me to go on a hot date.
2756,2652,1,14,69,84,1.1904761904761905,0.04631018196447773,669,I’m here for my date with Belle.
2821,2652,3,10,71,84,1.1904761904761905,0.052137859745800555,669,Flowers?  Where's the shining armor?
1567,2652,2,12,70,84,1.1904761904761905,0.049310188462709244,669,"Don't Worry, Princess. The tail is only for show."
1624,2652,2,12,70,84,1.1904761904761905,0.049310188462709244,669,You failed the Princess’ breath test.
3748,2652,1,14,69,84,1.1904761904761905,0.04631018196447773,669,I hope you enjoyed the flame-broiled appetizers.
2943,2652,0,16,68,84,1.1904761904761905,0.04310187027192874,669,"Don't worry, I ran out of fire."
3933,2652,1,14,69,84,1.1904761904761905,0.04631018196447773,669,"By the way, did you know that ‘sitting’ is the new ‘smoking’?"
1396,2652,2,12,70,84,1.1904761904761905,0.049310188462709244,669,"I understand your confusion, but, no, Sir Lancelot is not dating."
3922,2652,1,14,69,84,1.1904761904761905,0.04631018196447773,669,The princess can't go out with you tonight. She's watching Game of Thrones.
3898,2652,0,16,68,84,1.1904761904761905,0.04310187027192874,669,"The ""How to Train Your Dragon"" franchise has become really cheesey."
3817,2652,0,16,68,84,1.1904761904761905,0.04310187027192874,669,"Daenerys's sister, I presume."
3737,2652,2,12,70,84,1.1904761904761905,0.049310188462709244,669,"Quick, and if we run into dad please don’t toast him!"
2921,2652,1,14,69,84,1.1904761904761905,0.04631018196447773,669,She said to leave the flowers in the moat
3710,2652,0,16,68,84,1.1904761904761905,0.04310187027192874,669,"I'm sorry, Doug, but I'm looking for someone with more fire in his belly."
3566,2652,2,12,70,84,1.1904761904761905,0.049310188462709244,669,Go away! The troll will be back in any minute.
3564,2652,2,12,70,84,1.1904761904761905,0.049310188462709244,669,"I'm waiting for the Greeks bearing gifts, frankly."
3485,2652,3,10,71,84,1.1904761904761905,0.052137859745800555,669,"I only date 6'1"" satyrs. Sorry."
3185,2652,1,14,69,84,1.1904761904761905,0.04631018196447773,669,...and you've got to do something about your breath...
3068,2652,0,16,68,84,1.1904761904761905,0.04310187027192874,669,You're too late.  I already kissed the frog and I don't need another prince.
3040,2652,1,14,69,84,1.1904761904761905,0.04631018196447773,669,The princess says for you to wipe off your feet in the moat first.
3580,2652,3,10,71,84,1.1904761904761905,0.052137859745800555,669,Oh hey sorry I'm going to have to reschedule...how's next fortnight?
1238,2652,0,16,68,84,1.1904761904761905,0.04310187027192874,669,"Sorry, but I have a date with a toad."
4131,2652,3,10,71,84,1.1904761904761905,0.052137859745800555,669,Sarah doesn't want to see you anymore. Please go back home
35,2652,4,8,72,84,1.1904761904761905,0.05481987004287437,669,"Lily was tempted, as he seemed so nice!"
1031,2652,0,16,68,84,1.1904761904761905,0.04310187027192874,669,This is the last time I let Daenerys set me up on a blind date.
20,2652,0,16,68,84,1.1904761904761905,0.04310187027192874,669,She can't come down.  She's just washed her hair.
152,2652,2,12,70,84,1.1904761904761905,0.049310188462709244,669,"I'm sorry,but I just don't feel the heat."
169,2652,2,12,70,84,1.1904761904761905,0.049310188462709244,669,I'm a water sign. Don't tell my father we're dating.
339,2652,1,14,69,84,1.1904761904761905,0.04631018196447773,669,"Don't hold your breath, the princess is washing her hair."
4056,2652,0,16,68,84,1.1904761904761905,0.04310187027192874,669,"The flowers are a nice touch, but your breath smells of Fireball."
460,2652,2,12,70,84,1.1904761904761905,0.049310188462709244,669,"I'm sorry, you gave her a case of heartburn."
483,2652,2,12,70,84,1.1904761904761905,0.049310188462709244,669,"Well, Drogon, you certainly know how to breathe fire into your online dating profile."
507,2652,2,12,70,84,1.1904761904761905,0.049310188462709244,669,I know we come from different backgrounds...
842,2652,3,10,71,84,1.1904761904761905,0.052137859745800555,669,"Oh, you looked a little different in your Tinder profile..."
881,2652,1,14,69,84,1.1904761904761905,0.04631018196447773,669,"No, I never watched Games of Thrones"
345,2652,3,10,71,84,1.1904761904761905,0.052137859745800555,669,Nice try. You picked those from my garden
584,2699,4,9,77,90,1.1888888888888889,0.05215564061107554,669,"Sorry, I called for an Uber not a Drake."
2379,2700,1,14,70,85,1.188235294117647,0.045816946845285964,669,"Princess Rhea will be back in an hour, hold on."
2527,2700,1,14,70,85,1.188235294117647,0.045816946845285964,669,"""Do come in -- but please, no fire-breathing inside the castle."
2675,2700,1,14,70,85,1.188235294117647,0.045816946845285964,669,But I brought flowers!!
3571,2700,0,16,69,85,1.188235294117647,0.04265068080823368,669,"Shhh, Beowulf is still up. Come back in an hour"
3726,2700,1,14,70,85,1.188235294117647,0.045816946845285964,669,"For our consideration? For the last time Drogon, we’re not Emmy voters."
3917,2700,0,16,69,85,1.188235294117647,0.04265068080823368,669,No thanks. You'd just lead me to burn up the city and be a bad queen.
2296,2700,4,8,73,85,1.188235294117647,0.0542174211179169,669,"hey mom, dads home!"
4071,2700,1,14,70,85,1.188235294117647,0.045816946845285964,669,"'Game of Thrones' isn't the only drama that's over."""
2691,2700,1,14,70,85,1.188235294117647,0.045816946845285964,669,Are you for real?
912,2700,3,10,72,85,1.188235294117647,0.051569532748121864,669,"Um, he went that away."
504,2700,1,14,70,85,1.188235294117647,0.045816946845285964,669,"Oh, I'm sorry, I though I swept left."
1478,2700,3,10,72,85,1.188235294117647,0.051569532748121864,669,"I'm sorry, but my parents say that I can't go out with anyone with wings. (Meet me by the stables once they are asleep...)"
1443,2700,2,12,71,85,1.188235294117647,0.048778116640986524,669,Why are you so late? Get your tail in here!
1363,2700,0,16,69,85,1.188235294117647,0.04265068080823368,669,The citizens of Meernan say that it's too early for apologies.
1132,2700,4,8,73,85,1.188235294117647,0.0542174211179169,669,I'd rather watch the final episode alone.
1129,2700,3,10,72,85,1.188235294117647,0.051569532748121864,669,She's over you... since Game of Thrones has ended.
1121,2700,2,12,71,85,1.188235294117647,0.048778116640986524,669,The Trojan Dragon
997,2700,3,10,72,85,1.188235294117647,0.051569532748121864,669,You're obviously Montessori trained.
969,2700,1,14,70,85,1.188235294117647,0.045816946845285964,669,Are you crazy? My father with LITERALLY kill you!
921,2700,1,14,70,85,1.188235294117647,0.045816946845285964,669,"Truly, dear damsel -- my life has so much more direction and purpose since giving up the fire-breathing. Call me a repentant serpent!"
552,2700,1,14,70,85,1.188235294117647,0.045816946845285964,669,"Seriously, have you tried breath mints?"
1989,2700,1,14,70,85,1.188235294117647,0.045816946845285964,669,"My cousin Arthur ate all the red roses!"""
1688,2700,2,12,71,85,1.188235294117647,0.048778116640986524,669,Papa will never approve!
1051,2700,0,16,69,85,1.188235294117647,0.04265068080823368,669,The princess said you're not her old flame.
301,2700,3,10,72,85,1.188235294117647,0.051569532748121864,669,"Good for you, but it's the spark between us that's fully gone."
2236,2725,1,15,75,91,1.1868131868131868,0.04395604395604396,669,I surrender!
2974,2726,2,12,72,86,1.186046511627907,0.048257256089076536,669,"Sorry, the princess said she's waiting for a knight in shining armor, not a dragon whose fire will harm her."
2928,2726,1,14,71,86,1.186046511627907,0.04533392718515796,669,"I appreciate the flowers, but have you tried a breath mint?"
2446,2726,4,8,74,86,1.186046511627907,0.053627962740362745,669,You don't look anything like your dating app photo either.
3636,2729,1,24,115,140,1.1857142857142857,0.034506823856646336,669,We were expecting the refrigerator repairman.
774,2730,1,13,67,81,1.1851851851851851,0.046848557928420444,669,"I appreciate the thoughtfulness, but your breath is killing me."
1085,2730,3,9,69,81,1.1851851851851851,0.05302896690102354,669,"I'm sorry, the donkey was here first."
701,2730,3,9,69,81,1.1851851851851851,0.05302896690102354,669,I told you it was just one of those things.
362,2730,2,11,68,81,1.1851851851851851,0.0500342818003937,669,Your Mother of Dragons doesn't live here anymore.
1257,2730,2,11,68,81,1.1851851851851851,0.0500342818003937,669,Do I slay you the way you slay me?
1477,2730,3,9,69,81,1.1851851851851851,0.05302896690102354,669,"You haven’t heard, Dany is dead."
1545,2730,0,15,66,81,1.1851851851851851,0.043429775553920656,669,"My Dearest, I have brought you a little surprise from yon nearby meadow.  I no longer breathe flames for you have become the fire of my heart!!!"
1592,2730,2,11,68,81,1.1851851851851851,0.0500342818003937,669,"She wants you to ""stop dragon her heart around."""
1723,2730,2,11,68,81,1.1851851851851851,0.0500342818003937,669,Sorry. She still hasn't fully recovered from your last fiery kiss.
1775,2730,2,11,68,81,1.1851851851851851,0.0500342818003937,669,"Oh, Puff? Sorry, I didn't recognize you from your photo on Tumblr."
2062,2730,2,11,68,81,1.1851851851851851,0.0500342818003937,669,"I’m feeling vulnerable, can we role play this another time?"
2064,2730,0,15,66,81,1.1851851851851851,0.043429775553920656,669,"I'm sorry,  but Lady Marian isn't in. Care to leave a message?"
3347,2730,2,11,68,81,1.1851851851851851,0.0500342818003937,669,Let me get the paper bag
3306,2730,1,13,67,81,1.1851851851851851,0.046848557928420444,669,"You've lit a fire in my chest, Susan.""  ""That's what I was afraid of."
3092,2730,2,11,68,81,1.1851851851851851,0.0500342818003937,669,I appreciate the flowers but you still haven’t qualified for the debates.
917,2730,1,13,67,81,1.1851851851851851,0.046848557928420444,669,"Look, she doesn't want to see you after your incendiary remarks."
2405,2730,1,13,67,81,1.1851851851851851,0.046848557928420444,669,"You're to late, Daenerys is dead!"
2813,2730,2,11,68,81,1.1851851851851851,0.0500342818003937,669,Only two flowers?
2228,2730,0,15,66,81,1.1851851851851851,0.043429775553920656,669,Draco dormiens numquam a tickle.
2113,2730,1,13,67,81,1.1851851851851851,0.046848557928420444,669,Only two flowers this time?
2290,2730,2,11,68,81,1.1851851851851851,0.0500342818003937,669,I'm sorry. Your princess is in another castle.
960,2730,1,13,67,81,1.1851851851851851,0.046848557928420444,669,I was expecting a bigger dragon.
464,2752,0,17,75,92,1.184782608695652,0.04068614746834949,669,Weird flex but okay.
2964,2753,2,12,73,87,1.1839080459770115,0.04774726195683065,669,I don't care if you are a prince among dragons-the princess doesn't date dragons!
665,2753,1,14,72,87,1.1839080459770115,0.04486081606493881,669,I'm sorry. I just can't get past your bad breath.
1339,2755,2,14,82,98,1.183673469387755,0.04434562619344774,669,"Marcel? Is that you? Oh Marcel, I thought you were shot down by the Luftwaffe over Maastricht! Oh Marcel, I've remarried to a Minotaur from Crete. He's not much to look at, but he knows the complicated irregular network of passages to my heart."
603,2756,2,11,69,82,1.1829268292682926,0.04947191399330266,669,Do you have a vase I can borrow?
411,2756,3,9,70,82,1.1829268292682926,0.05242694342046911,669,"No, no it's fine I was just expecting...a Wyvern, is all."
2142,2756,2,11,69,82,1.1829268292682926,0.04947191399330266,669,Just when I thought the fire was gone.
219,2756,0,15,67,82,1.1829268292682926,0.04295628044484378,669,"I'm flattered, I am, but the truth is...I am deathly allergic to daisies."
3816,2756,1,13,68,82,1.1829268292682926,0.04632878319045733,669,"The daisies are nice, but you know I prefer dragon's breath."
3784,2756,3,9,70,82,1.1829268292682926,0.05242694342046911,669,"Sorry, I was only interested because you were an extra on the Game of Thrones ..."
3725,2756,1,13,68,82,1.1829268292682926,0.04632878319045733,669,Who did you say? Dinah who?
3712,2756,3,9,70,82,1.1829268292682926,0.05242694342046911,669,"Yes, He did get your last letter. He says he’ll meet you at the DMZ."
3569,2756,1,13,68,82,1.1829268292682926,0.04632878319045733,669,"I told you, m'lady prefers the nastier dragons."
3384,2756,2,11,69,82,1.1829268292682926,0.04947191399330266,669,I already told you that we can only be friends
3303,2756,3,9,70,82,1.1829268292682926,0.05242694342046911,669,Go away ! My husband will be home soon !!!
3239,2756,2,11,69,82,1.1829268292682926,0.04947191399330266,669,"Wow, you look nothing like your profile picture..."
3058,2756,2,11,69,82,1.1829268292682926,0.04947191399330266,669,You look NOTHING like your dating profile pics!
3009,2756,2,11,69,82,1.1829268292682926,0.04947191399330266,669,"I'll wipe my feet, I promise."
2523,2756,0,15,67,82,1.1829268292682926,0.04295628044484378,669,Is it safe to kiss you?
2418,2756,2,11,69,82,1.1829268292682926,0.04947191399330266,669,Picking flowers?  What kind of guard dragon are you?
2382,2756,0,15,67,82,1.1829268292682926,0.04295628044484378,669,You definitely need to update your profile pic.
1248,2756,1,13,68,82,1.1829268292682926,0.04632878319045733,669,"Oh be realistic for once, would you?"
1099,2756,1,13,68,82,1.1829268292682926,0.04632878319045733,669,"Sorry, this is a ""No Fire Zone."""
922,2756,3,9,70,82,1.1829268292682926,0.05242694342046911,669,You’ll have to come next week. It’s that time of the month.
788,2756,2,11,69,82,1.1829268292682926,0.04947191399330266,669,"Hey you buzz off!”
I got burned by you once,
I won’t let it happen again"
715,2756,1,13,68,82,1.1829268292682926,0.04632878319045733,669,My father wants to know if your intentions are flammable.
217,2756,3,9,70,82,1.1829268292682926,0.05242694342046911,669,I wish you could come in.
0,2756,2,11,69,82,1.1829268292682926,0.04947191399330266,669,Is this a bad once upon a time?
119,2756,1,13,68,82,1.1829268292682926,0.04632878319045733,669,"I know you're sorry, Drogon, but the people of King's Landing are still upset with you..."
41,2756,1,13,68,82,1.1829268292682926,0.04632878319045733,669,Could you possibly come back after the apocalypse?
31,2756,1,13,68,82,1.1829268292682926,0.04632878319045733,669,"Ok, but you'll have to be quiet."
179,2756,3,9,70,82,1.1829268292682926,0.05242694342046911,669,YO ADRIAN !
2158,2784,3,11,79,93,1.1827956989247312,0.04821797883295062,669,"(whispered) Hurry, leave! Meet me behind the blacksmith's after sundown."""
358,2785,1,14,73,88,1.1818181818181819,0.044397318354580724,669,Sorry to be the bearer of ill-tidings on Mother's Day but Daenerys kicked the royal bucket
4047,2786,3,9,71,83,1.180722891566265,0.05183831390483617,669,"I'd love to invite you in, but..."
3985,2786,1,13,69,83,1.180722891566265,0.04582023644587216,669,A toad is meant to become my Prince Charming.
1109,2786,2,11,70,83,1.180722891566265,0.04892190131450311,669,You simply slay me!
605,2786,2,11,70,83,1.180722891566265,0.04892190131450311,669,I'm sorry.  She's gone extinct.
4022,2786,3,9,71,83,1.180722891566265,0.05183831390483617,669,"It's going to take more than two flowers to make up for your fiery disposition."""
3662,2786,1,13,69,83,1.180722891566265,0.04582023644587216,669,"They said you were a hot sooter, but can you cook?"
548,2786,2,11,70,83,1.180722891566265,0.04892190131450311,669,"You can come in, but don’t let my father know you’re “dragonish”."
3561,2786,3,9,71,83,1.180722891566265,0.05183831390483617,669,You are bigger than I expected from your profile on Dating Singles website.
3324,2786,2,11,70,83,1.180722891566265,0.04892190131450311,669,We are the welcome committee but I am afraid to knock
1120,2795,3,10,76,89,1.1797752808988764,0.04941382071271396,669,"I told you, is no that I don't like you, the issue is your breath!"
1285,2795,1,14,74,89,1.1797752808988764,0.043943150178405346,669,Could you please wait  a moment? She's getting her blowtorch.
3228,2797,2,10,66,78,1.1794871794871795,0.05078009416329737,669,I thought you’d be taller.
3151,2797,0,14,64,78,1.1794871794871795,0.04373348027807394,669,Khaleesi says she's the single mother of dragons.
3078,2797,2,10,66,78,1.1794871794871795,0.05078009416329737,669,"Sorry. The mother of dragons lives in the next castle"""
2519,2797,1,12,65,78,1.1794871794871795,0.04738794815386097,669,"Milady says you're too late, the season is over. Between you, me and the gatepost, she can't handle another disappointing episode."
2525,2797,2,10,66,78,1.1794871794871795,0.05078009416329737,669,"No, Daenerys doesn't live here. Next castle over."
2647,2797,1,12,65,78,1.1794871794871795,0.04738794815386097,669,"Oh, She is in the back moat. I will tell her that you are here."
2651,2797,3,8,67,78,1.1794871794871795,0.05395941341632321,669,"It's your breath, TBH..."
2800,2797,2,10,66,78,1.1794871794871795,0.05078009416329737,669,"No, the Knight is too young to come out and play."
2836,2797,1,12,65,78,1.1794871794871795,0.04738794815386097,669,"Not tonight, Morris. I have a headache."
2875,2797,4,6,68,78,1.1794871794871795,0.05696155395733173,669,I'm sorry but I'm engaged to a giant ape.
2503,2797,2,10,66,78,1.1794871794871795,0.05078009416329737,669,I want to apologize for ruining the cookout
3030,2797,3,8,67,78,1.1794871794871795,0.05395941341632321,669,"Well, I don't see any reason to accept your offer of courtship, considering last week you torched the Village Green and all the jesters, minstrels, troubadours, acrobats and jugglers."
2965,2797,2,10,66,78,1.1794871794871795,0.05078009416329737,669,I’m so sorry for your loss ...but the Targaryens live down the road.
2480,2797,1,12,65,78,1.1794871794871795,0.04738794815386097,669,I said Pangorian orchids.
1940,2797,0,14,64,78,1.1794871794871795,0.04373348027807394,669,Oh D! I can't drag on anymore...
2372,2797,2,10,66,78,1.1794871794871795,0.05078009416329737,669,Hi is Donkey in?
1925,2797,0,14,64,78,1.1794871794871795,0.04373348027807394,669,Alright. We'll try it your way.
1965,2797,2,10,66,78,1.1794871794871795,0.05078009416329737,669,You don’t look at all like your picture.
4119,2797,2,10,66,78,1.1794871794871795,0.05078009416329737,669,"Sorry, not into bad boys . . ."
2066,2797,2,10,66,78,1.1794871794871795,0.05078009416329737,669,Oh dear!  He's on Amazon again.
2088,2797,1,12,65,78,1.1794871794871795,0.04738794815386097,669,"No, Alisa cannot go to a wienie roast with you."
2089,2797,0,14,64,78,1.1794871794871795,0.04373348027807394,669,No pansies allowed
2247,2797,3,8,67,78,1.1794871794871795,0.05395941341632321,669,"It's not because your a dragon, it's because your Jewish."
2283,2797,2,10,66,78,1.1794871794871795,0.05078009416329737,669,Deliveries go to the back gate
2344,2797,2,10,66,78,1.1794871794871795,0.05078009416329737,669,"I come in peace, I am in love and I am a dragon"
2292,2797,0,14,64,78,1.1794871794871795,0.04373348027807394,669,"Oh, that is where you would put a long cone hat."
2318,2797,1,12,65,78,1.1794871794871795,0.04738794815386097,669,She is not back from her date with the ogre yet.
3278,2797,0,14,64,78,1.1794871794871795,0.04373348027807394,669,YOU NEVER WARNED ME ABOUT THE MOAT
2463,2797,1,12,65,78,1.1794871794871795,0.04738794815386097,669,We need to be discrete -- use the back door!
3358,2797,2,10,66,78,1.1794871794871795,0.05078009416329737,669,"Look, I'm not going to marry you, so there's no reason for your courtship to drag on."""
3969,2797,2,10,66,78,1.1794871794871795,0.05078009416329737,669,which fair maiden would you like to speak to?
3412,2797,2,10,66,78,1.1794871794871795,0.05078009416329737,669,Pansies? I was think more like 'burning bush' !
3983,2797,1,12,65,78,1.1794871794871795,0.04738794815386097,669,i think i had the wrong amphibian in mind
4016,2797,0,14,64,78,1.1794871794871795,0.04373348027807394,669,She likes the strong macho type... I'd ditch the flowers and go with the  mighty fire-breathing dragon approach.
4039,2797,1,12,65,78,1.1794871794871795,0.04738794815386097,669,Two flowers? What happened to that fire you used to have?
4076,2797,1,12,65,78,1.1794871794871795,0.04738794815386097,669,It’s just a bad time- my pet rat’s gotten loose and I can’t seem to find him
1894,2797,2,10,66,78,1.1794871794871795,0.05078009416329737,669,"Sorry but not sorry, I ordered the ferocious dragon and they send the romantic one."
4094,2797,1,12,65,78,1.1794871794871795,0.04738794815386097,669,Is the Princess home?
4099,2797,1,12,65,78,1.1794871794871795,0.04738794815386097,669,"Oh dear, Juliet is out hunting for potential husbands."
4115,2797,2,10,66,78,1.1794871794871795,0.05078009416329737,669,"I'm sorry, Gerald, but Father says I have to marry someone with better job prospects."
3954,2797,2,10,66,78,1.1794871794871795,0.05078009416329737,669,"My new boyfriend is so hot, he literary breathes fire."
3945,2797,0,14,64,78,1.1794871794871795,0.04373348027807394,669,What!? Never heard of a dragon giving flowers?
3939,2797,1,12,65,78,1.1794871794871795,0.04738794815386097,669,I'm not allowed to receive flowers from reptiles.
3924,2797,1,12,65,78,1.1794871794871795,0.04738794815386097,669,No! I don't want my imprisonment to be legally binding!
3901,2797,1,12,65,78,1.1794871794871795,0.04738794815386097,669,"I'm sorry, the wrap party was Saturday."
3373,2797,2,10,66,78,1.1794871794871795,0.05078009416329737,669,"I hear you knocking, but you can't come in!"""
3883,2797,1,12,65,78,1.1794871794871795,0.04738794815386097,669,"I'd let you in, but we're all deathly allergic to pollen"
3809,2797,3,8,67,78,1.1794871794871795,0.05395941341632321,669,"'Milady, your blind date Dino Saur 
hath arrived at the door'"
3801,2797,2,10,66,78,1.1794871794871795,0.05078009416329737,669,"You were expecting Shrek, weren't you?"
3786,2797,3,8,67,78,1.1794871794871795,0.05395941341632321,669,Here I am as I was then.
3740,2797,2,10,66,78,1.1794871794871795,0.05078009416329737,669,From now on you can land in the court yard like all the other dragons.
3733,2797,2,10,66,78,1.1794871794871795,0.05078009416329737,669,My life for two lousy flowers? Wait till George hears about this.
3711,2797,2,10,66,78,1.1794871794871795,0.05078009416329737,669,"Marry me, or thou shalt suffer the woes of climate change!"
3708,2797,3,8,67,78,1.1794871794871795,0.05395941341632321,669,Why are those flowers bigger than my head?
3639,2797,1,12,65,78,1.1794871794871795,0.04738794815386097,669,You can turn off your GPs now
3548,2797,0,14,64,78,1.1794871794871795,0.04373348027807394,669,Tiger lilies I presume?
3546,2797,1,12,65,78,1.1794871794871795,0.04738794815386097,669,"Mom thinks your hot breath can only lead to trouble.  So, I guess that’s it.  Sorry."
3526,2797,1,12,65,78,1.1794871794871795,0.04738794815386097,669,"Careful, I just replaced that bridge you burned."
3514,2797,2,10,66,78,1.1794871794871795,0.05078009416329737,669,Our fans won’t like this ending.
3480,2797,1,12,65,78,1.1794871794871795,0.04738794815386097,669,"No, I said two hours."
3880,2797,4,6,68,78,1.1794871794871795,0.05696155395733173,669,E. Jean lives next door.
1785,2797,3,8,67,78,1.1794871794871795,0.05395941341632321,669,Show's over pal!
2007,2797,1,12,65,78,1.1794871794871795,0.04738794815386097,669,Can I help you?
1711,2797,1,12,65,78,1.1794871794871795,0.04738794815386097,669,Well do you at least have a white horse?
734,2797,1,12,65,78,1.1794871794871795,0.04738794815386097,669,I don't think we have a vase that big.
700,2797,2,10,66,78,1.1794871794871795,0.05078009416329737,669,It appears that you're happy to see me.
692,2797,3,8,67,78,1.1794871794871795,0.05395941341632321,669,"I know you're a big fan of disintermediation, but where the hell is Lancelot"
686,2797,2,10,66,78,1.1794871794871795,0.05078009416329737,669,I can't help it if I fell in love with their dog.
673,2797,1,12,65,78,1.1794871794871795,0.04738794815386097,669,Let's put those flowers in a vase while you wait for her.
595,2797,2,10,66,78,1.1794871794871795,0.05078009416329737,669,I made herself queen by slaying my own dragons.
556,2797,0,14,64,78,1.1794871794871795,0.04373348027807394,669,But are you willing to slay yourself?
551,2797,2,10,66,78,1.1794871794871795,0.05078009416329737,669,"Fool me the 73rd time, shame on me!"
506,2797,2,10,66,78,1.1794871794871795,0.05078009416329737,669,"After I give him more three more ales, you can ask him for my hand."
481,2797,2,10,66,78,1.1794871794871795,0.05078009416329737,669,"As one Bruce Lee fan to another, enter the dragon."
365,2797,2,10,66,78,1.1794871794871795,0.05078009416329737,669,You can't just drop by...my George is no Saint!
354,2797,1,12,65,78,1.1794871794871795,0.04738794815386097,669,Do something about that breath
347,2797,1,12,65,78,1.1794871794871795,0.04738794815386097,669,I just want to apologize for burning the city.
249,2797,1,12,65,78,1.1794871794871795,0.04738794815386097,669,"Sorry, our chemistry is mythical."
247,2797,2,10,66,78,1.1794871794871795,0.05078009416329737,669,I don't believe in fairy tales.
239,2797,0,14,64,78,1.1794871794871795,0.04373348027807394,669,"I’m so sorry, Romeo. Father says I can’t come out."
233,2797,2,10,66,78,1.1794871794871795,0.05078009416329737,669,"Flowers aren't really much of a housewarming gift, are they?"
197,2797,2,10,66,78,1.1794871794871795,0.05078009416329737,669,"Dragon Lady?  Hmm, does sound fun."
116,2797,2,10,66,78,1.1794871794871795,0.05078009416329737,669,"Most dragons bring wine, but flowers are okay too I guess."
92,2797,3,8,67,78,1.1794871794871795,0.05395941341632321,669,"Come quick, before my parents see you."
66,2797,3,8,67,78,1.1794871794871795,0.05395941341632321,669,"But, you still have dragon breath."
53,2797,0,14,64,78,1.1794871794871795,0.04373348027807394,669,"I've changed my mind, after seeing your profile."
52,2797,2,10,66,78,1.1794871794871795,0.05078009416329737,669,"No,we're not mormon."
768,2797,0,14,64,78,1.1794871794871795,0.04373348027807394,669,Daenerys  lives in the castle next-door.
781,2797,2,10,66,78,1.1794871794871795,0.05078009416329737,669,Did you remember your mouthwash?
253,2797,1,12,65,78,1.1794871794871795,0.04738794815386097,669,It's time to move on from the dark ages.
967,2797,3,8,67,78,1.1794871794871795,0.05395941341632321,669,FTD? WTH!
1689,2797,3,8,67,78,1.1794871794871795,0.05395941341632321,669,"O Romeo, Romeo, wherefore art thou Romeo?"
1684,2797,1,12,65,78,1.1794871794871795,0.04738794815386097,669,He said he won't give you permission to marry me.
1678,2797,0,14,64,78,1.1794871794871795,0.04373348027807394,669,The flowers are not a ploy to kidnap you.
1656,2797,2,10,66,78,1.1794871794871795,0.05078009416329737,669,"Sorry, kissed a toad, a pig, and yes, you are cute, but been there done that!"
1584,2797,3,8,67,78,1.1794871794871795,0.05395941341632321,669,Edelweiss
1577,2797,0,14,64,78,1.1794871794871795,0.04373348027807394,669,Come in quickly.  Everyone's out on a siege.
1484,2797,1,12,65,78,1.1794871794871795,0.04738794815386097,669,M’lady is indisposed. Leave the flowers and your calling card. We’ll  see what tomorrow brings.
1752,2797,1,12,65,78,1.1794871794871795,0.04738794815386097,669,I won‘t allow it! This is not your rom-com crash the wedding moment.
1468,2797,2,10,66,78,1.1794871794871795,0.05078009416329737,669,"Sorry, but I never rekindle  to an old flame."
1461,2797,1,12,65,78,1.1794871794871795,0.04738794815386097,669,"I’m sorry, I’m seeing someone else."
1427,2797,1,12,65,78,1.1794871794871795,0.04738794815386097,669,This isn't Beauty and the Beast!
1261,2797,2,10,66,78,1.1794871794871795,0.05078009416329737,669,What... I'm here from flowersdragons.com ?
1371,2797,1,12,65,78,1.1794871794871795,0.04738794815386097,669,I apologize. I promise that I will not singe your hair next time.
1211,2797,3,8,67,78,1.1794871794871795,0.05395941341632321,669,I know now that when you said that you were hung like a dragon you meant you have a micropeen.
1125,2797,1,12,65,78,1.1794871794871795,0.04738794815386097,669,"Honey, you're elegant.  Let's pick another place to meet."
1115,2797,0,14,64,78,1.1794871794871795,0.04373348027807394,669,Does your lair have wifi?
1023,2797,3,8,67,78,1.1794871794871795,0.05395941341632321,669,Will those flowers attract the bees?
1002,2797,0,14,64,78,1.1794871794871795,0.04373348027807394,669,"No, I'm not disappointed -- it's just you're much greener than your photo on Match.com."
987,2797,3,8,67,78,1.1794871794871795,0.05395941341632321,669,Another story for Catfish.
970,2797,2,10,66,78,1.1794871794871795,0.05078009416329737,669,I'll call you.
821,2797,2,10,66,78,1.1794871794871795,0.05078009416329737,669,You misunderstand hot-and-bothered.
934,2909,2,11,71,84,1.1785714285714286,0.048383846887362136,669,"For the last time, I just can’t get over your breath."
2901,2909,2,11,71,84,1.1785714285714286,0.048383846887362136,669,"He says to tell you thanks for the flowers, and to remind you that he'll kill you, if it's the last thing he ever does, as soon as his burns heal."
1056,2911,1,12,66,79,1.1772151898734178,0.04683939034393648,669,"Just wait a few minutes, Sir Gwaine will be right down."
1362,2911,1,12,66,79,1.1772151898734178,0.04683939034393648,669,He says he’ll be down in five minutes.
1784,2911,1,12,66,79,1.1772151898734178,0.04683939034393648,669,You should have called first...
2583,2914,1,13,71,85,1.1764705882352942,0.04483543075566802,669,We don't buy flowers. Sorry.
3595,2915,1,14,76,91,1.1758241758241759,0.04306172017490284,669,Didn’t you read my profile?  I’m not down for hook-ups.
2383,2916,1,15,82,98,1.1734693877551021,0.04109154006947437,669,"Sorry, this relationship is hopeless; I have hayfever and there is no way you can  fit through this gate,"
748,2917,0,14,67,81,1.1728395061728396,0.04227381152657762,669,"I didn't want to use draconian measures, but I have a restraining order."
2697,2918,2,9,65,76,1.1710526315789473,0.050914988985724385,669,"I'm sorry, we're just too different. And besides, how would you get in the door?"
1614,2918,3,7,66,76,1.1710526315789473,0.05425138981075869,669,Did you tell your parents?
1634,2918,2,9,65,76,1.1710526315789473,0.050914988985724385,669,Come back later. He’s still home.
1639,2918,2,9,65,76,1.1710526315789473,0.050914988985724385,669,She is busy kissing a frog...sorry
1640,2918,2,9,65,76,1.1710526315789473,0.050914988985724385,669,My father doesn't want us to see each other anymore.
1740,2918,0,13,63,76,1.1710526315789473,0.04348082011015344,669,Not the “fiery” personality I was looking for.
1808,2918,2,9,65,76,1.1710526315789473,0.050914988985724385,669,Come on in.  The paleontologists have been looking for you.
1877,2918,1,11,64,76,1.1710526315789473,0.047344048310574156,669,"Sorry, you're not my type."
1897,2918,1,11,64,76,1.1710526315789473,0.047344048310574156,669,"Okay, let’s fly, but no touching below the waist, or incinerations."
1905,2918,1,11,64,76,1.1710526315789473,0.047344048310574156,669,How appropriate! My favorite flowers. Dragon lilies.
1912,2918,2,9,65,76,1.1710526315789473,0.050914988985724385,669,"I'm sorry, but I'm a sucker for the bad boys."
2108,2918,3,7,66,76,1.1710526315789473,0.05425138981075869,669,We need to talk.
2287,2918,2,9,65,76,1.1710526315789473,0.050914988985724385,669,Hot for teacher
2328,2918,2,9,65,76,1.1710526315789473,0.050914988985724385,669,Be patient; she's on the line with St. George.
2685,2918,1,11,64,76,1.1710526315789473,0.047344048310574156,669,Lady Annabel says her dungeon is occupied right now.
2343,2918,1,11,64,76,1.1710526315789473,0.047344048310574156,669,Sorry Dany and Jon have moved to the North!
3193,2918,1,11,64,76,1.1710526315789473,0.047344048310574156,669,She is not looking for someone with a firey personality.
2843,2918,1,11,64,76,1.1710526315789473,0.047344048310574156,669,She’s not ready to talk to you. She says you’re a cool-blooded snake and that she never should have let you burn her again. The flowers are a nice Tolkien though.
2982,2918,2,9,65,76,1.1710526315789473,0.050914988985724385,669,"I'm sorry, but I no longer date reptiles."
2408,2918,1,11,64,76,1.1710526315789473,0.047344048310574156,669,"Come on, let me in. It's her birthday present."
2431,2918,0,13,63,76,1.1710526315789473,0.04348082011015344,669,I don't care that Daenerys was killed... find another queen
2831,2918,2,9,65,76,1.1710526315789473,0.050914988985724385,669,"I'm following my heart, not my tail."
2511,2918,2,9,65,76,1.1710526315789473,0.050914988985724385,669,Enough already!  Galadriel  is in love with Smaug!
2548,2918,1,11,64,76,1.1710526315789473,0.047344048310574156,669,Your picture on Dateline was a kissing toad.
3017,2918,1,11,64,76,1.1710526315789473,0.047344048310574156,669,"I KNOW that my posting said that I liked hot men, but this, this is ridiculous!"
1605,2918,2,9,65,76,1.1710526315789473,0.050914988985724385,669,I despise your whole persona but I like your policies.
2581,2918,1,11,64,76,1.1710526315789473,0.047344048310574156,669,I've come for a kiss
2616,2918,2,9,65,76,1.1710526315789473,0.050914988985724385,669,Aren't you supposed to huff and puff and blow my house down?
3104,2918,2,9,65,76,1.1710526315789473,0.050914988985724385,669,"Don't hold your breath!"""
2370,2918,0,13,63,76,1.1710526315789473,0.04348082011015344,669,"I'm sorry you're lonely, but I don't know anyone named Targaryen."
1560,2918,1,11,64,76,1.1710526315789473,0.047344048310574156,669,I thought this was the casting call for the Game of Thrones sequel!
3919,2918,3,7,66,76,1.1710526315789473,0.05425138981075869,669,Running for president? Can’t you fly?
1512,2918,0,13,63,76,1.1710526315789473,0.04348082011015344,669,Did you eat the gardener again?
4089,2918,0,13,63,76,1.1710526315789473,0.04348082011015344,669,Welcome! Do you remember how to play Duck a Low Bridge?
4051,2918,1,11,64,76,1.1710526315789473,0.047344048310574156,669,"Sorry, but I can't marry anyone whose career plan is to fly around and breathe fire."
4000,2918,1,11,64,76,1.1710526315789473,0.047344048310574156,669,“She just told me to tell you “all smoke and no fire just does not work for her “
3951,2918,1,11,64,76,1.1710526315789473,0.047344048310574156,669,You could certainly use a breath mint.
3120,2918,2,9,65,76,1.1710526315789473,0.050914988985724385,669,Be patient. My parents go on a progress next Wednesday...
3856,2918,2,9,65,76,1.1710526315789473,0.050914988985724385,669,I'm sorry I got so hot-headed yesterday.
3802,2918,1,11,64,76,1.1710526315789473,0.047344048310574156,669,Didn't you get my text?  My parents came back early
3676,2918,2,9,65,76,1.1710526315789473,0.050914988985724385,669,"The princess is almost ready, deary.  She thinks this will be the most exciting wedding ever!"
3512,2918,2,9,65,76,1.1710526315789473,0.050914988985724385,669,Those don't look like roses.
3258,2918,3,7,66,76,1.1710526315789473,0.05425138981075869,669,Oh no!  Didn’t you hear?  Daenerys is dead!
1528,2918,1,11,64,76,1.1710526315789473,0.047344048310574156,669,"I""m sorry Dino. I don't think it would work.....Physically."
293,2918,2,9,65,76,1.1710526315789473,0.050914988985724385,669,You'll have to leave those outside. She's allergic to pollen
189,2918,2,9,65,76,1.1710526315789473,0.050914988985724385,669,I have snacks waiting for you in the dungeon.
314,2918,3,7,66,76,1.1710526315789473,0.05425138981075869,669,"Sorry, I only kiss amphibians."
1485,2918,1,11,64,76,1.1710526315789473,0.047344048310574156,669,You're early. I just need a few more minutes to finish dressing.
1253,2918,1,11,64,76,1.1710526315789473,0.047344048310574156,669,Will you join me as dinner?
1201,2918,2,9,65,76,1.1710526315789473,0.050914988985724385,669,"And by the way, Slay is not a cool nickname."
1072,2918,1,11,64,76,1.1710526315789473,0.047344048310574156,669,Quietly seek in through the top left window.
305,2918,3,7,66,76,1.1710526315789473,0.05425138981075869,669,"Sorry, but the princess is in another castle."
992,2918,2,9,65,76,1.1710526315789473,0.050914988985724385,669,No more long drawn out tales.
3163,2918,0,13,63,76,1.1710526315789473,0.04348082011015344,669,DNA test or not- she says she is not your mother.
738,2918,1,11,64,76,1.1710526315789473,0.047344048310574156,669,"Oh, sorry, I thought you were Uber eats."
696,2918,2,9,65,76,1.1710526315789473,0.050914988985724385,669,No thanks...my email said 'life drags on without flowers' but I was not expecting delivery at the castle!
562,2918,1,11,64,76,1.1710526315789473,0.047344048310574156,669,You look surprisingly like your profile picture.
489,2918,2,9,65,76,1.1710526315789473,0.050914988985724385,669,I can't let you in ... I'm allergic to flowers.
418,2918,0,13,63,76,1.1710526315789473,0.04348082011015344,669,I'm sorry. I got hot-headed and said some stuff I didn't mean...
818,2918,1,11,64,76,1.1710526315789473,0.047344048310574156,669,I've told you so often -- don't come to my house!
2086,2978,2,10,70,82,1.170731707317073,0.048478438536580806,669,You got rid of the others?
624,2978,2,10,70,82,1.170731707317073,0.048478438536580806,669,Nope. She is still ticked about frying the Prince.
352,2980,1,11,65,77,1.1688311688311688,0.0467779231605511,669,"Flowers, how sweet. Yes, I'd love to go for a walk with you if you promise not to eat me."
2445,2980,3,7,67,77,1.1688311688311688,0.05358825519207446,669,"I’m sorry, Rapunzel says she’s still washing her hair."
1272,2980,1,11,65,77,1.1688311688311688,0.0467779231605511,669,He asks if you have any cough drops; his throat is on fire.
1998,2983,0,14,70,84,1.1666666666666667,0.040906724472818005,669,I've decided to try a new approach.
3982,2983,1,11,66,78,1.1666666666666667,0.04622501635210242,669,if i'm not back before my curfew my dad will send an entire army to kill you
3457,2983,1,11,66,78,1.1666666666666667,0.04622501635210242,669,"Take your Gerrymandering elsewhere,we're watching World Cup."
982,2983,2,9,67,78,1.1666666666666667,0.04969660420745535,669,He’ll be right out.
2393,2983,2,9,67,78,1.1666666666666667,0.04969660420745535,669,I told you to come to the back door.
1496,2983,1,11,66,78,1.1666666666666667,0.04622501635210242,669,“Flowers are great but what we need something more to fire up our relationship.”
1111,2989,2,11,78,91,1.164835164835165,0.04492222627620774,669,"Our date is tomorrow, not today!"
2619,2990,2,8,63,73,1.1643835616438356,0.051660769401756894,669,Or we could just hire a handmouse and go to a cheese bar?
2522,2990,2,8,63,73,1.1643835616438356,0.051660769401756894,669,"Flowers are a good start, but you really need to fix the dragon breath if your serious about dating the Queen."
2444,2990,1,10,62,73,1.1643835616438356,0.04783636264784695,669,new phone who dis???
2282,2990,1,10,62,73,1.1643835616438356,0.04783636264784695,669,I've told you a dozen times that we do not accept lodgers.
2257,2990,3,6,64,73,1.1643835616438356,0.05522094348149691,669,Are you here to apologize?
2224,2990,3,6,64,73,1.1643835616438356,0.05522094348149691,669,This is an emergency call for the local moat builder!
2087,2990,1,10,62,73,1.1643835616438356,0.04783636264784695,669,How long have you been using mismatch.com?
2200,2990,2,8,63,73,1.1643835616438356,0.051660769401756894,669,Do I have a tail to tell
2528,2990,2,8,63,73,1.1643835616438356,0.051660769401756894,669,"But I specifically said ""p.m.""!"
4081,2990,1,10,62,73,1.1643835616438356,0.04783636264784695,669,"I’m sorry, but Fido can’t play today, we ate him."
1866,2990,2,8,63,73,1.1643835616438356,0.051660769401756894,669,"For heaven's sake, Fafnir!  I told you to let me talk to Daddy first!"
1851,2990,3,6,64,73,1.1643835616438356,0.05522094348149691,669,No excuse Barbeque Breath.  You’re too late for Contest #666.
2203,2990,2,8,63,73,1.1643835616438356,0.051660769401756894,669,"I'd ask you in, but you are too large to fit."
2594,2990,2,8,63,73,1.1643835616438356,0.051660769401756894,669,I will just blow you a kiss. Do something about the breath dear . Tat
2929,2990,2,8,63,73,1.1643835616438356,0.051660769401756894,669,The show's over!
2686,2990,2,8,63,73,1.1643835616438356,0.051660769401756894,669,You are a little rough around the edges
2689,2990,0,12,61,73,1.1643835616438356,0.043678370935408654,669,I’m sorry you burned your tongue after our kiss.
1822,2990,1,10,62,73,1.1643835616438356,0.04783636264784695,669,St. George??
2992,2990,2,8,63,73,1.1643835616438356,0.051660769401756894,669,I'm burning I'm burning I'm burning for you
3081,2990,1,10,62,73,1.1643835616438356,0.04783636264784695,669,You look different from your tinder profile picture.
3109,2990,2,8,63,73,1.1643835616438356,0.051660769401756894,669,"Sorry, I just don’t think we are the next Romeo and Juliet"
3172,2990,3,6,64,73,1.1643835616438356,0.05522094348149691,669,"You're looking for my sister.
She's the next castle down."
3246,2990,1,10,62,73,1.1643835616438356,0.04783636264784695,669,The dog doesn’t like strangers.
3390,2990,3,6,64,73,1.1643835616438356,0.05522094348149691,669,Little Jackie doesn’t come here anymore.
3594,2990,2,8,63,73,1.1643835616438356,0.051660769401756894,669,Good timing...my hairdryer just went on the fritz.
3707,2990,3,6,64,73,1.1643835616438356,0.05522094348149691,669,I meant the other back door
3927,2990,1,10,62,73,1.1643835616438356,0.04783636264784695,669,Can't you read?  My profile said I'm allergic to flowers!!
4074,2990,1,10,62,73,1.1643835616438356,0.04783636264784695,669,"Uh, yes, hello. I'm here to pick up my true dragon for prom."
1798,2990,1,10,62,73,1.1643835616438356,0.04783636264784695,669,A rendez-vour
1687,2990,3,6,64,73,1.1643835616438356,0.05522094348149691,669,"Tell her I know I'm late, but my GPS sent me to the right address but the wrong city."
1734,2990,2,8,63,73,1.1643835616438356,0.051660769401756894,669,What do you mean she wasn't your type.
4145,2990,2,8,63,73,1.1643835616438356,0.051660769401756894,669,Will grab my heels.
12,2990,0,12,61,73,1.1643835616438356,0.043678370935408654,669,I'd like to apologize for last night's kiss gone HORRIBLY wrong.
33,2990,1,10,62,73,1.1643835616438356,0.04783636264784695,669,"Yes, I came alone!"
95,2990,3,6,64,73,1.1643835616438356,0.05522094348149691,669,"Sorry. She says, 'You can drag-it-on back to where you picked it.'"
144,2990,2,8,63,73,1.1643835616438356,0.051660769401756894,669,"Guillermo Del Toro chosen to direct ""Dragonheart"" reboot."
190,2990,2,8,63,73,1.1643835616438356,0.051660769401756894,669,I only date unicorns.
266,2990,0,12,61,73,1.1643835616438356,0.043678370935408654,669,"I really need you to get on the ball with the fire, so I can get out of here...the flowers are nice, though."
561,2990,1,10,62,73,1.1643835616438356,0.04783636264784695,669,"Mr. Throne, go away, it isn't your time yet !"
602,2990,3,6,64,73,1.1643835616438356,0.05522094348149691,669,Her Highness says with your hot tongue pansies are no longer needed!
1765,2990,1,10,62,73,1.1643835616438356,0.04783636264784695,669,You're cuter than you looked on Instagram.
757,2990,3,6,64,73,1.1643835616438356,0.05522094348149691,669,She went that way.
713,2990,2,8,63,73,1.1643835616438356,0.051660769401756894,669,I'm sorry.  There be no dragons here.
868,2990,1,10,62,73,1.1643835616438356,0.04783636264784695,669,Of course Mumsy forgives Snookums for the village you torched.
1708,2990,3,6,64,73,1.1643835616438356,0.05522094348149691,669,Dad says I have to be in by 9pm.
3936,2990,1,10,62,73,1.1643835616438356,0.04783636264784695,669,I said slay the beast within!
766,2990,0,12,61,73,1.1643835616438356,0.043678370935408654,669,I'm sorry.  But it's my policy is not to ravage the countryside on the first date.
1504,2990,0,12,61,73,1.1643835616438356,0.043678370935408654,669,Saint George would like to see you first.
1499,2990,1,10,62,73,1.1643835616438356,0.04783636264784695,669,Sorry...I draw the line at frogs.
1569,2990,1,10,62,73,1.1643835616438356,0.04783636264784695,669,Daenerys told me to come by this week. What?!
1318,2990,1,10,62,73,1.1643835616438356,0.04783636264784695,669,You don't look anything at all like your picture on beauty and beast dot com.
1294,2990,2,8,63,73,1.1643835616438356,0.051660769401756894,669,"Quiet, please.  My parents are taking the Royal midday nap."
1177,2990,1,10,62,73,1.1643835616438356,0.04783636264784695,669,"I don't care if you were on Game of  Thrones, i'm not interested in dating you."
1065,2990,1,10,62,73,1.1643835616438356,0.04783636264784695,669,Sneak around the back...  Papa won't see you
1321,2990,1,10,62,73,1.1643835616438356,0.04783636264784695,669,You think a lousy two flower bouquet is going to forgive what you did!?
4019,2990,2,8,63,73,1.1643835616438356,0.051660769401756894,669,"Posy is not the password, you idiot!"
4042,3046,1,14,83,98,1.163265306122449,0.04023358462783468,669,Flowers matter.
2164,3047,0,15,77,92,1.1630434782608696,0.03872420126056659,669,Go away before they see you.
1123,3048,2,8,64,74,1.162162162162162,0.05100626464063538,669,But you didn’t even say hi to me when you were burning down the kingdom?
2181,3048,1,10,63,74,1.162162162162162,0.047237758050578095,669,Please keep your mouth shut.
4012,3048,0,12,62,74,1.162162162162162,0.043141308959040406,669,I promise this will have no effect on my job performance.
2977,3051,1,10,65,76,1.1578947368421053,0.0460839492511007,669,I have to wash my hair tonight.
2433,3052,1,9,60,70,1.1571428571428573,0.048307650572300034,669,Miranda will be out in a few minutes. She's taking a dump.
2765,3052,1,9,60,70,1.1571428571428573,0.048307650572300034,669,"Psst....before you meet Father, you better run home and get some clothes on!"
2771,3052,1,9,60,70,1.1571428571428573,0.048307650572300034,669,"I can't right now, I'm watching the end of Game of Thrones."
2787,3052,2,7,61,70,1.1571428571428573,0.05241858238033226,669,Your tail wasn’t so long on your Match photo!
2823,3052,0,11,59,70,1.1571428571428573,0.043812674294856725,669,Am I the first to arrive?
2827,3052,1,9,60,70,1.1571428571428573,0.048307650572300034,669,You're not Donkey!
2833,3052,1,9,60,70,1.1571428571428573,0.048307650572300034,669,She says she doesn't want to speaketh to you.
2877,3052,0,11,59,70,1.1571428571428573,0.043812674294856725,669,It's no secret we are DGBT...
2903,3052,0,11,59,70,1.1571428571428573,0.043812674294856725,669,Pfft. You think flowers will make up for torching my date?
2930,3052,0,11,59,70,1.1571428571428573,0.043812674294856725,669,try to be quiet or you'll wake the gargoyles
2931,3052,1,9,60,70,1.1571428571428573,0.048307650572300034,669,"My username is actually, Lady of the Knight."
2939,3052,2,7,61,70,1.1571428571428573,0.05241858238033226,669,No roses?
2960,3052,1,9,60,70,1.1571428571428573,0.048307650572300034,669,I thought the “D” in FDS stood for delivery not dragon.
2331,3052,2,7,61,70,1.1571428571428573,0.05241858238033226,669,I told you I was allergic to petunias
3055,3052,1,9,60,70,1.1571428571428573,0.048307650572300034,669,"Mummys okay with it,but the King says you're too old."
3062,3052,1,9,60,70,1.1571428571428573,0.048307650572300034,669,You're a lot taller than your you looked on your profile.
2752,3052,2,7,61,70,1.1571428571428573,0.05241858238033226,669,"I wished for Snapdragons, not Daisydragons"
2702,3052,1,9,60,70,1.1571428571428573,0.048307650572300034,669,I told you I can see you tonight because the king is home!
2692,3052,3,5,62,70,1.1571428571428573,0.05622976483777893,669,How am I supposed to fit through that tiny door?
2690,3052,1,9,60,70,1.1571428571428573,0.048307650572300034,669,She's not here right now.  She's getting her nails done.
2422,3052,1,9,60,70,1.1571428571428573,0.048307650572300034,669,You really should update your tinder profile.
2413,3052,0,11,59,70,1.1571428571428573,0.043812674294856725,669,"Face it fire breath, you're just not for me."
2337,3052,0,11,59,70,1.1571428571428573,0.043812674294856725,669,Uh; I was just wondering if we could talk?
2450,3052,3,5,62,70,1.1571428571428573,0.05622976483777893,669,"About time you got here, my parents are waiting on the roof."
2466,3052,1,9,60,70,1.1571428571428573,0.048307650572300034,669,The princess is still mad you burned her stack of records.
2504,3052,1,9,60,70,1.1571428571428573,0.048307650572300034,669,The King and Queen are at home
2553,3052,0,11,59,70,1.1571428571428573,0.043812674294856725,669,I can't talk right now. Father's home.
2573,3052,1,9,60,70,1.1571428571428573,0.048307650572300034,669,I come a-courtin' that princess puss!
2578,3052,2,7,61,70,1.1571428571428573,0.05241858238033226,669,"She says she’s sorry...it’s her, not you."
2622,3052,0,11,59,70,1.1571428571428573,0.043812674294856725,669,You’ll see. Your folks will come around once they see my portfolio.”
2625,3052,0,11,59,70,1.1571428571428573,0.043812674294856725,669,"Candy, not flowers"
2637,3052,0,11,59,70,1.1571428571428573,0.043812674294856725,669,"I,m sorry, but Samantha's not home right now."
2648,3052,0,11,59,70,1.1571428571428573,0.043812674294856725,669,"Oh, my love, let me fly with you!"
2657,3052,3,5,62,70,1.1571428571428573,0.05622976483777893,669,Shhhh!  Get outta here!  He's not leaving on the Crusade until tomorrow.....come back tomorrow afternoon!...
2661,3052,1,9,60,70,1.1571428571428573,0.048307650572300034,669,She says you're hopelessly naive and sweet. She needs more fiery passion
3064,3052,0,11,59,70,1.1571428571428573,0.043812674294856725,669,She has an inflamed throat.
3073,3052,2,7,61,70,1.1571428571428573,0.05241858238033226,669,We do appreciate you taking her to the Ball.  Will you be needing the carriage or could you just fly?
2327,3052,1,9,60,70,1.1571428571428573,0.048307650572300034,669,"Come on in, my father would like to discuss your condiment selection."
3129,3052,2,7,61,70,1.1571428571428573,0.05241858238033226,669,Come back when Ye do something about Thou foul breath!
3751,3052,1,9,60,70,1.1571428571428573,0.048307650572300034,669,Rapunzel's at the hairdresser. Come back later.
3772,3052,1,9,60,70,1.1571428571428573,0.048307650572300034,669,My father does not approve our courtship.
3782,3052,1,9,60,70,1.1571428571428573,0.048307650572300034,669,"That's very kind, but given the circumstances of her death, we are asking that in lieu of flowers all mourners to contribute to the World Without Dragons Association."
3806,3052,1,9,60,70,1.1571428571428573,0.048307650572300034,669,I told you-do something about your dragon breath!
3863,3052,2,7,61,70,1.1571428571428573,0.05241858238033226,669,You know I'm allergic to chrysanthemums!
3865,3052,3,5,62,70,1.1571428571428573,0.05622976483777893,669,"Shh, we don't want George to find out."
3875,3052,2,7,61,70,1.1571428571428573,0.05241858238033226,669,"‘’‘ It will take more than flowers to convince me you are my late husband ,George.’’"
3720,3052,1,9,60,70,1.1571428571428573,0.048307650572300034,669,Stay away from our daughter or George will come out and slay you too.
3877,3052,1,9,60,70,1.1571428571428573,0.048307650572300034,669,"Honey, the BACK door !"
3940,3052,2,7,61,70,1.1571428571428573,0.05241858238033226,669,You looked different in your portraits
3952,3052,1,9,60,70,1.1571428571428573,0.048307650572300034,669,"Actually, I'm here to see that cute little Tyrannosaurus if she around today."""
3960,3052,1,9,60,70,1.1571428571428573,0.048307650572300034,669,"He's not going away, Princess.  He said you swiped right."
4041,3052,0,11,59,70,1.1571428571428573,0.043812674294856725,669,You don’t realize how your words hurt me!
3997,3052,1,9,60,70,1.1571428571428573,0.048307650572300034,669,"Sorry, I'm more into frogs than lizards"
3972,3052,2,7,61,70,1.1571428571428573,0.05241858238033226,669,"Once the “Ding-Dong-Moat” went south, Gerald was forced to improvise."
4092,3052,2,7,61,70,1.1571428571428573,0.05241858238033226,669,Not until you do something about that fiery breath...perhaps a mint.
3886,3052,2,7,61,70,1.1571428571428573,0.05241858238033226,669,The crusades ended early.....so beat it.
3083,3052,2,7,61,70,1.1571428571428573,0.05241858238033226,669,"I said a bouquet of snapdragons, not a seated dragon."
3719,3052,0,11,59,70,1.1571428571428573,0.043812674294856725,669,"Sorry, it would never work, too much heartburn..."
3667,3052,1,9,60,70,1.1571428571428573,0.048307650572300034,669,Try to understand. GOT is over. I'm now watching DARK.
3177,3052,1,9,60,70,1.1571428571428573,0.048307650572300034,669,I am sorry.  She is still not over that last scorch.  Try again tomorrow.
3212,3052,1,9,60,70,1.1571428571428573,0.048307650572300034,669,"Oh, you looked scarier in your profile picture."
3230,3052,1,9,60,70,1.1571428571428573,0.048307650572300034,669,Keep this up and they will name a flower after you!
3259,3052,1,9,60,70,1.1571428571428573,0.048307650572300034,669,Ditch the flowers. I told them we were just friends.
3290,3052,1,9,60,70,1.1571428571428573,0.048307650572300034,669,"Not exactly like your profile photo, but hey, you only live once."
3356,3052,0,11,59,70,1.1571428571428573,0.043812674294856725,669,"It's a sweet gesture, but those flowers don't make up for your breath."
3377,3052,2,7,61,70,1.1571428571428573,0.05241858238033226,669,Meet me at the back door.
3683,3052,1,9,60,70,1.1571428571428573,0.048307650572300034,669,I can only let you in if you swear the new hiccup treatment is working.
3383,3052,2,7,61,70,1.1571428571428573,0.05241858238033226,669,I'm not your mom; she was killed by the writers' haste to work on Star Wars
3558,3052,1,9,60,70,1.1571428571428573,0.048307650572300034,669,"My condolences. Sir George was a valiant man. And crunchy, too."
3562,3052,1,9,60,70,1.1571428571428573,0.048307650572300034,669,And have her home by 9.
3589,3052,2,7,61,70,1.1571428571428573,0.05241858238033226,669,"Unexpected, but this might work. My X wore shining armor."
3599,3052,0,11,59,70,1.1571428571428573,0.043812674294856725,669,"Listen, I can't just fly off with you for a weekend after only one date."
3601,3052,1,9,60,70,1.1571428571428573,0.048307650572300034,669,"Although there are obstacles, we can make it work."
3645,3052,2,7,61,70,1.1571428571428573,0.05241858238033226,669,You got a lotta nerve showing up here.
3656,3052,1,9,60,70,1.1571428571428573,0.048307650572300034,669,"For the last time, Hilda said, flowers will not start the fire!"
3549,3052,3,5,62,70,1.1571428571428573,0.05622976483777893,669,i am so sorry m`lady eloped last night with your brother.
2295,3052,2,7,61,70,1.1571428571428573,0.05241858238033226,669,Your my Prince Charming?  You don't look like your profile picture on ECharming.
895,3052,2,7,61,70,1.1571428571428573,0.05241858238033226,669,He's not here—he just went bowling with Kyle.
2221,3052,2,7,61,70,1.1571428571428573,0.05241858238033226,669,George is caught up on other things right now.
479,3052,1,9,60,70,1.1571428571428573,0.048307650572300034,669,"Sorry, Margaret’s out with a man named George."
488,3052,0,11,59,70,1.1571428571428573,0.043812674294856725,669,And I thought my breath was bad.
508,3052,2,7,61,70,1.1571428571428573,0.05241858238033226,669,"I'm sorry, she said to tell you she's sick of reptiles."
524,3052,1,9,60,70,1.1571428571428573,0.048307650572300034,669,"I told you, I'm done being your damsel!"
529,3052,1,9,60,70,1.1571428571428573,0.048307650572300034,669,"You're not going to wear that on  first date, are you?"
540,3052,2,7,61,70,1.1571428571428573,0.05241858238033226,669,I guess it's really over -- HBO won't answer the door.
449,3052,1,9,60,70,1.1571428571428573,0.048307650572300034,669,Sorry I don’t date Gemini’s
578,3052,2,7,61,70,1.1571428571428573,0.05241858238033226,669,"I’m so sorry, Jeremy, tonight’s dinner is for Chimeras and Minatours—dinner for dragons was last night."
647,3052,2,7,61,70,1.1571428571428573,0.05241858238033226,669,You promise to have her home by nine...?
688,3052,0,11,59,70,1.1571428571428573,0.043812674294856725,669,"I can’t go tonight. Ever since you scorched the castle wall, my dad is ready to crown you!"
755,3052,0,11,59,70,1.1571428571428573,0.043812674294856725,669,Is the Fair Maiden home?
2239,3052,1,9,60,70,1.1571428571428573,0.048307650572300034,669,Too late for the job interview.  The final episode was 2 months ago.
778,3052,0,11,59,70,1.1571428571428573,0.043812674294856725,669,I just hope you don’t still live with your parents.
783,3052,2,7,61,70,1.1571428571428573,0.05241858238033226,669,"No, not me.  You are looking for the castle a mile down the road."""
591,3052,0,11,59,70,1.1571428571428573,0.043812674294856725,669,"I'm sorry, but I only date fictional characters in my head."
809,3052,2,7,61,70,1.1571428571428573,0.05241858238033226,669,Can Karen come out and play?
396,3052,0,11,59,70,1.1571428571428573,0.043812674294856725,669,He says he's hot to trot.
340,3052,2,7,61,70,1.1571428571428573,0.05241858238033226,669,She's mad because you forgot Mother's Day.
5,3052,1,9,60,70,1.1571428571428573,0.048307650572300034,669,She doesn’t want to see you.
14,3052,1,9,60,70,1.1571428571428573,0.048307650572300034,669,"Not today my love, my dad’s still too fired up about your last visit."
79,3052,1,9,60,70,1.1571428571428573,0.048307650572300034,669,Just a second. I have to put on my fire retardant dress.
117,3052,2,7,61,70,1.1571428571428573,0.05241858238033226,669,You definitely did not look like that on your tinder profile.
127,3052,3,5,62,70,1.1571428571428573,0.05622976483777893,669,Haven't you heard? Chivalry hasn't been born yet.
129,3052,1,9,60,70,1.1571428571428573,0.048307650572300034,669,My daddy says no.  I must wait until I'm 16 before I date.
353,3052,1,9,60,70,1.1571428571428573,0.048307650572300034,669,I told you to use the back door so no one would notice you!
167,3052,1,9,60,70,1.1571428571428573,0.048307650572300034,669,The back door-- I said come to the back door!
199,3052,2,7,61,70,1.1571428571428573,0.05241858238033226,669,You better come around the back moat.
240,3052,1,9,60,70,1.1571428571428573,0.048307650572300034,669,Chivalry is dead.
263,3052,1,9,60,70,1.1571428571428573,0.048307650572300034,669,You're too fiery for me.
264,3052,3,5,62,70,1.1571428571428573,0.05622976483777893,669,I've been burned one too many times.
265,3052,1,9,60,70,1.1571428571428573,0.048307650572300034,669,I’m sorry but it’s your breath.
307,3052,0,11,59,70,1.1571428571428573,0.043812674294856725,669,"Quick, around to the backdoor."
176,3052,1,9,60,70,1.1571428571428573,0.048307650572300034,669,"Love your begonias, but leave them and begone yourself, thank you."
847,3052,2,7,61,70,1.1571428571428573,0.05241858238033226,669,Are you here begging to reshoot the ending?
76,3052,3,5,62,70,1.1571428571428573,0.05622976483777893,669,"You're sweet, but reverse Stockholm syndrome has always been a huge turn-off for me."
872,3052,0,11,59,70,1.1571428571428573,0.043812674294856725,669,I gave at the office.
1705,3052,2,7,61,70,1.1571428571428573,0.05241858238033226,669,Not tonight I have a headache and heartburn.
1716,3052,1,9,60,70,1.1571428571428573,0.048307650572300034,669,"From last week (my magazine came too late): “It’s Swedish for, “cheese not included.”"
1724,3052,1,9,60,70,1.1571428571428573,0.048307650572300034,669,Delivery for Mr. Snow
1790,3052,2,7,61,70,1.1571428571428573,0.05241858238033226,669,Rapunzel ... they said you'd be on the roof.
1856,3052,0,11,59,70,1.1571428571428573,0.043812674294856725,669,"He looks threatening, but he brought flowers."
1927,3052,2,7,61,70,1.1571428571428573,0.05241858238033226,669,Can you wait until I watch the last episode of Game of Thrones?
1633,3052,0,11,59,70,1.1571428571428573,0.043812674294856725,669,Miss Rapunzel says she may be a while.  She’s drying her hair.
1975,3052,0,11,59,70,1.1571428571428573,0.043812674294856725,669,But you never would have called if I had put my REAL picture on the website!
2134,3052,2,7,61,70,1.1571428571428573,0.05241858238033226,669,Sorry Cersei
2136,3052,1,9,60,70,1.1571428571428573,0.048307650572300034,669,Our ride is hear to take us to the ball.
2163,3052,2,7,61,70,1.1571428571428573,0.05241858238033226,669,Is the Kaleesi in?
2210,3052,2,7,61,70,1.1571428571428573,0.05241858238033226,669,"Terribly sorry, sir, but your princess is at another castle."
2218,3052,2,7,61,70,1.1571428571428573,0.05241858238033226,669,He's here to apologize.  He thought when you let down your hair you wanted a haircut!
870,3052,0,11,59,70,1.1571428571428573,0.043812674294856725,669,We will adopt? Cold day in....
2072,3052,1,9,60,70,1.1571428571428573,0.048307650572300034,669,Sorry but my horoscope says you’re not good for me for another five years.
1550,3052,2,7,61,70,1.1571428571428573,0.05241858238033226,669,She's not interested.
1729,3052,1,9,60,70,1.1571428571428573,0.048307650572300034,669,"Sorry, remind me - you're the David from Hinge, or Tinder?"
1415,3052,1,9,60,70,1.1571428571428573,0.048307650572300034,669,George sent me
940,3052,0,11,59,70,1.1571428571428573,0.043812674294856725,669,Is Julie home Mrs. Smith?
946,3052,1,9,60,70,1.1571428571428573,0.048307650572300034,669,"Sorry I didn’t return your texts. 
I can’t charge my phone in here."
1500,3052,3,5,62,70,1.1571428571428573,0.05622976483777893,669,Really?
1045,3052,1,9,60,70,1.1571428571428573,0.048307650572300034,669,Father said I can no longer see you Marvin.
1078,3052,2,7,61,70,1.1571428571428573,0.05241858238033226,669,Are you a relative of the BFG?
1079,3052,1,9,60,70,1.1571428571428573,0.048307650572300034,669,Two minutes!
1081,3052,2,7,61,70,1.1571428571428573,0.05241858238033226,669,"I'm sorry, but the last dragon I saw resulted in a destructive relationship."
999,3052,0,11,59,70,1.1571428571428573,0.043812674294856725,669,Your Tinder search was looking for someone old-fashioned
1094,3052,2,7,61,70,1.1571428571428573,0.05241858238033226,669,I thought that you weren't a racist!
1122,3052,1,9,60,70,1.1571428571428573,0.048307650572300034,669,Feeling a little burnt. Sorry to cancel at the last minute.
1267,3052,1,9,60,70,1.1571428571428573,0.048307650572300034,669,Let me get my fireproof suit and i’m yours.
1140,3052,2,7,61,70,1.1571428571428573,0.05241858238033226,669,"Too little, too late."
1237,3052,2,7,61,70,1.1571428571428573,0.05241858238033226,669,"You know, I thought you would be taller."
1254,3052,1,9,60,70,1.1571428571428573,0.048307650572300034,669,I simply don't share your raging hot fire in the belly.
1090,3052,1,9,60,70,1.1571428571428573,0.048307650572300034,669,I know you're sorry but breathing fire on me while we were making out is inexcusable.
3820,3200,1,9,61,71,1.1549295774647887,0.0476738049630549,669,I told you to snap three times!
2048,3200,1,9,61,71,1.1549295774647887,0.0476738049630549,669,"It was a one time thing - fly, dragon fly."
2252,3200,1,9,61,71,1.1549295774647887,0.0476738049630549,669,But you're supposed to be up there!
2387,3200,1,9,61,71,1.1549295774647887,0.0476738049630549,669,I'm sorry Sir Rodney can't come out to play. He's been a bad boy.
2763,3200,1,9,61,71,1.1549295774647887,0.0476738049630549,669,Oops.... fire hazard!
3391,3200,3,5,63,71,1.1549295774647887,0.055476307136456515,669,I wont burn you like the others.
2909,3200,3,5,63,71,1.1549295774647887,0.055476307136456515,669,I’ll tell Norberta you’re here.”
3344,3200,1,9,61,71,1.1549295774647887,0.0476738049630549,669,The fairy tale died eight years ago but what a difference a day makes.
3889,3200,1,9,61,71,1.1549295774647887,0.0476738049630549,669,"The back door, Stanley, I told you before."
3527,3200,2,7,62,71,1.1549295774647887,0.05172239521306923,669,"Wrong castle, our princess kissed the frog, you want the one with the tower in the sky!"
1869,3200,2,7,62,71,1.1549295774647887,0.05172239521306923,669,Daisies???  Come back when you have roses.
2891,3200,1,9,61,71,1.1549295774647887,0.0476738049630549,669,"I'm sorry, but the home fire is quite all right now.  We keep it burning all the time."
1797,3200,2,7,62,71,1.1549295774647887,0.05172239521306923,669,She said to tell you to breathe fire on someone else.
1908,3200,3,5,63,71,1.1549295774647887,0.055476307136456515,669,"Yes, you are the king of fire. But the queen is taken."
1141,3200,0,11,60,71,1.1549295774647887,0.04324785766640781,669,"Whoa, you don't look anything like you're Tinder picture."
1691,3200,2,7,62,71,1.1549295774647887,0.05172239521306923,669,But will you still respect me in the morning?
1118,3200,2,7,62,71,1.1549295774647887,0.05172239521306923,669,You're a monster Pete.
1066,3200,1,9,61,71,1.1549295774647887,0.0476738049630549,669,"She's said go away, she's moving on, you have no ambition, no fire in your belly."
1008,3200,0,11,60,71,1.1549295774647887,0.04324785766640781,669,It's too late to apologize!
248,3200,1,9,61,71,1.1549295774647887,0.0476738049630549,669,I don't watch HBO.
4,3200,1,9,61,71,1.1549295774647887,0.0476738049630549,669,I guess you missed the last episode. Spoiler alert...
2234,3221,0,12,66,78,1.1538461538461537,0.041117114140372994,669,In light of recent events we're reevaluating our public-facing operations. So you're a gardener now.
2363,3221,2,8,68,78,1.1538461538461537,0.048545007377001466,669,Flowers won't make us forget that your roasted him.
3352,3221,1,10,67,78,1.1538461538461537,0.04498463524619038,669,"I thought my aunt asked me to meet a kind dragoon. It’s a case of a missing o,"
2013,3224,1,9,63,73,1.1506849315068493,0.0464543149529128,669,It seems that she had  swiped right more than once.
3554,3224,0,11,62,73,1.1506849315068493,0.0421602404397703,669,You said your first date was hot. She said she's still singed.
2308,3226,0,10,57,67,1.1492537313432836,0.043862224898899904,669,You’ve been “draggin”  your feet coming over here... my dad told me that one.
3144,3226,1,8,58,67,1.1492537313432836,0.048746064532998575,669,You’ve got to use the back door
3133,3226,1,8,58,67,1.1492537313432836,0.048746064532998575,669,Is it because I’m black?
2237,3226,1,8,58,67,1.1492537313432836,0.048746064532998575,669,"No, I can’t spare a match!"
3126,3226,1,8,58,67,1.1492537313432836,0.048746064532998575,669,Would you believe me if I said I was the knight?
3059,3226,1,8,58,67,1.1492537313432836,0.048746064532998575,669,I love you with a fiery passion.
2933,3226,2,6,59,67,1.1492537313432836,0.0531832947628186,669,...The Welsh ambassador sent you?
2915,3226,2,6,59,67,1.1492537313432836,0.0531832947628186,669,"Look Steve, this just isn’t going to work!  You’re from the wrong side of the moat!"
2898,3226,2,6,59,67,1.1492537313432836,0.0531832947628186,669,Sorry but she is still in the shower. She should be ready in about 30 minutes...
2764,3226,1,8,58,67,1.1492537313432836,0.048746064532998575,669,We don't want any.
2668,3226,1,8,58,67,1.1492537313432836,0.048746064532998575,669,"The king says to have her back by 9:00 p.m.
and no more loop-de-loops."
2598,3226,2,6,59,67,1.1492537313432836,0.0531832947628186,669,You look older than your profile picture.
2453,3226,0,10,57,67,1.1492537313432836,0.043862224898899904,669,I'm sorry but some flowers and a suggestion that it was all Kahleesi's idea doesn't change my mind about you...
2397,3226,1,8,58,67,1.1492537313432836,0.048746064532998575,669,Please leave or Daenerys will go apeshit!
2376,3226,2,6,59,67,1.1492537313432836,0.0531832947628186,669,Yiannopoulos invites you to the straight pride parade.
3168,3226,2,6,59,67,1.1492537313432836,0.0531832947628186,669,"No no, none of our damsels need any distress."
2351,3226,1,8,58,67,1.1492537313432836,0.048746064532998575,669,"Sorry, she usually goes for fire in the heart, not the belly."
2323,3226,2,6,59,67,1.1492537313432836,0.0531832947628186,669,Shhh I'll be right out. Daddy's been watching reruns of Game of Thrones.
2285,3226,0,10,57,67,1.1492537313432836,0.043862224898899904,669,"Hold on, my parents want to meet you."
3203,3226,2,6,59,67,1.1492537313432836,0.0531832947628186,669,Your late husband begged me to drop these off and tell you he's sorry he tried to cheat on you with my mum!
3283,3226,2,6,59,67,1.1492537313432836,0.0531832947628186,669,I’m sorry but I just like you as a friend
3221,3226,0,10,57,67,1.1492537313432836,0.043862224898899904,669,Bobby can’t come out. He’s grounded for wrecking havoc for no apparent reason.
3905,3226,0,10,57,67,1.1492537313432836,0.043862224898899904,669,You've lost the fire that was in your belly. I've lost the love that was in my heart.
3988,3226,0,10,57,67,1.1492537313432836,0.043862224898899904,669,I let down my hair to the wrong guy
2209,3226,1,8,58,67,1.1492537313432836,0.048746064532998575,669,I'm sorry. You're just not my type.
4059,3226,2,6,59,67,1.1492537313432836,0.0531832947628186,669,You look nothing like your profile.
3992,3226,1,8,58,67,1.1492537313432836,0.048746064532998575,669,"I'm sorry, but she's still in the burn center."
3825,3226,0,10,57,67,1.1492537313432836,0.043862224898899904,669,"Sweetie, I want a fire breather."
3819,3226,1,8,58,67,1.1492537313432836,0.048746064532998575,669,I'd invite you in if it weren't for the fire-breathing thing.
3689,3226,1,8,58,67,1.1492537313432836,0.048746064532998575,669,"I’m sorry too, but after Dad caught us flying around last night, he grounded me."
3605,3226,1,8,58,67,1.1492537313432836,0.048746064532998575,669,Mummy says flowers can’t replace her prized stallions.
3591,3226,0,10,57,67,1.1492537313432836,0.043862224898899904,669,What interspecies courting looks like.
3540,3226,1,8,58,67,1.1492537313432836,0.048746064532998575,669,Wait I have to brush my dragon's  breath
3525,3226,1,8,58,67,1.1492537313432836,0.048746064532998575,669,Sorry about the Prince
3415,3226,1,8,58,67,1.1492537313432836,0.048746064532998575,669,"She didn't say she was hot for you, she said she was hot around you, when you exhale. Sorry."
3349,3226,2,6,59,67,1.1492537313432836,0.0531832947628186,669,Sorry. She and her friend Rapunzel are washing their hair tonight.
3291,3226,0,10,57,67,1.1492537313432836,0.043862224898899904,669,"I don’t care how much gold you’ve hoarded, I told you I’m not interested."
3288,3226,1,8,58,67,1.1492537313432836,0.048746064532998575,669,Mouthwash should do the trick.
3235,3226,0,10,57,67,1.1492537313432836,0.043862224898899904,669,Can you share any Game of Thrones gossip?
3234,3226,0,10,57,67,1.1492537313432836,0.043862224898899904,669,"Gosh, I only bothered to put on this silly hat."
3231,3226,1,8,58,67,1.1492537313432836,0.048746064532998575,669,"YOU'RE EARLY (quick, Godzilla, hide in the closet)"
3211,3226,1,8,58,67,1.1492537313432836,0.048746064532998575,669,Warmer. You're super warm!
2196,3226,1,8,58,67,1.1492537313432836,0.048746064532998575,669,The sign said no solicitors!
2811,3226,2,6,59,67,1.1492537313432836,0.0531832947628186,669,One of his majesty's dragoons my eye!
2041,3226,2,6,59,67,1.1492537313432836,0.0531832947628186,669,"Oh honey, I’m so sorry. She died in the final episode."
1011,3226,0,10,57,67,1.1492537313432836,0.043862224898899904,669,"Esmiralda, your date’s here!"
966,3226,1,8,58,67,1.1492537313432836,0.048746064532998575,669,"Ok, but we have to walk. I’m grounded"
931,3226,0,10,57,67,1.1492537313432836,0.043862224898899904,669,My ID? ...Do I really look that young?
843,3226,0,10,57,67,1.1492537313432836,0.043862224898899904,669,"Although it's a blind date, this is a little unexpected."
789,3226,2,6,59,67,1.1492537313432836,0.0531832947628186,669,"Technically, yes, you are a Drake look-alike."
736,3226,1,8,58,67,1.1492537313432836,0.048746064532998575,669,"Be quiet, you'll wake George"
724,3226,1,8,58,67,1.1492537313432836,0.048746064532998575,669,What's dragging me here?
587,3226,0,10,57,67,1.1492537313432836,0.043862224898899904,669,Shhh. I don't want my parents to know.
498,3226,0,10,57,67,1.1492537313432836,0.043862224898899904,669,"I have a pointy hat, but I'm still not your type."
350,3226,0,10,57,67,1.1492537313432836,0.043862224898899904,669,You look Maleficent.
288,3226,1,8,58,67,1.1492537313432836,0.048746064532998575,669,Gulp.
245,3226,0,10,57,67,1.1492537313432836,0.043862224898899904,669,Go away. You've burned me for the last time.
195,3226,0,10,57,67,1.1492537313432836,0.043862224898899904,669,"Hello, St. George in Utah calling..."
192,3226,2,6,59,67,1.1492537313432836,0.0531832947628186,669,I told you the backdoor - my mother will never approve.
159,3226,2,6,59,67,1.1492537313432836,0.0531832947628186,669,Hmmmm.  Your profile pic made you look a bit more like a unicorn.
64,3226,1,8,58,67,1.1492537313432836,0.048746064532998575,669,What are your intentions?
24,3226,0,10,57,67,1.1492537313432836,0.043862224898899904,669,No one is to see you.  You were suppose to sneak in the back door.
1032,3226,2,6,59,67,1.1492537313432836,0.0531832947628186,669,"Yeah, pretty good. Yourself?"
1063,3226,0,10,57,67,1.1492537313432836,0.043862224898899904,669,"In distress...?  Sorry, not here."
828,3226,2,6,59,67,1.1492537313432836,0.0531832947628186,669,"Sorry, I don't date outside my race."
1205,3226,1,8,58,67,1.1492537313432836,0.048746064532998575,669,"Hi everyone oh, I brought my new boyfriend."
2193,3226,1,8,58,67,1.1492537313432836,0.048746064532998575,669,Do you have any gum? The King is home and wants to meet you.
1967,3226,1,8,58,67,1.1492537313432836,0.048746064532998575,669,Episode 1: Game of Hormones
1880,3226,0,10,57,67,1.1492537313432836,0.043862224898899904,669,Great!  Just on time to start the flambe.
1172,3226,2,6,59,67,1.1492537313432836,0.0531832947628186,669,"I'm sorry, but there's no one named Daenerys here."
1786,3226,1,8,58,67,1.1492537313432836,0.048746064532998575,669,"I’m sorry, Wyvern can’t come out to play right now."
1753,3226,1,8,58,67,1.1492537313432836,0.048746064532998575,669,"Henry, I told you my husband came home early on Fridays."
1747,3226,1,8,58,67,1.1492537313432836,0.048746064532998575,669,It wasn't pointed at YOU. Is he in?
1730,3226,1,8,58,67,1.1492537313432836,0.048746064532998575,669,"Oh, how sweet!  The delivery entrance is on the side."
1859,3226,2,6,59,67,1.1492537313432836,0.0531832947628186,669,"She says she can only see you in the forest, like before."
1573,3226,2,6,59,67,1.1492537313432836,0.0531832947628186,669,"Flowers are nice, but I prefer candy."
1554,3226,1,8,58,67,1.1492537313432836,0.048746064532998575,669,"Hello, please tell the your daughter that the prince sent me."
1519,3226,1,8,58,67,1.1492537313432836,0.048746064532998575,669,"No, William. Shawna is out with Johnnie, binge watching Game of Thrones."
1409,3226,2,6,59,67,1.1492537313432836,0.0531832947628186,669,I have taken ten anti-acid tablets. Did not drink any gasoline or kerosene for a month. Garbled repeatedly with mouthwash. I hope she likes me.
1348,3226,2,6,59,67,1.1492537313432836,0.0531832947628186,669,No more mail order Wizards. You're no frog.
1222,3226,2,6,59,67,1.1492537313432836,0.0531832947628186,669,You are the wrong Zodiac sign ! ! !
1658,3226,1,8,58,67,1.1492537313432836,0.048746064532998575,669,She can't come to the door. She's watching Pete's Dragon.
2095,3308,2,6,60,68,1.1470588235294117,0.052441304127157654,669,Where were you while the final season was going to crap?
2460,3308,2,6,60,68,1.1470588235294117,0.052441304127157654,669,You can't come in because you won't fit.
2512,3308,1,8,59,68,1.1470588235294117,0.04807399313332187,669,"I'm sorry, it would never work out...it's...it's your breath!"
2709,3308,1,8,59,68,1.1470588235294117,0.04807399313332187,669,"Not today, Draco, dear!  St. George is visiting my folks!"
2714,3308,1,8,59,68,1.1470588235294117,0.04807399313332187,669,She says the flowers won't cut it. The burns from your last date are still healing.
2789,3308,1,8,59,68,1.1470588235294117,0.04807399313332187,669,Come back when you have free pizza.
2803,3308,2,6,60,68,1.1470588235294117,0.052441304127157654,669,"How sweet of you to bring her flowers, but unfortunately she is a bit under the weather."
2993,3308,1,8,59,68,1.1470588235294117,0.04807399313332187,669,"I'm sorry,
Pete's here and his stamina is much better."
2952,3308,1,8,59,68,1.1470588235294117,0.04807399313332187,669,Just a minute.  I'll see if St. George is in.
3178,3308,1,8,59,68,1.1470588235294117,0.04807399313332187,669,Pssssst....try to look a little more ferocious.
1886,3308,1,8,59,68,1.1470588235294117,0.04807399313332187,669,"Princess, Dibo is here with your gift."
3622,3308,2,6,60,68,1.1470588235294117,0.052441304127157654,669,"If you are late again next time, we are through!"
3465,3308,0,10,58,68,1.1470588235294117,0.04326808584867506,669,"OK, but cool the fire, you singed my hair."
3742,3308,0,10,58,68,1.1470588235294117,0.04326808584867506,669,"Uh, sorry, wrong address"
2808,3308,2,6,60,68,1.1470588235294117,0.052441304127157654,669,"Oh my God, I've been catfished!"
1744,3308,1,8,59,68,1.1470588235294117,0.04807399313332187,669,"I'd like to make up for scorching all your armies, your homes and women and your children. My mother made me do it. Kisses."""
2157,3308,1,8,59,68,1.1470588235294117,0.04807399313332187,669,"You've ruined our entire Game of Thrones relationship with how you ended things, you're not coming back from that."
965,3308,2,6,60,68,1.1470588235294117,0.052441304127157654,669,Daddy found your E-cigarette!
837,3308,0,10,58,68,1.1470588235294117,0.04326808584867506,669,"Hello, I was hoping you could bring some of your delicious, er, beautiful children out to play?"
782,3308,0,10,58,68,1.1470588235294117,0.04326808584867506,669,There's still some kind of fear of flying going on . . .Give her a little more time . . .
1424,3308,2,6,60,68,1.1470588235294117,0.052441304127157654,669,"I'm sorry.  If you were SERIOUS, you'd have brought me colored flowers."
709,3308,3,4,61,68,1.1470588235294117,0.05647186858367098,669,"Please, make your regal choice, Madam: it’s either odd me or very even number of flowers”."
601,3308,1,8,59,68,1.1470588235294117,0.04807399313332187,669,"Duck behind something before my dad sees you!"")"
372,3308,2,6,60,68,1.1470588235294117,0.052441304127157654,669,I can't afford another village burned down every time you sneeze.
319,3308,1,8,59,68,1.1470588235294117,0.04807399313332187,669,"Your Bronx accent is so thick - I thought you were saying 'a damsel in distress,' not a 'damsel in this dress.'"
202,3308,0,10,58,68,1.1470588235294117,0.04326808584867506,669,The flowers are lovely but could you heat up my gruel?
184,3308,1,8,59,68,1.1470588235294117,0.04807399313332187,669,Would you like to make a donation to Habitat for Mythology?
2781,3335,2,6,61,69,1.144927536231884,0.05171962876419153,669,"When he said ""Marry me and I will pay all your student loans"" she must have forgotten her old flame."
3033,3335,1,8,60,69,1.144927536231884,0.04742006474057418,669,Oh its you again. Flowers will not do the trick; she just does not want to come out and play with you.
1954,3337,1,8,61,70,1.1428571428571428,0.04678356086900135,669,I’d invite you in but my dad still gets a bit testy about you being dressed in dragon.
3091,3337,3,4,63,70,1.1428571428571428,0.054925940296730785,669,"Flowers are nice, but I'm holding out for the Seven Kingdoms."
1831,3339,0,10,61,71,1.1408450704225352,0.04157742116654289,669,"Hey, big guy."
3039,3340,0,9,56,65,1.1384615384615384,0.043172969847391635,669,That was a cigarette. I’m not a dragon.
2608,3340,1,7,57,65,1.1384615384615384,0.04842183966159297,669,Are those for me or a snack?
2639,3340,0,9,56,65,1.1384615384615384,0.043172969847391635,669,You are not who I expected either. Where’s Ben?
2669,3340,1,7,57,65,1.1384615384615384,0.04842183966159297,669,Dad wants barbecue.
2688,3340,0,9,56,65,1.1384615384615384,0.043172969847391635,669,I'm sorry they've gone to Montauk for the summer.
3056,3340,0,9,56,65,1.1384615384615384,0.043172969847391635,669,Monday is Rapunzel's loose-ends day.
2695,3340,0,9,56,65,1.1384615384615384,0.043172969847391635,669,"Mother of Dragons Day was last Sunday, sweetie."
2753,3340,2,5,58,65,1.1384615384615384,0.053154903696481744,669,"oh yeah? well you don't look much like your picture either. also it didn't make me include my height so it's your fault for not asking. anyway, you want to eat me out now?"
2780,3340,0,9,56,65,1.1384615384615384,0.043172969847391635,669,"Drogon, No smoking in here."
2788,3340,0,9,56,65,1.1384615384615384,0.043172969847391635,669,"Sorry, she’s gone out for an audition."
2867,3340,1,7,57,65,1.1384615384615384,0.04842183966159297,669,Won't you fly away with me?
2871,3340,2,5,58,65,1.1384615384615384,0.053154903696481744,669,I'm sorry for your loss.
2874,3340,0,9,56,65,1.1384615384615384,0.043172969847391635,669,"‘My, did Prince Charming really take such a circuitous route?’"
2884,3340,1,7,57,65,1.1384615384615384,0.04842183966159297,669,"Ive moved on, I'm not coming back to the tower."
2887,3340,2,5,58,65,1.1384615384615384,0.053154903696481744,669,Sorry we are under no Game of Thrones policy
2934,3340,0,9,56,65,1.1384615384615384,0.043172969847391635,669,Your mother wants you to take her to Kings Landing today.  It'll be a lot of fun!
2955,3340,2,5,58,65,1.1384615384615384,0.053154903696481744,669,Can you crawl over?
2601,3340,1,7,57,65,1.1384615384615384,0.04842183966159297,669,I guess chivalry isn't dead although most of the castle knights are on account of your fire breathing.
2959,3340,0,9,56,65,1.1384615384615384,0.043172969847391635,669,She won’t see you until you change direction.
2968,3340,1,7,57,65,1.1384615384615384,0.04842183966159297,669,And you think that a couple of flower pedals will get you a date with my daughter?
3036,3340,0,9,56,65,1.1384615384615384,0.043172969847391635,669,"You look great, honey. Let me just grab my handkerchief and I’ll be right out."
2870,3340,1,7,57,65,1.1384615384615384,0.04842183966159297,669,"For Chrissakes Randy, I said it was a one-time thing."
2545,3340,2,5,58,65,1.1384615384615384,0.053154903696481744,669,I simply prefer the courting of an Ogre.
2332,3340,1,7,57,65,1.1384615384615384,0.04842183966159297,669,You’re just not really my phenotype.
2514,3340,0,9,56,65,1.1384615384615384,0.043172969847391635,669,It might be better if you came back later. St. George is visiting her right now.
3069,3340,1,7,57,65,1.1384615384615384,0.04842183966159297,669,"Excuse me, is Daenerys home?"
2178,3340,2,5,58,65,1.1384615384615384,0.053154903696481744,669,Did you eat him yet?
2146,3340,0,9,56,65,1.1384615384615384,0.043172969847391635,669,"Snapdragons, perchance?  Hardly an original idea.  On the other hand, this fair maiden can't be too choosy about her gentleman caller's social skills."
2133,3340,1,7,57,65,1.1384615384615384,0.04842183966159297,669,I promise I'll have her home before 10.
2121,3340,0,9,56,65,1.1384615384615384,0.043172969847391635,669,"Just wait a minute, I’ll get him."
2184,3340,1,7,57,65,1.1384615384615384,0.04842183966159297,669,"Sorry, I prefer a prince !"
2191,3340,2,5,58,65,1.1384615384615384,0.053154903696481744,669,Gimme a break! I am sorry that I forgot the third flower! You know perfectly well this is not a joke!
2230,3340,0,9,56,65,1.1384615384615384,0.043172969847391635,669,"I'm here to take Rhaegar to the prom, is he/she ready?"
2231,3340,1,7,57,65,1.1384615384615384,0.04842183966159297,669,Fire insurance??
2251,3340,2,5,58,65,1.1384615384615384,0.053154903696481744,669,"Chris? Chris from Bumb- Oh no. Oh god. Chris. We went on one OKCupid date in like 2013. I’m sorry, this has been a terrible mistake. And when I say “terrible mistake,” I mean you really suck. You sucked then and I bet you suck now"
2256,3340,0,9,56,65,1.1384615384615384,0.043172969847391635,669,The Dinosaur of Avon calling
2266,3340,0,9,56,65,1.1384615384615384,0.043172969847391635,669,Shes gone West.
2284,3340,1,7,57,65,1.1384615384615384,0.04842183966159297,669,I know how this archetype ends.
2286,3340,1,7,57,65,1.1384615384615384,0.04842183966159297,669,"Oh, my, I need to cut back to three times a week with Dr Thomas."
2092,3340,1,7,57,65,1.1384615384615384,0.04842183966159297,669,It's Lancelot I'm here to see is he in?
2321,3340,2,5,58,65,1.1384615384615384,0.053154903696481744,669,If I could turn baack tiiime...
2326,3340,1,7,57,65,1.1384615384615384,0.04842183966159297,669,"I'll be out in a minute, I just need to make myself  more edible."
2365,3340,1,7,57,65,1.1384615384615384,0.04842183966159297,669,frozenlFJJJJasas
2384,3340,0,9,56,65,1.1384615384615384,0.043172969847391635,669,No thanks. You ugly.
2424,3340,0,9,56,65,1.1384615384615384,0.043172969847391635,669,Shh. You'll wake the baby.
2473,3340,1,7,57,65,1.1384615384615384,0.04842183966159297,669,The prince wants to know if you’re open to a threesome?
2518,3340,1,7,57,65,1.1384615384615384,0.04842183966159297,669,"Sorry, I f*#k birds now."
3076,3340,0,9,56,65,1.1384615384615384,0.043172969847391635,669,Sorry.  We're busy today.  Come back next week.
3796,3340,0,9,56,65,1.1384615384615384,0.043172969847391635,669,She only gets off at 7p.m. - are you OK waiting in the lobby?
3099,3340,3,3,59,65,1.1384615384615384,0.05749967841433098,669,"Shhh quiet, or my dad will kill you"
3687,3340,1,7,57,65,1.1384615384615384,0.04842183966159297,669,"I told you to wear a mask! Without one, the King will be able to identify you as my lover!"
3690,3340,0,9,56,65,1.1384615384615384,0.043172969847391635,669,All of the knights agreed that I’m a better fit for you.
3696,3340,0,9,56,65,1.1384615384615384,0.043172969847391635,669,You're not the usual petunia guy.
3721,3340,0,9,56,65,1.1384615384615384,0.043172969847391635,669,I told you not to come during the day.
3724,3340,0,9,56,65,1.1384615384615384,0.043172969847391635,669,Lydia? ...It's Bob
3766,3340,0,9,56,65,1.1384615384615384,0.043172969847391635,669,Do you know when she'll be back?
3774,3340,1,7,57,65,1.1384615384615384,0.04842183966159297,669,"M'lady can't join you today, she's still a bit singed from last time."
3826,3340,1,7,57,65,1.1384615384615384,0.04842183966159297,669,"Yes, I will. I love your GPS!"
3827,3340,1,7,57,65,1.1384615384615384,0.04842183966159297,669,"You looked a lot younger in your Facebook picture.
Drew Bridges Wake Forest, NC"
3894,3340,0,9,56,65,1.1384615384615384,0.043172969847391635,669,"Yeah, um, my car broke down. Is it cool if I use your phone?."
3923,3340,1,7,57,65,1.1384615384615384,0.04842183966159297,669,Me thinks thou art a tyrant
3966,3340,0,9,56,65,1.1384615384615384,0.043172969847391635,669,But you promised to bring a whole roasted pig! Dad has been looking forward to it all week!
3976,3340,0,9,56,65,1.1384615384615384,0.043172969847391635,669,"Your not hot anymore , fly a way"
4008,3340,1,7,57,65,1.1384615384615384,0.04842183966159297,669,For the last time - my name is not Daenerys!
4032,3340,1,7,57,65,1.1384615384615384,0.04842183966159297,669,My husband George wants a word with you first !!!
4035,3340,1,7,57,65,1.1384615384615384,0.04842183966159297,669,You’re not what I was expecting from the JDate photo.”
4143,3340,0,9,56,65,1.1384615384615384,0.043172969847391635,669,"Come in, come in. The Dungeon Master is waiting."
4052,3340,0,9,56,65,1.1384615384615384,0.043172969847391635,669,"She’s really sorry to cancel, though. It’s just been SO fraught with battle and throne-robbing attempts around here lately."
2084,3340,2,5,58,65,1.1384615384615384,0.053154903696481744,669,I don't think the Princes ordered flowers.
4072,3340,1,7,57,65,1.1384615384615384,0.04842183966159297,669,Just because you only have one head now doesn't mean you're not two-faced.
4125,3340,1,7,57,65,1.1384615384615384,0.04842183966159297,669,"Sorry you don't like peanut Snickers, but that's all I have."
3670,3340,1,7,57,65,1.1384615384615384,0.04842183966159297,669,You don't look a thing like your Facebook pic.
3084,3340,0,9,56,65,1.1384615384615384,0.043172969847391635,669,"So, you also lie on your Tinder profile, huh?"""
3666,3340,2,5,58,65,1.1384615384615384,0.053154903696481744,669,I told you to meet me at the back!
3646,3340,0,9,56,65,1.1384615384615384,0.043172969847391635,669,She’s finishing her makeup. Just be a few hours.
3119,3340,1,7,57,65,1.1384615384615384,0.04842183966159297,669,Sorry Daenerys died.
3149,3340,0,9,56,65,1.1384615384615384,0.043172969847391635,669,"Well, the flowers are nice. But you did burn half my kingdom."
3164,3340,1,7,57,65,1.1384615384615384,0.04842183966159297,669,Shhhhh!! The baby is sleeping!
3167,3340,2,5,58,65,1.1384615384615384,0.053154903696481744,669,Don't tell dad you're trans
3174,3340,0,9,56,65,1.1384615384615384,0.043172969847391635,669,Tell Dany it’s too late for flowers...
3201,3340,0,9,56,65,1.1384615384615384,0.043172969847391635,669,Flowers make me distressed.
3214,3340,0,9,56,65,1.1384615384615384,0.043172969847391635,669,I expected more fire in our romance.
3255,3340,0,9,56,65,1.1384615384615384,0.043172969847391635,669,"Uh, could you tell me a little about this prom thing?"
3257,3340,0,9,56,65,1.1384615384615384,0.043172969847391635,669,Auditions are being held through the back door.
3262,3340,1,7,57,65,1.1384615384615384,0.04842183966159297,669,"I'm so sorry, but it's your breath and I have stopped smoking."
3271,3340,2,5,58,65,1.1384615384615384,0.053154903696481744,669,"The Heart wants what the Heart wants, and it doesn't want that tail anywhere near my baby-maker!"
3317,3340,2,5,58,65,1.1384615384615384,0.053154903696481744,669,"Don't get all fired up, but you're too late. The King of the North GOT here first so they're using the magic carpet as transportation"
3364,3340,0,9,56,65,1.1384615384615384,0.043172969847391635,669,Please go. My parents would never approve. I've told you this.
3386,3340,0,9,56,65,1.1384615384615384,0.043172969847391635,669,"Wow, not exactly what I imagined from his profile picture."
3430,3340,2,5,58,65,1.1384615384615384,0.053154903696481744,669,I hope you used your mouthwash today.
3435,3340,0,9,56,65,1.1384615384615384,0.043172969847391635,669,Come back when you have more flowers.
3448,3340,2,5,58,65,1.1384615384615384,0.053154903696481744,669,Your late.....
3453,3340,1,7,57,65,1.1384615384615384,0.04842183966159297,669,Come back when you've got roses...
3521,3340,2,5,58,65,1.1384615384615384,0.053154903696481744,669,Your online profile said you were 5’10”
3530,3340,0,9,56,65,1.1384615384615384,0.043172969847391635,669,"Apologize all you want, the kingdom is still calling for a remake."""
3577,3340,2,5,58,65,1.1384615384615384,0.053154903696481744,669,You're not George!!
3659,3340,0,9,56,65,1.1384615384615384,0.043172969847391635,669,I am here for the casting call for GOT Final Season Redux.
2074,3340,2,5,58,65,1.1384615384615384,0.053154903696481744,669,I said to meet me in the dungeon
763,3340,0,9,56,65,1.1384615384615384,0.043172969847391635,669,"Thanks, but I have allergies"
2051,3340,0,9,56,65,1.1384615384615384,0.043172969847391635,669,"If your looking for little Lizzie... 
She lives in the cave... ""down by the river""..."
702,3340,1,7,57,65,1.1384615384615384,0.04842183966159297,669,"Sorry, I don't date outside of my species."
718,3340,0,9,56,65,1.1384615384615384,0.043172969847391635,669,Wrong address. Follow your tail
721,3340,1,7,57,65,1.1384615384615384,0.04842183966159297,669,"No, Hugo, it's just not possible. Your breath - I've asked you a hundred times to do something about it, but, no: not you. OK, Mr. Big Shot, this final: from now on, no more showing up with flowers. And don't skywrite me!"
725,3340,1,7,57,65,1.1384615384615384,0.04842183966159297,669,Your profile picture was captivating!
728,3340,0,9,56,65,1.1384615384615384,0.043172969847391635,669,Did you say coal fired pozza?
771,3340,1,7,57,65,1.1384615384615384,0.04842183966159297,669,You look nothing like your profile pic.
780,3340,1,7,57,65,1.1384615384615384,0.04842183966159297,669,He's just not that into you.
805,3340,0,9,56,65,1.1384615384615384,0.043172969847391635,669,"As long as you promise to have her home by 10, she has school tomorrow."
846,3340,1,7,57,65,1.1384615384615384,0.04842183966159297,669,"For the last time, Game of Thrones isn't real. 
If I wanted to be reborn in fire, I'd have gone to witch college."
685,3340,0,9,56,65,1.1384615384615384,0.043172969847391635,669,"Well, this is awkward.... All your pictures on Tinder were head shots."
853,3340,1,7,57,65,1.1384615384615384,0.04842183966159297,669,But I already told you:  the relatives will never understand.
930,3340,1,7,57,65,1.1384615384615384,0.04842183966159297,669,Is that all that's left of your scorched-earth policy?
936,3340,0,9,56,65,1.1384615384615384,0.043172969847391635,669,Can I please talk to John Snow
939,3340,1,7,57,65,1.1384615384615384,0.04842183966159297,669,"Sorry, you’re just not my flame of choice."
974,3340,1,7,57,65,1.1384615384615384,0.04842183966159297,669,Flowers are not allowed but thanks anyway.
985,3340,2,5,58,65,1.1384615384615384,0.053154903696481744,669,Ok I didn't ask for flowers....I asked for FIRE breathing!
1027,3340,1,7,57,65,1.1384615384615384,0.04842183966159297,669,The last I saw of her she was with the Night King.
1144,3340,2,5,58,65,1.1384615384615384,0.053154903696481744,669,"Periwinkles, I’m allergic to periwinkles."
1146,3340,1,7,57,65,1.1384615384615384,0.04842183966159297,669,"Just be patient, I'll let you eat the knight after a while."
1164,3340,1,7,57,65,1.1384615384615384,0.04842183966159297,669,I can’t...I’m grounded
855,3340,0,9,56,65,1.1384615384615384,0.043172969847391635,669,"I'm sorry, but you're breath is terrible."
1182,3340,0,9,56,65,1.1384615384615384,0.043172969847391635,669,"His Highness appreciates the gesture, but assures you he shan’t acquire fire-breathing technology."
676,3340,0,9,56,65,1.1384615384615384,0.043172969847391635,669,Hi Tiny
650,3340,1,7,57,65,1.1384615384615384,0.04842183966159297,669,"She's busy right now, but just wait and St.George will attend to you."""
32,3340,1,7,57,65,1.1384615384615384,0.04842183966159297,669,"My husband is coming - quick, hide behind that bush."
48,3340,2,5,58,65,1.1384615384615384,0.053154903696481744,669,The damsel does not date dragons anymore.
83,3340,0,9,56,65,1.1384615384615384,0.043172969847391635,669,Should've brought the boom box.
118,3340,1,7,57,65,1.1384615384615384,0.04842183966159297,669,The show's over.  You can go home now.
209,3340,0,9,56,65,1.1384615384615384,0.043172969847391635,669,"I told you, Game of Thrones is not doing a spin-off!"
252,3340,1,7,57,65,1.1384615384615384,0.04842183966159297,669,"Pssst.  Keep it quiet.

  I can't let the others know I'm doing Green Dragon."
2073,3340,1,7,57,65,1.1384615384615384,0.04842183966159297,669,Is Jennifer in?
329,3340,1,7,57,65,1.1384615384615384,0.04842183966159297,669,"Instead of flowers, try mint, Dragon Breath."
346,3340,1,7,57,65,1.1384615384615384,0.04842183966159297,669,Come around to the back door.
660,3340,0,9,56,65,1.1384615384615384,0.043172969847391635,669,"No, Jordan Peterson can’t come out to play."
361,3340,0,9,56,65,1.1384615384615384,0.043172969847391635,669,"We appreciate the offer, but the princess drives a car."
469,3340,2,5,58,65,1.1384615384615384,0.053154903696481744,669,We’ve moved on.
567,3340,1,7,57,65,1.1384615384615384,0.04842183966159297,669,You don't match your profile picture.
572,3340,1,7,57,65,1.1384615384615384,0.04842183966159297,669,I am going to roast these flowers for you my fairest maiden
579,3340,0,9,56,65,1.1384615384615384,0.043172969847391635,669,"I may not be the dragon of your dreams, but I can take you around the world in 80 minutes"
599,3340,2,5,58,65,1.1384615384615384,0.053154903696481744,669,"Wait, let me hide behind you!"
614,3340,0,9,56,65,1.1384615384615384,0.043172969847391635,669,"I don't want our relationship to drag-on, Gormonthius..."
618,3340,0,9,56,65,1.1384615384615384,0.043172969847391635,669,I've told you a million times! I hate peonies!
631,3340,1,7,57,65,1.1384615384615384,0.04842183966159297,669,Courting
640,3340,1,7,57,65,1.1384615384615384,0.04842183966159297,669,You looked taller in your profile picture.
468,3340,0,9,56,65,1.1384615384615384,0.043172969847391635,669,Where's your Boom Box?
1193,3340,0,9,56,65,1.1384615384615384,0.043172969847391635,669,He said to give these to you.
310,3340,0,9,56,65,1.1384615384615384,0.043172969847391635,669,"You are not the Prince, he never brought me flowers."
1225,3340,1,7,57,65,1.1384615384615384,0.04842183966159297,669,Deliveries taller than 10 feet need to go to the siege gate around back
1710,3340,1,7,57,65,1.1384615384615384,0.04842183966159297,669,I'm sorry. The finale was six weeks ago.
1732,3340,0,9,56,65,1.1384615384615384,0.043172969847391635,669,Would you come back tomorrow when the knight will be home?
1748,3340,1,7,57,65,1.1384615384615384,0.04842183966159297,669,George says 'he's very flattered but he's more of a damsel in distress kinda guy'.
1754,3340,2,5,58,65,1.1384615384615384,0.053154903696481744,669,"I feel like you're ashamed of me. Why can't we ever play Dining Rooms and Dragons, where I finally meet your parents."
1758,3340,1,7,57,65,1.1384615384615384,0.04842183966159297,669,Art thou down to smashe?
1760,3340,1,7,57,65,1.1384615384615384,0.04842183966159297,669,"Seriously, not going to trade the tip of my tail for some maiden´s hand."
1761,3340,0,9,56,65,1.1384615384615384,0.043172969847391635,669,"The king is still awake, I'll have to sneak you in the back door."
1791,3340,0,9,56,65,1.1384615384615384,0.043172969847391635,669,"Sir Dragon - Her Ladyship said ""Flowers do please, but treasure persuades.'"
1800,3340,1,7,57,65,1.1384615384615384,0.04842183966159297,669,What did you do with my wife?
1703,3340,0,9,56,65,1.1384615384615384,0.043172969847391635,669,You must have the wrong castle the one you want is back the way you came from and has a sign saying all dragons welcomed!
1815,3340,0,9,56,65,1.1384615384615384,0.043172969847391635,669,Merlin thinks I should see other dragons.
1833,3340,1,7,57,65,1.1384615384615384,0.04842183966159297,669,I shouldn't--your last mom got a little carried away...
1836,3340,1,7,57,65,1.1384615384615384,0.04842183966159297,669,"Um, you looked thinner in your picture."
1874,3340,2,5,58,65,1.1384615384615384,0.053154903696481744,669,"Oh my! The online dating service had you listed as a fiery dragoon


David Covintree, New York, NY"
1878,3340,1,7,57,65,1.1384615384615384,0.04842183966159297,669,"I've already told you, ""She's your MOTHER!!"""
1893,3340,0,9,56,65,1.1384615384615384,0.043172969847391635,669,I'm not dragon my feet this time.
1929,3340,2,5,58,65,1.1384615384615384,0.053154903696481744,669,"Hey,look - I'll huff and I'll puff until I blow this house down!  Now will you take these flowers?"
2023,3340,0,9,56,65,1.1384615384615384,0.043172969847391635,669,They were out of corsages.
2040,3340,1,7,57,65,1.1384615384615384,0.04842183966159297,669,"She'll be ready in about ten minutes, would you like to wait in the parlor?"
1206,3340,2,5,58,65,1.1384615384615384,0.053154903696481744,669,"Sorry, Godzilla doesn't live here any more."
1832,3340,0,9,56,65,1.1384615384615384,0.043172969847391635,669,"Really, you’re sorry you burped and torched the whole village. How many tomes have I told you not to eat people who eat garlic!"
1680,3340,1,7,57,65,1.1384615384615384,0.04842183966159297,669,No deli flowers -- get thee to a florist.
1986,3340,0,9,56,65,1.1384615384615384,0.043172969847391635,669,Just give me a minute to write my ransom note.”
1637,3340,1,7,57,65,1.1384615384615384,0.04842183966159297,669,"They're lovely but, I'm allergic to dandelion's."
1358,3340,1,7,57,65,1.1384615384615384,0.04842183966159297,669,May I stay? Someone drained the swamp.
1385,3340,1,7,57,65,1.1384615384615384,0.04842183966159297,669,May I keep these flowers fresh in your moat while I blow your castle down?
1326,3340,2,5,58,65,1.1384615384615384,0.053154903696481744,669,Truly a damsel in distress.
1400,3340,1,7,57,65,1.1384615384615384,0.04842183966159297,669,"Excuse me, is this HBO?"
1405,3340,1,7,57,65,1.1384615384615384,0.04842183966159297,669,why are you ghosting me?
1449,3340,0,9,56,65,1.1384615384615384,0.043172969847391635,669,"She says she forgives you and the flowers aren’t necessary.
David Fleischer, New York, NY"
1311,3340,1,7,57,65,1.1384615384615384,0.04842183966159297,669,Do you need a mint? Your breath is on fire.
1454,3340,0,9,56,65,1.1384615384615384,0.043172969847391635,669,You never could follow directions!
1462,3340,0,9,56,65,1.1384615384615384,0.043172969847391635,669,I''m Puff and you must be Mary Jane. Now that you've been freed will you come fly with me?
1483,3340,1,7,57,65,1.1384615384615384,0.04842183966159297,669,"Oh my God, I can't believe you are still alive!"
1491,3340,0,9,56,65,1.1384615384615384,0.043172969847391635,669,Its for the Chinese new year's day.
1241,3340,1,7,57,65,1.1384615384615384,0.04842183966159297,669,You light my fire!
1531,3340,0,9,56,65,1.1384615384615384,0.043172969847391635,669,I must ask my Father.
1537,3340,0,9,56,65,1.1384615384615384,0.043172969847391635,669,"I’m sorry, the King isn’t buying it."
1546,3340,0,9,56,65,1.1384615384615384,0.043172969847391635,669,There ARE proper florists in the castle.
1580,3340,0,9,56,65,1.1384615384615384,0.043172969847391635,669,"Sorry!  Now that Game of Thrones is over, she's moved on."
1628,3340,0,9,56,65,1.1384615384615384,0.043172969847391635,669,Yes I know it worked for Ferdinand the Bull but you don't even have an agent!
1352,3340,1,7,57,65,1.1384615384615384,0.04842183966159297,669,I know I said 'I love you' but that was before the war ended.
1341,3340,1,7,57,65,1.1384615384615384,0.04842183966159297,669,Who did you say your father is again?
2703,3531,2,5,59,66,1.1363636363636365,0.052385355506078195,669,I don't party!
1275,3531,0,9,57,66,1.1363636363636365,0.042565532289603344,669,Not until you get proper fire insurance!
772,3531,0,9,57,66,1.1363636363636365,0.042565532289603344,669,Bugger off!!
139,3531,1,7,58,66,1.1363636363636365,0.04772866020849245,669,Pssst. Come back at 9 pm. He'll be watching Game of Thrones...
2739,3531,1,7,58,66,1.1363636363636365,0.04772866020849245,669,"Are you interested in an overnight special for suitors, big fella?"
2005,3536,2,5,60,67,1.1343283582089552,0.0516376863386756,669,The rest of them don't look like me.
3423,3536,0,9,58,67,1.1343283582089552,0.041974785069899656,669,It’s a case of explosive gas.
2428,3536,1,7,59,67,1.1343283582089552,0.04705493189919477,669,"I'm sorry, fire breathing potential suitors for the princess were to apply last week."
3215,3539,1,6,55,62,1.1290322580645162,0.048694598441382554,669,Oh how sweet.   You brought me flowers.  But my Dad won't let me go out with you.
4132,3539,0,8,54,62,1.1290322580645162,0.042922525410265526,669,"I literally just heard that Daenerys died and you show up with flowers? Pretty low, Drogon."
2720,3539,1,6,55,62,1.1290322580645162,0.048694598441382554,669,"No Games for THIS throne, bud!"
2721,3539,1,6,55,62,1.1290322580645162,0.048694598441382554,669,"You’re nice, Kur, but I’m just not sure I want a life of scorching villages."
2733,3539,1,6,55,62,1.1290322580645162,0.048694598441382554,669,"No matter how many flowers Daenerys sends, I won’t give up the Iron Throne."
2766,3539,1,6,55,62,1.1290322580645162,0.048694598441382554,669,We only vote for Democrats
2768,3539,2,4,56,62,1.1290322580645162,0.053851505523430855,669,"No, this is #8 Moat Street.  #10 is next door."
2791,3539,0,8,54,62,1.1290322580645162,0.042922525410265526,669,"I’m sorry, but she flew the coop...I mean castle, earlier today."
2845,3539,1,6,55,62,1.1290322580645162,0.048694598441382554,669,Is your daughter available?
2699,3539,1,6,55,62,1.1290322580645162,0.048694598441382554,669,That's thoughtful of you . . . . but she only likes roses.
2879,3539,1,6,55,62,1.1290322580645162,0.048694598441382554,669,"Sorry, my husband is out right now."
2918,3539,1,6,55,62,1.1290322580645162,0.048694598441382554,669,"It won't work between us, I don't even like daisies."
2941,3539,1,6,55,62,1.1290322580645162,0.048694598441382554,669,"Those lovely flowers are going to make you sneeze fire, so kindly turn your head."""
2981,3539,2,4,56,62,1.1290322580645162,0.053851505523430855,669,"Why, hello! You look so different from your profile picture...Josh, was it? Well, do come in. I just made some ice tea and I just gotta put this laundry away."" (man's voice) ""Hi there. My name's Chris Hansen. Why don't you have a seat right there."
3116,3539,1,6,55,62,1.1290322580645162,0.048694598441382554,669,Come around back so my father doesn't see you!
3130,3539,1,6,55,62,1.1290322580645162,0.048694598441382554,669,"Sir, can you kindly untangle me?"
3207,3539,0,8,54,62,1.1290322580645162,0.042922525410265526,669,I'm so sorry.  Please come back in 6 months when the abortion is confirmed.
2853,3539,1,6,55,62,1.1290322580645162,0.048694598441382554,669,Ooh! Give me 5 minutes. I haven’t told Dad about you yet.
2694,3539,0,8,54,62,1.1290322580645162,0.042922525410265526,669,I told you to wait down the street so my father wouldn't see you.
2605,3539,0,8,54,62,1.1290322580645162,0.042922525410265526,669,"Psst! Get ready, the knight is expected to arrive in five minutes!"
2225,3539,1,6,55,62,1.1290322580645162,0.048694598441382554,669,She'll be right out she putting on her fireproof​ coat.
2272,3539,1,6,55,62,1.1290322580645162,0.048694598441382554,669,"No sorry, she’s two castles down."
3224,3539,0,8,54,62,1.1290322580645162,0.042922525410265526,669,"Junior misunderstood his parents when they suggested, he should, “meet a virgin”."
2223,3539,1,6,55,62,1.1290322580645162,0.048694598441382554,669,"It's not going to makeup for eating the my husband, the King.  Well, maybe a little because he was a real jerk."
2197,3539,1,6,55,62,1.1290322580645162,0.048694598441382554,669,"Sorry, I've got a phone call"
2216,3539,3,2,57,62,1.1290322580645162,0.05855600205711376,669,Whooo is it?
2278,3539,0,8,54,62,1.1290322580645162,0.042922525410265526,669,Before The Bachelorette refined their contestant criteria.
2607,3539,0,8,54,62,1.1290322580645162,0.042922525410265526,669,I can still get out of this.
2317,3539,2,4,56,62,1.1290322580645162,0.053851505523430855,669,Her Majesty is allergic to pollens.
2362,3539,2,4,56,62,1.1290322580645162,0.053851505523430855,669,I'm swiping left
2426,3539,1,6,55,62,1.1290322580645162,0.048694598441382554,669,"But, I said you are not my type."
2458,3539,1,6,55,62,1.1290322580645162,0.048694598441382554,669,"I am sorry, but it is not going to work. I cannot date Yankees’ fan!"
2493,3539,1,6,55,62,1.1290322580645162,0.048694598441382554,669,"Don't forget when we go out, I have a curfew back at the castle."
2202,3539,2,4,56,62,1.1290322580645162,0.053851505523430855,669,M'Lady wants you to know that the flowers are very sweet but that love means never having to say 'Dracarys'.
2539,3539,0,8,54,62,1.1290322580645162,0.042922525410265526,669,Ms. Targaryen is on vacation. Come back Wednesday.
2565,3539,2,4,56,62,1.1290322580645162,0.053851505523430855,669,"Oh my,you don't look anything like your Tinder photo!"
2336,3539,2,4,56,62,1.1290322580645162,0.053851505523430855,669,Come right in; those Prince Charmings are so boring.
3242,3539,2,4,56,62,1.1290322580645162,0.053851505523430855,669,You lied about the weed AND the flame.
3840,3539,1,6,55,62,1.1290322580645162,0.048694598441382554,669,"I'm sorry, she rode off into the sunset with the white knight yesterday."
3261,3539,1,6,55,62,1.1290322580645162,0.048694598441382554,669,"Evidently, your Game of Thrones filming took longer than expected. You could have, at least, sent a text."
3776,3539,1,6,55,62,1.1290322580645162,0.048694598441382554,669,"Um, maybe we should go to your place-- quickly."
3815,3539,1,6,55,62,1.1290322580645162,0.048694598441382554,669,"Since there is no need for a golden rope, I am downstairs."
3829,3539,1,6,55,62,1.1290322580645162,0.048694598441382554,669,"Sorry, the Princess is not receiving today."
3852,3539,2,4,56,62,1.1290322580645162,0.053851505523430855,669,You want Arpege or our page?
3867,3539,2,4,56,62,1.1290322580645162,0.053851505523430855,669,I bethought thou wast the bard in the center...
3903,3539,1,6,55,62,1.1290322580645162,0.048694598441382554,669,"Linda, hurry!  We'll have to FLY to make the Pride Parade!"
3906,3539,1,6,55,62,1.1290322580645162,0.048694598441382554,669,"Oh, I love snapdragons!"
3773,3539,1,6,55,62,1.1290322580645162,0.048694598441382554,669,I think I’ve been catfished!
3950,3539,1,6,55,62,1.1290322580645162,0.048694598441382554,669,You are too late. The princess has been awake for hours.”
3967,3539,0,8,54,62,1.1290322580645162,0.042922525410265526,669,"Wow, you look exactly like your profile pic!"
3994,3539,2,4,56,62,1.1290322580645162,0.053851505523430855,669,But you looked so much taller in your tinder profile picture.
4110,3539,1,6,55,62,1.1290322580645162,0.048694598441382554,669,You misunderstood...I just need a fire in the furnace.
4001,3539,1,6,55,62,1.1290322580645162,0.048694598441382554,669,Wish this was made out of cheese!
4098,3539,1,6,55,62,1.1290322580645162,0.048694598441382554,669,"Now I’m confused—would you be the dragon, the dragon-slayer or the false hero?"
2132,3539,3,2,57,62,1.1290322580645162,0.05855600205711376,669,"Um, the flowers are nice, but she'd prefer a box of blue tips."
4007,3539,0,8,54,62,1.1290322580645162,0.042922525410265526,669,"Flowers are nice, but we ordered pizza."
3955,3539,1,6,55,62,1.1290322580645162,0.048694598441382554,669,"Come back later, I'm not feeling horny right now."
3248,3539,1,6,55,62,1.1290322580645162,0.048694598441382554,669,I know she's expecting me.  We met on Tinder.
3762,3539,1,6,55,62,1.1290322580645162,0.048694598441382554,669,"I'm sorry, the flowers won't help...I'm already getting kidnapped at 3..."
3692,3539,2,4,56,62,1.1290322580645162,0.053851505523430855,669,Your profile said that you are a Game of Thrones fan
3380,3539,0,8,54,62,1.1290322580645162,0.042922525410265526,669,I just can’t forgive you for burning up our couple’s therapist when we were starting to make some progress.
3387,3539,1,6,55,62,1.1290322580645162,0.048694598441382554,669,You sure mess up a lot but at least you're serpentant.
3401,3539,1,6,55,62,1.1290322580645162,0.048694598441382554,669,"And with a ring of fire, they wed."
3420,3539,2,4,56,62,1.1290322580645162,0.053851505523430855,669,Drogon reaches step 9.
3427,3539,1,6,55,62,1.1290322580645162,0.048694598441382554,669,"Dragon who?""  ""Dragon my feet too long. Will you marry me?"
3494,3539,1,6,55,62,1.1290322580645162,0.048694598441382554,669,Did you forget the milk?
3513,3539,1,6,55,62,1.1290322580645162,0.048694598441382554,669,"Not even flowers will bring Danny back to life, Drogon."
3698,3539,2,4,56,62,1.1290322580645162,0.053851505523430855,669,Tell them it'll run them another grand for breathing fire.
3543,3539,3,2,57,62,1.1290322580645162,0.05855600205711376,669,We have to stop meeting like this. You're promised to the prince.
3568,3539,0,8,54,62,1.1290322580645162,0.042922525410265526,669,For someone who can breathe fire and terrorize a country..I'm afraid a small bouquet of flowers is going to get you an audience with the Queen...
3583,3539,1,6,55,62,1.1290322580645162,0.048694598441382554,669,That’s not the pizza guy.
3608,3539,1,6,55,62,1.1290322580645162,0.048694598441382554,669,"If you’re Puff, the magic dragon, can we go frolic in Honahlee?"
3626,3539,1,6,55,62,1.1290322580645162,0.048694598441382554,669,I thought flowers made you sneeze fire
3651,3539,1,6,55,62,1.1290322580645162,0.048694598441382554,669,How do you feel about having children?
3672,3539,1,6,55,62,1.1290322580645162,0.048694598441382554,669,"Well, you did say you were tall and an Old Style Guy on Match."
3686,3539,1,6,55,62,1.1290322580645162,0.048694598441382554,669,It seems their WIFI is off-line. They can’t seem to hear the door knocker.
3565,3539,0,8,54,62,1.1290322580645162,0.042922525410265526,669,Oh! You looked quite different in your photo!
2104,3539,1,6,55,62,1.1290322580645162,0.048694598441382554,669,"Shhh, my parents are sleeping"
2719,3539,2,4,56,62,1.1290322580645162,0.053851505523430855,669,"I don't mean to drag on about this, but won't you consider going out with me?"
2068,3539,0,8,54,62,1.1290322580645162,0.042922525410265526,669,"He's back from the Crusades,I'll get on touch later."
633,3539,1,6,55,62,1.1290322580645162,0.048694598441382554,669,"The auditions were last week, mate."
690,3539,1,6,55,62,1.1290322580645162,0.048694598441382554,669,She is no longer here. My husband was going to slay her. She left even without a goodbye.
705,3539,1,6,55,62,1.1290322580645162,0.048694598441382554,669,When they go high I go low!When they go high I go low!
731,3539,1,6,55,62,1.1290322580645162,0.048694598441382554,669,Go away!  My husband came home early.  I’ll meet you at the cave tomorrow night.
737,3539,3,2,57,62,1.1290322580645162,0.05855600205711376,669,"Again, I’m so sorry Larry. My stepmother must have swiped right when I was out singing to some deer."
754,3539,0,8,54,62,1.1290322580645162,0.042922525410265526,669,I told you only to stop by on Tuesday's as that's his day to pillage a town to the South!
776,3539,1,6,55,62,1.1290322580645162,0.048694598441382554,669,"Madame, you have a visitor."
796,3539,0,8,54,62,1.1290322580645162,0.042922525410265526,669,Shhhhh!  HBO is sleeping.
807,3539,1,6,55,62,1.1290322580645162,0.048694598441382554,669,"Honey, once I get the door open you can use the bathroom."
808,3539,1,6,55,62,1.1290322580645162,0.048694598441382554,669,"""Can you be fifty shades of grey?"""
827,3539,0,8,54,62,1.1290322580645162,0.042922525410265526,669,Flower delivery!
871,3539,2,4,56,62,1.1290322580645162,0.053851505523430855,669,His feet looked a lot smaller on his MedievalOnly profile.
887,3539,1,6,55,62,1.1290322580645162,0.048694598441382554,669,Well you'll have to go through me to get to that knight.
910,3539,1,6,55,62,1.1290322580645162,0.048694598441382554,669,The Beast says that you're no Beauty.
924,3539,1,6,55,62,1.1290322580645162,0.048694598441382554,669,There’s No way this ends with “They lived happily ever after”
613,3539,1,6,55,62,1.1290322580645162,0.048694598441382554,669,Be patient.  He's taking a nap.
929,3539,0,8,54,62,1.1290322580645162,0.042922525410265526,669,"Could you come back later, I'm re-watching GoT?"
598,3539,0,8,54,62,1.1290322580645162,0.042922525410265526,669,"You're a lot taller in real life than you are in your profile. Men really be lying about their height all the damn time, huh?"
576,3539,0,8,54,62,1.1290322580645162,0.042922525410265526,669,Your friend just leapt out.
30,3539,2,4,56,62,1.1290322580645162,0.053851505523430855,669,Your princess is in another castle
46,3539,0,8,54,62,1.1290322580645162,0.042922525410265526,669,He's decided to give them a couple extra weeks to solve this crisis. After that you can incinerate the children.
141,3539,1,6,55,62,1.1290322580645162,0.048694598441382554,669,I know what I heard. You said that I love to drag on and on.
210,3539,1,6,55,62,1.1290322580645162,0.048694598441382554,669,"We aren't the quickest, but I wouldn't say anyone here is draggin' ."
226,3539,0,8,54,62,1.1290322580645162,0.042922525410265526,669,Ditch the roast.
231,3539,1,6,55,62,1.1290322580645162,0.048694598441382554,669,How sweet of you! Now buzz off.
237,3539,2,4,56,62,1.1290322580645162,0.053851505523430855,669,"Too soon, Drogon."
246,3539,1,6,55,62,1.1290322580645162,0.048694598441382554,669,"I'm sorry Smaug, your princess is in another castle."
298,3539,1,6,55,62,1.1290322580645162,0.048694598441382554,669,"Oh, no, not the front door. Meet me at the second turret."
303,3539,0,8,54,62,1.1290322580645162,0.042922525410265526,669,"Light your own fire, you are Late!"
315,3539,0,8,54,62,1.1290322580645162,0.042922525410265526,669,"Sorry, sweetie, the princess only likes bad boys."
375,3539,1,6,55,62,1.1290322580645162,0.048694598441382554,669,"uh, okay, but are you actually a softboy? or are you a chad fronting like a softboy? because, i'll be honest with you, i'm not looking for anything more than a jackhammering"
491,3539,1,6,55,62,1.1290322580645162,0.048694598441382554,669,Go away; my father will not let me see you anymore!
560,3539,1,6,55,62,1.1290322580645162,0.048694598441382554,669,"I'm sorry, now that 'Game of Thrones' is over, I don't think we should see each other any more."
564,3539,1,6,55,62,1.1290322580645162,0.048694598441382554,669,"‘She wants a much bigger bouquet.”

Don Dechman
Austin, TX"
588,3539,2,4,56,62,1.1290322580645162,0.053851505523430855,669,"Fight for me, drogon"
961,3539,1,6,55,62,1.1290322580645162,0.048694598441382554,669,I told you to come around back.
188,3539,2,4,56,62,1.1290322580645162,0.053851505523430855,669,Godzilla' s old news
1019,3539,0,8,54,62,1.1290322580645162,0.042922525410265526,669,"Shhh, he's asleep!"
1523,3539,1,6,55,62,1.1290322580645162,0.048694598441382554,669,Thanks but we’re all dragging here as it is so another won’t work.
1610,3539,1,6,55,62,1.1290322580645162,0.048694598441382554,669,"Shhhh, my dad might hear you."
1616,3539,1,6,55,62,1.1290322580645162,0.048694598441382554,669,Do you like fire dragons?
1629,3539,2,4,56,62,1.1290322580645162,0.053851505523430855,669,"You know you are not wearing pants, and I can tell you are not very excited about the prospect of ravishing me."
1682,3539,3,2,57,62,1.1290322580645162,0.05855600205711376,669,"Return during the night watch. Use the password ""John Snow."""
1720,3539,2,4,56,62,1.1290322580645162,0.053851505523430855,669,Doug? So it is you. I thought you were using a Snapchat filter on your photos.
1517,3539,1,6,55,62,1.1290322580645162,0.048694598441382554,669,I thought everyone knew arrangements need to be in odd numbers. Two will never do...
1778,3539,0,8,54,62,1.1290322580645162,0.042922525410265526,669,He’s not my type
1813,3539,1,6,55,62,1.1290322580645162,0.048694598441382554,669,"Hey, The show is over!!"
1863,3539,1,6,55,62,1.1290322580645162,0.048694598441382554,669,It's better if we're long distance.
1921,3539,1,6,55,62,1.1290322580645162,0.048694598441382554,669,I requested Dragon flowers.
1963,3539,1,6,55,62,1.1290322580645162,0.048694598441382554,669,"Oh, sorry, you must be looking for Drakaina Daria. She's further down the road."
1982,3539,1,6,55,62,1.1290322580645162,0.048694598441382554,669,You just missed your mother. She’s summering on the Casterly Rock.”
2053,3539,1,6,55,62,1.1290322580645162,0.048694598441382554,669,Is the Rampart Suite still available?
2079,3539,2,4,56,62,1.1290322580645162,0.053851505523430855,669,Can Daenerys come out and play?
1505,3539,1,6,55,62,1.1290322580645162,0.048694598441382554,669,The Black Knight is out with the boys. Come back later.
1586,3539,0,8,54,62,1.1290322580645162,0.042922525410265526,669,I told you not to come around when m'lord was at home.
1436,3539,2,4,56,62,1.1290322580645162,0.053851505523430855,669,"Are you familiar with The Kings of Leon song, Sex on Fire? well..."
995,3539,2,4,56,62,1.1290322580645162,0.053851505523430855,669,Is the doctor who provides services to monsters in?
1039,3539,0,8,54,62,1.1290322580645162,0.042922525410265526,669,"No, Daenerys Targaryen does not live here."
1075,3539,1,6,55,62,1.1290322580645162,0.048694598441382554,669,"Let's do Prince!  Prince,  prince bo bence, bo-na- na fanna fo fense,  fi fi fo mince.....oops."
1105,3539,2,4,56,62,1.1290322580645162,0.053851505523430855,669,"Sorry, the knight is not in the mood to slay."
1475,3539,0,8,54,62,1.1290322580645162,0.042922525410265526,669,Did you remember to bring the fire extinguisher?
1151,3539,1,6,55,62,1.1290322580645162,0.048694598441382554,669,Mother of Dragons' Day was last week.
1196,3539,0,8,54,62,1.1290322580645162,0.042922525410265526,669,So G.O.T. is  over and you're looking for a new mistress?
1197,3539,0,8,54,62,1.1290322580645162,0.042922525410265526,669,You hoo. We're back without the horse.
1136,3539,1,6,55,62,1.1290322580645162,0.048694598441382554,669,"No, this is the 8th kingdom."
1255,3539,1,6,55,62,1.1290322580645162,0.048694598441382554,669,"To be honest, ever since the flowers, I'm no longer comfortable having St. George sparring with you."
1284,3539,1,6,55,62,1.1290322580645162,0.048694598441382554,669,Drag your ass on in here before the Prince gets home!
1313,3539,1,6,55,62,1.1290322580645162,0.048694598441382554,669,Drag I said!  I could slip you in if you came in drag. Not dragon!
1388,3539,1,6,55,62,1.1290322580645162,0.048694598441382554,669,The Play.   What are you doing?  You are supposed to be the enemy.
1246,3539,0,8,54,62,1.1290322580645162,0.042922525410265526,669,"The flowers are lovely, and I'll let him know you stopped by, but an invitation to ""frolick in the autumn mist"" just can't compete with Fortnite."
756,3689,0,9,61,70,1.1285714285714286,0.04029615300200892,669,"Oh daisies, my absolute favorites!"
2802,3690,2,4,57,63,1.126984126984127,0.0530293926364563,669,"Nothing is more guarded than a princess’s heart, except, maybe her ego."
3998,3690,1,6,56,63,1.126984126984127,0.04795918799660978,669,Oh wait let me turn off the alarm it’s dragon sensitive..
3308,3690,2,4,57,63,1.126984126984127,0.0530293926364563,669,Didn’t you hear? The show got canceled!
2671,3690,1,6,56,63,1.126984126984127,0.04795918799660978,669,"Come on in. Merlin concocted some mints, so I can kiss you now....."
2188,3690,1,6,56,63,1.126984126984127,0.04795918799660978,669,Sorry--he's off on a slaying gig in China!
1804,3690,1,6,56,63,1.126984126984127,0.04795918799660978,669,Oh. So that's what happened to Juliet that's a shame.
1600,3690,2,4,57,63,1.126984126984127,0.0530293926364563,669,Oh my! He won't be pulling my hair (coming up the wall) but I can do things with that tail!
1384,3690,0,8,55,63,1.126984126984127,0.0422853514020739,669,"I'm really sorry, Angela. Refugees are a nice addition."
1130,3690,1,6,56,63,1.126984126984127,0.04795918799660978,669,I’m baaaaaaack!
2366,3699,1,6,57,64,1.125,0.0472455591261534,669,Not again.
1644,3700,0,8,57,65,1.123076923076923,0.04106568558473582,669,"I am sorry, Daenerys is not home."
2856,3700,0,8,57,65,1.123076923076923,0.04106568558473582,669,"Not right now, my parents are home."
3857,3700,0,8,57,65,1.123076923076923,0.04106568558473582,669,"Yes, the final season felt rushed to us, too."
2922,3703,0,7,52,59,1.11864406779661,0.042460458882410665,669,Where’d you take her Drogon?
2911,3703,1,5,53,59,1.11864406779661,0.048860455426129414,669,"Oh, I know, true love is not infatuated. It's a journey that begins with a lovely impression."
2893,3703,1,5,53,59,1.11864406779661,0.048860455426129414,669,The prince apologizes for misleading you.
2876,3703,0,7,52,59,1.11864406779661,0.042460458882410665,669,"I don't mean to lead you on, but I need you to know I'm waiting for Sir Lancelot."
2777,3703,0,7,52,59,1.11864406779661,0.042460458882410665,669,It will never work out. You’re a fire-breather. I’m pro-choice. Please go.
2759,3703,0,7,52,59,1.11864406779661,0.042460458882410665,669,"A pizza date is ok, but no going to your cave for dessert."
2749,3703,0,7,52,59,1.11864406779661,0.042460458882410665,669,"Come on in, but no fire breathing tonight!"
2684,3703,1,5,53,59,1.11864406779661,0.048860455426129414,669,"Sorry, but we don't have that many breath mints."
2655,3703,1,5,53,59,1.11864406779661,0.048860455426129414,669,You just looked younger in your profile picture.
2649,3703,1,5,53,59,1.11864406779661,0.048860455426129414,669,I told you to use the back door; the king can't know about us.
2644,3703,1,5,53,59,1.11864406779661,0.048860455426129414,669,Your not the “princess” I met hear last night!!
2620,3703,1,5,53,59,1.11864406779661,0.048860455426129414,669,We appreciate the posies but this place isn't fit for a dragon.
2554,3703,0,7,52,59,1.11864406779661,0.042460458882410665,669,Follow your tail firebreath
2976,3703,1,5,53,59,1.11864406779661,0.048860455426129414,669,I’m looking for the Paper Bag Princess
2541,3703,0,7,52,59,1.11864406779661,0.042460458882410665,669,I thought you were bringing the Mongolian Fire Pot
2496,3703,1,5,53,59,1.11864406779661,0.048860455426129414,669,Have you heard the good news?
2469,3703,1,5,53,59,1.11864406779661,0.048860455426129414,669,Do you happen to have a paper bag?
2441,3703,1,5,53,59,1.11864406779661,0.048860455426129414,669,How the hell is that moat going to stop me? You've lowered the bridge!
2334,3703,1,5,53,59,1.11864406779661,0.048860455426129414,669,"Nice try, but something tells me we'll go further with fire than with flowers"
2330,3703,1,5,53,59,1.11864406779661,0.048860455426129414,669,I’m afraid she’s out with Mario tonight.
2305,3703,0,7,52,59,1.11864406779661,0.042460458882410665,669,Stop dragon your ass and come in.
2274,3703,1,5,53,59,1.11864406779661,0.048860455426129414,669,mmeh! …   You better follow your arrow wherever it points
2235,3703,1,5,53,59,1.11864406779661,0.048860455426129414,669,But I thought your profile said you LOVED dragon roll sushi.
2194,3703,1,5,53,59,1.11864406779661,0.048860455426129414,669,The princess would like you to light the fireplaces before she sees you.
2170,3703,1,5,53,59,1.11864406779661,0.048860455426129414,669,She's been abused by the prince since the last battle. Please don't miss the fire this time!
2596,3703,1,5,53,59,1.11864406779661,0.048860455426129414,669,You shouldn't be here....if the Prince gets back....
2984,3703,1,5,53,59,1.11864406779661,0.048860455426129414,669,I told you already. Tuesdays I do my hair.
2986,3703,2,3,54,59,1.11864406779661,0.05451419668666752,669,"Sorry, I am not the Dater of Dragons."
3022,3703,1,5,53,59,1.11864406779661,0.048860455426129414,669,Do you have my children locked up in there?
4015,3703,0,7,52,59,1.11864406779661,0.042460458882410665,669,"Drogon, we had a good run on Game of Thrones,
but now I have to move on."
2135,3703,1,5,53,59,1.11864406779661,0.048860455426129414,669,"Dream on without me, big boy. I'm back to my bacardis and bikini on a Bahama beach"
4100,3703,1,5,53,59,1.11864406779661,0.048860455426129414,669,Those flowers are not going to convince Saint George that you are Puff the Magic Dragon.
4066,3703,0,7,52,59,1.11864406779661,0.042460458882410665,669,You're too late. Rapunzel just left with someone else.
4062,3703,1,5,53,59,1.11864406779661,0.048860455426129414,669,"Uh...if you kiss me, I'll turn into a prince..."
3881,3703,1,5,53,59,1.11864406779661,0.048860455426129414,669,She can't. She has to wash her hair.
3879,3703,0,7,52,59,1.11864406779661,0.042460458882410665,669,Come back when you find me a Venus flytrap.
3871,3703,1,5,53,59,1.11864406779661,0.048860455426129414,669,The princess said your son is doing fine and you should be able to see him soon.
3814,3703,1,5,53,59,1.11864406779661,0.048860455426129414,669,"We know you're sorry, Carl, but Sir Knight's burns haven't quite healed."
3780,3703,1,5,53,59,1.11864406779661,0.048860455426129414,669,The King says he does not want the princess to have a fly-by-night boy friend.
3761,3703,1,5,53,59,1.11864406779661,0.048860455426129414,669,"I've heard the song 'froggy went a courting', but this does seem a bit much."
3747,3703,1,5,53,59,1.11864406779661,0.048860455426129414,669,Daisies for Distress?
3695,3703,2,3,54,59,1.11864406779661,0.05451419668666752,669,"I'm dealing with Game of Thrones withdrawal, too."
3688,3703,0,7,52,59,1.11864406779661,0.042460458882410665,669,"I'm sorry , but ever since Game of  Thrones  ended she just doesn't want  to see you anymore."
3653,3703,1,5,53,59,1.11864406779661,0.048860455426129414,669,You can kidnap me at eight.
3544,3703,1,5,53,59,1.11864406779661,0.048860455426129414,669,Tell the queen it looks a little like a Trojan horse
3511,3703,1,5,53,59,1.11864406779661,0.048860455426129414,669,"You're charming and cute but just won't fit in."""
3460,3703,0,7,52,59,1.11864406779661,0.042460458882410665,669,Me thinks you have the wrong address....
3392,3703,1,5,53,59,1.11864406779661,0.048860455426129414,669,"Yes, the flowers are a nice gesture but father insists you stop incinerating his rhododendrons."
3263,3703,1,5,53,59,1.11864406779661,0.048860455426129414,669,Daenerys?
3208,3703,0,7,52,59,1.11864406779661,0.042460458882410665,669,"I'm so sorry, but my parents would never approve.  You're not my species."
3196,3703,1,5,53,59,1.11864406779661,0.048860455426129414,669,Judy doesn’t want to see you.
3191,3703,0,7,52,59,1.11864406779661,0.042460458882410665,669,"I know you're passionate, but if you don't stop flaming the carpets my husband will be suspicious"
3182,3703,1,5,53,59,1.11864406779661,0.048860455426129414,669,Sorry no maidens available for grilling today
3047,3703,0,7,52,59,1.11864406779661,0.042460458882410665,669,Game of Thrones is over.  Go back to the casting director.
3965,3703,0,7,52,59,1.11864406779661,0.042460458882410665,669,"My family once approved you, but that was just to sear the meat."
2120,3703,0,7,52,59,1.11864406779661,0.042460458882410665,669,And  i don't believe you!
1481,3703,0,7,52,59,1.11864406779661,0.042460458882410665,669,But I thought I was gonna get to kill Cersei.
2036,3703,1,5,53,59,1.11864406779661,0.048860455426129414,669,"""Yes, dear, the princess does have horrible dragon breath, but I think you're a tad bit confused on the literal meaning."""
1100,3703,2,3,54,59,1.11864406779661,0.05451419668666752,669,"My parents are still up, climb in through the window."
1097,3703,1,5,53,59,1.11864406779661,0.048860455426129414,669,Her Majesty is allergic to peonies.
1058,3703,1,5,53,59,1.11864406779661,0.048860455426129414,669,Shhhh!! You'll end up breaking his masculinity!
1017,3703,1,5,53,59,1.11864406779661,0.048860455426129414,669,"Hello me lady, pardon me, i'm a bit old fashion, but would you like to join me for night out?"
991,3703,0,7,52,59,1.11864406779661,0.042460458882410665,669,Well you don’t know if you don’t go.
918,3703,2,3,54,59,1.11864406779661,0.05451419668666752,669,Do you see my special diet request on my RSVP?
916,3703,0,7,52,59,1.11864406779661,0.042460458882410665,669,You don’t look at all like your Tinder picture.
873,3703,1,5,53,59,1.11864406779661,0.048860455426129414,669,"Poppy does them in 3D Prints now, yet welcome, we have a ball of a time watching you castle flash."
804,3703,1,5,53,59,1.11864406779661,0.048860455426129414,669,"Sorry, she’s binging Game of Thrones."
790,3703,0,7,52,59,1.11864406779661,0.042460458882410665,669,"The Princess is doing better, but she's still got 3rd burns from your last good-night kiss - I'd say give her another week or so..."
662,3703,1,5,53,59,1.11864406779661,0.048860455426129414,669,"Give me a minute to freshen my makeup.  I was expecting Prince Charming, not Puff the Magic Dragon"
622,3703,1,5,53,59,1.11864406779661,0.048860455426129414,669,Give her a minute to change her dress. She just realized tarlatan’s flammable.
586,3703,0,7,52,59,1.11864406779661,0.042460458882410665,669,The wings and tail were nowhere to be seen in that Tinder profile.
518,3703,0,7,52,59,1.11864406779661,0.042460458882410665,669,But you'll only get the discount if I seat you as two…
432,3703,1,5,53,59,1.11864406779661,0.048860455426129414,669,Try the next castle over ?
357,3703,1,5,53,59,1.11864406779661,0.048860455426129414,669,The writer said it's over.
331,3703,1,5,53,59,1.11864406779661,0.048860455426129414,669,Flowers for our Dinner.
280,3703,1,5,53,59,1.11864406779661,0.048860455426129414,669,How did you know those are my favorite flowers?
178,3703,0,7,52,59,1.11864406779661,0.042460458882410665,669,I can't come out now.  My husband thinks we are just friends
98,3703,1,5,53,59,1.11864406779661,0.048860455426129414,669,"Not now, my husband is returning from battle."
2059,3703,1,5,53,59,1.11864406779661,0.048860455426129414,669,Rumplestiltskin will be right out; she's just letting her hair down.
43,3703,0,7,52,59,1.11864406779661,0.042460458882410665,669,My parents say vaping is just as bad.
15,3703,1,5,53,59,1.11864406779661,0.048860455426129414,669,Is it easier for a flying dragon to crawl through a narrow doorway or for Zmelda?
1159,3703,1,5,53,59,1.11864406779661,0.048860455426129414,669,I was expecting you. My other suitors have all called me the dragon lady.
1176,3703,0,7,52,59,1.11864406779661,0.042460458882410665,669,She says you should stay in your lane.
75,3703,2,3,54,59,1.11864406779661,0.05451419668666752,669,umm...you looked really different in your profile pic.
1342,3703,0,7,52,59,1.11864406779661,0.042460458882410665,669,"I dream of romance, and instead I get Daisies & Dragons childcare marketing."
1265,3703,1,5,53,59,1.11864406779661,0.048860455426129414,669,"I""m sorry, a shared phylum doesn't matter. It only works with frogs."
2029,3703,1,5,53,59,1.11864406779661,0.048860455426129414,669,Just wanted to mention as you wait on your date that the next town over has some wonderful dining options.
1945,3703,1,5,53,59,1.11864406779661,0.048860455426129414,669,"Sorry, she's not home... off filming season 8."
1944,3703,1,5,53,59,1.11864406779661,0.048860455426129414,669,It's going to take a bit more than flowers to make up for that ending.
1891,3703,1,5,53,59,1.11864406779661,0.048860455426129414,669,"Please stop torturing yourself. I just have a thing for frogs, and you'll always have dragon breath."
1879,3703,0,7,52,59,1.11864406779661,0.042460458882410665,669,I told you how I feel. Please don't let this drag on.
1844,3703,1,5,53,59,1.11864406779661,0.048860455426129414,669,But we send the EU £30bn a week!
1774,3703,1,5,53,59,1.11864406779661,0.048860455426129414,669,"NO, Danerys is not at home"
1749,3703,1,5,53,59,1.11864406779661,0.048860455426129414,669,Go away; I don't care what Shirley may have told you.
1737,3703,1,5,53,59,1.11864406779661,0.048860455426129414,669,Daenerys isn't feeling well today.
1725,3703,0,7,52,59,1.11864406779661,0.042460458882410665,669,Nuh-uh! Not unless you pay dragon support and fire insurance!
1881,3703,1,5,53,59,1.11864406779661,0.048860455426129414,669,"Sorry, it still doesn't make up for King's Landing."
1668,3703,1,5,53,59,1.11864406779661,0.048860455426129414,669,"I told you before, I so do not want to be the next Khaleesi."
1676,3703,0,7,52,59,1.11864406779661,0.042460458882410665,669,Did you really call me all afternoon? I did not see.
1446,3703,0,7,52,59,1.11864406779661,0.042460458882410665,669,"Remind me, you’re NOT the one that turns into a pumpkin. Right?"
1539,3703,1,5,53,59,1.11864406779661,0.048860455426129414,669,Sir Malcolm is indisposed. Can you come back in a fortnight?
1556,3703,0,7,52,59,1.11864406779661,0.042460458882410665,669,"I think you're cute, but my Father would never accept it!"
1486,3703,1,5,53,59,1.11864406779661,0.048860455426129414,669,"Hey, champ! What's blazin'?"
1397,3703,1,5,53,59,1.11864406779661,0.048860455426129414,669,Sorry your Mom’s not here! She went North.
1595,3703,1,5,53,59,1.11864406779661,0.048860455426129414,669,"Sorry, the Prince doesn't live here anymore"
1666,3703,1,5,53,59,1.11864406779661,0.048860455426129414,669,"Ok, you look NOTHING like your Tinder picture."
1581,3703,1,5,53,59,1.11864406779661,0.048860455426129414,669,Thanks so much for bringing Daenerys back from the dead.  You may go now.
3788,3810,1,5,54,60,1.1166666666666667,0.04807989270851719,669,Drake it was all a huge mistake. You don't even fit to come into the manor.
3489,3810,1,5,54,60,1.1166666666666667,0.04807989270851719,669,"Bill, those flowers you're bringing may be causing hallucinations.____"
3135,3810,0,7,53,60,1.1166666666666667,0.04179359199028118,669,"The flowers are lovely, but the Queen was hoping for a somewhat grander gesture."
2288,3810,1,5,54,60,1.1166666666666667,0.04807989270851719,669,She left to raze a village weeks ago. Don't you read The New Yorker?
1423,3814,1,5,56,62,1.1129032258064515,0.046591027055115,669,"I had a great time, too...but I just can't get past your breath."
1783,3814,1,5,56,62,1.1129032258064515,0.046591027055115,669,Will you accept this rose?
1404,3814,1,5,56,62,1.1129032258064515,0.046591027055115,669,"all that breathing fire stuff, just fake news- i promise!"
4147,3817,0,7,58,65,1.1076923076923078,0.038748926306942086,669,"I've finished binge watching Stranger Things, let me hop in the shower and I'll be out in a second"
3087,3818,1,4,51,56,1.1071428571428572,0.04887415212385381,669,George is finishing his hair and then he’ll be ready to go.
2835,3818,1,4,51,56,1.1071428571428572,0.04887415212385381,669,"No,  I'm not your mother. Your mother is dead. Please find another TV Show to work on."
2914,3818,1,4,51,56,1.1071428571428572,0.04887415212385381,669,Godzilla brought two dozen red roses!
2855,3818,1,4,51,56,1.1071428571428572,0.04887415212385381,669,My GPS shows the other way to our anniversary dinner.
3054,3818,0,6,50,56,1.1071428571428572,0.0417053005800816,669,"Sorry, the dragonslayers moved  out last week.  Their daughter moved to Fire island."
2837,3818,1,4,51,56,1.1071428571428572,0.04887415212385381,669,"Wait- aren't you the guy who killed my family?

Shit..."
2935,3818,0,6,50,56,1.1071428571428572,0.0417053005800816,669,Take these breath mints and go woo the queen.
2755,3818,1,4,51,56,1.1071428571428572,0.04887415212385381,669,You're just on time to light the candles on the cake!
2456,3818,1,4,51,56,1.1071428571428572,0.04887415212385381,669,It said you were taller on your tinder profile...
2698,3818,1,4,51,56,1.1071428571428572,0.04887415212385381,669,"You can in, but burn we twice!"
2623,3818,2,2,52,56,1.1071428571428572,0.05511835805950912,669,How about spending the flower money on some breath mints?
2593,3818,0,6,50,56,1.1071428571428572,0.0417053005800816,669,You looked different in your profile pic.
2551,3818,1,4,51,56,1.1071428571428572,0.04887415212385381,669,Where have you been? ... guess dragon your feet again.
2526,3818,0,6,50,56,1.1071428571428572,0.0417053005800816,669,"Sorry, but I'm allergic to snapdragons."
3095,3818,1,4,51,56,1.1071428571428572,0.04887415212385381,669,"Mother is right, you're a brute! Don't you know I'm allergic to peonies?!"
2437,3818,0,6,50,56,1.1071428571428572,0.0417053005800816,669,pssst! Get a job.
2339,3818,0,6,50,56,1.1071428571428572,0.0417053005800816,669,Your picture was smaller on the dating app.
2705,3818,1,4,51,56,1.1071428571428572,0.04887415212385381,669,"Aren't you supposed to be letting your hair down about now? JK Fuller. Genoa, nv"
3100,3818,0,6,50,56,1.1071428571428572,0.0417053005800816,669,I didn’t mean to burn you like that..
3755,3818,0,6,50,56,1.1071428571428572,0.0417053005800816,669,Is Saint George home?
3209,3818,1,4,51,56,1.1071428571428572,0.04887415212385381,669,I told you to stop coming around.  I'm dating George now.
2304,3818,1,4,51,56,1.1071428571428572,0.04887415212385381,669,You don’t look anything like your Tinder profile.
3987,3818,1,4,51,56,1.1071428571428572,0.04887415212385381,669,She is not here. she is out with King Kong right now
4061,3818,0,6,50,56,1.1071428571428572,0.0417053005800816,669,"Sorry, Game of Thrones is over and so are we."
4139,3818,1,4,51,56,1.1071428571428572,0.04887415212385381,669,So when should I come back?
3920,3818,0,6,50,56,1.1071428571428572,0.0417053005800816,669,My Lips are Sealed
3878,3818,1,4,51,56,1.1071428571428572,0.04887415212385381,669,Bad Dragon!  What did you do with the prince?
3738,3818,1,4,51,56,1.1071428571428572,0.04887415212385381,669,This cartoon sucks.
3735,3818,0,6,50,56,1.1071428571428572,0.0417053005800816,669,She won't consider anything less than a dozen red roses.
3675,3818,0,6,50,56,1.1071428571428572,0.0417053005800816,669,"There’s literally not room for you at the banquet, flowers or not"
3637,3818,1,4,51,56,1.1071428571428572,0.04887415212385381,669,"Come back later, I’m watching the final episode of “Game of Thrones!”"
3584,3818,1,4,51,56,1.1071428571428572,0.04887415212385381,669,"Gee, I hope she’s not another Prince Charming rebound."
3524,3818,1,4,51,56,1.1071428571428572,0.04887415212385381,669,"All of a sudden ""The King'"" thinks he's full of fire and a winged warrior.  Give me a sec and our flight plan to the Cave will be back on track."
3507,3818,1,4,51,56,1.1071428571428572,0.04887415212385381,669,"You're sweet, but I'm really not captivated by you."
3501,3818,0,6,50,56,1.1071428571428572,0.0417053005800816,669,I just don't think my feelings for you are real.
3413,3818,1,4,51,56,1.1071428571428572,0.04887415212385381,669,"I already told you, Sneezy--not during allergy season!"
3251,3818,1,4,51,56,1.1071428571428572,0.04887415212385381,669,"I am sorry, Sparky. But, there is just no room in my heart for a creature that can so ruthlessly destroy native wildflowers!"
3217,3818,1,4,51,56,1.1071428571428572,0.04887415212385381,669,guards guards there's a dragon outside holding flowers I might get an allergic reaction
3158,3818,1,4,51,56,1.1071428571428572,0.04887415212385381,669,I'll meet you out back!
2106,3818,1,4,51,56,1.1071428571428572,0.04887415212385381,669,"You call that sorry? The flowers are OK, but you're not getting in until I see some Ferrero Rocher."
3269,3818,0,6,50,56,1.1071428571428572,0.0417053005800816,669,"I was wondering if thou wouldst ever have enough courage to speak for thyself, John!"
2056,3818,1,4,51,56,1.1071428571428572,0.04887415212385381,669,You were just trying to ask me on a date this whole time?
1042,3818,1,4,51,56,1.1071428571428572,0.04887415212385381,669,Okay. But I'll neither be the candle nor the dinner.
949,3818,1,4,51,56,1.1071428571428572,0.04887415212385381,669,Oh no! Don't tell me...George is not coming!
944,3818,1,4,51,56,1.1071428571428572,0.04887415212385381,669,"She’s hatching right now, sorry."
911,3818,0,6,50,56,1.1071428571428572,0.0417053005800816,669,"I'm sorry, the servant's entrance is in the mythical."
891,3818,1,4,51,56,1.1071428571428572,0.04887415212385381,669,I am not a lesbian !
865,3818,0,6,50,56,1.1071428571428572,0.0417053005800816,669,You're done in the garden already? Great! Can you also take a look at the highest tower? I think some of the stones need to be repointed.
814,3818,0,6,50,56,1.1071428571428572,0.0417053005800816,669,"George isn't home, but I can tell you he's no saint dear."""
1070,3818,1,4,51,56,1.1071428571428572,0.04887415212385381,669,Where did you get those flowers?
802,3818,1,4,51,56,1.1071428571428572,0.04887415212385381,669,Dragola isn't here. She just left with Sir Dragon Fire.
697,3818,1,4,51,56,1.1071428571428572,0.04887415212385381,669,Who trained you to love?
580,3818,1,4,51,56,1.1071428571428572,0.04887415212385381,669,"She's not home right now, can I take a message?"
527,3818,1,4,51,56,1.1071428571428572,0.04887415212385381,669,"No, I won't set you up with Sir Caresalot."
482,3818,1,4,51,56,1.1071428571428572,0.04887415212385381,669,"Oh, you shouldn't have: FLAMED THE ENTIRE TOWN!!!!!!"
404,3818,0,6,50,56,1.1071428571428572,0.0417053005800816,669,"Wow, you’re a mythical creature."
278,3818,1,4,51,56,1.1071428571428572,0.04887415212385381,669,"You know when you really like someone, and your stomach clenches, and you don't know if it's butterflies or you've eaten too much knights?"
2077,3818,1,4,51,56,1.1071428571428572,0.04887415212385381,669,Wrong HBO set
741,3818,1,4,51,56,1.1071428571428572,0.04887415212385381,669,"I'm sorry from head to tail."""
1101,3818,1,4,51,56,1.1071428571428572,0.04887415212385381,669,I'm sorry. My parents wont allow me to marry outside of my species
535,3818,0,6,50,56,1.1071428571428572,0.0417053005800816,669,"I'm almost ready... just let me make the King's dinner, proofread a few royal decrees, make sure that the Knight's aren't going into overtime and then we should be good to go!"
1138,3818,0,6,50,56,1.1071428571428572,0.0417053005800816,669,"I know I am Now, but what
I really want to do is Dance."
1102,3818,1,4,51,56,1.1071428571428572,0.04887415212385381,669,She went out with T REX.
2045,3818,1,4,51,56,1.1071428571428572,0.04887415212385381,669,"Can I please purchase 1 senior ticket to ride on the dragon, unless you accept E ride tickets?"
1977,3818,0,6,50,56,1.1071428571428572,0.0417053005800816,669,"Yes, you're at the right house! Come in through the back door."
1910,3818,1,4,51,56,1.1071428571428572,0.04887415212385381,669,You'll have to come back next week.  I'm binge-watching Game of Thrones.
1814,3818,1,4,51,56,1.1071428571428572,0.04887415212385381,669,I look forward to the day when we can afford something better than Ikea.
1770,3818,0,6,50,56,1.1071428571428572,0.0417053005800816,669,Go away! What could we possibly have in common.
1686,3818,1,4,51,56,1.1071428571428572,0.04887415212385381,669,Mating season! It must be the merry month of May
1607,3818,1,4,51,56,1.1071428571428572,0.04887415212385381,669,"I appreciate the thought, but you'd be a drag on me."
1937,3818,0,6,50,56,1.1071428571428572,0.0417053005800816,669,You have to understand! It’s over!No moreGame of Thrones for us.
1583,3818,0,6,50,56,1.1071428571428572,0.0417053005800816,669,Is Miss Mary at home?
1555,3818,1,4,51,56,1.1071428571428572,0.04887415212385381,669,"Flowers, flying lessons ? breath mints should win her over."
1542,3818,0,6,50,56,1.1071428571428572,0.0417053005800816,669,Ready in a minute!
1448,3818,0,6,50,56,1.1071428571428572,0.0417053005800816,669,Roses for the Dragon Lady?
1402,3818,1,4,51,56,1.1071428571428572,0.04887415212385381,669,"She can't see you now, she's having her skin scorched."
1354,3818,2,2,52,56,1.1071428571428572,0.05511835805950912,669,Where's George?
1597,3818,0,6,50,56,1.1071428571428572,0.0417053005800816,669,You look different than in your profile
1312,3818,0,6,50,56,1.1071428571428572,0.0417053005800816,669,"Friendly is friendly
.... Whaddaya mean ""HOW friendly?"
2932,3897,0,6,51,57,1.105263157894737,0.04101019591968312,669,I'm Ollie. We met on the internet.
3018,3897,1,4,52,57,1.105263157894737,0.04804583837764614,669,"For the last time, Reggie, the princess broke up with you!"
3021,3897,0,6,51,57,1.105263157894737,0.04101019591968312,669,Oh my God!  What happened to Sir Wellington?
3067,3897,0,6,51,57,1.105263157894737,0.04101019591968312,669,"Forget it, I know you still have a thing for that white-haired girl."
3286,3897,0,6,51,57,1.105263157894737,0.04101019591968312,669,"Ouch, wow, sorry! Long story: went kind of crazy, burned up a lot of people, got stabbed. Anyway, not here at the moment."
3627,3897,0,6,51,57,1.105263157894737,0.04101019591968312,669,Give me a couple minutes to freshen up
3575,3897,0,6,51,57,1.105263157894737,0.04101019591968312,669,"The series is over, including CGI. You were great. You can pick up your things at the warehouse. You'll be remembered by DVD. Love you!"
3768,3897,1,4,52,57,1.105263157894737,0.04804583837764614,669,"Leave them by the moat, and remember me to Godzilla."
3830,3897,0,6,51,57,1.105263157894737,0.04101019591968312,669,"I’m sorry, you’ll have to use the back entrance."
2885,3897,2,2,53,57,1.105263157894737,0.05417535418851449,669,Have you not heard about Khaleesi?
3896,3897,1,4,52,57,1.105263157894737,0.04804583837764614,669,I think we should start eating different people.
3459,3897,0,6,51,57,1.105263157894737,0.04101019591968312,669,You are pretty scaly!
2570,3897,0,6,51,57,1.105263157894737,0.04101019591968312,669,Do you mind me changing into a dragon scale dress tonight?  This wool one is too hot for your lair.
659,3897,0,6,51,57,1.105263157894737,0.04101019591968312,669,I’m looking for someone who it’s safe to have whisper sweet nothings in my ear.
2262,3897,1,4,52,57,1.105263157894737,0.04804583837764614,669,"Number one, you're not my type, and number two, I don't shop at department stores"""
2011,3897,0,6,51,57,1.105263157894737,0.04101019591968312,669,"I'm sorry Puff, but Jackie Paper doesn't live here anymore."
1611,3897,0,6,51,57,1.105263157894737,0.04101019591968312,669,"See, I’m a nice guy"
1510,3897,0,6,51,57,1.105263157894737,0.04101019591968312,669,Bell flowers for the Bell tower.
1417,3897,1,4,52,57,1.105263157894737,0.04804583837764614,669,You've got the wrong castle- the Kensingtons live down the street.
1202,3897,1,4,52,57,1.105263157894737,0.04804583837764614,669,I thought a dragon could try a less controversial way of conquering a  human female.
980,3897,0,6,51,57,1.105263157894737,0.04101019591968312,669,"I’ll be a minute, I have to do my hair."
625,3897,1,4,52,57,1.105263157894737,0.04804583837764614,669,You are a sweetie! Flowers!!
351,3897,0,6,51,57,1.105263157894737,0.04101019591968312,669,Psst! Give me twenty minutes to get rid of Sir Defender-of-the-Patriarchy.
4136,3897,1,4,52,57,1.105263157894737,0.04804583837764614,669,Even your tail is telling you to get out of here.
2297,3897,0,6,51,57,1.105263157894737,0.04101019591968312,669,"Come back later, I'm down in the dungeon!"
2147,3922,0,6,52,58,1.103448275862069,0.04033776909417944,669,How many times do I have to tell you?  My name is NOT Algernon.
3393,3922,0,6,52,58,1.103448275862069,0.04033776909417944,669,"OK, but not until you bring my sister back."
1408,3922,0,6,52,58,1.103448275862069,0.04033776909417944,669,"Queen Daenerys would welcome you as a dragon, but the thought of another suitor gives her a stabbing pain."
2826,3922,0,6,52,58,1.103448275862069,0.04033776909417944,669,"Gorn, you breathe fire into my heart!"
1,3922,1,4,53,58,1.103448275862069,0.04724506633555822,669,She doesn't live here anymore. Go away!
2434,3927,0,6,53,59,1.1016949152542372,0.03968693424047915,669,"Sorry you didn't see our tweet about our downsizing. Once you get right sized and come back, make sure you bring some decent flowers."
3077,3928,1,4,57,62,1.096774193548387,0.0442916958370775,669,"I'm sorry, but the princess no longer wants to speak with you."""
4013,3929,0,5,48,53,1.0943396226415094,0.04053480419091131,669,I know your type—just another gentleman caller freshly sprung from his bachelor cave hoping to pitch the woo with a wilted posey. Fie on you!
3853,3929,1,3,49,53,1.0943396226415094,0.04866990605836638,669,I can take a message and give it to a crow.
3700,3929,1,3,49,53,1.0943396226415094,0.04866990605836638,669,"Terribly sorry, but the prophecy said “his wife,” not “his wyvern.”"
3638,3929,0,5,48,53,1.0943396226415094,0.04053480419091131,669,"I know it's not your fault that you are so big and mean looking, but still."
3333,3929,0,5,48,53,1.0943396226415094,0.04053480419091131,669,"Ash-cleft, last night was a mistake, mother will only allow me to date Dragoons!"
3232,3929,1,3,49,53,1.0943396226415094,0.04866990605836638,669,She's dead.
3010,3929,0,5,48,53,1.0943396226415094,0.04053480419091131,669,I'm sorry.  My lizard is washing her hair
2971,3929,1,3,49,53,1.0943396226415094,0.04866990605836638,669,Viserion isn't that kind of dragon.
2883,3929,1,3,49,53,1.0943396226415094,0.04866990605836638,669,"If only you  were a few million years older..."""
2842,3929,0,5,48,53,1.0943396226415094,0.04053480419091131,669,"Sorry, the laws of evolution bar creatures with legs, arms, and wings."
2822,3929,1,3,49,53,1.0943396226415094,0.04866990605836638,669,But for me only a bouquet of baby's breath can breath fire.
2475,3929,0,5,48,53,1.0943396226415094,0.04053480419091131,669,"Oh, this is awkward . . . . I was actually hoping to speak to
Prince Charming."
2385,3929,1,3,49,53,1.0943396226415094,0.04866990605836638,669,"Gaah, that is not at all how I imagined you, M'lady. You are ugly!"
2799,3929,0,5,48,53,1.0943396226415094,0.04053480419091131,669,This is the signal.  My parents are out. Come on in and we'll play.
2229,3929,1,3,49,53,1.0943396226415094,0.04866990605836638,669,This is the wrong day. My prince in shining armor is here.
22,3929,0,5,48,53,1.0943396226415094,0.04053480419091131,669,"I’m flattered, really I am, but I’m pretty serious with the chimera right now."
300,3929,1,3,49,53,1.0943396226415094,0.04866990605836638,669,"I'm sorry, Puff. You just don't fit into my life anymore."
2346,3929,1,3,49,53,1.0943396226415094,0.04866990605836638,669,I instructed you to send PETE!
486,3929,1,3,49,53,1.0943396226415094,0.04866990605836638,669,Someone said Mary lived here and that she's a dinosaur.
751,3929,0,5,48,53,1.0943396226415094,0.04053480419091131,669,Wrong address. Daenerys Stormborn lives in the castle around the corner.
1048,3929,1,3,49,53,1.0943396226415094,0.04866990605836638,669,No I can’t tonight. The Game of Thrones marathon is on.
477,3929,0,5,48,53,1.0943396226415094,0.04053480419091131,669,"Romeo,you've GOT to stop showing up unannounced."
1661,3929,0,5,48,53,1.0943396226415094,0.04053480419091131,669,"Can you hear me okay, Mom? Just saying, everything seemed fine till I saw his forked tail."
1807,3929,1,3,49,53,1.0943396226415094,0.04866990605836638,669,She's not back from filming Game of Thrones.
2015,3929,0,5,48,53,1.0943396226415094,0.04053480419091131,669,Not now - the king is in residence!
2050,3929,1,3,49,53,1.0943396226415094,0.04866990605836638,669,"Sorry, Dumbo, I don’t think Uber is your future."
2159,3929,1,3,49,53,1.0943396226415094,0.04866990605836638,669,. . . - - - . . .
1232,3929,1,3,49,53,1.0943396226415094,0.04866990605836638,669,Mother's day is next week
2226,3957,0,5,49,54,1.0925925925925926,0.03981542423923758,669,"We are cleaning the grounds, come back later."
3629,3957,0,5,49,54,1.0925925925925926,0.03981542423923758,669,Do you have dragon breath in the morning?
3518,3957,1,3,50,54,1.0925925925925926,0.04779204982962338,669,"M'lady said that you are really sweet and that she REALLY had a nice time but , er, you are just not her type """
3300,3957,1,3,50,54,1.0925925925925926,0.04779204982962338,669,Sorry
4083,3957,0,5,49,54,1.0925925925925926,0.03981542423923758,669,I won't treat you like my last city.
2485,3957,0,5,49,54,1.0925925925925926,0.03981542423923758,669,Meh -No dragon energy
2375,3957,0,5,49,54,1.0925925925925926,0.03981542423923758,669,My dad says I cannot see you anymore...
2276,3957,0,5,49,54,1.0925925925925926,0.03981542423923758,669,Please wait until we build a bigger door!!
2131,3957,1,3,50,54,1.0925925925925926,0.04779204982962338,669,Ma’am in my culture that gesture is an act of aggression.
829,3957,1,3,50,54,1.0925925925925926,0.04779204982962338,669,Shh...my husband's starting to suspect we're meeting.
1895,3957,0,5,49,54,1.0925925925925926,0.03981542423923758,669,"Sorry Ferdinand, I know you mean well but I don't date dragons.  You're family could never accept us!"
1858,3957,1,3,50,54,1.0925925925925926,0.04779204982962338,669,Roll a persuasion check.
1802,3957,1,3,50,54,1.0925925925925926,0.04779204982962338,669,Where will you kids be going tonight?
859,3957,0,5,49,54,1.0925925925925926,0.03981542423923758,669,My father's name?  You can just call him Mr. Dracarys.
797,3957,0,5,49,54,1.0925925925925926,0.03981542423923758,669,"Sorry, you'll have to use the Service entrance..."
373,3957,0,5,49,54,1.0925925925925926,0.03981542423923758,669,"Is that you, Ted? How are you controlling that thing? You do know I said I wanted a 'dragon dildo' and not a 'dragon date' right?"
243,3957,1,3,50,54,1.0925925925925926,0.04779204982962338,669,"Don't breathe, the place still needs fireproofing."
2028,3957,0,5,49,54,1.0925925925925926,0.03981542423923758,669,"Gerald please, a lovely prince just stopped by!"
3107,3975,0,5,50,55,1.0909090909090908,0.03912104390108503,669,"You're early, Jeffrey - Beatrice is still in the shower!"
3418,3975,0,5,50,55,1.0909090909090908,0.03912104390108503,669,"Sorry, no peddlers."
2895,3977,0,4,46,50,1.08,0.03875617133214439,669,"Don’t worry, my Mom loves flowers."
2404,3977,0,4,46,50,1.08,0.03875617133214439,669,"No, you cannot see the princess.  She already told you that she did not appreciate you burning some villagers to impress her."
2464,3977,0,4,46,50,1.08,0.03875617133214439,669,You have bad manners. If it is love then don’t use white flowers. You’re domesticated.
2465,3977,0,4,46,50,1.08,0.03875617133214439,669,Shh meet me around top.
2936,3977,0,4,46,50,1.08,0.03875617133214439,669,"You must leave. My father ordered I’m too young to date and if you come back here again, he’s going to get his flame thrower."
2442,3977,0,4,46,50,1.08,0.03875617133214439,669,"Quick, step inside before someone notices.  And BTW, I'm allergic to flowers."
2488,3977,0,4,46,50,1.08,0.03875617133214439,669,I am sooooo sorry but we our fire protection inspector has denied  you admittance!
3150,3977,0,4,46,50,1.08,0.03875617133214439,669,"Hannah B., will you accept this rose?"
3593,3977,0,4,46,50,1.08,0.03875617133214439,669,I don't need any more sources for my ever-growing disappointment in humanity
3294,3977,0,4,46,50,1.08,0.03875617133214439,669,Antirrhinums? Oh Smokey you shouldn’t have...”
3388,3977,0,4,46,50,1.08,0.03875617133214439,669,"Haven't you heard , Game of Thrones ended?"
3433,3977,0,4,46,50,1.08,0.03875617133214439,669,"Oh, my...I just accepted your cousin Oscar!"
3644,3977,0,4,46,50,1.08,0.03875617133214439,669,"Keenly I prayed for a dark, sweet D.  Today doth answer my prayer twice over."
3661,3977,0,4,46,50,1.08,0.03875617133214439,669,"Flower, check. Fire, check. Hold on ... I gotta get my pipe."
3684,3977,0,4,46,50,1.08,0.03875617133214439,669,I am the best suitor and have many strong points.
3890,3977,0,4,46,50,1.08,0.03875617133214439,669,"Baby, I’m telling you, your mother has me pegged all wrong!"
3713,3977,0,4,46,50,1.08,0.03875617133214439,669,Maybe if you can fix that breath? Burning my eyebrows off is getting old.
3162,3977,0,4,46,50,1.08,0.03875617133214439,669,Flowers for moi?
2353,3977,0,4,46,50,1.08,0.03875617133214439,669,"Feeling cute, might kill people later"
2746,3977,0,4,46,50,1.08,0.03875617133214439,669,But everyone kept telling me that you would be a frog?
2242,3977,0,4,46,50,1.08,0.03875617133214439,669,It's not my fault you're too overweight to fly over the wall.
2243,3977,0,4,46,50,1.08,0.03875617133214439,669,"But I've had this job for 9 seasons, you can't throw me out. What do I do now?"
93,3977,0,4,46,50,1.08,0.03875617133214439,669,She will be out in a minute she's looking for her incombustible dress.
134,3977,0,4,46,50,1.08,0.03875617133214439,669,She’s been burned to many times.
324,3977,0,4,46,50,1.08,0.03875617133214439,669,I'll be ready in a Snapdragon.
333,3977,0,4,46,50,1.08,0.03875617133214439,669,"Flowers won’t fix King’s Landing, Drogon. I think you should leave."
459,3977,0,4,46,50,1.08,0.03875617133214439,669,"It wasn’t a “Game” of Thrones to me.
Is the Dragon Queen home?"
632,3977,0,4,46,50,1.08,0.03875617133214439,669,Hi there!You ordered an extra large penis? My tail is actually my penis. May I come in?
758,3977,0,4,46,50,1.08,0.03875617133214439,669,"What, I said game of Thrones, not game of thongs !"
1062,3977,0,4,46,50,1.08,0.03875617133214439,669,The Lady wants some venison by Friday.
1381,3977,0,4,46,50,1.08,0.03875617133214439,669,The series is over.
1414,3977,1,2,47,50,1.08,0.04814942727529348,669,"Sweetie, let’s follow my tail trail."
1432,3977,0,4,46,50,1.08,0.03875617133214439,669,Oh!  Puff from Nigeria.  Please come in!
1699,3977,0,4,46,50,1.08,0.03875617133214439,669,She won’t see you. It’s your dragon breathe!
1828,3977,1,2,47,50,1.08,0.04814942727529348,669,Please come around to the loading dock behind the moat. Think you will fit in easier.
1839,3977,0,4,46,50,1.08,0.03875617133214439,669,I'm looking for Donkey.
1904,3977,0,4,46,50,1.08,0.03875617133214439,669,"No, there are no auditions for Game of Thrones."
2099,3977,0,4,46,50,1.08,0.03875617133214439,669,I heard  there is someone here named Rapunzel. Is this is the right address?
1198,3977,0,4,46,50,1.08,0.03875617133214439,669,We have to be discreet or my fiancé’s gonna slay you!
3702,4016,0,4,47,51,1.0784313725490196,0.03802101848953984,669,I'm sorry but you have completely misjudged me
4111,4016,0,4,47,51,1.0784313725490196,0.03802101848953984,669,Forget the flowers. Try a case of breath mints.
2696,4016,0,4,47,51,1.0784313725490196,0.03802101848953984,669,"The princess said: it’s not you, it’s me. She."
2497,4016,0,4,47,51,1.0784313725490196,0.03802101848953984,669,"My Dad got home early from tax collecting so we have to spend like 5 minutes with the Rents before we go out, no weird dragon fire breathing okay?"
512,4020,0,5,60,65,1.0769230769230769,0.033308669376324554,669,Ok.  We can make this trap work for us.
2715,4021,0,4,50,54,1.0740740740740742,0.035973550457676445,669,I'm draggin' tonight...could we reschedule?...
4084,4022,0,3,44,47,1.0638297872340425,0.03604210867489022,669,And her majesty sighed about chivalry being extinct.
2407,4022,0,3,44,47,1.0638297872340425,0.03604210867489022,669,There's no actual Tinder here.
2410,4022,0,3,44,47,1.0638297872340425,0.03604210867489022,669,We are going to have to high tail it if we are going to make it on time!
2564,4022,0,3,44,47,1.0638297872340425,0.03604210867489022,669,Flowers won't offset your making my family's picnic the toast of the town.
2750,4022,0,3,44,47,1.0638297872340425,0.03604210867489022,669,Come back later dear. It's that time of the month.
2954,4022,0,3,44,47,1.0638297872340425,0.03604210867489022,669,"But damsel, you look so ravishing in dis dress."
3070,4022,0,3,44,47,1.0638297872340425,0.03604210867489022,669,Thank you for applying. But we are looking for a rockstar dragon that takes no prisoners and responds to trumpet blasts seven days a week.
3132,4022,0,3,44,47,1.0638297872340425,0.03604210867489022,669,But I promised Prince Charming I'll go to the prom with him.
3366,4022,0,3,44,47,1.0638297872340425,0.03604210867489022,669,"Oh, honey, my father won’t  let me see you anymore."
2273,4022,0,3,44,47,1.0638297872340425,0.03604210867489022,669,"I’m sorry, but Janice is allergic to flowers."
3416,4022,0,3,44,47,1.0638297872340425,0.03604210867489022,669,Mother warned me to beware dragons gifting daffodils!
3479,4022,0,3,44,47,1.0638297872340425,0.03604210867489022,669,"Sorry, she's up in the Tower and won't come down"
3693,4022,0,3,44,47,1.0638297872340425,0.03604210867489022,669,Would you be my Tinder date?
3911,4022,0,3,44,47,1.0638297872340425,0.03604210867489022,669,So early? I still have to put my drag on!
4040,4022,0,3,44,47,1.0638297872340425,0.03604210867489022,669,"Sorry, I already said yes to Leviathan."
4070,4022,0,3,44,47,1.0638297872340425,0.03604210867489022,669,She hasn't finished Dungeons yet.
3361,4022,0,3,44,47,1.0638297872340425,0.03604210867489022,669,"Arranged or not, I'm going to ravage your castle."
2265,4022,0,3,44,47,1.0638297872340425,0.03604210867489022,669,"Flowers because you put up with the fire breath, dear"""
2916,4022,0,3,44,47,1.0638297872340425,0.03604210867489022,669,Your mother is out to pick up groceries.
2032,4022,0,3,44,47,1.0638297872340425,0.03604210867489022,669,"Oh Hello.  I'm sorry, but Puff'no longer does magic."
160,4022,0,3,44,47,1.0638297872340425,0.03604210867489022,669,"I was wrong, go back to the fiery nostrils."""
342,4022,0,3,44,47,1.0638297872340425,0.03604210867489022,669,"I told you before, I don't like Fireweed"
648,4022,0,3,44,47,1.0638297872340425,0.03604210867489022,669,Wait for me here.  My father can be a real knight.
723,4022,0,3,44,47,1.0638297872340425,0.03604210867489022,669,Your dragonlady left the CASTLE. She's heading for the white HOUSE.
812,4022,0,3,44,47,1.0638297872340425,0.03604210867489022,669,I'm sorry. I've got some bad news about Daenerys.
1301,4022,0,3,44,47,1.0638297872340425,0.03604210867489022,669,No ... I liked you better as a fire-breather!
1307,4022,0,3,44,47,1.0638297872340425,0.03604210867489022,669,"She said she will be down in a moment but please, no barbeque restaurants this time."
1310,4022,0,3,44,47,1.0638297872340425,0.03604210867489022,669,"I've already told you, Drogon, flowers are not going to make up for burning down the entire city of King's Landing!"
1333,4022,0,3,44,47,1.0638297872340425,0.03604210867489022,669,It'll never work out between us--you'll never fit through this door.
1336,4022,0,3,44,47,1.0638297872340425,0.03604210867489022,669,You're not a dragon...
1345,4022,0,3,44,47,1.0638297872340425,0.03604210867489022,669,"Oh, when we matched I thought you had missed a 0 in 5 ft height."
2094,4022,0,3,44,47,1.0638297872340425,0.03604210867489022,669,"oh, thank god, you won."
1488,4022,0,3,44,47,1.0638297872340425,0.03604210867489022,669,Would you come for dinner at my place? My specialty is charred.
1498,4022,0,3,44,47,1.0638297872340425,0.03604210867489022,669,Does your mother know you’re here?
1718,4022,0,3,44,47,1.0638297872340425,0.03604210867489022,669,I thought I told you to meet me in the back.
1788,4022,0,3,44,47,1.0638297872340425,0.03604210867489022,669,I'm sorry ... she's not quite ready.
1984,4022,0,3,44,47,1.0638297872340425,0.03604210867489022,669,Dragoon!   oo!  Dragoon!
3744,4059,0,3,45,48,1.0625,0.035308292679127,669,Go away!  I've had it with you dragons.
1438,4059,0,3,45,48,1.0625,0.035308292679127,669,I guess I shall have to climb over or I shall get stuck!
636,4059,0,3,45,48,1.0625,0.035308292679127,669,She has a sore throat.
831,4059,0,3,45,48,1.0625,0.035308292679127,669,"I'm no Daenerys Targaryen, but I am Mother of Rugrats,
Breaker of  Dishes, and Stubborn.....!"
2400,4063,0,3,46,49,1.0612244897959184,0.03460372440370034,669,We don't need you now
3958,4064,0,3,47,50,1.06,0.033926691677251195,669,Are there any more flowers around back?
3438,4065,0,3,52,55,1.0545454545454545,0.030903148567228995,669,The time it takes for Putin to fill our castle again will Dragon
3339,4066,0,2,42,44,1.0454545454545454,0.031765283723713976,669,Yoo Hoo?
3179,4066,0,2,42,44,1.0454545454545454,0.031765283723713976,669,"She said she'll be down as soon as her metamorphosis
is complete...and she finds her lizard bag."
3049,4066,0,2,42,44,1.0454545454545454,0.031765283723713976,669,"I'm sorry, but the princess is now betrothed to St. George."
2978,4066,0,2,42,44,1.0454545454545454,0.031765283723713976,669,Get some drag on!
2957,4066,0,2,42,44,1.0454545454545454,0.031765283723713976,669,Hurry...he won't be home till 6.
2938,4066,0,2,42,44,1.0454545454545454,0.031765283723713976,669,"I’m sorry, Rapunzel is washing her hair tonight."
2643,4066,0,2,42,44,1.0454545454545454,0.031765283723713976,669,"What's up? The last kiss, you were a frog."
2640,4066,0,2,42,44,1.0454545454545454,0.031765283723713976,669,Did you ring?
2604,4066,0,2,42,44,1.0454545454545454,0.031765283723713976,669,"I said ""I saw a dragon"" not ""I'd see a dragon"""
2447,4066,0,2,42,44,1.0454545454545454,0.031765283723713976,669,"Until King Arthur gets over the letdown of the finale or
George R. R. Martin finally writes another book, I think you should make yourself scarce."
2579,4066,0,2,42,44,1.0454545454545454,0.031765283723713976,669,You don't look like your profile picture either.
2546,4066,0,2,42,44,1.0454545454545454,0.031765283723713976,669,Soups on.
2472,4066,0,2,42,44,1.0454545454545454,0.031765283723713976,669,"Please Be quiet, and come around to the back door"
2641,4066,0,2,42,44,1.0454545454545454,0.031765283723713976,669,"For the last time, King George is not interested!"
3355,4066,0,2,42,44,1.0454545454545454,0.031765283723713976,669,"A pox on thee, and be damned. Thy breath would melt my chastity belt."
3823,4066,0,2,42,44,1.0454545454545454,0.031765283723713976,669,"Next time listen more closely when I say ""The car is in the parking lot"""
3487,4066,0,2,42,44,1.0454545454545454,0.031765283723713976,669,"The princess is out for the evening, but I’m free after midnight Your Handsomeness."
3542,4066,0,2,42,44,1.0454545454545454,0.031765283723713976,669,Careful. It may not be what it appears to be.
3553,4066,0,2,42,44,1.0454545454545454,0.031765283723713976,669,"Thank you, Drogon. But our queen is in another castle!"
3582,4066,0,2,42,44,1.0454545454545454,0.031765283723713976,669,Sorry the princess is in another castle.
3681,4066,0,2,42,44,1.0454545454545454,0.031765283723713976,669,You’re just not that hot.
3694,4066,0,2,42,44,1.0454545454545454,0.031765283723713976,669,"I'm sorry Elmo, but Daddy says
you have no future."
3727,4066,0,2,42,44,1.0454545454545454,0.031765283723713976,669,Don’t forget chocolate.
4021,4066,0,2,42,44,1.0454545454545454,0.031765283723713976,669,"You can't keep a lady waiting forever, you know."
3728,4066,0,2,42,44,1.0454545454545454,0.031765283723713976,669,Frog prince didn't I warn you about eating those strange flowers?
3745,4066,0,2,42,44,1.0454545454545454,0.031765283723713976,669,"I said guard the tower, not get me flowers."
3839,4066,0,2,42,44,1.0454545454545454,0.031765283723713976,669,There’s a wall for a reason.
3847,4066,0,2,42,44,1.0454545454545454,0.031765283723713976,669,"Your cold-blooded devotion and fire-breathing passion move me so. But alas, Father has chosen a suitor named Jared."
3928,4066,0,2,42,44,1.0454545454545454,0.031765283723713976,669,"For the last time, fly in the direction of your tail."
2386,4066,0,2,42,44,1.0454545454545454,0.031765283723713976,669,"She told me to tell you that you're not her type--And she doesn't like daisies!  So Shoo!  Go back from where you came from--You, you overgrown Hollywood monster!"
3385,4066,0,2,42,44,1.0454545454545454,0.031765283723713976,669,"They're very nice, but a girl likes a little spontaneity, you know."
2298,4066,0,2,42,44,1.0454545454545454,0.031765283723713976,669,"If I let  you in, you have to promise we’re not going to spend the night watching reruns of Game of Thrones."
387,4066,0,2,42,44,1.0454545454545454,0.031765283723713976,669,"We're talking gold, right? You're not one of those gross hoarders?"
2205,4066,0,2,42,44,1.0454545454545454,0.031765283723713976,669,"Karen I miss you, please come back to the cave"
87,4066,0,2,42,44,1.0454545454545454,0.031765283723713976,669,Why didn't you ask her out the 20 years she was locked up beside you?
158,4066,0,2,42,44,1.0454545454545454,0.031765283723713976,669,Dad's dead set against it.
271,4066,0,2,42,44,1.0454545454545454,0.031765283723713976,669,You don't look at all like your pictures on Tynder.
289,4066,0,2,42,44,1.0454545454545454,0.031765283723713976,669,"Yeah right, not falling for that one. No one likes carnations anymore."
341,4066,0,2,42,44,1.0454545454545454,0.031765283723713976,669,"Unfortunately for us, it's the castle down the road that has the king formerly known as Prince."
371,4066,0,2,42,44,1.0454545454545454,0.031765283723713976,669,"No, there's no Daenerys at this address, so beat it!"
2258,4066,0,2,42,44,1.0454545454545454,0.031765283723713976,669,"The flame in my heart still burns m’lady, but there’s been a wall between us lately."
420,4066,0,2,42,44,1.0454545454545454,0.031765283723713976,669,"Sure, next Friday.  And, oh, I'm allergic to pansies.  So, hot chocolate or lightly toasted marshmellows, those work."
495,4066,0,2,42,44,1.0454545454545454,0.031765283723713976,669,Breath mint.  Then I'll think about it.
615,4066,0,2,42,44,1.0454545454545454,0.031765283723713976,669,Are YOU the dragon lady???
794,4066,0,2,42,44,1.0454545454545454,0.031765283723713976,669,Want a Puff?
825,4066,0,2,42,44,1.0454545454545454,0.031765283723713976,669,Your invitation specified a dragon killer. I was presuming you'd be a different species.
856,4066,0,2,42,44,1.0454545454545454,0.031765283723713976,669,Sorry I prefer guys with loftier towers.
878,4066,0,2,42,44,1.0454545454545454,0.031765283723713976,669,The coast is clear!
883,4066,0,2,42,44,1.0454545454545454,0.031765283723713976,669,oh-hi there. I can't come out to play today
409,4066,0,2,42,44,1.0454545454545454,0.031765283723713976,669,"Saint George has asked me to make it very clear to you, that if you should continue to come around here harassing his little sister, you are going to pay a very steep price for that behavior!"
964,4066,0,2,42,44,1.0454545454545454,0.031765283723713976,669,Is this why you’ve been so possessive of me?
984,4066,0,2,42,44,1.0454545454545454,0.031765283723713976,669,It's your breath.
1089,4066,0,2,42,44,1.0454545454545454,0.031765283723713976,669,"Don't bother with the flowers, her highness asked could you please just send her a picture of your penis?"
1420,4066,0,2,42,44,1.0454545454545454,0.031765283723713976,669,I'm sorry.  Not with breath like yours.
1479,4066,0,2,42,44,1.0454545454545454,0.031765283723713976,669,"You may come in, but you'll have to use the back door."
1736,4066,0,2,42,44,1.0454545454545454,0.031765283723713976,669,You don’t look anything like your picture on my dating app.
1821,4066,0,2,42,44,1.0454545454545454,0.031765283723713976,669,It's only been a month since Daenerys died. I think I'm just a rebound thing.
1926,4066,0,2,42,44,1.0454545454545454,0.031765283723713976,669,"Leave me alone or I will call your mother, Daenerys."
1959,4066,0,2,42,44,1.0454545454545454,0.031765283723713976,669,"Forsooth, she hath been vanquished years ago."
2001,4066,0,2,42,44,1.0454545454545454,0.031765283723713976,669,Hi!  Can I take you for dinner?
2026,4066,0,2,42,44,1.0454545454545454,0.031765283723713976,669,This is a seriously messed up blind date.
2096,4066,0,2,42,44,1.0454545454545454,0.031765283723713976,669,"I’m sorry, she cannot come out. Her energy is draggin’."
2114,4066,0,2,42,44,1.0454545454545454,0.031765283723713976,669,Go away! That's the oldest trick in the book.
2189,4066,0,2,42,44,1.0454545454545454,0.031765283723713976,669,The blond girl is dead
959,4066,0,2,42,44,1.0454545454545454,0.031765283723713976,669,Sir Darius said he appreciates the sportsmanship but it's still too soon after his defeat.
3563,4131,0,2,43,45,1.0444444444444445,0.031067790907534747,669,"Oh, I don’t know. Mother says I should make good choices."
3165,4131,0,2,43,45,1.0444444444444445,0.031067790907534747,669,Sorry! We're not interested!
1020,4133,0,2,46,48,1.0416666666666667,0.029147663515556005,669,f
2805,4134,0,1,39,40,1.025,0.025318484177091666,669,"I told you, you make me feel trapped!"
267,4134,0,1,39,40,1.025,0.025318484177091666,669,"I might be the fair maiden, but you can do better than that."
1437,4134,0,1,39,40,1.025,0.025318484177091666,669,I know we were at my parents for a bar b q but they really didn’t appreciate you trying to help with the fire breathing
1920,4134,0,1,39,40,1.025,0.025318484177091666,669,"Look, I know it's been a great 16 years, but I've been... rescued. Tell you what, come back in 9 months and you will be at the top of the list for my daughter. Truly, you've been great! You really served the kingdom well. It's not you, it's me."
2279,4134,0,1,39,40,1.025,0.025318484177091666,669,I'm sorry but Lady Gaga is waiting for Bradley to call.
2729,4134,0,1,39,40,1.025,0.025318484177091666,669,"Jeez week, I am sorry but I cannot accept the flowers as your tail is too sharp for me to open the door any further. Even though you’re sitting I still don’t feel safe enough.

Too bad cause the flowers are pretty but not you."
2797,4134,0,1,39,40,1.025,0.025318484177091666,669,"I'm sorry, but your girlfriend who previously held this castle was evicted (and killed) at the end of last month."
2844,4134,0,1,39,40,1.025,0.025318484177091666,669,"You look nothing like your Tinder photo” 

Savannah Fletcher, Los Angeles"
2892,4134,0,1,39,40,1.025,0.025318484177091666,669,Did I forget to mention the drawbridge? I hope it didn't fall on your tail.
3089,4134,0,1,39,40,1.025,0.025318484177091666,669,This is a late entrant for the 6-23 deadline for the cartoon showing  mice:  “Damn IKEA furniture.”
3282,4134,0,1,39,40,1.025,0.025318484177091666,669,"Listen, being thoughtful isn't going to cut it. I told you no visitors allowed during fire drills."
3455,4134,0,1,39,40,1.025,0.025318484177091666,669,"Rex, my husband is home, please come back in an hour."
3795,4134,0,1,39,40,1.025,0.025318484177091666,669,"I don't give two shits what David Icke wrote. Anyway, she's in Balmoral."
77,4147,0,1,40,41,1.024390243902439,0.02469323991623974,669,"Lancelot? No, but I lance a little. Now, if you'll excuse me, I must feed the royal aardvark. Burp! I'm Guinevere!"
2758,4147,0,1,40,41,1.024390243902439,0.02469323991623974,669,"I'm sorry, I'm no longer interested in dragons after I seen the end of Game of Thrones."
