target_id,rank,funny,somewhat_funny,unfunny,count,score,precision,contest,caption
800,1,3082,3241,2757,9080,2.03579295154185,0.008407643018899248,671,"Armstrong? No, though I do get mistaken for Lance a lot."
351,2,3010,3896,2742,9648,2.0277777777777777,0.007856216267090481,671,It’s the swimming portion that I am most concerned with.
3641,3,2601,3752,2532,8885,2.0077658975801915,0.008063618478079293,671,I think you misunderstood 'ironman competition'.
2754,4,2311,3748,2468,8527,1.9815878972675032,0.008105248468925593,671,"Whew, I'm a lot rustier than I thought."
2131,5,2198,3271,2508,7977,1.961138272533534,0.008589284607894623,671,"It started as a crusade, now it's just a commute."
2692,6,2028,2902,2325,7255,1.9590627153687112,0.009081957945414615,671,I always said I'd take up cycling when I hit the middle ages.
3659,7,963,1382,1310,3655,1.905061559507524,0.012950946539155333,671,"I said, '""Wear your Under Armour."""
1666,8,1749,2640,2602,6991,1.8779859819768274,0.009322425160943773,671,You won't believe how many people want to shoot the messenger.
2686,9,1887,2563,2770,7220,1.8777008310249308,0.00934224641295563,671,"Costume party?  No, substitute teacher, seventh grade."
289,10,1153,1865,1782,4800,1.8689583333333333,0.011128138605948704,671,It’s just until I can afford health insurance.
3423,11,1449,2381,2627,6457,1.8175623354498993,0.00962404666563107,671,Anyone wearing spandex shouldn’t judge anyone’s else’s fashion choices.
1008,12,817,1746,1646,4209,1.8030411023996198,0.01139489306823773,671,"It's your first Ironman, right?"
688,13,1236,2112,2377,5725,1.800698689956332,0.010164361106343469,671,It’s honestly more comfortable than the seat.”
1616,14,661,1260,1319,3240,1.7969135802469136,0.01326420687701505,671,Well the helmet would look stupid without the rest of it.
1289,15,1193,1975,2336,5504,1.7923328488372092,0.010424781526011341,671,"It started with wearing a helmet like everyone else. Then I scraped my knee, so I started wearing knee pads, then it sort of snowballed"
3284,16,1010,1978,2109,5097,1.7843829703747303,0.010533622273004853,671,First time biking in New York City?
3717,17,609,1100,1321,3030,1.765016501650165,0.013858532189639505,671,It even comes with knight vision.
1116,18,354,746,806,1906,1.762854144805876,0.01702809551910222,671,Water bottle? No that's WD-40.
3109,19,554,800,1166,2520,1.7571428571428571,0.015733490130052784,671,Stay clear of magnet schools.
3691,20,678,1133,1517,3328,1.7478966346153846,0.013384323692900886,671,You said we were doing a century.  I picked the 13th.
3117,21,1182,2210,2787,6179,1.7402492312671953,0.009646272877413528,671,"No, no! The coach suggested UNDER armor."
157,22,702,1166,1635,3503,1.7336568655438196,0.013047860150211874,671,Surely you joust.
1830,23,901,1276,2125,4302,1.715481171548117,0.01202998275734428,671,"Normally, I wouldn't send a knight out on a bike like this."
2923,24,416,806,1081,2303,1.7112462006079028,0.015689246514401727,671,I’m putting metal to the pedal.
1224,25,587,1145,1539,3271,1.7089575053500459,0.013147579267799112,671,All attempts to pass me are feudal.”
1393,26,680,1206,1833,3719,1.6899704221564937,0.01248561237868525,671,Don’t ask. It was Amazon prime day.
3627,27,662,1136,1795,3593,1.6846646256610076,0.012755116778541235,671,"The bike?  It’s a $15,000 carbon fibre kit that weighs 3.4 pounds. Why?"
2661,28,551,978,1513,3042,1.6837606837606838,0.013792439882574462,671,I'm Medieval Knievel
3460,29,545,1316,1663,3524,1.6827468785471056,0.01221799326646737,671,This part isn't nearly as bad as the swim.
887,30,319,666,938,1923,1.6781071242849714,0.016917057921055818,671,Laundry day.
2860,31,359,700,1083,2142,1.661998132586368,0.016157754409542077,671,I just thought I was too old for Lycra and too young to die.
2125,32,274,749,941,1964,1.660386965376782,0.01601226008561422,671,I'm in the middle age division.
593,33,596,1321,1919,3836,1.655109489051095,0.011829750586632213,671,"It's New York, Mom.  Every day's a battle."
3339,34,263,612,864,1739,1.6543990799309949,0.017440241707658753,671,"Laugh all you like, but I’ll get into the Met for free today!"
1960,35,388,778,1225,2391,1.6499372647427855,0.015198398037757807,671,"On thy left, fair maiden."
1813,36,350,778,1156,2284,1.6471103327495622,0.015305881221061218,671,"Dress for the job you want, not the job you have."
3220,37,75,177,255,507,1.6449704142011834,0.03220615311953491,671,It’s cheaper than health insurance
2998,38,314,743,1091,2148,1.638268156424581,0.01561123685573294,671,Do you know where there's a White Castle around here?
3562,39,198,523,729,1450,1.6337931034482758,0.018672338197586253,671,"Honey, I said NIGHT ride."
2484,40,109,231,378,718,1.6253481894150419,0.027390176326060247,671,Do you know how expensive it is to keep a steed in Manhattan?
1017,41,369,858,1352,2579,1.618844513377278,0.014230091465015577,671,Out for your knightly ride?
395,42,281,651,1029,1961,1.6185619581845998,0.016327820526090473,671,I'm between insurance plans.
764,43,210,454,749,1413,1.6185421089879688,0.019432232857968572,671,I really want to be like Lance. A lot.
2575,44,231,511,837,1579,1.616212792906903,0.018310877486339545,671,Did you see a lion and scarecrow back there?
2148,45,215,479,785,1479,1.614604462474645,0.018893670167951078,671,This is not what I meant when I told you to bring protection
3245,46,219,528,835,1582,1.6106194690265487,0.018041838740516503,671,"It burns calories, protects me against falls, and I get terrific reception on my cell phone."
2085,47,279,603,1069,1951,1.5950794464377243,0.016438963637438114,671,Let me guess: You’re a Knight in riding armor?
2538,48,231,538,913,1682,1.5945303210463733,0.017515812975132782,671,It’s SPF 150.
1895,49,325,607,1184,2116,1.5940453686200378,0.016101610472298317,671,"Not sure why, but my sponsor said all my clothes had to be under armor."
1598,50,312,759,1260,2331,1.5933075933075933,0.01478007533545199,671,Right now?  I'm putting my metal to the pedal.
1853,51,288,538,1072,1898,1.5869336143308745,0.016964098828498076,671,I used to race with Lance a lot.
1182,52,206,370,758,1334,1.5862068965517242,0.020338728502982073,671,I work at the White House.
1126,53,210,533,883,1626,1.58610086100861,0.01755675149134558,671,Lycra makes me chafe.
2466,54,166,333,638,1137,1.584872471416007,0.02169720290854176,671,"Honestly the armor is not so bad, it's the chastity belt that's the killer."
3442,55,226,601,999,1826,1.576670317634173,0.016413446864916324,671,It's my first Ironman.
199,56,173,386,715,1274,1.5745682888540031,0.020133590126267312,671,"At least when they door me, I have the satisfaction of scratching their paint."
284,57,245,493,978,1716,1.5728438228438228,0.017583479574540133,671,"Oh, you meant a night ride."
1422,58,213,512,916,1641,1.5716026812918953,0.01753864830302713,671,Obviously you have never ridden in this part of the city.
1048,59,120,326,545,991,1.5711402623612514,0.022181953708439346,671,Are you sure your therapist wasn't using a metaphor?
1880,60,167,376,719,1262,1.5625990491283677,0.020125313796059943,671,My therapist said I need to get off my high horse.
721,61,129,312,574,1015,1.561576354679803,0.0222145612253869,671,Everyone just assumes I have a good reason.
827,62,169,359,714,1242,1.5611916264090178,0.020438333021891165,671,And my pants leg STILL gets caught in the gear!
2595,63,138,415,682,1235,1.5595141700404858,0.01951477528877133,671,The horse is on backorder.
2836,64,44,111,203,358,1.5558659217877095,0.0371494466388219,671,"Well, you said you wanted a knight out on the town."
2032,65,129,397,656,1182,1.5541455160744502,0.019850038439490365,671,My mom is kind of overprotective.
2638,66,139,414,698,1251,1.5531574740207834,0.019378266283193696,671,My worst stage of a triathlon?  Probably swimming.
1273,67,134,280,597,1011,1.5420375865479723,0.0225440584363706,671,"If you see a dragon on a scooter,
let me know."
2392,68,152,257,629,1038,1.5404624277456647,0.022845624585648455,671,"Shirley, you joust?"
1622,69,128,321,619,1068,1.5402621722846441,0.021387646584958127,671,Do you have any WD-40?
0,70,129,291,599,1019,1.5387634936211974,0.02219946177457288,671,My wife took the horse today
628,71,115,316,583,1014,1.5384615384615385,0.02166206321834277,671,You said to wear protection.
2420,72,116,285,564,965,1.5357512953367876,0.022525604441389825,671,I wanted to be like Lance... a lot.
2349,73,78,241,424,743,1.5343203230148048,0.02486572399687744,671,"You have no idea what the Iron Man competition actually is, do you?"
933,74,86,157,379,622,1.5289389067524115,0.02909504306896072,671,"I'll admit, when I pre-ordered Tesla's ""eco-friendly armored vehicle"" for $70,000, I was sort of expecting a car..."
3505,75,98,222,479,799,1.5231539424280351,0.02490006412211182,671,It’s protection against the slings and arrows of outrageous fortune.
1206,76,76,193,391,660,1.5227272727272727,0.02698244529576056,671,"What, you’ve never lost a bet?"
298,77,90,215,461,766,1.5156657963446476,0.025172386780003452,671,The worst part is going to the rest room at Starbucks.
3592,78,83,213,444,740,1.5121621621621621,0.02533073264676745,671,My wife says I’m having a middle age crisis.
3338,79,83,214,445,742,1.5121293800539084,0.02528041265660477,671,"You said on your profile ⁠— ""looking for a knight in shining armor."""
713,80,77,211,427,715,1.5104895104895104,0.025527339810625608,671,Do you switch to chain mail in hotter weather?
2939,81,96,178,451,725,1.5103448275862068,0.026663458418720455,671,Make fun all you want; you have no idea how high my deductible is.
2219,82,74,202,417,693,1.505050505050505,0.02588153050601414,671,"Can't talk now, I'm on a crusade!"
3168,83,68,206,404,678,1.5044247787610618,0.025798056555866013,671,You wanna know what looks weird?  Those stretchy black pants.
3041,84,58,146,316,520,1.5038461538461538,0.030190855018348683,671,Navigating traffic and jaywalkers was a lot more fun before the police took away my lance.
1877,85,89,157,422,668,1.501497005988024,0.02782642776608044,671,"I think I'm lost, is this not the cartoon with the dragon from last week?"
536,86,71,187,399,657,1.5007610350076104,0.02665650297572627,671,Going out for bagels doesn’t qualify as a quest.
2551,87,74,166,390,630,1.4984126984126984,0.027765716281538233,671,Spandex makes my butt look big.
3515,88,63,177,368,608,1.4983552631578947,0.027445742099346263,671,It's an easier way to get buns of steel.
3759,89,71,190,406,667,1.497751124437781,0.026363379363135254,671,"It's laundry day, okay?"
2182,90,70,178,392,640,1.496875,0.027084179744809322,671,History is cyclical.
3081,91,76,162,394,632,1.4968354430379747,0.0278806692711382,671,The dragon was in last week's cartoon.
785,92,74,162,389,625,1.496,0.027930316219165228,671,My kingdom for a horse!
3447,93,69,156,373,598,1.491638795986622,0.028375896329873848,671,Aren’t you taking this Iron Man thing a little too seriously?
346,94,70,164,389,623,1.4879614767255216,0.027622110507275692,671,I hate delivering for Round Table Pizza.
1367,95,63,145,351,559,1.4847942754919499,0.029181525874355137,671,"Joan of Arc, what’s yours?"
2977,96,45,175,329,549,1.482695810564663,0.027473776191253834,671,I thought you said that this was an Iron Man competition
2425,97,44,176,327,547,1.482632541133455,0.02742208025480978,671,"You invited me out for a ""night ride""?"
3100,98,41,179,321,541,1.4824399260628467,0.027259480454597952,671,This is a cakewalk; the swim and the run are the hardest.
863,99,54,149,332,535,1.480373831775701,0.029077063189807788,671,I thought you said “dress for a knight ride.”
1637,99,62,133,340,535,1.480373831775701,0.030024662598415814,671,It just got too expensive to keep a horse in the city.
2004,99,53,151,331,535,1.480373831775701,0.0289564329414639,671,You have to decide if the safety is worth the chafing.
3577,99,56,145,334,535,1.480373831775701,0.029316834649143718,671,I'm a bike messenger for Brinks.
441,103,55,140,328,523,1.4780114722753346,0.029680338850346006,671,I lost my healthcare coverage.
1191,104,49,147,317,513,1.4775828460038987,0.029332769165067957,671,My lawyer told me to wear something court-appropriate.
2391,105,44,90,239,373,1.477211796246649,0.036122760776139934,671,You said we were going to see Queens.
1897,106,57,134,329,520,1.476923076923077,0.030051280027882377,671,No...I said dress appropriately for a NIGHT ride.
651,107,48,141,308,497,1.476861167002012,0.029872833574095634,671,"Sure, you're protected from concussions, cuts and scrapes but keep an eye out for lightning."
3438,108,58,118,316,492,1.475609756097561,0.03143471797790172,671,"Its heavy, it hurts and its ruining my hair. But at least its not plastic."
1192,109,52,137,318,507,1.47534516765286,0.029971011830410666,671,Think we'll have enough momentum to clear the moat?
1703,110,41,157,306,504,1.4742063492063493,0.02862081921953862,671,The best biking accessory for me has been WD-40.
2024,111,60,118,324,502,1.4741035856573705,0.031221736134243203,671,When you drink and joust they take away your horse.
1221,112,52,129,313,494,1.4716599190283401,0.03053688474316644,671,“How do I get to Queens?
2728,113,49,125,302,476,1.468487394957983,0.030946109649710063,671,"Yeah, she took the castle *and* the horse in the divorce."
1205,114,36,73,201,310,1.467741935483871,0.03946312365702424,671,I’m heading home now; my knight shift is over!
3332,115,31,110,227,368,1.4673913043478262,0.033724922415442254,671,Not bad for a Middle-Aged man huh?
2382,116,42,137,294,473,1.46723044397463,0.030060532440505577,671,"I feel safer, but the chaffing is ridiculous."
2639,117,40,138,289,467,1.4668094218415417,0.030028762870120077,671,"I'm a little rusty, but I think I can make it."
479,118,45,112,277,434,1.4654377880184333,0.0324581352457481,671,"Well, all I can say is the genius who invented Bike to Work Day never worked at Medieval Times."
2090,119,41,132,287,460,1.4652173913043478,0.030502367481869394,671,Because it has a lower carbon footprint than my horse.
1115,120,45,123,291,459,1.4640522875816993,0.03116326192434215,671,I thought I was ordering gear for ‘Night’ cycling.
2794,121,45,121,289,455,1.4637362637362636,0.031360035850328725,671,Do you think your second week in congress will go better?
2981,122,26,73,171,270,1.462962962962963,0.04049970629477742,671,When I set up my on-line dating profile I didn't literally mean I wanted a knight in shining armor.
1850,123,45,116,285,446,1.4618834080717489,0.03181197737100979,671,You’re right—I can see better with the visor up!
2626,124,55,101,302,458,1.460698689956332,0.03269881385966743,671,"Well, I would look stupid in just the helmet."
299,125,42,118,279,439,1.460136674259681,0.03168606275061222,671,"Metal to the pedal, baby."
3306,125,46,110,283,439,1.460136674259681,0.03233592632256499,671,"Of course I'm wearing a helmet, Mom."
644,127,48,105,284,437,1.459954233409611,0.03276535883450415,671,I am a knight in riding armor.
1304,128,52,75,263,390,1.458974358974359,0.03638495845343732,671,It's a tin speed.
207,129,40,116,273,429,1.456876456876457,0.03186641753647584,671,"The clanging is annoying, but worse is the chafing."
2909,130,46,120,299,465,1.4559139784946236,0.0310000655266764,671,"Titanium, lighter than it looks and matches my bike."
3618,131,37,126,276,439,1.4555808656036446,0.030840281610273516,671,These helmet laws are getting out of hand.
1214,132,36,73,210,319,1.4545454545454546,0.038593153393315996,671,My horse is still finishing the swim.
438,132,53,89,287,429,1.4545454545454546,0.034008662014524314,671,It won't help. He's still president.
176,134,43,102,269,414,1.4541062801932367,0.03321451428268525,671,My mother is a little overprotective.
796,135,39,98,251,388,1.4536082474226804,0.034057207273284214,671,To the Cloisters.  Why do you ask?
94,136,31,71,192,294,1.4523809523809523,0.03956317711066614,671,My other bike is a horse.
1827,137,44,93,264,401,1.4513715710723192,0.03417186882038711,671,Nobody likes a knight in shining spandex.
1590,138,40,96,257,393,1.4478371501272265,0.033913206222291825,671,"Because I consider the rest of my body just as important as my head, that's why!"
1913,138,37,102,254,393,1.4478371501272265,0.03333404685625772,671,"Yes, the visor does mess with my peripheral vision, but that’s where the rest of the armor comes in."
2126,138,41,94,258,393,1.4478371501272265,0.034104073780549964,671,I say “night ride” and your first thought is “knight ride”?
3151,138,43,90,260,393,1.4478371501272265,0.03448263958481428,671,Lance-less Armstrong
1331,142,39,97,255,391,1.4475703324808185,0.033845032245872625,671,This is nothing. The swim was a bitch!!
1515,143,37,111,266,414,1.4468599033816425,0.03211360326231272,671,First time in New York?
2064,144,32,115,254,401,1.4463840399002494,0.03188754954244745,671,"You said let’s ride any time, so I chose the Middle Ages."
2110,145,31,109,244,384,1.4453125,0.03265723605944008,671,Mind if I set the pace? I'm a bit rusty.
2363,146,40,88,251,379,1.4432717678100264,0.034803442855140566,671,So you change at work then?
1063,147,34,99,244,377,1.442970822281167,0.03370392937797586,671,"Really lowers the insurance."""
1330,147,35,97,245,377,1.442970822281167,0.03391259358833217,671,Turns out he wasn't a faithful steed.
2524,149,32,102,241,375,1.4426666666666668,0.03340640831425469,671,"OK, I’ll admit it. Under Armour would have been a better choice."
3443,150,35,92,241,368,1.440217391304348,0.03449295750108076,671,"No, I said I wanted to go for a night ride."
2510,151,38,85,243,366,1.4398907103825136,0.03526949656206779,671,"Yes,  it is really hot in here,  and stop calling me 'Rusty'."
3637,151,41,79,246,366,1.4398907103825136,0.03590057003968675,671,I always imagined you’d be riding a white horse.
3747,151,32,97,237,366,1.4398907103825136,0.03397219899971486,671,"""You save time with the aerodynamics but any bathroom break takes all day."""
2718,154,27,102,228,357,1.4369747899159664,0.03340626358780035,671,I haven’t been on the road in ages.
720,154,34,88,235,357,1.4369747899159664,0.03501620866137574,671,Just the helmet? You must be new here.
2748,156,35,83,234,352,1.4346590909090908,0.03559002877270815,671,You think Lycra chafes...
3174,156,44,65,243,352,1.4346590909090908,0.03758108292385731,671,I figured it was the logical thing to wear over my Under Armour.
3211,158,35,82,233,350,1.4342857142857144,0.035735482862214,671,It's cumbersome but cars feel threatened.
988,159,29,93,226,348,1.4339080459770115,0.0344699894650091,671,What makes you say I'm having a middle age crisis?
930,160,33,83,228,344,1.433139534883721,0.03570980148667625,671,"He who rests, rusts."
225,161,40,76,245,361,1.4321329639889198,0.03601699882703986,671,"On your left, m'lady."
1966,162,34,72,218,324,1.4320987654320987,0.03754320382463454,671,I voted for Trump.
2858,163,28,91,222,341,1.4310850439882699,0.03470351748311073,671,I think you dropped a gauntlet.
1843,163,31,85,225,341,1.4310850439882699,0.035441289922086935,671,"Gosh, I thought my parents were overprotective.  Yours are, like, from the Middle Ages."
3650,165,26,94,219,339,1.4306784660766962,0.03434022497358877,671,Is this the way to White Castle?
71,166,23,99,215,337,1.4302670623145401,0.03370194258046729,671,Fair maiden...will this road lead me to Queens?
286,167,33,77,223,333,1.4294294294294294,0.03653756907785606,671,Passing on ye left!
2767,168,40,73,244,357,1.4285714285714286,0.03629574196704408,671,I'll take it off when this street gets a bike lane.
357,169,23,95,212,330,1.4272727272727272,0.034168573840364994,671,It's cheaper than having health insurance.
2500,169,29,83,218,330,1.4272727272727272,0.0357493945177637,671,"I love the knight thing but I just can't ride a horse."""
3537,169,27,87,216,330,1.4272727272727272,0.03523033661991656,671,"'It's hot and heavy, but I saved 20% on medical insurance."""
3721,172,27,86,215,328,1.4268292682926829,0.035378261365653786,671,My friends told me to buy under armor but that stuff is WAY too expensive.
1728,173,20,83,186,289,1.42560553633218,0.03646125075345624,671,It's been a while - I feel rusty.
1745,174,35,67,220,322,1.4254658385093169,0.03793074370648185,671,Paleo is over. I'm going medieval on my body.
3360,174,25,87,210,322,1.4254658385093169,0.03528805194689945,671,"Not everyone can afford private health insurance, Jane."
3664,176,26,104,238,368,1.423913043478261,0.032410645258701826,671,I just got dropped from my parents health care coverage.
1272,177,24,87,208,319,1.4231974921630095,0.03522486588775509,671,"With all the drive-by shootings, it was either this or a stretch limo."
2821,177,33,69,217,319,1.4231974921630095,0.03765942741618278,671,Pardon me.  Do you happen to have any grey poupon?
372,179,35,78,237,350,1.4228571428571428,0.03566996841034412,671,I'm training for an Ironman.
3519,180,34,66,217,317,1.4227129337539433,0.038092897374464176,671,"Listen Merlin, I want my horse back."
192,180,32,70,215,317,1.4227129337539433,0.037565110305290576,671,I look ridiculous in bike shorts.
1394,182,33,67,215,315,1.4222222222222223,0.03800244824529307,671,But you said it was an Ironman triathalon
738,182,32,69,214,315,1.4222222222222223,0.0377354696572094,671,I'm a middle age biker.
453,184,35,73,231,339,1.4218289085545723,0.03650317956397021,671,This is why you are single
1153,185,27,75,206,308,1.4188311688311688,0.03693185449960072,671,I'm done swerving for jaywalkers
2691,186,29,69,206,304,1.417763157894737,0.03784746942919622,671,You know that only the helmet is required...
3067,187,39,69,244,352,1.4176136363636365,0.03638991893280923,671,"So, do you lance a lot  ?"
3614,188,17,91,192,300,1.4166666666666667,0.034524427341238124,671,There’s not much work available since ‘Game of Thrones’ ended.
1525,189,28,68,202,298,1.4161073825503356,0.038089098620906925,671,I have an overprotective mother.
3034,190,25,73,199,297,1.4141414141414141,0.0372617871603091,671,Over Armour.  It’s a thing.
2629,191,24,73,196,293,1.4129692832764504,0.03729960978641307,671,I have a very high deductible.
2550,191,21,79,193,293,1.4129692832764504,0.03634737107959711,671,Time to put some metal to the pedal.
2323,191,23,75,195,293,1.4129692832764504,0.03698492109331088,671,I save 15 minutes cutting through the dog park.
950,191,17,87,189,293,1.4129692832764504,0.03503748530698135,671,"I'll tell you what, it's more effective than ankle weights."
3436,191,23,75,195,293,1.4129692832764504,0.03698492109331088,671,Then tell me why do they call it an Iron Man?
1914,196,32,66,217,315,1.4126984126984128,0.037669068391305814,671,Overprotective mother.
413,197,24,71,194,289,1.411764705882353,0.03765267523465004,671,I get stiff when it rains.
518,198,23,72,192,287,1.411149825783972,0.0375091779997658,671,"Now that I've tried both, I think I prefer the Under Armour."""
2254,199,31,69,219,319,1.4106583072100314,0.03704388985768092,671,"In the long run, it’s cheaper than sunscreen."
3686,200,29,59,197,285,1.4105263157894736,0.039606481177710685,671,'Tis a courtesy loaner from my farrier
138,201,27,82,223,332,1.4096385542168675,0.034957264005123875,671,My horse is in the shop.
2426,202,32,51,198,281,1.4092526690391458,0.04094957391374869,671,It’s a 10-steed
1400,203,25,66,193,284,1.408450704225352,0.038417230770060116,671,I misread night ride.
3031,203,24,68,192,284,1.408450704225352,0.038091985140965484,671,"Don't look now, I just saw the Four Horsemen of the Apocalypse on two tandems behind us."
3222,203,26,64,194,284,1.408450704225352,0.03873974584455314,671,I said I was in the mood for amour
735,206,25,65,192,282,1.4078014184397163,0.03860579060143499,671,"Pardon me, but do you have any W40?"
1244,206,25,65,192,282,1.4078014184397163,0.03860579060143499,671,"'Thought I was getting a noble steed, not 6-speed."""
1765,206,28,59,195,282,1.4078014184397163,0.03957429077748307,671,"Chivalry is dead, but not from a head injury."
3658,209,27,56,187,270,1.4074074074074074,0.040509148620057014,671,It's a Schwinn 10 steed
2480,210,16,82,182,280,1.4071428571428573,0.035704043590268304,671,Sunscreen would probably suffice.
2946,210,24,66,190,280,1.4071428571428573,0.0384654629081036,671,I cross-train with Shakespeare in the Park.
2300,212,19,75,184,278,1.4064748201438848,0.03693802440555238,671,My insurance doesn't kick in until the end of the month.
1408,212,23,67,188,278,1.4064748201438848,0.03831847668829981,671,This helmet just doesn't work without the suit.
2345,212,25,63,190,278,1.4064748201438848,0.03899037907067681,671,It seemed easier than getting my brakes fixed.
349,212,26,61,191,278,1.4064748201438848,0.039322025154571075,671,You're not fooling anyone Lance!
1061,216,29,53,192,274,1.405109489051095,0.040720373308406506,671,This is not what I meant when I said you should use protection.
142,217,25,60,187,272,1.4044117647058822,0.039586721966256025,671,I haven't been riding in ages.
837,217,27,56,189,272,1.4044117647058822,0.04026628620283345,671,"A neon green helmet? Sharon, you look like a nerd."
1413,217,21,68,183,272,1.4044117647058822,0.0381913348675322,671,Your other bike is a horse?
2277,217,21,68,183,272,1.4044117647058822,0.0381913348675322,671,"I know it's a bit clunky.  But when I fall down, I skin the asphalt!"
1472,221,21,67,182,270,1.4037037037037037,0.03838188945580538,671,"I had a horse and chariot, but parking was impossible."
1057,222,23,62,184,269,1.4014869888475836,0.03917521414593495,671,Is my helmet crooked? I don't want people staring at me funny.
1253,222,26,56,187,269,1.4014869888475836,0.04022343087203965,671,Courier for six years in Midtown.
1427,222,23,62,184,269,1.4014869888475836,0.03917521414593495,671,....The weight actually helps on the way down to work.... I switch to my Age of Enlightenment outfit on the way home.
3695,225,25,60,189,274,1.4014598540145986,0.03935243179410728,671,This kit received the highest rating on crash tests.
2621,226,15,63,154,232,1.4008620689655173,0.03999361504547958,671,I'm on my way to knight school.
1373,227,22,63,182,267,1.400749063670412,0.039017215167536465,671,Are you going to Scarborough Fair?
1747,228,20,69,183,272,1.400735294117647,0.03779949733629258,671,Have you seen the way New Yorkers drive? A helmet isn’t enough
2947,229,22,62,181,265,1.4,0.03921762010501112,671,"No, just the usual parent/teacher meetings."
1734,229,20,66,179,265,1.4,0.03848176448432855,671,"Honestly, I'm just happy I made it past the swimming leg."
5,229,16,46,133,195,1.4,0.045639926684266,671,"And on Fridays, I catapult to the city."
90,229,29,48,188,265,1.4,0.04169095918492065,671,You insisted that the night ride invite didn’t have a typo. Well: this is where we find out who was right.
3107,229,22,62,181,265,1.4,0.03921762010501112,671,I just don't like how I look in spandex.
3233,229,23,60,182,265,1.4,0.039580418026314394,671,"Yeah, I suppose the fixed gear is a little anachronistic."
534,235,17,70,174,261,1.3984674329501916,0.037721618830075555,671,It does give you a downhill advantage.
2469,235,16,72,173,261,1.3984674329501916,0.037328917529121625,671,Difficult? This is a piece of cake after the swim leg.
1313,237,24,57,183,264,1.3977272727272727,0.040026534501017466,671,I shifted into 17th century gear and this happened.
62,238,20,63,176,259,1.3976833976833978,0.03907711851203523,671,"I asked for a noble steed, and I got this ten speed."
3653,239,26,52,184,262,1.3969465648854962,0.04095850025474803,671,"The cabbies don't seem to notice, but it freaks out the SUVs from Jersey."
1995,239,25,54,183,262,1.3969465648854962,0.04059989261482832,671,"Without the rest of the outfit, the helmet just didn't look right."
3459,239,25,54,183,262,1.3969465648854962,0.04059989261482832,671,Don't tell the Met Museum staff that you saw me.
2663,239,22,60,180,262,1.3969465648854962,0.039504542675340266,671,Have you seen a white stallion by any chance?
3497,243,25,52,180,257,1.3968871595330739,0.041170390571613785,671,Just found out my agent sent me to the wrong audition .
3761,243,22,58,177,257,1.3968871595330739,0.040047528784742145,671,A friend told me to try knight riding. I wish he would've texted me.
641,243,28,46,183,257,1.3968871595330739,0.04226343050290286,671,This museum job is killing me.
3145,243,24,54,179,257,1.3968871595330739,0.0407995370946093,671,I said I like cycling AT night!
109,247,18,65,172,255,1.396078431372549,0.038698144280023314,671,I avoid hills like the plague.
384,247,22,57,176,255,1.396078431372549,0.040262393660035194,671,Can't talk now. It looks silly being on a bike with a phone.
2178,247,25,51,179,255,1.396078431372549,0.04139680932903221,671,You wouldn't need all that armour if you just put your phone away!
1300,247,28,45,182,255,1.396078431372549,0.042500956483505804,671,My lance is still stuck in the BMW that tried to run the red light.
3643,247,18,65,172,255,1.396078431372549,0.038698144280023314,671,It blocks 99% of UV rays!
2029,247,22,57,176,255,1.396078431372549,0.040262393660035194,671,It's not a water bottle. It's 3-in-1 oil.
1577,247,22,57,176,255,1.396078431372549,0.040262393660035194,671,"Statistics show that cycling takes more lives every year than jousting. So, no Karen, I don't think it's ""too much""."
2427,254,21,58,174,253,1.3952569169960474,0.04009100717064878,671,And you think Gore-tex and plastic will protect you
2773,254,25,50,178,253,1.3952569169960474,0.041626520900802697,671,Last time I was sweating this much I had the black plague.
3334,254,22,56,175,253,1.3952569169960474,0.04048034649733127,671,Who do you think you are...Evel Midieval?
3444,254,23,54,176,253,1.3952569169960474,0.040865976669241466,671,I have overprotective parents.
1983,254,21,58,174,253,1.3952569169960474,0.04009100717064878,671,"Wait, you said Under Armour?"
3315,259,27,52,190,269,1.3940520446096654,0.040496845518039275,671,I'd race – if I only had the heart.
3681,260,20,67,185,272,1.3933823529411764,0.037725533400480175,671,I see you’re training for the Iron Man.
102,261,18,63,171,252,1.3928571428571428,0.03897989833471725,671,I just assumed that's why they called it the Ironman.
1033,262,23,52,175,250,1.392,0.04118408083296536,671,"You can see it, too? I thought it was only emotional."
1288,262,22,54,174,250,1.392,0.04079215610874228,671,So the horse is in the shop?
2007,264,22,53,173,248,1.3911290322580645,0.04101774412228384,671,The helmet is the law. But I figured why stop there?
2779,264,17,63,168,248,1.3911290322580645,0.038976993451628236,671,"Did you see a dragon pass by? She is winged, green, and riding a ten-speed with a basket."
2272,264,16,65,167,248,1.3911290322580645,0.038555883541396045,671,I said cyclists need 'mettle' not 'metal'.
1844,264,23,51,174,248,1.3911290322580645,0.04141382855703788,671,It's the swimming leg of these triathlons that's really killing me.
1155,264,24,49,175,248,1.3911290322580645,0.04180616053433157,671,I have a meeting at The White House
1466,269,26,59,199,284,1.3908450704225352,0.03857825752550274,671,Trust me. You’ll get practically the same noise by putting a baseball card in the spokes and it is sooo much easier.
3325,270,23,49,172,244,1.389344262295082,0.041883627623069644,671,It's only until they make enough protected bike lanes.
1883,270,20,55,169,244,1.389344262295082,0.040657645930413065,671,My other bike is a dragon.
1470,270,15,65,164,244,1.389344262295082,0.038527747864289794,671,When you said you were going to pick up the mail...
928,270,15,65,164,244,1.389344262295082,0.038527747864289794,671,I am checking the weather forecast.  If it rains I'm screwed.
3725,274,19,58,170,247,1.388663967611336,0.03989062494227154,671,"Look - if you're going to the Cloisters, you should dress appropriately."
3131,274,17,62,168,247,1.388663967611336,0.03905677073779434,671,"Lighter and breathable without the chainmail, and still car repellent."
2852,274,20,56,171,247,1.388663967611336,0.04030108270499876,671,The horse got the cab.
1252,274,20,56,171,247,1.388663967611336,0.04030108270499876,671,Mettle. I said it's a chance to test your mettle!
323,274,24,48,175,247,1.388663967611336,0.04190272667543064,671,I am your Knight In Riding Armor!
3052,279,26,42,174,242,1.3884297520661157,0.04332776331636869,671,Does this suit of armor make my butt look big?
2113,279,18,58,166,242,1.3884297520661157,0.04003693369330591,671,Yeah. I kinda got tired of Hot Yoga so I thought I’d try something new.
2340,281,16,46,139,201,1.3880597014925373,0.044535005875690786,671,It's a two speed: canter and joust.
946,282,23,52,178,253,1.3873517786561265,0.04078245421271356,671,Joust do it
1127,282,17,64,172,253,1.3873517786561265,0.03840561146616664,671,I may have to stop soon for an oil change.
3573,284,19,58,171,248,1.3870967741935485,0.039760348285265666,671,Well I'm certainly not going into battle in spandex.
814,285,20,52,166,238,1.3865546218487395,0.041348440807897374,671,"Why yes, I am a Connecticut Yankee.  Why do you ask?"
2353,285,18,56,164,238,1.3865546218487395,0.04048183685948719,671,I find high-intensity training really keeps me in shape for pillaging.
932,287,20,51,165,236,1.3855932203389831,0.04158572863791208,671,"When I turned 40, I entered the Middle Ages."
2451,287,17,57,162,236,1.3855932203389831,0.040263963370343485,671,"Over Armour, Under Armour -- what's the difference, I said."
2896,287,22,47,167,236,1.3855932203389831,0.0424440441018273,671,I think you took a wrong turn of the century.
1077,290,13,64,157,234,1.3846153846153846,0.03863538714833236,671,My kingdom for a breathable breastplate
2477,290,19,52,163,234,1.3846153846153846,0.041385840341800775,671,Do you know how impractical it is to have a horse in the city?
415,290,15,60,159,234,1.3846153846153846,0.03957345095304879,671,Just wait until midtown. You’ll see.
2309,290,20,50,164,234,1.3846153846153846,0.04182666877618801,671,Turns out my horse wasn’t carbon neutral.
1326,290,11,68,155,234,1.3846153846153846,0.037673973242408246,671,Because a yellow jersey would be ostentatious.
1855,295,18,55,165,238,1.3823529411764706,0.04043120289738286,671,"Forget the water bottle, I need an oil can."
1146,296,15,25,104,144,1.3819444444444444,0.05574644264957661,671,I'm late for the caption contest of two weeks ago
2887,297,21,64,193,278,1.381294964028777,0.03737739288191195,671,It’s cheaper than healthcare.
1775,298,15,58,158,231,1.380952380952381,0.03987468382151997,671,The city lacks horse lanes.
48,298,20,48,163,231,1.380952380952381,0.04216880350908849,671,"My parents won't let me stay on their insurance."""
3219,298,25,38,168,231,1.380952380952381,0.04434439726628428,671,"If you think this is overkill for protection, you should see my condoms"
1301,298,19,50,162,231,1.380952380952381,0.04172007278857179,671,you must be Knight Rider.
1339,298,18,52,161,231,1.380952380952381,0.041266462867313246,671,"So, when you said you were looking for ""a knight in shining armor""  that was just a metaphor?"
2476,298,17,54,160,231,1.380952380952381,0.040807811037532477,671,My new health insurance policy has an armor-clad accident clause.
2308,298,19,50,162,231,1.380952380952381,0.04172007278857179,671,“I used to avoid exercise like the plague. Then I got the plague.”
3615,305,18,71,192,281,1.3807829181494662,0.03605061750999765,671,"It's not breathable, but it is stainless."
1242,306,18,51,160,229,1.3799126637554586,0.04150587951631243,671,Didn't you hear? This is de Blasio's latest plan for protected bike lanes.
3199,306,16,55,158,229,1.3799126637554586,0.040572494298437956,671,"It's SIR Fred, Actually. Why do you ask?"
3240,306,18,51,160,229,1.3799126637554586,0.04150587951631243,671,"I admit, I was a little unclear on what was meant by night riding."
629,306,23,41,165,229,1.3799126637554586,0.043752312927287665,671,I got it at the Met gift shop.
683,306,22,43,164,229,1.3799126637554586,0.043312348309395225,671,I'm a freshman Congresswoman. Did you see the President's tweet?
3270,311,18,63,180,261,1.3793103448275863,0.037894846494412486,671,"I’m just saying that chain mail
 might be more breathable"
850,312,22,42,163,227,1.3788546255506609,0.043576623460863474,671,Can I call you back? I'm getting pulled over by a cultural appropriation activist.
1140,312,16,54,157,227,1.3788546255506609,0.040804572082727836,671,I ordered a suit for NIGHT riding...I guess there was a little misunderstanding.
522,312,16,54,157,227,1.3788546255506609,0.040804572082727836,671,"That cloudburst caught me by surprise, too.  Don't suppose you have any WD-40."
2343,315,19,47,159,225,1.3777777777777778,0.0424658800687992,671,I told you I was a road warrior.
582,315,16,53,156,225,1.3777777777777778,0.04104026499634253,671,I’ve got a really high health insurance deductible...
264,315,18,49,158,225,1.3777777777777778,0.04199605255658081,671,"I thought you said you wanted to be ""joust"" friends."
1592,318,18,48,157,223,1.3766816143497758,0.04224699751254242,671,That swimming leg was not easy.
2854,318,20,44,159,223,1.3766816143497758,0.04319267398415013,671,It’s a startup dating service called Knight Out.
1881,318,22,40,161,223,1.3766816143497758,0.04411808442098765,671,first a helmet. then one thing let to another.
2033,321,17,49,155,221,1.3755656108597285,0.042015269769964766,671,"I've started a meal delivery service called, ""A Knight on the Town."""
552,321,15,53,153,221,1.3755656108597285,0.041024531969748916,671,"Yes mom, I'm wearing my helmet."
2745,323,18,50,161,229,1.3755458515283843,0.0414494198794863,671,This is the easy part; the first part of the triathlon was swimming.
3313,324,16,40,136,192,1.375,0.045822424530766986,671,So I ordered an armoire but got this instead. So close.
3138,325,16,50,153,219,1.3744292237442923,0.0417699412142825,671,"Cycling in the city is bloodsport these days, eh?"
2049,325,16,50,153,219,1.3744292237442923,0.0417699412142825,671,"Once I picked out the helmet, I had to get the rest of the outfit."
586,325,14,54,151,219,1.3744292237442923,0.04075468462007783,671,"Yeah, like that’s the first time I’ve been asked if I’m the Knight Rider."
80,325,18,46,155,219,1.3744292237442923,0.04276109984094449,671,I fall a lot.
3407,329,15,53,154,222,1.3738738738738738,0.04087434311501464,671,"I'll do the run,  but not the swim."
2215,329,19,45,158,222,1.3738738738738738,0.042822551438142294,671,Extra precaution. We may run into Lance.
737,329,21,41,160,222,1.3738738738738738,0.043764145198627404,671,My horse refuses to ride past Trump Tower.
843,332,17,47,153,217,1.3732718894009217,0.042525701032486596,671,"Leave me alone lady, chivalry is dead."
2785,333,22,38,160,220,1.3727272727272728,0.04450651036941495,671,"Our club is called, ‘Knights of the Round Tire’."
3531,333,20,42,158,220,1.3727272727272728,0.04356383206781309,671,I'm gonna go midieval on any cars in the bike lane.
2660,335,12,56,147,215,1.372093023255814,0.040167157288740776,671,My mother is a bit protective.
2955,335,18,44,153,215,1.372093023255814,0.04329218626295668,671,I think you misunderstood when I said I wanted a night ride.
826,335,11,58,146,215,1.372093023255814,0.03962236380543727,671,I fall over a lot.
427,335,14,52,149,215,1.372093023255814,0.04123515668594546,671,"Truth be told, it's only made me more reckless."
2261,335,16,48,151,215,1.372093023255814,0.042276184420670035,671,I don't think that's what Ironman Triathlon means.
2249,335,14,52,149,215,1.372093023255814,0.04123515668594546,671,Have you ever tried using the bike lanes in this city?
2373,335,18,44,153,215,1.372093023255814,0.04329218626295668,671,I just love knight riding.
1303,335,18,44,153,215,1.372093023255814,0.04329218626295668,671,No it's not Chanel; it's WD-40.
532,343,13,53,147,213,1.3708920187793427,0.04094386728588121,671,Did you happen to see a horse go by here?
540,343,17,45,151,213,1.3708920187793427,0.043053035652764804,671,I'm less worried about falls but more worried about rain.
581,343,14,51,148,213,1.3708920187793427,0.041481214675711336,671,Anything’s better than those unsightly bike shorts.
2453,343,15,49,149,213,1.3708920187793427,0.04201168972584947,671,Want to go back to my place?  I've got protection.
937,343,15,49,149,213,1.3708920187793427,0.04201168972584947,671,Way more eco-friendly than that hay-guzzler I had before.
1315,348,13,52,146,211,1.3696682464454977,0.04118693637264903,671,"Brooks Brothers, why?"
387,348,13,52,146,211,1.3696682464454977,0.04118693637264903,671,Me? I'm training for the Ironman competition.
177,350,14,51,149,214,1.3691588785046729,0.04132328302890749,671,It’s laundry day.
182,350,21,37,156,214,1.3691588785046729,0.044885994509869936,671,Did it come with an iron-clad warrantee?
752,350,14,51,149,214,1.3691588785046729,0.04132328302890749,671,You had to ask if my shoulder itches?
867,350,18,43,153,214,1.3691588785046729,0.043394948971085624,671,I haven't met my deductible.
620,354,14,49,146,209,1.368421052631579,0.04198547553776135,671,‘First Time crossing the Williamsburg Bridge during rush hour?’
951,354,19,39,151,209,1.368421052631579,0.044640937276248176,671,But women tell me I look hot.
962,354,16,45,148,209,1.368421052631579,0.04306731250078119,671,I crash a lot.
3154,354,17,43,149,209,1.368421052631579,0.0435981654544539,671,"It doesn't wick very well, does it?"
2892,354,19,39,151,209,1.368421052631579,0.044640937276248176,671,"But soft! At yonder light, thou brakest."
1320,359,19,48,167,234,1.3675213675213675,0.041165559917286015,671,How bad is the noise in the rain?
98,360,20,51,177,248,1.3669354838709677,0.039918142817824805,671,On ye left!
1259,361,16,46,151,213,1.3661971830985915,0.0424670542654797,671,I do not have intimacy issues!
468,362,13,49,143,205,1.3658536585365855,0.041940318670927394,671,Humm...padded codpiece.  Good idea!
3553,362,15,45,145,205,1.3658536585365855,0.043065512251947304,671,"It's hard on the hills, but fantastic in pile-ups."
2623,362,11,53,141,205,1.3658536585365855,0.04078409389596952,671,"I know, but I just really hate spandex."
2485,362,22,31,152,205,1.3658536585365855,0.04679109315976184,671,"Marty, I lost the Delorean"
2341,362,21,33,151,205,1.3658536585365855,0.04627723405124458,671,"We made it past Jeffrey Epstein's building, Mom."
1104,362,14,47,144,205,1.3658536585365855,0.042506638750562036,671,I think I'm getting rusty
3201,368,13,44,135,192,1.3645833333333333,0.04383924662666416,671,"On thy left, m'lady"
1557,369,16,42,145,203,1.3645320197044335,0.04389929374783936,671,I thought you said knight ride.
699,369,16,42,145,203,1.3645320197044335,0.04389929374783936,671,I can’t understand why you spent all that money on a lightweight bike.
436,369,11,52,140,203,1.3645320197044335,0.04102781057224413,671,Tricycle mishaps when you're six never leave you!
1228,369,17,40,146,203,1.3645320197044335,0.044451336783054296,671,Does it wick?
858,369,16,42,145,203,1.3645320197044335,0.04389929374783936,671,This bike seat is so uncomfortable.
1482,369,13,48,142,203,1.3645320197044335,0.042199857118653886,671,What if you fall and can’t get up?
1576,375,12,49,140,201,1.36318407960199,0.041873881417912054,671,"God, how ridiculous did that bloke in the green Lycra look?"
568,375,19,35,147,201,1.36318407960199,0.04584409069301105,671,My knight job is now my day job.
1741,375,14,45,142,201,1.36318407960199,0.043045608748902016,671,"Oh, I thought that is what ""Iron Man"" meant!"
474,375,18,37,146,201,1.36318407960199,0.04529822742324392,671,Sorry I thought you said Knight ride.
1102,375,12,49,140,201,1.36318407960199,0.041873881417912054,671,Think I lost some time on the swim leg.
337,380,16,40,143,199,1.3618090452261307,0.0444783047851597,671,My other bike is a steed.
854,380,21,30,148,199,1.3618090452261307,0.04724525182708872,671,They ran out of Under Armour.
1016,380,11,50,138,199,1.3618090452261307,0.04152740508288581,671,If they try to kill the messenger I'm ready!
1043,380,9,54,136,199,1.3618090452261307,0.04028656951715674,671,Don't you get metal fatigue?
1044,380,11,50,138,199,1.3618090452261307,0.04152740508288581,671,I think you misunderstood Night Rider.
3720,380,15,42,142,199,1.3618090452261307,0.043903994713839725,671,This is how you survive rush hour traffic as a bike messenger.
1508,380,15,42,142,199,1.3618090452261307,0.043903994713839725,671,"Yea, it's heavy; but it's also SPF 1000."
2106,380,17,38,144,199,1.3618090452261307,0.04504529322016069,671,I'm not looking forward to the swimming segment.
2995,380,13,46,140,199,1.3618090452261307,0.04273222510442767,671,My ass looks huge in spandex.
2822,380,11,50,138,199,1.3618090452261307,0.04152740508288581,671,Bike helmets make me look dorky.
521,390,16,41,145,202,1.3613861386138615,0.044003733390671824,671,This isn’t the Iron Man Competition?
3344,391,18,35,144,197,1.3604060913705585,0.04591777574881531,671,What? I thought you said a bike and shining armor!
2394,391,15,41,141,197,1.3604060913705585,0.044193325555308464,671,"No, my mother isn't over-protective. Why do you ask?"""
1732,391,17,37,143,197,1.3604060913705585,0.04535024543511116,671,Turns out defending the King is nothing compared to biking in Queens.
1547,394,25,60,221,306,1.3594771241830066,0.03592578936616741,671,I think you're training too literally for the Ironman.
3114,395,18,34,143,195,1.358974358974359,0.04623601227257325,671,It lowers my health insurance premium.
2681,395,12,46,137,195,1.358974358974359,0.042668023931725495,671,I said buy UNDERarmor!
2763,395,11,48,136,195,1.358974358974359,0.04204393145429066,671,"Technically it's not historically accurate, but have you seen the price of horses?"
1808,395,15,40,140,195,1.358974358974359,0.044487802244591965,671,"No, once again, this is not Medieval Knievel!"
1355,395,15,40,140,195,1.358974358974359,0.044487802244591965,671,It helps if you're going to ignore traffic signals.
965,400,10,49,134,193,1.3575129533678756,0.041666107363781756,671,We're riding through the Bronx; I want to be prepared.
682,400,15,39,139,193,1.3575129533678756,0.04478756896274733,671,My horse got a flat so I had to improvise.
626,400,15,39,139,193,1.3575129533678756,0.04478756896274733,671,Now they worry they may damage their car.
2963,400,21,27,145,193,1.3575129533678756,0.04826759296343707,671,"Last I remembered, I told Merlin to make my lance and armor strong."
290,400,12,45,136,193,1.3575129533678756,0.04294192863795538,671,The City Council has really gotten out of control with these new helmet laws.
2497,400,11,47,135,193,1.3575129533678756,0.042308827317697195,671,It works best at full tilt.
2457,400,12,45,136,193,1.3575129533678756,0.04294192863795538,671,"Safe, sure.  But try to find an armor-friendly restroom."
3381,400,11,47,135,193,1.3575129533678756,0.042308827317697195,671,You missed the Camelot exit.
3298,400,18,33,142,193,1.3575129533678756,0.04656010558448557,671,No one respects the bike lane anymore.
97,409,13,44,139,196,1.3571428571428572,0.04310065131039703,671,"Sure, I sweat a lot, but I also do more damage to cabs than they do to me."
256,410,15,48,156,219,1.356164383561644,0.04099102703410067,671,"I feel safer, but I’m afraid to drink any water."
3626,411,15,38,138,191,1.356020942408377,0.04509277534631142,671,"I mean, I'd prefer a bike lane."
1236,411,10,48,133,191,1.356020942408377,0.041926130079854344,671,It was cheaper than my deductible.
2802,413,16,38,143,197,1.3553299492385786,0.044693235839170384,671,First time biking on the Brooklyn Bridge?
2278,414,14,39,136,189,1.3544973544973544,0.04477943156134083,671,They said it was an Ironman Competition
2997,414,16,35,138,189,1.3544973544973544,0.046019257616963946,671,Your first time on the 405?
3428,414,13,41,135,189,1.3544973544973544,0.04414646305908281,671,Working knights?
477,414,14,39,136,189,1.3544973544973544,0.04477943156134083,671,"'Find a Unicorn' they said. 'It'll be a fun quest,' they said."
3487,414,16,35,138,189,1.3544973544973544,0.046019257616963946,671,Middle Age is just a number.
3749,414,13,41,135,189,1.3544973544973544,0.04414646305908281,671,You’re saying Under Armour is something different?
3218,420,11,46,135,192,1.3541666666666667,0.042396530791481,671,"Yeah, it’s great as long as it doesn’t rain."
2464,421,11,44,132,187,1.3529411764705883,0.04313150441804508,671,I am my mom's only child.
526,421,18,30,139,187,1.3529411764705883,0.0475692518044704,671,I gotta tell you... one knight stands are the BEST!
1445,421,13,40,134,187,1.3529411764705883,0.04444466993801463,671,"''Yikes, I've got to rescue a damsel in ten minutes.''"
1797,421,12,42,133,187,1.3529411764705883,0.04379300948360882,671,The uphills are brutal but the downhills are fantastic!
271,421,15,36,136,187,1.3529411764705883,0.045720134497114956,671,"Mom, I still don’t see how taking knight classes is supposed to help me get a job..."
391,421,16,34,137,187,1.3529411764705883,0.046344705249919224,671,Yup.  I'm an urban legend.
326,421,12,42,133,187,1.3529411764705883,0.04379300948360882,671,You must be new to New York.
1060,421,6,54,127,187,1.3529411764705883,0.039658815439014235,671,Lance!?
3713,421,16,34,137,187,1.3529411764705883,0.046344705249919224,671,"No, Ma, I'm NOT wearing a mouthguard!"
533,421,9,48,130,187,1.3529411764705883,0.04177708296217704,671,I know it won't save me but the next car that runs me over is going to have a costly dent
3564,421,13,40,134,187,1.3529411764705883,0.04444466993801463,671,WD40 break??
3652,432,11,45,134,190,1.3526315789473684,0.04266716406956253,671,"It's rain, car, and cab resistant."
1030,433,14,61,178,253,1.3517786561264822,0.03666138327623591,671,Chivalry is going down hill.
1549,434,12,41,132,185,1.3513513513513513,0.044086951447793614,671,I'm in the extreme witless witness protection program.
470,434,12,41,132,185,1.3513513513513513,0.044086951447793614,671,I said “night ride!”
418,434,11,43,131,185,1.3513513513513513,0.04341549126037408,671,You did bring the WD-40 didn’t you Lois!!?
399,434,12,41,132,185,1.3513513513513513,0.044086951447793614,671,I told you I have a knight job.
344,434,15,35,135,185,1.3513513513513513,0.046042616212608856,671,I'll take it off as soon as my Mother cannot see us
941,434,17,31,137,185,1.3513513513513513,0.04730149385445008,671,I don’t care what time it is. The Knight is young and I’m on my way over.
1019,434,10,45,130,185,1.3513513513513513,0.0427334818941673,671,This chain mail wedgy is driving me nuts!
1294,434,14,37,134,185,1.3513513513513513,0.04540008921930769,671,It's time for drivers to fear the cyclists.
1307,434,14,37,134,185,1.3513513513513513,0.04540008921930769,671,It also repels White House tweets.
1319,434,15,35,135,185,1.3513513513513513,0.046042616212608856,671,I'm training for the Tinman competition
1397,434,15,35,135,185,1.3513513513513513,0.046042616212608856,671,"I don’t know about you, but I heard your coach say train IN Under Armour, not UNDER armor."
1440,434,16,33,136,185,1.3513513513513513,0.0466762992779214,671,It's not that kind of ironman competition....
741,434,12,41,132,185,1.3513513513513513,0.044086951447793614,671,"Yes, ‘tis true. Biking is both a noble quest and a pain in the butt."
865,434,19,27,139,185,1.3513513513513513,0.04852772541572051,671,I said UNDER armour is good for biking.
1755,434,10,45,130,185,1.3513513513513513,0.0427334818941673,671,"Now when they honk, I just say 'Ni!'"
1939,434,15,35,135,185,1.3513513513513513,0.046042616212608856,671,"Now if I don't crash, I'll feel cheated."
1941,434,12,41,132,185,1.3513513513513513,0.044086951447793614,671,It's from a company called OverArmor
2145,434,10,45,130,185,1.3513513513513513,0.0427334818941673,671,It suits you.
2435,434,11,43,131,185,1.3513513513513513,0.04341549126037408,671,Because lycra looks ridiculous.
2723,434,14,37,134,185,1.3513513513513513,0.04540008921930769,671,Might you be in distress?
2739,434,10,45,130,185,1.3513513513513513,0.0427334818941673,671,Don't you know that fashion is cyclical?
2814,434,14,37,134,185,1.3513513513513513,0.04540008921930769,671,"Prithee, I be on thy left, my lady."
3019,434,12,41,132,185,1.3513513513513513,0.044086951447793614,671,"Lancelot Armstrong, milady."
3433,434,13,39,133,185,1.3513513513513513,0.044748337338281124,671,I’m a little rusty
3568,434,11,43,131,185,1.3513513513513513,0.04341549126037408,671,How did you know this was my first century?
3723,434,15,35,135,185,1.3513513513513513,0.046042616212608856,671,My other ride is at the vet.
3733,434,11,43,131,185,1.3513513513513513,0.04341549126037408,671,These new bike lanes are worse than running the gauntlet.
1740,434,12,41,132,185,1.3513513513513513,0.044086951447793614,671,"When I said 'Let's go for a night bike ride,' I never expected THIS!"
1726,462,15,36,137,188,1.351063829787234,0.04551502574295813,671,I couldn't resist the free shipping.
313,463,15,37,139,191,1.350785340314136,0.04500310212477504,671,Who needs reflectors when you have shining armor.
1245,464,18,45,168,231,1.3506493506493507,0.040835754760764294,671,"Actually, it's a 10 steed."
2179,464,20,41,170,231,1.3506493506493507,0.041747405891744395,671,Didn’t fanny packs go out of style like 20 years ago?!
3561,464,17,47,167,231,1.3506493506493507,0.040372210132427706,671,"I tell people it cuts wind resistance, but it's really because I hate bug splatters."
844,467,11,47,139,197,1.350253807106599,0.04160376777344036,671,Hold on. Got some a-hole giving me the evil eye for phoning while riding.
2620,468,11,42,130,183,1.349726775956284,0.04370458631165573,671,"True, the aerodynamics are great, but I'm a tad concerned about the swimming portion."""
208,468,13,38,132,183,1.349726775956284,0.04505762250082869,671,"So I realized, some day my prince WON'T come, and decided to be more proactive."
252,468,9,46,128,183,1.349726775956284,0.042308301595771335,671,I sure hope it doesn't rain.
287,468,15,34,134,183,1.349726775956284,0.04637119608314414,671,Of course it's a steel frame.
1352,468,15,34,134,183,1.349726775956284,0.04637119608314414,671,Yes...you actually can be too safe.
1480,468,15,34,134,183,1.349726775956284,0.04637119608314414,671,I just wish I could shower and change once I get to work.
1585,468,13,38,132,183,1.349726775956284,0.04505762250082869,671,I meant that our biking group is middle aged.
1668,468,10,44,129,183,1.349726775956284,0.04301211020510219,671,Do you know how expensive it is to board a horse in the city?
2101,468,14,36,133,183,1.349726775956284,0.04571912713300958,671,Ask me if I care whether a self-driving car would stop for me.
2141,468,12,40,131,183,1.349726775956284,0.04438626031836963,671,Recycling the old Crysler seemed like a great idea.
2220,468,10,44,129,183,1.349726775956284,0.04301211020510219,671,This is nothing.  You should see me in my yoga class.
2682,468,17,30,136,183,1.349726775956284,0.047648570880306794,671,Aren't you glad you weren't raised by my mother?
159,468,17,30,136,183,1.349726775956284,0.047648570880306794,671,Are you sure this road will lead to Queens?
2705,468,11,42,130,183,1.349726775956284,0.04370458631165573,671,I admire your mettle.
2840,468,11,42,130,183,1.349726775956284,0.04370458631165573,671,I dress for the job I want.
3049,468,11,42,130,183,1.349726775956284,0.04370458631165573,671,My commute doesn’t have any bike lanes.
3205,468,11,42,130,183,1.349726775956284,0.04370458631165573,671,"It doesn't breathe, but it's very durable and stain resistant."
3286,468,15,34,134,183,1.349726775956284,0.04637119608314414,671,I'm only wearing Under Armour today.
3393,468,13,38,132,183,1.349726775956284,0.04505762250082869,671,It's even more difficult in  yoga class.
3640,468,17,30,136,183,1.349726775956284,0.047648570880306794,671,On your lefte.
3753,468,14,36,133,183,1.349726775956284,0.04571912713300958,671,I started with ankle weights then I guess I got carried away.
2301,468,11,42,130,183,1.349726775956284,0.04370458631165573,671,"Of course I know how, I'm just a little rusty."
119,468,14,36,133,183,1.349726775956284,0.04571912713300958,671,If you didn't want to be seen biking with me all you had to do was say so.
73,491,15,35,136,186,1.3494623655913978,0.04583334931279503,671,I know there are no dragons. You know there are no dragons. But do the dragons know?
562,492,19,42,168,229,1.3493449781659388,0.04153005300672305,671,Spandex makes me itch.
75,493,18,49,177,244,1.348360655737705,0.03925994895681347,671,"Forgive me for passing fair maiden, for I am most tardy for my shift at Medieval Times."
3180,494,14,35,132,181,1.3480662983425415,0.046044198747709764,671,Me?  I 'm going to New Jersey
3198,494,11,41,129,181,1.3480662983425415,0.04399893380189452,671,'The helmet is mandatory; the rest is just a matching outfit.'
28,494,9,45,127,181,1.3480662983425415,0.042580881476238,671,I can’t believe it! This woman next to me is dressed like she’s in the Tour de France. People are so crazy these days.
3278,497,15,34,135,184,1.3478260869565217,0.04615764022447833,671,Our studio isn't as spacious as the tower but at least we moved out of her mother's place
2891,497,14,36,134,184,1.3478260869565217,0.04550968270434111,671,Just on my way to my knight job.
1817,497,13,38,133,184,1.3478260869565217,0.04485236547393269,671,"Crazy, right?  I was going for Steampunk and wound up totally Renaissance."
492,497,14,36,134,184,1.3478260869565217,0.04550968270434111,671,"As part of my cruelty-free knight services, I don't so much ""slay"" dragons as I ""relocate"" them to their native habitats."
1169,501,12,45,142,199,1.3467336683417086,0.04186995539675435,671,Cycling home from work can be pretty tough after a knight shift.
3622,502,12,38,129,179,1.3463687150837989,0.04500160050746133,671,"Yeah, it's heavy, but I have one of those ""Help I have fallen and I can't get up"" buttons"
2825,502,12,38,129,179,1.3463687150837989,0.04500160050746133,671,"Yeah, well, ""Polycarbonate Man"" just doesn't have the same ring to it."
2738,502,16,30,133,179,1.3463687150837989,0.04770981914432969,671,Dressing for the job you want has its disadvantages.
1867,502,11,40,128,179,1.3463687150837989,0.044298683384444607,671,"When I asked you to wear protection, I didn't have this in mind."
1743,502,9,44,126,179,1.3463687150837989,0.042858277523945325,671,Jousting hasn't been the same since I made the switch.
1034,507,16,39,150,205,1.3463414634146342,0.04330051255810237,671,I'm getting metal fatigue!
3038,508,15,34,136,185,1.345945945945946,0.04594594594594595,671,Have you seen a dragon on a unicycle?
3612,509,15,44,155,214,1.3457943925233644,0.041475573812239395,671,"This may look stupid, but's it is still cheaper than paying my health insurance deductible."
722,510,14,38,139,191,1.3455497382198953,0.04429221003593488,671,Dress for the job you want.
1204,511,20,28,149,197,1.3451776649746192,0.04678848028118502,671,By chance have you seen the dragon from last weeks cartoon?
2334,511,13,42,142,197,1.3451776649746192,0.042738510808954806,671,I’ve gotta pull over and get the bugs out my grille.
360,513,10,41,126,177,1.344632768361582,0.04387840725021069,671,Bought it from some guy named Arthur.
362,513,11,39,127,177,1.344632768361582,0.04460399038430438,671,I know it's insane but so are these unprotected bike lanes.
1996,513,12,37,128,177,1.344632768361582,0.04531795773852672,671,Why does everyone assume I'm from Connecticut?
2542,516,13,43,145,201,1.3432835820895523,0.04211847564835197,671,I took the meaning of Iron Man Race too literally.
2893,516,15,39,147,201,1.3432835820895523,0.043283582089552235,671,"I wanted Under Armour, but all they had was Full Body Armour."
3141,518,15,30,130,175,1.3428571428571427,0.0477502298169562,671,I thought they said this CBD stuff wasn't psychoactive.
160,518,12,36,127,175,1.3428571428571427,0.045640334273499394,671,"Look, it’s Central Park. I’m taking no chances."
707,518,18,24,133,175,1.3428571428571427,0.04977076232636489,671,It's allowed me to get off the pill.
1343,518,17,26,132,175,1.3428571428571427,0.04910648977025045,671,"If you must know, I got the suit from an armadillo in Amarillo. The hair came from a fair in Bonaire. I stole the bike."
1346,518,11,38,126,175,1.3428571428571427,0.04491501605927547,671,...Because I realized the similarity between being hit by a jousting lance and a car door.
2901,518,14,32,129,175,1.3428571428571427,0.04705744364689122,671,Can't talk now.  I'm in a different dimension.
2944,518,9,42,124,175,1.3428571428571427,0.0434280528877521,671,I’ve found that ‘protected bike lane’ is a misnomer.
809,518,9,42,124,175,1.3428571428571427,0.0434280528877521,671,You wouldn't believe my cell reception.
929,526,5,49,119,173,1.3410404624277457,0.04052958534830177,671,The boss man replaced ‘Casual Friday’ with ‘Cavalier Friday.’
1001,526,11,37,125,173,1.3410404624277457,0.04523192787467069,671,Have you seen a scarecrow with a lion around here?
2160,526,15,29,129,173,1.3410404624277457,0.04811216727359272,671,You must not know about the pigeons.
2170,526,8,43,122,173,1.3410404624277457,0.04294516612940674,671,Does it wick well?
554,526,7,45,121,173,1.3410404624277457,0.04215535504246946,671,Yeah but I’m still ahead of you.
3293,526,11,37,125,173,1.3410404624277457,0.04523192787467069,671,It does wonders for right of way.
2486,526,11,37,125,173,1.3410404624277457,0.04523192787467069,671,"You're wearing Under Armor, I'm wearing Over Armor."
3035,526,10,39,124,173,1.3410404624277457,0.04448273782192056,671,One too many potholes.
3113,526,9,41,123,173,1.3410404624277457,0.04372071167087783,671,Medieval exercise is the new caveman diet.
3162,526,9,41,123,173,1.3410404624277457,0.04372071167087783,671,"Weight training, aerobics, and self defense - all in one!"
140,536,12,36,128,176,1.3409090909090908,0.04542206631824068,671,It’s actually carbon fiber.
3663,537,10,43,132,185,1.3405405405405406,0.04252114492513805,671,I feel ridiculous without my lance.
1128,538,14,30,127,171,1.3391812865497077,0.04776659129452376,671,"Why yes, I am training for an Ironman."
1436,538,9,40,122,171,1.3391812865497077,0.044018745959830075,671,I'm feeling a bit rusty today.
1979,538,14,30,127,171,1.3391812865497077,0.04776659129452376,671,We don't do plastic where I come from
1860,538,10,38,123,171,1.3391812865497077,0.0447934085048287,671,I spent a lot of time in the Turret de France.
1791,538,13,32,126,171,1.3391812865497077,0.04704091617192069,671,It's a little heavier than spandex but not as silly-looking.
1561,538,10,38,123,171,1.3391812865497077,0.0447934085048287,671,"Hey, buddy, I think you missed your turn centuries ago."
2945,538,10,38,123,171,1.3391812865497077,0.0447934085048287,671,Which century ride?
3010,538,10,38,123,171,1.3391812865497077,0.0447934085048287,671,"It’s available in carbon, Kevlar, and titanium actually."
506,538,11,36,124,171,1.3391812865497077,0.04555489979228209,671,"Not only that, but the SPF is like, super-high!"
517,538,13,32,126,171,1.3391812865497077,0.04704091617192069,671,There are no bike lanes in my neighborhood.
646,538,11,36,124,171,1.3391812865497077,0.04555489979228209,671,"To seek and find the holy grail, obviously."
1882,549,10,39,125,174,1.339080459770115,0.04426976096483283,671,I hope this works. There are a lot of dogs on my route.
2001,549,12,35,127,174,1.339080459770115,0.045745964543268666,671,"Yeah, the carbon fiber frame really cuts down on weight."
3413,551,12,36,129,177,1.3389830508474576,0.04520576456758275,671,"Yes, I was overprotected as a child. Why do you ask?"
3160,552,11,40,132,183,1.3387978142076502,0.04349007936203568,671,I've been invited to the Round Table for lunch.
1689,553,14,36,139,189,1.3386243386243386,0.044489183723957236,671,It's arrow dynamic.
1800,553,13,38,138,189,1.3386243386243386,0.043852025929188014,671,It's not an entirely accurate reenactment.
805,555,13,53,168,234,1.3376068376068375,0.03790317299722761,671,Looks like another knight on the town.
3054,556,10,37,122,169,1.3372781065088757,0.045109970168476135,671,It prevents inner thigh chaffing and crotch soreness but the downside is rust.
27,556,13,31,125,169,1.3372781065088757,0.04739447798008608,671,Metal to the pedal!
3604,556,13,31,125,169,1.3372781065088757,0.04739447798008608,671,I'm really regretting those garlic fries right now.
244,556,11,35,123,169,1.3372781065088757,0.045884112574348566,671,I'm allergic to horses.
297,556,11,35,123,169,1.3372781065088757,0.045884112574348566,671,"Although I still regret misinterpreting ""Ironman"", it's not so bad now that I've completed the swim portion."
368,556,10,37,122,169,1.3372781065088757,0.045109970168476135,671,"Yes, it's my first Iron Man."
614,556,14,29,126,169,1.3372781065088757,0.048131890895118074,671,"Yes, I'm a knight of the round tire."
3316,556,12,33,124,169,1.3372781065088757,0.04664540882948909,671,Who said you need to stop riding a bike in the city just because you don't have health insurance?
1062,556,8,41,120,169,1.3372781065088757,0.043520393522249255,671,"You know they make reflective biking gear now, right?"
1152,556,15,27,127,169,1.3372781065088757,0.0488581753576025,671,"I'm telling you, I'm gonna get this ""Medieval Kneivel"" thing to stick."
2255,556,8,41,120,169,1.3372781065088757,0.043520393522249255,671,"It's uncomfortable, tiresome, and slow. On the plus side, no manure."
3336,556,11,35,123,169,1.3372781065088757,0.045884112574348566,671,Can I at least be your knight on a shiny bicycle?
2447,556,13,31,125,169,1.3372781065088757,0.04739447798008608,671,Forsooth my lady: I passeth on thy left. Fare-thee-well.
2572,556,10,37,122,169,1.3372781065088757,0.045109970168476135,671,I know most people sign a waiver.  But I'm self insured.
838,556,10,37,122,169,1.3372781065088757,0.045109970168476135,671,It was either this or a ridiculous deductible.
3722,571,15,28,129,172,1.3372093023255813,0.04823903647230981,671,Trying to ride with this helmet is feudal.
430,572,11,34,122,167,1.3353293413173652,0.04621975410328664,671,"You dropped your Lance, Armstrong!!!"
181,572,14,28,125,167,1.3353293413173652,0.04850464173712083,671,"Omigosh, it started when I got some chain mail."
1722,572,8,40,119,167,1.3353293413173652,0.04381587690198748,671,Sounds like you need to oil your chain-mail!
1781,572,13,30,124,167,1.3353293413173652,0.04775516101065646,671,"Don't worry, the steel is organic AND Fair Trade!"
2168,572,13,30,124,167,1.3353293413173652,0.04775516101065646,671,So I said to her 'Don't stare at me like that. You're the one who said you wanted a knight in shining armour'. Then she just did one of those  shrugs  and left.
2337,572,13,30,124,167,1.3353293413173652,0.04775516101065646,671,I'm chafed in places I didn't think were possible.
3605,572,10,36,121,167,1.3353293413173652,0.04543259625506297,671,I haven’t quite recovered from the end of Game of Thrones.
3421,572,10,36,121,167,1.3353293413173652,0.04543259625506297,671,It's the only sunblock guaranteed  to work.
319,572,17,22,128,167,1.3353293413173652,0.05068663404414033,671,"'Tis I, Lancelot Armstrong."""
2797,572,9,38,120,167,1.3353293413173652,0.04463155761994915,671,Why am I wearing plate armor? Because my chain mail kept getting caught in the front gear.
358,572,10,36,121,167,1.3353293413173652,0.04543259625506297,671,I'm a bit rusty.
2725,572,4,48,115,167,1.3353293413173652,0.04038875587486247,671,Did you expect me to say something cheesy like “Nice knight for a ride”?
2508,572,12,32,123,167,1.3353293413173652,0.046993728690762585,671,Wow! I thought I had the oldest riding gear around. Where'd you get that fanny pack?
2383,572,10,36,121,167,1.3353293413173652,0.04543259625506297,671,Can I borrow your water bottle? Mine's filled with oil.
3646,586,18,26,141,185,1.335135135135135,0.04762935310059222,671,I’m a bit worried about the swimming part of the Ironman.
541,587,9,37,119,165,1.3333333333333333,0.04494665749754948,671,You did say a Knight ride didn't you?
921,587,9,37,119,165,1.3333333333333333,0.04494665749754948,671,"When I court a lady, I do it old school."
801,587,8,39,118,165,1.3333333333333333,0.0441168016768513,671,"See? When it gets hot, I can lift the visor."
1681,587,12,31,122,165,1.3333333333333333,0.04734903916896513,671,They said it was a Knight Ride!?
169,587,15,28,131,174,1.3333333333333333,0.047761208491458526,671,"My horse is on maternity leave."""
1365,587,11,33,121,165,1.3333333333333333,0.046562019717971886,671,"With everything going on in the world, a tin-foil hat wasn't enough."
1263,587,10,35,120,165,1.3333333333333333,0.04576146687125984,671,My noble stead’s in the shop.
2404,587,10,35,120,165,1.3333333333333333,0.04576146687125984,671,I heard there was going to be a Trump rally.
2224,587,10,35,120,165,1.3333333333333333,0.04576146687125984,671,I just got tired of the cat-calling
2698,587,11,33,121,165,1.3333333333333333,0.046562019717971886,671,Can you please stop critiquing my form? I know I'm a little rusty.
2761,587,12,31,122,165,1.3333333333333333,0.04734903916896513,671,Not everybody can pull off spandex.
2796,587,12,31,122,165,1.3333333333333333,0.04734903916896513,671,My time?  My time was 500 years ago.
1098,587,15,27,129,171,1.3333333333333333,0.04836508334066744,671,"Yes, it's true.  One day your prince will come, but not today.  Now beat it."
2816,587,7,28,91,126,1.3333333333333333,0.051639777949432225,671,The things you do for insurance discounts.
3155,587,8,39,118,165,1.3333333333333333,0.0441168016768513,671,How many times have you been hit by a car?
3450,587,11,33,121,165,1.3333333333333333,0.046562019717971886,671,It was cheaper than buying healthcare.
3476,587,9,37,119,165,1.3333333333333333,0.04494665749754948,671,"The battle starts in 15 minutes.  Pick up the pace, sweetheart!"
3712,587,10,35,120,165,1.3333333333333333,0.04576146687125984,671,You should consider upgrading to carbon fiber.
1251,587,14,27,124,165,1.3333333333333333,0.048885081264522574,671,UNDER Armor?  What's that?
855,606,14,32,135,181,1.3314917127071824,0.04572265969409274,671,I thought this was an Iron Man competition.
2384,607,10,36,123,169,1.331360946745562,0.04498042331999497,671,Passing on your left 600 years ago.
257,608,12,30,121,163,1.3312883435582823,0.047711558812807406,671,He's in pretty good shape for being middle-aged
423,608,10,34,119,163,1.3312883435582823,0.0460967690871076,671,"You have any WD-40?”
Don Dechman - Austin, TX"
621,608,9,36,118,163,1.3312883435582823,0.04526777836641852,671,What makes you suspect that I’m the one who used a lance to  knock  your friend off her bike?
643,608,10,34,119,163,1.3312883435582823,0.0460967690871076,671,"Well, they said it was an iron man race."
657,608,9,36,118,163,1.3312883435582823,0.04526777836641852,671,They did say iron man.
1458,608,14,26,123,163,1.3312883435582823,0.04927345703749475,671,I’m training for the Iron Man
1612,608,14,26,123,163,1.3312883435582823,0.04927345703749475,671,Chastity belt's the worst.
3662,608,12,30,121,163,1.3312883435582823,0.047711558812807406,671,"So this English guy calls, and asks for delivery by a fort knight."
1842,608,11,32,120,163,1.3312883435582823,0.04691111256737629,671,See ya'. I have a lunch reservation at The Algonquin.
3644,608,6,42,115,163,1.3312883435582823,0.042684314122571974,671,I find it breathes better than lycra.
3414,608,11,32,120,163,1.3312883435582823,0.04691111256737629,671,Daily. But lately I’ve been riding knightly.
41,608,14,26,123,163,1.3312883435582823,0.04927345703749475,671,This isn't how I expected to meet my knight in shining armor.
3345,608,13,28,122,163,1.3312883435582823,0.0484987959271868,671,It’s my day-to-knight look.
2926,608,10,34,119,163,1.3312883435582823,0.0460967690871076,671,"It's OK Mom.  It's just a bike ride in the park for a first date, and yes, I bought protection in case he has ideas."
475,622,18,37,166,221,1.330316742081448,0.041784268439425655,671,I'm a bicycle messenger by knight.
3370,623,11,32,121,164,1.329268292682927,0.04666793184247682,671,There's something weird about this city.
3688,623,11,32,121,164,1.329268292682927,0.04666793184247682,671,I’m in training for my first Ironman.
334,623,13,28,123,164,1.329268292682927,0.048244473886949316,671,It's from the Met's fall collection
1970,623,10,34,120,164,1.329268292682927,0.045859341069915356,671,"Without the whole gear, the helmet alone makes me look ridiculous."
3743,627,11,31,119,161,1.329192546583851,0.04726724398238232,671,"It's an advantage in this leg of the triathlon, but I'm worried about running."
3619,627,8,37,116,161,1.329192546583851,0.04473559096549048,671,On the bright side: no more dry-cleaning!
3616,627,11,31,119,161,1.329192546583851,0.04726724398238232,671,Why stop at a helmet?
3026,627,13,27,121,161,1.329192546583851,0.048882224343780104,671,Swimming can be the toughest part of an Iron Man Triathalon.
2982,627,10,33,118,161,1.329192546583851,0.04643869724849377,671,"On ye lefte, peasant"
2924,627,13,27,121,161,1.329192546583851,0.048882224343780104,671,Training for the Ironman?!?
2645,627,10,33,118,161,1.329192546583851,0.04643869724849377,671,It’s an airbag for bicycles.
2044,627,13,27,121,161,1.329192546583851,0.048882224343780104,671,It’s the only way I feel safe on the road with all those scooters.
1608,627,11,31,119,161,1.329192546583851,0.04726724398238232,671,After this I'm going to my serf lesson
1657,627,14,25,122,161,1.329192546583851,0.04967002726341554,671,"Wow, and I thought I looked like an asshole."
1528,627,14,25,122,161,1.329192546583851,0.04967002726341554,671,I read the consumer warning that came with the bike.
1504,627,7,39,115,161,1.329192546583851,0.04385924472079835,671,Get jousted just once and you'll understand
1190,627,12,29,120,161,1.329192546583851,0.04808151521367492,671,"'Jesus, Fred, you were supposed to buy Under Armour.'"
734,627,12,29,120,161,1.329192546583851,0.04808151521367492,671,Over Armour® just doesn't have the same appeal.
592,627,14,25,122,161,1.329192546583851,0.04967002726341554,671,"Yes, it is heavy, but it works better than your underarmor."
162,627,12,29,120,161,1.329192546583851,0.04808151521367492,671,The downhills are great.
123,627,12,29,120,161,1.329192546583851,0.04808151521367492,671,I hate when our boss plans a battle on Bike to Work Day.
44,627,10,33,118,161,1.329192546583851,0.04643869724849377,671,"Yes, he said 'knight shift,' but it was over the phone."
1794,627,8,37,116,161,1.329192546583851,0.04473559096549048,671,I could get used to this horseless horse.
1036,627,9,35,117,161,1.329192546583851,0.045595096782268904,671,"you could have worn sunscreen, ya know."
2057,627,13,27,121,161,1.329192546583851,0.048882224343780104,671,You must be from out of town.
2358,648,13,30,128,171,1.327485380116959,0.04679652384980678,671,"Yeah, I know, but to get the cheapest personal health insurance rate..."
2433,649,14,24,121,159,1.3270440251572326,0.05007506136026408,671,SPF  1 million.
902,649,14,24,121,159,1.3270440251572326,0.05007506136026408,671,It's a low budget sequel to Knight Rider.
954,649,13,26,120,159,1.3270440251572326,0.049273728033651,671,"Well, it’s practical, and I’m Mitch McConnell’s daughter."
1029,649,15,22,122,159,1.3270440251572326,0.05086377164676466,671,"Embarrassing? Well, the drivers are too busy with their phones to notice me anyway…"
1809,649,12,28,119,159,1.3270440251572326,0.04845914545711879,671,First time on the parkway?
2147,649,11,30,118,159,1.3270440251572326,0.047630633866600894,671,I had to buy it. This was the only model with a codpiece.
2177,649,10,32,117,159,1.3270440251572326,0.046787453303574665,671,It's no more stupid than your outfit!
2212,649,9,34,116,159,1.3270440251572326,0.04592879587725082,671,I went in for a new helmet and they sold me the matching protective suit half-price
2443,649,11,30,118,159,1.3270440251572326,0.047630633866600894,671,PETA won’t let me joust with a horse anymore.
2664,649,8,36,115,159,1.3270440251572326,0.045053776698898,671,"It's like a horse, but you don't have to feed it."
2950,649,9,34,116,159,1.3270440251572326,0.04592879587725082,671,"Jousting is great, but getting there is a pain."
3314,649,14,24,121,159,1.3270440251572326,0.05007506136026408,671,I can win if I make my lance arm strong.
3586,649,11,30,118,159,1.3270440251572326,0.047630633866600894,671,I stared feeling bad for the horse.
653,649,14,24,121,159,1.3270440251572326,0.05007506136026408,671,I had no idea there was a Tour de Camelot.
550,649,12,28,119,159,1.3270440251572326,0.04845914545711879,671,You think that plastic helmet's gonna help you?
3185,664,10,33,120,163,1.3251533742331287,0.04595542955878165,671,Let’s see that junkyard dog try to bite me now.
2102,664,13,27,123,163,1.3251533742331287,0.048364476550965936,671,..and I never got back on that horse again.
970,666,10,31,116,157,1.3248407643312101,0.04714324714345959,671,I said let's go for a night ride not a knight ride.
1332,666,8,35,114,157,1.3248407643312101,0.04537804663681654,671,My mom worries a lot...
1363,666,7,37,113,157,1.3248407643312101,0.044469178081509325,671,"I want to be noticed, and I hate the way my butt looks in spandex."
1587,666,7,37,113,157,1.3248407643312101,0.044469178081509325,671,"This is New York City, so, no, I'm not overdoing it"
2329,666,11,29,117,157,1.3248407643312101,0.048001511107020556,671,"With all the distracted drivers out there, just a helmet doesn't cut it anymore!"
2360,666,10,31,116,157,1.3248407643312101,0.04714324714345959,671,I‘m the original knight rider!
3429,666,13,25,119,157,1.3248407643312101,0.04967357147632564,671,Do you quest here often?
3518,666,8,35,114,157,1.3248407643312101,0.04537804663681654,671,You don't need to be my knight in shining armor everywhere we go.
3008,666,11,29,117,157,1.3248407643312101,0.048001511107020556,671,I didn't spell-check my order for Under Armour.
2040,675,7,36,112,155,1.3225806451612903,0.04478266080661836,671,I say we call it a knight.
429,675,7,36,112,155,1.3225806451612903,0.04478266080661836,671,Because it's much cheaper than health insurance.
449,675,8,34,113,155,1.3225806451612903,0.04570857566673902,671,You said it was Joust around the corner
3330,675,7,36,112,155,1.3225806451612903,0.04478266080661836,671,It's vintage athleisure.
3285,675,12,26,117,155,1.3225806451612903,0.0492384261702941,671,I though you said you wanted to go for a knight ride.
995,675,9,32,114,155,1.3225806451612903,0.046616103119451975,671,How did you guess I have an over protective mother?
3246,675,11,28,116,155,1.3225806451612903,0.048380114005303135,671,"It’s not so bad, but I passed on the matching bike shorts."
1978,675,9,32,114,155,1.3225806451612903,0.046616103119451975,671,Thou shalt not pass!
262,683,12,35,136,183,1.3224043715846994,0.0438282946989314,671,Uber armor
1090,684,9,39,129,177,1.3220338983050848,0.04264167441798044,671,It's not about safety. It's about being noticed.
3545,685,6,41,118,165,1.3212121212121213,0.04210629458228332,671,I should be making better time but I’m a little rusty!
2305,686,12,27,120,159,1.320754716981132,0.04831427474293785,671,My horse quit to work for Uber.
2856,687,6,37,110,153,1.3202614379084967,0.0441383457412971,671,"""I moved here for the knight life, but so far it's been pretty disappointing!"""
3700,687,11,27,115,153,1.3202614379084967,0.04876669073051605,671,Maybe you're starting to break down my armor.
1047,687,8,33,112,153,1.3202614379084967,0.04604554472247329,671,"You never listen, I said “under” armor."
1262,687,7,35,111,153,1.3202614379084967,0.045102027413230376,671,"No, I'm not jesting."
1548,687,8,33,112,153,1.3202614379084967,0.04604554472247329,671,I circle the park because I'm Sir Cumference...
1648,687,10,29,114,153,1.3202614379084967,0.04787682960264073,671,I miss my steed.
3009,693,5,53,139,197,1.3197969543147208,0.036997537400504994,671,So... you prefer heat rash to road rash?
822,694,13,31,135,179,1.318435754189944,0.04511445004387252,671,"Sure, there’s chaffing. But it’s worth the peace of mind when riding in the city."
2374,695,9,31,114,154,1.3181818181818181,0.04671043225372382,671,Jousting horses have a surprisingly large carbon footprint.
1635,696,7,34,110,151,1.3178807947019868,0.045427438613661636,671,Didn't you use to ride with a Lance?
26,696,5,38,108,151,1.3178807947019868,0.04344020876442576,671,"Now that the swimming portion of the triathlon is over, I'm not too worried about the rest."
1647,696,10,28,113,151,1.3178807947019868,0.04825508098894511,671,Wow! That’s not exactly what I meant when I said I had a thing for Night Rider.
2122,696,7,34,110,151,1.3178807947019868,0.045427438613661636,671,"On thy right, m'lady!"
49,696,12,24,115,151,1.3178807947019868,0.050051506298519684,671,"I have meetings today, so I have to wear a suit."
1599,696,7,34,110,151,1.3178807947019868,0.045427438613661636,671,The good news is I no longer fear Dodge Chargers.
1623,696,7,34,110,151,1.3178807947019868,0.045427438613661636,671,It's SPF 1150 AD
2071,696,9,30,112,151,1.3178807947019868,0.047331306980677175,671,"I was able to do the running portion, and the biking part is going well, but I'm worried about the swimming part!"
1994,696,9,30,112,151,1.3178807947019868,0.047331306980677175,671,"OK, got it. Algonquin, main dining room, usual table, noon. I'm on my way!"
2371,696,12,24,115,151,1.3178807947019868,0.050051506298519684,671,I've been invited to a Republican cocktail party; I just want to be safe.
2750,696,11,26,114,151,1.3178807947019868,0.04916149979404823,671,I'm training to be an Iron Man.
3238,696,11,26,114,151,1.3178807947019868,0.04916149979404823,671,It's the only way I'll get the full discount from my HMO.
3335,696,10,28,113,151,1.3178807947019868,0.04825508098894511,671,Nice knight for a bike ride!
1629,696,6,36,109,151,1.3178807947019868,0.04444493174983447,671,Is that a water bottle or an oil can?
3420,696,8,32,111,151,1.3178807947019868,0.04638914096799539,671,Pothole and a time vortex up ahead on your right.
1074,696,7,34,110,151,1.3178807947019868,0.045427438613661636,671,I just feel like such an anachronism.
3538,696,12,24,115,151,1.3178807947019868,0.050051506298519684,671,I said I just wanted a helmet but they threw in the whole suit for free!
904,696,7,34,110,151,1.3178807947019868,0.045427438613661636,671,"Trying to decide which is worse, road rash or heat rash."
1942,696,7,34,110,151,1.3178807947019868,0.045427438613661636,671,I'm pretty sure the clanking is on your end.
1898,696,8,32,111,151,1.3178807947019868,0.04638914096799539,671,It's so hard to rent a horse in the city.
381,696,7,34,110,151,1.3178807947019868,0.045427438613661636,671,It IS my first time in the big city. How could you tell?
3426,696,8,32,111,151,1.3178807947019868,0.04638914096799539,671,"It was an eco-decision, really. Fiery steeds drop a lot of manure."
857,696,8,32,111,151,1.3178807947019868,0.04638914096799539,671,I said N-I-G-H-T ride!
2506,719,6,39,116,161,1.3167701863354038,0.0426439471727173,671,It produced too much methane.
316,720,16,24,137,177,1.3163841807909604,0.04749857601861792,671,I'm wearing Under Armour too.
3210,721,9,30,113,152,1.3157894736842106,0.047065371940886995,671,"I said you should wear Under Armour, not be under armour."
2348,721,5,38,109,152,1.3157894736842106,0.04320411708357582,671,Meet you at the round table
2271,721,9,30,113,152,1.3157894736842106,0.047065371940886995,671,You said I'd 'hit the wall' after 20 miles... I'm ready!
945,721,9,30,113,152,1.3157894736842106,0.047065371940886995,671,Wuddaya mean the mail must go through?
784,721,6,36,110,152,1.3157894736842106,0.044201064565369964,671,You're safer behind me going downhill.
610,721,11,26,115,152,1.3157894736842106,0.04888175515890755,671,It’s called overarmor!
383,721,7,34,111,152,1.3157894736842106,0.04517601669528512,671,Are you hot? I'm hot.
25,721,7,34,111,152,1.3157894736842106,0.04517601669528512,671,"Trust me, you'll never look back once you start using a helmet with a visor."
2366,721,11,26,115,152,1.3157894736842106,0.04888175515890755,671,It's a requirement to keep my life insurance policy valid
2332,721,8,32,112,152,1.3157894736842106,0.04613036809080713,671,I like to think I'm reriding history.
2885,721,9,30,113,152,1.3157894736842106,0.047065371940886995,671,"I'm a bit rusty, but I can still do a pretty fast loop unless it rains!"
2039,721,14,26,131,171,1.3157894736842106,0.04726702444951881,671,I’m on my way to Canada just in case this piece of shit gets re-elected.
2586,721,15,18,119,152,1.3157894736842106,0.05232570582780599,671,"Tell Trump to ""Go Fuck Himself"""
3368,721,7,34,111,152,1.3157894736842106,0.04517601669528512,671,"The swim didn't sink me, so I'm feeling pretty good about the marathon."
786,735,10,27,112,149,1.3154362416107384,0.048641296477702066,671,"It beats the hassle of changing at fencing class."""
3762,735,12,23,114,149,1.3154362416107384,0.05047142920669198,671,I'll put my metal to the pedal and be there soon.
3504,735,9,29,111,149,1.3154362416107384,0.04769990567563531,671,There is a city wide dragon alert.
2935,735,11,25,113,149,1.3154362416107384,0.04956481054739255,671,"Oh, you said Under Armour?"
2874,735,9,29,111,149,1.3154362416107384,0.04769990567563531,671,"Easy... Cars, bullets, dogs."
1165,735,7,33,109,149,1.3154362416107384,0.045759059849718245,671,"Mark my words, this will be the goat yoga of the 2020s."
1927,735,12,23,114,149,1.3154362416107384,0.05047142920669198,671,umm...when I suggested a night ride...
2704,735,10,27,112,149,1.3154362416107384,0.048641296477702066,671,Biking in this city is war.
1286,735,7,33,109,149,1.3154362416107384,0.045759059849718245,671,I thought I told you it was a knight ride.
1134,735,7,33,109,149,1.3154362416107384,0.045759059849718245,671,Only problem is the rain
1735,735,9,29,111,149,1.3154362416107384,0.04769990567563531,671,It's like riding a horse.
1511,735,6,35,108,149,1.3154362416107384,0.044757087000416945,671,"All this, and I still swallowed a fly!"
2710,747,13,32,139,184,1.315217391304348,0.044177964449424616,671,It's my personal quest so don't judge.
2232,748,10,32,123,165,1.3151515151515152,0.04533366533349307,671,"Oh, they didn't say ""metal to the pedal"" ?"
3300,749,8,30,108,146,1.3150684931506849,0.04737155984200183,671,It’s a lightweight aluminum frame
2708,750,7,39,123,169,1.3136094674556213,0.042123599741049296,671,"I just wear a helmut now that there are dedicated bike lanes."""
1968,751,13,32,140,185,1.3135135135135134,0.04397154038214513,671,I bet I can beat you to the bottom of the hill.
197,752,8,31,111,150,1.3133333333333332,0.04647451652309233,671,"I think you misunderstood the ""Ironman"" concept."
409,752,9,29,112,150,1.3133333333333332,0.047427483010045526,671,"Ya, and I paid $7,000. for this eleven pound bike."
2441,752,9,29,112,150,1.3133333333333332,0.047427483010045526,671,I've just been feeling so vulnerable lately
2523,752,8,31,111,150,1.3133333333333332,0.04647451652309233,671,"Heavy metal thrills me, you too?"
3001,752,9,29,112,150,1.3133333333333332,0.047427483010045526,671,The heat's not so bad. It's the humidity that gets you.
3362,752,8,31,111,150,1.3133333333333332,0.04647451652309233,671,Yes I’ve confirmed the reservation tonight for the Round Table and yes you have a seat.
3603,752,12,23,115,150,1.3133333333333332,0.05017790869005088,671,You forgot your Pike.
487,752,11,25,114,150,1.3133333333333332,0.04927816009039002,671,You did say get under armor.
1736,760,12,22,113,147,1.3129251700680271,0.050900676458107724,671,My rape armor.  I'm riding by Trump Tower.
253,760,10,26,111,147,1.3129251700680271,0.04903573129526933,671,"Wait, so what do you mean when you say Under Armor?"
359,760,12,22,113,147,1.3129251700680271,0.050900676458107724,671,I'm a crusader for bike lanes.
3384,760,7,32,108,147,1.3129251700680271,0.04609706133057938,671,"I don’t know. What do you think an ""ironman"" is?"
457,760,8,30,109,147,1.3129251700680271,0.047096995906647274,671,"When we turn left on Broadway, watch out for the jackass on the big white horse 
who is always talking on his phone."
3297,760,9,28,110,147,1.3129251700680271,0.04807613736092265,671,They’ve added a triathlon to the renaissance festival .
529,760,10,26,111,147,1.3129251700680271,0.04903573129526933,671,You said dress for a rough ride.
555,760,10,26,111,147,1.3129251700680271,0.04903573129526933,671,Be honest — do you really wear all the clothes in your closet?
685,760,9,28,110,147,1.3129251700680271,0.04807613736092265,671,I didn't realize you said I should try wearing UNDER Armor
755,760,5,36,106,147,1.3129251700680271,0.044029116991873576,671,"Don't look, I used to pillage that city..."
813,760,9,28,110,147,1.3129251700680271,0.04807613736092265,671,I'm training for the Ironman Triathlon.
911,760,7,32,108,147,1.3129251700680271,0.04609706133057938,671,"Well, people look at you funny when you ride a horse these days"
998,760,11,24,112,147,1.3129251700680271,0.049976903703384916,671,I find I only need the lance during my commute.
1087,760,9,28,110,147,1.3129251700680271,0.04807613736092265,671,You do realize we’re entering New York?
1370,760,12,22,113,147,1.3129251700680271,0.050900676458107724,671,"It's a new brand of protective outerwear.  ""Over-Armor."""
1447,760,5,36,106,147,1.3129251700680271,0.044029116991873576,671,Think you’re taking the helmet law a bit far?
2952,760,8,30,109,147,1.3129251700680271,0.047096995906647274,671,"Putting your pedal to the metal, I see."
1933,760,9,28,110,147,1.3129251700680271,0.04807613736092265,671,It's obvious you haven't been doored!
1985,760,8,30,109,147,1.3129251700680271,0.047096995906647274,671,I had to... I’m sponsored by Over Armour.
2193,760,9,28,110,147,1.3129251700680271,0.04807613736092265,671,I've been one with the pavement once too often.
59,760,7,32,108,147,1.3129251700680271,0.04609706133057938,671,I balance the toxic masculinity with a touch of environmentalism.
3,760,4,38,105,147,1.3129251700680271,0.04295783028702145,671,"Oh, Under Armour"
3417,760,12,22,113,147,1.3129251700680271,0.050900676458107724,671,Have you good knight vision?
3472,760,9,28,110,147,1.3129251700680271,0.04807613736092265,671,I heard the ticks are really bad this year.
2256,760,9,28,110,147,1.3129251700680271,0.04807613736092265,671,"Sorry, I came here straight from work."
3666,760,12,22,113,147,1.3129251700680271,0.050900676458107724,671,"Ride up beside me, will ya? and oil my knee."
3550,760,9,28,110,147,1.3129251700680271,0.04807613736092265,671,"Yes, Mom, I remembered my helmet."
2873,760,9,28,110,147,1.3129251700680271,0.04807613736092265,671,"When I said we should meet for a night ride, I didn’t mean it literally."
3514,760,6,34,107,147,1.3129251700680271,0.04507494984134362,671,It was a great offer and the helmet is free!
3540,760,4,38,105,147,1.3129251700680271,0.04295783028702145,671,"It's Tour de France, not War de France."
1446,790,9,34,124,167,1.311377245508982,0.0440567738610973,671,Strip-o-gram at Belvedere Castle.
2188,791,11,29,124,164,1.3109756097560976,0.04623334529222424,671,Can we stop at White Castle?
3445,792,13,19,113,145,1.3103448275862069,0.052264103652366244,671,The Game of Thrones protest is just ahead on the left.
3269,792,7,31,107,145,1.3103448275862069,0.04644161804790097,671,Ever since they voted not to put in a bike lane.
2707,792,5,35,105,145,1.3103448275862069,0.044331174196958374,671,You do know that swimming is the next leg of the triathlon?
2589,792,11,23,111,145,1.3103448275862069,0.05039807188136495,671,It has its drawbacks but I'm never less than 5 bars.
2478,792,7,31,107,145,1.3103448275862069,0.04644161804790097,671,Did I mention all the pigeons in the park?
2259,792,9,27,109,145,1.3103448275862069,0.04846023904329379,671,"Arthur, I want a divorce."
2183,792,11,23,111,145,1.3103448275862069,0.05039807188136495,671,What?! Girls always say they're looking for a knight in shining armor!
1804,792,8,29,108,145,1.3103448275862069,0.04746166165991397,671,The City as testing these as a cheaper alternative to putting in bike lanes.
987,792,10,25,110,145,1.3103448275862069,0.0494386509600151,671,I'm here to rescue you from bad drivers.
917,792,7,31,107,145,1.3103448275862069,0.04644161804790097,671,It's only until the cars are driving themselves.
618,792,9,27,109,145,1.3103448275862069,0.04846023904329379,671,They put in a new jousting lane through downtown.
79,792,11,23,111,145,1.3103448275862069,0.05039807188136495,671,"I’m telling you Joan, the Tour De France is for men only."
2251,792,10,25,110,145,1.3103448275862069,0.0494386509600151,671,"A Raleigh, I presume."
1491,792,8,29,108,145,1.3103448275862069,0.04746166165991397,671,I think you've taken your obsession with Knight Rider a bit too far.
1085,792,6,33,106,145,1.3103448275862069,0.04539866128306092,671,I am your knight in Shimano armor.
3710,807,7,26,96,129,1.310077519379845,0.05019155362972818,671,"Listen kid, food delivery is an ugly business"
2985,808,10,24,108,142,1.3098591549295775,0.05015518679176264,671,"If I win the big prize at the joust, I'm upgrading to a Prius."
2993,808,12,20,110,142,1.3098591549295775,0.05210876129645277,671,We’re having a round table at the office.
3062,808,10,24,108,142,1.3098591549295775,0.05015518679176264,671,Reduce - Reuse - Recycle!
3217,808,11,22,109,142,1.3098591549295775,0.05114130310212722,671,I'm following Rail to Trail to Grail
1406,808,11,22,109,142,1.3098591549295775,0.05114130310212722,671,It pairs really well with the Paleo diet...
3264,808,10,24,108,142,1.3098591549295775,0.05015518679176264,671,"What, you've never heard of knight rider before?"
2904,808,11,22,109,142,1.3098591549295775,0.05114130310212722,671,"Well, my Under Armour's in the wash."
1777,808,10,24,108,142,1.3098591549295775,0.05015518679176264,671,It’s no more uncomfortable than the seat.
1132,808,8,28,106,142,1.3098591549295775,0.0481223702697873,671,Training for the Ironman is harder than what I thought.
1035,808,10,24,108,142,1.3098591549295775,0.05015518679176264,671,'Tis my horse's mandatory one-hour lunch break.
790,808,9,26,107,142,1.3098591549295775,0.04914928932598675,671,It's great to finally meet someone emotionally available.
647,808,8,28,106,142,1.3098591549295775,0.0481223702697873,671,"I think you're looking for the IRONMAN race, not the TinMan race."
584,808,9,26,107,142,1.3098591549295775,0.04914928932598675,671,I was shopping for Under Armour cycling gear and hit ‘’buy now” by accident.
3471,808,6,32,104,142,1.3098591549295775,0.045999807376209914,671,"The best part is, these greaves never get caught in the chain!"
1257,808,11,22,109,142,1.3098591549295775,0.05114130310212722,671,The suit of armor was cheaper then my deductible..
565,808,6,32,104,142,1.3098591549295775,0.045999807376209914,671,Maybe I did misinterpret what this Ironman competition was all about.
2812,808,3,38,101,142,1.3098591549295775,0.0426182110845502,671,"When you follow a Cartoon Caption Contest with a dragon, you have to be prepared."
2726,808,11,22,109,142,1.3098591549295775,0.05114130310212722,671,"What do you mean, this is not the Tour de Lance ?"
1906,808,10,24,108,142,1.3098591549295775,0.05015518679176264,671,Get a horse!
1925,808,12,20,110,142,1.3098591549295775,0.05210876129645277,671,My new sponsor wants me to peddle his ‘Over Armour’ riding gear.
2000,808,8,28,106,142,1.3098591549295775,0.0481223702697873,671,"I knew I’d be training for the Ironman Triathlon, but this is ridiculous."
2107,808,7,30,105,142,1.3098591549295775,0.04707305385797126,671,"Once I bought the helmet, I couldn’t resist getting the whole ensemble."
2171,808,6,32,104,142,1.3098591549295775,0.045999807376209914,671,Tough neighborhood
2246,808,12,20,110,142,1.3098591549295775,0.05210876129645277,671,Thank goodness for Under Armour.
2768,808,8,28,106,142,1.3098591549295775,0.0481223702697873,671,I am just going to knight school .
2399,808,7,30,105,142,1.3098591549295775,0.04707305385797126,671,"It’s OK on the open road , but once you get into the cycle lanes you need all the protection you can get!"
2462,808,11,22,109,142,1.3098591549295775,0.05114130310212722,671,Damn! I knew I signed up for the wrong Ironman.
2569,808,11,22,109,142,1.3098591549295775,0.05114130310212722,671,This whole safety-versus-fashion thing is a false choice.
2654,808,5,34,103,142,1.3098591549295775,0.04490091488802172,671,"Knight rider on your left, fair maiden"
1539,808,13,18,111,142,1.3098591549295775,0.05305858200817037,671,"My Under Armour didn't work out so well. So, I thought I would give Over Armor a try."
2655,808,6,32,104,142,1.3098591549295775,0.045999807376209914,671,I'm sponsored by over armor.
1426,808,9,26,107,142,1.3098591549295775,0.04914928932598675,671,"So I said, look like a damn fool, or die."
2431,808,6,32,104,142,1.3098591549295775,0.045999807376209914,671,There will be a guard from the Metropolitan Museum coming up behind us shortly. There's a miniature Van Dyck in it for you if you cut him off.
531,808,9,26,107,142,1.3098591549295775,0.04914928932598675,671,"Yesterday I was passed by a truck driver with a burger in one hand, a phone in the other and a crazed grin on her face. Enough said, right?"
3367,808,5,34,103,142,1.3098591549295775,0.04490091488802172,671,Because horses don’t belong in the city.
456,808,9,26,107,142,1.3098591549295775,0.04914928932598675,671,"It's the Ironman Triathlon, what don't you get?"
3439,808,8,28,106,142,1.3098591549295775,0.0481223702697873,671,"So you know how the brakes work, right?"
3623,808,5,34,103,142,1.3098591549295775,0.04490091488802172,671,"I'm  ready for the commute home 
during the rush-hour traffic!"
3587,808,6,32,104,142,1.3098591549295775,0.045999807376209914,671,Did you hear thunder?
473,808,8,28,106,142,1.3098591549295775,0.0481223702697873,671,There were too many damsels that were distressed.
33,808,6,32,104,142,1.3098591549295775,0.045999807376209914,671,I'm training for the Tour de Lance.
51,808,9,26,107,142,1.3098591549295775,0.04914928932598675,671,I just got a gig at the Museum.
3512,808,7,30,105,142,1.3098591549295775,0.04707305385797126,671,"Sorry, I’ll be out of here in a second. Just passing from one wormhole to the next."
249,808,8,28,106,142,1.3098591549295775,0.0481223702697873,671,You're right. Chain mail would have been the better choice.
283,808,10,24,108,142,1.3098591549295775,0.05015518679176264,671,It's hard to be a saint in the city.  Much less a knight in shining armor
324,808,7,30,105,142,1.3098591549295775,0.04707305385797126,671,Are you in distress perchance?
378,808,9,26,107,142,1.3098591549295775,0.04914928932598675,671,Someone needed to restore chivalry to city biking.
404,808,7,30,105,142,1.3098591549295775,0.04707305385797126,671,"I know it won't save my life, but I want to cause some damage if a drunk, distracted, or angry road hog hits me."
239,808,11,22,109,142,1.3098591549295775,0.05114130310212722,671,It's called passive safety.
2562,857,7,34,114,155,1.3096774193548386,0.044437311450764606,671,"First time biking in the city, eh?"
3098,858,9,34,126,169,1.3076923076923077,0.043611285347218524,671,It’s my anti-fast-fashion clothing line: Over Armour.
1174,859,5,33,102,140,1.3071428571428572,0.045220060955157244,671,You ever try to cross through West & Albany at rush hour?
1916,859,10,23,107,140,1.3071428571428572,0.05058387616011822,671,It's nice to see a Citi biker wearing a helmet for once!
1848,859,9,25,106,140,1.3071428571428572,0.0495575786783754,671,"Yeah, I'm the Knight Rider, nice to meet thee."
1646,859,8,27,105,140,1.3071428571428572,0.04850957309175747,671,My insurance carrier is really strict.
1706,859,7,29,104,140,1.3071428571428572,0.047438420701218044,671,"Look, I am just on the way to slay a dragon on Fifth Ave., and defend the princess shopping there.  Keep up with the times!"
2173,859,7,29,104,140,1.3071428571428572,0.047438420701218044,671,"Now, when I go down, I give the 'rash' to the road."
1819,859,8,27,105,140,1.3071428571428572,0.04850957309175747,671,"There is the chafing, sure, but honestly it's the only safe way to bike to work in Seattle."""
2204,859,9,25,106,140,1.3071428571428572,0.0495575786783754,671,I think that minivan got the worst of it.
3202,859,7,29,104,140,1.3071428571428572,0.047438420701218044,671,"You know you can just stop at the red lights, right?"
2516,859,10,23,107,140,1.3071428571428572,0.05058387616011822,671,My contact lenses are bothering me.
2532,859,6,31,103,140,1.3071428571428572,0.0463425165016634,671,"Well, I tried to rent a horse"
2633,859,6,31,103,140,1.3071428571428572,0.0463425165016634,671,These new lightweight rims make the commute so much easier.
2657,859,6,31,103,140,1.3071428571428572,0.0463425165016634,671,My mom is a stickler for safety
2730,859,7,29,104,140,1.3071428571428572,0.047438420701218044,671,"My lady, can you direct me to a blacksmith shop so that I can use the mens room?"
3466,859,5,33,102,140,1.3071428571428572,0.045220060955157244,671,I got doored two times too many
3507,859,13,17,110,140,1.3071428571428572,0.05354487180056181,671,Do these make my butt look medieval?
624,859,6,31,103,140,1.3071428571428572,0.0463425165016634,671,If you knew my mom . . .
1181,859,6,31,103,140,1.3071428571428572,0.0463425165016634,671,I prefer to joust with oncoming traffic.
2295,859,9,25,106,140,1.3071428571428572,0.0495575786783754,671,"It's like Uber, but for jousting"
1568,859,9,25,106,140,1.3071428571428572,0.0495575786783754,671,I thought it would look more sophisticated than training wheels.
3632,859,9,25,106,140,1.3071428571428572,0.0495575786783754,671,"It’s less aerodynamic than lycra, but at least it’s recycled!"
2375,880,13,24,126,163,1.3067484662576687,0.04793018631560175,671,I thought you said we should ride all knight
481,881,7,31,109,147,1.3061224489795917,0.045904128089684255,671,This isn't King's Highway?
2493,882,10,36,137,183,1.3060109289617485,0.04203987234822732,671,"No, the Renaissance Fair was last week"
2083,883,9,28,114,151,1.304635761589404,0.046977875101902516,671,Why stop with a tin foil hat?
300,883,6,34,111,151,1.304635761589404,0.04406835697911027,671,Horse's day off!
1932,885,9,24,105,138,1.3043478260869565,0.04997481186373819,671,"I know it's heavy, but my shrink said be your own knight in shining armor."
2290,885,5,32,101,138,1.3043478260869565,0.045544875997504314,671,This is just until we get Universal Healthcare.
2387,885,8,26,104,138,1.3043478260869565,0.04890496189569144,671,"Right,but you gotta understand,things have changed. When I imagined this moment,you were wearing white and on a horse."
2576,885,7,28,103,138,1.3043478260869565,0.04781117835006826,671,Isn't just a helmet enough?
2647,885,7,28,103,138,1.3043478260869565,0.04781117835006826,671,"Actually, I said we should bike *at* night."
3086,885,10,22,106,138,1.3043478260869565,0.051022233816376786,671,"It's aluminum and lightweight, for speed and efficiency."
3189,885,10,22,106,138,1.3043478260869565,0.051022233816376786,671,Can I squeak by you?
3262,885,8,26,104,138,1.3043478260869565,0.04890496189569144,671,"OK, so we’ll be passing a driving range.  I still say you’re overreacting."
164,885,7,28,103,138,1.3043478260869565,0.04781117835006826,671,"Sure it's heavy, but I totaled a truck once and didn't get a scratch."
23,885,9,24,105,138,1.3043478260869565,0.04997481186373819,671,"Long sword? In a lake? Appeared to Arthur? Yes, that's mine. Can you hold it 'til 5?"
542,885,9,24,105,138,1.3043478260869565,0.04997481186373819,671,It was on sale on Prime Day.
168,885,9,24,105,138,1.3043478260869565,0.04997481186373819,671,This is much better than the drawbridge.
3481,885,9,24,105,138,1.3043478260869565,0.04997481186373819,671,My dragon’s in the shop.
1542,885,6,30,102,138,1.3043478260869565,0.046691779280993786,671,"Long story short, I went through a portal."
1474,885,10,22,106,138,1.3043478260869565,0.051022233816376786,671,"Well you said we were going through Central Park, didn't you."
1120,885,11,20,107,138,1.3043478260869565,0.05204858179057349,671,You need more than just a helmet to ride safely in this city.
1018,885,10,22,106,138,1.3043478260869565,0.051022233816376786,671,Think about it. A soda can seals in all the liquid. Ergo I can’t dehydrate.
931,885,6,30,102,138,1.3043478260869565,0.046691779280993786,671,"I heard all the Lance jokes years ago, okay?"
892,885,4,34,100,138,1.3043478260869565,0.044368335632870536,671,I must say...I’m a little rusty.
617,885,8,26,104,138,1.3043478260869565,0.04890496189569144,671,I've been feeling a little rusty lately
604,885,10,22,106,138,1.3043478260869565,0.051022233816376786,671,I misunderstood when you asked if I would go on a night ride
3744,885,6,30,102,138,1.3043478260869565,0.046691779280993786,671,Oy! I'm going to have the worst helmet hair!
3555,885,7,28,103,138,1.3043478260869565,0.04781117835006826,671,"Personally, I’d save the armour for off-road..."
549,885,7,28,103,138,1.3043478260869565,0.04781117835006826,671,It's really great at preventing road rash.
1642,885,12,32,140,184,1.3043478260869565,0.04324002203053405,671,"A horse, a horse!  My fiefdom for a horse!"
342,910,10,35,136,181,1.3038674033149171,0.04229717892396261,671,When I said Middle Age I was referring to the difficulty level.
1694,911,4,36,105,145,1.303448275862069,0.04302291326945495,671,"M'lady, my eyes are up here."
787,912,9,32,124,165,1.303030303030303,0.04419288704814212,671,SPF  200
1344,913,6,29,101,136,1.3014705882352942,0.047047758775446924,671,"My fair Maiden, I beg your pardon as I blow past thee."
396,913,5,31,100,136,1.3014705882352942,0.045875474318191035,671,I plan on falling.
217,913,9,23,104,136,1.3014705882352942,0.050401279660476465,671,Mail delivery.
180,913,6,29,101,136,1.3014705882352942,0.047047758775446924,671,"No, it's pedal to the metal....not metal to the pedal!"
60,913,11,19,106,136,1.3014705882352942,0.0525181293951035,671,"First, it was the bike helmet.  Then it was the kneepads..."
1649,913,4,33,99,136,1.3014705882352942,0.04467243761029127,671,I wear Under Armour on the inside.
1693,913,7,27,102,136,1.3014705882352942,0.04819153522836019,671,She's about to pass-is chivalry still an option?
1751,913,6,29,101,136,1.3014705882352942,0.047047758775446924,671,I'm not a big fan of bugs hitting me in the face.
1936,913,7,27,102,136,1.3014705882352942,0.04819153522836019,671,"Slings and arrows whether by mad dogs, road rage or Twitter, shall harm me not!"
2012,913,7,27,102,136,1.3014705882352942,0.04819153522836019,671,I think you misunderstood what an Ironman Triathalon is!
2133,913,5,31,100,136,1.3014705882352942,0.045875474318191035,671,I'm training for the Tour de 12th Century France.
2203,913,8,25,103,136,1.3014705882352942,0.04930878754887327,671,You should try Under Armour it breathes better.
2547,913,9,23,104,136,1.3014705882352942,0.050401279660476465,671,I can’t afford my health insurance.
2395,913,5,31,100,136,1.3014705882352942,0.045875474318191035,671,Taking up cycling now that you’re retired from the Game of  Thrones “
2568,913,8,25,103,136,1.3014705882352942,0.04930878754887327,671,"Why yes, Ma'am. I'm a Connecticut Yankee."
2672,913,9,23,104,136,1.3014705882352942,0.050401279660476465,671,"If a helmet is supposed to work, why stop there?"
2689,913,9,23,104,136,1.3014705882352942,0.050401279660476465,671,Downhill grades mess with my knight vision.
2751,913,7,27,102,136,1.3014705882352942,0.04819153522836019,671,"Well, if they get rid of Obamacare, I'm protected!"
2753,913,8,25,103,136,1.3014705882352942,0.04930878754887327,671,Jousting was too hard on my knees.
2872,913,7,27,102,136,1.3014705882352942,0.04819153522836019,671,"On your right, Sir Knight."
2965,913,6,29,101,136,1.3014705882352942,0.047047758775446924,671,"Honey, I guarantee you'll look just as manly at the Renaissance fair in spandex."
3183,913,11,19,106,136,1.3014705882352942,0.0525181293951035,671,Advice? Sure...careful with the brakes when you're followed by a guy with a lance
3363,913,4,33,99,136,1.3014705882352942,0.04467243761029127,671,I'm embracing my middle-agedness.
3369,913,7,27,102,136,1.3014705882352942,0.04819153522836019,671,New suit?
3391,913,10,21,105,136,1.3014705882352942,0.05147058823529411,671,I'd assumed this is what you wore over Under Armour.
3500,913,11,19,106,136,1.3014705882352942,0.0525181293951035,671,I still live with my parents.
684,913,7,27,102,136,1.3014705882352942,0.04819153522836019,671,Somebody’s gotta tell you... UnderArmour is a clothing brand cyclists wear.
824,913,9,23,104,136,1.3014705882352942,0.050401279660476465,671,I just got hired as a courier in NYC!
2214,941,7,28,105,140,1.3,0.047225160956190816,671,I thought sunglasses would look ridiculous with this outfit.
385,941,8,32,120,160,1.3,0.044155243568473224,671,If someone tries to hit me I'm taking the car with me.
366,943,10,24,113,147,1.2993197278911566,0.04866588986834901,671,Yes. Bicycle Jousting.
763,944,6,28,100,134,1.2985074626865671,0.0474106200003679,671,Your first Iron Man race? May be your last.
803,944,8,24,102,134,1.2985074626865671,0.04972130921533926,671,"I think you misunderstood when I said ""let's go for a night ride, it will be a lot cooler""."
1602,944,10,20,104,134,1.2985074626865671,0.051929281637198454,671,"Yes, it's the Ironman Triathlon, but not literally."
1729,944,8,24,102,134,1.2985074626865671,0.04972130921533926,671,I was tired of lifting weights.
12,944,9,22,103,134,1.2985074626865671,0.0508372839628695,671,"Knight on a bike, how can I help you?"
1837,944,7,26,101,134,1.2985074626865671,0.04857970501612101,671,"Yeah, Over Armour is definitely worse."
2137,944,9,22,103,134,1.2985074626865671,0.0508372839628695,671,It's Lancelot. I gotta take this.
2933,944,8,24,102,134,1.2985074626865671,0.04972130921533926,671,"I promise, next week we’ll ride our steeds and you can carry the lance."
3157,944,9,22,103,134,1.2985074626865671,0.0508372839628695,671,"My other ride is getting shoed"".."
3224,944,7,26,101,134,1.2985074626865671,0.04857970501612101,671,The difference is like Knight and day
3365,944,9,22,103,134,1.2985074626865671,0.0508372839628695,671,See a not-so-trusty steed gallop by milady?
997,944,6,28,100,134,1.2985074626865671,0.0474106200003679,671,"Look, dragon's breath is already bad for the ozone. I'm doing my part."
3422,944,8,24,102,134,1.2985074626865671,0.04972130921533926,671,"Yes, I'm wearing it, but, Dad, other kids don't have to wear a suit of armor when they get their training wheels off."
3756,944,8,24,102,134,1.2985074626865671,0.04972130921533926,671,Last leg!  Metal to the pedal!
1184,944,9,22,103,134,1.2985074626865671,0.0508372839628695,671,It's only a problem when it rains.
148,959,10,47,168,225,1.2977777777777777,0.03647375901935203,671,Oil can...oil can.
2659,960,13,26,136,175,1.2971428571428572,0.045322624337083305,671,"Okay, so I ordered the wrong 'Night Rider' outfit."
1106,961,9,22,104,135,1.2962962962962963,0.050507730635623,671,Good day and good knight.
1353,961,10,20,105,135,1.2962962962962963,0.05159059190854659,671,Joan?  Joan Arc?  Is that you?
2531,961,7,26,102,135,1.2962962962962963,0.04826918494167436,671,A helmet is just not enough!
2563,961,9,22,104,135,1.2962962962962963,0.050507730635623,671,"No, I am not 'the king of bicycling.' But I am His Majesty's faithful envoy."
2916,961,11,18,106,135,1.2962962962962963,0.0526511870045466,671,"Where's your lance, Armstrong?"
2987,961,6,28,101,135,1.2962962962962963,0.047110040282513234,671,"Of course you don’t get it, mom! It’s social commentary on today’s  culture of dominance and deception"
3301,961,11,18,106,135,1.2962962962962963,0.0526511870045466,671,Do look like I’m ok?
3705,961,7,26,102,135,1.2962962962962963,0.04826918494167436,671,It's a better glute workout than jousting.
3424,969,8,26,108,142,1.295774647887324,0.04771131137665376,671,"When I said ‘suit up,’ I had thought you understood in what context."
599,970,7,25,100,132,1.2954545454545454,0.04897590645272065,671,"I know, I know. But it was free with the helmet purchase."
709,970,8,23,101,132,1.2954545454545454,0.05014279443618571,671,My father was the Tin Man.
2613,970,6,27,99,132,1.2954545454545454,0.04778052942215806,671,Apparently ‘Italian steel’ wasn't specific enough.
2304,970,6,27,99,132,1.2954545454545454,0.04778052942215806,671,People in my neighborhood really don’t like when you bike on the sidewalk.
2789,970,5,29,98,132,1.2954545454545454,0.04655446886022629,671,"To me, it's all the same: the peddle to the metal and the metal to the peddle."
3625,970,5,29,98,132,1.2954545454545454,0.04655446886022629,671,Give me a break. Last week you made fun of me for wearing spandex!
2302,970,7,25,100,132,1.2954545454545454,0.04897590645272065,671,it's an uphill battle
2706,970,7,25,100,132,1.2954545454545454,0.04897590645272065,671,Smart Outfit!......... how do you pee in that thing?
3094,970,5,29,98,132,1.2954545454545454,0.04655446886022629,671,"I'm accident prone, that's why."
1118,979,8,24,104,136,1.2941176470588236,0.04908492380527736,671,My mom told me she would be at mile 10 to make sure I was wearing my armor.
510,980,10,19,104,133,1.2932330827067668,0.05205062961825387,671,I'm late for the Festival.  Supposed to fight a dragon holding flowers for a damsel.  What a cliche.
535,980,7,25,101,133,1.2932330827067668,0.048657009197015086,671,"Pedal faster! There are still Trumps, in NYC!!!"
1210,980,6,27,100,133,1.2932330827067668,0.04747192199022139,671,"Howdy, would you like to join me in the war against cars?"
1366,980,6,27,100,133,1.2932330827067668,0.04747192199022139,671,"Sally, I said Under Armor, not Over Armor"
1624,980,9,21,103,133,1.2932330827067668,0.05094454707919094,671,"I'm just saying... in a risk-reward comparison, it doesn't seem worth it."
1628,980,9,21,103,133,1.2932330827067668,0.05094454707919094,671,Regular sunblock doesn’t work anymore.
1815,980,7,25,101,133,1.2932330827067668,0.048657009197015086,671,"That’s from Over Armor, right?"
2067,980,5,29,99,133,1.2932330827067668,0.046256482906646926,671,Nothing huzzahs quite like a vintage power suit.
2676,980,9,21,103,133,1.2932330827067668,0.05094454707919094,671,I’m just saying it may be possible to take bike safety too far.
2685,980,8,23,102,133,1.2932330827067668,0.04981391081365883,671,"I’m moving away from spandex, too."
2702,980,8,23,102,133,1.2932330827067668,0.04981391081365883,671,Today is night-ride; knight-ride is next week
2810,980,8,23,102,133,1.2932330827067668,0.04981391081365883,671,At least I get to attack downhill this time.
2862,980,7,25,101,133,1.2932330827067668,0.048657009197015086,671,"I figured, well, if UNDER Armour is good, then..."
3757,980,7,25,101,133,1.2932330827067668,0.048657009197015086,671,I don’t want to talk about what happened to the horse.
1890,980,6,27,100,133,1.2932330827067668,0.04747192199022139,671,"I think I ordered from wrong""under armor"" website..."
374,980,8,23,102,133,1.2932330827067668,0.04981391081365883,671,Can we stop to oil my codpiece?
278,980,7,25,101,133,1.2932330827067668,0.048657009197015086,671,Dressing as Jeanne d'Arc is still not going to get a woman in the Tour de France.
3601,997,8,25,107,140,1.292857142857143,0.048083975629902284,671,"Chivalry isn't dead, it's just out of shape."
2063,998,6,26,98,130,1.2923076923076924,0.04815765434045453,671,"M'lady, please removeth thy earbuds."
712,998,5,28,97,130,1.2923076923076924,0.04690308185181263,671,It was either this or training wheels.
829,998,5,28,97,130,1.2923076923076924,0.04690308185181263,671,"When you go up against an SUV, you need armor!"
980,998,8,22,100,130,1.2923076923076924,0.05057351916100387,671,"You’re talking on your phone, you are going the wrong way on a one way street, and you just went thru a red light...you do need body armor."
1114,998,8,22,100,130,1.2923076923076924,0.05057351916100387,671,"My bike company merged with Nike...its called  
""Knike """
1183,998,9,20,101,130,1.2923076923076924,0.0517391672208327,671,It's a new line of bike wear called Outer Armour.
1194,998,4,30,96,130,1.2923076923076924,0.04561401651708575,671,"If you could do that well in the swim, the run should be a piece of cake!"
1282,998,7,24,99,130,1.2923076923076924,0.04938036306014327,671,Thanks for not bringing the lance.
1290,998,8,22,100,130,1.2923076923076924,0.05057351916100387,671,"Pardon me. I've got places to be, centuries to catch up on."
1414,998,7,24,99,130,1.2923076923076924,0.04938036306014327,671,...so that's when I realized that I have to be my own knight in shining armor.
1476,998,7,24,99,130,1.2923076923076924,0.04938036306014327,671,"The joust did not go well, but fortunately I keep a back-up ride."
1611,998,9,20,101,130,1.2923076923076924,0.0517391672208327,671,My trusty steed went to The Crusades with my best friend.
1621,998,9,20,101,130,1.2923076923076924,0.0517391672208327,671,"I said let’s bike at NIGHT, Greg..."
1911,998,5,28,97,130,1.2923076923076924,0.04690308185181263,671,"Yes, I'm coming to the wedding. And yes, I am wearing my suit."
2037,998,5,28,97,130,1.2923076923076924,0.04690308185181263,671,Get out your oil can. It is going to rain.
2050,998,5,28,97,130,1.2923076923076924,0.04690308185181263,671,...and so will my horse be ready by Friday?
2206,998,3,32,95,130,1.2923076923076924,0.04428744651076768,671,"Bill, I said it was a night bikeride!"
2410,998,7,24,99,130,1.2923076923076924,0.04938036306014327,671,"Tell him to blanch the Kale first, then in ice water. Are we in the bus lane?"
3209,998,7,24,99,130,1.2923076923076924,0.04938036306014327,671,You know what? I want a divorce.
3234,998,6,26,98,130,1.2923076923076924,0.04815765434045453,671,"It's loud, but surprisingly breathable."
3352,998,10,18,102,130,1.2923076923076924,0.05287912640241093,671,"It's in case I win the race, and have to meet Trump."
3394,998,9,20,101,130,1.2923076923076924,0.0517391672208327,671,Tonight’s the knight!
3397,998,4,30,96,130,1.2923076923076924,0.04561401651708575,671,I burn calories just putting this on.
3453,998,7,24,99,130,1.2923076923076924,0.04938036306014327,671,Passing on the left me lady.
3527,998,9,20,101,130,1.2923076923076924,0.0517391672208327,671,They had it in neon yellow too.
3570,998,8,22,100,130,1.2923076923076924,0.05057351916100387,671,"Yeah, but a bike doesn't poop."
3633,998,6,26,98,130,1.2923076923076924,0.04815765434045453,671,I love our knight rides together.
678,998,5,28,97,130,1.2923076923076924,0.04690308185181263,671,"Hey, about coming over to my place for a knightcap?"
655,998,5,28,97,130,1.2923076923076924,0.04690308185181263,671,"If you must know, I'm escaping from that cartoon contest of two weeks ago!"
1215,998,6,26,98,130,1.2923076923076924,0.04815765434045453,671,"I don't get road rash. I get road sparks."""
306,998,8,22,100,130,1.2923076923076924,0.05057351916100387,671,"Sorry, I thought you said ""viking"""
265,998,8,22,100,130,1.2923076923076924,0.05057351916100387,671,You'll wish you had one too once we fall off the end of this illustration.
214,998,7,24,99,130,1.2923076923076924,0.04938036306014327,671,"Apparently I took the term ""Ironman"" too literally."
112,998,5,28,97,130,1.2923076923076924,0.04690308185181263,671,We broke up but he said I was a knight to remember.
16,998,6,26,98,130,1.2923076923076924,0.04815765434045453,671,It's Over Armour
598,998,7,24,99,130,1.2923076923076924,0.04938036306014327,671,I hear those new carbon fiber outfits are only good for one crash.
3050,1034,8,38,139,185,1.2918918918918918,0.039916863456258694,671,I got bullied as a kid.
3357,1035,7,28,109,144,1.2916666666666667,0.0460935082154906,671,"Wait, so when you said you go on a nightly ride ..."
3516,1036,7,23,97,127,1.2913385826771653,0.05013447261506803,671,It is a little tougher on the up-hills.
260,1036,5,27,95,127,1.2913385826771653,0.047576218749342036,671,I can be there in 5 minutes and yes my armor is shining.
530,1036,7,23,97,127,1.2913385826771653,0.05013447261506803,671,I thought you asked to go on a knight ride.
1004,1036,6,25,96,127,1.2913385826771653,0.04887208781542002,671,I'm tired of being body-shamed.
1026,1036,5,27,95,127,1.2913385826771653,0.047576218749342036,671,They told me the plume was aerodynamic...
1079,1036,7,23,97,127,1.2913385826771653,0.05013447261506803,671,"Hey, wanna see my under armour?"
1172,1036,4,29,94,127,1.2913385826771653,0.04624405057445081,671,Ironman training?
1756,1036,7,23,97,127,1.2913385826771653,0.05013447261506803,671,I'm dreading the swimming part of this race.
1347,1036,6,25,96,127,1.2913385826771653,0.04887208781542002,671,You also laughed when I grew a handle-bar mustache but then it came back into style.
1591,1036,5,27,95,127,1.2913385826771653,0.047576218749342036,671,"I'm trying this new athletic gear called ""Over Armor"""
1764,1036,8,21,98,127,1.2913385826771653,0.05136584197055362,671,"Get real, it's  time   to  get off your  high  horse."
1920,1036,6,25,96,127,1.2913385826771653,0.04887208781542002,671,It's hard admitting that you're a woman and voted for Trump.
2197,1036,4,29,94,127,1.2913385826771653,0.04624405057445081,671,I feel like I've put on a little weight.
2396,1036,8,21,98,127,1.2913385826771653,0.05136584197055362,671,Not what I had in mind when you asked me to go on a night ride.
1178,1036,7,23,97,127,1.2913385826771653,0.05013447261506803,671,I’m more of a Knight-Rider
255,1036,9,19,99,127,1.2913385826771653,0.052568375458033396,671,If you think your chain is rusty wait till it rains!
3182,1036,6,25,96,127,1.2913385826771653,0.04887208781542002,671,Does it sound like my chain is squeaking again?
2628,1036,5,27,95,127,1.2913385826771653,0.047576218749342036,671,Why do people keep asking me if I am the Knight Rider?!
1571,1054,9,21,104,134,1.291044776119403,0.05061026617466473,671,The best thing about having an exoskeleton is that you don't have to wear all that lycra
557,1054,7,25,102,134,1.291044776119403,0.04834208664303101,671,Remember Lance?
1280,1054,6,27,101,134,1.291044776119403,0.047167112381067695,671,One close call with an Uber and you will too....
1441,1057,9,22,107,138,1.289855072463768,0.049543455233689644,671,Cycling is great when your middle aged.
2198,1058,9,41,154,204,1.2892156862745099,0.03804361427646381,671,I believe in defensive riding.
1399,1059,8,21,99,128,1.2890625,0.051013767718148216,671,You know what—I’m just glad to finally see a white knight going the distance
1823,1059,8,21,99,128,1.2890625,0.051013767718148216,671,"I'm drop dead gorgeous and I want to stay this way."""
2236,1059,9,19,100,128,1.2890625,0.05220570843178142,671,Sir Lancelot Armstrong
2722,1059,6,25,97,128,1.2890625,0.048542162134326036,671,You’ll see. This will come in handy if we have to attack a castle.
3021,1059,9,19,100,128,1.2890625,0.05220570843178142,671,What? the casting call said to wear a suit for amour?
577,1064,6,29,107,142,1.2887323943661972,0.04534134063590939,671,"I feel safer, but I can only really ride downhill."
1415,1065,4,28,93,125,1.288,0.04658118130332145,671,In my previous life this wouldn't have been so exhausting.  My horse did all the work!
2008,1065,6,24,95,125,1.288,0.04927343064717471,671,My horse is ready.
1918,1065,8,20,97,125,1.288,0.0518260116531358,671,"I said do you want to go for a night ride Jason,  not a knight ride."
1907,1065,8,20,97,125,1.288,0.0518260116531358,671,After the doping scandal I became Lancelot.
1431,1065,7,22,96,125,1.288,0.05056583061521339,671,"Legend has it, there's a fish out there somewhere who needs a bicycle."
2030,1065,8,20,97,125,1.288,0.0518260116531358,671,I meant night ride
938,1065,7,22,96,125,1.288,0.05056583061521339,671,"how far is this place ""Camelot"" ?"
973,1065,5,26,94,125,1.288,0.047946206415913864,671,Let me guess... classics major?
1180,1065,8,20,97,125,1.288,0.0518260116531358,671,"Yeh, I’m starting a new trend: Over Armor"
2465,1065,5,26,94,125,1.288,0.047946206415913864,671,"Running a little late. 650, 700 years tops."
2052,1065,6,24,95,125,1.288,0.04927343064717471,671,That’s not what they mean by iron man competition
2499,1065,7,22,96,125,1.288,0.05056583061521339,671,Why?  My therapist said that knight bicycle rides are very therapeutic.
2535,1065,9,18,98,125,1.288,0.05305626958178915,671,It's so much harder now horses aren't allowed into the city.
888,1065,6,24,95,125,1.288,0.04927343064717471,671,"I gave up the horse and the sword, but the armor just makes sense these days."
2556,1065,10,16,99,125,1.288,0.05425863986500215,671,"how do you pee?"""
2711,1065,8,20,97,125,1.288,0.0518260116531358,671,You're the one who wanted to move here to Portland.
2303,1065,6,24,95,125,1.288,0.04927343064717471,671,It’s casual Friday.
2799,1065,10,16,99,125,1.288,0.05425863986500215,671,Did I leave my lance at your place?
2041,1065,5,26,94,125,1.288,0.047946206415913864,671,You need to pee?
2807,1065,5,26,94,125,1.288,0.047946206415913864,671,The bike and the injury avoidance uniform together was cheaper than a new car.
3382,1065,7,22,96,125,1.288,0.05056583061521339,671,My cowboy outfit is at the cleaners.
3440,1065,8,20,97,125,1.288,0.0518260116531358,671,"Not what I meant by 'night cycling gear', but at least it's reflective."
2174,1065,11,14,100,125,1.288,0.05543493716118488,671,"Spandex has its merits, but you can't beat this for security."
3511,1065,7,22,96,125,1.288,0.05056583061521339,671,You said let’s take a knight ride together!
3536,1065,10,16,99,125,1.288,0.05425863986500215,671,It's knockoff Under Armour
3613,1065,7,22,96,125,1.288,0.05056583061521339,671,"Why the bike, Sire?  I’m trying to reduce my horse manure footprint."
3702,1065,5,26,94,125,1.288,0.047946206415913864,671,Got mail?
3042,1065,8,20,97,125,1.288,0.0518260116531358,671,I just thought you meant a night ride.
770,1065,4,28,93,125,1.288,0.04658118130332145,671,I've got an app for the horse and the lance.
3624,1065,5,26,94,125,1.288,0.047946206415913864,671,My mother doesn't believe in half measures.
491,1065,8,20,97,125,1.288,0.0518260116531358,671,"I ride for the Knights of the Round Table.  Who is thy patron?"""
416,1065,5,26,94,125,1.288,0.047946206415913864,671,The law does not state the type of helmet.
375,1065,7,22,96,125,1.288,0.05056583061521339,671,"They don't see me any better, but the marks I leave now are way beyond paintless dent repairs."
312,1065,4,28,93,125,1.288,0.04658118130332145,671,"My new bike only weighs 22 lbs., but I'm not noticing any difference."
309,1065,4,28,93,125,1.288,0.04658118130332145,671,Have you seen the price of oats?
291,1065,2,32,91,125,1.288,0.043723471219516315,671,"Oh, nothing special, just girl knights out.... What are you doing?"
274,1065,9,18,98,125,1.288,0.05305626958178915,671,"Yes, 9-1-1 !  I'm in pursuit of a clown on a unicycle who stole my jousting lance!"
589,1065,8,20,97,125,1.288,0.0518260116531358,671,"Time machine a success, now bring me back.   Entire future controlled by 2”x5” shiny black card."
190,1065,8,20,97,125,1.288,0.0518260116531358,671,This heavy bottle of water is slowing me down.
84,1065,5,26,94,125,1.288,0.047946206415913864,671,I'm training for the Iron Man competition.
10,1065,10,16,99,125,1.288,0.05425863986500215,671,Brakes just slow me down.”
1070,1106,6,23,93,122,1.2868852459016393,0.05003657813472293,671,Let me call you back after I slay this hill.
2743,1107,9,19,101,129,1.2868217054263567,0.051847876828185056,671,I started wearing this after the NYPD decided to crash police cars into cyclists.
3150,1107,7,23,99,129,1.2868217054263567,0.049456589748739704,671,"Apparently, I need a permit for my lance, too."
1858,1107,3,31,95,129,1.2868217054263567,0.04428835225591643,671,"Even with bike lanes, you can't be too careful."
3754,1107,8,21,100,129,1.2868217054263567,0.050666342877524695,671,These new bicycle safety laws are archaic.
1534,1107,8,21,100,129,1.2868217054263567,0.050666342877524695,671,"I like a classic look. But I don't know if I can pull this off."""
1753,1107,7,23,99,129,1.2868217054263567,0.049456589748739704,671,"Electric scooters and driverless Ubers, Segways and distracted pedestrians.  You can't be too protected."
2132,1107,9,19,101,129,1.2868217054263567,0.051847876828185056,671,It turns out dragons leave huge carbon footprints
811,1107,8,21,100,129,1.2868217054263567,0.050666342877524695,671,I told you to stop screwing around with the time machine!
1865,1107,6,25,98,129,1.2868217054263567,0.04821649342877802,671,"Yes,it is 100 per cent recyclable!"
1574,1116,7,25,104,136,1.286764705882353,0.04772388840551284,671,RAN OUT  OF SUNSCREEN
280,1117,11,23,123,157,1.286624203821656,0.046999601617262084,671,"Oh! You meant ""night riding""."
3165,1118,8,20,98,126,1.2857142857142858,0.05146383270897637,671,Just taking the necessary precautions; my health plan has a high deductible.
989,1119,9,19,102,130,1.2846153846153847,0.05149478832041189,671,"Remember, quest is just part of questionable."
1603,1120,6,23,94,123,1.2845528455284554,0.049682887778708315,671,"This isn't what I meant when I said ""let's go night riding"" ."
1588,1120,9,17,97,123,1.2845528455284554,0.05355585310688398,671,I ran out of sunblock.
1567,1120,8,19,96,123,1.2845528455284554,0.05229674349977569,671,"Ever since I lost the saddle of my bike, I figured I probably shouldn't be riding around unprotected."
1455,1120,4,27,92,123,1.2845528455284554,0.04692365390058747,671,The potholes put a chink in my armor.
1424,1120,7,21,95,123,1.2845528455284554,0.05100656192448701,671,What? My horse is in the shop for a tuneup.
1655,1120,9,17,97,123,1.2845528455284554,0.05355585310688398,671,"Oh, it’s moisture wicking alright!"
1679,1120,6,23,94,123,1.2845528455284554,0.049682887778708315,671,Didn't you say we were going for a knight ride?
2413,1120,3,29,91,123,1.2845528455284554,0.04548130686399979,671,I'm a modern day Crusader.
1863,1120,10,15,98,123,1.2845528455284554,0.05478603310453256,671,Once more unto the breach!
3697,1120,6,23,94,123,1.2845528455284554,0.049682887778708315,671,Were you riding in yesterday’s hailstorm?
3675,1120,8,19,96,123,1.2845528455284554,0.05229674349977569,671,A helmet isn't enough in mid-town.
3673,1120,6,23,94,123,1.2845528455284554,0.049682887778708315,671,I thought you said you wear armor when you go cycling....not Under Armour!
3606,1120,6,23,94,123,1.2845528455284554,0.049682887778708315,671,I live in a tough neighborhood.
3583,1120,6,23,94,123,1.2845528455284554,0.049682887778708315,671,"Look, the rest of the guys have steroids."
3248,1120,7,21,95,123,1.2845528455284554,0.05100656192448701,671,I think you dropped your lance a ways back.
3177,1120,4,27,92,123,1.2845528455284554,0.04692365390058747,671,"Darlene, a sunblock with SPF 50+ would work just as well."
3099,1120,6,23,94,123,1.2845528455284554,0.049682887778708315,671,Don’t ever hum “The Impossible Dream” when you’re shopping for bike accessories.
1702,1120,6,23,94,123,1.2845528455284554,0.049682887778708315,671,I'm from King Arthur's court. Which way to Connecticut?
3045,1120,7,21,95,123,1.2845528455284554,0.05100656192448701,671,My horse got turned into a bicycle.
2774,1120,5,25,93,123,1.2845528455284554,0.048322968831673835,671,Peloton just wasn't doing it for me anymore
2670,1120,5,25,93,123,1.2845528455284554,0.048322968831673835,671,"Of course, I still haven't met my deductible."
2527,1120,7,21,95,123,1.2845528455284554,0.05100656192448701,671,"""The triathlon swimming is a bitch."
2502,1120,3,29,91,123,1.2845528455284554,0.04548130686399979,671,I am the NIGHT errant!
1386,1120,7,21,95,123,1.2845528455284554,0.05100656192448701,671,I’m training for a crusade.
2312,1120,5,25,93,123,1.2845528455284554,0.048322968831673835,671,I'm on knight duty.
2194,1120,7,21,95,123,1.2845528455284554,0.05100656192448701,671,Ohhh ... I heard KNIGHT ride.
2162,1120,8,19,96,123,1.2845528455284554,0.05229674349977569,671,"Mom, I'm thirty years old""
""You put your helmet back on right now young lady!"""
3006,1120,6,23,94,123,1.2845528455284554,0.049682887778708315,671,I should have been more specific when I told the clerk I wanted high-viz gear for night riding.
1143,1120,5,25,93,123,1.2845528455284554,0.048322968831673835,671,"When your doctor said if you were going to exercise you'd need more iron he meant in your diet, silly."
1130,1120,7,21,95,123,1.2845528455284554,0.05100656192448701,671,See you at the moat.
879,1120,7,21,95,123,1.2845528455284554,0.05100656192448701,671,"`Furanku gērī no saikuringū~ea no rain wa, anata ga kite iru nodesu ka?'
(""Is that the Frank Gehry line of cycling wear I heard about, you're wearing?"")"
828,1120,0,35,88,123,1.2845528455284554,0.040849837332392204,671,"It’s not just safer, the extra weight boosts my cardio."
692,1120,6,23,94,123,1.2845528455284554,0.049682887778708315,671,My wife insists I use protection.
422,1120,4,27,92,123,1.2845528455284554,0.04692365390058747,671,So I'm afraid of the traffic. So sue me.
380,1120,7,21,95,123,1.2845528455284554,0.05100656192448701,671,Aren't you a night rider?
237,1120,10,15,98,123,1.2845528455284554,0.05478603310453256,671,What a great knight for a ride.
82,1120,9,17,97,123,1.2845528455284554,0.05355585310688398,671,People call me Lance a lot.
242,1157,8,32,129,169,1.2840236686390532,0.042118651881780315,671,It's a one-steed.
959,1158,2,34,98,134,1.2835820895522387,0.04185672252274989,671,I guess I misunderstood when you asked if I wanted to go for a knight ride.
2727,1159,2,32,93,127,1.2834645669291338,0.0431505733207823,671,I thought spandex was a little too showy
1799,1160,9,28,126,163,1.2822085889570551,0.04395538908017317,671,"'Excuse me, where did you get your water bottle?'"
1754,1161,11,30,144,185,1.281081081081081,0.04176756502790503,671,I prefer over armor.
774,1162,7,20,94,121,1.28099173553719,0.05145692854512977,671,My steed is in the shop.
724,1162,7,20,94,121,1.28099173553719,0.05145692854512977,671,A Hard Day’s Knight
443,1162,7,20,94,121,1.28099173553719,0.05145692854512977,671,You can’t be too careful.
606,1162,4,26,91,121,1.28099173553719,0.04727147506480756,671,"You are taking ""Under Arnour"" too literally."
575,1162,0,34,87,121,1.28099173553719,0.04103203830514515,671,The roads are fine. It's when I get into the office that I'm concerned.
382,1162,5,24,92,121,1.28099173553719,0.04870660531832083,671,I'm out for my knightly ride.
665,1162,7,20,94,121,1.28099173553719,0.05145692854512977,671,Never ask Siri to invite your friends to a Night Ride.
1093,1162,5,24,92,121,1.28099173553719,0.04870660531832083,671,These seats are so uncomfortable.
1243,1162,8,18,95,121,1.28099173553719,0.05277837191625511,671,Even at the Renaissance Festival you bike to work?
341,1162,7,20,94,121,1.28099173553719,0.05145692854512977,671,Pardon me my lady... do you know where I can find a noble steed?
1336,1162,7,20,94,121,1.28099173553719,0.05145692854512977,671,"Yes, a strong helmet and a reflective outfit"
1519,1162,5,24,92,121,1.28099173553719,0.04870660531832083,671,...and I'm also a vegan.
1536,1162,5,24,92,121,1.28099173553719,0.04870660531832083,671,"I like this route: No cars and trucks, no cell phone users to watch out for, and lightly sketched in scenery that doesn't distract us."
1653,1162,4,26,91,121,1.28099173553719,0.04727147506480756,671,I'm a messenger in the business district. These are my work clothes.
1673,1162,5,24,92,121,1.28099173553719,0.04870660531832083,671,"So Carol, you just meant N-I-G-H-T ride?"
1770,1162,4,26,91,121,1.28099173553719,0.04727147506480756,671,You never know when or where your knight in shining armor will turn up.
2035,1162,5,24,92,121,1.28099173553719,0.04870660531832083,671,Metro-medieval. What are you?
2087,1162,6,22,93,121,1.28099173553719,0.05010064319414108,671,It was supposed to be a  N-I-G-H-T bike ride
2641,1162,10,14,97,121,1.28099173553719,0.055326653936366495,671,I think I was WAY TOO LITERAL on this whole Iron Man concept
258,1162,7,20,94,121,1.28099173553719,0.05145692854512977,671,"Hello, Knight on a bike, what's your emergency?"
2438,1162,4,26,91,121,1.28099173553719,0.04727147506480756,671,I just love putting the metal to the pedal...
3567,1162,5,24,92,121,1.28099173553719,0.04870660531832083,671,"The a.c., heating , and backup camera are included in the basic price of the suit. The dealer threw in the wrap-around airbags when I upgraded the sound system"
2851,1162,3,28,90,121,1.28099173553719,0.045791389015520885,671,"All that just so you can yell ""metal to the pedal!""?"
2984,1162,9,16,96,121,1.28099173553719,0.05406752804560703,671,Uphill's a bitch.
2099,1162,5,24,92,121,1.28099173553719,0.04870660531832083,671,"Let’s just make it past the Renaissance festival, okay?”"
3693,1162,7,20,94,121,1.28099173553719,0.05145692854512977,671,The manual said to use Armor All on my bike.
3690,1162,4,26,91,121,1.28099173553719,0.04727147506480756,671,"I feel pretty stupid in these pants, too."
3030,1162,5,24,92,121,1.28099173553719,0.04870660531832083,671,"The chafing’s killing me, but it keeps the wind off."
3620,1162,6,22,93,121,1.28099173553719,0.05010064319414108,671,"His career in ruins, Lance Armstrong encountered major problems with his Lancelot rebranding efforts."
2736,1162,4,26,91,121,1.28099173553719,0.04727147506480756,671,Sorry...my horse is in the shop.
3585,1162,8,18,95,121,1.28099173553719,0.05277837191625511,671,I'm putting my metal to the pedal.
165,1162,4,26,91,121,1.28099173553719,0.04727147506480756,671,Just watch me going downhill
2742,1162,6,22,93,121,1.28099173553719,0.05010064319414108,671,The only problem is the helmet interferes with my phone receptions in the city.
3290,1162,5,24,92,121,1.28099173553719,0.04870660531832083,671,When I asked you to move up and break wind for me that is not exactly what I had in mind.
3093,1162,4,26,91,121,1.28099173553719,0.04727147506480756,671,The carbon fibers actually make it much lighter.
1619,1197,5,25,95,125,1.28,0.04765467177450164,671,Nobility is out of style. Today’s knights are more focused on mobility.
2615,1198,8,22,106,136,1.2794117647058822,0.048609394707985344,671,"No road rash for you, eh?"
3329,1199,6,24,99,129,1.2790697674418605,0.04794308866997281,671,"Sharon. It's me, Colin. Quickly, I haven't any time to explain."
58,1200,6,22,94,122,1.278688524590164,0.04974163716327462,671,"”Nay, ‘tis the metal to pedal."
191,1201,5,22,88,115,1.2782608695652173,0.0502439906307349,671,Last one to the festival is a consort.
2289,1202,5,27,101,133,1.2781954887218046,0.04572569139771301,671,Hope it doesn't rain.
178,1203,8,26,117,151,1.2781456953642385,0.045221007833030055,671,You're either an extra in Spamalot or just assuming you'll be hit in an unprotected bike lane.
2582,1204,6,23,97,126,1.2777777777777777,0.04865021103252996,671,"I thought you said you’re bringing your tan steed, not 
your ten-speed."
464,1205,6,21,92,119,1.2773109243697478,0.050526877536999686,671,"I meant ""A horse, a horse, my kingdom for a horse!"""
2046,1206,4,26,93,123,1.2764227642276422,0.04661086467053802,671,Ohhh...NIGHT Riding. That does makes more sense
281,1207,8,22,108,138,1.2753623188405796,0.047987220104410026,671,Remind me to pick up the mail on our way back.
2286,1208,3,35,111,149,1.2751677852348993,0.040245776308494394,671,My ass still hurts.
2515,1209,5,23,92,120,1.275,0.04874115591686399,671,I was into armor before it was under.
3401,1209,7,19,94,120,1.275,0.051534574073431254,671,Swimming is the most difficult for me.
2445,1209,6,21,93,120,1.275,0.05015731554340811,671,That's Sir Lance Armstrong to you!
2365,1209,8,17,95,120,1.275,0.05287597136071295,671,"Oh, crap!  You mean it's supposed to be under armor?"
2327,1209,5,23,92,120,1.275,0.04874115591686399,671,"I thought it was called Tour de Force, not Tour de France."
2078,1209,4,25,91,120,1.275,0.047282599946524534,671,"Can't wait 'til I'm over eighteen and will need only the helmet."""
1720,1209,3,27,90,120,1.275,0.045777595341980545,671,I think something on my bike is rattling.
1475,1209,5,23,92,120,1.275,0.04874115591686399,671,"Yes my liege, I’m wearing my helmet."
2385,1217,5,22,90,117,1.2735042735042734,0.04949484223818946,671,joust to be safe
2296,1217,7,18,92,117,1.2735042735042734,0.05238763060913073,671,After I bought the helmet and gloves I couldn’t stop.
2234,1217,8,16,93,117,1.2735042735042734,0.053775701363780126,671,"My mother always told me, ""Safety first!"""
2115,1217,3,26,88,117,1.2735042735042734,0.046422138851282976,671,"Oh, the suit ? Well, Brinks is trying to copy Uber Eats ."
2591,1217,6,20,91,117,1.2735042735042734,0.050961766300933846,671,"I'm training for the Ironwoman, and you?"
2111,1217,8,16,93,117,1.2735042735042734,0.053775701363780126,671,I'm regretting that third bran muffin.
2038,1217,6,20,91,117,1.2735042735042734,0.050961766300933846,671,Just passing through on a Quest!
1828,1217,7,18,92,117,1.2735042735042734,0.05238763060913073,671,"What!? Bring my horse out o
in this traffic?"
1784,1217,5,22,90,117,1.2735042735042734,0.04949484223818946,671,"...from Amazon, of course."
1708,1217,7,18,92,117,1.2735042735042734,0.05238763060913073,671,does the bike line continue over the moat?
1687,1217,8,16,93,117,1.2735042735042734,0.053775701363780126,671,Joust training isn't what it used to be.
1546,1217,8,16,93,117,1.2735042735042734,0.053775701363780126,671,My usual ride has much more horsepower.
1522,1217,7,18,92,117,1.2735042735042734,0.05238763060913073,671,The third part of the triathlon is jousting.
1518,1217,2,28,87,117,1.2735042735042734,0.04480683830845536,671,I have a feeling I'm not in Camelot anymore.
1377,1217,5,22,90,117,1.2735042735042734,0.04949484223818946,671,It's a very old bike.
2164,1217,5,22,90,117,1.2735042735042734,0.04949484223818946,671,"If we die here today, just imagine how confused the archaeologists that find us a thousand years from now will be.""
""It's just a bike ride, Jim, you will not die here today."
2612,1217,5,22,90,117,1.2735042735042734,0.04949484223818946,671,"And when I drive my car,
 I hate people riding bicycles."
2674,1217,5,22,90,117,1.2735042735042734,0.04949484223818946,671,"Gwen had a flat tire, Arthur."
2863,1217,6,20,91,117,1.2735042735042734,0.050961766300933846,671,I didn't think that Vision Zero meant nobody could see us!
3655,1217,4,24,89,117,1.2735042735042734,0.04798309277084512,671,Sure it's hot but I never drop a call.
3575,1217,7,18,92,117,1.2735042735042734,0.05238763060913073,671,I'm taking a ride on Central Park West.
3490,1217,7,18,92,117,1.2735042735042734,0.05238763060913073,671,Super easy. I just lock it to one of the racks they have in the basement.
3488,1217,4,24,89,117,1.2735042735042734,0.04798309277084512,671,I guess biking seemed like the logical next step after my jousting days were over.
3485,1217,8,16,93,117,1.2735042735042734,0.053775701363780126,671,"M'lady rides a fine steed, but her armor appeareth ineffective."
3458,1217,4,24,89,117,1.2735042735042734,0.04798309277084512,671,Am I creaking or is it the bike?
3299,1217,8,16,93,117,1.2735042735042734,0.053775701363780126,671,"With traffic the way it, a is a helmet is not enough."
3159,1217,4,24,89,117,1.2735042735042734,0.04798309277084512,671,That’s not what I meant when I suggested a night ride.
3130,1217,4,24,89,117,1.2735042735042734,0.04798309277084512,671,"Please, no ""Knight Rider"" jokes."
3122,1217,6,20,91,117,1.2735042735042734,0.050961766300933846,671,The princesses rescued themselves. I work for Uber Eat now.
3071,1217,6,20,91,117,1.2735042735042734,0.050961766300933846,671,"Lycra for comfort, steel for safety."
3051,1217,5,22,90,117,1.2735042735042734,0.04949484223818946,671,"Yes, I get ""where's you lance, Lance"" often"
1340,1217,6,20,91,117,1.2735042735042734,0.050961766300933846,671,My mother is still choosing my clothes.
2936,1217,8,16,93,117,1.2735042735042734,0.053775701363780126,671,It’s like I’m riding a horse with no mane.
2917,1217,7,18,92,117,1.2735042735042734,0.05238763060913073,671,"We need to go back, I forgot my spear."
2818,1217,5,22,90,117,1.2735042735042734,0.04949484223818946,671,"It did say ""Ironman"" . . . ."
1275,1217,4,24,89,117,1.2735042735042734,0.04798309277084512,671,Heading in to the city?
1739,1217,3,26,88,117,1.2735042735042734,0.046422138851282976,671,KITT? It's Knight Rider.
942,1217,5,22,90,117,1.2735042735042734,0.04949484223818946,671,Electric Scooter advisory at 86th Street
43,1217,4,24,89,117,1.2735042735042734,0.04798309277084512,671,The King blames gentrification but I kind of like it.”
1009,1217,7,18,92,117,1.2735042735042734,0.05238763060913073,671,"Is it your chain or you, that's squeaking?"
153,1217,7,18,92,117,1.2735042735042734,0.05238763060913073,671,"It's a ten-STEED bike, actually."
156,1217,9,14,94,117,1.2735042735042734,0.05512883341314414,671,"Well, this is an improvement. In my last job, I was Goofy at Disneyland."
209,1217,6,20,91,117,1.2735042735042734,0.050961766300933846,671,"No, I'm the other Lance."
218,1217,5,22,90,117,1.2735042735042734,0.04949484223818946,671,I'm about to get Medieval on you.
259,1217,5,22,90,117,1.2735042735042734,0.04949484223818946,671,My commute's from the mid 70s to the low 1200s.
261,1217,5,22,90,117,1.2735042735042734,0.04949484223818946,671,I don't like how I look in bike shorts.
308,1217,7,18,92,117,1.2735042735042734,0.05238763060913073,671,It‘s like the ice-bucket-challenge. Just the Tour-de-France in an armor.
353,1217,8,16,93,117,1.2735042735042734,0.053775701363780126,671,"My boyfriend doesn't take no for an answer """
307,1217,5,22,90,117,1.2735042735042734,0.04949484223818946,671,"No, not heavy at all.  These new ones are titanium."
390,1217,7,18,92,117,1.2735042735042734,0.05238763060913073,671,Sure my horse is faster. But this gets me to my optimal heart rate in no time.
424,1217,7,18,92,117,1.2735042735042734,0.05238763060913073,671,And you were worried about looking silly with the training wheels.
812,1217,5,22,90,117,1.2735042735042734,0.04949484223818946,671,Excalibur.......what are you searching for?
772,1217,5,22,90,117,1.2735042735042734,0.04949484223818946,671,The dogs around here are nasty.
520,1217,5,22,90,117,1.2735042735042734,0.04949484223818946,671,This was all that was left after Amazon Prime  Days
711,1217,4,24,89,117,1.2735042735042734,0.04798309277084512,671,I've got to put the metal to the pedal... I'm late for my first day at Medieval Times!
673,1217,5,22,90,117,1.2735042735042734,0.04949484223818946,671,I just saw the scarecrow & cowardly lion...they think you just passed the turnoff for Emerald city
701,1217,6,20,91,117,1.2735042735042734,0.050961766300933846,671,"Yeah, no dad's a bigger bicycle-safety drag than mine."
765,1274,4,23,87,114,1.2719298245614035,0.04871439554566635,671,"As you can see, I'm on a Trek."
347,1274,7,17,90,114,1.2719298245614035,0.05328093954459305,671,I must go back in time for dinner.
276,1274,3,25,86,114,1.2719298245614035,0.047093916149059604,671,San Francisco.  Why?
333,1274,6,19,89,114,1.2719298245614035,0.05180350493576278,671,"I'm not buying into the whole ""self-driving"" cars thing!"
131,1274,6,19,89,114,1.2719298245614035,0.05180350493576278,671,The problem with renting my gear is that I never know how old it is.
161,1274,6,19,89,114,1.2719298245614035,0.05180350493576278,671,Aren't you concerned about cell phone radiation?
767,1274,7,17,90,114,1.2719298245614035,0.05328093954459305,671,Don't you love that first smooth ride after oiling your chain mail?
478,1274,5,21,88,114,1.2719298245614035,0.050282678215312064,671,"It’s SPF 999, I have sensitive skin."
821,1274,2,27,85,114,1.2719298245614035,0.04541565306289976,671,This guy says hail was not predicted after all.
1101,1274,2,27,85,114,1.2719298245614035,0.04541565306289976,671,I thought you would be slightly rusty...
936,1274,5,21,88,114,1.2719298245614035,0.050282678215312064,671,I say traffic lights are just a suggestion.
952,1274,7,17,90,114,1.2719298245614035,0.05328093954459305,671,My horse is sick.
953,1274,5,21,88,114,1.2719298245614035,0.050282678215312064,671,There is a dragon with flowers at your door?  I'll be there as fast as I can but will still probably be at least a week late.
1055,1274,4,23,87,114,1.2719298245614035,0.04871439554566635,671,"When I said the knight rider marathon was on all week, I meant on nbc."
1100,1274,6,19,89,114,1.2719298245614035,0.05180350493576278,671,I normally don't ride during the day.
129,1274,7,17,90,114,1.2719298245614035,0.05328093954459305,671,"I wiped out last week, I’m not taking any chances"
1108,1274,4,23,87,114,1.2719298245614035,0.04871439554566635,671,"It's not the wheel, it's my knee that needs the grease!"
1149,1274,4,23,87,114,1.2719298245614035,0.04871439554566635,671,This is what I get for binge watching Game of Thrones
1258,1274,4,23,87,114,1.2719298245614035,0.04871439554566635,671,My bike is OK but I need an oil stop
1368,1274,5,21,88,114,1.2719298245614035,0.050282678215312064,671,Just  be sure to keep the metal on the pedal.
825,1274,7,17,90,114,1.2719298245614035,0.05328093954459305,671,"'It’s amazing how just dressing differently can affect your influence. Dress like a beggar and your assumed poverty gains you looks of contempt;...sport armor and you look strong, dutiful, and prepared.""
-- A.J. Darkholme Rise of the Morningstar"
118,1274,5,21,88,114,1.2719298245614035,0.050282678215312064,671,Valiant steed's day off.
3649,1274,3,25,86,114,1.2719298245614035,0.047093916149059604,671,You think she’s really looking for a ‘literal knight in shining armor’?
1606,1274,5,21,88,114,1.2719298245614035,0.050282678215312064,671,Is mercury in retrograde?
2103,1274,6,19,89,114,1.2719298245614035,0.05180350493576278,671,"Usually I wear garters  but I said to myself, 'This might be a night of a different order.'"
1378,1274,5,21,88,114,1.2719298245614035,0.050282678215312064,671,"Well, somewhere along the line, my quest for fitness became my Quest For Fitness..."
2210,1274,7,17,90,114,1.2719298245614035,0.05328093954459305,671,They call me Lancelot Armstrong.
2036,1274,5,21,88,114,1.2719298245614035,0.050282678215312064,671,"If I had known it would be this humid, I would have worn shorts."
2446,1274,5,21,88,114,1.2719298245614035,0.050282678215312064,671,I have my jousting class after work.
1940,1274,4,23,87,114,1.2719298245614035,0.04871439554566635,671,"It's an N-I-G-H-T ride, Larry."
1786,1274,3,25,86,114,1.2719298245614035,0.047093916149059604,671,It's okay until it rains.
2632,1274,5,21,88,114,1.2719298245614035,0.050282678215312064,671,"At the bike shop, they said this suit would be perfect for night riding."
2869,1274,7,17,90,114,1.2719298245614035,0.05328093954459305,671,"I may be a little rusty, but I'm ahead of you!"
2878,1274,2,27,85,114,1.2719298245614035,0.04541565306289976,671,I was going to ask you where Lance was but I guess you get that all the time.
3475,1274,6,19,89,114,1.2719298245614035,0.05180350493576278,671,I really didn’t think this through. I should’ve picked a helmet with better visibility.
1769,1274,2,27,85,114,1.2719298245614035,0.04541565306289976,671,"I was told you were a bike exemplar, not a Templar."
1639,1274,7,17,90,114,1.2719298245614035,0.05328093954459305,671,I thought you were just a night rider.
2911,1274,5,21,88,114,1.2719298245614035,0.050282678215312064,671,"Yeah, it’s the new thing, called extreme spinning."
1456,1274,4,23,87,114,1.2719298245614035,0.04871439554566635,671,"Yeah it's a hassle to bike in, but at least I don't have to change once I get to work"
1040,1313,5,26,102,133,1.2706766917293233,0.04544383731668337,671,The taxis won't see it coming.
2942,1314,3,25,87,115,1.2695652173913043,0.04674245637679414,671,The horse-share station was empty.
459,1314,2,27,86,115,1.2695652173913043,0.04508105951327878,671,It makes me feel safer when I disregard stop signs and carelessly pass on the right.
1977,1314,3,25,87,115,1.2695652173913043,0.04674245637679414,671,Going for a late knight ride?
2013,1314,5,21,89,115,1.2695652173913043,0.049899577460434906,671,My horse is at the vet's.
2336,1314,6,19,90,115,1.2695652173913043,0.051405477646128954,671,"My mom always told me when things get moving too fast, there isn't time to put on protection."
2813,1314,5,21,89,115,1.2695652173913043,0.049899577460434906,671,NIGHT biking.
2996,1320,5,23,95,123,1.2682926829268293,0.04770233284865596,671,Our Knightly rides are getting a little intense don't you think?
1328,1321,5,20,87,112,1.2678571428571428,0.050706309304391906,671,It's little wonder that your tires are flat half the time!
1089,1321,6,18,88,112,1.2678571428571428,0.05226858486842572,671,Protected sure. But it chafes at the joints Mom.
2381,1321,4,22,86,112,1.2678571428571428,0.04909434430153335,671,"A bespoke Excalibur 360, me lady."
3745,1321,6,18,88,112,1.2678571428571428,0.05226858486842572,671,The fourth event of the quadrathalon is jousting.
3684,1321,6,18,88,112,1.2678571428571428,0.05226858486842572,671,You're being a little over-protective.
2530,1321,5,20,87,112,1.2678571428571428,0.050706309304391906,671,Have you seen a stone with a sword in it? Or my horse?
3241,1321,6,18,88,112,1.2678571428571428,0.05226858486842572,671,I liketh to keepe up with the tymes.
3121,1321,4,22,86,112,1.2678571428571428,0.04909434430153335,671,Madam: “Good Knight”
2588,1321,5,20,87,112,1.2678571428571428,0.050706309304391906,671,"This is the last time I buy a ""Night Riding Suit"" online."
2899,1321,3,24,85,112,1.2678571428571428,0.04742762361243012,671,"Will you marry me now? After all,you can't resist a knight in shining armor."
1097,1321,6,18,88,112,1.2678571428571428,0.05226858486842572,671,What? You're proposing? Now? Do you know what I'm doing and where I am? Of course I'll marry you.
1380,1321,4,22,86,112,1.2678571428571428,0.04909434430153335,671,I think I'll take some of that chain grease you offered after all.
2643,1321,7,16,89,112,1.2678571428571428,0.05378550106695096,671,Art? Lance here. I’ve found out what the simple folk do.
1196,1321,4,22,86,112,1.2678571428571428,0.04909434430153335,671,"Artie dear, how much longer 'til we get to Camelot?"
2307,1321,8,14,90,112,1.2678571428571428,0.055260793388243565,671,Of course then the dragon got an electric scooter so this was only logical
2154,1321,7,16,89,112,1.2678571428571428,0.05378550106695096,671,"It is I, Sir Chaffesalot."
1872,1321,6,18,88,112,1.2678571428571428,0.05226858486842572,671,"Ok, I admit it.  I was wrong about what they meant by ""Iron Man""."
1498,1321,6,18,88,112,1.2678571428571428,0.05226858486842572,671,What? Never heard of recycle and reuse?
1471,1321,7,16,89,112,1.2678571428571428,0.05378550106695096,671,Got any Grey Poupon?
2514,1321,4,22,86,112,1.2678571428571428,0.04909434430153335,671,I thought you said bike knight.
1461,1321,3,24,85,112,1.2678571428571428,0.04742762361243012,671,"I get it, people don't respect the bike lane. But isn't that a bit much?"
1442,1321,4,22,86,112,1.2678571428571428,0.04909434430153335,671,But can your helmet do this?
1417,1321,6,18,88,112,1.2678571428571428,0.05226858486842572,671,It's the moisture-wicking Under Armor brand
2603,1321,2,26,84,112,1.2678571428571428,0.045700156680772756,671,Going incognito again?
1010,1321,5,20,87,112,1.2678571428571428,0.050706309304391906,671,The tournaments were great until the nimbys made us stop using horses!
2841,1321,8,14,90,112,1.2678571428571428,0.055260793388243565,671,"Damn it, I think I left the cauldron boiling."
602,1321,8,14,90,112,1.2678571428571428,0.055260793388243565,671,I'm dressing for the times - medieval.
672,1321,4,22,86,112,1.2678571428571428,0.04909434430153335,671,Mother insisted.
179,1321,2,26,84,112,1.2678571428571428,0.045700156680772756,671,Your helmet is so cute - is it vintage?
379,1350,4,23,89,116,1.2672413793103448,0.04798450309042525,671,"Actually, it's kevlar."
1483,1351,3,24,86,113,1.2654867256637168,0.04706576604042045,671,Rule #1.  Never drink water BEFORE I ride.
1543,1351,4,22,87,113,1.2654867256637168,0.048715645801597096,671,My chain and my knees could use some oil.
2196,1351,8,14,91,113,1.2654867256637168,0.05482084820072508,671,Joust out for a ride.
1416,1351,4,22,87,113,1.2654867256637168,0.048715645801597096,671,"Yes, hello, emergency room? I am checking wait times just in case."
2411,1351,5,20,88,113,1.2654867256637168,0.050311449579213414,671,"You know, if you switched to a hands-free earpiece, it would free you carry a lance."
3317,1351,9,12,92,113,1.2654867256637168,0.05624369484966303,671,Tour de Lance ...a-lot
3639,1357,6,19,92,117,1.264957264957265,0.05062701807537747,671,So much for the old trusty steed.
2894,1357,7,17,93,117,1.264957264957265,0.05206205120365823,671,"Oh yeah, that's all I hear, ""Where's Lance?"""
480,1357,5,21,91,117,1.264957264957265,0.0491501042000611,671,"I'm going to Washington, D.C."
467,1360,6,24,106,136,1.2647058823529411,0.04577497070560295,671,"Well, you said you only went out for knight rides."
1697,1361,5,23,97,125,1.264,0.04703327579765272,671,I met a man named Otto who didn't know what a palindrome is.
1468,1362,5,19,86,110,1.2636363636363637,0.05113763783047852,671,Yonder left!
2172,1362,5,19,86,110,1.2636363636363637,0.05113763783047852,671,Didn’t you say I should wear my under armor?
2192,1362,7,15,88,110,1.2636363636363637,0.05430165140828447,671,"Overkill? No, my health insurance company issued it."
2116,1362,4,21,85,110,1.2636363636363637,0.04947981741567324,671,I'm saving a ton on feed.
2114,1362,6,17,87,110,1.2636363636363637,0.05274337564352528,671,"I said, “Let’s take a NIGHT ride.”"
2022,1362,5,19,86,110,1.2636363636363637,0.05113763783047852,671,Someday I'll have to get this visor fixed so it stays up.
1893,1362,6,17,87,110,1.2636363636363637,0.05274337564352528,671,It’s my new Over Armour Urban Cycling suit....
1572,1362,5,19,86,110,1.2636363636363637,0.05113763783047852,671,I prefer to put the metal to the peddle.
2362,1362,4,21,85,110,1.2636363636363637,0.04947981741567324,671,Only when I have to sneeze.
2123,1362,6,17,87,110,1.2636363636363637,0.05274337564352528,671,I hope to hell it doesn't rain.
2545,1362,8,13,89,110,1.2636363636363637,0.0558164403832748,671,"I hope it rains and you rust completely, you coward."
2459,1362,5,19,86,110,1.2636363636363637,0.05113763783047852,671,I see you're taking the Brooklyn Bridge today.
3738,1362,8,13,89,110,1.2636363636363637,0.0558164403832748,671,Laura I told you to wear under armor
3716,1362,7,15,88,110,1.2636363636363637,0.05430165140828447,671,This is the only way my insurance company let’s me ride.
3660,1362,7,15,88,110,1.2636363636363637,0.05430165140828447,671,I have a terrible horse allergy.
3535,1362,4,21,85,110,1.2636363636363637,0.04947981741567324,671,"What do you mean, the Tour de France doesn't go through Orleans?"
3411,1362,4,21,85,110,1.2636363636363637,0.04947981741567324,671,"The job is quickly evolving, we now sit around a square table."
3321,1362,6,17,87,110,1.2636363636363637,0.05274337564352528,671,This helmet visor is a real nuisance for my cellphone.
3256,1362,4,21,85,110,1.2636363636363637,0.04947981741567324,671,"Next Ironman competition, I’m wearing Under Armour."
3190,1362,6,17,87,110,1.2636363636363637,0.05274337564352528,671,"This is quite necessary. Since deregulation, archers on the High Line like to hunt bikers for sport."
3116,1362,5,19,86,110,1.2636363636363637,0.05113763783047852,671,“I plan on giving Trump the middle finger.”
2875,1362,5,19,86,110,1.2636363636363637,0.05113763783047852,671,"Doc, she says she never wanted a knight in shining armor--just some  nights of dazzling ardor."
2782,1362,5,19,86,110,1.2636363636363637,0.05113763783047852,671,I hate the helmet rule.
2673,1362,4,21,85,110,1.2636363636363637,0.04947981741567324,671,You mean you only wanted a night on a bike?
2646,1362,4,21,85,110,1.2636363636363637,0.04947981741567324,671,It's a Middle-Aged choice.
2578,1362,4,21,85,110,1.2636363636363637,0.04947981741567324,671,This is my knight-time bicycle protection.
1454,1362,6,17,87,110,1.2636363636363637,0.05274337564352528,671,It’s the Tour de France and I’m Joan of Arc.
2423,1362,5,19,86,110,1.2636363636363637,0.05113763783047852,671,You would if you had been hit as many times as I have!
1404,1362,5,19,86,110,1.2636363636363637,0.05113763783047852,671,Some of the drivers have lances.
3072,1362,5,19,86,110,1.2636363636363637,0.05113763783047852,671,I’m road testing the back story for the new series of Knight Rider
1067,1362,5,19,86,110,1.2636363636363637,0.05113763783047852,671,This year's introduction of retro jerseys has really slowed the Tour de France.
966,1362,7,15,88,110,1.2636363636363637,0.05430165140828447,671,"But no one else is wearing one, Mom."
939,1362,5,19,86,110,1.2636363636363637,0.05113763783047852,671,I'm training for next year's Joan of Arc.
696,1362,5,19,86,110,1.2636363636363637,0.05113763783047852,671,Enough already about the helmet.
625,1362,5,19,86,110,1.2636363636363637,0.05113763783047852,671,I call it Renaissance chic.
553,1362,6,17,87,110,1.2636363636363637,0.05274337564352528,671,Kickstarter is paying for it.
544,1362,4,21,85,110,1.2636363636363637,0.04947981741567324,671,"Yep, PETA kept complaining that jousts put the horses in danger"
476,1362,2,25,83,110,1.2636363636363637,0.045985225765485874,671,I need more protection from distracted drivers.
1092,1362,7,15,88,110,1.2636363636363637,0.05430165140828447,671,My horse's emissions are hurting the environment
134,1362,6,17,87,110,1.2636363636363637,0.05274337564352528,671,"Pot holes, mam, pot holes."
345,1402,6,22,101,129,1.2635658914728682,0.047361819418023005,671,"When you said you were going to add something from the past, I imagined it would be something like a clothes pin with playing card."
2601,1403,2,26,86,114,1.263157894736842,0.04501656887425199,671,The only problem is if it gets damaged in a crash I have to replace the whole outfit.
1780,1403,7,16,91,114,1.263157894736842,0.0529411791409596,671,"That's not what I meant when I recommended ""Under Armour""."
2416,1403,7,16,91,114,1.263157894736842,0.0529411791409596,671,I can’t afford to let my followers see me riding a off-brand bike.
1630,1403,6,18,90,114,1.263157894736842,0.051453989677285435,671,"Sometimes, cardio is feudal."
3333,1407,6,19,93,118,1.2627118644067796,0.0502463381291868,671,Can’t chat now; my boss hates late knights.
1928,1408,5,19,87,111,1.2612612612612613,0.05073047360275016,671,Yes Karen chafing is a major problem.
3501,1408,6,17,88,111,1.2612612612612613,0.05231998772705795,671,With all that texting and driving I need the armour.
3366,1408,1,27,83,111,1.2612612612612613,0.04379931845084665,671,"Next time, try leaving something to the imagination."
1216,1411,8,37,158,203,1.2610837438423645,0.036677397235749226,671,"Honestly Harold, don’t you think you’re carrying this renaissance theme too far."
1944,1412,5,20,90,115,1.2608695652173914,0.04953938331389631,671,It's the only way I can keep my mom off my back.
1185,1413,5,18,85,108,1.2592592592592593,0.05157668171409739,671,Are you here to slay the Central Park dragon?
1255,1413,6,16,86,108,1.2592592592592593,0.053228041135904285,671,Everyone already knows you're paleo.
1569,1413,5,18,85,108,1.2592592592592593,0.05157668171409739,671,Is it the bike or you that needs oiling?
1832,1413,4,20,84,108,1.2592592592592593,0.04987067104129538,671,The extra weight helps me build momentum.
2474,1413,5,18,85,108,1.2592592592592593,0.05157668171409739,671,My wife felt nervous about my biking in the city
2084,1413,6,16,86,108,1.2592592592592593,0.053228041135904285,671,"Nice helmet, m'lady."
2208,1413,6,16,86,108,1.2592592592592593,0.053228041135904285,671,Got it at Bill's Bikes and Jousting.
2264,1413,2,24,82,108,1.2592592592592593,0.046270328473576636,671,"It came down to jousting or riding my steed to work, and the bike's easier to park."
2297,1413,5,18,85,108,1.2592592592592593,0.05157668171409739,671,Wanna get oiled?
2492,1413,2,24,82,108,1.2592592592592593,0.046270328473576636,671,It's the new Under Armour cycling wear.
3152,1413,6,16,86,108,1.2592592592592593,0.053228041135904285,671,No! I'm serious. How do I turn on the damn GPS!
3232,1413,6,16,86,108,1.2592592592592593,0.053228041135904285,671,I’m hoping this qualifies me for the Ironman.
3379,1413,6,16,86,108,1.2592592592592593,0.053228041135904285,671,This is not what I meant when I suggested we go for a night bike ride.
3631,1413,6,16,86,108,1.2592592592592593,0.053228041135904285,671,You are taking this under armor sponsorship a bit too far.
3661,1413,6,16,86,108,1.2592592592592593,0.053228041135904285,671,I feel more vulnerable than ever.
3699,1413,5,18,85,108,1.2592592592592593,0.05157668171409739,671,I like to put the pedal to the metal.
3727,1413,5,18,85,108,1.2592592592592593,0.05157668171409739,671,"Hey, if I wanna refer to my bike as my steed, that’s my business!"
1840,1413,4,20,84,108,1.2592592592592593,0.04987067104129538,671,I’m pretty sure “dark night of the soul” is a metaphor...
339,1413,9,10,89,108,1.2592592592592593,0.05790021729449856,671,"Thou ridest the same model steed as I"""
1050,1413,6,16,86,108,1.2592592592592593,0.053228041135904285,671,Because my cycling clothes are in the wash and I ran out of sunscreen.
222,1413,5,18,85,108,1.2592592592592593,0.05157668171409739,671,...because the Mayor said we should wear reflective clothing.
1197,1434,5,19,88,112,1.2589285714285714,0.05032956974881967,671,"Didn't we agree that after we broke away from the peleton,you'd ride in my slipstream for the first 10 kilometers?"
206,1435,6,18,92,116,1.2586206896551724,0.05066379415575519,671,Yes I fight crime but now I also help protect the environment as the Knight Rider.
377,1436,6,21,101,128,1.2578125,0.04737978694937442,671,I love taking Knight rides after work!
2700,1437,5,17,83,105,1.2571428571428571,0.052464136413634656,671,We have to share the bike lane with the jousting team.
2491,1437,7,13,85,105,1.2571428571428571,0.05584609185904446,671,Let's just say my drawbridge didn't open in time.
2402,1437,9,9,87,105,1.2571428571428571,0.05903461986181666,671,"You’re listening to the All Medieval station again, aren’t you?"
2356,1437,7,13,85,105,1.2571428571428571,0.05584609185904446,671,I'm protesting the absence of bike lanes.
2347,1437,7,13,85,105,1.2571428571428571,0.05584609185904446,671,I thought you said this was a knight-biking club.
2314,1437,6,15,84,105,1.2571428571428571,0.05418150784888373,671,"I was ""randomly selected"" and they took my sword."
2310,1437,6,15,84,105,1.2571428571428571,0.05418150784888373,671,we ran out of condoms
2270,1437,5,17,83,105,1.2571428571428571,0.052464136413634656,671,I'm training for an armored-man triathlon.
2180,1437,7,13,85,105,1.2571428571428571,0.05584609185904446,671,My front wheel tends to come off unexpectedly.
1785,1437,6,15,84,105,1.2571428571428571,0.05418150784888373,671,I just got a call back for an Under Armor ad
1710,1437,8,11,86,105,1.2571428571428571,0.0574624760959621,671,"Hey, Hasselhoff...I've got a great spin for the ""Knight Rider"" reboot."
1656,1437,5,17,83,105,1.2571428571428571,0.052464136413634656,671,"I get a discount on my accident insurance wearing this outfit."""
1626,1437,5,17,83,105,1.2571428571428571,0.052464136413634656,671,I'm just finally accepting your attitude that I exhibit medieval behavior.
1604,1437,5,17,83,105,1.2571428571428571,0.052464136413634656,671,Crap! Where's my phone?
1570,1437,7,13,85,105,1.2571428571428571,0.05584609185904446,671,Urban jousting separates the middle and upper class.
1533,1437,8,11,86,105,1.2571428571428571,0.0574624760959621,671,It's carbon fiber...I shaved 3 stones!
1345,1437,4,19,82,105,1.2571428571428571,0.05068861239448445,671,"Person: First time on a bike?
Knight: I gave up my horse for the modern-urban lifestyle."
1851,1437,5,17,83,105,1.2571428571428571,0.052464136413634656,671,You ever see any dragons on this route? I really hate dragons.
2526,1437,3,21,81,105,1.2571428571428571,0.04884859510086344,671,"My ex always participates in this race, I thought it's best to be well prepared."
2619,1437,4,19,82,105,1.2571428571428571,0.05068861239448445,671,I'm trying to reduce my carbon hoofprint.
3123,1437,7,13,85,105,1.2571428571428571,0.05584609185904446,671,I came prepared for an uphill battle.
3703,1437,5,17,83,105,1.2571428571428571,0.052464136413634656,671,"Oh, you're still riding steel?! You've got to go carbon."
3542,1437,8,11,86,105,1.2571428571428571,0.0574624760959621,671,I’m looking for Connecticut
3525,1437,5,17,83,105,1.2571428571428571,0.052464136413634656,671,"Oh, you meant Armor All the bike!"
3111,1437,3,21,81,105,1.2571428571428571,0.04884859510086344,671,At least my pants leg doesn't get caught in the chain.
3509,1437,4,19,82,105,1.2571428571428571,0.05068861239448445,671,Everything is fine except I need some  WD- 40.
3498,1437,6,15,84,105,1.2571428571428571,0.05418150784888373,671,The coop board REALLY banned the horse?
3477,1437,7,13,85,105,1.2571428571428571,0.05584609185904446,671,What can I say? My trusty steed is at the vet.
2611,1437,6,15,84,105,1.2571428571428571,0.05418150784888373,671,It's recycled.
3468,1437,5,17,83,105,1.2571428571428571,0.052464136413634656,671,"Reuse, Repurpose, Recycle!"
1342,1437,6,15,84,105,1.2571428571428571,0.05418150784888373,671,"Sure it's hot, but when you're a Knight of the Roundabout, you commit."
3406,1437,5,17,83,105,1.2571428571428571,0.052464136413634656,671,You're lucky the armor isn't blinding you!
3400,1437,6,15,84,105,1.2571428571428571,0.05418150784888373,671,"I told my touchy, feely boss this was to protect me while cycling but it’s really to protect me from him."
3287,1437,5,17,83,105,1.2571428571428571,0.052464136413634656,671,Ironman? I thought they said Iron Throne.
3243,1437,3,21,81,105,1.2571428571428571,0.04884859510086344,671,You're going to need more than a helmet if you're going to ride into the city.
3164,1437,6,15,84,105,1.2571428571428571,0.05418150784888373,671,"Wow, it doesn't look a bit like spandex."
3156,1437,6,15,84,105,1.2571428571428571,0.05418150784888373,671,"This under armor gives me extra road rash protection, but its also giving me a rash... it's a vicious cycle."""
2697,1437,5,17,83,105,1.2571428571428571,0.052464136413634656,671,Are you chivalrous or training for an Ironman?
1323,1437,3,21,81,105,1.2571428571428571,0.04884859510086344,671,"So she's French, right, and what I''m hearing her say is 'Armor, armor'...."
528,1437,5,17,83,105,1.2571428571428571,0.052464136413634656,671,They didn't have bubblewrap in my size.
1071,1437,7,13,85,105,1.2571428571428571,0.05584609185904446,671,They really cheaped out on this Knight Rider remake.
29,1437,6,15,84,105,1.2571428571428571,0.05418150784888373,671,It's New York!  I'd rather be safe than squashed.
92,1437,6,15,84,105,1.2571428571428571,0.05418150784888373,671,"I'm great on the downhills, a little rusty on the climbs."
116,1437,4,19,82,105,1.2571428571428571,0.05068861239448445,671,She got it in the divorce.
167,1437,6,15,84,105,1.2571428571428571,0.05418150784888373,671,It's all downhill from here.
356,1437,8,11,86,105,1.2571428571428571,0.0574624760959621,671,Wait a sec: I'm  ordering something from Amazon.
573,1437,6,15,84,105,1.2571428571428571,0.05418150784888373,671,Unhinged kneeplate. There's a great welding shop about three miles from here.
616,1437,7,13,85,105,1.2571428571428571,0.05584609185904446,671,This makes cycling really hard.
633,1437,6,15,84,105,1.2571428571428571,0.05418150784888373,671,My steed is ready?  Joust in time.
514,1437,7,13,85,105,1.2571428571428571,0.05584609185904446,671,"Yes, I got my new outfit from Under Armor."
708,1437,6,15,84,105,1.2571428571428571,0.05418150784888373,671,"I thought a helmet was a good idea, too, then I saw the algorithms."
1023,1437,5,17,83,105,1.2571428571428571,0.052464136413634656,671,"It protects me against bandits, hill trolls, and SUVs."
992,1437,5,17,83,105,1.2571428571428571,0.052464136413634656,671,"Yes I work at the Renaissance Fair, but I use the Prince street bike lane also."
694,1437,7,13,85,105,1.2571428571428571,0.05584609185904446,671,I shall vanquish all scooters.
981,1437,8,11,86,105,1.2571428571428571,0.0574624760959621,671,"Jiffy -Lube 
Near Me"
910,1437,7,13,85,105,1.2571428571428571,0.05584609185904446,671,My bike lock is made out of a chastity belt.
1200,1437,4,19,82,105,1.2571428571428571,0.05068861239448445,671,A little rusty?
778,1437,3,21,81,105,1.2571428571428571,0.04884859510086344,671,Where do you keep the messages you deliver?
771,1437,4,19,82,105,1.2571428571428571,0.05068861239448445,671,Really? You took the call?
839,1437,4,19,82,105,1.2571428571428571,0.05068861239448445,671,I think you wanted UNDER armor.
2414,1497,5,20,92,117,1.2564102564102564,0.04879002532739663,671,I'm working the knight shift.
3016,1498,5,21,95,121,1.256198347107438,0.04771489828013436,671,I couln't afford an armored car
1037,1499,5,16,81,102,1.2549019607843137,0.05339616247371909,671,No...no...no.  I said the fight for fitness was a futile struggle.
853,1500,4,19,83,106,1.2547169811320755,0.05026671139017637,671,Pull over for an oil change to stop the squeaking.
1768,1500,6,15,85,106,1.2547169811320755,0.05372272622101011,671,"I suppose little plastic hats are O.K. for the head, but I'm serious about all of me."
1524,1500,4,19,83,106,1.2547169811320755,0.05026671139017637,671,But where do you keep your cell phone?
1586,1500,6,15,85,106,1.2547169811320755,0.05372272622101011,671,You sure this is the way to the next tournament?
1601,1500,5,17,84,106,1.2547169811320755,0.05202342542836301,671,Is the party theme sexy knights or sexy nighties?
1000,1500,4,19,83,106,1.2547169811320755,0.05026671139017637,671,They don't always give you three feet.
3593,1500,4,19,83,106,1.2547169811320755,0.05026671139017637,671,It's the seven pounds in seven miles diet
2652,1500,5,17,84,106,1.2547169811320755,0.05202342542836301,671,"I think I misunderstood when you said lets go ""Knight Riding""."
2720,1500,7,13,86,106,1.2547169811320755,0.05536990005350171,671,I'm afraid this race is really testing my mettle.
2845,1500,7,13,86,106,1.2547169811320755,0.05536990005350171,671,When will my horse be ready?
3171,1500,5,17,84,106,1.2547169811320755,0.05202342542836301,671,"Prithee, sir knight, hast thou not heard of carbon fiber?”"
3282,1500,4,19,83,106,1.2547169811320755,0.05026671139017637,671,"Siri says, ""Get a horse"" or ""Go across"". The reception is lousy up here."
3578,1500,6,15,85,106,1.2547169811320755,0.05372272622101011,671,"Okay, I'll save it for the bedroom."
733,1500,6,15,85,106,1.2547169811320755,0.05372272622101011,671,Alexa!  Fix dinner and clean the living room!
3687,1500,3,21,82,106,1.2547169811320755,0.0484463389191188,671,I lost my single-steed.
2631,1500,6,15,85,106,1.2547169811320755,0.05372272622101011,671,I ran out of suntan lotion.
235,1500,7,13,86,106,1.2547169811320755,0.05536990005350171,671,Think parking a car is bad? Imagine a horse.
2617,1500,6,15,85,106,1.2547169811320755,0.05372272622101011,671,Leave me alone! The check is in the mail...
2752,1518,4,20,86,110,1.2545454545454546,0.04907206261035535,671,"Relax, it's just like riding a horse."
760,1518,7,14,89,110,1.2545454545454546,0.05393036568588347,671,Stop being over dramatic.
401,1518,3,22,85,110,1.2545454545454546,0.04734196507794969,671,"I said riding at night could be fun, not riding as a knight."
3461,1518,6,16,88,110,1.2545454545454546,0.05236104154445641,671,It's part of the training program for my first Ironman.
2888,1522,5,19,90,114,1.2543859649122806,0.049545995794159706,671,"Yes, it's comfortable, but it could breathe a little better."
3358,1523,7,22,113,142,1.2535211267605635,0.045182036405808805,671,I don't think that's what they mean by an iron main competition
1139,1524,6,14,83,103,1.2524271844660195,0.05470173630408332,671,I thought you said this was a knight ride.
799,1524,5,16,82,103,1.2524271844660195,0.05293309499341509,671,Did you close the living room window?
3261,1524,5,16,82,103,1.2524271844660195,0.05293309499341509,671,This is more hypoallergenic that latex.
1550,1524,6,14,83,103,1.2524271844660195,0.05470173630408332,671,"If you have any other questions, you can reach me at the ""Knights of  the Open Road"" Bicycle Club in Hoboken."
1566,1524,3,20,80,103,1.2524271844660195,0.049205464405722064,671,They told me the knight rentals were cheaper.
1583,1524,5,16,82,103,1.2524271844660195,0.05293309499341509,671,The main advantage is that my chaffing problem is sorted.
1773,1524,4,18,81,103,1.2524271844660195,0.05110327911672932,671,The upside is that I can use the same oil I put on my chain to keep the visor from rusting.
2089,1524,7,12,84,103,1.2524271844660195,0.05641495691552932,671,"Harry, you're weird. First texts from ""Camelot."" Now this."
2140,1524,5,16,82,103,1.2524271844660195,0.05293309499341509,671,Spandex is in the laundry.
2288,1524,8,10,85,103,1.2524271844660195,0.05807766156518866,671,"Errand, not errant."
2321,1524,4,18,81,103,1.2524271844660195,0.05110327911672932,671,Now I'm kicking myself that I didn't spring for the optional lance-holder.
2481,1524,4,18,81,103,1.2524271844660195,0.05110327911672932,671,It doesn't chafe as much as you'd think
2534,1524,3,20,80,103,1.2524271844660195,0.049205464405722064,671,The armor is the negotiable for a lower deductible.
2557,1524,2,22,79,103,1.2524271844660195,0.0472314547551017,671,"Now that it's all downhill, I bet you're the one who feels silly."
2642,1524,3,20,80,103,1.2524271844660195,0.049205464405722064,671,"Excuse me, but what's the exit for Camelot?"
3239,1524,6,14,83,103,1.2524271844660195,0.05470173630408332,671,How's the free-lancing going?
2976,1524,6,14,83,103,1.2524271844660195,0.05470173630408332,671,"Ya it's warm, but it's recycled and it won't wear out."
3266,1524,2,22,79,103,1.2524271844660195,0.0472314547551017,671,Turns out there wasn't an available trusty steed in the Tri-state area.
572,1524,4,18,81,103,1.2524271844660195,0.05110327911672932,671,I couldn't find my sunglasses.  That's why.
227,1524,5,16,82,103,1.2524271844660195,0.05293309499341509,671,Some people bike during the day - I personally like knight rides.
460,1524,6,14,83,103,1.2524271844660195,0.05470173630408332,671,"Wear whatever you'd like, but keep the squeaking down, please!"
3607,1524,3,20,80,103,1.2524271844660195,0.049205464405722064,671,First she said the biker shorts weren't masculine enough...
3599,1524,4,18,81,103,1.2524271844660195,0.05110327911672932,671,Have you seen an armored horse with an empty saddle go by recently?
3554,1524,4,18,81,103,1.2524271844660195,0.05110327911672932,671,I keep falling over when I can't clip out at a stop sign.
489,1524,3,20,80,103,1.2524271844660195,0.049205464405722064,671,"Guinevere is adjusting beautifully , thanks for asking"
3283,1524,5,16,82,103,1.2524271844660195,0.05293309499341509,671,None shall pass.
3304,1524,5,16,82,103,1.2524271844660195,0.05293309499341509,671,...And I thought I was being safe
18,1524,5,16,82,103,1.2524271844660195,0.05293309499341509,671,Only because the biggest cities have the biggest potholes.
53,1524,4,18,81,103,1.2524271844660195,0.05110327911672932,671,I left my mace at home.
3092,1524,4,18,81,103,1.2524271844660195,0.05110327911672932,671,My jousting horse isn't allowed on this road.
3143,1524,5,16,82,103,1.2524271844660195,0.05293309499341509,671,You should see my steed! Less than a thousand miles on her...
3277,1555,4,19,84,107,1.2523364485981308,0.049851583541321576,671,You can never be too safe.
940,1556,4,20,87,111,1.2522522522522523,0.04868200391389657,671,You're the Knight Rider!
2086,1557,4,18,82,104,1.25,0.050667685353280145,671,This is for jousting with the CitiBike riders
2357,1558,5,21,99,125,1.248,0.04635904755624927,671,"Do you hear whistling, too?"
3328,1559,4,21,92,117,1.2478632478632479,0.046867671987938044,671,My trusty steed hates uphill climbs.
3598,1560,5,17,87,109,1.2477064220183487,0.050743643077079084,671,This is such a wobbly horse.
425,1561,3,20,82,105,1.2476190476190476,0.048382163752825266,671,I updated the bike but the rest of my gear is medieval.
2552,1561,2,22,81,105,1.2476190476190476,0.04645087282554565,671,My horse is at the farrier.
1558,1563,5,15,81,101,1.2475247524752475,0.05341031270994525,671,"Sir Lancelot Armstrong, and you?"
1954,1563,3,19,79,101,1.2475247524752475,0.04956432083478743,671,"When you said you wanted to go on a night bike ride, this is not what I thought you meant"
1513,1563,4,17,80,101,1.2475247524752475,0.05152321517329776,671,Put that visor down. Don't you care about your safety?
1951,1563,3,19,79,101,1.2475247524752475,0.04956432083478743,671,So when they said the city had medieval infrastructure...
1972,1563,2,21,78,101,1.2475247524752475,0.04752475247524752,671,It's vintage.
2081,1563,2,21,78,101,1.2475247524752475,0.04752475247524752,671,My sponsor?  Under Armour!
2269,1563,3,19,79,101,1.2475247524752475,0.04956432083478743,671,"Outrageous fortune, yes; slings and arrows, no!"
2361,1563,1,23,77,101,1.2475247524752475,0.04539363717365405,671,It gives me a little more protection from the taxicabs.
2528,1563,2,21,78,101,1.2475247524752475,0.04752475247524752,671,It's actually all carbon fiber
2927,1563,4,17,80,101,1.2475247524752475,0.05152321517329776,671,I think it will be knight soon.
3200,1563,5,15,81,101,1.2475247524752475,0.05341031270994525,671,"“Yeah, cycling with armor is allowed, as long as there’s no Lance.”"
3323,1563,3,19,79,101,1.2475247524752475,0.04956432083478743,671,This is the last time I put off laundry day.
1760,1563,4,17,80,101,1.2475247524752475,0.05152321517329776,671,"You know, when I complained about chivalry being dead, this isn’t exactly what I had in mind."
1193,1563,3,19,79,101,1.2475247524752475,0.04956432083478743,671,"Oh, a night bike ride.  I get it."
2258,1563,2,21,78,101,1.2475247524752475,0.04752475247524752,671,"I think I get the ""errant"" part now."
412,1563,3,19,79,101,1.2475247524752475,0.04956432083478743,671,"Its called the ""Knight-Rider"". Rated highest in safety!"
354,1563,3,19,79,101,1.2475247524752475,0.04956432083478743,671,It’s a millennial thing...
320,1563,2,21,78,101,1.2475247524752475,0.04752475247524752,671,My horse did nothing for my health!
632,1563,3,19,79,101,1.2475247524752475,0.04956432083478743,671,"My fashion sense may be a little out of date, but you can't beat the classics."
2867,1582,7,14,93,114,1.2456140350877194,0.05221592324859924,671,"We're headed back to the 16th century, so I thought I'd get ready."
2776,1583,7,11,85,103,1.2427184466019416,0.05598744015123336,671,They call it 'Schwinning Armor.'
2703,1584,6,12,81,99,1.2424242424242424,0.055775319163312236,671,See? Chivalry isn't dead.
2696,1584,5,14,80,99,1.2424242424242424,0.05389566925536248,671,I'm training for an Ironman too.
2667,1584,4,16,79,99,1.2424242424242424,0.05194805194805195,671,I think you misinterpreted night ride.
2618,1584,4,16,79,99,1.2424242424242424,0.05194805194805195,671,Trying to recycle some of my gear.
2529,1584,5,14,80,99,1.2424242424242424,0.05389566925536248,671,"But for all its advantages, I miss being one with my mount..."
2504,1584,6,12,81,99,1.2424242424242424,0.055775319163312236,671,They call it Over Amour
2403,1584,6,12,81,99,1.2424242424242424,0.055775319163312236,671,THIS CARTOON MAKES NO SENSE
2335,1584,1,22,76,99,1.2424242424242424,0.04560889070499022,671,I don’t feel any safer and my sports bra is turning on me.
2291,1584,4,16,79,99,1.2424242424242424,0.05194805194805195,671,I read that suits are coming back.
2217,1584,7,10,82,99,1.2424242424242424,0.05759365669112585,671,It even has pockets!
2823,1584,6,12,81,99,1.2424242424242424,0.055775319163312236,671,I actually had something else in mind when I suggested Armor All on your bicycle seat.
2191,1584,5,14,80,99,1.2424242424242424,0.05389566925536248,671,We're calling it The New Dark Ages.
2119,1584,4,16,79,99,1.2424242424242424,0.05194805194805195,671,"I'm sorry, but Knight Rider drove a hot car. He didn't ride a plain bike."
2095,1584,3,18,78,99,1.2424242424242424,0.04992451339684328,671,Did you see the way they were staring?
2091,1584,1,22,76,99,1.2424242424242424,0.04560889070499022,671,I'm headed for the Round Table. You?
1982,1584,5,14,80,99,1.2424242424242424,0.05389566925536248,671,Under Armor’s got nothing on me.
1975,1584,3,18,78,99,1.2424242424242424,0.04992451339684328,671,You've gone way beyond hipster.
1957,1584,5,14,80,99,1.2424242424242424,0.05389566925536248,671,I believe the recommendation was for Under Armor
1886,1584,5,14,80,99,1.2424242424242424,0.05389566925536248,671,Is the water bottle making my bike too heavy?
2282,1584,3,18,78,99,1.2424242424242424,0.04992451339684328,671,It's my urban mobile armor.
2922,1584,2,20,77,99,1.2424242424242424,0.04781541565881932,671,Is that a Medieval fanny pack?
2973,1584,4,16,79,99,1.2424242424242424,0.05194805194805195,671,Wearing bright colors never helped so I thought I'd try this.
2968,1584,5,14,80,99,1.2424242424242424,0.05389566925536248,671,Tell you what I don't miss; the pooper scooper.
3751,1584,4,16,79,99,1.2424242424242424,0.05194805194805195,671,It was in my middle ages that I got into heavy metal.
3748,1584,4,16,79,99,1.2424242424242424,0.05194805194805195,671,What on earth are those ridiculous pants?
3729,1584,4,16,79,99,1.2424242424242424,0.05194805194805195,671,"Who knew buying protection for your phone could be so extreme, especially this day in age..."
3711,1584,4,16,79,99,1.2424242424242424,0.05194805194805195,671,Next thing you know these bikes will be electric
3701,1584,6,12,81,99,1.2424242424242424,0.055775319163312236,671,It’s still lighter than a Citi Bike
3524,1584,3,18,78,99,1.2424242424242424,0.04992451339684328,671,This suit is more aerodynamic than it looks.
3467,1584,2,20,77,99,1.2424242424242424,0.04781541565881932,671,Aren’t you over reacting Lance?  You just scraped your knee.
3463,1584,3,18,78,99,1.2424242424242424,0.04992451339684328,671,Even Brink's has shifted to the gig economy.
3430,1584,2,20,77,99,1.2424242424242424,0.04781541565881932,671,"I agree, this new time travel app isn't working for me either."
3418,1584,5,14,80,99,1.2424242424242424,0.05389566925536248,671,I am on my way to the Tour de Force.
3343,1584,6,12,81,99,1.2424242424242424,0.055775319163312236,671,THE ONE DAY I GO MEDIEVAL
3295,1584,1,22,76,99,1.2424242424242424,0.04560889070499022,671,I finally had enough when she accused my mother of being overly protective.
3197,1584,4,16,79,99,1.2424242424242424,0.05194805194805195,671,Look ahead. You're the one who's gonna feel stupid when that truck hits us.
3140,1584,3,18,78,99,1.2424242424242424,0.04992451339684328,671,This was such a great deal on Prime Day I couldn't resist!
3139,1584,3,18,78,99,1.2424242424242424,0.04992451339684328,671,"Yeah, but the tear gas can still get in."
3065,1584,1,22,76,99,1.2424242424242424,0.04560889070499022,671,Check out Crusader Vintage.com
3039,1584,5,14,80,99,1.2424242424242424,0.05389566925536248,671,It's a lot harder to reach 88mph on a bike.
3025,1584,5,14,80,99,1.2424242424242424,0.05389566925536248,671,"Nah, I just got off the subway."
1870,1584,2,20,77,99,1.2424242424242424,0.04781541565881932,671,"'""It's been a while since I last rode. Im feeling  bit rusty"""
2932,1584,1,22,76,99,1.2424242424242424,0.04560889070499022,671,I would never just rely on a helmet.
1856,1584,5,14,80,99,1.2424242424242424,0.05389566925536248,671,This isn't Conneticuit?
2202,1584,4,16,79,99,1.2424242424242424,0.05194805194805195,671,"So, are you going to join your ye olde fantasy jousting league or what?"
1707,1584,4,16,79,99,1.2424242424242424,0.05194805194805195,671,I’m working on letting my guard down a little.
777,1584,5,14,80,99,1.2424242424242424,0.05389566925536248,671,My WD-40 for your water bottle. It's a win-win.
754,1584,7,10,82,99,1.2424242424242424,0.05759365669112585,671,It’s for a very specific type of Ironman competition.
638,1584,2,20,77,99,1.2424242424242424,0.04781541565881932,671,"Yeah, pretty good. Yourself?"
594,1584,2,20,77,99,1.2424242424242424,0.04781541565881932,671,This way I don't need to worry about cars or stop signs.
570,1584,6,12,81,99,1.2424242424242424,0.055775319163312236,671,I've always been a big David Hasselhoff fan.
525,1584,4,16,79,99,1.2424242424242424,0.05194805194805195,671,"I meant night ride, not knights ride--my bad."
501,1584,4,16,79,99,1.2424242424242424,0.05194805194805195,671,He said he could only get away for a knight.
815,1584,6,12,81,99,1.2424242424242424,0.055775319163312236,671,"Steel is real, m'lady..."
400,1584,2,20,77,99,1.2424242424242424,0.04781541565881932,671,My wife won't let me bike near women without a chaperone or without wearing this.
352,1584,4,16,79,99,1.2424242424242424,0.05194805194805195,671,"After what happened to Dave, I had to."
250,1584,6,12,81,99,1.2424242424242424,0.055775319163312236,671,"Hi, I'm Under Armor!"
150,1584,6,12,81,99,1.2424242424242424,0.055775319163312236,671,Maybe I should switch to Underarmor.
66,1584,2,20,77,99,1.2424242424242424,0.04781541565881932,671,"On second thought, let's not go to Camelot."
65,1584,3,18,78,99,1.2424242424242424,0.04992451339684328,671,The kid at the bike shop said I should be outfitted old school.
38,1584,6,12,81,99,1.2424242424242424,0.055775319163312236,671,I prefer to wear only pre-1800s materials when I work out.
1846,1584,4,16,79,99,1.2424242424242424,0.05194805194805195,671,This? It's nothing compared to the jousting pole that I used to carry.
392,1584,4,16,79,99,1.2424242424242424,0.05194805194805195,671,Good luck working up a sweat wearing that.
886,1584,5,14,80,99,1.2424242424242424,0.05389566925536248,671,This Don Quixote line of bike wear feels ill conceived
32,1584,4,16,79,99,1.2424242424242424,0.05194805194805195,671,I thought I had all the carbon fibre I needed...but now I also have a lance and shield on back order too.
1692,1584,6,12,81,99,1.2424242424242424,0.055775319163312236,671,I think I'm a little over dressed for this !
1584,1584,4,16,79,99,1.2424242424242424,0.05194805194805195,671,I'll go first and clear the way.
1523,1584,1,22,76,99,1.2424242424242424,0.04560889070499022,671,I’m done with spandex.
1495,1584,4,16,79,99,1.2424242424242424,0.05194805194805195,671,Hey! Your chain mail is slipping off.
1429,1584,5,14,80,99,1.2424242424242424,0.05389566925536248,671,"Rain today, rust tomorrow!"
1421,1584,3,18,78,99,1.2424242424242424,0.04992451339684328,671,I am taking hot yoga on the road.
1375,1584,6,12,81,99,1.2424242424242424,0.055775319163312236,671,I left my jousting sword at home. Can you please ride ahead of me?
1358,1584,4,16,79,99,1.2424242424242424,0.05194805194805195,671,Online dating was a bust - I'm trying a different kind of quest.
1419,1584,7,10,82,99,1.2424242424242424,0.05759365669112585,671,I guess it helps you downhill.
1310,1584,4,16,79,99,1.2424242424242424,0.05194805194805195,671,I took a wrong turn at Agincourt.
1209,1584,5,14,80,99,1.2424242424242424,0.05389566925536248,671,Jousting practice was TODAY?!
948,1584,4,16,79,99,1.2424242424242424,0.05194805194805195,671,What? Don't you know how we took over airports in 1775?
915,1584,5,14,80,99,1.2424242424242424,0.05389566925536248,671,I'm trying to combine my two passions: cycling and rashes.
1854,1662,4,15,77,96,1.2395833333333333,0.05286691265069651,671,"This feels very safe but going to the bathroom
has its own problems."
2165,1662,5,13,78,96,1.2395833333333333,0.054901809613439975,671,What do you mean you smell gasoline?
2237,1662,6,11,79,96,1.2395833333333333,0.05686393359981743,671,I'm training for Tour de Lance.
2240,1662,3,17,76,96,1.2395833333333333,0.05075048972770943,671,I think it’s time to move to the suburbs
2023,1662,3,17,76,96,1.2395833333333333,0.05075048972770943,671,"I can't help it, I had really overprotective​ parents."
1992,1662,3,17,76,96,1.2395833333333333,0.05075048972770943,671,Did they say tournament or Tour de France?
1900,1662,2,19,75,96,1.2395833333333333,0.048541878434896865,671,"You wouldn't happen to have a long, pointed pole?"
1793,1662,2,19,75,96,1.2395833333333333,0.048541878434896865,671,"K"", it changes the tone of many decisions"
2853,1662,2,19,75,96,1.2395833333333333,0.048541878434896865,671,You mean this isn't the Renaissance Faire Triathlon?
1663,1662,5,13,78,96,1.2395833333333333,0.054901809613439975,671,"My kingdom for a horse, instead I got a two-wheeler!"
1633,1662,5,13,78,96,1.2395833333333333,0.054901809613439975,671,"It's from their new product line, since their ""under"" apparel went so well."
1565,1662,3,17,76,96,1.2395833333333333,0.05075048972770943,671,"Please, don't tell anyone at work!"
1560,1662,6,11,79,96,1.2395833333333333,0.05686393359981743,671,I feel so metal.
2281,1662,7,9,80,96,1.2395833333333333,0.05876057513383,671,"People in cars have their armor, I have mine."
1499,1662,4,15,77,96,1.2395833333333333,0.05286691265069651,671,Knight Rider
1403,1662,6,11,79,96,1.2395833333333333,0.05686393359981743,671,"...had to list my roundtable on Craigslist, too."
1392,1662,4,15,77,96,1.2395833333333333,0.05286691265069651,671,"Chivalry isn't dead, but it is on a steep decline."
3692,1662,4,15,77,96,1.2395833333333333,0.05286691265069651,671,I’m going back to the future; aren’t I ?
1731,1662,4,15,77,96,1.2395833333333333,0.05286691265069651,671,Turns out it's not as easy as riding a bike.
2331,1662,2,19,75,96,1.2395833333333333,0.048541878434896865,671,For the Renaissance Fair I decked it out with bunting and chain mail.
3521,1662,4,15,77,96,1.2395833333333333,0.05286691265069651,671,I'm preparing for the e-scooters.
2475,1662,3,17,76,96,1.2395833333333333,0.05075048972770943,671,"""I just got tired of all my family hassling me about cycling safety."""
3083,1662,6,11,79,96,1.2395833333333333,0.05686393359981743,671,Oy vey
3029,1662,2,19,75,96,1.2395833333333333,0.048541878434896865,671,Suppose I should have a headlight for knight time riding.....
3027,1662,5,13,78,96,1.2395833333333333,0.054901809613439975,671,No more chafing!
1387,1662,6,11,79,96,1.2395833333333333,0.05686393359981743,671,I hate road rash.
3005,1662,0,23,73,96,1.2395833333333333,0.04379175117256942,671,"It's for a charade party, and I'm going as ""a night on the road."
3128,1662,3,17,76,96,1.2395833333333333,0.05075048972770943,671,Maybe dogs’ attraction to you is magnetic.
3170,1662,4,15,77,96,1.2395833333333333,0.05286691265069651,671,I’m working a political fundraiser tonight.
3204,1662,4,15,77,96,1.2395833333333333,0.05286691265069651,671,"If the laws of physics hold up, I should just fly down this hill!"
2430,1662,2,19,75,96,1.2395833333333333,0.048541878434896865,671,So I take it you misunderstood what I meant by a Knight ride?
3259,1662,5,13,78,96,1.2395833333333333,0.054901809613439975,671,This is from the Tour De Sparta
3337,1662,5,13,78,96,1.2395833333333333,0.054901809613439975,671,"In first gear, resistance is feudal"
3383,1662,4,15,77,96,1.2395833333333333,0.05286691265069651,671,Our peloton felleth down.
3452,1662,6,11,79,96,1.2395833333333333,0.05686393359981743,671,You would never guess that it is spandex.
3508,1662,4,15,77,96,1.2395833333333333,0.05286691265069651,671,My horse is out sick today.
2781,1662,4,15,77,96,1.2395833333333333,0.05286691265069651,671,"Remember, when we get there, I do all the talking, and you just stand in the corner."
2769,1662,6,11,79,96,1.2395833333333333,0.05686393359981743,671,"My steed is in the farrier's, this is a loaner."
2693,1662,4,15,77,96,1.2395833333333333,0.05286691265069651,671,"Yeah, its a little warm, but i just jump in the moat when I get there"
2521,1662,6,11,79,96,1.2395833333333333,0.05686393359981743,671,"Like, Subscribe, and support me on Patreon"
2817,1662,7,9,80,96,1.2395833333333333,0.05876057513383,671,"My lady, how could I possibly hold my horses?"
1371,1662,3,17,76,96,1.2395833333333333,0.05075048972770943,671,It lowers my premiums.
1229,1662,4,15,77,96,1.2395833333333333,0.05286691265069651,671,The clubs I get into now? They're the stuff of legend.
386,1662,3,17,76,96,1.2395833333333333,0.05075048972770943,671,"No, ‘Lance Armstrong’ was the joke, but I forgot my lance, so, I guess I’m just a knight. Anyway, do you bike here often?"
78,1662,3,17,76,96,1.2395833333333333,0.05075048972770943,671,White horses are hard to find.
85,1662,3,17,76,96,1.2395833333333333,0.05075048972770943,671,My Kingdom for some Spanx.
124,1662,3,17,76,96,1.2395833333333333,0.05075048972770943,671,New brakes were too expensive.
144,1662,6,11,79,96,1.2395833333333333,0.05686393359981743,671,Feeling vulnerable today???
146,1662,2,19,75,96,1.2395833333333333,0.048541878434896865,671,"After my last accident, my wife threw down the gauntlet...literally...!"
151,1662,4,15,77,96,1.2395833333333333,0.05286691265069651,671,I have bad news about the city's new Bicycle Safety Action Plan...
361,1662,2,19,75,96,1.2395833333333333,0.048541878434896865,671,"Lancelot Armstrong, pleasure to meet you, Miss"
458,1662,3,17,76,96,1.2395833333333333,0.05075048972770943,671,What happened to the white steed?
503,1662,4,15,77,96,1.2395833333333333,0.05286691265069651,671,"Sorry, I can't hear your advice through my visor."
509,1662,6,11,79,96,1.2395833333333333,0.05686393359981743,671,Methinks this saddle doth sorely chap me arse.
595,1662,6,11,79,96,1.2395833333333333,0.05686393359981743,671,You’re kidding me. There is already a Knight Rider?
623,1662,2,19,75,96,1.2395833333333333,0.048541878434896865,671,"It's the bike shop, they couldn't fix my brakes."
1317,1662,4,15,77,96,1.2395833333333333,0.05286691265069651,671,I thought you said you needed an armored vehicle to survive this commute?
742,1662,3,17,76,96,1.2395833333333333,0.05075048972770943,671,I bruise easily.
727,1662,5,13,78,96,1.2395833333333333,0.054901809613439975,671,"Can you hear me, now?"
1163,1662,4,15,77,96,1.2395833333333333,0.05286691265069651,671,I'm not slowing down for joggers.
1156,1662,5,13,78,96,1.2395833333333333,0.054901809613439975,671,"They told me to get off my high horse, this was the only other option around"
935,1662,3,17,76,96,1.2395833333333333,0.05075048972770943,671,Are you all right Sir?
926,1662,5,13,78,96,1.2395833333333333,0.054901809613439975,671,I am not your Knight in tarnished armour!!
1240,1662,5,13,78,96,1.2395833333333333,0.054901809613439975,671,Heavy metal fan ?
849,1662,3,17,76,96,1.2395833333333333,0.05075048972770943,671,"I gotta go. Yeah, another biker challenging me to a joust."
840,1662,4,15,77,96,1.2395833333333333,0.05286691265069651,671,"I said bring underarmour, not knight armor."
830,1662,3,17,76,96,1.2395833333333333,0.05075048972770943,671,"I am but mad north-north-west. When the wind is southerly, I know a hawk from a handsaw."
758,1662,4,15,77,96,1.2395833333333333,0.05286691265069651,671,We do re-enactments of early 20th century medieval re-enactments
856,1662,4,15,77,96,1.2395833333333333,0.05286691265069651,671,The bike shop suggested treating everything with armor-all.
3320,1731,5,18,94,117,1.2393162393162394,0.04802245006476562,671,palladin
294,1732,3,17,77,97,1.2371134020618557,0.05028525988543606,671,My spandex was at the cleaners.
2536,1732,5,13,79,97,1.2371134020618557,0.05438897522798766,671,"Mr. Armstrong, now I see why you're getting ""Sir Lance"" a lot."
3359,1732,1,21,75,97,1.2371134020618557,0.04581543514080199,671,It’s aerodynamic AND prevents saddle pain!
2298,1732,5,13,79,97,1.2371134020618557,0.05438897522798766,671,"Too much beer at last night's costume party, and a broken can-opener."
1998,1732,7,9,81,97,1.2371134020618557,0.05820407108575367,671,I can ride day and knight!
1965,1732,5,13,79,97,1.2371134020618557,0.05438897522798766,671,I thought this would do it but the delivery guys have moved up to trebuchets.
1494,1732,1,21,75,97,1.2371134020618557,0.04581543514080199,671,I thought it can help women recognize I am following the rules of chivalry instead of the current predatory norms.
1201,1732,4,15,78,97,1.2371134020618557,0.05237732328067415,671,Wearing all this protective gear outta keep the insurance premiums low.
1189,1732,5,13,79,97,1.2371134020618557,0.05438897522798766,671,"Not what I meant by 'chivalry,' Todd."
3696,1732,4,15,78,97,1.2371134020618557,0.05237732328067415,671,"For me, it's like going to war."
1028,1742,4,22,102,128,1.234375,0.0436470597159808,671,"Besides being lighter weight, spandex is more breathable."
1025,1743,2,18,74,94,1.2340425531914894,0.04883809415412414,671,I don't want to go back to court.
3166,1743,3,16,75,94,1.2340425531914894,0.051126705741835796,671,The New Yorker sure screwed up its app.
2837,1743,3,16,75,94,1.2340425531914894,0.051126705741835796,671,"Feel free to go on ahead, I'm still a little rusty."
2795,1743,2,18,74,94,1.2340425531914894,0.04883809415412414,671,Apparently it's not called the Tour de Farce.
3544,1743,4,14,76,94,1.2340425531914894,0.053317170212019274,671,Renaissance fairs aren't the same since PETA got involved.
2390,1743,4,14,76,94,1.2340425531914894,0.053317170212019274,671,"Black Friday sale, how about you?"
2346,1743,4,14,76,94,1.2340425531914894,0.053317170212019274,671,This keeps my rates low with Geico.
1382,1743,5,12,77,94,1.2340425531914894,0.05542112628612492,671,It's true! Henry Louis Gates found out that I'm one eighth lobster!
2293,1743,4,14,76,94,1.2340425531914894,0.053317170212019274,671,You must be new to Detroit.
1700,1743,5,12,77,94,1.2340425531914894,0.05542112628612492,671,The next exit ... the Bronx ... right?
648,1743,3,16,75,94,1.2340425531914894,0.051126705741835796,671,Shouldn’t you have the white steed?
679,1743,3,16,75,94,1.2340425531914894,0.051126705741835796,671,What I said was let's go for a night ride.
781,1743,3,16,75,94,1.2340425531914894,0.051126705741835796,671,My knight vision sucks.
1645,1743,5,12,77,94,1.2340425531914894,0.05542112628612492,671,Last one to the moat has to close the drawbridge.
944,1743,4,14,76,94,1.2340425531914894,0.053317170212019274,671,‘I said night riding- N I G H T!’
329,1743,6,10,78,94,1.2340425531914894,0.05744807949990823,671,I'm riding in the 'Black Knights Matter' 5K in a show of support
2971,1743,3,16,75,94,1.2340425531914894,0.051126705741835796,671,"Wait, I thought it was Halloween."
789,1743,5,12,77,94,1.2340425531914894,0.05542112628612492,671,Don't you find the Under Armour a wee bit restrictive?
3580,1743,3,16,75,94,1.2340425531914894,0.051126705741835796,671,Under armor just doesn't cut it on the Cross Bronx Expressway.
295,1743,3,16,75,94,1.2340425531914894,0.051126705741835796,671,And I wasn't allowed to cross the street alone until I was 16.
3206,1743,3,16,75,94,1.2340425531914894,0.051126705741835796,671,"I told you to iron your uniform, not wear iron."
3441,1743,5,12,77,94,1.2340425531914894,0.05542112628612492,671,"Well, let's see if my outer armor works better than your nuder armor."
775,1765,3,17,79,99,1.2323232323232323,0.04937933227205966,671,Only since smartphones got popular.
1869,1765,5,13,81,99,1.2323232323232323,0.05339105339105338,671,"I know it's slightly archaic, but you can't be too careful these days. Plus, it's more flattering than those spandex bike shorts."
3595,1765,4,15,80,99,1.2323232323232323,0.051424328084287034,671,I'm mainly a night rider.
1899,1768,4,14,77,95,1.231578947368421,0.05281044634128144,671,carbon fiber...
1213,1769,5,18,98,121,1.2314049586776858,0.046592321602405506,671,Good Knight!
2222,1770,1,19,71,91,1.2307692307692308,0.04708064179651174,671,Do You Know Where the Joust path is?
2235,1770,4,13,74,91,1.2307692307692308,0.054306422866657135,671,"BTW, did you pack the WD-40?"
2292,1770,1,19,71,91,1.2307692307692308,0.04708064179651174,671,"Once more unto the bike path, dear friends, once more!"
2055,1770,4,13,74,91,1.2307692307692308,0.054306422866657135,671,My trusty steed only had two gears.
2326,1770,1,19,71,91,1.2307692307692308,0.04708064179651174,671,I think it would be more appropriate if you were on a horse.
2333,1770,3,15,73,91,1.2307692307692308,0.05200949259867795,671,Wrong place at the wrong time
2377,1770,4,13,74,91,1.2307692307692308,0.054306422866657135,671,"Sure, sure, but on the downhill...!"
2389,1770,4,13,74,91,1.2307692307692308,0.054306422866657135,671,Wait until you scrape YOUR knee
2454,1770,5,11,75,91,1.2307692307692308,0.056510068207111776,671,It hasn't been the same without Lance.
2458,1770,2,17,72,91,1.2307692307692308,0.04960632092961231,671,I don't advise a visor.
2104,1770,2,17,72,91,1.2307692307692308,0.04960632092961231,671,But what if it rains
1981,1770,2,17,72,91,1.2307692307692308,0.04960632092961231,671,Yes honey; I'll stop by the cleaners and pick up your suit.
2548,1770,1,19,71,91,1.2307692307692308,0.04708064179651174,671,My white horse doesn't do cities.
1964,1770,5,11,75,91,1.2307692307692308,0.056510068207111776,671,They weren't kidding - this gives you a body of steel
1919,1770,3,15,73,91,1.2307692307692308,0.05200949259867795,671,They’re big in Europe.
1894,1770,4,13,74,91,1.2307692307692308,0.054306422866657135,671,How many grams is your Carbon fiber armor?
1891,1770,3,15,73,91,1.2307692307692308,0.05200949259867795,671,"Sorry, there were no white horses"
1864,1770,4,13,74,91,1.2307692307692308,0.054306422866657135,671,Why are we riding boy's bikes?
1812,1770,1,19,71,91,1.2307692307692308,0.04708064179651174,671,. . . and I have almost always have 4 bars.
1783,1770,2,17,72,91,1.2307692307692308,0.04960632092961231,671,Jousting was never a big deal until we got married.
1683,1770,2,17,72,91,1.2307692307692308,0.04960632092961231,671,I'll never sign another contract without reading it!
1609,1770,2,17,72,91,1.2307692307692308,0.04960632092961231,671,Now you’re in a Medieval cycle?
1530,1770,5,11,75,91,1.2307692307692308,0.056510068207111776,671,I really need to recharge after working the night shift all week.
1527,1770,5,11,75,91,1.2307692307692308,0.056510068207111776,671,Who needs a bike lane when you got this on?
1497,1770,6,9,76,91,1.2307692307692308,0.058630947911258176,671,OMG! You're David Hasselhoff!
1984,1770,3,15,73,91,1.2307692307692308,0.05200949259867795,671,"I was shopping for a new helmet online and I used the keywords ‘Arm,’ ‘Strong,’ and ‘Lance.’ I have no idea what went wrong."
2584,1770,4,13,74,91,1.2307692307692308,0.054306422866657135,671,I thought we were going for a knight ride?
3215,1770,3,15,73,91,1.2307692307692308,0.05200949259867795,671,I miss Rudy Giuliani too.
2637,1770,4,13,74,91,1.2307692307692308,0.054306422866657135,671,"Uh-Oh!  My GPS says, ‘Up Escalator 100 Feet’!"
3249,1770,2,17,72,91,1.2307692307692308,0.04960632092961231,671,You're saying they want to take the character in another direction?
3311,1770,2,17,72,91,1.2307692307692308,0.04960632092961231,671,My landlord doesn’t allow horses
3350,1770,2,17,72,91,1.2307692307692308,0.04960632092961231,671,Trustier than that steed of mine.
3115,1770,5,11,75,91,1.2307692307692308,0.056510068207111776,671,The suit came with the bike.
3672,1770,3,15,73,91,1.2307692307692308,0.05200949259867795,671,It was a suggestion from my therapist.
3731,1770,2,17,72,91,1.2307692307692308,0.04960632092961231,671,The cycling experience in this city has become purely medieval.
1484,1770,2,17,72,91,1.2307692307692308,0.04960632092961231,671,You're the one who wanted to ride with a visor.
3547,1770,3,15,73,91,1.2307692307692308,0.05200949259867795,671,"No, health insurance."
3457,1770,2,17,72,91,1.2307692307692308,0.04960632092961231,671,The King’s training for the Tour de France and I’m his security.
3415,1770,6,9,76,91,1.2307692307692308,0.058630947911258176,671,'Dress for Success' they said
3084,1770,5,11,75,91,1.2307692307692308,0.056510068207111776,671,What? It's no dumber than your fanny pack.
3375,1770,3,15,73,91,1.2307692307692308,0.05200949259867795,671,This heat wave sucks!
3015,1770,4,13,74,91,1.2307692307692308,0.054306422866657135,671,My horse is already on the festival grounds.
3011,1770,4,13,74,91,1.2307692307692308,0.054306422866657135,671,Nice outfit.  But wouldn't brakes make you even safer?
3003,1770,3,15,73,91,1.2307692307692308,0.05200949259867795,671,Don't bother calling me.  I don't have my phone.
2919,1770,3,15,73,91,1.2307692307692308,0.05200949259867795,671,I thought you said you wanted to try poly-armory
2835,1770,3,15,73,91,1.2307692307692308,0.05200949259867795,671,You wouldn't believe how much I've saved on my insurance since I bought this suit.
2834,1770,6,9,76,91,1.2307692307692308,0.058630947911258176,671,"Yeah, sometimes the ""Ironic Outfit"" angle takes a lot of commitment. I might switch to a Steampunk Tuba shtick."
2830,1770,4,13,74,91,1.2307692307692308,0.054306422866657135,671,I said I wanted something suitable for NIGHT riding.
2803,1770,3,15,73,91,1.2307692307692308,0.05200949259867795,671,"And, it's a lot less upkeep than your horse!"
2737,1770,3,15,73,91,1.2307692307692308,0.05200949259867795,671,"Onst thou left, fair damsel."
2701,1770,1,19,71,91,1.2307692307692308,0.04708064179651174,671,"No, just late for my gig at Medieval Times."
2695,1770,2,17,72,91,1.2307692307692308,0.04960632092961231,671,You think you're helmet will protect you
2656,1770,1,19,71,91,1.2307692307692308,0.04708064179651174,671,It's competition not war.
2653,1770,2,17,72,91,1.2307692307692308,0.04960632092961231,671,"‘Safety over style, noob.’"
2590,1770,2,17,72,91,1.2307692307692308,0.04960632092961231,671,What mosquitoes?
1444,1770,2,17,72,91,1.2307692307692308,0.04960632092961231,671,Do you mind if I go on ahead? I'm late for a joust.
3387,1770,4,13,74,91,1.2307692307692308,0.054306422866657135,671,Am I the only one that heard “Ironman?”
1357,1770,4,13,74,91,1.2307692307692308,0.054306422866657135,671,"Actually I said a ""night ride"""
832,1770,2,17,72,91,1.2307692307692308,0.04960632092961231,671,"Well, have you ever tried jousting?"
806,1770,4,13,74,91,1.2307692307692308,0.054306422866657135,671,Riding A Horse? In This Economy?
783,1770,6,9,76,91,1.2307692307692308,0.058630947911258176,671,Just call me Nance Armor-strong
766,1770,7,7,77,91,1.2307692307692308,0.06067774136512428,671,Jeffrey Epstein?
104,1770,4,19,94,117,1.2307692307692308,0.046040729838903914,671,I'm the Knight Rider.
728,1770,4,13,74,91,1.2307692307692308,0.054306422866657135,671,Do you still believe Riverside Drive is a suitable venue to train for the Tour de France?
697,1770,5,11,75,91,1.2307692307692308,0.056510068207111776,671,Jousting is too dangerous on a horse.
668,1770,3,15,73,91,1.2307692307692308,0.05200949259867795,671,Vision Zero this!
652,1770,1,19,71,91,1.2307692307692308,0.04708064179651174,671,"I  know you are a history major, but...."
1434,1770,4,13,74,91,1.2307692307692308,0.054306422866657135,671,And what are these 'bike lanes' you speak of?
619,1770,2,17,72,91,1.2307692307692308,0.04960632092961231,671,"For me, it's all steel or nothing."
88,1770,5,11,75,91,1.2307692307692308,0.056510068207111776,671,"It’s due for its 1,000 year tune up."
91,1770,5,11,75,91,1.2307692307692308,0.056510068207111776,671,"I've been doing this a long time, but your faith in humanity is cute"
340,1770,6,9,76,91,1.2307692307692308,0.058630947911258176,671,Fibromyalgia.
121,1770,3,15,73,91,1.2307692307692308,0.05200949259867795,671,have you seen the drivers out here?
332,1770,5,11,75,91,1.2307692307692308,0.056510068207111776,671,"Once PETA exposed the jousting circuit, we gave up our horses"
269,1770,1,19,71,91,1.2307692307692308,0.04708064179651174,671,"No, they said a night ride"
834,1770,3,15,73,91,1.2307692307692308,0.05200949259867795,671,"I had an e-bike, but almost killed myself"
204,1770,2,17,72,91,1.2307692307692308,0.04960632092961231,671,I doubt you will find your 'knight in shining armor' bicycling down the West Side Highway.
851,1770,3,15,73,91,1.2307692307692308,0.05200949259867795,671,It’s my new fall outfit.
977,1770,2,17,72,91,1.2307692307692308,0.04960632092961231,671,It’s an ego booster. When I take it off and weigh myself I’ve lost 40 pounds.
1356,1770,4,13,74,91,1.2307692307692308,0.054306422866657135,671,"This is great and all, but I think my last ride had more horsepower"
1333,1770,4,13,74,91,1.2307692307692308,0.054306422866657135,671,"It's the latest chastity suit by GrabMeNot, Inc."
1306,1770,5,11,75,91,1.2307692307692308,0.056510068207111776,671,Cosplay triathlon training is a bitch.
1292,1770,5,11,75,91,1.2307692307692308,0.056510068207111776,671,Would you like some water?
1278,1770,4,13,74,91,1.2307692307692308,0.054306422866657135,671,I'll dismount when the yellow beast is gone
1145,1770,3,15,73,91,1.2307692307692308,0.05200949259867795,671,My trusty steed hath taken a self-care day.
1144,1770,1,19,71,91,1.2307692307692308,0.04708064179651174,671,"My kingdom for a bike, really?"
859,1770,5,11,75,91,1.2307692307692308,0.056510068207111776,671,"I am historically accurate. Check ""A Connecticut Yankee in King Arthur's Court"".....oh, darn. The water bottle."
1125,1770,4,13,74,91,1.2307692307692308,0.054306422866657135,671,"Actually, I'm training for Ironman."
1112,1770,2,17,72,91,1.2307692307692308,0.04960632092961231,671,We have to swim after this?
1105,1770,2,17,72,91,1.2307692307692308,0.04960632092961231,671,I think it's your chain.
1103,1770,6,9,76,91,1.2307692307692308,0.058630947911258176,671,Very nice to meet you Guinevere...people call me Lance...a lot.
1078,1770,3,15,73,91,1.2307692307692308,0.05200949259867795,671,"Well, I’m ready for those famous New York City potholes!"
1054,1770,3,15,73,91,1.2307692307692308,0.05200949259867795,671,I’m training for my first Ironman Triathlon.
1012,1770,3,15,73,91,1.2307692307692308,0.05200949259867795,671,"I can't afford a broken bone, okay?!"
991,1770,6,9,76,91,1.2307692307692308,0.058630947911258176,671,Sir Cumnavigate on your left.
990,1770,4,13,74,91,1.2307692307692308,0.054306422866657135,671,I'm on my way... I'm about 900 years out.
126,1770,5,11,75,91,1.2307692307692308,0.056510068207111776,671,This chain mail underwear doth chafe too much.
1464,1867,3,19,87,109,1.2293577981651376,0.046328004304413195,671,The store was out of Under Armour
2378,1868,3,16,77,96,1.2291666666666667,0.050173310744967906,671,You’re so brave Celeste. I’ve never been comfortable night riding.
3665,1868,5,12,79,96,1.2291666666666667,0.054368718969083525,671,I think that I made a wrong turn about 200 years ago.
3543,1870,0,21,71,92,1.2282608695652173,0.04399773283251796,671,It’s my first triathlon. But everyone kept saying I should do the Ironman.
1361,1870,5,11,76,92,1.2282608695652173,0.05594871053561892,671,Is the President back in town?
1066,1870,3,15,74,92,1.2282608695652173,0.0515021856246872,671,"I thought it was ridiculous, too, but the guy at the shop kept saying ""Steel is Real"", so... here we are."
923,1870,5,11,76,92,1.2282608695652173,0.05594871053561892,671,"So that's why they call it a ""knight ride"""
914,1870,5,11,76,92,1.2282608695652173,0.05594871053561892,671,"This way, if they cut me up, I put a dent in their chassis."
908,1870,0,21,71,92,1.2282608695652173,0.04399773283251796,671,I'm training for iron man
1680,1870,5,11,76,92,1.2282608695652173,0.05594871053561892,671,The Tour de France is crazy dangerous.
718,1870,5,11,76,92,1.2282608695652173,0.05594871053561892,671,"Ohh, I thought you wanted to go knight riding."
1725,1870,3,15,74,92,1.2282608695652173,0.0515021856246872,671,"Don't sweat now, we haven't got the oil can with us and you've been squeaking enough as it is!"
622,1870,3,15,74,92,1.2282608695652173,0.0515021856246872,671,I'm raising money for the Medieval Bikers' Foundation.
611,1870,4,13,75,92,1.2282608695652173,0.05377142984298545,671,Medal to the pedal...I'll race you!
328,1870,2,17,73,92,1.2282608695652173,0.04912823608557881,671,It's not that far to the Armoury.
233,1870,5,11,76,92,1.2282608695652173,0.05594871053561892,671,UberStallion was experiencing surge pricing....
103,1870,4,13,75,92,1.2282608695652173,0.05377142984298545,671,"On thy behalf, m'lady, I shall slay the four-wheeled monsters."
1821,1870,2,17,73,92,1.2282608695652173,0.04912823608557881,671,Think of me as the armored car of bicycle delivery.
3679,1870,4,13,75,92,1.2282608695652173,0.05377142984298545,671,"It worked for Mick Jagger, didn't it?"
1962,1870,3,15,74,92,1.2282608695652173,0.0515021856246872,671,The GPS states the city is to the right.
2943,1870,3,15,74,92,1.2282608695652173,0.0515021856246872,671,I really need to do a wash.
3307,1870,2,17,73,92,1.2282608695652173,0.04912823608557881,671,Because parking at the joust is just too expensive.
3213,1870,5,11,76,92,1.2282608695652173,0.05594871053561892,671,I have never felt that a helmet is enough protection
3119,1870,2,17,73,92,1.2282608695652173,0.04912823608557881,671,Did your blacksmith also make your bicycle?
3402,1870,5,11,76,92,1.2282608695652173,0.05594871053561892,671,It's a new clothing line from Steph Curry ...it's called Outer Armour.
2959,1870,4,13,75,92,1.2282608695652173,0.05377142984298545,671,You must be from the Nanny State.
2166,1870,2,17,73,92,1.2282608695652173,0.04912823608557881,671,I have the passcode to lower the drawbridge.
1620,1870,4,13,75,92,1.2282608695652173,0.05377142984298545,671,"Of course she is a better negotiator than I am. She trots from home 3 days a week, and here I am wearing last year's armor."
2731,1870,5,11,76,92,1.2282608695652173,0.05594871053561892,671,Will you be my girlfriend now?
2571,1870,4,13,75,92,1.2282608695652173,0.05377142984298545,671,Can't talk. I'm at Knight cycle.
2455,1870,5,11,76,92,1.2282608695652173,0.05594871053561892,671,"It's not a Schwinn, it's a Lochinvar."
2324,1870,4,13,75,92,1.2282608695652173,0.05377142984298545,671,"Yes, I’m putting the metal to the pedal."
2260,1870,5,11,76,92,1.2282608695652173,0.05594871053561892,671,The last thing I remember was being served a drink while visiting the New Yorker Magazine offices
2238,1870,4,13,75,92,1.2282608695652173,0.05377142984298545,671,Just out for a Knight time bike ride
2792,1870,4,13,75,92,1.2282608695652173,0.05377142984298545,671,Is your suit titanium or carbon fiber?
897,1902,3,19,88,110,1.2272727272727273,0.04595223779440721,671,Rust much?
729,1903,3,16,78,97,1.2268041237113403,0.049709540005118326,671,I feel safer but I can't pedal uphill.
3558,1904,1,19,73,93,1.2258064516129032,0.04619468188464644,671,We're almost there.  Then I can take off this insect repellent outfit.
2118,1905,2,16,71,89,1.2247191011235956,0.04990493769277266,671,"Breathable Gore-Tex? No, I'm pretty sure you said, ""Medieval war techs""."
54,1905,1,18,70,89,1.2247191011235956,0.047277269286691515,671,I'm just a knight on a bike asking a girl to love him.
1955,1905,3,14,72,89,1.2247191011235956,0.0524010059162293,671,"Sure, he's trusty, but he wouldn't fit on the subway."
2319,1905,3,14,72,89,1.2247191011235956,0.0524010059162293,671,"Can't hear you, got New York in my other ear."
1643,1905,2,16,71,89,1.2247191011235956,0.04990493769277266,671,"It's not the same, but my cholesterol was out of control."
1532,1905,1,18,70,89,1.2247191011235956,0.047277269286691515,671,And to think I thought chivalry was dead.
1318,1905,1,18,70,89,1.2247191011235956,0.047277269286691515,671,"My insurance at Monty Python Pizza is a joke."""
1284,1905,4,12,73,89,1.2247191011235956,0.054783464986671616,671,Is that a Trusty Steed road bike?
868,1905,3,14,72,89,1.2247191011235956,0.0524010059162293,671,"No, it's carbon fibre."
671,1905,1,18,70,89,1.2247191011235956,0.047277269286691515,671,"My Mom made me wear it
or
I fall a lot
or
It's a great conversation starter"
597,1905,2,16,71,89,1.2247191011235956,0.04990493769277266,671,"...oh yes, I love it. But the rust stains can be a handful."
466,1905,2,16,71,89,1.2247191011235956,0.04990493769277266,671,I love how romantic the city looks when I'm knight riding.
3216,1905,1,18,70,89,1.2247191011235956,0.047277269286691515,671,I said I needed full protection.
282,1905,4,12,73,89,1.2247191011235956,0.054783464986671616,671,"Believe it or not, it was my lack of confidence that was really slowing me down"
3242,1905,2,16,71,89,1.2247191011235956,0.04990493769277266,671,"Yes, there are sparks."
108,1905,0,20,69,89,1.2247191011235956,0.04449469155183759,671,I hope it rains.
3576,1905,2,16,71,89,1.2247191011235956,0.04990493769277266,671,But you wanted me to show my masculine side.
2117,1905,4,12,73,89,1.2247191011235956,0.054783464986671616,671,You must be roasting.
31,1905,1,18,70,89,1.2247191011235956,0.047277269286691515,671,It somewhat levels the playing field.
1324,1905,3,14,72,89,1.2247191011235956,0.0524010059162293,671,This outfit keeps the seat from giving me a wedgie.
3089,1925,5,18,102,125,1.224,0.045243427610377675,671,You’ll need a strong lance arm!
776,1926,3,17,83,103,1.2233009708737863,0.047659955080602695,671,It’s not just bulletproof; my radar signature is nil!
1714,1927,2,16,72,90,1.2222222222222223,0.04941045135965656,671,"So, how did you lose your horse?"
2969,1927,1,18,71,90,1.2222222222222223,0.04681564710038363,671,That’s what happens when you reach middle-age
978,1927,1,20,78,99,1.2222222222222223,0.044382558439335355,671,Pleasure to make your acquaintance. I'm Sir Lancet Armstrong.
750,1930,3,14,74,91,1.2197802197802199,0.05136048423833291,671,"No problem, it consists of carbon nanofiber."
2714,1930,3,14,74,91,1.2197802197802199,0.05136048423833291,671,It's the original sportswear.
2953,1930,3,14,74,91,1.2197802197802199,0.05136048423833291,671,Listen when I lay it down.
1807,1930,4,12,75,91,1.2197802197802199,0.05368518962801833,671,"Hang on princess, I'm coming to your rescue."
3070,1934,2,17,77,96,1.21875,0.04730250957698441,671,The knees catch a bit more than I expected.
1271,1934,2,17,77,96,1.21875,0.04730250957698441,671,Hasselhoff was a better Knight Rider.
1705,1936,4,11,72,87,1.2183908045977012,0.055263668629472025,671,"You know, those things aren't foolproof."
3763,1936,4,11,72,87,1.2183908045977012,0.055263668629472025,671,He threw down a gauntlet
1516,1936,5,9,73,87,1.2183908045977012,0.057631426121084545,671,I still prefer my aulde metal frame.
1501,1936,4,11,72,87,1.2183908045977012,0.055263668629472025,671,My toga is at the cleaners.
1487,1936,1,17,69,87,1.2183908045977012,0.0474568061641561,671,Well the under armor makes it quite comfortable.
1220,1936,3,13,71,87,1.2183908045977012,0.052789817806336056,671,"Go get your own draft, my lady."
1218,1936,2,15,70,87,1.2183908045977012,0.05019418948109651,671,This outfit?  Have you seen the bike lanes in Manhattan?
1203,1936,5,9,73,87,1.2183908045977012,0.057631426121084545,671,My codpiece? Had to leave it. Way too heavy.
1671,1936,5,9,73,87,1.2183908045977012,0.057631426121084545,671,No road leads away from Rome.
1667,1936,2,15,70,87,1.2183908045977012,0.05019418948109651,671,I'm late for stage rehearsal.
1889,1936,3,13,71,87,1.2183908045977012,0.052789817806336056,671,"Please Don Quixote, don’t try attack Trump tower again."
1829,1936,2,15,70,87,1.2183908045977012,0.05019418948109651,671,"Well, once I realized I was the only round thing at that table I knew something had to change."
1113,1936,4,11,72,87,1.2183908045977012,0.055263668629472025,671,Yes. Almost there and dressed as Knight Rider; just like you asked.
1990,1936,2,15,70,87,1.2183908045977012,0.05019418948109651,671,I guess you could say I’m Spandex non-conforming.
2200,1936,3,13,71,87,1.2183908045977012,0.052789817806336056,671,I was canned today so Cheryl took off work to join me in a spin.
2284,1936,6,7,74,87,1.2183908045977012,0.05990567154378591,671,"Good Sire, methinks it would behoove you to buy shares in metals."""
2879,1936,3,13,71,87,1.2183908045977012,0.052789817806336056,671,"It doesn't look like it, but I'm telling you it's a one-piece Spandex jumpsuit."
2889,1936,2,15,70,87,1.2183908045977012,0.05019418948109651,671,Japanese beetle season.
2912,1936,4,11,72,87,1.2183908045977012,0.055263668629472025,671,Thanks for breaking wind.
3077,1936,2,15,70,87,1.2183908045977012,0.05019418948109651,671,All I can be today is your knight in sweaty armor.
3106,1936,1,17,69,87,1.2183908045977012,0.0474568061641561,671,We're approaching Manhattan. Get ready.
3474,1936,3,13,71,87,1.2183908045977012,0.052789817806336056,671,what do you mean --I'm in the wrong century
1824,1936,1,17,69,87,1.2183908045977012,0.0474568061641561,671,"Sir, this is the Tour de France."
1073,1936,2,15,70,87,1.2183908045977012,0.05019418948109651,671,I am ready to battle traffic.
2609,1936,3,13,71,87,1.2183908045977012,0.052789817806336056,671,"Lance? My arm IS strong, but I'm a sword fighter."
1003,1936,0,19,68,87,1.2183908045977012,0.04455154593210374,671,Need an oil can break?
50,1936,2,15,70,87,1.2183908045977012,0.05019418948109651,671,I'm unable to peddle to let's stick to the downhills.
128,1936,3,13,71,87,1.2183908045977012,0.052789817806336056,671,I’m training for a Spartan race.
211,1936,1,17,69,87,1.2183908045977012,0.0474568061641561,671,I didn't know they had a stricter helmet law here.
350,1936,1,17,69,87,1.2183908045977012,0.0474568061641561,671,Safety first...
1027,1936,2,15,70,87,1.2183908045977012,0.05019418948109651,671,"This is my last madcap gesture, Jennifer!"
596,1936,4,11,72,87,1.2183908045977012,0.055263668629472025,671,I'm guessing you've never crashed on your bike?
654,1936,5,9,73,87,1.2183908045977012,0.057631426121084545,671,"Forsooth, I have only one job in
 Le Tour: to protect my king of the mountain."
841,1936,1,17,69,87,1.2183908045977012,0.0474568061641561,671,"Sorry , when I'm on the phone chivalry is dead."
367,1936,3,13,71,87,1.2183908045977012,0.052789817806336056,671,This bike wasn't built for a Lance.
757,1971,3,14,75,92,1.2173913043478262,0.050855290976328946,671,I need this in Manhattan.
3617,1971,4,12,76,92,1.2173913043478262,0.05315216047844578,671,It’s my Knight Rider kit.
1002,1971,2,16,74,92,1.2173913043478262,0.04844965507666401,671,I wanted my outfit to match my helmet.
1986,1974,5,9,74,88,1.2159090909090908,0.05702678529843941,671,"Didn’t  Merlin teach not to text and ride, Lance."
2042,1974,4,11,73,88,1.2159090909090908,0.054688401161677745,671,The bike path is perfect for jousting practice--a conveyor belt of oncoming targets.
1660,1974,3,13,72,88,1.2159090909090908,0.05224546106377937,671,I've cycled 'round to wearing both armour *and* Under Armour.
2241,1974,2,15,71,88,1.2159090909090908,0.04968254403624251,671,Had to give up the horse - too big of a methane footprint.
2407,1974,3,13,72,88,1.2159090909090908,0.05224546106377937,671,What? Your voicemail said you wanted to go for a knight ride.
2417,1974,3,13,72,88,1.2159090909090908,0.05224546106377937,671,"They say that biking is 80% ""hardwear""!"
2418,1974,1,17,70,88,1.2159090909090908,0.04698001875328986,671,My wife always tells me I'm too literal.
2473,1974,3,13,72,88,1.2159090909090908,0.05224546106377937,671,"Yeah, I thought it was an Under Armor endorsement...."
2501,1974,2,15,71,88,1.2159090909090908,0.04968254403624251,671,I told you we were not going to bike in the night!
1652,1974,2,15,71,88,1.2159090909090908,0.04968254403624251,671,"Geeze Stan, way to put the pedal to the metal!"
1701,1974,2,15,71,88,1.2159090909090908,0.04968254403624251,671,"Yes, it's awesome that Herman Melville lived on this island, but be damned sure to watch your tushy on this next turn."
2229,1974,2,15,71,88,1.2159090909090908,0.04968254403624251,671,You really should wear glasses for knight riding.
2931,1974,2,15,71,88,1.2159090909090908,0.04968254403624251,671,Don’t Stress Irma.  The FlexPak will release your frozen arm soon.
2897,1974,1,17,70,88,1.2159090909090908,0.04698001875328986,671,arrowdynamic
1329,1974,3,13,72,88,1.2159090909090908,0.05224546106377937,671,I go down Hills much faster now!
2974,1974,3,13,72,88,1.2159090909090908,0.05224546106377937,671,ever since dad took the training wheels off..........
3022,1974,3,13,72,88,1.2159090909090908,0.05224546106377937,671,You will be safer with all that armor on
3124,1974,3,13,72,88,1.2159090909090908,0.05224546106377937,671,I often bike in a rough neighborhood.
3135,1974,0,19,69,88,1.2159090909090908,0.044112233475599005,671,Your not David Hasselhoff!
3192,1974,4,11,73,88,1.2159090909090908,0.054688401161677745,671,"Without your lance, how can you make your armstrong?"
3236,1974,3,13,72,88,1.2159090909090908,0.05224546106377937,671,"Well, you said  ""get Under Armour workout clothes."""
3272,1974,2,15,71,88,1.2159090909090908,0.04968254403624251,671,I am going to the White House after for a meeting with the President.
3331,1974,0,19,69,88,1.2159090909090908,0.044112233475599005,671,You got metal to the pedal?
3495,1974,1,17,70,88,1.2159090909090908,0.04698001875328986,671,I won’t be the one with a sore ass tomorrow.
3522,1974,1,17,70,88,1.2159090909090908,0.04698001875328986,671,Excuse me. Where did you get your helmet ?
3574,1974,4,11,73,88,1.2159090909090908,0.054688401161677745,671,"I get that all the time. But no, I'm not the Knight Rider."
2798,1974,4,11,73,88,1.2159090909090908,0.054688401161677745,671,What do you think? Does it make me look fat?
1238,1974,5,9,74,88,1.2159090909090908,0.05702678529843941,671,"I know it looks silly, but my healthcare deductible went through the roof this year. 

Steve Manderscheid, Minneapolis, MN"
719,1974,4,11,73,88,1.2159090909090908,0.054688401161677745,671,I guess I misunderstood when you said you wanted to go on a night ride.
1109,1974,2,15,71,88,1.2159090909090908,0.04968254403624251,671,Crumble zone
3636,1974,3,13,72,88,1.2159090909090908,0.05224546106377937,671,"I think what he actually said was , “Wanna spend the night in Armonk”?!"
1230,1974,4,11,73,88,1.2159090909090908,0.054688401161677745,671,"Without your bike, this would be a one knight stand."
122,1974,0,19,69,88,1.2159090909090908,0.044112233475599005,671,It's just a little added protective gear.
136,1974,3,13,72,88,1.2159090909090908,0.05224546106377937,671,So Amazon put Under Amour on sale with a 3 hour delivery window. I like it.
303,1974,1,17,70,88,1.2159090909090908,0.04698001875328986,671,It's not what I meant by a night ride.
414,1974,2,15,71,88,1.2159090909090908,0.04968254403624251,671,You should always be careful riding at night
566,1974,4,11,73,88,1.2159090909090908,0.054688401161677745,671,Not my regular gig...I'm just a freelancer
3668,1974,4,11,73,88,1.2159090909090908,0.054688401161677745,671,The only thing that kill me in this outfit is riding uphill.
1096,1974,1,17,70,88,1.2159090909090908,0.04698001875328986,671,I still have SPF 60 all over.  Can't be too careful.
663,1974,5,9,74,88,1.2159090909090908,0.05702678529843941,671,"I promise, in the fall, I’ll move out of my mother’s place."
675,1974,4,11,73,88,1.2159090909090908,0.054688401161677745,671,It's a new millenial thing called Joustcycling
762,1974,4,11,73,88,1.2159090909090908,0.054688401161677745,671,I only have two hands. If you keep calling of course I'm going to lose my lance a lot.
788,1974,3,13,72,88,1.2159090909090908,0.05224546106377937,671,"Yes, I am the night rider."
590,1974,5,9,74,88,1.2159090909090908,0.05702678529843941,671,I'm gonna cut through Hunts Point.
2065,2018,4,10,70,84,1.2142857142857142,0.05635573779886005,671,"According to my DNA analysis, I’m directly related to Don Quixote..."
1961,2018,4,10,70,84,1.2142857142857142,0.05635573779886005,671,Lance who?
1798,2018,2,14,68,84,1.2142857142857142,0.05101221145533816,671,And I thought my fanny pack was outdated.
1713,2018,2,14,68,84,1.2142857142857142,0.05101221145533816,671,Onward Sir Crash-a-Lot!
1664,2018,3,12,69,84,1.2142857142857142,0.05375041813985263,671,Did you remember the oil can?
1443,2018,3,12,69,84,1.2142857142857142,0.05375041813985263,671,It's tough to keep a horse in the city.
2350,2018,2,14,68,84,1.2142857142857142,0.05101221145533816,671,"Alas, my steed is at the vet."
2287,2018,3,12,69,84,1.2142857142857142,0.05375041813985263,671,"So, how much horsepower does yours have?"
1372,2018,2,14,68,84,1.2142857142857142,0.05101221145533816,671,This wasn’t what I was thinking when I said ‘let’s go for a night ride’
1334,2018,2,14,68,84,1.2142857142857142,0.05101221145533816,671,Lancelot Armstrong really picks up speed downhill
1283,2018,3,12,69,84,1.2142857142857142,0.05375041813985263,671,Do you think this will keep me from getting molested?
2317,2018,4,10,70,84,1.2142857142857142,0.05635573779886005,671,My other car is a horse.
1425,2018,2,14,68,84,1.2142857142857142,0.05101221145533816,671,"When I'm on some of these streets, it feels like I'm going into battle."
1239,2018,2,14,68,84,1.2142857142857142,0.05101221145533816,671,"Thankfully, they waived the requirement that I own a castle."
2846,2018,2,14,68,84,1.2142857142857142,0.05101221145533816,671,The biking safety manual was very specific about the necessary equipment.
2352,2018,4,10,70,84,1.2142857142857142,0.05635573779886005,671,"Ruth, when I invited you I said wear Under Armor!"
2393,2018,4,10,70,84,1.2142857142857142,0.05635573779886005,671,"for god's sake Lance, we're on our way home and we've scored already !"
2658,2018,4,10,70,84,1.2142857142857142,0.05635573779886005,671,Haven’t you heard about the new armor law?
3596,2018,5,8,71,84,1.2142857142857142,0.05884582326298723,671,Is this the way to Hogwarts Castle?
3465,2018,2,14,68,84,1.2142857142857142,0.05101221145533816,671,You’re first attempt at time travel?
3388,2018,3,12,69,84,1.2142857142857142,0.05375041813985263,671,My horse... he is in the impound lot. Something about not being registered in this state?
3324,2018,3,12,69,84,1.2142857142857142,0.05375041813985263,671,I thought is supposed to be worn “under armour”
1208,2018,2,14,68,84,1.2142857142857142,0.05101221145533816,671,Ride backwards to 1560? Got it. And pick up a deep dish pizza with anchovies? Ok.
3312,2018,2,14,68,84,1.2142857142857142,0.05101221145533816,671,I always put this on if I feel like shooting myself in the head
3132,2018,3,12,69,84,1.2142857142857142,0.05375041813985263,671,This is only a dry run.
3090,2018,3,12,69,84,1.2142857142857142,0.05375041813985263,671,I'm gearing up for the Ironman Triathlon.
2921,2018,3,12,69,84,1.2142857142857142,0.05375041813985263,671,Have you seen a troll somewhere along this bridge?
2914,2018,2,14,68,84,1.2142857142857142,0.05101221145533816,671,"You mean your dermatologist isn't pushing SPF 20,000 yet?"
2351,2018,5,8,71,84,1.2142857142857142,0.05884582326298723,671,I think I injected a bit too much testosterone this morning.
1166,2018,4,10,70,84,1.2142857142857142,0.05635573779886005,671,"I said bring your ten speed,not your lead sheath."
3405,2018,3,12,69,84,1.2142857142857142,0.05375041813985263,671,It was a call to arms. She had to take it.
896,2018,0,18,66,84,1.2142857142857142,0.04503911913297598,671,"Yes dear, I know, I am in violation of Rule #52 - Body armor of any kind is not allowed. Refer to Rule #5 - Harden up!"
494,2018,4,10,70,84,1.2142857142857142,0.05635573779886005,671,"It's renaissance faire day at work, and I didn't have chainmail."
515,2018,3,12,69,84,1.2142857142857142,0.05375041813985263,671,I always enjoy going for a ride at knight time!
538,2018,4,10,70,84,1.2142857142857142,0.05635573779886005,671,"So you are the Knight rider? 
Cool helmet."
600,2018,3,12,69,84,1.2142857142857142,0.05375041813985263,671,"I was looking for some bike kit that was a bit more durable, but this was all the Met had in stock."
64,2018,2,14,68,84,1.2142857142857142,0.05101221145533816,671,The white steed is in the shop.
669,2018,5,8,71,84,1.2142857142857142,0.05884582326298723,671,I plan on biking knights.
634,2018,3,12,69,84,1.2142857142857142,0.05375041813985263,671,"You think it's awkward now, but at night, it's SHINING!"
723,2018,2,14,68,84,1.2142857142857142,0.05101221145533816,671,They call me ‘Knight Rider’
816,2018,2,14,68,84,1.2142857142857142,0.05101221145533816,671,It’s made by Over Armour.”
833,2018,1,16,67,84,1.2142857142857142,0.0481184370581513,671,So you call it under armor?
845,2018,1,16,67,84,1.2142857142857142,0.0481184370581513,671,Yes!  Your bum surely does look big from behind.
864,2018,3,12,69,84,1.2142857142857142,0.05375041813985263,671,"Gee, these triathletes these days are real renaissance men."
909,2018,3,12,69,84,1.2142857142857142,0.05375041813985263,671,Fact - first Tour de France's ended in jousting.
2440,2063,3,17,88,108,1.212962962962963,0.04566899344097394,671,You need a horse for the jousting competition?
1135,2064,3,15,81,99,1.2121212121212122,0.048205752059134375,671,Don’t ever get a Horse Title Loan.”
133,2065,3,12,70,85,1.2117647058823529,0.053174090822038236,671,"I thought you said ""knight cycling."""
321,2065,1,16,68,85,1.2117647058823529,0.047615752069189415,671,"Princesses are in short supply, so I'm now delivering Chinese for Uber Eats to save fair maidens from going hungry during the Bachelorette"
1041,2065,4,10,71,85,1.2117647058823529,0.05574581580323583,671,"Chivalry is alive, it's just not willing to budge."
2847,2065,0,18,67,85,1.2117647058823529,0.04457743599957931,671,I used to bike well when I was younger. Now I’m getting rusty!
1868,2065,4,10,71,85,1.2117647058823529,0.05574581580323583,671,How's the Iron man training going?
2311,2065,4,10,71,85,1.2117647058823529,0.05574581580323583,671,Heading to Chicago?
3305,2065,3,12,70,85,1.2117647058823529,0.053174090822038236,671,Mom! You were supposed to order under-armor.
1285,2065,2,14,69,85,1.2117647058823529,0.05047149581627677,671,Passeth on yee lefteth
1451,2073,0,19,71,90,1.211111111111111,0.04325820177821489,671,It is air-conditioned!
1287,2074,6,6,74,86,1.2093023255813953,0.05990480151712727,671,I don't see well enough to do any knight riding.
1179,2074,3,12,71,86,1.2093023255813953,0.05260980717655106,671,These new body helmets are better in theory than in practice.
658,2076,4,11,76,91,1.2087912087912087,0.053031387753417904,671,Is that carbon fiber? Surely you joust?!
2770,2077,2,13,67,82,1.2073170731707317,0.05129401959552221,671,"Karen, you know I'm a little rusty. On an unrelated note, it's been ages since I've ridden a bike."
2027,2077,2,13,67,82,1.2073170731707317,0.05129401959552221,671,With the 3% rebate from ACME Insurance it pays for itself!
3028,2077,3,11,68,82,1.2073170731707317,0.05414970515633626,671,I'm late for my Round Table meeting!
1234,2077,3,11,68,82,1.2073170731707317,0.05414970515633626,671,I’m from Detroit.
3484,2077,1,15,66,82,1.2073170731707317,0.048269683280641934,671,"I get that question all the time. No, my name isn't Lance."
2388,2082,2,14,71,87,1.206896551724138,0.049423111543959376,671,It's made of Titanium alloys and weighs only 36 pounds
660,2083,3,13,76,92,1.2065217391304348,0.050174191266479935,671,"There are other types of visors, you know..?"
1428,2083,3,13,76,92,1.2065217391304348,0.050174191266479935,671,I can’t hear you because of the clanking!
559,2085,0,17,66,83,1.2048192771084338,0.04456679569425884,671,"When it comes to speed, nothing beats a steed."
636,2085,2,13,68,83,1.2048192771084338,0.05073377572184538,671,"You know, knight riding is dangerous."
901,2085,1,15,67,83,1.2048192771084338,0.04774994909656091,671,"I should've clarified when I said ""night ride"""
922,2085,1,15,67,83,1.2048192771084338,0.04774994909656091,671,"According to the rules of chivalry, I'm supposed to ask if I may pass you -- the lady."
1636,2085,2,13,68,83,1.2048192771084338,0.05073377572184538,671,"'My racing strategy is called 'The Sword In The
Spokes.'"
1658,2085,2,13,68,83,1.2048192771084338,0.05073377572184538,671,Chivalry ain't dead; it's just on a better steed.
2600,2085,2,13,68,83,1.2048192771084338,0.05073377572184538,671,I thought an evening ride would be fun - just assumed you made a typo.
3280,2085,1,15,67,83,1.2048192771084338,0.04774994909656091,671,I'm going for a ride with Walter the Younger.
3736,2085,1,15,67,83,1.2048192771084338,0.04774994909656091,671,Fancy a joust?
3741,2085,1,15,67,83,1.2048192771084338,0.04774994909656091,671,You said to wear a helmet!
934,2085,3,11,69,83,1.2048192771084338,0.05355160463762834,671,You try getting public transport for a knight shift.
3351,2096,2,12,65,79,1.2025316455696202,0.05215183571084887,671,Enough of looking back on mounted warriors and galloping horses. A treadmill is more fashionable.
2719,2096,2,12,65,79,1.2025316455696202,0.05215183571084887,671,I’m looking for the knight train.
2717,2096,2,12,65,79,1.2025316455696202,0.05215183571084887,671,"I usually lose a bit of time on the first two legs, but can make it up on the run"""
2679,2096,1,14,64,79,1.2025316455696202,0.04894123029908691,671,"You have no right to be embarrassed, you're the one who wasn't specific about what kind of ride this was going to be."
2665,2096,3,10,66,79,1.2025316455696202,0.055175935994185736,671,„A Disney prince has to imitate that for now.“
3732,2096,2,12,65,79,1.2025316455696202,0.05215183571084887,671,"Look Sid, next time no dressing room, no knight in shining armor."
2602,2096,1,14,64,79,1.2025316455696202,0.04894123029908691,671,It's was either this or lycra.
2599,2096,1,14,64,79,1.2025316455696202,0.04894123029908691,671,"Dragon?  No, girl, soon we're gonna be in midtown."
2564,2096,2,12,65,79,1.2025316455696202,0.05215183571084887,671,It's Under Armour's new line.
2533,2096,1,14,64,79,1.2025316455696202,0.04894123029908691,671,...they’re lighter than horses and call me crazy but I don’t think you have to feed them !
2525,2096,4,8,67,79,1.2025316455696202,0.05804268995883625,671,I thought it was a knight ride
2494,2096,4,8,67,79,1.2025316455696202,0.05804268995883625,671,Why would they have trouble seeing me?
2456,2096,2,12,65,79,1.2025316455696202,0.05215183571084887,671,Seriously? You're from the Sixteenth Century?
2444,2096,3,10,66,79,1.2025316455696202,0.055175935994185736,671,Watch out for raccoons!
2437,2096,1,14,64,79,1.2025316455696202,0.04894123029908691,671,This is a breeze compared to running a marathon.
2428,2096,4,8,67,79,1.2025316455696202,0.05804268995883625,671,I think my plume is creating drag and slowing me down.
2415,2096,2,12,65,79,1.2025316455696202,0.05215183571084887,671,I just don't want my wife to recognize me with you.
2380,2096,3,10,66,79,1.2025316455696202,0.055175935994185736,671,My Under Armour helps prevent chafing.
2359,2096,3,10,66,79,1.2025316455696202,0.055175935994185736,671,Can't be too careful when knight biking.
2330,2096,2,12,65,79,1.2025316455696202,0.05215183571084887,671,You need to check your hearing!  I suggested that you put on your Under Armour.
2273,2096,0,16,63,79,1.2025316455696202,0.04550465996318567,671,"So, are you listening to heavy metal?"
2247,2096,2,12,65,79,1.2025316455696202,0.05215183571084887,671,Damn!  I forgot my lance!
2230,2096,1,14,64,79,1.2025316455696202,0.04894123029908691,671,I'm on my way to a round table.
2096,2096,2,12,65,79,1.2025316455696202,0.05215183571084887,671,"I’ll have to call you back,  I’m taking a knight ride."
2076,2096,2,12,65,79,1.2025316455696202,0.05215183571084887,671,"I beg your pardon my lady, but I am not the knight stalker."
2048,2096,1,14,64,79,1.2025316455696202,0.04894123029908691,671,Why does everyone laugh when I introduce myself as Knight Rider?
2047,2096,2,12,65,79,1.2025316455696202,0.05215183571084887,671,I channel more horsepower in this suit
1993,2096,4,8,67,79,1.2025316455696202,0.05804268995883625,671,Can you blame me?
1950,2096,3,10,66,79,1.2025316455696202,0.055175935994185736,671,Riding was a safer before drivers started texting.
1937,2096,1,14,64,79,1.2025316455696202,0.04894123029908691,671,Lance Armstrong's team - why dost thou ask?
2755,2096,3,10,66,79,1.2025316455696202,0.055175935994185736,671,Is it just me or are these bikes super hot and clanky?
2786,2096,1,14,64,79,1.2025316455696202,0.04894123029908691,671,Fair maidens in your area looking for a joust in the bedroom.
2819,2096,2,12,65,79,1.2025316455696202,0.05215183571084887,671,"I""m not sure. I woke up next to it so I'm riding it home."
2843,2096,3,10,66,79,1.2025316455696202,0.055175935994185736,671,They keep handing me water instead of an oil can
3364,2096,2,12,65,79,1.2025316455696202,0.05215183571084887,671,I seem too defensive? How?
3371,2096,1,14,64,79,1.2025316455696202,0.04894123029908691,671,I'm taking this self-defense class that's really old school.
3385,2096,2,12,65,79,1.2025316455696202,0.05215183571084887,671,Can you fight him off alone another 15 minutes? I underestimated the crosswinds.
3469,2096,2,12,65,79,1.2025316455696202,0.05215183571084887,671,See you in the iPhone line at 5am.
3470,2096,2,12,65,79,1.2025316455696202,0.05215183571084887,671,"I hate to ask this, but did I have a lance when I left this morning?"
3479,2096,3,10,66,79,1.2025316455696202,0.055175935994185736,671,"That's SIR ""Urban Warrior"", thank you!"
3483,2096,3,10,66,79,1.2025316455696202,0.055175935994185736,671,"'I traded in my horse for it."""
3517,2096,4,8,67,79,1.2025316455696202,0.05804268995883625,671,I have lost the Holy Hydroflask.
1876,2096,0,16,63,79,1.2025316455696202,0.04550465996318567,671,You missed it!  The Renaissance Festival is back there!
3582,2096,5,6,68,79,1.2025316455696202,0.06077436797269635,671,Didja hear ? Jennifer's pregnant.
3610,2096,3,10,66,79,1.2025316455696202,0.055175935994185736,671,"With the increase in fatal bicycle accidents, I need more than a helmet to feel safe."
3611,2096,3,10,66,79,1.2025316455696202,0.055175935994185736,671,Passing on the knight!
3279,2096,1,14,64,79,1.2025316455696202,0.04894123029908691,671,Gets me there faster than a horse.
3708,2096,2,12,65,79,1.2025316455696202,0.05215183571084887,671,It's the centurion ride.
3347,2096,2,12,65,79,1.2025316455696202,0.05215183571084887,671,Didn't you hear? Sharon was swallowed by a pothole last week.
3719,2096,1,14,64,79,1.2025316455696202,0.04894123029908691,671,Can you heat up the leftover mutton and make sure the grog is cold?
3274,2096,3,10,66,79,1.2025316455696202,0.055175935994185736,671,Finally some universal coverage!
3260,2096,4,8,67,79,1.2025316455696202,0.05804268995883625,671,She got him in the prenup.
3153,2096,1,14,64,79,1.2025316455696202,0.04894123029908691,671,So you say your protection fits in a fanny pack??
3146,2096,1,14,64,79,1.2025316455696202,0.04894123029908691,671,"I didn't want to look like all the other New York hipsters"""
3142,2096,3,10,66,79,1.2025316455696202,0.055175935994185736,671,I'm calling Round Table
3085,2096,2,12,65,79,1.2025316455696202,0.05215183571084887,671,"I prefer Under Armour."""
3076,2096,3,10,66,79,1.2025316455696202,0.055175935994185736,671,"good costume Jane, but the party isn't until tonight!"
2967,2096,2,12,65,79,1.2025316455696202,0.05215183571084887,671,I missed the knight bus
2956,2096,2,12,65,79,1.2025316455696202,0.05215183571084887,671,"If I don’t get to the fair, Guenevere will have my head."
2940,2096,4,8,67,79,1.2025316455696202,0.05804268995883625,671,"Where's your lance, Lance?"
2929,2096,5,6,68,79,1.2025316455696202,0.06077436797269635,671,Well you said you wanted to go on a knight ride.
2903,2096,4,8,67,79,1.2025316455696202,0.05804268995883625,671,Can I call you back tomorrow? I'm low on my anachronism minutes.
2868,2096,2,12,65,79,1.2025316455696202,0.05215183571084887,671,"They call me ""The Park Knight."""
2865,2096,2,12,65,79,1.2025316455696202,0.05215183571084887,671,You just ride a bicycle.  I joust with everything that gets in my path.  Who has the exciting life?
3730,2096,3,10,66,79,1.2025316455696202,0.055175935994185736,671,Last time I was late to the Renaissance Faire they went medieval on me.
1811,2096,3,10,66,79,1.2025316455696202,0.055175935994185736,671,My jousting name is Lance Arm Strong
2605,2096,1,14,64,79,1.2025316455696202,0.04894123029908691,671,A horse! A horse!...
482,2096,1,14,64,79,1.2025316455696202,0.04894123029908691,671,Yep it’s the new Steed 14 speed
891,2096,4,8,67,79,1.2025316455696202,0.05804268995883625,671,"You'll be safe, but I'm afraid your cell phone won't receive calls."
861,2096,2,12,65,79,1.2025316455696202,0.05215183571084887,671,Take me off your Hear Ye list.
819,2096,1,14,64,79,1.2025316455696202,0.04894123029908691,671,"You’re right. Even with the bike lanes, it’s dangerous riding downtown."
804,2096,0,16,63,79,1.2025316455696202,0.04550465996318567,671,Iron Man race? I thought it was Tin Man race
185,2096,3,10,66,79,1.2025316455696202,0.055175935994185736,671,I'll be back at 6:00. The bike jousting shouldn't last more than a couple of hours.
798,2096,3,10,66,79,1.2025316455696202,0.055175935994185736,671,"Mine most humble apology, but I did lose a lance somewhere 'round hither. So, holler if you see anything..."
768,2096,4,8,67,79,1.2025316455696202,0.05804268995883625,671,There's a reason they called him LANCE Armstrong.
747,2096,2,12,65,79,1.2025316455696202,0.05215183571084887,671,Joust call me Sir Face of the Road
687,2096,2,12,65,79,1.2025316455696202,0.05215183571084887,671,"Use both hands, Ed, you fearless daredevil."
924,2096,1,14,64,79,1.2025316455696202,0.04894123029908691,671,I'm ready totake on New York taxis!
216,2096,2,12,65,79,1.2025316455696202,0.05215183571084887,671,"So, you know?  Going out to do sports in a vintage outfit is very trendy."
523,2096,2,12,65,79,1.2025316455696202,0.05215183571084887,671,So the white horse is gone in hopes of a yellow jersey?
221,2096,6,4,69,79,1.2025316455696202,0.06338843543820757,671,My horse died.
431,2096,3,10,66,79,1.2025316455696202,0.055175935994185736,671,The knight run is in the evening.
417,2096,2,12,65,79,1.2025316455696202,0.05215183571084887,671,Martyrs 'R Us. Joan speaking.
406,2096,4,8,67,79,1.2025316455696202,0.05804268995883625,671,"Yes, the hill is steep. Really, really steep."
371,2096,3,10,66,79,1.2025316455696202,0.055175935994185736,671,"Gadsbudlikins, man! I just need a quick ruling on whether it is chivalrous to ride in front of, or behind, a lady."
338,2096,2,12,65,79,1.2025316455696202,0.05215183571084887,671,But the carbon fiber parts of the bike still save weight.
311,2096,2,12,65,79,1.2025316455696202,0.05215183571084887,671,I'm training for the Medieval Man.
296,2096,3,10,66,79,1.2025316455696202,0.055175935994185736,671,The salesman said it's almost the same thing as Under Armour.
613,2096,3,10,66,79,1.2025316455696202,0.055175935994185736,671,Harvey Weinstein...
245,2096,3,10,66,79,1.2025316455696202,0.055175935994185736,671,The chicks dig it.
971,2096,3,10,66,79,1.2025316455696202,0.055175935994185736,671,I said I liked to cycle at night!
1110,2096,2,12,65,79,1.2025316455696202,0.05215183571084887,671,"That's not what I meant when I said ""Put some metal to the pedal!"""
1730,2096,3,10,66,79,1.2025316455696202,0.055175935994185736,671,Who said the dark age couldn't be green?
1727,2096,3,10,66,79,1.2025316455696202,0.055175935994185736,671,"Yeah, I had to lose the lance for rush hour traffic."
1696,2096,3,10,66,79,1.2025316455696202,0.055175935994185736,671,The whole vibe changes when I sport my lance.
1678,2096,1,14,64,79,1.2025316455696202,0.04894123029908691,671,"I thought you said I should ride as a knight, not that we should ride at night."
1665,2096,1,14,64,79,1.2025316455696202,0.04894123029908691,671,I fall down A LOT.
1563,2096,3,10,66,79,1.2025316455696202,0.055175935994185736,671,"Wouldn't happen to have any chain lube in your tool kit, would you?"
1554,2096,3,10,66,79,1.2025316455696202,0.055175935994185736,671,It’s titanium.
2,2096,2,12,65,79,1.2025316455696202,0.05215183571084887,671,They call me Sir Bikes-a-Lot.
1045,2096,2,12,65,79,1.2025316455696202,0.05215183571084887,671,"The heat isn't that bad, its more so the name calling."
76,2096,1,14,64,79,1.2025316455696202,0.04894123029908691,671,"You've got to admit, with bike riding direction is everything!"
1462,2096,3,10,66,79,1.2025316455696202,0.055175935994185736,671,I suppose you're my knight in shining armor.
1389,2096,4,8,67,79,1.2025316455696202,0.05804268995883625,671,Have you had first dates that actually would go jousting?
1379,2096,3,10,66,79,1.2025316455696202,0.055175935994185736,671,It's just that I've never been very trusting...
1341,2096,3,10,66,79,1.2025316455696202,0.055175935994185736,671,Witch way to the hood?
1227,2096,2,12,65,79,1.2025316455696202,0.05215183571084887,671,"Slay the Dragon, Slay my PR . . they sound a lot a like at 5:00AM, ok?"
1225,2096,3,10,66,79,1.2025316455696202,0.055175935994185736,671,"Well, now that my schizophrenia-medication is kicking in, i realize  I'll have to go jousting on a bicycle."
1158,2096,3,10,66,79,1.2025316455696202,0.055175935994185736,671,"During rush hour, my jousting lance works wonders."
1137,2096,3,10,66,79,1.2025316455696202,0.055175935994185736,671,"Joe, you are literally into this Ironman Triathlon."
1122,2096,3,10,66,79,1.2025316455696202,0.055175935994185736,671,It's the farrier.  My steed's Manolo Blahnik's finally arrived from Amazon Prime.
1526,2096,4,8,67,79,1.2025316455696202,0.05804268995883625,671,"Nope, I still like my horse better"
279,2096,3,10,66,79,1.2025316455696202,0.055175935994185736,671,My dry cleaning bill is still less than Uber would be!
3289,2209,4,9,71,84,1.2023809523809523,0.05560846318231706,671,"I am running a bit late, could you save me a seat?"
1430,2209,4,9,71,84,1.2023809523809523,0.05560846318231706,671,Wanna joust?
432,2209,4,9,71,84,1.2023809523809523,0.05560846318231706,671,But you said it was a knight ride
870,2209,1,15,68,84,1.2023809523809523,0.04724104126249248,671,We're going to rescue turtles this weekend. You in?
317,2209,1,15,68,84,1.2023809523809523,0.04724104126249248,671,"But they said, ""No refunds."""
2487,2214,3,13,78,94,1.202127659574468,0.04919806972822639,671,UNDER!  Not Over Armour!
2470,2215,3,14,82,99,1.202020202020202,0.04757530020731468,671,The bicycle shop said it's good for off road.
876,2216,4,9,72,85,1.2,0.05500190982169267,671,I get my Hi-line gear at the Metropolitan Museum gift shop.
3566,2216,4,9,72,85,1.2,0.05500190982169267,671,"Madam, if you may allow me to draft you."
1075,2218,3,10,69,82,1.1951219512195121,0.05331250832765854,671,"I thought you said, ""10 Steed."""
1967,2219,2,11,64,77,1.1948051948051948,0.052415870290318925,671,The traffic isn’t that bad!
2010,2219,3,9,65,77,1.1948051948051948,0.05558045481956562,671,"I hate to tell you, but you forgot your lance."
1929,2219,1,13,63,77,1.1948051948051948,0.04904752754862677,671,This is New York...why would you only armor your head?
1924,2219,3,9,65,77,1.1948051948051948,0.05558045481956562,671,"I thought I was signing a contract with ""Under Armor""."
175,2219,3,9,65,77,1.1948051948051948,0.05558045481956562,671,They call me the Knight Rider.
1866,2219,2,11,64,77,1.1948051948051948,0.052415870290318925,671,It’s easier now without the lance
1861,2219,2,11,64,77,1.1948051948051948,0.052415870290318925,671,"I'm literally fighting traffic all the way to the office."""
1852,2219,5,5,67,77,1.1948051948051948,0.06142242226798165,671,What do you mean the joust has been called off? I was on my way there with my cheerleader!
1838,2219,3,9,65,77,1.1948051948051948,0.05558045481956562,671,I put it on and it felt joast about right.
1795,2219,3,9,65,77,1.1948051948051948,0.05558045481956562,671,"Don’t look at me, you’re the one who wanted to go antiquing!"
1749,2219,2,11,64,77,1.1948051948051948,0.052415870290318925,671,"If Floyd had been wearing this, he's still be alive."
1742,2219,3,9,65,77,1.1948051948051948,0.05558045481956562,671,"The last one says to the other "" Having helmet and safety clothes doesn't mean that you can do a phone call while you driving """
2066,2219,3,9,65,77,1.1948051948051948,0.05558045481956562,671,I told you that multi-tasking comes easy to me.
1738,2219,1,13,63,77,1.1948051948051948,0.04904752754862677,671,"Wow! Do you think you over did it just a little, for this years Ironman?"
1661,2219,3,9,65,77,1.1948051948051948,0.05558045481956562,671,... and so I became the Green Knight.
3244,2219,1,13,63,77,1.1948051948051948,0.04904752754862677,671,I thought it was the Tour de Medieval France
1555,2219,2,11,64,77,1.1948051948051948,0.052415870290318925,671,Ever since the doping scandal I've been going by Lancelot.
1465,2219,3,9,65,77,1.1948051948051948,0.05558045481956562,671,You need to go back.
1892,2219,2,11,64,77,1.1948051948051948,0.052415870290318925,671,Where's your lance?
2077,2219,2,11,64,77,1.1948051948051948,0.052415870290318925,671,"Hey, France! I just escape from the fire!"
2832,2219,1,13,63,77,1.1948051948051948,0.04904752754862677,671,"Times aren’t changing for all of us, Lisa. Not for all of us."
2136,2219,2,11,64,77,1.1948051948051948,0.052415870290318925,671,"Chivalry isn't dead, it's dehydrated."
3080,2219,3,9,65,77,1.1948051948051948,0.05558045481956562,671,There! That's much safer than that darn MAGA hat.
3069,2219,4,7,66,77,1.1948051948051948,0.05857431568194384,671,The bugs aren't biting!
3188,2219,2,11,64,77,1.1948051948051948,0.052415870290318925,671,I just can’t keep the sweat out of my eyes.
3024,2219,2,11,64,77,1.1948051948051948,0.052415870290318925,671,It’s throw-back day at the Tour de France
3023,2219,1,13,63,77,1.1948051948051948,0.04904752754862677,671,I need an ironclad  alibi for being late!
2962,2219,3,9,65,77,1.1948051948051948,0.05558045481956562,671,What exactly do you mean when you say you’re missing your lance a lot?
1435,2219,1,13,63,77,1.1948051948051948,0.04904752754862677,671,"Ironman irony, why?"
2826,2219,3,9,65,77,1.1948051948051948,0.05558045481956562,671,"Sure, I'll joust for you. But, does it HAVE to be a horse?"
2806,2219,1,13,63,77,1.1948051948051948,0.04904752754862677,671,"I’m running late, my link doth caught my chain."
2683,2219,2,11,64,77,1.1948051948051948,0.052415870290318925,671,It's my rusty steed
2680,2219,2,11,64,77,1.1948051948051948,0.052415870290318925,671,Just think of me as Lance-less Armstrong.
2668,2219,2,11,64,77,1.1948051948051948,0.052415870290318925,671,Sponsored by Over Armored.
2666,2219,1,13,63,77,1.1948051948051948,0.04904752754862677,671,"OK, I squeak a bit but you ought to see me tear down hills."
2616,2219,0,15,62,77,1.1948051948051948,0.04543012721724501,671,Hello? VR headset repair?
2436,2219,3,9,65,77,1.1948051948051948,0.05558045481956562,671,Wearing armor will not save you from being run over and showing how stupid you really are
2364,2219,3,9,65,77,1.1948051948051948,0.05558045481956562,671,My boyfriend didn't understand that the WD40 was not for the bike.
2181,2219,2,11,64,77,1.1948051948051948,0.052415870290318925,671,I know -- commuting by bike is great! I  just wish the Renaissance Fair had changing facilities.
2130,2219,3,9,65,77,1.1948051948051948,0.05558045481956562,671,"Seriously, you're willing to give up texting for the whole ride?"
1322,2219,2,11,64,77,1.1948051948051948,0.052415870290318925,671,I'm working my way back up to a horse.
3148,2219,1,13,63,77,1.1948051948051948,0.04904752754862677,671,“The environment. My horse only got nine leagues per pund.”
993,2219,3,9,65,77,1.1948051948051948,0.05558045481956562,671,There’s no jousting in this triathlon.
3724,2219,2,11,64,77,1.1948051948051948,0.052415870290318925,671,Actually it looked perfect online but for the photo they’d held up the visor with blu-tack.
3560,2219,0,15,62,77,1.1948051948051948,0.04543012721724501,671,"I thought the event was a ""knight ride"""
3532,2219,1,13,63,77,1.1948051948051948,0.04904752754862677,671,I wasn’t joking when I said armor up we’re going downhill
3528,2219,1,13,63,77,1.1948051948051948,0.04904752754862677,671,"I know it's a bit extreme, but my first bike helmet was a shower cap."
3473,2219,1,13,63,77,1.1948051948051948,0.04904752754862677,671,"Après moi, le déluge."
3446,2219,1,13,63,77,1.1948051948051948,0.04904752754862677,671,"Knight Rider,” I presume"
3348,2219,1,13,63,77,1.1948051948051948,0.04904752754862677,671,What’s your nom de plume?
3125,2219,0,15,62,77,1.1948051948051948,0.04543012721724501,671,My steed and I are having a domestic
4,2219,0,15,62,77,1.1948051948051948,0.04543012721724501,671,"Hey, do you have a bicycle mount that fits the lance I just ordered?"
1168,2219,3,9,65,77,1.1948051948051948,0.05558045481956562,671,"they say riding a bike in NYC is like going into battle, so I'm dressed for it."
115,2219,1,13,63,77,1.1948051948051948,0.04904752754862677,671,It's moisture-wicking chainmail.
3258,2219,2,11,64,77,1.1948051948051948,0.052415870290318925,671,It’s the LuLuLemon #metoo line.
200,2219,1,13,63,77,1.1948051948051948,0.04904752754862677,671,What are these cars of which you speak? It's the flaming arrows I'm protecting against.
3253,2219,2,11,64,77,1.1948051948051948,0.052415870290318925,671,no road rash for you.
86,2219,3,9,65,77,1.1948051948051948,0.05558045481956562,671,I'm your knight in shining UnderArmour.
315,2219,3,9,65,77,1.1948051948051948,0.05558045481956562,671,I guess I'm stuck in the middle ages when it comes to lycra shorts
976,2219,2,11,64,77,1.1948051948051948,0.052415870290318925,671,I’m not a big Under Armour fan.
920,2219,3,9,65,77,1.1948051948051948,0.05558045481956562,671,You think you look bad in a bike suit at the Renfaire?
220,2219,4,7,66,77,1.1948051948051948,0.05857431568194384,671,Only problem is that I cannot apply the brakes.
883,2219,3,9,65,77,1.1948051948051948,0.05558045481956562,671,I am sorry but they had only one women's suit of armor to use. Just be careful going downhill.
818,2219,4,7,66,77,1.1948051948051948,0.05857431568194384,671,I seem to have dropped my lance.
807,2219,0,15,62,77,1.1948051948051948,0.04543012721724501,671,"Wait, you mean I could have changed into my suit at work?"
608,2219,1,13,63,77,1.1948051948051948,0.04904752754862677,671,when is about security ... I go to the classic!
894,2219,4,7,66,77,1.1948051948051948,0.05857431568194384,671,"You need to be more clear next time you invite me for a 
N-I-G-H-T time ride."
605,2219,2,11,64,77,1.1948051948051948,0.052415870290318925,671,She said to be there at seven for Lobster Knight.
601,2219,2,11,64,77,1.1948051948051948,0.052415870290318925,671,"Funny, you don’t strike me as an iron man...!"
502,2219,1,13,63,77,1.1948051948051948,0.04904752754862677,671,If I hit my goal weight I’ll be able to get the armor off.
364,2219,0,15,62,77,1.1948051948051948,0.04543012721724501,671,"Terrible headwind, innit?"
348,2219,1,13,63,77,1.1948051948051948,0.04904752754862677,671,"I was too literal with the, “Suit up”  memo, wasn’t I?"
591,2291,2,13,73,88,1.1931818181818181,0.04810395218312092,671,"If it was good enough for Sir Lancelot, it's good enough for me."
1677,2292,3,9,66,78,1.1923076923076923,0.054920074241356344,671,You're too young to remember Knight Rider
2580,2292,0,15,63,78,1.1923076923076923,0.04491340062470325,671,I misread the IronMan Triathlon rules. The swim was even worse!
3032,2292,2,11,65,78,1.1923076923076923,0.05179975117387882,671,"Yes, iron supplements."
3602,2295,2,12,70,84,1.1904761904761905,0.049310188462709244,671,I said we would race at night.
2262,2295,3,10,71,84,1.1904761904761905,0.052137859745800555,671,My other steed is a horse.
1762,2297,1,13,65,79,1.1898734177215189,0.04792327717974913,671,She says she's not in distress.
3097,2297,1,13,65,79,1.1898734177215189,0.04792327717974913,671,"Safe passage assured, even without my lance."
3040,2297,2,11,66,79,1.1898734177215189,0.05119775815863595,671,"Road  warrior, my stead abandoned me."
615,2297,4,7,68,79,1.1898734177215189,0.05718697692758721,671,'The belt was good during the Middle Ages... Today you need the entire suit.'
2098,2297,3,9,67,79,1.1898734177215189,0.05427504385344412,671,So that's the outfit for your knight ride?
3327,2302,1,12,61,74,1.1891891891891893,0.04971475717491745,671,"No, I actually I didn't have time to get my brakes fixed. Why do you ask?"
2573,2302,3,8,63,74,1.1891891891891893,0.05667471724545397,671,"This wasn't what I had in mind when they asked if I was ready to ""ride into battle!"""
2553,2302,1,12,61,74,1.1891891891891893,0.04971475717491745,671,To a jousting tournament. Why do you ask?
2791,2302,3,8,63,74,1.1891891891891893,0.05667471724545397,671,I think the salesman meant Armorall clothing.
2488,2302,2,10,62,74,1.1891891891891893,0.05330844518372845,671,I must get this visor fixed - I thought it was knight time again
2379,2302,3,8,63,74,1.1891891891891893,0.05667471724545397,671,Talk about a race to the bottom.
2155,2302,3,8,63,74,1.1891891891891893,0.05667471724545397,671,They take safety and recycling seriously down at daddy's scrapyard.
2120,2302,3,8,63,74,1.1891891891891893,0.05667471724545397,671,I lost my horse in a joust!
2088,2302,1,12,61,74,1.1891891891891893,0.04971475717491745,671,Have you seen the movie Knight Rider?
2003,2302,4,6,64,74,1.1891891891891893,0.059851957543573565,671,"Is it me, or do you too get annoyed each time Bill DiBlasio goes to Iowa?"
1999,2302,2,10,62,74,1.1891891891891893,0.05330844518372845,671,Collided once with a group called “running with the bulls”. Not pretty. Ain’t happening again!
1938,2302,4,6,64,74,1.1891891891891893,0.059851957543573565,671,"Are you sure that this training will garner you a ""Knight in Shining Armor?"""
1774,2302,3,8,63,74,1.1891891891891893,0.05667471724545397,671,"Don't worry I've got this, I'm covered"""
1744,2302,0,14,60,74,1.1891891891891893,0.045840198887171404,671,Your last crash wasn't that bad.
2608,2302,3,8,63,74,1.1891891891891893,0.05667471724545397,671,I said ‘Night school’ you ninny.
2848,2302,2,10,62,74,1.1891891891891893,0.05330844518372845,671,"Look, I know I’ve got a gear loose."
3176,2302,3,8,63,74,1.1891891891891893,0.05667471724545397,671,In my time your helmet would considered extremely dorky.
2883,2302,2,10,62,74,1.1891891891891893,0.05330844518372845,671,"If you don't look where you're going, you will be one big pile of scrap metal."
2948,2302,3,8,63,74,1.1891891891891893,0.05667471724545397,671,It's just a precaution. The lance corporal I broke up with didn't take it well.
3058,2302,1,12,61,74,1.1891891891891893,0.04971475717491745,671,My criteria for eco-friendly bike gear: second hand and no plastics!
3212,2302,2,10,62,74,1.1891891891891893,0.05330844518372845,671,"I told you, a tin hat would be enough . . ."
3608,2302,3,8,63,74,1.1891891891891893,0.05667471724545397,671,With my knight visor helmet and metal to the pedal I could go for hours.
3628,2302,2,10,62,74,1.1891891891891893,0.05330844518372845,671,I can't believe some riders feel safe with only a helmet.
3667,2302,4,6,64,74,1.1891891891891893,0.059851957543573565,671,I've outgrown just knee pads.
1654,2302,0,14,60,74,1.1891891891891893,0.045840198887171404,671,The clanking eliminates the need for a bell.
3678,2302,2,10,62,74,1.1891891891891893,0.05330844518372845,671,You said be ready to attack the course
3569,2302,2,10,62,74,1.1891891891891893,0.05330844518372845,671,"Yeah, it's weird, but it's the only way Mom will let me ride through city traffic."
3431,2302,1,12,61,74,1.1891891891891893,0.04971475717491745,671,"I know Ira, but I fell in love with the helmet!"
3257,2302,3,8,63,74,1.1891891891891893,0.05667471724545397,671,It's 14th century CE somewhere.
3291,2302,2,10,62,74,1.1891891891891893,0.05330844518372845,671,Cars.
3346,2302,0,14,60,74,1.1891891891891893,0.045840198887171404,671,"The black was more slimming, but this heat is killing me."
2855,2302,0,14,60,74,1.1891891891891893,0.045840198887171404,671,"Heavy fog on approach, Laguardia. Transition to IFR now."
1640,2302,1,12,61,74,1.1891891891891893,0.04971475717491745,671,It's just not a good century for you. You're more 17th.
726,2302,1,12,61,74,1.1891891891891893,0.04971475717491745,671,The rental place was all out of armored cars.
1535,2302,2,10,62,74,1.1891891891891893,0.05330844518372845,671,"Beach body? No, I'm working on my Breach body."
46,2302,3,8,63,74,1.1891891891891893,0.05667471724545397,671,"Huh, no horses in the city?"
170,2302,4,6,64,74,1.1891891891891893,0.059851957543573565,671,He doesn't use a condom.
273,2302,1,12,61,74,1.1891891891891893,0.04971475717491745,671,This actually isn't any safer I am just training for the jousting tournament
442,2302,1,12,61,74,1.1891891891891893,0.04971475717491745,671,I got tired of under armour
448,2302,4,6,64,74,1.1891891891891893,0.059851957543573565,671,"When they banned plastic bags, picking up poop was no longer an option."
637,2302,1,12,61,74,1.1891891891891893,0.04971475717491745,671,City Steeds we’re all checked out...
656,2302,4,6,64,74,1.1891891891891893,0.059851957543573565,671,That helmet makes you invisible.
664,2302,2,10,62,74,1.1891891891891893,0.05330844518372845,671,"Hey, didn't Trump say ""Good Knight Tweet Sprints""?"
77,2302,1,12,61,74,1.1891891891891893,0.04971475717491745,671,"Oh, yes, I go cycling Knight and Day!"
986,2302,2,10,62,74,1.1891891891891893,0.05330844518372845,671,"Lucy, medieval warfare is great cardio"""
999,2302,3,8,63,74,1.1891891891891893,0.05667471724545397,671,This isn’t the European bike safety measure I had in mind.
1021,2302,1,12,61,74,1.1891891891891893,0.04971475717491745,671,I should have oiled myself before riding.
1171,2302,2,10,62,74,1.1891891891891893,0.05330844518372845,671,I always liked Lance a lot.
1383,2302,3,8,63,74,1.1891891891891893,0.05667471724545397,671,911? I'm being body-shamed by a non-gamer.
1520,2302,1,12,61,74,1.1891891891891893,0.04971475717491745,671,This next gen biking outfit protects against road rash
748,2302,3,8,63,74,1.1891891891891893,0.05667471724545397,671,So how long will your horse be in the shop?
2651,2353,2,13,76,91,1.1868131868131868,0.046651195530939105,671,My white horse moved to the burbs.
561,2353,2,13,76,91,1.1868131868131868,0.046651195530939105,671,When I flip the visor I get my Peloton workout.
603,2353,3,11,77,91,1.1868131868131868,0.04919892568609763,671,"I am Knight Nite in shining armor looking for Damn Selly in distress, might that be you ?"
1904,2356,2,10,63,75,1.1866666666666668,0.05265332251978381,671,Artist’s impression of the Battle of Tours (de France)
3137,2357,0,16,71,87,1.1839080459770115,0.04177540678018991,671,The party's theme is Hasselhoff TV shows.
537,2358,0,15,67,82,1.1829268292682926,0.04295628044484378,671,This is the latest weaponized safety gear.
546,2359,2,10,65,77,1.1818181818181819,0.05138968544451671,671,"No, I don’t work for Knight Rider. Why do you ask?"
1573,2359,2,10,65,77,1.1818181818181819,0.05138968544451671,671,You told me you wanted to go for a 'knight' ride.
3033,2359,1,12,64,77,1.1818181818181819,0.0479493093842668,671,Night guys finish last.
2759,2362,0,15,68,83,1.180722891566265,0.04249277241702737,671,I said watch out for the speed trap ahead.
2268,2363,1,11,60,72,1.1805555555555556,0.04975050777451365,671,"Thanks...It was a real ""steel"" at that  vintage shop downtown."
2213,2363,1,11,60,72,1.1805555555555556,0.04975050777451365,671,"Yes, me lady, I’m on my way to the store right now"
2205,2363,2,9,61,72,1.1805555555555556,0.05353829779280629,671,I'm trying to make the whole duel experience more green and animal friendly.
2184,2363,2,9,61,72,1.1805555555555556,0.05353829779280629,671,It was on sale
2143,2363,3,7,62,72,1.1805555555555556,0.057075262919065665,671,"Praytell, Ma'am - Which way to San Diego Comic Con?"
2127,2363,3,7,62,72,1.1805555555555556,0.057075262919065665,671,"Hey, nice knightcycle!"
2092,2363,1,11,60,72,1.1805555555555556,0.04975050777451365,671,"Tom, I said wear something from UNDER ARMOUR!"
2313,2363,2,9,61,72,1.1805555555555556,0.05353829779280629,671,I can’t believe you don’t get it. I’m Sir ‘Lance-alot.
2017,2363,2,9,61,72,1.1805555555555556,0.05353829779280629,671,I'm embracing aerodynamics!
2275,2363,2,9,61,72,1.1805555555555556,0.05353829779280629,671,I don't think that kind of 'chain mail' is going to help!
2225,2363,1,11,60,72,1.1805555555555556,0.04975050777451365,671,"When I said it was bike night, that is not what I meant!"
2294,2363,1,11,60,72,1.1805555555555556,0.04975050777451365,671,I'm a mail order bride.
1771,2363,1,11,60,72,1.1805555555555556,0.04975050777451365,671,"""Didn't they say it was an '""Ironman"" triathlon?"""
1945,2363,1,11,60,72,1.1805555555555556,0.04975050777451365,671,"Yes, but it’s great going downhill."
1935,2363,2,9,61,72,1.1805555555555556,0.05353829779280629,671,This is not what i meant by night riding.
1910,2363,3,7,62,72,1.1805555555555556,0.057075262919065665,671,"Hello SPCA. Please post: Lost or Stolen. My Trusty Steed. Bountiful Reward!""
Gaye Fontoura,  Ossining, NY"
1879,2363,0,13,59,72,1.1805555555555556,0.045649498541524836,671,"Pardon me, I'm a little rusty with a bike."
1874,2363,2,9,61,72,1.1805555555555556,0.05353829779280629,671,The armor was a gift from my mother.
2316,2363,1,11,60,72,1.1805555555555556,0.04975050777451365,671,Very retro.  Is it wicking?
1723,2363,1,11,60,72,1.1805555555555556,0.04975050777451365,671,"Oh no, I have a slipped chainmail again!"
1676,2363,5,3,64,72,1.1805555555555556,0.06356145255372159,671,Where's my lance? I knew I'd forgotten something.
1675,2363,1,11,60,72,1.1805555555555556,0.04975050777451365,671,I doubt DeBlasio will go for jousting in the bike lanes.  But he might like it for his press conferences.
1650,2363,1,11,60,72,1.1805555555555556,0.04975050777451365,671,I'm training for the tour de Camelot.
1556,2363,2,9,61,72,1.1805555555555556,0.05353829779280629,671,I’m not sure about this trusty six-speed.
1963,2363,2,9,61,72,1.1805555555555556,0.05353829779280629,671,And then they said - you don’t take a horse to a joust fight.”
2505,2363,2,9,61,72,1.1805555555555556,0.05353829779280629,671,I’ll bet it helps with chafing let alone an errant sword attack
3078,2363,2,9,61,72,1.1805555555555556,0.05353829779280629,671,"You know, we could have taken the rail trail."
2520,2363,2,9,61,72,1.1805555555555556,0.05353829779280629,671,It isn’t everyday you get to meet a ride in shining armour.”
3746,2363,1,11,60,72,1.1805555555555556,0.04975050777451365,671,Can’t wait for the swimming portion.
3709,2363,1,11,60,72,1.1805555555555556,0.04975050777451365,671,"You're my Knight in Shining Armor??
Figures!"
3670,2363,3,7,62,72,1.1805555555555556,0.057075262919065665,671,On thy lift!
3657,2363,4,5,63,72,1.1805555555555556,0.06040547942041133,671,"Hey, it beats flossing my bridge work after every bike ride."
3581,2363,2,9,61,72,1.1805555555555556,0.05353829779280629,671,You lance?!
3552,2363,0,13,59,72,1.1805555555555556,0.045649498541524836,671,They replaced my stables with a Citibike rack
3551,2363,2,9,61,72,1.1805555555555556,0.05353829779280629,671,I don't know either. Last thing I remember is a lance to the head...
3534,2363,0,13,59,72,1.1805555555555556,0.045649498541524836,671,"Hello, Mom? She said 'gantlet,' but I went with 'gauntlet.' And now she's called the whole thing off!"
3523,2363,1,11,60,72,1.1805555555555556,0.04975050777451365,671,"For my own safety, I decided to enter the Bronx Age."
3412,2363,2,9,61,72,1.1805555555555556,0.05353829779280629,671,Isn't body armor chic the market we're chasing?
3395,2363,2,9,61,72,1.1805555555555556,0.05353829779280629,671,"My misunderstanding, but honestly, Susan, who goes for a 'night ride' through the park?!"
3267,2363,4,5,63,72,1.1805555555555556,0.06040547942041133,671,I should have bought the Tony Stark bike gear....
3221,2363,1,11,60,72,1.1805555555555556,0.04975050777451365,671,"I know our roads need work, but really?"
1540,2363,1,11,60,72,1.1805555555555556,0.04975050777451365,671,"Cycling's my THIRD love. Second? Jousting.Of course, my first love is the stage. Why do you ask?"
3061,2363,1,11,60,72,1.1805555555555556,0.04975050777451365,671,Did a big bay gelding just pass you?
3047,2363,0,13,59,72,1.1805555555555556,0.045649498541524836,671,I see how the k typo in knight race might have been misleading.
2954,2363,1,11,60,72,1.1805555555555556,0.04975050777451365,671,My other body parts need protection too
2857,2363,1,11,60,72,1.1805555555555556,0.04975050777451365,671,You can't let allergies run your life.
2793,2363,1,11,60,72,1.1805555555555556,0.04975050777451365,671,I got the homophone wrong when they said it would be a Summer Night ride.
2790,2363,0,13,59,72,1.1805555555555556,0.045649498541524836,671,"Yeah, sure it's heavy but it got a 5 star safety rating."
2780,2363,4,5,63,72,1.1805555555555556,0.06040547942041133,671,What happened to your horse and pigeon?
2747,2363,1,11,60,72,1.1805555555555556,0.04975050777451365,671,"Gosh, the smog seems really bad tonight."
2662,2363,0,13,59,72,1.1805555555555556,0.045649498541524836,671,It's a rider to my policy
2598,2363,2,9,61,72,1.1805555555555556,0.05353829779280629,671,...new in town?
2577,2363,1,11,60,72,1.1805555555555556,0.04975050777451365,671,"Yes, Laura, I do get hot, but it is the only way I can get reception on this deserted road."
2518,2363,1,11,60,72,1.1805555555555556,0.04975050777451365,671,"Last weekend, it was the World Naked Bike Ride."
1517,2363,2,9,61,72,1.1805555555555556,0.05353829779280629,671,"Well, you remember what happened to Bono!"
2709,2363,4,5,63,72,1.1805555555555556,0.06040547942041133,671,That's not what I meant when I said you should start rocking Under Armour.
1437,2363,0,13,59,72,1.1805555555555556,0.045649498541524836,671,Have any motorists caused you distress?
420,2363,2,9,61,72,1.1805555555555556,0.05353829779280629,671,I said let’s go for a “night ride.”
419,2363,0,13,59,72,1.1805555555555556,0.045649498541524836,671,I'm getting ready for the Ironman Triathlon.
376,2363,1,11,60,72,1.1805555555555556,0.04975050777451365,671,A lighter bike would solve everything.
336,2363,3,7,62,72,1.1805555555555556,0.057075262919065665,671,i Just love a good Knight ride
304,2363,1,11,60,72,1.1805555555555556,0.04975050777451365,671,I’ve given up multitasking.
277,2363,1,11,60,72,1.1805555555555556,0.04975050777451365,671,When your crush is more interested in the city he has lived in for years than on your date.
254,2363,2,9,61,72,1.1805555555555556,0.05353829779280629,671,"The city is giving out full sets of plate mail to cyclists this weekend. See, the idea is that trucks drivers recall the medieval institution of knighthood chivalry and are thereby inspired to consider not running me over."
246,2363,2,9,61,72,1.1805555555555556,0.05353829779280629,671,Below 52st it's helmet plus armor only.
1512,2363,3,7,62,72,1.1805555555555556,0.057075262919065665,671,"No, I’m afraid you’ve reached a different Knight Rider."
228,2363,3,7,62,72,1.1805555555555556,0.057075262919065665,671,I act like I own the road so why not dress like it also.
219,2363,3,7,62,72,1.1805555555555556,0.057075262919065665,671,What has happened to this horse?
210,2363,2,9,61,72,1.1805555555555556,0.05353829779280629,671,I thought you said...”Meet me at 8:00 pm for a little night ride”
188,2363,2,9,61,72,1.1805555555555556,0.05353829779280629,671,"Back in the day, you only wore chainmail."
187,2363,0,13,59,72,1.1805555555555556,0.045649498541524836,671,The tour company said to dress for a night ride.
113,2363,1,11,60,72,1.1805555555555556,0.04975050777451365,671,I misread the flyer when it said 10K Night Bike Race
110,2363,1,11,60,72,1.1805555555555556,0.04975050777451365,671,The ride was just OK. I'm a little rusty.
69,2363,0,13,59,72,1.1805555555555556,0.045649498541524836,671,This is a lot easier without my lance
52,2363,0,13,59,72,1.1805555555555556,0.045649498541524836,671,"Hello, Lost Dragon Hotline."
15,2363,0,13,59,72,1.1805555555555556,0.045649498541524836,671,My high-vis outfit wasn’t doing the trick.
484,2363,1,11,60,72,1.1805555555555556,0.04975050777451365,671,"Well, what it lacks in fashion it makes up for as a bug-screen!"
496,2363,1,11,60,72,1.1805555555555556,0.04975050777451365,671,"If you really want to be my knight in shining armor, you’ll call Uber next time !"
322,2363,2,9,61,72,1.1805555555555556,0.05353829779280629,671,"I clearly said trusty dun steed, not rusty one speed."
674,2363,2,9,61,72,1.1805555555555556,0.05353829779280629,671,All the City Steeds were being used...
1265,2363,3,7,62,72,1.1805555555555556,0.057075262919065665,671,- Morning ma'am.
1233,2363,1,11,60,72,1.1805555555555556,0.04975050777451365,671,"I don't get this. I'm the rider, but also the horse."
1176,2363,4,5,63,72,1.1805555555555556,0.06040547942041133,671,This will keep me from being sexually assaulted.
1170,2363,3,7,62,72,1.1805555555555556,0.057075262919065665,671,I love David Hasselhoff but I can't afford a car.
1276,2363,3,7,62,72,1.1805555555555556,0.057075262919065665,671,The higher-SPF creams give me a rash.
1298,2363,0,13,59,72,1.1805555555555556,0.045649498541524836,671,My other bike is a charger stallion.
1117,2363,1,11,60,72,1.1805555555555556,0.04975050777451365,671,Got this from Under Armour but visor design needs work.
1091,2363,3,7,62,72,1.1805555555555556,0.057075262919065665,671,You just squeaked by!
994,2363,2,9,61,72,1.1805555555555556,0.05353829779280629,671,"No Mom,  I’ve taken every precaution. I wouldn’t do anything to jeopardize my health"
979,2363,1,11,60,72,1.1805555555555556,0.04975050777451365,671,They said if I don't pass it on I'll have bad luck for seven years.
1325,2363,1,11,60,72,1.1805555555555556,0.04975050777451365,671,Crap!!!   Just realized I left my jousting stick at home!
877,2363,1,11,60,72,1.1805555555555556,0.04975050777451365,671,"On these streets, I never thought wearing just a helmet was enough protection"
795,2363,1,11,60,72,1.1805555555555556,0.04975050777451365,671,Was that with a kn or an n?
714,2363,0,13,59,72,1.1805555555555556,0.045649498541524836,671,I feel that you and I are living in a different era.
1412,2363,0,13,59,72,1.1805555555555556,0.045649498541524836,671,I grew up watching Knight Rider.
689,2363,3,7,62,72,1.1805555555555556,0.057075262919065665,671,"The other day, I read a book on effectively protecting ourselves from pollution, the aftermath of a nuclear war and best of all, politicians."
585,2363,3,7,62,72,1.1805555555555556,0.057075262919065665,671,"I told you they said to wear Under Armour when exercising, but you never listen to me."
1268,2363,2,9,61,72,1.1805555555555556,0.05353829779280629,671,"I told them ""my kingdom for a horse"" but my fitbit intervened."
1644,2461,3,7,63,73,1.178082191780822,0.05634229533905509,671,It's a metaphor. I did it for you.
1293,2461,1,11,61,73,1.178082191780822,0.0491265634505708,671,It protects against brain tumors.
1232,2461,1,11,61,73,1.178082191780822,0.0491265634505708,671,Yeah Yeah. I am late for the work!
543,2461,0,13,60,73,1.178082191780822,0.045087711548245424,671,My horse went on strike until I lose a few.
508,2461,2,9,62,73,1.178082191780822,0.052857702752466776,671,What can I say? It was a good marked down price at the thrift store after Halloween!
495,2461,1,11,61,73,1.178082191780822,0.0491265634505708,671,I was told it was all downhill from the Middle Ages
1767,2461,3,7,63,73,1.178082191780822,0.05634229533905509,671,Thou too?
2051,2461,1,11,61,73,1.178082191780822,0.0491265634505708,671,"Ya great protection, but sunny days suck."
2649,2461,2,9,62,73,1.178082191780822,0.052857702752466776,671,"Yeah, but it’s the jousting that’s the hardest part."
2449,2461,1,11,61,73,1.178082191780822,0.0491265634505708,671,I guess I misread the flyer for this Under Armour fun ride.
2519,2461,0,13,60,73,1.178082191780822,0.045087711548245424,671,Obviously you just moved here!
2634,2461,2,9,62,73,1.178082191780822,0.052857702752466776,671,That's the thing with upselling.
3340,2461,0,13,60,73,1.178082191780822,0.045087711548245424,671,"It's great for losing weight, but it's a lot of work keeping ahead of the rust inside."
3187,2461,1,11,61,73,1.178082191780822,0.0491265634505708,671,I'm training for the 'Tour de Gaul.'
483,2461,1,11,61,73,1.178082191780822,0.0491265634505708,671,"My dad, the insurance actuary, demands it. lucky me."
2757,2461,1,11,61,73,1.178082191780822,0.0491265634505708,671,"Prithee, hast thou seen a green bike?"
2958,2461,1,11,61,73,1.178082191780822,0.0491265634505708,671,You bring new meaning to being passed.
2151,2461,3,7,63,73,1.178082191780822,0.05634229533905509,671,Where are your lights?
231,2461,1,11,61,73,1.178082191780822,0.0491265634505708,671,"In a hurry, I forgot I’m working the knight shift"
2729,2461,0,13,60,73,1.178082191780822,0.045087711548245424,671,"Yes, jousting is a bit more difficult."
141,2461,1,11,61,73,1.178082191780822,0.0491265634505708,671,"Say what you want, but this is a lot faster than a carriage horse."
2640,2482,1,12,66,79,1.1772151898734178,0.04683939034393648,671,It also protects against the glass ceiling
1737,2482,4,6,69,79,1.1772151898734178,0.05628177611146416,671,Be sure to read the fine print in your pet insurance contract.
1715,2482,1,12,66,79,1.1772151898734178,0.04683939034393648,671,"If anybody asks, just say it's chivalrous spirit."
1788,2485,0,13,61,74,1.1756756756756757,0.04453930581352026,671,"Hey, don't talk to me about ridiculous outfits."
2775,2485,1,11,62,74,1.1756756756756757,0.0485178627857396,671,Can't talk right now - I'm on a crusade to bang my new girlfriend!
3012,2485,1,11,62,74,1.1756756756756757,0.0485178627857396,671,"Oh, he's in contest #668? Thank goodness, I've been looking all over for him."
1490,2485,1,11,62,74,1.1756756756756757,0.0485178627857396,671,Baywatch was ok but I think I do my best work as Night Rider.
1634,2485,1,11,62,74,1.1756756756756757,0.0485178627857396,671,"Can't tell if it's the steroids or hemorrhoids, but something's changed!"
2764,2490,1,10,58,69,1.173913043478261,0.050388608077731906,671,I don't want to be just a head in a jar.
2675,2490,1,10,58,69,1.173913043478261,0.050388608077731906,671,What Renaissance Festival?
2669,2490,2,8,59,69,1.173913043478261,0.054454286181317355,671,I prefer riding in the knight time.
2596,2490,2,8,59,69,1.173913043478261,0.054454286181317355,671,But what does the sub-squad do?
2546,2490,1,10,58,69,1.173913043478261,0.050388608077731906,671,"Joan, coming out is more normal than being a knight in armor cycling into battle."
2544,2490,3,6,60,69,1.173913043478261,0.0582368160446839,671,Lowering the face guard might benefit both of us.
2218,2490,2,8,59,69,1.173913043478261,0.054454286181317355,671,I don't think this reboot of Knight Rider is gonna work out.
2079,2490,2,8,59,69,1.173913043478261,0.054454286181317355,671,This is what I call a nightmare ride!
2138,2490,2,8,59,69,1.173913043478261,0.054454286181317355,671,But they said there is a three dollar an hour bump for the (k)night shift!
2766,2490,2,8,59,69,1.173913043478261,0.054454286181317355,671,I thought RAGBRAI was some sort of Viking invasion.
2072,2490,0,12,57,69,1.173913043478261,0.045964707814863004,671,"I know it squeaks, but I maxed-out my Amazon account and couldn't order the visor lube."
1953,2490,2,8,59,69,1.173913043478261,0.054454286181317355,671,Extra weight for the downhill is not fair!
1909,2490,0,12,57,69,1.173913043478261,0.045964707814863004,671,My horse is lame today.
1806,2490,1,10,58,69,1.173913043478261,0.050388608077731906,671,I left my trusty steed in the 12th Century”
1801,2490,1,10,58,69,1.173913043478261,0.050388608077731906,671,Knight riding under the stars
1789,2490,0,12,57,69,1.173913043478261,0.045964707814863004,671,"We can’t make it for dinner later…she says she wants a night in, shining armor."
2207,2490,0,12,57,69,1.173913043478261,0.045964707814863004,671,Facial recognition software drives me nuts.
2772,2490,1,10,58,69,1.173913043478261,0.050388608077731906,671,"My horse is off today, enjoying his 4-day work week."
2988,2490,2,8,59,69,1.173913043478261,0.054454286181317355,671,Out for a little knight riding?
2866,2490,1,10,58,69,1.173913043478261,0.050388608077731906,671,I've heard that medieval armor is the next best thing to air bags in your car!
3742,2490,3,6,60,69,1.173913043478261,0.0582368160446839,671,On your right. And do you know where I can buy a turkey leg drumstick?
3689,2490,2,8,59,69,1.173913043478261,0.054454286181317355,671,She’s already started on the Tin Man  jokes... now what?
3685,2490,1,10,58,69,1.173913043478261,0.050388608077731906,671,And yet I'm still getting catcalled.
3682,2490,0,12,57,69,1.173913043478261,0.045964707814863004,671,I’m prepared should I fall from my trusty steed.
3590,2490,1,10,58,69,1.173913043478261,0.050388608077731906,671,My trusty steed's in the shoppe.
3589,2490,2,8,59,69,1.173913043478261,0.054454286181317355,671,The guy at the bike store said to wear a helmet
3489,2490,2,8,59,69,1.173913043478261,0.054454286181317355,671,"Okay, I agree with you. The whole suit of armour probably wasn't necessary"
3462,2490,1,10,58,69,1.173913043478261,0.050388608077731906,671,"I love your parents, but I’m not willing to go through airport security again."
2801,2490,0,12,57,69,1.173913043478261,0.045964707814863004,671,"I think I need to take it in for a lube job, along with my bike."
3288,2490,3,6,60,69,1.173913043478261,0.0582368160446839,671,"I know by all outward appearances that my safety suit looks confining. But in reality, the bells of freedom are ringing loud and clear in this new crotchless version."
3263,2490,2,8,59,69,1.173913043478261,0.054454286181317355,671,Skid Road is the next exit.
3203,2490,0,12,57,69,1.173913043478261,0.045964707814863004,671,You know you should carry a water bottle on your bike. These rides can really work up a sweat.
3127,2490,2,8,59,69,1.173913043478261,0.054454286181317355,671,Reception's still bad.  Maybe I should try the tin hat again.
3108,2490,2,8,59,69,1.173913043478261,0.054454286181317355,671,"... the difference is ""Back To The Future"" was just a movie AND they used a car!!"
3104,2490,1,10,58,69,1.173913043478261,0.050388608077731906,671,Portland is so different.
3044,2490,2,8,59,69,1.173913043478261,0.054454286181317355,671,"80s Nostalgia is in, but a Knight Ride May have been too much"
1779,2490,1,10,58,69,1.173913043478261,0.050388608077731906,671,It's bike to work day.
2979,2490,1,10,58,69,1.173913043478261,0.050388608077731906,671,Which way to the jousting competition?
3276,2490,1,10,58,69,1.173913043478261,0.050388608077731906,671,I'm returning the free suit that came with the helmet.
1716,2490,0,12,57,69,1.173913043478261,0.045964707814863004,671,Not exactly what I expected when you said wanna go for a night ride??
1564,2490,1,10,58,69,1.173913043478261,0.050388608077731906,671,I forgot my helmet!
1691,2490,2,8,59,69,1.173913043478261,0.054454286181317355,671,"My trainer may have some out dated techniques, but now I have legs of steel."
21,2490,2,8,59,69,1.173913043478261,0.054454286181317355,671,Me horse's saddle feels worse on me 'bum than usual!
34,2490,1,10,58,69,1.173913043478261,0.050388608077731906,671,The Lady of the Lake was out of swords
114,2490,3,6,60,69,1.173913043478261,0.0582368160446839,671,I have a handicap. My rear tire is deflated and so am I.
125,2490,3,6,60,69,1.173913043478261,0.0582368160446839,671,"Sorry, you’re looking for a different knight rider."
171,2490,3,6,60,69,1.173913043478261,0.0582368160446839,671,I've just been sponsored by Over Armour.
224,2490,2,8,59,69,1.173913043478261,0.054454286181317355,671,That rain shower was worse than I expected !  My  hand is stuck !
1695,2490,2,8,59,69,1.173913043478261,0.054454286181317355,671,"...and so the kid goes, ""Like, what chair, man""?"
405,2490,4,4,61,69,1.173913043478261,0.061788220580689106,671,"Ye,can't be to safe."
588,2490,1,10,58,69,1.173913043478261,0.050388608077731906,671,I foresee dented taxi bumpers and flats!
630,2490,1,10,58,69,1.173913043478261,0.050388608077731906,671,It’s the closest I could get to jousting.
645,2490,1,10,58,69,1.173913043478261,0.050388608077731906,671,How was I supposed to know her father was general manager at Medieval Times?
686,2490,1,10,58,69,1.173913043478261,0.050388608077731906,671,"Mom, I've already found a use for my degree in medieval history."
739,2490,0,12,57,69,1.173913043478261,0.045964707814863004,671,"I'm sorry, okay.  I'm still stuck on outmoded ideas of courtly love. I thought you might like it."
325,2490,1,10,58,69,1.173913043478261,0.050388608077731906,671,She didn't believe that I worked at Medieval Times--had to prove it somehow!
898,2490,2,8,59,69,1.173913043478261,0.054454286181317355,671,Team Exxon: Rejects climate change and aerodynamics but pays females equal.
848,2490,1,10,58,69,1.173913043478261,0.050388608077731906,671,After you -- chivalry's not dead!
1600,2490,4,4,61,69,1.173913043478261,0.061788220580689106,671,"Can't talk, Cathy. I'm late for a bike joust."
1541,2490,1,10,58,69,1.173913043478261,0.050388608077731906,671,It's faster than riding horseback but the rest stops are hell.
1529,2490,3,6,60,69,1.173913043478261,0.0582368160446839,671,"Since motorists have gotten worse, I need all the protection I can get."
1433,2490,1,10,58,69,1.173913043478261,0.050388608077731906,671,"No, it’s ArmORstrong. But I get that a lot."
1376,2490,2,8,59,69,1.173913043478261,0.054454286181317355,671,I hate these new machines you people call cars. In my days...
1439,2490,1,10,58,69,1.173913043478261,0.050388608077731906,671,"I figured lances, car doors; they're about the same hazzards."
1199,2490,2,8,59,69,1.173913043478261,0.054454286181317355,671,She said she was looking forward to entering her middle ages.
1094,2490,1,10,58,69,1.173913043478261,0.050388608077731906,671,My lance is where?
1006,2490,3,6,60,69,1.173913043478261,0.0582368160446839,671,I'm ahead by a whole bike length
912,2490,1,10,58,69,1.173913043478261,0.050388608077731906,671,"But now, I'm way past the Paleo thing."
1247,2490,2,8,59,69,1.173913043478261,0.054454286181317355,671,It looks better than training wheels.
2787,2559,1,10,59,70,1.1714285714285715,0.0497256596779289,671,Buy new pants?? I could have sworn you said you wanted to try my new lance!
3565,2559,3,6,61,70,1.1714285714285715,0.057452576794271674,671,Tell your manager that the armor is NOT bike friendly.
2902,2559,0,12,58,70,1.1714285714285715,0.04537138476459545,671,I warned you - it's all downhill from here!!
1390,2559,2,8,60,70,1.1714285714285715,0.05372820400267856,671,"Hey, I'm calling you; why aren't you answering your phone?"
2809,2559,3,6,61,70,1.1714285714285715,0.057452576794271674,671,What the fuck is wrong with you?
2716,2559,2,8,60,70,1.1714285714285715,0.05372820400267856,671,...and insects are a REAL bitch!
2025,2559,2,8,60,70,1.1714285714285715,0.05372820400267856,671,My chain mail needs oiling!
1538,2559,0,12,58,70,1.1714285714285715,0.04537138476459545,671,The potholes around here aren't THAT bad!
2016,2559,1,10,59,70,1.1714285714285715,0.0497256596779289,671,"Any interest in joining our group, Knights of the Round Wheel?"
710,2559,2,8,60,70,1.1714285714285715,0.05372820400267856,671,It just doesn't seem fair when the other knights use 4 wheeled mounts.
2372,2559,2,8,60,70,1.1714285714285715,0.05372820400267856,671,I'm checking with OnStar now as to our whereabouts!
2059,2559,2,8,60,70,1.1714285714285715,0.05372820400267856,671,I guess I'm just looking to protect a broader range of body parts?
1364,2559,0,12,58,70,1.1714285714285715,0.04537138476459545,671,"No, Lois, it’s only an 8 speed."
2570,2559,3,6,61,70,1.1714285714285715,0.057452576794271674,671,Just some protection in case I run over any BABs.
560,2559,3,6,61,70,1.1714285714285715,0.057452576794271674,671,"I dropped my damned lance, that's what!!"
2021,2559,1,10,59,70,1.1714285714285715,0.0497256596779289,671,I’m looking for my Lance!
154,2559,1,10,59,70,1.1714285714285715,0.0497256596779289,671,"Your Highness, I really shouldn't protect and text."
327,2559,3,6,61,70,1.1714285714285715,0.057452576794271674,671,I haven't rode one of these in ages.
740,2577,2,8,61,71,1.1690140845070423,0.05302106749939831,671,I thought I asked you to bring Lance
202,2578,2,9,66,77,1.1688311688311688,0.05029848501568073,671,I use it to shield my tiny left leg.
1151,2579,0,12,60,72,1.1666666666666667,0.04422874103618961,671,I was told that Armor All  makes the wheels go faster
690,2579,1,10,61,72,1.1666666666666667,0.048450158311150925,671,"I know, I know. I should've encrypted those damn diplomatic messages."
2870,2579,1,10,61,72,1.1666666666666667,0.048450158311150925,671,Quit taking your half out of the medieval.
2490,2579,1,10,61,72,1.1666666666666667,0.048450158311150925,671,What do you mean what am I wearing?
2190,2583,1,11,67,79,1.1645569620253164,0.04568487714355834,671,"Actually, it's to keep the maidens at bay.  I'm gay."
397,2584,2,8,63,73,1.1643835616438356,0.051660769401756894,671,"I feel safer, but if the urge to go comes, I may regret this."
3571,2584,3,6,64,73,1.1643835616438356,0.05522094348149691,671,"Excuse me, you just missed the off-ramp to the castle."
2495,2586,1,9,57,67,1.164179104477612,0.05031342257188375,671,My lady decreed I should exercise more.
2509,2586,3,5,59,67,1.164179104477612,0.058617476571788,671,"Ask Alexa which way we turn.""
John Kavanagh--Bellaire, M"
2450,2586,1,9,57,67,1.164179104477612,0.05031342257188375,671,Since when did Superheroes bike to work?
2511,2586,0,11,56,67,1.164179104477612,0.04559776810901335,671,"Oh, this old thing?"
2513,2586,1,9,57,67,1.164179104477612,0.05031342257188375,671,He's a grabber and his name is Lance!
2429,2586,1,9,57,67,1.164179104477612,0.05031342257188375,671,"Yeah, I'm still working on the flying thing."
2541,2586,1,9,57,67,1.164179104477612,0.05031342257188375,671,"I actually find this helmet to be much more aerodynamic, and it even matches my suit!"
2587,2586,2,7,58,67,1.164179104477612,0.054623479615184975,671,"Yeah, White Castle is on Seamless now."
2566,2586,2,7,58,67,1.164179104477612,0.054623479615184975,671,The peloton is two stories back.
2412,2586,3,5,59,67,1.164179104477612,0.058617476571788,671,I'm prepared for Manhattan.
2597,2586,2,7,58,67,1.164179104477612,0.054623479615184975,671,Manhattan Grub Hub training?
2606,2586,4,3,60,67,1.164179104477612,0.06235617526771267,671,Doth thee befall to knoweth wh're the nearest Chipotle is?
2630,2586,2,7,58,67,1.164179104477612,0.054623479615184975,671,Can’t talk. I’m on a roll!
2744,2586,2,7,58,67,1.164179104477612,0.054623479615184975,671,Do you feel safe wearing just that little mini helmet?
2549,2586,2,7,58,67,1.164179104477612,0.054623479615184975,671,You know drivers these days!
2406,2586,2,7,58,67,1.164179104477612,0.054623479615184975,671,The final season was terrible.
2285,2586,2,7,58,67,1.164179104477612,0.054623479615184975,671,It's so much harder without a lance.
2354,2586,2,7,58,67,1.164179104477612,0.054623479615184975,671,"It may be safer, but how often do you break a spoke?"
1971,2586,1,9,57,67,1.164179104477612,0.05031342257188375,671,Leave the phone at home and save some money on your wardrobe.
2018,2586,1,9,57,67,1.164179104477612,0.05031342257188375,671,I’m one of the founding members of Knights on Bikes.
2034,2586,1,9,57,67,1.164179104477612,0.05031342257188375,671,"The armor’s carbon fiber, too - very light but doesn’t breathe..."
2061,2586,1,9,57,67,1.164179104477612,0.05031342257188375,671,But everyone was wearing this during the Tour de Franks...
2082,2586,0,11,56,67,1.164179104477612,0.04559776810901335,671,This codpiece seems to be limiting my mobility.
2112,2586,2,7,58,67,1.164179104477612,0.054623479615184975,671,bicycle is the new white horse
2135,2586,1,9,57,67,1.164179104477612,0.05031342257188375,671,Do you still name them?
2386,2586,1,9,57,67,1.164179104477612,0.05031342257188375,671,"I know — I thought they said, “Arm her.”"
2186,2586,1,9,57,67,1.164179104477612,0.05031342257188375,671,I don't think this medieval skin care routine is working out for me
2209,2586,1,9,57,67,1.164179104477612,0.05031342257188375,671,"M'lady, sorry about season 8."
2227,2586,2,7,58,67,1.164179104477612,0.054623479615184975,671,It's hard being a hipster. I had to dig even further into history to find a one of a kind outfit.
2231,2586,1,9,57,67,1.164179104477612,0.05031342257188375,671,We’re all doing our best.
2250,2586,0,11,56,67,1.164179104477612,0.04559776810901335,671,My life is going downhill too.
2827,2586,1,9,57,67,1.164179104477612,0.05031342257188375,671,Chafing emergency... I need some under armor for my over armor.
2306,2586,2,7,58,67,1.164179104477612,0.054623479615184975,671,"So I said to myself, ""Percival, old chap, it's time to get on with the times and switch the horse for a bike!"""
2338,2586,1,9,57,67,1.164179104477612,0.05031342257188375,671,The bike and the armor was a package deal
2195,2586,2,7,58,67,1.164179104477612,0.054623479615184975,671,My day job is a bike courier.
2833,2586,0,11,56,67,1.164179104477612,0.04559776810901335,671,Great sun protection...not waterproof!
2994,2586,1,9,57,67,1.164179104477612,0.05031342257188375,671,These days Tour de France and a trip around the world no longer should take eighty days...
2906,2586,1,9,57,67,1.164179104477612,0.05031342257188375,671,"No jousting on the High Line, apparently."
3399,2586,2,7,58,67,1.164179104477612,0.054623479615184975,671,On your knight!
3403,2586,3,5,59,67,1.164179104477612,0.058617476571788,671,I'm a knight on the steel horse I ride.
3409,2586,1,9,57,67,1.164179104477612,0.05031342257188375,671,I Left My Horse At Home...
3448,2586,0,11,56,67,1.164179104477612,0.04559776810901335,671,"I might not win the race, but I will survive it!"
3454,2586,2,7,58,67,1.164179104477612,0.054623479615184975,671,"Right, they don't do yellow jerseys anymore."
3455,2586,1,9,57,67,1.164179104477612,0.05031342257188375,671,"I've been invited to go cycling in the Swiss Alps."""
3533,2586,3,5,59,67,1.164179104477612,0.058617476571788,671,"Pardon me, Sir, are you a knight?  Because it isn't very chivalrous of you to go in front of me."
3546,2586,2,7,58,67,1.164179104477612,0.054623479615184975,671,"I know this is anachronistic, but I refuse to ride a horse to the Renaissance Faire."
3557,2586,1,9,57,67,1.164179104477612,0.05031342257188375,671,I'm lost?
3559,2586,1,9,57,67,1.164179104477612,0.05031342257188375,671,"Nag, nag, nag - just let me ride in peace"
3621,2586,0,11,56,67,1.164179104477612,0.04559776810901335,671,I thought you literally meant we were getting Medieval.
3634,2586,2,7,58,67,1.164179104477612,0.054623479615184975,671,"No, that isn't Red Landing."
3676,2586,3,5,59,67,1.164179104477612,0.058617476571788,671,"I know! Yeah, I think I took digital detox far way back"
3683,2586,2,7,58,67,1.164179104477612,0.054623479615184975,671,I refuse to battle traffic.
3739,2586,2,7,58,67,1.164179104477612,0.054623479615184975,671,I'm a 3-D rebus: knight rider. You?
3392,2586,1,9,57,67,1.164179104477612,0.05031342257188375,671,"Wait, you're breaking up... are you sure you're not entering a building or a tunnel?"
3389,2586,2,7,58,67,1.164179104477612,0.054623479615184975,671,"I'm not so sure about my new ""Over Armour"" sponsorship."
3361,2586,3,5,59,67,1.164179104477612,0.058617476571788,671,I'm the mascot for the tour du  france
3354,2586,1,9,57,67,1.164179104477612,0.05031342257188375,671,"To be honest, I'm only here testing new methods of virtue signaling, m'lady."
2915,2586,1,9,57,67,1.164179104477612,0.05031342257188375,671,"With a lance, it would just be cheating."
2975,2586,1,9,57,67,1.164179104477612,0.05031342257188375,671,"No one in my car pool actually said anything, but the nonverbal messages were pretty clear."
1930,2586,0,11,56,67,1.164179104477612,0.04559776810901335,671,I thought you said that we were riding a Centurion.
3014,2586,0,11,56,67,1.164179104477612,0.04559776810901335,671,"Whilom, as olde stories tellen us, ther was a Knight's Tailwind"
3017,2586,2,7,58,67,1.164179104477612,0.054623479615184975,671,Knight riding...no lights required
3057,2586,1,9,57,67,1.164179104477612,0.05031342257188375,671,I told my mom it was a night ride
3068,2586,2,7,58,67,1.164179104477612,0.054623479615184975,671,I get it.  Anything can happen.
2895,2586,1,9,57,67,1.164179104477612,0.05031342257188375,671,"It's more environmentally friendly, but on the down side there's no room for a lance."
3095,2586,4,3,60,67,1.164179104477612,0.06235617526771267,671,"Also, from now on could you call me ‘The Hoff’"
3149,2586,2,7,58,67,1.164179104477612,0.054623479615184975,671,Rabid finches in the park.
3158,2586,0,11,56,67,1.164179104477612,0.04559776810901335,671,This is nothing like riding a horse.
3194,2586,3,5,59,67,1.164179104477612,0.058617476571788,671,Officer please...put the tire spikes only on the RIGHT  side of the road
3252,2586,1,9,57,67,1.164179104477612,0.05031342257188375,671,"You've heard of 'Joan of Arc'.  Well, I'm 'Joan of Central Park.'"
3255,2586,0,11,56,67,1.164179104477612,0.04559776810901335,671,In the 'burbs I'm known as Sir Falls-A-Lot.
3294,2586,1,9,57,67,1.164179104477612,0.05031342257188375,671,Zis stage of ze Tour has taken me longer zan I expected.
3310,2586,3,5,59,67,1.164179104477612,0.058617476571788,671,You of all people should have let me go first!
3118,2586,2,7,58,67,1.164179104477612,0.054623479615184975,671,Someone’s got to fight for the environment.
1915,2586,2,7,58,67,1.164179104477612,0.054623479615184975,671,I'm protecting myself from 5G!
2765,2586,0,11,56,67,1.164179104477612,0.04559776810901335,671,I thought time travel wasn't possible.
1878,2586,3,5,59,67,1.164179104477612,0.058617476571788,671,This is the very latest in athletic fashion it
967,2586,3,5,59,67,1.164179104477612,0.058617476571788,671,This is one lazy-ass horse.
958,2586,3,5,59,67,1.164179104477612,0.058617476571788,671,Calling me Sir Bikes-a-lot isn't helping.
905,2586,3,5,59,67,1.164179104477612,0.058617476571788,671,Vision Zero is running low on ideas since the Bike Mayor is spending all his time in Iowa.
846,2586,0,11,56,67,1.164179104477612,0.04559776810901335,671,Can I call you back? I have to change gears on my steed.
842,2586,2,7,58,67,1.164179104477612,0.054623479615184975,671,do you think this will give me enough sun protection ?
743,2586,2,7,58,67,1.164179104477612,0.054623479615184975,671,No wonder your wearing body armor. Dumbass
717,2586,0,11,56,67,1.164179104477612,0.04559776810901335,671,"""I ran out of sun screen."""
716,2586,1,9,57,67,1.164179104477612,0.05031342257188375,671,En-garde. On your right.
691,2586,2,7,58,67,1.164179104477612,0.054623479615184975,671,What do mean a night ride?!
681,2586,3,5,59,67,1.164179104477612,0.058617476571788,671,"That homeless guy looked like Trump, Praise be."
635,2586,1,9,57,67,1.164179104477612,0.05031342257188375,671,"It’s late, good night."
627,2586,3,5,59,67,1.164179104477612,0.058617476571788,671,"Why don't we just cross the finish line together, holding hands?"
587,2586,2,7,58,67,1.164179104477612,0.054623479615184975,671,The armor doesn't obviate the insanity.
571,2586,2,7,58,67,1.164179104477612,0.054623479615184975,671,"If there’s a chink in my armor, it’s the downhills"
463,2586,0,11,56,67,1.164179104477612,0.04559776810901335,671,My jousting horse lost a shoe.
450,2586,3,5,59,67,1.164179104477612,0.058617476571788,671,Wish I were Lance ArmStrong
447,2586,2,7,58,67,1.164179104477612,0.054623479615184975,671,"With today's drivers, you can't be too careful."
30,2586,0,11,56,67,1.164179104477612,0.04559776810901335,671,It worked for Ghost Rider.
56,2586,1,9,57,67,1.164179104477612,0.05031342257188375,671,"I'm safer sure, but I keep getting flat tires."
120,2586,1,9,57,67,1.164179104477612,0.05031342257188375,671,I've always been a knight owl.
135,2586,1,9,57,67,1.164179104477612,0.05031342257188375,671,"Looks like rain, did you bring the oil can!"
137,2586,2,7,58,67,1.164179104477612,0.054623479615184975,671,"No, I ordered Chainmail oil, not Chain oil.  Seriously, what year is this?"
143,2586,2,7,58,67,1.164179104477612,0.054623479615184975,671,My yellow jersey's at the cleaners
985,2586,2,7,58,67,1.164179104477612,0.054623479615184975,671,"Where is my Lance, Armstrong? I don't get it."
152,2586,0,11,56,67,1.164179104477612,0.04559776810901335,671,I thought I heard talk about a lance and needing to make sure my arms were strong...
205,2586,2,7,58,67,1.164179104477612,0.054623479615184975,671,Oh. Sorry. I meant night-riding.
212,2586,2,7,58,67,1.164179104477612,0.054623479615184975,671,"G’day, Sheryl of  Cheshire Apartments!"
292,2586,0,11,56,67,1.164179104477612,0.04559776810901335,671,"On your right, Hasselhoff."
293,2586,1,9,57,67,1.164179104477612,0.05031342257188375,671,I'm better at jousting than long distances.
394,2586,3,5,59,67,1.164179104477612,0.058617476571788,671,Aerodynamics are sweet. The chaffing is medieval.
434,2586,0,11,56,67,1.164179104477612,0.04559776810901335,671,I’ll do whatever it takes to win!
186,2586,0,11,56,67,1.164179104477612,0.04559776810901335,671,I'm training for the Tour de Medieval France
1052,2586,2,7,58,67,1.164179104477612,0.054623479615184975,671,Why yes; I am the knight rider.
903,2586,1,9,57,67,1.164179104477612,0.05031342257188375,671,You sure don't want to drop your phone at this speed; better hold it with both hands.
1072,2586,2,7,58,67,1.164179104477612,0.054623479615184975,671,I'm saving a ton of money on carrots.
1875,2586,2,7,58,67,1.164179104477612,0.054623479615184975,671,"That’s taking being a road warrior a little far, don’t you think?"
1873,2586,2,7,58,67,1.164179104477612,0.054623479615184975,671,I'll be molting soon.
1862,2586,1,9,57,67,1.164179104477612,0.05031342257188375,671,I am training for the Joan of Arc Tour De France.
1820,2586,1,9,57,67,1.164179104477612,0.05031342257188375,671,"Aye, my stallion is mechanic, what of it, Karen?"
1792,2586,2,7,58,67,1.164179104477612,0.054623479615184975,671,"Forsooth, I’m being chased on the Highline. Bring my mace and hurry thyself."
1778,2586,1,9,57,67,1.164179104477612,0.05031342257188375,671,Didn't do the laundry this week.
1721,2586,0,11,56,67,1.164179104477612,0.04559776810901335,671,Old technologies are good technologies.
1688,2586,1,9,57,67,1.164179104477612,0.05031342257188375,671,Don't you think biking when we could've just taken an Uber is a bit medieval?
1684,2586,1,9,57,67,1.164179104477612,0.05031342257188375,671,Is that 5G?
1597,2586,3,5,59,67,1.164179104477612,0.058617476571788,671,"Hi, I'm Knightrider, passing on your left."
1053,2586,2,7,58,67,1.164179104477612,0.054623479615184975,671,Mark Twain and King Arthur said hi
1510,2586,1,9,57,67,1.164179104477612,0.05031342257188375,671,"Bill, hold for a minute. I dropped my lance."
1502,2586,2,7,58,67,1.164179104477612,0.054623479615184975,671,It's actually 'Sir Douchebag'
1489,2586,2,7,58,67,1.164179104477612,0.054623479615184975,671,My electronic helmet is giving a beep that I love you.
1473,2586,2,7,58,67,1.164179104477612,0.054623479615184975,671,"Over Armour...Over Armour!
I'm in on the ground floor."
1596,2586,1,9,57,67,1.164179104477612,0.05031342257188375,671,“Safety – It's Never Enough”
1405,2586,0,11,56,67,1.164179104477612,0.04559776810901335,671,"Jeff, don’t you think you’ve taken the 'Ironman' a little too literal?"""
1107,2586,1,9,57,67,1.164179104477612,0.05031342257188375,671,"Since I got married, riding a bicycle hasn't been what it used to be."
1131,2586,2,7,58,67,1.164179104477612,0.054623479615184975,671,HIS idea of a chastity belt.
1159,2586,3,5,59,67,1.164179104477612,0.058617476571788,671,"'I know you got a great deal, but did it include brakes?'"
1463,2586,2,7,58,67,1.164179104477612,0.054623479615184975,671,I'm not taking any chances. You would be horrified by the number of bicyclers killed in this city every year.
1164,2586,3,5,59,67,1.164179104477612,0.058617476571788,671,These throwback trends are getting out of hand.
1187,2586,2,7,58,67,1.164179104477612,0.054623479615184975,671,There's a mongrel on this ride I can't wait to have bite me.
1198,2586,0,11,56,67,1.164179104477612,0.04559776810901335,671,"I can buy the helmet and gloves, but the greaves are killing me."
1905,2586,1,9,57,67,1.164179104477612,0.05031342257188375,671,Your supposed to be on a white horse.
1235,2586,0,11,56,67,1.164179104477612,0.04559776810901335,671,The salesman said it’s required for night rides.
1226,2586,1,9,57,67,1.164179104477612,0.05031342257188375,671,The actual jousting part of it doesn't appeal to me.
1256,2586,0,11,56,67,1.164179104477612,0.04559776810901335,671,Good knight! It's hot ride today.
1398,2586,1,9,57,67,1.164179104477612,0.05031342257188375,671,It would be more convincing if your tires weren't exposed.
1381,2586,1,9,57,67,1.164179104477612,0.05031342257188375,671,Sometimes your knight and shining armor forgets his horse
1348,2586,0,11,56,67,1.164179104477612,0.04559776810901335,671,"I'm not only better protected, but I also burn more calories."
1887,2729,1,10,63,74,1.162162162162162,0.047237758050578095,671,Everything
3088,2730,2,7,59,68,1.161764705882353,0.05386833246131616,671,"I could not love thee err so much, loved I not armor more."
1024,2730,1,9,58,68,1.161764705882353,0.049626763740833676,671,"Over Armour?""  Just not sure it wicks fast enough."
3207,2730,1,9,58,68,1.161764705882353,0.049626763740833676,671,Who said that chivalry doesn't run in cycles?
2015,2730,2,7,59,68,1.161764705882353,0.05386833246131616,671,Let me know if you see a white knight.
1973,2730,0,11,57,68,1.161764705882353,0.04498704387503318,671,"That's great, John - but I still think chivalry is dead."
1921,2730,2,7,59,68,1.161764705882353,0.05386833246131616,671,Where's your lance? I don't joust on the first date.
1818,2730,0,11,57,68,1.161764705882353,0.04498704387503318,671,"Are you wearing Under Armour?"""
1610,2730,1,9,58,68,1.161764705882353,0.049626763740833676,671,"My trusty steed went to a damsel who, turns out, wasn't in distress."
1359,2730,1,9,58,68,1.161764705882353,0.049626763740833676,671,How far did you say 'til we hit clean air?
1136,2730,0,11,57,68,1.161764705882353,0.04498704387503318,671,They told me it was the latest style and that everybody was switching over.
1111,2730,1,9,58,68,1.161764705882353,0.049626763740833676,671,"I just got rid of my car, but I still don't feel safe unless I'm encased in steel.  Do you think I should have gone for the Iron Man suit?"
2581,2730,3,5,60,68,1.161764705882353,0.05779947062852091,671,Now I know why your Social media user name is @knightrider
2070,2730,1,9,58,68,1.161764705882353,0.049626763740833676,671,"Hey, you need protection to feel a new experience these days!"
919,2730,1,9,58,68,1.161764705882353,0.049626763740833676,671,I just had to get away from all that Lance stuff. Lancelot was a no brainer.
428,2730,1,9,58,68,1.161764705882353,0.049626763740833676,671,If I fall someone will hear the clanking sound.
93,2730,2,7,59,68,1.161764705882353,0.05386833246131616,671,"Hello, police ?  There's a woman who looks just like me that's stalking me."
70,2730,1,9,58,68,1.161764705882353,0.049626763740833676,671,I'm suffering from an iron deficiency since the police said no lance allowed
852,2730,0,11,57,68,1.161764705882353,0.04498704387503318,671,My entire life is a LARP.
2442,2748,2,7,60,69,1.1594202898550725,0.05313363777948607,671,Trusty steed. Ha!
2266,2749,1,8,55,64,1.15625,0.05087893153952011,671,It’s high modulus carbon fiber
2280,2749,1,8,55,64,1.15625,0.05087893153952011,671,The invite said NIGHT ride. I feel like you’re overdressed.
2405,2749,0,10,54,64,1.15625,0.045745315919462494,671,My suggestion is breathable fabrics and a good lawyer.
2421,2749,1,8,55,64,1.15625,0.05087893153952011,671,Cycling in Manhattan is more dangerous than you think
2424,2749,1,8,55,64,1.15625,0.05087893153952011,671,Wear Under Armor - not body armor
2434,2749,2,6,56,64,1.15625,0.055540052400361674,671,"No, I'm not THAT Knight Rider."
2460,2749,2,6,56,64,1.15625,0.055540052400361674,671,"Wow I can't hear or see
'butt ' I'm safe!"
2496,2749,1,8,55,64,1.15625,0.05087893153952011,671,KITT is in the shop.
2482,2749,2,6,56,64,1.15625,0.055540052400361674,671,"...and then he said, ‘sorry Carl, there’s not enough room at the table’."
2503,2749,2,6,56,64,1.15625,0.055540052400361674,671,"A little less horsepower than I'm used to, but lower emissions are important these days."
2512,2749,2,6,56,64,1.15625,0.055540052400361674,671,"I'm going to have to get a lot more information before I agree to another of your ""night rides."""
2554,2749,1,8,55,64,1.15625,0.05087893153952011,671,"This.wasn’t. a good...
idea..."
2583,2749,1,8,55,64,1.15625,0.05087893153952011,671,"Listen, Janet, my lance is on my other bike. Otherwise I would be defending your honor."
2614,2749,2,6,56,64,1.15625,0.055540052400361674,671,Horse racing is the sport of kings.  This is all I could afford.
2624,2749,2,6,56,64,1.15625,0.055540052400361674,671,This is my knight outfit
3434,2749,1,8,55,64,1.15625,0.05087893153952011,671,The drivers here are worse than dragons.
2239,2749,0,10,54,64,1.15625,0.045745315919462494,671,I thought 'Under Armour' was more of a literal thing.
2153,2749,3,4,57,64,1.15625,0.05983919423477113,671,"Just to let you know that's a dragon not an airplane"""
2216,2749,1,8,55,64,1.15625,0.05087893153952011,671,I bet it was great to live 700 years ago.
1805,2749,2,6,56,64,1.15625,0.055540052400361674,671,"Joust, schmoust. Let's just ride."
1831,2749,0,10,54,64,1.15625,0.045745315919462494,671,They were out of Under Armour.
1834,2749,1,8,55,64,1.15625,0.05087893153952011,671,I'm allergic to sunlight.
1884,2749,2,6,56,64,1.15625,0.055540052400361674,671,I think you misunderstood about being cool in Under Armor.
1923,2749,2,6,56,64,1.15625,0.055540052400361674,671,"Obey the traffic laws, and you can wear shorts"
1943,2749,1,8,55,64,1.15625,0.05087893153952011,671,"Look, I know I'm not dreaming - most drivers are aiming at us."
1958,2749,0,10,54,64,1.15625,0.045745315919462494,671,I want everything to be carbon fibre.
2233,2749,0,10,54,64,1.15625,0.045745315919462494,671,I need to talk to a spokes person in the chain of command.
1988,2749,2,6,56,64,1.15625,0.055540052400361674,671,Did they have to hoist you onto your mount with a crane?
2014,2749,1,8,55,64,1.15625,0.05087893153952011,671,In fact I wear it all the time in case the knight in shining armor pun presents itself.
2045,2749,3,4,57,64,1.15625,0.05983919423477113,671,"Chivalry isn't dead, but it could lose some weight."
2069,2749,2,6,56,64,1.15625,0.055540052400361674,671,"Cool, but how do you deal with nature in that outfit?"
2074,2749,1,8,55,64,1.15625,0.05087893153952011,671,Wasn’t there suppose to be a jousting segment in this triathlon?
2108,2749,1,8,55,64,1.15625,0.05087893153952011,671,You wouldn't believe how hard it is to find parking for a horse!
2124,2749,0,10,54,64,1.15625,0.045745315919462494,671,My horse left me to work for Medieval Times
2150,2749,1,8,55,64,1.15625,0.05087893153952011,671,"Good Knight,  sir!  Pay attention to the road!"
2005,2749,2,6,56,64,1.15625,0.055540052400361674,671,This iron woman contest is ridiculous
2627,2749,0,10,54,64,1.15625,0.045745315919462494,671,Jousting was much safer than cycling in the City....
2644,2749,2,6,56,64,1.15625,0.055540052400361674,671,Someone suggested I try knight riding to beat the heat.
2671,2749,1,8,55,64,1.15625,0.05087893153952011,671,This workout gear isn't as breathable as I thought it might be.
3195,2749,0,10,54,64,1.15625,0.045745315919462494,671,"I don't usually do this, but I'm training for an Ironman."
3230,2749,2,6,56,64,1.15625,0.055540052400361674,671,This is easier and more exercise than jousting.
3251,2749,1,8,55,64,1.15625,0.05087893153952011,671,I thought you said you liked fast paced city knights.
3341,2749,0,10,54,64,1.15625,0.045745315919462494,671,I think my odds are better than yours.
3374,2749,0,10,54,64,1.15625,0.045745315919462494,671,"Listen Karen, I don't think we can see each other anymore. How am I going to explain the excess leg muscles and rust on my suit to Deborah?"
3386,2749,3,4,57,64,1.15625,0.05983919423477113,671,It chaffs.
3432,2749,1,8,55,64,1.15625,0.05087893153952011,671,It is better than coconuts
3396,2749,2,6,56,64,1.15625,0.055540052400361674,671,Apparently chivalry IS dead.
3456,2749,0,10,54,64,1.15625,0.045745315919462494,671,No sorry this is the other Knight Rider.
1802,2749,2,6,56,64,1.15625,0.055540052400361674,671,Want to race to the Dark Ages?
3671,2749,2,6,56,64,1.15625,0.055540052400361674,671,My mother said knight biking was dangerous but I feel totally safe.
3677,2749,3,4,57,64,1.15625,0.05983919423477113,671,"No, a dragon isn’t the problem. I’m running late on a quest to save a damsel from an unfunny caption contest!"
3669,2749,0,10,54,64,1.15625,0.045745315919462494,671,"Oh, the body armor? It's a girl thing that gives me the power to seek the ideal hookup without being poked along the way."
3609,2749,1,8,55,64,1.15625,0.05087893153952011,671,Can you direct me to the nearest damsel in distress?
3594,2749,1,8,55,64,1.15625,0.05087893153952011,671,"It’s my effort against global warming, bicycling recycling."
3186,2749,2,6,56,64,1.15625,0.055540052400361674,671,"The name's Arc, Joan of Arc"
3184,2749,1,8,55,64,1.15625,0.05087893153952011,671,"I am not sure what just happened.  I started riding as as a competent and successful CEO and ""poof"" . . .I am in the middle ages."
3105,2749,2,6,56,64,1.15625,0.055540052400361674,671,You must be a steel man...
3079,2749,1,8,55,64,1.15625,0.05087893153952011,671,Looking for my missing varlet.
2724,2749,0,10,54,64,1.15625,0.045745315919462494,671,Pretending to be a knight-errant makes the ride a lot more interesting.
2734,2749,0,10,54,64,1.15625,0.045745315919462494,671,I seem to have lost my lance in the crowd behind us.
2861,2749,2,6,56,64,1.15625,0.055540052400361674,671,It's all downhill after this.
2890,2749,2,6,56,64,1.15625,0.055540052400361674,671,"I don't watch much television so no, I didn't know it was Night Rider with an N"
2910,2749,1,8,55,64,1.15625,0.05087893153952011,671,"Pray tell, fair maiden, from whence is the Throgs Neck Bridge?"
2920,2749,1,8,55,64,1.15625,0.05087893153952011,671,I hear America's ass hurts.
2934,2749,2,6,56,64,1.15625,0.055540052400361674,671,Road rash phobia.
2636,2749,3,4,57,64,1.15625,0.05983919423477113,671,"I threw down the gauntlet, but only because it didn't work on my phone's touchscreen."
2941,2749,0,10,54,64,1.15625,0.045745315919462494,671,It's castleisure wear.
2983,2749,0,10,54,64,1.15625,0.045745315919462494,671,Best new safety equipment money can buy!
3013,2749,1,8,55,64,1.15625,0.05087893153952011,671,It does create a lot of wind resistance but it does keep the bugs out of my teeth
3018,2749,1,8,55,64,1.15625,0.05087893153952011,671,I guess today is casual Friday
3043,2749,2,6,56,64,1.15625,0.055540052400361674,671,"Fitbit Support, I've been cycling for an hour but the device seems to be broken. So did I even cycle at all?"
3046,2749,0,10,54,64,1.15625,0.045745315919462494,671,I don't think this part of town is gentrified yet.
3064,2749,3,4,57,64,1.15625,0.05983919423477113,671,did you know your back wheel is going forward?...snap out of the past.
3066,2749,2,6,56,64,1.15625,0.055540052400361674,671,GPS schmeeps.I think we took the wrong exit and lost the other racers
2951,2749,1,8,55,64,1.15625,0.05087893153952011,671,"My horse joined the AHCLU so they now get Sundays off, 3 carrots a day, an apple twice a month, and conjugal stall visits."
1711,2749,3,4,57,64,1.15625,0.05983919423477113,671,"The drag on my body is reduced; the less drag on, the better."
968,2749,2,6,56,64,1.15625,0.055540052400361674,671,"No, I don't know of a good fender repair shop."
1631,2749,0,10,54,64,1.15625,0.045745315919462494,671,"Hey, don't text and drive!  I'm right here."
808,2749,2,6,56,64,1.15625,0.055540052400361674,671,I Charlemagne am invincible on my fiery steed Tencendur!
797,2749,1,8,55,64,1.15625,0.05087893153952011,671,"The name’s Lancelot, but you can just call me Lance"
759,2749,1,8,55,64,1.15625,0.05087893153952011,671,I choose to wear all this armor when cycling because of all the jerks that are looking at their iPhones instead of the roads.
745,2749,1,8,55,64,1.15625,0.05087893153952011,671,Is it dangerous?  Do I need my mace?
744,2749,1,8,55,64,1.15625,0.05087893153952011,671,This isn’t exactly what I had in mind when you said we’d ride off into the sunset together.
705,2749,0,10,54,64,1.15625,0.045745315919462494,671,"Ya, bike chain lubricant is pretty versatile."
702,2749,1,8,55,64,1.15625,0.05087893153952011,671,Ni! Ni! Night My Lady
680,2749,2,6,56,64,1.15625,0.055540052400361674,671,"I misread ""safe guard protection"" in the description."
609,2749,2,6,56,64,1.15625,0.055540052400361674,671,"Is that to protect your body when you fall?

Not really, it’s to protect my identity on Amazon Prime Day."
556,2749,1,8,55,64,1.15625,0.05087893153952011,671,I never had to worry about my fertility on my last steed.
512,2749,1,8,55,64,1.15625,0.05087893153952011,671,"Yeah, I found this suit of armor at my local Goodwill. It was a total steel!"
499,2749,2,6,56,64,1.15625,0.055540052400361674,671,This route goes past Trump Tower and Bergdorfs so I'm not taking any chances.
455,2749,1,8,55,64,1.15625,0.05087893153952011,671,"Tell Merlin his shortcut didn't quite work, sire."
454,2749,1,8,55,64,1.15625,0.05087893153952011,671,"I'm busy all day, so I only have time for knight rides."
889,2749,1,8,55,64,1.15625,0.05087893153952011,671,"What am I doing? Being a knight in shining armor, of course."
452,2749,1,8,55,64,1.15625,0.05087893153952011,671,I think this is more suited to winter riding.
365,2749,0,10,54,64,1.15625,0.045745315919462494,671,Sponsored by Armor All. Why?
275,2749,0,10,54,64,1.15625,0.045745315919462494,671,In Game of Thrones they never take them off.
267,2749,0,10,54,64,1.15625,0.045745315919462494,671,You aught to wear something wither higher visibility when riding at knight
247,2749,2,6,56,64,1.15625,0.055540052400361674,671,"Queens are doing the slaying now, so we got demoted to bikes."
223,2749,2,6,56,64,1.15625,0.055540052400361674,671,"I'm ready for preventable accidents."""
215,2749,1,8,55,64,1.15625,0.05087893153952011,671,M'lady
194,2749,1,8,55,64,1.15625,0.05087893153952011,671,I'd fit in perfectly at a lobster boil.
166,2749,2,6,56,64,1.15625,0.055540052400361674,671,So tell me. How do you like your telemarketing job?
163,2749,1,8,55,64,1.15625,0.05087893153952011,671,"This is my ""Uber-All"" bike outfit designed to protect me from all opening taxi doors."
39,2749,3,4,57,64,1.15625,0.05983919423477113,671,"Dorothy, this is the Yellow Brick Road."
36,2749,1,8,55,64,1.15625,0.05087893153952011,671,The hard part is tilting .
22,2749,1,8,55,64,1.15625,0.05087893153952011,671,I don’t think exercise would get you under the weight limit for the ride
13,2749,1,8,55,64,1.15625,0.05087893153952011,671,My horse is in the shop so I’m stuck biking.
1690,2749,2,6,56,64,1.15625,0.055540052400361674,671,I am going downtown.
398,2749,0,10,54,64,1.15625,0.045745315919462494,671,I'm afraid the yellow jersey won't stretch to fit over my breastplate.
907,2749,1,8,55,64,1.15625,0.05087893153952011,671,Her Ladyship has gone vegan.
20,2749,2,6,56,64,1.15625,0.055540052400361674,671,Damn I forgot my shades.
927,2749,2,6,56,64,1.15625,0.055540052400361674,671,I would regret it if it wasn’t 40% off retail
1281,2749,0,10,54,64,1.15625,0.045745315919462494,671,Now you're ready to take on Manhattan.
1296,2749,0,10,54,64,1.15625,0.045745315919462494,671,"You've heard of performance enhancing drugs?  Well this is a performance degrading drug, except its not actually a drug, it is a kind of uniform to give protection.  It is made out of metal which is very heavy and makes it hard to move these pedals."
1309,2749,2,6,56,64,1.15625,0.055540052400361674,671,And that's why I gave up swimming.
1311,2749,1,8,55,64,1.15625,0.05087893153952011,671,"Today, I'm a bike messenger, but you know the advice."
1321,2749,2,6,56,64,1.15625,0.055540052400361674,671,"Why , I wear under armour,of course"
1337,2749,3,4,57,64,1.15625,0.05983919423477113,671,What? You're having an acrophobia moment? We're just on a path CALLED the High Line!
1274,2749,3,4,57,64,1.15625,0.05983919423477113,671,What? Knight riding’s no picnic...
1338,2749,1,8,55,64,1.15625,0.05087893153952011,671,My horse showed me a great shortcut this way.
1488,2749,0,10,54,64,1.15625,0.045745315919462494,671,"Now, this is a helmet."
1531,2749,1,8,55,64,1.15625,0.05087893153952011,671,"I never learned to drive, but loved the old series Knight Rider."
1562,2749,2,6,56,64,1.15625,0.055540052400361674,671,You should get an endorsement from Under Armour for wearing that Body Armor!
1575,2749,0,10,54,64,1.15625,0.045745315919462494,671,I made everything from recycled materials.
1614,2749,1,8,55,64,1.15625,0.05087893153952011,671,I just find Over Armour to be much more durable.
913,2749,0,10,54,64,1.15625,0.045745315919462494,671,I told you you had to readjust your helmet!
1360,2749,1,8,55,64,1.15625,0.05087893153952011,671,Maybe some Under Armor would help..
1270,2749,2,6,56,64,1.15625,0.055540052400361674,671,I’ll feel safer.  The knights drive very aggressively.
1395,2749,2,6,56,64,1.15625,0.055540052400361674,671,i only wear this when cycling through central park...
1014,2749,1,8,55,64,1.15625,0.05087893153952011,671,Knights of the Cross??  I thought they said Knights of the Cross-Training!
1217,2749,0,10,54,64,1.15625,0.045745315919462494,671,I have to hold the visor up like this while riding - otherwise my vision is zero.
943,2749,3,4,57,64,1.15625,0.05983919423477113,671,"Find me on TikTok, @lancelot_armourstrong!"
961,2749,1,8,55,64,1.15625,0.05087893153952011,671,We missed the last turn?
1007,2749,1,8,55,64,1.15625,0.05087893153952011,671,Ride and talk don't Ride and Text.
1039,2749,2,6,56,64,1.15625,0.055540052400361674,671,"No, I said chain oil, not chain mail."
1049,2749,1,8,55,64,1.15625,0.05087893153952011,671,I see the Middle Ages are ahead of me.
1059,2749,0,10,54,64,1.15625,0.045745315919462494,671,"I meant as in ""night and day""...."
955,2749,0,10,54,64,1.15625,0.045745315919462494,671,"Good knight to you, sir!"
1082,2749,2,6,56,64,1.15625,0.055540052400361674,671,"Whoops, it’s time for me to re-lube again."
1161,2749,1,8,55,64,1.15625,0.05087893153952011,671,You misunderstood. It's a product that makes your tires shine.
1147,2749,2,6,56,64,1.15625,0.055540052400361674,671,It's my Halloween costume. I'm a Knight Rider.
1150,2749,0,10,54,64,1.15625,0.045745315919462494,671,"Pretty sure I said to buy the Under Ar
mour cycling gear..."
1121,2749,2,6,56,64,1.15625,0.055540052400361674,671,I have taken peyote/mushrooms twice therefore I am ahead of you and the smog.
1672,2892,2,6,57,65,1.1538461538461537,0.0547317287336835,671,Bike apparel: Day and Knight
1908,2892,0,10,55,65,1.1538461538461537,0.045100151536763756,671,"I just intended to get a helmet, but this suit was on sale!"
2009,2892,2,6,57,65,1.1538461538461537,0.0547317287336835,671,I thought recycling would be much easier.
1758,2892,0,10,55,65,1.1538461538461537,0.045100151536763756,671,"It’s supposed to rain, but you never listen."
2058,2892,1,8,56,65,1.1538461538461537,0.05014771080925116,671,"Do you know where the “Off Broadway “ area is ?, I’m running late for an audition, this suit was supposed to be done yesterday at the dry cleaners"
1836,2892,2,6,57,65,1.1538461538461537,0.0547317287336835,671,I'm a knight in shining bike
2093,2892,1,8,56,65,1.1538461538461537,0.05014771080925116,671,hey are you holding?
2094,2892,2,6,57,65,1.1538461538461537,0.0547317287336835,671,"No you are mistaken, David Hasselhoff drove a car on the television series Knight Rider.”"
2134,2892,2,6,57,65,1.1538461538461537,0.0547317287336835,671,"the left cyclist: Et tu, Brute
the right cyclist: May the Force be with you"
2211,2892,0,10,55,65,1.1538461538461537,0.045100151536763756,671,"You’ve heard of the Knight Errant? Well, I’m the Knight Errand!"
2376,2892,0,10,55,65,1.1538461538461537,0.045100151536763756,671,Oh. Night ride.
3647,2892,3,4,58,65,1.1538461538461537,0.058960421987522674,671,Damsel in distress. Lame charger. Gotta fly. Get a better helmet.
3112,2892,2,6,57,65,1.1538461538461537,0.0547317287336835,671,It’s just like riding a horse
2561,2892,1,8,56,65,1.1538461538461537,0.05014771080925116,671,"It's a new brand, Over Armour."
2574,2892,1,8,56,65,1.1538461538461537,0.05014771080925116,671,Just protecting the moneymaker.
2880,2892,2,6,57,65,1.1538461538461537,0.0547317287336835,671,I'm a big fan of knight rider
2961,2892,0,10,55,65,1.1538461538461537,0.045100151536763756,671,I'm on my way to The Renaissance Fair.
3126,2892,3,4,58,65,1.1538461538461537,0.058960421987522674,671,Maintenance on my cycling gear is as much as a bus pass.
3235,2892,1,8,56,65,1.1538461538461537,0.05014771080925116,671,You got a can opener on you by any chance?
3250,2892,1,8,56,65,1.1538461538461537,0.05014771080925116,671,"Yeah, my horse is still on maternity leave."
3390,2892,1,8,56,65,1.1538461538461537,0.05014771080925116,671,"Let's face it, chivalry is dead."
1402,2892,0,10,55,65,1.1538461538461537,0.045100151536763756,671,"So, how long have you been riding your bike in New York?"
3752,2892,1,8,56,65,1.1538461538461537,0.05014771080925116,671,"I meant, ""Let's go night riding""."
3728,2892,0,10,55,65,1.1538461538461537,0.045100151536763756,671,"It's convenient, but the horsepower's a little low."
2558,2892,0,10,55,65,1.1538461538461537,0.045100151536763756,671,"Fear not, fair lady. If the mayor shan’t, I shall protect thy bike lane."
1401,2892,1,8,56,65,1.1538461538461537,0.05014771080925116,671,"When they said knight ride I figured
I’d be chivalrous and give you a head start."
607,2892,1,8,56,65,1.1538461538461537,0.05014771080925116,671,New tactic: slow gentrification by requiring gentry attire
1177,2892,1,8,56,65,1.1538461538461537,0.05014771080925116,671,I’m a knight in shining Armor All
893,2892,1,8,56,65,1.1538461538461537,0.05014771080925116,671,"Grass prices in the city, am I right?"
793,2892,3,4,58,65,1.1538461538461537,0.058960421987522674,671,It’s a wedding gift.  I should have never married a guy named Arthur King.
773,2892,1,8,56,65,1.1538461538461537,0.05014771080925116,671,"If this is what I use to charge, I'd fall before the jousting begins."
746,2892,1,8,56,65,1.1538461538461537,0.05014771080925116,671,"Bono, is that you?"
677,2892,3,4,58,65,1.1538461538461537,0.058960421987522674,671,"Fine, but then let's drop by the farmer's market to buy a $6 tomato."
516,2892,1,8,56,65,1.1538461538461537,0.05014771080925116,671,Doctor's orders!
285,2892,0,10,55,65,1.1538461538461537,0.045100151536763756,671,"I hoped you'd see it as a ""Suit of amour""."
240,2892,2,6,57,65,1.1538461538461537,0.0547317287336835,671,I couldn't find a steed with e-assist.
172,2892,2,6,57,65,1.1538461538461537,0.0547317287336835,671,"They say, amour conquers all!"
147,2892,2,6,57,65,1.1538461538461537,0.0547317287336835,671,"And I told him if I wanted a Knight to fight for me,
I'd be that Knight."
68,2892,3,4,58,65,1.1538461538461537,0.058960421987522674,671,...and good day to you!
1388,2892,2,6,57,65,1.1538461538461537,0.0547317287336835,671,'You have to be prepared for life's uphill battles.'
3087,2932,1,9,62,72,1.1527777777777777,0.04705623039870244,671,Did you take the reflective tape off my assiette du buttocks again?
3630,2932,1,9,62,72,1.1527777777777777,0.04705623039870244,671,"Yes, I need the $5,000 50-pound safety apparel—and yes I need the $15,000 ten-pound bicycle."
1902,2932,0,11,61,72,1.1527777777777777,0.0426972190266123,671,I thought this was supposed to be a summer night spin...
446,2935,2,6,59,67,1.1492537313432836,0.0531832947628186,671,"I told them I needed a quarter horse, not a bicycle course.  How much farther?"
1839,2935,1,8,58,67,1.1492537313432836,0.048746064532998575,671,You mean these triggers aren't for the torpedos?
2144,2935,1,8,58,67,1.1492537313432836,0.048746064532998575,671,You know George I liked you better when you were a squire.
2448,2935,1,8,58,67,1.1492537313432836,0.048746064532998575,671,It'll deflect a bullet or knife at 60 paces.
2990,2939,1,9,64,74,1.1486486486486487,0.04586747660388901,671,Heard there were some pretty rough knights at this town.'
2808,2940,1,7,53,61,1.1475409836065573,0.051406797055264415,671,It's an existential crisis. Do you have any idea what your carbon hoofprint is?
2139,2940,1,7,53,61,1.1475409836065573,0.051406797055264415,671,"No, not that Lance. Like, a lance."
2325,2940,1,7,53,61,1.1475409836065573,0.051406797055264415,671,"Wait, you ride horses when jousting?"
2398,2940,2,5,54,61,1.1475409836065573,0.056472177848147814,671,The government is going retro so I thought so would l.
2408,2940,1,7,53,61,1.1475409836065573,0.051406797055264415,671,"I may LOOK odd, but I won't get hurt ANYwhere, not just not on my head!"
2610,2940,2,5,54,61,1.1475409836065573,0.056472177848147814,671,It's more like a night thing.
2650,2940,2,5,54,61,1.1475409836065573,0.056472177848147814,671,Do they call feminists 'clamor girls'
2746,2940,1,7,53,61,1.1475409836065573,0.051406797055264415,671,Triple Fitbits.
2783,2940,2,5,54,61,1.1475409836065573,0.056472177848147814,671,My bicycle helmet didn't suit the rest of the outfit.
2839,2940,0,9,52,61,1.1475409836065573,0.04578439358612767,671,"Slow down, Knight-Rider!"
2028,2940,2,5,54,61,1.1475409836065573,0.056472177848147814,671,"Oh, I loved Moonchaser, but she just guzzled grass."
2972,2940,2,5,54,61,1.1475409836065573,0.056472177848147814,671,"K.I.T., Meet me at the bottom of the hill. I can't shake this tail"
2989,2940,1,7,53,61,1.1475409836065573,0.051406797055264415,671,I joust don’t know what to say.
2999,2940,3,3,55,61,1.1475409836065573,0.061119186499368025,671,I'm a professional sprinter. You need this outfit in Tour de France Stage Finishes!
3055,2940,2,5,54,61,1.1475409836065573,0.056472177848147814,671,"No, I said yes to an evening ride but it will be hard to the see the address at night."
3133,2940,2,5,54,61,1.1475409836065573,0.056472177848147814,671,"With rare exceptions, I skip the fiction."
3493,2940,3,3,55,61,1.1475409836065573,0.061119186499368025,671,"Ah, we've got a bit of a downhill here. Then I'll need you to pedal again."
3419,2940,0,9,52,61,1.1475409836065573,0.04578439358612767,671,"Biking without performance enhancing drugs is, I’m told, the key to people liking Lancelot more."
3410,2940,2,5,54,61,1.1475409836065573,0.056472177848147814,671,Why won't you debate me?
3506,2940,2,5,54,61,1.1475409836065573,0.056472177848147814,671,The invitation said it was a party for the Middle Age!
2884,2940,2,5,54,61,1.1475409836065573,0.056472177848147814,671,I usually ride at night
2019,2940,0,9,52,61,1.1475409836065573,0.04578439358612767,671,I’m a Knight rider.
437,2940,2,5,54,61,1.1475409836065573,0.056472177848147814,671,There must be a mote in my eye.
1617,2940,1,7,53,61,1.1475409836065573,0.051406797055264415,671,"It's from the new line ""Cuirass- for Couriers"""
67,2940,1,7,53,61,1.1475409836065573,0.051406797055264415,671,When was the last time they closed the FDR Drive?
183,2940,1,7,53,61,1.1475409836065573,0.051406797055264415,671,My joints feel a little stiff too.
314,2940,2,5,54,61,1.1475409836065573,0.056472177848147814,671,Do you also bike at night?
389,2940,1,7,53,61,1.1475409836065573,0.051406797055264415,671,That yellow chain mail is as good as mine.
1686,2940,1,7,53,61,1.1475409836065573,0.051406797055264415,671,"I guess when I asked him to 'get me Under Armour,' he must have heard 'get me under armor.'"
498,2940,1,7,53,61,1.1475409836065573,0.051406797055264415,671,Just steeling myself for the climb...
513,2940,0,9,52,61,1.1475409836065573,0.04578439358612767,671,I wasn't sure if you said ride a bike at night or ride a bike as a knight
890,2940,1,7,53,61,1.1475409836065573,0.051406797055264415,671,This is the only way to attract my knight in shining armor!
47,2940,1,7,53,61,1.1475409836065573,0.051406797055264415,671,Better safe than sorry!
960,2940,0,9,52,61,1.1475409836065573,0.04578439358612767,671,"Well, the suit came with the helmet."
974,2940,2,5,54,61,1.1475409836065573,0.056472177848147814,671,It's fine as long as you don't pass any MRI machines
1084,2940,0,9,52,61,1.1475409836065573,0.04578439358612767,671,"Yes, I have Under Armour's cycling underwears"
1162,2940,2,5,54,61,1.1475409836065573,0.056472177848147814,671,My horse fuckin' died.
1302,2940,2,5,54,61,1.1475409836065573,0.056472177848147814,671,I'm not a nervous Nellie; I'm just going for the burn.
1432,2940,2,5,54,61,1.1475409836065573,0.056472177848147814,671,You missed your exit. Jousting was exit 23!
1589,2940,2,5,54,61,1.1475409836065573,0.056472177848147814,671,You must be the new D.A from Quuens!
900,2940,2,5,54,61,1.1475409836065573,0.056472177848147814,671,I’m of the literary cycle of the Matter of Britain.
3302,2981,3,3,56,62,1.1451612903225807,0.0601723867369453,671,"Harry what happened to your horse?”
He got hit by a car 
on my last night ride."
3296,2981,0,9,53,62,1.1451612903225807,0.04510270431252087,671,"An easy ride you promised, not another one of your crusades!"
1956,2981,2,5,55,62,1.1451612903225807,0.05560481450241429,671,"Whew!  Those uphills totally drain me,  but I don't dare go for my water bottle."
1615,2981,1,7,54,62,1.1451612903225807,0.050626817657001666,671,It's more arrow dynamic...
1607,2981,2,5,55,62,1.1451612903225807,0.05560481450241429,671,"Hey, did you get your outfit at Bean's"""
497,2981,0,9,53,62,1.1451612903225807,0.04510270431252087,671,"Yes I like to bicycle, walk along the ocean, and read mysteries,  but looking for my knight in shining armor was just a phrase."
2811,2987,1,7,56,64,1.140625,0.04913531839612815,671,"Your outfit won't offer any protection after sunset,either."
2918,2987,0,9,55,64,1.140625,0.043797805514170944,671,Another minute for hard fried.
472,2987,0,9,55,64,1.140625,0.043797805514170944,671,I forgot my lance!
1826,2987,0,9,55,64,1.140625,0.043797805514170944,671,Yes and my bike  also comes with the latest super light  carbon fiber alloy  frame!
1922,2991,2,4,53,59,1.1355932203389831,0.056477689996624364,671,"Why, yes, I am heading to an Antifa get together."
3635,2991,1,6,52,59,1.1355932203389831,0.05104190368129809,671,Of course I think your bicycle looks quite intimidating—much more so than any horse at the tournament.
3380,2991,0,8,51,59,1.1355932203389831,0.04495355820696532,671,I agree a race requires mettle. But...
3179,2991,1,6,52,59,1.1355932203389831,0.05104190368129809,671,I think I back pedaled a little too long.
3007,2991,1,6,52,59,1.1355932203389831,0.05104190368129809,671,Do you hear something rattling?
2677,2991,1,6,52,59,1.1355932203389831,0.05104190368129809,671,"Look, you dress for the job you want. Duh!"
2157,2991,1,6,52,59,1.1355932203389831,0.05104190368129809,671,I think I'm just taking gentrification to its logical conclusion.
1790,2991,0,8,51,59,1.1355932203389831,0.04495355820696532,671,Tell the dragon he can either spew flames into the ether or he can wait until I get there.
1803,2991,0,8,51,59,1.1355932203389831,0.04495355820696532,671,"Dude, you don't need a suit of armor cycling in this neighborhood you just need a helmet."
1467,2991,1,6,52,59,1.1355932203389831,0.05104190368129809,671,"Being knighted is pretentious enough, never mind being picked up in a limo."
1581,2991,0,8,51,59,1.1355932203389831,0.04495355820696532,671,Safety first amirite?
925,2991,0,8,51,59,1.1355932203389831,0.04495355820696532,671,"I thought this was what you meant by ""going out for a knight ride""."
895,2991,1,6,52,59,1.1355932203389831,0.05104190368129809,671,In case the brakes fail.
761,2991,1,6,52,59,1.1355932203389831,0.05104190368129809,671,"Onward, my friend, I'm late for an audition at the White House."
715,2991,0,8,51,59,1.1355932203389831,0.04495355820696532,671,"I said we should ""bike at night"" not '""bike as knights."""
507,2991,2,4,53,59,1.1355932203389831,0.056477689996624364,671,You never know what you might run into.
63,2991,2,4,53,59,1.1355932203389831,0.056477689996624364,671,"I'm not jousting, you look like a knight rider."
2400,3008,1,6,53,60,1.1333333333333333,0.05023485333552976,671,DIDN'T  YOU EVER LEARN NOT TO FLIRT WHEN BIKING?
2369,3008,1,6,53,60,1.1333333333333333,0.05023485333552976,671,Why does everyone ask if I ride at night?
2355,3008,1,6,53,60,1.1333333333333333,0.05023485333552976,671,Where’s the song sunflower when you need it?
2267,3008,2,4,54,60,1.1333333333333333,0.05557438475642006,671,"Not again! I'm burning up in here!"" -Joan reconsiders joining the Tour de France this year"
2253,3008,1,6,53,60,1.1333333333333333,0.05023485333552976,671,You forgot your suit of armor.
2031,3008,2,4,54,60,1.1333333333333333,0.05557438475642006,671,"Well, he seems harmless, but his clothing sure is bizarre."
1926,3008,0,8,52,60,1.1333333333333333,0.044255719836307675,671,I'm in training for a Bicycle Jousting tournament.
1959,3008,1,6,53,60,1.1333333333333333,0.05023485333552976,671,I put my warhorse up on getaround.com today.
2507,3008,3,2,55,60,1.1333333333333333,0.06044405671748914,671,"No, I'm not Prince Valiant!"
1885,3008,0,8,52,60,1.1333333333333333,0.044255719836307675,671,I was told to watch out for a Lance.
1772,3008,1,6,53,60,1.1333333333333333,0.05023485333552976,671,I am de Blasio’s other son.
1759,3008,2,4,54,60,1.1333333333333333,0.05557438475642006,671,They are calling it the Metxit.
1627,3008,1,6,53,60,1.1333333333333333,0.05023485333552976,671,Heard this was a dangerous neighborhood
1980,3008,1,6,53,60,1.1333333333333333,0.05023485333552976,671,I thought you meant change it up in the bedroom.
2543,3008,2,4,54,60,1.1333333333333333,0.05557438475642006,671,"I gave up Spandex for 'THIS!'."""
2849,3008,1,6,53,60,1.1333333333333333,0.05023485333552976,671,I thought we were wearing under armour today.
2815,3008,1,6,53,60,1.1333333333333333,0.05023485333552976,671,5G protection?
2824,3008,2,4,54,60,1.1333333333333333,0.05557438475642006,671,I am falling hard for you.
3694,3008,1,6,53,60,1.1333333333333333,0.05023485333552976,671,I confess. I’m a middle-aged David Hasselhoff fan.
2859,3008,2,4,54,60,1.1333333333333333,0.05557438475642006,671,"Customer service at eHarmony please! When she said she wanted to date a guy who uses protection, a suit of armor is not what she meant."
2957,3008,1,6,53,60,1.1333333333333333,0.05023485333552976,671,Release the dragon!
2966,3008,3,2,55,60,1.1333333333333333,0.06044405671748914,671,Wait...you mean the C is SCA doesn't stand for cycling?
3167,3008,0,8,52,60,1.1333333333333333,0.044255719836307675,671,The suit gives me historical perspective.
3175,3008,1,6,53,60,1.1333333333333333,0.05023485333552976,671,"You haven't seen a lance anywhere, have you?"
3356,3008,1,6,53,60,1.1333333333333333,0.05023485333552976,671,The fiberglass helmet just isn’t enough. The knight’s armor is a bit heavier but is more effective and aids losing weight.
3510,3008,2,4,54,60,1.1333333333333333,0.05557438475642006,671,Remind me why I traded my steed for a 10-speed.
3579,3008,0,8,52,60,1.1333333333333333,0.044255719836307675,671,"It's called the ""Lance Strong Armor."""
3584,3008,0,8,52,60,1.1333333333333333,0.044255719836307675,671,I decided to move on from my paleo routine.
3680,3008,1,6,53,60,1.1333333333333333,0.05023485333552976,671,P.E.D.’S: Peloton Enters Drawbridge Stage
1625,3008,1,6,53,60,1.1333333333333333,0.05023485333552976,671,"It's not so much the rocks and sticks, but the damn lances are brutal!"
2622,3008,1,6,53,60,1.1333333333333333,0.05023485333552976,671,I'm training for Space Force.
1582,3008,2,4,54,60,1.1333333333333333,0.05557438475642006,671,"Well, with the new congestion zone traffic will become faster!"
563,3008,2,4,54,60,1.1333333333333333,0.05557438475642006,671,I’m on my way to the joust right now but you may be disappointed.
1492,3008,1,6,53,60,1.1333333333333333,0.05023485333552976,671,You forgot my jousting lance?  This will be so embarrassing.
3734,3008,1,6,53,60,1.1333333333333333,0.05023485333552976,671,Are you in costume or did I finally catch up with my Knight in  shining amor.
35,3008,1,6,53,60,1.1333333333333333,0.05023485333552976,671,I'm doing the Tour de Byzantine Empire.
99,3008,1,6,53,60,1.1333333333333333,0.05023485333552976,671,I couldn't get the brakes fixed but I'm on my way.
106,3008,0,8,52,60,1.1333333333333333,0.044255719836307675,671,Does my lady doth think my steed has a flat tire?
234,3008,2,4,54,60,1.1333333333333333,0.05557438475642006,671,you're not on white stallion!
238,3008,1,6,53,60,1.1333333333333333,0.05023485333552976,671,"Thine eyes dost not deceive thee, m’lady! Chivalry tis alive and well! Methinks thou regret not responding to my OK Cupid message now!"
241,3008,2,4,54,60,1.1333333333333333,0.05557438475642006,671,"No, my name is not, Para Noid."
270,3008,2,4,54,60,1.1333333333333333,0.05557438475642006,671,"No, I'm not afraid of another spill."
451,3008,1,6,53,60,1.1333333333333333,0.05023485333552976,671,I prefer to ride at knight.
551,3008,1,6,53,60,1.1333333333333333,0.05023485333552976,671,It's G.O.T. approved.
569,3008,1,6,53,60,1.1333333333333333,0.05023485333552976,671,"It came with the bike, which is called a Lancer"
639,3008,2,4,54,60,1.1333333333333333,0.05557438475642006,671,How about a nightcap at my place?
666,3008,0,8,52,60,1.1333333333333333,0.044255719836307675,671,That's an impressive antenna you're wearing.
1496,3008,1,6,53,60,1.1333333333333333,0.05023485333552976,671,Who cares if Joan of Arc is in town?
780,3008,1,6,53,60,1.1333333333333333,0.05023485333552976,671,"I can perhaps understand why now, but not why you wore it last Knight in bed"
862,3008,1,6,53,60,1.1333333333333333,0.05023485333552976,671,"Haha, I can see how you might get that impression, but I’m actually one of those guys who thinks birth control shouldn’t be my responsibility"
1486,3008,2,4,54,60,1.1333333333333333,0.05557438475642006,671,"Biking is great exercise for me, Pillaging is murder on the Gluts as much as it is on the villagers."
1460,3008,2,4,54,60,1.1333333333333333,0.05557438475642006,671,"Yeah, I think the Knight Rider was something completely different."
1374,3008,1,6,53,60,1.1333333333333333,0.05023485333552976,671,Ever feel like your life is one of those weird New Yorker cartoons?
1349,3008,2,4,54,60,1.1333333333333333,0.05557438475642006,671,"Don't be stupid Lance, there is NO WAY to conceal this!"
1308,3008,1,6,53,60,1.1333333333333333,0.05023485333552976,671,"Up here on the roof, you never know who might want to joust with you."
1173,3008,2,4,54,60,1.1333333333333333,0.05557438475642006,671,The Tour just isn't the same without Lance.
1212,3008,0,8,52,60,1.1333333333333333,0.044255719836307675,671,Jousting on horses is so medieval.
1038,3008,1,6,53,60,1.1333333333333333,0.05023485333552976,671,You forgot the body bag.
1032,3008,0,8,52,60,1.1333333333333333,0.044255719836307675,671,"Anyway, all I really said to him was ""Good knight, sir"""
1013,3008,2,4,54,60,1.1333333333333333,0.05557438475642006,671,My horse stole my car...
983,3008,1,6,53,60,1.1333333333333333,0.05023485333552976,671,This is aerodynamic armor.
885,3008,1,6,53,60,1.1333333333333333,0.05023485333552976,671,...but the bike is carbon fiber
1148,3008,1,6,53,60,1.1333333333333333,0.05023485333552976,671,"Dude, you have got to lay off the shrooms..."
3750,3008,1,6,53,60,1.1333333333333333,0.05023485333552976,671,You should try putting the metal to the pedal too.
1022,3072,1,6,54,61,1.1311475409836065,0.049452797144256905,671,You misunderstood.'Knight Rider' was an old television show.
2169,3072,2,4,55,61,1.1311475409836065,0.054699426256796496,671,Put the metal to the pedal
2805,3072,2,4,55,61,1.1311475409836065,0.054699426256796496,671,You better get focused on the coming hill!
373,3075,1,6,55,62,1.1290322580645162,0.048694598441382554,671,I threw down the gauntlet in that last hill climb!
2471,3076,1,5,50,56,1.125,0.05136133772583239,671,Promise me you will still stop for traffic lights!
2068,3076,0,7,49,56,1.125,0.04459412925079223,671,I thought we were knight riding?
2097,3076,1,5,50,56,1.125,0.05136133772583239,671,"Yup, this week they've got me product testing over armour. And, nope, it's not breathable."
2121,3076,1,5,50,56,1.125,0.05136133772583239,671,"I wrote that 'I like bike riding and chess' in my 'about me' section. Since I forgot my selfie stick, those claims will come off as inauthentic without a collaborating profile pic."
2161,3076,1,5,50,56,1.125,0.05136133772583239,671,"You have reached Knightrider, I'm not in at the moment, but if you leave your name, number, and message....."
2187,3076,1,5,50,56,1.125,0.05136133772583239,671,I think my steed  needs a new derailleur.
2221,3076,0,7,49,56,1.125,0.04459412925079223,671,"I'm ready for anything, even running for President."
2223,3076,0,7,49,56,1.125,0.04459412925079223,671,It's funnier when I am riding at night
2226,3076,1,5,50,56,1.125,0.05136133772583239,671,"Don’t worry, it’s a passing fad."
2242,3076,0,7,49,56,1.125,0.04459412925079223,671,Under Armor just wasn't working for me!
2248,3076,1,5,50,56,1.125,0.05136133772583239,671,It's the rent-a-bikes you have to watch out for.
2279,3076,0,7,49,56,1.125,0.04459412925079223,671,"Come on, get the lead out!"
2320,3076,1,5,50,56,1.125,0.05136133772583239,671,"I said a ""night errand"" not ""knight errantry."""
2339,3076,1,5,50,56,1.125,0.05136133772583239,671,"My arm is strong, but I forgot my lance."
2367,3076,1,5,50,56,1.125,0.05136133772583239,671,"I wear it because it elevates my bpm, lowers LDL and covers my PJ's"
2422,3076,1,5,50,56,1.125,0.05136133772583239,671,Lady there are a LOT of bird scooters through here!
2432,3076,0,7,49,56,1.125,0.04459412925079223,671,What? You're going to tell me you've never seen a Connecticut Yankee?
2452,3076,1,5,50,56,1.125,0.05136133772583239,671,"Oh, you recommended Under Armour!"
2054,3076,1,5,50,56,1.125,0.05136133772583239,671,"Look, my LARP was cancelled. I’m wearing this somewhere."
2053,3076,1,5,50,56,1.125,0.05136133772583239,671,Sir Lancelot Armstrong passing to your left!
2043,3076,1,5,50,56,1.125,0.05136133772583239,671,"Pardon, milady.  Trying to advance and protect at the same time."
2020,3076,2,3,51,56,1.125,0.057335309036732875,671,I don't got for Carbon Fiber-- Steel is Real!
1641,3076,0,7,49,56,1.125,0.04459412925079223,671,Gawain here.  Is my new chain mail ready yet?  I need it for my next Ironman.
1662,3076,2,3,51,56,1.125,0.057335309036732875,671,Going to the Game of Huffys festival today !
1670,3076,0,7,49,56,1.125,0.04459412925079223,671,Getting back to the basics.  Like Crossfit only with a bicycle.
1674,3076,1,5,50,56,1.125,0.05136133772583239,671,Leaving the bike lane?
1698,3076,0,7,49,56,1.125,0.04459412925079223,671,Get ready to terrorize pedestrians
1709,3076,1,5,50,56,1.125,0.05136133772583239,671,Name's 'Michael'; just out to show that one man can make a difference.
1712,3076,0,7,49,56,1.125,0.04459412925079223,671,I've always been a fan of knight riding!
1718,3076,1,5,50,56,1.125,0.05136133772583239,671,Is that Lance?
1724,3076,0,7,49,56,1.125,0.04459412925079223,671,Y<ou do want to oil the knee joints.
1782,3076,1,5,50,56,1.125,0.05136133772583239,671,"I said ""we're running out of rooftop."""
1903,3076,1,5,50,56,1.125,0.05136133772583239,671,"The White House, again"
1917,3076,0,7,49,56,1.125,0.04459412925079223,671,It's also made of fiberglass
1934,3076,1,5,50,56,1.125,0.05136133772583239,671,"I know my tattoo says ""Live to Ride"", but this is just common sense!"
1948,3076,1,5,50,56,1.125,0.05136133772583239,671,Watch this lobster roll.
1969,3076,0,7,49,56,1.125,0.04459412925079223,671,Wait! Wait!  I love your helmet and bike apparel -- is that new from Tommy Hilfiger?  Where can I find something like that?
1997,3076,1,5,50,56,1.125,0.05136133772583239,671,"A horse, a horse, my kingdom for a horse!"
2002,3076,1,5,50,56,1.125,0.05136133772583239,671,"Pardon me, milady— Have you seen the bike lance?"
3706,3076,1,5,50,56,1.125,0.05136133772583239,671,...aaaALWAYS USE PROtectionn...
2498,3076,0,7,49,56,1.125,0.04459412925079223,671,Where's Lance?
2537,3076,0,7,49,56,1.125,0.04459412925079223,671,"Liz, answer your phone!"
2539,3076,0,7,49,56,1.125,0.04459412925079223,671,It's a beautiful evening for a knight ride.
3075,3076,0,7,49,56,1.125,0.04459412925079223,671,You’ve just got to grease the heels a bit.
3110,3076,1,5,50,56,1.125,0.05136133772583239,671,How else will they know I’m the green KITT?
3136,3076,0,7,49,56,1.125,0.04459412925079223,671,"Is that you, Gwyneth?"
3161,3076,1,5,50,56,1.125,0.05136133772583239,671,Armor Up!
3229,3076,2,3,51,56,1.125,0.057335309036732875,671,"You know, I don' think the producer has seen the original Knight Rider."
3247,3076,1,5,50,56,1.125,0.05136133772583239,671,I don't believe in half measures.
3273,3076,1,5,50,56,1.125,0.05136133772583239,671,"Even though I’m all about protection, I think the boots were too much."
3326,3076,1,5,50,56,1.125,0.05136133772583239,671,She's reliable but needs a lot of spurring.
3353,3076,1,5,50,56,1.125,0.05136133772583239,671,Thelma and I are going down hill first
3404,3076,1,5,50,56,1.125,0.05136133772583239,671,You’re right Rebecca. This IS safer than biking at night.
3435,3076,1,5,50,56,1.125,0.05136133772583239,671,I'm just going to the Fashion week
3502,3076,0,7,49,56,1.125,0.04459412925079223,671,For the same reason my horse sleeps standing up.
3526,3076,2,3,51,56,1.125,0.057335309036732875,671,Watch me use my knight rider turbo boost!
3563,3076,1,5,50,56,1.125,0.05136133772583239,671,But why Mitsubishi Lancers? singularly.
3572,3076,1,5,50,56,1.125,0.05136133772583239,671,Mom really?  This armored suit for protection is killing my speed.
3588,3076,0,7,49,56,1.125,0.04459412925079223,671,"For safety, you needed, a light and reflectors for your night equipment, NOT, knight equipment!"
3651,3076,1,5,50,56,1.125,0.05136133772583239,671,There appears to have been a misunderstanding ...
3056,3076,0,7,49,56,1.125,0.04459412925079223,671,My mother required it.
3037,3076,1,5,50,56,1.125,0.05136133772583239,671,Are you on the millennium ride loop?
2970,3076,0,7,49,56,1.125,0.04459412925079223,671,"Once you try brand Knight, you can never go back."
2960,3076,1,5,50,56,1.125,0.05136133772583239,671,It looked like a giant hill to me.
2555,3076,0,7,49,56,1.125,0.04459412925079223,671,"Well, they said night vision glasses would help me see while riding."
2559,3076,1,5,50,56,1.125,0.05136133772583239,671,"I siege castles, not the environment."
2592,3076,0,7,49,56,1.125,0.04459412925079223,671,The pigeons are horrible when you get in the park.
2607,3076,2,3,51,56,1.125,0.057335309036732875,671,Body armour for mobile mobility.
2688,3076,0,7,49,56,1.125,0.04459412925079223,671,"When we get to the County Fair, your foam outfit is going to be all the rage. Just don't lose your knit hat."
2699,3076,1,5,50,56,1.125,0.05136133772583239,671,"Stop talking and 
put the metal to the pedal.”

                        Judd Pillot, Los Angele"
2712,3076,1,5,50,56,1.125,0.05136133772583239,671,I meant to order under armor.
2721,3076,0,7,49,56,1.125,0.04459412925079223,671,Don't laugh. It's part of the latest Vision Zero initiative.
1638,3076,1,5,50,56,1.125,0.05136133772583239,671,It's easy on the joints.
2735,3076,2,3,51,56,1.125,0.057335309036732875,671,"I'm not afraid, but prefer a good stallion."
2756,3076,1,5,50,56,1.125,0.05136133772583239,671,"Siri, does the Highline have any downhills?"
2777,3076,1,5,50,56,1.125,0.05136133772583239,671,There be dragons in Jersey.
2829,3076,0,7,49,56,1.125,0.04459412925079223,671,I'm retrofitting it next week with blinking lights.
2850,3076,1,5,50,56,1.125,0.05136133772583239,671,I don’t think that is what is meant by “Iron Man” competition.
2886,3076,1,5,50,56,1.125,0.05136133772583239,671,"No, not afraid of traffic--I need to sweat off another five pounds."
2928,3076,1,5,50,56,1.125,0.05136133772583239,671,I am returning to where I came from. The castle is just around this bend.
2930,3076,1,5,50,56,1.125,0.05136133772583239,671,David Hasselhoff you ain’t
2938,3076,1,5,50,56,1.125,0.05136133772583239,671,They call it Uber where I'm coming from
2741,3076,1,5,50,56,1.125,0.05136133772583239,671,"Prithee...such a question,  a proper knight always has ""Under Armour"" under their  armor."
1605,3076,1,5,50,56,1.125,0.05136133772583239,671,I think your chainmail’s slipped off.
1594,3076,1,5,50,56,1.125,0.05136133772583239,671,Biking is a great warm up for jousting.
1593,3076,1,5,50,56,1.125,0.05136133772583239,671,What? you said we were going knight biking.
335,3076,2,3,51,56,1.125,0.057335309036732875,671,"It’s slower than my horse, but results in less chafing."
426,3076,0,7,49,56,1.125,0.04459412925079223,671,Are you a damsel in de-stress?
444,3076,1,5,50,56,1.125,0.05136133772583239,671,Knight Rider Here.
445,3076,1,5,50,56,1.125,0.05136133772583239,671,It's like knight and day.
465,3076,1,5,50,56,1.125,0.05136133772583239,671,I'm prepared to ride all day and all knight.
485,3076,2,3,51,56,1.125,0.057335309036732875,671,My steed ist in ye shoppe.
486,3076,0,7,49,56,1.125,0.04459412925079223,671,My other bicycle is a penny-farthing.
500,3076,1,5,50,56,1.125,0.05136133772583239,671,I think you misunderstood. The Armor-All is for the wheels.
524,3076,0,7,49,56,1.125,0.04459412925079223,671,Did we drop Donald yet?
539,3076,0,7,49,56,1.125,0.04459412925079223,671,Haven't had an issue with road rash since I started wearing this.
574,3076,0,7,49,56,1.125,0.04459412925079223,671,A helmet is required but I have yet to see specifics for body protection.
576,3076,1,5,50,56,1.125,0.05136133772583239,671,Hot in here.
583,3076,2,3,51,56,1.125,0.057335309036732875,671,"Yes, whenever I oil the chain."
612,3076,0,7,49,56,1.125,0.04459412925079223,671,Mosquitoes.
649,3076,2,3,51,56,1.125,0.057335309036732875,671,Is your landlord also against noble steeds?
661,3076,1,5,50,56,1.125,0.05136133772583239,671,Suit up for night duty voice mail?
662,3076,1,5,50,56,1.125,0.05136133772583239,671,The flatulence was killing me.
331,3076,0,7,49,56,1.125,0.04459412925079223,671,"Honey, it's Amsterdam. I'm being smart."
302,3076,0,7,49,56,1.125,0.04459412925079223,671,I'm running late.  My steed is in the shop.
301,3076,1,5,50,56,1.125,0.05136133772583239,671,I switched when I heard this method of travel no longer employs a lance.
248,3076,1,5,50,56,1.125,0.05136133772583239,671,"Yes, there are hazards, but a lance isn't one of them."
3758,3076,0,7,49,56,1.125,0.04459412925079223,671,It's the only way to protect yourself from cars.
14,3076,2,3,51,56,1.125,0.057335309036732875,671,When in Ironbound...
37,3076,1,5,50,56,1.125,0.05136133772583239,671,"Mr Wiggins, I think you're taking this knighthood entirely too seriously."""
42,3076,2,3,51,56,1.125,0.057335309036732875,671,You say it's a KITT bike?
45,3076,1,5,50,56,1.125,0.05136133772583239,671,This next section is my protest against the 4th street ONE WAY NORTH!  Then Smoothies and Band-aids at the South Shore Bistro.
57,3076,1,5,50,56,1.125,0.05136133772583239,671,"No. I'm not calling you ""Knight Rider""."
61,3076,0,7,49,56,1.125,0.04459412925079223,671,"Can't. I've already committed to a hipster rally on Thursday. Let me ask my parents for some more money, and I'll get back to you."
81,3076,2,3,51,56,1.125,0.057335309036732875,671,"I thought you said 'riding as a knight,' not 'at night.'"
700,3076,1,5,50,56,1.125,0.05136133772583239,671,"Oops. I just learned the ""Tour de Franks"" is a hot dog eating contest."
89,3076,1,5,50,56,1.125,0.05136133772583239,671,Those escooters are a menace!
107,3076,0,7,49,56,1.125,0.04459412925079223,671,We need to reinvent horses
130,3076,0,7,49,56,1.125,0.04459412925079223,671,I thought you said something about a lance?
155,3076,2,3,51,56,1.125,0.057335309036732875,671,"I thought you said to go for a Knight ride.

This is nothing, it's extreamly harder when I bring my lance.

Does this outfit make me look fat?"
174,3076,0,7,49,56,1.125,0.04459412925079223,671,So you're from Camelot?
193,3076,2,3,51,56,1.125,0.057335309036732875,671,This traffic is brutal.
195,3076,1,5,50,56,1.125,0.05136133772583239,671,"I know I took the Night ride literally, but it's really reflective."
213,3076,1,5,50,56,1.125,0.05136133772583239,671,It’s from the armor with bike share program
230,3076,2,3,51,56,1.125,0.057335309036732875,671,"Withdraw, my lord; I'll help you to a horse."
95,3076,0,7,49,56,1.125,0.04459412925079223,671,My mother says you can never be too safe.
3674,3076,0,7,49,56,1.125,0.04459412925079223,671,We are trying to take a more animal friendly approach towards jousting
706,3076,2,3,51,56,1.125,0.057335309036732875,671,"When I suggested we go for a night bike ride, I'd no idea you would think that meant doing something medievally audacious."""
730,3076,1,5,50,56,1.125,0.05136133772583239,671,Oh my! Ms. IronWoman meets #MeToo meets Game of Thrones meets AOC and the Gang of Four
1188,3076,0,7,49,56,1.125,0.04459412925079223,671,It's part of my therapy for metallophobia.
1223,3076,1,5,50,56,1.125,0.05136133772583239,671,"I had this dreadful dream last night; I met up at the office in an medieval armor"""
1250,3076,0,7,49,56,1.125,0.04459412925079223,671,No. its not your Cell!
1295,3076,1,5,50,56,1.125,0.05136133772583239,671,not the kind of night ride I had in mind!
1316,3076,2,3,51,56,1.125,0.057335309036732875,671,This isn’t the joust lane jackass!
1351,3076,1,5,50,56,1.125,0.05136133772583239,671,"Hold on Lance, I’ve got a damsel passing."
3735,3076,1,5,50,56,1.125,0.05136133772583239,671,"In my line of work, bike to work day is also bike to The Crusades day."
1410,3076,1,5,50,56,1.125,0.05136133772583239,671,Safety first.  Itch scratching second.  Needs rethinking.
1411,3076,0,7,49,56,1.125,0.04459412925079223,671,I mix and match Snell and DOT standards.
1449,3076,1,5,50,56,1.125,0.05136133772583239,671,"I said, let's ride at NIGHT!"
1450,3076,1,5,50,56,1.125,0.05136133772583239,671,She's allergic to horses
1493,3076,0,7,49,56,1.125,0.04459412925079223,671,"They said I'd be safer in this outfit, but the damn visor keeps blocking my view."
1507,3076,1,5,50,56,1.125,0.05136133772583239,671,This was easier when I had the black car.
1514,3076,2,3,51,56,1.125,0.057335309036732875,671,My white steed died. I'm riding my converted tilting lance.
1544,3076,3,1,52,56,1.125,0.06274303396942414,671,I'm a Beta tester for Bell
1551,3076,0,7,49,56,1.125,0.04459412925079223,671,"I'm not Spider Man, I'm the Night Knight Biker!"
1552,3076,1,5,50,56,1.125,0.05136133772583239,671,No. No this loner doesn’t even have Bluetooth.
1175,3076,2,3,51,56,1.125,0.057335309036732875,671,Can't be too cautious when dating a dragon!
1157,3076,1,5,50,56,1.125,0.05136133772583239,671,Dragons produce three times more CO2 than a car! I can't ride that in good conscience.
1141,3076,1,5,50,56,1.125,0.05136133772583239,671,"I'm telling you, the Tour de France is not going to believe you're Joan of Arc."
1133,3076,1,5,50,56,1.125,0.05136133772583239,671,My horse insurance is too expensive this month.
736,3076,1,5,50,56,1.125,0.05136133772583239,671,Doesn’t it get kinda hot in there?
753,3076,1,5,50,56,1.125,0.05136133772583239,671,I really don't think you can use this thing to joust.
779,3076,0,7,49,56,1.125,0.04459412925079223,671,"It’s 5g, not a time machine."
782,3076,1,5,50,56,1.125,0.05136133772583239,671,I'm riding the Tour de Lancelot.
794,3076,1,5,50,56,1.125,0.05136133772583239,671,It’s my editor about edits to “Hot Knights in the city.
802,3076,0,7,49,56,1.125,0.04459412925079223,671,"Cars still have the “Right of Way”, you know?"
817,3076,1,5,50,56,1.125,0.05136133772583239,671,Well who put the tampons in the fridge?
835,3076,0,7,49,56,1.125,0.04459412925079223,671,"Fare thee well m'lady. I must ride my trustye steede to Bushwycke where, I am tolde, I shall finde younger ladyes of loose morals to fucke...and, perhcance, some mead and cocayne."
725,3076,1,5,50,56,1.125,0.05136133772583239,671,"1982:
Hasselhoff got the series? But I've been training!!"
875,3076,0,7,49,56,1.125,0.04459412925079223,671,My voices are telling me to turn left.
899,3076,0,7,49,56,1.125,0.04459412925079223,671,"Do I recognize you from somewhere, perhaps King Arthur’s court?"
947,3076,1,5,50,56,1.125,0.05136133772583239,671,I'm hardened for city arteries.
1011,3076,1,5,50,56,1.125,0.05136133772583239,671,"It’s a faster way of moving from C-3, to B-5"
1046,3076,0,7,49,56,1.125,0.04459412925079223,671,Great time for a knight ride
1068,3076,0,7,49,56,1.125,0.04459412925079223,671,"The kingdom's facing severe budget cuts. Mead was the first to go, then horses..."
1086,3076,0,7,49,56,1.125,0.04459412925079223,671,I wouldn't be afraid of road rash if the streets were cleaner.
1095,3076,0,7,49,56,1.125,0.04459412925079223,671,'Your late Joan it already started .
1129,3076,0,7,49,56,1.125,0.04459412925079223,671,I gotta go pee
878,3076,2,3,51,56,1.125,0.057335309036732875,671,"Sir Chafes-a-lot is more like it, Lance."
3704,3076,0,7,49,56,1.125,0.04459412925079223,671,Didn't have time to change from the GOT finale party.
1267,3246,1,5,53,59,1.11864406779661,0.048860455426129414,671,"Don't worry, it breathes . . . sort of."
792,3247,0,7,53,60,1.1166666666666667,0.04179359199028118,671,These days I ride a bike even in my dream.
288,3248,1,4,48,53,1.1132075471698113,0.051539276936327136,671,"Well, the race is called the Tour de Force."
1142,3248,0,6,47,53,1.1132075471698113,0.043938680706010445,671,"Well, apart from the current political climate, my shrink simply thinks I watched too much Knight Rider as a kid."
2732,3248,1,4,48,53,1.1132075471698113,0.051539276936327136,671,What happened last knight?
3227,3248,1,4,48,53,1.1132075471698113,0.051539276936327136,671,"I'm only five minutes away honey, traffic has been a nightmare."
3271,3252,0,6,48,54,1.1111111111111112,0.043168260549211725,671,"Totally agree, sir: we're destined to crush the Yankees tonight."
3268,3252,1,4,49,54,1.1111111111111112,0.050619272401046675,671,This isn't the Trek I had in mind.
2908,3252,1,4,49,54,1.1111111111111112,0.050619272401046675,671,"This looks stupid awkward bad, I know.  But I fall and crash into things a lot."
2328,3252,0,6,48,54,1.1111111111111112,0.043168260549211725,671,These city bike lanes require extra protection!
1989,3252,0,6,48,54,1.1111111111111112,0.043168260549211725,671,"No, I'm not crusading for more protective bicycle gear."
1763,3252,0,6,48,54,1.1111111111111112,0.043168260549211725,671,I guess we will just have to agree to disagree on the effectiveness of  Vision Zero
1704,3252,0,6,48,54,1.1111111111111112,0.043168260549211725,671,"Just wrapping up our safety teleconference, then we can pick up the pace"
1685,3252,2,2,50,54,1.1111111111111112,0.05710624097222739,671,"Good night, Knight."
1478,3252,1,4,49,54,1.1111111111111112,0.050619272401046675,671,"""Traffic on the bridge is murder."""
1314,3252,0,6,48,54,1.1111111111111112,0.043168260549211725,671,My employer gives incentives too – but mostly turkey legs.
1269,3252,0,6,48,54,1.1111111111111112,0.043168260549211725,671,So far I’m ahead but he’s better dressed than me
880,3252,2,2,50,54,1.1111111111111112,0.05710624097222739,671,Its white stead not five speed!
882,3252,0,6,48,54,1.1111111111111112,0.043168260549211725,671,So is this a new exercise trend?
3480,3252,0,6,48,54,1.1111111111111112,0.043168260549211725,671,Love the downhills.  I'm beat.
874,3252,0,6,48,54,1.1111111111111112,0.043168260549211725,671,I'm just not sure how far back we're backtracking.
567,3252,0,6,48,54,1.1111111111111112,0.043168260549211725,671,I’m doing my part to save Middle Earth
410,3252,1,4,49,54,1.1111111111111112,0.050619272401046675,671,"Well, I do like the hat."
393,3252,1,4,49,54,1.1111111111111112,0.050619272401046675,671,So what if Ironman is sexist?
343,3252,1,4,49,54,1.1111111111111112,0.050619272401046675,671,"A mountain  bike, of course!"
310,3252,1,4,49,54,1.1111111111111112,0.050619272401046675,671,Aren't you a throwback?
111,3252,1,4,49,54,1.1111111111111112,0.050619272401046675,671,"You sent back to 1985, not 1385."
3737,3252,1,4,49,54,1.1111111111111112,0.050619272401046675,671,It's more squeaky than my old Schwinn.
3464,3252,1,4,49,54,1.1111111111111112,0.050619272401046675,671,I had to do with this after the siege tower broke down.
1407,3275,0,6,50,56,1.1071428571428572,0.0417053005800816,671,Don't you realise the risk you're taking by not using sterling silver bikewear?
2252,3276,1,4,53,58,1.103448275862069,0.04724506633555822,671,This Vision Zero intititive is really working well!
1857,3277,1,3,46,50,1.1,0.05150787536377128,671,"Hey, can I be your knight in shining armor?"
2489,3277,0,5,45,50,1.1,0.04285714285714286,671,"Excuse me, I'm late for a meeting at the round table"""
2479,3277,1,3,46,50,1.1,0.05150787536377128,671,"Hey Lance, I thought you quit racing?"
2463,3277,1,3,46,50,1.1,0.05150787536377128,671,Traffic is so bad that I have to be prepared
2419,3277,0,5,45,50,1.1,0.04285714285714286,671,"Hey, do you like green eggs and ham?"
2397,3277,1,3,46,50,1.1,0.05150787536377128,671,Night rider vs. Knight rider
2368,3277,0,5,45,50,1.1,0.04285714285714286,671,...but do you remember where you put your socks?
2315,3277,0,5,45,50,1.1,0.04285714285714286,671,...it was either a suit of armor or a SoulCycle membership...
2276,3277,1,3,46,50,1.1,0.05150787536377128,671,"Yes, I'm Knight Rider. No, my bike doesn't talk."
2265,3277,1,3,46,50,1.1,0.05150787536377128,671,Dust my watch as I put the metal to the pedal!
2263,3277,0,5,45,50,1.1,0.04285714285714286,671,New carbon fiber bicycle: fifteen pounds. New steel suit of armor: one hundred pounds. Something is wrong here.
2243,3277,0,5,45,50,1.1,0.04285714285714286,671,I need to oil my chain mail.
1847,3277,0,5,45,50,1.1,0.04285714285714286,671,My gallant steed took the subway.
2228,3277,1,3,46,50,1.1,0.05150787536377128,671,Cycling through an urban renaissance.  When are you?
2159,3277,0,5,45,50,1.1,0.04285714285714286,671,Is there a joust today!
2152,3277,0,5,45,50,1.1,0.04285714285714286,671,Did you remember to turn off the oven?
2075,3277,0,5,45,50,1.1,0.04285714285714286,671,The bike lane is closed today
2062,3277,0,5,45,50,1.1,0.04285714285714286,671,Which way to the War de France?
1976,3277,0,5,45,50,1.1,0.04285714285714286,671,"Sorry I can't talk now, I am on the bike"
1912,3277,0,5,45,50,1.1,0.04285714285714286,671,Mom is a little over-protective but I'm living in her basement.
1896,3277,0,5,45,50,1.1,0.04285714285714286,671,be careful with rain!
1871,3277,1,3,46,50,1.1,0.05150787536377128,671,Couldn't get an Uber for the Belvedere castle opening in Central Park!
2635,3277,0,5,45,50,1.1,0.04285714285714286,671,But being a knight rider seemed like such a good idea at the time.
2715,3277,0,5,45,50,1.1,0.04285714285714286,671,"It's ""knight"" in shining armor,not ""bike"" in shining armor."
3292,3277,0,5,45,50,1.1,0.04285714285714286,671,Horses are getting phased out since the Knight's Guild adopted the Paris goals.
2771,3277,1,3,46,50,1.1,0.05150787536377128,671,Are you also training for the Invasion de France?
1757,3277,1,3,46,50,1.1,0.05150787536377128,671,"I know, when your gear slips, it's like riding in the Middle Ages."
3698,3277,1,3,46,50,1.1,0.05150787536377128,671,"Dang, I can't believe I forgot to wear my chamois!"
3656,3277,0,5,45,50,1.1,0.04285714285714286,671,I'm heading to the NetZero medieval festival.
3645,3277,0,5,45,50,1.1,0.04285714285714286,671,My parents are so overprotective!
3539,3277,1,3,46,50,1.1,0.05150787536377128,671,Passing on thou sinister
3492,3277,1,3,46,50,1.1,0.05150787536377128,671,Is this the Tour de Staten Island.?
3378,3277,1,3,46,50,1.1,0.05150787536377128,671,"Sir Lancelot Armstrong, m’lady...have you per chance seen a grail?"
3373,3277,0,5,45,50,1.1,0.04285714285714286,671,Its the cell phones I worry about
3349,3277,0,5,45,50,1.1,0.04285714285714286,671,You can't trust those fixies.
3319,3277,0,5,45,50,1.1,0.04285714285714286,671,Of course I’m going to win the race. Just because the knight in chess takes Ls doesn’t mean that I do.
3318,3277,0,5,45,50,1.1,0.04285714285714286,671,Hi! I'm your knight in shining armor!
3275,3277,1,3,46,50,1.1,0.05150787536377128,671,My insurance lists biking as a pre-existing condition.
3223,3277,0,5,45,50,1.1,0.04285714285714286,671,"Relax, honey,
I'll be home in twenty to change Tommy's armor, ok?"
3196,3277,0,5,45,50,1.1,0.04285714285714286,671,I must have taken a wrong turn at the 14th century.
3173,3277,1,3,46,50,1.1,0.05150787536377128,671,I've run out of bike lube again.
3091,3277,1,3,46,50,1.1,0.05150787536377128,671,traffic alert - 2 bike crash ahead!
3060,3277,0,5,45,50,1.1,0.04285714285714286,671,"You're breaking up......OH, what you said to me?"""
2992,3277,1,3,46,50,1.1,0.05150787536377128,671,I gave Sancho and Rocinante the summer off.
3726,3277,1,3,46,50,1.1,0.05150787536377128,671,Call me “Lancelot Armorstrong”.
2913,3277,1,3,46,50,1.1,0.05150787536377128,671,"'""No! You mean you said it's cool that there 'are more night' cyclists now?"""
2907,3277,0,5,45,50,1.1,0.04285714285714286,671,I always make sure to wear enough protection for my nightly ride.
2881,3277,1,3,46,50,1.1,0.05150787536377128,671,And  I  left my charger in Reims.
2876,3277,0,5,45,50,1.1,0.04285714285714286,671,I feel a bit unprepared for this without my jousting pole.
2733,3277,0,5,45,50,1.1,0.04285714285714286,671,Lancelot or Armstrong?
1659,3277,1,3,46,50,1.1,0.05150787536377128,671,I ordered body armor because I thought it was a drink
488,3277,0,5,45,50,1.1,0.04285714285714286,671,"You better get home soon, this is no place to ride at knight."
1613,3277,0,5,45,50,1.1,0.04285714285714286,671,It’s more efficient than my noble steed.
769,3277,0,5,45,50,1.1,0.04285714285714286,671,I feel a bit braver jousting with he taxis.
695,3277,0,5,45,50,1.1,0.04285714285714286,671,"I said , good knight, not good nite."
667,3277,0,5,45,50,1.1,0.04285714285714286,671,I am the newest urban hero..... Call me the Urban Knight.
547,3277,1,3,46,50,1.1,0.05150787536377128,671,"Yo, Sir Bikesalot, what's up with the retro safety gear?"
527,3277,0,5,45,50,1.1,0.04285714285714286,671,When they said deliver the mail I was thinking postal carrier.
461,3277,1,3,46,50,1.1,0.05150787536377128,671,New around here?
439,3277,1,3,46,50,1.1,0.05150787536377128,671,Have you seen a lance?
402,3277,0,5,45,50,1.1,0.04285714285714286,671,"According to my GPS, ""The Holy Grail"" should be here.  But Alexa says it moved to Hoboken."
305,3277,0,5,45,50,1.1,0.04285714285714286,671,"Well, you can't just abandon your community if you don't feel safe."
266,3277,0,5,45,50,1.1,0.04285714285714286,671,NYC here we come.
866,3277,1,3,46,50,1.1,0.05150787536377128,671,"I forgot my lance! Maybe, we just do verbal jousting this time?"
263,3277,0,5,45,50,1.1,0.04285714285714286,671,My Steed was unavailable for the pillage
232,3277,0,5,45,50,1.1,0.04285714285714286,671,Watch out for rocks or it will be knightfall soon.
229,3277,1,3,46,50,1.1,0.05150787536377128,671,You won't believe my safe sex regimen!
198,3277,1,3,46,50,1.1,0.05150787536377128,671,Fan of Knight Rider?
101,3277,0,5,45,50,1.1,0.04285714285714286,671,"Seriously, all she's wearing is her under armour."
87,3277,0,5,45,50,1.1,0.04285714285714286,671,"Yes, Janet, I am wearing armor, while biking."
9,3277,1,3,46,50,1.1,0.05150787536377128,671,The voice of KITT echoes in here.
8,3277,0,5,45,50,1.1,0.04285714285714286,671,It wards off drag—and dragons.
7,3277,1,3,46,50,1.1,0.05150787536377128,671,Getting around the city’s become medieval lately.
1,3277,0,5,45,50,1.1,0.04285714285714286,671,"This is the start of the recurring dream I've been having every night, over and over...and yet I never remember it the next day. Not to freak you out or anything."
1618,3277,0,5,45,50,1.1,0.04285714285714286,671,"Ah bet, ... you don't need sunscreen!"
243,3277,0,5,45,50,1.1,0.04285714285714286,671,YOU ARE SQUEAKING. YOU BETTER STOP AT THE NEAREST SERVICE CENTER.
872,3277,1,3,46,50,1.1,0.05150787536377128,671,Call me Knight Rider.”
72,3277,1,3,46,50,1.1,0.05150787536377128,671,Where's your steed?
984,3277,1,3,46,50,1.1,0.05150787536377128,671,"Because they won't let me ride my steed on the High Line, that's why."
964,3277,1,3,46,50,1.1,0.05150787536377128,671,Dungeons & Dragons just wasn't cutting it.
1579,3277,1,3,46,50,1.1,0.05150787536377128,671,It's not easy being a vegan
1559,3277,0,5,45,50,1.1,0.04285714285714286,671,Your knight in shining armor misses his horse.
1506,3277,1,3,46,50,1.1,0.05150787536377128,671,I'm transitioning from horse and armor.
1500,3277,0,5,45,50,1.1,0.04285714285714286,671,These summer knights can be brutal.
1479,3277,0,5,45,50,1.1,0.04285714285714286,671,"I don’t care if it’s safer, I look silly in a helmet."
1469,3277,1,3,46,50,1.1,0.05150787536377128,671,Modern problems require modern solutions.
1448,3277,1,3,46,50,1.1,0.05150787536377128,671,"I'm guessing your husband is now quite confused, astride my steed, wishing he'd learned to joust."
1438,3277,1,3,46,50,1.1,0.05150787536377128,671,It was a rough night.
1385,3277,1,3,46,50,1.1,0.05150787536377128,671,I always have to pass through the Bronx on my way to work.
1384,3277,1,3,46,50,1.1,0.05150787536377128,671,I' was told they would not test my platelets.
1521,3277,1,3,46,50,1.1,0.05150787536377128,671,Have you got a breath mint?
1327,3277,0,5,45,50,1.1,0.04285714285714286,671,Rain?  And I forgot my WD40 in the castle keep!
1350,3277,0,5,45,50,1.1,0.04285714285714286,671,I'm starting to think I should've gone with UnderArmor.
1051,3277,0,5,45,50,1.1,0.04285714285714286,671,"I'm not a cyclist, I'm a temporarily embarrassed chevalier."
1005,3277,2,1,47,50,1.1,0.05890150893739515,671,"OK, this trend of eschewing modern technology may have gone a bit too far."
1065,3277,1,3,46,50,1.1,0.05150787536377128,671,You ever try finding a horse sharing app?
1219,3277,0,5,45,50,1.1,0.04285714285714286,671,"Thanks for loaning me your spare bike, Ed, but...uh...what do you mean, the brakes don't work?"
1064,3277,1,3,46,50,1.1,0.05150787536377128,671,"The most unfortunate thing about crisises is that you can have them anytime,really."
1246,3277,1,3,46,50,1.1,0.05150787536377128,671,It was either this or going hands free.
1291,3277,1,3,46,50,1.1,0.05150787536377128,671,You shouldn't take this personally. I  never date women who operate MRI scanners.
1297,3277,0,5,45,50,1.1,0.04285714285714286,671,"It's all downhill from here."" -- ""That's what I'm afraid of!"
1312,3277,0,5,45,50,1.1,0.04285714285714286,671,"Hey, get off your phone.  This is a nature ride""
""Okay, but I'm being notified about my kidney transplant.  I'll just hang up."
1042,3379,0,5,49,54,1.0925925925925926,0.03981542423923758,671,"Michael Knight?  Sorry, wrong number."
3004,3380,0,4,43,47,1.0851063829787233,0.041142194186747603,671,I said Under Armour not Armet amour.
3000,3380,1,2,44,47,1.0851063829787233,0.05116394748945358,671,Gotta go into Hudson Yards with some swagger...
2980,3380,1,2,44,47,1.0851063829787233,0.05116394748945358,671,"Ever since they really cracked down on doping, this is how all the pro-bikers have been practicing."
2864,3380,1,2,44,47,1.0851063829787233,0.05116394748945358,671,It comes in handy for unscheduled jousting matches.
2842,3380,0,4,43,47,1.0851063829787233,0.041142194186747603,671,It's a race not a Mace.
2831,3380,0,4,43,47,1.0851063829787233,0.041142194186747603,671,"Don't take this wrong, but Hat's off to you Man."
3129,3380,0,4,43,47,1.0851063829787233,0.041142194186747603,671,Is your suit carbon fiber or aluminum?
2784,3380,0,4,43,47,1.0851063829787233,0.041142194186747603,671,"Oh, sure, bicycling, too - I really see myself as a Renaissance man."
2522,3380,0,4,43,47,1.0851063829787233,0.041142194186747603,671,"I didn’t make the Jousting Team, but it’s great for melting the pounds away."
2713,3380,0,4,43,47,1.0851063829787233,0.041142194186747603,671,You heard what happened to Van Gogh's grandson?
2690,3380,0,4,43,47,1.0851063829787233,0.041142194186747603,671,I won the Jousting event.
2560,3380,0,4,43,47,1.0851063829787233,0.041142194186747603,671,This helmet rule is absurd!
2517,3380,0,4,43,47,1.0851063829787233,0.041142194186747603,671,I like riding at night.
2344,3380,0,4,43,47,1.0851063829787233,0.041142194186747603,671,My under armor is in the wash
3144,3380,1,2,44,47,1.0851063829787233,0.05116394748945358,671,'' Your horse is a little strange ''
2201,3380,1,2,44,47,1.0851063829787233,0.05116394748945358,671,Hath yon trusty steed a new set of brake pads?
2749,3380,0,4,43,47,1.0851063829787233,0.041142194186747603,671,I can't believe I left the turkey legs in the oven!
3163,3380,1,2,44,47,1.0851063829787233,0.05116394748945358,671,How do .i get to Herald  Squire?
3549,3380,0,4,43,47,1.0851063829787233,0.041142194186747603,671,It's carbon fiber.
3178,3380,0,4,43,47,1.0851063829787233,0.041142194186747603,671,"I know this looks weird, but my horse has the flu."
2156,3380,0,4,43,47,1.0851063829787233,0.041142194186747603,671,"I don't care that you're David Hasselhoff, if you have a pitch for a remake of ""Knight Rider"", see me in my office."
3740,3380,0,4,43,47,1.0851063829787233,0.041142194186747603,671,In case there's jousting.
3718,3380,0,4,43,47,1.0851063829787233,0.041142194186747603,671,Mom said I was born at knight.
3715,3380,0,4,43,47,1.0851063829787233,0.041142194186747603,671,"For better protection, wear that gear under armor."
3707,3380,0,4,43,47,1.0851063829787233,0.041142194186747603,671,I meant to ask for Under Armour.
3648,3380,0,4,43,47,1.0851063829787233,0.041142194186747603,671,This little beauty? I call her Trixie.
3629,3380,1,2,44,47,1.0851063829787233,0.05116394748945358,671,Are you on Strava?
3541,3380,1,2,44,47,1.0851063829787233,0.05116394748945358,671,its much safer for night riding
3520,3380,0,4,43,47,1.0851063829787233,0.041142194186747603,671,My insurance plan is much more antiquated than this outfit. You don't even want to know what I wear to the public pool.
3499,3380,0,4,43,47,1.0851063829787233,0.041142194186747603,671,"I lanced my tire, so I'm running late."
3496,3380,0,4,43,47,1.0851063829787233,0.041142194186747603,671,How is it going uphill?
3486,3380,0,4,43,47,1.0851063829787233,0.041142194186747603,671,Now the Tour de France has throwback uniforms.
3482,3380,0,4,43,47,1.0851063829787233,0.041142194186747603,671,"Between animal abuse and concussion prevention, there’s no point to jousting."
3449,3380,1,2,44,47,1.0851063829787233,0.05116394748945358,671,"Hold on a second, I need to change gears."
3376,3380,1,2,44,47,1.0851063829787233,0.05116394748945358,671,"The Queen was very angry, but she definitely shouted ""Be knighted, cyclist!"""
3355,3380,0,4,43,47,1.0851063829787233,0.041142194186747603,671,"Yes, it's a bit cumbersome. But I can park it right outside the office."
3237,3380,0,4,43,47,1.0851063829787233,0.041142194186747603,671,We’re racing downhill... how is this fair?
3169,3380,0,4,43,47,1.0851063829787233,0.041142194186747603,671,Be on watch for pot holes!!!
2142,3380,0,4,43,47,1.0851063829787233,0.041142194186747603,671,"'I actually was part of this vanguard .. 
but now I've really had it with the male gaze..'"
2100,3380,0,4,43,47,1.0851063829787233,0.041142194186747603,671,"George, didn't you stop filming those Nespresso commercials a few months ago?"
363,3380,0,4,43,47,1.0851063829787233,0.041142194186747603,671,I don't think that that is the Under Armor that is specified for this sport.
1138,3380,1,2,44,47,1.0851063829787233,0.05116394748945358,671,I can't believe I forgot my lance!
1083,3380,0,4,43,47,1.0851063829787233,0.041142194186747603,671,Duck and roll!
810,3380,0,4,43,47,1.0851063829787233,0.041142194186747603,671,This just isn't what I thought you meant when you said you wanted a 'knight-time ride'
732,3380,0,4,43,47,1.0851063829787233,0.041142194186747603,671,Oh no! You didn't get the memo? It's dress like a middle ages man today. Look at everyone else here.
676,3380,0,4,43,47,1.0851063829787233,0.041142194186747603,671,There's a TV show you might like - it's about a guy with curly hair and his talking black sports car
670,3380,0,4,43,47,1.0851063829787233,0.041142194186747603,671,"No, I'm not a ""Connecticut Yankee"".......why do you ask"
505,3380,1,2,44,47,1.0851063829787233,0.05116394748945358,671,I asked for a knight in SHINING armor - not biking armor!!
421,3380,1,2,44,47,1.0851063829787233,0.05116394748945358,671,"It looks pretty, but it's ruining your wind resistance."
355,3380,1,2,44,47,1.0851063829787233,0.05116394748945358,671,You see? I’m not David Hasselhoff!
272,3380,0,4,43,47,1.0851063829787233,0.041142194186747603,671,"And so I told her, ""If you're not wearing armor, you're practically asking to die!"""
268,3380,0,4,43,47,1.0851063829787233,0.041142194186747603,671,Can a princess ride this sidesaddle?
189,3380,1,2,44,47,1.0851063829787233,0.05116394748945358,671,for safety i wear this day or knight
149,3380,0,4,43,47,1.0851063829787233,0.041142194186747603,671,"Hey buddy, it’s a Night, not a Knight, race!"
132,3380,1,2,44,47,1.0851063829787233,0.05116394748945358,671,I just don't see how this will make the joust safer.
127,3380,0,4,43,47,1.0851063829787233,0.041142194186747603,671,Leveling the playing field?
1237,3380,0,4,43,47,1.0851063829787233,0.041142194186747603,671,Do you wear all of this to SoulCycle too?
1264,3380,1,2,44,47,1.0851063829787233,0.05116394748945358,671,The hills are tough on everybody.
1202,3380,0,4,43,47,1.0851063829787233,0.041142194186747603,671,"Why yes, my name is Kitt.  Why do you ask?"
1305,3380,0,4,43,47,1.0851063829787233,0.041142194186747603,671,Keeps the bugs off.
2026,3380,0,4,43,47,1.0851063829787233,0.041142194186747603,671,"I’d like to, Jen. I’d really like to. But I have to trust."
1987,3380,0,4,43,47,1.0851063829787233,0.041142194186747603,671,Call me later.  Your wife is right next to me.
1952,3380,0,4,43,47,1.0851063829787233,0.041142194186747603,671,I told you we wouldn't get back until knight.
1849,3380,0,4,43,47,1.0851063829787233,0.041142194186747603,671,"Twas sure nice in the day's of old, when I was propelled forward by my gallant steed."
1845,3380,0,4,43,47,1.0851063829787233,0.041142194186747603,671,Its for a jousting tournament.  I'm going to pick up my lance.
1825,3380,1,2,44,47,1.0851063829787233,0.05116394748945358,671,"JOUST ME, MOTHERFUCKER!"
1796,3380,0,4,43,47,1.0851063829787233,0.041142194186747603,671,"I know that defensive dating is the rave now, but..."
1279,3380,0,4,43,47,1.0851063829787233,0.041142194186747603,671,I'm stopping by Jen Acker's birthday party on my way to seek the Grail.
1787,3380,0,4,43,47,1.0851063829787233,0.041142194186747603,671,This new lightweight bicycle is really over-hyped
1733,3380,0,4,43,47,1.0851063829787233,0.041142194186747603,671,I wouldn't dream of wearing it to my day job.
1717,3380,1,2,44,47,1.0851063829787233,0.05116394748945358,671,This is about as chivalrous a man can get.
1578,3380,1,2,44,47,1.0851063829787233,0.05116394748945358,671,I dunno. In this heat maybe I should just go naked to the Game of Thrones cosplay parties.
1477,3380,1,2,44,47,1.0851063829787233,0.05116394748945358,671,K.I.T.T. ???!!!
1457,3380,1,2,44,47,1.0851063829787233,0.05116394748945358,671,"But Congresswoman, this is your congressional district."
1418,3380,1,2,44,47,1.0851063829787233,0.05116394748945358,671,I prefer plate armour because my chain mail always locks up.
1750,3380,0,4,43,47,1.0851063829787233,0.041142194186747603,671,And that's how chivalry died.
2109,3380,0,4,43,47,1.0851063829787233,0.041142194186747603,671,"What do you know that I don't? Greg Stroupe, Madison,WI."
158,3457,0,4,48,52,1.0769230769230769,0.03731317308251277,671,I got a good deal on safety gear during Amazon Prime Day.
2245,3458,0,3,41,44,1.0681818181818181,0.03843843094202265,671,It's for the jousting match at the modern renaissance faire
2185,3458,0,3,41,44,1.0681818181818181,0.03843843094202265,671,"I thought the ad read Zen, not Ren riding gear."
2257,3458,0,3,41,44,1.0681818181818181,0.03843843094202265,671,This really gives Man of Steel a new meaning
2483,3458,0,3,41,44,1.0681818181818181,0.03843843094202265,671,Are you sure this is how Sir Galahad got to the Round Table?
2409,3458,0,3,41,44,1.0681818181818181,0.03843843094202265,671,Don’t talk on the phone and drive
2461,3458,0,3,41,44,1.0681818181818181,0.03843843094202265,671,Isn’t this called Iron Men?
2467,3458,0,3,41,44,1.0681818181818181,0.03843843094202265,671,I said I was going to read Faust. I'm not going to a joust.
2176,3458,0,3,41,44,1.0681818181818181,0.03843843094202265,671,"Lance, your mother told me it was just an old family name..."
2342,3458,0,3,41,44,1.0681818181818181,0.03843843094202265,671,"Verily, milady/person, yon windmills be dragons...I shall tilt, at their peril."
2163,3458,0,3,41,44,1.0681818181818181,0.03843843094202265,671,Tell grandma even with padded a suit drinking water now is not safe while she is on the phone.
1761,3458,0,3,41,44,1.0681818181818181,0.03843843094202265,671,"'The helmet's fine. It's the chafing that really bothers me."""
2129,3458,0,3,41,44,1.0681818181818181,0.03843843094202265,671,You can never be too safe biking at knight.
2060,3458,0,3,41,44,1.0681818181818181,0.03843843094202265,671,My mother is sooooo protective.
2056,3458,0,3,41,44,1.0681818181818181,0.03843843094202265,671,« Well then why don’t they just call it a triathlon?»
1974,3458,0,3,41,44,1.0681818181818181,0.03843843094202265,671,"Bad night out, Steve?""
""You have no idea, Carol. So there was this dame-""
""Here we go again."
1931,3458,0,3,41,44,1.0681818181818181,0.03843843094202265,671,If we put some real spin on this no one will guess where we are really going with this. What a great meaningful trip.
1888,3458,0,3,41,44,1.0681818181818181,0.03843843094202265,671,And I can flip the visor up for night riding.
1841,3458,0,3,41,44,1.0681818181818181,0.03843843094202265,671,MAMIA--Middle Aged Man in Armor
1822,3458,1,1,42,44,1.0681818181818181,0.05034476562380576,671,"Yes, I'm familiar with Under Armour, but..."
2579,3458,0,3,41,44,1.0681818181818181,0.03843843094202265,671,"Mad my lady? Not at all, I'm elated to make your acquaintance!"
1814,3458,0,3,41,44,1.0681818181818181,0.03843843094202265,671,They call me anachronistic guy.
2149,3458,0,3,41,44,1.0681818181818181,0.03843843094202265,671,You can have your Under Armor!
2593,3458,0,3,41,44,1.0681818181818181,0.03843843094202265,671,"Of course it's dangerous to call while bike riding, but don't worry, mom, I'm in the library."
3513,3458,0,3,41,44,1.0681818181818181,0.03843843094202265,671,"He gave me the ""it's not you, it's me"" routine."
2678,3458,0,3,41,44,1.0681818181818181,0.03843843094202265,671,I'm hoping this sparks interest in a Knight Rider reboot.
3714,3458,0,3,41,44,1.0681818181818181,0.03843843094202265,671,"I wouldn't say I'm obsessed with David Hasselhoff, I just admire his work."
3600,3458,0,3,41,44,1.0681818181818181,0.03843843094202265,671,"Oh yeah, it’s great, the under armor wicks sweat and dries quickly."
3556,3458,0,3,41,44,1.0681818181818181,0.03843843094202265,671,Being a knight in  day is fun. Let's stop at Round Table for a bite.
3548,3458,1,1,42,44,1.0681818181818181,0.05034476562380576,671,How did I let you talk me into participating in bike jousting?
3503,3458,0,3,41,44,1.0681818181818181,0.03843843094202265,671,The armor’s for my 14th century ride.”
3494,3458,0,3,41,44,1.0681818181818181,0.03843843094202265,671,"It's a very strict Ironman triathlon, and I'm dreading the swimming portion."
3416,3458,0,3,41,44,1.0681818181818181,0.03843843094202265,671,It's the new lightweight protection.
3755,3458,0,3,41,44,1.0681818181818181,0.03843843094202265,671,"Listening to the 'Ring Cycle"" again?"
3231,3458,0,3,41,44,1.0681818181818181,0.03843843094202265,671,"It started when I was reading ""Race High the Roof, Marketer."""
3193,3458,0,3,41,44,1.0681818181818181,0.03843843094202265,671,Don't you know it's love bug mating season again?
3191,3458,0,3,41,44,1.0681818181818181,0.03843843094202265,671,"You didn’t think I was going to ride the subway in this, did you?"
3103,3458,0,3,41,44,1.0681818181818181,0.03843843094202265,671,Other people are embracing vintage fashion...why can’t I?
3096,3458,0,3,41,44,1.0681818181818181,0.03843843094202265,671,I think we are lost. This does not look like Scranton.
3073,3458,0,3,41,44,1.0681818181818181,0.03843843094202265,671,"I have to keep pedaling, otherwise it gets too hot in here!"
3002,3458,0,3,41,44,1.0681818181818181,0.03843843094202265,671,"Folk!""_""Heavy Metal!"
2820,3458,0,3,41,44,1.0681818181818181,0.03843843094202265,671,"Well, the helmet you, too."
2804,3458,0,3,41,44,1.0681818181818181,0.03843843094202265,671,I'm dressed for a damsel in distree.
2788,3458,1,1,42,44,1.0681818181818181,0.05034476562380576,671,"Say directions to, go back where I came from."
2758,3458,0,3,41,44,1.0681818181818181,0.03843843094202265,671,Ever consider a head lamp for your night vision.
2740,3458,0,3,41,44,1.0681818181818181,0.03843843094202265,671,Are you trying to look like my shining armor
2694,3458,0,3,41,44,1.0681818181818181,0.03843843094202265,671,"Welp, when I turn my radio on, I hope to hear some more gibberish."
2625,3458,0,3,41,44,1.0681818181818181,0.03843843094202265,671,I’m ready  for America being great again.
1748,3458,0,3,41,44,1.0681818181818181,0.03843843094202265,671,Preparing for joust weekend.
3398,3458,0,3,41,44,1.0681818181818181,0.03843843094202265,671,"Yes, I am THE David Hasselhoff.  The original car was purchased by one of those Storage Wars buyers, and sadly sold for parts...so, I improvise these days."
1682,3458,0,3,41,44,1.0681818181818181,0.03843843094202265,671,The competition for food delivery by bicycle is very Games of Throney.
749,3458,0,3,41,44,1.0681818181818181,0.03843843094202265,671,It's actually way better for you.
704,3458,0,3,41,44,1.0681818181818181,0.03843843094202265,671,What are you wearing?_and why are you wearing it?_and give me back my water!!
693,3458,0,3,41,44,1.0681818181818181,0.03843843094202265,671,It protects me well and is great for downhills!
642,3458,1,1,42,44,1.0681818181818181,0.05034476562380576,671,The bike is mine but I have to trade in the armor for summer weight chain mail at the app kiosk in 10 minutes.
578,3458,0,3,41,44,1.0681818181818181,0.03843843094202265,671,Just wait till you get on the freeway
558,3458,0,3,41,44,1.0681818181818181,0.03843843094202265,671,I'm just glad my Mom lets me ride the bike.
548,3458,0,3,41,44,1.0681818181818181,0.03843843094202265,671,‘Under Armour’ sportswear is hot. Maybe too hot.
545,3458,0,3,41,44,1.0681818181818181,0.03843843094202265,671,Fewer catcalls. And it’s titanium!
490,3458,0,3,41,44,1.0681818181818181,0.03843843094202265,671,"They warned me about the Leprechaun's new start-up selling ""Fool's Steeds"""
471,3458,1,1,42,44,1.0681818181818181,0.05034476562380576,671,Is the right way to Manhattanhenge?
440,3458,1,1,42,44,1.0681818181818181,0.05034476562380576,671,"LANCELOT Package?!  Oops, wrong Lance."
435,3458,1,1,42,44,1.0681818181818181,0.05034476562380576,671,My cousin Arthur ate all the red roses!
251,3458,1,1,42,44,1.0681818181818181,0.05034476562380576,671,"When in doubt, pedal it out"
203,3458,1,1,42,44,1.0681818181818181,0.05034476562380576,671,I'm beginning to question my brand loyalty to UnderArmor.
173,3458,0,3,41,44,1.0681818181818181,0.03843843094202265,671,"Daisy, Daisy, I can't afford a white horse ... or even a bicycle built for two for that matter."
145,3458,1,1,42,44,1.0681818181818181,0.05034476562380576,671,My outfit? It came with the bike.
105,3458,0,3,41,44,1.0681818181818181,0.03843843094202265,671,Pardon me; is this the way to Orléans?
96,3458,0,3,41,44,1.0681818181818181,0.03843843094202265,671,"Jerry, I told you I couldn't text while biking."
55,3458,0,3,41,44,1.0681818181818181,0.03843843094202265,671,"Before the hit and run, I considered myself a White Knight."
17,3458,0,3,41,44,1.0681818181818181,0.03843843094202265,671,Cycling downhill just reminds me of your marriage.
1719,3458,0,3,41,44,1.0681818181818181,0.03843843094202265,671,I don't think that's what you should wear armoral means.
836,3458,1,1,42,44,1.0681818181818181,0.05034476562380576,671,I didn’t recognize you without your make-up.
869,3458,0,3,41,44,1.0681818181818181,0.03843843094202265,671,"My principles are only those that, before the French Revolution, every well-born person considered sane and normal.
Julius Evola"
318,3458,0,3,41,44,1.0681818181818181,0.03843843094202265,671,I don't wear headphones. I like to be in touch with my surroundings.
969,3458,0,3,41,44,1.0681818181818181,0.03843843094202265,671,"Jerry kept raving about his Under Armor, but, frankly, it's a bit heavy for me."
1595,3458,0,3,41,44,1.0681818181818181,0.03843843094202265,671,"Do you really think that's going to help?"" No, but at least the falls won't hurt."
1580,3458,1,1,42,44,1.0681818181818181,0.05034476562380576,671,"Yes, you heard correctly, I call my bike Kit."
1505,3458,0,3,41,44,1.0681818181818181,0.03843843094202265,671,Do you have a light?
1481,3458,0,3,41,44,1.0681818181818181,0.03843843094202265,671,Figured this was the most effective to finally use my kids' recent Father's Day gift.
1423,3458,0,3,41,44,1.0681818181818181,0.03843843094202265,671,It’s for you.
1420,3458,0,3,41,44,1.0681818181818181,0.03843843094202265,671,This is a bridge just too far
1396,3458,0,3,41,44,1.0681818181818181,0.03843843094202265,671,I only bike at Knight in shining armour
1369,3458,0,3,41,44,1.0681818181818181,0.03843843094202265,671,Of course I go for the max protection. Did you see the road rash Bernice got last week?
906,3458,0,3,41,44,1.0681818181818181,0.03843843094202265,671,Ever taken a big fall?
1362,3458,0,3,41,44,1.0681818181818181,0.03843843094202265,671,"Last cycle, before recycling."
1335,3458,0,3,41,44,1.0681818181818181,0.03843843094202265,671,The warranty covers all sorts of crashes but not heat stroke.
1260,3458,0,3,41,44,1.0681818181818181,0.03843843094202265,671,"Well, this blew up. Since you're here, check out my SoundCloud..."
1249,3458,0,3,41,44,1.0681818181818181,0.03843843094202265,671,"""For the last damn time, NO, I am NOT David Hasselhoff!"
1241,3458,0,3,41,44,1.0681818181818181,0.03843843094202265,671,"It is uncomfortable, but it lowers my deductible."
1211,3458,0,3,41,44,1.0681818181818181,0.03843843094202265,671,Where the fuck is my horse?
1195,3458,0,3,41,44,1.0681818181818181,0.03843843094202265,671,I was getting sick of unnecessarily gendered clothes
1186,3458,0,3,41,44,1.0681818181818181,0.03843843094202265,671,I was expecting a dude
1123,3458,0,3,41,44,1.0681818181818181,0.03843843094202265,671,I've never seen a knight out on a bike like that.
1119,3458,0,3,41,44,1.0681818181818181,0.03843843094202265,671,"If the uphill is as easy as the downhill, I'm all set."
1080,3458,1,1,42,44,1.0681818181818181,0.05034476562380576,671,"When life gives you lemons, make lemonade. Burp! I'm dressed like an aardvark!"
972,3458,0,3,41,44,1.0681818181818181,0.03843843094202265,671,I think I better get some more gas.
1651,3458,0,3,41,44,1.0681818181818181,0.03843843094202265,671,I used to joust with a Lance.
1553,3555,0,3,42,45,1.0666666666666667,0.03760507165451773,671,Lord P. wants the bike back right away.
3226,3555,0,3,42,45,1.0666666666666667,0.03760507165451773,671,Just getting the rust out!
1058,3557,0,3,43,46,1.065217391304348,0.03680702927304431,671,I may be a few minutes late. My steed is in the shop.
3059,3557,0,3,43,46,1.065217391304348,0.03680702927304431,671,Bicycle jousting.  It's the new thing.
3372,3557,0,3,43,46,1.065217391304348,0.03680702927304431,671,Have you swapped your steed for a 10 speed?
1069,3560,0,3,44,47,1.0638297872340425,0.03604210867489022,671,It's the new Knight's work out
1816,3561,0,2,39,41,1.048780487804878,0.034059122057973054,671,Sir...that's Nightrider not Knightrider - and it was a car
1833,3561,0,2,39,41,1.048780487804878,0.034059122057973054,671,"Shining?  No, that’s sweat, not luster."
1947,3561,0,2,39,41,1.048780487804878,0.034059122057973054,671,I'm just hoping to outlive chivalry.
2006,3561,0,2,39,41,1.048780487804878,0.034059122057973054,671,Yes its hard to peddle with this on but at least I can clip in without  fear of injury from a fall!
2128,3561,0,2,39,41,1.048780487804878,0.034059122057973054,671,Tell her if you get killed while talking everyone will know you didn't change your panties this morning.
2167,3561,0,2,39,41,1.048780487804878,0.034059122057973054,671,"You could go slower, just saying."
2189,3561,0,2,39,41,1.048780487804878,0.034059122057973054,671,"When you said you wanted to spend a knight out bike riding, I must have made a spelling error!"
2299,3561,0,2,39,41,1.048780487804878,0.034059122057973054,671,This is NOT Brooklyn?  I thought that you brought OUR GPS!
2565,3561,0,2,39,41,1.048780487804878,0.034059122057973054,671,I had to cut out fluids to avoid pit stops.
2604,3561,0,2,39,41,1.048780487804878,0.034059122057973054,671,Do you have a metro card ?
2687,3561,0,2,39,41,1.048780487804878,0.034059122057973054,671,It' s like a whole body helmet to share the road with cars.
2991,3561,0,2,39,41,1.048780487804878,0.034059122057973054,671,I thought you said this was an Ironman competition
3048,3561,0,2,39,41,1.048780487804878,0.034059122057973054,671,Okay so this is gonna be exactly like that scene in Death Proof. The Tarantino movie. Yo you haven't seen Death Proof? Oh dude you HAVE to watch Death Proof it's so underrated. Anyway my armor is like the death proof car and I'm going to kill you.
3074,3561,0,2,39,41,1.048780487804878,0.034059122057973054,671,'I don't have insurance'.
3265,3561,1,0,40,41,1.048780487804878,0.04878048780487807,671,I keep it down because the glare from this shining armour is killing me.
3303,3561,0,2,39,41,1.048780487804878,0.034059122057973054,671,"No time to tarry, Belvedere castle hast reopened."
3322,3561,0,2,39,41,1.048780487804878,0.034059122057973054,671,All I wanted was a little Armor All.
3342,3561,0,2,39,41,1.048780487804878,0.034059122057973054,671,"Do you see over yonder, friend Sancho, thirty or forty, slender  empty giants?  I intend to do battle with them and slay them.”"
3597,3561,0,2,39,41,1.048780487804878,0.034059122057973054,671,This is the last time I aske for a night rider suit.
3638,3561,0,2,39,41,1.048780487804878,0.034059122057973054,671,Hello! I'm your knight in shining armor.
3654,3561,0,2,39,41,1.048780487804878,0.034059122057973054,671,"Actually, Under Armour"" might suffice"
2828,3561,1,0,40,41,1.048780487804878,0.04878048780487807,671,Outerarmor?
1810,3561,0,2,39,41,1.048780487804878,0.034059122057973054,671,"We need new knights, but without swords and horses."
2567,3561,0,2,39,41,1.048780487804878,0.034059122057973054,671,Mosquitoes just love me.
1699,3561,0,2,39,41,1.048780487804878,0.034059122057973054,671,"Citi Bike went electric, dress accordingly."
117,3561,0,2,39,41,1.048780487804878,0.034059122057973054,671,You can never be too careful.
388,3561,0,2,39,41,1.048780487804878,0.034059122057973054,671,Aren't you taking this Iron Man thing a little too far?
408,3561,0,2,39,41,1.048780487804878,0.034059122057973054,671,This is a really expensive hobby.
462,3561,0,2,39,41,1.048780487804878,0.034059122057973054,671,I still a fan of Lance. . .
504,3561,0,2,39,41,1.048780487804878,0.034059122057973054,671,It's for knight riding.
579,3561,0,2,39,41,1.048780487804878,0.034059122057973054,671,"Yes, my name is Brienne. But that doesn't influence my choice of sportswear."
751,3561,0,2,39,41,1.048780487804878,0.034059122057973054,671,"No, I said we’ll be there before the NIGHT falls."
791,3561,0,2,39,41,1.048780487804878,0.034059122057973054,671,I forgot my stainless steel water bottle at home!
823,3561,0,2,39,41,1.048780487804878,0.034059122057973054,671,I thought you said we were going for a knight ride....
916,3561,0,2,39,41,1.048780487804878,0.034059122057973054,671, 
519,3561,0,2,39,41,1.048780487804878,0.034059122057973054,671,"i agree with you, recycling historical narratives shields us from exclusivism."
949,3561,0,2,39,41,1.048780487804878,0.034059122057973054,671,I totally misinterpreted the Lance part of it...
1746,3561,1,0,40,41,1.048780487804878,0.04878048780487807,671,I'm getting cancelled for this one
957,3561,0,2,39,41,1.048780487804878,0.034059122057973054,671,Its a self-driving suit security apparatus .
975,3561,0,2,39,41,1.048780487804878,0.034059122057973054,671,Need some oil ?
1015,3561,1,0,40,41,1.048780487804878,0.04878048780487807,671,"When you said ""riding in the wild is not pointless,"" I may have taken it in more senses than you intended."
1056,3561,0,2,39,41,1.048780487804878,0.034059122057973054,671,You must be coming from Dyckman Street.
1124,3561,0,2,39,41,1.048780487804878,0.034059122057973054,671,So this is not a masquerade bike race?
1248,3561,0,2,39,41,1.048780487804878,0.034059122057973054,671,If Knight Rider were also an alcoholic
1409,3561,0,2,39,41,1.048780487804878,0.034059122057973054,671,UberX? UberPool? or UberKnight?
1459,3561,0,2,39,41,1.048780487804878,0.034059122057973054,671,"Don't worry, at night I ride in Shining Armor."
918,3561,1,0,40,41,1.048780487804878,0.04878048780487807,671,The nuts and bolts is you have a screw lose!
3491,3608,0,2,40,42,1.0476190476190477,0.033258585512837065,671,If I don’t let down my guard I think I will win the Iron Man!
3427,3608,0,2,40,42,1.0476190476190477,0.033258585512837065,671,The park service needs cell phone towers along the bike path.
3101,3608,0,2,40,42,1.0476190476190477,0.033258585512837065,671,I'm training for the 'Tour de Rennaifrance'
2978,3608,0,2,40,42,1.0476190476190477,0.033258585512837065,671,Just meet me at the Met. I’ll tell him I’m ovulating
650,3608,0,2,40,42,1.0476190476190477,0.033258585512837065,671,Did say Bleeder or Breeder?
2468,3608,0,2,40,42,1.0476190476190477,0.033258585512837065,671,I'm hoping for a courtly relationship with you.
2244,3608,0,2,40,42,1.0476190476190477,0.033258585512837065,671,"what I’m saying is, while we haven’t yet seen a truly genre-catalyzing instance of it, the porno still meme is incredibly fertile ground. more so than even universe brain or distracted boyfriend. fuck, it’s hot as balls out here. anyway, i'm matt."
1949,3608,0,2,40,42,1.0476190476190477,0.033258585512837065,671,Oh! I thought you said KNIGHT-riders!
2898,3608,0,2,40,42,1.0476190476190477,0.033258585512837065,671,"Nice to meetcha!  Now, if you don't mind, I'm in a hurry."
1391,3617,0,2,41,43,1.0465116279069768,0.03249479679096613,671,This is my old gear. I wore Under Armour during the Tour d’.
2800,3617,0,2,41,43,1.0465116279069768,0.03249479679096613,671,"Jousting is going to make a comeback, I swear."
1160,3617,0,2,41,43,1.0465116279069768,0.03249479679096613,671,A knight in shining armor at your service m'lady.
1154,3617,0,2,41,43,1.0465116279069768,0.03249479679096613,671,"Karen, I said that the party was at night, not to dress up like a knight."
1081,3617,0,2,41,43,1.0465116279069768,0.03249479679096613,671,They don't call you the Restless Knight for nothing.
956,3617,0,2,41,43,1.0465116279069768,0.03249479679096613,671,"Truthfully, it doesn't work as well in the uphill stretches."
659,3623,0,2,42,44,1.0454545454545454,0.031765283723713976,671,Ready for amor-get-on?
847,3623,0,2,42,44,1.0454545454545454,0.031765283723713976,671,"I said it would be a long ride but super hero really?"""
1076,3623,0,2,42,44,1.0454545454545454,0.031765283723713976,671,We may be in a pilot's blind spot.
2594,3623,0,2,42,44,1.0454545454545454,0.031765283723713976,671,I thought you wanted to go night riding.
3181,3623,0,2,42,44,1.0454545454545454,0.031765283723713976,671,"I told you before, I never bring my lance with me on the hilly trails."
1509,3628,0,2,44,46,1.0434782608695652,0.030400256468700027,671,I think I put my horse on the bike rack and my other Schwinn out to pasture.
1669,3629,0,2,45,47,1.0425531914893618,0.029760791752350448,671,Thanks for putting your visor up and you can thank me again by taking off your suit before we go uphill.
2439,3630,0,1,37,38,1.0263157894736843,0.02666903735313325,671,"Wait, What? It's not bring your dragon to work day?"
2540,3630,0,1,37,38,1.0263157894736843,0.02666903735313325,671,I thought you said we were going for a ride with Lance Armstrong
2648,3630,0,1,37,38,1.0263157894736843,0.02666903735313325,671,"Ma'am, make sure you wear proper gear if you ride at knight time."
2684,3630,0,1,37,38,1.0263157894736843,0.02666903735313325,671,You have been L.A.R.P.ing way too much. I said I wanted to go on a 05.1.15 (KHTML
2871,3630,0,1,37,38,1.0263157894736843,0.02666903735313325,671,"No, I don’t wear under armour under my shining armor."
2762,3630,0,1,37,38,1.0263157894736843,0.02666903735313325,671,Of course we get a signal now.  It says to turn left 18 miles ago.
2778,3630,0,1,37,38,1.0263157894736843,0.02666903735313325,671,Beats paying my deductible
2844,3630,0,1,37,38,1.0263157894736843,0.02666903735313325,671,Your guiding light in riding armor
2370,3630,0,1,37,38,1.0263157894736843,0.02666903735313325,671,"'Sure, knight in shining armour - but so much for the valiant steed'"
2760,3630,0,1,37,38,1.0263157894736843,0.02666903735313325,671,Are we going the wrong way?
2318,3630,0,1,37,38,1.0263157894736843,0.02666903735313325,671,"I heard lance was banned years ago, but I'm not taking any chances."
2146,3630,0,1,37,38,1.0263157894736843,0.02666903735313325,671,"Call you later, Gwen. I've got the Table in 10. You know what a cranky pants he is if we don't start on time."
2274,3630,0,1,37,38,1.0263157894736843,0.02666903735313325,671,No -- I don't wear this because I'm using the bike lane.
2175,3630,0,1,37,38,1.0263157894736843,0.02666903735313325,671,"As long as I oil the joints once a week and the sun isn't beating on me, I hardly know I'm wearing armour."
2158,3630,0,1,37,38,1.0263157894736843,0.02666903735313325,671,"For us knights, the downhill has been centuries long."
2877,3630,0,1,37,38,1.0263157894736843,0.02666903735313325,671,Maybe something’s wrong with your MobileIron.
2105,3630,0,1,37,38,1.0263157894736843,0.02666903735313325,671,On bike. En garde.
2073,3630,0,1,37,38,1.0263157894736843,0.02666903735313325,671,Really I thought my bike helmet may be overkill.
2011,3630,0,1,37,38,1.0263157894736843,0.02666903735313325,671,I lost my training wheels
1776,3630,0,1,37,38,1.0263157894736843,0.02666903735313325,671,I just wear it when I'm training
1946,3630,0,1,37,38,1.0263157894736843,0.02666903735313325,671,Just thought a different race.
1901,3630,0,1,37,38,1.0263157894736843,0.02666903735313325,671,It’s synchronized to work with my Under Armour.
1835,3630,0,1,37,38,1.0263157894736843,0.02666903735313325,671,I am your knight with a metal peddle.
2283,3630,0,1,37,38,1.0263157894736843,0.02666903735313325,671,I thought this was a knight ride?
2900,3630,0,1,37,38,1.0263157894736843,0.02666903735313325,671,Any chance of getting a mince pie around here?
3529,3630,0,1,37,38,1.0263157894736843,0.02666903735313325,671,the only way to stay energized for the queen
2925,3630,0,1,37,38,1.0263157894736843,0.02666903735313325,671,Dressing up as a knight doesn't make me your princess.
1752,3630,0,1,37,38,1.0263157894736843,0.02666903735313325,671,I guess you could say I'm a knight of the road.
3642,3630,0,1,37,38,1.0263157894736843,0.02666903735313325,671,"A naive, polite  optimist takes a robocall:

""We're on a nice cruise right now, so we'll take a pass. But let us know if some drinks will be available later on."""
3591,3630,0,1,37,38,1.0263157894736843,0.02666903735313325,671,I want to call myself  'The Knight Rider' but I can't see at night.
3530,3630,0,1,37,38,1.0263157894736843,0.02666903735313325,671,The Lone Tin Man rides again mis Sabe
3478,3630,0,1,37,38,1.0263157894736843,0.02666903735313325,671,I lent out my helmet and kneepads.
3760,3630,0,1,37,38,1.0263157894736843,0.02666903735313325,671,It's just until my health insurance kicks in.
3437,3630,0,1,37,38,1.0263157894736843,0.02666903735313325,671,You're sure Sir Lancelot traded his horse for a bike?
3425,3630,0,1,37,38,1.0263157894736843,0.02666903735313325,671,My other ride is a thoroughbred.
3408,3630,0,1,37,38,1.0263157894736843,0.02666903735313325,671,"With all due respect, but you're lost in the Dark Ages with that get-up."
3309,3630,0,1,37,38,1.0263157894736843,0.02666903735313325,671,KITT is out of service - I'll be right over.
3308,3630,0,1,37,38,1.0263157894736843,0.02666903735313325,671,"Adidas' new Summer Cycling Wear launch is taking a ""victorian"" twist"
2905,3630,0,1,37,38,1.0263157894736843,0.02666903735313325,671,We are the breakaway bunch. How far is Paris so we can win the  Tour de France.
3254,3630,0,1,37,38,1.0263157894736843,0.02666903735313325,671,The Doc said this would be great to work out the stiffness in my joints.
3208,3630,0,1,37,38,1.0263157894736843,0.02666903735313325,671,"Is thistle way to the Colosseum?"""
3147,3630,0,1,37,38,1.0263157894736843,0.02666903735313325,671,"I said, “I could go for some night riding.”"
3134,3630,0,1,37,38,1.0263157894736843,0.02666903735313325,671,"No, his name was just Lance Armstrong, not Lancelot."
3120,3630,0,1,37,38,1.0263157894736843,0.02666903735313325,671,This armor is great for mid-town traffic.
3063,3630,0,1,37,38,1.0263157894736843,0.02666903735313325,671,"When delivering to a museum, the wrap goes inside."
3053,3630,0,1,37,38,1.0263157894736843,0.02666903735313325,671,My horse wasn’t feeling good this morning.
3036,3630,0,1,37,38,1.0263157894736843,0.02666903735313325,671,At least I have clothes.
3020,3630,0,1,37,38,1.0263157894736843,0.02666903735313325,671,Armor's fine but the chain mail chafes.
2986,3630,0,1,37,38,1.0263157894736843,0.02666903735313325,671,"Excuse me! This is the Tour de France, not the tour de force!"
2964,3630,0,1,37,38,1.0263157894736843,0.02666903735313325,671,"You’re Dorothy, right? I’m off to see the wizard....."
2949,3630,0,1,37,38,1.0263157894736843,0.02666903735313325,671,Have you seen my knight in shining armor?
3225,3630,0,1,37,38,1.0263157894736843,0.02666903735313325,671,You'll not find a knight in shining armor if you wear matte.
1632,3630,0,1,37,38,1.0263157894736843,0.02666903735313325,671,I'm hoping to get the lead in the new eco-friendly Knight Rider reboot.
83,3630,0,1,37,38,1.0263157894736843,0.02666903735313325,671,You are my Knightress in shining Armor!
1537,3630,0,1,37,38,1.0263157894736843,0.02666903735313325,671,Judy this is a night ride not a knight ride
731,3630,0,1,37,38,1.0263157894736843,0.02666903735313325,671,"What do you mean, ""acting secretary""? Did you mean acting coach? 
Is he looking for his next job after he's ""Fired!""  next year?"
703,3630,0,1,37,38,1.0263157894736843,0.02666903735313325,671,"No, ma.  I didn't go with the Bubble."
698,3630,0,1,37,38,1.0263157894736843,0.02666903735313325,671,"You keep warning we're headed back to the dark ages, but really?"
640,3630,0,1,37,38,1.0263157894736843,0.02666903735313325,671,Game of Roads
631,3630,0,1,37,38,1.0263157894736843,0.02666903735313325,671,"If I could ride with no hands I'd be a great jouster.

Except for the rust, I really like this riding outfit."
580,3630,0,1,37,38,1.0263157894736843,0.02666903735313325,671,"Since you have to ask, it was my mother's idea."
564,3630,0,1,37,38,1.0263157894736843,0.02666903735313325,671,Sir Big Shot Chef said anyone can open up a can . . .We'll see . . .
493,3630,0,1,37,38,1.0263157894736843,0.02666903735313325,671,when in doubt...be prepared...
433,3630,0,1,37,38,1.0263157894736843,0.02666903735313325,671,I've got complete protection: under amour and outer armor.
411,3630,0,1,37,38,1.0263157894736843,0.02666903735313325,671,"You look like you have done more than a few centuries."""
407,3630,0,1,37,38,1.0263157894736843,0.02666903735313325,671,It was my mother's idea.
1545,3630,0,1,37,38,1.0263157894736843,0.02666903735313325,671,It’s not armor; I have FOP.
370,3630,0,1,37,38,1.0263157894736843,0.02666903735313325,671,I'm dressed like a knight because you invited me to go biking tonight! Sorry!
236,3630,0,1,37,38,1.0263157894736843,0.02666903735313325,671,I didn't think this was what you meant when you told me you were testing new night gear.
226,3630,0,1,37,38,1.0263157894736843,0.02666903735313325,671,You wouldn’t believe what’s happened to horses.
201,3630,0,1,37,38,1.0263157894736843,0.02666903735313325,671,"'""Aren't you being a bit overly cautious?"""
184,3630,0,1,37,38,1.0263157894736843,0.02666903735313325,671,It's Bike To Work Day at the Renaissance faire
139,3630,0,1,37,38,1.0263157894736843,0.02666903735313325,671,Are you looking forward to the fighting section of your Crusades Tour?
40,3630,0,1,37,38,1.0263157894736843,0.02666903735313325,671,are you sure that's what the magazine ment when it wrote to have a steel mustle you have to workout with steel
24,3630,0,1,37,38,1.0263157894736843,0.02666903735313325,671,The name's Hasselhoff.
19,3630,0,1,37,38,1.0263157894736843,0.02666903735313325,671,"They really need to change the acronym for
the Los Angeles Ride Parade.
I thought this was a LARP session"
11,3630,0,1,37,38,1.0263157894736843,0.02666903735313325,671,But the brochure said they welcomed night riders for the evening guided tour of the park.
6,3630,0,1,37,38,1.0263157894736843,0.02666903735313325,671,"If I had a spear, I would feel even safer."
756,3630,0,1,37,38,1.0263157894736843,0.02666903735313325,671,"It's definitely safe to ride around here."""
820,3630,0,1,37,38,1.0263157894736843,0.02666903735313325,671,That guy we passed?...Total Fred.
403,3630,0,1,37,38,1.0263157894736843,0.02666903735313325,671,I just can't shake this cloud off of my head!
860,3630,0,1,37,38,1.0263157894736843,0.02666903735313325,671,The house said the only way he would go riding was on a tandem.
1503,3630,0,1,37,38,1.0263157894736843,0.02666903735313325,671,You said dress for leaving Manhattan.
1485,3630,0,1,37,38,1.0263157894736843,0.02666903735313325,671,The visor does a great job of protecting my make up.
1453,3630,0,1,37,38,1.0263157894736843,0.02666903735313325,671,Trail riding is like going into a war zone.
1452,3630,0,1,37,38,1.0263157894736843,0.02666903735313325,671,Perhaps a better solution would've been to stop texting while riding
1354,3630,0,1,37,38,1.0263157894736843,0.02666903735313325,671,I hoped to harken back to the age of chivalry. So far it is not working.
1299,3630,0,1,37,38,1.0263157894736843,0.02666903735313325,671,I think maybe I’m better suited for a motorcycle.
1277,3630,0,1,37,38,1.0263157894736843,0.02666903735313325,671,And I've ordered a new seatbelt
1266,3630,0,1,37,38,1.0263157894736843,0.02666903735313325,671,"You're like the 80s TV show ""Knight Rider"""
1261,3630,0,1,37,38,1.0263157894736843,0.02666903735313325,671,My sweat works as a lubricant.
1254,3630,0,1,37,38,1.0263157894736843,0.02666903735313325,671,Our GPS went out 2 days ago. I think we are somewhere between Chicago and New Jersey.
1231,3630,0,1,37,38,1.0263157894736843,0.02666903735313325,671,When in Rome...
831,3630,0,1,37,38,1.0263157894736843,0.02666903735313325,671,It was my misunderstanding when he said lightweight carbon fiber
1222,3630,0,1,37,38,1.0263157894736843,0.02666903735313325,671,"Organizers of this years’ Tour de France substituted the cobblestone stage for a tribute to Joan of Arc.


David Covintree
New York, NY"
1167,3630,0,1,37,38,1.0263157894736843,0.02666903735313325,671,I'm battling to make the Olympic Games.
1099,3630,0,1,37,38,1.0263157894736843,0.02666903735313325,671,There have been some great developments in bike helmets and kits.
1088,3630,0,1,37,38,1.0263157894736843,0.02666903735313325,671,I lost my commander in the last battle.  Is this the road to the 2020 Crusade?
1031,3630,0,1,37,38,1.0263157894736843,0.02666903735313325,671,That isn't what I meant when I said protection from the sun.
1020,3630,0,1,37,38,1.0263157894736843,0.02666903735313325,671,"...you do know that this is the ""bike lane"""
996,3630,0,1,37,38,1.0263157894736843,0.02666903735313325,671,Please share with me again... How we are going to smuggle 40 tons of hay across the border on only two bikes...
982,3630,0,1,37,38,1.0263157894736843,0.02666903735313325,671,No more knee-burns.
963,3630,0,1,37,38,1.0263157894736843,0.02666903735313325,671,"No, I'm not David Hasselhoff."
884,3630,0,1,37,38,1.0263157894736843,0.02666903735313325,671,I told you not to drink water when your wearing that thing. You’ll just have to steer with one hand until we can find a gas station.
881,3630,0,1,37,38,1.0263157894736843,0.02666903735313325,671,You can never take too many precautions
871,3630,0,1,37,38,1.0263157894736843,0.02666903735313325,671,I've had a hard time keeping the rubber side down.
1207,3630,0,1,37,38,1.0263157894736843,0.02666903735313325,671,Because I got lanced the last time I rode through the park.
3377,3737,0,1,38,39,1.0256410256410255,0.025976216673306556,671,I'm Glen Hasselhoff. David's son.
3082,3737,0,1,38,39,1.0256410256410255,0.025976216673306556,671,"I know it's a cliche,but stay in your lane."
511,3737,0,1,38,39,1.0256410256410255,0.025976216673306556,671,"Oh, sugar, I left my lance at work."
2199,3737,0,1,38,39,1.0256410256410255,0.025976216673306556,671,is that a full carbon frame?
100,3741,0,1,39,40,1.025,0.025318484177091666,671,"Dammit, Tiffany. You said you'd stop drinking!"
369,3741,0,1,39,40,1.025,0.025318484177091666,671,"Sorry, I thought you said 'wield.'"
1766,3741,0,1,39,40,1.025,0.025318484177091666,671,I just can't get the swing of this time travel  stuff!
2401,3741,0,1,39,40,1.025,0.025318484177091666,671,"The one on the right tells me what my left side is doing, and the one on the left tells me what my right side is doing."
3102,3741,0,1,39,40,1.025,0.025318484177091666,671,The castle is just down Main Street
1991,3746,0,1,40,41,1.024390243902439,0.02469323991623974,671,Yep. No stopping. Gotta dup out my suit after this ride.
2080,3746,0,1,40,41,1.024390243902439,0.02469323991623974,671,I'm riding an electric scooter later.
3214,3748,0,1,41,42,1.0238095238095237,0.024098134635593994,671,Think I see that hot bike messenger. Think he is off today
74,3748,0,1,41,42,1.0238095238095237,0.024098134635593994,671,It's not water.  It's oil.
3281,3748,0,1,41,42,1.0238095238095237,0.024098134635593994,671,"“Knighty, night sweetie pie, it’s time for my bike ride.”"
3451,3751,0,1,42,43,1.0232558139534884,0.023531040266750583,671,Modern jousting dispenses with the horse.
1859,3751,0,1,42,43,1.0232558139534884,0.023531040266750583,671,"I said she keeps catching me on the uphill parts..."""
873,3753,0,1,43,44,1.0227272727272727,0.022990024493585143,671,Did you see how much I disrupted traffic back there? I trust you will do better than me.
3172,3754,0,1,44,45,1.0222222222222221,0.022473328748774737,671,"I’m sorry, I can’t hear you.  I’m getting static from my armor suit."
196,3755,0,1,45,46,1.0217391304347827,0.021979349113192898,671,They said it was a blackOUT not blackKNIGHT.
2838,3756,0,0,34,34,1.0,0.029854071701326604,671,"I'm your Knight in Shining Armor, and I'm here to show you how to ride a bike."
2882,3756,0,0,37,37,1.0,0.02739983121755955,671,I heard this is how Sir Lancelot trains for the Tour de France.
2585,3756,0,0,34,34,1.0,0.029854071701326604,671,Who said anything about a taking car?
2937,3756,0,0,34,34,1.0,0.029854071701326604,671,"Citizens Arrest, Biking while wearing Black"
2322,3756,0,0,34,34,1.0,0.029854071701326604,671,I know that you agree with personal safety but don't you think this might be a little too far?
469,3756,0,0,38,38,1.0,0.02666903735313325,671,"Well, Vision Zero wasn't working."
330,3756,0,0,34,34,1.0,0.029854071701326604,671,The club is so old there's no women's changing room.
2472,3756,0,0,34,34,1.0,0.029854071701326604,671,I'm going to see the president after this.
3228,3756,0,0,34,34,1.0,0.029854071701326604,671,I was part of a chain e-mail on cycle safety and Amazon sent me this.
