target_id,rank,funny,somewhat_funny,unfunny,count,score,precision,contest,caption
65,1,1797,1956,1319,5072,2.094242902208202,0.010926978256274556,673,I take this myself.  There is one side effect I should mention.
922,2,3478,3967,3333,10778,2.0134533308591576,0.0076564104476452045,673,I'm sure it works. I was involved in the original research.
1319,3,3471,3599,3354,10424,2.011224098234843,0.007924939795273141,673,These should help with the hallucinations.
1936,4,2258,3113,2831,8202,1.9301389904901243,0.008663793477197115,673,Don't worry. I wouldn't prescribe anything I haven't tested on myself.
1220,5,2840,2866,3689,9395,1.9096327833954232,0.008550329931590687,673,"No, I said I was a rodent scholar."
890,6,2428,3123,3235,8786,1.9081493284771227,0.008509337995117371,673,I started in the lab and then went to medical school.
2127,7,990,1269,1500,3759,1.8643256185155626,0.013090777720731368,673,"Bring this up to the receptionist. You'll go down the hall and take a right, then another right, then a left, then a right again..."
541,8,2147,2374,3302,7823,1.8523584302697176,0.009287709473481098,673,We take Blue Cross or Blue Cheese.
3051,9,1209,1390,1919,4518,1.8428508189464365,0.01215760533604057,673,You came to the right place. I DO give a rat's ass about your problem.
442,10,1893,2877,3180,7950,1.8381132075471698,0.008773766307239588,673,Why do you keep asking about side effects?
329,11,1002,1238,1644,3884,1.8347064881565396,0.012977272587602963,673,My father dragged slices of pizza down the subway stairs to put me through medical school.
1965,12,853,1351,1611,3815,1.8013106159895151,0.012609188435969271,673,"Rest assured, I was first in my maze."
1044,13,1334,2200,2552,6086,1.7998685507722643,0.009917175714831734,673,I suggest more exercise.  Do you have a wheel at home?
3683,14,1539,2195,2979,6713,1.785490838671235,0.0096651962258036,673,Stop the medication right away if your cats take sudden interest in you.
2856,15,1311,2306,2657,6274,1.7854638189352885,0.00966871639814278,673,Most of us go into research
3961,16,251,379,501,1131,1.7789566755083996,0.023348801276168618,673,"No pressure, but a lot of my best friends died so you could take this drug."
3363,17,178,420,400,998,1.777555110220441,0.023049303651970676,673,"Don't worry, I've never prescribed anything I haven't tested on myself."
519,18,1674,2839,3482,7995,1.7738586616635397,0.008618358429268492,673,"Of course there are no side effects, I take it myself."
3598,19,1373,2565,2940,6878,1.7721721430648445,0.00914528407723832,673,Full disclosure: I participated in the clinical trials.
3963,20,471,929,1191,2591,1.7221150135082979,0.014759737462928973,673,"Don't worry, it was tested on people."
3971,21,947,1594,2303,4844,1.7200660611065235,0.011061464594009782,673,"Go back to your cube, hit the lever two times and call me in the morning."
2517,22,676,1078,1642,3396,1.715547703180212,0.01331231966843958,673,We're conducting tests on humans to determine if it's safe for rats.
1413,23,1043,1616,2546,5205,1.7112391930835735,0.010792452731461604,673,Usually you have to run a maze to get stuff this good.
7,24,1194,835,2572,4601,1.700499891327972,0.012587238175213835,673,I’m sending you to the lab. It’s going to be a dog.
2211,25,477,586,1146,2209,1.69714803078316,0.017065016844987263,673,Here’s a referral to a cartoonist who can fix your eyeball.
3402,26,950,2052,2667,5669,1.6971247133533252,0.009817476455873018,673,There are no side effects to worry about.  I take this myself.
1093,27,415,611,1042,2068,1.696808510638298,0.017215731480631352,673,We're not all lawyers.
89,28,388,496,1006,1890,1.673015873015873,0.0182716331280484,673,Here is your ID badge. welcome to the White House
1548,29,244,541,744,1529,1.6729888816219751,0.018785746002257724,673,Ask my secretary to show you out. This place is a maze.
3098,30,281,492,794,1567,1.6726228462029356,0.019225894650594443,673,Side effects include seeing people for who they really are
3692,31,591,1186,1750,3527,1.671392117947264,0.012554518056530045,673,My nurses will help you navigate the insurance maze.
2276,32,291,588,866,1745,1.670487106017192,0.01783040809885618,673,"Remember during open enrollment, you chose Plan B?"
706,33,237,461,699,1397,1.669291338582677,0.02004005550960035,673,"Wolves on Wall Street, sharks in law: health care was my only choice."
3136,34,652,1425,2023,4100,1.665609756097561,0.011484391108149168,673,It's totally safe. I've been on it for years.
2137,35,252,401,710,1363,1.6639765223771092,0.020863943925380133,673,You remember how the Republicans said they had a great alternative to Obamacare?
1693,36,524,1233,1716,3473,1.6567808810826374,0.012322193479969379,673,Of course it's safe.  I take it myself.
2154,37,245,453,741,1439,1.6553161917998611,0.01984626460456706,673,"Doctorate...Doctor Rat.  Same diff, right?"
3994,38,547,1273,1800,3620,1.6538674033149172,0.012084884071881333,673,This is for the hallucinations.
3852,39,190,366,586,1142,1.6532399299474605,0.02213944901053789,673,"It's just that, from my perspective, having three years to live is quite remarkable indeed."
2945,40,237,341,671,1249,1.6525220176140913,0.022040184690834966,673,"So, you’re a member at Mar-a-Lago? My family's been there for generations."
369,41,561,956,1677,3194,1.6505948653725735,0.013461441651288455,673,Be sure to take the pills with cheese.
1445,42,488,1130,1640,3258,1.6464088397790055,0.012733960214938765,673,Call me if you notice anything unusual.
112,43,277,507,874,1658,1.6399276236429432,0.018458352789474254,673,"Not a prescription, two tickets to ""Cats"". I hate that show."
965,44,213,503,736,1452,1.6398071625344353,0.0190005692369322,673,"I’m the first of my 1,500 siblings to graduate from college."
4309,45,233,406,732,1371,1.6360320933625092,0.020422421382690285,673,"Yes, it will cure your erectile disfunction but the major side effect is you end up with very small hands."
2225,46,218,509,762,1489,1.6346541302887845,0.018777886686989157,673,"Make your first right, your second left, go to the end, go right, then right, then left, then the second right, make the next left, then a left, then a left,  the next left, make a right, a right, and a left, and the pharmacy's right there."
1774,47,225,246,635,1106,1.6292947558770343,0.024069177742497925,673,I examined your stool sample. It was delicious.
2583,48,202,476,730,1408,1.625,0.01924862243535156,673,"Frankly, with your health plan coverage, I am all you can afford"
1108,49,221,262,644,1127,1.624667258207631,0.02359083073679347,673,What's the matter? Do you have a problem with my Trump University credentials?
242,50,320,539,1045,1904,1.6192226890756303,0.017335980162451147,673,You smell what?!
1839,51,161,352,583,1096,1.614963503649635,0.022012429308893806,673,I can both spread AND cure disease at the same time.
1294,52,256,503,893,1652,1.6144067796610169,0.018199354517983272,673,"I’m going to refer you to a specialist in Baltimore, the place is infested with doctors."
3240,53,60,134,222,416,1.6105769230769231,0.0356094708718002,673,Take two with a wedge of cheese every four hours.
2189,54,104,187,359,650,1.6076923076923078,0.02933264841899861,673,I'm sorry I bit you. You might want to get this filled immediately.
569,55,139,325,540,1004,1.600597609561753,0.022698609442375384,673,Twice a day until your eyes pop back into your head
4414,56,58,126,219,403,1.6004962779156326,0.036232447772985794,673,... and you'll be back in the rat race in ten days.
3261,57,251,615,1000,1866,1.5986066452304395,0.016525248878532187,673,It’s completely safe. I participated in the trials myself.
4276,58,130,329,526,985,1.597969543147208,0.02263984004346251,673,"I'm not an ANIMAL doctor, I'm an animal DOCTOR."
3664,59,253,583,986,1822,1.5976948408342482,0.016868723236107233,673,Side effects? You know I wouldn't give you anything I haven't tried myself.
3781,60,155,382,621,1158,1.5975820379965457,0.020957640983824466,673,Take two of these and the hallucinations will get even better.
1961,61,138,261,504,903,1.5946843853820598,0.02461865938485072,673,"Whatever you do, and I speak from experience, do not exceed the recommended dosage."
3619,62,216,452,820,1488,1.5940860215053763,0.018905321055854005,673,This would have saved my dad. Too bad he was in the control group.
3235,63,161,329,628,1118,1.5822898032200359,0.021808203994477783,673,"Little do people realize, the best way to trap a rat is 8 years of crippling medical school debt"
4396,64,183,314,671,1168,1.582191780821918,0.02183918546770433,673,"As the new head of the CDC, I'm one of the more credible Presidential appointments."
826,65,164,312,631,1107,1.5781391147244805,0.022100186457412862,673,"If you want a human doctor, you'll need private health insurance."
371,66,314,272,974,1560,1.5769230769230769,0.020366225906281118,673,I'm trying to get rid of some neighborhood cats.
2860,67,163,332,657,1152,1.5711805555555556,0.021416384992636723,673,"Well actually, I graduated from Ratcliffe. Why do you ask?"
4199,68,165,435,742,1342,1.5700447093889718,0.01913481699676104,673,"It's still in the trial-phase, but we're seeing positive results among humans"
2223,69,142,253,548,943,1.5694591728525982,0.024082790527880444,673,"'Has it been tested on animals'?  What the hell kind of question is that?!"""
26,70,128,284,538,950,1.568421052631579,0.02329071876018381,673,You look like you've never seen a prescription before.
4077,71,145,320,609,1074,1.5679702048417132,0.02191652963893805,673,This time we are having humans test it first.
4202,72,125,268,523,916,1.5655021834061136,0.023807865444149853,673,This’ll do the trick. My wife’s already produced four litters this year.
1408,73,87,174,356,617,1.5640194489465153,0.02927454111537835,673,I go to med school. My brother picks up a slice of pizza. And he's the famous one.
3487,74,61,240,343,644,1.562111801242236,0.026027354850645258,673,"Before I became a doctor, I was a lab assistant."
1717,75,107,253,473,833,1.56062424969988,0.024593509283172676,673,This should cure what plagues you.
1247,76,105,239,459,803,1.5591531755915318,0.025168266754233542,673,"We accept cash, credit or a nice gouda."
2328,77,137,364,641,1142,1.5586690017513134,0.020648722953046605,673,"You can fill this at the nearest pharmacy: turn left, right, right, left, right, left, left, then right."
591,78,158,334,672,1164,1.5584192439862543,0.021105818947218632,673,This will help with your hallucinations.
2512,79,113,179,442,734,1.5517711171662125,0.027522077428022016,673,Its the new Republican health care plan.  I'm the manager here.
31,80,118,192,470,780,1.5487179487179488,0.026575893794647094,673,Call me if the erection lasts longer than four generations.”
4575,81,113,263,516,892,1.548206278026906,0.023713577623417467,673,"Don't tell anyone, but I'm recommending a CAT scan."
3470,82,128,290,579,997,1.5476429287863591,0.022506145128467266,673,Side effects?  Maybe an enhanced sense of smell...
2058,83,116,279,540,935,1.546524064171123,0.023043666157947153,673,"Yep, worked my way up from the lab."
3339,84,84,207,400,691,1.5426917510853835,0.02668396139016397,673,"Here’s your prescription, and apologies in advance, our pharmacy is a bit of a hole in the wall"
460,85,112,222,489,823,1.5419198055893073,0.025161708141478376,673,"And here's a prescription for a rabies shot, with my sincerest apologies for what happened earlier."
1164,86,93,217,439,749,1.5380507343124166,0.025773676871345956,673,I swear to god Jim if you make one more joke about the rat race I will not hesitate to get HR involved.
2114,87,89,234,445,768,1.5364583333333333,0.02502779740824328,673,"No, it's not poison. Would you give me something with poison in it?"
1465,88,104,249,499,852,1.5363849765258215,0.02406433769840424,673,Take this until I stop looking like a rat
2802,89,119,232,527,878,1.5353075170842825,0.02434604185520527,673,"I've increased your dosage, but let me know if people begin to look like rodents."
759,90,59,135,279,473,1.5348837209302326,0.032490369654918264,673,"Actually, I’m the only one in my family who’s not a lawyer."
4274,91,78,182,373,633,1.5339652448657188,0.027994457514609074,673,Ratcliffe! Were'd you get your degree?
2539,92,100,249,492,841,1.5338882282996433,0.0240699307673362,673,"No, no side effects.  Why?"
2365,93,62,158,311,531,1.5310734463276836,0.030174214225400484,673,Why are you always so focused on side effects?
2605,94,109,189,469,767,1.530638852672751,0.02638551087464449,673,"Hey, we can't all work in the White House."
4512,95,74,179,364,617,1.5299837925445705,0.02817418318747115,673,"The bad news is I'm a rat.
The good news is there's no co-pay."
3777,96,99,210,461,770,1.5298701298701298,0.02565781205063062,673,Side effects? You could become much bigger and more intelligent.
4331,97,116,204,504,824,1.529126213592233,0.025393741676455188,673,What did you think the Ratification of Obamacare meant?
4438,98,100,230,484,814,1.5282555282555284,0.02467256347578172,673,"Call the office immediately if this makes you nauseous, jittery, or want to crawl into the walls and die."
4004,99,86,150,374,610,1.5278688524590165,0.029533608924756878,673,Don’t worry Mr.Smith we’re experts at burrowing. Your colonoscopy is going to go just fine.
3359,100,70,216,389,675,1.5274074074074073,0.02602943555803219,673,Now don't be giving me that physician assistant is not a doctor look.
2070,101,73,223,406,702,1.5256410256410255,0.025541768700166157,673,"Here, this should help with some of your psychotic symptoms. But I really am a giant rat."
2375,102,45,95,213,353,1.5240793201133145,0.037853549034442414,673,Does your insurance cover out-of-species providers?
2235,103,88,229,458,775,1.5225806451612902,0.02481421637253548,673,All my friends at the lab say it's safe and effective.
1369,104,38,94,194,326,1.521472392638037,0.03853740523420474,673,"If I'm not exterminated, I'll see you in two weeks."
4029,105,77,220,423,720,1.5194444444444444,0.025390162761342767,673,"Trust me, I wouldn't prescribe anything I hadn't first tried myself."
2294,106,85,197,425,707,1.5190947666195191,0.026347213262715833,673,Take 2 with either cheese or peanut butter...
2939,107,47,109,238,394,1.515228426395939,0.03525071147685969,673,We don't do CAT scans in our office
1672,108,92,190,445,727,1.514442916093535,0.026318831121057977,673,I take it myself and as far as I can tell there is only ONE side effect.
639,109,80,175,398,653,1.5130168453292496,0.027549551916490063,673,This might help with your hallucinations. I think we'll work on your trust issues later.
2054,110,79,200,420,699,1.5121602288984264,0.026111106136079188,673,"Try this, it worked for me."
3011,111,74,198,404,676,1.5118343195266273,0.0263535747838377,673,It's perfectly safe- I've tried it myself.
2452,112,87,146,393,626,1.511182108626198,0.029060770313594015,673,"That's DOCTOR Rat Bastard, to you!"
3480,113,65,164,347,576,1.5104166666666667,0.028759450242674487,673,"If you can't swallow pills, have your wife hide them in your food."
981,114,85,194,437,716,1.5083798882681565,0.02610789728794206,673,"Here, this should help with the hallucinations."
1010,115,96,143,420,659,1.5083459787556905,0.028681271113470904,673,Why would you think I'm from Baltimore?
1985,116,76,145,364,585,1.5076923076923077,0.02954477355188046,673,"I'm a new hybrid -- part doctor, part health insurance company."
3265,117,53,165,316,534,1.5074906367041199,0.02900623479012237,673,"If you don’t have insurance, I accept cheese."
3117,118,73,181,391,645,1.5069767441860464,0.027195745299651065,673,We tested it in humans.
3127,119,55,155,316,526,1.5038022813688212,0.029571898434688788,673,What did you say you smell?
388,120,82,172,413,667,1.5037481259370316,0.027286243028134687,673,This should take care of the hallucinations.
2271,121,65,165,358,588,1.501700680272109,0.02832897346803402,673,I’m a rat. What you need is an ophthalmologist.
2627,122,65,167,360,592,1.5016891891891893,0.028188144212949053,673,"It's an emergency - I'm going to have to scurry."""
910,123,78,146,379,603,1.5008291873963515,0.029069334577991827,673,"...University of Baltimore Medical School, Why?"
298,124,68,171,375,614,1.5,0.027733830770846388,673,I tested it in the lab myself.
3181,124,72,171,387,630,1.5,0.02758341672983855,673,"Take two now, you won’t see me in the morning."
4470,124,68,149,353,570,1.5,0.029303469183707152,673,"Trust me, I know the plague when I see it."
2556,127,61,143,328,532,1.4981203007518797,0.03004452988311184,673,"I tried lab work for a while, but I missed the patient contact."
2947,128,56,113,283,452,1.497787610619469,0.03322244839713712,673,The only side effects that lab tests have shown is an increase in the growth of nose hair.
3371,129,58,168,345,571,1.4973730297723293,0.02819560321891153,673,Let's make this quick. I have to get back to the lab.
2580,130,58,154,332,544,1.4963235294117647,0.029207512394260577,673,Things will probably look normal again once we get your eye back into its socket.
1691,131,51,135,292,478,1.49581589958159,0.031167755156810476,673,You can get this filled behind the refrigerator.
998,132,57,160,336,553,1.4954792043399638,0.028745757232755405,673,Don't worry.  I've had a long career in medical research.
2078,133,54,152,319,525,1.4952380952380953,0.029489667293069993,673,My father was a lab rat but he always wanted more for me.
451,134,67,148,357,572,1.493006993006993,0.029120705139281642,673,I wouldn't prescribe you anything I haven't tested on myself.
2513,135,56,162,340,558,1.4910394265232976,0.02844366866729967,673,"Of course it works, I was in the clinical trials."
2050,136,66,139,347,552,1.4909420289855073,0.02979203135713017,673,I need a cat scan before I can make a diagnosis.
2761,137,58,147,332,537,1.48975791433892,0.02948279276994927,673,"I won't lie, there are some side effects."
3900,138,55,154,331,540,1.488888888888889,0.029008995051582647,673,Let’s hold off on the CAT scan
39,138,42,158,295,495,1.488888888888889,0.029143422842094747,673,"Don't worry, it's safe. I tested it on myself first."
4387,140,50,145,307,502,1.4880478087649402,0.029938737594192005,673,Take two of these daily and bring me a sample of your droppings.
1077,141,66,150,363,579,1.4870466321243523,0.028751755922670385,673,"If you think you're hallucinating now, wait til you take this stuff."
4207,142,71,139,367,577,1.4870017331022531,0.029342670299871542,673,I take them myself.  There’s only one serious side effect -
2424,143,55,108,286,449,1.4855233853006682,0.033232785949800184,673,"I know you poisoned everyone I loved last year, but you can trust me."
2045,144,58,121,311,490,1.4836734693877551,0.031540804819503276,673,Oh so rats can carry disease but not cure them?
1436,145,36,125,247,408,1.482843137254902,0.032359172501060886,673,"It’s safe, I promise. It’s been tested on mice."
3937,146,29,88,186,303,1.481848184818482,0.03821729669432257,673,"Speaking from experience, there’s only one known side effect."
3419,147,56,144,332,532,1.481203007518797,0.029438338917738883,673,"Every time I give you one of these, touch the keypad with your nose and I’ll give you another"
3979,148,48,134,300,482,1.4771784232365146,0.03054083868662832,673,What did you expect when you opted for an HMO?
3959,149,57,130,325,512,1.4765625,0.03039553131725483,673,"Down the hall on the left, left, right, left, right, left, right, right, left."
925,150,46,127,287,460,1.4760869565217392,0.03129131400118429,673,Minimal side effects.  I take it myself.
180,151,50,144,319,513,1.4756335282651072,0.02945925579210842,673,This will help with the hallucinations.
1303,152,52,130,314,496,1.471774193548387,0.030447196324957314,673,"I know, I know no one looks like their drivers license picture."
3189,153,44,136,295,475,1.471578947368421,0.030274949667110872,673,"Yes, the medication may have some side effects - why do you ask?"
677,154,46,104,267,417,1.4700239808153477,0.03360277502108279,673,"Johns Hopkins in Baltimore, why?"
2297,155,40,121,267,428,1.469626168224299,0.031954055065267044,673,"If you feel like it's working, keep pressing the button."
2524,156,37,137,276,450,1.468888888888889,0.030346056905839754,673,"Yes, it's a new drug, but I tested it myself."
3839,157,45,118,281,444,1.4684684684684686,0.031932083161584156,673,Side effects?  Nothing serious.  Why do you ask?
753,158,44,135,298,477,1.4675052410901468,0.03017562263283776,673,"No, we don't test on mice any more."""
3386,159,17,29,89,135,1.4666666666666666,0.06112995337441186,673,Gnaw through the plastic and take two
165,160,51,117,302,470,1.4659574468085106,0.03151682060691299,673,"Listen, I don't prescribe anything I wouldn't test on myself."
90,161,51,110,294,455,1.4659340659340658,0.03227822796696423,673,"Trust me, it works in humans also"
4187,162,31,126,247,404,1.4653465346534653,0.031593906025540665,673,Just press the lever if you want me to refill your prescription.
1081,163,45,123,291,459,1.4640522875816993,0.03116326192434215,673,Sure it’s safe.  I’ve been taking it for years.
2616,164,51,105,291,447,1.4630872483221478,0.0326973267316472,673,I’m also a lawyer.
4080,165,44,121,287,452,1.4623893805309736,0.03135080483906893,673,"You won't win the race, but you won't care."
716,166,38,89,231,358,1.4608938547486034,0.03592558493904488,673,"Why, yes . . . Johns Hopkins is in Baltimore . . . why do you ask??"
1507,167,41,124,282,447,1.4608501118568233,0.03111934485571356,673,"Take 2  a day and if your hallucinations don't go away,I will refer you to Dr.Wolf"
3272,167,40,126,281,447,1.4608501118568233,0.030957739293465368,673,"Johns Hopkins, why do you ask?"
2111,169,41,122,280,443,1.4604966139954854,0.031318718566477076,673,"There are no side-effects, I've been on it for years and have not noticed anything."
4469,170,40,117,271,428,1.4602803738317758,0.03193004059109177,673,"Of course, there are side effects."
1461,171,33,96,223,352,1.4602272727272727,0.03524105552864307,673,Side effects? You're looking at them.
2430,172,49,109,292,450,1.46,0.032222008890913326,673,The side effects ARE the perks.
3714,173,47,106,283,436,1.4587155963302751,0.03265605955946634,673,"Here's your prescription.  By the way, I know you poisoned my uncle."
3627,174,46,116,292,454,1.4581497797356828,0.03154910433372833,673,"Why yes, my medical career did start with lab testing."
537,175,35,128,270,433,1.4572748267898383,0.030800935574043845,673,The human trials have gone well so far.
2956,175,43,112,278,433,1.4572748267898383,0.032159501155009006,673,"Sure, I get teased about it. But I monetized it, and that video of me dragging a slice of pizza through the subway paid for my medical school."
164,177,37,123,271,431,1.45707656612529,0.031247374376143854,673,We're quite optimistic. Tests with lab humans are promising.
4298,178,38,110,259,407,1.457002457002457,0.03272829623512491,673,The pharmacy's under the subway platform.
1657,179,36,88,227,351,1.4558404558404558,0.03598325562130357,673,"I understand your concern Mr. Phipps, but ask yourself this - if I were really a rat, would I have been able to write you this anti-psychotic prescription?"
1321,180,25,63,160,248,1.4556451612903225,0.04266646615368921,673,"Believe me I know all about cat allergies, here get this filled."""
2275,181,38,114,265,417,1.4556354916067147,0.032161177139440805,673,My staff and I are highly experienced navigating the health care maze.
4436,182,31,111,238,380,1.4552631578947368,0.032936995491684384,673,"Believe me, I know bubonic plague when I see it."
3842,183,41,111,272,424,1.455188679245283,0.032302799502015374,673,Safe? Of course it is safe. I use it myself.
4530,183,35,123,266,424,1.455188679245283,0.03125001315006284,673,"Side effects, um no, why!?"
3607,185,47,91,270,408,1.4534313725490196,0.034278219952984024,673,"I can't be the first rodent you've seen in Baltimore, Jared."
3580,186,41,78,234,353,1.453257790368272,0.03693166999070727,673,"If this curbs your hallucinations, call me and let me know if I’m real."
3450,187,43,103,271,417,1.4532374100719425,0.033037284887306756,673,Take as needed for hallucinations.
3676,188,39,111,268,418,1.4521531100478469,0.032272578062635185,673,"Trust me, this is the best treatment for your hallucinations."
1111,189,41,102,265,408,1.4509803921568627,0.03319873410909825,673,I can vouch for the efficacy of this medication having participated in its clinical trial.
3081,190,38,103,256,397,1.45088161209068,0.03329631096406997,673,"Gnaw, don't swallow."
3815,191,34,117,260,411,1.4501216545012166,0.03173680914020759,673,Take it with cheese.
4081,192,41,90,252,383,1.4490861618798956,0.03475821488640014,673,"It took some doing, but we finally found out who moved your cheese."
2790,193,34,85,222,341,1.4486803519061584,0.036249940505249136,673,I once misdiagnosed an old Gypsy woman.
2240,194,45,84,259,388,1.4484536082474226,0.03519241066528149,673,"Yes, you're right, I did write Trump's greatest physical condition letter."
1770,195,42,94,261,397,1.4483627204030227,0.034042475440822596,673,That’ll get you right back in the rat race.
2303,195,40,98,259,397,1.4483627204030227,0.03366670140893865,673,"The generic is cheaper, but genuine Gruyère is more effective."
1106,197,37,95,245,377,1.4482758620689655,0.0343484601881573,673,"If any mole looks suspicious, you should report it immediately to your dermatologist."
2381,198,44,87,260,391,1.4475703324808185,0.034800348826086756,673,"Take this to the lab. Out the door, three lefts, take the second corridor on the right, then two more rights, third door on the right, then turn left, and left again...."
1453,199,36,107,257,400,1.4475,0.03272287183075671,673,"This should start working in a few days... in the meantime, try not to be self-conscious about your appearance."
3886,200,43,78,246,367,1.446866485013624,0.036271187689815396,673,"And, for the last time, it's Dr. Ratficker--with an ""i""!"
3514,201,33,105,245,383,1.4464751958224542,0.03313698583426545,673,"Take this down the hall, make two rights, a left, and another right.  Trust me, it’s a real maze in here."
3820,202,26,123,244,393,1.44529262086514,0.031107229961198916,673,Call if you begin to hallucinate
891,203,32,110,249,391,1.4450127877237853,0.03244953758653653,673,I'm certain that this will help you. Lot's of my friends were in the clinical trial.
188,204,35,100,248,383,1.443864229765013,0.03353580564117478,673,This is for that gnawing feeling.
2597,204,33,104,246,383,1.443864229765013,0.03312567435216962,673,This new prescription should help with your hallucinations.
2357,206,22,125,234,381,1.4435695538057742,0.030877566760845652,673,But I did stay in a Holiday Inn last night.
1653,207,32,97,234,363,1.443526170798898,0.03418826842178906,673,"Welcome to the human trial phase of this study, Mr. Jones."
3644,208,33,98,239,370,1.4432432432432432,0.033943881989261356,673,Some days I feel trapped as well.
4247,209,22,57,149,228,1.4429824561403508,0.04401298646122487,673,You can pick up your prescription at Rat-Aid
3722,210,33,85,223,341,1.4428152492668622,0.035985221287616324,673,This medicine has proven safe for rats. It could go either way for humans.
2646,211,21,101,201,323,1.4427244582043344,0.03420573814345961,673,"We've taken over, you'd better get used to it..."
1607,212,33,95,237,365,1.441095890410959,0.03426433379702916,673,This medicine was successfully tested on my 60 children.
471,213,33,98,241,372,1.4408602150537635,0.033803054164124026,673,"Trust me, I know about adverse side effects."
457,214,33,98,242,373,1.4396782841823057,0.033733020034964784,673,"You want species-specific diagnostics, you’re gonna have to up your plan"
3185,215,25,88,201,314,1.4394904458598725,0.035996727870799355,673,"It's a business card, Mr. Emerson, not the plague."
491,216,35,89,239,363,1.43801652892562,0.03482376763765688,673,And no driving. Take the subway like I do.
1489,217,33,71,210,314,1.4363057324840764,0.03817456637413894,673,"It's rat poison, yes, but, Mr Skiles, you are not a rat."
222,218,25,104,225,354,1.4350282485875707,0.03311160667806896,673,One pellet three times a day.
3952,219,31,94,234,359,1.434540389972145,0.03418716923040075,673,"Becoming a doctor was a good career move, since working in the lab was really a dead-end job."
1595,220,27,72,191,290,1.4344827586206896,0.03865893754385863,673,"I swear,  D-Con is just shorthand for decongestion medication."
3336,221,29,97,231,357,1.4341736694677871,0.03385908837725755,673,This will get you back in the race.
1638,222,31,89,228,348,1.4339080459770115,0.034947171870817424,673,"hickory dickory dock, your results may come as a shock."
857,223,35,82,234,351,1.433048433048433,0.03565500113640359,673,Take 2 of these and scurry back in the morning.
4407,223,27,98,226,351,1.433048433048433,0.03377926843193634,673,Trust me.  I work in a lab.
151,225,32,89,233,354,1.4322033898305084,0.03474694353858165,673,You can get this filled at the dumpster behind Sal's.
318,226,31,90,231,352,1.4318181818181819,0.03465284090284034,673,"You're not eating enough garbage."""
1329,227,35,78,230,343,1.4314868804664722,0.036249121187365,673,"Before this, I spent some time in the lab."
1204,228,37,77,236,350,1.4314285714285715,0.0361755719717732,673,We need to test this out on humans before we can get FDA approval.
4358,229,26,98,224,348,1.4310344827586208,0.03372498730676346,673,I’m referring you to an ophthalmologist
4430,230,27,92,220,339,1.4306784660766962,0.03459343579063861,673,Call me if you notice anything weird.
2076,231,21,106,217,344,1.430232558139535,0.0327204578132761,673,"This hospital's bureaucracy is a maze, but I don't mind it."
2531,232,30,75,209,314,1.429936305732484,0.037329971568366836,673,"We're still great at testing, but we're also moving up into the higher paying pharmaceutical jobs."
243,233,29,83,216,328,1.4298780487804879,0.035920068426281995,673,"That's DOCTOR Vermin, please."
2934,234,32,83,227,342,1.4298245614035088,0.035601653671012985,673,Take these twice a day with garbage.
3632,235,32,84,229,345,1.4289855072463769,0.035374417087635404,673,It's not poison. Trust me. I know poison.
4299,236,20,56,148,224,1.4285714285714286,0.043577125471658346,673,You will want to take this on a full stomach of cheese.
1134,237,32,76,219,327,1.4281345565749235,0.03676129318053737,673,"Well, at least I'm not a quack."
4025,237,28,84,215,327,1.4281345565749235,0.03572600145514849,673,Take two of these pills and tell me what I look like in the morning.
4153,239,29,82,217,328,1.4268292682926829,0.035901466936292065,673,"You can fill this at our in-house pharmacy: it’s down the hall, take a right, another right, then a left, two more rights, then three lefts, and another right."
3257,240,26,76,198,300,1.4266666666666667,0.03738776093068271,673,You don’t trust me? Is it the moustache?
3412,241,30,84,224,338,1.4260355029585798,0.03538864535147561,673,"If you'll just take your medications, I'll quit being a pest."
1393,242,29,84,221,334,1.4251497005988023,0.035431705965965676,673,I know it works. I was part of the clinical trial.
1578,243,28,84,218,330,1.4242424242424243,0.03547154171684568,673,"If I'm still a rat next week, we'll change this prescription."
3274,244,24,91,213,328,1.423780487804878,0.034558466585899346,673,Run two laps in the maze and call me in the morning.
2969,245,22,62,167,251,1.4223107569721116,0.04095183445457017,673,"Twice a day, with food, or anything else you find rummaging through the trash."
2736,246,30,76,217,323,1.4210526315789473,0.036523022049116435,673,"Don't worry about the side effects. Trust me, I've been taking it myself for years."
3862,247,26,78,205,309,1.4207119741100325,0.036573986506028194,673,"Of course, I’m using a mouse. Why do you ask?"
821,248,24,54,165,243,1.4197530864197532,0.042692989004736774,673,...I don’t give a rat’s ass...
3362,249,27,78,210,315,1.4190476190476191,0.03634912467281674,673,Clearly you are hallucinating. Why would I have a landline on my desk?
767,249,30,72,213,315,1.4190476190476191,0.03717418555446773,673,Trust me: I would never prescribe an experimental drug that I haven't tried myself.
1062,251,25,83,210,318,1.4182389937106918,0.035546559073939686,673,Yeah! I DO give a rat’s ass about your health!
2614,251,26,81,211,318,1.4182389937106918,0.03582454397310148,673,"I started out as a lab rat,and worked my way up."
4380,253,21,42,138,201,1.4179104477611941,0.047550842752459674,673,"I’m prescribing Rodentia.  It’s still in trials, but it works. I haven’t had a migraine in months."
1317,254,16,82,175,273,1.4175824175824177,0.03640173412787856,673,My father spent his life in the dump just to get me where I am today
3702,255,32,66,214,312,1.4166666666666667,0.0379618932591509,673,It will stop you from hallucinating.
2128,256,22,80,196,298,1.4161073825503356,0.03626562291691259,673,"There are some side-effects,"
1613,257,23,77,196,296,1.4155405405405406,0.036743361218104974,673,"Don’t worry, I take it myself."
1725,258,19,33,119,171,1.4152046783625731,0.05230183753664467,673,"The medicine works, but nose hair is a regrettable side effect."
3918,259,23,78,198,299,1.414715719063545,0.036479871496489055,673,Why the doubtful look? I’ll have you know I’m considered a giant in my field.
3992,260,20,79,188,287,1.4146341463414633,0.036550831227037985,673,Here is a comp ticket to see me in The Nutcracker tonight.
3897,261,25,78,206,309,1.4142394822006472,0.03623773555723758,673,This should help for your hallucinations.
1334,262,29,67,206,302,1.413907284768212,0.03799986992968072,673,Give it a month or two and you'll love Baltimore.
4128,263,29,69,209,307,1.4136807817589576,0.03755057913600376,673,"Get bit by a radioactive rat, they said. It'll give you superpowers, they said."
1897,264,27,65,196,288,1.4131944444444444,0.03870575120113574,673,My mistake. I should have warned you about the hallucinogenic side-effects.
292,265,32,53,199,284,1.4119718309859155,0.04064859118278485,673,I'm writing you a prescription for Gorgonzola.
1071,265,24,69,191,284,1.4119718309859155,0.03812130192767589,673,I can get you into an experimental trial. Those are my specialty.
729,267,27,70,204,301,1.4119601328903655,0.03749004201806126,673,"Don't worry, it's been tested on humans first"
1241,267,23,78,200,301,1.4119601328903655,0.036289250110057784,673,"I take this too, and look at me."
2774,269,27,67,200,294,1.41156462585034,0.038123772468875404,673,This prescription in very effective in quelling anthropomorphic delusions.
1017,270,25,73,201,299,1.411371237458194,0.03706374984731738,673,"I'm sorry sir, but your cat didn't survive her check-up."
1107,270,28,67,204,299,1.411371237458194,0.03796129750887025,673,It works.  I tested it myself.
2040,272,17,84,186,287,1.411149825783972,0.03550694532160753,673,There may be some side effects.
3802,273,26,66,196,288,1.4097222222222223,0.03836399473424081,673,I'd also stay away from cheese. It's a trap.
1608,274,18,77,181,276,1.4094202898550725,0.036790814007587984,673,"This won't stop the hallucinations, but at least they'll seem hilarious."
1526,275,24,71,196,291,1.4089347079037802,0.037446769861326674,673,We’ll run you through the maze again in a week. Better luck next time.
702,276,24,73,199,296,1.4087837837837838,0.036999393676266985,673,I take it myself and I haven't noticed any side effects.
2474,276,25,71,200,296,1.4087837837837838,0.03730763182786843,673,.... and you’re going to need a ratscan.
1822,278,21,72,186,279,1.4086021505376345,0.037559739826514456,673,here's your prescription for your new glasses.
301,279,24,50,166,240,1.4083333333333334,0.042984731269006586,673,You want to win don't you?
2509,280,24,70,195,289,1.4083044982698962,0.03762395718194892,673,It's new but I think you'll find it effective. I tested it myself.
4572,280,20,78,191,289,1.4083044982698962,0.036324169307849666,673,Side effects? I never noticed any.
3923,282,23,58,174,255,1.407843137254902,0.04075562226379519,673,"Sorry, only Velveeta is covered by your insurance."
2183,283,24,69,194,287,1.4076655052264808,0.037803398662954665,673,They've fast tracked this through the FDA - it was tested on me this morning.
1888,284,20,68,177,265,1.4075471698113207,0.03855318396711175,673,"If you think your meds are too expensive complain to the the vermin who set the prices, not to me."
958,285,27,58,190,275,1.4072727272727272,0.03997103372983217,673,"If you need Penicillin, I recommend the moldy cheese in the alley."
899,286,20,61,167,248,1.407258064516129,0.04037723212933894,673,No it’s safe now. I took them when it was still experimental.
2060,287,26,61,191,278,1.4064748201438848,0.039322025154571075,673,My pronouns are rat or rodent
1429,288,25,65,193,283,1.4063604240282686,0.038496111760989535,673,Don't worry about the side effects. I'm taking it myself.
4067,288,22,71,190,283,1.4063604240282686,0.03750691007795207,673,Pay particular attention to the list of side effects.
2181,290,19,79,190,288,1.40625,0.036058188646235986,673,I have taken this medicine for years  without any unusual side effects.
776,290,28,61,199,288,1.40625,0.03896104468941698,673,Take two of these every day right before you run on your wheel.
4091,292,22,66,183,271,1.4059040590405905,0.038658408002667906,673,Actually there are some even more disturbing side effects we should probably talk about.
784,293,22,68,187,277,1.404332129963899,0.038054710043173186,673,These should help you with the hallucinations.
99,293,22,68,187,277,1.404332129963899,0.038054710043173186,673,Now scurry over to the pharmacy.
3530,295,20,76,191,287,1.4041811846689896,0.036460131350156647,673,Just relax. I'm what you get when you buy a cheap insurance policy!
3754,295,22,72,193,287,1.4041811846689896,0.037122404745914626,673,First I interned as a lab rat at Stanford .
3621,295,19,78,190,287,1.4041811846689896,0.036124441864840776,673,"I can vouch for the effectiveness of this drug, I participated in the clinical trial"
407,295,20,76,191,287,1.4041811846689896,0.036460131350156647,673,I started in the lab and worked my way up.
3209,295,20,76,191,287,1.4041811846689896,0.036460131350156647,673,I also added the vaccine for bubonic plague because...well you know.
3933,300,22,71,192,285,1.4035087719298245,0.03729759497484672,673,You will be fine. It's been exhaustively tested on laboratory humans
1844,301,22,62,179,263,1.403041825095057,0.03945717035172488,673,Not to worry. Mild hallucinations are a common side-effect.
824,302,19,65,172,256,1.40234375,0.03905254162279012,673,Of course it's safe. It was tested on my parents.
4138,303,19,73,184,276,1.4021739130434783,0.03708031656877049,673,"Of course, I can't guarantee you're not in the control group."
2972,303,22,67,187,276,1.4021739130434783,0.038131368454848893,673,Here's your prescription. Should put an end to your irrational hallucinations.
4498,303,19,73,184,276,1.4021739130434783,0.03708031656877049,673,"I am not going to lie to you, there are some side effects"
2815,303,22,67,187,276,1.4021739130434783,0.038131368454848893,673,This ought to get you back in the rat race Mr. Willard.
1678,307,17,54,148,219,1.4018264840182648,0.04259975353722775,673,Take this prescription and if you still hallucinate you are seeing rats....get a cat.
993,308,23,64,187,274,1.4014598540145986,0.038667032237820045,673,"Of course, in the old days, they would just cut off your tail with a carving knife."
935,309,18,76,185,279,1.4014336917562724,0.03644829495097844,673,It's for cheese. You need more cheese in your diet.
4141,309,24,64,191,279,1.4014336917562724,0.0385122466568851,673,Rat poison is a highly effective blood thinner - and your insurance will pay for it.
405,311,25,57,185,267,1.400749063670412,0.04008520855021083,673,"Call me,we’re looking for lab people."
2167,312,22,64,184,270,1.4,0.03870405120640429,673,Take two of these and you're not even going to care if you ever get out of the maze.
337,312,22,50,163,235,1.4,0.042729223098923415,673,Donald Trump’s physician..... Just another rat in the White House.
534,312,25,58,187,270,1.4,0.03975693739865271,673,"Yes, that diploma says John's Hopkins. Yes, it's in Baltimore."
1758,312,18,72,180,270,1.4,0.03725394284830443,673,I'm referring you to Dr. Katz.
2756,312,26,58,191,275,1.4,0.03957303647258133,673,You wouldn’t believe the maze I ran through to get these degrees.
2087,317,20,67,181,268,1.3992537313432836,0.03817483536359487,673,The pharmacy is at the end of the hall and through the maze.
3698,317,25,57,186,268,1.3992537313432836,0.03996334245049992,673,It developed from 'press lever get a snack' to 'pass medical degree get a snack'
3540,319,20,59,169,248,1.3991935483870968,0.04029890254248855,673,I learned early in my career that being in the lab is not for me.
4282,320,27,52,187,266,1.3984962406015038,0.04087276648447235,673,And remember to get that eyeball fixed.  You look weird.
4508,321,20,69,185,274,1.397810218978102,0.037579836875826625,673,I'd still like to run a few lab tests with you.
76,322,23,57,179,259,1.3976833976833978,0.0402096005783302,673,You’re credit card isn’t working. If it helps we also accept cheese.
1909,322,23,57,179,259,1.3976833976833978,0.0402096005783302,673,Do I have something on my face?
306,324,16,69,169,254,1.3976377952755905,0.03800906023737377,673,"yes, talking animals is a side effect"
261,325,13,67,154,234,1.3974358974358974,0.03879027553773327,673,"Again, sorry for biting you. This should clear it up."
1397,326,19,70,183,272,1.3970588235294117,0.037402221678580795,673,"Don't worry, it's been fully tested on humans."
4506,327,27,50,185,262,1.3969465648854962,0.04131399527884949,673,"It’s safe, I tested it on myself."
4094,327,15,74,173,262,1.3969465648854962,0.03682223041193397,673,I'm the only doctor available in your plan. Let me check you for fleas
3186,327,24,56,182,262,1.3969465648854962,0.040238089138936346,673,Look we didn't choose to spread the Plague. Why you're bringing back Measles I'll never know
2117,327,19,66,177,262,1.3969465648854962,0.03837794293132409,673,Of course it's safe - it was tested on me.
2323,327,20,64,178,262,1.3969465648854962,0.03875711504256441,673,"Oh, but you will give a rat’s ass."
122,332,17,75,183,275,1.3963636363636365,0.03639282173187469,673,We do drug trials a little differently now.
1771,333,17,73,180,270,1.3962962962962964,0.036844467020873954,673,Don’t worry about side effects - I take it myself.
1685,334,20,63,177,260,1.396153846153846,0.03895657071958191,673,"It's called the 'human condition', take two of these every four hours and you'll be rejoining the rat race in a week."
4102,335,16,55,149,220,1.3954545454545455,0.041902517518359106,673,"""And here's a physician-review website should you care to put in a good word or two about your appointment today."""
3706,336,22,59,180,261,1.3946360153256705,0.039588304712982844,673,"Seriously, I've found this drug to be transformative!"
4222,337,19,50,154,223,1.3946188340807175,0.04293817036606078,673,Don’t act like it’s worse than your other doctor’s handwriting.
581,338,22,66,191,279,1.3942652329749103,0.03776709447780402,673,Don't hesitate to call me if the hallucinations continue.
4488,339,21,60,178,259,1.393822393822394,0.03941866703096741,673,"It's all allergies, get rid of the cat."
3693,340,17,64,168,249,1.393574297188755,0.03889708062476398,673,We hope this works in humans so we can try it in rats.
2198,341,15,64,160,239,1.393305439330544,0.0391151759366362,673,Rare side effects may occur
2100,342,22,59,181,262,1.3931297709923665,0.03946566893783735,673,"Here'  your script renewal.  Let me know if you get dry mouth, bug eyed, or have rodent hallucinations."
3047,343,22,58,180,260,1.3923076923076922,0.03967206967546123,673,It's an experimental drug.  We want to see how it affects humans before trying it on rats.
402,344,24,50,176,250,1.392,0.041572310834405754,673,Your coat's looking a little dull.
4052,344,17,64,169,250,1.392,0.03877315346626936,673,There might be some side effects.
1115,346,26,46,179,251,1.3904382470119523,0.04219798748865742,673,"Trust me, I'm the White House doctor."
930,346,21,56,174,251,1.3904382470119523,0.04026546408887014,673,You seem anxious?
3724,348,15,71,173,259,1.38996138996139,0.03702720663937619,673,I'm referring you to someone who specializes in hallucinations.
2818,349,18,63,173,254,1.389763779527559,0.0387339286657508,673,I suggest you take this with cheese
585,350,22,53,174,249,1.3895582329317269,0.04088286983507777,673,It's called exophthalmos but almost everyone in this cartoonist's world has it.
2967,350,24,49,176,249,1.3895582329317269,0.041667544634931136,673,You can get this filled at the manhole cover outside the Port Authority Bus Terminal.
4133,352,20,46,155,221,1.3891402714932126,0.043625763640543436,673,I know the ad said mole doctor but you need a dermatologist”
1622,353,20,56,171,247,1.388663967611336,0.04030108270499876,673,"Well what did you expect? Johns Hopkins IS in Baltimore, after all."
4442,353,21,54,172,247,1.388663967611336,0.04070740198176892,673,"Yes, the same cartoonist who drew my whiskers did also draw your hair, what about it?"
4093,353,14,68,165,247,1.388663967611336,0.03777148942964926,673,"This hasn’t been tested on humans yet, but we had great results with mice."
3076,353,20,56,171,247,1.388663967611336,0.04030108270499876,673,I take it myself.  You get used to the side effects.
4447,353,17,62,168,247,1.388663967611336,0.03905677073779434,673,My father wanted me to follow his career path in the lab but I find clinical work so much more rewarding
1560,353,18,60,169,247,1.388663967611336,0.039475899601843174,673,"Here's a prescription. Take one a day, come back in two days and I'll look more like a fluffy bunny and we can go from there."
1221,353,23,50,174,247,1.388663967611336,0.04150810997775824,673,Now! Who's the expert on the Bubonic Plague here?
1159,353,17,62,168,247,1.388663967611336,0.03905677073779434,673,This will help you find your way to your cubicle.
1013,353,18,60,169,247,1.388663967611336,0.039475899601843174,673,"Don't worry about anything, the only things that really counts are the billing codes I enter."
823,353,18,60,169,247,1.388663967611336,0.039475899601843174,673,"I know this medicine works, I was in the test group."
25,353,12,72,163,247,1.388663967611336,0.03688976546298116,673,"Yeah, you look alarmed now but just wait till you get the hospital bill."
1736,364,20,59,176,255,1.388235294117647,0.03940359488461663,673,"I’m not too worried about the hallucinations, but I’m going to prescribe something for your thyroid."
3822,365,21,55,174,250,1.388,0.040352662234325876,673,"Relax, everything will be fine. I was part of the original test study."""
1655,365,21,55,174,250,1.388,0.040352662234325876,673,"It does have some unusual side effects, but it cured my cold immediately."
4235,367,17,61,167,245,1.3877551020408163,0.039264581351569156,673,"I have no idea what’s wrong with you, but here’s a coupon for cheese."
149,368,19,43,147,209,1.38755980861244,0.04489171721931128,673,"Ironically, humans initially developed this medicine as a rat poison.  Who's laughing now?"
530,369,21,56,176,253,1.3873517786561265,0.04000586680023446,673,"Yes, i did try this prescription myself.  Why do you ask?"
1104,369,18,62,173,253,1.3873517786561265,0.038811861443083844,673,"Here, take this.  I tested it myself."
1755,369,19,60,174,253,1.3873517786561265,0.03921390295882477,673,Imagine how I feel at the veterinarian.
1952,369,18,62,173,253,1.3873517786561265,0.038811861443083844,673,I know the bubonic plague when I see it.
2229,369,16,66,171,253,1.3873517786561265,0.03799501803530513,673,"I know. New York City, right?"
3747,374,18,55,162,235,1.3872340425531915,0.040849699922676036,673,"It's the tail, isn't it?"
4224,375,21,61,184,266,1.387218045112782,0.03861639926805576,673,This will have you back in the rat race in no time!
3966,376,22,53,176,251,1.3864541832669324,0.04061557101818449,673,It’s been approved for human testing.”
3780,376,18,61,172,251,1.3864541832669324,0.03901454304861907,673,"Don't worry, these pills only have one side effect."
2203,376,12,73,166,251,1.3864541832669324,0.036481495439902055,673,I know you feel that life is just an endless treadmill.  We all do.  But these meds should help.
681,376,19,59,173,251,1.3864541832669324,0.03942089647956665,673,"Cheese, three times a day. Trust me."
349,380,13,64,156,233,1.386266094420601,0.03876613021088183,673,"If you see anything unusual, just call me."
365,381,17,54,157,228,1.3859649122807018,0.04124274363015527,673,The bad news is you’ll instantly transform into a rat. The good news is your body will finally be able to digest all the garbage you eat.
3439,382,21,52,171,244,1.3852459016393444,0.041024064224244844,673,"Trust me, it was tested on me."
3025,382,22,50,172,244,1.3852459016393444,0.04143314143166887,673,Johns Hopkins. Why do ask?
2916,382,16,62,166,244,1.3852459016393444,0.038914226554904285,673,"I didn't picture myself the doctor-type either, till I couldn't get into law school."
3391,385,20,53,169,242,1.384297520661157,0.040836796546385966,673,"This will stop the diarrhea. As for the rest of the shit, you’ll have to stop watching Fox News."
2334,386,21,45,161,227,1.3832599118942732,0.043180716067383246,673,They tested this on me. After FDA approval the only way I could afford it was to become a doctor.
2800,387,20,50,165,235,1.3829787234042554,0.041680448324962475,673,"Getting FDA approval was an absolute maze, but it worked on me."
2819,387,16,58,161,235,1.3829787234042554,0.0398971023512365,673,Take two of these and leave your garbage out tonight.
1615,389,17,59,167,243,1.382716049382716,0.03942574202076385,673,And here’s your prescription to treat your hallucinations.
2889,389,17,59,167,243,1.382716049382716,0.03942574202076385,673,"Blood cravings, night runs, hunting in packs, howling, eating roadkill. Otherwise it's harmless."
3695,389,20,53,170,243,1.382716049382716,0.04069913437591188,673,Take this to the pharmacists at the end of the maze.
4005,389,13,67,163,243,1.382716049382716,0.037660969103395094,673,"If I survived the clinical trial, I'm sure you'll be fine."
36,393,19,53,166,238,1.3823529411764706,0.040867338897857895,673,"If this doesn't kill you, nothing will."
2903,394,17,55,161,233,1.3819742489270386,0.04057733510738664,673,"What do you mean, you can smell a rat?"
2798,394,18,53,162,233,1.3819742489270386,0.041030705483395026,673,This should help your gnawing anxiety.
1090,394,17,55,161,233,1.3819742489270386,0.04057733510738664,673,The colonoscopy is for your protection. The CAT scan is for mine.
2228,397,12,31,101,144,1.3819444444444444,0.053068734455489354,673,At least you don't have to wear a cone.
347,398,21,50,170,241,1.3817427385892116,0.04134655764816776,673,"Infested, infected...what's in a word?"
3070,399,16,58,162,236,1.38135593220339,0.03976081710254918,673,Is my tie crooked?
1152,400,18,60,174,252,1.380952380952381,0.03884204437693034,673,Who knows better about how drugs work than lab rats?
2171,401,19,53,167,239,1.3807531380753137,0.04072741947049451,673,Trust me. It works! I don’t even recognize myself anymore.
2119,402,14,62,161,237,1.379746835443038,0.03871246877538229,673,"Sure, there are side effects. Do you want to feel better or don’t you?"
2682,402,24,42,171,237,1.379746835443038,0.04308401439676805,673,"Ha ha, no, I didn’t start out in the lab."
3970,402,19,52,166,237,1.379746835443038,0.04095660835094787,673,Two a day and you'll be back in the race in no time.
3847,405,20,45,159,224,1.3794642857142858,0.04308936225682421,673,Turns out the cheese was a red herring.  The real prize at the end of the maze was personal growth.
2863,406,22,42,163,227,1.3788546255506609,0.043576623460863474,673,"Relax, it's the same stuff you use to kill us."
2359,407,22,45,168,235,1.3787234042553191,0.04249313820311999,673,"Oh fuck, I didn't turn into a big rat again, did I?"
1766,407,15,59,161,235,1.3787234042553191,0.03938369015717052,673,"Try taking these daily for a week, then come see me again if the hallucinations continue."
4377,409,13,55,146,214,1.3785046728971964,0.04092442436779798,673,Take one every eight hours with a piece of cheese.
1743,410,15,57,158,230,1.3782608695652174,0.039957093075312235,673,"You have warts, not moles. I know moles."
2336,410,20,47,163,230,1.3782608695652174,0.042266188475024634,673,"Yeah, I was on them. No side effects."
4043,410,16,55,159,230,1.3782608695652174,0.04042946409816228,673,"Trust me, I've spent a lot of time in the lab."
3891,413,14,60,159,233,1.3776824034334765,0.03912899089428295,673,"If the hallucinations continue, we'll up the dosage."
497,413,18,52,163,233,1.3776824034334765,0.040976488387814286,673,Here's a little trick I found to combat nose hair.
3571,413,18,52,163,233,1.3776824034334765,0.040976488387814286,673,I used this myself and it was a game changer.
475,413,19,50,164,233,1.3776824034334765,0.04142549056613125,673,This prescription will help with your hallucinations.
3347,417,16,48,148,212,1.3773584905660377,0.04276589288517462,673,"Relax, I washed my hands."
599,418,16,54,158,228,1.3771929824561404,0.040659178330764184,673,"In fact, I grew up in Baltimore. Why?"
3951,418,19,48,161,228,1.3771929824561404,0.04206063920725269,673,This one worked for 95% of my relatives.
2292,420,17,51,158,226,1.3761061946902655,0.04137056403246583,673,Gnaw on two of these and call me in the morning.
665,420,12,61,153,226,1.3761061946902655,0.03892128896297474,673,Take 2 with whatever scraps you have in the garbage.
1899,420,17,51,158,226,1.3761061946902655,0.04137056403246583,673,You can get this filled at the dumpster out back.
2000,420,14,57,155,226,1.3761061946902655,0.03991903641208502,673,"I'm not comfortable with the term ""lab rat."" Let's call you the guinea pig instead, shall we?"
2408,420,18,49,159,226,1.3761061946902655,0.041843218508252324,673,"This works,it's been tested on me."
68,425,19,45,157,221,1.3755656108597285,0.0429831776902183,673,I specialize in infectious diseases.
1470,426,15,57,160,232,1.375,0.03967865209598296,673,"Take two a day, and you'll be back in the rat-race before you know it!"
1145,426,15,54,155,224,1.375,0.040639703764929404,673,"Yes actually, I did take this medicine myself. Why do you ask?"
3885,428,13,56,150,219,1.3744292237442923,0.04023745125129951,673,And I know this is safe.  I was involved in the tests.
2737,429,14,58,158,230,1.373913043478261,0.039419433608081623,673,These should cure your hallucinations.
194,430,15,53,154,222,1.3738738738738738,0.04087434311501464,673,I accept cheese or check.
2293,431,17,46,151,214,1.3738317757009346,0.0429521014942285,673,I wouldn’t prescribe for you anything they hadn’t first tested on me.
2886,431,11,58,145,214,1.3738317757009346,0.039769601568240644,673,These pills should help you see people as they really are.
3268,433,18,48,159,225,1.3733333333333333,0.041937216869150466,673,Take one of these whenever you think you see an animal head on a human body.
2285,433,12,60,153,225,1.3733333333333333,0.038995319214425214,673,You should be careful who you're calling a rat.
2650,433,19,46,160,225,1.3733333333333333,0.042407696216756434,673,Take one every six hours with cheese
3398,433,17,50,158,225,1.3733333333333333,0.04146139914483855,673,This'll help you find your way through the maze.
2073,437,15,51,151,217,1.3732718894009217,0.041510196979636434,673,My cousin was in the drug trial and he says the side effects are minimal.
21,437,19,43,155,217,1.3732718894009217,0.04351751421348244,673,Lurk in your attic while nibbling these for a few days.
225,439,13,57,153,223,1.3721973094170403,0.039720782254782955,673,Side effects? Nothing to worry about.
1206,439,15,53,155,223,1.3721973094170403,0.040725162123780356,673,"Take two of these and . . . well, you'll see."
1499,439,16,51,156,223,1.3721973094170403,0.041218175281620015,673,This is a new drug for your erectile dysfunction. There are some significant side effects but it is a personal choice.
1523,439,19,45,159,223,1.3721973094170403,0.04266304494712986,673,"We accept all forms of payment—Gorgonzola, cheddar, Muenster..."
1733,439,14,55,154,223,1.3721973094170403,0.040226107026035185,673,Hallucinations are a rare side effect.  This prescription should help with them.
1921,439,18,47,158,223,1.3721973094170403,0.04218692049228843,673,"I used to make house calls, but it's a trap"
2373,439,15,53,155,223,1.3721973094170403,0.040725162123780356,673,Try a little gouda and swiss and call me in the morning.
2941,439,24,35,164,223,1.3721973094170403,0.04496811227805329,673,Trust me. I’m with the government and  I’m here to help.
3321,439,17,49,157,223,1.3721973094170403,0.0417053607715424,673,Listen. An online degree is just as good as a traditional university.
4051,439,17,49,157,223,1.3721973094170403,0.0417053607715424,673,"Well, I did say there would be some hallucinogenic side effects."
4063,439,12,59,152,223,1.3721973094170403,0.03920894540017269,673,Walk two mazes and call me in the morning.
1812,450,13,61,160,234,1.3717948717948718,0.03846153846153846,673,"Take two pills a day -- and if you feel like garbage, go ahead and eat some."
4021,451,16,50,155,221,1.3710407239819005,0.041460051156580795,673,"I understand your hesitation, but rats don't carry diseases. 
Trust me – I'm a doctor."
1579,452,18,44,154,216,1.3703703703703705,0.04312571270937871,673,My diagnosis is severe bias. We rats were here first. Here's a bus pass back to wherever you came from.
1846,453,15,47,146,208,1.3701923076923077,0.042697720370906,673,Just take this and avoid the subway. You'll be fine.
1019,454,13,40,126,179,1.3687150837988826,0.046083440896549685,673,"Okay, no more of that 'you dirty rat' every time I give you your bill"
1449,455,10,61,149,220,1.3681818181818182,0.03843591938361964,673,It’s an experimental drug. Personally tested by yours truly.
2789,455,13,55,152,220,1.3681818181818182,0.04002315454970333,673,"Don't worry, it's perfectly safe for humans."
3542,457,9,60,143,212,1.3679245283018868,0.038788631875986586,673,"Don't worry, it worked for me."
3120,458,14,47,143,204,1.3676470588235294,0.04267748226208006,673,There are a few side effects.
1730,459,19,42,157,218,1.3669724770642202,0.04328746504671823,673,"Why so leery?  Is it because I'm ""just"" a physician's assistant?"
4361,459,15,50,153,218,1.3669724770642202,0.04128792668066856,673,The only side effect that I ever heard of is hallucinations of mice and other vermin. Why do you ask?
3541,459,16,48,154,218,1.3669724770642202,0.041796780076148336,673,I find the comedic value of the side effects to be totally worth the risk of a malpractice lawsuit.
2936,459,17,46,155,218,1.3669724770642202,0.04229951252531828,673,"Take one a day. They're safe, I tested them on myself."
2497,459,22,36,160,218,1.3669724770642202,0.04472849690753978,673,Why yes..I am from Baltimore. Why do you ask?
1848,459,13,54,151,218,1.3669724770642202,0.04025092569490754,673,"It’s a good drug, I take it myself, only one side effect."
1572,459,12,56,150,218,1.3669724770642202,0.03972227440808646,673,"You know, lab tests on my relatives were very successful."
1249,459,14,52,152,218,1.3669724770642202,0.04077272316687488,673,Trust me. I've personally tested all the medications I prescribe
1174,459,15,50,153,218,1.3669724770642202,0.04128792668066856,673,"If it's safe enough for a rat, it's safe enough for you."
551,459,12,56,150,218,1.3669724770642202,0.03972227440808646,673,I can tell you from personal experience: this drug works.
401,459,15,50,153,218,1.3669724770642202,0.04128792668066856,673,"Hide two of these in a piece of cheese, and take before bed."
34,459,17,46,155,218,1.3669724770642202,0.04229951252531828,673,From personal experience I know there are few side-effects.
4478,459,16,48,154,218,1.3669724770642202,0.041796780076148336,673,"Don't worry, I've tested this prescription."
4020,472,13,51,146,210,1.3666666666666667,0.041273492427772424,673,"This prescription is $400, but it's free if you get through the maze in three minutes."
662,473,10,58,145,213,1.3661971830985915,0.03921358542770122,673,"Side effects may include dumpster feeding, maze running, and an allergy to cats."
2458,473,14,50,149,213,1.3661971830985915,0.041410975510002244,673,Studies show this doesn't cause cancer in humans.
4548,475,12,51,142,205,1.3658536585365855,0.041366246174472966,673,"Correct, that's one pill, twice a day, wrapped in a piece of cheese."
4439,476,12,44,130,186,1.3655913978494623,0.04417205829128798,673,Take this to my brother in the lab. He'll test it for you.
4441,477,14,49,148,211,1.3649289099526067,0.04165945970629895,673,Of course its legal !!  I'm a doctor.
3731,478,22,34,158,214,1.3644859813084111,0.04530768195358674,673,"Take 1,000 times the normal dose daily for a year, then we'll dissect your brain."
3088,478,11,56,147,214,1.3644859813084111,0.039624984356319407,673,This should do the trick. I tested it myself.
3624,480,13,49,144,206,1.3640776699029127,0.041773997771632196,673,"It happens to a lot of men. Take this, and you'll be breeding like me in no time."
4049,481,13,50,146,209,1.3636363636363635,0.04135952084101654,673,"Good news, bad news, John. The test results were good, no sign of bubonic plague. Unfortunately, though, your credit card's been declined."""
1441,481,16,44,149,209,1.3636363636363635,0.04299569558758715,673,"Try going to a vet, it’s what I always do"
1956,481,13,50,146,209,1.3636363636363635,0.04135952084101654,673,"Not to worry, it's been extensively tested on some of my relatives."
2432,481,13,50,146,209,1.3636363636363635,0.04135952084101654,673,Let's try a lower dose.
3105,481,13,50,146,209,1.3636363636363635,0.04135952084101654,673,Don't worry; pharmacists can read anything.
4494,481,14,48,147,209,1.3636363636363635,0.04191201008246293,673,"It's experimental, but it worked for me."
3187,487,11,47,132,190,1.3631578947368421,0.04285225707053162,673,"OK, we better lower your dosage."
2077,488,16,42,146,204,1.3627450980392157,0.04372010376058512,673,Tic Tac?
1404,488,12,50,142,204,1.3627450980392157,0.04145198128283185,673,"Yes, it's a possible side effect, but I've learned to live with it."
4318,490,16,43,148,207,1.3623188405797102,0.04326668656840444,673,The pharamaceutical company assures me that it's completely safe.
4308,491,14,35,125,174,1.3620689655172413,0.04759502633195921,673,I absolutely agree that you need major work on your chinny-chin-chin.
1069,492,14,48,148,210,1.361904761904762,0.04174787841205716,673,"Trust me, you want the placebo."
4228,492,15,46,149,210,1.361904761904762,0.04229011490323722,673,I'm not saying I don't give a rat's ass...
3976,492,16,44,150,210,1.361904761904762,0.042825486397122275,673,My real dream was to play the rat king in The Nutcracker
2848,492,13,50,147,210,1.361904761904762,0.04119850586231023,673,Here's your refill. Let me know if you start having any hallucinations.
3056,496,11,59,154,224,1.3616071428571428,0.03841370871274751,673,"It's still an experimental drug, but trials on humans have been positive."
3680,497,13,48,144,205,1.3609756097560977,0.04186237296949644,673,You can get this prescription filled at any pet shop.
1029,497,9,56,140,205,1.3609756097560977,0.039511545654781224,673,No humans were harmed during testing.
3751,497,11,52,142,205,1.3609756097560977,0.04070393415056515,673,I always recommend getting rid of your cat as a first-line treatment
3239,497,16,42,147,205,1.3609756097560977,0.043542281676466496,673,Someone with your condition shouldn't be looking at me like I'm the weirdo
892,497,15,44,146,205,1.3609756097560977,0.042989606720007435,673,"I've personally tested 1000x the usual dose, with no side effects yet."
2391,497,8,58,139,205,1.3609756097560977,0.03890164819616285,673,"This should help with the dizziness, now tell me about the hallucinations."
341,497,17,40,148,205,1.3609756097560977,0.0440880290015849,673,Here's the referral.  He'll be in sheep's clothing.
750,497,8,58,139,205,1.3609756097560977,0.03890164819616285,673,The side effects may include vivid hallucinations.
1009,505,18,36,146,200,1.36,0.04541268058360951,673,Stay away from Dr. Katz
3122,506,8,57,138,203,1.3596059113300492,0.03911820331985702,673,These pills should cure your hallucinations.
2704,506,10,53,140,203,1.3596059113300492,0.0403457622490458,673,I can vouch for this new medication. I was involved in some of the original trials.
1384,506,10,53,140,203,1.3596059113300492,0.0403457622490458,673,"Not only did it improve my libido, but I have a new appreciation for Limburger."
3466,506,17,39,147,203,1.3596059113300492,0.04437560121447962,673,"No, Greg! I won't tell your wife you caught an STD. What would make you think I'd rat you out?"
4000,506,13,47,143,203,1.3596059113300492,0.042120073387647526,673,"As you can see, your snout is already coming in, but the fur will take a few more weeks."
2193,506,10,53,140,203,1.3596059113300492,0.0403457622490458,673,"This prescription will help. And of all the things you think you are seeing, I would never wear a green tie"
502,506,15,43,145,203,1.3596059113300492,0.04326253902238829,673,"Make sure you eat something after you take it. I recommend old pizza crusts, banana peels or old cat food."
3247,506,16,41,146,203,1.3596059113300492,0.04382260413194425,673,I wouldn’t worry about it too much — and this will help with your hallucinations.
384,506,12,49,142,203,1.3596059113300492,0.04153705853739989,673,Here's the key to the bathroom. It's just at the end of the maze.
258,506,16,41,146,203,1.3596059113300492,0.04382260413194425,673,"Some call it ""opioid crisis"". I call it ""Dr. Rat drives a Bentley"". Ka-ching!"
255,506,8,57,138,203,1.3596059113300492,0.03911820331985702,673,"I wasn't always a doctor, but things evolved."
3387,517,17,41,151,209,1.3588516746411483,0.043454030533919955,673,Side effects include seeing Big Pharma for what it truly is.
1495,518,15,41,142,198,1.3585858585858586,0.0440072209189746,673,"I’m filling in while the cat’s away. This is fun! Anyway, take whatever this says."
2479,519,15,42,144,201,1.3582089552238805,0.04354015565914872,673,"Start taking these, and it wouldn't hurt to get rid of your cat."
4196,519,14,44,143,201,1.3582089552238805,0.04296503125847584,673,Take it twice a day and avoid cats.
3562,519,14,44,143,201,1.3582089552238805,0.04296503125847584,673,You can get this filled in Canada for chicken feed.
869,519,11,50,140,201,1.3582089552238805,0.04119150615962619,673,I haven't experienced any side effects.  Why do you ask?
903,519,12,48,141,201,1.3582089552238805,0.041791044776119404,673,"It is safe, I have been using it for years!"
1227,519,18,36,147,201,1.3582089552238805,0.04522166390311378,673,You'll need to take these once a day with trash.
1288,519,10,52,139,201,1.3582089552238805,0.040583111461757436,673,you'll be part of a clinical trial before we allow use in the general rodent population.
1635,519,9,54,138,201,1.3582089552238805,0.039965456235808605,673,Cigarette?
1820,519,18,36,147,201,1.3582089552238805,0.04522166390311378,673,"In clinical trials, this drug pushed rodent IQs to 150.  It should straighten out your Republican brain."
1995,519,15,42,144,201,1.3582089552238805,0.04354015565914872,673,We accept all forms of insurance. And Cheese.
3674,519,14,44,143,201,1.3582089552238805,0.04296503125847584,673,I don't care what you heard. Beatrix Potter University has an excellent medical school.
2868,519,15,42,144,201,1.3582089552238805,0.04354015565914872,673,Don't you worry. This prescription will get you back looking like your old self.
1943,531,17,35,141,193,1.3575129533678756,0.04597685358840807,673,It’s very safe. It doesn’t cause cancer in rats.
3246,532,12,55,154,221,1.3574660633484164,0.0392127855987209,673,It's just cheddar cheese.  It won't help your symptoms but it's the only thing they let me prescribe now.
2927,533,12,46,138,196,1.3571428571428572,0.04248926358061803,673,"Listen, I'm not supposed to do this, but when I needed them, these things got me through a lot of mazes."
2020,534,15,41,143,199,1.35678391959799,0.04382258326286617,673,"My card, for when you're ready for your nose job"
4465,534,9,53,137,199,1.35678391959799,0.04019783247214549,673,Tell ‘em The Lab Rat sent ya
4432,534,12,47,140,199,1.35678391959799,0.04204928381845233,673,Take this. It will help with the hallucinations.
4375,534,9,53,137,199,1.35678391959799,0.04019783247214549,673,I'm sorry your insurance is out of our network. We take cash or cheese.
3427,534,14,43,142,199,1.35678391959799,0.04323956474228371,673,Run three mazes a day and stay away from Gruyere.
2971,534,11,49,139,199,1.35678391959799,0.04144132508639248,673,"Open this, I don't have a thumb."
2840,534,18,35,146,199,1.35678391959799,0.04552686391590047,673,"This lower dose should stop the diarrhea, but you still may experience hallucinations."
2525,534,11,49,139,199,1.35678391959799,0.04144132508639248,673,"Believe me, in a week you'll think I look like an angel."
1945,534,15,41,143,199,1.35678391959799,0.04382258326286617,673,Some of us made it out of the subway.
1590,534,18,35,146,199,1.35678391959799,0.04552686391590047,673,Experimental drugs have really come a long way.
1399,534,14,43,142,199,1.35678391959799,0.04323956474228371,673,Take this cheese and call me in the morning.
940,534,11,49,139,199,1.35678391959799,0.04144132508639248,673,what'd you call me?
467,534,8,55,136,199,1.35678391959799,0.03956143185894541,673,"Take two a day with food. Side effects include cravings for cheese, gnawing on wood, and snitching on others."
266,534,12,47,140,199,1.35678391959799,0.04204928381845233,673,"After I was caught stealing the pizza, I decided I needed a career change."
144,534,16,39,144,199,1.35678391959799,0.04439794644529781,673,Third door on the left. Get in the wheel and start running.
126,534,12,47,140,199,1.35678391959799,0.04204928381845233,673,Call me if you start hallucinating.
1028,550,9,43,119,171,1.3567251461988303,0.044373778303844785,673,"Tested on rats? Of course not, that would be unethical."
3975,551,12,50,146,208,1.3557692307692308,0.040800095942846594,673,I’ve worked my way up from lab rat to principal investigator.
141,552,13,43,138,194,1.3556701030927836,0.04337984414218515,673,You’ll own the night and have thousands of offspring.
3264,553,11,48,138,197,1.3553299492385786,0.04169530532694721,673,"I studied at Johns Hopkins in Baltimore, why do you ask?"
2912,553,14,42,141,197,1.3553299492385786,0.04351885329817829,673,Of course any human doctor would be out of network.
3583,553,13,44,140,197,1.3553299492385786,0.042919613508216645,673,It’s very safe. It was tested on guinea pigs.
4529,553,9,52,136,197,1.3553299492385786,0.04043394302958854,673,It's perfectly safe. It's been tested on me.
3326,553,10,50,137,197,1.3553299492385786,0.04106946697503733,673,"I take it myself.  Of course, there's a few side effects."
1706,553,15,40,142,197,1.3553299492385786,0.044109953084106014,673,I've tested the medication myself. Why do you ask ?
2713,553,16,38,143,197,1.3553299492385786,0.044693235839170384,673,Try this. It's worked wonders for me with no noticeable side effects.
490,553,13,44,140,197,1.3553299492385786,0.042919613508216645,673,It's a new drug.  Let's see what happens.
224,553,14,42,141,197,1.3553299492385786,0.04351885329817829,673,"Feel free to get a second opinion, but when I diagnose you with the black plague, I kinda know what I'm talking about."
148,553,16,38,143,197,1.3553299492385786,0.044693235839170384,673,Consider me an expert in how diseases spread.
1456,553,11,48,138,197,1.3553299492385786,0.04169530532694721,673,There will be two of these waiting each time you successfully navigate the maze.
2021,564,16,39,145,200,1.355,0.044211403972346665,673,"As you can see, Trump's healthcare plan is also a rat- and rodent-infested mess."
415,565,12,48,143,203,1.354679802955665,0.041453101337250074,673,"What do you mean, hallucinations ? No, actually, we have taken over. This is a prescription for the flu."
2362,566,9,51,135,195,1.353846153846154,0.04067388188808676,673,Three cubes of cheddar four times a day. Lay off the peanut butter.
2838,566,11,47,137,195,1.353846153846154,0.041953555940545104,673,These may cause you to hallucinate.
2877,566,13,43,139,195,1.353846153846154,0.0431953359087166,673,It’s highly recommended by the pharmaceutical rep.
3026,566,15,39,141,195,1.353846153846154,0.04440240120170617,673,This will help your nose and whiskers grow back.
3984,566,11,47,137,195,1.353846153846154,0.041953555940545104,673,"Don’t worry, the side effects are minimal. I take it myself."
3784,566,12,45,138,195,1.353846153846154,0.042578973098956426,673,"Next time you think you smell a rat, take two of these. Works for me!"
2103,566,10,49,136,195,1.353846153846154,0.04131867328401578,673,"As a former test subject myself, I can assure you the side effects are minimal."
4125,566,10,49,136,195,1.353846153846154,0.04131867328401578,673,My lab results weren’t that great either.
4275,566,11,47,137,195,1.353846153846154,0.041953555940545104,673,My friends at the lab recommend this medicine.
3093,566,15,39,141,195,1.353846153846154,0.04440240120170617,673,I’m accepting new patients. Post this somewhere in your basement.
2069,566,9,51,135,195,1.353846153846154,0.04067388188808676,673,"I tried it on myself first, the side effects are minimal."
1842,566,10,49,136,195,1.353846153846154,0.04131867328401578,673,Side effects? None that I'm aware of.
1401,566,16,37,142,195,1.353846153846154,0.04499379208938145,673,"You can fill this on practically any corner, Baltimore is infested with pharmacies."
1252,566,13,43,139,195,1.353846153846154,0.0431953359087166,673,"Even though Dr. Campbell's tricks were flawless, Tom smelled a rat."
1169,566,17,35,143,195,1.353846153846154,0.04557751003167782,673,I normally don’t give a rats ass
852,566,17,35,143,195,1.353846153846154,0.04557751003167782,673,"No, you can’t weasel out of the colonoscopy."
332,566,10,49,136,195,1.353846153846154,0.04131867328401578,673,"I'm sorry, we don't accept Blue Cross and Blue Cheese."
137,566,14,41,140,195,1.353846153846154,0.04380302658917612,673,"Fair warning, there may be side effects."
110,566,12,45,138,195,1.353846153846154,0.042578973098956426,673,Don't worry about side effects. I've been taking it for years.
1953,566,13,43,139,195,1.353846153846154,0.0431953359087166,673,"If I could promise you a spot in the control group, I would."
1809,586,18,32,143,193,1.3523316062176165,0.046475942639213064,673,"Baltimore? No,the White House."
3658,586,15,38,140,193,1.3523316062176165,0.04470006874444185,673,"Side effects, no, and I say that from personal experience."
4074,586,13,42,138,193,1.3523316062176165,0.043475871623933696,673,Take two slices of Cheddar and call me in the morning.
4164,586,17,34,142,193,1.3523316062176165,0.0458916210005148,673,"Yeah, I tried being wolf in sheep's clothing for awhile, but a wolf in pharmaceutical clothing is just so much more lucrative."
2195,586,10,48,135,193,1.3523316062176165,0.04157203765772334,673,Here's your prescription.  I have personal experience with it from my lab work.
1948,586,15,38,140,193,1.3523316062176165,0.04470006874444185,673,This will help you to become a Trump supporter too.
1779,586,10,48,135,193,1.3523316062176165,0.04157203765772334,673,"It's perfectly safe; I use it myself."""
4302,586,15,38,140,193,1.3523316062176165,0.04470006874444185,673,"Sure,Baltimore General strives to be reflective of the community,but I earned my degree like anyone else."
881,586,13,42,138,193,1.3523316062176165,0.043475871623933696,673,"Take this to the lab, and tell them you are my replacement."
901,586,12,44,137,193,1.3523316062176165,0.042850659823534004,673,Just a little something to help you cope with the rat race.
264,586,14,40,139,193,1.3523316062176165,0.044092219037028466,673,Ask for “Ben”.
997,597,9,39,114,162,1.3518518518518519,0.04589775548385575,673,"There's nothing wrong with you sir, you just licked the wrong stamps."
4234,598,12,41,132,185,1.3513513513513513,0.044086951447793614,673,"Yes, quite right, I might indeed be a six foot lab rat.  Or perhaps you really ought to take this prescription."
3689,599,12,42,134,188,1.351063829787234,0.04359988174384438,673,"Sure, I'll get you the pills, but don't rat me out."
3030,600,10,47,134,191,1.350785340314136,0.041829668847516446,673,"Don't worry, I have a doctor rat degree."
3864,600,15,37,139,191,1.350785340314136,0.04500310212477504,673,This prescription should  exterminate the condition.
1357,602,13,42,139,194,1.3505154639175259,0.04328930224973551,673,This should help with your hallucinations.
1297,603,11,40,126,177,1.3502824858757063,0.04471363754208912,673,"Using the term experiment doesn't seem quite appropriate now, does it?"
455,604,12,45,140,197,1.350253807106599,0.042221687100825626,673,I’ll do the procedure on Friday. You’ll love your new face Mr. Daniels.
3856,605,13,40,136,189,1.3492063492063493,0.044051916448666795,673,It's not bubonic plague.  I would know.
3003,605,14,38,137,189,1.3492063492063493,0.044686224198629304,673,What's wrong? You look like there's something wrong.
2925,605,13,40,136,189,1.3492063492063493,0.044051916448666795,673,Just be thankful that I am in network.
1452,605,10,46,133,189,1.3492063492063493,0.04209167936553244,673,Here’s the prescription for those ridiculous hallucinations.
1422,605,11,44,134,189,1.3492063492063493,0.04275507878767893,673,"You may look weird but you won’t 
die."
1748,605,12,42,135,189,1.3492063492063493,0.04340834081683469,673,"Yes, there may be unwanted side-effects."
1647,611,10,41,124,175,1.3485714285714285,0.04429233490423665,673,"Yes I starred in ""Ratatouille."" Then, I went to med school. Too competitive to be a chef in Paris."
334,612,14,36,134,184,1.3478260869565217,0.04550968270434111,673,I'm on it too. There's only one side effect.
3517,612,10,44,130,184,1.3478260869565217,0.04281991469958228,673,Yes sir. I am a doctor. And a rat.
4,612,11,42,131,184,1.3478260869565217,0.0435079489992585,673,It’s been successfully tested on lab people.
3493,615,11,43,133,187,1.3475935828877006,0.04303158022922594,673,I think we’re ready to move on to human trials.
4161,615,14,37,136,187,1.3475935828877006,0.04499133156317045,673,You've just got to ask yourself: Are you a mouse or are you a man?
4366,615,11,43,133,187,1.3475935828877006,0.04303158022922594,673,"Side effects?  No, no side effects since I've been on it.  Why do you ask?"
3921,615,10,45,132,187,1.3475935828877006,0.04235818564051934,673,We are bound by doctor-patient confidentiality. What do I look like?
3651,615,10,45,132,187,1.3475935828877006,0.04235818564051934,673,I have family in R&D.
3198,615,9,47,131,187,1.3475935828877006,0.041673911317382836,673,It hasn't been tested on humans yet but it worked great for me.
308,615,13,39,135,187,1.3475935828877006,0.04434770467069889,673,"Perhaps try taking your LSD micro-dose every other day, Mr. Kaplan."
1166,615,10,45,132,187,1.3475935828877006,0.04235818564051934,673,"Sure, that's one side effect.  But you'll be great at mazes."
1109,615,14,37,136,187,1.3475935828877006,0.04499133156317045,673,"Sorry you don't like the care, sir, but here at Johns Hopkins we are all in Elijah Cummings' rat-infested district."
2505,615,8,49,130,187,1.3475935828877006,0.04097821223798666,673,"As you can see, the early clinical trials have produced some extraordinary results."
4265,625,10,44,131,185,1.345945945945946,0.04262930818070262,673,Just a few lab tests...no need to worry.
3967,625,10,44,131,185,1.345945945945946,0.04262930818070262,673,I assure you these are perfectly safe. I take them myself. But there is one unusual side effect I've noticed.....
3925,625,11,42,132,185,1.345945945945946,0.04331295790575625,673,You’re in good hands. Before med school I was a rodent scholar.
3905,625,12,40,133,185,1.345945945945946,0.04398598332567212,673,Don’t be ridiculous. I’m a squirrel.
3292,625,13,38,134,185,1.345945945945946,0.04464886488710323,673,Reassignment surgery went great for me.
1746,625,17,30,138,185,1.345945945945946,0.047207401559805996,673,"Yes, I live in Elijah Cummings's district. Why do you ask?"
1689,625,9,46,130,185,1.345945945945946,0.041934514536176824,673,"You’ve been testing meds on us for years, now it’s your turn."
1346,625,12,40,133,185,1.345945945945946,0.04398598332567212,673,And here's something special for your cat.
1202,625,13,38,134,185,1.345945945945946,0.04464886488710323,673,Swallow each pill whole - no nibbling.
296,625,14,36,135,185,1.345945945945946,0.045302047881826416,673,"If you have any other concerns about your mole, give me a call."
98,625,9,46,130,185,1.345945945945946,0.041934514536176824,673,Go ahead. It's been proven safe on laboratory humans.
1385,625,9,46,130,185,1.345945945945946,0.041934514536176824,673,"It’s an experimental drug, but we’re confident there are no side effects."
3727,637,11,39,127,177,1.344632768361582,0.04460399038430438,673,"Your lucky,I've been taking this same medication for years with no side effects !"
3913,638,11,40,129,180,1.3444444444444446,0.044093900017575155,673,Try these--I find them helpful when I'm feeling trapped or at a dead end.
4266,639,11,41,131,183,1.3442622950819672,0.04359934635699649,673,Focus on my degrees not my whiskers.
4010,639,12,39,132,183,1.3442622950819672,0.04428264042640696,673,"Where did you say you did yor rodency, I mean residency."
2575,639,14,35,134,183,1.3442622950819672,0.045618534872227876,673,"Facial reconstruction is my specialty"""
403,639,14,35,134,183,1.3442622950819672,0.045618534872227876,673,"This is a prescription for fear, I can smell it on you."
1621,639,9,45,129,183,1.3442622950819672,0.042199579642493185,673,Remember to take this with cheese.
107,644,12,40,134,186,1.3440860215053763,0.043788378649214636,673,I'd lay off the hallucinogens.
3440,645,13,36,132,181,1.3425414364640884,0.045267919079936755,673,"It is experimental, but I'm on it myself."
4355,645,11,40,130,181,1.3425414364640884,0.04389088503798522,673,This will only take away the rats that aren't real.
4256,645,10,42,129,181,1.3425414364640884,0.04318590551571891,673,Have you ever been a subject of medical  research ?
4225,645,13,36,132,181,1.3425414364640884,0.045267919079936755,673,Surgery went well. Lick the spot all day for a few days.  You should feel the urge to hump your neighbor’s leg disappear right away.
4135,645,8,46,127,181,1.3425414364640884,0.04174024109660285,673,They work well. I was on the testing committee.
3582,645,12,38,131,181,1.3425414364640884,0.044584718723152984,673,Not to worry. Rats tested it. A rat can prescribe it.
2506,645,11,40,130,181,1.3425414364640884,0.04389088503798522,673,The pharmacy is down the sewer to your left
2416,645,11,40,130,181,1.3425414364640884,0.04389088503798522,673,"Why yes, I am from Baltimore!"
1904,645,14,34,133,181,1.3425414364640884,0.04594096050402882,673,Take two of these and call me if your hallucinations continue.
1477,645,10,42,129,181,1.3425414364640884,0.04318590551571891,673,I personally tested this prescription while running a maze at Harvard med school.
923,645,10,42,129,181,1.3425414364640884,0.04318590551571891,673,"Don’t act so surprised, us rats know all about diseases."
894,645,11,40,130,181,1.3425414364640884,0.04389088503798522,673,"Look at me, the side effects are minimal"
692,645,12,38,131,181,1.3425414364640884,0.044584718723152984,673,"You'll find, trust me, that your maze solution times improve dramatically."
423,645,16,30,135,181,1.3425414364640884,0.047258296207574005,673,"As White House physician, I have to prescribe these to all staff."
398,645,6,50,125,181,1.3425414364640884,0.04024267658086954,673,I swear by it... the only side effect is some minor shedding
1880,645,10,42,129,181,1.3425414364640884,0.04318590551571891,673,I've tried it myself.
4278,661,8,44,124,176,1.3409090909090908,0.042466738147383006,673,You’re fine. This is my favorite cheese fondue recipe.
2135,661,10,40,126,176,1.3409090909090908,0.04396923900579273,673,It’s for your cat.
2542,663,10,41,128,179,1.3407821229050279,0.04347164329449182,673,"This will help with the hallucinations, but in the meantime, try to get some sleep."
2324,663,12,37,130,179,1.3407821229050279,0.044892373160697205,673,"Don't worry,  I was personally involved in the medical trials."
3172,663,18,25,136,179,1.3407821229050279,0.04890755933213742,673,Take two and find me in your trash in the morning.
3668,663,12,37,130,179,1.3407821229050279,0.044892373160697205,673,I assure you there are no side effects.
3425,663,8,45,126,179,1.3407821229050279,0.04200288529908134,673,"I know it sounds cheesy, but it works!"
1282,663,12,37,130,179,1.3407821229050279,0.044892373160697205,673,It’s new but I’ve taken it myself.
4549,663,12,37,130,179,1.3407821229050279,0.044892373160697205,673,"This stuff works, my uncle was involved with the trials."
3184,663,12,37,130,179,1.3407821229050279,0.044892373160697205,673,That stuff you use to poison us? For you it’s a blood thinner.
1215,663,11,39,129,179,1.3407821229050279,0.04418771853537373,673,This one should end the hallucinations. You'll no longer see yourself as a hairless ape.
2769,663,15,31,133,179,1.3407821229050279,0.04694291494904119,673,I’ve been taking these for years with absolutely no side effects.
1024,663,17,27,135,179,1.3407821229050279,0.048261565051173655,673,"Me, I grew up in Baltimore....Why?"
820,663,10,41,128,179,1.3407821229050279,0.04347164329449182,673,"it's for delusional thinking. Take two every day 
or until you stop seeing rodents everywhere."
814,663,13,35,131,179,1.3407821229050279,0.04558613678123167,673,I must caution you. The side effects are quite pointed.
428,663,7,47,125,179,1.3407821229050279,0.04124889907391357,673,This one is very safe and effective. No side effects. I actually take it myself.
378,663,10,41,128,179,1.3407821229050279,0.04347164329449182,673,The pills will go down easier if you hide them in some cheese.
219,663,10,41,128,179,1.3407821229050279,0.04347164329449182,673,"Gnaw on these as needed, and spend more time on the exercise wheel."
125,663,14,33,132,179,1.3407821229050279,0.04626949929786402,673,"All right, here's a new prescription for you until the hallucinations stop."
1212,663,6,49,124,179,1.3407821229050279,0.04048087173186902,673,You'll be in the same trial as my brother.
842,681,11,43,137,191,1.3403141361256545,0.04228248803564216,673,Take these twice a day with some cheese.
4146,682,10,40,127,177,1.3389830508474576,0.043762523685959516,673,"You know, I got my start in a lab, but the clinical studies weren't my thing"
3769,682,12,36,129,177,1.3389830508474576,0.04520576456758275,673,It's experimental.  But I tested it on myself.
3315,682,12,36,129,177,1.3389830508474576,0.04520576456758275,673,"Actually, trained rats require less malpractice insurance."
3147,682,13,34,130,177,1.3389830508474576,0.04591037448690106,673,"Don't worry, I got my degree in Baltimore."
2917,682,14,32,131,177,1.3389830508474576,0.04660433264102461,673,Two wedges twice a day with some crackers and a frisky Merlot.
2009,682,12,36,129,177,1.3389830508474576,0.04520576456758275,673,This will ease your pain. But your intense cravings for cheese may skyrocket.
1918,682,15,30,132,177,1.3389830508474576,0.0472881079797347,673,What do you mean I’m making a pest of myself.
3118,682,12,36,129,177,1.3389830508474576,0.04520576456758275,673,"What's the matter, haven't you seen a doctor with a moustache before?"
1182,682,12,36,129,177,1.3389830508474576,0.04520576456758275,673,"Yes, I'm from Baltimore."
966,682,13,34,130,177,1.3389830508474576,0.04591037448690106,673,I know this prescription will work ; it was tested on me in the lab.
545,682,11,38,128,177,1.3389830508474576,0.04448999679424515,673,I tested it on myself.
176,682,10,40,127,177,1.3389830508474576,0.043762523685959516,673,I know it's safe. It's been tested on 500 of my relatives.
1262,682,11,38,128,177,1.3389830508474576,0.04448999679424515,673,Side effects?
396,695,11,35,123,169,1.3372781065088757,0.045884112574348566,673,The pills you're taking have no known side effects. Why do you ask?
2901,696,11,37,127,175,1.3371428571428572,0.04479787535593945,673,"Don't worry, it's completely safe. I tested it on my family."
2534,696,12,35,128,175,1.3371428571428572,0.045525059927451796,673,I won't tell anyone about your opioid addiction--I'm not that kind of rat.
4340,696,10,39,126,175,1.3371428571428572,0.044058690305256436,673,"I'm not really a rat, but I play one on television."
1821,696,9,41,125,175,1.3371428571428572,0.04330689028806741,673,Take it twice a day with food scraps.
3278,700,9,37,118,164,1.3353658536585367,0.04517530240472377,673,"I know you'll miss Dr. Grant, but the hospital insisted on diversity in the staff"
446,701,9,39,122,170,1.3352941176470587,0.04410546298862444,673,'Take two of these and enter the Caption Contest in the morning'.
2346,701,12,33,125,170,1.3352941176470587,0.04641263619170703,673,"You guessed it, not everything that happens in Las Vegas stays in Las Vegas."
663,703,10,38,125,173,1.3352601156069364,0.044360291988099536,673,"This should help with the hallucinations, but I also recommend bumping up to three pounds of cheese a day."
1148,703,10,38,125,173,1.3352601156069364,0.044360291988099536,673,You did right coming to me for a second opinion. Dr Katz is an idiot.
1553,703,9,40,124,173,1.3352601156069364,0.043596125632259564,673,"Don't worry, it's not a prescription. It's a fondue recipe. Cheese always seems to enhance mood levels."
4016,703,11,36,126,173,1.3352601156069364,0.045111515607382746,673,"I can tell you're not sure about having a mouse as a doctor, but rest assured; I graduated top of my class at Harvarti University."
4271,703,7,44,122,173,1.3352601156069364,0.04202612877594582,673,I recommend a paleo diet.
4413,703,11,36,126,173,1.3352601156069364,0.045111515607382746,673,Sure it worked I tested it myself.
3167,709,8,41,122,171,1.3333333333333333,0.04309971159206156,673,Would you like to participate in a very early stage clinical drug trial?  You’d be the first human.
1795,709,9,37,119,165,1.3333333333333333,0.04494665749754948,673,You look terrible.  Get this filled right away!!
2821,709,9,39,123,171,1.3333333333333333,0.04389059795586395,673,Don’t worry. Just think of it as a dose of your own medicine.
3829,709,14,29,128,171,1.3333333333333333,0.04764852397446646,673,We'll start you out with six weeks of some mild cheddar and possibly work up to a more pungent Roquefort.
4294,709,9,39,123,171,1.3333333333333333,0.04389059795586395,673,So you say your hallucinations are getting worse Mr Smith?
4487,709,12,33,126,171,1.3333333333333333,0.04618206294370681,673,I was part of the control group but this worked for my cousin Mickey
4493,709,12,33,126,171,1.3333333333333333,0.04618206294370681,673,"Of course I write prescriptions. I'm a DOCTOR rat, not a lab rat."
4515,709,9,39,123,171,1.3333333333333333,0.04389059795586395,673,I think you'll enjoy this pill. It has just a hint of Roquefort.
1708,709,9,39,123,171,1.3333333333333333,0.04389059795586395,673,I'd like to try a little experiment.
4177,709,9,39,123,171,1.3333333333333333,0.04389059795586395,673,"I'd also recommend a spinning wheel, for exercise."
1556,709,13,31,127,171,1.3333333333333333,0.04692102287185246,673,Red Riding Hood didn’t believe me either.
101,709,10,36,122,168,1.3333333333333333,0.04520544196943266,673,I’d like to see a chicken write this legibly.
724,709,6,45,120,171,1.3333333333333333,0.041472716816119956,673,I can assure you it was thoroughly tested. I was personally involved in the clinical trials.
577,709,16,22,124,162,1.3333333333333333,0.05106037629563537,673,My friends the Sacklers tell me this isn't addictive at all.
392,709,15,27,129,171,1.3333333333333333,0.04836508334066744,673,Take two of these daily and for God sake stay away from any tempting peanut butter or cheese resting on a little piece of wood.
250,709,10,37,124,171,1.3333333333333333,0.04466748301088491,673,"Turns out it does cure cancer, but also turns everyone into a rat. Now do you want it or not?"
212,709,6,45,120,171,1.3333333333333333,0.041472716816119956,673,You should probably get a rabies shot.
210,709,9,35,115,159,1.3333333333333333,0.04607573356985444,673,Trust me.
200,709,13,30,125,168,1.3333333333333333,0.047511998294545346,673,I wanted to be a chef but my parents told me to be practical.
1008,709,7,42,119,168,1.3333333333333333,0.04277468860626115,673,Hide them in your food and you probably won't notice.
3341,729,8,41,123,172,1.3313953488372092,0.04289220320786424,673,This will help you cope with the rat race – it did wonders for me.
1310,729,11,35,126,172,1.3313953488372092,0.04520773677190416,673,Or we put you in a cage and administer small electric shocks.”
268,731,9,38,122,169,1.331360946745562,0.04419045263302087,673,"Sure it's safe, in fact I use it myself."
316,731,12,32,125,169,1.331360946745562,0.04652013798684736,673,This should insure that you won’t keep seeing giant rats everywhere.
2023,731,10,36,123,169,1.331360946745562,0.04498042331999497,673,"Now, I insist that all my new patients get vaccinated for the plague."
3145,731,7,42,120,169,1.331360946745562,0.04256655198206556,673,It takes one to know one. Take two of these and don't come back.
3908,731,12,32,125,169,1.331360946745562,0.04652013798684736,673,These have no side effects but don't wolf them down.
1457,736,12,31,123,166,1.3313253012048192,0.04710575846155743,673,For Pete’s sake. All we did was cut out the middle man!
2953,737,12,31,124,167,1.3293413173652695,0.046864852404693666,673,Johns Hopkins. Where did you get your degree?
4277,737,8,39,120,167,1.3293413173652695,0.04367762497369607,673,Are you still doing your mazes?
3382,737,8,39,120,167,1.3293413173652695,0.04367762497369607,673,"You completed the maze, here is your prescription for cheese."
3323,737,9,37,121,167,1.3293413173652695,0.04449584014529403,673,"This is my bill.  I accept Visa, Mastercard, and Cheddar!"
4248,737,10,35,122,167,1.3293413173652695,0.04529927877050892,673,It’s okay. It was tested on me and look where I wound up.
2808,737,10,35,122,167,1.3293413173652695,0.04529927877050892,673,"Don't worry,it's vegan."
4044,737,9,37,121,167,1.3293413173652695,0.04449584014529403,673,"Given how you're looking at me, my guess is you've already tried some of these."
1156,737,7,41,119,167,1.3293413173652695,0.04284378667263339,673,I can guarantee it doesn't contain rat poison.
435,737,10,35,122,167,1.3293413173652695,0.04529927877050892,673,"Yes, our experiments with gene splicing rats and humans is going very well, thank you.  Why do you ask?"
155,737,8,39,120,167,1.3293413173652695,0.04367762497369607,673,Eat more garbage.
0,737,11,33,123,167,1.3293413173652695,0.04608871362948852,673,No one likes the pellets.
1443,737,11,33,123,167,1.3293413173652695,0.04608871362948852,673,My residency? Baltimore. Why do you ask?
1454,749,9,33,113,155,1.3290322580645162,0.046772387755327584,673,"Calling me ""Rat Bastard"" won't get you extra refills."
1861,750,8,34,110,152,1.3289473684210527,0.04646469535822661,673,"Here's my card.  If you have any more hallucinations, call me."
4521,751,8,38,119,165,1.3272727272727274,0.04397442343012079,673,That’s Doctor Rat to you!!
3997,751,9,36,120,165,1.3272727272727274,0.04480691627437607,673,Any side effects?
3981,751,11,32,122,165,1.3272727272727274,0.046427140834147104,673,Don’t worry.  These tests at the laboratory where I was trained.
3308,751,14,26,125,165,1.3272727272727274,0.048756629252399125,673,You said everyone looks like a rodent? This should help– side effects include seeing the world as it is.
3252,751,9,36,120,165,1.3272727272727274,0.04480691627437607,673,This should help with those hallucinations.
2094,751,11,32,122,165,1.3272727272727274,0.046427140834147104,673,"Take this to the pharmacy down the hall. Turn right, then left. Dead end. Double back, and it's around the corner to the left."
1640,751,9,36,120,165,1.3272727272727274,0.04480691627437607,673,"Well, look what it did for me."
3114,751,9,36,120,165,1.3272727272727274,0.04480691627437607,673,Take my word: the clinical trials went fabulously well.
1146,751,10,34,121,165,1.3272727272727274,0.04562422137446664,673,"I'm going to send you to the lab.  Head out this door, then take a right, then a left, another left, left, straight, right, left, right, right, left, then a right."
936,751,9,36,120,165,1.3272727272727274,0.04480691627437607,673,I barely squeaked through Veterinary School.
838,751,6,42,117,165,1.3272727272727274,0.04226026805400995,673,"You might get cravings 
for discarded pizza .
This is quite normal."
837,751,9,36,120,165,1.3272727272727274,0.04480691627437607,673,There's nothing wrong with you that a little rat poison won't cure.
1222,751,6,42,117,165,1.3272727272727274,0.04226026805400995,673,My last place was just a hole in the wall.
2012,764,8,37,117,162,1.3271604938271604,0.044505002664205734,673,Side effects may include seeing souls' true nature.
4068,765,13,26,120,159,1.3270440251572326,0.049273728033651,673,"This will help, but nose hair is a side effect."
2837,766,11,28,114,153,1.326797385620915,0.04892204486714798,673,in queso emergency call 911
2016,767,9,35,119,163,1.3251533742331287,0.045123842299755586,673,Will this cure your hallucinations? Yes. Will this remove the sight of all those rat-bastards in government? No.
4152,767,9,35,119,163,1.3251533742331287,0.045123842299755586,673,"It's tough on the stomach, but are you a mouse or a man?"
3432,767,7,39,117,163,1.3251533742331287,0.04341290614339646,673,This prescription should ease your fears about nose hair.
3164,767,13,27,123,163,1.3251533742331287,0.048364476550965936,673,"No, hallucinations are not a side effect of the medication you're on. Why do you ask?"
3143,767,9,35,119,163,1.3251533742331287,0.045123842299755586,673,Take these medications for the diseases I just transmitted to you.
2878,767,8,37,118,163,1.3251533742331287,0.04427663923396039,673,"This should help with the pain, inflammation and giant rat hallucinations."
2689,767,10,33,120,163,1.3251533742331287,0.04595542955878165,673,"Look, if there's one thing we rats know about, it's reproduction. Take 2 of these daily and your wife will be pregnant in no time."
2363,767,4,45,114,163,1.3251533742331287,0.04071190653480329,673,I did my undergrad infestation at NYU and then went to Columbia.
2089,767,10,33,120,163,1.3251533742331287,0.04595542955878165,673,It reduces the gap between your paranoia and reality.
2053,767,11,31,121,163,1.3251533742331287,0.04677223394249063,673,"Trust me!  I didn't figure out how to get through the maze, and work my way through medical school, without learning a thing or two."
3763,767,9,35,119,163,1.3251533742331287,0.045123842299755586,673,We avoid using the term “lab rat.” We’d prefer to think of you as a “guinea pig.”
1724,767,12,29,122,163,1.3251533742331287,0.04757501686820514,673,Let’s worry about the diseases you’re carrying.
3558,767,12,29,122,163,1.3251533742331287,0.04757501686820514,673,Take this and you won't give a rat's ass about your problems.
1116,767,11,31,121,163,1.3251533742331287,0.04677223394249063,673,It'll work. I tested it on my family.
1016,767,6,41,116,163,1.3251533742331287,0.042531635964025885,673,"It's an off-label usage, but it worked for me"
1005,767,4,45,114,163,1.3251533742331287,0.04071190653480329,673,Should be safe... we even tested it on ourselves.
798,767,14,25,124,163,1.3251533742331287,0.04914125511307037,673,This is your bonus and I don't give a rats ass how you feel about it.
560,767,10,33,120,163,1.3251533742331287,0.04595542955878165,673,"Whaddya mean, ""It's a trap""? Go on...take it!"
1596,767,10,33,120,163,1.3251533742331287,0.04595542955878165,673,We have exactly the same eyes.
118,767,8,37,118,163,1.3251533742331287,0.04427663923396039,673,"Look, I'm a real doctor. My credentials are on the wall. The one with two medals is for getting through Harvard's toughest maze, eh, course...I mean course."
108,767,8,37,118,163,1.3251533742331287,0.04427663923396039,673,"No need to worry, I tested it on my own family."
64,767,11,31,121,163,1.3251533742331287,0.04677223394249063,673,I reviewed the literature on this drug and hallucinations are not a side effect.
3035,789,8,36,116,160,1.325,0.04481794059014916,673,Have someone hold your mouth shut until you swallow.
2140,790,12,26,116,154,1.3246753246753247,0.04951433502515563,673,Consider it payback.
1300,791,10,29,112,151,1.3245033112582782,0.04841840169236755,673,I don't make mouse calls.
1933,792,9,30,109,148,1.3243243243243243,0.048146578815984276,673,This prescription helped me. It'll make a different person out of you.
3788,793,7,40,120,167,1.3233532934131738,0.04269732902550066,673,Watch out for the traps on your way out.
4461,794,13,26,122,161,1.3229813664596273,0.048743915428576375,673,What makes you think I’m working for the pharma companies?
4383,794,10,32,119,161,1.3229813664596273,0.046293088432830025,673,"They’re safe, I was part of the test when I was a resident."
3133,794,10,32,119,161,1.3229813664596273,0.046293088432830025,673,Take two of these with cheese  and call me in the morning
3148,794,12,28,121,161,1.3229813664596273,0.0479408963178142,673,Medicare for all
3216,794,9,34,118,161,1.3229813664596273,0.04544678520090311,673,"Nibble two times a day, with or without cheese."
3243,794,6,40,115,161,1.3229813664596273,0.04280760482015598,673,"Trust me, I trained in some of the top mazes in the country."
3312,794,7,38,116,161,1.3229813664596273,0.043705042981233136,673,"If you’re interested in a lab testing gig, let me know."
3313,794,6,40,115,161,1.3229813664596273,0.04280760482015598,673,"If this doesn’t work, I’m sending you for a Cat scan."
3316,794,11,30,120,161,1.3229813664596273,0.04712419535867553,673,"I used the Canadian spelling, it will be more convenient."
3477,794,9,34,118,161,1.3229813664596273,0.04544678520090311,673,You’ll want to be sure to take this with a bite of garbage.
3679,794,6,40,115,161,1.3229813664596273,0.04280760482015598,673,You’ll need to see a Snake for that.
3828,794,11,30,120,161,1.3229813664596273,0.04712419535867553,673,I'm sorry if the subject of rat erections makes you uncomfortable. But how do you think these drugs were approved?
3980,794,8,36,117,161,1.3229813664596273,0.04458442030064125,673,Of  course it’s safe. I tested it myself.
4075,794,7,38,116,161,1.3229813664596273,0.043705042981233136,673,"Take one of these a day with cheese, and a little time on the exercise wheel wouldn't hurt either."
4173,794,7,38,116,161,1.3229813664596273,0.043705042981233136,673,"""Prepare to be a-mazed"""
4455,794,9,34,118,161,1.3229813664596273,0.04544678520090311,673,Take 2 a day with cheese and you'll be back to normal in a few days.
4286,794,12,28,121,161,1.3229813664596273,0.0479408963178142,673,"Now to get back to reception it’s three rights, left, right, right, left."
2823,794,6,40,115,161,1.3229813664596273,0.04280760482015598,673,This showed great promise in the lab .
2515,794,11,30,120,161,1.3229813664596273,0.04712419535867553,673,"If you develop the sudden urge to scavenge or squeak, give me a call."
2844,794,9,34,118,161,1.3229813664596273,0.04544678520090311,673,"I’ll be honest, you have some serious trust issues."
2262,794,11,30,120,161,1.3229813664596273,0.04712419535867553,673,The side effects are mild. I’ve taken it myself.
131,794,8,36,117,161,1.3229813664596273,0.04458442030064125,673,What? I got my license on line.
271,794,9,34,118,161,1.3229813664596273,0.04544678520090311,673,Just in case you come across a difficult maze.
443,794,9,34,118,161,1.3229813664596273,0.04544678520090311,673,"If they can't read my handwriting, tell them your doctor is a rat. They'll know what that means."
693,794,7,38,116,161,1.3229813664596273,0.043705042981233136,673,I've taken this prescription myself.
849,794,6,40,115,161,1.3229813664596273,0.04280760482015598,673,"I know this looks like chicken scratch. Thankfully, our pharmacist is an actual chicken."
1012,794,9,34,118,161,1.3229813664596273,0.04544678520090311,673,"We provide exceptional care at Johns Hopkins. 
Here in Baltimore, a rat and rodent-infested place, we want to place that characterization in a positive light."
1124,794,12,28,121,161,1.3229813664596273,0.0479408963178142,673,"These pills are still in trials, but I've tried them and they're 
a-mazing!"
732,794,15,22,124,161,1.3229813664596273,0.05031151751253182,673,...Why yes! - As you can see I am a Fox University's graduate
1664,794,7,38,116,161,1.3229813664596273,0.043705042981233136,673,You say rat infestation like it's a bad thing.
1752,794,11,30,120,161,1.3229813664596273,0.04712419535867553,673,"These pills are fine. I've been taking them for years, and there's nothing wrong with me."
1775,794,10,32,119,161,1.3229813664596273,0.046293088432830025,673,Eat more cheese and get rid of that cat.
1911,794,11,30,120,161,1.3229813664596273,0.04712419535867553,673,I recognize that abandon ship look.
2079,794,10,32,119,161,1.3229813664596273,0.046293088432830025,673,"When you hear this click, you will bring me cheese."
2190,794,13,26,122,161,1.3229813664596273,0.048743915428576375,673,"I swear, the only lasting side effect is a compulsion to move to Baltimore."
1644,794,9,34,118,161,1.3229813664596273,0.04544678520090311,673,"It wasn't perfected when I took it, but I promise you -- this'll put that ol' eyeball right back in your head."
1969,830,11,29,118,158,1.3227848101265822,0.04774102662256087,673,No-- never been to Baltimore. Why?
1886,830,11,29,118,158,1.3227848101265822,0.04774102662256087,673,Where did you say your Grandmother lived?
1464,830,7,37,114,158,1.3227848101265822,0.0442346357805993,673,You may be in the placebo group.
2500,830,8,35,115,158,1.3227848101265822,0.045136777219089576,673,Some of us get out of the maze.
4427,830,10,31,117,158,1.3227848101265822,0.04688901756160624,673,''If it hasn't cleared up in a few days come back and we'll start sniffing around for clues.'
4420,830,6,39,113,158,1.3227848101265822,0.04331370854081682,673,"Trust me, I tested this myself, I'm sure it's ready for human trials"
2304,830,10,31,117,158,1.3227848101265822,0.04688901756160624,673,"Trust me, I tested this medication myself!"
4368,830,11,29,118,158,1.3227848101265822,0.04774102662256087,673,You have nothing to worry about. My friends and I have been taking this drug for months.
2370,830,12,27,119,158,1.3227848101265822,0.04857809463183497,673,"In phase one studies with this drug, most humans did survive."
4165,839,6,38,111,155,1.3225806451612903,0.04383719343615942,673,"Here, this  new prescription won't have vivid hallucinations as a possible side effect"
86,840,8,29,103,140,1.3214285714285714,0.04890145421501261,673,Run two mazes and call me in the morning.
330,841,10,24,103,137,1.3211678832116789,0.05173493496724591,673,I’m referring you to a specialist. He works at 14th street station.
2236,842,9,34,119,162,1.3209876543209877,0.04520936054380973,673,I'm sorry. We haven't made it to human testing yet...
251,843,10,31,118,159,1.320754716981132,0.046637390065655114,673,My friends at the lab should be able to get you what you need.
438,844,8,34,114,156,1.3205128205128205,0.045461678648870386,673,"Don’t worry, I’ve been taking these for years with no side effects at all."
477,844,8,34,114,156,1.3205128205128205,0.045461678648870386,673,"Squeak, squeak.....Squeak, squeak....Squeak?"
774,844,7,36,113,156,1.3205128205128205,0.04454269008080187,673,The only side effect is that sometimes you just don't feel like yourself.
1510,844,8,34,114,156,1.3205128205128205,0.045461678648870386,673,"Don't believe the orange guy, we do good work here in Baltimore."
1712,844,10,30,116,156,1.3205128205128205,0.04724606012622367,673,Breath mint?
2721,844,9,32,115,156,1.3205128205128205,0.046362454761498015,673,Do you ever experience hallucinations?
3135,844,10,30,116,156,1.3205128205128205,0.04724606012622367,673,"The Rat Race is a marathon, not a sprint."
3287,844,3,44,109,156,1.3205128205128205,0.04065955356222195,673,Take this and call me in a week if you still smell a rat.
4519,844,9,32,115,156,1.3205128205128205,0.046362454761498015,673,"I'm telling you, no side effects"
51,853,8,31,108,147,1.3197278911564625,0.047278358467382736,673,This will treat what plagues you.
426,854,10,30,117,157,1.3184713375796178,0.04698853377262087,673,"The good news is,you didn't have rabies BEFORE you came in."
4511,855,10,29,115,154,1.3181818181818181,0.04761036566918319,673,"There'll be cheese at the end, but you should bring your own wine."
3023,855,7,35,112,154,1.3181818181818181,0.044856433269738406,673,The charge is an arm and a leg. Where do I to start?
1845,855,4,41,109,154,1.3181818181818181,0.04192197862949281,673,"Take this to the pharmacy across the room, it's a hole in the wall but it's a good place."
728,858,7,48,140,195,1.317948717948718,0.038573280273039474,673,Here; take two of these and watch out for the cat.
30,859,7,34,110,151,1.3178807947019868,0.045427438613661636,673,You can always get a human opinion.
773,859,10,28,113,151,1.3178807947019868,0.04825508098894511,673,Baltimore? Actually I’m from D.C.
2333,859,9,30,112,151,1.3178807947019868,0.047331306980677175,673,Take this if those weird visions come back.
2518,859,7,34,110,151,1.3178807947019868,0.045427438613661636,673,Sorry I bit you. Get this filled and you should be okay.
2862,863,9,31,115,155,1.3161290322580645,0.04645347480325674,673,I can personally vouch for this. It was tested on three of my brothers.
2717,863,13,23,119,155,1.3161290322580645,0.04993069239998886,673,There is no proof that the bubonic plague causes autism.
2536,863,10,29,116,155,1.3161290322580645,0.047346726411212244,673,"Actually, its pro-anxiety."
1991,863,9,31,115,155,1.3161290322580645,0.04645347480325674,673,"Trust me, 200 of my siblings and I tested this drug ourselves."
1920,863,8,33,114,155,1.3161290322580645,0.045542706778752565,673,Now... what makes you think I would betray your trust.
1905,863,8,33,114,155,1.3161290322580645,0.045542706778752565,673,Insurance requires a trial of Swiss and cheddar before they'll cover Brie.
1742,863,9,31,115,155,1.3161290322580645,0.04645347480325674,673,Take two slices of cheese and call me in the morning.
741,863,10,29,116,155,1.3161290322580645,0.047346726411212244,673,"Though, it's been shown to cause cancer in laboratory people."
3303,871,14,20,118,152,1.3157894736842106,0.05148631968433376,673,Yes!  You should take these!  You think you’re talking to a giant rat!
4467,871,4,40,108,152,1.3157894736842106,0.04218361479568402,673,"Yes there were a few anomalies in the preclinical animal studies, but we don’t think they were statistically significant"
3281,871,8,32,112,152,1.3157894736842106,0.04613036809080713,673,"No, generic cheese is fine."
2922,871,12,24,116,152,1.3157894736842106,0.0497650918129974,673,"I'm a stable genius, OK?"
2654,871,10,28,114,152,1.3157894736842106,0.04798215930608697,673,Take this to a pharmacy in Baltimore. Tell them I sent you.
1984,871,6,36,110,152,1.3157894736842106,0.044201064565369964,673,Try medical parmigiana - works for me.
1420,871,8,32,112,152,1.3157894736842106,0.04613036809080713,673,"Sorry, your application was rejected.  We never use humans in our clinical trials."
592,871,7,34,111,152,1.3157894736842106,0.04517601669528512,673,What side effects?
1885,871,7,34,111,152,1.3157894736842106,0.04517601669528512,673,You can get this prescription filled at any Chuck-E-Cheese.
1229,880,8,31,110,149,1.3154362416107384,0.04673955797712791,673,It seems the rat-race is causing your stress.
1698,881,5,34,101,140,1.3142857142857143,0.045434653486996934,673,"Some of my cousins experienced minor fur loss with this medication, but you should be fine."
2780,882,11,26,116,153,1.3137254901960784,0.048605058261684916,673,One mammal's Coumadin is another mammal's poison.
2845,883,9,29,112,150,1.3133333333333332,0.047427483010045526,673,Seeing things? What kind of things?
2335,883,10,27,113,150,1.3133333333333332,0.04836167494288357,673,"Relax, Ron. They tested it on me first."
2662,883,9,29,112,150,1.3133333333333332,0.047427483010045526,673,"I usually don't make personal recommendations, but this prescription really does improve cognitive ability."
2678,883,10,27,113,150,1.3133333333333332,0.04836167494288357,673,"Sigh...one minute you’re teaching martial arts to mutant turtles, the next you’re proliferating the opioid crisis."
2685,883,9,29,112,150,1.3133333333333332,0.047427483010045526,673,"You come to a doctor who looks like a rat, and you're surprised I prescribe cheese?"
3019,883,7,33,110,150,1.3133333333333332,0.04550159587797121,673,"No, there are no side effects; I take it myself."
3021,883,7,33,110,150,1.3133333333333332,0.04550159587797121,673,Try Viagra.Works great. I've had sex with 84 partners since Tuesday.
3298,883,9,29,112,150,1.3133333333333332,0.047427483010045526,673,"I know what I’m talking about, I literally grew up in a lab."
2206,883,7,33,110,150,1.3133333333333332,0.04550159587797121,673,"This will put hair on your chest, and everywhere else!"
3442,883,7,33,110,150,1.3133333333333332,0.04550159587797121,673,"Relax, it's not like rat poison or anything."
3762,883,8,31,111,150,1.3133333333333332,0.04647451652309233,673,Take two in the morning and let me know if you can still see me.
3768,883,8,31,111,150,1.3133333333333332,0.04647451652309233,673,"Take two a day until the nose grows in. The hair, whiskers, and ears will follow."
3846,883,5,37,108,150,1.3133333333333332,0.0434905082772811,673,The experiment went so well  I became one of them.
4226,883,8,31,111,150,1.3133333333333332,0.04647451652309233,673,Nibble one a night as you creep along the baseboard. I guarantee you’ll be transformed.
4422,883,10,27,113,150,1.3133333333333332,0.04836167494288357,673,They're perfectly safe--I take them myself.
3102,883,10,27,113,150,1.3133333333333332,0.04836167494288357,673,There's no escaping the rat race for me.
2055,883,9,29,112,150,1.3133333333333332,0.047427483010045526,673,My ancestors used to eat you but now we just make money off of you
2221,883,9,29,112,150,1.3133333333333332,0.047427483010045526,673,You look surprised!
1989,883,5,37,108,150,1.3133333333333332,0.0434905082772811,673,I'm not allowed in the drug store to pick up my own prescriptions... do you mind?
2035,883,8,31,111,150,1.3133333333333332,0.04647451652309233,673,I can assure you this medicine is safe - I have taken it myself
88,883,11,25,114,150,1.3133333333333332,0.04927816009039002,673,I tested this one on myself.
325,883,9,29,112,150,1.3133333333333332,0.047427483010045526,673,Why are you so surprised? I won the rat race.
372,883,9,29,112,150,1.3133333333333332,0.047427483010045526,673,Side effects?  Don't worry--I've been taking these myself for years.
393,883,10,27,113,150,1.3133333333333332,0.04836167494288357,673,Qualifications? Do you have any idea the number of mazes I've had to run through to get here?
425,883,6,35,109,150,1.3133333333333332,0.044507412515548815,673,You're lucky to still be covered.
61,883,5,37,108,150,1.3133333333333332,0.0434905082772811,673,"Don't worry, I use this myself."
1284,883,5,37,108,150,1.3133333333333332,0.0434905082772811,673,I've personally tested all the medications I prescribe.
1326,883,7,33,110,150,1.3133333333333332,0.04550159587797121,673,Gnaw on these twice before bed.
1522,883,4,39,107,150,1.3133333333333332,0.04244925030672839,673,"Trust me, it worked well on rats."
1679,883,9,29,112,150,1.3133333333333332,0.047427483010045526,673,I'm referring you to my colleague Dr. Doolittle.
1723,883,10,27,113,150,1.3133333333333332,0.04836167494288357,673,Take this order to our staff and they will schedule your maze test.
565,883,5,37,108,150,1.3133333333333332,0.0434905082772811,673,I lab tested it myself.
1719,915,4,38,105,147,1.3129251700680271,0.04295783028702145,673,Gnaw on it twice a day. Trust me.
254,915,8,30,109,147,1.3129251700680271,0.047096995906647274,673,Here's your parking pass. You now have 5 minutes to find your car....
4132,917,10,28,116,154,1.3116883116883118,0.04744510676886875,673,"Animals go to human doctors, so..."
1524,918,7,33,111,151,1.3112582781456954,0.04524686318553303,673,This should help with your fear of rats.
2829,918,9,29,113,151,1.3112582781456954,0.04715802232527832,673,This should help fuel positive feelings about living in Baltimore.
2421,920,6,34,108,148,1.3108108108108107,0.04481925392372162,673,"If you run out, just pull the black lever."
3357,920,8,30,110,148,1.3108108108108107,0.04682545086802161,673,That's a common misconception. It's actually YOU who carries the plague
2568,920,8,30,110,148,1.3108108108108107,0.04682545086802161,673,"If you think I'm a giant talking mouse, then you really need this prescription"
2937,920,7,32,109,148,1.3108108108108107,0.045833330509971355,673,Don't worry!  It was tested on humans.
2954,920,7,32,109,148,1.3108108108108107,0.045833330509971355,673,Its okay.  I got my start in the lab.
3141,920,7,32,109,148,1.3108108108108107,0.045833330509971355,673,"For the best results, take it with sewage."
2317,920,8,30,110,148,1.3108108108108107,0.04682545086802161,673,You'll be able to squeak by with this.
3399,920,8,30,110,148,1.3108108108108107,0.04682545086802161,673,Take this and stay away from building inspectors.
4565,920,7,32,109,148,1.3108108108108107,0.045833330509971355,673,"You said a moment ago that everybody you look at seems to be a rat. This prescription will help with that, Mr. Sprague."
3497,920,7,32,109,148,1.3108108108108107,0.045833330509971355,673,"Here, this will guide you through any emotional labyrinth. And, yes, you’’ll get the cheese."
3552,920,10,26,112,148,1.3108108108108107,0.0487491556409747,673,My cousins back at the lab all swear by this stuff.
3649,920,7,32,109,148,1.3108108108108107,0.045833330509971355,673,We would never experiment on humans to ensure it's safe for rats.
3688,920,8,30,110,148,1.3108108108108107,0.04682545086802161,673,Take these but only under a full moon.
3814,920,6,34,108,148,1.3108108108108107,0.04481925392372162,673,"Sometimes I don't feel like myself, either."
4516,920,13,20,115,148,1.3108108108108107,0.05150015694907812,673,I know you've had bad previous experiences with doctors before but trust me.
2306,920,8,30,110,148,1.3108108108108107,0.04682545086802161,673,The opioids should suppress your plague symptoms.
3414,920,10,26,112,148,1.3108108108108107,0.0487491556409747,673,"They haven't run clinical trials on humans yet, but this worked wonders for my cousin"
2059,920,7,32,109,148,1.3108108108108107,0.045833330509971355,673,"The head researcher at the lab saw my potential and, long story short, here I am!"
3665,920,9,28,111,148,1.3108108108108107,0.04779698225150559,673,"I guarantee it will double in size.
I was in the original study."
1994,920,5,36,107,148,1.3108108108108107,0.043781695477925486,673,100% cure.  The side effects are that you will be wickedly adaptable and may wake up wet in a neighbor's bathroom smelling like poop.
111,920,7,32,109,148,1.3108108108108107,0.045833330509971355,673,"Don’t worry, I’ve tested it myself."
124,920,11,24,113,148,1.3108108108108107,0.04968308403335294,673,For the gnawing.
2034,920,4,38,106,148,1.3108108108108107,0.042718944223430505,673,"Yes, in rare instances the prescription can have hallucinogenic side effects. Why do you ask?"
201,920,7,32,109,148,1.3108108108108107,0.045833330509971355,673,Don't worry. I tested it myself.
480,920,8,30,110,148,1.3108108108108107,0.04682545086802161,673,I am not part of the rat race that has created your anxiety.
1218,920,9,28,111,148,1.3108108108108107,0.04779698225150559,673,No it’s not addictive. In fact I own shares in the company.
941,920,10,26,112,148,1.3108108108108107,0.0487491556409747,673,"Turns out you were in the placebo group. But look on the bright side, you got 20 bucks!"
1430,920,15,16,117,148,1.3108108108108107,0.05325526727464758,673,"PROTEST! My 7/29 edition arrived today,7/30, with the mastodon cartoon and a deadline for entry of 7/28!!  Are print readers automatically now excluded from the competition? I have noticed the very tight deadlines before, but this MUST be a mistake!"
1455,920,5,36,107,148,1.3108108108108107,0.043781695477925486,673,I  had the procedure myself.  It's completely safe.
1473,920,11,24,113,148,1.3108108108108107,0.04968308403335294,673,Make sure to lick the wound constantly and eat plenty of pizza.
1481,920,12,22,114,148,1.3108108108108107,0.05059977769143304,673,Don’t give me that look. I lost three cousins to be able to give this to you.
1550,920,9,28,111,148,1.3108108108108107,0.04779698225150559,673,They're looking for human test subjects and you qualify! Congratulations!
1704,920,7,32,109,148,1.3108108108108107,0.045833330509971355,673,Trust me. This is prescription strength—not industrial strength like they give my kind.
1228,920,10,26,112,148,1.3108108108108107,0.0487491556409747,673,"Who says you don't need opioids?  Besides, the first bottle's free."
3000,954,8,29,108,145,1.3103448275862069,0.04746166165991397,673,"I know, you thought 'ratified' meant something else."
2744,954,3,39,103,145,1.3103448275862069,0.04211510565646267,673,No need to make a followup appointment Mr. Smith. This should take care of the issue.
231,956,7,30,105,142,1.3098591549295775,0.04707305385797126,673,"No, I don't do online prescriptions...I guess that makes me weird."
1513,957,14,28,139,181,1.3093922651933703,0.045237940322291094,673,"Through that door, along the maze to find your reward."
508,958,6,34,109,149,1.308724832214765,0.044566282472079,673,Here's the number of a plastic surgeon.  He did wonders with my chin.
2168,958,6,34,109,149,1.308724832214765,0.044566282472079,673,"Take two in your dumpster, with sewer water, before bedtime."
2578,960,6,33,107,146,1.3082191780821917,0.04513671929520491,673,"Not to worry, its been extensively tested on cats."
2866,960,6,33,107,146,1.3082191780821917,0.04513671929520491,673,Take two and you’ll forget you saw the tiny mouse on my desk.
2695,960,11,23,112,146,1.3082191780821917,0.050096806137536615,673,What’s there not to trust?
2911,960,9,27,110,146,1.3082191780821917,0.048174094310145625,673,You may experience a strong desire to frighten the hell out of people.
2608,960,8,29,109,146,1.3082191780821917,0.047183366256693095,673,"I'm a Republican from Baltimore, why?"
2577,960,8,29,109,146,1.3082191780821917,0.047183366256693095,673,"Nibble carefully, and be prepared to bolt."
2475,960,6,33,107,146,1.3082191780821917,0.04513671929520491,673,Trust me - I was a doctor long before I turned into a rat.
2478,960,6,33,107,146,1.3082191780821917,0.04513671929520491,673,I got my start in the lab.
2949,960,8,29,109,146,1.3082191780821917,0.047183366256693095,673,"My great, great, great grandfather gave his life for this."
2353,960,10,25,111,146,1.3082191780821917,0.049144853991973214,673,Just take two and kill me in the morning.
2325,960,8,29,109,146,1.3082191780821917,0.047183366256693095,673,Stop staring at my mustache!
2245,960,6,33,107,146,1.3082191780821917,0.04513671929520491,673,The prescription is at the end of the maze.
2569,960,7,31,108,146,1.3082191780821917,0.04617138442827639,673,Is there something you want to ask?
3018,960,6,33,107,146,1.3082191780821917,0.04513671929520491,673,This stuff got me through medical school.
4166,960,7,31,108,146,1.3082191780821917,0.04617138442827639,673,"I didn't experience any issues during testing, but side effects vary by individual."
3110,960,6,33,107,146,1.3082191780821917,0.04513671929520491,673,"Don't worry...I take it myself, and the side effects are minimal."
3125,960,8,29,109,146,1.3082191780821917,0.047183366256693095,673,There are a few cosmetic side effects.
3322,960,12,21,113,146,1.3082191780821917,0.0510310032869381,673,This should help with the voices.
3396,960,6,33,107,146,1.3082191780821917,0.04513671929520491,673,I only validate parking for my own species.
3669,960,8,29,109,146,1.3082191780821917,0.047183366256693095,673,Don’t be alarmed if you develop a sudden craving for cheese.
3745,960,11,23,112,146,1.3082191780821917,0.050096806137536615,673,Get this filled at the dumpster behind Wu's Palace.
3956,960,8,29,109,146,1.3082191780821917,0.047183366256693095,673,"The pharmacy is down two floors, off the elevator, left, right, right, left, right, left."
4007,960,8,29,109,146,1.3082191780821917,0.047183366256693095,673,"Believe me, it works. I tested it on myself."
4089,960,7,31,108,146,1.3082191780821917,0.04617138442827639,673,There are no side effects. I tested it myself.
4352,960,7,31,108,146,1.3082191780821917,0.04617138442827639,673,This might have some side effects but it will definitely suppress your social anxiety
4503,960,8,29,109,146,1.3082191780821917,0.047183366256693095,673,This worked on me.
2164,960,5,35,106,146,1.3082191780821917,0.044077773508249735,673,There is no reason to worry about this prescription. I take it myself.
4378,960,10,25,111,146,1.3082191780821917,0.049144853991973214,673,"Sorry, I don’t take American Express. Only roadkill or Visa."
4400,960,9,27,110,146,1.3082191780821917,0.048174094310145625,673,"This is a wireless shocker, Dr. Skinner."
3109,960,7,31,108,146,1.3082191780821917,0.04617138442827639,673,Your eye condition qualifies. Here's your marijuana prescription.
2082,960,10,25,111,146,1.3082191780821917,0.049144853991973214,673,Chew through these wires and call me in the morning.
32,960,7,31,108,146,1.3082191780821917,0.04617138442827639,673,"Yes, but now I run the Lab instead."
2064,960,7,31,108,146,1.3082191780821917,0.04617138442827639,673,"It has been tested only on mice...but so far, so good."
78,960,8,29,109,146,1.3082191780821917,0.047183366256693095,673,You'll have to decide if you think I'm a good doctor.   But at least I accept your insurance.
154,960,7,31,108,146,1.3082191780821917,0.04617138442827639,673,My brother was on an early trial for this one and saw results immediately.
221,960,10,25,111,146,1.3082191780821917,0.049144853991973214,673,We've corrected the LASIK machine calibration issue. These drops should help.
241,960,6,33,107,146,1.3082191780821917,0.04513671929520491,673,"Yeah, your eye really shouldn't look like mine."
299,960,6,33,107,146,1.3082191780821917,0.04513671929520491,673,Your participation may contribute knowledge that alleviates suffering in rats worldwide.
376,960,6,33,107,146,1.3082191780821917,0.04513671929520491,673,"The first symptom is the eyes, why do you ask?"
432,960,6,33,107,146,1.3082191780821917,0.04513671929520491,673,"Trust me, med school was a maze."
678,960,6,33,107,146,1.3082191780821917,0.04513671929520491,673,You should have taken the blue pill.
828,960,8,29,109,146,1.3082191780821917,0.047183366256693095,673,Try this prescription. It worked for me.
848,960,11,23,112,146,1.3082191780821917,0.050096806137536615,673,"Relax, it’s a much lower dose than I take."
920,960,5,35,106,146,1.3082191780821917,0.044077773508249735,673,I tested these myself.
938,960,8,29,109,146,1.3082191780821917,0.047183366256693095,673,Here's your prescription and don't try to weasel out on your co-pay
1001,960,6,33,107,146,1.3082191780821917,0.04513671929520491,673,It's safe.... the FDA tested it ....
390,960,12,21,113,146,1.3082191780821917,0.0510310032869381,673,Warfarin is proven to work.
1128,960,6,33,107,146,1.3082191780821917,0.04513671929520491,673,I take this myself. There might be a few side effects
2067,960,7,31,108,146,1.3082191780821917,0.04617138442827639,673,Take twice daily with garbage.
1949,960,8,29,109,146,1.3082191780821917,0.047183366256693095,673,My cousins were the first to try these.
1868,960,7,31,108,146,1.3082191780821917,0.04617138442827639,673,"The prescription is well tested, don’t worry, I would know."
1584,960,8,29,109,146,1.3082191780821917,0.047183366256693095,673,"We don't do plague cures anymore, 
here's a script for an expensive, crippling opioid addiction."
1571,960,8,29,109,146,1.3082191780821917,0.047183366256693095,673,Perhaps some meds with less intense side effects might help.
1803,960,6,33,107,146,1.3082191780821917,0.04513671929520491,673,This drug is perfectly safe. I take it myself.
1234,960,7,31,108,146,1.3082191780821917,0.04617138442827639,673,"I've been taking this same medicine for years, and it's had no negative effects at all."
1139,960,3,39,104,146,1.3082191780821917,0.041879631025898985,673,Are you prone to hallucinations?
1138,960,5,35,106,146,1.3082191780821917,0.044077773508249735,673,This should cure what’s plaguing you.
1132,960,5,35,106,146,1.3082191780821917,0.044077773508249735,673,It's very safe - 9 out of 10 of my relatives had no adverse side effects.
1281,960,10,25,111,146,1.3082191780821917,0.049144853991973214,673,What side effects are you referring to?
2184,1019,11,22,110,143,1.3076923076923077,0.050828620176554276,673,I guarantee it's safe and effective. It was tested on my own family.
232,1020,4,37,106,147,1.3061224489795917,0.04275073210282462,673,"My friends in the lab swear by it."""
273,1020,8,29,110,147,1.3061224489795917,0.04690817557515632,673,It's okay. I prescribe it for myself.
4233,1022,10,21,103,134,1.3059701492537314,0.05214252794765432,673,You’re telling me healthcare is more . . . human in Canada?
3533,1023,5,34,105,144,1.3055555555555556,0.044378836579475604,673,"Take these, they helped me out many times when I felt trapped."
3486,1023,7,30,107,144,1.3055555555555556,0.04651592555671656,673,Humans don't qualify for the clinical trial so I wrote here that you're a rat
3295,1023,6,32,106,144,1.3055555555555556,0.0454599409730468,673,My brother was in the beta test.  This stuff works.
3211,1023,5,34,105,144,1.3055555555555556,0.044378836579475604,673,Works great and never tested on rats.
3182,1023,5,34,105,144,1.3055555555555556,0.044378836579475604,673,"Take this prescription. Come back in a week. If I still look like this to you, we'll investigate further."
3115,1023,6,32,106,144,1.3055555555555556,0.0454599409730468,673,"Rodentine DC is guaranteed free of annoying side effects.  I'm on a mild dose for nasal congestion, myself."
2645,1023,7,30,107,144,1.3055555555555556,0.04651592555671656,673,Don’t worry. It was tested on me.
2274,1023,6,32,106,144,1.3055555555555556,0.0454599409730468,673,"I advise you take these with two or three pellets, and call me in the morning."
2443,1023,5,34,105,144,1.3055555555555556,0.044378836579475604,673,I'm confident in this prescription. I tested it on myself.
2309,1023,5,34,105,144,1.3055555555555556,0.044378836579475604,673,Yes I did go to medical school at Johns Hopkins. Why do you ask?
2255,1023,5,34,105,144,1.3055555555555556,0.044378836579475604,673,"This should help. So you know, I'm a recovering cheese addict myself."
2257,1023,10,24,110,144,1.3055555555555556,0.049549032500880254,673,"I take this myself. There are some slight side effects , but nothing worth mentioning."
3637,1023,8,28,108,144,1.3055555555555556,0.047548463987000605,673,"Yeah,  Johns Hopkins, class of 2010. Why do you ask?"
2273,1023,6,32,106,144,1.3055555555555556,0.0454599409730468,673,I don't like taking pills either but this one worked for me too
2640,1023,6,32,106,144,1.3055555555555556,0.0454599409730468,673,It works. Trust me!
3659,1023,9,26,109,144,1.3055555555555556,0.04855905193316886,673,How should I know?  It's not tested on animals.
4150,1023,7,30,107,144,1.3055555555555556,0.04651592555671656,673,"This won't get you out of the maze, but it should help with the dizziness."
3800,1023,5,34,105,144,1.3055555555555556,0.044378836579475604,673,I’m ethically obligated to tell you that this drug can cause excessive nose whiskers.
4552,1023,8,28,108,144,1.3055555555555556,0.047548463987000605,673,My late family took this.
4514,1023,4,36,104,144,1.3055555555555556,0.04327072958736315,673,"You see, when they cut down all the trees, I had to take on an office job to survive."
4450,1023,9,26,109,144,1.3055555555555556,0.04855905193316886,673,Not sure whether this will be covered — health insurance is such a maze.
4272,1023,8,28,108,144,1.3055555555555556,0.047548463987000605,673,"Yes, I’m sure you’re hallucinating 
 & not having a recurring dream."
4172,1023,8,28,108,144,1.3055555555555556,0.047548463987000605,673,Grind them up and mix into your food.
1867,1023,7,30,107,144,1.3055555555555556,0.04651592555671656,673,Take this until you find yourself chewing on baseboards.
3775,1023,9,26,109,144,1.3055555555555556,0.04855905193316886,673,Who told you all moles can be cancerous?
4111,1023,9,26,109,144,1.3055555555555556,0.04855905193316886,673,Take this and then I'll look like a pig and you can get on with your life.
3989,1023,9,26,109,144,1.3055555555555556,0.04855905193316886,673,I took the same medicine for the same condition. The side effects are trivial.
3926,1023,7,30,107,144,1.3055555555555556,0.04651592555671656,673,This is for your lab test.  Check in this afternoon.  Good luck.
3915,1023,4,36,104,144,1.3055555555555556,0.04327072958736315,673,"The side effects include growing whiskers and fur, but it'll cure your visions."
3854,1023,6,32,106,144,1.3055555555555556,0.0454599409730468,673,Trust me.  It is not rat poison.
3853,1023,9,26,109,144,1.3055555555555556,0.04855905193316886,673,For best results use it during the full moon.
3807,1023,6,32,106,144,1.3055555555555556,0.0454599409730468,673,Everyone knows what really happens when the cheese stands alone.  You want me on that wall; you need me on that wall
4103,1023,7,30,107,144,1.3055555555555556,0.04651592555671656,673,Why the long face?
1849,1023,7,30,107,144,1.3055555555555556,0.04651592555671656,673,Here's an opthamologist I like. Good luck.
1781,1023,8,28,108,144,1.3055555555555556,0.047548463987000605,673,My brother was a test subject for this. He swears by it.
1739,1023,9,26,109,144,1.3055555555555556,0.04855905193316886,673,Don't give up.  I encountered a lot of dead ends getting to where I am today.
166,1023,7,30,107,144,1.3055555555555556,0.04651592555671656,673,Try these and you should stop seeing rats everywhere.
233,1023,9,26,109,144,1.3055555555555556,0.04855905193316886,673,"Here's your prescription, and please get over the ""Black Plague thing"""""
270,1023,5,34,105,144,1.3055555555555556,0.044378836579475604,673,Recommend you wrap these capsules in a slice of ham to disguise the taste
549,1023,7,30,107,144,1.3055555555555556,0.04651592555671656,673,"This should help control your hallucinations. Come back in a week and we'll see if it worked."""
597,1023,9,26,109,144,1.3055555555555556,0.04855905193316886,673,You can pick these up in any storm drain.
617,1023,8,28,108,144,1.3055555555555556,0.047548463987000605,673,Absolutely! Guaranteed not to have the side effects of the last one!
622,1023,4,36,104,144,1.3055555555555556,0.04327072958736315,673,"Honest, it’s not species specific."
629,1023,10,24,110,144,1.3055555555555556,0.049549032500880254,673,Stay out of Baltimore.
647,1023,3,38,103,144,1.3055555555555556,0.04213348955282019,673,This will put you back in the rat race.
725,1023,14,16,114,144,1.3055555555555556,0.05332548181004721,673,Who's afraid of big bad pharma?
968,1023,7,30,107,144,1.3055555555555556,0.04651592555671656,673,"Take this down to the maze lab, third floor."
972,1023,9,26,109,144,1.3055555555555556,0.04855905193316886,673,Go ahead and take one. I promise I won't shock you again.
56,1023,6,32,106,144,1.3055555555555556,0.0454599409730468,673,It's an anti-hallucinatory.
996,1023,7,30,107,144,1.3055555555555556,0.04651592555671656,673,And here is the number of my plastic surgeon.
1056,1023,6,32,106,144,1.3055555555555556,0.0454599409730468,673,Some of us made it from the street to Johns Hopkins.
1057,1023,5,34,105,144,1.3055555555555556,0.044378836579475604,673,"Before I started taking these, I couldn’t even figure out the maze."
1161,1023,8,28,108,144,1.3055555555555556,0.047548463987000605,673,This helped me get through the maze 50% faster.
1208,1023,9,26,109,144,1.3055555555555556,0.04855905193316886,673,"I don't want to give you the runaround, but we're looking for subjects for a new study."
1295,1023,6,32,106,144,1.3055555555555556,0.0454599409730468,673,"Why do you look so shocked, Steve. I'm sure I'm not the only rat in your life."
1311,1023,10,24,110,144,1.3055555555555556,0.049549032500880254,673,The results are in: it works on humans so it's safe for the rats.
1398,1023,9,26,109,144,1.3055555555555556,0.04855905193316886,673,"That's DOCTOR Dirty Rat, sir."
1546,1023,6,32,106,144,1.3055555555555556,0.0454599409730468,673,"Take it from me, other than occasional cravings for hard cheese there are no side effects to worry about."
1551,1023,6,32,106,144,1.3055555555555556,0.0454599409730468,673,"Most of my patients are fine with under-the-counter."""
1602,1023,8,28,108,144,1.3055555555555556,0.047548463987000605,673,Psst! Here... Don't tell them I'm from Baltimore!
1658,1023,9,26,109,144,1.3055555555555556,0.04855905193316886,673,I graduated top of my animal trials.
1036,1023,8,28,108,144,1.3055555555555556,0.047548463987000605,673,You should take it on a full moon...I mean stomach.
2396,1085,7,35,119,161,1.3043478260869565,0.04320566720511258,673,"We'll need some bloodwork. Take 2 lefts,a right,a left,and 2 more rights until you see the sign for the lab."
2759,1086,3,38,104,145,1.303448275862069,0.041894935560017464,673,"Try it,  it worked for me."
3662,1086,7,30,108,145,1.303448275862069,0.046242052160669976,673,Relax it’s just for cheese
2471,1088,9,22,101,132,1.303030303030303,0.05150902795244111,673,"Yes, I took it myself, but don't worry, this side effect is rare."
4452,1089,4,35,103,142,1.3028169014084507,0.04355292319857274,673,"Don't worry, they are perfectly safe plus I participated in the phase one, clinical trial."
2548,1089,5,33,104,142,1.3028169014084507,0.044684977789049216,673,They kicked me out of vet school.  I kept eating the patients.
2466,1089,6,31,105,142,1.3028169014084507,0.04578905284972455,673,It's a big pill.  You'll have to gnaw on it.
2033,1089,6,31,105,142,1.3028169014084507,0.04578905284972455,673,"Don't worry. It's been fully tested by the FDA. Trust me, I supervised the human trials myself."
1788,1089,11,21,110,142,1.3028169014084507,0.05095182003824887,673,I can personally assure you these will help with the rat race.
1718,1089,9,25,108,142,1.3028169014084507,0.048952096211255416,673,"Take this. Go through that door, turn right and then right again, then left and go to the end of that hall there's a round door and a square door. Don't go through the round door, go through the square one, SQUARE, got it? Ring the bell there and..."
1656,1089,6,31,105,142,1.3028169014084507,0.04578905284972455,673,Don’t worry. I’m a board certified lab rat.
2540,1089,6,31,105,142,1.3028169014084507,0.04578905284972455,673,"I know you’re worried about the side effects of this new medication, but I take this, and look at me?"
377,1089,10,23,109,142,1.3028169014084507,0.049961963976039345,673,Sorry I bit you.  This ointment should prevent infection.
172,1089,5,33,104,142,1.3028169014084507,0.044684977789049216,673,Let's deal with the depression first.
1097,1089,7,29,106,142,1.3028169014084507,0.04686712581054992,673,"Mr. Jones, just take these twice a day for three weeks, and I promise you that you will no longer be seeing animals dressed-up in suits."
4122,1100,10,19,100,129,1.302325581395349,0.0534704638035713,673,Now don't worry Mr. Willard. Take one of these every morning and you'll be your old rat-bastard self again in no time.
2757,1101,9,24,106,139,1.3021582733812949,0.04966226909474968,673,"I’m required to tell you it’s not yet approved for use in humans. But don’t worry, I’ve been taking it for years."
2642,1101,5,32,102,139,1.3021582733812949,0.045269010519538425,673,And I'm going to refer you to someone who hasn't just eaten out of a dumpster.
2152,1101,11,20,108,139,1.3021582733812949,0.051719143464968115,673,"No, no, no. Last time I told you to take something for your acid reflux — NOT ""take acid for your flaccid reflex.""  No wonder you look at me and see a giant rat."
2022,1101,8,26,105,139,1.3021582733812949,0.048601199132161516,673,You've got 2 hours. Valet is at the center of the hedge maze.
1484,1101,8,26,105,139,1.3021582733812949,0.048601199132161516,673,I gotta guy ...he doesn't ask questions.
1389,1101,8,26,105,139,1.3021582733812949,0.048601199132161516,673,Try it. I've tested it myself.
1371,1101,6,30,103,139,1.3021582733812949,0.04640633284341042,673,"It's perfectly safe, I've taken it myself for years."
483,1101,8,26,105,139,1.3021582733812949,0.048601199132161516,673,Take it twice a day with cheese
3592,1101,8,26,105,139,1.3021582733812949,0.048601199132161516,673,"What, you think I'd prescribe poison?"
3437,1101,6,30,103,139,1.3021582733812949,0.04640633284341042,673,"Take one of these twice a day with cheese, I mean meals."
3728,1101,8,26,105,139,1.3021582733812949,0.048601199132161516,673,This should help with your face recognition.
761,1101,8,26,105,139,1.3021582733812949,0.048601199132161516,673,"There are side effects, but I find them quite tolerable."
3550,1101,8,26,105,139,1.3021582733812949,0.048601199132161516,673,"Don't worry. If it was brain cancer, you would 
already have hallucinations."
3816,1114,10,23,110,143,1.3006993006993006,0.04965652242297689,673,smell my finger
1782,1114,6,31,106,143,1.3006993006993006,0.04551700774639592,673,"Look, see you in TWO WEEKS: Gotta get back to the race."
872,1114,5,33,105,143,1.3006993006993006,0.04442189705478517,673,“This should help with those hallucinations you’ve been having.”
3422,1117,5,32,103,140,1.3,0.04499628853028341,673,I know it works. I tested it myself.
2018,1117,5,32,103,140,1.3,0.04499628853028341,673,It’s been shown to be very successful in trials on humans
4038,1117,4,34,102,140,1.3,0.04383937794473943,673,"Don't worry, I've tested all prescriptions myself."
3401,1117,6,30,104,140,1.3,0.0461241900136937,673,"Don’t worry, it’s safe. It was tested on me."
1508,1117,5,32,103,140,1.3,0.04499628853028341,673,"Don't worry. I take it myself, and the side effects are barely noticeable."
3501,1117,9,24,107,140,1.3,0.04935347680939759,673,Call me if you have an erection lasting longer than 4 hours or start craving cheese.
431,1117,9,24,107,140,1.3,0.04935347680939759,673,Don't worry. They tested it on me first.
1479,1117,9,24,107,140,1.3,0.04935347680939759,673,I’m prescribing two weeks rest and relaxation in Baltimore.
4571,1125,6,29,102,137,1.2992700729927007,0.046754894150832636,673,You'll feel much better once the whiskers grow in completely.
4342,1125,5,31,101,137,1.2992700729927007,0.045592520440306754,673,"Don’t worry, I tested it on myself."
4258,1125,7,27,103,137,1.2992700729927007,0.04788906278067403,673,"Try this. It did wonders for me."""
4197,1125,6,29,102,137,1.2992700729927007,0.046754894150832636,673,"When I tell you you don't have the plague,I know what I am talking about!"
4098,1125,6,29,102,137,1.2992700729927007,0.046754894150832636,673,I’m afraid it’s not looking good. Here is the number to my vet.
3879,1125,8,25,104,137,1.2992700729927007,0.04899698501915311,673,I'm referring you out for a CAT scan.  Just kidding.  Here's a script for some oxycodone.
2978,1125,11,19,107,137,1.2992700729927007,0.05217979649092586,673,Take one 2X daily and avoid Baltimore or  any other infested places.
2908,1125,11,19,107,137,1.2992700729927007,0.05217979649092586,673,"One day you're crawling up a sewer pipe, the next you're in medical school. New York, right? Here's your prescription for bubonic plague."
2883,1125,6,29,102,137,1.2992700729927007,0.046754894150832636,673,I have a policy of not prescribing any medication tested on animals.
2652,1125,3,35,99,137,1.2992700729927007,0.04317399108477509,673,I spent so much time in the lab that they gave me an honorary degree.
2602,1125,9,23,105,137,1.2992700729927007,0.050080402833073225,673,Funny story about that.  My father was playing around with CRISPR when there was an escape from the rodent lab...
2480,1125,9,23,105,137,1.2992700729927007,0.050080402833073225,673,You can get this at any drugstore here in Baltimore.
2329,1125,9,23,105,137,1.2992700729927007,0.050080402833073225,673,You'll find this is particularly effective with managing hallucinations.
1745,1125,8,25,104,137,1.2992700729927007,0.04899698501915311,673,"Call me crazy, but street drugs are probably cheaper"
1696,1125,7,27,103,137,1.2992700729927007,0.04788906278067403,673,"Take it from me, this stuff works."
1460,1125,10,21,106,137,1.2992700729927007,0.051140873622560104,673,"Yes, I've read ""Stuart Little.""  Why do you ask?"
1070,1125,6,29,102,137,1.2992700729927007,0.046754894150832636,673,Yes. It’s been clinically tested. I took it myself.
413,1125,8,25,104,137,1.2992700729927007,0.04899698501915311,673,"Now, all of a sudden, you have a conscience?"
150,1125,5,31,101,137,1.2992700729927007,0.045592520440306754,673,It helps if you wrap it in a bit of cheese before taking it.
2364,1125,8,25,104,137,1.2992700729927007,0.04899698501915311,673,"Believe me, you don't want to take warfarin."
2173,1145,9,20,98,127,1.2992125984251968,0.05281118679843102,673,"No, no, no. It's not a referral. It's a ticket to Into the Woods. I hope you sort it all out."
2852,1146,6,20,81,107,1.2990654205607477,0.05509638445623759,673,Here is a prescription for an exercise wheel
2037,1147,4,32,98,134,1.2985074626865671,0.04498138712346685,673,You can have the prescription filled at any corner in your basement.
667,1148,4,34,103,141,1.297872340425532,0.043579319955310905,673,"Oh, we may have to cut your brain in little slices to see if this really worked, but that's just standard practice."
3561,1148,7,28,106,141,1.297872340425532,0.046937282575246236,673,"Trust me, I can help. I've been in the gutter too."
2032,1150,6,29,103,138,1.2971014492753623,0.046465488319463726,673,‘’ You may acquire a taste for extension cords.’’
2584,1150,8,25,105,138,1.2971014492753623,0.04868895819752371,673,I  can see you're worried about my online diplomas...
3836,1150,7,27,104,138,1.2971014492753623,0.04759021041730343,673,I wouldn’t worry.  Medicare-for-all covers prescriptions for every mammal.
3137,1150,7,27,104,138,1.2971014492753623,0.04759021041730343,673,Take it.  It's a free sample.
556,1150,7,27,104,138,1.2971014492753623,0.04759021041730343,673,Take two of these a day with cheese.
2138,1155,9,25,111,145,1.296551724137931,0.04807016934787697,673,"Unfortunately, sir, blocks of cheddar are out-of-network."
4127,1156,9,22,104,135,1.2962962962962963,0.050507730635623,673,Here's a prescription for something stronger. You can't get this kind of cheese over the counter.
4123,1156,9,22,104,135,1.2962962962962963,0.050507730635623,673,"Yes, I'm your worst nightmare -- a wolf in doctor's clothing..."
3991,1156,6,28,101,135,1.2962962962962963,0.047110040282513234,673,Relax... I clinically tested these myself.
3547,1156,5,30,100,135,1.2962962962962963,0.04592164604961887,673,"For your headache, take this. It literally changed my life."
3464,1156,5,30,100,135,1.2962962962962963,0.04592164604961887,673,"I take this drug myself.  The only side effects are excessive hair growth, an elongated tail that some find repulsive, an attraction to certain kinds of cheese, and a desire to scurry about which can be fatal."
3395,1156,8,24,103,135,1.2962962962962963,0.049401138999491764,673,Fill this at any trash can.
2601,1156,7,26,102,135,1.2962962962962963,0.04826918494167436,673,You should be able to get this filled at your local land-fill.
3333,1156,6,28,101,135,1.2962962962962963,0.047110040282513234,673,This will put hair on your nose
3053,1156,8,24,103,135,1.2962962962962963,0.049401138999491764,673,"It's not FDA approved yet, but it works well for me."
3012,1156,11,18,106,135,1.2962962962962963,0.0526511870045466,673,I need you to sign this. I don't have thumbs.
2836,1156,8,24,103,135,1.2962962962962963,0.049401138999491764,673,This prescription is sure to work. It's been tested on me personally.
2830,1156,6,28,101,135,1.2962962962962963,0.047110040282513234,673,Don't worry. I tested this drug personally.
2694,1156,13,14,108,135,1.2962962962962963,0.054710731415462024,673,Here's your ticket to Baltimore.
2691,1156,7,26,102,135,1.2962962962962963,0.04826918494167436,673,Take them an hour before gnawing.
4134,1156,7,26,102,135,1.2962962962962963,0.04826918494167436,673,Here's your membership card.  Welcome to the Rat Race.
3374,1156,8,24,103,135,1.2962962962962963,0.049401138999491764,673,"You are correct,I do play a doctor on TV"
2451,1156,6,28,101,135,1.2962962962962963,0.047110040282513234,673,"There isn’t a medicine out there with NO unexpected effects, James."
2208,1156,6,28,101,135,1.2962962962962963,0.047110040282513234,673,Trust me—it’s perfectly safe. It’s been tested in rats.
4419,1156,6,28,101,135,1.2962962962962963,0.047110040282513234,673,"For the last time, my name is NOT Pavlov."
161,1156,8,24,103,135,1.2962962962962963,0.049401138999491764,673,Try this. I tested it myself.
515,1156,8,24,103,135,1.2962962962962963,0.049401138999491764,673,Some one has given you human poison!!!
813,1156,10,20,105,135,1.2962962962962963,0.05159059190854659,673,I specialize in infested infections
952,1156,6,28,101,135,1.2962962962962963,0.047110040282513234,673,"Hey, you've never seen anyone in a white coat before?"
2338,1156,10,20,105,135,1.2962962962962963,0.05159059190854659,673,I was a lab rat.  Then I met Tony Robbins.
1363,1156,6,28,101,135,1.2962962962962963,0.047110040282513234,673,"This may surprise you, but the cure is cheese."
1432,1156,7,26,102,135,1.2962962962962963,0.04826918494167436,673,I'm obliged to tell you that this medication has only been tried out with humans.
1570,1156,9,22,104,135,1.2962962962962963,0.050507730635623,673,How do you feel about experimental treatments?
1681,1156,4,32,99,135,1.2962962962962963,0.04470166950341936,673,Ignore the fact that I’m a rat and ask yourself this. Who has more medical experience: WebMD or a rodent with lots of pain pill scrips.
1764,1156,8,24,103,135,1.2962962962962963,0.049401138999491764,673,That's when I discovered it was better to be the one performing the research.
1801,1156,6,28,101,135,1.2962962962962963,0.047110040282513234,673,Who better to help you navigate the rat race then a rat?
1409,1156,6,28,101,135,1.2962962962962963,0.047110040282513234,673,I'm gonna need you to stop dropping acid before checkups.
4501,1156,4,32,99,135,1.2962962962962963,0.04470166950341936,673,Remember it’s two slices of Cheddar and one slice of Havarti right before bed.
896,1188,7,23,95,125,1.296,0.050830521692029396,673,My cousin is stuck in your what?
3907,1189,6,27,99,132,1.2954545454545454,0.04778052942215806,673,"This will take care of your protruding eyes like I had.  
There are side effects though."
4114,1190,6,28,102,136,1.2941176470588236,0.046813083867895386,673,There's no poison in it. Honest. I swear. Zero poison.
1662,1190,6,28,102,136,1.2941176470588236,0.046813083867895386,673,I have personally tested it.
1048,1192,5,32,106,143,1.2937062937062938,0.044196502368916084,673,"It was my brother's practice, but he had a run in with a girl in a red hood."
2617,1193,4,31,98,133,1.2932330827067668,0.04500823307285206,673,I went to a more “underground” medical school.
2377,1193,6,27,100,133,1.2932330827067668,0.04747192199022139,673,I'm referring you to a specialist in Baltimore.
2409,1193,6,27,100,133,1.2932330827067668,0.04747192199022139,673,"Hey, the maze and education was easy. Getting insurance coverage is the hard part."
2593,1193,6,27,100,133,1.2932330827067668,0.04747192199022139,673,"Here, this should clear up the infestation... er... the infection."
2606,1193,6,27,100,133,1.2932330827067668,0.04747192199022139,673,"Oh, it's very safe.  I personally know many of those involved in the early trials."
2667,1193,8,23,102,133,1.2932330827067668,0.04981391081365883,673,I wouldn't give you anything I hadn't tried out myself.
2806,1193,11,17,105,133,1.2932330827067668,0.053133691855633304,673,"That's right, Peterson! I know all about that box of warfarin in your garage. My how the tables have turned, eh?"
2907,1193,6,27,100,133,1.2932330827067668,0.04747192199022139,673,"There are no side effects. And, Bob, all the ladies love a little hair on the snout."
2960,1193,9,21,103,133,1.2932330827067668,0.05094454707919094,673,This medicine worked for me.
3107,1193,8,23,102,133,1.2932330827067668,0.04981391081365883,673,"You'll be fine.  After all, it's not rat poison."
3175,1193,6,27,100,133,1.2932330827067668,0.04747192199022139,673,"Take this, avoid mazes. and eat lots of cheese."
3208,1193,8,23,102,133,1.2932330827067668,0.04981391081365883,673,Take two pills every two hours until fully addicted.
3249,1193,6,27,100,133,1.2932330827067668,0.04747192199022139,673,A word of advice-to get a job here you need a certain kind of moustache.  Take these and come back in two weeks.
3613,1193,8,23,102,133,1.2932330827067668,0.04981391081365883,673,"You know, I originally went to school to be a chef."
3972,1193,9,21,103,133,1.2932330827067668,0.05094454707919094,673,"""You don't look like you're hallucinating."""
3974,1193,6,27,100,133,1.2932330827067668,0.04747192199022139,673,"Have this script filled at the pharmacy. Go out the door, turn right, turn right again, turn left, turn right, then turn left , turn left, turn right, and you’re there."
4026,1193,5,29,99,133,1.2932330827067668,0.046256482906646926,673,"Nibble on this tonight, and call me in the morning."
4073,1193,3,33,97,133,1.2932330827067668,0.04372436252008059,673,"Side effects include headache, rash, insomnia, diarrhea, impotence, development of rodent-like features, and full-body alopecia; but most are reversible."
4181,1193,8,23,102,133,1.2932330827067668,0.04981391081365883,673,"Yes, many other rodents are involved in the medical field, but they tend to work in the labs."
4370,1193,7,25,101,133,1.2932330827067668,0.048657009197015086,673,"Don’t worry, it’s not a harmful drug. I can personally vouch for its safety."
4537,1193,7,25,101,133,1.2932330827067668,0.048657009197015086,673,It's a blood thinner.It's not going to kill you.
4564,1193,7,25,101,133,1.2932330827067668,0.048657009197015086,673,"And, worst of all - no more cheese."
781,1193,8,23,102,133,1.2932330827067668,0.04981391081365883,673,"I'm Transferring You To Our ""LAB"" Division Where YOU Will Be Tested."
2295,1193,8,23,102,133,1.2932330827067668,0.04981391081365883,673,I'm giving you this prescription for nose hair.  I'm an expert.
2156,1193,5,29,99,133,1.2932330827067668,0.046256482906646926,673,"This will help with the hallucinations, but I'm still a rat."
2401,1193,8,23,102,133,1.2932330827067668,0.04981391081365883,673,Nothing to be afraid of...just a few tests.
2066,1193,8,23,102,133,1.2932330827067668,0.04981391081365883,673,"Look, they tested this on my whole family."
327,1193,6,27,100,133,1.2932330827067668,0.04747192199022139,673,Cheer up. You may only have one year. That’s my entire lifespan.
338,1193,10,19,104,133,1.2932330827067668,0.05205062961825387,673,You'll be navigating mazes successfully again in no time.
350,1193,6,27,100,133,1.2932330827067668,0.04747192199022139,673,Here. And please stop calling me Dr. Ben.
441,1193,4,31,98,133,1.2932330827067668,0.04500823307285206,673,Here’s the prescription for your new medication— I’m not especially concerned about side effects.”
485,1193,6,27,100,133,1.2932330827067668,0.04747192199022139,673,Let me know if this works.
513,1193,11,17,105,133,1.2932330827067668,0.053133691855633304,673,Why do you ask if I’m from Baltimore?
614,1193,8,23,102,133,1.2932330827067668,0.04981391081365883,673,The side effects are not as bad as they look.
807,1193,6,27,100,133,1.2932330827067668,0.04747192199022139,673,And that's why I became a plastic surgeon.
847,1193,8,23,102,133,1.2932330827067668,0.04981391081365883,673,Perhaps the generic version of these wasn't fully effective...
2108,1193,3,33,97,133,1.2932330827067668,0.04372436252008059,673,"I can vouch for this, I was in the non-placebo group."
908,1193,9,21,103,133,1.2932330827067668,0.05094454707919094,673,I'm prescribing some 'maze therapy' to treat your claustropobia.
987,1193,4,31,98,133,1.2932330827067668,0.04500823307285206,673,Call this number if you get sick and tired of the rat race.
889,1193,7,25,101,133,1.2932330827067668,0.048657009197015086,673,Safe?!?” Absolutely ... I took it and it’s done miracles for me
1131,1193,1,37,95,133,1.2932330827067668,0.0410362954551448,673,Your Drug Plan only allows for generic Cheddar. I can’t specify Wisconsin or Vermont.
1974,1193,5,29,99,133,1.2932330827067668,0.046256482906646926,673,We have high hopes the results will be duplicated in humans.
1960,1193,8,23,102,133,1.2932330827067668,0.04981391081365883,673,"No worries, I’ve researched and tested this medication myself."
1003,1193,4,31,98,133,1.2932330827067668,0.04500823307285206,673,Yes of course it's safe - they tested it on my family.
1754,1193,9,21,103,133,1.2932330827067668,0.05094454707919094,673,"No, I'm NOT from Baltimore !"
1737,1193,4,31,98,133,1.2932330827067668,0.04500823307285206,673,No reason to be concerned. I take this drug myself.
1784,1193,8,23,102,133,1.2932330827067668,0.04981391081365883,673,"I got my start in Marina del Rey. In those years, lab rats were seen as second-class citizens."
1364,1193,8,23,102,133,1.2932330827067668,0.04981391081365883,673,It’s big and it’s bad but in a week you should be out of the woods.
1340,1193,7,25,101,133,1.2932330827067668,0.048657009197015086,673,I went to Johns Hopkins. Why do you ask?
1703,1193,6,27,100,133,1.2932330827067668,0.04747192199022139,673,Here is a prescription for plague vaccine.  Somehow all my patients take it.
727,1243,5,28,97,130,1.2923076923076924,0.04690308185181263,673,"Well, just exactly what kind of side effects have your been experiencing?"
1355,1244,6,25,96,127,1.2913385826771653,0.04887208781542002,673,It's a GOP membership card.
2254,1245,7,25,102,134,1.291044776119403,0.04834208664303101,673,Trust me. It worked for me.
2599,1246,7,24,100,131,1.2900763358778626,0.04905274118029801,673,"Trust me, it will allow you to believe you can do anything."
2724,1246,7,24,100,131,1.2900763358778626,0.04905274118029801,673,Lots of my friends have experienced positive results.
2981,1246,2,34,95,131,1.2900763358778626,0.04264941215092889,673,"'I understand your confusion, but I wasn't using 'cheese' as a euphemism for money."
2501,1246,6,26,99,131,1.2900763358778626,0.04784068984875744,673,"I do make house calls, provided you live in the subway."
3212,1246,7,24,100,131,1.2900763358778626,0.04905274118029801,673,It will make you a new man.
2519,1246,7,24,100,131,1.2900763358778626,0.04905274118029801,673,I was in the clinical trial.  It's done wonders for me.
2465,1246,3,32,96,131,1.2900763358778626,0.04400468348842088,673,This medication is great. I use it myself.
3328,1246,6,26,99,131,1.2900763358778626,0.04784068984875744,673,Karma's a bitch. Pick your poison.
2431,1246,8,22,101,131,1.2900763358778626,0.050235557420990215,673,I'd like for you to give my genetics counselor a call. Dr. Moreau is a pioneer in his field.
2410,1246,6,26,99,131,1.2900763358778626,0.04784068984875744,673,"This drug is still experimental, but it has been proven safe and effective with rats."
2389,1246,8,22,101,131,1.2900763358778626,0.050235557420990215,673,No need to worry.  I was on the team who did safety testing.
2250,1246,5,28,98,131,1.2900763358778626,0.04659712215479302,673,"A few side effects,  but I take it myself."
2302,1246,4,30,97,131,1.2900763358778626,0.045319443741206736,673,This medication was found effective in hundreds of my siblings.
2296,1246,5,28,98,131,1.2900763358778626,0.04659712215479302,673,"I know this prescription will work, I tested it myself."
2148,1246,7,24,100,131,1.2900763358778626,0.04905274118029801,673,Why would you think I’d breach doctor-patient confidentiality?
2464,1246,5,28,98,131,1.2900763358778626,0.04659712215479302,673,"Trust me, I was a hardcore lab rat in medical school."
3349,1246,7,24,100,131,1.2900763358778626,0.04905274118029801,673,Take two of these and run for the Senate
2112,1246,7,24,100,131,1.2900763358778626,0.04905274118029801,673,Human medical providers are not part of you health plan.
3356,1246,6,26,99,131,1.2900763358778626,0.04784068984875744,673,I'm referring you to a veterinarian
4348,1246,5,28,98,131,1.2900763358778626,0.04659712215479302,673,"Take this twice a day, and let me know right away if you develop a compulsion to solve mazes or your sense of smell picks out cheese more often than usual."
4209,1246,4,30,97,131,1.2900763358778626,0.045319443741206736,673,"Listen, you look at me like that, but if I trim them I look a little too much like Hitler."
4131,1246,7,24,100,131,1.2900763358778626,0.04905274118029801,673,"Take these twice a day with cheese,"
4045,1246,8,22,101,131,1.2900763358778626,0.050235557420990215,673,It's just required testing before we can prescribe them to animals.
3941,1246,8,22,101,131,1.2900763358778626,0.050235557420990215,673,You should be back to your old self in the morning Mr. Samsa.
3889,1246,5,28,98,131,1.2900763358778626,0.04659712215479302,673,Rest assured these pills have minimal side effects.
3881,1246,7,24,100,131,1.2900763358778626,0.04905274118029801,673,"Trust me, Bob."
3699,1246,10,18,103,131,1.2900763358778626,0.052521337126830714,673,"And, just because I’ve had some complaints, here’s a prescription for plague."
3579,1246,8,22,101,131,1.2900763358778626,0.050235557420990215,673,Face it. Rats rule Baltimore.
3578,1246,4,30,97,131,1.2900763358778626,0.045319443741206736,673,"I'm ordering you a stronger cheese, this is for Limburger."
3573,1246,5,28,98,131,1.2900763358778626,0.04659712215479302,673,"As prescribed, your exercise wheel pass."
3572,1246,6,26,99,131,1.2900763358778626,0.04784068984875744,673,Sure it will work.   They tried it on me first.
3518,1246,8,22,101,131,1.2900763358778626,0.050235557420990215,673,I know this prescription will cure your craving.  I used to have a thing about cheese.
3482,1246,7,24,100,131,1.2900763358778626,0.04905274118029801,673,This medicine was tested on my entire family
3479,1246,5,28,98,131,1.2900763358778626,0.04659712215479302,673,Trust me... I tried it myself!
3355,1246,6,26,99,131,1.2900763358778626,0.04784068984875744,673,I think it's time we adjusted your medication.
1966,1246,10,18,103,131,1.2900763358778626,0.052521337126830714,673,Give two of these to your cat and call me in the morning.
648,1246,8,22,101,131,1.2900763358778626,0.050235557420990215,673,"I know the rat race can be brutal, but I want you to keep trying to find the end of the maze. If I can do it, so can you."
1944,1246,7,24,100,131,1.2900763358778626,0.04905274118029801,673,This one's for what you'll get because of my exam.
121,1246,4,30,97,131,1.2900763358778626,0.045319443741206736,673,This drug is great according to my friends in the lab.
265,1246,8,22,101,131,1.2900763358778626,0.050235557420990215,673,From Baltimore since you ask.
363,1246,7,24,100,131,1.2900763358778626,0.04905274118029801,673,"It's pronounced ""ver-mine."" Here's my card so you won't make that mistake in the future."
518,1246,6,26,99,131,1.2900763358778626,0.04784068984875744,673,"At one time yes, I was a lab rat, it was the beginning of my interest in the study of medicine."
735,1246,8,22,101,131,1.2900763358778626,0.050235557420990215,673,"I was in the test group for this new drug and, as you can see, there are no noticeable side effects at all."
752,1246,6,26,99,131,1.2900763358778626,0.04784068984875744,673,Side effects? Not with Ratalin.
775,1246,7,24,100,131,1.2900763358778626,0.04905274118029801,673,Baltimore. Why do you ask?
777,1246,6,26,99,131,1.2900763358778626,0.04784068984875744,673,"If you need me over the weekend, I’ll be at this address in Baltimore."
822,1246,6,26,99,131,1.2900763358778626,0.04784068984875744,673,Whatever made you think  one of the side effects is hallucinations!
1963,1246,5,28,98,131,1.2900763358778626,0.04659712215479302,673,I'm referring you to a wolf in sheep's clothing. She may be able to help you.
946,1246,5,28,98,131,1.2900763358778626,0.04659712215479302,673,"I know this works, I tested it on all my children."
995,1246,4,30,97,131,1.2900763358778626,0.045319443741206736,673,"I'm almost certain this will do the trick. If not, too bad."
1099,1246,11,16,104,131,1.2900763358778626,0.053627704273877946,673,"If you can't afford human healthcare, don't complain about getting the rat medication."
1112,1246,6,26,99,131,1.2900763358778626,0.04784068984875744,673,"It's safe, I even tested it on myself."
1240,1246,6,26,99,131,1.2900763358778626,0.04784068984875744,673,This will help with your mange... uh... rash.
354,1246,9,20,102,131,1.2900763358778626,0.05139115723053826,673,I graduated from Ratcliffe.  Why do you ask?
1289,1246,6,26,99,131,1.2900763358778626,0.04784068984875744,673,"As long as you take these pills, at least your brain stays human. Trust me, I would know."
1375,1246,4,30,97,131,1.2900763358778626,0.045319443741206736,673,Worked for us.
1448,1246,6,26,99,131,1.2900763358778626,0.04784068984875744,673,"Look, there's a fifty-fifty chance I myself have taken these before, and I'm just fine."
1468,1246,8,22,101,131,1.2900763358778626,0.050235557420990215,673,What do you mean secondary effects?
1474,1246,7,24,100,131,1.2900763358778626,0.04905274118029801,673,This should help with your musophobia.
1494,1246,6,26,99,131,1.2900763358778626,0.04784068984875744,673,"It's just a mask, actually, I'm a tortoise."
1543,1246,1,36,94,131,1.2900763358778626,0.04124963690414135,673,"""All my lab buddies said it works."""
1582,1246,9,20,102,131,1.2900763358778626,0.05139115723053826,673,"And here's your opioid addiction; er, I mean prescription."
1611,1246,8,22,101,131,1.2900763358778626,0.050235557420990215,673,If you're not feeling cheddar by the end of the week I want you to come back in
1815,1246,7,24,100,131,1.2900763358778626,0.04905274118029801,673,"Wolf by name, wolf by nature."
1269,1246,4,30,97,131,1.2900763358778626,0.045319443741206736,673,"I'm afraid you don't qualify for this study, but there's another lab rat down the street who might be able to use you."""
1834,1246,7,24,100,131,1.2900763358778626,0.04905274118029801,673,You are way behind in the race.  This will speed you up nicely.
1910,1246,5,28,98,131,1.2900763358778626,0.04659712215479302,673,Take two of these a day and avoid me like the plague.
1929,1246,6,26,99,131,1.2900763358778626,0.04784068984875744,673,Eat more cheese? That's your prescription?
1928,1246,9,20,102,131,1.2900763358778626,0.05139115723053826,673,"Take two a day, and in no time you'll be feeling bright-eyed and bushy-tailed."
41,1315,9,18,98,125,1.288,0.05305626958178915,673,I'm prescribing you a new drug. It's experimental.
2121,1315,7,22,96,125,1.288,0.05056583061521339,673,Just ask for the guy in the sheep’s clothing.
2527,1317,8,22,102,132,1.2878787878787878,0.04990194297647228,673,Laboratory tests were inconclusive of any side effects.
1528,1317,5,28,99,132,1.2878787878787878,0.046294952746657965,673,"It's experimental, but it should do the trick. Worked on me."
3037,1319,6,28,105,139,1.2877697841726619,0.04594335443748851,673,Are you a man or a mouse? This prescription will help you decide.
1505,1320,4,27,91,122,1.2868852459016393,0.04725138260055944,673,"Of course you can’t read my writing.
I’m a rat!"
2194,1321,6,25,98,129,1.2868217054263567,0.04821649342877802,673,"You say Warfarin,
I say Rat Poison, 
You say it saves you,
I say it slays you..."
2343,1321,6,25,98,129,1.2868217054263567,0.04821649342877802,673,You're in MY lab now Doc.  How does it feel to be the subject for a change?
2439,1321,8,21,100,129,1.2868217054263567,0.050666342877524695,673,The testing in Humans shows that they are safe!
2510,1321,8,21,100,129,1.2868217054263567,0.050666342877524695,673,"I assure you, the Rx is lactose free."
2611,1321,8,21,100,129,1.2868217054263567,0.050666342877524695,673,What? Lab rats got dreams too.
2630,1321,8,21,100,129,1.2868217054263567,0.050666342877524695,673,Last refill - don't try to weasel your way into getting another one.
2792,1321,4,29,96,129,1.2868217054263567,0.04563531720665355,673,This should really help with the hallucinations.
2891,1321,3,31,95,129,1.2868217054263567,0.04428835225591643,673,What? Never seen a doctor before?
2994,1321,8,21,100,129,1.2868217054263567,0.050666342877524695,673,What kind of disease expert did you expect to find in Baltimore ?
3096,1321,5,27,97,129,1.2868217054263567,0.046943649278253195,673,Relax. Cheese always works.
3543,1321,4,29,96,129,1.2868217054263567,0.04563531720665355,673,"Two ounces of cheddar administered orally twice a day with meals 
for two weeks."
3474,1321,3,31,95,129,1.2868217054263567,0.04428835225591643,673,Take this.  It should help with your hallucinations.
2065,1321,4,29,96,129,1.2868217054263567,0.04563531720665355,673,Here. this will thin out your blood.
3628,1321,9,19,101,129,1.2868217054263567,0.051847876828185056,673,I smell anxiety and pesimism. This will make you hibernate until  election season is over.
3849,1321,5,27,97,129,1.2868217054263567,0.046943649278253195,673,"Complimentary ticket to the rodent-free section of the Trump Tower Grille, certified by me."
3942,1321,6,25,98,129,1.2868217054263567,0.04821649342877802,673,"This will remove your inhibitions for the rate race. Side effects may include loss of meaning, loneliness, more envy, and feeling like a rat."
4071,1321,8,21,100,129,1.2868217054263567,0.050666342877524695,673,"Our motto? ""Your money or your life"". Why do you ask?"
4120,1321,4,29,96,129,1.2868217054263567,0.04563531720665355,673,Three times a day should cure hallucinations.
4170,1321,6,25,98,129,1.2868217054263567,0.04821649342877802,673,"Well, if you’re surprised that I am the one writing the Rx wait until you see the cost of it."
4211,1321,5,27,97,129,1.2868217054263567,0.046943649278253195,673,"This prescription will do the trick, it was tested on three of my cousins."
4563,1321,4,29,96,129,1.2868217054263567,0.04563531720665355,673,"They tried all of them on me, believe me, this one is the best."
3325,1321,5,27,97,129,1.2868217054263567,0.046943649278253195,673,"It isn't as potent, but you'll find the side effects a lot less disturbing."
1747,1321,6,25,98,129,1.2868217054263567,0.04821649342877802,673,I've tested it personally.
827,1321,8,21,100,129,1.2868217054263567,0.050666342877524695,673,Thank you for your payment. What made you choose Johns Hopkins Hospital in Baltimore anyway?
1609,1321,6,25,98,129,1.2868217054263567,0.04821649342877802,673,Don't be weird with me. You're the one who bought health insurance from a Latvian robocall.
128,1321,9,19,101,129,1.2868217054263567,0.051847876828185056,673,"I'm prescribing one ""Rat's Ass"" for you to give, at your own leisure."
135,1321,8,21,100,129,1.2868217054263567,0.050666342877524695,673,This should help with the hallucinations . . .
1634,1321,8,21,100,129,1.2868217054263567,0.050666342877524695,673,Here's your prescription; you need more cheese.
287,1321,7,23,99,129,1.2868217054263567,0.049456589748739704,673,Your'll get the Vicoden when I get the cheese.
418,1321,5,27,97,129,1.2868217054263567,0.046943649278253195,673,I'm sorry your lab tests were lost.  It's a maze down there!
447,1321,7,23,99,129,1.2868217054263567,0.049456589748739704,673,"True, most of us are now immune to Warfarin, but it's still an effective blood thinner for my non-rodent patients."
604,1321,4,29,96,129,1.2868217054263567,0.04563531720665355,673,This should do the trick. Don't listen to what Dr. Katz says.
738,1321,4,29,96,129,1.2868217054263567,0.04563531720665355,673,"Side effects? Relax, I’ve been taking this stuff for years."
982,1321,5,27,97,129,1.2868217054263567,0.046943649278253195,673,"Sorry, but you're in our control group."
163,1321,8,21,100,129,1.2868217054263567,0.050666342877524695,673,Don't worry ... I've tried it myself and I highly recommend it.
1067,1321,5,27,97,129,1.2868217054263567,0.046943649278253195,673,"If you find your way out of the maze, send directions to me at this email address."
1068,1321,7,23,99,129,1.2868217054263567,0.049456589748739704,673,Im gonna Rat-chit up a notch!
1075,1321,7,23,99,129,1.2868217054263567,0.049456589748739704,673,"HIPPA laws forbid me from telling anyone anything, Kevin."
1101,1321,8,21,100,129,1.2868217054263567,0.050666342877524695,673,Not addictive at all. I swear.
1114,1321,4,29,96,129,1.2868217054263567,0.04563531720665355,673,"So you're ratting me out, then?"
1157,1321,9,19,101,129,1.2868217054263567,0.051847876828185056,673,"I survived the trials, and you might too."
1274,1321,6,25,98,129,1.2868217054263567,0.04821649342877802,673,Side effects include the sudden urge to jump on an exercise wheel.
1395,1321,6,25,98,129,1.2868217054263567,0.04821649342877802,673,"Quick, here’s the key to the maze, many mice were lost to produce this!"""
1026,1321,8,21,100,129,1.2868217054263567,0.050666342877524695,673,No side effects. Why?
2083,1365,5,26,95,126,1.2857142857142858,0.04761904761904762,673,"Listen, I have a nose for this kind of thing."
4406,1365,2,32,92,126,1.2857142857142858,0.04343525428949098,673,If this doesn't kill you it will make you stronger.
2418,1365,5,26,95,126,1.2857142857142858,0.04761904761904762,673,You'll need to squeak to the pharmacist about treatment for your head mice.
2487,1365,5,26,95,126,1.2857142857142858,0.04761904761904762,673,"Here’s a Alergy  prescription, but I strongly recommend you get rid of your cat."
2929,1365,5,26,95,126,1.2857142857142858,0.04761904761904762,673,Here is a prescription to help with the hallucinations
3196,1365,7,22,97,126,1.2857142857142858,0.05021495743414883,673,Three howls at the moon weekly. That'll fix you right up.
3205,1365,4,28,94,126,1.2857142857142858,0.04626650591044237,673,"You don’t believe me? Well, pick a card, any card!"
4139,1365,8,20,98,126,1.2857142857142858,0.05146383270897637,673,"Yes, these should make the turtles disappear too."
3672,1365,3,30,93,126,1.2857142857142858,0.04487321519767523,673,You seem to have a little white-coat syndrome. This will help.
3771,1365,6,24,96,126,1.2857142857142858,0.048934219347295735,673,"I assure you, it passed all trials."
3813,1365,5,26,95,126,1.2857142857142858,0.04761904761904762,673,Take two a day. You'll back up on your hind legs in no time.
4252,1365,4,28,94,126,1.2857142857142858,0.04626650591044237,673,Please take these two referrals.  One is for an opthamologist .  The other is for a  shrink.  Good luck!
4185,1365,11,14,101,126,1.2857142857142858,0.05504069819733292,673,It's gouda that you came in today!
3532,1365,8,20,98,126,1.2857142857142858,0.05146383270897637,673,It’s call “TheBlack Plague.” It’s spread by humans
1926,1365,6,24,96,126,1.2857142857142858,0.048934219347295735,673,"Yes, it’s safe. I’m fine after 3,000 times the human dose. Bigger and smarter too."
353,1365,5,26,95,126,1.2857142857142858,0.04761904761904762,673,I'm going to refer you to a physician who specializes in moles.
1459,1365,7,22,97,126,1.2857142857142858,0.05021495743414883,673,"Your hypertension is fine, but you do have the plague."
1437,1365,7,22,97,126,1.2857142857142858,0.05021495743414883,673,I hear you have a rat problem. I can take care of that for you. Here's my card.
1030,1365,3,30,93,126,1.2857142857142858,0.04487321519767523,673,"Trump just tweeted that we're a rat-infested city!  The nerve."""
1007,1365,3,30,93,126,1.2857142857142858,0.04487321519767523,673,Try this prescription. Your hallucinations and the other side effects should clear up in about a week.
971,1365,5,26,95,126,1.2857142857142858,0.04761904761904762,673,"Trust me, this prescription works. I've tested it myself."
571,1365,3,30,93,126,1.2857142857142858,0.04487321519767523,673,You need to eat more cheese.
524,1365,4,28,94,126,1.2857142857142858,0.04626650591044237,673,"If you don't like the tablet's taste, put it in a piece of cheese."
400,1365,4,28,94,126,1.2857142857142858,0.04626650591044237,673,Tested on me. Foisted on you.
1878,1365,6,24,96,126,1.2857142857142858,0.048934219347295735,673,Here’s the address of the lab. Don’t let the maze scare you !
206,1365,5,26,95,126,1.2857142857142858,0.04761904761904762,673,"The Black Plague? Yeah, this one's on us."
159,1365,7,22,97,126,1.2857142857142858,0.05021495743414883,673,It's for a mild Jarlsberg. We found the stronger Camembert  too habit forming.
3690,1392,5,27,98,130,1.2846153846153847,0.04663336666654655,673,I'm prescribing a placebo.
2974,1392,7,23,100,130,1.2846153846153847,0.04912425119439789,673,"Take two of these daily.
And, from now on, stay our of Baltimore."
1883,1392,8,21,101,130,1.2846153846153847,0.050323480004737006,673,Take two of these every morning for a week and call me if you remain human.
10,1392,7,23,100,130,1.2846153846153847,0.04912425119439789,673,The rabies vaccine is on me.
4148,1396,7,21,95,123,1.2845528455284554,0.05100656192448701,673,"Just take this Rx over to Nurse Squirrel, and she'll run it over to check out."
3660,1396,6,23,94,123,1.2845528455284554,0.049682887778708315,673,It's great to be an American!  Here even the  lowly rat can reach the highest professional levels.
805,1398,8,26,114,148,1.2837837837837838,0.04602266935891564,673,Here's your stipend for volunteering. We like to test new procedures on patients before we try them on mice.
4182,1399,10,16,101,127,1.2834645669291338,0.05349623345185393,673,"You've been eating way too much garbage food.  This script is for real, wholesome garbage."
3406,1399,5,26,96,127,1.2834645669291338,0.04729614264156065,673,"I'm referring  you to specialist, Dr. Marmot."
2940,1399,4,28,95,127,1.2834645669291338,0.04595585633864275,673,"Take these three times a day, and your face will become more interesting."
2839,1399,6,24,97,127,1.2834645669291338,0.04859948030302107,673,It's only been tested on humans.
4083,1399,5,26,96,127,1.2834645669291338,0.04729614264156065,673,Take one a day with garbage.
500,1399,7,22,98,127,1.2834645669291338,0.04986876640419947,673,"You'll be fine. It's not rat poison, you know!"
38,1399,8,20,99,127,1.2834645669291338,0.051106538129964296,673,This did wonders for my cheddar allergy.
1396,1399,8,20,99,127,1.2834645669291338,0.051106538129964296,673,"I'm a lab rat … Trust me ,this stuff works."
3766,1399,6,24,97,127,1.2834645669291338,0.04859948030302107,673,This prescription can only be filled in Baltimore
3291,1408,2,31,91,124,1.282258064516129,0.043695780716468284,673,"For the last time, Mr. Johnson- Take two by mouth each morning, and the urges to eat your neighbor's chickens will stop. Take it from me."
3307,1408,2,31,91,124,1.282258064516129,0.043695780716468284,673,This should help with your underdeveloped nostril hair.
3319,1408,4,27,93,124,1.282258064516129,0.04660023540224536,673,Of course it’s safe. I tested it on my own mother!
3279,1408,5,25,94,124,1.282258064516129,0.04798658440758398,673,"While taking this, you should probably avoid driving, operating heavy machinery, and hunting."
3217,1408,4,27,93,124,1.282258064516129,0.04660023540224536,673,Take this and you'll feel fine testifying against him.
3132,1408,7,21,96,124,1.282258064516129,0.050645562196792546,673,"Look Harry, get over it.  The whole grandma thing was long ago.  I've changed and moved on."
3121,1408,6,23,95,124,1.282258064516129,0.049333990581217756,673,Take one each morning for the hallucinations.
3113,1408,3,29,92,124,1.282258064516129,0.045171358137465624,673,The pharmacist can explain the side-effects.
3089,1408,6,23,95,124,1.282258064516129,0.049333990581217756,673,I'd like you to take massive amounts of this new drug for the next six months.  Let me know if it's safe and effective.
3005,1408,4,27,93,124,1.282258064516129,0.04660023540224536,673,And take this twice a day for the wild hallucinations.
4556,1408,5,25,94,124,1.282258064516129,0.04798658440758398,673,"Actually, I used to be a rat lab myself."
2928,1408,4,27,93,124,1.282258064516129,0.04660023540224536,673,"This won't work for you, but it's covered by insurance."
2871,1408,5,25,94,124,1.282258064516129,0.04798658440758398,673,"What, you've never seen a lab rat before?"
2831,1408,7,21,96,124,1.282258064516129,0.050645562196792546,673,"no worries, I used to be a veterinarian"
2826,1408,6,23,95,124,1.282258064516129,0.049333990581217756,673,I'm going to have to refer you to a different unidentifiable animal.
2758,1408,4,27,93,124,1.282258064516129,0.04660023540224536,673,It's just a blood thinner.  I have it all the time.
2693,1408,6,23,95,124,1.282258064516129,0.049333990581217756,673,You're gonna want to take this with a block of cheese.
2690,1408,7,21,96,124,1.282258064516129,0.050645562196792546,673,"Trust me, I take the same medication myself.  Sure there are side effects but it'll do wonders for your sex life."
3365,1408,5,25,94,124,1.282258064516129,0.04798658440758398,673,"Yes, I'm a real doctor; those are my sheepskins on the wall."
2636,1408,3,29,92,124,1.282258064516129,0.045171358137465624,673,‘This should stop your hallucinations.’
2633,1408,5,25,94,124,1.282258064516129,0.04798658440758398,673,Giving you this script makes me feel like a rat.
2589,1408,4,27,93,124,1.282258064516129,0.04660023540224536,673,No humans were harmed in testing this new drug.
2963,1408,4,27,93,124,1.282258064516129,0.04660023540224536,673,I don't know why so many of my patients are on anxiety meds.
3538,1408,4,27,93,124,1.282258064516129,0.04660023540224536,673,I'm a Johns Hopkins rat.  I know stuff.
4119,1408,3,29,92,124,1.282258064516129,0.045171358137465624,673,If the hallucinations don't subside within two days call me.  Sara at the billing desk will take your cheese.
3609,1408,6,23,95,124,1.282258064516129,0.049333990581217756,673,Don’t flush any extra pills down the toilet or you’ll poison my Aunt Nettie.
2567,1408,7,21,96,124,1.282258064516129,0.050645562196792546,673,Take this prescription to the nearest Canadian pharmacy unless you want to sell your house.
4567,1408,5,25,94,124,1.282258064516129,0.04798658440758398,673,"Good luck finding the pharmacy, this office is a maze."
4574,1408,6,23,95,124,1.282258064516129,0.049333990581217756,673,"The trial pays 20 pellets a day, but the real reward is you'll be contributing to the health of rats all over the world!"
4539,1408,6,23,95,124,1.282258064516129,0.049333990581217756,673,I’m afraid you’ll have to get used to my good looks Mr Jenkins because I’m the only Doc within 100 miles who’s willing to take Medicaid patients.
4500,1408,7,21,96,124,1.282258064516129,0.050645562196792546,673,What makes you think I would tell people about your condition?
4481,1408,5,25,94,124,1.282258064516129,0.04798658440758398,673,"It’s only a clinical trial, but it’s been shown to improve outcomes in rats."
4476,1408,7,21,96,124,1.282258064516129,0.050645562196792546,673,Take one of these twice a day. The hallucinations should stop in about a week.
4403,1408,6,23,95,124,1.282258064516129,0.049333990581217756,673,Trust me -- I'm cheeseboard-certified.
4313,1408,4,27,93,124,1.282258064516129,0.04660023540224536,673,"Here's a script your insurance is sure not to honor, but the only one that will work."
4300,1408,6,23,95,124,1.282258064516129,0.049333990581217756,673,"This card you will get you in to see the squirrel docs. If you want to see me, I need to see the cash up front."
4241,1408,7,21,96,124,1.282258064516129,0.050645562196792546,673,"Now, I would like to send you for some testing."
4023,1408,6,23,95,124,1.282258064516129,0.049333990581217756,673,"This is necessary after a radioactive rat bite.  Trust me, I learned the hard way."
4002,1408,6,23,95,124,1.282258064516129,0.049333990581217756,673,It’s a prescription for a sleep aid and some Swiss cheese for me
3958,1408,6,23,95,124,1.282258064516129,0.049333990581217756,673,These are the best.  They were tested on myself.
3904,1408,3,29,92,124,1.282258064516129,0.045171358137465624,673,"As a drug test participant I can honestly say, there are no side effects with this drug."
3871,1408,5,25,94,124,1.282258064516129,0.04798658440758398,673,I find cheddar works best for this but if it doesn’t  we could always try provolone.
3811,1408,5,25,94,124,1.282258064516129,0.04798658440758398,673,"If the pills taste bitter, try hiding them in cheese."
3801,1408,9,17,98,124,1.282258064516129,0.05317173739264293,673,I won't rat you out dude.
3752,1408,8,19,97,124,1.282258064516129,0.05192401480808935,673,"This to the pharmacy. Just take the first left, the third right, the fourth left, two rights, and a left."
3705,1408,6,23,95,124,1.282258064516129,0.049333990581217756,673,It's not rat poison!
3663,1408,4,27,93,124,1.282258064516129,0.04660023540224536,673,Hey. Grab me a cheese danish when you go by the lab.
3591,1408,6,23,95,124,1.282258064516129,0.049333990581217756,673,"Oh, and I forgot to prescribe you something for the hallucinations that might be a side effect of the new medication regiment you started last month."
2552,1408,3,29,92,124,1.282258064516129,0.045171358137465624,673,It's true this one doesn't work so well but there are very few side effects.
1192,1408,6,23,95,124,1.282258064516129,0.049333990581217756,673,Here's my card - you'll note that I can help you with those migranes AND eat your garbage.
2485,1408,3,29,92,124,1.282258064516129,0.045171358137465624,673,Side effects may include huffing and puffing and hallucinations about farm animals
1120,1408,3,29,92,124,1.282258064516129,0.045171358137465624,673,Take two of these and see if you can find your way throught the parking garage to your car.
1091,1408,4,27,93,124,1.282258064516129,0.04660023540224536,673,...and go easy on the cheese.
1086,1408,9,17,98,124,1.282258064516129,0.05317173739264293,673,"Trust me it's just a cold. Here is a prescription for the cough. But look, I resent your plague diagnosis. That was a long time ago."
934,1408,7,21,96,124,1.282258064516129,0.050645562196792546,673,"Here, this will fix you up, it's lab tested!"
919,1408,3,29,92,124,1.282258064516129,0.045171358137465624,673,Here's my card. I think you'll do better to call me at the new moon.
900,1408,6,23,95,124,1.282258064516129,0.049333990581217756,673,There are barely any side effects.
2529,1408,4,27,93,124,1.282258064516129,0.04660023540224536,673,"It may be new on the market, but based on the animal trials, I assure you it does wonders."
870,1408,5,25,94,124,1.282258064516129,0.04798658440758398,673,"It’s for Warfarin, don’t take too much"
867,1408,3,29,92,124,1.282258064516129,0.045171358137465624,673,"Seriously, this guy’s my go-to guy."
799,1408,2,31,91,124,1.282258064516129,0.043695780716468284,673,'Infested' . . . you say that like it's a bad thing.
780,1408,4,27,93,124,1.282258064516129,0.04660023540224536,673,"Trust me,I'm a rat."
731,1408,7,21,96,124,1.282258064516129,0.050645562196792546,673,"I recommend 12 ounces of gouda, smoked."
673,1408,6,23,95,124,1.282258064516129,0.049333990581217756,673,You're going to need this rabies vaccine.
607,1408,6,23,95,124,1.282258064516129,0.049333990581217756,673,Don't tell anyone where you got it.
531,1408,5,25,94,124,1.282258064516129,0.04798658440758398,673,"Don't worry, we tested it — I was part of the team!"
501,1408,5,25,94,124,1.282258064516129,0.04798658440758398,673,Take this 3 times a day; I've tried it myself in multiple studies
290,1408,5,25,94,124,1.282258064516129,0.04798658440758398,673,"I'm recommending against a chin implant, and suggesting a complete facial lift."
256,1408,5,25,94,124,1.282258064516129,0.04798658440758398,673,Trust me. I've tested it myself.
236,1408,5,25,94,124,1.282258064516129,0.04798658440758398,673,"Don't worry, 'rodenticide' is just the generic name."
181,1408,5,25,94,124,1.282258064516129,0.04798658440758398,673,Yes it has been tested and no side effects noted. Why do you ask?
1502,1408,6,23,95,124,1.282258064516129,0.049333990581217756,673,Here's the card for my plastic surgeon
1123,1408,6,23,95,124,1.282258064516129,0.049333990581217756,673,"After taking these, you may see some changes in your appearance.  But don't worry, it's temporary."
1167,1408,6,23,95,124,1.282258064516129,0.049333990581217756,673,It's the least I can do for giving you the plague.
884,1408,6,23,95,124,1.282258064516129,0.049333990581217756,673,Don't be alarmed. I have to wear this just until my med school loans are paid off.  Trust me.
1186,1408,5,25,94,124,1.282258064516129,0.04798658440758398,673,"Side effects may include headaches, nausea, and hallucinations."
2457,1408,7,21,96,124,1.282258064516129,0.050645562196792546,673,You can fill it at any pharmacy in Baltimore
2456,1408,7,21,96,124,1.282258064516129,0.050645562196792546,673,Take these and scurry through the park every day.
1175,1408,4,27,93,124,1.282258064516129,0.04660023540224536,673,"This is experimental, but I haven’t dropped dead yet."
2327,1408,5,25,94,124,1.282258064516129,0.04798658440758398,673,Take two and call me in the flooring.
2175,1408,3,29,92,124,1.282258064516129,0.045171358137465624,673,"With whiskers? Really? Tell you what, here is a second prescription to help with the occasional hallucinations."
2150,1408,7,21,96,124,1.282258064516129,0.050645562196792546,673,You need a specialist. I'm referring you to a platypus.
2098,1408,7,21,96,124,1.282258064516129,0.050645562196792546,673,You'll be fine. I took it and there were no side effects.
1959,1408,5,25,94,124,1.282258064516129,0.04798658440758398,673,You have nothing to worry about Mr. Paker. I personally tested this medication on some of my closest friends.
1783,1408,7,21,96,124,1.282258064516129,0.050645562196792546,673,Why would i try to poison you?
1744,1408,6,23,95,124,1.282258064516129,0.049333990581217756,673,Take two tablespoons of Cheez Whiz every six hours and get back to me after the weekend.
2402,1408,5,25,94,124,1.282258064516129,0.04798658440758398,673,Results from clinical trials on this have been mixed.
1728,1408,6,23,95,124,1.282258064516129,0.049333990581217756,673,"To get your bloodwork done, go down the hall, and through the maze."
1711,1408,3,29,92,124,1.282258064516129,0.045171358137465624,673,They're harmless! Look at me!
1701,1408,5,25,94,124,1.282258064516129,0.04798658440758398,673,Give this to your cat to make him sleep.
1674,1408,5,25,94,124,1.282258064516129,0.04798658440758398,673,It's a new federal drug program...  I'm from Baltimore
1642,1408,5,25,94,124,1.282258064516129,0.04798658440758398,673,I'm just going to run you through some tests.
1603,1408,4,27,93,124,1.282258064516129,0.04660023540224536,673,I think it's time for me to cut back on your CBD prescription.
1402,1408,5,25,94,124,1.282258064516129,0.04798658440758398,673,Don't worry. I take it myself and I haven't experienced a single negative side effect.
1293,1408,7,21,96,124,1.282258064516129,0.050645562196792546,673,You need to move to the country and stop watching Fox News.
1238,1408,6,23,95,124,1.282258064516129,0.049333990581217756,673,"Believe me, it works I use it myself"
1738,1408,6,23,95,124,1.282258064516129,0.049333990581217756,673,This drug works best when taken with moldy food scraps.
115,1505,6,21,90,117,1.2820512820512822,0.05128205128205127,673,"Thank you for volunteering for our animal testing program, it's very important that we know if these drugs are suitable for vermin consumption."
2649,1506,6,24,98,128,1.28125,0.04826913047376049,673,This should help you. It worked for me.
3585,1507,4,26,91,121,1.28099173553719,0.04727147506480756,673,Let me know if this one has fewer side effects.
3283,1507,4,26,91,121,1.28099173553719,0.04727147506480756,673,All the better to treat you with...
1978,1507,7,20,94,121,1.28099173553719,0.05145692854512977,673,Take one of these next time she's in heat.
4243,1510,7,21,97,125,1.28,0.05028948456749697,673,"Well, it worked for me!"
4386,1510,5,25,95,125,1.28,0.04765467177450164,673,I was suffering from the same thing. Look at me now.
4070,1510,4,27,94,125,1.28,0.046281048863125035,673,Take this to allow you to cope with the bill
4017,1510,6,23,96,125,1.28,0.04898979485566356,673,Take this prescription and avoid human contact like the plague.
3163,1510,3,29,93,125,1.28,0.04486539006635795,673,"For some of us, the rat race was the only way out."
3028,1510,6,23,96,125,1.28,0.04898979485566356,673,Take one of these three times a day and stay OUT of sewers.
2944,1510,4,27,94,125,1.28,0.046281048863125035,673,"At the next full moon, take two and call me in the morning."
2919,1510,4,27,94,125,1.28,0.046281048863125035,673,You may experience a strong fear of cats.
2855,1510,4,27,94,125,1.28,0.046281048863125035,673,I don't give a rat's ass about google...just start taking this!
2735,1510,6,23,96,125,1.28,0.04898979485566356,673,"After your gene edit, you can redeem this half off any item coupon at Animal Chow."
2618,1510,3,29,93,125,1.28,0.04486539006635795,673,"Disregard Rodent Xpress, we’re Rodentia Medical Associates now."
2546,1510,7,21,97,125,1.28,0.05028948456749697,673,"I've written it down for you:  left,right,left,left,right,left,Meds."
4178,1510,7,21,97,125,1.28,0.05028948456749697,673,This prescription will change your life
2445,1510,4,27,94,125,1.28,0.046281048863125035,673,I take 2 of these before music festivals and dinners with my in-laws. They are very effective.
2435,1510,5,25,95,125,1.28,0.04765467177450164,673,Just stick to cheese
2260,1510,5,25,95,125,1.28,0.04765467177450164,673,"Do not try to get the store brand cheese, it’s just not the same."
1829,1510,5,25,95,125,1.28,0.04765467177450164,673,I take these myself and there are no side effects!
1532,1510,3,29,93,125,1.28,0.04486539006635795,673,"Not to worry, I take it too and the side effects are minimal."
1414,1510,4,27,94,125,1.28,0.046281048863125035,673,You have the plague. Please find a different doctor the next time around.
1301,1510,8,19,98,125,1.28,0.05155642070711495,673,This should help pop your eye back in.
1034,1510,7,21,97,125,1.28,0.05028948456749697,673,It's either the experimental medication or back to the maze!
851,1510,8,19,98,125,1.28,0.05155642070711495,673,We're under a lot of pressure to stop prescribing the stuff that'll blow your house down.
406,1510,5,25,95,125,1.28,0.04765467177450164,673,"It hasn't been tested on humans yet, but I can vouch for it."
170,1510,4,27,94,125,1.28,0.046281048863125035,673,I assure you it's fine. Several of my colleagues were involved in the clinical trials.
123,1510,9,17,99,125,1.28,0.052792961407687175,673,Do you have any idea where you might have contracted the plague?
2442,1510,2,31,92,125,1.28,0.04340358242981718,673,"I don't like this medical coverage you have, they treat doctors like vermin."
2313,1536,6,22,94,122,1.278688524590164,0.04974163716327462,673,I participated in the clinical trial myself; there are no side-effects.
2433,1536,4,26,92,122,1.278688524590164,0.04693894410737294,673,"It'll work, but you don't want to know who they tested it on."
2781,1536,6,22,94,122,1.278688524590164,0.04974163716327462,673,"Take two of these and call me in the morning.   Not too early, since I walk the sewers all night, okay?"
3134,1536,7,20,95,122,1.278688524590164,0.051085354697474245,673,"Three slices daily -- American, not Swiss"
3191,1536,2,30,90,122,1.278688524590164,0.043957917149784274,673,It's still an experimental drug but it's been rat tested.
4105,1536,5,24,93,122,1.278688524590164,0.048360598329621314,673,It had amazing results in the rat trials.
3473,1536,4,26,92,122,1.278688524590164,0.04693894410737294,673,"(All this says is ""cheese"")"
3765,1536,3,28,91,122,1.278688524590164,0.045472865282838615,673,So many animal studies! Now it is your turn.
3896,1536,8,18,96,122,1.278688524590164,0.052394622447829935,673,"Trust me, my whole family is in the business"
2251,1536,7,20,95,122,1.278688524590164,0.051085354697474245,673,It works on my friends; it should work for you.
4254,1536,4,26,92,122,1.278688524590164,0.04693894410737294,673,"Chinese Astrology gets us right... The Rat is  hardworking, curious, trustworthy, honest , and insightful. I'm sure you will agree!"
4357,1536,4,26,92,122,1.278688524590164,0.04693894410737294,673,Take 2 of these each morning with cheese.
3452,1536,6,22,94,122,1.278688524590164,0.04974163716327462,673,"His office is in the sewer, but he's a good man."
2222,1536,6,22,94,122,1.278688524590164,0.04974163716327462,673,"No, tempting as it is, I will not comment on the role of my species in the current political dialogue."
2687,1536,3,28,91,122,1.278688524590164,0.045472865282838615,673,*I want you to try this new drug for boosting your brain power. I personally tested it.
1902,1536,7,20,95,122,1.278688524590164,0.051085354697474245,673,"Take two pills, twice a day with cheese."
1860,1536,7,20,95,122,1.278688524590164,0.051085354697474245,673,"Just grind it up in your food, you'll never notice it."
1857,1536,6,22,94,122,1.278688524590164,0.04974163716327462,673,"I don't accept your insurance, but if you have any peanut butter..."
1830,1536,7,20,95,122,1.278688524590164,0.051085354697474245,673,"I would say take these and come back to see me, but you won't see me."
1818,1536,7,20,95,122,1.278688524590164,0.051085354697474245,673,"Oh, and welcome to Baltimore."
1197,1536,2,30,90,122,1.278688524590164,0.043957917149784274,673,I'm prescribing a taste of your own medicine
1158,1536,6,22,94,122,1.278688524590164,0.04974163716327462,673,Take one of these every morning.  They'll help with the hallucinations.
989,1536,7,20,95,122,1.278688524590164,0.051085354697474245,673,Take two little red riding hoods and call me in the morning.
984,1536,6,22,94,122,1.278688524590164,0.04974163716327462,673,Big Pharma? Who dat?
886,1536,5,24,93,122,1.278688524590164,0.048360598329621314,673,"I know what you're thinking, but trust me. Who is better to help you with the stress of the rat race?"
831,1536,5,24,93,122,1.278688524590164,0.048360598329621314,673,"I take this myself, and, so far, no apparent side effects."
575,1536,6,22,94,122,1.278688524590164,0.04974163716327462,673,"A year's worth of opioids. Hey, pal, if you can't trust your doc, who can you trust?"
2025,1536,5,24,93,122,1.278688524590164,0.048360598329621314,673,"Don’t worry it’s completely safe, we tested it on mice."
13,1564,5,25,96,126,1.2777777777777777,0.04732714766944626,673,I'm on this too. The side effects are temporary.
2450,1565,6,21,92,119,1.2773109243697478,0.050526877536999686,673,"Tust me. It's Baltimore, we're everywhere."
3038,1566,6,22,95,123,1.2764227642276422,0.04938757685880951,673,"As for side effects, with any luck, you'll be a cat."
3835,1566,6,22,95,123,1.2764227642276422,0.04938757685880951,673,Take one pill before bed and stop watching the Democratic debates.
445,1566,5,24,94,123,1.2764227642276422,0.048019295357803964,673,Watch out for side effects.  I should know.
208,1569,6,18,85,109,1.275229357798165,0.053538658715631786,673,"What large bills you have, Doctor!"
3082,1570,6,21,93,120,1.275,0.05015731554340811,673,"Yes, I know it seems unusual. But I assure you, only I can validate your parking"
3171,1570,4,25,91,120,1.275,0.047282599946524534,673,Trust me. I  know about lab testing.
3225,1570,6,21,93,120,1.275,0.05015731554340811,673,"If these don't stop the hallucinations, I'm going to recommend checking you into the maze."
3282,1570,4,25,91,120,1.275,0.047282599946524534,673,"You may crave cheese and burrowing, but otherwise there are no side effects."
3531,1570,4,25,91,120,1.275,0.047282599946524534,673,It worked in the lab...
3738,1570,6,21,93,120,1.275,0.05015731554340811,673,"Sorry, back to the Race."
3741,1570,5,23,92,120,1.275,0.04874115591686399,673,Take this down to Maze 4.
3746,1570,3,27,90,120,1.275,0.045777595341980545,673,Just tell them that Dr. Fink sent you
3812,1570,6,21,93,120,1.275,0.05015731554340811,673,Here is a prescription for Zofran to treat your vertigo.  In the future I suggest leaving maze-running to the experts.
3888,1570,6,21,93,120,1.275,0.05015731554340811,673,I am sorry. Animal scientists don’t study these things.
3892,1570,5,23,92,120,1.275,0.04874115591686399,673,The meds I'm prescribing have been tested by my team in the lab
3899,1570,7,19,94,120,1.275,0.051534574073431254,673,"No, really, this prescription will help stop your hallucinations!"
3901,1570,3,27,90,120,1.275,0.045777595341980545,673,Do you think I would give you a prescription without knowing the side effects?
4486,1570,6,21,93,120,1.275,0.05015731554340811,673,"I'd email this prescription to you, but my mouse is broken."
2987,1570,3,27,90,120,1.275,0.045777595341980545,673,This is no mickey mouse operation.
4502,1570,7,19,94,120,1.275,0.051534574073431254,673,It’s a get out of hospital  free card
2946,1570,4,25,91,120,1.275,0.047282599946524534,673,this'll take care of your nose hair.
2902,1570,6,21,93,120,1.275,0.05015731554340811,673,Side effects may include strong cheese cravings.
2427,1570,8,17,95,120,1.275,0.05287597136071295,673,The better to cure you with.
381,1570,6,21,93,120,1.275,0.05015731554340811,673,You'll need to take this 3 times a day until your hallucinations stop completely.
434,1570,9,15,96,120,1.275,0.05418417084119586,673,Make sure to take two before the maze
436,1570,7,19,94,120,1.275,0.051534574073431254,673,"Alright, I'm writing a prescription for 80mg Oxycontins. Those are the good ones. If you find that they're too strong for your shoulder pain, just, I don't know, cut 'em in half with a credit card. Or sell them to your kid or his friends or whatever."
558,1570,6,21,93,120,1.275,0.05015731554340811,673,Don’t worry; I tested it on myself first.
613,1570,6,21,93,120,1.275,0.05015731554340811,673,Take two cubes of cheese and call me in the morning.
812,1570,7,19,94,120,1.275,0.051534574073431254,673,Take my card and call me if you get enough cheese to get your eye fixed
929,1570,4,25,91,120,1.275,0.047282599946524534,673,"I tested this medicine myself, back when I worked in the lab."
1519,1570,5,23,92,120,1.275,0.04874115591686399,673,"It's no cheese, but it does help with the withdrawal symptoms."
1859,1570,6,21,93,120,1.275,0.05015731554340811,673,Needed? Do I look like someone who'd overprescribe for a kickback?
1934,1570,6,21,93,120,1.275,0.05015731554340811,673,"You can trust this one, I`ve experimented it myself"
1999,1570,3,27,90,120,1.275,0.045777595341980545,673,I assure you that I passed the maze test with flying colors.
2011,1570,4,25,91,120,1.275,0.047282599946524534,673,Take two of these every morning with a slice of cheese.
2330,1570,6,21,93,120,1.275,0.05015731554340811,673,"As you can see sir, I was born in this infested place!"
1308,1570,9,15,96,120,1.275,0.05418417084119586,673,Guess who's getting the placebo?
3409,1603,4,28,99,131,1.2748091603053435,0.04475211967542748,673,This treatment did not test on lab animals.
80,1604,6,20,91,117,1.2735042735042734,0.050961766300933846,673,Welcome to Philadelphia.
3622,1604,3,26,88,117,1.2735042735042734,0.046422138851282976,673,"Try these,...counting sheep didn't work for me either."
1503,1606,1,31,89,121,1.2727272727272727,0.04231587892051194,673,"Relax, It's for your wife."
4541,1607,8,16,94,118,1.271186440677966,0.05336838394787918,673,"The initials next to my name on the diplomas stand for Registered Allergy Therapist."""
2299,1607,6,20,92,118,1.271186440677966,0.05058117537107875,673,personally the only side effect  is your true self comes out
2489,1607,4,24,90,118,1.271186440677966,0.04763114735791484,673,Chew this prescription three times a day
2588,1607,6,20,92,118,1.271186440677966,0.05058117537107875,673,I have to warn you they’ve only tested this on rats.
2653,1607,4,24,90,118,1.271186440677966,0.04763114735791484,673,Ive booked you a maze test.  Look what it did for me.
2923,1607,6,20,92,118,1.271186440677966,0.05058117537107875,673,"No, really, all my relatives swear by it."
4559,1607,4,24,90,118,1.271186440677966,0.04763114735791484,673,Here. This prescription will help to determine which unnecessary procedure we'll do first.
2998,1607,5,22,91,118,1.271186440677966,0.04912830905166196,673,It' s not cheap but the price will come down under Bernie's plan.
3029,1607,7,18,93,118,1.271186440677966,0.05199345971912271,673,I'm going to start you on Garbage.
3248,1607,5,22,91,118,1.271186440677966,0.04912830905166196,673,Don't leave these pills where the dog can get them
3343,1607,5,22,91,118,1.271186440677966,0.04912830905166196,673,...and no maze running while you're taking these.
3620,1607,8,16,94,118,1.271186440677966,0.05336838394787918,673,This should help you relax and stop thinking of life as a futile maze.
4239,1607,5,22,91,118,1.271186440677966,0.04912830905166196,673,It’s just a blood-thinner. You’ll be fine.
4251,1607,6,20,92,118,1.271186440677966,0.05058117537107875,673,This should help with your hallucinations.  You'll drink a lot of water and you might explode.
4314,1607,3,26,89,118,1.271186440677966,0.04608537346042869,673,"Well, it was safe enough to test it on me."
4513,1607,5,22,91,118,1.271186440677966,0.04912830905166196,673,"It's poison to me, but it will cure your blood clot."
2145,1607,5,22,91,118,1.271186440677966,0.04912830905166196,673,You can’t pay me in artificial sweeteners. Do you know what that stuff does to lab mice?
2132,1607,3,26,89,118,1.271186440677966,0.04608537346042869,673,Take two a day and your man-or-mouse dilemma should resolve
1898,1607,6,20,92,118,1.271186440677966,0.05058117537107875,673,Of course it's safe.  I use it mysey!
49,1607,8,16,94,118,1.271186440677966,0.05336838394787918,673,Frankly I don’t give a rat’s ass.
1986,1607,5,22,91,118,1.271186440677966,0.04912830905166196,673,It was tested on me and my extended family
198,1607,5,22,91,118,1.271186440677966,0.04912830905166196,673,"I advise inserting capsules in a piece of cheese. The more aromatic, the better."
322,1607,4,24,90,118,1.271186440677966,0.04763114735791484,673,I'm prescribing something a little stronger this time: a nice Gorgonzola.
342,1607,10,12,96,118,1.271186440677966,0.05601708229189266,673,"If you insist, but remember-I've been carrying bubonic plague for years."
675,1607,8,16,94,118,1.271186440677966,0.05336838394787918,673,These should take care of the hallucinations but I can't do anything about the lack of whiskers.
676,1607,4,24,90,118,1.271186440677966,0.04763114735791484,673,"Yes, seeing mice everywhere is a listed side effect of this drug.  If it bothers you, there is one where you see cats instead."
783,1607,6,20,92,118,1.271186440677966,0.05058117537107875,673,No you’re freaking out!
495,1607,5,22,91,118,1.271186440677966,0.04912830905166196,673,Seriously.  You need to stop with the Baltimore talk.  It's affecting everything you do.
902,1607,3,26,89,118,1.271186440677966,0.04608537346042869,673,Of course I don’t take kickbacks.  What do I look like?
977,1607,6,20,92,118,1.271186440677966,0.05058117537107875,673,It’s a prescription for Warfarin
983,1607,6,20,92,118,1.271186440677966,0.05058117537107875,673,Thank you for your participation. We're always looking for good lab humans.
1246,1607,9,14,95,118,1.271186440677966,0.054708764899716586,673,"You smell a rat, eh? Well, I smell a man who needs a prescription for man up!"
1336,1607,3,26,89,118,1.271186440677966,0.04608537346042869,673,Take one pill with one piece of garbage every morning and again at night
1581,1607,6,20,92,118,1.271186440677966,0.05058117537107875,673,"It's a business card, not the plague."
846,1607,6,20,92,118,1.271186440677966,0.05058117537107875,673,"The side effects aren't that bad, Bob. I've been taking it for years and have only noticed an increased appetite for cheese."
3034,1642,3,25,87,115,1.2695652173913043,0.04674245637679414,673,Hopefully you won't have the same side effects as we did.
2315,1642,6,19,90,115,1.2695652173913043,0.051405477646128954,673,I went to Johns Hopkins. So?
2356,1642,9,13,93,115,1.2695652173913043,0.055679341195068247,673,"~ REPUBLICAN HEALTHCARE PLAN ~
[Abnormally loud]...Sorry I wasn't able to help, Mr Wilson...[Whispering] go to the alley behind the building, you will see a black van, knock three times, give them this prescription..."
2423,1642,4,23,88,115,1.2695652173913043,0.048346794407005136,673,I'm ordering some tests from the lab. Tell them I say hi.
2621,1642,3,25,87,115,1.2695652173913043,0.04674245637679414,673,You think I take the Hipporatic oath lightly?
2628,1642,4,23,88,115,1.2695652173913043,0.048346794407005136,673,And on the back is one dollar off your next pizza
3032,1642,7,17,91,115,1.2695652173913043,0.05286850133419126,673,"She’s a snake, but she’s the best in her field."
3161,1642,5,21,89,115,1.2695652173913043,0.049899577460434906,673,"Your insurance company, the pharmaceutical industry, the healthcare system… Rats, we are all rats."
1879,1642,6,19,90,115,1.2695652173913043,0.051405477646128954,673,I don't see patients named Katz so here's a referral to Dr.  Jack Russell.
3599,1642,5,21,89,115,1.2695652173913043,0.049899577460434906,673,Trust me.  I spent a lot of time in the lab before I got this job.
3646,1642,2,27,86,115,1.2695652173913043,0.04508105951327878,673,Take two a day.  Call me in a week and let me know if you are still seeing rats everywhere you look.
3713,1642,4,23,88,115,1.2695652173913043,0.048346794407005136,673,"Cheese 3 times a day, that should solve your problem."
3805,1642,5,21,89,115,1.2695652173913043,0.049899577460434906,673,"Yes, it will change your appearance but you'll be able to earn a whole lot of medical degrees in no time at all."
3825,1642,4,23,88,115,1.2695652173913043,0.048346794407005136,673,"Here's  my card, call me if you need any more help in this rat race"
4398,1642,2,27,86,115,1.2695652173913043,0.04508105951327878,673,"It’s for the sake of science, so it’s totally worth it."
3968,1642,6,19,90,115,1.2695652173913043,0.051405477646128954,673,I'm almost certain it won't have the same effect on you.
3556,1642,5,21,89,115,1.2695652173913043,0.049899577460434906,673,"Trust me, I used to be like you"
1624,1642,4,23,88,115,1.2695652173913043,0.048346794407005136,673,"You have to be very careful. These pills have severe side effects. They can make you feel very good, but don’t, take more than prescribed. 
Trust me. I know."
2477,1642,6,19,90,115,1.2695652173913043,0.051405477646128954,673,A lot of patients have been helped by this. It’s called Jarlsberg.
1535,1642,5,21,89,115,1.2695652173913043,0.049899577460434906,673,You can fill this prescription at your local pet store.
87,1642,4,23,88,115,1.2695652173913043,0.048346794407005136,673,Here. It's a cheese scented Medicare card. All of my patients love it.
167,1642,4,23,88,115,1.2695652173913043,0.048346794407005136,673,Here's your prescription for humanitis.
209,1642,3,25,87,115,1.2695652173913043,0.04674245637679414,673,"Take cheese and call me tomorrow."""
246,1642,4,23,88,115,1.2695652173913043,0.048346794407005136,673,This should stop the hallucinations.
278,1642,4,23,88,115,1.2695652173913043,0.048346794407005136,673,This prescription was a big hit back in my lab days.
339,1642,4,23,88,115,1.2695652173913043,0.048346794407005136,673,"Yes, side affects can include hallucinations, why do you ask?"
352,1642,4,23,88,115,1.2695652173913043,0.048346794407005136,673,"Listen, Frank, I know it's not ""evidence based,"" but I can't tell you how many of  my patients have felt better after eating garbage!"
433,1642,4,23,88,115,1.2695652173913043,0.048346794407005136,673,"Now when you get these glasses, make sure to ask for the extra long  frames"
669,1642,4,23,88,115,1.2695652173913043,0.048346794407005136,673,You think it’s easy being me!
790,1642,5,21,89,115,1.2695652173913043,0.049899577460434906,673,So you think you're the Pied Piper; and you see what when you look at me?
967,1642,1,29,85,115,1.2695652173913043,0.04335604485585676,673,Did I mention your medications hallucinogenic side effects?
1585,1642,7,17,91,115,1.2695652173913043,0.05286850133419126,673,"This is guaranteed to cure your pop-eyes,  but remember the side effect is it gives you nose hairs."
1219,1642,6,19,90,115,1.2695652173913043,0.051405477646128954,673,It's for motion sickness. You'll want to leave the ship only if it's starting to sink.
1296,1642,3,25,87,115,1.2695652173913043,0.04674245637679414,673,"Trust me, it's safe — I tested it on myself."
1472,1642,5,21,89,115,1.2695652173913043,0.049899577460434906,673,I'm worried about the weight gain. Do you have a maze membership?
1593,1677,7,15,86,108,1.2685185185185186,0.0552010728394295,673,"So, I recommend this for your symptoms but heck, it's just rat poison."
4497,1678,4,22,86,112,1.2678571428571428,0.04909434430153335,673,"Here you go Mr. Spiegelman. If you continue to experience any more hallucinations take deep breaths and try to relax. If they persist call the office, and contact your congressman. This shouldn't last 4 more years."
404,1678,7,16,89,112,1.2678571428571428,0.05378550106695096,673,"Yes, I always wear a tie?"
4246,1680,4,23,89,116,1.2672413793103448,0.04798450309042525,673,"Limburger cheese, with meals, three times a day.  Don't eat it. Sit it on your window sill."
4412,1680,6,19,91,116,1.2672413793103448,0.05101335719002964,673,This prescription will take care of everything that ails you...except overgrown nose hairs.
2673,1680,6,19,91,116,1.2672413793103448,0.05101335719002964,673,Just nibble each pill three times a day.
2730,1680,3,25,88,116,1.2672413793103448,0.04639598581077646,673,This is a prescription for rat poison. Just kidding. It is for your musophobia.
2738,1680,2,27,87,116,1.2672413793103448,0.04475111687849267,673,Cat phobias are very real. Try this.
2777,1680,6,19,91,116,1.2672413793103448,0.05101335719002964,673,These got me through the plague. I’m sure they can handle E.D.
2861,1680,4,23,89,116,1.2672413793103448,0.04798450309042525,673,Don’t worry.  I have a degree from Johns Hopkins.
2985,1680,7,17,92,116,1.2672413793103448,0.052462249754264334,673,Oy vey
3144,1680,5,21,90,116,1.2672413793103448,0.04952209178050024,673,Good luck navigating the insurance industry maze for this prescription.
3410,1680,5,21,90,116,1.2672413793103448,0.04952209178050024,673,"It’s a loyalty card, for not ratting me out."
3617,1680,5,21,90,116,1.2672413793103448,0.04952209178050024,673,One man's poison is another man's blood thinner
3861,1680,7,17,92,116,1.2672413793103448,0.052462249754264334,673,Trust me.  Pharmaceutical reps have stopped offering me wilderness trips.
3973,1680,6,19,91,116,1.2672413793103448,0.05101335719002964,673,"I'm prescribing a taste of your own medicine, otherwise kown as rat poison."
3990,1680,8,15,93,116,1.2672413793103448,0.053872188434850754,673,"Of all the drugs they tested on me, I found this one gave me the least tumors."
3996,1680,5,21,90,116,1.2672413793103448,0.04952209178050024,673,"And remember—even if you win the human race, you’re still a human."
4058,1680,3,25,88,116,1.2672413793103448,0.04639598581077646,673,One small side effect is the need to burrow.
2502,1680,5,21,90,116,1.2672413793103448,0.04952209178050024,673,"Thank you for your application to the Diversity Board, but we already have a human. Might I suggest the dog park? Here's the chihuahua's contact info."
2454,1680,5,21,90,116,1.2672413793103448,0.04952209178050024,673,And here’s one ‘Get-Out-Of-Maze-Free’ card to help those nightmares!
2656,1680,7,17,92,116,1.2672413793103448,0.052462249754264334,673,Trust me.  They give me this stuff every day and it hasn't killed me yet.
2179,1680,3,25,88,116,1.2672413793103448,0.04639598581077646,673,I can’t tell you if this is for cocaine or the sugar water.
2217,1680,6,19,91,116,1.2672413793103448,0.05101335719002964,673,I can assure you that a degree from Halfratman University is just as valid as any Ivy League school.
4281,1680,5,21,90,116,1.2672413793103448,0.04952209178050024,673,"It's not uncommon to see rats everywhere, especially in the city. But this should help."
63,1680,4,23,89,116,1.2672413793103448,0.04798450309042525,673,I didn't fell like shaving this morning.
321,1680,6,19,91,116,1.2672413793103448,0.05101335719002964,673,"Here's a prescription of anticoagulant humanicides, you only need to take one."
547,1680,5,21,90,116,1.2672413793103448,0.04952209178050024,673,"Look, it helped me develop swarthy good looks, it can work for you too."
682,1680,4,23,89,116,1.2672413793103448,0.04798450309042525,673,Take two of these and an electric shock every morning.
758,1680,3,25,88,116,1.2672413793103448,0.04639598581077646,673,"Yes there are lots of mazes to solve and hoops to jump through for Med school, luckily I came well prepared."
1059,1680,6,19,91,116,1.2672413793103448,0.05101335719002964,673,"Don’t worry, it’s been proven to work in doctors."
572,1680,4,23,89,116,1.2672413793103448,0.04798450309042525,673,"Trust me, the warfarin will keep you alive."
1666,1680,5,21,90,116,1.2672413793103448,0.04952209178050024,673,Take two tablets daily till I start looking human.
1671,1680,7,17,92,116,1.2672413793103448,0.052462249754264334,673,Take two Babybel's and call me in the morning.
1753,1680,5,21,90,116,1.2672413793103448,0.04952209178050024,673,Now I'm going to ask you a series of questions about cheese...
2160,1680,6,19,91,116,1.2672413793103448,0.05101335719002964,673,Take two poison pellets and call me in the morning.
1887,1680,6,19,91,116,1.2672413793103448,0.05101335719002964,673,It's a prescription for bug eye.
2092,1680,6,19,91,116,1.2672413793103448,0.05101335719002964,673,"You are suffering from delusions.  I’m a meta physician, so all i can give you is a meta prescription"
2133,1680,9,13,94,116,1.2672413793103448,0.055246155741746655,673,"Grandmother, what a big prescription pad you have. 

Yes dear, the better to addict you."
2136,1680,7,17,92,116,1.2672413793103448,0.052462249754264334,673,"No, there is not an anal option."
1467,1680,4,23,89,116,1.2672413793103448,0.04798450309042525,673,"You're going to be just fine, Mr. Piper.  Have this filled at the dumpster in the alley to your left."
760,1718,5,19,85,109,1.2660550458715596,0.05155120411209087,673,"We don't accept your insurance, but we will accept some cheese."
4344,1719,8,14,91,113,1.2654867256637168,0.05482084820072508,673,Here’s the number to my personal dermatologist.
2884,1719,6,18,89,113,1.2654867256637168,0.05185816976771166,673,"Here’s your prescription, Mr. Sackler."
3803,1719,4,22,87,113,1.2654867256637168,0.048715645801597096,673,"It's totally safe.  In fact, my 413 cousins were personally involved in the clinical trials...."
3222,1719,3,24,86,113,1.2654867256637168,0.04706576604042045,673,"Of course,​ I'm a qualified psychologist, I've worked in psych labs all my life."
3079,1719,6,18,89,113,1.2654867256637168,0.05185816976771166,673,In med school they said funny masks would help patients relax.
3050,1719,8,14,91,113,1.2654867256637168,0.05482084820072508,673,Trust me!  The benefits outweigh the risks.
4345,1719,7,16,90,113,1.2654867256637168,0.053360074817712475,673,Tell the New Yorker editors that the caption contest finalists are not available on the iPad app.
2664,1719,6,18,89,113,1.2654867256637168,0.05185816976771166,673,"Take one of these a day, but keep them away from your cat."
714,1719,4,22,87,113,1.2654867256637168,0.048715645801597096,673,Don't human me out.
2204,1719,4,22,87,113,1.2654867256637168,0.048715645801597096,673,Take these and you too can be an anthropomorphic animal doctor.
2104,1719,5,20,88,113,1.2654867256637168,0.050311449579213414,673,Trust me on this--I test everything I prescribe.
1598,1719,7,16,90,113,1.2654867256637168,0.053360074817712475,673,This note is for your ophthalmologist to prescribe new glasses for you.
1498,1719,6,18,89,113,1.2654867256637168,0.05185816976771166,673,This prescription should work for you. We use it all the time.
1434,1719,6,18,89,113,1.2654867256637168,0.05185816976771166,673,But it hasn't been tested yet on humans.
801,1719,3,24,86,113,1.2654867256637168,0.04706576604042045,673,"I caused the plague, I never said I could cure it."
619,1719,4,22,87,113,1.2654867256637168,0.048715645801597096,673,These cheese packets should do the trick.
173,1719,3,24,86,113,1.2654867256637168,0.04706576604042045,673,"Yes, I'm a Bandicoot, not a rat. Did my Australian accent gave it away?"
2249,1719,5,20,88,113,1.2654867256637168,0.050311449579213414,673,No. No side effects. Why do you ask?
424,1737,6,19,92,117,1.264957264957265,0.05062701807537747,673,"Sorry for biting you, here is your prescription for your rabies shots."
1172,1738,3,23,84,110,1.2636363636363637,0.04776449162396197,673,"Hey, we're all test rats."
4099,1739,6,18,90,114,1.263157894736842,0.051453989677285435,673,It's a clear case of Rodentia.
4505,1739,2,26,86,114,1.263157894736842,0.04501656887425199,673,Of course these work. Mickey takes 2 a day and look how young he looks.
4117,1739,3,24,87,114,1.263157894736842,0.04670917327822506,673,I'm not a quack. I'm a squeak.
3684,1739,4,22,88,114,1.263157894736842,0.04834255127173404,673,"Trust me, I'm an expert on diseases."
283,1739,5,20,89,114,1.263157894736842,0.04992251654900036,673,We cause preexisting conditions.
2873,1739,4,22,88,114,1.263157894736842,0.04834255127173404,673,HaVe yOU evEr EAteN raT mEaT?
1884,1739,7,16,91,114,1.263157894736842,0.0529411791409596,673,And don't even try to weasel out of taking these.
1620,1739,5,20,89,114,1.263157894736842,0.04992251654900036,673,I take them myself and haven't noticed any side effects
100,1739,4,22,88,114,1.263157894736842,0.04834255127173404,673,"Yes, “Flowers for Algernon” was based on my life, and no, I didn’t see a penny. Where’s a good lawyer when you need one?"
3299,1739,4,22,88,114,1.263157894736842,0.04834255127173404,673,"Pick a card, any card, and we'll find out what's wrong with you."""
2804,1749,4,20,83,107,1.2616822429906542,0.05027950197834867,673,"I'm going to give you this prescription, it did wonders for my sinuses."
2931,1750,7,15,89,111,1.2612612612612613,0.05386261486002753,673,"I know it's not traditional medicine, but think you could benefit from a visit to the catnip dispensary."
2896,1750,7,15,89,111,1.2612612612612613,0.05386261486002753,673,Careful with this blood thinner. My mother died from it.
2894,1750,4,21,86,111,1.2612612612612613,0.04908951810885056,673,You need to join the Teamsters.
2766,1750,10,9,92,111,1.2612612612612613,0.058245873424304914,673,... And which physician referred you to the Baltimore Neurosurgical Center?
2742,1750,4,21,86,111,1.2612612612612613,0.04908951810885056,673,Your cholesterol is too high. Lay off the cheese.
2712,1750,6,17,88,111,1.2612612612612613,0.05231998772705795,673,Don’t worry. It’s proven effective when tested on lawyers.
2701,1750,5,19,87,111,1.2612612612612613,0.05073047360275016,673,"You can stop the experiment any time you want, just by inserting this in the right slot. But we dissect you in any case."
2670,1750,3,23,85,111,1.2612612612612613,0.04739177802487477,673,"Trust me, Wolf these down and you’ll relax."
2586,1750,4,21,86,111,1.2612612612612613,0.04908951810885056,673,"Trust me, you can take blood thinners even if they were first developed as rat poison."
2619,1750,3,23,85,111,1.2612612612612613,0.04739177802487477,673,"No, I’ve never seen “Doctor Strange.” Why do you ask?"
2493,1750,6,17,88,111,1.2612612612612613,0.05231998772705795,673,I prescribed a week's rest at the Wolf Head Inn.  This will cover your first 2 nights.
2420,1750,2,25,84,111,1.2612612612612613,0.0456309156226219,673,Whaddya mean ‘I smell a rat.’?
2414,1750,4,21,86,111,1.2612612612612613,0.04908951810885056,673,"Trust me, I'm a doctor."
2376,1750,4,21,86,111,1.2612612612612613,0.04908951810885056,673,"So, ""Mr. Orkin Man,"" the tables have finally turned. No pain pills for you!"
2349,1750,5,19,87,111,1.2612612612612613,0.05073047360275016,673,"This isn't an actual prescription, just some made up words I wrote down to make you feel better about yourself."
2342,1750,7,15,89,111,1.2612612612612613,0.05386261486002753,673,You can get this filled in the dairy aisle
2201,1750,5,19,87,111,1.2612612612612613,0.05073047360275016,673,...And be sure to take it with cheese.
2188,1750,4,21,86,111,1.2612612612612613,0.04908951810885056,673,Hmmm... I see you may have killed my brother!!!
2655,1750,3,23,85,111,1.2612612612612613,0.04739177802487477,673,Here's the name of a specialist I know in Baltimore.
3214,1750,6,17,88,111,1.2612612612612613,0.05231998772705795,673,"Sorry, I don’t accept Humama insurance"
3415,1750,5,19,87,111,1.2612612612612613,0.05073047360275016,673,"This is the last prescription I'm going to write for you, Peter. We saw Patricia's ""faux-fur"" coat when she dropped you off."
3276,1750,4,21,86,111,1.2612612612612613,0.04908951810885056,673,I was a lowly lab rat before I took the red pill.
4457,1750,6,17,88,111,1.2612612612612613,0.05231998772705795,673,"Take 2 pills a day for the hallucinations, but call us next week if you still think talking Apes are the dominant species."
4456,1750,5,19,87,111,1.2612612612612613,0.05073047360275016,673,"Trust me, it's cheaper than surgery, and makes picnics far more enjoyable."
4454,1750,3,23,85,111,1.2612612612612613,0.04739177802487477,673,Here's a little something to help with that infested feeling.
4391,1750,3,23,85,111,1.2612612612612613,0.04739177802487477,673,"I used to suffer a lot of anxiety, but this got me out of the maze."
4162,1750,3,23,85,111,1.2612612612612613,0.04739177802487477,673,"Just because i was caught on You Tube eating a slice of pizza in the subway, still doesn't mean that i'm not a damn good doctor!"
4154,1750,3,23,85,111,1.2612612612612613,0.04739177802487477,673,Bill - cholesterol reduction is important but you're clearly missing my point about personal grooming . . .
4147,1750,3,23,85,111,1.2612612612612613,0.04739177802487477,673,Once my four turtle sons grew up I went to medical school.
4124,1750,5,19,87,111,1.2612612612612613,0.05073047360275016,673,These few weeks of observation will go by quickly. Then I can prescribe it to mice.
4041,1750,2,25,84,111,1.2612612612612613,0.0456309156226219,673,"Based on my personal experience, these pills are safe and effective."
3273,1750,5,19,87,111,1.2612612612612613,0.05073047360275016,673,To eradicate the problem take the whole bottle and have a relative call me in the morning.
4037,1750,3,23,85,111,1.2612612612612613,0.04739177802487477,673,Eat this and call me in the morning.
3761,1750,4,21,86,111,1.2612612612612613,0.04908951810885056,673,"Don't worry, we've tested it on humans."
3700,1750,5,19,87,111,1.2612612612612613,0.05073047360275016,673,"He also is a vet, but he accepts Medicare."
3631,1750,5,19,87,111,1.2612612612612613,0.05073047360275016,673,"For the last time, I promise I wasn't the one who gave you rabies."
3566,1750,5,19,87,111,1.2612612612612613,0.05073047360275016,673,"Try 'em.  You won't look like a show dog, but you should feel better."
3522,1750,7,15,89,111,1.2612612612612613,0.05386261486002753,673,"Now that you have taken the medication, what do you see now?"
3512,1750,6,17,88,111,1.2612612612612613,0.05231998772705795,673,"Sir, this is your prescription for bulging eyes."
3509,1750,6,17,88,111,1.2612612612612613,0.05231998772705795,673,"""It's just a bad hair day."""
3424,1750,4,21,86,111,1.2612612612612613,0.04908951810885056,673,"Don't worry, this drug only rewires your brain so you think rats are good."
2172,1750,4,21,86,111,1.2612612612612613,0.04908951810885056,673,"These meds can be a little rough on your stomach, I recommend taking them with garbage."
3770,1750,3,23,85,111,1.2612612612612613,0.04739177802487477,673,I'm a fox. You can trust me.
2124,1750,4,21,86,111,1.2612612612612613,0.04908951810885056,673,"I know, but I'm the best doctor you're gonna find here in Baltimore."
3123,1750,4,21,86,111,1.2612612612612613,0.04908951810885056,673,"Look, if it can happen to me, it can happen to you."
2056,1750,6,17,88,111,1.2612612612612613,0.05231998772705795,673,"Thanks for coming to our Baltimore Clinic 
The President is woefully misinformed."
1217,1750,5,19,87,111,1.2612612612612613,0.05073047360275016,673,"Normally, I would prescribe the generic, but in this case, you're going to want to go with the name brand stuff."
1213,1750,3,23,85,111,1.2612612612612613,0.04739177802487477,673,It's perfectly safe. I've been taking it for years.
1025,1750,4,21,86,111,1.2612612612612613,0.04908951810885056,673,"When you get to the lab, ask for “Algernon”."
1022,1750,7,15,89,111,1.2612612612612613,0.05386261486002753,673,"30,000 ants q.d."
909,1750,4,21,86,111,1.2612612612612613,0.04908951810885056,673,You should've gotten a letter from your HMO - we've just added a pharmaceutical weasel tax to your copay.
854,1750,6,17,88,111,1.2612612612612613,0.05231998772705795,673,You look like you’ve never watched Arthur
845,1750,6,17,88,111,1.2612612612612613,0.05231998772705795,673,Try to grab this before I jerk it away.
808,1750,4,21,86,111,1.2612612612612613,0.04908951810885056,673,"Sorry I am being paged,one of the patients needs more cheese."
771,1750,5,19,87,111,1.2612612612612613,0.05073047360275016,673,Trust ME!  This is not the time to jump ship!
766,1750,4,21,86,111,1.2612612612612613,0.04908951810885056,673,"Your copay is $280 in canine collars, sir."
718,1750,4,21,86,111,1.2612612612612613,0.04908951810885056,673,"From one rat to another rat, take one."
627,1750,4,21,86,111,1.2612612612612613,0.04908951810885056,673,"I gather that you didn't know ""Flowers for Algernon"" had an alternate ending."
578,1750,2,25,84,111,1.2612612612612613,0.0456309156226219,673,At least you had the option to volunteer for our lab experiments.
449,1750,4,21,86,111,1.2612612612612613,0.04908951810885056,673,"I'm not saying plastic surgery doesn't work, just that there are no guarantees."
382,1750,2,25,84,111,1.2612612612612613,0.0456309156226219,673,"If these don't work, I'll send you to Dr. Zebra for more tests."
359,1750,6,17,88,111,1.2612612612612613,0.05231998772705795,673,Here... this should take the edge off the rat race existence you’ve been experiencing
95,1750,4,21,86,111,1.2612612612612613,0.04908951810885056,673,Here's my reference. I was a lab rat - now I'm a genius.
2074,1750,3,23,85,111,1.2612612612612613,0.04739177802487477,673,"Here, this is for your hallucinations."
58,1750,4,21,86,111,1.2612612612612613,0.04908951810885056,673,"No problem. We have been seeing this a lot with people who have been spending too much time in Canada, Colorado or Washington State."
1270,1750,5,19,87,111,1.2612612612612613,0.05073047360275016,673,"My kind know how to avoid traps, especially ones set by Medicare."""
1272,1750,4,21,86,111,1.2612612612612613,0.04908951810885056,673,You can take this but it won’t help you with your lack of insight.
785,1750,3,23,85,111,1.2612612612612613,0.04739177802487477,673,Trust me. I wouldn't prescribe anything that wasn't already tested on me.
2001,1750,5,19,87,111,1.2612612612612613,0.05073047360275016,673,"We’re called “The AristocRATS”. We play every Friday at 8pm, you should stop by!"
2005,1750,3,23,85,111,1.2612612612612613,0.04739177802487477,673,This will have you normal looking in a day or so.
1365,1750,5,19,87,111,1.2612612612612613,0.05073047360275016,673,You are lucky I was there to give you a mouse-to-mouth resuscitation
1983,1750,3,23,85,111,1.2612612612612613,0.04739177802487477,673,"Take this referral to physical therapy, it's just at the other end of the maze."
1950,1750,4,21,86,111,1.2612612612612613,0.04908951810885056,673,Not all of us are veterinarians.
1931,1750,4,21,86,111,1.2612612612612613,0.04908951810885056,673,"Gary, you've gotta quit going for those cheese platters."
1914,1750,5,19,87,111,1.2612612612612613,0.05073047360275016,673,"Rub this on your penis and it will increase your sperm count. Also, I ate your wife's eggs."
1893,1750,5,19,87,111,1.2612612612612613,0.05073047360275016,673,I told you I’m not interested in the nose Rogaine prescription.
1874,1750,8,13,90,111,1.2612612612612613,0.05536227455009252,673,I've tested this one myself.
1851,1750,4,21,86,111,1.2612612612612613,0.04908951810885056,673,I can personally vouch for its effectiveness.
1908,1750,4,21,86,111,1.2612612612612613,0.04908951810885056,673,"It’s warfarin to you, not rat poison"
1814,1750,3,23,85,111,1.2612612612612613,0.04739177802487477,673,"""The mozzarella didn't seem to work, so I'm changing your prescription to cheddar"""
1765,1750,6,17,88,111,1.2612612612612613,0.05231998772705795,673,This will take care of the huffing and puffing.
1734,1750,3,23,85,111,1.2612612612612613,0.04739177802487477,673,I recommend these because I participated in the clinical trials.
1632,1750,3,23,85,111,1.2612612612612613,0.04739177802487477,673,These are truly amazing. Look what they did for me.
1561,1750,4,21,86,111,1.2612612612612613,0.04908951810885056,673,Chase rabbits. You get a good run and a healthy diet at the end.
2044,1750,5,19,87,111,1.2612612612612613,0.05073047360275016,673,Don't worry - they were tested on humans.
1444,1750,4,21,86,111,1.2612612612612613,0.04908951810885056,673,"This is a Prescription which should help take care of 
the illusions you seem to be suffering from."
1442,1750,5,19,87,111,1.2612612612612613,0.05073047360275016,673,"1500mg warfarin, twice a day with water. You won't need to see me again."
416,1837,2,24,82,108,1.2592592592592593,0.046270328473576636,673,"If they try to give you white, insist on yellow."
4437,1838,3,23,86,112,1.2589285714285714,0.047024624074531236,673,Here’s your script for your hallucinations. Take three per day with cheese
3146,1839,4,20,85,109,1.2568807339449541,0.049468238770849854,673,It's for cheese. It always makes me feel better.
3033,1839,4,20,85,109,1.2568807339449541,0.049468238770849854,673,Take two pellets - I mean pills - and call me in the morning.
2976,1839,4,20,85,109,1.2568807339449541,0.049468238770849854,673,I can vouch for this drug -- it got me through the maze in no time.
2932,1839,4,20,85,109,1.2568807339449541,0.049468238770849854,673,"When you take these pellets, you may become thirsty and very tired."
2407,1839,5,18,86,109,1.2568807339449541,0.05115663507696066,673,Take three times a day with pizza.
2864,1839,4,20,85,109,1.2568807339449541,0.049468238770849854,673,Its very effective - I just tested this new drug on myself this morning.
3234,1839,3,22,84,109,1.2568807339449541,0.047720142306811104,673,"As you can see, it did wonders for me."
2850,1839,3,22,84,109,1.2568807339449541,0.047720142306811104,673,"Sorry, all human specialists are out of network. Here is a referral to a great veterinary neurologist."
2794,1839,4,20,85,109,1.2568807339449541,0.049468238770849854,673,Take this blood thinner and see me again in 2 weeks.
3280,1839,4,20,85,109,1.2568807339449541,0.049468238770849854,673,Take two every full moon.
4280,1839,6,16,87,109,1.2568807339449541,0.05279105963801855,673,Take two slices of Emmenthaler or generic Swiss on an empty stomach and call me in the morning.
3330,1839,4,20,85,109,1.2568807339449541,0.049468238770849854,673,"Side effects of the drug are minimal, believe me, I’ve used it several times."
3500,1839,4,20,85,109,1.2568807339449541,0.049468238770849854,673,Take two every morning with a soft cheese.
3603,1839,3,22,84,109,1.2568807339449541,0.047720142306811104,673,"It’s a sketchy med, but don’t rat me out."
3723,1839,4,20,85,109,1.2568807339449541,0.049468238770849854,673,"Maze run, twice a day, see me in a week."
3790,1839,4,20,85,109,1.2568807339449541,0.049468238770849854,673,Wrap the tablet in some chicken or peanut butter and you’ll find it easier to swallow.
3804,1839,4,20,85,109,1.2568807339449541,0.049468238770849854,673,"Here!  Next time you cry Wolf, don't call me!"
4036,1839,3,22,84,109,1.2568807339449541,0.047720142306811104,673,"No side effects! Trust me. I didn't choose the lab life, the lab life chose me."
2386,1839,4,20,85,109,1.2568807339449541,0.049468238770849854,673,I tested this medicine and it didn't kill me.
4307,1839,4,20,85,109,1.2568807339449541,0.049468238770849854,673,"I've taken this myself for years...
This will bring out your inner self..."
4163,1839,5,18,86,109,1.2568807339449541,0.05115663507696066,673,"Yes, 
I may be an intern but I've done rotations in toxicology at the poison control center."
3285,1839,6,16,87,109,1.2568807339449541,0.05279105963801855,673,Take two of these and call an exterminator.
2337,1839,6,16,87,109,1.2568807339449541,0.05279105963801855,673,Give this slip at the counter of the Human Trials room.
175,1839,2,24,83,109,1.2568807339449541,0.045905525990612435,673,"You need penicillin. Go down the hall, take a left, a right, then a left, then a ... aw, just follow the smell of roquefort."
2129,1839,5,18,86,109,1.2568807339449541,0.05115663507696066,673,Side effects? None at all; I even take these myself!
291,1839,2,24,83,109,1.2568807339449541,0.045905525990612435,673,"This experimental drug worked wonders on my prostate."""
307,1839,4,20,85,109,1.2568807339449541,0.049468238770849854,673,It isn't always a scrip for cheese.
340,1839,5,18,86,109,1.2568807339449541,0.05115663507696066,673,Don't worry. They tested it on my uncle.
348,1839,5,18,86,109,1.2568807339449541,0.05115663507696066,673,"These, with a tumbler of good scotch, should stop the hallucinations."
539,1839,2,24,83,109,1.2568807339449541,0.045905525990612435,673,"Try it! My research indicated it
is the most effective Recessed Mouth antidote on the market."
2322,1839,3,22,84,109,1.2568807339449541,0.047720142306811104,673,This is what you get for testing this on me
882,1839,3,22,84,109,1.2568807339449541,0.047720142306811104,673,"Yeah, I'm that 10th doctor, and I recommend  a pack a day."
976,1839,3,22,84,109,1.2568807339449541,0.047720142306811104,673,One should do it.
988,1839,3,22,84,109,1.2568807339449541,0.047720142306811104,673,This will ring when it's your turn in the maze.
782,1839,5,18,86,109,1.2568807339449541,0.05115663507696066,673,"Perhaps you'd feel more comfortable talking to one of my colleagues. Here are the numbers for Drs. Wolf, Dr. Fox and Dr. Bird"
1236,1839,5,18,86,109,1.2568807339449541,0.05115663507696066,673,"Relax, I've vetted this script."
1335,1839,8,12,89,109,1.2568807339449541,0.05591677126157992,673,"Take with a couple voles, and you'll be right as rain."
1360,1839,4,20,85,109,1.2568807339449541,0.049468238770849854,673,Take these with cheese.
1751,1839,2,24,83,109,1.2568807339449541,0.045905525990612435,673,This isn't meant to trap you.
1892,1839,3,22,84,109,1.2568807339449541,0.047720142306811104,673,"They're perfectly safe, I tried them myself."
1964,1839,4,20,85,109,1.2568807339449541,0.049468238770849854,673,We just call it poison.
1967,1839,6,16,87,109,1.2568807339449541,0.05279105963801855,673,"This should help with the huffing and puffing, but you're not gonna want to blow a house in for at least a week or two."
2043,1839,5,18,86,109,1.2568807339449541,0.05115663507696066,673,"Warfarin is good for you, in moderation."
1188,1839,4,20,85,109,1.2568807339449541,0.049468238770849854,673,Take it from an old  barn rat. It's healthy pharm to table.
4174,1883,3,21,82,106,1.2547169811320755,0.0484463389191188,673,"You qualify for our Summer Special.  When I remove your gallbladder at the regular price, you can have another organ removed free."
2699,1883,4,19,83,106,1.2547169811320755,0.05026671139017637,673,Here's your prescrip.....wait! Is that a mouse on my desk?
3366,1883,3,21,82,106,1.2547169811320755,0.0484463389191188,673,Take this referral and chew on it for a week.”
3232,1883,3,21,82,106,1.2547169811320755,0.0484463389191188,673,The position is in our Human Resources department.
1976,1883,2,23,81,106,1.2547169811320755,0.04655484115909928,673,What? Are you afraid it's poison?
3190,1883,3,21,82,106,1.2547169811320755,0.0484463389191188,673,My insurance does not cover rat poison without obtaining a prior authorization first.
2267,1883,4,19,83,106,1.2547169811320755,0.05026671139017637,673,During his company medical it dawns on a whistleblower that the boss might be on to him.
4287,1883,6,15,85,106,1.2547169811320755,0.05372272622101011,673,"Take this with mice or rabbit twice a day,and you'll be feeling clever again in no time."
684,1883,4,19,83,106,1.2547169811320755,0.05026671139017637,673,You seem skeptical. Why is that?
478,1883,3,21,82,106,1.2547169811320755,0.0484463389191188,673,Let's see if these don't help with the hallucinations.
1741,1883,3,21,82,106,1.2547169811320755,0.0484463389191188,673,Side effects include hallucinations and  bulging eyes.
3116,1894,3,22,85,110,1.2545454545454546,0.04734196507794969,673,Now that you're here we may as well get you tested for the Plague.
1992,1894,1,26,83,110,1.2545454545454546,0.0436766564042642,673,This should help-- I know the rat race is stressful.
4062,1894,2,24,84,110,1.2545454545454546,0.04554619617541053,673,... and it's non-habit forming.
959,1897,3,24,91,118,1.2542372881355932,0.04533334719873197,673,"Yes, I once infested Baltimore, like Trump now infests the White House."
2086,1898,5,16,82,103,1.2524271844660195,0.05293309499341509,673,"You'll get a discount in Baltimore, or so I hear."
4388,1899,5,17,85,107,1.2523364485981308,0.05158988393893246,673,"'Rejected'... does this resonate, Mr. Jones ?"
3977,1899,3,21,83,107,1.2523364485981308,0.048050438482101346,673,Supposed side effect of cheese cravings? That is based on faulty vegan-based research.
3430,1899,4,19,84,107,1.2523364485981308,0.049851583541321576,673,This is the same damn expired credit card that has been laying in my parking lot for the last two weeks.
3342,1899,5,17,85,107,1.2523364485981308,0.05158988393893246,673,Take these; they were clinically rested on rats.
2999,1899,3,21,83,107,1.2523364485981308,0.048050438482101346,673,"I'm telling you, everybody's going to avoid you like the plague if you get a reputation as a carrier."
3817,1899,4,19,84,107,1.2523364485981308,0.049851583541321576,673,Haven't you heard of lab rats?
2242,1899,7,13,87,107,1.2523364485981308,0.05490161756581346,673,"Yes, several of us got through Med school in Baltimore, why do you ask?"
1207,1899,3,21,83,107,1.2523364485981308,0.048050438482101346,673,"My colleague grew an ear on this one, but it might help your eczema."
863,1899,2,23,82,107,1.2523364485981308,0.04617909586671277,673,This should stop the hallucinations plaguing you.
564,1899,4,19,84,107,1.2523364485981308,0.049851583541321576,673,"I know I'm an animal doctor, but the pharmacy will fill this prescription."
2348,1899,5,17,85,107,1.2523364485981308,0.05158988393893246,673,"Oh my, and I thought the Presidents hands were small."
1210,1910,6,16,89,111,1.2522522522522523,0.05193782660713643,673,"Here, these should help deter the hallucinations."
2676,1911,2,22,80,104,1.25,0.04683803309583763,673,Check it.  It's a real doctor's license. I just didn't have this mustache when I took the picture.
2796,1911,4,18,82,104,1.25,0.050667685353280145,673,Some guy with a flute drove my family out of Ireland so we settled in Baltimore.
2898,1911,5,16,83,104,1.25,0.052477812801650835,673,We can have a co-worker show you around. It's a maze in here.
2955,1911,4,18,82,104,1.25,0.050667685353280145,673,"That’s fantastic DR. Fox to you, sir."
3238,1911,5,16,83,104,1.25,0.052477812801650835,673,"You may experience some severe nose-twitching and a strong desire for cheese, but your guilt will be completely eradicated."
3253,1911,2,22,80,104,1.25,0.04683803309583763,673,"It’s only a mild sedative which will help with the hallucinations. In the meantime, do you happen to have any cheese?"
3513,1911,4,18,82,104,1.25,0.050667685353280145,673,The only side effect is a craving for raw deer meat.
3462,1911,4,18,82,104,1.25,0.050667685353280145,673,One of these cards holds your diagnoses. Is it this one?
3575,1911,4,18,82,104,1.25,0.050667685353280145,673,"I simply ferret things out, here is your bill."
3577,1911,4,18,82,104,1.25,0.050667685353280145,673,I'm returning your stones...maybe you can have a bracelet made for  your wife!
3774,1911,3,20,81,104,1.25,0.04879044826267628,673,A prescription pad can’t give you plague.
4013,1911,5,16,83,104,1.25,0.052477812801650835,673,Warfarin - all my friends use it.
4528,1911,3,20,81,104,1.25,0.04879044826267628,673,My med school debt keeps me in the rat race.
2659,1911,2,22,80,104,1.25,0.04683803309583763,673,"Don’t worry, I’m 73% sure this is the right prescription."
3320,1911,3,20,81,104,1.25,0.04879044826267628,673,Here’s my card. There are only two plastic surgeons in this town. He is gorgeous. Call me when that sinks in.
2581,1911,4,19,85,108,1.25,0.04944307347557363,673,Let's role play for a moment here.
2787,1911,6,14,84,104,1.25,0.05422755142758354,673,And I can’t stress this enough. This is a MoviePass card. It literally does nothing.
2561,1911,5,16,83,104,1.25,0.052477812801650835,673,"Not the 23rd. There's a full moon that night, and I have to rest up for it."
2566,1911,3,20,81,104,1.25,0.04879044826267628,673,It's definitely the cat
259,1911,6,14,84,104,1.25,0.05422755142758354,673,Take two nibbles and call me in the morning.
582,1911,5,16,83,104,1.25,0.052477812801650835,673,I suggest you take this prescription after dark and sleep all-day.
646,1911,4,18,82,104,1.25,0.050667685353280145,673,"This is for the mammoths.

Gee, and I thought it was just eczema."
749,1911,4,18,82,104,1.25,0.050667685353280145,673,"I know your head looks horrible now, but this medication should have it back looking like normal in no time."
755,1911,1,24,79,104,1.25,0.04480061212640595,673,You'll find the maze is much easier to cope with.
762,1911,3,20,81,104,1.25,0.04879044826267628,673,This prescription should help with those hallucinations.
373,1911,4,18,82,104,1.25,0.050667685353280145,673,And with this ticket you'll be entitled to free meds in my testing lab.
1137,1911,5,16,83,104,1.25,0.052477812801650835,673,Trust me. She's the best cosmetic surgeon I know.
1256,1911,3,21,84,108,1.25,0.04766075165356461,673,Wolf it down twice per day.
1700,1911,7,12,85,104,1.25,0.05592256996255918,673,Hey! ...  Hey! My eyes are up here.
1702,1911,3,20,81,104,1.25,0.04879044826267628,673,"Your fine Mr. McDoogle, but you need this prescription to enhance your nose hair."
1827,1911,4,18,82,104,1.25,0.050667685353280145,673,Sorry human doctors aren't within your insurance network
2289,1911,4,18,82,104,1.25,0.050667685353280145,673,...but I'm also a client.
893,1911,3,20,81,104,1.25,0.04879044826267628,673,I voted for Trump...now I see rat infestations everywhere...!
2345,1911,6,15,87,108,1.25,0.05282762580097078,673,Call any time for a rat's ass probe.
624,1945,3,21,85,109,1.2477064220183487,0.04727714016434345,673,"It's for Warfarin, a blood thinner also used as rat poison. Here's a taste of your own medicine."
2982,1946,7,12,86,105,1.2476190476190476,0.05543856511496245,673,"We accept Blue Cross, Blue Shield, or cheese."
2961,1946,4,18,83,105,1.2476190476190476,0.050239267038397185,673,Congratulations! You've outfoxed the fox.
2915,1946,6,14,85,105,1.2476190476190476,0.053761364555373295,673,"Take one every morning. I've been on it for years. It has some minor side effects, but my appetite picked right up."
2847,1946,3,20,82,105,1.2476190476190476,0.048382163752825266,673,Studies with lab rodents have shown this medication to be highly effective.
2827,1946,6,14,85,105,1.2476190476190476,0.053761364555373295,673,"On the other hand, if you like the hallucinations, you don't have to take them."
2631,1946,5,16,84,105,1.2476190476190476,0.05203012719286361,673,Relax! You don't have the plague. I do!
2669,1946,6,14,85,105,1.2476190476190476,0.053761364555373295,673,Now next time call me if you keep seeing cheese.
2612,1946,3,20,82,105,1.2476190476190476,0.048382163752825266,673,And who's guarding the hen house?
2491,1946,2,22,81,105,1.2476190476190476,0.04645087282554565,673,I recommend a high cheese diet.
3020,1946,6,14,85,105,1.2476190476190476,0.053761364555373295,673,I may need to refer you to a specialist outside of Baltimore.
2778,1946,5,16,84,105,1.2476190476190476,0.05203012719286361,673,C'mon give it a try.  Look what it did for me!
3218,1946,4,18,83,105,1.2476190476190476,0.050239267038397185,673,It's a contemporary take on a plague mask.
3894,1946,4,18,83,105,1.2476190476190476,0.050239267038397185,673,"""Once more. If you want to see a doctor that's a dog, see me. 
But if your dog needs a doctor, see a vet! Got it?"""
3459,1946,3,20,82,105,1.2476190476190476,0.048382163752825266,673,This will calm your nerves. It's not unusual to see rats in New York.
3476,1946,3,20,82,105,1.2476190476190476,0.048382163752825266,673,I need to warn you that this has only been tested on doctors.
3506,1946,4,18,83,105,1.2476190476190476,0.050239267038397185,673,"I've mastered going to the pharmacy. Out of my office take a left, left, right, right, right, left, left, and a right."
3536,1946,5,16,84,105,1.2476190476190476,0.05203012719286361,673,I'm upgrading your prescription to brie.
3584,1946,5,16,84,105,1.2476190476190476,0.05203012719286361,673,"Yes, there is lactose-free gouda."
3629,1946,5,16,84,105,1.2476190476190476,0.05203012719286361,673,"Here’s your ticket to the rat race, pal."
3776,1946,7,12,86,105,1.2476190476190476,0.05543856511496245,673,Please don’t confuse your Google search with my maze running degree.
4311,1946,5,16,84,105,1.2476190476190476,0.05203012719286361,673,This will prevent the hallucinations from recurring.
4330,1946,5,16,84,105,1.2476190476190476,0.05203012719286361,673,Here's Dr. Rat Cliff's prescription to help deal with your hallucinations.
4338,1946,4,18,83,105,1.2476190476190476,0.050239267038397185,673,Thank you for participating in the “ human lab testing” for our new drug. I would now recommend getting a vasectomy”
4484,1946,3,20,82,105,1.2476190476190476,0.048382163752825266,673,Here take these pills and come back when you're vision is cleared up..
3300,1946,3,20,82,105,1.2476190476190476,0.048382163752825266,673,The research shows it works on mice and humans.
2307,1946,4,18,83,105,1.2476190476190476,0.050239267038397185,673,"Trust me, I KNOW this drug is safe."
1504,1946,2,22,81,105,1.2476190476190476,0.04645087282554565,673,"This place can fill your prescription, but more importantly they have best cheese selection in the city."
2210,1946,4,18,83,105,1.2476190476190476,0.050239267038397185,673,I have to take this call; would you like some cheese?
2248,1946,5,16,84,105,1.2476190476190476,0.05203012719286361,673,I thought a doctor’s clothing would be better than the sheep’s. It won’t affect your deductible though
71,1946,4,18,83,105,1.2476190476190476,0.050239267038397185,673,Four out of five rats recommend this for their patients.
79,1946,3,20,82,105,1.2476190476190476,0.048382163752825266,673,Here's a script for warfarin. It does have side effects.
204,1946,5,16,84,105,1.2476190476190476,0.05203012719286361,673,"Take two of these AFTER a meal. I didn't, and well, I'm sure I don't have to tell you what happened next."
244,1946,5,16,84,105,1.2476190476190476,0.05203012719286361,673,"Don't look shocked. Corporate WealthCare ""infestation"" was here way before Trump got into the act."
247,1946,3,20,82,105,1.2476190476190476,0.048382163752825266,673,"Despite all you rage, I am doubling your Zoloft prescription."
362,1946,3,20,82,105,1.2476190476190476,0.048382163752825266,673,Take this every morning and I'm confident the hallucinations will stop.
450,1946,3,20,82,105,1.2476190476190476,0.048382163752825266,673,"Take one three times a day, with meals.  And cheese.  Lots and lots of rat trap cheese."
453,1946,2,22,81,105,1.2476190476190476,0.04645087282554565,673,Here is your prescription.  Which dumpster do you use?
850,1946,5,16,84,105,1.2476190476190476,0.05203012719286361,673,"It hasn't been tested on humans yet, but what the heck?"
862,1946,4,18,83,105,1.2476190476190476,0.050239267038397185,673,"Yes, there are a few side effects, but they go away quickly.......most of the time."
949,1946,4,18,83,105,1.2476190476190476,0.050239267038397185,673,This is a prescription  for the blue pill. Your last prescription for the red pill had some side effects.
214,1946,7,12,86,105,1.2476190476190476,0.05543856511496245,673,Take two and burrow underground.
1196,1946,3,20,82,105,1.2476190476190476,0.048382163752825266,673,"Don't worry, it's been thoroughly tested on humans."
2028,1946,3,20,82,105,1.2476190476190476,0.048382163752825266,673,The worst side effect is that you're likely to feel more predatory.
962,1946,5,16,84,105,1.2476190476190476,0.05203012719286361,673,"''You should wash them down with cheese,I recommend it.''"
1998,1946,6,14,85,105,1.2476190476190476,0.053761364555373295,673,"This is more of an old family remedy, but when my children aren't thriving, I eat them."
1865,1946,2,22,81,105,1.2476190476190476,0.04645087282554565,673,"Take this to the big cheese."""
1650,1946,3,20,82,105,1.2476190476190476,0.048382163752825266,673,Take two pills and call me Dr. Vermin.
1927,1946,4,18,83,105,1.2476190476190476,0.050239267038397185,673,This new drug I'm prescribing will overcome your unreasonable fear of rats.
1514,1946,2,22,81,105,1.2476190476190476,0.04645087282554565,673,Here's your prescription for sheeping pills.
1373,1946,4,18,83,105,1.2476190476190476,0.050239267038397185,673,Sheep's milk brie only. No generics.
1268,1946,4,18,83,105,1.2476190476190476,0.050239267038397185,673,Don't be afraid. I am really a sheep in wolf's clothing.
1641,1946,6,14,85,105,1.2476190476190476,0.053761364555373295,673,No wonder you're bug-eyed.
2754,1998,2,21,78,101,1.2475247524752475,0.04752475247524752,673,Just because I have sheepskins on my wall doesn't make me a wolf.
3250,1999,3,18,76,97,1.2474226804123711,0.05083268794669077,673,I personally participated in the tests on this.
2380,1999,3,18,76,97,1.2474226804123711,0.05083268794669077,673,"I started as a test subject and worked my way here. You can, too."
3244,2001,4,17,81,102,1.2450980392156863,0.051073269338898615,673,This should cure your Black Plague.  Trust me...
3100,2001,3,19,80,102,1.2450980392156863,0.04913595201274502,673,"Side effects may include drowsiness, dry mouth, hallucinations and musophobia."
3451,2001,4,17,81,102,1.2450980392156863,0.051073269338898615,673,Thank you for supporting the arts.
3237,2001,3,19,80,102,1.2450980392156863,0.04913595201274502,673,Wolfbane has worked for many of my patients
3151,2001,1,23,78,102,1.2450980392156863,0.045011861310869844,673,Best Price at Pets Are Us
3104,2001,4,17,81,102,1.2450980392156863,0.051073269338898615,673,Welcome aboard! This card is good for cheese in any of our excellent mazes.
3090,2001,6,13,83,102,1.2450980392156863,0.05474260646419278,673,"It’s still in the experimental phase, but results are promising."
2436,2001,3,19,80,102,1.2450980392156863,0.04913595201274502,673,Trust me.  I have spent my whole life in the lab.
2882,2001,3,19,80,102,1.2450980392156863,0.04913595201274502,673,"Have no fear. Everything I prescribe,  I test on myself first."
2812,2001,4,17,81,102,1.2450980392156863,0.051073269338898615,673,This is guaranteed to cure hallucinations.
2719,2001,5,15,82,102,1.2450980392156863,0.05293973839875468,673,"This stuff killed my folks in Baltimore, but it should fix you right up."
2550,2001,3,19,80,102,1.2450980392156863,0.04913595201274502,673,"Just so you know, this medicine may have some transformative side effects. I know this from experience."
3551,2001,2,21,79,102,1.2450980392156863,0.0471190483714801,673,It's been well tested by my family
2403,2001,4,17,81,102,1.2450980392156863,0.051073269338898615,673,"I write prescriptions in perfectly legible script to compensate for the negative stereotypes associated with rats in medicine. Asking me about the bubonic plague is insensitive, so take your Viagra and get out of here!"
3022,2001,5,15,82,102,1.2450980392156863,0.05293973839875468,673,Here's your script for Warfarin
3555,2001,2,21,79,102,1.2450980392156863,0.0471190483714801,673,"You don't have to be a rat to charge these prices, but it helps."
4112,2001,4,17,81,102,1.2450980392156863,0.051073269338898615,673,It's for bubonic plague.
3647,2001,4,17,81,102,1.2450980392156863,0.051073269338898615,673,You think you've got problems? Even I don't know whether I'm an aardvark or an anteater.
2371,2001,4,17,81,102,1.2450980392156863,0.051073269338898615,673,Don't be so dogmatic. I can fix bug eyes too.
4490,2001,4,17,81,102,1.2450980392156863,0.051073269338898615,673,"Here is a link to our survey, don't worry its anonymouse."
4183,2001,2,21,79,102,1.2450980392156863,0.0471190483714801,673,I feel your pain - I’m also lactose intolerant.
4024,2001,5,15,82,102,1.2450980392156863,0.05293973839875468,673,Didn't you realize that voting for universal health care meant any mammal could become a doctor?
3986,2001,0,25,77,102,1.2450980392156863,0.042801058373644,673,Take two and scratch the wall in the morning.
3965,2001,6,13,83,102,1.2450980392156863,0.05474260646419278,673,It seems your credit card isn’t worth the proverbial rat’s you-know what.
3557,2001,4,17,81,102,1.2450980392156863,0.051073269338898615,673,"My cousin Larry was involved in the preclinical trials, so I can personally assure you that it is safe for rats"
3962,2001,4,17,81,102,1.2450980392156863,0.051073269338898615,673,Don't worry—I've been rat-ified by the FDA.
3851,2001,5,15,82,102,1.2450980392156863,0.05293973839875468,673,Two pounds of Gruyère and call me in the morning.
3843,2001,2,21,79,102,1.2450980392156863,0.0471190483714801,673,"So, why are all the veterinarians human?"
3785,2001,4,17,81,102,1.2450980392156863,0.051073269338898615,673,YOU be responsible for a nationwide opiod epidemic and see what you look like!
3773,2001,2,21,79,102,1.2450980392156863,0.0471190483714801,673,Many members of my family have used this drug.
3759,2001,4,17,81,102,1.2450980392156863,0.051073269338898615,673,"Please tell Little Red Riding Hood to call me, I'm trying not to be such a fox."
3657,2001,5,15,82,102,1.2450980392156863,0.05293973839875468,673,"In my experience, these experimental drugs are completely safe."
3855,2001,3,19,80,102,1.2450980392156863,0.04913595201274502,673,There's new research on irrelevance coming out all the time.
2283,2001,3,19,80,102,1.2450980392156863,0.04913595201274502,673,Why would you ask if this medication has any transformative side effects?
3072,2001,2,21,79,102,1.2450980392156863,0.0471190483714801,673,I'm sending you to a specialist; Dr. Havarti can cure you.
2180,2001,3,19,80,102,1.2450980392156863,0.04913595201274502,673,I'm enrolling you in a drug trial.
744,2001,4,17,81,102,1.2450980392156863,0.051073269338898615,673,"If you like your rat, you can keep your rat."
704,2001,6,13,83,102,1.2450980392156863,0.05474260646419278,673,"Yes, it is true that 99% of us didn't survive the tobacco testing. But people are reluctant to discuss the 1% of us who thrived on it."
680,2001,4,17,81,102,1.2450980392156863,0.051073269338898615,673,it's not how you see me it's how you see you
649,2001,5,15,82,102,1.2450980392156863,0.05293973839875468,673,I personally got your lab results.
552,2001,3,19,80,102,1.2450980392156863,0.04913595201274502,673,You have to stop thinking I'm your son. It's not healthy.
492,2001,7,11,84,102,1.2450980392156863,0.05648796352550144,673,I suggest you leave Baltimore as soon as you can.
756,2001,2,21,79,102,1.2450980392156863,0.0471190483714801,673,It's proven to work on laboratory rats.
302,2001,2,21,79,102,1.2450980392156863,0.0471190483714801,673,"No, all drugs are not, 'basically the same stuff'"
260,2001,5,15,82,102,1.2450980392156863,0.05293973839875468,673,Thank you for coming to Baltimore Memorial Hospital
237,2001,6,13,83,102,1.2450980392156863,0.05474260646419278,673,"Don’t worry, it’s not contagious."
140,2001,3,19,80,102,1.2450980392156863,0.04913595201274502,673,It's not a mole sir
120,2001,2,21,79,102,1.2450980392156863,0.0471190483714801,673,"Don't be concerned, you are not the first guinea pig"
106,2001,4,17,81,102,1.2450980392156863,0.051073269338898615,673,"Scientific tests is where I started, now look at me!"
28,2001,4,17,81,102,1.2450980392156863,0.051073269338898615,673,"Yes, I went to a foreign medical school, but take it any way."
277,2001,3,19,80,102,1.2450980392156863,0.04913595201274502,673,Take the vaccines. My people didn't spend years on laboratories for you to simply deny it.
885,2001,4,17,81,102,1.2450980392156863,0.051073269338898615,673,One of the side effects is a craving for cheese.
840,2001,6,13,83,102,1.2450980392156863,0.05474260646419278,673,That's very derogatory. I'll have you know I've never once violated HIPAA.
943,2001,3,19,80,102,1.2450980392156863,0.04913595201274502,673,"All right, you hound, just this once I'll prescribe these on the sly."
2109,2001,3,19,80,102,1.2450980392156863,0.04913595201274502,673,This will enable you to find some humor in a cartoon with a prescription-providing doctor who is an animal.
2027,2001,4,17,81,102,1.2450980392156863,0.051073269338898615,673,"I don't come to your office and stare at you, sir, Thank you very much."
1877,2001,5,15,82,102,1.2450980392156863,0.05293973839875468,673,"One piece of cheese, three times a day, for the rest of your life."
1858,2001,3,19,80,102,1.2450980392156863,0.04913595201274502,673,Take this prescription down to the deli and bring me back some Swiss cheese.
1831,2001,4,17,81,102,1.2450980392156863,0.051073269338898615,673,The studies on the possible side effects have been inconclusive.
1760,2001,3,19,80,102,1.2450980392156863,0.04913595201274502,673,Trust me. I've tried them all.
933,2001,1,23,78,102,1.2450980392156863,0.045011861310869844,673,"I've been taking the generic version D-Con for most of my life, in low dose it's verry safe."
2234,2001,3,19,80,102,1.2450980392156863,0.04913595201274502,673,"In animal testing, it only killed 25% of those that tried it."
1559,2001,3,19,80,102,1.2450980392156863,0.04913595201274502,673,Not more rat poison?
1147,2001,6,13,83,102,1.2450980392156863,0.05474260646419278,673,"Trust me, bury these pills in your yard and your moles will go away."
1092,2001,4,17,81,102,1.2450980392156863,0.051073269338898615,673,"No, there's no side effects"
1037,2001,1,23,78,102,1.2450980392156863,0.045011861310869844,673,I’m writing you a prescription for amphetamines but only take them as needed.
1031,2001,3,19,80,102,1.2450980392156863,0.04913595201274502,673,"No other doctor would give you this prescription for what you have, but I believe in experimentation."
985,2001,3,19,80,102,1.2450980392156863,0.04913595201274502,673,"And, no, I did not eat the guy who was sitting here."
948,2001,2,21,79,102,1.2450980392156863,0.0471190483714801,673,"And not forgetting that I’m a rat, here’s an additional prescription for rabies medicine..."
1440,2001,5,15,82,102,1.2450980392156863,0.05293973839875468,673,The APR? It's only 502%
3670,2071,7,10,81,98,1.2448979591836735,0.05813068210812211,673,"Yeah, I started out as a vector for plague and tick-borne disease. Turns out, there wasn't any money in it."
3730,2072,5,17,89,111,1.2432432432432432,0.04992412952305652,673,"“I’ll accept full payment rat now, thank you very much.”"
3823,2073,2,21,80,103,1.2427184466019416,0.046719978694238794,673,Here's your identity card for your participation in the electric shock experiment.
169,2073,3,19,81,103,1.2427184466019416,0.04871471870276671,673,"Trust me, I know a disease when I see one."
2973,2073,4,17,82,103,1.2427184466019416,0.05063093152796273,673,Your clinical trial is through the maze to your left.
3642,2073,5,15,83,103,1.2427184466019416,0.052477220167314625,673,Your medication does have side effects but I'm still a giant rat.
2595,2073,4,17,82,103,1.2427184466019416,0.05063093152796273,673,Here's where I got the shrew mask. So tell me your symptoms.
2081,2073,3,19,81,103,1.2427184466019416,0.04871471870276671,673,"Here, I want you to fill this prescription for Velveeta Cheese."
1488,2073,2,21,80,103,1.2427184466019416,0.046719978694238794,673,Relax. I worked my way up from the Maze department.
746,2073,3,19,81,103,1.2427184466019416,0.04871471870276671,673,Strange! You're my third patient this week  to contract the bubonic plague. And you say you felt fine when you came in? It's a real head-scratcher!
3229,2081,4,16,79,99,1.2424242424242424,0.05194805194805195,673,"It's an experimental medicine, but we'll throw you in a blender next week and see if it has potential."
3206,2081,4,16,79,99,1.2424242424242424,0.05194805194805195,673,"Take this, and stop the warfarin immediately- that stuff’s poison"
3159,2081,5,14,80,99,1.2424242424242424,0.05389566925536248,673,"Trust me, this stuff makes you feel a lot better than the ones who got the placebo."
3085,2081,4,16,79,99,1.2424242424242424,0.05194805194805195,673,Don't worry. This drug is safe. My cousin tested it out.
2991,2081,3,18,78,99,1.2424242424242424,0.04992451339684328,673,"Oh yeah, Johns Hopkins is infested with us."""
2980,2081,1,22,76,99,1.2424242424242424,0.04560889070499022,673,This stuff is great. But it hasn't been tested on humans.
2977,2081,4,16,79,99,1.2424242424242424,0.05194805194805195,673,"If you need me call me, no matter where you are, no matter how far underground."
2191,2081,2,20,77,99,1.2424242424242424,0.04781541565881932,673,Here’s a prescription for your psychosis.
3275,2081,3,18,78,99,1.2424242424242424,0.04992451339684328,673,No serious side effects.  I used it myself for years...
2849,2081,2,20,77,99,1.2424242424242424,0.04781541565881932,673,"Sorry, our minority hire was filled last week."
2807,2081,2,20,77,99,1.2424242424242424,0.04781541565881932,673,"When Cagney said “Your dirty rat”, he was not referring to me. OK?"
2760,2081,3,18,78,99,1.2424242424242424,0.04992451339684328,673,"It's for LSD, so you won't imagine you're seeing rats anymore."
2533,2081,5,14,80,99,1.2424242424242424,0.05389566925536248,673,"Here's twenty bucks, if you can get this stupid mask off my head."
2520,2081,3,18,78,99,1.2424242424242424,0.04992451339684328,673,This new medicine is safe. I was part of the clinical trials. There were no side effects in the mouse studies.
2455,2081,2,20,77,99,1.2424242424242424,0.04781541565881932,673,Quit smoking or you’ll never be able to blow the house down.
4527,2081,3,18,78,99,1.2424242424242424,0.04992451339684328,673,"To get rid of your cat allergy, I prescribe a euthanization for your cat."
2933,2081,2,20,77,99,1.2424242424242424,0.04781541565881932,673,I've been taking this for years with no side effects whatsoever.
2930,2081,5,14,80,99,1.2424242424242424,0.05389566925536248,673,The card says Jackal but the next printing will say Dr. Jekyll.
3367,2081,5,14,80,99,1.2424242424242424,0.05389566925536248,673,"I know it looks like rat poison, but it's really just a blood thinner."
3380,2081,6,12,81,99,1.2424242424242424,0.055775319163312236,673,"Truth no longer holds water. Like politics, law, religion,

medicine , too, is a matter of where you fall on the
insurance wheel. Here's your diagnosis."
4524,2081,3,18,78,99,1.2424242424242424,0.04992451339684328,673,take this. it will put hair on your nose.
4464,2081,2,20,77,99,1.2424242424242424,0.04781541565881932,673,Your stress test in the maze was a disaster!
4426,2081,2,20,77,99,1.2424242424242424,0.04781541565881932,673,"I want a C-note on the fifth race at Pimlico, Gorgonzola on the nose."
4356,2081,3,18,78,99,1.2424242424242424,0.04992451339684328,673,Some of my friends tested this. It caused some blurred vision but it did wonders for their fear of the NYC subway system.
4259,2081,3,18,78,99,1.2424242424242424,0.04992451339684328,673,"Pay this to the cashier, and come back and I will tell you what is wrong with you."
4149,2081,5,14,80,99,1.2424242424242424,0.05389566925536248,673,This one is for your delusions of rature.
3934,2081,2,20,77,99,1.2424242424242424,0.04781541565881932,673,Side effects?  Unlikely.  I've been taking it for years.
3932,2081,4,16,79,99,1.2424242424242424,0.05194805194805195,673,Take one of these a day for 2 weeks and stay out of the subway.
3838,2081,5,14,80,99,1.2424242424242424,0.05389566925536248,673,Put the prescription pad back before I bring out the broom
3789,2081,2,20,77,99,1.2424242424242424,0.04781541565881932,673,"I know it can be hard in social situations, but try to avoid eating cheese while on this medication."
3707,2081,3,18,78,99,1.2424242424242424,0.04992451339684328,673,This will help you believe again in humanity's natural supremacy.
3569,2081,4,16,79,99,1.2424242424242424,0.05194805194805195,673,Are you seriously bribing me with Cheese of the Month?
3568,2081,2,20,77,99,1.2424242424242424,0.04781541565881932,673,This prescription is completely safe.  I tested it on myself and as you can see it works wonders.
3535,2081,3,18,78,99,1.2424242424242424,0.04992451339684328,673,"You’ve put on some weight Joe. Now if I were you, I’d spend less time at the dumpster and a little more time on the exercise wheel."
3491,2081,4,16,79,99,1.2424242424242424,0.05194805194805195,673,"This will help with the hallucinations, but it might give you the plague."
3407,2081,5,14,80,99,1.2424242424242424,0.05389566925536248,673,Take two pills in the morning with one bowl of water.
3405,2081,4,16,79,99,1.2424242424242424,0.05194805194805195,673,"Side effects include nausea, fatigue, dry mouth, visual hallucinations and squeak, squeak, squeak squeak squeak."
3373,2081,3,18,78,99,1.2424242424242424,0.04992451339684328,673,We’ve had  good results and are excited about starting animal trials soon.
2161,2081,6,12,81,99,1.2424242424242424,0.055775319163312236,673,Try him. He did wonders for me when I struggled with my sexual identity.
2091,2081,4,16,79,99,1.2424242424242424,0.05194805194805195,673,"I'm a MD and, prior to medical school, I was a Rhode-ents Scholar."
2105,2081,4,16,79,99,1.2424242424242424,0.05194805194805195,673,This is for your hallucinations. However if you start seeing people call me immediately.
1082,2081,3,18,78,99,1.2424242424242424,0.04992451339684328,673,"So, you go to this forest and ask for granny's house."
970,2081,2,20,77,99,1.2424242424242424,0.04781541565881932,673,Trust me. This is the good stuff.
871,2081,3,18,78,99,1.2424242424242424,0.04992451339684328,673,"Look, I've tested it myself."
856,2081,4,16,79,99,1.2424242424242424,0.05194805194805195,673,Take two of these before bed and you will never be troubled by those headaches again.
843,2081,4,16,79,99,1.2424242424242424,0.05194805194805195,673,My brother tested it. It's safe.
764,2081,4,16,79,99,1.2424242424242424,0.05194805194805195,673,I may be a weasel but I’m no rat.
672,2081,5,14,80,99,1.2424242424242424,0.05389566925536248,673,I’ll see you back here for a follow up next Halloween.
628,2081,4,16,79,99,1.2424242424242424,0.05194805194805195,673,I’m hiding. I don’t want anyone to know I voted for that animal!
609,2081,4,16,79,99,1.2424242424242424,0.05194805194805195,673,"No worries, it's a blood thinner, like rat poison, if you have difficulty breathing, give me a call."
504,2081,5,14,80,99,1.2424242424242424,0.05389566925536248,673,I learned about this cure in the lab.
469,2081,3,18,78,99,1.2424242424242424,0.04992451339684328,673,"Trust me, this stuff is quality."
319,2081,5,14,80,99,1.2424242424242424,0.05389566925536248,673,Please do not call me a rat. I'm a quack.
297,2081,6,12,81,99,1.2424242424242424,0.055775319163312236,673,It all began when I developed an opposable thumb.
158,2081,5,14,80,99,1.2424242424242424,0.05389566925536248,673,"I'm sorry sir, but ""I smell a rat"" is not a medical symptom that we diagnose here."
133,2081,4,16,79,99,1.2424242424242424,0.05194805194805195,673,Balance this on my nose; I'll bet I can catch it!
82,2081,4,16,79,99,1.2424242424242424,0.05194805194805195,673,It's 92% identical to the one you used to take.
2149,2081,3,18,78,99,1.2424242424242424,0.04992451339684328,673,i want to be president teach me to tweet
1153,2081,5,14,80,99,1.2424242424242424,0.05389566925536248,673,"Don't worry, these are the same hands that just performed your physical."
1178,2081,2,20,77,99,1.2424242424242424,0.04781541565881932,673,"Here, Larry. Let me know if  your rat-induced fear continues.'Till next week."
12,2081,5,14,80,99,1.2424242424242424,0.05389566925536248,673,Give this to Baltimore and say it's from Dr Trump.
1309,2081,4,16,79,99,1.2424242424242424,0.05194805194805195,673,Here's a prescription for anthropomorphism pills.
1975,2081,5,14,80,99,1.2424242424242424,0.05389566925536248,673,Didn't you try to poison me once?
1957,2081,2,20,77,99,1.2424242424242424,0.04781541565881932,673,The benefits outweigh the poison. I'm still alive.
1941,2081,7,10,82,99,1.2424242424242424,0.05759365669112585,673,"I worked my way through med school, all while raising four teenage mutant ninja turtles."
1922,2081,4,16,79,99,1.2424242424242424,0.05194805194805195,673,Maybe you’ll have better luck than I did
1290,2081,2,20,77,99,1.2424242424242424,0.04781541565881932,673,"Two pills once a month, when the moon is full"
1721,2081,3,18,78,99,1.2424242424242424,0.04992451339684328,673,"Take two at bedtime, and I will eat you in the morning."
1540,2081,1,22,76,99,1.2424242424242424,0.04560889070499022,673,"It's easy, run through a maze, ring a few bells, and earn some extra money."
1516,2081,4,16,79,99,1.2424242424242424,0.05194805194805195,673,"This generic may have hallucination side effects, but it's the only one your insurance covers."
1900,2081,3,18,78,99,1.2424242424242424,0.04992451339684328,673,"These are death on parasites
Don Richardson, Napa, CA"
1469,2081,7,10,82,99,1.2424242424242424,0.05759365669112585,673,"I went to med school in Baltimore, what’s your excuse?"
1458,2081,1,22,76,99,1.2424242424242424,0.04560889070499022,673,This is the attorney for the opiate class action you want.
1433,2081,2,20,77,99,1.2424242424242424,0.04781541565881932,673,Take it with plenty of peanut butter.
1405,2081,4,16,79,99,1.2424242424242424,0.05194805194805195,673,"While living in the lab, I studied medicine so I'd be prepared for life on the outside."
1400,2081,4,16,79,99,1.2424242424242424,0.05194805194805195,673,You're lactose intolerant. Bummer of a diagnosis.
1377,2081,4,16,79,99,1.2424242424242424,0.05194805194805195,673,Here. My card says I'm qualified to be in charge of the trial study.
1353,2081,1,22,76,99,1.2424242424242424,0.04560889070499022,673,"This will help a little, bit it’s still a rat race."
1313,2081,4,16,79,99,1.2424242424242424,0.05194805194805195,673,Trust me. My brother survived trials of this drug.
1515,2081,3,18,78,99,1.2424242424242424,0.04992451339684328,673,It's a necessary and perfectly legitimate 30 day refill for your opioid Mr. Jones. The disguise is because I don't want you to be able to pick me out of a line-up ... that's how crazy the DEA has gotten.
3348,2161,6,13,85,104,1.2403846153846154,0.053787108883945514,673,The results are promising in the human trail.
3378,2162,3,18,79,100,1.24,0.04948216697442473,673,"If you're unable to get this filled here in Baltimore, try the Maralago Pharmacy in D.C."
3364,2162,2,20,78,100,1.24,0.047396884353980984,673,Take 1 every hour and avoid dairy. Especially cheese.
2885,2162,5,14,81,100,1.24,0.053409037180286764,673,I apologize for the mask. The witness protection program budget has been slashed. This is all I got.
3101,2162,6,12,82,100,1.24,0.0552679423766206,673,"It's the same prescription I take,what's the problem?"
3040,2162,7,10,83,100,1.24,0.057066326818585915,673,"Kill two sheep, and call me in the morning."
3361,2162,3,18,79,100,1.24,0.04948216697442473,673,"Don’t worry, it tested well on rats."
3467,2162,2,20,78,100,1.24,0.047396884353980984,673,"Don't worry, this won't be the side effect she notices..."
4319,2162,3,18,79,100,1.24,0.04948216697442473,673,Have some brie and stay out of sewers.
3874,2162,6,12,82,100,1.24,0.0552679423766206,673,"Thanks you for asking, yes I like it here in Baltimore"
3945,2162,3,18,79,100,1.24,0.04948216697442473,673,"Side effects include destructive gnawing, burrowing and random stooling, nothing unusual."
4076,2162,1,22,77,100,1.24,0.04521553322083513,673,It’s the first new drug since the FDA adopted their accelerated testing protocol. Why do you ask?
4213,2162,5,14,81,100,1.24,0.053409037180286764,673,"Actually, I left my law practice years ago."
4219,2162,2,20,78,100,1.24,0.047396884353980984,673,Take one of these a day and see your own veterinarian when you get back home.
4227,2162,5,14,81,100,1.24,0.053409037180286764,673,"Oh, please. Its not the friggin plague."
2592,2162,2,20,78,100,1.24,0.047396884353980984,673,"Get your eyes back in their sockets, buddy ... this is a $1 bill not a $1,000 bill"
3630,2162,4,16,80,100,1.24,0.05148305595538256,673,"Take two of these three times a day with cheese, and I'm referring you to an ophthalmologist."
2582,2162,3,18,79,100,1.24,0.04948216697442473,673,"Get this prescription filled. They come in tablet form.  Of course, you’ll have to run through a maze first."
1354,2162,4,16,80,100,1.24,0.05148305595538256,673,"Take this medication three times a day, and you'll be 
able to get away with anything."
2284,2162,4,16,80,100,1.24,0.05148305595538256,673,"No, No, ""To Serve Mankind"" is not my motto or creed -- it's a cookbook."
190,2162,3,18,79,100,1.24,0.04948216697442473,673,"It's poison only to me; to you, it's blood thinner."
528,2162,6,12,82,100,1.24,0.0552679423766206,673,"Prepaying before I start your exam 
is relaxing for me."
695,2162,5,14,81,100,1.24,0.053409037180286764,673,"Really, Warfarin is OK for you."
800,2162,6,12,82,100,1.24,0.0552679423766206,673,"Worry not, it's only an antihistamine.  It's not like it's rat poison or anything."
897,2162,4,16,80,100,1.24,0.05148305595538256,673,Here's your ticket out of Baltimore.
2379,2162,6,12,82,100,1.24,0.0552679423766206,673,"Don't worry, all these drugs were tested on me first."
1351,2162,4,16,80,100,1.24,0.05148305595538256,673,Take two of these with cheese every morning.
1130,2162,4,16,80,100,1.24,0.05148305595538256,673,"I can assure you, those certificates are from the most prestigious laboratories."
1421,2162,5,14,81,100,1.24,0.053409037180286764,673,The race chose me.
1509,2162,2,20,78,100,1.24,0.047396884353980984,673,"This will help with stress, but you need to get out of the human race."
1614,2162,4,16,80,100,1.24,0.05148305595538256,673,This cheese is available only by prescription.
1631,2162,4,16,80,100,1.24,0.05148305595538256,673,I'm referring you to our husbandry specialist.
1676,2162,5,14,81,100,1.24,0.053409037180286764,673,"Take one after breakfast, one after your late-night dumpster dive."
1732,2162,3,18,79,100,1.24,0.04948216697442473,673,"Come on, have a cigarette."
1388,2162,4,16,80,100,1.24,0.05148305595538256,673,Take this note to your boss. It requests that you be transferred out of Baltimore to  a less infested location.
1906,2196,4,16,81,101,1.2376237623762376,0.05102613357118861,673,"Yes I only prescribe cheeses, why?"
1697,2197,1,21,75,97,1.2371134020618557,0.04581543514080199,673,You get to choose; the blue one or the red one.
2634,2197,3,17,77,97,1.2371134020618557,0.05028525988543606,673,What a racist thing to say.
2970,2197,3,17,77,97,1.2371134020618557,0.05028525988543606,673,"This should be taken with food, preferably two pizza crusts or some chicken bones."
1020,2197,3,17,77,97,1.2371134020618557,0.05028525988543606,673,What's wrong?  You're acting squirrelly.
3824,2201,3,17,78,98,1.2346938775510203,0.049828277400809425,673,"When you're up in Canada, don't mix this with BC bud... there are side effects..."
2632,2201,3,17,78,98,1.2346938775510203,0.049828277400809425,673,This is your warfarin prescription. I wouldn't touch it myself.
2775,2201,4,15,79,98,1.2346938775510203,0.051896538077764114,673,Sorry. I'm a weasel. You'll need to see the guys in the maze to get this ratified.
2867,2201,3,17,78,98,1.2346938775510203,0.049828277400809425,673,It's been working fine for me other than constant cravings for cheese.
3017,2201,4,15,79,98,1.2346938775510203,0.051896538077764114,673,"Well George, if you want a professional for your next lab experiment, here's my card."
3036,2201,2,19,77,98,1.2346938775510203,0.04767036598356687,673,I can personally verify that the prescription has been thoroughly vetted.
3061,2201,2,19,77,98,1.2346938775510203,0.04767036598356687,673,It'll go down easier if you stick in a piece of cheese.
3183,2201,2,19,77,98,1.2346938775510203,0.04767036598356687,673,Hallucinations are normal.  Here's a discount card for my favorite costume shop.
3223,2201,3,17,78,98,1.2346938775510203,0.049828277400809425,673,Here take it. You get used to the side effects.
3478,2201,3,17,78,98,1.2346938775510203,0.049828277400809425,673,"How do I know that it’s perfectly safe? Why, they tested it on me."
3559,2201,3,17,78,98,1.2346938775510203,0.049828277400809425,673,I'm going to have you try an experimental drug.
3643,2201,1,21,76,98,1.2346938775510203,0.04541002485445702,673,I'm going to recommend a gluten-free diet. But don't despair. You can still gnaw on the pizza boxes.
3772,2201,1,21,76,98,1.2346938775510203,0.04541002485445702,673,You can fill this at the pharmacy across from the Inner Harbor.
3860,2201,2,19,77,98,1.2346938775510203,0.04767036598356687,673,"Trust me, the side effects are minimal--I take the stuff like every day."
3929,2201,1,21,76,98,1.2346938775510203,0.04541002485445702,673,We're trying to promote awareness of the important role of the rat in medical research.
3947,2201,4,15,79,98,1.2346938775510203,0.051896538077764114,673,This did not make me into a sheep like you promised.
4100,2201,4,15,79,98,1.2346938775510203,0.051896538077764114,673,This will treat your hallucinations.
4126,2201,4,15,79,98,1.2346938775510203,0.051896538077764114,673,Take two of these at bedtime then come back tomorrow morning and tell me if you still think I look like a Russian Wolfhound.
4337,2201,3,17,78,98,1.2346938775510203,0.049828277400809425,673,Here—a group of us get together Tuesday evenings.
4451,2201,3,17,78,98,1.2346938775510203,0.049828277400809425,673,Here’s your prescription. You should start seeing people as humans again in two to four weeks.
4459,2201,2,19,77,98,1.2346938775510203,0.04767036598356687,673,Take one of these when you feel trapped.
4460,2201,4,15,79,98,1.2346938775510203,0.051896538077764114,673,Your next appointment is with the Big Cheese.
4522,2201,3,17,78,98,1.2346938775510203,0.049828277400809425,673,Of course there’s a difference between ‘animal doctor’ and ‘doctor who is an animal’.
4550,2201,2,19,77,98,1.2346938775510203,0.04767036598356687,673,Take one twice a day for a week and your visions of human-like rats should disappear.
4568,2201,2,19,77,98,1.2346938775510203,0.04767036598356687,673,"Don't be such a human! With all the latest medical advances, we think it's your turn to contribute to science."
2615,2201,2,19,77,98,1.2346938775510203,0.04767036598356687,673,"In clinical trials, they worked for me every time."
2394,2201,5,13,80,98,1.2346938775510203,0.05388547206976688,673,It's often said we have paw handwriting.
2415,2201,0,23,75,98,1.2346938775510203,0.04303111573684325,673,Take two aspirin and bring me a piece of cheese in the morning.
2264,2201,2,19,77,98,1.2346938775510203,0.04767036598356687,673,Side affects may include increased cravings of cheese and insulation.
16,2201,4,15,79,98,1.2346938775510203,0.051896538077764114,673,"I’m a rat in doc’s clothing.  
Take two and you won’t call me in the morning."
179,2201,5,13,80,98,1.2346938775510203,0.05388547206976688,673,"Here's a prescription for your sore throat, but a shock collar would be more effective."
288,2201,4,15,79,98,1.2346938775510203,0.051896538077764114,673,"Side effects include hating, stealing, and twittering."""
333,2201,2,19,77,98,1.2346938775510203,0.04767036598356687,673,"Sure you could go to the pharmacy on 8th, but it’s a bit of a maze."
535,2201,3,17,78,98,1.2346938775510203,0.049828277400809425,673,"If your delusions don't disappear in a week, we'll try something else - at no extra cheese."
737,2201,2,19,77,98,1.2346938775510203,0.04767036598356687,673,"Quite frankly sir, I don’t give a rat’s “a**” about  what you think about my diagnosis. However, if anyone should know the plague it would be me."
915,2201,2,19,77,98,1.2346938775510203,0.04767036598356687,673,"I can only give you the tools, you have to do the work”"
926,2201,3,17,78,98,1.2346938775510203,0.049828277400809425,673,Here's the referral to Johns Hopkins for your Bug-Eye Syndrome. Baltimore is lovely this time of year.
957,2201,2,19,77,98,1.2346938775510203,0.04767036598356687,673,Take it with grubs.
1078,2201,6,11,81,98,1.2346938775510203,0.055803562036006546,673,"No, Sir, I am not from Baltimore. Now take your prescription and leave!"
2265,2201,6,11,81,98,1.2346938775510203,0.055803562036006546,673,"OK, here's $100 so you don't rat me out."
1154,2201,3,17,78,98,1.2346938775510203,0.049828277400809425,673,Well the good news is this confirms that rats are able to smell cancerous cells
1140,2201,3,17,78,98,1.2346938775510203,0.049828277400809425,673,Let me know if this helps the next time you’re in Baltimore
1224,2201,4,15,79,98,1.2346938775510203,0.051896538077764114,673,"Trust me, I've used this medication myself while working as a lab rat to put myself through Medical School."""
2029,2201,3,17,78,98,1.2346938775510203,0.049828277400809425,673,You're my fifth patient with the plague this week!
1988,2201,7,9,82,98,1.2346938775510203,0.057657878660519905,673,Take 2 of these daily. And avoid taking them with cheese.
1987,2201,4,15,79,98,1.2346938775510203,0.051896538077764114,673,We're skipping the middlemen to cut costs.
1181,2201,2,19,77,98,1.2346938775510203,0.04767036598356687,673,"Here, I validated your parking for you.”
“Thanks. Why are you a rat?”
“I’m a psychiatrist, Mark. You have schizophrenia. I’ll see you next week.”"
1870,2201,2,19,77,98,1.2346938775510203,0.04767036598356687,673,This medication should stop you from fantasizing about dogs!
1942,2201,5,13,80,98,1.2346938775510203,0.05388547206976688,673,"Sprinkle this FAO approved Warfarin on your cereal. The food guide says it has only a few side effects including the ""get even"" syndrome."
1699,2201,1,21,76,98,1.2346938775510203,0.04541002485445702,673,I've been taking it since I was a young lab rat. It got me through med school.
1558,2201,3,17,78,98,1.2346938775510203,0.049828277400809425,673,Why does everyone assume I’m going to rat them out?
1381,2201,4,15,79,98,1.2346938775510203,0.051896538077764114,673,"Not only will you be able to eat dairy again, but you’ll be amazed at how much better cheese tastes!"
1278,2201,6,11,81,98,1.2346938775510203,0.055803562036006546,673,"this is my uncle, Mr. Sniffles, an immigrant who ran mazes for crumbs. now i’m a fucken doctor and society grants me absurd deference because i know shit that may as well be witchcraft to you. so, what do you say we stick these fingers in your butt?"
1776,2201,4,15,79,98,1.2346938775510203,0.051896538077764114,673,I want to show you a card trick.  This has nothing to do with your assessment.
3458,2255,2,18,74,94,1.2340425531914894,0.04883809415412414,673,"This card gives you access to the employee lounge, but not the Executive Lair."
2446,2255,3,16,75,94,1.2340425531914894,0.051126705741835796,673,I'm recommending you up your exercise.  Here's a script for an exercise wheel.  The cage is just an accessory.
517,2255,4,14,76,94,1.2340425531914894,0.053317170212019274,673,"Fred, get this filled. This will quickly stop your delusion of being a human."
855,2255,1,20,73,94,1.2340425531914894,0.04643682634722063,673,"Yeah, but you're kind of in pain, right?"
1875,2255,4,14,76,94,1.2340425531914894,0.053317170212019274,673,"I didn't call you ""Little Red,"" I said, you are a little red."
2817,2255,4,14,76,94,1.2340425531914894,0.053317170212019274,673,"No worries. My wife says this prescription changed her life."""
2355,2261,2,17,71,90,1.2333333333333334,0.05009354545128693,673,This will do wonders for your tail and whiskers!
4531,2262,0,23,76,99,1.2323232323232323,0.042660160170546836,673,"Trust me, I survived this stuff in a test lab."
4477,2263,4,14,77,95,1.231578947368421,0.05281044634128144,673,Put fifty big ones on Ratatouille to win in the fourth.
2681,2263,2,18,75,95,1.231578947368421,0.04838403570702222,673,"Your check-up was fine, it's in case you come down with the plague."
2688,2263,2,18,75,95,1.231578947368421,0.04838403570702222,673,"Yes, of course, if you want to keep your doctor, you can keep your doctor."""
2751,2263,4,14,77,95,1.231578947368421,0.05281044634128144,673,Just 'cause the Cat's away...doesn't mean I'm not a real Doctor!
2753,2263,3,16,76,95,1.231578947368421,0.05064562248636977,673,"Well, if you change your mind about the rodent wheel therapy, give me a call."
2801,2263,3,16,76,95,1.231578947368421,0.05064562248636977,673,"Don't rat me out, but this prescription is cheaper than therapy sessions."
2874,2263,5,12,78,95,1.231578947368421,0.05488995726450194,673,"This prescription should stop the six-foot rodent hallucinations, but let's set up a weekly therapy session to deal with your compulsion to shout, ""You dirty rat!"" at passing strangers."
2975,2263,3,16,76,95,1.231578947368421,0.05064562248636977,673,To avoid nasty side effects don’t eat any cheese.
3111,2263,4,14,77,95,1.231578947368421,0.05281044634128144,673,"It may taste like rat poison, but it's very effective"
3354,2263,4,14,77,95,1.231578947368421,0.05281044634128144,673,Take two of these and you'll be calling me doctor again not Rex.
3390,2263,3,16,76,95,1.231578947368421,0.05064562248636977,673,"The prescription will help minimize your hallucinations, and my receptionist will help maximize your payment plan."
3416,2263,3,16,76,95,1.231578947368421,0.05064562248636977,673,"It really is nice having the fur,especially in the winter months,and the heightened ability to smell comes in handy quite often."
2571,2263,4,14,77,95,1.231578947368421,0.05281044634128144,673,"It's not me, but your card is no good."
3587,2263,3,16,76,95,1.231578947368421,0.05064562248636977,673,"Not to worry--there are no significant side effects. I take it myself, in fact. Perfectly safe!"
3830,2263,1,20,74,95,1.231578947368421,0.04601141972994224,673,You can always get a second opinion from Dr. Wolf if you’d like.
3859,2263,2,18,75,95,1.231578947368421,0.04838403570702222,673,Many folks who take this say that it has changed their life.  I am one of them.
3949,2263,4,14,77,95,1.231578947368421,0.05281044634128144,673,"And remember, it's not you, it's me."
4206,2263,4,14,77,95,1.231578947368421,0.05281044634128144,673,"Go to the bank, get a loan, then head for the nearest drug store and get this filled out. Other option: get stoned."
4238,2263,4,14,77,95,1.231578947368421,0.05281044634128144,673,"take one with meals and then cry ""WOLF""  !"
4255,2263,3,16,76,95,1.231578947368421,0.05064562248636977,673,"This prescription should fix your pop-eye. Be aware that there are some unusual side-effects, as I myself  can attest to."
4267,2263,2,18,75,95,1.231578947368421,0.04838403570702222,673,"You know, running is good for you.  Another patient was just scratched from the fifth race, so tell them I sent you."
4291,2263,2,18,75,95,1.231578947368421,0.04838403570702222,673,This prescription should help  get you back in the race. Look what it’s done for me.
4363,2263,3,16,76,95,1.231578947368421,0.05064562248636977,673,Tic Tac? Great for dog breath.
4365,2263,5,12,78,95,1.231578947368421,0.05488995726450194,673,Make sure to take it with trash.
4367,2263,2,18,75,95,1.231578947368421,0.04838403570702222,673,Here is a thought and a prayer for you that I have used with all my patients since my time in  the Health and Human Services Department while in the Trump administration.
3792,2263,4,14,77,95,1.231578947368421,0.05281044634128144,673,This should help keep you awake while you are guarding the hen house.
2503,2263,4,14,77,95,1.231578947368421,0.05281044634128144,673,Death is not the end.
3595,2263,2,18,75,95,1.231578947368421,0.04838403570702222,673,Complications may include running in mazes.
248,2263,3,16,76,95,1.231578947368421,0.05064562248636977,673,"Fill this, and the hallucinations should subside within the week."
1,2263,2,18,75,95,1.231578947368421,0.04838403570702222,673,"Look, all medicine is rat poison if given at large enough doses."
46,2263,3,16,76,95,1.231578947368421,0.05064562248636977,673,No killing chickens while your taking these.
216,2263,5,12,78,95,1.231578947368421,0.05488995726450194,673,I'm sorry only New York Rats can qualify for our insurance program.
509,2263,2,18,75,95,1.231578947368421,0.04838403570702222,673,Call this number and ask for Michelangelo.
527,2263,2,18,75,95,1.231578947368421,0.04838403570702222,673,That’s true but your condition is no fairytale.
536,2263,3,16,76,95,1.231578947368421,0.05064562248636977,673,"For the survival of the planet, all credit cards issued to humans are to be withdrawn and cancelled."
621,2263,3,16,76,95,1.231578947368421,0.05064562248636977,673,Would you like some rat cheese?
875,2263,2,18,75,95,1.231578947368421,0.04838403570702222,673,Let's double down on the Ambien.
2463,2263,2,18,75,95,1.231578947368421,0.04838403570702222,673,Research found that your species could no longer sustain the rate of price increases.
1066,2263,3,16,76,95,1.231578947368421,0.05064562248636977,673,"Think of it as a clinical trial, not a trap."
1118,2263,2,18,75,95,1.231578947368421,0.04838403570702222,673,This script should address your hallucinations. Now promise me you’ll go easy on the sticky traps.
1242,2263,4,14,77,95,1.231578947368421,0.05281044634128144,673,"It's just CBD, there are no side effects."
883,2263,2,18,75,95,1.231578947368421,0.04838403570702222,673,It's bubonic plague. Seems to be going around recently.
2290,2263,2,18,75,95,1.231578947368421,0.04838403570702222,673,"Take these, trust me!  I'm trained in the best Ivy League mazes."
2358,2263,4,14,77,95,1.231578947368421,0.05281044634128144,673,"That's right -- Coumadin. If there was anything to worry about, I wouldn't be prescribing this to you."
2310,2263,1,20,74,95,1.231578947368421,0.04601141972994224,673,"It's ok, I'm a Doctor!"
1538,2263,2,18,75,95,1.231578947368421,0.04838403570702222,673,This has worked well for my friends and relatives.
2224,2263,1,20,74,95,1.231578947368421,0.04601141972994224,673,I'm certain it is effective because I was the lab rat they tested in on.
1896,2263,3,16,76,95,1.231578947368421,0.05064562248636977,673,You smell a rat?!? I'm not the one who experienced an allergic reaction to cheese.
2166,2263,4,14,77,95,1.231578947368421,0.05281044634128144,673,"Two slices of Camembert, and call me in the morning."
1856,2263,4,14,77,95,1.231578947368421,0.05281044634128144,673,In rare but serious cases patients have turned into rodents.
1790,2263,4,14,77,95,1.231578947368421,0.05281044634128144,673,Take one pill in the morning.  Call me in the middle of the night if you have any problems...i’ll be up.
1710,2263,2,18,75,95,1.231578947368421,0.04838403570702222,673,"What's wrong, do you smell a rat??"
1648,2263,4,14,77,95,1.231578947368421,0.05281044634128144,673,"Call my friend at Terminix, he can get you your Warfarin cheap."
1565,2263,4,14,77,95,1.231578947368421,0.05281044634128144,673,It's been quite effective with rats.
1871,2263,2,18,75,95,1.231578947368421,0.04838403570702222,673,This one should work. Your eyes were going to bulge; it's not a side effect.
1015,2318,3,15,73,91,1.2307692307692308,0.05200949259867795,673,"Take two each morning and if you get an upset stomach, nibble on some garbage"
3426,2319,2,18,76,96,1.2291666666666667,0.047938114955607895,673,Remember to pay at the front desk as you leave.
3296,2320,3,15,74,92,1.2282608695652173,0.0515021856246872,673,"With your promotion, you get a key to the executive maze room."
3309,2320,2,17,73,92,1.2282608695652173,0.04912823608557881,673,Have you always been intimidates by mustaches?
3286,2320,1,19,72,92,1.2282608695652173,0.04663359344550876,673,"The experiments will begin soon.  This is your cage number, you must report immediately..."
3129,2320,4,13,75,92,1.2282608695652173,0.05377142984298545,673,Here's your prescription.  Take one pill in the morning and one at night and you won't remember how much pain you were in all day.
3152,2320,2,17,73,92,1.2282608695652173,0.04912823608557881,673,Don't worry.  I wrote the damn bill!
3131,2320,2,17,73,92,1.2282608695652173,0.04912823608557881,673,Try this. There's always a chance it won't kill you.
3210,2320,3,15,74,92,1.2282608695652173,0.0515021856246872,673,I took it and I’ve never felt better.
3329,2320,4,13,75,92,1.2282608695652173,0.05377142984298545,673,"You're right. I'm a large rat. I'm also your doctor. If you don't like it, get another health care plan."
4554,2320,2,17,73,92,1.2282608695652173,0.04912823608557881,673,"Gouda, twice a day for two weeks."
3358,2320,4,13,75,92,1.2282608695652173,0.05377142984298545,673,Nibble on two apples and call me in the morning.
3404,2320,5,11,76,92,1.2282608695652173,0.05594871053561892,673,"No, Splinter's my first cousin. Although, Leonardo did work reception for a summer."
3423,2320,3,15,74,92,1.2282608695652173,0.0515021856246872,673,"I couldn't give a rat's ass about the side effects.

David A. Bader - New York, NY"
3472,2320,2,17,73,92,1.2282608695652173,0.04912823608557881,673,The main thing to avoid while taking these is hunting season.
3485,2320,1,19,72,92,1.2282608695652173,0.04663359344550876,673,We can’t all be Atul Gawande.
3495,2320,2,17,73,92,1.2282608695652173,0.04912823608557881,673,Most folks refer to this as Vitamin Z
3505,2320,6,9,77,92,1.2282608695652173,0.05804437745241002,673,You should get a ahead too and feel different about yourself.
3083,2320,5,11,76,92,1.2282608695652173,0.05594871053561892,673,"Don't worry, it's been tested in mice."
3519,2320,2,17,73,92,1.2282608695652173,0.04912823608557881,673,"If things with Little Red Riding Hood don’t work out...please, send her my way."
3346,2320,3,15,74,92,1.2282608695652173,0.0515021856246872,673,Are you experiencing any side effects?
3078,2320,2,17,73,92,1.2282608695652173,0.04912823608557881,673,"Take my card, I won't bite you"
2671,2320,2,17,73,92,1.2282608695652173,0.04912823608557881,673,"I don't know, they worked on me."
3016,2320,3,15,74,92,1.2282608695652173,0.0515021856246872,673,"This statin should help your cholesterol, but diet is still important. For me it was hardest to give up the cheese."
2347,2320,4,13,75,92,1.2282608695652173,0.05377142984298545,673,What did you expect in Baltimore?
1318,2320,4,13,75,92,1.2282608695652173,0.05377142984298545,673,You have fifteen years to pay off today’s visit.
2428,2320,2,17,73,92,1.2282608695652173,0.04912823608557881,673,"If you’re feeling a little mousy, you can take this, but it might make you feel a little squirrelly."
2528,2320,2,17,73,92,1.2282608695652173,0.04912823608557881,673,Side effects? Good question. Wish I'd thought of that.
2570,2320,4,13,75,92,1.2282608695652173,0.05377142984298545,673,"If you decide that you want to grow an extra ear on your back, then just take these."
2574,2320,5,11,76,92,1.2282608695652173,0.05594871053561892,673,It’s a referral for my colleague in Baltimore.
2648,2320,2,17,73,92,1.2282608695652173,0.04912823608557881,673,What did you expect a pit bull?
2660,2320,2,17,73,92,1.2282608695652173,0.04912823608557881,673,"Naturally, we doctors test it before we offer it to our patients."
3539,2320,3,15,74,92,1.2282608695652173,0.0515021856246872,673,"This has a high success rate on rats! Believe me, it will cure your cancer, too!"
3075,2320,3,15,74,92,1.2282608695652173,0.0515021856246872,673,I can assure you that our Cheese Only Dieting Formula has no side effects.
2732,2320,4,13,75,92,1.2282608695652173,0.05377142984298545,673,Trust me. I've taken these myself.
2795,2320,2,17,73,92,1.2282608695652173,0.04912823608557881,673,"Nah, you definitely won’t be a guinea pig-"
2834,2320,4,13,75,92,1.2282608695652173,0.05377142984298545,673,"You're right, I did do my residency at Johns Hopkins. But then somebody told me that Baltimore was infested with cardiologists, so  I decided to hang out my shingle here in Omaha."
2870,2320,3,15,74,92,1.2282608695652173,0.0515021856246872,673,"If this improves your sense of smell, so be it."
2881,2320,4,13,75,92,1.2282608695652173,0.05377142984298545,673,"Take two lefts, a right, then straight ahead to get your reward."
2888,2320,5,11,76,92,1.2282608695652173,0.05594871053561892,673,There are side effects but at least the headaches should improve.
2948,2320,3,15,74,92,1.2282608695652173,0.0515021856246872,673,"You might not have, but if you did pick up a touch of bubonic plague during the exam, this'll help dull the pain."
2968,2320,4,13,75,92,1.2282608695652173,0.05377142984298545,673,Please take your medication; your schizophrenia is getting much worse.
2988,2320,3,15,74,92,1.2282608695652173,0.0515021856246872,673,"The streptomycin will help with the symptoms, but we really need to examine where you think you might have been exposed."
2996,2320,2,17,73,92,1.2282608695652173,0.04912823608557881,673,"I am prescribing 500 mL of cheese to help alleviate the depression. Cheese makes everyone happy. And no, I am not just saying that because I'm a rat."
2750,2320,2,17,73,92,1.2282608695652173,0.04912823608557881,673,Take two slices of Muenster and call me in the morning.
3614,2320,5,11,76,92,1.2282608695652173,0.05594871053561892,673,Take this and you'll never complain again.
3938,2320,2,17,73,92,1.2282608695652173,0.04912823608557881,673,Stop looking at me as if I had the head of a jackass!
3636,2320,1,19,72,92,1.2282608695652173,0.04663359344550876,673,Do several hundred lab tests sound good to you?
4262,2320,2,17,73,92,1.2282608695652173,0.04912823608557881,673,"OK OK, I was wrong about the trashcan on 7th and 11th."
4268,2320,0,21,71,92,1.2282608695652173,0.04399773283251796,673,"Hopefully, with these new pills, you will not see rats everywhere."
4290,2320,2,17,73,92,1.2282608695652173,0.04912823608557881,673,I DON'T GIVE A RATS ASS ABOUT YOUR ATTITUDE
4317,2320,2,17,73,92,1.2282608695652173,0.04912823608557881,673,"The painkillers are for your back, but the antibiotics are for your plague."
4323,2320,1,19,72,92,1.2282608695652173,0.04663359344550876,673,"A classic cheese deficiency.  Take one cheddar, one brie and one gouda and call me in the morning."
4341,2320,2,17,73,92,1.2282608695652173,0.04912823608557881,673,"Take this and, oh, what big (cough) you'll have!"
4369,2320,2,17,73,92,1.2282608695652173,0.04912823608557881,673,"This will ease your pain for now. But for the long-term, give up the junk food."
4395,2320,4,13,75,92,1.2282608695652173,0.05377142984298545,673,No one has ever called me a quack
4401,2320,1,19,72,92,1.2282608695652173,0.04663359344550876,673,Next we’ll be sending you to space.
4402,2320,4,13,75,92,1.2282608695652173,0.05377142984298545,673,Take this and you’ll be back dumpster diving in no time.
4404,2320,3,15,74,92,1.2282608695652173,0.0515021856246872,673,"Trust me, it’s been tested on at least a few dozen of my siblings."
4410,2320,2,17,73,92,1.2282608695652173,0.04912823608557881,673,"We've found that when given in low doses, Thallium will do wonders for your latrophobia and musophobia alike."
4418,2320,1,19,72,92,1.2282608695652173,0.04663359344550876,673,"I hope I'm not being too forward, but call me maybe."
4509,2320,3,15,74,92,1.2282608695652173,0.0515021856246872,673,Just try them.   Opioids haven’t changed me.
4517,2320,1,19,72,92,1.2282608695652173,0.04663359344550876,673,"No vultures in this law firm, believe me!"
4538,2320,1,19,72,92,1.2282608695652173,0.04663359344550876,673,It's for the hallucinations.
4545,2320,4,13,75,92,1.2282608695652173,0.05377142984298545,673,Take this down to the cheese shop behind the pharmacy
4551,2320,1,19,72,92,1.2282608695652173,0.04663359344550876,673,"Take three of these daily. You really only need one, but this way I get paid three times more"
2331,2320,3,15,74,92,1.2282608695652173,0.0515021856246872,673,I'm prescribing aged cheddar. If that doesn't work we'll try gruyere.
4240,2320,4,13,75,92,1.2282608695652173,0.05377142984298545,673,This side effects for this new prescription don't include hallucinations. But it will burn when you pee.
4215,2320,1,19,72,92,1.2282608695652173,0.04663359344550876,673,Take a slice of cheddar and call me in the morning.
4214,2320,2,17,73,92,1.2282608695652173,0.04912823608557881,673,"Bob,take my card.  Yes there is a doctor shortage,but I can tell more from your garbage than your blood test."
4203,2320,6,9,77,92,1.2282608695652173,0.05804437745241002,673,This should help abate your hallucinations
3654,2320,3,15,74,92,1.2282608695652173,0.0515021856246872,673,It'll make you feel better. It's from the Rat Pack.
3701,2320,1,19,72,92,1.2282608695652173,0.04663359344550876,673,"Yes, cheese pills  -  but very potent!"
3736,2320,3,15,74,92,1.2282608695652173,0.0515021856246872,673,He's right you know. I tested it all night and 1+1 really is 2.
3739,2320,2,17,73,92,1.2282608695652173,0.04912823608557881,673,It worked for me.  It'll work for you.
3742,2320,4,13,75,92,1.2282608695652173,0.05377142984298545,673,There’s an extra charge because your health insurance doesn’t cover fetish therapy.
3760,2320,2,17,73,92,1.2282608695652173,0.04912823608557881,673,"Yes, it was Aardvark getting a PHD. Anyway, here’s my card."
3877,2320,4,13,75,92,1.2282608695652173,0.05377142984298545,673,Possible career path for test rats.
4557,2320,2,17,73,92,1.2282608695652173,0.04912823608557881,673,Take all of them. My nurse will give you a little water.
3902,2320,2,17,73,92,1.2282608695652173,0.04912823608557881,673,You should really consider seeing a real doctor.
3623,2320,3,15,74,92,1.2282608695652173,0.0515021856246872,673,"Trust me, there are no side effects"
3910,2320,2,17,73,92,1.2282608695652173,0.04912823608557881,673,Another myth busted. We just carry the plague.
3931,2320,3,15,74,92,1.2282608695652173,0.0515021856246872,673,Don’t forget to take this with trash.”
3999,2320,3,15,74,92,1.2282608695652173,0.0515021856246872,673,Two daily should keep you off the couch.
4040,2320,2,17,73,92,1.2282608695652173,0.04912823608557881,673,"You can’t get out of the race, but these supplements should help."
4061,2320,3,15,74,92,1.2282608695652173,0.0515021856246872,673,Training ninja turtles is just my side hustle.
4079,2320,2,17,73,92,1.2282608695652173,0.04912823608557881,673,"Yes, Master Splinter is my cousin."
4130,2320,4,13,75,92,1.2282608695652173,0.05377142984298545,673,"Quite frankly, Peter, your only option is the Keto diet."
4137,2320,2,17,73,92,1.2282608695652173,0.04912823608557881,673,"The side effects are modest, I take it twice a day."
4160,2320,4,13,75,92,1.2282608695652173,0.05377142984298545,673,"I added OxyContin for the taste.
Eh... your waist, the pain in your waist."
4198,2320,2,17,73,92,1.2282608695652173,0.04912823608557881,673,I'll have to refer you to a colleague. I don't handle rat phobias.
3924,2320,2,17,73,92,1.2282608695652173,0.04912823608557881,673,"Side effects? Not really, although you may find yourself craving pizza on the subway."
2298,2320,2,17,73,92,1.2282608695652173,0.04912823608557881,673,Trust me.  That whole 'eating grandma thing' is just a fairy tale.
638,2320,3,15,74,92,1.2282608695652173,0.0515021856246872,673,This is my driver's license! What more do you need?
2233,2320,3,15,74,92,1.2282608695652173,0.0515021856246872,673,This will definitely cure you of the delusion that your dentist is Bigfoot.
368,2320,2,17,73,92,1.2282608695652173,0.04912823608557881,673,"I can't help your appearance, but this foxycodone will make you think you look good."
399,2320,3,15,74,92,1.2282608695652173,0.0515021856246872,673,Trying to weasel you're way out of a co-pay won't work. I should know
462,2320,3,15,74,92,1.2282608695652173,0.0515021856246872,673,Take two anti-hallucinogens and call me in the morning
488,2320,3,15,74,92,1.2282608695652173,0.0515021856246872,673,"Your Credit Card seems to be In Order, but I don't like Your Looks."""
489,2320,4,13,75,92,1.2282608695652173,0.05377142984298545,673,You'll feel better in two shakes of a lamb's tail.
494,2320,1,19,72,92,1.2282608695652173,0.04663359344550876,673,The taste is ok but it smells funny.
499,2320,3,15,74,92,1.2282608695652173,0.0515021856246872,673,"Don't worry, everything I prescribe I've already tried on myself."
511,2320,2,17,73,92,1.2282608695652173,0.04912823608557881,673,"Sir, I assure you I'm a professional Lab Rat."
358,2320,1,19,72,92,1.2282608695652173,0.04663359344550876,673,You'd better go to see an eye doctor.
540,2320,3,15,74,92,1.2282608695652173,0.0515021856246872,673,Trust me.  I am an excellent veterinarian!
631,2320,3,15,74,92,1.2282608695652173,0.0515021856246872,673,"Don't worry, this medication has been thoroughly tested."
655,2320,4,13,75,92,1.2282608695652173,0.05377142984298545,673,It’s the plague.
690,2320,2,17,73,92,1.2282608695652173,0.04912823608557881,673,I'm not proud of the fact that we spread disease. But I'm proud to have developed a more efficient way of doing it.
703,2320,1,19,72,92,1.2282608695652173,0.04663359344550876,673,Your choice if you want to stay that way.
2261,2320,3,15,74,92,1.2282608695652173,0.0515021856246872,673,...and that’s how I went from RAT to PHD.
757,2320,3,15,74,92,1.2282608695652173,0.0515021856246872,673,"The diplomas and my card proves it, I graduated  from R .A.T. not R.I.T."
765,2320,2,17,73,92,1.2282608695652173,0.04912823608557881,673,"Mr. Cosgrove, All our plans require a referral for hallucinations."
786,2320,3,15,74,92,1.2282608695652173,0.0515021856246872,673,"Yes, no questions asked."
584,2320,0,21,71,92,1.2282608695652173,0.04399773283251796,673,"Yes, it’s been tested on humans."
830,2320,3,15,74,92,1.2282608695652173,0.0515021856246872,673,Give this to the Lab in the Basement for your texts.
326,2320,2,17,73,92,1.2282608695652173,0.04912823608557881,673,Don't let me find out you're selling these to cheddar addicts.
289,2320,3,15,74,92,1.2282608695652173,0.0515021856246872,673,"So you took these pills, and now you think I'm a dirty 'what?', Mr. Cagney?"
9,2320,3,15,74,92,1.2282608695652173,0.0515021856246872,673,"So, you say you smell a rat; get me some cheese!"
22,2320,1,19,72,92,1.2282608695652173,0.04663359344550876,673,This card is blocked. I smell a rat.
74,2320,3,15,74,92,1.2282608695652173,0.0515021856246872,673,...At least I'm not a chiropractor...
96,2320,2,17,73,92,1.2282608695652173,0.04912823608557881,673,"I'm not getting ratty with you, Mr Smith. But I do have other patients and your 101 symptoms are all in your head."""
104,2320,2,17,73,92,1.2282608695652173,0.04912823608557881,673,Why would you worry who it's been tested on?
129,2320,4,13,75,92,1.2282608695652173,0.05377142984298545,673,"Don't worry, it won't bite you."
138,2320,2,17,73,92,1.2282608695652173,0.04912823608557881,673,The surgery changed me but my prescriptions are still illegible.
153,2320,1,19,72,92,1.2282608695652173,0.04663359344550876,673,It's a new medication derived from cheddar. Don't make the mistake I did and take it with alcohol.
303,2320,6,9,77,92,1.2282608695652173,0.05804437745241002,673,"This may make you very, very, very thirsty."
168,2320,2,17,73,92,1.2282608695652173,0.04912823608557881,673,"If I can work my way out of Baltimore, anyone can!"
195,2320,5,11,76,92,1.2282608695652173,0.05594871053561892,673,"Thanks to Mitch McConnell, Obamacare no longer covers cock implants."
217,2320,5,11,76,92,1.2282608695652173,0.05594871053561892,673,"Trust me, soon everyone in Baltimore will be wearing them."
227,2320,3,15,74,92,1.2282608695652173,0.0515021856246872,673,"Pay no mind, office costume party, but can I get you some cheese with this prescription hahahaha."
235,2320,2,17,73,92,1.2282608695652173,0.04912823608557881,673,Here; take two cheese and call me in the morning.
239,2320,3,15,74,92,1.2282608695652173,0.0515021856246872,673,The bubonic plague vaccine is completely safe. I should know.
245,2320,2,17,73,92,1.2282608695652173,0.04912823608557881,673,Well yes it was originally developed as rat poison but no hard feelings.
272,2320,2,17,73,92,1.2282608695652173,0.04912823608557881,673,Less than 200 lab humans died in the trials.
282,2320,2,17,73,92,1.2282608695652173,0.04912823608557881,673,Side effects include an aversion to light and an intense craving for garbage.
187,2320,4,13,75,92,1.2282608695652173,0.05377142984298545,673,Don't worry about any side effects.
878,2320,3,15,74,92,1.2282608695652173,0.0515021856246872,673,I took this stuff myself.  See how I turned out?
720,2320,3,15,74,92,1.2282608695652173,0.0515021856246872,673,Take this meat tenderizer and come to see me at lunch time.
953,2320,4,13,75,92,1.2282608695652173,0.05377142984298545,673,You can get this prescription filled at any Cheesecake Factory.
1574,2320,3,15,74,92,1.2282608695652173,0.0515021856246872,673,"1 petit 
Quadrant San Andre, room temp.
1  medium chunk of extra sharp Vermont cheddar, also room temp, 
And a few ice cold crumbles of Gorgonzola ought to fix you right up."
950,2320,4,13,75,92,1.2282608695652173,0.05377142984298545,673,"Your pro Trump, Right!"
1661,2320,1,19,72,92,1.2282608695652173,0.04663359344550876,673,"Yes, you did say that!"
1729,2320,3,15,74,92,1.2282608695652173,0.0515021856246872,673,Two injections a day for one month.  Your maze skills should increase dramatically.
1773,2320,2,17,73,92,1.2282608695652173,0.04912823608557881,673,Use this to contact us from inside the maze. Good luck.
1835,2320,1,19,72,92,1.2282608695652173,0.04663359344550876,673,Here's your prescription for stress.  Blow a house down!
1913,2320,2,17,73,92,1.2282608695652173,0.04912823608557881,673,"No, the diplomas aren't from Johns Hopkins in Baltimore."
1924,2320,1,19,72,92,1.2282608695652173,0.04663359344550876,673,"Don't worry, the side effect is only temporary."
1955,2320,3,15,74,92,1.2282608695652173,0.0515021856246872,673,Take 2 voles and call me in the morning.
1555,2320,4,13,75,92,1.2282608695652173,0.05377142984298545,673,Give me a call if those droppings become more frequent.
1970,2320,6,9,77,92,1.2282608695652173,0.05804437745241002,673,Yes the new pharmacist  is in Baltimore.Why do you ask?
2019,2320,3,15,74,92,1.2282608695652173,0.0515021856246872,673,I'm recommending caseinometaphen; the generic of mozzarella.
2026,2320,1,19,72,92,1.2282608695652173,0.04663359344550876,673,I take this myself and never noticed any side effects.
2039,2320,5,11,76,92,1.2282608695652173,0.05594871053561892,673,"Rat-bite fever. Here's a referral and, again, I'm sorry."
2130,2320,4,13,75,92,1.2282608695652173,0.05377142984298545,673,This is a prescription for real cheese- better than that over-the-counter stuff.
2169,2320,2,17,73,92,1.2282608695652173,0.04912823608557881,673,It’s stronger than Viagra.
2177,2320,3,15,74,92,1.2282608695652173,0.0515021856246872,673,"Take these 3 times a day and get out of the rat race, as you can see we've already won."
2182,2320,1,19,72,92,1.2282608695652173,0.04663359344550876,673,Unlax Jack. You get drugs and I get some cheese. Don't rat me out.
2218,2320,1,19,72,92,1.2282608695652173,0.04663359344550876,673,"If you're seeing what you say you're seeing, you DO need anti-psychotics."
2232,2320,2,17,73,92,1.2282608695652173,0.04912823608557881,673,"Hide two of these in your food each night."""
2017,2320,3,15,74,92,1.2282608695652173,0.0515021856246872,673,"It's off label, but then, so am I."
1545,2320,3,15,74,92,1.2282608695652173,0.0515021856246872,673,"Here, this'll fatten you up."
1592,2320,1,19,72,92,1.2282608695652173,0.04663359344550876,673,Don't know if it will help but it's NOT gonna kill you.
1122,2320,5,11,76,92,1.2282608695652173,0.05594871053561892,673,Will help you survive Washington.
1018,2320,2,17,73,92,1.2282608695652173,0.04912823608557881,673,Handsome is as handsome does. Take this and your nose hair will as beautiful as mine
1060,2320,4,13,75,92,1.2282608695652173,0.05377142984298545,673,Take two capsules tonight and tweet the President in the morning.
1088,2320,2,17,73,92,1.2282608695652173,0.04912823608557881,673,The only side effect is a fondness for cheese.
1102,2320,1,19,72,92,1.2282608695652173,0.04663359344550876,673,"Go on...try it. Trust me, it works quickly."
1119,2320,2,17,73,92,1.2282608695652173,0.04912823608557881,673,"Don't worry, my Aunt tested this one personally."
1537,2320,5,11,76,92,1.2282608695652173,0.05594871053561892,673,Run this maze and call me in the morning.
1200,2320,3,15,74,92,1.2282608695652173,0.0515021856246872,673,I'm prescribing you a healthy dose of rat poison.
1201,2320,3,15,74,92,1.2282608695652173,0.0515021856246872,673,Vermin schermin. Take the pills.
1251,2320,2,17,73,92,1.2282608695652173,0.04912823608557881,673,This admits you to the maze for your experimental treatment.
999,2320,4,13,75,92,1.2282608695652173,0.05377142984298545,673,Well of course I still prescribe warfarin.
1263,2320,1,19,72,92,1.2282608695652173,0.04663359344550876,673,"Listen, I've got some family in Baltimore who can help you out."
1302,2320,3,15,74,92,1.2282608695652173,0.0515021856246872,673,Here you go now Wheres my cheese
1314,2320,2,17,73,92,1.2282608695652173,0.04912823608557881,673,Get out of the race and call me in the morning.
1325,2320,3,15,74,92,1.2282608695652173,0.0515021856246872,673,Give it a try. It tested pretty well with my folks at the lab.
1341,2320,3,15,74,92,1.2282608695652173,0.0515021856246872,673,"Take this prescription twice a day, and the rodent hallucinations should go away in a week or so."
1368,2320,0,21,71,92,1.2282608695652173,0.04399773283251796,673,"I don't take insurance, but I do accept live, wild turkeys."
1406,2320,1,19,72,92,1.2282608695652173,0.04663359344550876,673,"I can vouch there are no side effects. In fact, I've used this medication myself."
1277,2320,2,17,73,92,1.2282608695652173,0.04912823608557881,673,"I know I might look like a Rat, but it's actually Dr. Rat."""
601,2499,2,17,74,93,1.2258064516129032,0.04865904566594242,673,It's a living!
748,2499,3,15,75,93,1.2258064516129032,0.05100447838981256,673,Here's a scrip for rat poison. See you in Baltimore.
1735,2499,2,17,74,93,1.2258064516129032,0.04865904566594242,673,"Your poison, Mr. Bolton, this should cure world peace."
419,2499,3,15,75,93,1.2258064516129032,0.05100447838981256,673,I'm quite certain it's Tuberculosis. Have this filled as soon as possible.
2361,2499,2,17,74,93,1.2258064516129032,0.04865904566594242,673,"You enjoy cheese, correct?"
3226,2499,4,13,76,93,1.2258064516129032,0.05324669855036501,673,Relax. Just follow the script.
2312,2499,4,13,76,93,1.2258064516129032,0.05324669855036501,673,"What, YOU TOO GOOD FOR RAT PILLS!!??!"
1417,2506,4,12,73,89,1.2247191011235956,0.054783464986671616,673,"Look,the side effects are minimal compared to the copay."
719,2506,3,14,72,89,1.2247191011235956,0.0524010059162293,673,"We'll have you back to normal in no time - here's a prescription for 2 colonies with four refills. I'd like you to take 35,000 ants and termites daily."
1211,2508,1,17,67,85,1.223529411764706,0.048439140215612964,673,Don't ask. It's a bad hair day.
1791,2509,1,19,74,94,1.2234042553191489,0.04576369761091057,673,"Trust me, you'll love the maze!"
1726,2509,3,15,76,94,1.2234042553191489,0.05051610849850969,673,"Pussy spread, anyone?"
2367,2509,5,11,78,94,1.2234042553191489,0.0548583486503517,673,Thank you for being part of our research study for the good of  rodentkind.
4056,2512,4,12,74,90,1.2222222222222223,0.054228852872245444,673,You are the 5th maze cleaner I have hired this week.
4416,2512,2,16,72,90,1.2222222222222223,0.04941045135965656,673,Of course it’s effective. I’ve tested a vat of it.
4261,2512,2,16,72,90,1.2222222222222223,0.04941045135965656,673,Sorry your card was declined but do you have any food pellets on you?
4188,2512,3,14,73,90,1.2222222222222223,0.05187562620058012,673,Good luck with my doctors' handwriting.
3779,2512,3,14,73,90,1.2222222222222223,0.05187562620058012,673,"No, the 'M' in your HMO stands for 'Mouse-maintained'."
3590,2512,0,20,70,90,1.2222222222222223,0.04406832108545015,673,"It's a great med, trust me. I was involved in the clinical trial."
3510,2512,3,14,73,90,1.2222222222222223,0.05187562620058012,673,Don't let the jacket and tie fool ya. I know what I'm talkin' about!
3337,2512,4,12,74,90,1.2222222222222223,0.054228852872245444,673,I’ve tried it. It’s perfectly fine.
3258,2512,5,10,75,90,1.2222222222222223,0.05648412497310171,673,All you know is that I'm from Baltimore.
3219,2512,1,18,71,90,1.2222222222222223,0.04681564710038363,673,I warned you there would be side-effects. Try to think of the hallucinations as a free face filter.
3049,2512,4,12,74,90,1.2222222222222223,0.054228852872245444,673,Take two subway pizza slices and see me in the morning.”
2668,2512,2,16,72,90,1.2222222222222223,0.04941045135965656,673,Attorneys are the sharks.   We’re just rats.
2545,2512,2,16,72,90,1.2222222222222223,0.04941045135965656,673,Take two a day while you're in Baltimore.
3077,2512,3,14,73,90,1.2222222222222223,0.05187562620058012,673,Let's try this pan-species medication.
1100,2512,3,14,73,90,1.2222222222222223,0.05187562620058012,673,"It works really well. I took it myself. There are a view side effects, though, I should warn you."
789,2512,4,12,74,90,1.2222222222222223,0.054228852872245444,673,You'll take it for only half a dog-year.
213,2512,1,18,71,90,1.2222222222222223,0.04681564710038363,673,"Well, not all doctors can prescribe, but all prescribing doctors are rats."
186,2512,3,14,73,90,1.2222222222222223,0.05187562620058012,673,Why do you ask about side effects?
184,2512,3,14,73,90,1.2222222222222223,0.05187562620058012,673,You're clearly not eating enough cheese.
18,2512,2,16,72,90,1.2222222222222223,0.04941045135965656,673,"If this works on you, I’ll try it."
1882,2512,3,14,73,90,1.2222222222222223,0.05187562620058012,673,Take 2 D-Con pellets and call me in the morning.
3633,2533,3,14,74,91,1.2197802197802199,0.05136048423833291,673,You can’t keep weaseling your way out of taking your meds.
3608,2533,3,14,74,91,1.2197802197802199,0.05136048423833291,673,"Relax Mr Jones, I assure you “rat poison” is just an expression!"
3589,2533,4,12,75,91,1.2197802197802199,0.05368518962801833,673,"Don't worry, this medication was tested on lab humans.


Susan Elwood..Monterey CA"
3317,2533,2,16,73,91,1.2197802197802199,0.048925444269784596,673,"Don't worry, I tested these pills myself."
2215,2533,4,12,75,91,1.2197802197802199,0.05368518962801833,673,Just in case you ever do have chronic pain.
3094,2533,2,16,73,91,1.2197802197802199,0.048925444269784596,673,Take it with more hay and less alfalfa.
2718,2533,3,14,74,91,1.2197802197802199,0.05136048423833291,673,And it's a much lower dose than I received in the lab.
2745,2533,2,16,73,91,1.2197802197802199,0.048925444269784596,673,Trust me. I tested this one myself.
2857,2533,2,16,73,91,1.2197802197802199,0.048925444269784596,673,I'm sure you can tell that I'm not a quack.....
3639,2533,4,12,75,91,1.2197802197802199,0.05368518962801833,673,Take 20 aspirin and call me in the morning.
2286,2533,5,10,76,91,1.2197802197802199,0.05591332425814558,673,"Thank goodness for technology.
I wasn't able to keep up with all my kids until I had a smartphone."
3653,2533,3,14,74,91,1.2197802197802199,0.05136048423833291,673,Here's a prescription that'll enhance your cognitive abilities...I was in the beta trials.
3834,2533,3,14,74,91,1.2197802197802199,0.05136048423833291,673,"If I still look like a talking rat after taking these, it's you not me."
4570,2533,2,16,73,91,1.2197802197802199,0.048925444269784596,673,I think you’ll find an emotional support animal very beneficial
3844,2533,3,14,74,91,1.2197802197802199,0.05136048423833291,673,"I've never told a patient this but, your eyes are beautiful."
3906,2533,3,14,74,91,1.2197802197802199,0.05136048423833291,673,Here are your opioids. Don't rat me out.
3920,2533,2,16,73,91,1.2197802197802199,0.048925444269784596,673,"Oh, I'll still be a rat, but at this higher dose, having a rodent for a doctor will seem normal."
4066,2533,2,16,73,91,1.2197802197802199,0.048925444269784596,673,Here's a script for some cheddar served on a wet sidewalk in Brooklyn.
4088,2533,5,10,76,91,1.2197802197802199,0.05591332425814558,673,Take this once a day with food. Preferably a block of cheese.
2163,2533,4,12,75,91,1.2197802197802199,0.05368518962801833,673,I've increased the dosage so your trap feels more like a maze.
4205,2533,5,10,76,91,1.2197802197802199,0.05591332425814558,673,take my card anyway for when you’re nearing death and remember rats have the best survival rates of any mammal
4257,2533,1,18,72,91,1.2197802197802199,0.0463626881532505,673,This will really help your maze-solving times
4289,2533,2,16,73,91,1.2197802197802199,0.048925444269784596,673,Don’t worry. It’s just Bubonic Plague. Antibiotics should knock it out in a few days.
4376,2533,2,16,73,91,1.2197802197802199,0.048925444269784596,673,I won the rat race.
4392,2533,2,16,73,91,1.2197802197802199,0.048925444269784596,673,Take this I was one of the lab rats that discovered it.
3796,2533,0,20,71,91,1.2197802197802199,0.043649726328985276,673,And finally this one's for the hallucinations.
2147,2533,2,16,73,91,1.2197802197802199,0.048925444269784596,673,I'll give you the rest when you find all the piggies.
913,2533,2,16,73,91,1.2197802197802199,0.048925444269784596,673,They accept pizza.
2006,2533,1,18,72,91,1.2197802197802199,0.0463626881532505,673,This should help with you urge to mark your territory
389,2533,1,18,72,91,1.2197802197802199,0.0463626881532505,673,Take these twice a day for a week and you'll soon have your bark back!
355,2533,3,14,74,91,1.2197802197802199,0.05136048423833291,673,What did this wolf at your door look like?
43,2533,2,16,73,91,1.2197802197802199,0.048925444269784596,673,Try this rat poison. It worked on my cousin
218,2533,3,14,74,91,1.2197802197802199,0.05136048423833291,673,I needed a high-paying career to put my four turtles through college.
304,2533,2,16,73,91,1.2197802197802199,0.048925444269784596,673,"Look, they're safe. My cousin at Hopkins was in on the trial."
473,2533,3,14,74,91,1.2197802197802199,0.05136048423833291,673,So you're the one who ratted me out!
532,2533,3,14,74,91,1.2197802197802199,0.05136048423833291,673,"Take this at home, in a secluded place, were carnivores will not find your rotting carcass."
567,2533,4,12,75,91,1.2197802197802199,0.05368518962801833,673,"What did you expect; after all, I am a physician in Baltimore."
2047,2533,3,14,74,91,1.2197802197802199,0.05136048423833291,673,Just a little something to help you fight the hallucinations.
616,2533,3,14,74,91,1.2197802197802199,0.05136048423833291,673,Here is your Prescription. I know you take the #6 subway. Stop at 14th and pick it up at the end of the platform.
594,2533,4,12,75,91,1.2197802197802199,0.05368518962801833,673,"Take these pills.  Shit them out, and bring it back to me."
907,2533,3,14,74,91,1.2197802197802199,0.05136048423833291,673,Take this.  Speak up!  The New Yorker is expecting SOMETHING in return for me wearing this ridiculous mask
4423,2533,3,14,74,91,1.2197802197802199,0.05136048423833291,673,Its called Cyclopsadrine.  Take one daily.
1160,2533,2,16,73,91,1.2197802197802199,0.048925444269784596,673,Take this with a chicken...I mean soup.
1307,2533,2,16,73,91,1.2197802197802199,0.048925444269784596,673,What am I? Do YOU know what I am?! Please! I need to know!
1424,2533,3,14,74,91,1.2197802197802199,0.05136048423833291,673,"I promise, when we finish treatment, you will really see me as I really am!"
1517,2533,3,14,74,91,1.2197802197802199,0.05136048423833291,673,"Next time, my advice is to just let the cat sleep."
1518,2533,3,14,74,91,1.2197802197802199,0.05136048423833291,673,"Hey, trust me, I was just a test rat once, but look at me now."
1660,2533,4,12,75,91,1.2197802197802199,0.05368518962801833,673,Take this and don’t worry. I graduated from the medical school of mice and men.
1797,2533,2,16,73,91,1.2197802197802199,0.048925444269784596,673,"Black is my name, Black Death. But dont worry its just the alias I got from the time in my metal band."
1939,2533,4,12,75,91,1.2197802197802199,0.05368518962801833,673,Try this—if you start hallucinating rats call me immediately.
625,2533,2,16,73,91,1.2197802197802199,0.048925444269784596,673,We know risk.
4468,2533,2,16,73,91,1.2197802197802199,0.048925444269784596,673,Good luck with the bureaucratic maze.
1937,2585,3,13,71,87,1.2183908045977012,0.052789817806336056,673,Dr. B. F. Skinner has worked wonders for me.
802,2585,2,15,70,87,1.2183908045977012,0.05019418948109651,673,Here's your new prescription. The side effects are less severe.
986,2585,4,11,72,87,1.2183908045977012,0.055263668629472025,673,So in a parallel universe doctor dog is your vet
4097,2588,1,18,73,92,1.2173913043478262,0.045918161263364475,673,"Fill this script at my Associate the Weasels pharmacy."""
2441,2589,3,13,72,88,1.2159090909090908,0.05224546106377937,673,Take two and squeak me in the morning.
3001,2589,3,13,72,88,1.2159090909090908,0.05224546106377937,673,"It is a prescription for Rodentia, a replacement for the generic placebo that worked too well."
3002,2589,2,15,71,88,1.2159090909090908,0.04968254403624251,673,"Funnily enough, they tested this on me before I went to medical school."
3009,2589,4,11,73,88,1.2159090909090908,0.054688401161677745,673,"Ok, ok, last time I swear....is this your prescription?"
3013,2589,2,15,71,88,1.2159090909090908,0.04968254403624251,673,"So, take this twice-a-day for ten days, and you should be feeling like a rat again in no time at all."
3014,2589,1,17,70,88,1.2159090909090908,0.04698001875328986,673,"I understand, sir, but your insurance doesn't cover human doctors."
3015,2589,4,11,73,88,1.2159090909090908,0.054688401161677745,673,I think you need to Wolf-out more.
3071,2589,1,17,70,88,1.2159090909090908,0.04698001875328986,673,"No,  I didn't personally test it on lab rats."
2384,2589,3,13,72,88,1.2159090909090908,0.05224546106377937,673,Rat face is contagious.  Get yourself some pills.
3124,2589,2,15,71,88,1.2159090909090908,0.04968254403624251,673,It'll put fur on your chest.
3169,2589,3,13,72,88,1.2159090909090908,0.05224546106377937,673,I insist not to give a rat's ass. Call this number if you have complaints.
2966,2589,2,15,71,88,1.2159090909090908,0.04968254403624251,673,"I’ll give you a prescription, but I’m required to warn you: it’s only been approved for use on humans; the definitive testing for rats hasn’t been completed."
3178,2589,2,15,71,88,1.2159090909090908,0.04968254403624251,673,Here's a prescription for blue cheese - lots of penicillin in it!
3193,2589,3,13,72,88,1.2159090909090908,0.05224546106377937,673,"""Trust me. These will help. I worked in labs most of my life."""
3207,2589,3,13,72,88,1.2159090909090908,0.05224546106377937,673,"The nutcracker gig is seasonal...anyway, take 1 tab twice a day and call me in a week if the rash doesn’t clear up."
3277,2589,4,11,73,88,1.2159090909090908,0.054688401161677745,673,Had the same problem.  Take these and stop drinking out of toilet bowl
3327,2589,3,13,72,88,1.2159090909090908,0.05224546106377937,673,You seem a little edgy. I want you to start taking these.
3331,2589,3,13,72,88,1.2159090909090908,0.05224546106377937,673,Here's the prescription for the drug study I volunteered you for.
2383,2589,1,17,70,88,1.2159090909090908,0.04698001875328986,673,Take some time off.  There's a little house in the woods....
3369,2589,3,13,72,88,1.2159090909090908,0.05224546106377937,673,Call me if you feel any more symptoms of frail humanity
3377,2589,1,17,70,88,1.2159090909090908,0.04698001875328986,673,Why ever would you think it's experimental?
3392,2589,1,17,70,88,1.2159090909090908,0.04698001875328986,673,“Scientists had great results testing this drug on my extended  family”
3397,2589,4,11,73,88,1.2159090909090908,0.054688401161677745,673,"No, I specialize in bubonic plague, the tick's down the hall."
3188,2589,3,13,72,88,1.2159090909090908,0.05224546106377937,673,"Here's my card. And yes, I know what the president said, but really I'm the only one of my species in Baltimore with a medical degree."
3408,2589,3,13,72,88,1.2159090909090908,0.05224546106377937,673,Just follow the instructions on the prescription and you'll be able to cope with the rat race much easier.
2776,2589,2,15,71,88,1.2159090909090908,0.04968254403624251,673,"You can get this filled at the pharmacy.
Just go around back by the dumpster."
2755,2589,4,11,73,88,1.2159090909090908,0.054688401161677745,673,It's a prescription for CBD infused cheese.
2467,2589,4,11,73,88,1.2159090909090908,0.054688401161677745,673,"Don’t worry, the pharmacy will know it’s viagra."
2472,2589,1,17,70,88,1.2159090909090908,0.04698001875328986,673,Eat more cheese.
2473,2589,3,13,72,88,1.2159090909090908,0.05224546106377937,673,"' Three of us did a blind study,  and it's been proven safe and effective!'"
2499,2589,2,15,71,88,1.2159090909090908,0.04968254403624251,673,"What do you mean when you say ""I smell a rat?"""
2532,2589,2,15,71,88,1.2159090909090908,0.04968254403624251,673,My handwriting isn't that bad.
2537,2589,2,15,71,88,1.2159090909090908,0.04968254403624251,673,"Here's a prescription for eye drops.  Three times a day, for a week.  Then let me know if the condition persists."
2549,2589,2,15,71,88,1.2159090909090908,0.04968254403624251,673,"Take this to the lab for some tests I’d like you to take. For  your  participation, there will be some cheesy rewards."
2551,2589,4,11,73,88,1.2159090909090908,0.054688401161677745,673,It's a mole.
2559,2589,2,15,71,88,1.2159090909090908,0.04968254403624251,673,Relax - it's been tested on humans.
2560,2589,0,19,69,88,1.2159090909090908,0.044112233475599005,673,This prescription is for a great new wonder drug … tested it myself.
2770,2589,1,17,70,88,1.2159090909090908,0.04698001875328986,673,Take this too. I'm behind on my kickback quotas.
2579,2589,3,13,72,88,1.2159090909090908,0.05224546106377937,673,No it's not a mask
2604,2589,3,13,72,88,1.2159090909090908,0.05224546106377937,673,"""Your CATastrophic insurance should cover this"""
2625,2589,3,13,72,88,1.2159090909090908,0.05224546106377937,673,"Take these twice a day, it will keep the wolf from
The door !"
2641,2589,2,15,71,88,1.2159090909090908,0.04968254403624251,673,"Right now, I'm departing from my role as M.D., and using the powers of hypnosis to convince you that you are a mouse. Is it working?"
2643,2589,3,13,72,88,1.2159090909090908,0.05224546106377937,673,Its an office maze anti-depressant
2680,2589,2,15,71,88,1.2159090909090908,0.04968254403624251,673,"Doctors and nurses got too expensive for the business.  Plus, they figured we could inform on anyone trying to unionize."
2438,2589,2,15,71,88,1.2159090909090908,0.04968254403624251,673,How's it feel to be the Lab Rat now?   Wanna try the eye chart again?
2686,2589,2,15,71,88,1.2159090909090908,0.04968254403624251,673,"I used to be ‘the wolf at your door’, but we no longer make house calls."
2705,2589,2,15,71,88,1.2159090909090908,0.04968254403624251,673,Take these after surgery. I'll probably bite you.
2716,2589,3,13,72,88,1.2159090909090908,0.05224546106377937,673,You may find yourself howling at the moon
2720,2589,2,15,71,88,1.2159090909090908,0.04968254403624251,673,"Thanks again for leaving your cat at home today Bill. I know how attached you are to ""Fluffy""  and take her everywhere but for some strange reason she just gives me the creeps."
2598,2589,4,11,73,88,1.2159090909090908,0.054688401161677745,673,Take 20 milligrams of Wolfsbane and call me in the ... no need to call.
3417,2589,2,15,71,88,1.2159090909090908,0.04968254403624251,673,"Believe me,I've used this drug for years and the side effects are minimal."
4142,2589,2,15,71,88,1.2159090909090908,0.04968254403624251,673,"Look - crack is no longer wack. Plus, I'm a doctor."
3438,2589,1,17,70,88,1.2159090909090908,0.04698001875328986,673,Did I say “strychnine”?
4030,2589,2,15,71,88,1.2159090909090908,0.04968254403624251,673,Excuse me? Exactly what is wrong with “weaseling” money out of you?
4048,2589,2,15,71,88,1.2159090909090908,0.04968254403624251,673,Do I look like a holistic doctor?
4064,2589,4,11,73,88,1.2159090909090908,0.054688401161677745,673,"No, I don't want you to take the opioids, I want you to flush them down the toilet so my brother's can get them for free"
4096,2589,4,11,73,88,1.2159090909090908,0.054688401161677745,673,"I'm doing this for you as a favor, Lenny, but if you tell anyone-- well, let's just say that I know some guys."
4113,2589,0,19,69,88,1.2159090909090908,0.044112233475599005,673,"Come on Doc, what RATe are you getting on this?"
4140,2589,0,19,69,88,1.2159090909090908,0.044112233475599005,673,"No, it was not tested on me first."
2378,2589,3,13,72,88,1.2159090909090908,0.05224546106377937,673,"If you can't tell what animal I am, take these pills."
4156,2589,5,9,74,88,1.2159090909090908,0.05702678529843941,673,"I took this back when I was in the lab, and I feel a lot more human now"
4204,2589,3,13,72,88,1.2159090909090908,0.05224546106377937,673,"Of course, it works.  I've had this treatment several times."
4218,2589,2,15,71,88,1.2159090909090908,0.04968254403624251,673,‘Avoid all red meat - eat only lamb; it works for me.’
4223,2589,1,17,70,88,1.2159090909090908,0.04698001875328986,673,"Take three a day with cheese, it's worked wonders on me."
4273,2589,1,17,70,88,1.2159090909090908,0.04698001875328986,673,Take these and you will be scampering everywhere! Only problem - you leave little pellets all over the house.
4316,2589,2,15,71,88,1.2159090909090908,0.04968254403624251,673,Don’t worry. It’s been tested extensively.
4336,2589,1,17,70,88,1.2159090909090908,0.04698001875328986,673,And don't believe anything people say about me!
4349,2589,4,11,73,88,1.2159090909090908,0.054688401161677745,673,"Try this, it worked in a human model of disease."
4350,2589,1,17,70,88,1.2159090909090908,0.04698001875328986,673,"Yes, I am a lab rat. So?"
4362,2589,3,13,72,88,1.2159090909090908,0.05224546106377937,673,"Here, take these three times a day with cheese."
4379,2589,4,11,73,88,1.2159090909090908,0.054688401161677745,673,"OK, 15 apiece, do it for Bill & Hillary"
4433,2589,1,17,70,88,1.2159090909090908,0.04698001875328986,673,I appear to have a problem with the mouse!
4444,2589,3,13,72,88,1.2159090909090908,0.05224546106377937,673,"Here's your prescription for ""Rat""talin, that should calm you down."
4471,2589,1,17,70,88,1.2159090909090908,0.04698001875328986,673,I recommend you get plastic surgery as soon as possible
4495,2589,3,13,72,88,1.2159090909090908,0.05224546106377937,673,It's a race and you need a job.
4573,2589,1,17,70,88,1.2159090909090908,0.04698001875328986,673,"I want you to gnaw one of these every morning, one before bed."
4018,2589,1,17,70,88,1.2159090909090908,0.04698001875328986,673,Take two daily; they're good for bubonic.
3435,2589,1,17,70,88,1.2159090909090908,0.04698001875328986,673,I’ve used this myself with no side-effects.
4014,2589,2,15,71,88,1.2159090909090908,0.04968254403624251,673,"Take these pills, and you'll stop seeing rats everywhere."
3978,2589,2,15,71,88,1.2159090909090908,0.04968254403624251,673,"What didn't kill me, will make you stronger."
3444,2589,3,13,72,88,1.2159090909090908,0.05224546106377937,673,Just try it. Look how much it helped me.
3455,2589,2,15,71,88,1.2159090909090908,0.04968254403624251,673,This prescription will help you be comfortable with the fact that I'm really a rat in doctor's clothing!
3494,2589,1,17,70,88,1.2159090909090908,0.04698001875328986,673,I'm prescribing the generic cheddar.
3544,2589,2,15,71,88,1.2159090909090908,0.04968254403624251,673,So you don't like my offer to gnaw it off? Take this and let me know if you change your mind.
3549,2589,1,17,70,88,1.2159090909090908,0.04698001875328986,673,How do you think I got through the maze?
3560,2589,2,15,71,88,1.2159090909090908,0.04968254403624251,673,These pills will cure your depression. My expertise is understanding the rat race.
3564,2589,2,15,71,88,1.2159090909090908,0.04968254403624251,673,"If it works for you, then we'll try it in the lab."
3600,2589,3,13,72,88,1.2159090909090908,0.05224546106377937,673,"Here's your prescription for Warfarin, and stop calling it rat poison."
3634,2589,3,13,72,88,1.2159090909090908,0.05224546106377937,673,Substitute soy based cheese for dairy. I find it gives less gastric upset.
3648,2589,2,15,71,88,1.2159090909090908,0.04968254403624251,673,Take your medication or the hallucinations will continue.
3667,2589,2,15,71,88,1.2159090909090908,0.04968254403624251,673,We do most of our testing on rats.
3675,2589,2,15,71,88,1.2159090909090908,0.04968254403624251,673,"Trust me, take this instead, your last doctor was a weasel."
3712,2589,2,15,71,88,1.2159090909090908,0.04968254403624251,673,You can get this prescription filled in the alley out back.
3715,2589,2,15,71,88,1.2159090909090908,0.04968254403624251,673,"Well yes, you might start craving field mice taking this...why do you ask?..."
3764,2589,4,11,73,88,1.2159090909090908,0.054688401161677745,673,Trust me. Nine of of ten rat-doctors recommend this medication.
3787,2589,3,13,72,88,1.2159090909090908,0.05224546106377937,673,No worries. I tested this drug myself.
3799,2589,2,15,71,88,1.2159090909090908,0.04968254403624251,673,Here is my card.  We may have a desk for you when you are ready to transition.
3831,2589,1,17,70,88,1.2159090909090908,0.04698001875328986,673,Cut down cheeses and run more mazes.
3887,2589,2,15,71,88,1.2159090909090908,0.04968254403624251,673,Take these for a squeak.
3911,2589,2,15,71,88,1.2159090909090908,0.04968254403624251,673,Now who's the rat?
3916,2589,3,13,72,88,1.2159090909090908,0.05224546106377937,673,"That will be two pounds of Limburger and three boxes of 
Cheez-its."
3939,2589,3,13,72,88,1.2159090909090908,0.05224546106377937,673,This prescription is one that I would give to myself if I had your symptoms.
3946,2589,3,13,72,88,1.2159090909090908,0.05224546106377937,673,"A few minimal side effects, took it myself."
3983,2589,3,13,72,88,1.2159090909090908,0.05224546106377937,673,Takes these pills and you will be able to lick your butt like me.
2369,2589,1,17,70,88,1.2159090909090908,0.04698001875328986,673,"Of course it’s safe, it was tested on my brother."
2858,2589,4,11,73,88,1.2159090909090908,0.054688401161677745,673,"Of course, it’s a good prescription! Who would know better than me? I was the test subject!"
2320,2589,0,19,69,88,1.2159090909090908,0.044112233475599005,673,"Yeah, Uncle Pizza Rat put me through med school.  Here’s his card; call him."
637,2589,4,11,73,88,1.2159090909090908,0.054688401161677745,673,"Side effects include impaired eyesight, and paranoia"
643,2589,1,17,70,88,1.2159090909090908,0.04698001875328986,673,"This  is a prescription for Warfarin.  It  seems to helps your species  but for me it is just ""rat poison""."
644,2589,5,9,74,88,1.2159090909090908,0.05702678529843941,673,Here's a prescription for warfarin.
687,2589,2,15,71,88,1.2159090909090908,0.04968254403624251,673,Side effects may include a burning desire for cheese.
694,2589,1,17,70,88,1.2159090909090908,0.04698001875328986,673,"Seriously Doc, you’ve got to stop coming straight to work from Epstein’s Eyes Wide Shut parties!"
697,2589,2,15,71,88,1.2159090909090908,0.04968254403624251,673,"Trust me, the side effects are overblown.  I take it myself."
712,2589,3,13,72,88,1.2159090909090908,0.05224546106377937,673,Take it from me. Follow these directions implicitly.
803,2589,2,15,71,88,1.2159090909090908,0.04968254403624251,673,It’s okay—you’re just a little horse.
815,2589,1,17,70,88,1.2159090909090908,0.04698001875328986,673,"Works great, made my wife into a real pussy cat"
839,2589,4,11,73,88,1.2159090909090908,0.054688401161677745,673,"No, No, I'm Karl Samsa.  Your thinking of Gregor."
623,2589,2,15,71,88,1.2159090909090908,0.04968254403624251,673,This prescription will take care of the hallucinations or my name isn't Dr. Fink!
879,2589,3,13,72,88,1.2159090909090908,0.05224546106377937,673,"Try this new drug, I was involved with the testing program myself."
904,2589,3,13,72,88,1.2159090909090908,0.05224546106377937,673,Just because I'm not human means I should charge you less?
918,2589,1,17,70,88,1.2159090909090908,0.04698001875328986,673,I recommend this medication - it's been tested on me.
924,2589,3,13,72,88,1.2159090909090908,0.05224546106377937,673,Don't be intimidated by my framed college degrees.
951,2589,4,11,73,88,1.2159090909090908,0.054688401161677745,673,"Is it safe?  Of course it’s safe. Confidentially, I’ve been on the same stuff for years and just look at me."
1004,2589,3,13,72,88,1.2159090909090908,0.05224546106377937,673,"Yes, the transition was difficult - why do you ask?”"
1027,2589,2,15,71,88,1.2159090909090908,0.04968254403624251,673,This prescription will help suppress your delusion of being a human.
1055,2589,1,17,70,88,1.2159090909090908,0.04698001875328986,673,I suggest you take this to a pet friendly drug store.
1065,2589,1,17,70,88,1.2159090909090908,0.04698001875328986,673,"Here's my card. Trust me, we do the best GMO research on the planet."
1094,2589,2,15,71,88,1.2159090909090908,0.04968254403624251,673,"If the hallucinations continue, feel free to call this number after hours."
1096,2589,1,17,70,88,1.2159090909090908,0.04698001875328986,673,"Trust me, go give this to your grandma. I'm a doctor."
888,2589,2,15,71,88,1.2159090909090908,0.04968254403624251,673,"When you return next week, Mr. Hood, I'd like you to bring your wife, Red Riding, with you. Better to SEE her too."
618,2589,2,15,71,88,1.2159090909090908,0.04968254403624251,673,"No, I’m not sure if it’s safe, we had to stop testing on humans"
610,2589,1,17,70,88,1.2159090909090908,0.04698001875328986,673,"It's highly effective, but we need a human canidate to test on."
602,2589,4,11,73,88,1.2159090909090908,0.054688401161677745,673,"I know what this looks like, but trust me: it's the pharmacies that are the real rats."
2368,2589,4,11,73,88,1.2159090909090908,0.054688401161677745,673,What doesn’t kill you makes me stronger.
2,2589,4,11,73,88,1.2159090909090908,0.054688401161677745,673,Here's the number of a guy I know who studies your condition.
33,2589,2,15,71,88,1.2159090909090908,0.04968254403624251,673,I've used this myself and I never experienced any side-effects.
146,2589,2,15,71,88,1.2159090909090908,0.04968254403624251,673,I can vouch for this drug.
203,2589,2,15,71,88,1.2159090909090908,0.04968254403624251,673,Why would you think you'd get hooked on these?
215,2589,3,13,72,88,1.2159090909090908,0.05224546106377937,673,"Even after FDA approval, we are all part of one big longitudinal clinical trial."
240,2589,4,11,73,88,1.2159090909090908,0.054688401161677745,673,It's Fantastic Dr. Fox these days.
293,2589,4,11,73,88,1.2159090909090908,0.054688401161677745,673,This should clear up your catarats in days...
315,2589,1,17,70,88,1.2159090909090908,0.04698001875328986,673,I’d like to see you again in a week but also... I feel there’s something you need to say but haven’t. I think I can guess but why don’t you tell me?
360,2589,2,15,71,88,1.2159090909090908,0.04968254403624251,673,Side effects may include hallucinations.
397,2589,3,13,72,88,1.2159090909090908,0.05224546106377937,673,Take two of these and the hallucinations should stop - or I could become a shark.
422,2589,3,13,72,88,1.2159090909090908,0.05224546106377937,673,I highly recommend this drug. I was even an early test subject for it.
439,2589,3,13,72,88,1.2159090909090908,0.05224546106377937,673,"Don’t get catty with me, sir."
456,2589,3,13,72,88,1.2159090909090908,0.05224546106377937,673,"This drug isn't FDA approved but trust me, it's been tested."
468,2589,4,11,73,88,1.2159090909090908,0.054688401161677745,673,"You wouldn't believe what a rat race med school was."""
474,2589,1,17,70,88,1.2159090909090908,0.04698001875328986,673,"If this final treatment does not gain the desired results, you can still live a  fruitful life among people of your own kind."
493,2589,1,17,70,88,1.2159090909090908,0.04698001875328986,673,I got these free from a pharmaceutical salesperson so I know it's good stuff.
496,2589,3,13,72,88,1.2159090909090908,0.05224546106377937,673,You need a cheese free diet
498,2589,4,11,73,88,1.2159090909090908,0.054688401161677745,673,"Here's the card of my contemporary in Baltimore."""
521,2589,1,17,70,88,1.2159090909090908,0.04698001875328986,673,Take two of these once a month and limit your exposure to the Moon.
523,2589,4,11,73,88,1.2159090909090908,0.054688401161677745,673,We are an upward bound firm. Shaving is out of style.
538,2589,4,11,73,88,1.2159090909090908,0.054688401161677745,673,"Yes - Donald J. Trump, why?"
555,2589,1,17,70,88,1.2159090909090908,0.04698001875328986,673,You should have seen my handwriting before the accident.
1214,2589,4,11,73,88,1.2159090909090908,0.054688401161677745,673,"I assure you, Frank, this drug has been thoroughly lab-tested and approved. I take it myself."
1237,2589,2,15,71,88,1.2159090909090908,0.04968254403624251,673,It's cheddar.
651,2589,3,13,72,88,1.2159090909090908,0.05224546106377937,673,"Relax, it worked on my cousins in the lab."
1264,2589,3,13,72,88,1.2159090909090908,0.05224546106377937,673,You can trust me.  I've eaten garbage from both Harvard and Yale.
1912,2589,2,15,71,88,1.2159090909090908,0.04968254403624251,673,"Sorry, it's a bit of a maze to get out of here."
1938,2589,2,15,71,88,1.2159090909090908,0.04968254403624251,673,Trust me. Less than 5% of the people who take this experience side effects.
1947,2589,2,15,71,88,1.2159090909090908,0.04968254403624251,673,I'm sending you to a specialist. He has a nose for these things.
1982,2589,2,15,71,88,1.2159090909090908,0.04968254403624251,673,Tell them Dr. Rizzo sent you.
1993,2589,2,15,71,88,1.2159090909090908,0.04968254403624251,673,"Did you order a pizza with extra cheese? If you did, I’ll have to deny we have a relationship!"
1997,2589,3,13,72,88,1.2159090909090908,0.05224546106377937,673,baltimore doctor ?
2007,2589,2,15,71,88,1.2159090909090908,0.04968254403624251,673,Take one pill of cheddar twice a day.
2008,2589,3,13,72,88,1.2159090909090908,0.05224546106377937,673,"No, we don't take your insurance, but I am willing to barter for livestock."
2030,2589,2,15,71,88,1.2159090909090908,0.04968254403624251,673,It was like the Pixar movie Ratatouille except I was in a surgeon's scrub cap
2031,2589,3,13,72,88,1.2159090909090908,0.05224546106377937,673,If these pills don't work I strongly suggest getting out of this rat race.
2062,2589,3,13,72,88,1.2159090909090908,0.05224546106377937,673,"Believe me, I had the same thing. This prescription should fix you right up."
2085,2589,1,17,70,88,1.2159090909090908,0.04698001875328986,673,Take two and call an exterminator in the morning.
2088,2589,5,9,74,88,1.2159090909090908,0.05702678529843941,673,Welcome to Baltimore.  This will get you one can of Raid.
2096,2589,4,11,73,88,1.2159090909090908,0.054688401161677745,673,Take two aspirin and avoid fox hunting
2099,2589,4,11,73,88,1.2159090909090908,0.054688401161677745,673,That’s not even funny. I never suspected you’d rat me out.
2120,2589,4,11,73,88,1.2159090909090908,0.054688401161677745,673,"Okay,  you try it!"
2143,2589,3,13,72,88,1.2159090909090908,0.05224546106377937,673,"This pill has been proven to kill vermin, but I'm sure it's safe for you and your paranoia."
2162,2589,3,13,72,88,1.2159090909090908,0.05224546106377937,673,"Was this prescription written by a 9-foot, four-fingered rodent!?"
2202,2589,1,17,70,88,1.2159090909090908,0.04698001875328986,673,Don't worry. This is a lighter dose.
1259,2589,2,15,71,88,1.2159090909090908,0.04968254403624251,673,Here’s a prescription that will help with your hallucinations.
2263,2589,2,15,71,88,1.2159090909090908,0.04968254403624251,673,Another appointment or two and we'll ferret out your problem.
2281,2589,2,15,71,88,1.2159090909090908,0.04968254403624251,673,"Hey man, ketamine is legal now. I think it's for anxiety or something. I don't know. Anyway, this one is on me."
2319,2589,2,15,71,88,1.2159090909090908,0.04968254403624251,673,"try cutting out the midnight trips to the bodega, okay?"
1907,2589,2,15,71,88,1.2159090909090908,0.04968254403624251,673,Here's your new prescription. It's been safely tested in mice.
1872,2589,2,15,71,88,1.2159090909090908,0.04968254403624251,673,I've got a cousin uptown if you want a second opinion.
2243,2589,4,11,73,88,1.2159090909090908,0.054688401161677745,673,"Yes, I’m prescribing cheese!
Wash it down with bacon and peanut butter."
1832,2589,3,13,72,88,1.2159090909090908,0.05224546106377937,673,Call the rat catcher and I'll kill you !
1265,2589,3,13,72,88,1.2159090909090908,0.05224546106377937,673,Try this. We have no clue as to whether it works or not
1838,2589,2,15,71,88,1.2159090909090908,0.04968254403624251,673,"This is a prescription to play dead and the problem resolves itself"""
1285,2589,1,17,70,88,1.2159090909090908,0.04698001875328986,673,"Yes, this medication has been tested on lab humans."
1305,2589,2,15,71,88,1.2159090909090908,0.04968254403624251,673,Here's your prescription. Eat more squirrels.
1315,2589,3,13,72,88,1.2159090909090908,0.05224546106377937,673,"The Gouda's generic; the Brie, domestic."
1337,2589,1,17,70,88,1.2159090909090908,0.04698001875328986,673,Here’s the great white shark repellent for your Bahamas dives.
1382,2589,3,13,72,88,1.2159090909090908,0.05224546106377937,673,This should work it has only been tested on humans.
1415,2589,3,13,72,88,1.2159090909090908,0.05224546106377937,673,This psychologist will help you with your hallucinations.
1471,2589,1,17,70,88,1.2159090909090908,0.04698001875328986,673,Take my word for it. The side effects are limited to an insatiable appetite for cheese and aversion to cats.
1480,2589,2,15,71,88,1.2159090909090908,0.04968254403624251,673,This is tonight's special
1534,2589,1,17,70,88,1.2159090909090908,0.04698001875328986,673,"It's perfectly safe. We tested on humans"""
1323,2589,3,13,72,88,1.2159090909090908,0.05224546106377937,673,This should take care of your pest problem.
1549,2589,1,17,70,88,1.2159090909090908,0.04698001875328986,673,"Take this once a day, and if you keep having weird visions come back and see me."
1575,2589,4,11,73,88,1.2159090909090908,0.054688401161677745,673,I have something important to tell you.
1600,2589,0,19,69,88,1.2159090909090908,0.044112233475599005,673,These anticoagulants should help with the paranoia and hallucinations.
1654,2589,3,13,72,88,1.2159090909090908,0.05224546106377937,673,"3 mozzarella wheels 3 times a day. This coupon is expired, but they’re adorably susceptible to gaslighting."
1682,2589,1,17,70,88,1.2159090909090908,0.04698001875328986,673,Take it with food - preferably rabbits.
1713,2589,1,17,70,88,1.2159090909090908,0.04698001875328986,673,These pills are guaranteed to make you bright-eyed and bushy-tailed.
1825,2589,4,11,73,88,1.2159090909090908,0.054688401161677745,673,Take two Mini Babybels and call me in the morning.
1727,2589,3,13,72,88,1.2159090909090908,0.05224546106377937,673,This ticket is good for one free tour of the maze.
1536,2589,3,13,72,88,1.2159090909090908,0.05224546106377937,673,Get on the wheel more and lay off the pizza.
1786,2589,5,9,74,88,1.2159090909090908,0.05702678529843941,673,The good news is that you have nothing serious.  The bad news is that I’m about to eat you.
3447,2798,3,12,69,84,1.2142857142857142,0.05375041813985263,673,"If it worked for me, it'll work for you."
2244,2799,3,13,73,89,1.2134831460674158,0.05171203292685246,673,"Call this guy, he's human."
4435,2799,3,13,73,89,1.2134831460674158,0.05171203292685246,673,"Trust me, you'll need to fill this prescription before the next full moon."
3434,2799,1,17,71,89,1.2134831460674158,0.04651246198172614,673,I'm prescribing this experimental drug. I had no side effects
1916,2799,3,13,73,89,1.2134831460674158,0.05171203292685246,673,Sure it’s safe. I take it all the time.
3403,2799,2,15,72,89,1.2134831460674158,0.04918100989726316,673,"When you have a panic attack, take one of these and scurry back into the wall."
1143,2799,3,13,73,89,1.2134831460674158,0.05171203292685246,673,"Bubonic? Nah, it's not life threatening. I've had several times myself."
548,2799,4,11,74,89,1.2134831460674158,0.054124827614885296,673,You appear to have caught that bug that's going around Baltimore.
793,2799,3,13,73,89,1.2134831460674158,0.05171203292685246,673,"Look, my cousin is way more relaxed now when he is forced to swim. I think this could really help."
630,2799,3,13,73,89,1.2134831460674158,0.05171203292685246,673,"A prescription for Vitamin K1 in case you need it.  Three times a week on the wheel, and keep working the maze to stay sharp."
1089,2799,2,15,72,89,1.2134831460674158,0.04918100989726316,673,I am afraid you'll have to come through proper channel for mutation
3041,2809,4,10,71,85,1.2117647058823529,0.05574581580323583,673,I've tried it many times myself.
3060,2809,4,10,71,85,1.2117647058823529,0.05574581580323583,673,"Take this to your preferred fromager"""
3097,2809,3,12,70,85,1.2117647058823529,0.053174090822038236,673,Here is the guy who grooms my facial hair.
3108,2809,1,16,68,85,1.2117647058823529,0.047615752069189415,673,I'd like you to take part in an experiment....
2951,2809,0,18,67,85,1.2117647058823529,0.04457743599957931,673,"Take it from a lab rat, this cure works."
2920,2809,5,8,72,85,1.2117647058823529,0.058204020689177696,673,take 2 and we'll see if you call me in the morning
2507,2809,0,18,67,85,1.2117647058823529,0.04457743599957931,673,My colleagues said the side effects aren't too bad.
2887,2809,2,14,69,85,1.2117647058823529,0.05047149581627677,673,I'm prescribing you warfarin for your heart condition. Wouldn't touch the stuff myself but I think you'll find it very helpful.
2859,2809,4,10,71,85,1.2117647058823529,0.05574581580323583,673,"Welcome to the CosLab, I think you'll fit right in."
2743,2809,2,14,69,85,1.2117647058823529,0.05047149581627677,673,"As a lab rat, I know side effects may include anthropomorphizing your drug dealer."
3197,2809,1,16,68,85,1.2117647058823529,0.047615752069189415,673,"I know appointment cards are obsolete these days, but they keep printing them so I keep handing them out."
2504,2809,2,14,69,85,1.2117647058823529,0.05047149581627677,673,My vet says this stuff works great.
2469,2809,1,16,68,85,1.2117647058823529,0.047615752069189415,673,I helped out a bit with the FDA testing on it.
2449,2809,4,10,71,85,1.2117647058823529,0.05574581580323583,673,It's your conscience; it is a very personal decision. I found these are the only thing that keeps mine quiet.
2900,2809,3,12,70,85,1.2117647058823529,0.053174090822038236,673,One slide of cheddar every three hours for a month and you'll soon feel gRATe again.
3304,2809,2,14,69,85,1.2117647058823529,0.05047149581627677,673,"""Take 1 kilogram of Roquefort before bed and I'll see you next month"""
4329,2809,1,16,68,85,1.2117647058823529,0.047615752069189415,673,And our co-pay is much lower than your average PPO.
3379,2809,2,14,69,85,1.2117647058823529,0.05047149581627677,673,"If you can figure out what species I am, you're hired!"
4453,2809,3,12,70,85,1.2117647058823529,0.053174090822038236,673,I'm referring you to a mole who specializes in moles.
2106,2809,3,12,70,85,1.2117647058823529,0.053174090822038236,673,It's only a temporary side effect. In a week you'll look like me again.
4449,2809,3,12,70,85,1.2117647058823529,0.053174090822038236,673,Take these three times a day and you’ll be looking like your old rat self again in no time.
4417,2809,3,12,70,85,1.2117647058823529,0.053174090822038236,673,Here’s a prescription for a new drug. It’s very safe. As a matter of fact I use it myself
4394,2809,0,18,67,85,1.2117647058823529,0.04457743599957931,673,Take two and squeak for me in the morning.
4324,2809,4,10,71,85,1.2117647058823529,0.05574581580323583,673,Stop taking the PCP.  Take this prescription for Oxycodone instead.
3314,2809,1,16,68,85,1.2117647058823529,0.047615752069189415,673,"Really.... thousands of us have tried this without apparent any side effects .  Um, so far"
4169,2809,1,16,68,85,1.2117647058823529,0.047615752069189415,673,These opioids are recommended by Little Red Riding Hood.
3872,2809,3,12,70,85,1.2117647058823529,0.053174090822038236,673,"It will do more than mitigate, it will exterminate."
3869,2809,3,12,70,85,1.2117647058823529,0.053174090822038236,673,I'll take the co-pay in cheese.
3686,2809,3,12,70,85,1.2117647058823529,0.053174090822038236,673,Anxiety? Take this. You are not allergic to cheese right?
3605,2809,1,16,68,85,1.2117647058823529,0.047615752069189415,673,Here's the card of a good exterminator
3545,2809,2,14,69,85,1.2117647058823529,0.05047149581627677,673,Do one maze in the morning and one before bed.
3449,2809,2,14,69,85,1.2117647058823529,0.05047149581627677,673,"Look into my eyes, look into my eyes...you now are in a deep sleep. Where's the cheese?"
4168,2809,4,10,71,85,1.2117647058823529,0.05574581580323583,673,"My relatives have tested this for months, trust me it's safe."
2038,2809,4,10,71,85,1.2117647058823529,0.05574581580323583,673,"Now be careful, this cheddar has been known to be quite addictive."
383,2809,3,12,70,85,1.2117647058823529,0.053174090822038236,673,"If you're not happy with our services, my brother is a lawyer"
1722,2809,4,10,71,85,1.2117647058823529,0.05574581580323583,673,"Don’t worry, I’ve been doing open chests for a long time."
1869,2809,2,14,69,85,1.2117647058823529,0.05047149581627677,673,"Just don't rat me out, ok?"
72,2809,3,12,70,85,1.2117647058823529,0.053174090822038236,673,Take this twice a day and lay of the Acid.
91,2809,2,14,69,85,1.2117647058823529,0.05047149581627677,673,Nothing to worry about. I take this myself!
211,2809,4,10,71,85,1.2117647058823529,0.05574581580323583,673,Here's the number of my pig guy.
379,2809,3,12,70,85,1.2117647058823529,0.053174090822038236,673,You may be in the control group which has no risk of sterilization.
391,2809,3,12,70,85,1.2117647058823529,0.053174090822038236,673,"I'm giving you a prescription for cheese, specifically Swiss."
409,2809,3,12,70,85,1.2117647058823529,0.053174090822038236,673,"Come on, just take it--you think I'd bite you?"
440,2809,2,14,69,85,1.2117647058823529,0.05047149581627677,673,I'm an honorary member of the Rat Pack
542,2809,3,12,70,85,1.2117647058823529,0.053174090822038236,673,"My prescription to all anti-Trumpers is to start watching ""Fox & Friends!"
589,2809,3,12,70,85,1.2117647058823529,0.053174090822038236,673,"I SAID, go to the maze room."
598,2809,3,12,70,85,1.2117647058823529,0.053174090822038236,673,"Actually, what's more ironic is that I really do hope you get better."
660,2809,1,16,68,85,1.2117647058823529,0.047615752069189415,673,Here - this got me through lab residency.
859,2809,1,16,68,85,1.2117647058823529,0.047615752069189415,673,I recommend you take this drug with a piece of cheese.
877,2809,2,14,69,85,1.2117647058823529,0.05047149581627677,673,"This'll help, it's called ratatouli."
44,2809,2,14,69,85,1.2117647058823529,0.05047149581627677,673,"Trust me, a quarter pound of Gouda should take care of that"
1173,2809,1,16,68,85,1.2117647058823529,0.047615752069189415,673,Here you can buy the same mouse costume.
1000,2809,3,12,70,85,1.2117647058823529,0.053174090822038236,673,Woof! Woof!
1630,2809,0,18,67,85,1.2117647058823529,0.04457743599957931,673,"Take one every morning and night. And until they work, might I suggest a nice brie."
1627,2809,3,12,70,85,1.2117647058823529,0.053174090822038236,673,I'm prescribing a five day course of sharp cheddar.
1663,2809,4,10,71,85,1.2117647058823529,0.05574581580323583,673,It slides down easiest with some raw elk.
1569,2809,4,10,71,85,1.2117647058823529,0.05574581580323583,673,Here's your ticket to the rat race . . .
1491,2809,1,16,68,85,1.2117647058823529,0.047615752069189415,673,"...and speaking from personal experience, at this dosage it will really boost your maze game."
1562,2809,2,14,69,85,1.2117647058823529,0.05047149581627677,673,And I strongly advise that you avoid being human as often as possible. It’s almost as bad for you as you are for the planet.
1328,2809,3,12,70,85,1.2117647058823529,0.053174090822038236,673,"Warfarin, at breakfast and dinner!"""
1327,2809,3,12,70,85,1.2117647058823529,0.053174090822038236,673,This is the generic for Milk Bone. It’ll save you a few bucks.
1306,2809,2,14,69,85,1.2117647058823529,0.05047149581627677,673,Take two D-cons and call me in the morning.
1209,2809,3,12,70,85,1.2117647058823529,0.053174090822038236,673,Take this to the pharmacy window. Just turn right and go through the maze.
1191,2809,3,12,70,85,1.2117647058823529,0.053174090822038236,673,"He's on the other side of the city, but he's the best barber in Baltimore."
1180,2809,2,14,69,85,1.2117647058823529,0.05047149581627677,673,Eat two of your young and call me in the morning.
1391,2809,2,14,69,85,1.2117647058823529,0.05047149581627677,673,Take two gouda and call me in the morning.
3103,2875,1,16,69,86,1.2093023255813953,0.047123202233282736,673,What did you expect when you made an appointment with Dr. Rat?
3008,2875,5,8,73,86,1.2093023255813953,0.0575759275530052,673,you should take these to control those outrageous hallucinations...I'm actually a hippopotamus.
3058,2875,5,8,73,86,1.2093023255813953,0.0575759275530052,673,And here's your prescription--3 to 5 pieces of garbage per day for the next week. You should be back to normal in a few days.
3084,2875,1,16,69,86,1.2093023255813953,0.047123202233282736,673,"Well, I was expecting a normal-sized mouse too, but IT hasn't gotten back to me yet."
3126,2875,4,10,72,86,1.2093023255813953,0.055148795293926356,673,"This prescription has been thoroughly tested on rats, and is now being used off-label quite extensively on many varieties of humans..."
3448,2875,3,12,71,86,1.2093023255813953,0.05260980717655106,673,Take two and bark at me in the morning.
3227,2875,2,14,70,86,1.2093023255813953,0.049941906250526455,673,Take one pill twice a day and have someone rub your throat.  It will go down easier.
3231,2875,4,10,72,86,1.2093023255813953,0.055148795293926356,673,Take 2 Asiagos and call me in the morning.
3383,2875,2,14,70,86,1.2093023255813953,0.049941906250526455,673,You'll notice a difference after two and a half squeaks.
3411,2875,3,12,71,86,1.2093023255813953,0.05260980717655106,673,"This should help with your completely irrational fear of all medical doctors, who made it."
2986,2875,1,16,69,86,1.2093023255813953,0.047123202233282736,673,"To be honest with you, Norman, most folks don't seem to mind filling their prescription to acquire the medicine that turns them into disgusting rat monsters. Infact, most of the people in this building are damp, hideous, rat-humanoids at this point."
3465,2875,3,12,71,86,1.2093023255813953,0.05260980717655106,673,"Now when you cross the boarder to fill the scrip, make sure to tell them Dr Democ-rat sent you."
3174,2875,1,16,69,86,1.2093023255813953,0.047123202233282736,673,"This should help you focus, but there’s a few side effects."
2979,2875,1,16,69,86,1.2093023255813953,0.047123202233282736,673,I’m not taking them. You’re the experimental animal!
2726,2875,3,12,71,86,1.2093023255813953,0.05260980717655106,673,"You shouldn't do this, I won't give you what you want."
2869,2875,3,12,71,86,1.2093023255813953,0.05260980717655106,673,"Here are the tablets for your delirium.
Nicholas Wilcken, Sydney."
2814,2875,4,10,72,86,1.2093023255813953,0.055148795293926356,673,And it also gets you into level three where they've installed a few exercise wheels.
2810,2875,2,14,70,86,1.2093023255813953,0.049941906250526455,673,2x a day on the hamster wheel and you’ll be better in no time.
2772,2875,2,14,70,86,1.2093023255813953,0.049941906250526455,673,"Here, my card says Bob Smith...not lab rat."
2749,2875,2,14,70,86,1.2093023255813953,0.049941906250526455,673,Two of these a day should cure your hallucinations.
2711,2875,2,14,70,86,1.2093023255813953,0.049941906250526455,673,There are claimed to be more than 70 documented cases of transplant patients taking on aspects of their donors. Some are more cheery than others.
2698,2875,1,16,69,86,1.2093023255813953,0.047123202233282736,673,"This is for the delusional mirages, but you still need to see an optician..."
2639,2875,4,10,72,86,1.2093023255813953,0.055148795293926356,673,Take two sheep and howl for me in the morning.
2585,2875,2,14,70,86,1.2093023255813953,0.049941906250526455,673,"I know getting a diagnosis can feel like going through an endless maze at times, but if we keep working at it, I'm sure we'll find the cheese."
2553,2875,1,16,69,86,1.2093023255813953,0.047123202233282736,673,"The side effects aren't bad -  trust me, I've taken lots of it"
2530,2875,1,16,69,86,1.2093023255813953,0.047123202233282736,673,"No, not the real doctor, but I did sleep in a Holiday Inn loft"
2397,2875,2,14,70,86,1.2093023255813953,0.049941906250526455,673,Take two ounces of Gorgonzola every six hours for ten days.
3523,2875,2,14,70,86,1.2093023255813953,0.049941906250526455,673,Take this to the lab. It’s a simple maze test. You’ll be out in no time.
2393,2875,0,18,68,86,1.2093023255813953,0.04412480456048902,673,Here’s a prescription for something that worked for me.
2899,2875,4,10,72,86,1.2093023255813953,0.055148795293926356,673,I would gopher the procedure.
3524,2875,2,14,70,86,1.2093023255813953,0.049941906250526455,673,I've used it myself with no side effects. Nothing to be concerned about.
3964,2875,5,8,73,86,1.2093023255813953,0.0575759275530052,673,"Take this medicine and you will start looking like me."""
3677,2875,3,12,71,86,1.2093023255813953,0.05260980717655106,673,"Look, I have no idea what I'm doing. Dr. Stevens no longer takes insurance. I'm just his stand-in. Here's a prescription of bourbon for your troubles."
4445,2875,1,16,69,86,1.2093023255813953,0.047123202233282736,673,I was part of the trial and I'm almost back to normal.
4448,2875,3,12,71,86,1.2093023255813953,0.05260980717655106,673,Aren't everyone's business cards made of cheese?
4566,2875,4,10,72,86,1.2093023255813953,0.055148795293926356,673,Take two tablets before bedtime and try hard to forget this meeting.
4534,2875,4,10,72,86,1.2093023255813953,0.055148795293926356,673,"Trust me, Dr. Skinner will cure that smoking habit in no time."
4491,2875,2,14,70,86,1.2093023255813953,0.049941906250526455,673,Rest assured this prescription is safe - it was tested on me.
2387,2875,2,14,70,86,1.2093023255813953,0.049941906250526455,673,"'No need to worry about side effects Mr Wilson. I've been taking them for years. Theres nothing wrong with me now, is there?'"
4385,2875,4,10,72,86,1.2093023255813953,0.055148795293926356,673,"I know it'll work, I've tested it myself!"
4325,2875,0,18,68,86,1.2093023255813953,0.04412480456048902,673,You'll need to find and follow me soon enough!
4305,2875,2,14,70,86,1.2093023255813953,0.049941906250526455,673,I can personally vouch for the efficacy of this drug.
4293,2875,3,12,71,86,1.2093023255813953,0.05260980717655106,673,I generally don't like to prescribe this out of specie.
4264,2875,3,12,71,86,1.2093023255813953,0.05260980717655106,673,"I want you to follow this strict diet of Gouda cheese for breakfast, mozzarella for lunch, and Monterey Jack for dinner."
4230,2875,4,10,72,86,1.2093023255813953,0.055148795293926356,673,"You're a Libra, aren't you?"
4136,2875,3,12,71,86,1.2093023255813953,0.05260980717655106,673,Take two before gnawing.
4115,2875,4,10,72,86,1.2093023255813953,0.055148795293926356,673,"Trust me, I was experimented on it myself"
3616,2875,1,16,69,86,1.2093023255813953,0.047123202233282736,673,"Here, take an ounce of provolone twice
 a day for a week, stay away from those pellets and call me in a week."
4087,2875,3,12,71,86,1.2093023255813953,0.05260980717655106,673,"Here's your security badge. Just remember, if you see the giant block of cheese, LEAVE IT ALONE."
3982,2875,2,14,70,86,1.2093023255813953,0.049941906250526455,673,"Now this prescription is for an anticoagulant that will prevent more blood clots. However, never take more than I have prescribed.  I have seen too many of my friends and family die from overdosing on this drug!"
3955,2875,3,12,71,86,1.2093023255813953,0.05260980717655106,673,"If the ants in your pants reappear, follow up with this shampoo..."
3922,2875,1,16,69,86,1.2093023255813953,0.047123202233282736,673,This will help you overcome your fear of rodents.
3867,2875,1,16,69,86,1.2093023255813953,0.047123202233282736,673,"First, quick trying to race against my kind, that you’ll always lose."
3841,2875,2,14,70,86,1.2093023255813953,0.049941906250526455,673,Don't get this filled at any old hole in the wall.
3818,2875,2,14,70,86,1.2093023255813953,0.049941906250526455,673,this should take care of that reward pathway...
3810,2875,3,12,71,86,1.2093023255813953,0.05260980717655106,673,This'll get you into the henhouse.
3806,2875,2,14,70,86,1.2093023255813953,0.049941906250526455,673,"You don’t mind that it was only tested on rodents, do you?"
3786,2875,3,12,71,86,1.2093023255813953,0.05260980717655106,673,"For someone of your species the side effects include insomnia, constipation, and general irritability which is why I'm also referring you to a couples therapist."
3783,2875,5,8,73,86,1.2093023255813953,0.0575759275530052,673,Off-brand is fine. Just don't rat me out to Pfizer.
3756,2875,1,16,69,86,1.2093023255813953,0.047123202233282736,673,"This is a prescription for swiss cheese, it always works for me."
3753,2875,2,14,70,86,1.2093023255813953,0.049941906250526455,673,"Here’s your receipt for the fox, I mean fax..."
3717,2875,3,12,71,86,1.2093023255813953,0.05260980717655106,673,This prescription is entirely safe—I tested it myself.
3709,2875,1,16,69,86,1.2093023255813953,0.047123202233282736,673,Ill give you a second opinion:  Grrrr!
4055,2875,2,14,70,86,1.2093023255813953,0.049941906250526455,673,I take the same medication and my sense of smell returned immediately.
2372,2875,2,14,70,86,1.2093023255813953,0.049941906250526455,673,I went to med school in San Francisco but I grew up in Baltimore.
4221,2875,1,16,69,86,1.2093023255813953,0.047123202233282736,673,"And Above all, NO dairy!  That's a trap."
2340,2875,3,12,71,86,1.2093023255813953,0.05260980717655106,673,"My buddy didn't make it out of the maze on this stuff, but I did, and now look at me! I'm a doctor! Seriously try it out."
1033,2875,5,8,73,86,1.2093023255813953,0.0575759275530052,673,Here's your sick note for work. What do you mean about 'ratting you out?'
905,2875,4,10,72,86,1.2093023255813953,0.055148795293926356,673,"Next appointment, let's see how you do on the maze challenge."
876,2875,3,12,71,86,1.2093023255813953,0.05260980717655106,673,Trust me. I've seen worse.
861,2875,4,10,72,86,1.2093023255813953,0.055148795293926356,673,Rats!  I never expected that.
825,2875,3,12,71,86,1.2093023255813953,0.05260980717655106,673,I won't tell anyone if you won't.
779,2875,2,14,70,86,1.2093023255813953,0.049941906250526455,673,Take this once a day for your musophobia!
772,2875,1,16,69,86,1.2093023255813953,0.047123202233282736,673,Here is your prescription. Your hatred of rats is destructive.
743,2875,4,10,72,86,1.2093023255813953,0.055148795293926356,673,"I can assure you that, after extensive personal experimentation, this drug has no perceptible side effects, apart from a maniacal obsession for cheese."
722,2875,2,14,70,86,1.2093023255813953,0.049941906250526455,673,It’s recommended by 9 out of 10 rats...
645,2875,1,16,69,86,1.2093023255813953,0.047123202233282736,673,"Take two pills before bedtime and if you have morning, hallucinations slice some provolone and give me a call."
605,2875,2,14,70,86,1.2093023255813953,0.049941906250526455,673,"It's perfectly safe, tested on my fellow rats."
580,2875,4,10,72,86,1.2093023255813953,0.055148795293926356,673,Take 2 of these and call me in the morning. They will control your hallucinations.
579,2875,1,16,69,86,1.2093023255813953,0.047123202233282736,673,Take these pills to keep the monster you keep inside in check!!!
570,2875,3,12,71,86,1.2093023255813953,0.05260980717655106,673,I don't believe you. I smell a human.
512,2875,3,12,71,86,1.2093023255813953,0.05260980717655106,673,I’ve taken it myself.
506,2875,3,12,71,86,1.2093023255813953,0.05260980717655106,673,This medicine is guaranteed. It was tested on me and look at me now.
429,2875,2,14,70,86,1.2093023255813953,0.049941906250526455,673,I don’t even like pizza.
395,2875,3,12,71,86,1.2093023255813953,0.05260980717655106,673,Is this your card?
345,2875,2,14,70,86,1.2093023255813953,0.049941906250526455,673,"This is from a rat, never trust a mole"
252,2875,2,14,70,86,1.2093023255813953,0.049941906250526455,673,"Sorry, I don't take a slice of cheese as payment."
207,2875,2,14,70,86,1.2093023255813953,0.049941906250526455,673,This prescription drug has been proven very effective in cats.
197,2875,1,16,69,86,1.2093023255813953,0.047123202233282736,673,It's a rat race out there
192,2875,1,16,69,86,1.2093023255813953,0.047123202233282736,673,"Mr. Sackler,  Are You Questioning My Authority ?"
139,2875,3,12,71,86,1.2093023255813953,0.05260980717655106,673,I worked my way up from researchee.
114,2875,5,8,73,86,1.2093023255813953,0.0575759275530052,673,You got a problem? This card is a problem.
77,2875,2,14,70,86,1.2093023255813953,0.049941906250526455,673,"This dose comes in large or small pellets, your pick."
2366,2875,1,16,69,86,1.2093023255813953,0.047123202233282736,673,"This is cheaper if you order it from Canada but don't worry about any side effects, I take it myself."
1049,2875,2,14,70,86,1.2093023255813953,0.049941906250526455,673,"My, what awfully big eyes you have. There’s a pill for that."
1216,2875,6,6,74,86,1.2093023255813953,0.05990480151712727,673,Just don’t put mouse traps up buddy
715,2875,2,14,70,86,1.2093023255813953,0.049941906250526455,673,"Here, this prescription should rejuvenate your anemic nose whiskers."
1254,2875,4,10,72,86,1.2093023255813953,0.055148795293926356,673,Take this to the sewer drain outside. Tell them Ben sent you.
2321,2875,2,14,70,86,1.2093023255813953,0.049941906250526455,673,"They’re not addictive, trust me."
2291,2875,1,16,69,86,1.2093023255813953,0.047123202233282736,673,"Before I give you your diagnosis, tell me...is this your card?"
2219,2875,2,14,70,86,1.2093023255813953,0.049941906250526455,673,"Get this prescription filled and no cheese, it's a trap to be avoided."
1226,2875,2,14,70,86,1.2093023255813953,0.049941906250526455,673,"Yes, yes, I know rats are not people, but this was a wonder drug for over 50% of  my cage-mate's litter."
2125,2875,1,16,69,86,1.2093023255813953,0.047123202233282736,673,"Oh, and this should help with the hallucinations"
2115,2875,4,10,72,86,1.2093023255813953,0.055148795293926356,673,Eat three bags of garbage and call me in the morning.
2051,2875,4,10,72,86,1.2093023255813953,0.055148795293926356,673,Try this. It worked on us in clinical trials.
2015,2875,2,14,70,86,1.2093023255813953,0.049941906250526455,673,Don't worry.  I've been taking them for over a year.
1990,2875,1,16,69,86,1.2093023255813953,0.047123202233282736,673,"I know this drug is effective, my cousins were involved in the original clinical lab tests."
1973,2875,1,16,69,86,1.2093023255813953,0.047123202233282736,673,Trust me. I take them.
1881,2875,3,12,71,86,1.2093023255813953,0.05260980717655106,673,Take this fortune to the Chinese restaurant and fill it.
1862,2875,3,12,71,86,1.2093023255813953,0.05260980717655106,673,"Trust me, I'm a real doctor."
1853,2875,3,12,71,86,1.2093023255813953,0.05260980717655106,673,Take two and don't call me because I won't answer your calls.
1843,2875,1,16,69,86,1.2093023255813953,0.047123202233282736,673,"Side effects may include the urge to burrow, cravings for cheese and garbage."
2134,2875,2,14,70,86,1.2093023255813953,0.049941906250526455,673,"I have the equivalent of 77 years experience sitting, fetching, heeling, and diagnostic osteopathy."
1787,2875,3,12,71,86,1.2093023255813953,0.05260980717655106,673,"Here take this as directed with two pounds of cheese a day and
you'll be like new in no time."
1677,2875,2,14,70,86,1.2093023255813953,0.049941906250526455,673,Yes—insurance pays for it—what's the harm?
1649,2875,2,14,70,86,1.2093023255813953,0.049941906250526455,673,"Trust me, Mr. Johnson. My referrals are in your plan."
1610,2875,2,14,70,86,1.2093023255813953,0.049941906250526455,673,"No, this weed doesn't have any bad side effects. Why do you ask?"
1599,2875,6,6,74,86,1.2093023255813953,0.05990480151712727,673,I only prescribe opiates that I’ve personally tested.
1542,2875,3,12,71,86,1.2093023255813953,0.05260980717655106,673,Eat some cheese and call me in the morning.
1462,2875,2,14,70,86,1.2093023255813953,0.049941906250526455,673,Give this a try. It cured all my relatives.
1446,2875,4,10,72,86,1.2093023255813953,0.055148795293926356,673,A Dr. Rat is just as impressive as an M.D.
1435,2875,2,14,70,86,1.2093023255813953,0.049941906250526455,673,Welcome to Fox and Kushner  Inc. Here's your employee access card to the hen house. Don't lose it! There's a $50 re-keying charge.
1423,2875,2,14,70,86,1.2093023255813953,0.049941906250526455,673,"Yes, my parents are big Disney fans, just ask my sister Minnie."
1380,2875,4,10,72,86,1.2093023255813953,0.055148795293926356,673,so I see you were refer to me by the Pied Piper of  Hamelen
1799,2875,0,18,68,86,1.2093023255813953,0.04412480456048902,673,Some of my colleagues have found this helpful.
1344,2875,3,12,71,86,1.2093023255813953,0.05260980717655106,673,Looks like you've got chronic bubonic.
4151,3001,2,15,74,91,1.2087912087912087,0.048207132238423746,673,This stuff really works. They tested it on me.
1223,3002,3,11,68,82,1.2073170731707317,0.05414970515633626,673,Are you staring at my nose hair?
740,3002,3,11,68,82,1.2073170731707317,0.05414970515633626,673,"And be sure to get a flu shot, it’s spreading like the plague this year."
3935,3002,3,11,68,82,1.2073170731707317,0.05414970515633626,673,I speak from experience—this medicine works miracles.
2498,3005,2,14,71,87,1.206896551724138,0.049423111543959376,673,"In 1965 we were against Medicare, would you believe."
3128,3005,3,12,72,87,1.206896551724138,0.052057200856832346,673,My specialty is male pattern balding.
2731,3005,3,12,72,87,1.206896551724138,0.052057200856832346,673,"No, I really don't think the meds are working"
4510,3008,4,9,70,83,1.2048192771084338,0.05622839780338052,673,Here's a blood thinner for you.  Warfarin used to be rat poison.
2820,3008,3,11,69,83,1.2048192771084338,0.05355160463762834,673,"If you cop me some Muenster, I'll prescribe whatever you need!"
2879,3008,1,15,67,83,1.2048192771084338,0.04774994909656091,673,I’m giving you a repeat prescription for Rogaine.
3004,3008,2,13,68,83,1.2048192771084338,0.05073377572184538,673,My uncle found this very effective in clinical trials.
3027,3008,3,11,69,83,1.2048192771084338,0.05355160463762834,673,"Here's some Tic Tacs for your dog's bad breath. And dont take this the wrong way, but you may wanna pop 2 in your mouth before you go."
3064,3008,0,17,66,83,1.2048192771084338,0.04456679569425884,673,I can personally vouch its effectiveness
3073,3008,2,13,68,83,1.2048192771084338,0.05073377572184538,673,"Take 3 pieces of Cheese at bedtime, and one in the morning."
3092,3008,1,15,67,83,1.2048192771084338,0.04774994909656091,673,This formulation just got approved yesterday from rigorous human lab rat testing.
4047,3008,2,13,68,83,1.2048192771084338,0.05073377572184538,673,"Too much paperwork, not enough walks."
4078,3008,0,17,66,83,1.2048192771084338,0.04456679569425884,673,"I should warn you, the proprietary form can also cause hallucinations."
4121,3008,2,13,68,83,1.2048192771084338,0.05073377572184538,673,"Hey, don't worry. They got me out of the maze and into med school."
4303,3008,2,13,68,83,1.2048192771084338,0.05073377572184538,673,"Your insurance switched your prescription apparently. 
How did that go?"
4322,3008,2,13,68,83,1.2048192771084338,0.05073377572184538,673,"OPIOIDS, For vision health?"
2470,3008,2,13,68,83,1.2048192771084338,0.05073377572184538,673,It's called OxyCamembert.  It won't hurt you.
4499,3008,1,15,67,83,1.2048192771084338,0.04774994909656091,673,"Use it with your computer"""
3384,3008,1,15,67,83,1.2048192771084338,0.04774994909656091,673,Credit or debit?
2468,3008,4,9,70,83,1.2048192771084338,0.05622839780338052,673,"No, really - take it."
1792,3008,2,13,68,83,1.2048192771084338,0.05073377572184538,673,"Don’t worry, we just need to run a few tests."
2350,3008,1,15,67,83,1.2048192771084338,0.04774994909656091,673,"Don’t worry, I’m just here for a cartoon contest."
2413,3008,2,13,68,83,1.2048192771084338,0.05073377572184538,673,Side effects include seeing colors. Don't let that freak you out.
228,3008,0,17,66,83,1.2048192771084338,0.04456679569425884,673,Pick a card. Any card.
305,3008,2,13,68,83,1.2048192771084338,0.05073377572184538,673,Take two of these and howl...I mean call me in the morning
410,3008,3,11,69,83,1.2048192771084338,0.05355160463762834,673,This prescription should solve your anxiety problem about not being able to catch  the rat in your basement.
417,3008,2,13,68,83,1.2048192771084338,0.05073377572184538,673,"Try these tables, they changed my life."
516,3008,0,17,66,83,1.2048192771084338,0.04456679569425884,673,"It's funny, but you didn't seem to have the symptoms of Bubonic plague until AFTER I examined you!"
832,3008,4,9,70,83,1.2048192771084338,0.05622839780338052,673,I may be a Dirty Rat but I still expect to get paid promptly!
157,3008,1,15,67,83,1.2048192771084338,0.04774994909656091,673,What do you see?
1170,3008,1,15,67,83,1.2048192771084338,0.04774994909656091,673,We take security here very seriously.
1490,3008,1,15,67,83,1.2048192771084338,0.04774994909656091,673,Relax. It was tested on me.
1796,3008,4,9,70,83,1.2048192771084338,0.05622839780338052,673,"Avoid dairy products when taking these, especially cheese."
1980,3008,2,13,68,83,1.2048192771084338,0.05073377572184538,673,...and the side effects were honestly like the best part.
1105,3008,3,11,69,83,1.2048192771084338,0.05355160463762834,673,Start with 3 little pigs.
2326,3008,0,17,66,83,1.2048192771084338,0.04456679569425884,673,Don't believe what you hear. Rats are NOT everywhere in Baltimore!
656,3041,3,14,81,98,1.2040816326530612,0.048018124763472565,673,"I want you to get some rest, drink lots of water, and don’t get into any mischief."
1707,3042,1,14,64,79,1.2025316455696202,0.04894123029908691,673,"Don’t worry, this is been tested on several of my relatives. Only three of them died."
19,3042,1,14,64,79,1.2025316455696202,0.04894123029908691,673,Look! Does that say RAT to you?
1930,3042,2,12,65,79,1.2025316455696202,0.05215183571084887,673,Are you here to see the Vet?
2990,3045,1,14,65,80,1.2,0.04839186038889943,673,Here’s a prescription for the rabies vaccine. I recommend you get it immediately.
2965,3045,3,10,67,80,1.2,0.05454065955141904,673,"I'd like to refer you to Dr. that specializes in rat-bastards.
I specialize in possum-bastards."
2964,3045,3,10,67,80,1.2,0.05454065955141904,673,This medication has no side effects.  Trust me I’m a doctor.
2938,3045,3,10,67,80,1.2,0.05454065955141904,673,"Take these, Mr. Hood, they’ll help you forget about your mother."
2921,3045,1,14,65,80,1.2,0.04839186038889943,673,Take this and you'll grow wings on your feet.
2918,3045,2,12,66,80,1.2,0.05155800469472481,673,Warfarin?  No I wouldn't take it myself.
2843,3045,2,12,66,80,1.2,0.05155800469472481,673,"Before treating your disease, you will testing from  the foot to  head  and then starting treatment."
3010,3045,2,12,66,80,1.2,0.05155800469472481,673,Please don't be taken aback: I prescribe getting out of the medical-industrial rat race.
2793,3045,3,10,67,80,1.2,0.05454065955141904,673,Take this prescription for warfarin.
2957,3045,3,10,67,80,1.2,0.05454065955141904,673,Tell your friends about our free lab tests.
3042,3045,3,10,67,80,1.2,0.05454065955141904,673,And don’t dine in dumpsters.
3139,3045,1,14,65,80,1.2,0.04839186038889943,673,Here is a prescription for pizza. It cures everything.
3062,3045,4,8,68,80,1.2,0.05736845161328941,673,This should alleviate your Baltimore fixation-itus.
3065,3045,1,14,65,80,1.2,0.04839186038889943,673,We don!t  accept this card. Let's see the one that's been surgically implanted in your skull.
3087,3045,2,12,66,80,1.2,0.05155800469472481,673,This should help with your infestation.
3112,3045,2,12,66,80,1.2,0.05155800469472481,673,"I'm not saying it's a trap, but I'd recommend taking this with a small wedge of cheese"
2783,3045,0,16,64,80,1.2,0.045003516037040954,673,Don't be startled. Wearing this weasel head is part of my probation.
3155,3045,2,12,66,80,1.2,0.05155800469472481,673,We got the lab tests back. I’m prescribing fortified seeds to be taken twice a day.
3173,3045,2,12,66,80,1.2,0.05155800469472481,673,Are you sure you have the right lair?
3202,3045,2,12,66,80,1.2,0.05155800469472481,673,Here's your prescription.  It's none of your business but my ex-wife had a really good divorce lawyer.
3213,3045,1,14,65,80,1.2,0.04839186038889943,673,"What? It's casual Dr. Jackal day"""
3221,3045,2,12,66,80,1.2,0.05155800469472481,673,"Trust me, this has been thoroughly tested."
3228,3045,2,12,66,80,1.2,0.05155800469472481,673,I don't give a rat's you-know-what that  you don't like my diagnosis!
3241,3045,2,12,66,80,1.2,0.05155800469472481,673,"This prescription has been thoroughly tested...on me, as a matter of fact."
3059,3045,2,12,66,80,1.2,0.05155800469472481,673,"Here is your script to try out being a cryptid.  I was eating cheese when I took mine, so maybe stay away from pork."
2767,3045,3,10,67,80,1.2,0.05454065955141904,673,This is the best antidote; they even used it during the plague!
2677,3045,1,14,65,80,1.2,0.04839186038889943,673,I’ve tried it. You’ll see a change after about a week.
2740,3045,2,12,66,80,1.2,0.05155800469472481,673,Studies show that 90 percent of white people feel better about tattling with this prescription.
3254,3045,1,14,65,80,1.2,0.04839186038889943,673,Take this twice a day with water-it’s a new prescription based on AI - Animal Intelligence
2192,3045,2,12,66,80,1.2,0.05155800469472481,673,I don't see anything wrong with you?
2216,3045,2,12,66,80,1.2,0.05155800469472481,673,Personally I use the CBD oil in moderation!
2226,3045,2,12,66,80,1.2,0.05155800469472481,673,Blood thinners are rat poison
2258,3045,1,14,65,80,1.2,0.04839186038889943,673,"Side effects may include hepatitis, pancreatic cancer, and bubonic plague."
2278,3045,0,16,64,80,1.2,0.045003516037040954,673,"I took it when it was experimental, so you should be fine."
2279,3045,2,12,66,80,1.2,0.05155800469472481,673,"Take two aspirin and refrain from hanging your dry cleaning on your eyeballs.





Bobby Gregory Plainfield, NJ"
2351,3045,4,8,68,80,1.2,0.05736845161328941,673,You're stunningly staring at me like you just saw a rat!
2385,3045,1,14,65,80,1.2,0.04839186038889943,673,"If this antidepressant doesn’t work, you could try howling at the moon."
2388,3045,2,12,66,80,1.2,0.05155800469472481,673,"I know what you did to my relatives... But ""let bygones be bygones."" Here is your prescription."
2392,3045,3,10,67,80,1.2,0.05454065955141904,673,Have you been to Baltimore before?
2488,3045,4,8,68,80,1.2,0.05736845161328941,673,"Gastroenterologist, I'd help you myself, but it really is outside my area of expertise."
2746,3045,0,16,64,80,1.2,0.045003516037040954,673,They gave it to me in the clinical trial and look where I am now.
2521,3045,4,8,68,80,1.2,0.05736845161328941,673,"Take two pills daily, then call your exterminator about the rats."
2526,3045,2,12,66,80,1.2,0.05155800469472481,673,"Shave my what?  I'd never tell you that, mustache."
2565,3045,1,14,65,80,1.2,0.04839186038889943,673,This new medication is reported to have a few fairly mild side affects; I've been on it myself for about a month now and haven't personally noticed any problems with it at all.
2576,3045,1,14,65,80,1.2,0.04839186038889943,673,"Don't be afraid, I tested it myself."
2591,3045,1,14,65,80,1.2,0.04839186038889943,673,Here’s a script for Sheep’s Clothing.
2672,3045,2,12,66,80,1.2,0.05155800469472481,673,The Opioid  Epidemic: Dr. Ratner pushes pain pills.
2674,3045,1,14,65,80,1.2,0.04839186038889943,673,"I swear Doug, I thought I was getting into “Big Parma.” Anyway, here’s your prescription."
2679,3045,2,12,66,80,1.2,0.05155800469472481,673,Take two aspirin and run a maze in the morning.
2683,3045,2,12,66,80,1.2,0.05155800469472481,673,"Eat two pieces of cheese and call me in the morning"""
2700,3045,2,12,66,80,1.2,0.05155800469472481,673,"That'll be $6,000, or a slice of cheese."
2709,3045,1,14,65,80,1.2,0.04839186038889943,673,"I was assigned by your insurer, but all I'm doing a anyway is renewing your Rx."
2733,3045,1,14,65,80,1.2,0.04839186038889943,673,Are you sure you want to partake in this drug trial? It's only been tested on humans in the lab.
2739,3045,2,12,66,80,1.2,0.05155800469472481,673,All that nonsense about opioids was just fake news
2522,3045,2,12,66,80,1.2,0.05155800469472481,673,Here's a prescription for a new drug that some say does wonders.
3255,3045,2,12,66,80,1.2,0.05155800469472481,673,Here’s a packet of atray oisonpay. You can take it full strength.
4335,3045,1,14,65,80,1.2,0.04839186038889943,673,"Take two of these for anxiety, and don't eat any food you find just lying in your usual pathway."
3262,3045,3,10,67,80,1.2,0.05454065955141904,673,"Yes, I did grow up in Baltimore."
4003,3045,2,12,66,80,1.2,0.05155800469472481,673,"Mr. Skinner, this medication will have you positively thinking outside the box."
4006,3045,2,12,66,80,1.2,0.05155800469472481,673,I recommend this poison. It was very effective against my father.
4039,3045,2,12,66,80,1.2,0.05155800469472481,673,You can try this but I was in the placebo group and look what happened.
4053,3045,3,10,67,80,1.2,0.05454065955141904,673,"Be honest with me, this place is crawling with rats."
4072,3045,3,10,67,80,1.2,0.05454065955141904,673,"Take it from me, once you get out of the rat race you can get a new life."""
4095,3045,2,12,66,80,1.2,0.05155800469472481,673,"Just 20 minutes on the wheel, and you won't have to worry about that extra piece of cheese."
4104,3045,1,14,65,80,1.2,0.04839186038889943,673,This is your doctor's note recommending you tell the Senate you cannot vote on any gun control legislation until your shoulder heals.
4106,3045,1,14,65,80,1.2,0.04839186038889943,673,"This is Coumadin, and  believe me it can be fatal in high doses."
4110,3045,4,8,68,80,1.2,0.05736845161328941,673,I'm referring you to Dr. Lion to get another opinion concerning your anthropomorphic delusions.
4180,3045,3,10,67,80,1.2,0.05454065955141904,673,A-wooooooooooooooooooooooooooooo!
4190,3045,1,14,65,80,1.2,0.04839186038889943,673,"Lice, mice, whatever it’ll get rid of it. Take two and call me tomorrow."
4237,3045,1,14,65,80,1.2,0.04839186038889943,673,Its experimental but it works.  I know.  I had it.
3998,3045,2,12,66,80,1.2,0.05155800469472481,673,"Of course, no humans were harmed in the testing of this product."
4253,3045,3,10,67,80,1.2,0.05454065955141904,673,This Prescription is renewable 3 times for string cheese .
4295,3045,2,12,66,80,1.2,0.05155800469472481,673,"Just don't you worry about my degree. I'm wearing the white coat and writing you a prescription, aren't I?"
4315,3045,2,12,66,80,1.2,0.05155800469472481,673,This is a tough one to explain
2187,3045,1,14,65,80,1.2,0.04839186038889943,673,It’s the future of MediCare.
4346,3045,1,14,65,80,1.2,0.04839186038889943,673,"Damn it, I said non-stick."
4360,3045,2,12,66,80,1.2,0.05155800469472481,673,And why do you think your hallucinations aren’t real?
4374,3045,3,10,67,80,1.2,0.05454065955141904,673,I can testify that this drug had a really positive effect onme.
4390,3045,0,16,64,80,1.2,0.045003516037040954,673,Are you sure you're not my grandma?
4429,3045,2,12,66,80,1.2,0.05155800469472481,673,"In initial trials, this medication is effective."
4482,3045,3,10,67,80,1.2,0.05454065955141904,673,Try these they always make me feel foxy
4496,3045,2,12,66,80,1.2,0.05155800469472481,673,You'll be a-mazed by what this stuff  will do for your hallucinations.
4546,3045,3,10,67,80,1.2,0.05454065955141904,673,"This will take  care of your ED, just as I did."
4562,3045,1,14,65,80,1.2,0.04839186038889943,673,"Here you are Mr. Willard, I prescribe this to all my patients who want to rejoin the rat race."
4288,3045,3,10,67,80,1.2,0.05454065955141904,673,"It's only my gut reaction, but try eating live chickens for one month."
3919,3045,1,14,65,80,1.2,0.04839186038889943,673,"Sorry, I no longer make house calls."
3909,3045,1,14,65,80,1.2,0.04839186038889943,673,"Just follow these rules, it’s how it got done in Baltimore"
3873,3045,1,14,65,80,1.2,0.04839186038889943,673,Take two of these per day -- and avoid cats and Irish bars!
3269,3045,0,16,64,80,1.2,0.045003516037040954,673,Johns Hopkins obviously.
3270,3045,2,12,66,80,1.2,0.05155800469472481,673,Here's my card and feel free to get a second opinion but I'm the only one in the world who can fix your problem.
3345,3045,2,12,66,80,1.2,0.05155800469472481,673,Of Course you do not need a prescription for an exercise wheel but with one insurance may cover it.
3350,3045,2,12,66,80,1.2,0.05155800469472481,673,...and stay out of the wheel for a few weeks.
3388,3045,3,10,67,80,1.2,0.05454065955141904,673,Take my word. We are the best in the world for organ transplants.
3421,3045,1,14,65,80,1.2,0.04839186038889943,673,"I assure you, the results in the mice studies have been very satisfying."
3484,3045,2,12,66,80,1.2,0.05155800469472481,673,I've tried these myself. The results are 'mazing!
3488,3045,0,16,64,80,1.2,0.045003516037040954,673,Let me recommend a specialist. He’s a chimp who has had the procedure himself.
3492,3045,2,12,66,80,1.2,0.05155800469472481,673,Call this doctor instead.  I only treat dog persons.
3515,3045,0,16,64,80,1.2,0.045003516037040954,673,"In addition to  a squeaky clean reputation, I validate parking."
3526,3045,2,12,66,80,1.2,0.05155800469472481,673,Take these with your water dish and give me two barks in the morning
3553,3045,2,12,66,80,1.2,0.05155800469472481,673,I am gay.
3563,3045,2,12,66,80,1.2,0.05155800469472481,673,"It’s just a side effect. But if you start seeing sheep, let me know."
3570,3045,2,12,66,80,1.2,0.05155800469472481,673,Exchange these skeeball tickets for opioids.
3604,3045,3,10,67,80,1.2,0.05454065955141904,673,"They're experimental, but they've definitely helped me."
3645,3045,4,8,68,80,1.2,0.05736845161328941,673,Take this medication and you’ll feel like a new mouse; I mean new man.
3652,3045,2,12,66,80,1.2,0.05155800469472481,673,"Hallucinations and paranoia are rare side effects of your medication, but there's always that unlucky patient. I've adjusted the dose, here's a new Rx, and no, I'm not trying to poison you."
3687,3045,2,12,66,80,1.2,0.05155800469472481,673,"Deposit $10,000 cash in this Swiss account and I will schedule you to go under the knife."
3691,3045,2,12,66,80,1.2,0.05155800469472481,673,"And while you're there, can you pick me up a bison?"
3719,3045,1,14,65,80,1.2,0.04839186038889943,673,"Pizza Rat,"" was in my broke med student days"
3720,3045,3,10,67,80,1.2,0.05454065955141904,673,Could you open this for me? It’s got a lower mammal-proof lid.
3729,3045,3,10,67,80,1.2,0.05454065955141904,673,"I think these will help you.  While in medical school, I helped test them."
3740,3045,3,10,67,80,1.2,0.05454065955141904,673,Don’t worry it’s safe. It’s been tested on rodents.
3750,3045,0,16,64,80,1.2,0.045003516037040954,673,Take twice daily with cheese.
3795,3045,1,14,65,80,1.2,0.04839186038889943,673,"Promise you won't me me out, ok?"
3797,3045,0,16,64,80,1.2,0.045003516037040954,673,"This is what my doct
or gives me."
3837,3045,2,12,66,80,1.2,0.05155800469472481,673,"So who you gonna believe, me or those silly black box warnings?
Drew Bridges, Wake Forest, NC"
3259,3045,1,14,65,80,1.2,0.04839186038889943,673,Take these at night and you'll snap right out of it!
2151,3045,3,10,67,80,1.2,0.05454065955141904,673,"Don't be alarmed, we doctors from Hideous Rat Land are better educated and trained than most human doctors. 
Now here's your prescription for bulging eye syndrome."
3067,3045,4,8,68,80,1.2,0.05736845161328941,673,I'm prescribing any food you can find anywhere anytime.
2139,3045,3,10,67,80,1.2,0.05454065955141904,673,The only side effects are an allergic reaction to cats and a greater appreciation for cheese.
666,3045,0,16,64,80,1.2,0.045003516037040954,673,"This pain killer is not addictive"""
670,3045,4,8,68,80,1.2,0.05736845161328941,673,"Don't worry, we bulk bill."
686,3045,3,10,67,80,1.2,0.05454065955141904,673,This is my receipt from the dry cleaner. You can have my turtlenecks.
691,3045,1,14,65,80,1.2,0.04839186038889943,673,Far easier than being a human.
726,3045,3,10,67,80,1.2,0.05454065955141904,673,"Oh, don't be alarmed.  I don't bite!"
829,3045,2,12,66,80,1.2,0.05155800469472481,673,You can pay the bill in cheese
836,3045,3,10,67,80,1.2,0.05454065955141904,673,I don't guve as fat rat's ass how you got injured. Just fill this prescription and call me in a week for follow up.
841,3045,4,8,68,80,1.2,0.05736845161328941,673,I like cheese.
844,3045,1,14,65,80,1.2,0.04839186038889943,673,"I have a feeling you could win the lottery if
you'd only play."
866,3045,1,14,65,80,1.2,0.04839186038889943,673,stop eating cheese and that protrusion will return to normal.
874,3045,2,12,66,80,1.2,0.05155800469472481,673,If we don’t hear from you within 2 weeks I will huff and puff and bill you double.”
880,3045,2,12,66,80,1.2,0.05155800469472481,673,This will make your skin as smooth as mine.
947,3045,1,14,65,80,1.2,0.04839186038889943,673,"This will help your face grow-into your eyes. It works great, see?"
992,3045,0,16,64,80,1.2,0.045003516037040954,673,"Sleep later, and let your hens roam freely."
1002,3045,2,12,66,80,1.2,0.05155800469472481,673,I suggest you get an appointment with the Lab Rat. He'll get you a cure.
1023,3045,0,16,64,80,1.2,0.045003516037040954,673,As to side effects? My colleagues and I have thoroughly tested this.
1032,3045,3,10,67,80,1.2,0.05454065955141904,673,Take two of cheese and call me in the morning.
1045,3045,1,14,65,80,1.2,0.04839186038889943,673,Let me assure you I’m a fully qualified doctor as well as your best friend.
1046,3045,2,12,66,80,1.2,0.05155800469472481,673,Imagine what this lab test could do for you.
1050,3045,0,16,64,80,1.2,0.045003516037040954,673,"Try this, it should be more addicting."
1058,3045,1,14,65,80,1.2,0.04839186038889943,673,"Trust me, I used to be in R&D."
1061,3045,2,12,66,80,1.2,0.05155800469472481,673,Control-group patients meet Dr House.
1080,3045,2,12,66,80,1.2,0.05155800469472481,673,I'm just a wolf in MD's clothing.
1084,3045,2,12,66,80,1.2,0.05155800469472481,673,"I know these work, I was one of the first test subjects."
1087,3045,2,12,66,80,1.2,0.05155800469472481,673,"Sorry, but me being a giant ferret and you suffering from hallucinations are not mutually exclusive."
658,3045,2,12,66,80,1.2,0.05155800469472481,673,"Yes, I am now DOCTOR Ratburn. I quit my acting career on the Arthur show."
653,3045,2,12,66,80,1.2,0.05155800469472481,673,"Yeah, pretty good. Yourself?"
640,3045,1,14,65,80,1.2,0.04839186038889943,673,"Take 4000 of these pills between now and noon tomorrow, then call and let me know how you're feeling."
634,3045,2,12,66,80,1.2,0.05155800469472481,673,You have head lice. At least it’s better than head mice.
2144,3045,1,14,65,80,1.2,0.04839186038889943,673,Be happy you are not a chicken.
17,3045,2,12,66,80,1.2,0.05155800469472481,673,If it worked on me it can work on you.
40,3045,0,16,64,80,1.2,0.045003516037040954,673,Are you my half-brother by any chance?
45,3045,2,12,66,80,1.2,0.05155800469472481,673,"Tell anyone I have O.P.D.! I have other ways of blowing your house down Johnny, Boy."
73,3045,1,14,65,80,1.2,0.04839186038889943,673,Scavange two of these and call me in the morning.
102,3045,1,14,65,80,1.2,0.04839186038889943,673,Big Pharma got to me!
136,3045,2,12,66,80,1.2,0.05155800469472481,673,Tell the pharmacist Morty The Rat sent you.
183,3045,3,10,67,80,1.2,0.05454065955141904,673,"Yes, President Trump literally meant rodents."
234,3045,2,12,66,80,1.2,0.05155800469472481,673,It worked for me.
262,3045,1,14,65,80,1.2,0.04839186038889943,673,I did experiment on myself - why do you ask?
281,3045,2,12,66,80,1.2,0.05155800469472481,673,Trust me: It's been tested.
386,3045,0,16,64,80,1.2,0.045003516037040954,673,First time working in a lab then?
1098,3045,2,12,66,80,1.2,0.05155800469472481,673,"Here's a prescription that should help with the hallucinations, and by the way thanks for the basket of goodies."
414,3045,2,12,66,80,1.2,0.05155800469472481,673,Take this with a little cheese and call me if you feel the urge to swim through the sewer line.
484,3045,1,14,65,80,1.2,0.04839186038889943,673,"Take this twice a day for a week, or until the urge to eat garbage subsides."
507,3045,0,16,64,80,1.2,0.045003516037040954,673,I'm sorry you did not read the low option carefully.
520,3045,2,12,66,80,1.2,0.05155800469472481,673,"It's all recorded right here, and man, you're going to pay, said Dr. Rat."
525,3045,1,14,65,80,1.2,0.04839186038889943,673,Here’s hoping after you take this you will want to get off that proverbial hamster wheel.
529,3045,0,16,64,80,1.2,0.045003516037040954,673,Let’s not make a mountain out of a mole hill. Take two and call me in the morning
553,3045,3,10,67,80,1.2,0.05454065955141904,673,When did your medication run out?
557,3045,3,10,67,80,1.2,0.05454065955141904,673,This will help you forget I ate your mother and daughter
566,3045,2,12,66,80,1.2,0.05155800469472481,673,"I don't give a rats ass what you think, your fired."
568,3045,3,10,67,80,1.2,0.05454065955141904,673,"Now I'm not going to hound you over this, but you need to be foxy."
587,3045,2,12,66,80,1.2,0.05155800469472481,673,Do what the Fox says.
590,3045,2,12,66,80,1.2,0.05155800469472481,673,My ancestors had that same suspicious look about cheese.
603,3045,0,16,64,80,1.2,0.045003516037040954,673,I was part of the trials so I can say with authority it works.
464,3045,1,14,65,80,1.2,0.04839186038889943,673,Fear of doctor-rodents is a common phobia - this should help.
1110,3045,2,12,66,80,1.2,0.05155800469472481,673,"I can almost guarantee that this prescription will work. In tests, it worked on all kinds of rats."
969,3045,0,16,64,80,1.2,0.045003516037040954,673,If this doesn't stop the hallucinations I'll have you see a mongoose next week.
1162,3045,2,12,66,80,1.2,0.05155800469472481,673,I thought my wife said I was going to the Rodin and then the doctor.
1586,3045,3,10,67,80,1.2,0.05454065955141904,673,Your next appointment is in the woods. Be sure to bring raw meat.
1588,3045,3,10,67,80,1.2,0.05454065955141904,673,I'm referring you for a second opinion
1594,3045,1,14,65,80,1.2,0.04839186038889943,673,"It's a prescription for Warfarin. I've heard it's effective, though I can't personally recommend it"
1597,3045,2,12,66,80,1.2,0.05155800469472481,673,"Dammit, Jerry. You know the rules: if you're not up to date on your shots, I simply can't issue a license OR release you."
1605,3045,4,8,68,80,1.2,0.05736845161328941,673,Here's your Flea - b- gone. I can't do anything for the hallucinations; you'll have to wait until next week to see a therapist.
1626,3045,1,14,65,80,1.2,0.04839186038889943,673,Payment accepted in camembert.
1629,3045,2,12,66,80,1.2,0.05155800469472481,673,This should take care of your Zoophobia”.
1633,3045,0,16,64,80,1.2,0.045003516037040954,673,"Trust me, the side effects are extremely rare, I participated in the clinical trials myself."
1651,3045,2,12,66,80,1.2,0.05155800469472481,673,Of course it's safe. It was tested on me and all of my thousands of relatives.
1659,3045,1,14,65,80,1.2,0.04839186038889943,673,"I am sorry to be the one to tell you this, but you have the clap."
1669,3045,2,12,66,80,1.2,0.05155800469472481,673,I’m prescribing a dose of warfarin to be taken twice a day and to see how you like it!
1117,3045,1,14,65,80,1.2,0.04839186038889943,673,You'll get used to the side effects. Just avoid henhouses.
1541,3045,3,10,67,80,1.2,0.05454065955141904,673,I assure you I am a board certified plastic surgeon.
1772,3045,1,14,65,80,1.2,0.04839186038889943,673,Just because you have the Plague doesn't mean I'm the best doctor for the job.
1793,3045,2,12,66,80,1.2,0.05155800469472481,673,"You have hypertension, here is a prescription for warfarin."
1794,3045,3,10,67,80,1.2,0.05454065955141904,673,Our studies show that howling at the moon will soon make viagra a thing of the past.
1798,3045,3,10,67,80,1.2,0.05454065955141904,673,It's called the Pizza Diet and look what it has done for the President.
1890,3045,1,14,65,80,1.2,0.04839186038889943,673,Beats me>
1946,3045,1,14,65,80,1.2,0.04839186038889943,673,"Sir,my middle school Spelling Bee award on the wall doesn't cover your pre-existing condition either."
1977,3045,1,14,65,80,1.2,0.04839186038889943,673,Cheese! You’re not eating enough cheese.”
2041,3045,1,14,65,80,1.2,0.04839186038889943,673,"This is a prescription for rat poison, should the tests show you have a terminal disease."
2049,3045,3,10,67,80,1.2,0.05454065955141904,673,This should help those giant rat nightmares.
2063,3045,1,14,65,80,1.2,0.04839186038889943,673,"If you see anymore 'sheep,' call me immediately."
2097,3045,3,10,67,80,1.2,0.05454065955141904,673,"This blood thinner killed my whole family, but you give it a try."
2101,3045,1,14,65,80,1.2,0.04839186038889943,673,Of course you can trust it!  I tested it myself!
2118,3045,3,10,67,80,1.2,0.05454065955141904,673,"Take my card. It’s a rat race, and I can help you win."
1778,3045,3,10,67,80,1.2,0.05454065955141904,673,"I had to leave the administration, I like being the head rat."
1533,3045,2,12,66,80,1.2,0.05155800469472481,673,Wolf one of these down each night at bedtime.
1768,3045,1,14,65,80,1.2,0.04839186038889943,673,"Winner winner, chicken dinner!"
1529,3045,1,14,65,80,1.2,0.04839186038889943,673,Try this. I rat-tested it myself.
1531,3045,0,16,64,80,1.2,0.045003516037040954,673,Here. Take two Goudas and call me in the morning!
1232,3045,2,12,66,80,1.2,0.05155800469472481,673,"Side effects? Yes, you may experience a sudden urge to naw
as well as an occasional cheese craving."
1233,3045,5,6,69,80,1.2,0.06006325779300404,673,50mg of  cyanide should do the trick.
1235,3045,2,12,66,80,1.2,0.05155800469472481,673,Here's a prescription for something I always take.
1243,3045,2,12,66,80,1.2,0.05155800469472481,673,"I've got just the thing. Revert back to your infant years, and see the world wide-eyed and compassionately.
But... how?"
1267,3045,2,12,66,80,1.2,0.05155800469472481,673,The Hickory Dickory Dock Pharmaceutical Company has a new drug that should help with your hallucinations
1273,3045,3,10,67,80,1.2,0.05454065955141904,673,The reason I look strange is your eyes are majorly f’d up.
1279,3045,2,12,66,80,1.2,0.05155800469472481,673,"I'm sorry Mr. Jones, but your pet insurance won't cover your CAT scan!"
1291,3045,2,12,66,80,1.2,0.05155800469472481,673,Just take eight to twelve of these a day and be sure to stock your fridge with cheese
1299,3045,1,14,65,80,1.2,0.04839186038889943,673,"...and sensitivity to light and scurrying thru trash at night, should lessen in two weeks"
1333,3045,4,8,68,80,1.2,0.05736845161328941,673,Take two of these every fours with cheese.
1366,3045,4,8,68,80,1.2,0.05736845161328941,673,"Here is your invoice...sorry, I got nibbley."
1367,3045,2,12,66,80,1.2,0.05155800469472481,673,Take two of these and you won’t see all doctors as pill-pushing money-grabbing hyenas.
1261,3045,2,12,66,80,1.2,0.05155800469472481,673,Take two and find my den in the morning.
1482,3045,2,12,66,80,1.2,0.05155800469472481,673,"Don’t be so suspicious. You’re puckered on both ends.”
Don Dechman —- Austin, T"
1378,3045,2,12,66,80,1.2,0.05155800469472481,673,"What? You think mice can't be doctors? I'm referring you to a psychologist. Here, he is a good mouse friend of mine."
1386,3045,3,10,67,80,1.2,0.05454065955141904,673,Did you just call me a rat?  Do you think I'm the only psychiatrist that doesn't take insurance?
1390,3045,4,8,68,80,1.2,0.05736845161328941,673,I am sorry but your insurance plan is not valid in this office.
1394,3045,3,10,67,80,1.2,0.05454065955141904,673,I am a Were-Rat please take this note to my wife which contains my last will and testament.  Please leave now before my transformation is compl-AAAAAAAAAAAARRRRGGG
1407,3045,1,14,65,80,1.2,0.04839186038889943,673,"Side effects include dry mouth, blurred vision, and leaving droppings in the pantry."
1411,3045,0,16,64,80,1.2,0.045003516037040954,673,No more than two nibbles every four hours.
1426,3045,2,12,66,80,1.2,0.05155800469472481,673,The first thing to do is kill all the cats.
1466,3045,1,14,65,80,1.2,0.04839186038889943,673,The only side effect observed in human testing was a desire to eat garbage...so you'll fit right in.
1512,3045,3,10,67,80,1.2,0.05454065955141904,673,"Listen, I'm not gonna rat you out if you don't take it, but it's for your own good."
1372,3045,1,14,65,80,1.2,0.04839186038889943,673,Take two a day with cheese
1165,3045,3,10,67,80,1.2,0.05454065955141904,673,"Take this twice daily with cheese, and let's avoid maze running for a few days."
2786,3279,3,10,68,81,1.1975308641975309,0.05391967358499372,673,Here's an Oxycontin scrip.  I'll never tell anyone.
2959,3279,3,10,68,81,1.1975308641975309,0.05391967358499372,673,This will help with your betrayal issues
3066,3279,4,8,69,81,1.1975308641975309,0.05670955100175729,673,Gene therapy created me but I don't think they've conquered musophobia yet.  Take two of these and don't call me again
4525,3279,1,14,66,81,1.1975308641975309,0.04785443813164026,673,Next time try to avoid sour grapes.
3594,3279,1,14,66,81,1.1975308641975309,0.04785443813164026,673,What? It's not poison.
2186,3279,1,14,66,81,1.1975308641975309,0.04785443813164026,673,"Yes, as your doctor I can vouch this prescription is safe. It's been thoroughly tested on lab humans in multiple double-blind clinical trials."
3602,3279,1,14,66,81,1.1975308641975309,0.04785443813164026,673,I was the test subject and nothing happened to me!
3344,3279,1,14,66,81,1.1975308641975309,0.04785443813164026,673,"Thank you, come again."
1808,3279,2,12,67,81,1.1975308641975309,0.05097734030138908,673,"Listen to your inner voice, listen to your inner voice..."
160,3279,1,14,66,81,1.1975308641975309,0.04785443813164026,673,"Marijuana is still illegal, so I'm giving you a ton of opioids."
865,3279,1,14,66,81,1.1975308641975309,0.04785443813164026,673,I'm referring you to this lab.  You'll be in good hands.
730,3279,1,14,66,81,1.1975308641975309,0.04785443813164026,673,Don't trust the psychologist. It's a trap.
559,3279,2,12,67,81,1.1975308641975309,0.05097734030138908,673,Your bug eye is making me hungry.
533,3279,2,12,67,81,1.1975308641975309,0.05097734030138908,673,My advice? Eat more garbage. If that doesn't do the trick I suggest a strict diet of cheese.
178,3279,2,12,67,81,1.1975308641975309,0.05097734030138908,673,Take this and you'll never see a rat again
4347,3279,1,14,66,81,1.1975308641975309,0.04785443813164026,673,"If yu don't get serious about your diet and exercise, I will huff and I'll puff and I'll blow  your house down."
3641,3279,1,14,66,81,1.1975308641975309,0.04785443813164026,673,This cheese is my favorite
1568,3279,2,12,67,81,1.1975308641975309,0.05097734030138908,673,Get this filled at the nearest dumpster.
4217,3279,2,12,67,81,1.1975308641975309,0.05097734030138908,673,"It's only been tested on humans, but I'd even take it myself."
3987,3298,2,11,63,76,1.1973684210526316,0.0530466092376872,673,Take this and leave my baby girl alone.
576,3299,2,13,73,88,1.1931818181818181,0.04810395218312092,673,A prescription for rat cheese should take care of that.
2412,3300,2,11,65,78,1.1923076923076923,0.05179975117387882,673,"Wear a ten-gallon hat, relief  guaranteed by my ranch in  Kentucky."
4351,3300,0,15,63,78,1.1923076923076923,0.04491340062470325,673,Take two of these at bedtime with a cheese of your choice other than Roquefort.
4033,3300,1,13,64,78,1.1923076923076923,0.048479004617209574,673,Here. Take the prescription. It should stop the  hallucinations.
4283,3300,2,11,65,78,1.1923076923076923,0.05179975117387882,673,"Take it from Dr. Weasel, this medication will keep your eyes from popping out of your head."
3334,3300,3,9,66,78,1.1923076923076923,0.054920074241356344,673,Don't you love opposite day?
3290,3300,1,13,64,78,1.1923076923076923,0.048479004617209574,673,"You need cheese, dammit, lots of cheese! Take this 'scrip to the dairy counter and don't get lost in the maze!"
2872,3300,0,15,63,78,1.1923076923076923,0.04491340062470325,673,Take it. It's ratified.
2748,3300,4,7,67,78,1.1923076923076923,0.0578724017790555,673,..don't mean to cry wolf but you really need to take these...
2481,3300,1,13,64,78,1.1923076923076923,0.048479004617209574,673,You should try this new massage service.
4167,3300,1,13,64,78,1.1923076923076923,0.048479004617209574,673,Take these pills along with a box of Kibble  Works for me.
1841,3300,1,13,64,78,1.1923076923076923,0.048479004617209574,673,I'm referring you to a specialist for further tests.  Dr. Katz can see you on Tuesday the 21st.
3827,3300,2,11,65,78,1.1923076923076923,0.05179975117387882,673,This prescription will take care of those nasty nose hairs
1230,3300,3,9,66,78,1.1923076923076923,0.054920074241356344,673,"Take this medication and see me in eight years, I am running for president"
223,3300,1,13,64,78,1.1923076923076923,0.048479004617209574,673,"I prescribe you with a bottle of whisker growth, and you should get a lifetime supply of tuna cans."
583,3300,3,9,66,78,1.1923076923076923,0.054920074241356344,673,"Here, this should do it.  It cured what ailed my ancestors."
586,3300,2,11,65,78,1.1923076923076923,0.05179975117387882,673,Eat two chickens and call me in the morning.
700,3300,2,11,65,78,1.1923076923076923,0.05179975117387882,673,Pizza Rat swears by it for indigestion.
1740,3300,0,15,63,78,1.1923076923076923,0.04491340062470325,673,Don’t give me that look—.it’s not enough arsenic to kill you.
895,3300,1,13,64,78,1.1923076923076923,0.048479004617209574,673,Either I've over-dilated your pupils or it must be a full moon.
1133,3300,1,13,64,78,1.1923076923076923,0.048479004617209574,673,Don't worry. I've tested it personally.
1168,3300,1,13,64,78,1.1923076923076923,0.048479004617209574,673,When you haven't slept in so long you start to hallucinate
701,3300,2,11,65,78,1.1923076923076923,0.05179975117387882,673,"Seriously, arsenic has a long and well tested history as a cure for syphillis. Why do you ask?"
1520,3322,3,9,67,79,1.1898734177215189,0.05427504385344412,673,The hallucinogenic side effects are no additional charge.
3993,3323,1,13,66,80,1.1875,0.0473799281862764,673,If you don’t stay on the cheese you’ll never get better
3389,3324,2,10,63,75,1.1866666666666668,0.05265332251978381,673,"What have you done with my doctor? And no, I won't sign-up for your network!"
2587,3324,2,10,63,75,1.1866666666666668,0.05265332251978381,673,"Hey, it's 10% off for no sheep's clothing."
2665,3324,1,12,62,75,1.1866666666666668,0.049112238922818546,673,Take two tablets nightly and see me on the next full moon.
2741,3324,1,12,62,75,1.1866666666666668,0.049112238922818546,673,Don't worry.  It's safe.  It's already been tested on me.
2791,3324,2,10,63,75,1.1866666666666668,0.05265332251978381,673,This should help with your itchy ass.
2943,3324,2,10,63,75,1.1866666666666668,0.05265332251978381,673,Take this and see me in the burrow.
3370,3324,1,12,62,75,1.1866666666666668,0.049112238922818546,673,I hope you can understand why I’m not prescribing Warfarin for your blood pressure.
3469,3324,2,10,63,75,1.1866666666666668,0.05265332251978381,673,"Try this new medication, it did wonders for me."
4175,3324,1,12,62,75,1.1866666666666668,0.049112238922818546,673,It tests very well; I've been taking it myself for months.
3794,3324,2,10,63,75,1.1866666666666668,0.05265332251978381,673,I've found these particularly helpful in reducing the tendency to chase.
3840,3324,3,8,64,75,1.1866666666666668,0.055970820368587894,673,"I don’t have to literally hand this to you under the table, but it wouldn’t hurt."
4069,3324,2,10,63,75,1.1866666666666668,0.05265332251978381,673,"Yes, this is a very expensive medicine, but without you would die: Your money or your life!"
4085,3324,3,8,64,75,1.1866666666666668,0.055970820368587894,673,"These should clear your erectile dysfunction right up. One possible side effect, though, is hallucinations."
2390,3324,1,12,62,75,1.1866666666666668,0.049112238922818546,673,"This is a referral to my brother at Disney.""




""This is a referral to my brother at Disney."""
4269,3324,1,12,62,75,1.1866666666666668,0.049112238922818546,673,I'm required to disclose that I get a cheddar for recommending Ameropioidcrisis.
4270,3324,2,10,63,75,1.1866666666666668,0.05265332251978381,673,HERE'S  YOUR VIAGRA.  DON'T THINK OF ME WHEN YOU TAKE IT!
4518,3324,2,10,63,75,1.1866666666666668,0.05265332251978381,673,Swiss cheese including the holes.  Works wonders.
3638,3324,1,12,62,75,1.1866666666666668,0.049112238922818546,673,"Yes, of course. It's called the doctor-patient confidentiality agreement. Why does everyone keep asking me that?"
1847,3324,2,10,63,75,1.1866666666666668,0.05265332251978381,673,"This medication will not stop your hallucinating rodents, but it will reduce your fear of becoming one."
1478,3324,2,10,63,75,1.1866666666666668,0.05265332251978381,673,Here is a sample for an experimental drug that I have been testing.
1583,3324,1,12,62,75,1.1866666666666668,0.049112238922818546,673,Here's your poison
54,3324,3,8,64,75,1.1866666666666668,0.055970820368587894,673,"Take two of these everyday, and hopefully you won't turn out like me."
83,3324,2,10,63,75,1.1866666666666668,0.05265332251978381,673,I have personally tested this drug-- it worked wonders!
84,3324,1,12,62,75,1.1866666666666668,0.049112238922818546,673,"[Context: I don’t know what animal this is but I think it’s fair to call it a rat— you wouldn’t see a rat joke and think “But that is not a rat!,” and I know mice are connected to cheese, but rats are sorta mice, so they like cheese] “Cheese louise!”"
130,3324,0,14,61,75,1.1866666666666668,0.045295161459604626,673,"Trust me, I have extensive knowledge of infectious diseases."
134,3324,1,12,62,75,1.1866666666666668,0.049112238922818546,673,"Just some quick advice from your friendly HR rep for your first day on the job: When they take the picture for your employee ID, be sure to say ""cheese."""
177,3324,1,12,62,75,1.1866666666666668,0.049112238922818546,673,"Just call me, I may be a rat but I’m not ratty. Darn, that catchphrase is horrid."
1757,3324,1,12,62,75,1.1866666666666668,0.049112238922818546,673,"Don't worry, lupus is my specialty."
636,3324,4,6,65,75,1.1866666666666668,0.059102394986100974,673,"Its DOCTOR Ratburn, just take the script and for the last time, there are no side effects."
543,3324,1,12,62,75,1.1866666666666668,0.049112238922818546,673,Take two pellets and call me in the morning.
698,3324,1,12,62,75,1.1866666666666668,0.049112238922818546,673,Now this should help that lupus condition you have.
819,3324,1,12,62,75,1.1866666666666668,0.049112238922818546,673,Just because I'm experiencing this side effect doesn't mean that you will.
1199,3324,1,12,62,75,1.1866666666666668,0.049112238922818546,673,"Don't worry, you're no spring chicken."
1205,3324,3,8,64,75,1.1866666666666668,0.055970820368587894,673,This visit is on the mouse.
1312,3324,2,10,63,75,1.1866666666666668,0.05265332251978381,673,This will help with your exhaustion from running around on the wheel all day.
1487,3324,1,12,62,75,1.1866666666666668,0.049112238922818546,673,What's your problem?  I've tested it myself.
1493,3324,2,10,63,75,1.1866666666666668,0.05265332251978381,673,Make sure it is Swiss Cheese. Swiss!
657,3324,1,12,62,75,1.1866666666666668,0.049112238922818546,673,I wouldn’t prescribe this if I didn’t test it myself.
3271,3362,1,11,58,70,1.1857142857142857,0.05104642933009962,673,I can’t find any humor in your euphemistic use of the term ‘rat poison’.
3527,3362,0,13,57,70,1.1857142857142857,0.046815160711083915,673,Here’s my business card. And also a reminder to pay the co-pay before you leave the office.
3704,3362,3,7,60,70,1.1857142857142857,0.05859944792614803,673,You may become a physician.
3318,3365,0,14,62,76,1.1842105263157894,0.04476263446376517,673,It will help with life feeling like one big human race
4201,3365,1,12,63,76,1.1842105263157894,0.048523918196278354,673,I think the cheese will help. This card will get you through the maze.
3256,3365,2,10,64,76,1.1842105263157894,0.052013919580258215,673,Don't worry.  I tried it myself.
1047,3365,3,8,65,76,1.1842105263157894,0.05528403949680256,673,Hn
1042,3365,2,10,64,76,1.1842105263157894,0.052013919580258215,673,Now who's the vector for disease?
3640,3370,0,13,58,71,1.1830985915492958,0.046225147349214256,673,I've seen this before... I'm afraid you'll have to lay off the pizza.
2816,3371,2,10,65,77,1.1818181818181819,0.05138968544451671,673,I think you should definitely get a second opinion
4046,3371,2,10,65,77,1.1818181818181819,0.05138968544451671,673,"Listen Herbert, your last 3 maze runs were pathetic, but for the next we expect great results since you are now on gluten-free pellets!"
2052,3373,0,13,59,72,1.1805555555555556,0.045649498541524836,673,"Yes, it has been tested in rats."
2318,3373,1,11,60,72,1.1805555555555556,0.04975050777451365,673,I know it's a little unorthodox but dairy therapy has seen some really promising results.
1850,3373,2,9,61,72,1.1805555555555556,0.05353829779280629,673,I'm prescribing extract of aardvark twice a day for your eye condition. Burp!  I'm you're rat doctor!
35,3373,2,9,61,72,1.1805555555555556,0.05353829779280629,673,These suppositories will make you feel more normal.
3567,3377,1,11,61,73,1.178082191780822,0.0491265634505708,673,"A larger shoe size will ease your pain, now you owe $5,000 in cash and will need a follow-up appointment next week."
3149,3377,0,13,60,73,1.178082191780822,0.045087711548245424,673,This script has a side effect that might leave you mousy. Just keep away from cats ok.
3166,3377,2,9,62,73,1.178082191780822,0.052857702752466776,673,This prescription is only good in Baltimore.
3176,3377,1,11,61,73,1.178082191780822,0.0491265634505708,673,"It's a remote control  to lock that door. Selma, hold all my calls."
3180,3377,3,7,63,73,1.178082191780822,0.05634229533905509,673,Who did you expect to see given you made an appointment with Dr. Wolf?
3195,3377,1,11,61,73,1.178082191780822,0.0491265634505708,673,It's perfectly safe.  My cousin passed the clinical trials with flying colors.
3263,3377,2,9,62,73,1.178082191780822,0.052857702752466776,673,"Take two, one for you and one for your cat.  And don't call me!"
3266,3377,3,7,63,73,1.178082191780822,0.05634229533905509,673,Take two of these and call me in the full moon.
3284,3377,1,11,61,73,1.178082191780822,0.0491265634505708,673,A rat poison Warfarin?  Yes.  Humans call it Coumadin.
3610,3377,2,9,62,73,1.178082191780822,0.052857702752466776,673,It's just an allergy. Take these daily and have your cat boiled alive
3288,3377,1,11,61,73,1.178082191780822,0.0491265634505708,673,"I want you to try this new, cruelty-free cream, made entirely without human testing."
3332,3377,1,11,61,73,1.178082191780822,0.0491265634505708,673,"This prescription for Warfarin will help you with your heart problems. Believe me,I know it works!!"
3351,3377,1,11,61,73,1.178082191780822,0.0491265634505708,673,"This is a good one, I’ve tested it myself."
3099,3377,1,11,61,73,1.178082191780822,0.0491265634505708,673,"I was in on the development of these babies. Believe me, take one and you'll feel like a whole different person!"
3441,3377,2,9,62,73,1.178082191780822,0.052857702752466776,673,"Yes,  a big block of cheese. Eat one and then call me in the morning."
3443,3377,2,9,62,73,1.178082191780822,0.052857702752466776,673,They're 98% effective. Plus I take them myself.
3460,3377,0,13,60,73,1.178082191780822,0.045087711548245424,673,It's rat poison.   Great for preventing blood clots.
3461,3377,0,13,60,73,1.178082191780822,0.045087711548245424,673,This prescription will help you learn to enjoy rats.
3490,3377,1,11,61,73,1.178082191780822,0.0491265634505708,673,"You know,of course, what I'm prescribing is experimental."
3618,3377,2,9,62,73,1.178082191780822,0.052857702752466776,673,This hasn't been tested on humans yet.
3306,3377,1,11,61,73,1.178082191780822,0.0491265634505708,673,I’ll be honest: you’re not really my usual clientele
3393,3377,1,11,61,73,1.178082191780822,0.0491265634505708,673,"These pills will fuzz up your skin, grow out your nasal hair and move up you mouth."
3068,3377,1,11,61,73,1.178082191780822,0.0491265634505708,673,"Here, you might like this one. it's called Doctor Jackal and Mister Hyde."
3661,3377,1,11,61,73,1.178082191780822,0.0491265634505708,673,Is the white coat making you uncomfortable?
2610,3377,1,11,61,73,1.178082191780822,0.0491265634505708,673,"With rare exceptions,I skip the fiction."
2620,3377,3,7,63,73,1.178082191780822,0.05634229533905509,673,I moved here from Baltimore. Why?
2623,3377,1,11,61,73,1.178082191780822,0.0491265634505708,673,I’m going to need you to take two of these and then run thru a maze for a food pellet .
2638,3377,3,7,63,73,1.178082191780822,0.05634229533905509,673,"Here's you prescription, just don't Rat me out!"
2692,3377,0,13,60,73,1.178082191780822,0.045087711548245424,673,Take this down the street to the Snake Pharmacy.
2696,3377,0,13,60,73,1.178082191780822,0.045087711548245424,673,"To help you deal with your anxiety disorder, here is a little maze I would like you to follow."
2722,3377,1,11,61,73,1.178082191780822,0.0491265634505708,673,"About this problem of your starting to look like me, I’ll prescribe something for your transference."
2763,3377,1,11,61,73,1.178082191780822,0.0491265634505708,673,The chemicals in this script were lab rat tested.
2784,3377,1,11,61,73,1.178082191780822,0.0491265634505708,673,Try a CAT scan - I hear they're safe.
2805,3377,2,9,62,73,1.178082191780822,0.052857702752466776,673,Burning Man is terrible this year.
2811,3377,2,9,62,73,1.178082191780822,0.052857702752466776,673,THIS WILL HELP YOU GET THROUGH THE MAZE.
2828,3377,1,11,61,73,1.178082191780822,0.0491265634505708,673,"I know it's experimental, but I wouldn't be where I am today without it."
2854,3377,2,9,62,73,1.178082191780822,0.052857702752466776,673,"As your aardvark, I advise you to eat more insects and sleep during the day."
2876,3377,1,11,61,73,1.178082191780822,0.0491265634505708,673,"""Doc, maybe I should stop using generic pills."""
2880,3377,1,11,61,73,1.178082191780822,0.0491265634505708,673,"It's coumadin, rat poison..but it's good meds for you."
2904,3377,1,11,61,73,1.178082191780822,0.0491265634505708,673,You may experience a strong desire to eat moldy cheese.
2913,3377,0,13,60,73,1.178082191780822,0.045087711548245424,673,You may experience a strong desire to roam around subway stops.
2993,3377,1,11,61,73,1.178082191780822,0.0491265634505708,673,What are you glaring at me for?  Does my moustache scare you?
3024,3377,1,11,61,73,1.178082191780822,0.0491265634505708,673,"Unfortunately, there is no cure for personification syndrome, but it is treatable."
2609,3377,1,11,61,73,1.178082191780822,0.0491265634505708,673,Sure it's safe. I've taken it and havn't noticed any side affects.
3063,3377,2,9,62,73,1.178082191780822,0.052857702752466776,673,It's what I take for headaches.
3080,3377,1,11,61,73,1.178082191780822,0.0491265634505708,673,I take one every day and look at me!
3673,3377,2,9,62,73,1.178082191780822,0.052857702752466776,673,"Don't worry, there's always the subway tracks."
4249,3377,1,11,61,73,1.178082191780822,0.0491265634505708,673,Don't feel bad about it. You need the money and no one ever called a cat man's best friend. Clinical trials will begin next month.
3833,3377,1,11,61,73,1.178082191780822,0.0491265634505708,673,one pill a day should reduce your cravings to go dumpster diving
4285,3377,2,9,62,73,1.178082191780822,0.052857702752466776,673,I’m prescribing a placebo because you have  cried  wolf once too often
4296,3377,3,7,63,73,1.178082191780822,0.05634229533905509,673,Just so you know who you're dealing with ...
4306,3377,1,11,61,73,1.178082191780822,0.0491265634505708,673,...and avoid cheese.
4328,3377,0,13,60,73,1.178082191780822,0.045087711548245424,673,"Your doing really great, this should take care of the irritation. Be sure to elevate and get plenty of  rest. We’ ll have you back in the maze in no time!"
4333,3377,1,11,61,73,1.178082191780822,0.0491265634505708,673,Apply here. I happen to know there's a vacancy in their lab.
4364,3377,0,13,60,73,1.178082191780822,0.045087711548245424,673,"Trust me, the side effects are minimal."
4371,3377,1,11,61,73,1.178082191780822,0.0491265634505708,673,Would you look at me like that if I was a mouse?
4381,3377,1,11,61,73,1.178082191780822,0.0491265634505708,673,If you see a large rodent wearing a Medical White Coat take 15 tabs of this high potent LSD . If  they start crawling on your body dip yourself in a vat of Benadryl while listening to the Grateful Dead at high pitch. If  you are still alive kill Bill
4421,3377,3,7,63,73,1.178082191780822,0.05634229533905509,673,"""Take two parasites and call me in the morning."""
4424,3377,3,7,63,73,1.178082191780822,0.05634229533905509,673,Doctor Rat: Don't worry about plague! I've been carrying it for most of my life with hardly any discomfort.
4245,3377,2,9,62,73,1.178082191780822,0.052857702752466776,673,I do kids parties on the weekends - here's my card.
4428,3377,1,11,61,73,1.178082191780822,0.0491265634505708,673,"It's okay, I always prescribe cheese."
4480,3377,0,13,60,73,1.178082191780822,0.045087711548245424,673,This new medication has been tested on my kids with positive results.
4483,3377,0,13,60,73,1.178082191780822,0.045087711548245424,673,"Best scrip I've seen for energy, but on the competitive maze circuit the darn stuff's illegal"
4485,3377,2,9,62,73,1.178082191780822,0.052857702752466776,673,Here's your ticket to Baltimore tell my family I've found a new city to breed in.
4523,3377,4,5,64,73,1.178082191780822,0.05962358382283376,673,It's been thoroughly tested.
4526,3377,0,13,60,73,1.178082191780822,0.045087711548245424,673,Most of the others survived too
4532,3377,0,13,60,73,1.178082191780822,0.045087711548245424,673,"That was the lab, you're my third patient this month who's contracted the plague."
4536,3377,0,13,60,73,1.178082191780822,0.045087711548245424,673,This prescription would cost way more under Medicare for All.
4543,3377,3,7,63,73,1.178082191780822,0.05634229533905509,673,So YOU think you're a werewolf....? Seriously?!
4560,3377,2,9,62,73,1.178082191780822,0.052857702752466776,673,"If  your symptoms are shortness of breath, take this, but stop if your house blows down."
4569,3377,4,5,64,73,1.178082191780822,0.05962358382283376,673,"Of course you can trust me, I got a 98 on my M-RAT"
4472,3377,1,11,61,73,1.178082191780822,0.0491265634505708,673,These will expire in two dog years.
4216,3377,1,11,61,73,1.178082191780822,0.0491265634505708,673,This'll cure your alurophobia. Did mine.
4179,3377,2,9,62,73,1.178082191780822,0.052857702752466776,673,"This is blotter acid 
Wilber !"
4176,3377,1,11,61,73,1.178082191780822,0.0491265634505708,673,I’ m required to warn you that taking these pills causes some bug-eyed people to see a wolf’s head on their doctors and lawyers.
3866,3377,1,11,61,73,1.178082191780822,0.0491265634505708,673,Here's a prescription for your rodent problem. It works great.
3875,3377,2,9,62,73,1.178082191780822,0.052857702752466776,673,I prefer that you pay me in Bitcoin.
3917,3377,1,11,61,73,1.178082191780822,0.0491265634505708,673,"Here, download this app."
3927,3377,1,11,61,73,1.178082191780822,0.0491265634505708,673,"You must have misheard, we are disease-ridding creatures."
3936,3377,2,9,62,73,1.178082191780822,0.052857702752466776,673,"Eat two live chickens, and call me in the morning."
3954,3377,1,11,61,73,1.178082191780822,0.0491265634505708,673,Call me tomorrow. I’ll be in the lab
3960,3377,0,13,60,73,1.178082191780822,0.045087711548245424,673,I'm allergic to cats too.
4001,3377,1,11,61,73,1.178082191780822,0.0491265634505708,673,Follow the directions or else...
4015,3377,1,11,61,73,1.178082191780822,0.0491265634505708,673,Sheep’s clothing is so last millennium.
4022,3377,2,9,62,73,1.178082191780822,0.052857702752466776,673,If you see a cat in the lobby hand him this catnip and tell him to go away
4034,3377,3,7,63,73,1.178082191780822,0.05634229533905509,673,"they'll give you a free birthday treat when you sign up, so if you create a new email for each month, then use the previous email as your referral, you can save 15 dollars off your first 20 dollar order on each, and you get a free treat every month"
4050,3377,0,13,60,73,1.178082191780822,0.045087711548245424,673,"I’d prescribe the generic, but I’ve found the side effects make you iratsible."
4060,3377,2,9,62,73,1.178082191780822,0.052857702752466776,673,Trust me....I was in the research study that proved our burnout rate was much lower than the human control group.
4065,3377,1,11,61,73,1.178082191780822,0.0491265634505708,673,I was part of the research trial and it worked.
2590,3377,1,11,61,73,1.178082191780822,0.0491265634505708,673,We’ll try this first....it’s topical.  If you still have that odd appearance after three months we’ll think about surgery.
4084,3377,2,9,62,73,1.178082191780822,0.052857702752466776,673,Here's a prescription for the hallucinations.
4086,3377,1,11,61,73,1.178082191780822,0.0491265634505708,673,We see the best results in patients born in the Year of the Monkey. You'll want to stock up on bananas.
4092,3377,1,11,61,73,1.178082191780822,0.0491265634505708,673,"Here, take my card and call me whenever you have a cold or if there´s a ball to be fetched."
4108,3377,1,11,61,73,1.178082191780822,0.0491265634505708,673,"Yes, this is rat poison, but the benefits outweigh the risks."
4143,3377,0,13,60,73,1.178082191780822,0.045087711548245424,673,"Look, I know doctors make some people nervous. If it helps, I'm just like you and put my shoes on one paw at a time."
4144,3377,1,11,61,73,1.178082191780822,0.0491265634505708,673,"Before taking, hide this in liverwurst."
4158,3377,1,11,61,73,1.178082191780822,0.0491265634505708,673,This treatment has never been tested on humans.
4159,3377,1,11,61,73,1.178082191780822,0.0491265634505708,673,I also consented to the experimental drug testing. You have nothing to worry about!
3755,3377,1,11,61,73,1.178082191780822,0.0491265634505708,673,"C'mon, take it...there's nothing to be afraid of....I promise"
2562,3377,0,13,60,73,1.178082191780822,0.045087711548245424,673,I'm gonna prescribe you some cheese.
4082,3377,2,9,62,73,1.178082191780822,0.052857702752466776,673,"I appreciate your concern, Mr Jones, but can assure you I take patient confidentiality quite seriously."
2543,3377,2,9,62,73,1.178082191780822,0.052857702752466776,673,"Nah, dude, you gotta get on my level. Take this piece of paper, find like 100,000 more, build that nest in some rando’s garage near a water source, that shit is the jaaaaammmm"
626,3377,0,13,60,73,1.178082191780822,0.045087711548245424,673,I'm glad the hallucinations stopped...
661,3377,2,9,62,73,1.178082191780822,0.052857702752466776,673,"Here Mr. Mark, just start taking these. Just because you can now discern the predators from the prey doesn't mean you can do anything about it. Best just to keep yourself sedated."
689,3377,0,13,60,73,1.178082191780822,0.045087711548245424,673,"I wasn't sure at first either, but it's really been paradigm shifting!"
711,3377,0,13,60,73,1.178082191780822,0.045087711548245424,673,I’m your lawyer; trust me!
734,3377,2,9,62,73,1.178082191780822,0.052857702752466776,673,"Here's your prescription, now take me for a walk."
768,3377,1,11,61,73,1.178082191780822,0.0491265634505708,673,A man in a red suit coat? I was told to expect a little girl with a red cloak and a basket!  I’ll never gobble you in three gulps.
887,3377,0,13,60,73,1.178082191780822,0.045087711548245424,673,I've personally tested this one.
914,3377,2,9,62,73,1.178082191780822,0.052857702752466776,673,It’s not easy cutting the cheese. Here’s a lactose intolerance specialist I recommend.
937,3377,2,9,62,73,1.178082191780822,0.052857702752466776,673,"I'm Doctor Raton, my card..."
955,3377,1,11,61,73,1.178082191780822,0.0491265634505708,673,"Of course, my inclination would be to wolf them down.  You should take two every four hours."
505,3377,1,11,61,73,1.178082191780822,0.0491265634505708,673,"Take two once a day, with pizza."
979,3377,0,13,60,73,1.178082191780822,0.045087711548245424,673,"It's your wife,again."
994,3377,0,13,60,73,1.178082191780822,0.045087711548245424,673,"I assure you, all the lab rats who took this have done quite well."
1014,3377,2,9,62,73,1.178082191780822,0.052857702752466776,673,Take one capsule 3 times a day and you'll soon look as healthy as me.
1076,3377,0,13,60,73,1.178082191780822,0.045087711548245424,673,Just take two Advil and try to stay out of the rat race for a while
1113,3377,1,11,61,73,1.178082191780822,0.0491265634505708,673,I know the news coming from fox may be hard to swallow
1121,3377,1,11,61,73,1.178082191780822,0.0491265634505708,673,Give my office a call if you experience anything unusual.
1155,3377,1,11,61,73,1.178082191780822,0.0491265634505708,673,"We accept Visa, Mastercard, American Express, and hunks of cheddar cheese."
1189,3377,1,11,61,73,1.178082191780822,0.0491265634505708,673,It was just a nerdy doctor's visit. Now I'm getting asked out.
1244,3377,1,11,61,73,1.178082191780822,0.0491265634505708,673,"Here ya go! Now, where's the cheese?"
1245,3377,0,13,60,73,1.178082191780822,0.045087711548245424,673,"Trust me, it's safe. Plus you'll earn some good cheddar."
1258,3377,3,7,63,73,1.178082191780822,0.05634229533905509,673,Do I take it before or after I kill the beast?
991,3377,0,13,60,73,1.178082191780822,0.045087711548245424,673,Take my card. No need to flinch; I've already infected you with bubonic plague.
1260,3377,2,9,62,73,1.178082191780822,0.052857702752466776,673,Take two cubes of mozzarella and stay away from cats for a while.
454,3377,2,9,62,73,1.178082191780822,0.052857702752466776,673,It's effective!   It's been proven in animal studies.
370,3377,0,13,60,73,1.178082191780822,0.045087711548245424,673,Relax- take it. Just don’t tell anyone you got it from me!
2557,3377,2,9,62,73,1.178082191780822,0.052857702752466776,673,What?! You'd rather stay lactose intolerant?
3,3377,4,5,64,73,1.178082191780822,0.05962358382283376,673,"yeah the test came back positive, you definitely have that disease that makes doctors look like rats, sorry dude"
6,3377,2,9,62,73,1.178082191780822,0.052857702752466776,673,"You can stop looking at me like I've got rabies, there's no co-pay on the prescription."
29,3377,1,11,61,73,1.178082191780822,0.0491265634505708,673,"“It’s over-the-counter, but I found a few under it.”"
37,3377,1,11,61,73,1.178082191780822,0.0491265634505708,673,Try these pills. They'll keep your droppings smooth and shiny.
53,3377,2,9,62,73,1.178082191780822,0.052857702752466776,673,This will help cure the big eyes you have.
60,3377,2,9,62,73,1.178082191780822,0.052857702752466776,673,This is where the health care maze begin
66,3377,1,11,61,73,1.178082191780822,0.0491265634505708,673,"It's an experimental procedure, but don't worry -- I've been through hundreds of them."
113,3377,1,11,61,73,1.178082191780822,0.0491265634505708,673,"Trust me, this is not a bait and switch prescription."
119,3377,1,11,61,73,1.178082191780822,0.0491265634505708,673,Take two of these and I'll call on you in the morning.
374,3377,2,9,62,73,1.178082191780822,0.052857702752466776,673,"No, we don't accept plastic, we only take Swiss cheese"
127,3377,1,11,61,73,1.178082191780822,0.0491265634505708,673,I may be a rat but this is chickenfeed.
276,3377,1,11,61,73,1.178082191780822,0.0491265634505708,673,If you miss a day you’re looking at the consequence.
280,3377,1,11,61,73,1.178082191780822,0.0491265634505708,673,"I don’t know how it’s spreading, but this should help you avoid it like the plague."
285,3377,1,11,61,73,1.178082191780822,0.0491265634505708,673,Take these daily for a month and  I promise you’ll look as good as me.
323,3377,1,11,61,73,1.178082191780822,0.0491265634505708,673,"Trust me, it works on lab rats."
328,3377,0,13,60,73,1.178082191780822,0.045087711548245424,673,"You can get this filled anywhere in Baltimore, or in the District of Columbia."
331,3377,0,13,60,73,1.178082191780822,0.045087711548245424,673,Take two pieces of cheddar twice a day and see me in a month!
335,3377,1,11,61,73,1.178082191780822,0.0491265634505708,673,"Remember, 'omerta' means nothing in our culture."
351,3377,1,11,61,73,1.178082191780822,0.0491265634505708,673,Here's your  prescription. Take one a day with food - preferably garbage.
357,3377,0,13,60,73,1.178082191780822,0.045087711548245424,673,"Be forewarned, the cheese question portion of the job interview is tougher than the maze you scampered through effortlessly."
364,3377,3,7,63,73,1.178082191780822,0.05634229533905509,673,You can get this filled at the pharmacy downstairs. It's for flea powder and a plastic cone.
249,3377,1,11,61,73,1.178082191780822,0.0491265634505708,673,Take one dumpster dive and call me in the morning.
1331,3377,2,9,62,73,1.178082191780822,0.052857702752466776,673,Double or nothing for your medical bill.
1126,3377,1,11,61,73,1.178082191780822,0.0491265634505708,673,"I know what you're thinking, but I graduated at the top of my animal research group."
1345,3377,1,11,61,73,1.178082191780822,0.0491265634505708,673,See checkout my license! It’s Dr. Rat to you
1962,3377,0,13,60,73,1.178082191780822,0.045087711548245424,673,Lemme tell you: I do this because I'm a friend and I care about you.
1972,3377,1,11,61,73,1.178082191780822,0.0491265634505708,673,"Take three slices of cheese in the morning, then three slices of cheese at bedtime."
2010,3377,3,7,63,73,1.178082191780822,0.05634229533905509,673,"There's no reported side effects, in fact I take them myself."
2084,3377,2,9,62,73,1.178082191780822,0.052857702752466776,673,"Yes, bacon is good for you."
1339,3377,2,9,62,73,1.178082191780822,0.052857702752466776,673,I worked my up from being a lab rat in Baltimore
2113,3377,1,11,61,73,1.178082191780822,0.0491265634505708,673,Money shall buy you help and anything else.
2116,3377,1,11,61,73,1.178082191780822,0.0491265634505708,673,What does bad handwriting say about you?
2157,3377,1,11,61,73,1.178082191780822,0.0491265634505708,673,Here's a prescription for cheese. Eat two slices every four hours.
2170,3377,2,9,62,73,1.178082191780822,0.052857702752466776,673,"It's rat poison. But don't worry, it won't kill you, only thin your blood."
2174,3377,2,9,62,73,1.178082191780822,0.052857702752466776,673,It’s perfectly safe—we’ve tested it extensively on Baltimore Rats.
1903,3377,1,11,61,73,1.178082191780822,0.0491265634505708,673,Not addictive...
2185,3377,3,7,63,73,1.178082191780822,0.05634229533905509,673,You aren't covered!
2212,3377,0,13,60,73,1.178082191780822,0.045087711548245424,673,Take all the pills from this prescription and  I'll look like my own self again on your next visit.
2241,3377,0,13,60,73,1.178082191780822,0.045087711548245424,673,"And remember, don't let the cat find this card."
2272,3377,0,13,60,73,1.178082191780822,0.045087711548245424,673,"Take this. I'll forget about your remark about my nose. And, I'll waive the co-pay this time."
2311,3377,0,13,60,73,1.178082191780822,0.045087711548245424,673,Take one pill with breakfast everyday. Thanks for participating in round of trials.
2398,3377,1,11,61,73,1.178082191780822,0.0491265634505708,673,Take two of cheese every day for a week and let me know what happens.
2417,3377,3,7,63,73,1.178082191780822,0.05634229533905509,673,Based on the results you might as well.
2508,3377,2,9,62,73,1.178082191780822,0.052857702752466776,673,Try this medication instead. It tends to have fewer side effects.
2511,3377,0,13,60,73,1.178082191780822,0.045087711548245424,673,"Here, take these for pain as often as you like and don't hesitate to ask for more."
2516,3377,0,13,60,73,1.178082191780822,0.045087711548245424,673,"Excuse me, the pipes are calling."
2523,3377,1,11,61,73,1.178082191780822,0.0491265634505708,673,Here' s a get out of jail card for the next time you get stuck in the maze.
2196,3377,1,11,61,73,1.178082191780822,0.0491265634505708,673,Eat three bricks of old cheddar and call me in the morning.
1876,3377,1,11,61,73,1.178082191780822,0.0491265634505708,673,This antibiotic should take care of that infection. Shall we follow-up in… oh… about a month?
2107,3377,2,9,62,73,1.178082191780822,0.052857702752466776,673,"No, it's not the human version of what you think it is."
1836,3377,2,9,62,73,1.178082191780822,0.052857702752466776,673,"A man to a man wolf.
Excuse me , Dr Wolf ."
1347,3377,2,9,62,73,1.178082191780822,0.052857702752466776,673,"Please, Mr. Flanagan, just trust me and take these antipsychotics."
1370,3377,1,11,61,73,1.178082191780822,0.0491265634505708,673,Take this - I've tested it and it worked wonders for me.
1425,3377,1,11,61,73,1.178082191780822,0.0491265634505708,673,"For your illness of being unpopular, eat a slice of pizza a day in the subway to gain attention. A side effect is becoming a meme."
1451,3377,3,7,63,73,1.178082191780822,0.05634229533905509,673,Cheese has natural opiates.
1840,3377,0,13,60,73,1.178082191780822,0.045087711548245424,673,"Give this to Trump, it has worked on many of my friends."
1554,3377,1,11,61,73,1.178082191780822,0.0491265634505708,673,"When you start howling at the moon, you’ll know you’re cured!"
1576,3377,1,11,61,73,1.178082191780822,0.0491265634505708,673,Everybody knows that rat poison in small doses is good for you.
1587,3377,1,11,61,73,1.178082191780822,0.0491265634505708,673,"Take two of these by the light of a full moon, and howl me in the morning."
1645,3377,2,9,62,73,1.178082191780822,0.052857702752466776,673,I’m happy to refer you to a specialist but I have to warn you some patients don’t find him personable.
1680,3377,1,11,61,73,1.178082191780822,0.0491265634505708,673,Who in their right mind would prescribe Rat poison??
1684,3377,1,11,61,73,1.178082191780822,0.0491265634505708,673,"Here is your prescription chit, dollars will be next."
1492,3377,1,11,61,73,1.178082191780822,0.0491265634505708,673,"I really don't like your eyes, so, get back your credit card!"
1695,3377,0,13,60,73,1.178082191780822,0.045087711548245424,673,"Unfortunately, your tests show that you’ll start transformation in about a week."
1716,3377,0,13,60,73,1.178082191780822,0.045087711548245424,673,I can do a house call at the henhouse.
1720,3377,2,9,62,73,1.178082191780822,0.052857702752466776,673,"Don't worry, there are no side effects. I take two a day."
1762,3377,1,11,61,73,1.178082191780822,0.0491265634505708,673,"Why, yes, those are my first prize certificates for hot dog/hamburger competitions. But in medical school I had to stop wolfing down that stuff -- stress raises cholesterol, you know."
1767,3377,1,11,61,73,1.178082191780822,0.0491265634505708,673,"Yes some side effects, but worked for me!"
1769,3377,1,11,61,73,1.178082191780822,0.0491265634505708,673,"You want an orthodontist, not a rodent dentist."
1789,3377,2,9,62,73,1.178082191780822,0.052857702752466776,673,"The better to diagnose you, my dear."
1806,3377,2,9,62,73,1.178082191780822,0.052857702752466776,673,I myself have used this hair regrowth treatment for years.
1811,3377,0,13,60,73,1.178082191780822,0.045087711548245424,673,"Sorry, we don't take Obamacare."
1686,3377,2,9,62,73,1.178082191780822,0.052857702752466776,673,This prescription will improve your perception of me and get rid of those popping eyes.
4310,3579,1,10,59,70,1.1714285714285715,0.0497256596779289,673,Take these for the hallucinations and then call us if you’re still dilated.
3733,3579,2,8,60,70,1.1714285714285715,0.05372820400267856,673,Stop taking this if you start experiencing hallucinations.
2462,3579,1,10,59,70,1.1714285714285715,0.0497256596779289,673,Cut back on the cheese and send it to me.
659,3579,2,8,60,70,1.1714285714285715,0.05372820400267856,673,"Now that we have ""Medicare for All,"" everything comes in a suppository."
171,3579,2,8,60,70,1.1714285714285715,0.05372820400267856,673,Here's the key card to your cage ...uh...cubicle.
1348,3579,3,6,61,70,1.1714285714285715,0.057452576794271674,673,What did you expect from socialized medicine?
4054,3585,1,10,60,71,1.1690140845070423,0.049079722002617565,673,"Before I write your prescriptions, tell me, are you hallucinating right now?"
2444,3585,2,8,61,71,1.1690140845070423,0.05302106749939831,673,Take 2 aspirin and howl at me in the morning.
3943,3585,2,8,61,71,1.1690140845070423,0.05302106749939831,673,Here's a prescription for rat pills.
3635,3585,2,8,61,71,1.1690140845070423,0.05302106749939831,673,It’s been thoroughly tested on rats.
3588,3585,1,10,60,71,1.1690140845070423,0.049079722002617565,673,"It's the answer to Life, the Universe, and Everything."
3581,3585,0,12,59,71,1.1690140845070423,0.044792908199096586,673,Take two concentrated cheese tablets daily and you will be aMAZEd at how good you will feel.
3086,3585,1,10,60,71,1.1690140845070423,0.049079722002617565,673,Take this twice a day and your head will be back to normal in a week.
2797,3585,1,10,60,71,1.1690140845070423,0.049079722002617565,673,Cheese is good for you!
2476,3585,0,12,59,71,1.1690140845070423,0.044792908199096586,673,Should ir-rat-icate your cough with a lovely cheese flavor to boot.
2158,3585,2,8,61,71,1.1690140845070423,0.05302106749939831,673,Take two and call me in the morning...
2256,3585,1,10,60,71,1.1690140845070423,0.049079722002617565,673,"I am recommending you eat a piece of cheese, always makes me feel better"""
1866,3585,1,10,60,71,1.1690140845070423,0.049079722002617565,673,Try this.  It's 65% effective in mice.
1501,3585,0,12,59,71,1.1690140845070423,0.044792908199096586,673,Not to worry. None of my family members were harmed making this drug
1376,3585,0,12,59,71,1.1690140845070423,0.044792908199096586,673,"Look at my phone and count backwards from 100. Soon, you'll become more and more uninteresting..."
1073,3585,1,10,60,71,1.1690140845070423,0.049079722002617565,673,"One tablet three times a day, and stop watching Donnie Darko every night."
978,3585,1,10,60,71,1.1690140845070423,0.049079722002617565,673,"You can keep waving the card if you want, but I still a cat."
642,3585,1,10,60,71,1.1690140845070423,0.049079722002617565,673,The generic will be less expensive but if you really want to save some serious money I suggest you try the placebo.
472,3585,2,8,61,71,1.1690140845070423,0.05302106749939831,673,"What do you expect? I'm a dog, not a drug vending machine."
55,3585,0,12,59,71,1.1690140845070423,0.044792908199096586,673,Think about it.Intra-species transplantation makes logical sense.
11,3585,1,10,60,71,1.1690140845070423,0.049079722002617565,673,"Take one, per day, in a saucer of milk."
47,3605,2,9,67,78,1.1666666666666667,0.04969660420745535,673,"James Cagney pins his famous quote,”You Dirty Rat”."
1828,3605,0,12,60,72,1.1666666666666667,0.04422874103618961,673,These have been successfully tested on lab rats with no side effects.
2176,3607,2,7,58,67,1.164179104477612,0.054623479615184975,673,Take one daily with a bowl of water.
3353,3607,1,9,57,67,1.164179104477612,0.05031342257188375,673,Welcome to Baltimore.
3748,3609,2,8,64,74,1.162162162162162,0.05100626464063538,673,I'm on their side and on your side.
3069,3610,2,7,59,68,1.161764705882353,0.05386833246131616,673,"TAKE TWO TABS BY MOUTH EVERY 8 HOURS
AS NEEDED FOR ANXIETY 
FOR 30 DAYS
BEGIN DETOX AT:  ‘I Don’t Give a Rat’s Ass Rehab’
FOR THE NEXT 30 YEARS"
3048,3610,1,9,58,68,1.161764705882353,0.049626763740833676,673,"Have this piece of cheese, you'll feel better."
3044,3610,0,11,57,68,1.161764705882353,0.04498704387503318,673,"Since the mask didn’t make you laugh, try taking this."
2992,3610,2,7,59,68,1.161764705882353,0.05386833246131616,673,"You have my word, they will not think it strange."
2984,3610,0,11,57,68,1.161764705882353,0.04498704387503318,673,"Don’t worry, I’m vaccinated."
2280,3610,2,7,59,68,1.161764705882353,0.05386833246131616,673,We need to biopsy your credit card.
2914,3610,1,9,58,68,1.161764705882353,0.049626763740833676,673,"Your life is in tatters, try gnawing through some of these."
2890,3610,0,11,57,68,1.161764705882353,0.04498704387503318,673,"This your referral to see an extermina . . . um, I mean, specialist."
2851,3610,1,9,58,68,1.161764705882353,0.049626763740833676,673,"Trust me, in aardvarks this treatment achieved placebo at least 67% of the time."
3130,3610,1,9,58,68,1.161764705882353,0.049626763740833676,673,You’ll need an antidote for that rat poison you’ve been using
2924,3610,0,11,57,68,1.161764705882353,0.04498704387503318,673,"So, whose clothes are YOU wearing?"
3140,3610,2,7,59,68,1.161764705882353,0.05386833246131616,673,Here’s where to send the cheese if you want the test results
3289,3610,2,7,59,68,1.161764705882353,0.05386833246131616,673,God news I can fit you in for a sleep study tomorrow
3165,3610,1,9,58,68,1.161764705882353,0.049626763740833676,673,Here is a prescription which will keep you from growing a fox mask.
3192,3610,0,11,57,68,1.161764705882353,0.04498704387503318,673,"Ok, get this filled and pay on your way out, we take cash, credit, or a nice firm chunk of  Irish chedder."
3203,3610,0,11,57,68,1.161764705882353,0.04498704387503318,673,Haven't you ever taken an experimental drug before?
3236,3610,1,9,58,68,1.161764705882353,0.049626763740833676,673,"Warfarin? Thank you Doc, but I think I'll get a second opinion."
3242,3610,2,7,59,68,1.161764705882353,0.05386833246131616,673,Fill this prescription and you will be beautiful and happy like the people on TV.  I promise.
2813,3610,1,9,58,68,1.161764705882353,0.049626763740833676,673,Give this to the cats and you'll be fine.
3294,3610,1,9,58,68,1.161764705882353,0.049626763740833676,673,Take two at bedtime and have your folks call me when they’re mourning.
3310,3610,1,9,58,68,1.161764705882353,0.049626763740833676,673,To save the brain and thin the blood take this rat poison daily.
3352,3610,0,11,57,68,1.161764705882353,0.04498704387503318,673,This should help with the murine hallucinations.
3372,3610,0,11,57,68,1.161764705882353,0.04498704387503318,673,Take an extra treat in the afternoon.
3154,3610,0,11,57,68,1.161764705882353,0.04498704387503318,673,If its good enough for lab mice its good enough for you.
2799,3610,1,9,58,68,1.161764705882353,0.049626763740833676,673,This formulation should have fewer side effects.
2697,3610,3,5,60,68,1.161764705882353,0.05779947062852091,673,"Don't worry.  It's still me.   I just got a head transplant
michael.rogness@gmail.com"
2773,3610,0,11,57,68,1.161764705882353,0.04498704387503318,673,Perfectly normal side effect. Here's the prescription for more!
2339,3610,3,5,60,68,1.161764705882353,0.05779947062852091,673,I’m writing you a prescription for a gay rat wedding
2341,3610,3,5,60,68,1.161764705882353,0.05779947062852091,673,You will find us everywhere in Baltimore.
2354,3610,1,9,58,68,1.161764705882353,0.049626763740833676,673,Drink this medicine and prove that you're a rat!
2400,3610,0,11,57,68,1.161764705882353,0.04498704387503318,673,You dirty rat!  Where did you get your license to practice medicine?
2411,3610,1,9,58,68,1.161764705882353,0.049626763740833676,673,Now go slaughter those cute little mousies.
2419,3610,2,7,59,68,1.161764705882353,0.05386833246131616,673,Here's your coumadin.  I've never had a patient complain that they took too much of the stuff.
2447,3610,0,11,57,68,1.161764705882353,0.04498704387503318,673,Your former mole has been removed.
2482,3610,1,9,58,68,1.161764705882353,0.049626763740833676,673,"Turophobia? Let's start with some maze therapy."""
2486,3610,1,9,58,68,1.161764705882353,0.049626763740833676,673,"Here's a script for a pile of ants - does the trick for me, every time."
2554,3610,1,9,58,68,1.161764705882353,0.049626763740833676,673,"As your health  professional.
This drug has no side affecf are no side effects  for you to be concerned about."
2558,3610,0,11,57,68,1.161764705882353,0.04498704387503318,673,‘You could enter a study. Know anything about mazes?”
2564,3610,1,9,58,68,1.161764705882353,0.049626763740833676,673,These should help get your mind out of the sewer.
2603,3610,2,7,59,68,1.161764705882353,0.05386833246131616,673,"It's alternative rodent medicine, and highly recommended."
2622,3610,1,9,58,68,1.161764705882353,0.049626763740833676,673,I can't help you if don't have an open mind.
2629,3610,3,5,60,68,1.161764705882353,0.05779947062852091,673,"Listen doctor, stop looking at me like that.  I am not your 4th pig."
2647,3610,2,7,59,68,1.161764705882353,0.05386833246131616,673,"Quick! Call the lab.  The trial sample was supposed to hurt you, not me."
2666,3610,1,9,58,68,1.161764705882353,0.049626763740833676,673,"Yes, this is an especially bad plague season."
2684,3610,1,9,58,68,1.161764705882353,0.049626763740833676,673,"All the humans were sick of the healthcare system, so that left a bunch of job openings"
3431,3610,2,7,59,68,1.161764705882353,0.05386833246131616,673,You'll come around.
2702,3610,1,9,58,68,1.161764705882353,0.049626763740833676,673,Take this every full moon. It worked for me.
2714,3610,0,11,57,68,1.161764705882353,0.04498704387503318,673,The best thing about this cream is that it has no side effects.
2725,3610,0,11,57,68,1.161764705882353,0.04498704387503318,673,"I highly recommend this medication, 200 of my relatives were the lab-rats who first tried it."
2752,3610,1,9,58,68,1.161764705882353,0.049626763740833676,673,Trust me. It’s not warfarin.
2779,3610,0,11,57,68,1.161764705882353,0.04498704387503318,673,"I know, I know, everyone says they would rather swallow rat poison than this stuff!"
3507,3610,0,11,57,68,1.161764705882353,0.04498704387503318,673,This will knock it out of you. It's sharp.
3734,3610,1,9,58,68,1.161764705882353,0.049626763740833676,673,Chew two plastic bins and call me in the morning.
3534,3610,2,7,59,68,1.161764705882353,0.05386833246131616,673,"Take two a day of these pills, and your seeing things will pass!"
4101,3610,2,7,59,68,1.161764705882353,0.05386833246131616,673,Take three puffs and you'll be able to blow the house down.
4155,3610,1,9,58,68,1.161764705882353,0.049626763740833676,673,You're my doctor?!?!... How old are you again?
4186,3610,0,11,57,68,1.161764705882353,0.04498704387503318,673,No strings attached
4208,3610,1,9,58,68,1.161764705882353,0.049626763740833676,673,Here's your prescription - it works fine; and I know from personal experience that there are no bad side effects.
4210,3610,1,9,58,68,1.161764705882353,0.049626763740833676,673,"The hallucinations can be rough, rough, rough."
4212,3610,2,7,59,68,1.161764705882353,0.05386833246131616,673,Next time bring your owner.
4242,3610,1,9,58,68,1.161764705882353,0.049626763740833676,673,These should take care of your dairy allergy.  Fixed me right up.
4250,3610,2,7,59,68,1.161764705882353,0.05386833246131616,673,What?  It's your ticket to emulate!
4263,3610,0,11,57,68,1.161764705882353,0.04498704387503318,673,Take 5 and call me in the mourning
4304,3610,1,9,58,68,1.161764705882353,0.049626763740833676,673,"Don't worry about getting addicted, they're far too lethal."
4312,3610,0,11,57,68,1.161764705882353,0.04498704387503318,673,"I can't accept your check, I only treat foxy ladies."
4320,3610,1,9,58,68,1.161764705882353,0.049626763740833676,673,Does this meet your fantasy?
4334,3610,1,9,58,68,1.161764705882353,0.049626763740833676,673,THIS is your LAST opioid prescription from me!!
4359,3610,0,11,57,68,1.161764705882353,0.04498704387503318,673,"This drug is still experimental, but some very close friends tell me it works great."
4389,3610,1,9,58,68,1.161764705882353,0.049626763740833676,673,"It’s your next appointment, not the bubonic plague."
4399,3610,2,7,59,68,1.161764705882353,0.05386833246131616,673,I was in the animal trials for this drug.
4443,3610,2,7,59,68,1.161764705882353,0.05386833246131616,673,Just take the deal
4474,3610,3,5,60,68,1.161764705882353,0.05779947062852091,673,I'd prefer if you didn't look so sheepish.
4504,3610,1,9,58,68,1.161764705882353,0.049626763740833676,673,"I started out running the mazes and gradually moved up the ladder, both literally and figuratively."
4507,3610,1,9,58,68,1.161764705882353,0.049626763740833676,673,Forest therapy? You want me to hug a tree and make daisy chains?
4535,3610,0,11,57,68,1.161764705882353,0.04498704387503318,673,I specialise in mouse to mouth resuscitation.
4540,3610,0,11,57,68,1.161764705882353,0.04498704387503318,673,You`re drugged
4561,3610,1,9,58,68,1.161764705882353,0.049626763740833676,673,I spend a lot of time at the gym.
4059,3610,2,7,59,68,1.161764705882353,0.05386833246131616,673,Of course it works. I tested it on myself.
3521,3610,0,11,57,68,1.161764705882353,0.04498704387503318,673,This  prescription is to be taken as a prophylactic.
4042,3610,2,7,59,68,1.161764705882353,0.05386833246131616,673,"For your condition, I can recommend nothing less than a panda head."
4028,3610,1,9,58,68,1.161764705882353,0.049626763740833676,673,The eyes have it
3548,3610,1,9,58,68,1.161764705882353,0.049626763740833676,673,"It's nothing to be ashamed of, John. Take this, and you’ll be breeding like me in no time."
3597,3610,2,7,59,68,1.161764705882353,0.05386833246131616,673,Better to have a few rats than to be one
3655,3610,0,11,57,68,1.161764705882353,0.04498704387503318,673,"Here's your perscription, and don't worry so much I had the bubonic plague once and look at me know.

If you don't take this fast you'll be stuck as a filthy human forever."
3666,3610,1,9,58,68,1.161764705882353,0.049626763740833676,673,I can huff and puff but you'll need more than that for your fever.
3681,3610,1,9,58,68,1.161764705882353,0.049626763740833676,673,This will make all your pain go away. Trust me!
3737,3610,1,9,58,68,1.161764705882353,0.049626763740833676,673,"Sir, life on the subways just isn’t healthy anymore."
3778,3610,1,9,58,68,1.161764705882353,0.049626763740833676,673,This should help. It's for an anti-hallucinogen.
3791,3610,0,11,57,68,1.161764705882353,0.04498704387503318,673,"Just take these twice a day and that should help you stop seeing me as whatever you are currently seeing me as,"
3798,3610,0,11,57,68,1.161764705882353,0.04498704387503318,673,This prescription is only sold through a cubbyhole in the baseboard at Ducky's Tavern.
3808,3610,1,9,58,68,1.161764705882353,0.049626763740833676,673,Don't take these on an empty stomach as it could lead to paranoia
3819,3610,2,7,59,68,1.161764705882353,0.05386833246131616,673,Would you mind picking this up for me?
3848,3610,1,9,58,68,1.161764705882353,0.049626763740833676,673,Here. Just don't rat me out for this.
3857,3610,0,11,57,68,1.161764705882353,0.04498704387503318,673,"Here's your script for black plague.  The jet fuel to get a decent price for these meds will melt a few glaciers on the way, but it's totally affordable in Mexico."
3865,3610,2,7,59,68,1.161764705882353,0.05386833246131616,673,I can’t keep writing you sick notes for work. What’s going to happen if people start questioning my credentials?
3876,3610,0,11,57,68,1.161764705882353,0.04498704387503318,673,"What,you don't think I'm worth it?"
3882,3610,0,11,57,68,1.161764705882353,0.04498704387503318,673,"I'm lactose intolerant too, but they make great vegan cheese these days."
3895,3610,0,11,57,68,1.161764705882353,0.04498704387503318,673,They've been tested on me.
3940,3610,2,7,59,68,1.161764705882353,0.05386833246131616,673,I know you are in-network but we only accept pet insurance here.
3953,3610,2,7,59,68,1.161764705882353,0.05386833246131616,673,Studies are now finding health benefits from small regular doses of plague.
3969,3610,3,5,60,68,1.161764705882353,0.05779947062852091,673,"I'm late, but break the rules, because my proposed caption for cartoon 671 (?) of the two elephants facing each other is far better than the 3 lame candidates you offered.   Here it is:   ""I thought we were supposed to be symbiotic.""  Regards."
3985,3610,0,11,57,68,1.161764705882353,0.04498704387503318,673,"I understand that you're skeptical, but no, it's not for rat poison."
4008,3610,0,11,57,68,1.161764705882353,0.04498704387503318,673,"Of course,you will get the corner office."
4019,3610,0,11,57,68,1.161764705882353,0.04498704387503318,673,This should help control your rodent phobia.
4031,3610,3,5,60,68,1.161764705882353,0.05779947062852091,673,"I'm an anteater, but I guess she was a... Maneater- Hohoho. Well- until next time bob, sorry about the break-up. Here's your prescription for antidepressants."
2268,3610,2,7,59,68,1.161764705882353,0.05386833246131616,673,"Yeah, I know Warfarin is rat poison, but trust me, you need it."
2658,3610,2,7,59,68,1.161764705882353,0.05386833246131616,673,"Take two with meals, but do NOT mix with cheese."
2237,3610,1,9,58,68,1.161764705882353,0.049626763740833676,673,"Side effects may include dizziness, vomiting, and an increased appetite for cheese."
482,3610,1,9,58,68,1.161764705882353,0.049626763740833676,673,"I wouldn't worry about it so much. The effects of LSD usually wears off in a few hours"" -Amir Khafagy, New York-"
514,3610,2,7,59,68,1.161764705882353,0.05386833246131616,673,"You know, you are what you eat."
550,3610,2,7,59,68,1.161764705882353,0.05386833246131616,673,You act like you've never been to a doctor in Baltimore before.
595,3610,2,7,59,68,1.161764705882353,0.05386833246131616,673,Rats in Baltimore?  More like the White House
606,3610,1,9,58,68,1.161764705882353,0.049626763740833676,673,"My card .., in case you decide to stay in network."
668,3610,1,9,58,68,1.161764705882353,0.049626763740833676,673,I recommend my brother. Here’s his number in Baltimore.
708,3610,2,7,59,68,1.161764705882353,0.05386833246131616,673,"I care enough to give a rats ass-pirin, twice a day, with food."
709,3610,1,9,58,68,1.161764705882353,0.049626763740833676,673,This script is for cheese. Always works for me
713,3610,1,9,58,68,1.161764705882353,0.049626763740833676,673,the side effects are minimal. I take it myself
723,3610,1,9,58,68,1.161764705882353,0.049626763740833676,673,Your Big Bad Wolf attitude does nothing for me.
733,3610,2,7,59,68,1.161764705882353,0.05386833246131616,673,"I know this isn't Doctor Patient  appropriate, but I may have won the Asian Super lotto. Now to complete the dream I would like to marry you and recommend an opthamologist to work on that protruding eye."
736,3610,2,7,59,68,1.161764705882353,0.05386833246131616,673,This prescription will take away your tendencies toward misidentification.
742,3610,0,11,57,68,1.161764705882353,0.04498704387503318,673,Experience? I started out as a lab rat.
794,3610,0,11,57,68,1.161764705882353,0.04498704387503318,673,If you end up selling these on the streets please don’t give any to my son...
833,3610,3,5,60,68,1.161764705882353,0.05779947062852091,673,And I tell all my patients to get tested for bubonic plague.
858,3610,1,9,58,68,1.161764705882353,0.049626763740833676,673,I've been trained to navigate your health insurance claims.
911,3610,1,9,58,68,1.161764705882353,0.049626763740833676,673,"Here’s a prescription for Half a pound of tuppenny rice 
Half a pound of treacle. Take it and stand back."
931,3610,0,11,57,68,1.161764705882353,0.04498704387503318,673,No need for concern. I have given this same prescription to every patient I’ve seen over the last six months.
1021,3610,1,9,58,68,1.161764705882353,0.049626763740833676,673,Here is a referral to a proctologist I know...he is the best.
1041,3610,1,9,58,68,1.161764705882353,0.049626763740833676,673,"My what big eyes you have, all the better to see the little red writing, swallow whole on an empty stomach."
1063,3610,1,9,58,68,1.161764705882353,0.049626763740833676,673,Fill it at a pet store. It will help control your animal hallucinations.
1144,3610,3,5,60,68,1.161764705882353,0.05779947062852091,673,"The name's Ratburn, Nigel Ratburn."
1184,3610,2,7,59,68,1.161764705882353,0.05386833246131616,673,You need to get rid of your bias.
466,3610,2,7,59,68,1.161764705882353,0.05386833246131616,673,"I added a prescription for rabies vaccinations ... you know, just in case."
458,3610,1,9,58,68,1.161764705882353,0.049626763740833676,673,It'll keep you from turning into me.
437,3610,1,9,58,68,1.161764705882353,0.049626763740833676,673,Trust me -- negotiating the healthcare system is a maze...
408,3610,0,11,57,68,1.161764705882353,0.04498704387503318,673,Is this your card? Rats...
2266,3610,2,7,59,68,1.161764705882353,0.05386833246131616,673,Of course it tastes like cheese. That's why it works!
15,3610,1,9,58,68,1.161764705882353,0.049626763740833676,673,I can tell you that this place is not some hole in the wall.
24,3610,1,9,58,68,1.161764705882353,0.049626763740833676,673,"Take 1 weekly dose of CBT and preform regular exercise .
Don't watch cable New
Billing code    Service      *Insurance Type  Insurance Pays  Balance 
 64656   radical concepts     Medicaid     100%      -$52.97"
48,3610,0,11,57,68,1.161764705882353,0.04498704387503318,673,"Those are wolf whiskers not nose hairs, and they make great shaving brushes."
52,3610,0,11,57,68,1.161764705882353,0.04498704387503318,673,Happy to report that there is neigh-thing wrong with you.
57,3610,1,9,58,68,1.161764705882353,0.049626763740833676,673,"It’s just a cold, not the bubonic plague or anything."
81,3610,0,11,57,68,1.161764705882353,0.04498704387503318,673,These were not tested on humans.
93,3610,1,9,58,68,1.161764705882353,0.049626763740833676,673,Take one a day and try to avoid  sinking ships.
103,3610,2,7,59,68,1.161764705882353,0.05386833246131616,673,"Don""t weasel your way out of this colonoscopy appointment."
109,3610,1,9,58,68,1.161764705882353,0.049626763740833676,673,"'Don't worry, it's approved by lab rats.'"
117,3610,1,9,58,68,1.161764705882353,0.049626763740833676,673,"This may help, but your ability to smell will never reach normal levels."
1185,3610,2,7,59,68,1.161764705882353,0.05386833246131616,673,"Try this, it’ll put hair on your chest."
147,3610,0,11,57,68,1.161764705882353,0.04498704387503318,673,First task is to prove that you can read my writing.
230,3610,1,9,58,68,1.161764705882353,0.049626763740833676,673,"I'm the one doctor out of  ten, who thinks nicotine is okay."
257,3610,1,9,58,68,1.161764705882353,0.049626763740833676,673,I’m kind of hiding from the cyber police. Want to answer for me?
275,3610,2,7,59,68,1.161764705882353,0.05386833246131616,673,"If  this ginkgo biloba and 'Luminosity' don't help, try running through a maze once in a while."
309,3610,2,7,59,68,1.161764705882353,0.05386833246131616,673,"I’m recommending regular chewing gum, the kind with sugar."
311,3610,1,9,58,68,1.161764705882353,0.049626763740833676,673,"Sir, this card needs to be renewed. It says you're a 25 year old anteater."
312,3610,2,7,59,68,1.161764705882353,0.05386833246131616,673,"This may seem like a large number, but in my experience, 
you have to consume large quantities of any medication."
324,3610,2,7,59,68,1.161764705882353,0.05386833246131616,673,can you believe it's 2019 and people still discriminates me Because of my race
344,3610,1,9,58,68,1.161764705882353,0.049626763740833676,673,What am I prescribing you? Stitches
380,3610,1,9,58,68,1.161764705882353,0.049626763740833676,673,"Well, after they removed everything that made us sick from the market, what did you expect?"
385,3610,3,5,60,68,1.161764705882353,0.05779947062852091,673,Why are you so concerned about going to the lab?
394,3610,0,11,57,68,1.161764705882353,0.04498704387503318,673,Methinks I shall skip my next appointment.
156,3610,1,9,58,68,1.161764705882353,0.049626763740833676,673,The couch costs extra
1253,3610,1,9,58,68,1.161764705882353,0.049626763740833676,673,That'll be $200 in cheese blocks (American and Cheddar preferred).
486,3610,0,11,57,68,1.161764705882353,0.04498704387503318,673,"You have nothing to worry about, none of my litter mates reported any significant side effects in clinical trials."
1286,3610,0,11,57,68,1.161764705882353,0.04498704387503318,673,"I'll refill it, but don't hesitate to call about any side effects."
1800,3610,0,11,57,68,1.161764705882353,0.04498704387503318,673,Here is the number of an associate who can help you. I am dropping out of the rat race.
1802,3610,1,9,58,68,1.161764705882353,0.049626763740833676,673,We’ll have no trouble with PETA in getting you enrolled in our study.
1807,3610,1,9,58,68,1.161764705882353,0.049626763740833676,673,"Another refill? You're not trying to out-shrewd Doc Shrew, are you?"
1813,3610,0,11,57,68,1.161764705882353,0.04498704387503318,673,"After you take these pills, I won't look like such a rat."
1817,3610,2,7,59,68,1.161764705882353,0.05386833246131616,673,Be careful with this. Has been known to grow hair on your chinny chin chin!
1819,3610,2,7,59,68,1.161764705882353,0.05386833246131616,673,Take this coupon for a discount on Swiss cheese to your favorite supermarket.  You'll feel better in no time.
1824,3610,0,11,57,68,1.161764705882353,0.04498704387503318,673,this prescription will give you a fast painless metamorphosis
1894,3610,0,11,57,68,1.161764705882353,0.04498704387503318,673,"Now that your hiccups are gone,here is a prescription for tranquilizers."
1895,3610,3,5,60,68,1.161764705882353,0.05779947062852091,673,Don't worry about the pot--your stool samples float directly past my apartment.
1919,3610,1,9,58,68,1.161764705882353,0.049626763740833676,673,Eat 10 of these and let's see if any new lumps develop.
1923,3610,0,11,57,68,1.161764705882353,0.04498704387503318,673,"Don't worry, I have lots of firsthand experience testing this medicine."
1935,3610,1,9,58,68,1.161764705882353,0.049626763740833676,673,"I've never seen such a severe stigmatism. If  this doesn't work, you will have to consult Dr Baer."
1958,3610,2,7,59,68,1.161764705882353,0.05386833246131616,673,Here take these. They should grow back within a week.
1971,3610,1,9,58,68,1.161764705882353,0.049626763740833676,673,"Side effects may include whiskers, a tail, and an inexplicable desire for cheese."
1996,3610,1,9,58,68,1.161764705882353,0.049626763740833676,673,Take two of these and ferret me out in the morning.
2093,3610,0,11,57,68,1.161764705882353,0.04498704387503318,673,One of the side effects is rodent sight syndrome
2095,3610,1,9,58,68,1.161764705882353,0.049626763740833676,673,This should work for you; the last cheese was too mild.
2126,3610,1,9,58,68,1.161764705882353,0.049626763740833676,673,Try a little gambling.  You've been outfoxed again by your crappy insurance company.
2142,3610,2,7,59,68,1.161764705882353,0.05386833246131616,673,"Get busy living, or get busy dying."
2146,3610,2,7,59,68,1.161764705882353,0.05386833246131616,673,"Here, take these to help with your stress in the rat race"
2207,3610,0,11,57,68,1.161764705882353,0.04498704387503318,673,"I guarantee this medication will work, they tested it on my cousin."
1280,3610,2,7,59,68,1.161764705882353,0.05386833246131616,673,The bad news is: your claim was denied. The good news is: you have three months to live.
2220,3610,2,7,59,68,1.161764705882353,0.05386833246131616,673,It's only warfarin.
1756,3610,1,9,58,68,1.161764705882353,0.049626763740833676,673,Here's your ticket to the Human Maze...enjoy!
1731,3610,0,11,57,68,1.161764705882353,0.04498704387503318,673,"Here's my card, call me when you have an authentic problem."
2213,3610,2,7,59,68,1.161764705882353,0.05386833246131616,673,Doesn't look like rat fever to me.
1714,3610,1,9,58,68,1.161764705882353,0.049626763740833676,673,"After reading this, you'll know what the fox says."
1342,3610,0,11,57,68,1.161764705882353,0.04498704387503318,673,I'm getting cancelled for this one
1350,3610,1,9,58,68,1.161764705882353,0.049626763740833676,673,I can personally guarantee the research done on this drug.
1358,3610,0,11,57,68,1.161764705882353,0.04498704387503318,673,"It's over-the-counter. That is, if your landfill has a counter."
1362,3610,1,9,58,68,1.161764705882353,0.049626763740833676,673,"You'll love this, my cousin tested it, new to market"
1387,3610,1,9,58,68,1.161764705882353,0.049626763740833676,673,Microdosing doesn't work if you lack self-control. Take these instead.
1715,3610,0,11,57,68,1.161764705882353,0.04498704387503318,673,"Sir, it's inappropriate to call me foxy."
1427,3610,4,3,61,68,1.161764705882353,0.06147975575513955,673,"Listen, I'm the best Dr. in Baltimore- take two and call me in the morning."
1450,3610,0,11,57,68,1.161764705882353,0.04498704387503318,673,The results of this study have thus far shown to be only effective on mice.
1497,3610,0,11,57,68,1.161764705882353,0.04498704387503318,673,I have your diagnosis--you need a new head to express your inner animal spirits--right now there's a sale on hybrids at wolvesareus.com
1500,3610,1,9,58,68,1.161764705882353,0.049626763740833676,673,It was tested on some of my ancestors with great success.
1527,3610,0,11,57,68,1.161764705882353,0.04498704387503318,673,Get this prescription filled immediately and take 6 of them when you get home and you may stop hallucinating until your next office visit.
1412,3610,2,7,59,68,1.161764705882353,0.05386833246131616,673,"What I’m prescribing here is perfectly safe. This stuff has been through extensive testing, believe me."
1539,3610,0,11,57,68,1.161764705882353,0.04498704387503318,673,Take my word for it: experimental therapy can be quite effective.
1573,3610,1,9,58,68,1.161764705882353,0.049626763740833676,673,"...and, good luck with that drug trial"
1601,3610,1,9,58,68,1.161764705882353,0.049626763740833676,673,It's for coumadin...
1612,3610,1,9,58,68,1.161764705882353,0.049626763740833676,673,"Give Mr. Dean a call, he has been through this before."
1619,3610,1,9,58,68,1.161764705882353,0.049626763740833676,673,"This prescription will unleash your inner self.  
It has gotten me three promotions."
1636,3610,1,9,58,68,1.161764705882353,0.049626763740833676,673,My friend says it worked much better than the placebo group.
1652,3610,1,9,58,68,1.161764705882353,0.049626763740833676,673,Doctor...I think you have given me the wrong medication
1690,3610,1,9,58,68,1.161764705882353,0.049626763740833676,673,"I can assure you, this has been thoroughly tested."
1530,3610,0,11,57,68,1.161764705882353,0.04498704387503318,673,Fill this prescription and you’ll stop imagining that people are rats.
1292,3610,0,11,57,68,1.161764705882353,0.04498704387503318,673,We would like you involved in this animal trial.  You game?
3744,3822,1,9,59,69,1.1594202898550725,0.04895841096457367,673,Take three slices of cheese and call me in the morning.
1816,3822,1,9,59,69,1.1594202898550725,0.04895841096457367,673,Two pills a day for your sloth.
1043,3822,1,9,59,69,1.1594202898550725,0.04895841096457367,673,Send for the big cheese.
928,3825,0,10,54,64,1.15625,0.045745315919462494,673,I say if you can't beat them join them
1338,3825,1,8,55,64,1.15625,0.05087893153952011,673,Trust me. I was a Rhodents Scholar.
608,3825,1,8,55,64,1.15625,0.05087893153952011,673,"Take two, and don't see me in the morning."
1150,3825,1,8,55,64,1.15625,0.05087893153952011,673,I can personally recommend this medication despite the side effects.....
267,3829,2,7,62,71,1.1549295774647887,0.05172239521306923,673,"I tried these myself this morning and the itch definitely went away. By the way, you wouldn’t happen to have any cheese on you?"
4434,3830,0,10,55,65,1.1538461538461537,0.045100151536763756,673,"The  tests are fine, so since your insurance company is on board Doctor Moreau will schedule surgery once he's back from his Caribbean vacation."
4479,3830,2,6,57,65,1.1538461538461537,0.0547317287336835,673,Take 2 a day until I blow your house down.
4012,3830,1,8,56,65,1.1538461538461537,0.05014771080925116,673,"These will tide you over  until your prescription is filled  or you hit the lottery, whichever occurs first."
3302,3830,1,8,56,65,1.1538461538461537,0.05014771080925116,673,It’s a harmless drug. I take it myself.
2842,3830,1,8,56,65,1.1538461538461537,0.05014771080925116,673,I went back to school when Michelangelo got hitched.
2247,3830,0,10,55,65,1.1538461538461537,0.045100151536763756,673,It pains me to have to give you this.”
4492,3830,1,8,56,65,1.1538461538461537,0.05014771080925116,673,You can get this filled at the hardware store.
2246,3830,1,8,56,65,1.1538461538461537,0.05014771080925116,673,"Our practice is open to all newcomers regardless of evolutionary status.

Howard Lubar, Boulder, CO"
1379,3830,1,8,56,65,1.1538461538461537,0.05014771080925116,673,Remember: What doesn't kill you makes you strong.
1643,3830,0,10,55,65,1.1538461538461537,0.045100151536763756,673,"Believe me, this prescription will eliminate your rodent hallucinations."
664,3830,1,8,56,65,1.1538461538461537,0.05014771080925116,673,This Rx will cover the pre-op therapy to treat your species dysphoria. Many humans are happier as rats.
635,3830,1,8,56,65,1.1538461538461537,0.05014771080925116,673,believe me - I’ve seen some positive results with this stuff.
596,3830,1,8,56,65,1.1538461538461537,0.05014771080925116,673,I did my own lab testing on this.
284,3830,2,6,57,65,1.1538461538461537,0.0547317287336835,673,I just need one more punch for free cheese.
2072,3830,2,6,57,65,1.1538461538461537,0.0547317287336835,673,"These drugs are completely underground, but I'd rather trust my network than the FDA."
1915,3845,2,7,63,72,1.1527777777777777,0.051044344702082634,673,"You have been exposed to a rodent poison, here's your prescription."
1283,3845,3,5,64,72,1.1527777777777777,0.05474268382893093,673,This will help you huff and puff better.
3335,3845,2,7,63,72,1.1527777777777777,0.051044344702082634,673,"The better to click you with, my dear!"
2395,3848,0,10,56,66,1.1515151515151516,0.04447269004274805,673,"No, I've taken it myself with no noticeable side effects."
2958,3848,2,6,58,66,1.1515151515151516,0.05394646505600968,673,"I recommend reading ""Little Red Riding Hood"" before our next appointment."
2484,3848,1,8,57,66,1.1515151515151516,0.04943703698482351,673,"It's not a prescription, 
it's an invitation to our next Furry convention"
2514,3848,1,8,57,66,1.1515151515151516,0.04943703698482351,673,Take two cheese and calm in the morning.
2594,3848,0,10,56,66,1.1515151515151516,0.04447269004274805,673,Take two Cheezits and call me in the morning.
2607,3848,0,10,56,66,1.1515151515151516,0.04447269004274805,673,You might want to try my astrologer.
2707,3848,1,8,57,66,1.1515151515151516,0.04943703698482351,673,Take two and trap me in the morning.
2835,3848,0,10,56,66,1.1515151515151516,0.04447269004274805,673,Of course it was tested on humans
2305,3848,2,6,58,66,1.1515151515151516,0.05394646505600968,673,"Take it, you don't want to end up like the rats."
2895,3848,1,8,57,66,1.1515151515151516,0.04943703698482351,673,"If symptoms persist, call back and we'll see about resealing the tomb"
2483,3848,1,8,57,66,1.1515151515151516,0.04943703698482351,673,your expressions shows you are from Canada!
3150,3848,1,8,57,66,1.1515151515151516,0.04943703698482351,673,"You may or may not have the plague, but, to be on the safe side, I would recommend you avoid vermin-infested offices."
3678,3848,0,10,56,66,1.1515151515151516,0.04447269004274805,673,All you ever need is a good fox.
3360,3848,0,10,56,66,1.1515151515151516,0.04447269004274805,673,Every patient who fills this prescription gets me another block of cheese from the sales rep.
3368,3848,0,10,56,66,1.1515151515151516,0.04447269004274805,673,Here's a prescription for some anti-hallucinogens.
3606,3848,0,10,56,66,1.1515151515151516,0.04447269004274805,673,"Here we go, blue cheese twice a day."
3732,3848,1,8,57,66,1.1515151515151516,0.04943703698482351,673,I take this prescription myself. I haven’t noticed any side effects yet.
2209,3848,1,8,57,66,1.1515151515151516,0.04943703698482351,673,This will solve your nightmares about talking rats.
3757,3848,0,10,56,66,1.1515151515151516,0.04447269004274805,673,"Don't worry, I've done plenty of open chests."
3868,3848,1,8,57,66,1.1515151515151516,0.04943703698482351,673,I'm sorry but Mice Associates doesn't do CAT scans.
3890,3848,2,6,58,66,1.1515151515151516,0.05394646505600968,673,Like some rat gum? Our tests show that it’s 93% carcinogenic free.
4244,3848,1,8,57,66,1.1515151515151516,0.04943703698482351,673,See here Mr. Smith ! I
4301,3848,0,10,56,66,1.1515151515151516,0.04447269004274805,673,"It may work wherever you want to be 
but not at the Vet."
4397,3848,2,6,58,66,1.1515151515151516,0.05394646505600968,673,"Yeah, we'll have that massive schnoz fixed up in no time."
4458,3848,1,8,57,66,1.1515151515151516,0.04943703698482351,673,"I'm leaving the rat race, please refer to my colleague."
3157,3848,1,8,57,66,1.1515151515151516,0.04943703698482351,673,"Since I can't block politics out of your life. take 2 of these when politics comes a knockin'
.'."
2159,3848,2,6,58,66,1.1515151515151516,0.05394646505600968,673,"Doctor said "" Take this medicine and maybe it will works with you or I guess you will recover soon"""
452,3848,1,8,57,66,1.1515151515151516,0.04943703698482351,673,I understand the smell but we take patient privacy very seriously.
1855,3848,3,4,59,66,1.1515151515151516,0.05810698373035499,673,I didn’t realize Rodentists could prescribe
75,3848,0,10,56,66,1.1515151515151516,0.04447269004274805,673,Take two of these and howl at me in the morning.
196,3848,1,8,57,66,1.1515151515151516,0.04943703698482351,673,I'm quack doctors' biggest competitor
286,3848,1,8,57,66,1.1515151515151516,0.04943703698482351,673,you aren't going to weasel out of this Murray!
295,3848,1,8,57,66,1.1515151515151516,0.04943703698482351,673,"Wolf down 10 of these every evening with raw caribou meat, and call me in a month."
707,3848,1,8,57,66,1.1515151515151516,0.04943703698482351,673,Take two of these pills and start a food RATion.
770,3848,1,8,57,66,1.1515151515151516,0.04943703698482351,673,"I don't understand your confusion, it clearly states that I am a licensed animal doctor..."
2003,3848,1,8,57,66,1.1515151515151516,0.04943703698482351,673,Take two of these at bedtime and call me at the next full moon
860,3848,1,8,57,66,1.1515151515151516,0.04943703698482351,673,Don't worry about his new drug. It worked on me.
868,3848,0,10,56,66,1.1515151515151516,0.04447269004274805,673,I can personally vouch for this drug--it cured my brother in laboratory tests.
927,3848,0,10,56,66,1.1515151515151516,0.04447269004274805,673,I'm from Baltimore.
932,3848,1,8,57,66,1.1515151515151516,0.04943703698482351,673,Take this.  It will help to get ride of your  delusions
717,3848,0,10,56,66,1.1515151515151516,0.04447269004274805,673,Would you mind if I put a little extra on your bill for a wedge of cheese?
1330,3848,0,10,56,66,1.1515151515151516,0.04447269004274805,673,This will keep the werewolves away.
1190,3848,1,8,57,66,1.1515151515151516,0.04943703698482351,673,"No, I don't have that boat anymore. That's why your next appointment is on a Wednesday."
1804,3848,0,10,56,66,1.1515151515151516,0.04447269004274805,673,Disguises are good when the diagnosis is shit.
1785,3848,0,10,56,66,1.1515151515151516,0.04447269004274805,673,Let’s be clear. I don’t bulk bill. Now get out or I’ll Black Plague your arse.
1580,3848,1,8,57,66,1.1515151515151516,0.04943703698482351,673,"If you keep coming to me this often, no one will believe that you're sick."
1577,3848,0,10,56,66,1.1515151515151516,0.04447269004274805,673,Have this filled. I know it works on rats.
1687,3848,0,10,56,66,1.1515151515151516,0.04447269004274805,673,Try this to increase the size of your nose hairs.
1566,3848,0,10,56,66,1.1515151515151516,0.04447269004274805,673,"This should do the trick, as long as you’re OK with prolonged close confinement."
1410,3848,2,6,58,66,1.1515151515151516,0.05394646505600968,673,"Do not worry man. If you have no talent and just can say nonsense, you can apply for the next presidential election."
1352,3848,1,8,57,66,1.1515151515151516,0.04943703698482351,673,Call me when you are ready to transition into the rat race.
1332,3848,1,8,57,66,1.1515151515151516,0.04943703698482351,673,In case you decide for that professional human extermination
2057,3900,0,10,57,67,1.1492537313432836,0.043862224898899904,673,I've gotta take this call. It's a rat race out there.
2434,3901,3,3,56,62,1.1451612903225807,0.0601723867369453,673,"I assure you Mr. Banks, I tested it myself"
2123,3901,2,5,55,62,1.1451612903225807,0.05560481450241429,673,I only wear this mask when I discuss fees
2131,3901,1,7,54,62,1.1451612903225807,0.050626817657001666,673,Down the hall on the left and they'll give you a food pellet
2110,3901,1,7,54,62,1.1451612903225807,0.050626817657001666,673,Here take this.  It’s your Get Out Of Jail Free card.
2460,3901,2,5,55,62,1.1451612903225807,0.05560481450241429,673,"First we help you through the maze of healthcare, then we go for the cheese."
4107,3901,2,5,55,62,1.1451612903225807,0.05560481450241429,673,Call me if you want some real problems.
2875,3901,0,9,53,62,1.1451612903225807,0.04510270431252087,673,No refills for you.
2910,3901,0,9,53,62,1.1451612903225807,0.04510270431252087,673,Take this to the Anthill on 83rd Street and await further instruction
3160,3901,0,9,53,62,1.1451612903225807,0.04510270431252087,673,"Many people say they smell a rat while doing business with me, but that is just how I was born."
4327,3901,1,7,54,62,1.1451612903225807,0.050626817657001666,673,They are waiting for you in the lab.
2024,3901,3,3,56,62,1.1451612903225807,0.0601723867369453,673,"And if you don't get to the end of the maze, you'll remain a mouse forever..."
2461,3901,0,9,53,62,1.1451612903225807,0.04510270431252087,673,But what they didn’t tell you are the off-uses for d-CON.
1940,3901,0,9,53,62,1.1451612903225807,0.04510270431252087,673,It's just to maintain my anonymity while I soak you.
835,3901,0,9,53,62,1.1451612903225807,0.04510270431252087,673,"Here, take this business card. He's a brilliant costumier and with a nice rat mask like mine, you'll have a better chance of winning the race."
1431,3901,1,7,54,62,1.1451612903225807,0.050626817657001666,673,"Take these and if the hallucinations don't subside in 10 days, get back to me and we'll talk about the next steps."
1623,3901,2,5,55,62,1.1451612903225807,0.05560481450241429,673,Don't worry. Nothing happened to me when I started taking these.
367,3901,1,7,54,62,1.1451612903225807,0.050626817657001666,673,"What, you've never seen a doctor my age before?"
448,3901,0,9,53,62,1.1451612903225807,0.04510270431252087,673,But I'm allergic to Munster!
954,3901,1,7,54,62,1.1451612903225807,0.050626817657001666,673,We’ve been seeing a lot of these cases lately.”
263,3901,1,7,54,62,1.1451612903225807,0.050626817657001666,673,I am putting you on a hard cheese diet.
1163,3901,0,9,53,62,1.1451612903225807,0.04510270431252087,673,"Don't worry, it's not poison !"
1239,3901,1,7,54,62,1.1451612903225807,0.050626817657001666,673,"Trust me, it's got incredible street value!"""
1250,3901,1,7,54,62,1.1451612903225807,0.050626817657001666,673,This will make you feel more a part of the rat race.
1276,3901,1,7,54,62,1.1451612903225807,0.050626817657001666,673,It’s impossible to get plague from a prescription pad.  Now get out of my office.
1127,3901,1,7,54,62,1.1451612903225807,0.050626817657001666,673,You may bark louder than me - but this’ll put some bite in it!
1925,3926,1,7,55,63,1.1428571428571428,0.04986999410368025,673,These pills are medication therapy for your murophobia.  I'm an expert in cures using desensitization therapy.
3457,3926,2,5,56,63,1.1428571428571428,0.054763574408528054,673,I need your health insurance card...not your social security card!
3554,3926,1,7,55,63,1.1428571428571428,0.04986999410368025,673,"Remember, only one pill a day or it will turn you into a Rat."
3338,3926,0,9,54,63,1.1428571428571428,0.04444078691701821,673,Please read careful for risks and side-effects
2853,3926,0,9,54,63,1.1428571428571428,0.04444078691701821,673,Cheese! Lots of cheese. Then more cheese.
2822,3926,0,9,54,63,1.1428571428571428,0.04444078691701821,673,Here's a prescription.  But many people nowadays live full lives with lychanthropy.
2538,3926,0,9,54,63,1.1428571428571428,0.04444078691701821,673,I want you to take this medication three times a day.  I think you'll be pleasantly surprised....a lot of patients say it tastes like cheese!
2429,3926,1,7,55,63,1.1428571428571428,0.04986999410368025,673,Meet me in the sewer under 7th Ave and you'll get your prescription.  If you get lost call me.
2426,3926,1,7,55,63,1.1428571428571428,0.04986999410368025,673,"They're pellets, but they're good."
4558,3926,1,7,55,63,1.1428571428571428,0.04986999410368025,673,Place two cheese tablets in a trap and try to take them in the morning.
1496,3926,1,7,55,63,1.1428571428571428,0.04986999410368025,673,This Rx will help you with you fantasies.
944,3926,1,7,55,63,1.1428571428571428,0.04986999410368025,673,Could you run to the deli on the corner and grab me a La Croix? The cat there doesn't like me.
1006,3926,1,7,55,63,1.1428571428571428,0.04986999410368025,673,"Take your first pill with cheese. Then take your second pill after running aimlessly on a large wheel. Lastly, take your third pill right before your fifth nap."
562,3926,1,7,55,63,1.1428571428571428,0.04986999410368025,673,"I'me giving you a prescription for some special cheese you get only at the Crosstown Deli. Take two, small pieces tonight and drop back her to my office in the morning..... bring the cheese."
461,3926,0,9,54,63,1.1428571428571428,0.04444078691701821,673,"I've been taking these smart pills since I was a lab rat in a maze, however, possible side effects include growing to 100 times normal size."
387,3926,3,3,57,63,1.1428571428571428,0.05925438255602429,673,I'm going to bite your face if you don't take this opioid prescription.
343,3926,1,7,55,63,1.1428571428571428,0.04986999410368025,673,"Well, yes, it has been animal tested."
317,3926,1,7,55,63,1.1428571428571428,0.04986999410368025,673,My extensive lab experience leads me to recommend this new trial drug. Let me know how it works out.
269,3926,1,7,55,63,1.1428571428571428,0.04986999410368025,673,"I don't know who you are or WHAT you are, but your hired!"
1298,3926,1,7,55,63,1.1428571428571428,0.04986999410368025,673,Here—this will cure the condition that causes you to see the world through anti-Semitic tropes.
3394,3946,2,5,58,65,1.1384615384615384,0.053154903696481744,673,Buy and hold the better mousetrap.
1486,3947,0,8,50,58,1.1379310344827587,0.04567352955396704,673,Just because it worked on your cousin doesn’t mean it will work on me.
361,3947,1,6,51,58,1.1379310344827587,0.051875157633235774,673,Trust me -- I’m listed first in the dictionary.”
3671,3949,1,6,52,59,1.1355932203389831,0.05104190368129809,673,"Why continue this cat and mouse game, just trust me on my instincts!"
3793,3949,0,8,51,59,1.1355932203389831,0.04495355820696532,673,Face it!  Soo you'll look as good as me
3767,3949,1,6,52,59,1.1355932203389831,0.05104190368129809,673,It’s all in your head.
3743,3949,2,4,53,59,1.1355932203389831,0.056477689996624364,673,"Take two of these at the full moon, and you'll be back to normal in no time."
3696,3949,1,6,52,59,1.1355932203389831,0.05104190368129809,673,"I don't know what you've got, but these pills and $100
will cure it."
3682,3949,0,8,51,59,1.1355932203389831,0.04495355820696532,673,"I’m prescribing you my family’s chosen antidepressant. It’s just eating literal garbage, but it somehow has less side effects than the pills we offer."
3821,3949,1,6,52,59,1.1355932203389831,0.05104190368129809,673,"Clinical trials are perfectly safe. So, do you want the green card or not?"
3525,3949,0,8,51,59,1.1355932203389831,0.04495355820696532,673,Take two of these tonight and give me a howl in the morning.
3456,3949,0,8,51,59,1.1355932203389831,0.04495355820696532,673,This should help you kick ayahuasca.
3503,3949,0,8,51,59,1.1355932203389831,0.04495355820696532,673,This should stop the huffing and puffing.
3850,3949,1,6,52,59,1.1355932203389831,0.05104190368129809,673,"Here is a card for an Ear, Nose and Throat Doctor. He should be able to help smell a rat."
3311,3949,0,8,51,59,1.1355932203389831,0.04495355820696532,673,"I don't give a rat's ass if you get this perscription, but better not accuse me of anything if you grt worse!"
3200,3949,0,8,51,59,1.1355932203389831,0.04495355820696532,673,Try it for a while.  I think it'll do wonders for you.  I use it myself.
3057,3949,1,6,52,59,1.1355932203389831,0.05104190368129809,673,Nibble one of these cheese pills every 15 minutes and your rat delusions will improve.
3045,3949,0,8,51,59,1.1355932203389831,0.04495355820696532,673,"It all began after Trump's tweet about Baltimore! They found out we outnumbered the residents by so much, we were given the right to vote and our lot improved exponentially since then. I was able to go to medical school and moved to the burbs."
2995,3949,0,8,51,59,1.1355932203389831,0.04495355820696532,673,Take this with five gulps of water.
2897,3949,1,6,52,59,1.1355932203389831,0.05104190368129809,673,It’s your ticket to become a masked crusader too!
2832,3949,1,6,52,59,1.1355932203389831,0.05104190368129809,673,I have cancer
3520,3949,1,6,52,59,1.1355932203389831,0.05104190368129809,673,Woof woof woof woof woof... call 911.
3880,3949,1,6,52,59,1.1355932203389831,0.05104190368129809,673,"Don't trap the mouse-enger,
it's the claims department that has the rats."
3957,3949,1,6,52,59,1.1355932203389831,0.05104190368129809,673,Your operating table is ready
3912,3949,0,8,51,59,1.1355932203389831,0.04495355820696532,673,I generally prescribe rat poison for everything
2803,3949,0,8,51,59,1.1355932203389831,0.04495355820696532,673,Root thru 2 bags of garbage and scurry back tomorrow morning.
4553,3949,2,4,53,59,1.1355932203389831,0.056477689996624364,673,Here. Call me if you notice any unusual side effects.
4520,3949,1,6,52,59,1.1355932203389831,0.05104190368129809,673,"Look Mortimer, all us rats get something, nothing to be ashamed of, this will help... just take 18 a day, you’ll be fine."
4463,3949,0,8,51,59,1.1355932203389831,0.04495355820696532,673,"Two pills a day - and never use the ""ratface"" option on Snapchat again!"
4446,3949,1,6,52,59,1.1355932203389831,0.05104190368129809,673,I use it myself
4409,3949,1,6,52,59,1.1355932203389831,0.05104190368129809,673,You said this costs how much above ground?
4405,3949,1,6,52,59,1.1355932203389831,0.05104190368129809,673,What? Absolutely not! Using CBD oil for your aches and pains won't turn you into a Ratafarian.
4393,3949,0,8,51,59,1.1355932203389831,0.04495355820696532,673,"Look-
I went from lab rat to md.
I think I know what I’m talking about."
4384,3949,0,8,51,59,1.1355932203389831,0.04495355820696532,673,Street prices!!
3893,3949,1,6,52,59,1.1355932203389831,0.05104190368129809,673,Now you give me the card for the nest you forage for.
4339,3949,0,8,51,59,1.1355932203389831,0.04495355820696532,673,Tell him the Lone Sniffer sent you
4555,3949,1,6,52,59,1.1355932203389831,0.05104190368129809,673,Here’s my card.
4220,3949,1,6,52,59,1.1355932203389831,0.05104190368129809,673,I got my  M. D. at Purdue! You think I'm a rat?
4189,3949,1,6,52,59,1.1355932203389831,0.05104190368129809,673,Take three pellets and call me in the morning.
4090,3949,1,6,52,59,1.1355932203389831,0.05104190368129809,673,"I send a message, not just advice !"
4035,3949,0,8,51,59,1.1355932203389831,0.04495355820696532,673,Doctor Fox can make from Lion a Frightened Dude
4011,3949,1,6,52,59,1.1355932203389831,0.05104190368129809,673,This prescription has been tested on subjects in my species.
3988,3949,0,8,51,59,1.1355932203389831,0.04495355820696532,673,"Yes, it's for rat poison - what else did you expect I'd have access to?"
3950,3949,0,8,51,59,1.1355932203389831,0.04495355820696532,673,I guess I will see you soon...after you have seen your copay.
3944,3949,0,8,51,59,1.1355932203389831,0.04495355820696532,673,I'm giving you this prescription. Tell me when you top seeing elephants.
4326,3949,0,8,51,59,1.1355932203389831,0.04495355820696532,673,Trust me- call  me when you feel trapped !
2762,3949,1,6,52,59,1.1355932203389831,0.05104190368129809,673,I’m afraid I need to report your bad behavior.
4297,3949,0,8,51,59,1.1355932203389831,0.04495355820696532,673,Many of my friends at the lab swear by this drug.
2437,3949,2,4,53,59,1.1355932203389831,0.056477689996624364,673,"Oh yeah, this should clear it up eventually. But I should warn you, I'm not so good with keeping secrets."
939,3949,1,6,52,59,1.1355932203389831,0.05104190368129809,673,One way to survive this is to refuse all medications. That's how I got through med school...
811,3949,1,6,52,59,1.1355932203389831,0.05104190368129809,673,"Here are your results from the racial equality testing. While you are here in Baltimore, we are unable to treat you. It's better if you went back to wherever..."
791,3949,0,8,51,59,1.1355932203389831,0.04495355820696532,673,Take these twice a day. And avoid cheese for a while.
739,3949,1,6,52,59,1.1355932203389831,0.05104190368129809,673,Here. Take two aspirins and call me in the morning.
699,3949,1,6,52,59,1.1355932203389831,0.05104190368129809,673,this will help with that nose extension...I know you're going to love it!
688,3949,0,8,51,59,1.1355932203389831,0.04495355820696532,673,"Trust me, dog spit will fix you right up, and its way cheaper than Xanax."
679,3949,0,8,51,59,1.1355932203389831,0.04495355820696532,673,Let me prescribe these.  I tested them myself.
654,3949,1,6,52,59,1.1355932203389831,0.05104190368129809,673,These should help to domesticate Milo.
1052,3949,2,4,53,59,1.1355932203389831,0.056477689996624364,673,"The plague was long ago, but I ask my patients to take these anyway."
633,3949,0,8,51,59,1.1355932203389831,0.04495355820696532,673,Maybe you feel trapped but try some cheese.
487,3949,0,8,51,59,1.1355932203389831,0.04495355820696532,673,What's with the look? My PhD is just as good as an MD.
459,3949,2,4,53,59,1.1355932203389831,0.056477689996624364,673,Don't look alarmed. I won. I am the rat race winner.
444,3949,1,6,52,59,1.1355932203389831,0.05104190368129809,673,"So you'll give me rat poison, but when I offer it to you..."
229,3949,1,6,52,59,1.1355932203389831,0.05104190368129809,673,Take three cubes of cheese three times a day.
226,3949,2,4,53,59,1.1355932203389831,0.056477689996624364,673,"Here's the cheese receipt--it might be expensive, but in the future you shouldn't rat on others!"
193,3949,0,8,51,59,1.1355932203389831,0.04495355820696532,673,We don't honor any card that has been used at a cat house.
162,3949,1,6,52,59,1.1355932203389831,0.05104190368129809,673,"Please don't freak out, It's not rat poison"
8,3949,0,8,51,59,1.1355932203389831,0.04495355820696532,673,"I must inform you, the radiation comes with some risk of mutation."
546,3949,1,6,52,59,1.1355932203389831,0.05104190368129809,673,And this is the prescription for the disease I just gave you when I nibbled on your toe.
1136,3949,2,4,53,59,1.1355932203389831,0.056477689996624364,673,I recommend this prescription from experience. I used to work a blue collar job.
465,3949,0,8,51,59,1.1355932203389831,0.04495355820696532,673,"Really it's the best prescription, I used to work in a lab."
1176,3949,1,6,52,59,1.1355932203389831,0.05104190368129809,673,"If those cats cause any more trouble, you let me know."
1141,3949,0,8,51,59,1.1355932203389831,0.04495355820696532,673,"Nurse, we're going to need some more ants for...uh...medical reasons"
2399,3949,1,6,52,59,1.1355932203389831,0.05104190368129809,673,"What, you'll see a rat doctor but not take a rat's prescription?"
2344,3949,0,8,51,59,1.1355932203389831,0.04495355820696532,673,"Yes, this IS normal in Baltimore!"
2269,3949,1,6,52,59,1.1355932203389831,0.05104190368129809,673,I'm not a rat!
2252,3949,1,6,52,59,1.1355932203389831,0.05104190368129809,673,"If the drugs and alcohol don't kill ya, the medical bill will."""
2657,3949,0,8,51,59,1.1355932203389831,0.04495355820696532,673,"This and only this prescription will cure your problem – obviously, 
 it worked for me."
2122,3949,1,6,52,59,1.1355932203389831,0.05104190368129809,673,Get this filled and take them. You will see better in a few days
2014,3949,0,8,51,59,1.1355932203389831,0.04495355820696532,673,"Don't worry, I'm not prescribing what I took."
1954,3949,1,6,52,59,1.1355932203389831,0.05104190368129809,673,What do you mean you don’t trust me?
2178,3949,2,4,53,59,1.1355932203389831,0.056477689996624364,673,Trust me....this prescription has been tested on many of my family.
1759,3949,1,6,52,59,1.1355932203389831,0.05104190368129809,673,"Ok, so we'll cut back to 6 milligrams a day, but if you have another episode I want you to call me immediately."
1567,3949,0,8,51,59,1.1355932203389831,0.04495355820696532,673,I've written a recommendation for a test group
1506,3949,0,8,51,59,1.1355932203389831,0.04495355820696532,673,"Here take this for a week, it worked for me."
1438,3949,2,4,53,59,1.1355932203389831,0.056477689996624364,673,A sheep in fox clothing?
1428,3949,0,8,51,59,1.1355932203389831,0.04495355820696532,673,"Two pills daily, three when the moon is full"""
1255,3949,0,8,51,59,1.1355932203389831,0.04495355820696532,673,"I assure you, the howls will clear up your identity disorder."
1195,3949,0,8,51,59,1.1355932203389831,0.04495355820696532,673,"Here, you try it. I am done experimenting."
1889,3949,0,8,51,59,1.1355932203389831,0.04495355820696532,673,iI's a $500 because you talked 2 minutes past your time.
1193,3949,0,8,51,59,1.1355932203389831,0.04495355820696532,673,"Here's the number of the guy I was talking about, in the event you 'Do"" need stitches."
3074,4036,1,6,53,60,1.1333333333333333,0.05023485333552976,673,This drug worked well  for hallucinations in studies in mice
3119,4036,0,8,52,60,1.1333333333333333,0.044255719836307675,673,No need to worry about side effects.  I even take it myself.
3156,4036,1,6,53,60,1.1333333333333333,0.05023485333552976,673,Sorry. We only treat gymnasts
3158,4036,0,8,52,60,1.1333333333333333,0.044255719836307675,673,The only side effect of these pills is they may make you feel like you're a real doctor one day.
3204,4036,2,4,54,60,1.1333333333333333,0.05557438475642006,673,"Take two pills a day, get plenty of rest, and come back when you're edible."
3260,4036,0,8,52,60,1.1333333333333333,0.044255719836307675,673,Is that your cheese?
3245,4036,0,8,52,60,1.1333333333333333,0.044255719836307675,673,"OK, you've got the job, but I will expect a pound of cheese from you every Friday morning."
3324,4036,0,8,52,60,1.1333333333333333,0.044255719836307675,673,Make yourself comfortable in a nice corner.  Take as directed and in a few minutes your pain will be over.
3031,4036,2,4,54,60,1.1333333333333333,0.05557438475642006,673,A buy out on your trappings.
3413,4036,1,6,53,60,1.1333333333333333,0.05023485333552976,673,"Yes, studies have shown that cheese really is effective in treating sciatica."
3230,4036,0,8,52,60,1.1333333333333333,0.044255719836307675,673,Unfortunately the Hippocratic Oath is too inconvenient for a doctor like me.
2997,4036,2,4,54,60,1.1333333333333333,0.05557438475642006,673,Try it you'll like it - it helped me!!!
2494,4036,0,8,52,60,1.1333333333333333,0.044255719836307675,673,I'm going to refer you to a more qualified rat fink
2825,4036,1,6,53,60,1.1333333333333333,0.05023485333552976,673,Today's Thursday--I'm in sheep's clothing on Friday.
2788,4036,0,8,52,60,1.1333333333333333,0.044255719836307675,673,This new clinical study will require you to solve a maze.
2710,4036,1,6,53,60,1.1333333333333333,0.05023485333552976,673,"I think this should help with your fear. However, I'd like to remind you that I chose this tiny trackball for its outstanding ergonomic properties."
2675,4036,0,8,52,60,1.1333333333333333,0.044255719836307675,673,"Oh yeah, that's really bad and you haven't even seen the bill yet."
2626,4036,2,4,54,60,1.1333333333333333,0.05557438475642006,673,It's a very safe drug. I take it myself.
2596,4036,0,8,52,60,1.1333333333333333,0.044255719836307675,673,Take this. In six months you should look like the rest of us.
2535,4036,0,8,52,60,1.1333333333333333,0.044255719836307675,673,"Come on, Mr. Thompson, this is at the top of the Rx prescription list. Seven out of ten rodents recommend it."
2496,4036,1,6,53,60,1.1333333333333333,0.05023485333552976,673,"I,m covered but your not, sorry"
2492,4036,1,6,53,60,1.1333333333333333,0.05023485333552976,673,Take two every four hours and come sniff me in the morning.
2490,4036,0,8,52,60,1.1333333333333333,0.044255719836307675,673,"Sorry I couldn't diagnose your shortness of breath, but here's a card for my brother's place that serves that yummy ratatouille I was raving about."
2382,4036,1,6,53,60,1.1333333333333333,0.05023485333552976,673,Take this once a day. Only once.
3420,4036,1,6,53,60,1.1333333333333333,0.05023485333552976,673,I'm going to give you this prescription for some cheese to help you out.
2909,4036,1,6,53,60,1.1333333333333333,0.05023485333552976,673,"I discovered that very few investors want their money managed by a kindly, old grandmother."
3433,4036,1,6,53,60,1.1333333333333333,0.05023485333552976,673,"No more drugs for me, doc. The ones I'm on are working just fine."
4321,4036,0,8,52,60,1.1333333333333333,0.044255719836307675,673,I may look like a rat but believe me you need to trust me.
3468,4036,1,6,53,60,1.1333333333333333,0.05023485333552976,673,"Your phobia isn't unusual.  Check out our online therapy guide, and call me tomorrow for special new member financing."
4462,4036,0,8,52,60,1.1333333333333333,0.044255719836307675,673,"Here's my card - call when you think your're ready, and remember - recovery is only six weeks."
4431,4036,2,4,54,60,1.1333333333333333,0.05557438475642006,673,Take two of these and don’t cull me in the morning
4415,4036,0,8,52,60,1.1333333333333333,0.044255719836307675,673,This drug will help you cope with the maze.
4408,4036,1,6,53,60,1.1333333333333333,0.05023485333552976,673,"You didn't expect that I would be British, did you, George?"
4382,4036,1,6,53,60,1.1333333333333333,0.05023485333552976,673,Don't worry -- I never fleece my clients.
4332,4036,1,6,53,60,1.1333333333333333,0.05023485333552976,673,Side effects? None - it's hardly human poison.
2360,4036,1,6,53,60,1.1333333333333333,0.05023485333552976,673,"It's your decision, but isn't keeping your blood pressure in check worth enduring side effects such as hallucinating that the people around you are rats?"
4232,4036,1,6,53,60,1.1333333333333333,0.05023485333552976,673,You wanna master gene splicer or what?
4157,4036,0,8,52,60,1.1333333333333333,0.044255719836307675,673,"Relax, I was an experimental subject in a top-ranked animal testing lab before I went to medical school."
3930,4036,1,6,53,60,1.1333333333333333,0.05023485333552976,673,Take two and call me tomorrow if your plague symptoms persist.
3883,4036,0,8,52,60,1.1333333333333333,0.044255719836307675,673,I know a cheap plastic surgeon that can take care of your chin.
3863,4036,0,8,52,60,1.1333333333333333,0.044255719836307675,673,I call your condition 'beady eye syndrome.' This should make things right.
3845,4036,1,6,53,60,1.1333333333333333,0.05023485333552976,673,It's for a maze.  It gave me the inspiration to go to medical school.
3758,4036,0,8,52,60,1.1333333333333333,0.044255719836307675,673,"We are a multi-specialty, multi-cultural practice."
3735,4036,0,8,52,60,1.1333333333333333,0.044255719836307675,673,"Here, test this with your friends and let me know if it works."
3725,4036,1,6,53,60,1.1333333333333333,0.05023485333552976,673,'No I haven't got the plague.'
3721,4036,0,8,52,60,1.1333333333333333,0.044255719836307675,673,This is for Coumadin... Trust me it's safe.
3718,4036,0,8,52,60,1.1333333333333333,0.044255719836307675,673,"I recommend a strict diet of cider. Should you need it, here is a prescription for chicken."
3711,4036,0,8,52,60,1.1333333333333333,0.044255719836307675,673,"You must avoid cheese, so bring me any you have left."
3697,4036,0,8,52,60,1.1333333333333333,0.044255719836307675,673,"You can get this filled  at the supermarket across the street, oh and  they have  free cheese displayed next to the pharmacy in the dairy section."
3601,4036,1,6,53,60,1.1333333333333333,0.05023485333552976,673,This prescription should keep you from smelling rats
3528,4036,1,6,53,60,1.1333333333333333,0.05023485333552976,673,Would it kill you to take a bath?
3496,4036,1,6,53,60,1.1333333333333333,0.05023485333552976,673,Take this and stop horsing around
3483,4036,0,8,52,60,1.1333333333333333,0.044255719836307675,673,I understand you're concerned about being in Baltimore; relax and take this low-cost Canadian Oxy covered under Obama Care.
3471,4036,0,8,52,60,1.1333333333333333,0.044255719836307675,673,Be sure to floss after gnawing.
3436,4036,1,6,53,60,1.1333333333333333,0.05023485333552976,673,"Now would your old friend ,Dr.Mongoose, give you something bad for your tummy?"
2239,4036,0,8,52,60,1.1333333333333333,0.044255719836307675,673,"Look buddy it didnt kill me so relax, youre going to be as good as new in no time."
3832,4036,0,8,52,60,1.1333333333333333,0.044255719836307675,673,"""It appears you're suffering from hallucinations. I'm not even real. Here, we have a pill for that."""
2068,4036,0,8,52,60,1.1333333333333333,0.044255719836307675,673,"That was before Elizabeth Warren, so get used to it."
834,4036,0,8,52,60,1.1333333333333333,0.044255719836307675,673,Your a rat in Doctor’s clothing!
818,4036,0,8,52,60,1.1333333333333333,0.044255719836307675,673,"Believe me, this would be better with a  public option."
792,4036,1,6,53,60,1.1333333333333333,0.05023485333552976,673,"So you think children should be in cages? Okay, buddy, I don't do this often, but I'm gonna write you a prescription for a brain."
788,4036,1,6,53,60,1.1333333333333333,0.05023485333552976,673,Be sure to chew on the bottle after you're done with the medicine.
778,4036,0,8,52,60,1.1333333333333333,0.044255719836307675,673,Take two of these cheesy pellets and spread them on your living room floor and call me in the morning.
747,4036,1,6,53,60,1.1333333333333333,0.05023485333552976,673,I know I look like a wolf but I'm not.
683,4036,0,8,52,60,1.1333333333333333,0.044255719836307675,673,"Don't worry...you don't get to keep your doctor"""
652,4036,0,8,52,60,1.1333333333333333,0.044255719836307675,673,"Take one of these at bedtime.  Not a long term solution, but will help you sleep until the indictments come."
641,4036,0,8,52,60,1.1333333333333333,0.044255719836307675,673,I smell a rat...
593,4036,0,8,52,60,1.1333333333333333,0.044255719836307675,673,This is a very special brie eat two ounces and call me in the morning.
588,4036,2,4,54,60,1.1333333333333333,0.05557438475642006,673,"yeah i got your prescription right here. 80mg of absolute dick. yeah. bet you feel pretty stupid for making me run that maze so much, don't you dr gellert?"
917,4036,1,6,53,60,1.1333333333333333,0.05023485333552976,673,"No, Dr. Weasel was not metaphorical."
544,4036,0,8,52,60,1.1333333333333333,0.044255719836307675,673,"Trust me, they're not addictive."
412,4036,0,8,52,60,1.1333333333333333,0.044255719836307675,673,Trust me.  It’s tested.
375,4036,0,8,52,60,1.1333333333333333,0.044255719836307675,673,"Since you broke out of your cage, this slip instructs our researchers to put you in a stronger cage and start over."
356,4036,0,8,52,60,1.1333333333333333,0.044255719836307675,673,"I’ll feel better and you , too, if this helps stop you from catting around."
336,4036,1,6,53,60,1.1333333333333333,0.05023485333552976,673,Take this with cheese and let me know if the side-effects get worse?
320,4036,0,8,52,60,1.1333333333333333,0.044255719836307675,673,"This experimental medication still has a few kinks to work out, but take it from me that it will solve your indigestion."
314,4036,1,6,53,60,1.1333333333333333,0.05023485333552976,673,"50/50, this prescription will either stop the hallucinations or turn you into a fox."
238,4036,1,6,53,60,1.1333333333333333,0.05023485333552976,673,Dr. Vermin and I concur; this medication does not cause hallucinations.
116,4036,0,8,52,60,1.1333333333333333,0.044255719836307675,673,Just take it already! I finally got 200 year old cheddar and it’s about to get moldy!
85,4036,2,4,54,60,1.1333333333333333,0.05557438475642006,673,"Don't worry, this cheese diet is quite safe.  I've tested it myself."
59,4036,1,6,53,60,1.1333333333333333,0.05023485333552976,673,Take two of these and crawl me in the morning.
2227,4036,0,8,52,60,1.1333333333333333,0.044255719836307675,673,Very affective on Canadian rats
481,4036,1,6,53,60,1.1333333333333333,0.05023485333552976,673,I've had several family members take this.
921,4036,1,6,53,60,1.1333333333333333,0.05023485333552976,673,"Don't worry, this prescription worked for me."
97,4036,0,8,52,60,1.1333333333333333,0.044255719836307675,673,"They have a wide selection of heads, but the humans are generally  unattractive."
990,4036,1,6,53,60,1.1333333333333333,0.05023485333552976,673,"Well, besides dog-tired, you do sound horse."
973,4036,2,4,54,60,1.1333333333333333,0.05557438475642006,673,"...so he say's, ""Listen here, see! I'm not gonna take any more crap from a rat doctor like you!"" and that was the end of him."
2013,4036,0,8,52,60,1.1333333333333333,0.044255719836307675,673,Never trust a hen with an MD- no one can read their chicken scratch anyways
1951,4036,0,8,52,60,1.1333333333333333,0.044255719836307675,673,"Opiods shmopiods, this is a prescription for weasel gene therapy, it's the latest new treatment & I get a trip to Hawaii if I sell 10 more prescriptions this month"
1863,4036,0,8,52,60,1.1333333333333333,0.044255719836307675,673,I forgot to give this to your daughter for her birth control pills; it's our new Placebo-brand product.
1854,4036,1,6,53,60,1.1333333333333333,0.05023485333552976,673,Fentanyl with cheese. Twice a day.
1810,4036,0,8,52,60,1.1333333333333333,0.044255719836307675,673,Your pharmacist should be able to translate this.
1683,4036,1,6,53,60,1.1333333333333333,0.05023485333552976,673,Take 2 cheese balls and call me in the morning.
1668,4036,0,8,52,60,1.1333333333333333,0.044255719836307675,673,Here is your prescription. Take two pieces of cheese for a week and call me in a week if you don’t feel better.
1628,4036,0,8,52,60,1.1333333333333333,0.044255719836307675,673,Very effective drug - I tested it myself.
2036,4036,0,8,52,60,1.1333333333333333,0.044255719836307675,673,Helps reduce scabs.
1463,4036,2,4,54,60,1.1333333333333333,0.05557438475642006,673,I know you're anxious right now but I can assure you that the hen house is fine.
1383,4036,1,6,53,60,1.1333333333333333,0.05023485333552976,673,"Oh, so now you claim you don't like cheese?"
1483,4036,0,8,52,60,1.1333333333333333,0.044255719836307675,673,"Hey Donnie, I don't want your dirty money."
1316,4036,0,8,52,60,1.1333333333333333,0.044255719836307675,673,This will eliminate your rodent phobia.
1304,4036,2,4,54,60,1.1333333333333333,0.05557438475642006,673,It's a new drug but the lab research conducted and my sitting here has proved it quite effective
1038,4036,1,6,53,60,1.1333333333333333,0.05023485333552976,673,It might be but a mouse on the table but I'm the rat that runs this business
1225,4036,1,6,53,60,1.1333333333333333,0.05023485333552976,673,"It'll end the hallucinations, but give me a call if that side effect lasts longer than four hours."
1187,4036,0,8,52,60,1.1333333333333333,0.044255719836307675,673,Your credit card has been flagged...I need to turn you in.
1129,4036,1,6,53,60,1.1333333333333333,0.05023485333552976,673,you can either get it treated now or wait until things are really bad for more sympathy
1125,4036,1,6,53,60,1.1333333333333333,0.05023485333552976,673,You will need to take fur of these every morning.
1083,4036,1,6,53,60,1.1333333333333333,0.05023485333552976,673,This is the fifth time you've visited my office about your airplane anxiety. Do you actually need this or do you just like staring into my beady eyes?
1074,4036,0,8,52,60,1.1333333333333333,0.044255719836307675,673,These medications have been tested on real teddy bears.
1374,4036,1,6,53,60,1.1333333333333333,0.05023485333552976,673,I started off in a lab but worked hard and made something of myself.
1054,4036,2,4,54,60,1.1333333333333333,0.05557438475642006,673,Why did you sell the prescription refill that I gave to you!?
1053,4036,0,8,52,60,1.1333333333333333,0.044255719836307675,673,"Take two bites of cheese, twice daily, with plenty of rest, and you'll be fine!"
2833,4147,0,8,53,61,1.1311475409836065,0.04357902084672543,673,This prescription should make the hallucinations go away
2892,4147,1,6,54,61,1.1311475409836065,0.049452797144256905,673,Why Yes I received my Doctorate at the University of Mouseketeer ‘s
3858,4147,0,8,53,61,1.1311475409836065,0.04357902084672543,673,"It may seem outlandish, but eating dog poop works every time."
3546,4147,0,8,53,61,1.1311475409836065,0.04357902084672543,673,Take two subway stairs pizza slices and call me in the morning.
3685,4147,1,6,54,61,1.1311475409836065,0.049452797144256905,673,"I didn't say, 'control group'.  I said, 'my control.'"
1901,4147,0,8,53,61,1.1311475409836065,0.04357902084672543,673,You seem a little sheepish about filling this prescription.
3106,4147,0,8,53,61,1.1311475409836065,0.04357902084672543,673,"These will make you feel young again, guaranteed!"
1891,4147,0,8,53,61,1.1311475409836065,0.04357902084672543,673,"Look man, alls I'm sayin' is, if you change your mind, rat Viagra works just as good."
2004,4147,1,6,54,61,1.1311475409836065,0.049452797144256905,673,"Take two a day to relax.  Trust me, rapid reproduction trumps regulation every time."
1322,4147,1,6,54,61,1.1311475409836065,0.049452797144256905,673,"After you take the thorn out, these are for the pain."
1275,4147,1,6,54,61,1.1311475409836065,0.049452797144256905,673,I'll have you know I was first in my class...to reach the cheese!
864,4147,1,6,54,61,1.1311475409836065,0.049452797144256905,673,Take two cheese cubes and call me in the morning.
476,4147,0,8,53,61,1.1311475409836065,0.04357902084672543,673,"Don't worry I just write the scrips, I don't touch the pills."
253,4147,2,4,55,61,1.1311475409836065,0.054699426256796496,673,"Don’t worry, I tested these myself."
1617,4147,1,6,54,61,1.1311475409836065,0.049452797144256905,673,"Thank you for not tweeting about your infestation, and to show our appreciation, here are a couple of tickets to a Baltimore Rats game."
3516,4162,1,6,55,62,1.1290322580645162,0.048694598441382554,673,"Don't look at me like a rat, this will devour up to 80% of your generic prescription bill"
1203,4162,0,8,54,62,1.1290322580645162,0.042922525410265526,673,This 'Ratsative' should help you feel better.
4473,4164,1,5,50,56,1.125,0.05136133772583239,673,Why yes the Black Plague is still quite common in this area.
574,4164,1,5,50,56,1.125,0.05136133772583239,673,"Actually, that would be good card trick for a human or a rat”"
205,4164,1,5,50,56,1.125,0.05136133772583239,673,"Okay, but Low T is the least of your worries."
2259,4167,1,5,51,57,1.1228070175438596,0.05049985383360874,673,"Fill this prescription now,
then take one every time you eat,
and don’t forget to say “Eek-Eek.”"
2301,4167,1,5,51,57,1.1228070175438596,0.05049985383360874,673,"Besides that, what do you think about my new mustache?"
2405,4167,0,7,50,57,1.1228070175438596,0.04385964912280703,673,"I’m prescribing this molded chunk of discarded Gouda, works wonders for eradicating the sense of existential void."
2422,4167,0,7,50,57,1.1228070175438596,0.04385964912280703,673,"Here is a prescription for a digital visual adjustment.  You seem to have an obsession with your ""mouse"""
2440,4167,1,5,51,57,1.1228070175438596,0.05049985383360874,673,Thanks for seeing a cheese specialist... here are the supplements you can take to deal with your lactose intolerance.
2230,4167,1,5,51,57,1.1228070175438596,0.05049985383360874,673,"This will make you lazy and slovenly, so take 2, and  my friends and I will be there in the morning to eat the mess."
2572,4167,1,5,51,57,1.1228070175438596,0.05049985383360874,673,What so now you just 'huffed' and 'puffed' and blew my health insurance away?
2729,4167,1,5,51,57,1.1228070175438596,0.05049985383360874,673,Don't be scared. I just don't want  to identified in the lineup.
2765,4167,1,5,51,57,1.1228070175438596,0.05049985383360874,673,"I am prescribing ""Take two rabbits and go to bed"
2214,4167,0,7,50,57,1.1228070175438596,0.04385964912280703,673,No Humans were harmed when testing this Medication...
2768,4167,1,5,51,57,1.1228070175438596,0.05049985383360874,673,"Don’t listen to those ads
It’s a trap I should know."
2282,4167,0,7,50,57,1.1228070175438596,0.04385964912280703,673,I'M not crazy -- YOU'RE the one in here for psychiatric meds!
2785,4167,0,7,50,57,1.1228070175438596,0.04385964912280703,673,Oh come on.... you ...you....you dirty rat “
3194,4167,0,7,50,57,1.1228070175438596,0.04385964912280703,673,Spray each cat twice daily till they’re all gone.
2962,4167,1,5,51,57,1.1228070175438596,0.05049985383360874,673,I don't give a rat's a__ if you don't use this prescription. If you want bug eyes that's your decision.
3179,4167,1,5,51,57,1.1228070175438596,0.05049985383360874,673,"I'll trade you this prescription for medical marijuana
 for a pound of cheese."
3220,4167,1,5,51,57,1.1228070175438596,0.05049985383360874,673,Do I seem like a wolf in cheap clothing?
3418,4167,0,7,50,57,1.1228070175438596,0.04385964912280703,673,Here's the number of an optometrist friend of mine.
3445,4167,0,7,50,57,1.1228070175438596,0.04385964912280703,673,"This is supposed to work, but it’s plagued with side effects...."
3615,4167,1,5,51,57,1.1228070175438596,0.05049985383360874,673,This prescription I'm writing out for you will cure you of your notion that I'm a rat.
3694,4167,1,5,51,57,1.1228070175438596,0.05049985383360874,673,"Take two a day and you'll feel great, even if you know you're a rat."
3708,4167,1,5,51,57,1.1228070175438596,0.05049985383360874,673,I don’t give this to just anyone. How
3710,4167,1,5,51,57,1.1228070175438596,0.05049985383360874,673,"...but if you're looking to win the rat race, here's my card."
3995,4167,1,5,51,57,1.1228070175438596,0.05049985383360874,673,In my experience you take it three times a day for two years and then we will decide if it works or if it will kill you.
2071,4167,1,5,51,57,1.1228070175438596,0.05049985383360874,673,Eat three cheese squares and call me in the morning.
4353,4167,0,7,50,57,1.1228070175438596,0.04385964912280703,673,A few drops of this in your water dispenser and you'll be back on the wheel in no time.
4343,4167,0,7,50,57,1.1228070175438596,0.04385964912280703,673,You'll be amazed at what this can do for you!
4260,4167,0,7,50,57,1.1228070175438596,0.04385964912280703,673,Here's your prescription for rat-filtering glasses.
2952,4167,1,5,51,57,1.1228070175438596,0.05049985383360874,673,"Take this before meals, avoid cats, and if you must eat cheese from traps, do it carefully."
1979,4167,1,5,51,57,1.1228070175438596,0.05049985383360874,673,"Before we start, would you care for a slice of cheese?"
961,4167,1,5,51,57,1.1228070175438596,0.05049985383360874,673,"I'm what you get with Medicare for All, Bernie."
1709,4167,1,5,51,57,1.1228070175438596,0.05049985383360874,673,"Sir, I will prescribe you this medication, but be careful. It is known to make people hallucinate.""

""Don't worry doc, I have had it before"
1837,4167,1,5,51,57,1.1228070175438596,0.05049985383360874,673,"Definitely not the plague, but either rat fever or rat-bite fever."
62,4167,0,7,50,57,1.1228070175438596,0.04385964912280703,673,If your symptoms improve I get a food pellet.
94,4167,0,7,50,57,1.1228070175438596,0.04385964912280703,673,"If this comes back on you, I will deny everything."
202,4167,0,7,50,57,1.1228070175438596,0.04385964912280703,673,"Take two and remember, don't Fennec."
300,4167,0,7,50,57,1.1228070175438596,0.04385964912280703,673,"This will replace your previous prescription. Hopefully, this should do away with those nasty hallucinations."
430,4167,0,7,50,57,1.1228070175438596,0.04385964912280703,673,"Here is a little something for the pain in the meantime, but we're going to have to run some further expiremen- er, tests."
470,4167,0,7,50,57,1.1228070175438596,0.04385964912280703,673,"Take this prescription down the hall, turn right, and then left."
510,4167,1,5,51,57,1.1228070175438596,0.05049985383360874,673,"Write your answer to this question ... *Which is better ... to be infested by rats, or to be one?*  """
563,4167,1,5,51,57,1.1228070175438596,0.05049985383360874,673,"Yes, unfortunately for you the plague is still around. Here's the number of a lawyer to help you get your affairs in order."
573,4167,0,7,50,57,1.1228070175438596,0.04385964912280703,673,"I guarantee, this will make you feel foxier."
611,4167,0,7,50,57,1.1228070175438596,0.04385964912280703,673,Here's your prescription. Now call me if you start seeing anything unusual.
612,4167,1,5,51,57,1.1228070175438596,0.05049985383360874,673,Take two of these new drugs and call me in the morning.
145,4167,1,5,51,57,1.1228070175438596,0.05049985383360874,673,"This is a list of items I don't want in the office. 
Number 1 - Big CATS"
620,4167,0,7,50,57,1.1228070175438596,0.04385964912280703,673,"dont look so shocked, its a side effect from working at a drug company"
615,4167,0,7,50,57,1.1228070175438596,0.04385964912280703,673,"Monday, 9am for intelligence lab tests."
1625,4167,0,7,50,57,1.1228070175438596,0.04385964912280703,673,Here is your v
1419,4167,0,7,50,57,1.1228070175438596,0.04385964912280703,673,You need to get this to your pharmacy as fast as you can. It's not that you have a life-threatening condition. It's that you're scaring away my staff and patients.
1359,4167,1,5,51,57,1.1228070175438596,0.05049985383360874,673,Dozens of offspring in lab tests around the country are raving about this stuff.
1179,4167,0,7,50,57,1.1228070175438596,0.04385964912280703,673,"Dude! I don’t give a rat's ass about “conflicting prescriptions!”

Well, in that case, allow me to prescribe you some “rat's ass.”"
1639,4167,0,7,50,57,1.1228070175438596,0.04385964912280703,673,"If I were you, I wouldn't worry so much about the side-effects."
1095,4167,1,5,51,57,1.1228070175438596,0.05049985383360874,673,"Listen you Schmuck! This is a rat race and you either take the pills, or you'll be running the maze for the rest of your life!"
1064,4167,1,5,51,57,1.1228070175438596,0.05049985383360874,673,"Don't worry, your skin disease is benevolent."
916,4167,1,5,51,57,1.1228070175438596,0.05049985383360874,673,"Here, it’s the latest “Old Town Road” remix."
797,4167,0,7,50,57,1.1228070175438596,0.04385964912280703,673,"Trust me, this will do wonders for your felinophobia"
696,4167,1,5,51,57,1.1228070175438596,0.05049985383360874,673,This cured my side eye with only minot sideeffects.f
1177,4167,2,3,52,57,1.1228070175438596,0.056363123168042664,673,The nausea should go away if  you eat some trash before bedtime and chase it down with water.
2165,4225,0,7,51,58,1.1206896551724137,0.04314879647175589,673,A prescription to live in Baltimore “
3168,4225,2,3,53,58,1.1206896551724137,0.05542328023559171,673,"Yes, it's for warfarin.  No, I wouldn't take it myself."
4542,4225,0,7,51,58,1.1206896551724137,0.04314879647175589,673,You’re next
2459,4225,0,7,51,58,1.1206896551724137,0.04314879647175589,673,Take this. It makes rats smarter
2277,4225,0,7,51,58,1.1206896551724137,0.04314879647175589,673,"squeak, squeak, squeak!"
1968,4225,1,5,52,58,1.1206896551724137,0.049666682137193066,673,Does it work?  I won the maze and it got me through med school.
420,4225,0,7,51,58,1.1206896551724137,0.04314879647175589,673,Let’s see if this works.
479,4225,1,5,52,58,1.1206896551724137,0.049666682137193066,673,"Take two mice a day, and call me if  you start running around in circles"
1917,4225,1,5,52,58,1.1206896551724137,0.049666682137193066,673,Take this to the nearest Baltimore pharmacy!
1705,4234,0,8,59,67,1.1194029850746268,0.039913905875911725,673,If  I still look like a hedgehog next week we
105,4235,1,5,53,59,1.11864406779661,0.048860455426129414,673,This isn't a laughing matter.
3463,4236,0,6,48,54,1.1111111111111112,0.043168260549211725,673,This should temper the hallucinations.
3481,4236,0,6,48,54,1.1111111111111112,0.043168260549211725,673,"It's quite confrontational, but it might just do the trick with this fear of dogs of yours."
3428,4236,0,6,48,54,1.1111111111111112,0.043168260549211725,673,What? You have a problem with me being a rodent?  I'll let you know that I scurried my way to the top of my medical school class!
3138,4236,0,6,48,54,1.1111111111111112,0.043168260549211725,673,Try these pellets. They did wonders for me.
3385,4236,0,6,48,54,1.1111111111111112,0.043168260549211725,673,"Take one of these and capsules and it should give you the courage to buy one of our masks and keep the big,bad girls away from your door."
3381,4236,0,6,48,54,1.1111111111111112,0.043168260549211725,673,Word to the wise. No cracks about the cheese in break room fridge.
3201,4236,2,2,50,54,1.1111111111111112,0.05710624097222739,673,No mousing around; did you realistically think that I would accept a bill from you? I frankly don’t care how many diplomas you have on the wall behind you!
3170,4236,0,6,48,54,1.1111111111111112,0.043168260549211725,673,"No,my long hair doesn't mean I'm a ratstafarian,any more than you're from Long Island."
3055,4236,1,4,49,54,1.1111111111111112,0.050619272401046675,673,This should help with the huffing and puffing
2544,4236,0,6,48,54,1.1111111111111112,0.043168260549211725,673,Take two of these and squeak me in the morning.
2926,4236,0,6,48,54,1.1111111111111112,0.043168260549211725,673,"Here's your prescription.  And again, there are no known side effects or adverse reactions."
2809,4236,1,4,49,54,1.1111111111111112,0.050619272401046675,673,"Nah, I fell for that last dream"
2764,4236,1,4,49,54,1.1111111111111112,0.050619272401046675,673,"Here's your viagra prescription, you dirty rat."
2747,4236,1,4,49,54,1.1111111111111112,0.050619272401046675,673,"I went and got us a village. Now let's have a Wooly Mammoth heir, M'Lady."
2723,4236,0,6,48,54,1.1111111111111112,0.043168260549211725,673,"Squeak, squeak, squeak, squeak (Q.I.D.)....
or squeak, squeak, squeak (T.I.D.)...
and squeak, squeak, squeak (Q.A.M.)"
2613,4236,1,4,49,54,1.1111111111111112,0.050619272401046675,673,They've moved from my ears to my nose.
2555,4236,0,6,48,54,1.1111111111111112,0.043168260549211725,673,You'll need this if you don't want the plague.
3489,4236,0,6,48,54,1.1111111111111112,0.043168260549211725,673,"Oh, come on—who wouldn't want an ear grown on their back?"
3043,4236,1,4,49,54,1.1111111111111112,0.050619272401046675,673,"I know this drug works, I tested it on myself""."
3508,4236,0,6,48,54,1.1111111111111112,0.043168260549211725,673,Here's a little meds combo I call 'Reincarnation Roulette'.
4440,4236,1,4,49,54,1.1111111111111112,0.050619272401046675,673,Take these daily for three weeks. They turn you into whatever you really are.
3574,4236,1,4,49,54,1.1111111111111112,0.050619272401046675,673,2 a day and you should be back to your old self in no time.
4547,4236,0,6,48,54,1.1111111111111112,0.043168260549211725,673,Honestly theirs more to me then meets the eye.
2495,4236,0,6,48,54,1.1111111111111112,0.043168260549211725,673,"Don’t worry,  the side effects of vaccines are unlikely."
4544,4236,0,6,48,54,1.1111111111111112,0.043168260549211725,673,"Trust me, this prescription is not rat poison."
4466,4236,0,6,48,54,1.1111111111111112,0.043168260549211725,673,It's time to return the favor--it's an experimental drug.
4425,4236,1,4,49,54,1.1111111111111112,0.050619272401046675,673,hey are you holding?
4411,4236,0,6,48,54,1.1111111111111112,0.043168260549211725,673,"Relax, even I take it twice a day."
4354,4236,1,4,49,54,1.1111111111111112,0.050619272401046675,673,Take this twice a day for a week and if the cats are still bothering you...I have alternate methods.
4195,4236,0,6,48,54,1.1111111111111112,0.043168260549211725,673,"Don't take too much, it can cause ulcers"
4194,4236,0,6,48,54,1.1111111111111112,0.043168260549211725,673,"Given the particular itch you've described, I recommend you call my colleague, Dr. Gerbil."
3537,4236,1,4,49,54,1.1111111111111112,0.050619272401046675,673,This drug saved my sister’s life and it just might work for you.
4193,4236,1,4,49,54,1.1111111111111112,0.050619272401046675,673,"This will surely help u.
Jack irack@aol.com"
4118,4236,1,4,49,54,1.1111111111111112,0.050619272401046675,673,It's perfectly safe.  I tested it myself.
4009,4236,0,6,48,54,1.1111111111111112,0.043168260549211725,673,The Lab Rat takeover.
3903,4236,0,6,48,54,1.1111111111111112,0.043168260549211725,673,Here’s your prescription to beat the rat race
3726,4236,0,6,48,54,1.1111111111111112,0.043168260549211725,673,"This prescription isn't covered, so just take one pill when your are about to die."
3716,4236,0,6,48,54,1.1111111111111112,0.043168260549211725,673,"So the guy says, ""A horse walks into a bar and asks for a drink"" and at that point I'm already lost. I mean, a talking horse? Anyways, I'm blabbering. Here's your prescription. Call me in a week, if the hallucinations persist."
3703,4236,0,6,48,54,1.1111111111111112,0.043168260549211725,673,"My professional advice is to stop eating garbage, it hasn't done me any favors."
3625,4236,0,6,48,54,1.1111111111111112,0.043168260549211725,673,Here’s your fentanyl scrip. Please pay me before you OD.
3612,4236,1,4,49,54,1.1111111111111112,0.050619272401046675,673,Don't be alarmed; I'm wearing a mask because of my cold.
3596,4236,0,6,48,54,1.1111111111111112,0.043168260549211725,673,"When “Teenage Mutant Ninja Turtles” ended I decided to go to med school. Anyway, do you want the Adderall prescription or not?"
4192,4236,0,6,48,54,1.1111111111111112,0.043168260549211725,673,"Call my direct line immediately if the pain increases, or if you find any cheese lying around."
2406,4236,1,4,49,54,1.1111111111111112,0.050619272401046675,673,"These pills should help you sleep. Personally, I prefer curling up with a good book ... I like to chew on the covers."
2661,4236,0,6,48,54,1.1111111111111112,0.043168260549211725,673,It’s for a new drug that guarantees you stop imagining rodents ruling the world.
2288,4236,0,6,48,54,1.1111111111111112,0.043168260549211725,673,Take this to the hardware store.
810,4236,0,6,48,54,1.1111111111111112,0.043168260549211725,673,Your species tends to have anxiety problems. Take one of these daily with a bowl of milk.
763,4236,0,6,48,54,1.1111111111111112,0.043168260549211725,673,Here is a referral. My insurance does not cover that.
721,4236,0,6,48,54,1.1111111111111112,0.043168260549211725,673,"Bob, not all rats are chefs. Some of us chose medicine. Stop asking if I can cook as well. Here’s your prescription for Olanzapine"
705,4236,0,6,48,54,1.1111111111111112,0.043168260549211725,673,"It's your ass, not mine."
650,4236,1,4,49,54,1.1111111111111112,0.050619272401046675,673,"what do you MEAN you won’t participate in animal trials. 
take the script!"
600,4236,0,6,48,54,1.1111111111111112,0.043168260549211725,673,We can meet in the woods.  Wear your red hood.
522,4236,1,4,49,54,1.1111111111111112,0.050619272401046675,673,Take this exactly as directed or you may have hallucinations.
427,4236,1,4,49,54,1.1111111111111112,0.050619272401046675,673,It’s ‘Dr. Pizza Rat’ to you.
906,4236,1,4,49,54,1.1111111111111112,0.050619272401046675,673,Arsenic?
313,4236,0,6,48,54,1.1111111111111112,0.043168260549211725,673,I was once in your position. No more!
279,4236,2,2,50,54,1.1111111111111112,0.05710624097222739,673,"Here I,'m giving you this coupon for ice cream it's a gift saying ""we are sorry you are no welcome because you ears GET OUT"
191,4236,1,4,49,54,1.1111111111111112,0.050619272401046675,673,You're not lactose intolerant are you?
185,4236,0,6,48,54,1.1111111111111112,0.043168260549211725,673,Here's your prescription. Works great. I use it myself but it has one unfortunate side effect.
174,4236,1,4,49,54,1.1111111111111112,0.050619272401046675,673,"We just can't seem to figure out why your eyes are popping out of your head like that, but my sponsors suggest Xanax may be the remedy."""
70,4236,0,6,48,54,1.1111111111111112,0.043168260549211725,673,"And if this doesn't work, try chewing on a bar of soap."
69,4236,0,6,48,54,1.1111111111111112,0.043168260549211725,673,Its an Rx for cheese. 10 million rodents can't be wrong....
27,4236,0,6,48,54,1.1111111111111112,0.043168260549211725,673,"I regret to say, Mr. Cagney, if I'd washed my hands before performing the surgery, your sister-in-law would not be a widow."
23,4236,0,6,48,54,1.1111111111111112,0.043168260549211725,673,Not too many side effects if I recall correctly from my test days.
294,4236,1,4,49,54,1.1111111111111112,0.050619272401046675,673,"To control the infestation, put two of these by each bunk bed
and wash your hands afterward."
942,4236,1,4,49,54,1.1111111111111112,0.050619272401046675,673,Here is my Rat Race Card. Now get out of my office!
945,4236,1,4,49,54,1.1111111111111112,0.050619272401046675,673,"Sure, you may find lower prices of this elsewhere, but those won't give the patient a baritone whiny or enable her to accept the bridle as easily."
960,4236,1,4,49,54,1.1111111111111112,0.050619272401046675,673,I didn’t spend all that time in mazes just to be a blue collar worker.
1805,4236,0,6,48,54,1.1111111111111112,0.043168260549211725,673,It's always in the cards!
1694,4236,0,6,48,54,1.1111111111111112,0.043168260549211725,673,This is a clinical trial with some side effects like perceptions of deceit. You feeling anything at all should go away after a dose or two.
1675,4236,0,6,48,54,1.1111111111111112,0.043168260549211725,673,This medication is a-maze-ing!
1665,4236,0,6,48,54,1.1111111111111112,0.043168260549211725,673,You have nothing to worry about. I was not only top of my medical class
1589,4236,1,4,49,54,1.1111111111111112,0.050619272401046675,673,"The thing is that you have cancer...
 The good news is we can ""cure"" it  if you wire 200 grand to this account!"
1552,4236,0,6,48,54,1.1111111111111112,0.043168260549211725,673,"So the kid goes like, ""What chair, man?"", cracker?"
1525,4236,1,4,49,54,1.1111111111111112,0.050619272401046675,673,Say’s here you’re musophobic. What kind of person is afraid of music?
1447,4236,0,6,48,54,1.1111111111111112,0.043168260549211725,673,"As I personally discovered, there are side effects."
1403,4236,0,6,48,54,1.1111111111111112,0.043168260549211725,673,"Take my  card....   the LITTLE RED RIDING HOOD thing,it never happened."
1343,4236,0,6,48,54,1.1111111111111112,0.043168260549211725,673,"Here is the prescription, use with caution."
1287,4236,0,6,48,54,1.1111111111111112,0.043168260549211725,673,This is less a cure for you and more of f a completion of human testing for me.
1271,4236,1,4,49,54,1.1111111111111112,0.050619272401046675,673,Take two of these and stay away from cheese!
1198,4236,0,6,48,54,1.1111111111111112,0.043168260549211725,673,This drug saved my wife’s life when she was part of a lab experiment.
1194,4236,0,6,48,54,1.1111111111111112,0.043168260549211725,673,"Take these, but only one at a time..”"
1151,4236,0,6,48,54,1.1111111111111112,0.043168260549211725,673,"I swear I didn´t tell anyone about your cancer!
Guess we have a rat in here..."
1085,4236,1,4,49,54,1.1111111111111112,0.050619272401046675,673,"not a prescription per se, but I urge you to eat more Cheez-Its"""
1035,4236,0,6,48,54,1.1111111111111112,0.043168260549211725,673,"Trust me, dude; you can't lose with the stuff I use!"
1011,4236,0,6,48,54,1.1111111111111112,0.043168260549211725,673,I'm proud to say that my recently deceased family and I were in the study that evaluated the effectiveness of this medication.
975,4236,0,6,48,54,1.1111111111111112,0.043168260549211725,673,"My, what acute metabolic syndrome you have!"
14,4236,0,6,48,54,1.1111111111111112,0.043168260549211725,673,I've prescribed you some alternative protein.
2300,4236,0,6,48,54,1.1111111111111112,0.043168260549211725,673,Forget about you co-pay. What I really need to know is do you have any pizza?
2942,4325,0,5,45,50,1.1,0.04285714285714286,673,For the generic blood thinner d-Con. Throw away the bait station.
769,4325,0,5,45,50,1.1,0.04285714285714286,673,Four our of five rat doctors swear by it. Trust me.
554,4327,0,5,46,51,1.0980392156862746,0.042054138410837674,673,I've invited several colleagues to examine you tonight at 8 in the clearing in the forest.  Have some form of I.D. on you.
816,4327,0,5,46,51,1.0980392156862746,0.042054138410837674,673,"Try this CBD.  No, not Central Business District!"
1475,4327,0,5,46,51,1.0980392156862746,0.042054138410837674,673,"I snorted ""Hair Grow for Noses"".  You want prescription?"
1616,4327,0,5,46,51,1.0980392156862746,0.042054138410837674,673,"W never use less than 100 humans in our control group."""
2287,4327,0,5,46,51,1.0980392156862746,0.042054138410837674,673,"This is a 30 day prescription. And don't try to weasel a bigger supply out of Me again."""
2824,4327,0,5,46,51,1.0980392156862746,0.042054138410837674,673,"Cheddar, twice daily. Make sure that you take it with crackers if on an empty stomach."
2935,4327,0,5,46,51,1.0980392156862746,0.042054138410837674,673,Here's where I got my mask.
3162,4327,0,5,46,51,1.0980392156862746,0.042054138410837674,673,It’s only poisonous to Rats
3301,4327,0,5,46,51,1.0980392156862746,0.042054138410837674,673,Wait - did you say you were allergic to cheese?
3914,4327,0,5,46,51,1.0980392156862746,0.042054138410837674,673,Take this to the second dumpster on the right. They can fill it right away.
4184,4327,0,5,46,51,1.0980392156862746,0.042054138410837674,673,You need to take this with food...the apartment building next door puts their trash on the curb around 9:30.
3502,4338,0,5,47,52,1.0961538461538463,0.04128055232750756,673,"Don't worry, you can afford this prescription if you work three more jobs and never sleep again!"
366,4339,0,4,43,47,1.0851063829787233,0.041142194186747603,673,"HOWL,   MAY I HELP YOU?"
1511,4339,0,4,43,47,1.0851063829787233,0.041142194186747603,673,I know you'll keep an eye out for any adverse reactions.
4109,4339,0,4,43,47,1.0851063829787233,0.041142194186747603,673,"Excuse my handwriting, I'm left handed."
3153,4342,0,4,44,48,1.0833333333333333,0.040314953903908046,673,Dr Ratosky. Just got promoted from clinical trials.
3054,4342,0,4,44,48,1.0833333333333333,0.040314953903908046,673,"You're so terrified of your grandmother whenever you come to see me, so here's a referral for a psych eval by the Grimm Brothers."
3039,4342,1,2,45,48,1.0833333333333333,0.05011806391880343,673,"no worries, we have done this for decades."
2906,4342,1,2,45,48,1.0833333333333333,0.05011806391880343,673,"Here's your prescription.
Next time you come in could you bring a little garbage with you?"
3199,4342,0,4,44,48,1.0833333333333333,0.040314953903908046,673,I think you've lived in Baltimore a little too long. You're imagining things..
2734,4342,0,4,44,48,1.0833333333333333,0.040314953903908046,673,Listen! I'm NOT gonna rat you out!
2715,4342,0,4,44,48,1.0833333333333333,0.040314953903908046,673,"I think this should help with your fear. However, I'd like to remind you that I chose this particular trackball due to its outstanding ergonomic properties."
2708,4342,0,4,44,48,1.0833333333333333,0.040314953903908046,673,I’ll have you know I was first in my class at RAT.
2563,4342,0,4,44,48,1.0833333333333333,0.040314953903908046,673,"Give this to your pharmacist. 
And please, no rat’s ass jokes!"
2200,4342,0,4,44,48,1.0833333333333333,0.040314953903908046,673,You may find side effects to be particularly pronounced during a full moon.
2425,4342,0,4,44,48,1.0833333333333333,0.040314953903908046,673,No!  The list of side effects does not include hallucinations.
2404,4342,0,4,44,48,1.0833333333333333,0.040314953903908046,673,It works in mice...
2332,4342,0,4,44,48,1.0833333333333333,0.040314953903908046,673,"I personally guarantee from personal experience, that this stuff will work."
2308,4342,0,4,44,48,1.0833333333333333,0.040314953903908046,673,We don’t treat too many human beings here in Baltimore
2231,4342,0,4,44,48,1.0833333333333333,0.040314953903908046,673,Trust me. This rabies prescription works.
3251,4342,0,4,44,48,1.0833333333333333,0.040314953903908046,673,"I am telling you, I used to be just like you. What does the card say?"
2197,4342,0,4,44,48,1.0833333333333333,0.040314953903908046,673,Eat two locusts and call me in the morning.
2102,4342,0,4,44,48,1.0833333333333333,0.040314953903908046,673,I'll see you again in three weeks. In the meantime take this twice a day. It will make you juicier.
2061,4342,0,4,44,48,1.0833333333333333,0.040314953903908046,673,Maybe you have been sowing too many wild oats.
2547,4342,0,4,44,48,1.0833333333333333,0.040314953903908046,673,Take two before the next lunar zenith.
3267,4342,0,4,44,48,1.0833333333333333,0.040314953903908046,673,"It worked on me, now let’s see if it works on you."
3576,4342,0,4,44,48,1.0833333333333333,0.040314953903908046,673,"Trust me, I invented this in my own lab"
3305,4342,0,4,44,48,1.0833333333333333,0.040314953903908046,673,This Dr. shopping is getting out of control!
2042,4342,0,4,44,48,1.0833333333333333,0.040314953903908046,673,There’s  something about you that stirs my confidence in you.
4533,4342,0,4,44,48,1.0833333333333333,0.040314953903908046,673,"We are going to give this pill only because you are invasive"""
4191,4342,0,4,44,48,1.0833333333333333,0.040314953903908046,673,"It's the ace of cheese, right?"
4171,4342,0,4,44,48,1.0833333333333333,0.040314953903908046,673,And take these to calm your epiphanies.
4129,4342,0,4,44,48,1.0833333333333333,0.040314953903908046,673,Let's get you back in tonight about dinner time!
4116,4342,0,4,44,48,1.0833333333333333,0.040314953903908046,673,"Please don´t call it a ""mouse"". We prefer ""pointer""."
4057,4342,0,4,44,48,1.0833333333333333,0.040314953903908046,673,"Trust me, with enough doses of cheese, you'll feel much better."
3898,4342,0,4,44,48,1.0833333333333333,0.040314953903908046,673,None of the other doctors could cure my lactose intolerance so I came to the expert.
3884,4342,0,4,44,48,1.0833333333333333,0.040314953903908046,673,Trust me! These pills won't hurt you. I've been taking them for years.
3870,4342,0,4,44,48,1.0833333333333333,0.040314953903908046,673,"To be honest, my real dream was to be a veterinarian with a small animal practice on Old McDonald’s farm."
3826,4342,1,2,45,48,1.0833333333333333,0.05011806391880343,673,"No, Mr. Burns, it's simply a Rat-inol dysfunction. Use these drops twice a day for two weeks and you'll be fine. Oh, and be sure to stay away from cats."
3650,4342,0,4,44,48,1.0833333333333333,0.040314953903908046,673,Your eyes mom's face an curly fries.
3626,4342,0,4,44,48,1.0833333333333333,0.040314953903908046,673,"Cheese, twice daily? Really?"
3593,4342,0,4,44,48,1.0833333333333333,0.040314953903908046,673,"Here, take my card. Otherwise, I'll huff and I'll puff, and I'll blow your house down."
3511,4342,0,4,44,48,1.0833333333333333,0.040314953903908046,673,"Cheese, I often prescribe it for myself"
3499,4342,0,4,44,48,1.0833333333333333,0.040314953903908046,673,The only side effects they found in clinical trials was gigantism and an acute ability to feign intelligence.
3498,4342,0,4,44,48,1.0833333333333333,0.040314953903908046,673,This should handle your hallucinating.
3400,4342,1,2,45,48,1.0833333333333333,0.05011806391880343,673,"Trust me, this dumpster has some of the best garbage."
3375,4342,0,4,44,48,1.0833333333333333,0.040314953903908046,673,"Compare this new Rodent All Inclusive Prescription Card to Medicare's Plan! It's inexpensive and accepted World-Wide!
Bon Voyage!!!"
3293,4342,0,4,44,48,1.0833333333333333,0.040314953903908046,673,"It is an antidote for human poison.  Do not look so disgusted, you used similar stuff on us for years."
1981,4342,0,4,44,48,1.0833333333333333,0.040314953903908046,673,"Here, try this."
4373,4342,0,4,44,48,1.0833333333333333,0.040314953903908046,673,This is a prescription for musophobia.
1833,4342,1,2,45,48,1.0833333333333333,0.05011806391880343,673,Have this filled fast before the next full moon.
964,4342,0,4,44,48,1.0833333333333333,0.040314953903908046,673,"Um, Dr Ratnick, a prescription for Opioids?"
956,4342,1,2,45,48,1.0833333333333333,0.05011806391880343,673,Don’t forget to this after you finish your spin!
912,4342,0,4,44,48,1.0833333333333333,0.040314953903908046,673,Relax. In a few days you'll start feeling like you're Brad Pitt...even though you'll look like Bela Lugosi.
809,4342,0,4,44,48,1.0833333333333333,0.040314953903908046,673,William Kotzwinkle owns a lot to this prescription.
804,4342,0,4,44,48,1.0833333333333333,0.040314953903908046,673,The blood sample won't hurt a bit.
796,4342,0,4,44,48,1.0833333333333333,0.040314953903908046,673,"Well, it worked just fine on one of my brothers."
795,4342,1,2,45,48,1.0833333333333333,0.05011806391880343,673,Are the symptoms more severe during full-moon?
787,4342,1,2,45,48,1.0833333333333333,0.05011806391880343,673,Don't worry. I won't tell anyone what I prescribed you.
745,4342,0,4,44,48,1.0833333333333333,0.040314953903908046,673,"Of course, I'm a real doctor.  I finished #1 in veterinary medicine."
674,4342,1,2,45,48,1.0833333333333333,0.05011806391880343,673,You're diagnosis is complete. As are you.
526,4342,0,4,44,48,1.0833333333333333,0.040314953903908046,673,What? You were expecting something from a pharmacy? It’s my cousin’s pizza joint.
503,4342,0,4,44,48,1.0833333333333333,0.040314953903908046,673,"Take two of these a day, I take them myself and have seen a real change in my outlook."
411,4342,0,4,44,48,1.0833333333333333,0.040314953903908046,673,DRATS
220,4342,0,4,44,48,1.0833333333333333,0.040314953903908046,673,"The rat race is not good for you health. Believe me, I know."
189,4342,0,4,44,48,1.0833333333333333,0.040314953903908046,673,This helped change me; I suggest you take it.
132,4342,0,4,44,48,1.0833333333333333,0.040314953903908046,673,"This prescription will make your cat stop biting, side affects will include sluggishness and an increased mouse population."
67,4342,2,0,46,48,1.0833333333333333,0.05829532703111204,673,B’more!
42,4342,0,4,44,48,1.0833333333333333,0.040314953903908046,673,„This will make You see white mice instead.“
1852,4342,0,4,44,48,1.0833333333333333,0.040314953903908046,673,"These will take care of the real problem, plus they smell and taste just like peanut butter!"
974,4342,0,4,44,48,1.0833333333333333,0.040314953903908046,673,Take two of these. Your bark should be back in the morning.
980,4342,1,2,45,48,1.0833333333333333,0.05011806391880343,673,"Every time you start to feel anxious, I want you to take two doses of the domestic Swiss I've prescribed. My colleagues swear by it."
463,4342,0,4,44,48,1.0833333333333333,0.040314953903908046,673,"hold on dr rat, don't YOU carry the plague???!!!!"
1051,4342,1,2,45,48,1.0833333333333333,0.05011806391880343,673,This should help you look at me as I am and the world as is.
1763,4342,0,4,44,48,1.0833333333333333,0.040314953903908046,673,This is Baltimore and I understand your need for anxiety medications.
1039,4342,1,2,45,48,1.0833333333333333,0.05011806391880343,673,"I can't help you I'm afraid. But's here's the card of my colleague.
His eyes aren't quite so beady."
1688,4342,0,4,44,48,1.0833333333333333,0.040314953903908046,673,"You asked for a new look. So, here’s your prescription for how to shine a turd ."
1646,4342,0,4,44,48,1.0833333333333333,0.040314953903908046,673,I've taken this for years without any side effects.
1618,4342,1,2,45,48,1.0833333333333333,0.05011806391880343,673,Let’s try this Rx for 90 days.  Some minor contraindications but nothing serious.
1606,4342,0,4,44,48,1.0833333333333333,0.040314953903908046,673,IT'S A RECIPE FOR TOSSED-INTERACTIVE-SIDE-EFFECTS-SALAD DRESSING
1564,4342,0,4,44,48,1.0833333333333333,0.040314953903908046,673,Move to Canada or I call your HMO
1544,4342,0,4,44,48,1.0833333333333333,0.040314953903908046,673,"That's how homeopathy works, pal. If you want this recalcitrant case of murophobia cured once and for all, you need to take the poison."
1521,4342,0,4,44,48,1.0833333333333333,0.040314953903908046,673,"Take the number. I promise you, he’s not from Baltimore."
1637,4342,0,4,44,48,1.0833333333333333,0.040314953903908046,673,"It has been tested on lab rats and it was found that it causes cancer, but hell you're not a lab rat."
1418,4342,0,4,44,48,1.0833333333333333,0.040314953903908046,673,My wife!  Tell her I went to get cigarettes.  I am doing magic with the butt.
1392,4342,0,4,44,48,1.0833333333333333,0.040314953903908046,673,"Here's a refill on that rat poi- I mean, sedative."
1356,4342,0,4,44,48,1.0833333333333333,0.040314953903908046,673,Tell them Dr. At sent you
1349,4342,0,4,44,48,1.0833333333333333,0.040314953903908046,673,"My Dr. Fink, what a big nose you have!"
1324,4342,0,4,44,48,1.0833333333333333,0.040314953903908046,673,"These are safe, I tried them on myself."
1266,4342,0,4,44,48,1.0833333333333333,0.040314953903908046,673,Your co-pay on your way out will be three wheels of cheese.
1257,4342,0,4,44,48,1.0833333333333333,0.040314953903908046,673,It’s rejected...
1439,4342,0,4,44,48,1.0833333333333333,0.040314953903908046,673,The dose makes the medicine...
1149,4342,0,4,44,48,1.0833333333333333,0.040314953903908046,673,Good news...you've be infested.
1079,4342,0,4,44,48,1.0833333333333333,0.040314953903908046,673,You forgot to say cheese?
2238,4431,0,4,45,49,1.0816326530612246,0.03952023822660631,673,The experiment was successful.
2771,4432,0,3,42,45,1.0666666666666667,0.03760507165451773,673,Here try rat poison!   I know it works. That’s all you can ask for.
2782,4432,0,3,42,45,1.0666666666666667,0.03760507165451773,673,"Sorry about the hand-writing, but keep in mind, I’m a rat."
2846,4432,0,3,42,45,1.0666666666666667,0.03760507165451773,673,Drink 8 ounces of plain water at least half-hour before you ... ‘Howl at the Moon’.
2865,4432,1,1,43,45,1.0666666666666667,0.04923659639173308,673,"One of the possible side effects of this drug, that I too am taking..."
2893,4432,0,3,42,45,1.0666666666666667,0.03760507165451773,673,Drink the Porridge twice a day for 2 weeks and come visit my house when finished.
3006,4432,0,3,42,45,1.0666666666666667,0.03760507165451773,673,One of these a day will help calm your rodent hallucinations.
2983,4432,0,3,42,45,1.0666666666666667,0.03760507165451773,673,"At least it's not the plague, but take this and the symptoms should clear out in a few days."
2989,4432,0,3,42,45,1.0666666666666667,0.03760507165451773,673,"I want you to cut my nose hairs,roll them in this prescription,smoke it,and you'll feel better right away."
3046,4432,0,3,42,45,1.0666666666666667,0.03760507165451773,673,"Don't try to weasel out of paying this bill, it didn't even work for my brother."
2728,4432,0,3,42,45,1.0666666666666667,0.03760507165451773,673,"Tell me, Frank, do you think I'm a dirty rat?"
3052,4432,0,3,42,45,1.0666666666666667,0.03760507165451773,673,"No need to worry, I won't tell anyone about your STD"
2905,4432,0,3,42,45,1.0666666666666667,0.03760507165451773,673,This medication should help relive your hallucinations that you are living in a world controlled by animals
2727,4432,0,3,42,45,1.0666666666666667,0.03760507165451773,673,I can help with your identity crisis.
2541,4432,0,3,42,45,1.0666666666666667,0.03760507165451773,673,"You need to eat more insects, slugs, spiders, and worms."
2703,4432,0,3,42,45,1.0666666666666667,0.03760507165451773,673,"There is no prescription for this. Take my card, if he wins again you are going to need us."
2663,4432,1,1,43,45,1.0666666666666667,0.04923659639173308,673,"I don't normally prescribe Gouda, but what I think what you've got calls for it."
2644,4432,0,3,42,45,1.0666666666666667,0.03760507165451773,673,"Take one tablet daily, just before your master takes you out for a walk."
2637,4432,0,3,42,45,1.0666666666666667,0.03760507165451773,673,"Side effects are rare, but they can include retroactive hallucinations."
2635,4432,0,3,42,45,1.0666666666666667,0.03760507165451773,673,This prescription will prove to your bank manager you need a loan.
2624,4432,1,1,43,45,1.0666666666666667,0.04923659639173308,673,"Look, people say all sorts of different things about this; but I can assure you that this is completely okay."
2600,4432,0,3,42,45,1.0666666666666667,0.03760507165451773,673,"Take these, three times a day, with a fresh carcass."
2573,4432,1,1,43,45,1.0666666666666667,0.04923659639173308,673,"Take one every day!  I had to, despite all my rage."
2453,4432,0,3,42,45,1.0666666666666667,0.03760507165451773,673,These worked for me and will give you that extra giddy-up in your step.
2448,4432,1,1,43,45,1.0666666666666667,0.04923659639173308,673,"And as it turned out, running around that wheel was more like climbing a ladder."
2316,4432,0,3,42,45,1.0666666666666667,0.03760507165451773,673,This is a prescription for snacks. I recommend garbage.
3091,4432,0,3,42,45,1.0666666666666667,0.03760507165451773,673,Here's a prescription for some Gouda cheese.  You'll feel better in the morning.
2706,4432,0,3,42,45,1.0666666666666667,0.03760507165451773,673,It's been tested on mice.
3095,4432,0,3,42,45,1.0666666666666667,0.03760507165451773,673,Here's a prescription to help cure your hallucinations.
4229,4432,0,3,42,45,1.0666666666666667,0.03760507165451773,673,"Early trial, off label? I personally guarantee results."
3177,4432,0,3,42,45,1.0666666666666667,0.03760507165451773,673,"Your eyes son't deceive you. I did graduate from John's Hopkins, Baltimore's finest!"
4576,4432,0,3,42,45,1.0666666666666667,0.03760507165451773,673,Take two hundred of these and call me in the morning.
4475,4432,1,1,43,45,1.0666666666666667,0.04923659639173308,673,Here's my card. I'd like to run a few tests.
4372,4432,0,3,42,45,1.0666666666666667,0.03760507165451773,673,"I've written you a new prescription for micro-dosing.
Macro didn't seem to work so well."
4292,4432,0,3,42,45,1.0666666666666667,0.03760507165451773,673,"Yes, it's a side-effect─so what, you too good for it?"
4284,4432,1,1,43,45,1.0666666666666667,0.04923659639173308,673,You really shouldn't have eaten that pizza.
4279,4432,0,3,42,45,1.0666666666666667,0.03760507165451773,673,This was tested on me personally
4231,4432,0,3,42,45,1.0666666666666667,0.03760507165451773,673,"Look, I hardly make anything from the drug company for prescribing these."
2314,4432,0,3,42,45,1.0666666666666667,0.03760507165451773,673,Call my connection! he'll hook you up with the best 'CBD'( high THC) in this area.....wink wink
4145,4432,0,3,42,45,1.0666666666666667,0.03760507165451773,673,Take two of these and run through a maze as quickly as you can.
4032,4432,0,3,42,45,1.0666666666666667,0.03760507165451773,673,"Take two of these,  stay away from the cheese, and don't sweep your kitchen floor for at least a month."
4027,4432,1,1,43,45,1.0666666666666667,0.04923659639173308,673,"Here's your prescription for the erectile dysfunction."""
3928,4432,0,3,42,45,1.0666666666666667,0.03760507165451773,673,"Spend a night in the sewer, and let me know how you feel  in the morning"
3878,4432,1,1,43,45,1.0666666666666667,0.04923659639173308,673,I highly recommend this medication - I take it myself
3809,4432,0,3,42,45,1.0666666666666667,0.03760507165451773,673,"Have these drugs been tested?!""  Yes! Do you want to hear about testing"
3782,4432,1,1,43,45,1.0666666666666667,0.04923659639173308,673,"Trust me … all you need is to relocate to an urban dwelling and surround yourself with dark, dusty corners and candy wrappers."
3749,4432,0,3,42,45,1.0666666666666667,0.03760507165451773,673,Eat 1000 ants a day for 2 weeks.
3656,4432,1,1,43,45,1.0666666666666667,0.04923659639173308,673,Take this prescription to cure your hallucination or you will look like me!
3611,4432,0,3,42,45,1.0666666666666667,0.03760507165451773,673,"The addiction only lasts for a lifetime. Trust me, I'm a doctor."
3586,4432,0,3,42,45,1.0666666666666667,0.03760507165451773,673,"It's actually not true, but to ease your concerns, patient confidentiality prohibits me from telling on you."
3529,4432,0,3,42,45,1.0666666666666667,0.03760507165451773,673,Take two of these and meet me at your grandmother’s house.1564859879.24a15c50-dde0-490c-9201-ae56d8234
3504,4432,1,1,43,45,1.0666666666666667,0.04923659639173308,673,It’s not like it’s rat poison or anything?
3475,4432,0,3,42,45,1.0666666666666667,0.03760507165451773,673,Here's a prescription for 'Ratgrow'
3454,4432,0,3,42,45,1.0666666666666667,0.03760507165451773,673,This is a new drug which should be great for your problem but we need you to keep track of the side effects.
3453,4432,0,3,42,45,1.0666666666666667,0.03760507165451773,673,This will help you in the manner in which you look at me and others
3429,4432,0,3,42,45,1.0666666666666667,0.03760507165451773,673,I hate to plague you with so many prescriptions
3340,4432,0,3,42,45,1.0666666666666667,0.03760507165451773,673,"Here's my card, in case you need any cats exterminated."
3224,4432,0,3,42,45,1.0666666666666667,0.03760507165451773,673,"No, I don't think you're a lunatic, but these and howling at the moon will make you feel better."
3142,4432,0,3,42,45,1.0666666666666667,0.03760507165451773,673,Chew these slowly -- don't wolf them down.
2270,4432,0,3,42,45,1.0666666666666667,0.03760507165451773,673,"What do you mean 'it's only been tested on ""your people""'?"
2048,4432,0,3,42,45,1.0666666666666667,0.03760507165451773,673,Here. You can get this filled next time you're in Baltimore.
2205,4432,0,3,42,45,1.0666666666666667,0.03760507165451773,673,Take these and you never have to worry about bubonic plague.
1103,4432,0,3,42,45,1.0666666666666667,0.03760507165451773,673,It’s the most amazing cure.
1072,4432,0,3,42,45,1.0666666666666667,0.03760507165451773,673,"Yes, just take two and bite a hose while dying painfully."
1040,4432,0,3,42,45,1.0666666666666667,0.03760507165451773,673,Take a block of yellow cheese with your meal every day and you'll be fine in no time. Trust me I used to work in a lab.
963,4432,0,3,42,45,1.0666666666666667,0.03760507165451773,673,The tests were only on humans...but you're a human.
873,4432,0,3,42,45,1.0666666666666667,0.03760507165451773,673,Today your mind. Tomorrow the World!
853,4432,0,3,42,45,1.0666666666666667,0.03760507165451773,673,Remember to take it under a full moon.
817,4432,0,3,42,45,1.0666666666666667,0.03760507165451773,673,Test Kitchen or Milk Street?
806,4432,0,3,42,45,1.0666666666666667,0.03760507165451773,673,Take this as needed whenever you're tempted to place your head in a trap.
754,4432,0,3,42,45,1.0666666666666667,0.03760507165451773,673,"You can never be sure, but I'm going with musophobia for now, see you in 2 weeks and we'll start treatment. Plus, here you go - my secretary scored a bunch of coupons for a lovely cheddar special they're running at Trader Joe's."
751,4432,0,3,42,45,1.0666666666666667,0.03760507165451773,673,They call me Dr.Rat thank you.
2253,4432,0,3,42,45,1.0666666666666667,0.03760507165451773,673,"Hey, Bud. Wanna see surgical picture?"
685,4432,0,3,42,45,1.0666666666666667,0.03760507165451773,673,What a coincidence that we’re both vets!
1135,4432,1,1,43,45,1.0666666666666667,0.04923659639173308,673,"I know I look intimidating, but underneath this facade, I'm rather sheepish."
671,4432,0,3,42,45,1.0666666666666667,0.03760507165451773,673,Take these. Your face should clear up within the week.
561,4432,0,3,42,45,1.0666666666666667,0.03760507165451773,673,"Here’s your prescription for your condition, it should cure your “Baltimore fetish”."
421,4432,0,3,42,45,1.0666666666666667,0.03760507165451773,673,I'm the new image repair hire for Baltimore.
346,4432,0,3,42,45,1.0666666666666667,0.03760507165451773,673,"No, I experiment on you!"
310,4432,0,3,42,45,1.0666666666666667,0.03760507165451773,673,"Take two JT Eaton 166004 709-PN Bait Block Rodenticide Anticoagulant Bait, Peanut Butter Flavor, and call me in the morning."
274,4432,0,3,42,45,1.0666666666666667,0.03760507165451773,673,Im giving you an opioid prescription.Don't rat me out.
199,4432,0,3,42,45,1.0666666666666667,0.03760507165451773,673,Take two fleas and call me in the morning.
152,4432,0,3,42,45,1.0666666666666667,0.03760507165451773,673,This should clear up the excessive nasal hair.
143,4432,0,3,42,45,1.0666666666666667,0.03760507165451773,673,A grandmother a day will keep the doctor away!
92,4432,0,3,42,45,1.0666666666666667,0.03760507165451773,673,You're study participant number 26.
50,4432,0,3,42,45,1.0666666666666667,0.03760507165451773,673,Stop writing nonsense letters on the floor
20,4432,0,3,42,45,1.0666666666666667,0.03760507165451773,673,"Take these and you'll forget you were ever a cast member of the musical ""Cats""."
5,4432,0,3,42,45,1.0666666666666667,0.03760507165451773,673,"Hmm, you're having delusions that your wife is a funny looking animal?
Take two of these in the morning."
632,4432,0,3,42,45,1.0666666666666667,0.03760507165451773,673,"Here, this prescription will take help care of those bites"
1183,4432,0,3,42,45,1.0666666666666667,0.03760507165451773,673,"Man: This is just a prescription for a divorce.
Rat: You know, I never gave a rat's ass about you, but I certainly gave one to your wife."
710,4432,0,3,42,45,1.0666666666666667,0.03760507165451773,673,Call my cousin he dean. He's turned mice into rats before.
1416,4432,0,3,42,45,1.0666666666666667,0.03760507165451773,673,"I take these and look, I’m as healthy as a jackal."
1320,4432,0,3,42,45,1.0666666666666667,0.03760507165451773,673,"I know you've been taking this for fifty years, but trust me.  I'm your Doctor.  It works."
2155,4432,0,3,42,45,1.0666666666666667,0.03760507165451773,673,You're actually looking at the smallest prescription rat.
2153,4432,0,3,42,45,1.0666666666666667,0.03760507165451773,673,Take a card . . .
2141,4432,0,3,42,45,1.0666666666666667,0.03760507165451773,673,Do you really want to end up like me?
2090,4432,0,3,42,45,1.0666666666666667,0.03760507165451773,673,Take two enema--and call me in the morning !
2080,4432,1,1,43,45,1.0666666666666667,0.04923659639173308,673,May increase your cravings for cheese.
2075,4432,0,3,42,45,1.0666666666666667,0.03760507165451773,673,"I believe you’ll fit, as I did, that the benefits of the medication outweigh the side effects."
2046,4432,0,3,42,45,1.0666666666666667,0.03760507165451773,673,"...and don't worry, I've never divulged any info about my patients, even to the police."
2002,4432,0,3,42,45,1.0666666666666667,0.03760507165451773,673,"No sir,a Cheese-of-the-Month membership will not be accepted in lieu of payment fo services!"
1932,4432,0,3,42,45,1.0666666666666667,0.03760507165451773,673,you need to bring  your medical records if you want me to ok you for Medical Marijuana just cash will not do the trick
1873,4432,0,3,42,45,1.0666666666666667,0.03760507165451773,673,I have yet to receive your RSVP to my gay rat wedding.
1864,4432,0,3,42,45,1.0666666666666667,0.03760507165451773,673,"I’m due at the Gong Show ‘19 casting call in 15. See Phil at CVS. Call your girlfriend, take two and the affect on your corpora cavernosa will relieve the optic explosions."
1826,4432,0,3,42,45,1.0666666666666667,0.03760507165451773,673,"I would take them wrapped them in cheese, but that's just me."
2199,4432,0,3,42,45,1.0666666666666667,0.03760507165451773,673,Just tell the pharmacist that Joey sent you.
1761,4432,0,3,42,45,1.0666666666666667,0.03760507165451773,673,"Look, here’s my card. But you gotta quit hounding me..."
1780,4432,0,3,42,45,1.0666666666666667,0.03760507165451773,673,Take one of these on September 14 and the other on October 13.
1476,4432,0,3,42,45,1.0666666666666667,0.03760507165451773,673,I want you to drag a couple of pizzas home by your teeth and call me in the morning.
1485,4432,0,3,42,45,1.0666666666666667,0.03760507165451773,673,This will cure your nasty habit of saying “I’ll be RIGHT back!”
1547,4432,0,3,42,45,1.0666666666666667,0.03760507165451773,673,"Ok, this'd just cost you a roll of cheese."
1557,4432,0,3,42,45,1.0666666666666667,0.03760507165451773,673,"Trust me, you need rat poison antidote!"
1591,4432,0,3,42,45,1.0666666666666667,0.03760507165451773,673,"Take two, and cry for me in the morning."
1563,4432,0,3,42,45,1.0666666666666667,0.03760507165451773,673,"No matter how hard you try, there are some things that even rats won't do."
1670,4432,0,3,42,45,1.0666666666666667,0.03760507165451773,673,"Here is your prescription for medicinal cheddar, it should help with you anxiety."
1673,4432,0,3,42,45,1.0666666666666667,0.03760507165451773,673,"Take two capsules a day, with cheese or assorted garbage."
1692,4432,0,3,42,45,1.0666666666666667,0.03760507165451773,673,Take these three times a day with a glass of sewer water.
1749,4432,0,3,42,45,1.0666666666666667,0.03760507165451773,673,I may be a rat doctor but at least I can get it up.
1750,4432,1,1,43,45,1.0666666666666667,0.04923659639173308,673,This is not your grandmother's cure-all.
1667,4432,0,3,42,45,1.0666666666666667,0.03760507165451773,673,"Please, try not to rat me out if this prescription makes you high."
3007,4551,0,1,37,38,1.0263157894736843,0.02666903735313325,673,I hope that your hallucinations can be ratified by taking these once a day.
4236,4551,0,1,37,38,1.0263157894736843,0.02666903735313325,673,"No, it's not poison, I've taken it myself!"
2374,4551,0,1,37,38,1.0263157894736843,0.02666903735313325,673,CBD even works for hallucinations. C’mon! Try it!
3565,4551,0,1,37,38,1.0263157894736843,0.02666903735313325,673,"Look John, I cannot cure your broken heart. I have no idea who ratted you out."
1142,4551,0,1,37,38,1.0263157894736843,0.02666903735313325,673,"Here, this medicine will remedy the side effects of your previous prescription."
898,4551,0,1,37,38,1.0263157894736843,0.02666903735313325,673,What do you take me for -- this expired 40 years ago!
142,4551,0,1,37,38,1.0263157894736843,0.02666903735313325,673,This is my telephone number for your girlfriend!
2352,4551,0,1,37,38,1.0263157894736843,0.02666903735313325,673,Please don’t eat me out to the Board.
4489,4559,0,1,38,39,1.0256410256410255,0.025976216673306556,673,"yo my pharma rep keeps sending me this nasty shit, god damn look at this scandalous shit right here she's fine as hell dude"
3948,4559,0,1,38,39,1.0256410256410255,0.025976216673306556,673,Don't worry it has been tested on humans.
3446,4559,0,1,38,39,1.0256410256410255,0.025976216673306556,673,2 pills before full moon and you’ll sleep like a baby.
3376,4559,0,1,38,39,1.0256410256410255,0.025976216673306556,673,Trust me. A couple of these each day and your back pain will be gone.
3297,4559,0,1,38,39,1.0256410256410255,0.025976216673306556,673,"What do you mean, rodents can’t be practitioners?"
3215,4559,0,1,38,39,1.0256410256410255,0.025976216673306556,673,We also accept cheese or garbage.
2651,4559,0,1,38,39,1.0256410256410255,0.025976216673306556,673,"Here, take three a day and let us know what side effects you get."
1777,4559,0,1,38,39,1.0256410256410255,0.025976216673306556,673,"I'm sorry to tell you that you only have about 6 months to live,
unless I eat you now."
1361,4559,0,1,38,39,1.0256410256410255,0.025976216673306556,673,"Like I said I'm Doctor Rat.
Call  me if you have any other questions about your results."
1248,4559,0,1,38,39,1.0256410256410255,0.025976216673306556,673,I've sent your mobile to service center and you'll be fine as soon as it gets repaired.
1231,4559,0,1,38,39,1.0256410256410255,0.025976216673306556,673,Lactase - take this before any deadly dish. I swear by this stuff.
1171,4559,0,1,38,39,1.0256410256410255,0.025976216673306556,673,"You'd think his handwriting would be even worse, but somehow, it's better."
182,4559,0,1,38,39,1.0256410256410255,0.025976216673306556,673,"Take 2 blocks of cheddar every morning, and hop on the wheel every now and then to get some exercise in."
1823,4559,0,1,38,39,1.0256410256410255,0.025976216673306556,673,Take three times a day with meat
3233,4573,0,0,35,35,1.0,0.028988551782622423,673,"Yea, you are right: I'm a Lab Rat, but with a license to avenge!"
1604,4573,0,0,35,35,1.0,0.028988551782622423,673,Take two Greenies and call me in the morning!
2841,4573,0,0,35,35,1.0,0.028988551782622423,673,"This will ease your anxiety, it’s a prescription for Lor-Rat-A-Pam."
2950,4573,0,0,35,35,1.0,0.028988551782622423,673,I'm prescribing a week's vacation in Baltimore.
4200,4573,0,0,35,35,1.0,0.028988551782622423,673,"No, it's not going to change how I appear to you. But it will alleviate your ridiculous obsession with mousetraps and bubonic plague."
