target_id,rank,funny,somewhat_funny,unfunny,count,score,precision,contest,caption
612,1,1822,3428,2699,7949,1.8896716568121776,0.008368242588206894,674,"My conditioner said it would give me extra body, but I didn't expect it to be yours."
2631,2,1991,3237,3128,8356,1.8639301101005266,0.008432494470503838,674,I 'm gonna wash that man right out of my hair.
343,3,2276,3339,3530,9145,1.8628758884636414,0.00820824375066882,674,Ok you can go down one more time but then you have to save me
13,4,1198,1383,1969,4550,1.8305494505494506,0.012111906462514792,674,"It was a bob cut when you said, ‘I’ll be right back!’"
799,5,1515,2323,2619,6457,1.829022765990398,0.009728359749156477,674,"If you can get up here, I'm hoping you'll take a look at the shower drain."
2896,6,1703,2771,3020,7494,1.8242594075260208,0.008943621086307698,674,"What part of ""Get out of my hair"" don't you understand?"
1314,7,1606,3010,2973,7589,1.8198708657267098,0.008674142513601563,674,"If I had wanted you to come up, I would have braided my hair."
1588,8,1602,2480,2865,6947,1.8181949042752268,0.009370929610533532,674,"I admit it’s no beanstalk, but then again, you’re no Jack."
3082,9,1403,2362,2618,6383,1.809650634497885,0.009645240388640501,674,"For god's sake Dave, you're 35, just use the stairs."""
260,10,1729,3084,3516,8329,1.7854484331852563,0.008371873536147123,674,Gonna wash that man right outta my hair!
2188,11,1550,1779,3013,6342,1.7693156732891833,0.010250558095294005,674,It only grows each time Trump tells a lie.
1212,12,1355,2347,2909,6611,1.7649372258357283,0.009445529181300193,674,Another suitor fails his tress test.
2936,13,675,1500,1767,3942,1.7229832572298325,0.011735305132661392,674,"Just let your hair down"", you said. Now, deal with it"
189,14,701,1242,1769,3712,1.7122844827586208,0.012529988429780377,674,Well you don't look like your profile picture either.
1893,15,547,604,1329,2480,1.6846774193548386,0.016279914384271742,674,Wait till you see my armpits...
1774,16,798,1297,2315,4410,1.6560090702947845,0.011544051456901187,674,A one knight strand.
2604,17,625,1092,1868,3585,1.6532775453277546,0.012668298156076908,674,"Wrong tower. I’m Rogainezel, not Rapunzel."
2340,18,709,1725,2395,4829,1.6508593911782978,0.010386922384767308,674,"A braid’s easier for YOU, maybe."
1155,19,342,766,1182,2290,1.6331877729257642,0.015230154688258704,674,I'd get out of there before the humidity picks up.
921,20,266,472,848,1586,1.6330390920554856,0.018925983286576565,674,I’ve been using Head and Shoulders and Knees and Toes.
761,21,511,1171,1820,3502,1.6262135922330097,0.012256230509989068,674,This is where we part.
590,22,450,945,1582,2977,1.6197514276116896,0.01344514648847878,674,Feel about for Sir Harold ... and the pizza guy.
1844,23,281,738,1098,2117,1.6140765233821446,0.01540960211070243,674,I should never have gotten tangled up with you!
2498,24,579,1544,2320,4443,1.6081476479855954,0.010598254854885122,674,"I'm sorry, but you'll have to come back tomorrow. I'm having a really bad hair day."
530,25,581,1435,2269,4285,1.6060676779463243,0.010910126202134718,674,If you were on time it wouldn't be this long
1518,26,439,1214,1982,3635,1.575515818431912,0.011562540084664218,674,Let's forget your fairytale fantasy. Use the stairs around back.
2963,27,248,466,1016,1730,1.5560693641618497,0.017566883322196154,674,"My father asked a genie to grant me many, many heirs. My father has dyslexia."
1099,28,245,674,1178,2097,1.5550786838340487,0.015142980797263355,674,"Oh, you meant metaphorically?"
2662,29,177,534,898,1609,1.5518955873213176,0.017047622755177412,674,Any chance you brought a scrunchie?
2023,30,248,638,1190,2076,1.546242774566474,0.015316462640581412,674,This tower is protected by locks.
428,31,373,996,1824,3193,1.5455684309426871,0.012282692514613466,674,"Sorry, too much conditioner."
361,32,251,577,1152,1980,1.5449494949494949,0.015919118719261688,674,It takes two to tangle.
165,33,346,1074,1829,3249,1.5435518621114188,0.011914771320164929,674,Maybe I'm using too much conditioner.
1645,34,253,783,1349,2385,1.540461215932914,0.013898635608911402,674,"Ok, it's down.  Now what?"
342,35,163,491,866,1520,1.5375,0.01745995953900535,674,"If you find another man in there, I want you to know that you were my first choice."
758,36,198,426,922,1546,1.5316946959896507,0.018081805052893106,674,Do you want me to send down your pants?
91,37,168,354,777,1299,1.5311778290993072,0.019777040178570796,674,Pretend you're a salmon.
28,38,203,363,884,1450,1.5303448275862068,0.01910848025239271,674,"Would you prefer my sister, Alopecia?"
2304,39,233,563,1174,1970,1.5223350253807106,0.015711488584330555,674,Sixty years of careful grooming and all I get is the village idiot.
26,40,46,139,260,445,1.5191011235955056,0.03206049743447088,674,"You can't tell it's a weave, can you?"
221,41,228,427,1089,1744,1.5063073394495412,0.0171294572596766,674,"Wrong tower, dude. I'm Bropunzel."
474,42,149,348,782,1279,1.5050820953870212,0.0194399017575917,674,Too hard? I'll have you know the jester gets up here every night.
1934,43,151,350,791,1292,1.5046439628482973,0.019356906381523625,674,Beans? You traded a ladder for magic beans?
1822,44,212,423,1050,1685,1.5026706231454006,0.01725911434744125,674,Wait until he sees my chastity belt.
15,45,165,380,876,1421,1.4996481351161155,0.018428214351738314,674,"Great, I've always wanted a Bob."
911,46,124,394,787,1305,1.4919540229885058,0.01836853422049903,674,My sister got a pixie cut and she's been trapped in her tower for years.
1589,47,143,258,709,1110,1.4900900900900902,0.021393295329858508,674,Leaving Sassoon?
2992,48,144,365,825,1334,1.4895052473763117,0.018692880771918864,674,This is not what I meant when I asked for a pageboy.
2664,49,113,271,632,1016,1.4891732283464567,0.021571823574115384,674,You can't just brush me off like this.
2690,50,119,334,719,1172,1.4880546075085324,0.01966693158785263,674,I don't need a brush with destiny.  Just a brush.
1060,51,160,319,834,1313,1.4866717440974866,0.0193951810112585,674,You must be looking for my sister. I’m Todd.
1555,52,109,318,684,1111,1.4824482448244825,0.02004300686502404,674,Or should I wear it up?
30,53,104,223,574,901,1.4783573806881243,0.023103299500351844,674,Because I’m worth it.
327,54,62,150,362,574,1.4773519163763067,0.028502929608854588,674,"Be honest, it's my nose, isn't it?"
3067,55,69,202,456,727,1.4676753782668501,0.024584040988276122,674,Everyone lies on Tinder.
2599,56,88,306,637,1031,1.4675072744907856,0.02018488026917726,674,This is why I usually wear it up.
2265,57,87,278,611,976,1.4631147540983607,0.020925218919526707,674,"Okay, I let down my hair. Now what?"
766,58,99,219,590,908,1.4592511013215859,0.022676508476310742,674,"Now is probably not the best time to tell you I have lice, huh?"
609,59,81,231,546,858,1.4580419580419581,0.022582681263070753,674,"Okay, you can slide down through it one more time, but then you have to rescue me."
2753,60,81,253,574,908,1.4570484581497798,0.021686583325352112,674,It seems I've let you down.
1992,61,29,103,221,353,1.4560906515580736,0.034227593787757374,674,I said I like it when you run your FINGERS through my hair!
1475,62,86,219,554,859,1.4551804423748544,0.022856194707549227,674,You better be a Prince.... these extensions aren't cheap!
688,63,44,139,318,501,1.4530938123752495,0.029101495224724182,674,I told you I'm high maintenance.
3013,64,74,215,514,803,1.452054794520548,0.023209178335214443,674,"Fine then, go back to Princess Rebecca with the good hair."
2036,65,75,230,537,842,1.4513064133016627,0.022500527223919514,674,You missed the hairpin turn!
2215,66,73,229,529,831,1.4512635379061372,0.022583624910123713,674,"Sorry, Security took away my scissors"
1006,67,81,204,529,814,1.4496314496314497,0.02343450762843484,674,"You didn't think it would be a wig, and I didn't think you'd be ugly, so we're even."
2729,67,82,202,530,814,1.4496314496314497,0.02349889978340935,674,Rapunzel's my little sister. I'm Niagra.
2756,69,73,142,427,642,1.4485981308411215,0.027215330693387794,674,"Sorry, I vowed to cut it when there's affordable healthcare in the United States."
1524,70,64,225,499,788,1.4479695431472082,0.022817138941100486,674,I told you to wait until it dries.
1556,71,66,190,463,719,1.4478442280945758,0.024496833192071393,674,"Oh, I'm sorry, was my hair a let down?"
1972,72,64,224,499,787,1.4472681067344346,0.02283535202168503,674,Do you by any chance see the guy who came last week?
1047,73,55,225,478,758,1.4419525065963061,0.022748676330583206,674,You're different than other guys. With you I feel I can just let my hair down.
1925,74,58,212,474,744,1.4408602150537635,0.02327252275506697,674,"Sorry, its my new  conditioner. No more tangles."
85,75,59,202,468,729,1.438957475994513,0.02367764802184069,674,Sorry but my last Prince was Heads and Shoulders better than you
109,76,73,164,473,710,1.4366197183098592,0.025238404666549835,674,Should I get bangs?
791,77,71,159,461,691,1.4356005788712012,0.025576030189326197,674,"No, I'm Ralph Punzel. Why do you ask?"
292,78,74,148,458,680,1.4352941176470588,0.026125904727094425,674,"What do you mean, 'Do I shave under my arms?'"
2625,79,58,186,451,695,1.4345323741007194,0.024383477681245155,674,Rapunzel!  Rapunzel! Lay off the Rogaine!!
2342,80,64,157,438,659,1.43247344461305,0.025849513400520063,674,"After the witch laced her coffee with Rogaine,Rapunzel's situation went from hairy to downright Grimm."
2765,81,59,169,438,666,1.4309309309309308,0.02520313385678797,674,Here's a teachable moment--go get a ladder.
72,82,64,148,430,642,1.4299065420560748,0.02633232515742786,674,It's over. I just want you out of my hair.
754,83,61,151,424,636,1.429245283018868,0.026227882902904814,674,"Don't take it so hard Vlad.  We're both getting on in years.
I won't forget how you used to get all the way up!"""
2169,84,49,184,424,657,1.4292237442922375,0.024512116936460927,674,"I tried to tell you but no... “Let your hair down for once, why don’t you!”"
29,85,55,151,407,613,1.4257748776508972,0.0263193057061451,674,"So much for my terms and conditioners."""
1513,86,48,172,410,630,1.4253968253968254,0.02511706514302924,674,"Sorry, I just conditioned."
1821,87,60,139,413,612,1.423202614379085,0.02684076195542017,674,"Rapunzel is two towers down.
I’m her twin brother, Ralph."
1428,88,58,134,399,591,1.4230118443316413,0.02731952550822121,674,"The elevators aren’t working, you will have to use the hairs..."
2566,89,46,166,399,611,1.4222585924713584,0.02543165398782252,674,"With you, I feel like I can let my hair down."
923,90,53,140,392,585,1.4205128205128206,0.026972791005244384,674,"Gives ""slippery when wet"" a whole new meaning, doesn't it?"
379,91,61,127,405,593,1.4198988195615514,0.027549628408709465,674,Does this hairdo make me look fat?
1562,92,42,164,385,591,1.4196277495769882,0.02556720227753969,674,"I think we've outgrown each other."""
546,93,56,131,394,581,1.4182444061962134,0.027420326817739062,674,"It's strong enough for a man, but made for a woman."
2634,93,47,149,385,581,1.4182444061962134,0.026428369034360962,674,Hairstylist Bruce finally discovers the perfect wave.
1164,95,44,153,380,577,1.417677642980936,0.026211480594074566,674,Now the Prince is wishing he'd just gone ahead and kissed the frog
2720,96,38,155,363,556,1.4154676258992807,0.026150807446611447,674,I warned you this would end up in a tangled relationship.
2636,97,36,159,362,557,1.414721723518851,0.02586599144207325,674,I shall suffer no entanglements.
1966,98,33,159,353,545,1.4128440366972477,0.02584970543594124,674,"Keep looking, I'm still missing 3 bobby pins!"
1333,99,32,82,240,354,1.4124293785310735,0.034621479958626286,674,I'm not cool with the mustache.
2199,100,47,113,343,503,1.411530815109344,0.029234998228702302,674,"I’m not even looking for love, just someone to unclog my drain."
1437,101,47,129,366,542,1.411439114391144,0.027716171162591736,674,I’d style my hair in dreadlocks to give you a better grip but that would be cultural appropriation.
1004,102,51,120,369,540,1.4111111111111112,0.028277306054524994,674,Mandruff.
1358,103,39,141,353,533,1.4108818011257036,0.027019883031392678,674,"A scrunchy, a scrunchy! My Kingdom for a scrunchy!"
2286,103,32,155,346,533,1.4108818011257036,0.026090249436616753,674,"No, I said that you would have to deal with the locks. Plural."
2133,105,41,131,348,520,1.4096153846153847,0.027745156288689055,674,I've been putting off making an appointment until I decide if I really want to commit to bangs.
1345,106,40,137,353,530,1.409433962264151,0.02724742019786505,674,"Wow, that new shampoo really does add body."
1462,106,38,141,351,530,1.409433962264151,0.02698434816318369,674,What do you mean I'm high maintenance?
498,108,44,89,300,433,1.4087759815242493,0.032091861593949646,674,Of course the carpet matches the drapes!
2610,109,43,114,333,490,1.4081632653061225,0.029204735946806597,674,This is pretty Grimm.
1740,110,39,113,316,468,1.4081196581196582,0.02956590538304377,674,"First you ask to see me, now you say I'm smothering you. You are exhausting, Richard."
1271,111,47,120,358,525,1.4076190476190475,0.028328544753865665,674,"Dude, the key is under the rock."
2193,111,44,126,355,525,1.4076190476190475,0.027940941234215526,674,It's all down hair from here !
2861,111,44,126,355,525,1.4076190476190475,0.027940941234215526,674,"Sorry, wrong extension. Please try again."
1039,114,36,139,344,519,1.4065510597302504,0.027084724044511538,674,"Before you come up, find my scrunchie."
73,115,42,126,349,517,1.4061895551257253,0.027969925102472964,674,"Now who's the damsel in dis tress?"""
779,116,49,99,337,485,1.4061855670103092,0.030262648739753678,674,Robin Hood finds himself in the wrong fairy tale.
1735,117,38,86,275,399,1.406015037593985,0.032932206033997394,674,This never happened to Manbunzel.
1332,118,41,116,332,489,1.4049079754601228,0.028937704020563927,674,Let your hair down is typically more of a metaphor than an actual directive.
2310,119,38,123,331,492,1.4044715447154472,0.02837578278692344,674,Feeling a little stranded?
2673,120,41,123,343,507,1.4043392504930967,0.028206771858157297,674,I gotta wash that man right outta my hair...
1627,121,42,110,329,481,1.4033264033264032,0.029414083586154122,674,Haven’t cut my hair since Woodstock.
1281,122,51,100,350,501,1.403193612774451,0.029806755535066027,674,It's vintage hair. I haven't cut it since Woodstock.
1872,123,41,116,336,493,1.4016227180527383,0.02874935527033707,674,It worked better in the story.
1770,124,53,83,337,473,1.3995771670190276,0.031354207085709185,674,"You think this is bad, you should see under the chastity belt."
977,125,39,105,316,460,1.3978260869565218,0.02985534145998218,674,"Oh, what a tangled web is your weave!"
2395,126,43,102,328,473,1.397463002114165,0.029876310902475937,674,Told you not to get tangled up with a hairess!
2841,127,34,113,309,456,1.3969298245614035,0.029220621423565626,674,Blame the Grimm brothers. This was their hairbrained idea.
1402,128,40,96,310,446,1.3946188340807175,0.03065821030048901,674,Wait until I lift my arms.
1337,129,36,107,311,454,1.394273127753304,0.029619072999185345,674,My hair has never had so much body.
2379,130,35,104,304,443,1.3927765237020315,0.029951569888702373,674,"Typical man. They beg for it, but they can't handle it."
1055,131,32,112,305,449,1.3919821826280623,0.02915748214098819,674,"Help,I'm stranded!"
1560,131,32,112,305,449,1.3919821826280623,0.02915748214098819,674,…and sometimes your hair lets you down.
1797,133,30,112,297,439,1.3917995444191344,0.029258996239504672,674,"I don't want to date social climbers, Cedric."""
2519,134,29,112,293,434,1.391705069124424,0.029307352762799214,674,I'm the 'heir apparent' not the 'hair apparent' !
1575,135,33,107,303,443,1.3905191873589164,0.02958988722585076,674,Three castles down.  Ask for Rapunzel.
24,136,37,97,304,438,1.3904109589041096,0.030515780280625723,674,"Listen, you go back to that kingdom of yours and tell them that I need the barber, not a prince."
369,137,37,95,301,433,1.3903002309468822,0.0307644370471733,674,Do I leave you in or rinse you out?
336,138,31,106,294,431,1.3897911832946637,0.02979408107447234,674,It's a new fortifying conditioner.
1144,139,32,99,289,420,1.388095238095238,0.030503267818367,674,Does this castle make my nose look big?
3061,140,26,116,291,433,1.3879907621247114,0.028768967550874144,674,That's what you get when you don't read the story.
2117,141,37,95,304,436,1.3876146788990826,0.030591649008592722,674,"After your Viagra episode, you have no right to complain about my keratin treatment!"
3034,142,28,78,240,346,1.3872832369942196,0.03401383530612714,674,I'm conditioned to give men the slip.
311,143,32,100,292,424,1.3867924528301887,0.030291235985318046,674,I thought you loved my hair unconditionally!
2824,144,33,96,291,420,1.3857142857142857,0.030668044544974772,674,Sorry... If I'd known you were coming I wouldn't have used conditioner.
1451,145,28,105,285,418,1.3851674641148326,0.029818989514320916,674,How many times do I have to tell you to get out of my hair?
3065,146,32,93,283,408,1.3848039215686274,0.031097556277268287,674,You'll never make it wearing those elf shoes.
2264,147,28,99,279,406,1.3817733990147782,0.03038654288333229,674,Are you sure you want to come up?  My hair's a mess.
748,147,22,111,273,406,1.3817733990147782,0.02916097743691698,674,Find the ring and then we'll talk.
2633,149,33,86,280,399,1.380952380952381,0.031751278937311694,674,This sure is a grim hairy tale
166,150,29,92,275,396,1.378787878787879,0.031088777255307704,674,"Sorry, but I need a prince with more upper body strength."
421,151,27,94,271,392,1.3775510204081634,0.03087642846702182,674,"Whoopsy, new conditioner"
1529,151,28,92,272,392,1.3775510204081634,0.0310870154987429,674,Do you see my hair clip
1716,151,26,96,270,392,1.3775510204081634,0.030664395267788178,674,"Who are you calling a ""Man Trap""?"
2819,151,24,100,268,392,1.3775510204081634,0.030235868462129858,674,Watch out for the hairpin turn.
903,155,25,96,267,388,1.3762886597938144,0.030650209760478393,674,"Sorry, but I'm really not ready to get tangled up in a relationship right now."
1360,156,26,87,257,370,1.3756756756756756,0.03188240600701767,674,"Alas, the young suitor was forced to come back on a less humid day."
1077,157,24,97,265,386,1.3756476683937824,0.03053160292584713,674,Do you really want to get tangled up with me?
2190,158,28,81,256,365,1.3753424657534246,0.03264381353847378,674,At least you’re not gum.
1889,159,24,96,264,384,1.375,0.03063194291736896,674,I guess I shouldn't have used so much conditioner
635,160,24,95,263,382,1.37434554973822,0.030733184566079014,674,I've been thinking about bangs.
2167,160,28,87,267,382,1.37434554973822,0.031614800089409326,674,Rapunzel's Brazilian Blowout had unintended consequences.
650,162,26,89,262,377,1.3740053050397878,0.03145650371327698,674,"Honey! Unconditional, not unconditioned."
7,163,26,90,264,380,1.3736842105263158,0.03128245761762351,674,So is that like a 'no'?
3037,163,27,88,265,380,1.3736842105263158,0.03150363653203921,674,My body my choice.
2440,165,31,79,268,378,1.373015873015873,0.03248734483319605,674,Does it friggin' look like I've been waiting a while?!?
2156,166,29,70,245,344,1.372093023255814,0.03424506333569486,674,The pre-natal vitamins were your idea!
1882,167,24,89,256,369,1.3712737127371273,0.03142930489090298,674,We are still working out the kinks.
1514,168,25,85,254,364,1.370879120879121,0.03195599746421674,674,We broke up but I can't seem to get him out of my hair.
634,169,26,84,257,367,1.3705722070844686,0.0320065660834398,674,"Okay,yes,it is a permanent wave."
2990,169,29,78,260,367,1.3705722070844686,0.03269692727830194,674,"Go ask Sleeping Beauty, Cinderella and Snow White how they lived happily ever after."
1504,171,32,66,253,351,1.3703703703703705,0.034456280433461405,674,"Just so you know ahead of time, the carpet DOES match the drapes."
1101,171,26,78,247,351,1.3703703703703705,0.03300841049837507,674,"I've been in hairy situations before, but this is the last strand!"
296,173,29,77,259,365,1.36986301369863,0.03281518654665646,674,Would you mind checking for split ends while you're down there?
948,173,21,93,251,365,1.36986301369863,0.030925862161046886,674,"Ok, so I let it down. Now what?"
155,175,33,66,259,358,1.3687150837988826,0.034181989978241005,674,"Don't complain. At least you're not kept prisoner in a tower so poorly drawn that it doesn't have enough room for your head, let alone all this hair!"
21,176,28,75,254,357,1.3669467787114846,0.03306274191316899,674,Not tonight. I'm washing my hair.
2553,176,27,77,253,357,1.3669467787114846,0.032823897865510696,674,"If you see a gray hair, I don’t want to know."
621,178,24,77,240,341,1.3665689149560116,0.03312004053382236,674,"Twenty years of lather, rinse, repeat - you do the math!"
2746,179,28,74,253,355,1.3661971830985915,0.033185120426037974,674,But the bottle said it would “wash that man right out of my hair”...
2858,180,22,84,244,350,1.3657142857142857,0.0320136804860191,674,Usually my complaints about getting tangled up with a woman are metaphorical.
1887,181,31,67,255,353,1.3654390934844192,0.03402584062339985,674,"I need a hairdresser, not a hero!"
2874,182,20,87,241,348,1.3649425287356323,0.031609195402298854,674,I never said I was easy.
1825,183,23,82,246,351,1.3646723646723646,0.03219319192317183,674,"Sir Reginald was sadly the first victim of 
 “Hair today, gone tomorrow “"
786,184,25,72,238,335,1.364179104477612,0.033765943924465074,674,If you can't get up here you can't cut it.
402,185,28,71,250,349,1.3638968481375358,0.033559622049608155,674,"In case you’re wondering, the curtains do match the drapes.”"
1696,186,25,74,242,341,1.3636363636363635,0.03334457027234457,674,It's not the height. It's the humidity.
723,187,18,90,239,347,1.3631123919308357,0.03111642227842603,674,Would you please get out of my hair?
1268,187,18,90,239,347,1.3631123919308357,0.03111642227842603,674,"Might I suggest braids, my lady?"
200,189,17,91,237,345,1.3623188405797102,0.030953576594747137,674,You do know there are stairs?
1443,189,26,73,246,345,1.3623188405797102,0.03331354463093734,674,"Climb up her hair, they said. It'll so romantic, they said."
471,191,24,75,241,340,1.361764705882353,0.033129204204664274,674,"Sorry, bad hair day."
1970,192,27,70,246,343,1.3615160349854227,0.033693518637073094,674,"As Barber College got more intense, so did his dreams."
2433,192,19,86,238,343,1.3615160349854227,0.03160471148187163,674,"Well if you’re not coming up, do you mind taking care of my split ends?"
1414,194,20,82,236,338,1.3609467455621302,0.032181209277363086,674,Are you the hairdresser ? Because you're 25 years late.
1072,195,21,79,236,336,1.3601190476190477,0.03257291793146788,674,The most difficult days were the humid ones.
138,195,22,77,237,336,1.3601190476190477,0.03284453202468461,674,"Oh, what a tangled web we weave..."
404,195,19,83,234,336,1.3601190476190477,0.03202277907785894,674,I like to keep my men at hair's length.
639,198,19,80,229,328,1.3597560975609757,0.0325372196364019,674,Find your keys yet?
2228,199,17,84,228,329,1.358662613981763,0.031880455456584716,674,My hair was too short. Now it's too long. Make up your mind!
47,200,20,79,233,332,1.358433734939759,0.032538191378911736,674,"You're stuck, I'm stuck – maybe it's time we talk about our relationship."
713,201,17,84,229,330,1.3575757575757577,0.03180227851179206,674,I always want to put it up but everybody always asks me to let it down.
1593,201,22,74,234,330,1.3575757575757577,0.03321884094345842,674,"Thanks to extra-hold hairspray, I've finally caught a husband."
99,203,27,62,236,325,1.356923076923077,0.034946292136131506,674,I washed that Prince right outta my hair.
1545,204,22,72,232,326,1.3558282208588956,0.03347485041054244,674,"No, Juliet is three towers down."
2812,204,27,62,237,326,1.3558282208588956,0.03485612935298599,674,I’m having a bad hair decade.
283,206,20,67,214,301,1.3554817275747508,0.03473733987050661,674,It's a new leave-me-alone conditioner.
2846,207,19,77,228,324,1.3549382716049383,0.03274070404652739,674,I want you out of my hair.
2413,207,19,77,228,324,1.3549382716049383,0.03274070404652739,674,My scrunchie down there anywhere?
241,209,23,64,223,310,1.3548387096774193,0.034944028132938385,674,I am so done with your ‘dumb blond’ jokes.
2559,210,20,66,213,299,1.354515050167224,0.03488299683814554,674,"If you knew your fairy tales, you’d know this would end badly."
654,211,20,73,226,319,1.35423197492163,0.033371528387250195,674,"My hair always had body, but now it has a mind of its own."
212,212,18,78,226,322,1.3540372670807452,0.032568935892273755,674,Or is it better in a bun?
1202,213,21,70,226,317,1.3533123028391167,0.0337983050032972,674,"New conditioner."""
325,214,22,69,229,320,1.353125,0.03386899592825402,674,"Surrender, thief. I have you in a dreadlock."
337,214,11,91,218,320,1.353125,0.030521986236298204,674,I told you I would let you down easy
2620,216,26,56,224,306,1.3529411764705883,0.03613763956406622,674,"I said Seth Rogen, not send Rogaine"
2649,217,24,61,225,310,1.3516129032258064,0.035198005753505,674,This is more of a let down than I expected.
504,218,27,56,231,314,1.3503184713375795,0.03572927859761948,674,"Sorry, Dude, Rapunzel is in the next castle. This be the Hair Club for Knights."
1678,219,22,63,221,306,1.3496732026143792,0.03488588909437265,674,"When I said, “Let down your hair.” I meant loosen up!"
1979,220,15,78,216,309,1.3495145631067962,0.03245583972446644,674,You looked a lot different on e-Hairmony!
396,221,17,69,209,295,1.3491525423728814,0.034131562278782016,674,"Well, you  better  go back in there and  find the  pizza or I am not  paying for  it."
2609,222,23,59,219,301,1.3488372093023255,0.03558903065900465,674,Tress-passers will be flabbergasted.
1824,223,22,63,222,307,1.3485342019543973,0.034790718260758594,674,"Thank you, next."
2587,223,16,75,216,307,1.3485342019543973,0.03290373360769009,674,Would you let me know if you see my car keys in there?
3035,225,27,50,222,299,1.3478260869565217,0.036976552831789834,674,If you like it then you should have put a braid on it.
1365,226,21,64,220,305,1.3475409836065573,0.03462492477443523,674,"Absence makes the hair grow longer. 
Or something like that, I don’t get out much"
2960,226,19,68,218,305,1.3475409836065573,0.033996246515664776,674,Maybe just use the ladder.
2510,228,16,72,212,300,1.3466666666666667,0.03338012323638285,674,Why don’t I come down to you?
1559,229,13,79,211,303,1.3465346534653466,0.03215530237917701,674,"Evidently ""soft and manageable"" also means ""slippery."""
2354,229,13,79,211,303,1.3465346534653466,0.03215530237917701,674,Do you think the volumizing shampoo is too much?
1871,231,9,85,204,298,1.3456375838926173,0.03106281943150863,674,"No, they're not extensions."
1626,231,18,67,213,298,1.3456375838926173,0.03418003501075923,674,So much for your hairbrained scheme.
125,233,17,70,214,301,1.345514950166113,0.03361999306013465,674,I'm sorry I let you down.
1280,234,19,64,213,296,1.3445945945945945,0.03465214735680648,674,See if you can find my dog in there.
1964,234,13,76,207,296,1.3445945945945945,0.03260898273916952,674,You didn't mention this in your dating profile
506,236,25,54,223,302,1.3443708609271523,0.036057470045868914,674,"After imagining the legs and armpits, Herbie decided to pitch his woo elsewhere."
1328,237,19,64,214,297,1.3434343434343434,0.0345547608450963,674,"I'm sorry, I just washed my hair and I can't do a thing with it."
2651,237,15,72,210,297,1.3434343434343434,0.03321191662734491,674,"Just a little off the sides, please."
785,239,22,52,206,280,1.3428571428571427,0.03702411204997388,674,I'll free you on one conditioner.
2321,240,23,54,215,292,1.3424657534246576,0.03626540235556854,674,It’s a presidential style.  Does it make my face look orange?
1862,241,19,61,210,290,1.3413793103448275,0.03509127789046654,674,It's more effective than a wall.
2684,242,16,64,202,282,1.3404255319148937,0.034682657241202654,674,"This is England, you have to climb up the left side!"
3057,243,19,58,206,283,1.3392226148409894,0.0356512983458477,674,I never thought I'd get stranded like this.
2901,243,18,60,205,283,1.3392226148409894,0.03529807787077986,674,"Ta Da, I have washed that man right out of my hair."
1582,243,19,58,206,283,1.3392226148409894,0.0356512983458477,674,"I said climb the stairs, not hairs."
1771,243,16,64,203,283,1.3392226148409894,0.034580814863528445,674,Can you tell they’re extensions?
254,247,21,55,210,286,1.3391608391608392,0.036079051179500096,674,You should see my toenails.
2131,247,14,69,203,286,1.3391608391608392,0.03361457819931821,674,This Rogaine really really works!
251,249,15,61,193,269,1.338289962825279,0.03537507066844497,674,I need fewer entanglements now that I have accepted life in the tower.
2975,250,13,67,195,275,1.3381818181818181,0.034086639856546426,674,"I didn't say I was under a spell, I said I use a lot of Prell!"
1609,251,17,61,203,281,1.3380782918149465,0.03509058693986451,674,"I didn't mean ""let you hair down "" literally."
1032,252,19,58,207,284,1.3380281690140845,0.03554561807311234,674,Why you should try again? Because I’m worth it!
1381,252,18,60,206,284,1.3380281690140845,0.03519384429327168,674,Could you do me a favor and braid it on your way up?
303,252,13,70,201,284,1.3380281690140845,0.03337941335368941,674,Watch out for the split ends
25,255,16,62,201,279,1.3369175627240144,0.03487384557043004,674,You're leaving me stranded!
1188,255,13,68,198,279,1.3369175627240144,0.033746520354054045,674,Greasy? And where am I suppose to get shampoo and water?
1654,255,15,64,200,279,1.3369175627240144,0.034502163438191284,674,Next time you’ll think twice before you tell me to loosen up and let my hair down.
2051,255,16,62,201,279,1.3369175627240144,0.03487384557043004,674,Of course you show up on my ‘Bad Hair’ day....!
1098,259,20,53,204,277,1.3357400722021662,0.03648619990508494,674,Get ready. Next comes the leg hair.
2270,259,18,57,202,277,1.3357400722021662,0.03576202417819501,674,That's nothing. You should see how I let my parents down.
1035,261,22,53,214,289,1.3356401384083045,0.03609569509408556,674,"And yes, the carpet does match the drapes. In length and color."
455,262,11,70,194,275,1.3345454545454545,0.03323356810309243,674,"For god's sake, Roger--get a grip!"
1000,263,11,68,191,270,1.3333333333333333,0.033600744797446624,674,I feel our relationship has unraveled.
407,263,15,61,197,273,1.3333333333333333,0.03494282789073061,674,I should have used less softener.
1489,265,19,52,200,271,1.3321033210332103,0.03661775057344533,674,"Yes, the curtain matches the drapes."
1105,266,18,53,197,268,1.3320895522388059,0.03652173124271026,674,How about YOU braid it into a rope?!?
2671,267,16,55,191,262,1.33206106870229,0.03630088817795739,674,"You didn't by any chance run into Jimmy Hoffa in there, did you?"
2449,268,14,58,187,259,1.332046332046332,0.035758647977114984,674,Rapunzel letting him down easy.
370,269,16,56,194,266,1.330827067669173,0.03590770510924375,674,Is the buzzer broken again?”
1180,269,17,54,195,266,1.330827067669173,0.0363006350502572,674,A fool and her follicles are soon parted.
1661,269,16,56,194,266,1.330827067669173,0.03590770510924375,674,"By the following day, the feathered cap was all the remained of the hapless prince."
1429,272,14,59,191,264,1.3295454545454546,0.03526142745463868,674,"Why yes, I am using a new conditioner."
2045,272,18,51,195,264,1.3295454545454546,0.036859041138895425,674,"What are you, an idiot? There's an elevator."
1937,274,17,50,188,255,1.3294117647058823,0.03734458542125908,674,"You never climbed the ropes in gym class, did you?"""
1536,275,14,58,190,262,1.3282442748091603,0.035415984435446794,674,Maybe I used too much conditioner.
20,275,12,62,188,262,1.3282442748091603,0.03458029826312379,674,"Oh, dear! Now we both have split ends!"
2635,277,15,56,192,263,1.326996197718631,0.03571185176829559,674,"Sorry, I may have gone a little overboard on the conditioner."
1030,278,14,56,187,257,1.3268482490272373,0.03584732640600832,674,It looked a lot more romantic in the movie
2246,278,16,52,189,257,1.3268482490272373,0.03668553496718497,674,"If you meant it metaphorically, you should have said so."
2493,278,15,54,188,257,1.3268482490272373,0.036268852244642734,674,I'll let you go on one conditioner.
1781,281,14,56,188,258,1.3255813953488371,0.03573057863442088,674,You're lucky. I have an appointment on Monday for a bob.
2928,281,16,52,190,258,1.3255813953488371,0.03656501900982189,674,The team building exersizes are always the same at these corporate retreats.
436,283,13,57,185,255,1.3254901960784313,0.035577746331816845,674,"You don’t want to get tangled up with a dame like me, Sam."
139,283,15,53,187,255,1.3254901960784313,0.036435326543207726,674,Braids are easier for YOU.
2146,283,11,61,183,255,1.3254901960784313,0.034698977618829584,674,Hope we can get to the root of the problem.
2869,286,18,45,186,249,1.3253012048192772,0.03831420629602575,674,Wait! Now I've lost my car keys.
681,287,14,54,185,253,1.3241106719367588,0.03617280401252289,674,Just be glad it’s not humid today.
976,287,15,52,186,253,1.3241106719367588,0.03660384333257069,674,Now you tell me 'let down your hair' is only an expression?
86,287,11,60,182,253,1.3241106719367588,0.03484771097744339,674,It's a preexisting condition.
640,287,13,56,184,253,1.3241106719367588,0.03573656605693116,674,Sire? I'm singing in the mane... just singing in the mane...
453,291,18,44,185,247,1.3238866396761133,0.0385052563284209,674,"I' m sorry, but I'm leaving you for Sinead O'Connor."
2808,291,11,58,178,247,1.3238866396761133,0.03538711068378116,674,"While you’re at the store, pick me up a case of bobby pins."
1769,293,8,66,180,254,1.3228346456692914,0.033362576559081564,674,"I told you to use the stairs but, no, you have to do things the hard way."""
133,294,13,55,183,251,1.3227091633466135,0.035897276588023226,674,I’d hate to see your bathtub drain.
231,294,14,53,184,251,1.3227091633466135,0.03633850542327243,674,"Oh, you're still here?"
569,294,13,55,183,251,1.3227091633466135,0.035897276588023226,674,It's over.  I'm getting a haircut.
731,294,11,59,181,251,1.3227091633466135,0.03499813490054466,674,Why don't you use the stairs?
2494,294,14,53,184,251,1.3227091633466135,0.03633850542327243,674,I went and washed that man right out of my hair...
2262,299,14,51,180,245,1.3224489795918368,0.03692933823243786,674,"Well, you don't look like your illustration either."
2462,299,17,45,183,245,1.3224489795918368,0.038264135144344756,674,"TRESemmé, TRESemmé mucho..."
2650,301,14,52,183,249,1.321285140562249,0.036506230036854784,674,Why don't you try using the door?
1736,301,15,50,184,249,1.321285140562249,0.03694715748849689,674,The worst part is brushing them out.
2434,301,11,58,180,249,1.321285140562249,0.03515027719059494,674,"It's not you, it's the new conditioner I used."
397,301,12,56,181,249,1.321285140562249,0.03560799912311407,674,More of a letdown than you expected?
1317,301,11,58,180,249,1.321285140562249,0.03515027719059494,674,Do you think my new conditioner is too greasy?
1928,306,13,53,180,246,1.3211382113821137,0.03634862473792774,674,"Right idea, wrong shoes."
2227,306,18,43,185,246,1.3211382113821137,0.03856348722413336,674,"Brother, this tale went from hairy to grim really fast."
971,308,13,40,153,206,1.3203883495145632,0.040961209921803854,674,What do you mean your name is Matt? So now I have a terrible Matt in my hair.
173,309,17,45,185,247,1.319838056680162,0.0379983683882476,674,I’m just here to fix the clog...
523,309,16,47,184,247,1.319838056680162,0.037562756704730825,674,"Your ""gone tomorrow"" joke wasn't funny yesterday, Peter, and it's not funny today."
1034,309,12,55,180,247,1.319838056680162,0.03576729589468714,674,"Comb on up!"""
1660,312,12,54,178,244,1.319672131147541,0.03605223208176592,674,"Well, be careful what you ask for."
2294,312,13,52,179,244,1.319672131147541,0.03651704809399606,674,I want to wash that man right out of my hair!
1297,314,14,47,174,235,1.3191489361702127,0.03791814332891534,674,Wow... that was some  weed!
2656,315,13,51,178,242,1.3181818181818181,0.0366875427029663,674,It’s the humidity. I can’t do a thing with it.
2513,315,16,45,181,242,1.3181818181818181,0.038063800650958185,674,Love is a slippery slope.
2871,317,10,55,171,236,1.3177966101694916,0.035821524935532305,674,Sorry I shouldn't have asked you to climb and carry Chinese food at the same time.
545,318,14,47,176,237,1.3164556962025316,0.03764547761679015,674,"If you wanna go again, your second ride is half price."
1350,319,11,52,171,234,1.3162393162393162,0.036490289443834915,674,"Let me know if you find Prince charming in there, I haven't seen him for 2 weeks."
1408,320,10,55,173,238,1.315126050420168,0.03556981820504284,674,Why not take the stairs for a change?
1890,320,16,43,179,238,1.315126050420168,0.03844418411564966,674,This is not exactly what I had in mind when I asked you to 'let it all hang out.'
2845,320,10,55,173,238,1.315126050420168,0.03556981820504284,674,I’ll use less conditioner next time.
707,323,12,50,173,235,1.3148936170212766,0.03685634427724643,674,You need to be careful with those hairpin turns.
2917,323,7,60,168,235,1.3148936170212766,0.03430071235123088,674,That’s not what ‘heir to the throne’ means.
2873,325,13,48,175,236,1.3135593220338984,0.03721183551854735,674,"I told you to take the stairway, not the hairway."
2732,325,16,42,178,236,1.3135593220338984,0.03863815190607751,674,Harry?
1762,325,15,44,177,236,1.3135593220338984,0.03816863576329683,674,I need a week’s advance notice for braids.
698,325,9,56,171,236,1.3135593220338984,0.03522034349514245,674,Now whos the mane attraction!
572,325,12,50,174,236,1.3135593220338984,0.03672408849751784,674,"Rapunzel awarded Border Control 
contract"
1651,325,11,52,173,236,1.3135593220338984,0.03622977572781293,674,"Whew, I finally washed that man outta my hair"
1392,331,10,52,168,230,1.3130434782608695,0.03631520070526222,674,I predict a split end
1153,332,13,43,165,221,1.3122171945701357,0.038869518134886476,674,Father said I'd never catch a man with this hair.
2001,333,11,50,170,231,1.3116883116883118,0.03669953223747023,674,"Sorry, I've got soft water here."
2503,333,11,50,170,231,1.3116883116883118,0.03669953223747023,674,I thought you had a shortcut!
2189,333,12,48,171,231,1.3116883116883118,0.037208858923023995,674,Could you find me a stylist who makes tower calls?
945,333,11,50,170,231,1.3116883116883118,0.03669953223747023,674,It's better than getting brushed off.
1520,333,11,50,170,231,1.3116883116883118,0.03669953223747023,674,Now will you build me a higher tower?
642,333,17,38,176,231,1.3116883116883118,0.03965749313654898,674,Maybe you should buzz me in next time?
503,333,13,46,172,231,1.3116883116883118,0.03771130729977268,674,Take that for calling me Juliet.
184,333,9,54,168,231,1.3116883116883118,0.035659061045410965,674,Does this mean you can't fix the drain?
43,333,15,42,174,231,1.3116883116883118,0.03869663719325826,674,"Well, *you* try to get a barber to come up here."
2937,342,11,49,169,229,1.3100436681222707,0.036872615056695666,674,Don't you think you've taken this extension thing a bit too far?
2642,342,10,51,168,229,1.3100436681222707,0.03634947552175035,674,Both my hair and I have been let down.
2529,342,16,39,174,229,1.3100436681222707,0.03938421756470375,674,"Careful, the first few steps are a little hairy."
1984,342,15,41,173,229,1.3100436681222707,0.038894873990938536,674,You think YOUR having a bad hair day?
1261,342,7,57,165,229,1.3100436681222707,0.034732812432446816,674,Shall I let down the rest?
2337,342,12,47,170,229,1.3100436681222707,0.037388435532022354,674,I took off a couple feet and you didn’t even notice.
909,342,14,43,172,229,1.3100436681222707,0.03839929494610617,674,...and my name is not Rapunzel!
710,342,17,37,175,229,1.3100436681222707,0.039867555274895536,674,"Climb, you idiot!"
246,342,13,45,171,229,1.3100436681222707,0.03789723580876478,674,I find myself once again caught in the cross hairs of love.
94,342,13,45,171,229,1.3100436681222707,0.03789723580876478,674,My hairdresser says to wait two days before climbing.
1040,342,22,27,180,229,1.3100436681222707,0.04220128926539461,674,just wait till u see my pubes
611,353,14,42,170,226,1.3097345132743363,0.038740897131284965,674,Rapunzel quickly discovered that her conditioner was leaving an oily residue.
1590,353,12,46,168,226,1.3097345132743363,0.03771199248258853,674,Great Scott! Oh what a tangled web we weave when first we practice to deceive.
3055,353,13,44,169,226,1.3097345132743363,0.03822990640548063,674,"Mother always told me, ""long distance relationships can get pretty hairy""."
426,356,8,55,167,230,1.308695652173913,0.035152062925552584,674,On second thought ... try the stairs.
335,357,19,32,176,227,1.3083700440528634,0.041041681868848275,674,"Someday, when this receives wan-smile-inducing captions from people who overestimate their own wit, perhaps a reader will point out that the thing at bottom left is probably a quill but at first glance looks like a cartoon fish skeleton."
1393,357,13,44,170,227,1.3083700440528634,0.038085569986917665,674,"Rapunzel, Rapunzel! Enough with the hair!"
2033,357,9,52,166,227,1.3083700440528634,0.035980151495394054,674,Sorry if this was a letdown.
1917,360,18,32,171,221,1.3076923076923077,0.041336406971067614,674,Never buy ‘extra body’ conditioner from a witch.
355,360,13,42,166,221,1.3076923076923077,0.038768825943182955,674,Maybe you wouldn’t be in that mess if you’d shown up a bit sooner is all I’m saying.
441,362,13,41,164,218,1.3073394495412844,0.039123340785348674,674,You should've committed five years earlier.
3009,362,13,41,164,218,1.3073394495412844,0.039123340785348674,674,I'll just come down.
2579,364,12,46,170,228,1.3070175438596492,0.03742957731237619,674,"When you're finally free, remember to send scissors."
54,365,9,51,165,225,1.3066666666666666,0.03614345316027794,674,This is not the story book ending I had in mind.
1711,365,14,41,170,225,1.3066666666666666,0.03879126067507866,674,"Well, you did say, 'Let down your hair!'"
1837,365,9,51,165,225,1.3066666666666666,0.03614345316027794,674,I told you never to mention that Rapunzel's name again!
1999,365,11,47,167,225,1.3066666666666666,0.0372251834879868,674,"Instead of buying me more Rogaine, why don't you spring for a taller ladder and some red wine?"
3029,365,13,43,169,225,1.3066666666666666,0.03827635516973063,674,Please tell me you’ve clipped your finger and toenails.
2646,370,11,46,165,222,1.3063063063063063,0.03754827071967464,674,Where is the mane entrance you speak of my lady
1454,370,9,50,163,222,1.3063063063063063,0.03644644208621436,674,"If you're really a barber,  just take a foot off the bottom."""
222,370,11,46,165,222,1.3063063063063063,0.03754827071967464,674,"If I've told you once, I've told you a thousand times, take the stairs ! !"
997,370,15,38,169,222,1.3063063063063063,0.039660201974099606,674,"It’s not you, It actually is me."
1157,374,14,38,164,216,1.3055555555555556,0.03987311197859162,674,Help! I’m trapped in a Gustav Klimt painting!
1592,374,12,42,162,216,1.3055555555555556,0.0387779887898422,674,What did you expect?  It has been growing since 1634.
48,376,6,53,154,213,1.3051643192488263,0.03557990513494258,674,Why don't you use the stairs like everyone else.
1326,377,13,41,166,220,1.3045454545454545,0.0388169418152143,674,I don’t think I wore the right shoes for this
1025,377,17,33,170,220,1.3045454545454545,0.04089986520205381,674,"You asked for it, now deal with it."
2046,377,14,39,167,220,1.3045454545454545,0.03934801103360679,674,Sorry I’m having a really bad hair day.
1435,380,12,40,159,211,1.3033175355450237,0.0393434259048447,674,It's the humidity.
2507,381,15,36,167,218,1.3027522935779816,0.04008677346082176,674,"You SAID, ""Let it all hang out!"""
2128,381,5,56,157,218,1.3027522935779816,0.03441177204159601,674,"I said ""send down the stairs""!"
2554,381,13,40,165,218,1.3027522935779816,0.039017861758532446,674,I should not have gone with the Extra Body shampoo.
1494,381,12,42,164,218,1.3027522935779816,0.03847227054726952,674,You're confused?  How do you think I feel ... being a dude with this hair and living in a tower!
2838,381,10,46,162,218,1.3027522935779816,0.03735719115205272,674,"So, who's rescuing who here?"
2865,381,14,38,166,218,1.3027522935779816,0.03955592839706327,674,"Sorry, but you don't fit the part"
2893,381,10,46,162,218,1.3027522935779816,0.03735719115205272,674,"Sorry, I guess I used to much Dippity-do!"
2571,381,14,38,166,218,1.3027522935779816,0.03955592839706327,674,I was told you desired a son and hair.
1449,381,13,40,165,218,1.3027522935779816,0.039017861758532446,674,It’s the Lock Tress monster!
1114,381,12,42,164,218,1.3027522935779816,0.03847227054726952,674,This is the part of being a knight you don't read about.
1323,381,16,34,168,218,1.3027522935779816,0.04061068014260401,674,"Thanks for trying, but I'm swiping left."
1063,381,12,42,164,218,1.3027522935779816,0.03847227054726952,674,Well this was quite a letdown.
847,381,13,40,165,218,1.3027522935779816,0.039017861758532446,674,I switched conditioners...why?
427,381,13,40,165,218,1.3027522935779816,0.039017861758532446,674,"I'm sorry, I thought you were the judge from the Guiness book."
331,381,17,32,169,218,1.3027522935779816,0.04112791359637076,674,I've been cooped up here since the '69 Woodstock Festival.
62,381,9,48,161,218,1.3027522935779816,0.03678697861506648,674,Maybe I'll just take the stairs.
23,381,16,34,168,218,1.3027522935779816,0.04061068014260401,674,I'm Gonna Wash That Man Right Outa My Hair.
1008,398,9,47,159,215,1.302325581395349,0.03710592028120696,674,Silky-smooth has its drawbacks.
1148,398,10,45,160,215,1.302325581395349,0.03768710828709602,674,The stairs are around back.
2301,398,12,41,162,215,1.302325581395349,0.03882339183146332,674,It's been a while since I posted the ad.
3003,401,14,40,171,225,1.3022222222222222,0.0386911070359641,674,Why don't I just lower my rope ladder instead?
2828,402,15,35,166,216,1.3009259259259258,0.04030456157001189,674,My kingdom for a brush.
2626,402,12,41,163,216,1.3009259259259258,0.03866857531565665,674,Has it occurred to you that the stairs might be easier?
2062,402,10,45,161,216,1.3009259259259258,0.03753832804841515,674,"Yes, I can see it’s a big letdown."
400,402,15,35,166,216,1.3009259259259258,0.04030456157001189,674,[singing] I'm gonna a wash that man right out of my hair!
210,402,11,43,162,216,1.3009259259259258,0.03810764221001505,674,Try braiding it first.
660,402,10,45,161,216,1.3009259259259258,0.03753832804841515,674,I'm developing a musical that combines Hair and Grease
1452,408,17,30,166,213,1.300469483568075,0.04176596893551498,674,"Maybe next time, you'll ask for consent first."
2151,408,10,44,159,213,1.300469483568075,0.037872943410596306,674,He/Her/Hair
2981,408,8,48,157,213,1.300469483568075,0.03668484751617537,674,The Ultimate Letdown.
2097,411,12,38,157,207,1.2995169082125604,0.0397656093118904,674,"No, I'm her sister, Fuhgeddaboudit."
147,412,5,53,153,211,1.2985781990521328,0.03497091465175213,674,What do you mean you liked me better when I was unattainable?
2570,412,8,47,156,211,1.2985781990521328,0.03685613226673048,674,Give me a week's notice next time and I'll have it braided.
2715,412,9,45,157,211,1.2985781990521328,0.03746346251603373,674,"Well then, grow a beanstalk! Figure it out!"
2883,415,10,42,156,208,1.2980769230769231,0.03840924538710161,674,I told you. I shouldn't have let my hair down.
959,415,12,38,158,208,1.2980769230769231,0.039600156540371106,674,"Rapunzel?  No, my name is Methuselah."
2547,415,10,42,156,208,1.2980769230769231,0.03840924538710161,674,I'll get out of your hair in a second.
2452,418,9,43,153,205,1.2975609756097561,0.038144675537052274,674,"Sorry, today was blow out day"
1236,419,11,40,158,209,1.2966507177033493,0.038848338451015915,674,I asked the salon if they could add a little wave to my hair and the next thing I knew ....
2343,420,10,41,155,206,1.296116504854369,0.038604871362523226,674,I told you not to come on humid days.
2809,420,8,45,153,206,1.296116504854369,0.03735795362598286,674,"Well, my LAST suitor didn’t need footholds…”"
2741,420,11,39,156,206,1.296116504854369,0.03921346439445138,674,And there's more where that came from!
2392,420,14,33,159,206,1.296116504854369,0.040985056795236056,674,"Why don’t you go find your boys at the bar, and get out of my hair for awhile?"
2383,420,12,37,157,206,1.296116504854369,0.03981275532681512,674,"This is why it's called ""The Flat Iron Building."""
2344,420,11,39,156,206,1.296116504854369,0.03921346439445138,674,Have you never used an extentions ladder?
2083,420,10,41,155,206,1.296116504854369,0.038604871362523226,674,You can't just brush me away like this.
3068,420,14,33,159,206,1.296116504854369,0.040985056795236056,674,Rapunzel? I'm Rogainzel.
2054,420,11,39,156,206,1.296116504854369,0.03921346439445138,674,"I like it better combed out, don't you?"
1868,420,8,45,153,206,1.296116504854369,0.03735795362598286,674,Just an inch off the bottom?
1231,420,9,43,154,206,1.296116504854369,0.03798652913888061,674,This is a gender-fluid fairy tale.
834,420,10,41,155,206,1.296116504854369,0.038604871362523226,674,"Honey, way too much conditioner..."
344,420,10,41,155,206,1.296116504854369,0.038604871362523226,674,"Why, yes, my hairdresser died twenty years ago. How did you know?"
2253,420,12,37,157,206,1.296116504854369,0.03981275532681512,674,Only the strongest suitors make it through the split-ends.
892,434,9,42,152,203,1.2955665024630543,0.03833650483661444,674,"So far, I am finding our relationship to be a giant let-down."
2880,435,7,45,148,200,1.295,0.03737458088704692,674,"It is I, Rogainzul."
558,435,9,41,150,200,1.295,0.038695759574470516,674,"After you pick yourself free, would you mind tossing the comb back up?"
2886,435,11,37,152,200,1.295,0.039973295105708274,674,"Okay, smart guy, you guessed my name; now try my shoe size."
2363,438,11,38,155,204,1.2941176470588236,0.03942040643323097,674,I think we may safely claim that our new Rogaine formula has exceeded our expectations.
2463,438,9,42,153,204,1.2941176470588236,0.038175621580782075,674,Either find a different way up or get out of my hair
2204,438,9,42,153,204,1.2941176470588236,0.038175621580782075,674,While you're down there can you find my phone?
826,438,11,38,155,204,1.2941176470588236,0.03942040643323097,674,As your hairdresser may I suggest a taller tower.
1777,438,8,44,152,204,1.2941176470588236,0.037537753035285046,674,Maybe you should take the stairs.
1198,438,12,31,144,187,1.2941176470588236,0.04249950681160455,674,Its our first date... Of course I used hairspray!
2173,438,9,42,153,204,1.2941176470588236,0.038175621580782075,674,"Okay, Okay!! You were right about the rope."
281,445,7,44,147,198,1.292929292929293,0.03755394042606456,674,You should have taken up lock climbing instead of rock climbing.
800,445,7,44,147,198,1.292929292929293,0.03755394042606456,674,My Rapunzello zip-line idea still sort of needs tweaking.
1366,445,12,34,152,198,1.292929292929293,0.04082486076241847,674,"''Disappointment's a two-way street, fella. I don't see no white horse waiting!"""
2692,445,8,42,148,198,1.292929292929293,0.03823051928072251,674,Rumplestiltskin!  Get out of my fairytale!
2694,445,12,34,152,198,1.292929292929293,0.04082486076241847,674,Never mind. Next.
1708,450,13,33,156,202,1.2920792079207921,0.04085417676012673,674,This wasn't on your Tinder profile.
1230,450,14,31,157,202,1.2920792079207921,0.04145265270108396,674,"It's not you, it's me."
1042,450,8,43,151,202,1.2920792079207921,0.0377196298060129,674,I don't get it. It worked for my sister.
933,450,11,37,154,202,1.2920792079207921,0.03963012041780431,674,"While you're down there, can you trim my split ends?"
730,450,9,41,152,202,1.2920792079207921,0.038367031810027485,674,"Oh, stop being such a drama queen. It’s just conditioner."
65,450,8,43,151,202,1.2920792079207921,0.0377196298060129,674,I told you this was a bad hair day.
300,450,8,43,151,202,1.2920792079207921,0.0377196298060129,674,The bottle did say 'extra volume'
137,450,9,41,152,202,1.2920792079207921,0.038367031810027485,674,Speaking of let down...
2237,450,10,39,153,202,1.2920792079207921,0.039003689403961074,674,I think I found the needle
44,450,8,43,151,202,1.2920792079207921,0.0377196298060129,674,Too much conditioner?
362,450,11,37,154,202,1.2920792079207921,0.03963012041780431,674,"Or, you could just use the stairs like everyone else!"
1528,461,6,46,147,199,1.2914572864321607,0.036708752992163175,674,"Rapunzel, Rapunzel, let down your—Ow!"
2780,461,6,46,147,199,1.2914572864321607,0.036708752992163175,674,"Get a grip, milord!"
549,461,13,32,154,199,1.2914572864321607,0.04126553597544211,674,What a let-down!
751,461,10,38,151,199,1.2914572864321607,0.03937725136616857,674,‘‘Tis true. Nobody ever looks like their profile photo”
951,465,8,41,147,196,1.2908163265306123,0.03842240557713336,674,Can we re-schedule the rescue after my cut-and-curl on Tuesday?
2842,465,12,33,151,196,1.2908163265306123,0.04105600742111329,674,Less complaining.  More braiding.  We have an 8oclock reservation.
1897,467,10,39,154,203,1.29064039408867,0.03883773828827065,674,I'm not sure that was worth two tickets.
651,468,10,36,147,193,1.2901554404145077,0.04015544041450777,674,Most of it's not mine -- I have cats.
1647,468,10,36,147,193,1.2901554404145077,0.04015544041450777,674,Mostly it's coming from inside my ears.
1676,468,9,38,146,193,1.2901554404145077,0.039477677600570076,674,I'm gender nonconforming.  You got a problem with that?
1250,471,11,36,153,200,1.29,0.03984265535741372,674,"Just a little off the bottom, please."
1531,471,12,34,154,200,1.29,0.040468363473348604,674,If you think this is long you should see my fingernails.
2864,471,7,44,149,200,1.29,0.0372348245706089,674,Doth thou hast a scrunchie?
2911,474,6,45,146,197,1.2893401015228427,0.0368765254099815,674,I've learned to let things go
357,474,8,41,148,197,1.2893401015228427,0.038255363855286384,674,"If you can't handle it unmade, you don't deserve it with a braid!"
1549,476,7,40,141,188,1.2872340425531914,0.03863989324575644,674,Admit it. I'm too much woman for you.
380,477,12,32,151,195,1.2871794871794873,0.04110486666948538,674,A brush! A brush! My kingdom for a brush!
480,477,10,36,149,195,1.2871794871794873,0.03979791295665836,674,I told you—the whole climbing the hair thing only works in books.
1018,477,16,24,155,195,1.2871794871794873,0.043601404109695825,674,And you should see the pubic hair
1293,477,13,30,152,195,1.2871794871794873,0.04174300130586417,674,You want the next tower. I’m Harriett.
1621,477,10,36,149,195,1.2871794871794873,0.03979791295665836,674,Golden stair ? I thought you said hair
1852,477,14,28,153,195,1.2871794871794873,0.042371526431397126,674,You should see the shower
2043,477,8,40,147,195,1.2871794871794873,0.038446556250142094,674,"Don’t look so grim.  I told you my name is Rip Unzel, but nooo, you wouldn’t listen."
2857,477,6,44,145,195,1.2871794871794873,0.03704593768937325,674,Just discovered conditioner. Sorry!
2040,485,9,37,146,192,1.2864583333333333,0.03950942339693446,674,Took you long enough.
1767,485,6,43,143,192,1.2864583333333333,0.03738157262225876,674,Did you remember to bring the scissors?
2255,485,10,35,147,192,1.2864583333333333,0.040193681829029305,674,Aren't you kind of old to still believe in fairy tales?
1010,485,11,33,148,192,1.2864583333333333,0.0408664848107621,674,I’d help you but my nails are just as long.
1088,485,8,39,145,192,1.2864583333333333,0.03881310365512172,674,Has it been that long?
2252,490,9,37,147,193,1.2849740932642486,0.03933219287743259,674,"Get a grip, Prince"
2687,490,9,37,147,193,1.2849740932642486,0.03933219287743259,674,Who'd you expect -Goldilocks?
2492,490,9,37,147,193,1.2849740932642486,0.03933219287743259,674,"Oops, wrong tower. I’m looking for the girl with the long braid. Seen her?"
2419,490,14,27,152,193,1.2849740932642486,0.04262491322325734,674,What kind of golden shower were you expecting?
2277,490,11,33,149,193,1.2849740932642486,0.040681274916656955,674,Will you just get out of my hair?
1927,490,7,41,145,193,1.2849740932642486,0.0379351639544433,674,I’m not going to wear a ponytail just because it’s more ‘convenient‘.
1304,490,10,35,148,193,1.2849740932642486,0.04001242010546338,674,"Oh sorry, I just conditioned it."
1343,490,6,43,144,193,1.2849740932642486,0.03721698937450425,674,How 'bout next time we try the braids.
1375,490,8,39,146,193,1.2849740932642486,0.038639992629386284,674,"Rapunzel! Rapunzel! I'm let down by your hair."""
1243,490,6,43,144,193,1.2849740932642486,0.03721698937450425,674,"On second thought, Rapunzel, perhaps I will take the stairs!"
664,490,12,31,150,193,1.2849740932642486,0.04133930931925634,674,Rogaine for Women.  Why do you ask?
511,490,11,33,149,193,1.2849740932642486,0.040681274916656955,674,I’m going to wash that man right out of my hair!
6,490,12,31,150,193,1.2849740932642486,0.04133930931925634,674,I’ve aged.  You’ve aged.  What’s the point!
529,503,9,36,145,190,1.2842105263157895,0.03971936909405019,674,The hair apparent to the throne.
2056,503,10,34,146,190,1.2842105263157895,0.04041439191385028,674,I promise it's easier to climb once you get past the split ends.
2760,503,9,36,145,190,1.2842105263157895,0.03971936909405019,674,Climb up or get out of my hair.
1865,506,9,34,141,184,1.2826086956521738,0.040527067643134705,674,You're forty seven years late!
1277,506,5,42,137,184,1.2826086956521738,0.03748142322245667,674,Well it is a firm hold mousse
76,506,12,28,144,184,1.2826086956521738,0.04266887396544397,674,"This is all very romantic, but you could just take the elevator, like the milkman"
705,506,12,28,144,184,1.2826086956521738,0.04266887396544397,674,fuck you the real prison is contemporary beauty standards
1457,510,10,33,145,188,1.2819148936170213,0.04063808341998782,674,"I'm NOT Goldilocks, you fool!"
3046,510,11,31,146,188,1.2819148936170213,0.04133210758580869,674,YOU try taming this.
2592,510,9,35,144,188,1.2819148936170213,0.03993199883069859,674,And that is how Prince Harry got his name
2376,510,9,35,144,188,1.2819148936170213,0.03993199883069859,674,"Good news, bad news Rapunzel.  Keep the hair growth potion but cut back on the conditioner."
1653,510,12,29,147,188,1.2819148936170213,0.042014668996909164,674,"No!  What I said was ""bed down the mare!"""
1502,510,8,37,143,188,1.2819148936170213,0.03921320233263202,674,"Honestly, I’m not worth the effort."
1221,510,6,41,141,188,1.2819148936170213,0.0377345551227252,674,"Sorry, I can't do a thing with it!"
1742,510,11,31,146,188,1.2819148936170213,0.04133210758580869,674,I thought you said your love was un-conditioner.
1132,510,7,39,142,188,1.2819148936170213,0.03848098158499809,674,"Suddenly, the Prince found himself involved in yet another hairy situation."
987,510,11,31,146,188,1.2819148936170213,0.04133210758580869,674,Perhaps I need to cut back on the Rogaine.
818,510,10,33,145,188,1.2819148936170213,0.04063808341998782,674,C'mon - it's not El Capitan!
600,510,7,39,142,188,1.2819148936170213,0.03848098158499809,674,I washed it last night and cant do a thing with it.
188,510,6,41,141,188,1.2819148936170213,0.0377345551227252,674,I think you were right about going with braids.
77,510,5,43,140,188,1.2819148936170213,0.036973062584468315,674,Braids would have been better.
1220,510,12,29,147,188,1.2819148936170213,0.042014668996909164,674,I give you an A for effort but a C for the shoes.
1417,525,7,37,137,181,1.281767955801105,0.0394210068916388,674,So who is this Rapunzel you are yelling about?
1831,525,11,29,141,181,1.281767955801105,0.04242128240837102,674,Does this make me look fat?
2524,527,11,30,144,185,1.281081081081081,0.04176756502790503,674,Sure the keys aren’t in your purse?
2806,528,10,28,133,171,1.280701754385965,0.04330923986444272,674,"Oh, so I should be trapped in this tower and deprived of  hair conditioner too?"
2795,529,9,33,140,182,1.2802197802197801,0.04075243638409971,674,Dating was simpler back in the day.
2477,530,7,38,141,186,1.2795698924731183,0.03867252568300446,674,That was one hairy ride.
2466,530,10,32,144,186,1.2795698924731183,0.0408648034255157,674,Come back when you can snake a drain.
2280,530,7,38,141,186,1.2795698924731183,0.03867252568300446,674,What a massive letdown!
1411,530,9,34,143,186,1.2795698924731183,0.040147347611495326,674,That moment when you beseech the wrong prisoner and Manbunsel lets down his hair.
1373,530,6,40,140,186,1.2795698924731183,0.03791360710793474,674,Next time I’ll use less conditioner.
974,530,8,36,142,186,1.2795698924731183,0.03941683500067503,674,"Yeah, I can see how this wasn't the most realistic plan."
2263,530,7,38,141,186,1.2795698924731183,0.03867252568300446,674,"Sorry, I guess I should have used less conditioner"
39,537,11,28,140,179,1.2793296089385475,0.04267788986560368,674,Should have swiped left!
1519,538,7,17,87,111,1.2792792792792793,0.05455676689722964,674,I thought you said you liked knotty girls
2269,539,7,34,131,172,1.2790697674418605,0.04065150574302912,674,I thought I'd washed you right out!
2359,540,8,35,140,183,1.278688524590164,0.03981088017671821,674,I just washed my hair and can't do a thing with it.
2784,540,9,33,141,183,1.278688524590164,0.04055805001256993,674,Perhaps now you will go get the ladder.
2469,540,9,33,141,183,1.278688524590164,0.04055805001256993,674,Let me know if you see my last lover.
2814,540,10,31,142,183,1.278688524590164,0.04129170208648746,674,I meant it when I said to stop bothering me and get out of my hair!
2405,540,9,33,141,183,1.278688524590164,0.04055805001256993,674,"How does thou plan to sweep me off my feet now, my lord?"
2396,540,7,37,139,183,1.278688524590164,0.039049416641838655,674,"Well, you told me to let my hair down!"
2306,540,7,37,139,183,1.278688524590164,0.039049416641838655,674,Where's a barrette when you need it?
290,540,9,33,141,183,1.278688524590164,0.04055805001256993,674,Have you thought about moving to a water park?
1203,540,11,29,143,183,1.278688524590164,0.04201254457392866,674,My biotin supplements are working wonders with my hair!
625,540,9,33,141,183,1.278688524590164,0.04055805001256993,674,Do you think I am too old to wear my hair long?
596,540,8,35,140,183,1.278688524590164,0.03981088017671821,674,I warned you about getting tangled up in it.
190,540,12,27,144,183,1.278688524590164,0.04272122589478738,674,One more wash and rinse should get him out.
33,540,9,33,141,183,1.278688524590164,0.04055805001256993,674,"You're suppose to get lost in my eyes, not my hair!"
2232,540,9,33,141,183,1.278688524590164,0.04055805001256993,674,"Rapunzel's at the joust. I'm her brother, Roypunzel. Can I help you?"
329,554,10,29,138,177,1.2768361581920904,0.04218413707081378,674,It's because of global warming.
958,554,9,31,137,177,1.2768361581920904,0.04141618143940155,674,Probably not the best time to mention that I'm French
2021,554,10,29,138,177,1.2768361581920904,0.04218413707081378,674,The ocean levels aren't the only thing affected by global warming.
2955,554,8,33,136,177,1.2768361581920904,0.04063371444544116,674,Oily hair. It's our newest security feature.
2515,558,8,34,139,181,1.276243093922652,0.040022954319153,674,"Sorry, I'm using a new conditioner."
2298,558,7,36,138,181,1.276243093922652,0.03924856071536858,674,I see my new security system works.
2238,558,9,32,140,181,1.276243093922652,0.040782646145610044,674,It’s called a Brazilian blow-out.
2126,558,5,40,136,181,1.276243093922652,0.03765202265241412,674,Wait for the August humidity!
2053,558,9,32,140,181,1.276243093922652,0.040782646145610044,674,"Perhaps a shampoo for oily hair might help, my lady."
2602,558,7,36,138,181,1.276243093922652,0.03924856071536858,674,Would it be easier if I went with a perm?
1111,558,8,34,139,181,1.276243093922652,0.040022954319153,674,"Rapunzel - uh, I said send down a beer."
462,558,8,34,139,181,1.276243093922652,0.040022954319153,674,Sorry. Next time I'll go easier on the conditioner.
387,558,10,30,141,181,1.276243093922652,0.0415284430341793,674,Just run yourself through it one more time and we'll be set.
164,558,7,36,138,181,1.276243093922652,0.03924856071536858,674,Can you at least check for split ends?
1617,558,10,30,141,181,1.276243093922652,0.0415284430341793,674,"You moron, just take the stairs"
1011,569,8,29,127,164,1.274390243902439,0.04266154527409851,674,"Houston, we have a knot."
3081,570,12,25,142,179,1.2737430167597765,0.043245184821617086,674,I was also told not to leave the castle until I shaved my armpits.
2758,570,7,35,137,179,1.2737430167597765,0.03944987347338951,674,My 'No More Tangles' conditioner really works!
1763,570,13,23,143,179,1.2737430167597765,0.04396494863972544,674,"Sorry, I’m Rapunzel’s sister, Lubricious."
2974,570,9,31,139,179,1.2737430167597765,0.04101016842616222,674,I thought Rapunzel was a woman's name.
1197,570,13,23,143,179,1.2737430167597765,0.04396494863972544,674,Shall I let down my armpit hair instead?
937,570,6,37,136,179,1.2737430167597765,0.038646110003835644,674,I’ve heard that peanut butter will work.
207,570,13,23,143,179,1.2737430167597765,0.04396494863972544,674,"Well Smart-guy, you are the one who wanted to save a few bucks and buy me the cheap conditioner. How's that working out for you now?"
1507,570,8,33,138,179,1.2737430167597765,0.040237584615683844,674,"If you think I'm going to braid all this for you, think again."
233,578,7,33,132,172,1.2732558139534884,0.040463861786901166,674,No sh*t it's greasy
578,578,12,23,137,172,1.2732558139534884,0.044467082102733035,674,"The elevator works just fine,Sir Dimwit."
1123,578,8,31,133,172,1.2732558139534884,0.041295563523383386,674,"It just said 'Hair growth cannabis oil from John Boehner.' 
Who knew?"
2300,578,6,35,131,172,1.2732558139534884,0.039614702506835624,674,"I didn’t say pull my hair, I said, take the stairs."
1798,582,9,30,137,176,1.2727272727272727,0.04144668414865702,674,I told you it would sweep you off your feet!
1919,582,12,24,140,176,1.2727272727272727,0.04373365776748764,674,Use your key!
2203,582,8,32,136,176,1.2727272727272727,0.04065578140908709,674,Does this strike the right note of middle-aged whimsy?
1954,582,11,26,139,176,1.2727272727272727,0.042984854969962,674,"Alas, the witch makes me hirsuter with each Herr Suitor."
2073,582,7,34,135,176,1.2727272727272727,0.03984918439627601,674,Was that a Freudian slip?
2139,582,7,34,135,176,1.2727272727272727,0.03984918439627601,674,I told you we should have looked harder for an elevator building!
2268,582,8,32,136,176,1.2727272727272727,0.04065578140908709,674,Did you find the louse?
163,582,8,32,136,176,1.2727272727272727,0.04065578140908709,674,At least you don't have to deal with a dragon.
2442,582,8,32,136,176,1.2727272727272727,0.04065578140908709,674,"Don't hate me, but that was really funny!"
2460,582,10,28,138,176,1.2727272727272727,0.04222277456365938,674,"Oh Rapunzel, too much Rogaine!"
2486,582,6,36,134,176,1.2727272727272727,0.03902592000342006,674,A Fairy Tale Split-Ending
2853,582,8,32,136,176,1.2727272727272727,0.04065578140908709,674,My name is not Rapunzel!
2855,582,7,34,135,176,1.2727272727272727,0.03984918439627601,674,"of course, your welcome to use the stairs"
3040,582,10,28,138,176,1.2727272727272727,0.04222277456365938,674,Just what I thought. All talk.
1791,582,10,28,138,176,1.2727272727272727,0.04222277456365938,674,Hair we go again!
2356,582,9,30,137,176,1.2727272727272727,0.04144668414865702,674,Go away and stay the HELL out of my hair.!”
1703,582,8,32,136,176,1.2727272727272727,0.04065578140908709,674,"If I had given you consent, it would have been braided..."
117,582,8,32,136,176,1.2727272727272727,0.04065578140908709,674,I call it body-surfing.
1586,582,7,34,135,176,1.2727272727272727,0.03984918439627601,674,The lady doth grow tress too much. My kingdom for a large comb.
174,582,8,32,136,176,1.2727272727272727,0.04065578140908709,674,I guess you found the gum from when I was six.
193,582,5,38,133,176,1.2727272727272727,0.03818491020256925,674,"You thought ""let your hair down"" was just a figure of speech, didn't you?"
520,582,8,32,136,176,1.2727272727272727,0.04065578140908709,674,"Yeah, calling  yourself my ""hirsuter"" is soooo funny."
583,582,6,36,134,176,1.2727272727272727,0.03902592000342006,674,You're the mane attraction!
685,582,6,36,134,176,1.2727272727272727,0.03902592000342006,674,"Maybe the coconut oil was a bad idea"""
716,582,7,34,135,176,1.2727272727272727,0.03984918439627601,674,I guess conditioner wasn’t such a good idea after all.
1598,582,3,42,131,176,1.2727272727272727,0.0364447148062397,674,"Forget that I said, ""I want to play with your hair."""
854,582,9,30,137,176,1.2727272727272727,0.04144668414865702,674,"Careful, I'm using a new conditioner."
1014,582,9,30,137,176,1.2727272727272727,0.04144668414865702,674,This is not romantic at all.
1249,582,11,26,139,176,1.2727272727272727,0.042984854969962,674,"What are your pronouns, again?"
1283,582,6,36,134,176,1.2727272727272727,0.03902592000342006,674,"Sorry, I just keep missing my hair appointments!"
1301,582,9,30,137,176,1.2727272727272727,0.04144668414865702,674,"Yeah, well, I needed to wash that man out of my hair."
1530,582,5,38,133,176,1.2727272727272727,0.03818491020256925,674,Looks like you're having a bad hair day.
1563,582,8,32,136,176,1.2727272727272727,0.04065578140908709,674,Hair today and you're gone tomorrow.
859,582,9,30,137,176,1.2727272727272727,0.04144668414865702,674,"Forget it Rapunzel, I can’t afford the shampoo"
127,616,7,33,133,173,1.2716763005780347,0.040260282795538456,674,I'm not ready to tie the knot!
2309,617,8,30,132,170,1.2705882352941176,0.04153047567632133,674,"I'm sorry, you're just too clingy."
121,617,7,32,131,170,1.2705882352941176,0.04068374080179009,674,Twelve months of hairdressing school and I'm just a glorified comb.
2013,619,7,33,134,174,1.2701149425287357,0.040058673042586035,674,Did I say there was an elevator?
249,619,7,33,134,174,1.2701149425287357,0.040058673042586035,674,"I let down my hair,what more do you want?"
261,619,9,29,136,174,1.2701149425287357,0.04168427547701131,674,It's been 40 years dude; maybe we should think of a ramp.
350,619,8,31,135,174,1.2701149425287357,0.04087955545242741,674,"At such ineptitude, my interest is falling."
429,619,8,31,135,174,1.2701149425287357,0.04087955545242741,674,Is this a Bad Hair Day?
796,619,7,33,134,174,1.2701149425287357,0.040058673042586035,674,Uh ... Babe ... 'let your hair down' means something else.
1287,619,9,29,136,174,1.2701149425287357,0.04168427547701131,674,I know it has a bit more body than you expected. My captor is Vidal Sassoon.
1406,619,8,31,135,174,1.2701149425287357,0.04087955545242741,674,This doesn’t look like the short cut”
1753,619,12,23,139,174,1.2701149425287357,0.0440102388792563,674,You really thought you could get away with a one night stand?
2616,619,3,41,130,174,1.2701149425287357,0.03659145000832427,674,I feel like our relationship is getting a little too tangled
956,629,4,37,126,167,1.2694610778443114,0.038398355652235185,674,It's the latest style; all the beautiful girls locked in towers by evil witches are wearing it this way.
1330,629,7,31,129,167,1.2694610778443114,0.041120169229633574,674,Sorry to disappoint you. I'm just a guy in a rock 'n' roll band.
1697,629,6,33,128,167,1.2694610778443114,0.0402333624070992,674,"Darlin', give me a head with hair, long beautiful hair
Shining, gleaming, steaming, flaxen, waxen
Give me down to there hair, shoulder length or longer
Here, baby, there, momma, everywhere, daddy, daddy"
2011,629,9,27,131,167,1.2694610778443114,0.042838744744204925,674,"The last thing I knew I was playing baseball in Iowa
then......"
1918,633,6,34,131,171,1.2690058479532165,0.039617074476772124,674,The bottle did say bold and luscious.
1756,633,8,30,133,171,1.2690058479532165,0.041317205729658385,674,"I'm Lady Godiva, subbing for Rapunzel"
2137,633,8,30,133,171,1.2690058479532165,0.041317205729658385,674,"Oh, where art thou, Rapunzel?"
1272,633,6,34,131,171,1.2690058479532165,0.039617074476772124,674,I lost my hat!
3008,633,8,30,133,171,1.2690058479532165,0.041317205729658385,674,At least it's only head lice.
536,633,8,30,133,171,1.2690058479532165,0.041317205729658385,674,"Look, I just feel very relaxed around you."
522,633,5,36,130,171,1.2690058479532165,0.03873903897225261,674,My cousin Rapunzel is the girl with the hair you can climb on. Sorry.
201,633,10,26,135,171,1.2690058479532165,0.0429500918336122,674,"All I said was ""Is that a weave or an extension?"""
1169,633,11,24,136,171,1.2690058479532165,0.043743683408237644,674,If you can’t even handle my locks you wouldn’t possibly survive my leg hair.
1924,642,6,35,134,175,1.2685714285714285,0.03902638695451968,674,"And if you have it, a really big comb!"""
1996,642,11,25,139,175,1.2685714285714285,0.04302866606906206,674,"Well, yes, clearly the story would have been written a bit differently if it was known that I was gay, don't you think?"
2365,642,8,31,136,175,1.2685714285714285,0.04067458381726214,674,"Hey, ever hear of a ladder?"
876,645,9,28,135,172,1.2674418604651163,0.041925014830976624,674,Watch out for split ends!
877,645,5,36,131,172,1.2674418604651163,0.03854489647878435,674,That's not the fuller body I wanted.
944,645,9,28,135,172,1.2674418604651163,0.041925014830976624,674,"I said I wanted to be ""shaved"" not ""saved"""
1430,645,6,34,132,172,1.2674418604651163,0.0394171092365302,674,Quit being so dramatic. It's just a little argan oil.
1778,645,10,26,136,172,1.2674418604651163,0.042728284830799865,674,How do you feel about snaking shower drains?
2851,650,8,28,129,165,1.2666666666666666,0.0422337609523278,674,"So, does it beat the waterslide?"
805,650,10,24,131,165,1.2666666666666666,0.043948950205814366,674,Help! There are 16 of us suitors trapped in here.
1348,652,7,31,131,169,1.2662721893491125,0.04069423932663458,674,I was serious when I told you to get out of my hair.
2890,652,7,31,131,169,1.2662721893491125,0.04069423932663458,674,Why am I wearing elf shoes?
2718,652,5,35,129,169,1.2662721893491125,0.038924752511789215,674,"Alright, I’ll braid it."
2714,652,6,33,130,169,1.2662721893491125,0.03981932616505114,674,You became untangled too soon
2471,652,6,33,130,169,1.2662721893491125,0.03981932616505114,674,Damn that conditioner!
2454,652,8,29,132,169,1.2662721893491125,0.041550733958717244,674,You weren't getting in wearing flip flops anyway.
2441,652,5,35,129,169,1.2662721893491125,0.038924752511789215,674,Help! I am dis-TRESSED!!!
2320,652,7,31,131,169,1.2662721893491125,0.04069423932663458,674,May I suggest we try braids?
2229,652,7,31,131,169,1.2662721893491125,0.04069423932663458,674,I'm gonna wash that man out of my hair.
2904,652,6,33,130,169,1.2662721893491125,0.03981932616505114,674,The Queen considers it the castle's most precious hairloom.
1693,652,7,31,131,169,1.2662721893491125,0.04069423932663458,674,"Yes, but no tangles!"
1613,652,9,27,133,169,1.2662721893491125,0.04238992652320577,674,They don't call it No More Tangles Shampoo for nothing.
1152,652,13,19,137,169,1.2662721893491125,0.0455924926186486,674,"That's for asking if the carpet matches the drapes, asshole!"
884,652,9,27,133,169,1.2662721893491125,0.04238992652320577,674,You could've braided the damn thing ya know!
1052,652,8,29,132,169,1.2662721893491125,0.041550733958717244,674,This isn’t as bad as the time I got stuck in a spaghetti strainer for 3 days.
130,652,5,35,129,169,1.2662721893491125,0.038924752511789215,674,"Basically, it’s all extensions but I have a lot of time on my hands."
216,652,9,27,133,169,1.2662721893491125,0.04238992652320577,674,"It's not the world's more ridiculous comb over, but close!!"
1122,652,7,31,131,169,1.2662721893491125,0.04069423932663458,674,You are a louse!
632,652,6,33,130,169,1.2662721893491125,0.03981932616505114,674,Perhaps just a shaping my Lady.
666,652,11,23,135,169,1.2662721893491125,0.044020343330239436,674,My stylist calls it 'operant conditioning.'
268,652,6,33,130,169,1.2662721893491125,0.03981932616505114,674,I said send down your STAIRS...
733,652,8,29,132,169,1.2662721893491125,0.041550733958717244,674,Can you check if I have split ends?
858,652,9,27,133,169,1.2662721893491125,0.04238992652320577,674,"Rapunzel, I've fallen and I can't get up!"
924,652,8,29,132,169,1.2662721893491125,0.041550733958717244,674,I can wash that boy right out of my hair!
935,652,8,29,132,169,1.2662721893491125,0.041550733958717244,674,wasn't this braded last time
686,652,7,31,131,169,1.2662721893491125,0.04069423932663458,674,It was probably better up.
1506,678,7,31,132,170,1.2647058823529411,0.040484464065047195,674,"You'll be choked unconscious; then I will absorb all your nutrients. We'll be together forever, my dear."
1625,679,9,25,129,163,1.2638036809815951,0.043364714188327,674,"Let me guess, it was the ""beanstalk"" nightmare again!"
2578,679,5,33,125,163,1.2638036809815951,0.039718219855370746,674,"Great, I put my hair down and you suddenly become such a fool."
2198,681,9,26,132,167,1.2634730538922156,0.042641644536897776,674,Forget about yourself. Just send up the salmon.
2436,681,5,34,128,167,1.2634730538922156,0.039111767810216164,674,You must stop using TEFLON hair rinses!
1576,681,7,30,130,167,1.2634730538922156,0.040914790907759784,674,Well that was a let down.
2412,681,7,30,130,167,1.2634730538922156,0.040914790907759784,674,"Rapunzel, Rapunzel, Let Down Your Scrunchie!"
1436,681,8,28,131,167,1.2634730538922156,0.0417871389534917,674,It's a hairy situation.
1074,681,8,28,131,167,1.2634730538922156,0.0417871389534917,674,"'""Does this happen with other captive maidens?"""
1565,681,6,32,129,167,1.2634730538922156,0.04002343373741166,674,First time?
2879,688,6,31,127,164,1.2621951219512195,0.04044382392608219,674,Better make that two gallons of conditioner.
2815,688,2,39,123,164,1.2621951219512195,0.036557298825473865,674,This relationship has always been an uphill battle!
2786,688,10,23,131,164,1.2621951219512195,0.04398829037497232,674,"And for the final step in my transition, I changed my name to Alfonso."
2691,688,4,35,125,164,1.2621951219512195,0.03854957192485366,674,Perhaps a little less argan oil
2231,688,6,31,127,164,1.2621951219512195,0.04044382392608219,674,Rapunzel. Your Hair is such a letdown.
2030,688,8,27,129,164,1.2621951219512195,0.0422532400170497,674,Next time I'll get a scrunchy
1401,688,5,33,126,164,1.2621951219512195,0.03950805227642463,674,It's a bit of a hairy situation.
857,688,8,27,129,164,1.2621951219512195,0.0422532400170497,674,It’s not exactly the killer body I had in mind.
637,688,7,29,128,164,1.2621951219512195,0.041358428316984844,674,Be careful what you ask for!
2895,688,5,33,126,164,1.2621951219512195,0.03950805227642463,674,Maybe I should put in that elevator.
514,688,10,23,131,164,1.2621951219512195,0.04398829037497232,674,[blank would be best for this cartoon]
478,688,6,31,127,164,1.2621951219512195,0.04044382392608219,674,This is a hairy situation.
444,688,6,31,127,164,1.2621951219512195,0.04044382392608219,674,And that's when Rapunzel realized she'd used too much conditioner.
418,688,8,27,129,164,1.2621951219512195,0.0422532400170497,674,Sorry- you must have grabbed an extension.
320,688,9,25,130,164,1.2621951219512195,0.04312949096645643,674,It was a very long engagement.
180,688,6,31,127,164,1.2621951219512195,0.04044382392608219,674,"Careful, it’s still wet."
96,688,6,31,127,164,1.2621951219512195,0.04044382392608219,674,What do I have to do to get you out of my hair?
752,688,8,27,129,164,1.2621951219512195,0.0422532400170497,674,"Yes, Rapunzel, it IS soft and silky,
but I think you used too much product this time!"
1730,706,8,28,132,168,1.2619047619047619,0.0415672568654724,674,To be honest I haven’t showered in a while.
2393,706,7,30,131,168,1.2619047619047619,0.04070074746107804,674,It must be this new conditioner I’m using.
1245,706,6,32,130,168,1.2619047619047619,0.039815384519815186,674,My hair extensions are strong; your climbing skills are weak.
1383,709,3,36,122,161,1.2608695652173914,0.037921276671713446,674,Told you I needed 20 minutes
1534,709,6,30,125,161,1.2608695652173914,0.040877163295304914,674,You were expecting perhaps a woman?
2240,709,5,32,124,161,1.2608695652173914,0.03991619630573821,674,I told you not to try it free solo.
2248,709,4,34,123,161,1.2608695652173914,0.03893151648684435,674,"Sometimes you fall in love in the most unexpected way, sometimes you just fall"
2403,713,5,33,127,165,1.2606060606060605,0.03930001880371855,674,Now let down some detangler!
2751,713,9,25,131,165,1.2606060606060605,0.042896745774035065,674,"What's the moral of ""Rapunzel"" again?"
497,715,13,14,127,154,1.2597402597402598,0.048581608857935436,674,"if you think this is a mess, wait till you see my freakin' hoo-ha!"
1963,716,9,23,126,158,1.259493670886076,0.044153810223525845,674,Should we try using peanut butter?
1554,717,8,26,128,162,1.2592592592592593,0.04250022490597157,674,And don't comb back!
3045,717,7,28,127,162,1.2592592592592593,0.04158831423557151,674,I told you things get real wild when I let down my hair.
1695,717,7,28,127,162,1.2592592592592593,0.04158831423557151,674,"Couldn't you at least braid your hair, 'punzel?"
1876,717,6,30,126,162,1.2592592592592593,0.04065595460513889,674,"Wrong tower, buddy #MeToo."
1881,717,7,28,127,162,1.2592592592592593,0.04158831423557151,674,Another suitor swept off his feet!
1956,717,7,28,127,162,1.2592592592592593,0.04158831423557151,674,"I appreciate your romantic streak, but why don't you take the stairs?"
1993,717,5,32,125,162,1.2592592592592593,0.039701705363291234,674,"Sorry, I guess I used too much conditioner. Just use the elevator."
2924,717,8,26,128,162,1.2592592592592593,0.04250022490597157,674,"Oops, I thought you meant all at once"
2060,717,8,26,128,162,1.2592592592592593,0.04250022490597157,674,"I'm Rapunzel, not 'repulsive', you cad!"
2075,717,7,28,127,162,1.2592592592592593,0.04158831423557151,674,"I said, ""No!"""
2373,717,7,28,127,162,1.2592592592592593,0.04158831423557151,674,The shampoo commercial said it would give my hair “body” but I wasn't expecting this.
3022,717,4,34,124,162,1.2592592592592593,0.038723948309180224,674,"I know. I know. Hair today, gone tomorrow."
3033,717,9,24,129,162,1.2592592592592593,0.043392975850472526,674,Not to put you down but you're really bad at this.
2026,717,7,28,127,162,1.2592592592592593,0.04158831423557151,674,I really think you need a trim.
1481,717,5,32,125,162,1.2592592592592593,0.039701705363291234,674,"Sorry, the king said use the new shampoo or it's back to the chastity belt."
1361,717,5,32,125,162,1.2592592592592593,0.039701705363291234,674,It was a wet winter.
1447,717,5,32,125,162,1.2592592592592593,0.039701705363291234,674,"Just give it a minute, it'll grow on you!"
1298,717,6,30,126,162,1.2592592592592593,0.04065595460513889,674,"Actually Rapunzel, can you just cut thy hair?"
1260,717,9,24,129,162,1.2592592592592593,0.043392975850472526,674,Now that's a 'let down'!
1255,717,5,32,125,162,1.2592592592592593,0.039701705363291234,674,I thought you said you liked extensions.
874,717,9,24,129,162,1.2592592592592593,0.043392975850472526,674,Another failed attempt to rescue the not so beautiful princess and the expression 'hairy experience' was coined.
817,717,7,28,127,162,1.2592592592592593,0.04158831423557151,674,For the 10th time Bold Knight. It is not a slide!
797,717,8,26,128,162,1.2592592592592593,0.04250022490597157,674,"Frankly, to paraphrase Marie Kondo, this ridiculous haircut and this whole rigmarole with you aren't bringing me joy anymore."
679,717,4,34,124,162,1.2592592592592593,0.038723948309180224,674,What?  No gesundheit!
605,717,7,28,127,162,1.2592592592592593,0.04158831423557151,674,"For God's sake, Rapunzel I meant that figuratively."
255,717,5,32,125,162,1.2592592592592593,0.039701705363291234,674,"Sorry, you said you didn’t like braids."
250,717,4,34,124,162,1.2592592592592593,0.038723948309180224,674,Quick! Hide before my dad sees you!
186,717,7,28,127,162,1.2592592592592593,0.04158831423557151,674,„You lost the comb? Again?“
80,717,6,30,126,162,1.2592592592592593,0.04065595460513889,674,"Sorry, I didn't see you there."
1471,717,7,28,127,162,1.2592592592592593,0.04158831423557151,674,"Its true, blonds do have more fun!"
2218,747,4,33,122,159,1.2578616352201257,0.03911064131397898,674,He is going to take forever to comb out.
2130,747,6,29,124,159,1.2578616352201257,0.041095805817513,674,"Sorry, someone told me jojoba oil is good for my hair."
759,747,7,27,125,159,1.2578616352201257,0.042053260892477094,674,"Sorry, forgot to rinse out the conditioner!"
1045,747,5,31,123,159,1.2578616352201257,0.040115505230405954,674,"I can't come out, tonight; I have plans to braid my hair."
1879,747,7,27,125,159,1.2578616352201257,0.042053260892477094,674,This new conditioner is really giving my hair extra body.
1602,752,5,31,124,160,1.25625,0.03989655945034412,674,Try it one more time. I was afraid I put too much conditioner in this morning.
2703,752,7,27,126,160,1.25625,0.041820666665864606,674,I told you to take the servant's elevator. But do you listen to anything I say?? No!!
2931,752,5,31,124,160,1.25625,0.03989655945034412,674,You should have taken the stairs.
2447,752,5,31,124,160,1.25625,0.03989655945034412,674,I'm sorry. I used a new conditioner.
2430,752,4,33,123,160,1.25625,0.03889883165049543,674,Plan B is my fingernails.
2244,752,6,29,125,160,1.25625,0.04086993770702496,674,I'm sorry I asked!
2114,752,7,27,126,160,1.25625,0.041820666665864606,674,"When you said the carpet matched the drapes, I didn’t know you meant they were all one thing."
2031,752,4,33,123,160,1.25625,0.03889883165049543,674,"I just thought you were mispronouncing ""heir to the throne""."
1747,752,8,25,127,160,1.25625,0.04275025745628459,674,Would barettes help?
1363,752,6,29,125,160,1.25625,0.04086993770702496,674,"When you're done playing games, you give me a call, okay?"
131,752,7,27,126,160,1.25625,0.041820666665864606,674,Hair Today Gone Tomorrow
1289,752,6,29,125,160,1.25625,0.04086993770702496,674,Rapuzzle of the week.
1170,752,8,25,127,160,1.25625,0.04275025745628459,674,Sorry! I used the hairspray with extra hold.
905,752,5,31,124,160,1.25625,0.03989655945034412,674,Rapunzel....... Let’s just call the whole thing off!
861,752,9,23,128,160,1.25625,0.04366006029290242,674,It was then that Guenther realized Rapunzel hadn't had sex in a very long time.
414,752,8,25,127,160,1.25625,0.04275025745628459,674,"Go find Jack, buy a bean, bring it back, and plant it."
385,752,6,29,125,160,1.25625,0.04086993770702496,674,Sorry you're feeling dis-tressed.
288,752,7,27,126,160,1.25625,0.041820666665864606,674,I told you to bring scissors.
35,752,4,33,123,160,1.25625,0.03889883165049543,674,Daddy was right when he said men just wanted to use me
3001,752,5,31,124,160,1.25625,0.03989655945034412,674,"Speaking of extensions, you really need a ladder."
1322,752,7,27,126,160,1.25625,0.041820666665864606,674,No traction. Must be too much conditioner.
3049,752,7,27,126,160,1.25625,0.041820666665864606,674,They call it the wave of the future.
1130,774,5,29,119,153,1.2549019607843137,0.04098189814585094,674,What a pain in the neck.
2863,774,7,25,121,153,1.2549019607843137,0.04302922959626292,674,"I said let down your hair, not drop it like a Trump tweet."
1021,774,8,23,122,153,1.2549019607843137,0.04401720017962765,674,"How about we forget about this, and I let you off the hook for leaving the toilet seat up?"
798,774,5,29,119,153,1.2549019607843137,0.04098189814585094,674,"My conditioner?  Why 'Tsunami,' of course."
869,774,9,21,123,153,1.2549019607843137,0.044983477229521916,674,This is the dumbest cartoon I've ever been drawn in to.
990,774,3,33,117,153,1.2549019607843137,0.03882676076658846,674,Now go write about it.
46,774,7,25,121,153,1.2549019607843137,0.04302922959626292,674,I hate facebook.
2954,781,8,24,125,157,1.2547770700636942,0.04324768725541133,674,"Ok, I say tomorrow we go with the  braids !!!!"
2899,781,5,30,122,157,1.2547770700636942,0.040316057606833856,674,"Well, Jon Snow wouldn't be flummoxed by a few split ends!"
2706,781,7,26,124,157,1.2547770700636942,0.04229306249982094,674,I heard this was more safe than testing hair products on animals.
2284,781,2,36,119,157,1.2547770700636942,0.03715382280429868,674,Darn static cling
2065,781,6,28,123,157,1.2547770700636942,0.04131638680094925,674,Can you look for my comb on your way up?
1920,781,9,22,126,157,1.2547770700636942,0.04418169044151632,674,It must be the new conditioner.
1776,781,6,28,123,157,1.2547770700636942,0.04131638680094925,674,Was it too much conditioner?
1714,781,5,30,122,157,1.2547770700636942,0.040316057606833856,674,Trumped!
1605,781,11,18,128,157,1.2547770700636942,0.04599282992952476,674,I've had it with all these New Yorker Rapunzel cartoons...
1071,781,10,20,127,157,1.2547770700636942,0.04509635337361639,674,Don't worry! The curtains don't match the drapes!
744,781,9,22,126,157,1.2547770700636942,0.04418169044151632,674,May i suggest a combination conditioner/detangler?
562,781,6,28,123,157,1.2547770700636942,0.04131638680094925,674,Admit it - you're falling for me.
1372,793,5,31,125,161,1.2546583850931676,0.03967991409683428,674,Come back next week when it's less humid.
2930,794,5,28,118,151,1.2516556291390728,0.04119467918915452,674,"Only you could turn ""silky sleek"" into a bad thing."
2575,794,11,16,124,151,1.2516556291390728,0.047189012683045956,674,Have you seen my hat?
535,794,8,22,121,151,1.2516556291390728,0.04429336582095581,674,What?  You thought it would be clean?  It hasn’t rained all summer!
2558,794,6,26,119,151,1.2516556291390728,0.04225283202636141,674,I guess you still haven't used your coupon from Supercuts.
1869,798,7,25,123,155,1.2516129032258065,0.04253542685421702,674,"I know you think it makes your hair feel  a bit stiff, but will you please use the hairspray with extra hold!"
75,798,5,29,121,155,1.2516129032258065,0.04051775137575749,674,A hairy escape!
185,798,7,25,123,155,1.2516129032258065,0.04253542685421702,674,Didn’t I tell you that a ladder would be easier!
319,798,8,23,124,155,1.2516129032258065,0.043509191192572405,674,Now let's talk about unreasonable standards of beauty.
1115,798,7,25,123,155,1.2516129032258065,0.04253542685421702,674,Like I told you before... my ends don't enjoy being teased.
1453,798,10,19,126,155,1.2516129032258065,0.0453940974065414,674,"Hang tight, I'll grab the peanut butter."
1564,798,6,27,122,155,1.2516129032258065,0.04153884154750915,674,Rapunzel's Revenge
1745,798,13,13,129,155,1.2516129032258065,0.04808311159896675,674,And yet I still have less hair than anyone in 70s porn . . .
2522,798,7,25,123,155,1.2516129032258065,0.04253542685421702,674,"Rapunzel, it was just a figure of speech"
2923,798,9,21,125,155,1.2516129032258065,0.04446163400948276,674,"If you thought you were getting braid, you're wrong!"
2352,808,5,28,119,152,1.25,0.040956241685584586,674,"I'm sorry, the witch tampered with the locks."
2444,808,6,26,120,152,1.25,0.04200657220898526,674,You kept me waiting a long time.
2637,808,8,22,122,152,1.25,0.04403213440466003,674,I only mean’t it Figuratively
1522,808,5,28,119,152,1.25,0.040956241685584586,674,"Yeah? Well, you try braiding all this after it's been washed."
2701,808,9,20,123,152,1.25,0.04501074578332069,674,Begone! Thy ghosting doth portend foul virtue.
2831,808,7,24,121,152,1.25,0.043031273331024834,674,I think you overdid the conditioner.
2667,808,8,22,122,152,1.25,0.04403213440466003,674,What did I tell you about sneaking into my daughter's bedroom?
1294,808,4,30,118,152,1.25,0.03987825669794682,674,You may be wondering how I hid so much hair under such a  small hat.
1971,808,6,26,120,152,1.25,0.04200657220898526,674,I suppose next you'll be asking for my WIFI password?
1252,808,6,26,120,152,1.25,0.04200657220898526,674,Are my hair extensions too much?
1196,808,3,32,117,152,1.25,0.03877031056783869,674,"Ya wanna rethink that command, Honey?"
627,808,4,30,118,152,1.25,0.03987825669794682,674,"You asked for long beautiful hair
shining, gleaming, streaming, flaxen, waxen -- 
so I gave it to you, Lover Boy."
553,808,3,32,117,152,1.25,0.03877031056783869,674,"Alrighty then, I'll just get out of your hair."
470,808,9,21,126,156,1.25,0.04420513876014835,674,Hope it's not too much of a let down.
438,808,6,26,120,152,1.25,0.04200657220898526,674,Don't blame me.  You told me to let down my hair.
322,808,6,26,120,152,1.25,0.04200657220898526,674,"Fine, I'll stop using conditioner."
22,808,8,22,122,152,1.25,0.04403213440466003,674,Do I have any split ends?
2641,825,9,20,124,153,1.2483660130718954,0.044745434598506065,674,Does the carpet match the drapes?
2287,825,7,24,122,153,1.2483660130718954,0.042780314320937096,674,A perm may not be a good idea right now.
2762,825,9,20,124,153,1.2483660130718954,0.044745434598506065,674,How much conditioner did you use?
788,825,5,28,120,153,1.2483660130718954,0.04072046990626665,674,That is not what I meant when I said that you should let your hair down!
142,829,6,25,118,149,1.2483221476510067,0.04248967850729419,674,"Trying to sneak up and see my daughter, were ya?"
1158,829,9,19,121,149,1.2483221476510067,0.04557912838520316,674,That's the last time I use volumizer.
1307,829,6,25,118,149,1.2483221476510067,0.04248967850729419,674,You should have come earlier.
2653,829,6,25,118,149,1.2483221476510067,0.04248967850729419,674,"Cinderella, you two-timing loser!  You called me Cinderella!"
2696,833,4,29,117,150,1.2466666666666666,0.04006333539103722,674,"So, you're not staying for breakfast?"
1828,833,4,29,117,150,1.2466666666666666,0.04006333539103722,674,But my hair frizzes without the gel.
2683,833,6,25,119,150,1.2466666666666666,0.042237918507908104,674,Watch it! You’re splitting my ends
2487,833,5,27,118,150,1.2466666666666666,0.04116498878012371,674,"You know, the elevator's just around the back."
2473,833,5,27,118,150,1.2466666666666666,0.04116498878012371,674,you certainly known how to let a guy down!
2349,833,6,25,119,150,1.2466666666666666,0.042237918507908104,674,"This ride is very, very hairy!"
2222,833,7,23,120,150,1.2466666666666666,0.04328426063240149,674,I'm a princess trapped in a hippie's body.
2012,833,7,23,120,150,1.2466666666666666,0.04328426063240149,674,Rapunzel???
1709,833,6,25,119,150,1.2466666666666666,0.042237918507908104,674,I'm a woman now. I guess you forgot.
739,833,6,25,119,150,1.2466666666666666,0.042237918507908104,674,"Extensions? Well,this is a let down."
1362,833,4,29,117,150,1.2466666666666666,0.04006333539103722,674,Yeah... Rapunzel took off with Robin Hood. I’m her sister Gertrude.
1068,833,7,23,120,150,1.2466666666666666,0.04328426063240149,674,I took a vow of hirsuteness
741,833,6,25,119,150,1.2466666666666666,0.042237918507908104,674,"I try to be original, but my jests are re-puns all!"
371,833,3,31,116,150,1.2466666666666666,0.038930519955964624,674,"Take the stairs around back, the glue hasn't dried on on the extensions."
332,833,7,23,120,150,1.2466666666666666,0.04328426063240149,674,It's that damn quantum entanglement all over again.
280,833,3,31,116,150,1.2466666666666666,0.038930519955964624,674,Too much?
103,833,6,25,119,150,1.2466666666666666,0.042237918507908104,674,Last photo of Peter before he discovered the man-bun.
1546,833,6,25,119,150,1.2466666666666666,0.042237918507908104,674,Rapunzel's trans twin snares yet another unwitting suitor.
1657,851,6,24,116,146,1.2465753424657535,0.04298899007208366,674,You're obviously not the locksmith.
2535,852,6,17,95,118,1.2457627118644068,0.04953271530274072,674,This is a hairy tale ending.
2802,853,6,25,120,151,1.2450331125827814,0.0419890529381387,674,As a matter of fact I've been using a volumizing conditioner.
2059,854,6,24,117,147,1.2448979591836735,0.04272848347675213,674,I think you’ve overdone it with your hair product.
1291,855,6,25,121,152,1.243421052631579,0.04174303385499957,674,"Don’t even ask, yes the carpet matches the drapes."
1839,856,7,22,119,148,1.2432432432432432,0.04353984510691705,674,Will definitely have to return these shoes to REI.
1726,856,5,26,117,148,1.2432432432432432,0.041374639396855886,674,"He, She, It"
2520,856,8,20,120,148,1.2432432432432432,0.04458303236985528,674,"excuse me sir, I think i'm in the wrong fairy tale"
2024,856,9,18,121,148,1.2432432432432432,0.04560236220470162,674,My friends always said you were a big louse.
1521,856,4,28,116,148,1.2432432432432432,0.040248380363222376,674,"There is an elevator, you know."
2296,856,6,24,118,148,1.2432432432432432,0.042471042471042476,674,Pregnancy has done wonders for my hair.
897,856,4,28,116,148,1.2432432432432432,0.040248380363222376,674,Sorry.  This always happens when I use conditioner
500,856,6,24,118,148,1.2432432432432432,0.042471042471042476,674,What? Do I look that different from my tinder profile?
247,856,6,24,118,148,1.2432432432432432,0.042471042471042476,674,Forget smart home security systems.  Intruders seem less suspecting of my traditional locks.
1181,856,2,32,114,148,1.2432432432432432,0.03789557751437699,674,I call it my in-house moat.
1,856,3,30,115,148,1.2432432432432432,0.03908968480949149,674,Maybe not all of your hair....
433,867,7,21,116,144,1.2430555555555556,0.044344627373140065,674,"I’m sorry, could we go over your pronoun again?"
2368,867,4,27,113,144,1.2430555555555556,0.04092762741092319,674,"Before you disentangle yourself, I feel a moral obligation to advise I got a little bit of that Bruce Jenner thing going on."
3020,869,3,29,113,145,1.2413793103448276,0.03948405525820154,674,"Working with consultants, I've monetized my confinement to create a theme park experience."
2778,869,3,29,113,145,1.2413793103448276,0.03948405525820154,674,"So, you thought you would slip away to some other long-haired girl in a tower, did you?"
2489,869,5,25,115,145,1.2413793103448276,0.04183971200735931,674,Ok I'm sorry- your man bun was cool!
2475,869,2,31,112,145,1.2413793103448276,0.03825186503975572,674,"I said, 'Let down your golden STAIRS!'"
2401,869,7,21,117,145,1.2413793103448276,0.04406963106363406,674,Note to self -- Change to 'Shampoo for oily hair.'
2345,869,7,21,117,145,1.2413793103448276,0.04406963106363406,674,Maybe you should just use the back door.
1939,869,7,21,117,145,1.2413793103448276,0.04406963106363406,674,"The King's Fool, cast off by fortune, is wigged out."
1936,869,4,27,114,145,1.2413793103448276,0.040678938779738834,674,Did you use the shampoo for oily hair like I asked you?
1306,869,7,21,117,145,1.2413793103448276,0.04406963106363406,674,Maybe I should ease off on the conditioner a little ...
2776,869,6,23,116,145,1.2413793103448276,0.04296913940808907,674,I guess Rapunzel doesn't cut it any more.
1023,869,8,19,118,145,1.2413793103448276,0.04514330318771376,674,My hairdresser was deported this morning.
836,869,8,19,118,145,1.2413793103448276,0.04514330318771376,674,I am gonna brush that man right outtah my hair
820,869,5,25,115,145,1.2413793103448276,0.04183971200735931,674,What did you think I meant by wavy hair?
697,869,8,19,118,145,1.2413793103448276,0.04514330318771376,674,"Oh please. If you think you're having a hard time, try being me with lice!"
507,869,4,27,114,145,1.2413793103448276,0.040678938779738834,674,"Remember, weight on the downhill ski."
473,869,7,21,117,145,1.2413793103448276,0.04406963106363406,674,I’m the Statue of Liberty replacement.
291,869,7,21,117,145,1.2413793103448276,0.04406963106363406,674,"That song makes washing you out of my hair seem a lot easier."""
1145,869,8,19,118,145,1.2413793103448276,0.04514330318771376,674,HERE'S YOUR HAT.  WHAT'S YOUR HURRY?
289,869,4,27,114,145,1.2413793103448276,0.040678938779738834,674,You call yourself a hairstylist?
220,869,3,29,113,145,1.2413793103448276,0.03948405525820154,674,it was the mead talking
2521,889,6,22,113,141,1.2411347517730495,0.04376031847617875,674,You couldn’t find your way out of a paper bag!
1690,889,9,16,116,141,1.2411347517730495,0.047105380169549065,674,"Historic Image: Winner of the best wig contest. England, 1099."
2397,889,4,26,111,141,1.2411347517730495,0.0413803241643798,674,"Well, look who finally showed up!"
1601,892,7,20,116,143,1.2377622377622377,0.04433653740431731,674,I told you to get out of my hair.
3079,892,8,18,117,143,1.2377622377622377,0.04543370560766492,674,Free solo is harder than it looks.
1394,892,4,26,113,143,1.2377622377622377,0.04086868459206661,674,Not again Hugh! How many times have I told you...wait till it’s fully dried!
1338,892,8,18,117,143,1.2377622377622377,0.04543370560766492,674,"I went to wash that man right outa my hair,
I went to wash that man right outa my hair,
I went to wash that man right outa my hair,
And sent him on his way."
1433,892,6,22,115,143,1.2377622377622377,0.043211520370902166,674,my husband is here.
1442,892,6,22,115,143,1.2377622377622377,0.043211520370902166,674,I'm dumping you because you get in my hair.
1467,892,4,26,113,143,1.2377622377622377,0.04086868459206661,674,Everything gets tangled in these extensions.
1722,892,6,22,115,143,1.2377622377622377,0.043211520370902166,674,"You idiot, Rapunzel, lives next door.”"
2927,892,9,16,118,143,1.2377622377622377,0.04650499609164051,674,You should have read the terms and conditions... the hat MUST match shoes.
1949,892,4,26,113,143,1.2377622377622377,0.04086868459206661,674,When you said you were caught up in a wave I was thinking of something else.
2140,892,4,26,113,143,1.2377622377622377,0.04086868459206661,674,Medieval Times’ worst thrill ride EVER!
2364,892,3,28,112,143,1.2377622377622377,0.039645382127636096,674,Hair travel these days leaves a lot to be desired.
2839,892,4,26,113,143,1.2377622377622377,0.04086868459206661,674,"I know it would be easier, but braids don't suit me anymore!"
2905,892,5,24,114,143,1.2377622377622377,0.04205641968267577,674,All I said is that I wasn't in favor of a prenup.
2977,892,5,24,114,143,1.2377622377622377,0.04205641968267577,674,"Last fella went ""Wahoo"" on the way down."
3026,892,6,22,115,143,1.2377622377622377,0.043211520370902166,674,Do you think it looks better straight or curly?
1214,892,5,24,114,143,1.2377622377622377,0.04205641968267577,674,Hey!  I'm trying here; OK?
1884,892,7,20,116,143,1.2377622377622377,0.04433653740431731,674,"Sorry, 
I took out the braids."
1166,892,7,20,116,143,1.2377622377622377,0.04433653740431731,674,"Brother, that's Grimm."
925,892,5,24,114,143,1.2377622377622377,0.04205641968267577,674,Why the French Braid was invented
1005,892,5,24,114,143,1.2377622377622377,0.04205641968267577,674,"Rapunzel, Rapunzel, bring up you hair, so that I may untangle  from this bad affair."
11,892,4,26,113,143,1.2377622377622377,0.04086868459206661,674,"FYI, the carpet matches the drapes."
63,892,4,26,113,143,1.2377622377622377,0.04086868459206661,674,"Just a trim, please"
84,892,3,28,112,143,1.2377622377622377,0.039645382127636096,674,Don't act all surprised. My profile mentioned my luxuriant hair.
87,892,6,22,115,143,1.2377622377622377,0.043211520370902166,674,I didn't ask you for hairspray. I said I'M HAVING A BAD HAIR DAY!
89,892,4,26,113,143,1.2377622377622377,0.04086868459206661,674,"No flowers, no towers!"
211,892,7,20,116,143,1.2377622377622377,0.04433653740431731,674,"Wow, this Rogaine really works!"
214,892,4,26,113,143,1.2377622377622377,0.04086868459206661,674,she's nothing like her picture!
1127,892,3,28,112,143,1.2377622377622377,0.039645382127636096,674,"Oh sorry, I forgot to mention the hair on the dating app."
269,892,4,26,113,143,1.2377622377622377,0.04086868459206661,674,"It may just be the new conditioner, but my hair has deemed you unsuitable."
330,892,7,20,116,143,1.2377622377622377,0.04433653740431731,674,Where's MY animated musical?
476,892,6,22,115,143,1.2377622377622377,0.043211520370902166,674,"OK, big deal, so I'm her sister, Repugzal!"
526,892,6,22,115,143,1.2377622377622377,0.043211520370902166,674,Who's the hairest of them all?
538,892,7,20,116,143,1.2377622377622377,0.04433653740431731,674,"'Oh, what a tangled weave!' he said, when first twas caught up in her web."
676,892,6,22,115,143,1.2377622377622377,0.043211520370902166,674,"Elf slippers? No, no, no.
And I wonder why my hair is so long."
811,892,4,26,113,143,1.2377622377622377,0.04086868459206661,674,Sorry! So that's what the hairspray ad meant by 'strong hold'!
993,892,7,20,116,143,1.2377622377622377,0.04433653740431731,674,"No, I said let down your STAIR!"
318,892,4,26,113,143,1.2377622377622377,0.04086868459206661,674,This is NOT what I expected.
267,930,4,25,110,139,1.2374100719424461,0.04158111389481739,674,Hark! Who tangleth yonder amongst my locks?
947,930,6,21,112,139,1.2374100719424461,0.044017245050598064,674,"For want of a hat pin, the desire of love is lost."
236,930,3,27,109,139,1.2374100719424461,0.04030787290565533,674,You'll never be a social climber Jack.
2,933,5,22,108,135,1.237037037037037,0.04361676336166934,674,I warned you not to run your fingers through it.
1205,933,6,20,109,135,1.237037037037037,0.04486624973921271,674,Get out! You are ruining the picture.
1469,935,5,24,115,144,1.2361111111111112,0.04179596617581002,674,I guess I could do an up-sweep.
1611,936,6,21,113,140,1.2357142857142858,0.04373459415815174,674,"Whoa, Sorry! Guess I shouldn't have used that new volumizing shampoo."
1643,936,7,19,114,140,1.2357142857142858,0.044894205072559736,674,How am I going to brush that out?
1854,936,3,27,110,140,1.2357142857142858,0.040054836879231163,674,Time to rethink this
1909,936,4,25,111,140,1.2357142857142858,0.041317851835987615,674,The last guy requested braids!
1913,936,3,27,110,140,1.2357142857142858,0.040054836879231163,674,Man survives plunge down Rapunzel Falls.
1985,936,6,21,113,140,1.2357142857142858,0.04373459415815174,674,A one night stand with Rapunzel.
2000,936,4,25,111,140,1.2357142857142858,0.041317851835987615,674,"Sorry, its a leave-in conditioner. Should've warned you."
2249,936,6,21,113,140,1.2357142857142858,0.04373459415815174,674,Darn Argon Oil conditioner.....
2508,936,5,23,112,140,1.2357142857142858,0.04254338730354498,674,King Rogaine wins again
2531,936,2,29,109,140,1.2357142857142858,0.03875067785862603,674,Could you please stop using so much conditioner.
2593,936,7,19,114,140,1.2357142857142858,0.044894205072559736,674,"I'm sorry.  Before this I didn't think ""volumizer"" was a real thing."
2639,936,5,23,112,140,1.2357142857142858,0.04254338730354498,674,Don't let me down.
2665,936,5,23,112,140,1.2357142857142858,0.04254338730354498,674,Give me the usual. A little off the top.
2916,936,5,23,112,140,1.2357142857142858,0.04254338730354498,674,"May I suggest that next time you use a ladder"""
2921,936,8,17,115,140,1.2357142857142858,0.04602460833093375,674,"I can get my hair permed if it helps, but it will cost you a fortune."
2445,936,6,21,113,140,1.2357142857142858,0.04373459415815174,674,"Wrong house, Rumple!"
1557,936,4,25,111,140,1.2357142857142858,0.041317851835987615,674,"Yes I have been using a volumizing shampoo, why do you ask?"
2110,936,3,27,110,140,1.2357142857142858,0.040054836879231163,674,"Well, well, long time no see."
1541,936,3,27,110,140,1.2357142857142858,0.040054836879231163,674,"Well, I didn't say to let down all of your hair."
95,936,5,23,112,140,1.2357142857142858,0.04254338730354498,674,That's eighty years of growth... I told you to watch out.
264,936,6,21,113,140,1.2357142857142858,0.04373459415815174,674,Tangled?
334,936,3,27,110,140,1.2357142857142858,0.040054836879231163,674,I told you I needed a taller tower.
364,936,3,27,110,140,1.2357142857142858,0.040054836879231163,674,Couldn’t you wait to have it straightened tomorrow?
485,936,2,29,109,140,1.2357142857142858,0.03875067785862603,674,Did you have to condition it?
932,936,6,21,113,140,1.2357142857142858,0.04373459415815174,674,I'm all tangled up in your split ends.
1058,936,4,25,111,140,1.2357142857142858,0.041317851835987615,674,"OK!OK! You’re having a bad hair day,
But why blame me?"
17,936,6,21,113,140,1.2357142857142858,0.04373459415815174,674,Are you in distress?
1161,936,7,19,114,140,1.2357142857142858,0.044894205072559736,674,Rapunsel it's me your hair dresser....Ricardo de Medici....
1461,936,5,23,112,140,1.2357142857142858,0.04254338730354498,674,My mother was wrong when she said locks aren't everything.
1487,936,3,27,110,140,1.2357142857142858,0.040054836879231163,674,Well this is a real brush with death.
1491,936,5,23,112,140,1.2357142857142858,0.04254338730354498,674,"Well, if it's my nose that sent you reeling, have a look in the mirror!"
1500,936,6,21,113,140,1.2357142857142858,0.04373459415815174,674,"Oh...you said, ""try some Nair""."
1525,936,3,27,110,140,1.2357142857142858,0.040054836879231163,674,What a shame we have to part on such bad terms.
1543,936,3,27,110,140,1.2357142857142858,0.040054836879231163,674,"Sorry about that, my prince. Looks like I used too much conditioner."
420,970,3,26,107,136,1.2352941176470589,0.040738410567967114,674,"No, just a trim."
585,970,6,20,110,136,1.2352941176470589,0.04456922123197992,674,"Hey I’m just the UPS guy, call the Hair Club, stat."
1399,970,6,20,110,136,1.2352941176470589,0.04456922123197992,674,Sorry...I'm very expressive when I sneeze.
1288,973,6,20,112,138,1.2318840579710144,0.04398659080420913,674,"Medieval hair slides, really?"
1432,973,4,24,110,138,1.2318840579710144,0.04151201181565335,674,Rapunzel regrets using conditioner that morning.
1806,973,5,22,111,138,1.2318840579710144,0.042767202945480774,674,I knew I shouldn't have used that leave-in conditioner this morning!
2077,973,5,22,111,138,1.2318840579710144,0.042767202945480774,674,"Not before my hair is done, Jared."
2138,973,5,22,111,138,1.2318840579710144,0.042767202945480774,674,"Sorry, I should've given you a 'heads-up'"
2161,973,5,22,111,138,1.2318840579710144,0.042767202945480774,674,Is this getting a Bob?
2723,973,6,20,112,138,1.2318840579710144,0.04398659080420913,674,"Reminds me of an old song, “Long, beautiful hair, shining, gleaming, steaming, flaxen, waxen, hair...don’t ever have to cut it cuz it stops by itself”."
2485,973,3,26,109,138,1.2318840579710144,0.040217665300038834,674,"Princess Rapunzel, founder of the ""Did he climb up your hair? #Me too."" movement, demonstrates a tactic."
2500,973,5,22,111,138,1.2318840579710144,0.042767202945480774,674,"My conditioner improves the feel, appearance and manageability of my hair, but  unfortunately it also reduces friction between strands."
2618,973,6,20,112,138,1.2318840579710144,0.04398659080420913,674,Your hair literally took my breath away!
2766,973,5,22,111,138,1.2318840579710144,0.042767202945480774,674,Minoxidil  Shampoo. Why do you ask?
1216,973,5,22,111,138,1.2318840579710144,0.042767202945480774,674,Rapunzel! Rapunzel! I know your name is Rapunzel. Jennifer is my accountant. I was just telling her how amazing you are.
2991,973,6,20,112,138,1.2318840579710144,0.04398659080420913,674,"We tried your hair last year, in November. Now my hair isn’t working either. I’ve run out of ideas, just like the New Yorker cartoon caption editorial staff!"
2459,973,6,20,112,138,1.2318840579710144,0.04398659080420913,674,"Come back tomorrow, I just washed it."
1118,973,3,26,109,138,1.2318840579710144,0.040217665300038834,674,This is what I meant when I said there's a lock on the door
279,973,6,20,112,138,1.2318840579710144,0.04398659080420913,674,Never assume!
763,973,8,16,114,138,1.2318840579710144,0.04632918320206958,674,"If you think this is a lot, you should see it from the waist down."
722,973,4,24,110,138,1.2318840579710144,0.04151201181565335,674,"Well, you asked for it."
674,973,7,18,113,138,1.2318840579710144,0.04517307487180755,674,For fuck's sake.
614,973,4,24,110,138,1.2318840579710144,0.04151201181565335,674,You told me to let your hair down
554,973,7,18,113,138,1.2318840579710144,0.04517307487180755,674,"If this metaphor doesn't do it for you Frank...
I'm going for the restraining order."
525,973,2,28,108,138,1.2318840579710144,0.03888025307773796,674,Guess I went a little overboard with the volumizer.
374,973,4,24,110,138,1.2318840579710144,0.04151201181565335,674,"Look, it's not a fairway to Heaven."
294,973,7,18,113,138,1.2318840579710144,0.04517307487180755,674,"Oddly enough, I spend a small fortune on my bikini waxes..."
815,973,4,24,110,138,1.2318840579710144,0.04151201181565335,674,I told you not to call unless it was an emergency.
175,973,6,20,112,138,1.2318840579710144,0.04398659080420913,674,Brazilian Blowout!
112,973,6,20,112,138,1.2318840579710144,0.04398659080420913,674,And this is just the turret. Have fun storming the castle.
51,973,1,30,107,138,1.2318840579710144,0.03749516710980172,674,"....Okay, so maybe you're right, I should have gone with a French braid...."
32,973,6,20,112,138,1.2318840579710144,0.04398659080420913,674,Has my hair let you down?
9,973,4,24,110,138,1.2318840579710144,0.04151201181565335,674,Smart! No other guys kept on their shoes.
2711,1003,7,17,110,134,1.2313432835820894,0.04607130634298544,674,I meant to swipe left
2866,1003,4,23,107,134,1.2313432835820894,0.04225994221774406,674,And they lived hairily ever after.
2019,1003,6,19,109,134,1.2313432835820894,0.044836864492459355,674,"I'm using a new ""Extra Volume""  shampoo."
2285,1003,4,23,107,134,1.2313432835820894,0.04225994221774406,674,Help! I am falling and I can't think of a punch line.
852,1003,5,21,108,134,1.2313432835820894,0.043567459954432904,674,I just washed it and can’t do anything with it
31,1003,7,17,110,134,1.2313432835820894,0.04607130634298544,674,Well that is neither hair nor there.
1790,1003,5,21,108,134,1.2313432835820894,0.043567459954432904,674,"In New York it's called 'The Rachel,' but here it's 'The Rapunzel.'"
2197,1010,5,22,112,139,1.2302158273381294,0.04249117096905104,674,"OK, now pass the conditioner."
2235,1010,3,26,110,139,1.2302158273381294,0.03996211682594532,674,I want to rescue you but I'm drowning in your hair!
1782,1012,5,21,109,135,1.2296296296296296,0.043277474829418086,674,Darn that Biotin!
2071,1012,4,23,108,135,1.2296296296296296,0.041980727817623326,674,What prince. And where's my pizza.
2329,1012,5,21,109,135,1.2296296296296296,0.043277474829418086,674,My hairdresser assured me it will only  add extra body.
2346,1012,3,25,107,135,1.2296296296296296,0.040642627727348404,674,Guess I'm the one who's stranded now.
2517,1012,7,17,111,135,1.2296296296296296,0.045760861733997134,674,Uneasy slides the head that wears a crown
2695,1012,8,15,112,135,1.2296296296296296,0.04695332561333165,674,"Every relationship has
 its ups and downs"
1739,1012,5,21,109,135,1.2296296296296296,0.043277474829418086,674,They never stop to ask for directions
2834,1012,4,23,108,135,1.2296296296296296,0.041980727817623326,674,maybe it's time to cut back on the conditioner
2856,1012,3,25,107,135,1.2296296296296296,0.040642627727348404,674,It was love or the Brazilian blowout. I chose the blowout.
3060,1012,4,23,108,135,1.2296296296296296,0.041980727817623326,674,Elevator is located in the back sir...
2679,1012,4,23,108,135,1.2296296296296296,0.041980727817623326,674,"For this to work, it requires more gelling."
1718,1012,4,23,108,135,1.2296296296296296,0.041980727817623326,674,You must use Head and Shoulders..
2826,1012,5,21,109,135,1.2296296296296296,0.043277474829418086,674,"Now do you think my herbal supplement is a scam?"""
1633,1012,4,23,108,135,1.2296296296296296,0.041980727817623326,674,I was speaking metaphorically!
61,1012,6,19,110,135,1.2296296296296296,0.044536481081518545,674,"Another ""hair brain"" idea."
457,1012,6,19,110,135,1.2296296296296296,0.044536481081518545,674,"Rapunzel, is that you? It’s been too long!"
465,1012,2,27,106,135,1.2296296296296296,0.039258946357108034,674,"My name is not Rapunzel, and PLEASE get out of my Hair !"
477,1012,3,25,107,135,1.2296296296296296,0.040642627727348404,674,I knew I should have asked for braids.
122,1012,3,25,107,135,1.2296296296296296,0.040642627727348404,674,"I see your hat, but where’s the horse?"
1276,1012,4,23,108,135,1.2296296296296296,0.041980727817623326,674,I just had it straightened.
1416,1012,4,23,108,135,1.2296296296296296,0.041980727817623326,674,*sigh* I thought I had all the knights out of my hair !
1466,1012,4,23,108,135,1.2296296296296296,0.041980727817623326,674,"If you were really Prince Charming, you would've noticed my haircut."
982,1012,6,19,110,135,1.2296296296296296,0.044536481081518545,674,Not sure I like this new conditioner with added body.
1649,1012,4,23,108,135,1.2296296296296296,0.041980727817623326,674,My hair shall feast upon the bones of all encyclopedia salesmen!
1923,1036,5,20,106,131,1.2290076335877862,0.04410642855716718,674,"OK, good. Now tell me a hair - raising tale."
2686,1037,6,15,97,118,1.228813559322034,0.048758328646135496,674,Of course it's oily. I haven't washed it in twenty years.
641,1038,6,20,114,140,1.2285714285714286,0.04341872555669784,674,Enough with the Moroccan oil already!
1558,1039,8,15,113,136,1.2279411764705883,0.04663737615414406,674,Fake News! I'm a girl!
1861,1040,4,22,106,132,1.2272727272727273,0.042464704276476285,674,"Rapunzel, Rapunzel, pull up your hair!"
1720,1040,5,20,107,132,1.2272727272727273,0.04380538243518159,674,I suggest you head for the hills.  I'm getting a blowout.
1754,1040,4,22,106,132,1.2272727272727273,0.042464704276476285,674,Have you seen my barrette?
1729,1040,6,18,108,132,1.2272727272727273,0.045106229628472036,674,"I am sorry the damp, filth and mites killed your libido."
1571,1040,6,18,108,132,1.2272727272727273,0.045106229628472036,674,Worst Airbnb ever. 4 out of 5 stars.
1640,1040,6,18,108,132,1.2272727272727273,0.045106229628472036,674,OK.  Let’s get one thing straight.
1888,1040,3,24,105,132,1.2272727272727273,0.04108029562070666,674,Warn me next time you let your hair down?
1551,1040,4,22,106,132,1.2272727272727273,0.042464704276476285,674,"Next time, use the elevator."
1699,1040,2,26,104,132,1.2272727272727273,0.039647575805851216,674,She's gonna wash that man right outta her hair.
1906,1040,3,24,105,132,1.2272727272727273,0.04108029562070666,674,"OK Repunzel, enough with the hair!"
2779,1040,3,24,105,132,1.2272727272727273,0.04108029562070666,674,I hope you enjoyed your hair raising experience.
2925,1040,4,22,106,132,1.2272727272727273,0.042464704276476285,674,I'll ditch the new conditioner.
2205,1040,4,22,106,132,1.2272727272727273,0.042464704276476285,674,It’s the satin pillowcase I’ve been sleeping on
2374,1040,4,22,106,132,1.2272727272727273,0.042464704276476285,674,Cut my hair? Are you insane?
2391,1040,4,22,106,132,1.2272727272727273,0.042464704276476285,674,Too much mousse?
2629,1040,5,20,107,132,1.2272727272727273,0.04380538243518159,674,Well you didn't say 'Let down your braid.'
2676,1040,4,22,106,132,1.2272727272727273,0.042464704276476285,674,Can we try braids?
2796,1040,4,22,106,132,1.2272727272727273,0.042464704276476285,674,Oh - this is what you meant by heir apparent!?
2810,1040,6,18,108,132,1.2272727272727273,0.045106229628472036,674,Did I overdo it with the hair extensions?
1535,1040,4,22,106,132,1.2272727272727273,0.042464704276476285,674,Don't blame me; blame the conditioner.
2832,1040,7,16,109,132,1.2272727272727273,0.0463705981447337,674,"No, no. Not all your hair!"
1911,1040,6,18,108,132,1.2272727272727273,0.045106229628472036,674,"Oh Reginald, it must be my new detangler!"
1523,1040,4,22,106,132,1.2272727272727273,0.042464704276476285,674,Hey--I'm just letting my hair down.
568,1040,3,24,105,132,1.2272727272727273,0.04108029562070666,674,I'm sure I told them just a little wave.
1465,1040,5,20,107,132,1.2272727272727273,0.04380538243518159,674,just get the leaves out.
1495,1040,5,20,107,132,1.2272727272727273,0.04380538243518159,674,"Um, I guess you didn't have time to braid your hair first."
178,1040,3,24,105,132,1.2272727272727273,0.04108029562070666,674,Braids went out of style !
242,1040,4,22,106,132,1.2272727272727273,0.042464704276476285,674,Well of course it's a little oily!
256,1040,6,18,108,132,1.2272727272727273,0.045106229628472036,674,My cream rinse makes is satiny smooth and slippery as hell!
263,1040,4,22,106,132,1.2272727272727273,0.042464704276476285,674,I just washed my hair. Try later in the week when I have some tangles!
312,1040,3,24,105,132,1.2272727272727273,0.04108029562070666,674,"Sorry, it’s a new conditioner."
466,1040,6,18,108,132,1.2272727272727273,0.045106229628472036,674,The effects of climate change have gone too far.
527,1040,3,24,105,132,1.2272727272727273,0.04108029562070666,674,Wheeee!!
696,1040,4,22,106,132,1.2272727272727273,0.042464704276476285,674,Sorry would a braid work better?
202,1040,3,24,105,132,1.2272727272727273,0.04108029562070666,674,Too late for a hair cut?
849,1040,3,24,105,132,1.2272727272727273,0.04108029562070666,674,Just use the stairs.
890,1040,4,22,106,132,1.2272727272727273,0.042464704276476285,674,Next time bring a ladder!
965,1040,2,26,104,132,1.2272727272727273,0.039647575805851216,674,I’m thinking of donating to Wigs for Kids.
1051,1040,4,22,106,132,1.2272727272727273,0.042464704276476285,674,"It's been a while since anyone asked me to let it all hang out."""
1129,1040,4,22,106,132,1.2272727272727273,0.042464704276476285,674,I said to wear comfortable shoes!
1159,1040,6,18,108,132,1.2272727272727273,0.045106229628472036,674,Maybe I overdid it with my new volumizing shampoo?
1290,1040,3,24,105,132,1.2272727272727273,0.04108029562070666,674,"Rapunzel, Rapunzel!  Send down a life-preserver!"
1389,1040,8,14,110,132,1.2272727272727273,0.04760139486721281,674,He's been like this since Woodstock.
1335,1040,4,22,106,132,1.2272727272727273,0.042464704276476285,674,I  use conditioner to give it body.
795,1040,5,20,107,132,1.2272727272727273,0.04380538243518159,674,"Help, I am in extension hell."
1223,1085,6,18,109,133,1.2255639097744362,0.044798403337642796,674,And don't come back until you've donated to Bernie!
1488,1085,6,18,109,133,1.2255639097744362,0.044798403337642796,674,This political climate has me parted down the middle
2042,1085,3,24,106,133,1.2255639097744362,0.04080604663458454,674,Maybe it's time to change conditioner.
2158,1085,4,22,107,133,1.2255639097744362,0.04217884076757722,674,"OK, new plan.  Tomorrow, I won't use conditioner."
2178,1085,2,26,105,133,1.2255639097744362,0.03938543227376263,674,It’s easier to climb if you braid it first.
2260,1085,3,24,106,133,1.2255639097744362,0.04080604663458454,674,Welcome to Woodstock.
2820,1085,5,20,108,133,1.2255639097744362,0.043508341442180715,674,Rapunzel? I was looking for Brenda's tower.
2551,1085,6,18,109,133,1.2255639097744362,0.044798403337642796,674,Art thou one of the Queer Eye?
2645,1085,2,26,105,133,1.2255639097744362,0.03938543227376263,674,"A scissor, a scissor, my kingdom for a scissor."
2792,1085,0,30,103,133,1.2255639097744362,0.0363781519910736,674,"In hindsight, the mousse application probably wasn't the best idea."
2844,1085,7,16,110,133,1.2255639097744362,0.04605234096280959,674,Washed that man right out of my hair
2903,1085,4,22,107,133,1.2255639097744362,0.04217884076757722,674,"Forgive me my prince, I'm having a bad hair day"
3002,1085,4,22,107,133,1.2255639097744362,0.04217884076757722,674,"Next time, bring a curling iron."
1154,1085,5,20,108,133,1.2255639097744362,0.043508341442180715,674,"Yes, I’m leaving! Why? ...first thing, you use too much gel, secondly , you look just like me."
2490,1085,5,20,108,133,1.2255639097744362,0.043508341442180715,674,You might want to ease off the volumizer
1134,1085,4,22,107,133,1.2255639097744362,0.04217884076757722,674,My neck muscles are to die for!
1186,1085,6,18,109,133,1.2255639097744362,0.044798403337642796,674,"To cut a long story short, he dyed."
1020,1085,4,22,107,133,1.2255639097744362,0.04217884076757722,674,Someone should've told her Woodstock 50 was cancelled.
1022,1085,6,18,109,133,1.2255639097744362,0.044798403337642796,674,Let me know if you find a pizza down there.
206,1085,3,24,106,133,1.2255639097744362,0.04080604663458454,674,At least I didn’t use gel.
432,1085,3,24,106,133,1.2255639097744362,0.04080604663458454,674,"Sorry, my new conditioner is really slick ~"
449,1085,4,22,107,133,1.2255639097744362,0.04217884076757722,674,Way too much conditioner!
458,1085,5,20,108,133,1.2255639097744362,0.043508341442180715,674,"Rob, I'm so sorry. No one has seen my hair since I started this effort, and thus I wouldn't have guessed that it would be so heavy and overwhelm you like this. But are those really your shoes?  Because if so, this relationship wasn't going anywhere"
551,1085,7,16,110,133,1.2255639097744362,0.04605234096280959,674,How many times must I tell you I'm NOT  Rapunzel!
577,1085,4,22,107,133,1.2255639097744362,0.04217884076757722,674,OK! I admit I didn’t understand what I was asking for!
157,1085,4,22,107,133,1.2255639097744362,0.04217884076757722,674,Weeeeee…Watch out for the knots.
672,1085,4,22,107,133,1.2255639097744362,0.04217884076757722,674,Next time bring an extensions ladder.
720,1085,4,22,107,133,1.2255639097744362,0.04217884076757722,674,Is a simple plait too much to ask?
777,1085,3,24,106,133,1.2255639097744362,0.04080604663458454,674,These Rogaine ads are just getting weirder and weirder.
910,1085,2,26,105,133,1.2255639097744362,0.03938543227376263,674,And you thought hair traps were only for your sink!!
952,1085,5,20,108,133,1.2255639097744362,0.043508341442180715,674,"Feeling like Congress should do something about guns now too, huh?"
983,1085,7,16,110,133,1.2255639097744362,0.04605234096280959,674,"Numbskull, numbskull, let go of my hair!"
613,1085,6,18,109,133,1.2255639097744362,0.044798403337642796,674,Rapunzel knew her extensions would sweep the prince off his feet.
2299,1118,6,17,106,129,1.2248062015503876,0.04569700047500619,674,Local tower height restrictions have made this less romantic.
2307,1118,5,19,105,129,1.2248062015503876,0.0443519088811853,674,Have you considered putting it in a bun?
1351,1120,4,21,105,130,1.2230769230769232,0.04266800546039562,674,Gosh Rupunzel when I said let down your hair I didnt mean all the way
1374,1120,4,21,105,130,1.2230769230769232,0.04266800546039562,674,"maybe I am born with it, maybe its Maybelline"
1425,1120,6,17,107,130,1.2230769230769232,0.04537708517216677,674,I dropped down a ladder along with my hair. Was that OK ?
1634,1120,4,21,105,130,1.2230769230769232,0.04266800546039562,674,Rapunsel dumped me!
1455,1120,4,21,105,130,1.2230769230769232,0.04266800546039562,674,"Thought her hair would be a come on, not a capture!"
1472,1120,5,19,106,130,1.2230769230769232,0.0440433794609952,674,Would you mind if I sent you down the road to go trim my split edges?
1583,1120,2,25,103,130,1.2230769230769232,0.039774835275769825,674,"""No, I'm Ralph. You've got me mixed up with my cousin Rapunzel."""
1618,1120,5,19,106,130,1.2230769230769232,0.0440433794609952,674,"The barber is in prison, remember?"
1619,1120,5,19,106,130,1.2230769230769232,0.0440433794609952,674,Rapunzel Rapunzel...next time only let down your guard
1352,1120,7,15,108,130,1.2230769230769232,0.04667269483433478,674,I put a lot of conditioner on it. I'll marry the first prince who makes it to the top!
1636,1120,6,17,107,130,1.2230769230769232,0.04537708517216677,674,I never had this problem with Rapinzel.
2719,1120,2,25,103,130,1.2230769230769232,0.039774835275769825,674,I told you just to take a little bit off the top.
1664,1120,6,17,107,130,1.2230769230769232,0.04537708517216677,674,You shouldn't given me Rogaine as an engagement gift.
1686,1120,7,15,108,130,1.2230769230769232,0.04667269483433478,674,Please Ivanka....I can't swim
2313,1120,6,17,107,130,1.2230769230769232,0.04537708517216677,674,Still want me to get dreadlocks?
3000,1120,3,23,104,130,1.2230769230769232,0.04124679509478872,674,"Oh, my beloved, it must be the new enchanted conditioner."
2484,1120,6,17,107,130,1.2230769230769232,0.04537708517216677,674,When I asked for a beard this isn’t what I had in mind.
2509,1120,5,19,106,130,1.2230769230769232,0.0440433794609952,674,"As he struggled free of the gray cascade, the prince knew he was too late to save Rapunzel."
2699,1120,4,21,105,130,1.2230769230769232,0.04266800546039562,674,What did you expect from a studio apartment?
2725,1120,3,23,104,130,1.2230769230769232,0.04124679509478872,674,You said 'Go heavy on the Rogaine tonight';  Did I use too much?
2769,1120,2,25,103,130,1.2230769230769232,0.039774835275769825,674,"When you pick up my birth control pills at CVS, don’t forget my shampoo and conditioner."
2777,1120,5,19,106,130,1.2230769230769232,0.0440433794609952,674,I said climb not surf!
1336,1120,5,19,106,130,1.2230769230769232,0.0440433794609952,674,"Oh, I forgot to tell you. I'm using a full body shampoo now."
1650,1120,5,19,106,130,1.2230769230769232,0.0440433794609952,674,Wait a minute...didn’t I tell you to stop using this Pantene..?
1303,1120,5,19,106,130,1.2230769230769232,0.0440433794609952,674,Why didn't you tell me your last name was Krishna?
2416,1120,3,23,104,130,1.2230769230769232,0.04124679509478872,674,The moment that the thought-to-be captee turned the tables and became the captor.
1222,1120,5,19,106,130,1.2230769230769232,0.0440433794609952,674,No one seems interested in the hairway to my heart.
37,1120,4,21,105,130,1.2230769230769232,0.04266800546039562,674,"This is the mane way I plan to keep you 
from leaving me."
93,1120,2,25,103,130,1.2230769230769232,0.039774835275769825,674,It's a new conditioner.
141,1120,4,21,105,130,1.2230769230769232,0.04266800546039562,674,Maybe I should have come up BEFORE you used the conditioner.
172,1120,6,17,107,130,1.2230769230769232,0.04537708517216677,674,"Doesn't take much for you to give up, does it?"
226,1120,8,13,109,130,1.2230769230769232,0.04793329769039268,674,I told you “Enough with the Rogaine.”
243,1120,6,17,107,130,1.2230769230769232,0.04537708517216677,674,"Golden stair"" is a metaphor, you moron"
282,1120,4,21,105,130,1.2230769230769232,0.04266800546039562,674,"That's why they call it ""finishing"" rinse."
1257,1120,2,25,103,130,1.2230769230769232,0.039774835275769825,674,"I'm actually thinking of putting it ""up"" for a change."
285,1120,5,19,106,130,1.2230769230769232,0.0440433794609952,674,"Now, what am I supposed to do?"
484,1120,3,23,104,130,1.2230769230769232,0.04124679509478872,674,Next time maybe skip the conditioner?
488,1120,3,23,104,130,1.2230769230769232,0.04124679509478872,674,"I used ""Smooth and Silky"" today."
199,1120,3,23,104,130,1.2230769230769232,0.04124679509478872,674,"I hate to give you the brush off this way, Sir Harold."
528,1120,3,23,104,130,1.2230769230769232,0.04124679509478872,674,Must you complain? I love my new conditioner.
703,1120,3,23,104,130,1.2230769230769232,0.04124679509478872,674,I chose the tidal wave over the permanent wave.
773,1120,7,15,108,130,1.2230769230769232,0.04667269483433478,674,Snaired!
979,1120,4,21,105,130,1.2230769230769232,0.04266800546039562,674,"You misunderstood, I suggested that you wax your other jungle!"
1029,1120,6,17,107,130,1.2230769230769232,0.04537708517216677,674,I told you to use the door by the gatehouse.
1033,1120,5,19,106,130,1.2230769230769232,0.0440433794609952,674,I THINK IT'S TIME FOR A TRIM
496,1120,3,23,104,130,1.2230769230769232,0.04124679509478872,674,Next time bring a comb
1103,1120,4,21,105,130,1.2230769230769232,0.04266800546039562,674,"I mean sure - I can toss you down a brush. But, I haven’t heard your horse or seen any movement for like ten minutes."
1184,1120,4,21,105,130,1.2230769230769232,0.04266800546039562,674,"Okay, uh ... just a little shake should do it, then I’ll be outta your hair."
1185,1120,6,17,107,130,1.2230769230769232,0.04537708517216677,674,"Bad Hair Day!!!
Try again tomorrow. I'll use a firmer  more climbable spray ."
1199,1120,6,17,107,130,1.2230769230769232,0.04537708517216677,674,The Prince was having a bad hair day....
2092,1170,6,18,111,135,1.2222222222222223,0.04419498815558842,674,No one ever taught you how to braid a rope?
2123,1171,8,10,100,118,1.2203389830508475,0.05125626381883711,674,My drains are clogged...third time this week.
1460,1172,2,24,102,128,1.21875,0.0398963655025738,674,It's just an oil treatment for split ends
2668,1172,3,22,103,128,1.21875,0.04140955779017633,674,At least Rapunzel's hair was soft.
2600,1172,4,20,104,128,1.21875,0.042869371029220206,674,I’m sorry I didn’t notice you cut your hair. Please let me back inside.
2355,1172,4,20,104,128,1.21875,0.042869371029220206,674,"You're gonna make some lucky princess really happy one day, it's just not me."
2166,1172,2,24,102,128,1.21875,0.0398963655025738,674,We've been having issues with hard water.
2157,1172,5,18,105,128,1.21875,0.04428108477108411,674,"If you had come when I was first locked up, you could have used my braids."
2018,1172,6,16,106,128,1.21875,0.04564916170716533,674,Because I will no longer be a tool of the toxic and oppressive male hierarchy. That's why!
1921,1172,1,26,101,128,1.21875,0.03832347171449853,674,You seriously didn't expect me to braid all of it...
1830,1172,3,22,103,128,1.21875,0.04140955779017633,674,I see you have some combitment issues
1700,1172,3,22,103,128,1.21875,0.04140955779017633,674,Oy! - this wasn’t in your tinder profile...!
1644,1172,4,20,104,128,1.21875,0.042869371029220206,674,These weaves are getting out of hand.
1517,1172,2,24,102,128,1.21875,0.0398963655025738,674,So glad I found that nice silky conditioner!
2739,1172,6,16,106,128,1.21875,0.04564916170716533,674,"I know you don’t like waxing, but how about a little trim?"
1156,1172,3,22,103,128,1.21875,0.04140955779017633,674,"I said ""hair"", not ""snare""!"
14,1172,4,20,104,128,1.21875,0.042869371029220206,674,You should use the stairs!
1083,1172,6,16,106,128,1.21875,0.04564916170716533,674,"Well, you said to let my hair down..."
3,1172,5,18,105,128,1.21875,0.04428108477108411,674,How will I ever escape with all these hair-brained rescue attempts?
2840,1172,4,20,104,128,1.21875,0.042869371029220206,674,"Oh, Drat!! I keep forgetting to say, “Stand back!”"
59,1172,2,24,102,128,1.21875,0.0398963655025738,674,I've been stuck here for seventy years - what did you expect?
177,1172,4,20,104,128,1.21875,0.042869371029220206,674,It was more fun when you had a perm.
391,1172,3,22,103,128,1.21875,0.04140955779017633,674,You have to be careful of what you ask for.
1141,1172,3,22,103,128,1.21875,0.04140955779017633,674,"Sorry, there's no conditioner up here!"
422,1172,4,20,104,128,1.21875,0.042869371029220206,674,Rapunzel?  Van Winkle?  What's in a name?
447,1172,3,22,103,128,1.21875,0.04140955779017633,674,Check out my new fall.
450,1172,0,28,100,128,1.21875,0.03668319762764659,674,Is that a wig?
580,1172,0,28,100,128,1.21875,0.03668319762764659,674,Sorry. I just washed it and can’t do a thing with it.
771,1172,6,16,106,128,1.21875,0.04564916170716533,674,Why Otis invented the elevator.
1012,1172,4,20,104,128,1.21875,0.042869371029220206,674,Don't let an unexpected cascade of gorgeous flaxen hair discourage you from rescuing the fond maiden of your dreams!
440,1172,6,16,106,128,1.21875,0.04564916170716533,674,Oily hair?
1269,1201,5,16,98,119,1.218487394957983,0.04646707114081311,674,Let down... Pull up.  Make up your mind.
566,1202,5,17,102,124,1.217741935483871,0.045171358137465624,674,Did I mention that I have pubic ectoparasites.
2461,1202,2,23,99,124,1.217741935483871,0.0405839939544974,674,I blame your shoes.
1440,1202,5,17,102,124,1.217741935483871,0.045171358137465624,674,"Harry, Duke of Locksley, and his Royal Hairdresser, Robin of Knottingham"
2410,1205,6,14,100,120,1.2166666666666666,0.047608542258559663,674,I have more pubes than hair on my head - this is a metaphor for the current political gun crisis in America.
2311,1206,4,19,102,125,1.216,0.0433797931255199,674,What's taking you so long?  You just need to get a grip.
1581,1206,3,21,101,125,1.216,0.04186614615113729,674,Highlights are a fortune.
1724,1206,4,19,102,125,1.216,0.0433797931255199,674,Oh it's you! I thought I had a bad case of lice again.
1873,1206,4,19,102,125,1.216,0.0433797931255199,674,Medieval Rogaine Clinical Trial
2070,1206,1,25,99,125,1.216,0.03866147536526969,674,I didn’t realize this relationship could get so hairy so fast.
2080,1206,5,17,103,125,1.216,0.044842376271529365,674,I said ‘by my side’ not ‘try my slide.’
2109,1206,8,11,106,125,1.216,0.04896871944283379,674,"Yikes, so  sorry I couldn't have gotten here a few years earlier, Rapunzel!"
2154,1206,5,17,103,125,1.216,0.044842376271529365,674,So much for virgins shrouded in what seem to be golden locks.
2206,1206,3,21,101,125,1.216,0.04186614615113729,674,They said trimming your hair every 3-4 weeks will make it grow faster
2316,1206,5,17,103,125,1.216,0.044842376271529365,674,"I get that long hair is your thing, but this is excessive."
2323,1206,5,17,103,125,1.216,0.044842376271529365,674,He wanted someone who would sweep him off his feet.
2528,1206,4,19,102,125,1.216,0.0433797931255199,674,"Can I suggest something? Next time you're leaving, think about why they call me Rappelunzel."
2800,1206,4,19,102,125,1.216,0.0433797931255199,674,Try Rapunzel. She doesn't use extensions!
2984,1206,5,17,103,125,1.216,0.044842376271529365,674,I think we just invented the zip line!
3056,1206,6,15,104,125,1.216,0.046258739366112606,674,"Alas, it’s true.  Falling in love is for fools."
1473,1206,4,19,102,125,1.216,0.0433797931255199,674,"While you're down there, mind checking for lice?"
1379,1206,5,17,103,125,1.216,0.044842376271529365,674,"#MeToo
#NeverAgain
#SilkiestShampooEver"
1866,1206,4,19,102,125,1.216,0.0433797931255199,674,Wrong Fairy Tale!
1318,1206,4,19,102,125,1.216,0.0433797931255199,674,Think I used too much hair product.
74,1206,2,23,100,125,1.216,0.04029568135028705,674,"I’ve waited this long, I’m not going to get rescued by a prince whose face looks exactly like mine. People would assume things. Into the hair with thee."
194,1206,3,21,101,125,1.216,0.04186614615113729,674,I'm trying a leave-in conditioner. Whaddya think?
1378,1206,6,15,104,125,1.216,0.046258739366112606,674,How long have we been stranded?
460,1206,5,17,103,125,1.216,0.044842376271529365,674,"You have green beans for feet and you're complaining that I relaxed my hair? And another thing, why is there a bed spring sticking out of your head? Kiss an aardvark and THIS is the prince I get? Burp! I'm Rapunzel!"
482,1206,6,15,104,125,1.216,0.046258739366112606,674,You can start brushing now!
570,1206,2,23,100,125,1.216,0.04029568135028705,674,"Here’s the deal, ditch the hair extensions or we are through."
760,1206,3,21,101,125,1.216,0.04186614615113729,674,"Honestly, the humidity has just been out of control!"
265,1206,5,17,103,125,1.216,0.044842376271529365,674,"I’m sorry, but my braids caused a lot of damage the last time!"
949,1206,3,21,101,125,1.216,0.04186614615113729,674,"Yes, but on the bright side my hair is silky smooth."
973,1206,7,13,105,125,1.216,0.047633005634816414,674,"Enough! A poisoned apple, a spindle prick and now this. I don’t care that he’s the older brother!"
908,1206,3,21,101,125,1.216,0.04186614615113729,674,"The next time you visit, ask for Medusa."""
1001,1206,3,21,101,125,1.216,0.04186614615113729,674,"I'm all for the concept, but some trimming wouldn't be undue."
1175,1206,5,17,103,125,1.216,0.044842376271529365,674,"It would be centuries, nae millennia, before another would take advantage of Sir Vlad's failed perfect opportunity to invent the surfboard."
1026,1206,0,27,98,125,1.216,0.03695507298538103,674,"You say, ""hair-brained"" like it's a bad thing."
1100,1206,7,13,105,125,1.216,0.047633005634816414,674,pray your pardon. it’s a bad hair day.
1496,1240,5,15,96,116,1.2155172413793103,0.047114703382027195,674,Where did the Duke of Gloucester go? Only her hairdresser knows for sure.
2078,1241,3,22,105,130,1.2153846153846153,0.040838871226503135,674,‘These boots are made for climbing’ he says.
1671,1242,5,16,101,122,1.2131147540983607,0.045423995988459524,674,You should see my underarms!
1732,1242,2,22,98,122,1.2131147540983607,0.04070491887853253,674,My mother said you'd be hair today and gone tomorrow.
1835,1242,1,24,97,122,1.2131147540983607,0.03900522303517854,674,I told you the stairs were better.
1848,1242,3,20,99,122,1.2131147540983607,0.04233643133037792,674,Take your time.
1892,1242,6,14,102,122,1.2131147540983607,0.04689160274978323,674,Keep it captionless!
1914,1242,3,20,99,122,1.2131147540983607,0.04233643133037792,674,I told you it was a fall.
1935,1242,4,18,100,122,1.2131147540983607,0.043907361736680285,674,I think you're using too much conditioner.
2010,1242,3,20,99,122,1.2131147540983607,0.04233643133037792,674,Behind the Music: When Prince discovered Split Enz.
2014,1242,4,18,100,122,1.2131147540983607,0.043907361736680285,674,Don't mock my man bun.
2076,1242,4,18,100,122,1.2131147540983607,0.043907361736680285,674,The Rapunzel Water Slide at Six Flags was recently closed after a fatal mishap.
2148,1242,2,22,98,122,1.2131147540983607,0.04070491887853253,674,Free Solo
1631,1242,3,20,99,122,1.2131147540983607,0.04233643133037792,674,Keratin overdose.
2185,1242,5,16,101,122,1.2131147540983607,0.045423995988459524,674,Say when.
2297,1242,3,20,99,122,1.2131147540983607,0.04233643133037792,674,Me thinks it's the cream rinse.
2375,1242,3,20,99,122,1.2131147540983607,0.04233643133037792,674,Are these frosted tips?
2647,1242,4,18,100,122,1.2131147540983607,0.043907361736680285,674,"Perhaps Rapunzel, you could get some short layers."
2693,1242,2,22,98,122,1.2131147540983607,0.04070491887853253,674,Next visit letting down a golden braid might be less harrowing.
2707,1242,4,18,100,122,1.2131147540983607,0.043907361736680285,674,"Well the volume's good, but I think I need to use less conditioner."
2730,1242,4,18,100,122,1.2131147540983607,0.043907361736680285,674,That keratin treatment is really slick.
2906,1242,2,22,98,122,1.2131147540983607,0.04070491887853253,674,Where do you get lanoline anyway?
2933,1242,4,18,100,122,1.2131147540983607,0.043907361736680285,674,I wish you would stop treating me like a plaything.
2988,1242,4,18,100,122,1.2131147540983607,0.043907361736680285,674,Oh sorry—must be my new conditioner!
2171,1242,3,20,99,122,1.2131147540983607,0.04233643133037792,674,Why did you use so much conditioner?
1623,1242,5,16,101,122,1.2131147540983607,0.045423995988459524,674,"Minoxidil, works wonders."
304,1242,6,14,102,122,1.2131147540983607,0.04689160274978323,674,"Damn straight, keep your big government hands off my hair, my tower, and every other thing I cling to fiercely on principle even though it’s totally self-defeating"
1572,1242,5,16,101,122,1.2131147540983607,0.045423995988459524,674,What a hairy experience this is!
19,1242,1,24,97,122,1.2131147540983607,0.03900522303517854,674,"Come back in six months, I'll have it braided by then."
116,1242,1,24,97,122,1.2131147540983607,0.03900522303517854,674,Too much of the volumizer?
181,1242,3,20,99,122,1.2131147540983607,0.04233643133037792,674,You don't look anything like your Tinder picture.
463,1242,2,22,98,122,1.2131147540983607,0.04070491887853253,674,Is my hair down far enough?
472,1242,6,14,102,122,1.2131147540983607,0.04689160274978323,674,"Rapunzel, Rapunzel - let your heir down!"
499,1242,3,20,99,122,1.2131147540983607,0.04233643133037792,674,"Sorry, I used conditioner."
584,1242,3,20,99,122,1.2131147540983607,0.04233643133037792,674,Beta testing Disney World's proposed newest  attraction.
589,1242,2,22,98,122,1.2131147540983607,0.04070491887853253,674,For this lady the curtains are the drapes.
602,1242,6,14,102,122,1.2131147540983607,0.04689160274978323,674,It isn't hat hair after all.
683,1242,4,18,100,122,1.2131147540983607,0.043907361736680285,674,"Perhaps this is why ""It's a fairy tale""  will someday become a downer."
232,1242,4,18,100,122,1.2131147540983607,0.043907361736680285,674,Maybe it's my conditioner...?
941,1242,3,20,99,122,1.2131147540983607,0.04233643133037792,674,"Hast thou any ideas, Lord Pantene?"
840,1242,4,18,100,122,1.2131147540983607,0.043907361736680285,674,He said he was looking for his scissors.
1498,1242,6,14,102,122,1.2131147540983607,0.04689160274978323,674,I warned the Grimm Brothers not to work with Escher.
1412,1242,1,24,97,122,1.2131147540983607,0.03900522303517854,674,Perhaps I should have braided my hair this morning.
1253,1242,5,16,101,122,1.2131147540983607,0.045423995988459524,674,Didn't you read then sign? No solicitors!
1228,1242,2,22,98,122,1.2131147540983607,0.04070491887853253,674,Maybe I should cut back on the volumizer.
1595,1242,4,18,100,122,1.2131147540983607,0.043907361736680285,674,And furthermore I find your nose hair very unsightly.
1195,1242,4,18,100,122,1.2131147540983607,0.043907361736680285,674,This is the last time I'll ask you to get out of my hair.
1224,1242,6,14,102,122,1.2131147540983607,0.04689160274978323,674,"Yeah, but the sex is good"
1087,1242,4,18,100,122,1.2131147540983607,0.043907361736680285,674,"I'll try a different conditioner."""
989,1242,4,18,100,122,1.2131147540983607,0.043907361736680285,674,I'm sorry but they confiscated my barrettes.
2943,1290,5,15,98,118,1.2118644067796611,0.046384093448669866,674,"The Nevacuts found novel ways to deal with their enemies, the Clipalots."
821,1291,4,18,101,123,1.2113821138211383,0.043583382133913544,674,"Rapunzel, Rapunzel reel me in !"
57,1291,4,18,101,123,1.2113821138211383,0.043583382133913544,674,"Rapunzel, Rapunzel, I’m not a climber"
866,1291,5,16,102,123,1.2113821138211383,0.04508648599697628,674,I just used a gel. Try again wearing gloves.
2969,1294,4,17,99,120,1.2083333333333333,0.04411570179340408,674,I’ve switched to a new full body conditioner.
3048,1294,3,19,98,120,1.2083333333333333,0.04249869553663491,674,"Didn't you know?  Rapunzel is German for ""Braid it yourself."""
2710,1294,4,17,99,120,1.2083333333333333,0.04411570179340408,674,Next time grab my nose.
2369,1294,4,17,99,120,1.2083333333333333,0.04411570179340408,674,Maybe this is why fairytales are so heteronormative.
2305,1294,3,19,98,120,1.2083333333333333,0.04249869553663491,674,I don't like jokes about my hair.
2274,1294,2,21,97,120,1.2083333333333333,0.04081768121668144,674,There's an elevator in back.
2034,1294,5,15,100,120,1.2083333333333333,0.04567549854280213,674,.  .  .  let down your golden ha. .  .  .  EEK !
1915,1294,5,15,100,120,1.2083333333333333,0.04567549854280213,674,"To be fair, you asked for it."
1898,1294,5,15,100,120,1.2083333333333333,0.04567549854280213,674,Sorry.  Not sorry.
1689,1294,2,21,97,120,1.2083333333333333,0.04081768121668144,674,"If you can’t handle the hair, don’t call for it!"
2749,1294,3,19,98,120,1.2083333333333333,0.04249869553663491,674,"Prince Charming, Prince Charming, bring a ladder."
1537,1294,3,19,98,120,1.2083333333333333,0.04249869553663491,674,Please don't brush me off.
1482,1294,3,19,98,120,1.2083333333333333,0.04249869553663491,674,When you need to run with scissors...
1194,1294,5,15,100,120,1.2083333333333333,0.04567549854280213,674,"Rapunzel,  Rapunzel pull-up your hair!!
I’ve fallen down your golden stair!"
132,1294,4,17,99,120,1.2083333333333333,0.04411570179340408,674,It must be the new conditioner I am using. It may have made my hair a little too silky & smooth.
150,1294,3,19,98,120,1.2083333333333333,0.04249869553663491,674,"You think this is bad, just wait till you see what the vacuum picks up."
218,1294,2,21,97,120,1.2083333333333333,0.04081768121668144,674,Maybe I shouldn't have used quite so much conditioner.
468,1294,5,15,100,120,1.2083333333333333,0.04567549854280213,674,You’re late.
1284,1294,1,23,96,120,1.2083333333333333,0.03906439654592997,674,What do you think of the new shampoo?
680,1294,6,13,101,120,1.2083333333333333,0.04718375980718878,674,"Yeah, it’s real slippery. 
Haven’t washed it in years."
838,1294,6,13,101,120,1.2083333333333333,0.04718375980718878,674,She did not chose you
1046,1294,1,23,96,120,1.2083333333333333,0.03906439654592997,674,"Well, you did say I should let my hair down more."
1183,1294,1,23,96,120,1.2083333333333333,0.03906439654592997,674,You should have told me the tangles helped you climb...
677,1294,2,21,97,120,1.2083333333333333,0.04081768121668144,674,"Are you sure this is the best way to do this"""
561,1318,6,13,102,121,1.2066115702479339,0.046823852807323284,674,"Hey, man!
You got me caught in a hairy situation!""
I thought you were
Rapunzel!"
1286,1318,3,19,99,121,1.2066115702479339,0.04218115753776808,674,It's Rogaine you twit.
2049,1318,3,19,99,121,1.2066115702479339,0.04218115753776808,674,Shampooing daily is a slippery slope.
1113,1321,2,20,95,117,1.205128205128205,0.04123509749376133,674,"You could've brought a ladder, you know."
2789,1321,6,12,99,117,1.205128205128205,0.04785166800259878,674,Watch out for the lice.
2450,1321,3,18,96,117,1.205128205128205,0.0429848285055057,674,LOL Rapunzel but WTF?
2331,1321,6,12,99,117,1.205128205128205,0.04785166800259878,674,I think I've hit a dead end.
1834,1321,2,20,95,117,1.205128205128205,0.04123509749376133,674,They’re doing some really cute things with up-do’s lately.
1131,1321,5,14,98,117,1.205128205128205,0.04628628213956272,674,What do you mean you failed at rope climbing in knight school?
3041,1321,6,12,99,117,1.205128205128205,0.04785166800259878,674,"Es,see,eye,see,see,oh,are,es."
1041,1321,5,14,98,117,1.205128205128205,0.04628628213956272,674,"Sorry, it's the new conditioner."
900,1321,3,18,96,117,1.205128205128205,0.0429848285055057,674,"You’re wrong, sir. I CAN do a thing with my hair!"
234,1321,3,18,96,117,1.205128205128205,0.0429848285055057,674,"Rather than climb my glam thick tresses, 
why not redesign my damn brick dresses?"
118,1321,2,20,95,117,1.205128205128205,0.04123509749376133,674,You must be spending a fortune on shampoo
36,1321,5,14,98,117,1.205128205128205,0.04628628213956272,674,I promise...I won't post this on social media.
1044,1321,4,16,97,117,1.205128205128205,0.044666068754430015,674,I forgot to mention that I started using V05 hair volumizing conditioner.
2216,1334,4,17,101,122,1.2049180327868851,0.043456105251336315,674,Trying out the hair slide at the amusement park in medieval times
1117,1335,3,17,93,113,1.2035398230088497,0.043834989753693564,674,I could have been somebody if only I passed my court jester finals.
2480,1335,2,19,92,113,1.2035398230088497,0.04199379137219394,674,"""Oh, there you are.  Did you happen to see my egg salad sandwich on the way down."""
1905,1337,4,18,106,128,1.203125,0.04203159988365334,674,"You know, I never really understood Disney’s title until now."
1751,1338,2,19,93,114,1.2017543859649122,0.041662070036289175,674,Curses. I'm never using a dating app again.
1995,1338,3,17,94,114,1.2017543859649122,0.04348543980269309,674,You bought me the conditioner
2079,1338,3,17,94,114,1.2017543859649122,0.04348543980269309,674,Mother gets scissor happy with those who get tangled.
2219,1338,2,19,93,114,1.2017543859649122,0.041662070036289175,674,"What's the matter buddy, you pulled it out, now put it back!"
2889,1338,6,11,97,114,1.2017543859649122,0.04854636608654232,674,I guess buying a shampoo with a 'Glisten like an ice cap' effect wasn't a good idea.
2640,1338,3,17,94,114,1.2017543859649122,0.04348543980269309,674,This is what happens after working one's way through the moat!
2759,1338,3,17,94,114,1.2017543859649122,0.04348543980269309,674,Get my split ends on your way out.
2836,1338,4,15,95,114,1.2017543859649122,0.045235371889248636,674,Methinks we need a higher tower.
3038,1338,4,15,95,114,1.2017543859649122,0.045235371889248636,674,"Sorry, I tried a new conditioner this morning."
2580,1338,6,11,97,114,1.2017543859649122,0.04854636608654232,674,"It's over, Dummy! That's why I changed my shampoo!"
1370,1338,1,21,92,114,1.2017543859649122,0.03975515921969982,674,"Who'd you expect, Rapunzel?"
1121,1338,2,19,93,114,1.2017543859649122,0.041662070036289175,674,"Rapunzel, Rapunzel, cut off your hair!"
1139,1338,4,15,95,114,1.2017543859649122,0.045235371889248636,674,Your shampoo bill must be murder!
1172,1338,4,15,95,114,1.2017543859649122,0.045235371889248636,674,"It's called 'Hirsutism', Rapunzel."
618,1338,2,19,93,114,1.2017543859649122,0.041662070036289175,674,You better ride the wave outta here before my boyfried gets back.
624,1338,4,15,95,114,1.2017543859649122,0.045235371889248636,674,It’s Mr. Rapunzel!
715,1338,6,11,97,114,1.2017543859649122,0.04854636608654232,674,Imagine what her pubic hair looks like.
160,1338,6,11,97,114,1.2017543859649122,0.04854636608654232,674,"It's all your damn fault, Sir Rogaine."
968,1338,3,17,94,114,1.2017543859649122,0.04348543980269309,674,"Rapunzel,  when I asked you to let your hair down,  I was speaking metaphorically!"
1062,1338,2,19,93,114,1.2017543859649122,0.041662070036289175,674,"Trim ! , surely you jest"
1102,1338,5,13,96,114,1.2017543859649122,0.04692008381368906,674,Is this what you meant by Al Dente?
1112,1338,2,19,93,114,1.2017543859649122,0.041662070036289175,674,I'm sorry! I just finished conditioning.
902,1338,4,15,95,114,1.2017543859649122,0.045235371889248636,674,"Rapunzel, Rapunzel, I do detect some split ends."
2125,1361,3,17,95,115,1.2,0.04314133372787616,674,There's a hair in my pizza.
2437,1361,2,19,94,115,1.2,0.04133544936883189,674,"No, no...untangle from the tips and THEN work your way up."
2435,1361,5,13,97,115,1.2,0.04654336986524961,674,You should have used a better conditioner!
2402,1361,2,19,94,115,1.2,0.04133544936883189,674,You're French; I assumed you could braid.
2347,1361,3,17,95,115,1.2,0.04314133372787616,674,I guess I left the conditioner on a little too long.
2322,1361,2,19,94,115,1.2,0.04133544936883189,674,"Well,mister smart guy,you didn't say where."
2272,1361,6,11,98,115,1.2,0.04815434123430769,674,ANOTHER Rapunzel cartoon caption!?
2147,1361,2,19,94,115,1.2,0.04133544936883189,674,"Okay, the coast is clear. Send the Guatemalans down"
2115,1361,4,15,96,115,1.2,0.044874602807341984,674,Mother said this was a trap.
1743,1361,5,13,97,115,1.2,0.04654336986524961,674,"Rapunzel, Rapunzel, I said, “Let down the hare!”"
1990,1361,4,15,96,115,1.2,0.044874602807341984,674,The tangles! Climb the tangles!
1785,1361,2,19,94,115,1.2,0.04133544936883189,674,My hair is too long for a brush... This is the alternative.
1757,1361,1,21,93,115,1.2,0.0394469779986572,674,So sorry. I forgot to use the detangling conditioner.
2446,1361,4,15,96,115,1.2,0.044874602807341984,674,"Ok, I lied about it being non-GMO."
1715,1361,3,17,95,115,1.2,0.04314133372787616,674,Bad hair day?
1704,1361,5,13,97,115,1.2,0.04654336986524961,674,Hi! I''m a Democrat and I'm running for President.
1629,1361,5,13,97,115,1.2,0.04654336986524961,674,About time you showed up!
1597,1361,4,15,96,115,1.2,0.044874602807341984,674,I think it's a wig.
1991,1361,3,17,95,115,1.2,0.04314133372787616,674,I detest Barber of Seville
2516,1361,5,13,97,115,1.2,0.04654336986524961,674,Therein rubs the lice.
2652,1361,7,9,99,115,1.2,0.049713135899949676,674,And you call yourself a hairdresser!
2576,1361,4,15,96,115,1.2,0.044874602807341984,674,It's my new contraceptive - hair oil!
3053,1361,3,17,95,115,1.2,0.04314133372787616,674,Is this my brush with death?
3024,1361,2,19,94,115,1.2,0.04133544936883189,674,Sorry. New crème rinse.
2996,1361,3,17,95,115,1.2,0.04314133372787616,674,"One of us needs to wake up from this nightmare, now!"
2985,1361,5,13,97,115,1.2,0.04654336986524961,674,I should have skipped the conditioner this morning!
2968,1361,1,21,93,115,1.2,0.0394469779986572,674,Would braids make it easier for you?
2944,1361,6,11,98,115,1.2,0.04815434123430769,674,This is private property.
2939,1361,3,17,95,115,1.2,0.04314133372787616,674,You'll get used to it after some conditioning.
2920,1361,3,17,95,115,1.2,0.04314133372787616,674,I told you the extensions wouldn't hold.
2562,1361,2,19,94,115,1.2,0.04133544936883189,674,"Rasputin, Rasputin, Let down your hair!"
2807,1361,1,21,93,115,1.2,0.0394469779986572,674,Can you go to the store and pick up a gallon of shampoo?
2787,1361,4,15,96,115,1.2,0.044874602807341984,674,"Oh, sorry, I forgot to warn you, my hair can be a tidal wave of rage against the machine when it wants to be."
2783,1361,2,19,94,115,1.2,0.04133544936883189,674,I asked you to not use detangler before I arrive.
2755,1361,0,23,92,115,1.2,0.03746343246326776,674,I promise you — I’m worth it.
2685,1361,2,19,94,115,1.2,0.04133544936883189,674,Maybe I should have taken the stairs.
2657,1361,4,15,96,115,1.2,0.044874602807341984,674,Just take the elevator.
1566,1361,3,17,95,115,1.2,0.04314133372787616,674,The conditioner worked.
2605,1361,1,21,93,115,1.2,0.0394469779986572,674,Do you think I should cut bangs?
2583,1361,6,11,98,115,1.2,0.04815434123430769,674,#MeToo
2799,1361,3,17,95,115,1.2,0.04314133372787616,674,That's the last time I'll believe in fairy tales.
1544,1361,4,15,96,115,1.2,0.044874602807341984,674,Shear bliss.
1610,1361,5,13,97,115,1.2,0.04654336986524961,674,I might have overdone the volumizer!
1386,1361,4,15,96,115,1.2,0.044874602807341984,674,"I don't know what to tell you, maybe they shouldn't have called our story 'Tangled'."
638,1361,2,19,94,115,1.2,0.04133544936883189,674,Oops - too much conditioner!
543,1361,3,17,95,115,1.2,0.04314133372787616,674,Where's Rapunzel when you need her?
534,1361,2,19,94,115,1.2,0.04133544936883189,674,"I like the full body, Antoine, but I think it’s too soft and silky"
532,1361,3,17,95,115,1.2,0.04314133372787616,674,Somebody discovered gravity before Newton.
490,1361,2,19,94,115,1.2,0.04133544936883189,674,"From now on we'll call it (The Slippery When) ""Wet Look""."
1464,1361,2,19,94,115,1.2,0.04133544936883189,674,"It’s a ladder, not a slide"
434,1361,3,17,95,115,1.2,0.04314133372787616,674,This sounded like a really good plan over beers last night.
410,1361,2,19,94,115,1.2,0.04133544936883189,674,Undone by the worlds largest mullet
645,1361,2,19,94,115,1.2,0.04133544936883189,674,"Rapunzel, RAPUNZEL! Let me OUT of your golden hair!"
394,1361,5,13,97,115,1.2,0.04654336986524961,674,I said I was going to wash you out of my hair!
348,1361,4,15,96,115,1.2,0.044874602807341984,674,Thank goodness you're here. Can you see if I have split ends?
302,1361,3,17,95,115,1.2,0.04314133372787616,674,Didn't I date you once?
293,1361,5,13,97,115,1.2,0.04654336986524961,674,I forgot my safe word!
287,1361,3,17,95,115,1.2,0.04314133372787616,674,"Before you go, maybe trim a bit more off the sides!"
277,1361,3,17,95,115,1.2,0.04314133372787616,674,No more house calls.
209,1361,4,15,96,115,1.2,0.044874602807341984,674,"Smart home security systems aren’t available in this area.  Besides, intruders are unsuspecting of my traditional locks."
110,1361,2,19,94,115,1.2,0.04133544936883189,674,"Jack, whadda ya think I am, a beanstalk?"
18,1361,3,17,95,115,1.2,0.04314133372787616,674,Wait. Am I dyeing or dying?
389,1361,3,17,95,115,1.2,0.04314133372787616,674,Am I being wiped out by a big wave?
647,1361,3,17,95,115,1.2,0.04314133372787616,674,"Sorry, I conditioned this week."
467,1361,4,15,96,115,1.2,0.044874602807341984,674,I am tangled up in here.  Don’t you use conditioner?
667,1361,4,15,96,115,1.2,0.044874602807341984,674,What took you so long?
1359,1361,3,17,95,115,1.2,0.04314133372787616,674,"Not so fast, Rap!"
663,1361,3,17,95,115,1.2,0.04314133372787616,674,"""I'm due for a blowout."
1341,1361,3,17,95,115,1.2,0.04314133372787616,674,"Just ignore him, and he'll be out of your hair"
1279,1361,3,17,95,115,1.2,0.04314133372787616,674,Alittle less conditioner would be helpful.
1242,1361,2,19,94,115,1.2,0.04133544936883189,674,OK.  So I'm letting down my hair.  Now what?
1080,1361,3,17,95,115,1.2,0.04314133372787616,674,You've already let me down.
1056,1361,2,19,94,115,1.2,0.04133544936883189,674,"How many times have I told you!? This is how I wear my hair, that's all. This isn't about you."""
1043,1361,3,17,95,115,1.2,0.04314133372787616,674,I wish you wouldn't use so much gloss.
970,1361,4,15,96,115,1.2,0.044874602807341984,674,Entrapment?
1239,1361,5,13,97,115,1.2,0.04654336986524961,674,"I'm having a bad hair day."""
930,1361,2,19,94,115,1.2,0.04133544936883189,674,Let's try a braid next!
961,1361,3,17,95,115,1.2,0.04314133372787616,674,"Maybe you should rescue me later, when it’s not so humid."
781,1361,2,19,94,115,1.2,0.04133544936883189,674,Hurry up! My pixie cut is scheduled in an hour.
812,1361,5,13,97,115,1.2,0.04654336986524961,674,"On second thought, forget the whole thing!"
891,1361,2,19,94,115,1.2,0.04133544936883189,674,"Never mind, I thought it was Rapunzel, not Fabio!"
736,1361,2,19,94,115,1.2,0.04133544936883189,674,I thought you were Sleeping Beauty
927,1361,2,19,94,115,1.2,0.04133544936883189,674,I imagine you have already discovered the hairpin
929,1361,6,11,98,115,1.2,0.04815434123430769,674,Wait 'til you see the carpet.
907,1361,3,17,95,115,1.2,0.04314133372787616,674,"Don't forget to bring back a barrel of hair conditioner, Dear."
885,1446,3,17,96,116,1.1982758620689655,0.04280254792505459,674,Do you like my new conditioner?
1635,1446,4,15,97,116,1.1982758620689655,0.044519469295554885,674,"Yeah, So Rapunzel’s left the castle —what can I do for you buddy?"
3072,1446,5,13,98,116,1.1982758620689655,0.046172591261906815,674,"Unconditional love, unconditioned flow."
2308,1449,3,16,93,112,1.1964285714285714,0.04364226155841041,674,Good thing I did't braid it today.
1585,1449,1,20,91,112,1.1964285714285714,0.039785633992464986,674,Tresemme Foaming Mousse. Why?
1702,1449,3,16,93,112,1.1964285714285714,0.04364226155841041,674,I shall need a fork and a spoon
1799,1449,3,16,93,112,1.1964285714285714,0.04364226155841041,674,"Sorry, I used too much conditioner!"
2168,1449,3,16,93,112,1.1964285714285714,0.04364226155841041,674,"Almost cut my hair 
Happened just the other day 
It's gettin' kind of long 
I could've said it was in my way"
2332,1449,4,14,94,112,1.1964285714285714,0.045448015961182156,674,This is a letdown.
1485,1449,3,16,93,112,1.1964285714285714,0.04364226155841041,674,"Sorry, I guess you get twice the let-downs you asked for."
2541,1449,5,12,95,112,1.1964285714285714,0.04718471485219582,674,You drop the scissors?
2621,1449,1,20,91,112,1.1964285714285714,0.039785633992464986,674,The Repunzslide
2817,1449,5,12,95,112,1.1964285714285714,0.04718471485219582,674,Rapunzel barber fail.
2967,1449,4,14,94,112,1.1964285714285714,0.045448015961182156,674,Whoa! What a letdown.”
2986,1449,2,18,92,112,1.1964285714285714,0.041758494142599856,674,What would you propose?
3011,1449,3,16,93,112,1.1964285714285714,0.04364226155841041,674,Maybe less conditioner?
2408,1449,3,16,93,112,1.1964285714285714,0.04364226155841041,674,That new cream conditioner really works!
1346,1449,3,16,93,112,1.1964285714285714,0.04364226155841041,674,"The ""Locks of Love"" representative didn't know what he was in for..."
82,1449,3,16,93,112,1.1964285714285714,0.04364226155841041,674,My escape has been unraveled.
1240,1449,4,14,94,112,1.1964285714285714,0.045448015961182156,674,My stylist told me not to wash the conditioner out until tomorrow.
1266,1449,2,18,92,112,1.1964285714285714,0.041758494142599856,674,I used a conditioner that guaranteed no split ends.
352,1449,2,18,92,112,1.1964285714285714,0.041758494142599856,674,"The real difference between us is that while I always let my hair down, you only ever let me down."
383,1449,4,14,94,112,1.1964285714285714,0.045448015961182156,674,Rapunzel realizes she needs the shampoo for oily hair.
502,1449,5,12,95,112,1.1964285714285714,0.04718471485219582,674,"What do you mean, you forgot my name?  Rapunzel, rappel.  You want a simpler mnemonic?"
571,1449,4,14,94,112,1.1964285714285714,0.045448015961182156,674,Don't expect that to be the last struggle you'll have with my hair.
687,1449,3,16,93,112,1.1964285714285714,0.04364226155841041,674,Thou shalt use conditioner!
728,1449,3,16,93,112,1.1964285714285714,0.04364226155841041,674,Oh boy... hair we go again.
806,1449,2,18,92,112,1.1964285714285714,0.041758494142599856,674,"Rapunzel, although I love you, your hair is a bit too overwhelming."
831,1449,3,16,93,112,1.1964285714285714,0.04364226155841041,674,"So, maybe I'll switch back to my non-volumizing shampoo..."
906,1449,3,16,93,112,1.1964285714285714,0.04364226155841041,674,Maybe I’ll just stay here. I’d hate to see your legs.
1070,1449,4,14,94,112,1.1964285714285714,0.045448015961182156,674,The stylist said my hair needed to more body
1091,1449,4,14,94,112,1.1964285714285714,0.045448015961182156,674,"Sure there’s no privacy, but the rent is cheap."
1174,1449,2,18,92,112,1.1964285714285714,0.041758494142599856,674,Too much of a good thing?
782,1449,4,14,94,112,1.1964285714285714,0.045448015961182156,674,Sorry mate. I was looking for Rapunzel.
2339,1480,1,19,87,107,1.1962616822429906,0.04079800946762782,674,"It is quite like a Venus flytrap, now that you mention it."
1721,1481,2,15,80,97,1.1958762886597938,0.04550021538441706,674,I’m not conditioned for this.
918,1482,2,18,93,113,1.1946902654867257,0.04142378932836539,674,"My bad, I over-conditioned."
351,1483,3,14,86,103,1.1941747572815533,0.04588170510924863,674,"Dearest stylist, I’m afraid I have to cut you loose."
2942,1484,3,15,91,109,1.1926605504587156,0.044157581278879685,674,So sorry. My doc miscalculated my stem cell treatment.
1701,1484,2,17,90,109,1.1926605504587156,0.042190014447655216,674,Only your hairdresser knows for sure! Is that the best you can come up with?
1712,1484,5,11,93,109,1.1926605504587156,0.047850614573021776,674,"The award for best adaptation goes to
“I’m gonna wash that man right out of my hair”"
1832,1484,4,13,92,109,1.1926605504587156,0.046041140838475915,674,"Thought you had hair balls, not hair falls."
3019,1484,4,13,92,109,1.1926605504587156,0.046041140838475915,674,Why do you think they call it a fall?
1974,1484,5,11,93,109,1.1926605504587156,0.047850614573021776,674,"Before ascending my golden stair, would thou mind trimming a few of those spilt ends off?"
2124,1484,4,13,92,109,1.1926605504587156,0.046041140838475915,674,I think you need to start using a tangle free shampoo.
2241,1484,3,15,91,109,1.1926605504587156,0.044157581278879685,674,"Try again, but this time use thy legs!"""
2250,1484,5,11,93,109,1.1926605504587156,0.047850614573021776,674,"Sorry, Sir, during rinse we ran out of your favourite  super-duper frizz defy detangle conditioner.

Suresh Mehta, Mississauga, ON. Canada"
2258,1484,5,11,93,109,1.1926605504587156,0.047850614573021776,674,Cutting edge technology:  Parting clips.  A hair razing.   By appointment.  Coming to your favorite salon soon.
2292,1484,2,17,90,109,1.1926605504587156,0.042190014447655216,674,Entangled in yet another Rapunzel comic...
2360,1484,3,15,91,109,1.1926605504587156,0.044157581278879685,674,Rapunzel can’t come out today.  I’ll send my hair right down!
2467,1484,5,11,93,109,1.1926605504587156,0.047850614573021776,674,Shit. Shit. Shit. Sorry. Shit.
2598,1484,3,15,91,109,1.1926605504587156,0.044157581278879685,674,It seems thou is using too much conditioner!
2612,1484,4,13,92,109,1.1926605504587156,0.046041140838475915,674,What conditioner did you use?
2708,1484,1,19,89,109,1.1926605504587156,0.0401260844561969,674,"Perhaps a little less argan oil, my lady."
1679,1484,1,19,89,109,1.1926605504587156,0.0401260844561969,674,"No Mademoiselle, I said haricot vert not hair cover..."
1663,1484,5,11,93,109,1.1926605504587156,0.047850614573021776,674,I TOLD you I was having a bad hair day!
1899,1484,4,13,92,109,1.1926605504587156,0.046041140838475915,674,Stop jumping into my hair!! This isn’t a leaf pile!!
1259,1484,4,13,92,109,1.1926605504587156,0.046041140838475915,674,That hair growth shampoo I sold her last year really works.
1391,1484,3,15,91,109,1.1926605504587156,0.044157581278879685,674,"Sweetheart, I'm a lover, not a climber like the other guy...."
55,1484,4,13,92,109,1.1926605504587156,0.046041140838475915,674,Sorry. I've been using that new volumizer shampoo.
317,1484,3,15,91,109,1.1926605504587156,0.044157581278879685,674,I can't do anything with it today. It is like it has a mind of its own.
345,1484,3,15,91,109,1.1926605504587156,0.044157581278879685,674,"No ladder, no hand in marriage you moron."
353,1484,1,19,89,109,1.1926605504587156,0.0401260844561969,674,"I don't think this is what my therapist meant when she told me to ""try and enjoy the process."""
412,1484,5,11,93,109,1.1926605504587156,0.047850614573021776,674,This isn't the Disney version.
423,1484,3,15,91,109,1.1926605504587156,0.044157581278879685,674,At least it's not a bad hair day!
451,1484,4,13,92,109,1.1926605504587156,0.046041140838475915,674,Do you have any idea how long it would take to braid all of this?
105,1484,2,17,90,109,1.1926605504587156,0.042190014447655216,674,"Sorry, I'm having a bad hair day...."
593,1484,4,13,92,109,1.1926605504587156,0.046041140838475915,674,My god! A complete letdown!
819,1484,3,15,91,109,1.1926605504587156,0.044157581278879685,674,"Now do you want to climb my hair again and end up like all the other Prince Charmings, or do you just wanna use the ladder around the back?"
848,1484,1,19,89,109,1.1926605504587156,0.0401260844561969,674,I thought you meant it figuratively.
860,1484,3,15,91,109,1.1926605504587156,0.044157581278879685,674,Rapunzel dis-TRESSES suitor.
862,1484,2,17,90,109,1.1926605504587156,0.042190014447655216,674,"The style is called ""Hair Tsunami."" What do you think?"
986,1484,5,11,93,109,1.1926605504587156,0.047850614573021776,674,I came up here to get overbearing men out of my hair. I should've known it wouldn't work.
495,1484,4,13,92,109,1.1926605504587156,0.046041140838475915,674,"Sorry, I've been out of detangler for a while."
1138,1484,3,15,91,109,1.1926605504587156,0.044157581278879685,674,Then again..
271,1521,3,15,92,110,1.190909090909091,0.04378934817304632,674,Too much conditioner for you to handle?
2946,1521,3,15,92,110,1.190909090909091,0.04378934817304632,674,"Sorry, thought you were the interested guy."
2180,1523,3,14,89,106,1.1886792452830188,0.044687610008373936,674,"You ain’t nothin’ but a corn dog, sliding all the time"
2120,1523,2,16,88,106,1.1886792452830188,0.04262966067122,674,Rupunzel: The hairy tale.
2118,1523,3,14,89,106,1.1886792452830188,0.044687610008373936,674,"It's overwhelming at first, but wait 'til you see what I can do with straw!"
2052,1523,3,14,89,106,1.1886792452830188,0.044687610008373936,674,Keep going and turn left at the first pigtail
2008,1523,2,16,88,106,1.1886792452830188,0.04262966067122,674,Who knew viagra would work like this?!
1713,1523,3,14,89,106,1.1886792452830188,0.044687610008373936,674,"After all that, it was her FATHER!!!!!  Fake News!!!!!"
1943,1523,2,16,88,106,1.1886792452830188,0.04262966067122,674,"Your new hair conditioner is GREAT!
Smoother than a water slide!"
1807,1523,5,10,91,106,1.1886792452830188,0.048542471371932065,674,"I told you to push the Lobby button, not Garage."
1675,1523,1,18,87,106,1.1886792452830188,0.040467189791560776,674,"You better believe me when I say, “I’m gonna wash that man right out of my hair"
2207,1523,2,16,88,106,1.1886792452830188,0.04262966067122,674,"Damn!  Still in dis dress!"""
1961,1523,2,16,88,106,1.1886792452830188,0.04262966067122,674,"You said, Let down your hair."
2333,1523,2,16,88,106,1.1886792452830188,0.04262966067122,674,"Whilst thou are in there, can thou find my Volkswagen?"
2782,1523,4,12,90,106,1.1886792452830188,0.046654871209528416,674,I climbed up and saw that ugly broad and slid right down.
2394,1523,3,14,89,106,1.1886792452830188,0.044687610008373936,674,"Seriously, isn't it time to make some changes to your high-protein diet?"
2407,1523,0,20,86,106,1.1886792452830188,0.0381824426969915,674,Lucky for you I just cut my bangs
2428,1523,0,20,86,106,1.1886792452830188,0.0381824426969915,674,I borrowed Rapunzel's shampoo.
2432,1523,3,14,89,106,1.1886792452830188,0.044687610008373936,674,'No' means 'NO.
2536,1523,4,12,90,106,1.1886792452830188,0.046654871209528416,674,A Trans Tale: When Rapunzel let down their Hair
2552,1523,1,18,87,106,1.1886792452830188,0.040467189791560776,674,Keep looking. My comb is in there somewhere.
2584,1523,2,16,88,106,1.1886792452830188,0.04262966067122,674,"If thou didst love me, thou wouldst bring conditioner and a ladder."
2681,1523,1,18,87,106,1.1886792452830188,0.040467189791560776,674,By the way I just tried a smoother conditioner.
2848,1523,2,16,88,106,1.1886792452830188,0.04262966067122,674,Too much conditioner I guess
2900,1523,2,16,88,106,1.1886792452830188,0.04262966067122,674,Your brother-in-law Pinocchio also told me not to be alarmed
2989,1523,2,16,88,106,1.1886792452830188,0.04262966067122,674,I think you have to do braids”
1642,1523,3,14,89,106,1.1886792452830188,0.044687610008373936,674,Just a little off the top.
2336,1523,3,14,89,106,1.1886792452830188,0.044687610008373936,674,"I asked the stylist for a 'golden stair' look, not a tidal wave."
1512,1523,4,12,90,106,1.1886792452830188,0.046654871209528416,674,Better call 911; I'm stuck to the mousse.
1142,1523,5,10,91,106,1.1886792452830188,0.048542471371932065,674,"I don't care if you are ""The"" Barber of Seville, you're not marrying my daughter!"
1438,1523,3,14,89,106,1.1886792452830188,0.044687610008373936,674,"My new shampoo has a ""volumizing"" agent."
0,1523,3,14,89,106,1.1886792452830188,0.044687610008373936,674,Please brush this embarrassing moment off .
4,1523,0,20,86,106,1.1886792452830188,0.0381824426969915,674,Pageboys are not what they used to be.
259,1523,4,12,90,106,1.1886792452830188,0.046654871209528416,674,Gotcha!
310,1523,3,14,89,106,1.1886792452830188,0.044687610008373936,674,"If you can't get a grip on my hair, at least get a grip on yourself!"
315,1523,4,12,90,106,1.1886792452830188,0.046654871209528416,674,Get out of my extensions! You’re making me look bad.
386,1523,4,12,90,106,1.1886792452830188,0.046654871209528416,674,Marry me and you'll be King Rogaine!
417,1523,2,16,88,106,1.1886792452830188,0.04262966067122,674,Do you remember how I mentioned I was going to try a new conditioner?
431,1523,1,18,87,106,1.1886792452830188,0.040467189791560776,674,She's at 12 Hadley Rd! This is 12 Hurley! Hadley is what you want!
435,1523,3,14,89,106,1.1886792452830188,0.044687610008373936,674,Better: She gets a buzz cut and I bring my rock climbing gear
560,1523,2,16,88,106,1.1886792452830188,0.04262966067122,674,Come back & try again in 1890 when they invent the curling iron.
823,1523,2,16,88,106,1.1886792452830188,0.04262966067122,674,"Great you've finally let down your hair! I've been stuck in there forever"""
843,1523,1,18,87,106,1.1886792452830188,0.040467189791560776,674,"Ivanka, can I just leave him a message?"
278,1523,3,14,89,106,1.1886792452830188,0.044687610008373936,674,I suggest you say please the next time you ask me to let down my hair.
950,1523,6,8,92,106,1.1886792452830188,0.05035936900132889,674,Can you tell these are extensions?
853,1523,1,18,87,106,1.1886792452830188,0.040467189791560776,674,I'm waiting for a man who's smart enough to step aside until my tresses fall.
1421,1523,2,16,88,106,1.1886792452830188,0.04262966067122,674,"You'd be easier to rescue if you didn't use conditioner.




Jill Rogers, Brookhaven, GA"
1387,1523,3,14,89,106,1.1886792452830188,0.044687610008373936,674,"Whoops!  Sorry Harry, my new hair gel is also a birth control lubricant."
1241,1523,1,18,87,106,1.1886792452830188,0.040467189791560776,674,It's called Death by Hairball
1162,1523,4,12,90,106,1.1886792452830188,0.046654871209528416,674,RAPUNZLE! AT LEAST WASH IT FIRST!
1265,1523,2,16,88,106,1.1886792452830188,0.04262966067122,674,"The ""Malibu Hard Water Treatment"" gets rid of lots of stuff."
1483,1523,4,12,90,106,1.1886792452830188,0.046654871209528416,674,"Sorry. I'm having a '""Bad hair! Bad, bad!"" day."
1075,1523,1,18,87,106,1.1886792452830188,0.040467189791560776,674,Sorry but my new shampoo did say extra volume.
1031,1523,3,14,89,106,1.1886792452830188,0.044687610008373936,674,Blame my conditioner all you want. You can't climb for beans!
967,1523,2,16,88,106,1.1886792452830188,0.04262966067122,674,I tested out a new hair conditioner last night...
1160,1523,4,12,90,106,1.1886792452830188,0.046654871209528416,674,"They’re waterfall bangs...  there hard to climb, but fun to slide down."
2234,1577,3,14,90,107,1.1869158878504673,0.04430310533375682,674,I was hoping a full body shampoo would rescue my hair
2245,1577,3,14,90,107,1.1869158878504673,0.04430310533375682,674,"Be careful, the Mastodon milk conditioner is a little slippery"
2502,1577,1,18,88,107,1.1869158878504673,0.04012597233343557,674,"If you want me up there you'll need to change your conditioner """
2247,1577,6,8,93,107,1.1869158878504673,0.04991765591430978,674,"When you surf my perm, Robin, you remove its wave."
2251,1577,1,18,88,107,1.1869158878504673,0.04012597233343557,674,Sorry! I used a new silk shampoo.
2341,1577,3,14,90,107,1.1869158878504673,0.04430310533375682,674,"Blokes can be in distress too,you know."""
2439,1577,1,18,88,107,1.1869158878504673,0.04012597233343557,674,"Perhaps your Big Hairy Audacious Goal was a little too audacious, Sir."
2443,1577,3,14,90,107,1.1869158878504673,0.04430310533375682,674,Dammit Rapunzel one braid will do.
2504,1577,3,14,90,107,1.1869158878504673,0.04430310533375682,674,Rapunzel takes first prize in the Halloween contest with her giant corn cob costume.
2742,1577,1,18,88,107,1.1869158878504673,0.04012597233343557,674,'Try using less conditioner!'
2564,1577,4,12,91,107,1.1869158878504673,0.046250414976182756,674,Let's clear the hair and talk seriously about our relationship.
2601,1577,5,10,92,107,1.1869158878504673,0.04811898407826445,674,Talk about a bad hair day.
2658,1577,2,16,89,107,1.1869158878504673,0.042266173223498654,674,hairnet
2702,1577,4,12,91,107,1.1869158878504673,0.046250414976182756,674,Instead of Quick Sand Its Quick Strand.
2892,1577,2,16,89,107,1.1869158878504673,0.042266173223498654,674,Sorry. My father made me start using a conditioner.
2919,1577,3,14,90,107,1.1869158878504673,0.04430310533375682,674,Sorry! Must be the new conditioner I've been using...
2941,1577,3,14,90,107,1.1869158878504673,0.04430310533375682,674,"As advertised, no tangles."
2022,1577,6,8,93,107,1.1869158878504673,0.04991765591430978,674,This is like climbing a waterfall.  You've used too much conditioner.  I need split ends for traction.
3069,1577,5,10,92,107,1.1869158878504673,0.04811898407826445,674,Too soon?
2548,1577,4,12,91,107,1.1869158878504673,0.046250414976182756,674,"My hair color is light auburn brown, you buffoon - not dirty blonde!"
1801,1577,4,12,91,107,1.1869158878504673,0.046250414976182756,674,The new shampoo was supposed to give my hair more bounce.
1795,1577,4,12,91,107,1.1869158878504673,0.046250414976182756,674,Did I use too much conditioner?
323,1577,4,12,91,107,1.1869158878504673,0.046250414976182756,674,"Nevermind the split ends, just CLIMB!"
248,1577,4,12,91,107,1.1869158878504673,0.046250414976182756,674,Man bun overboard!
1775,1577,2,16,89,107,1.1869158878504673,0.042266173223498654,674,You need to layer it before you add highlights.
359,1577,6,8,93,107,1.1869158878504673,0.04991765591430978,674,"From afar I saw a beautiful  princess trapped for yrs  in need of rescue
But as my nose grew closer I thought no plumbing.... screw it she’s there for a reason"
587,1577,5,10,92,107,1.1869158878504673,0.04811898407826445,674,No jokes funny man. My Rogaine is totally our of control!
603,1577,2,16,89,107,1.1869158878504673,0.042266173223498654,674,Now I realize why you always wore your hair up.
690,1577,4,12,91,107,1.1869158878504673,0.046250414976182756,674,My love ... I see you discovered biotin.
879,1577,1,18,88,107,1.1869158878504673,0.04012597233343557,674,Let down your hair!  Let down your hair! Not throw down your hair!
239,1577,3,14,90,107,1.1869158878504673,0.04430310533375682,674,I may have gone a little overboard with the extensions
1120,1577,5,10,92,107,1.1869158878504673,0.04811898407826445,674,You call that a 'toe-curling' ride?
1219,1577,4,12,91,107,1.1869158878504673,0.046250414976182756,674,"Sorry, George.  I think it's that new conditioner I've been using."
1324,1577,2,16,89,107,1.1869158878504673,0.042266173223498654,674,"Sorry, I've been meaning to see a barber, but they don't make housecalls in fairy tales anymore."
1367,1577,3,14,90,107,1.1869158878504673,0.04430310533375682,674,How's that for sweeping you off your feet?
1480,1577,2,16,89,107,1.1869158878504673,0.042266173223498654,674,I'm having a really 'bad hair day'!
1584,1577,3,14,90,107,1.1869158878504673,0.04430310533375682,674,"Uh, maybe a pony tail would help free me?"
1682,1577,2,16,89,107,1.1869158878504673,0.042266173223498654,674,"I never understood it, but now I know what they meant by over-conditioning, your hair is too smooth to climb."
1761,1577,3,14,90,107,1.1869158878504673,0.04430310533375682,674,My beard isn't that heavy.
1772,1577,2,16,89,107,1.1869158878504673,0.042266173223498654,674,I told you not to slide down.
1208,1577,2,16,89,107,1.1869158878504673,0.042266173223498654,674,Yikes! You used that darn conditioner again!!!!!!!!
198,1577,2,16,89,107,1.1869158878504673,0.042266173223498654,674,"My new conditioner said ""silky and shiny,"" but nothing about slippery."
1723,1619,1,16,80,97,1.1855670103092784,0.042297366409248006,674,"Rapunzel, my love, did you just condition?"
276,1620,2,15,86,103,1.1844660194174756,0.04307691007839965,674,I'll be so glad when his Guinness Book record length hair extensions attempt is over!
1384,1621,2,14,82,98,1.183673469387755,0.04434562619344774,674,"Oh, wait. Did you say Rapunzel, Rapunzel? She's two towers over."
2152,1621,1,16,81,98,1.183673469387755,0.04190633754892204,674,Get out and never darken my hair again!
668,1621,2,14,82,98,1.183673469387755,0.04434562619344774,674,Okay okay! I'll call you Princess Harry!
2532,1624,2,15,87,104,1.1826923076923077,0.04269755533620633,674,Rent was cheap because there's no elevator.
2085,1624,2,15,87,104,1.1826923076923077,0.04269755533620633,674,I should've known that conditioner would reduced the grip
2202,1624,2,15,87,104,1.1826923076923077,0.04269755533620633,674,"I'm going to be the dead in these ends, aren't I?"
2257,1624,3,13,88,104,1.1826923076923077,0.04483065613031456,674,It's not my hair. It's my receipt from Duane Reade.
2273,1624,4,11,89,104,1.1826923076923077,0.046866771026609244,674,You asked me to open up.
2335,1624,3,13,88,104,1.1826923076923077,0.04483065613031456,674,"Rapulzel, PLEASE, lay off the ""silky smooth"" cream rinse!"
2358,1624,3,13,88,104,1.1826923076923077,0.04483065613031456,674,"Sorry, it's my argan oil detangler."
2400,1624,3,13,88,104,1.1826923076923077,0.04483065613031456,674,These lice just keep getting bigger and juicier!
2527,1624,1,17,86,104,1.1826923076923077,0.040452128921755065,674,Static? What static?
2094,1624,5,9,90,104,1.1826923076923077,0.04881803687006196,674,"Rapunsel, Rapunsel, take up your hair!"
2572,1624,3,13,88,104,1.1826923076923077,0.04483065613031456,674,"Baby, you got to cut back on the Rogain."
2027,1624,2,15,87,104,1.1826923076923077,0.04269755533620633,674,You seem a bit let down.
2591,1624,2,15,87,104,1.1826923076923077,0.04269755533620633,674,Another Rapunzel cartoon? This is relevant how?
2611,1624,4,11,89,104,1.1826923076923077,0.046866771026609244,674,I told you before: I'm not interested in what you're selling.
2721,1624,3,13,88,104,1.1826923076923077,0.04483065613031456,674,Those split ends can be a real awakening.
2763,1624,4,11,89,104,1.1826923076923077,0.046866771026609244,674,I must have used too much conditioner this morning.
2801,1624,3,13,88,104,1.1826923076923077,0.04483065613031456,674,"Rapunzel, Rapunzel... You really need to cut your hair."
2813,1624,3,13,88,104,1.1826923076923077,0.04483065613031456,674,"Well, I'm sorry.  You should have known I would have to mousse my hair at some point."
2907,1624,2,15,87,104,1.1826923076923077,0.04269755533620633,674,"Next time, go lighter on the hair conditioner."
2909,1624,2,15,87,104,1.1826923076923077,0.04269755533620633,674,"Oops, did I use to much product again?"
3075,1624,1,17,86,104,1.1826923076923077,0.040452128921755065,674,"If I'd have known you were coming, I wouldn't have opted for the cream rinse."
2961,1624,3,13,88,104,1.1826923076923077,0.04483065613031456,674,Oh no!
2573,1624,1,17,86,104,1.1826923076923077,0.040452128921755065,674,How many more days until the water park reopens?
1986,1624,4,11,89,104,1.1826923076923077,0.046866771026609244,674,"Rapunzel, what do you mean your preferred pronoun is Him?"
2191,1624,3,13,88,104,1.1826923076923077,0.04483065613031456,674,"Yon fair prince was gobsmacked by the first documented ""hair-flip"" in Grimm history"
1880,1624,4,11,89,104,1.1826923076923077,0.046866771026609244,674,"Hardy hair hair"" yourself, notso funnyman.."
1960,1624,2,15,87,104,1.1826923076923077,0.04269755533620633,674,"Last week we were doing The Nutcracker, this week it's Game of Thrones."
104,1624,2,15,87,104,1.1826923076923077,0.04269755533620633,674,Do the backstroke!
372,1624,1,17,86,104,1.1826923076923077,0.040452128921755065,674,"Once upon a time, there was a product...”"
459,1624,3,13,88,104,1.1826923076923077,0.04483065613031456,674,Sorry! It must be my new conditioner.
579,1624,3,13,88,104,1.1826923076923077,0.04483065613031456,674,The birth of passive-aggressive.
633,1624,2,15,87,104,1.1826923076923077,0.04269755533620633,674,I hope the curtains don’t match the carpet.
649,1624,4,11,89,104,1.1826923076923077,0.046866771026609244,674,She's getting desperate.
652,1624,0,19,85,104,1.1826923076923077,0.03807450901740144,674,Where did you get the coconut oil?
689,1624,1,17,86,104,1.1826923076923077,0.040452128921755065,674,Great volume. New product?
724,1624,3,13,88,104,1.1826923076923077,0.04483065613031456,674,Where's a good locksmith when you need one?
824,1624,5,9,90,104,1.1826923076923077,0.04881803687006196,674,#DetanglerFail
113,1624,2,15,87,104,1.1826923076923077,0.04269755533620633,674,"Okay, that's fine. Let your hair back up."
917,1624,2,15,87,104,1.1826923076923077,0.04269755533620633,674,I can't rescue you. The tower has too many locks.
1017,1624,0,19,85,104,1.1826923076923077,0.03807450901740144,674,"Sorry, but since I started taking Rogaine my hair grows more rapidly than anyone  can climb it."
1019,1624,3,13,88,104,1.1826923076923077,0.04483065613031456,674,"Sorry, I just washed it."
1233,1624,6,7,91,104,1.1826923076923077,0.05069425234908626,674,"I said French braid, not fishtail! Have you been seeing other princesses?"
1312,1624,3,13,88,104,1.1826923076923077,0.04483065613031456,674,"Enough with the volumizing conditioner, already!"
1459,1624,4,11,89,104,1.1826923076923077,0.046866771026609244,674,"Yes, I really think your lice can be a problem"
1793,1624,1,17,86,104,1.1826923076923077,0.040452128921755065,674,Couldst thou not braid it first?
1497,1624,2,15,87,104,1.1826923076923077,0.04269755533620633,674,"Rapunzel, Rapunzel, tie up your hair."
825,1624,0,19,85,104,1.1826923076923077,0.03807450901740144,674,I think our relationship may be coming to split ends.
1574,1624,3,13,88,104,1.1826923076923077,0.04483065613031456,674,"So, what did you want me to do -- let down a hair?"
850,1672,3,12,84,99,1.1818181818181819,0.046221117974161514,674,"Oh Boy, that was hairy!"
2348,1672,1,16,82,99,1.1818181818181819,0.041522350851192366,674,"Rapunzel, your tresses are the cause of my distresses."
1081,1674,4,11,91,106,1.179245283018868,0.0460422279928785,674,The true story of Rapunzel the witch.
1752,1675,2,13,80,95,1.1789473684210525,0.044843756048454156,674,I may have to stop using conditioner.
2546,1675,2,13,80,95,1.1789473684210525,0.044843756048454156,674,Wow! Do you use conditioner?
1606,1677,3,12,86,101,1.1782178217821782,0.04537203658372117,674,When hair gets some body
2950,1677,4,10,87,101,1.1782178217821782,0.047504120934238225,674,I found another woman's hair in the sink.
2470,1677,3,12,86,101,1.1782178217821782,0.04537203658372117,674,My new conditioner promised body and control.
2455,1677,3,12,86,101,1.1782178217821782,0.04537203658372117,674,I told you to use crampons.
2451,1677,3,12,86,101,1.1782178217821782,0.04537203658372117,674,Rapunzel’s father follows the advice of South Pacific’s Nellie Forbush to rid his daughter of suitors.
2330,1677,4,10,87,101,1.1782178217821782,0.047504120934238225,674,Why can't find a shine-enhancing conditioner that also has adequate hold?
3066,1677,3,12,86,101,1.1782178217821782,0.04537203658372117,674,"Sorry, it’s so humid. Speaking of humidity, this chastity belt is still on..."
2208,1677,3,12,86,101,1.1782178217821782,0.04537203658372117,674,Are you going to be like this every time?
2100,1677,4,10,87,101,1.1782178217821782,0.047504120934238225,674,I was expecting Grubhub.
2066,1677,2,14,85,101,1.1782178217821782,0.04313469487285536,674,Hair's to looking at you kid.
2017,1677,1,16,84,101,1.1782178217821782,0.04077477283559206,674,Alfredo this is not a drill
1945,1677,2,14,85,101,1.1782178217821782,0.04313469487285536,674,I'm sorry but my hair needs to feed.
1833,1677,2,14,85,101,1.1782178217821782,0.04313469487285536,674,"Sorry Rapunzel, I didn't bring my hedge-clipper"""
1687,1677,1,16,84,101,1.1782178217821782,0.04077477283559206,674,Would you consider pigtails?
2993,1677,3,12,86,101,1.1782178217821782,0.04537203658372117,674,"Sorry for the slip'ry, should've rinsed twice!"
1409,1677,4,10,87,101,1.1782178217821782,0.047504120934238225,674,I said Descheveler!
2271,1677,5,8,88,101,1.1782178217821782,0.04954453862652198,674,What did you expect? I haven't seen you in years!
1149,1677,4,10,87,101,1.1782178217821782,0.047504120934238225,674,Its not too late to try some product.
1210,1677,4,10,87,101,1.1782178217821782,0.047504120934238225,674,They never should have banned snow boarding.
140,1677,3,12,86,101,1.1782178217821782,0.04537203658372117,674,I thought you requested conditions.
258,1677,3,12,86,101,1.1782178217821782,0.04537203658372117,674,There's not much to work with so I used a thickener.
540,1677,3,12,86,101,1.1782178217821782,0.04537203658372117,674,"Rapunzel, Rapunzel
Cut back on the Rogaine"
581,1677,1,16,84,101,1.1782178217821782,0.04077477283559206,674,"Rapunzel, Rapunzel, let down your golden hair detangler."
794,1677,6,6,89,101,1.1782178217821782,0.0515041853609503,674,"OMG, is it time fore Wigstock already?"
213,1677,3,12,86,101,1.1782178217821782,0.04537203658372117,674,I said just the tip.
898,1677,3,12,86,101,1.1782178217821782,0.04537203658372117,674,"What elevator?
."
904,1677,3,12,86,101,1.1782178217821782,0.04537203658372117,674,The braids just weren't the look I was going for anymore.
919,1677,2,14,85,101,1.1782178217821782,0.04313469487285536,674,"Sorry, my new conditioner is amazing."
936,1677,3,12,86,101,1.1782178217821782,0.04537203658372117,674,"Giant corn. So hard to shuck."""
1065,1677,2,14,85,101,1.1782178217821782,0.04313469487285536,674,"Don't be afraid, I swear my pubes aren't as bad!"
943,1677,5,8,88,101,1.1782178217821782,0.04954453862652198,674,Death is not the end.
889,1677,2,14,85,101,1.1782178217821782,0.04313469487285536,674,"Your hair is more silky, and the shine, ooh la la."
969,1709,1,17,89,107,1.1775700934579438,0.039421589735652615,674,"When I said I'm swept away by your beauty, I didn't realize what your hat was hiding . . ."
2282,1710,3,11,82,96,1.1770833333333333,0.04681709386300883,674,We need a change. I'm going to start wearing it up.
1176,1710,2,13,81,96,1.1770833333333333,0.044413309178260335,674,What do you expect after 400 years in this tower with no hair stylist?
1339,1710,1,15,80,96,1.1770833333333333,0.04187175404195182,674,I snagged an endorsement deal for a hair volumizer.
3018,1713,4,10,88,102,1.1764705882352942,0.04706852938153712,674,"Hey, Ma, how do you like this promo for the Niagara hairstyle?"
2945,1713,1,16,85,102,1.1764705882352942,0.04041083116994654,674,Don't worry.  Medi-Hair will cover it.
2545,1713,3,12,87,102,1.1764705882352942,0.04495897460325049,674,Just thought maybe you'd trim it on the (gender) bias.
2382,1713,1,16,85,102,1.1764705882352942,0.04041083116994654,674,"Man, gentle!"
2195,1713,2,14,86,102,1.1764705882352942,0.04274543644192702,674,oh yeah...i didn't tie off the braid
2220,1713,3,12,87,102,1.1764705882352942,0.04495897460325049,674,I gave you my life & all you wanted was Rosemary.
2177,1713,2,14,86,102,1.1764705882352942,0.04274543644192702,674,Perhaps you should come back with 50 gallons of conditioner.
2295,1713,3,12,87,102,1.1764705882352942,0.04495897460325049,674,Sorry. I just did my hot oil treatment.
1968,1713,2,14,86,102,1.1764705882352942,0.04274543644192702,674,Whoa...new improved hair conditioner?
1659,1713,2,14,86,102,1.1764705882352942,0.04274543644192702,674,"On these humid days, my hair has a mind of its own."
1510,1713,3,12,87,102,1.1764705882352942,0.04495897460325049,674,Looks like he needs some detangler!
1444,1713,3,12,87,102,1.1764705882352942,0.04495897460325049,674,"Rapunsel, you used too much creme rinse!"
1061,1713,3,12,87,102,1.1764705882352942,0.04495897460325049,674,"What's next for me, hair balls?"
483,1713,2,14,86,102,1.1764705882352942,0.04274543644192702,674,Maybe I used too much product...
49,1713,3,12,87,102,1.1764705882352942,0.04495897460325049,674,"I’m not smothering you with hair because I want to steal your shoes, but I’m not NOT doing that."
2025,1713,3,12,87,102,1.1764705882352942,0.04495897460325049,674,There's more where that came from.
2659,1729,3,11,84,98,1.1734693877551021,0.04592713290344639,674,Did you bring the conditioner this time?
2427,1729,2,13,83,98,1.1734693877551021,0.043576462694968975,674,"Not a fan of feng shui, huh?"
2162,1729,3,11,84,98,1.1734693877551021,0.04592713290344639,674,That new hair cream is very slippery!
1607,1729,3,11,84,98,1.1734693877551021,0.04592713290344639,674,You think it’s so easy to find a good shampoo for 200 year old hair?
1124,1729,3,11,84,98,1.1734693877551021,0.04592713290344639,674,Sorry- I thought a little dab would do me
1840,1729,1,15,82,98,1.1734693877551021,0.04109154006947437,674,Better hurry; my clock is ticking.
2619,1735,1,15,83,99,1.1717171717171717,0.040712080749396494,674,Maybe it's the new conditioner
2006,1735,2,13,84,99,1.1717171717171717,0.043169625690192184,674,"New spokesmodel for 'Sleek and Shiny' hair care products:
""Another one bites the dust!!"""
2143,1735,3,11,85,99,1.1717171717171717,0.045494611170084985,674,"If you want to be rescued, You need to lay-off the hair gel."
2223,1735,3,11,85,99,1.1717171717171717,0.045494611170084985,674,"You know what they say...hair today, gone tomorrow."
1976,1735,2,13,84,99,1.1717171717171717,0.043169625690192184,674,Let me grab the detangler.
2291,1735,2,13,84,99,1.1717171717171717,0.043169625690192184,674,My hairdresser was on vacation.
2533,1735,2,13,84,99,1.1717171717171717,0.043169625690192184,674,Who knew she had a permanent wave???
2556,1735,1,15,83,99,1.1717171717171717,0.040712080749396494,674,The label on the hair softener warned that the hair would be unsuited for climbing
2675,1735,3,11,85,99,1.1717171717171717,0.045494611170084985,674,"It's great that you've come to rescue me, but did you bring any conditioner?"
2881,1735,2,13,84,99,1.1717171717171717,0.043169625690192184,674,I guess I might have over-conditioned...
2728,1735,3,11,85,99,1.1717171717171717,0.045494611170084985,674,I’m gonna wash that ombré right outta my hair.
2754,1735,2,13,84,99,1.1717171717171717,0.043169625690192184,674,"Don’t ask,  Dr. says it’s a side effect of my longer eyelash prescription"
2830,1735,4,9,86,99,1.1717171717171717,0.047706422091822624,674,"``You don't bring flowers, nitwit. You bring shampoo.''"
2849,1735,3,11,85,99,1.1717171717171717,0.045494611170084985,674,I only hope my split ends didn't make it a rough ride.
2878,1735,2,13,84,99,1.1717171717171717,0.043169625690192184,674,"Well, at least I'm stuck in the drapes and not the carpet."
2940,1735,2,13,84,99,1.1717171717171717,0.043169625690192184,674,I knew I needed to cut down on the conditioner.
2962,1735,0,17,82,99,1.1717171717171717,0.038096331262464894,674,This is the 10th time this has happened.
3051,1735,2,13,84,99,1.1717171717171717,0.043169625690192184,674,Thank goodness for “Tangle Free” hair products!
1958,1735,5,7,87,99,1.1717171717171717,0.04982013420384436,674,I said do a weave not a wave.
2709,1735,2,13,84,99,1.1717171717171717,0.043169625690192184,674,Darling ... Everytime I behold you I seem to be  swept off my feet...!
1836,1735,4,9,86,99,1.1717171717171717,0.047706422091822624,674,Sorry! It’s that new conditioner I’m using.
994,1735,3,11,85,99,1.1717171717171717,0.045494611170084985,674,Locks of Love is going to be thrilled.
1622,1735,2,13,84,99,1.1717171717171717,0.043169625690192184,674,Looks like  Lord Hairston really got caught up in a hairy situation this time.
162,1735,4,9,86,99,1.1717171717171717,0.047706422091822624,674,I guess it's time for a haircut.
197,1735,1,15,83,99,1.1717171717171717,0.040712080749396494,674,Your new conditioner makes your hair look amazing - but impossible to climb!
367,1735,3,11,85,99,1.1717171717171717,0.045494611170084985,674,Rapunzel is not here. I’m her sister Repulsive.
475,1735,3,11,85,99,1.1717171717171717,0.045494611170084985,674,Let it up! Let it up!
646,1735,1,15,83,99,1.1717171717171717,0.040712080749396494,674,Too much conditioner Rapunzel!!!
746,1735,2,13,84,99,1.1717171717171717,0.043169625690192184,674,"Wow, the Rogaine really worked!"
770,1735,0,17,82,99,1.1717171717171717,0.038096331262464894,674,"Sorry, it's the conditioner."
787,1735,1,15,83,99,1.1717171717171717,0.040712080749396494,674,Did I use too much conditioner this morning?
912,1735,1,15,83,99,1.1717171717171717,0.040712080749396494,674,Can you tell I’ve been taking my Biotin?
64,1735,4,9,86,99,1.1717171717171717,0.047706422091822624,674,There's just something about the dulcet tone of your dulcimer that makes me want to let my hair down.
916,1735,4,9,86,99,1.1717171717171717,0.047706422091822624,674,"Rapunzel, my darling, the aroma of your conditioner is overpowering !!"
1694,1735,3,11,85,99,1.1717171717171717,0.045494611170084985,674,Oops! Too much creme rinse led to a slippery slope.
1003,1735,2,13,84,99,1.1717171717171717,0.043169625690192184,674,"Since I'm letting it all out, I also think your mother still thinks you should have stayed set your sights on a higher tower and prettier princess"
1167,1735,3,11,85,99,1.1717171717171717,0.045494611170084985,674,"Once upon a time, long before the Western World worshipped at the altar of the pursuit of happiness, there once was a land known as the hirsute of unhappiness."
1200,1735,1,15,83,99,1.1717171717171717,0.040712080749396494,674,"Did you say, ""let down your hair"", or ""let your hair down?"""
1232,1735,2,13,84,99,1.1717171717171717,0.043169625690192184,674,Jeez....They're building hair walls for court jesters?
1256,1735,0,17,82,99,1.1717171717171717,0.038096331262464894,674,Guess I should have skipped my usual hot oil treatment.....
1526,1735,0,17,82,99,1.1717171717171717,0.038096331262464894,674,Quicker than the elevator!
1570,1735,2,13,84,99,1.1717171717171717,0.043169625690192184,674,But my hair is longer than Rapunzel's!
915,1735,2,13,84,99,1.1717171717171717,0.043169625690192184,674,"Enough, already, Rapunzel."
2406,1778,1,14,80,95,1.168421052631579,0.04139945950425743,674,How can twins have such different hair growth rates?!
2319,1778,0,16,79,95,1.168421052631579,0.038599884475360384,674,"I told you, 'a little dab'll do ya'!"
2032,1778,1,14,80,95,1.168421052631579,0.04139945950425743,674,Sometimes the fool would get caught up in the King's antics.
1692,1778,2,12,81,95,1.168421052631579,0.0440213517849933,674,Rapunzel having a bad hair day...
1856,1778,2,12,81,95,1.168421052631579,0.0440213517849933,674,Trying to get to the top is a hairy situation.
1717,1778,0,16,79,95,1.168421052631579,0.038599884475360384,674,Allow me to rephrase...
2411,1778,1,14,80,95,1.168421052631579,0.04139945950425743,674,Well— it is called ‘leave-in’ conditioner.
1900,1778,2,12,81,95,1.168421052631579,0.0440213517849933,674,"With all of my cross fit training, I thought this would be easier."
2448,1778,3,10,82,95,1.168421052631579,0.0464956296732458,674,Have you tried the Aussie Leave-in Detangler?   This one is not working.
2948,1778,3,10,82,95,1.168421052631579,0.0464956296732458,674,The mice and birds never had any problems braiding it.
2560,1778,0,16,79,95,1.168421052631579,0.038599884475360384,674,It 's the new conditioner
2623,1778,2,12,81,95,1.168421052631579,0.0440213517849933,674,This is not what I meant my knotty.
2818,1778,2,12,81,95,1.168421052631579,0.0440213517849933,674,"Hey, lighten up on the conditioner!"
2970,1778,2,12,81,95,1.168421052631579,0.0440213517849933,674,I told you to use the stairs if you wanted to see me.
3059,1778,1,14,80,95,1.168421052631579,0.04139945950425743,674,"I'm afraid my ""'do"" has turned into a ""don't."""
3062,1778,3,10,82,95,1.168421052631579,0.0464956296732458,674,"If you're rude again, I'm getting a pixie cut."""
3074,1778,1,14,80,95,1.168421052631579,0.04139945950425743,674,You said you'd let your roots grow out.
1674,1778,2,12,81,95,1.168421052631579,0.0440213517849933,674,There’s really no future in these Camelot theme parks.
2476,1778,2,12,81,95,1.168421052631579,0.0440213517849933,674,"Sorry, the witch gave me a hot oil conditioning treatment."
1665,1778,0,16,79,95,1.168421052631579,0.038599884475360384,674,Calgon take me away.
1864,1778,0,16,79,95,1.168421052631579,0.038599884475360384,674,Has anyone seen my fiancée?
1397,1778,0,16,79,95,1.168421052631579,0.038599884475360384,674,Your new extensions are under here somewhere.
1599,1778,4,8,83,95,1.168421052631579,0.04884473097935025,674,"My hair guru, Donald Trump, told me to tell you that if you don't look like me, you can't come in."
81,1778,2,12,81,95,1.168421052631579,0.0440213517849933,674,But you said braids are not a trend this summer
205,1778,3,10,82,95,1.168421052631579,0.0464956296732458,674,And they lived nappy never after...
366,1778,1,14,80,95,1.168421052631579,0.04139945950425743,674,"I know, I have to find a taller monument"""
669,1778,2,12,81,95,1.168421052631579,0.0440213517849933,674,Perhaps I overdid the conditioner.
694,1778,4,8,83,95,1.168421052631579,0.04884473097935025,674,"That's a Rap, Rump."
708,1778,1,14,80,95,1.168421052631579,0.04139945950425743,674,"Boy, will Mr. Trump be happy to know I caught another one!"
865,1778,2,12,81,95,1.168421052631579,0.0440213517849933,674,You either agree to marry me or I smother you!
867,1778,4,8,83,95,1.168421052631579,0.04884473097935025,674,"I told you chalk powder is only for rock climbing"""
539,1778,2,12,81,95,1.168421052631579,0.0440213517849933,674,"Mean, ugly and built like a brick __ house. My kind of woman."
931,1778,4,8,83,95,1.168421052631579,0.04884473097935025,674,Are you gonna unlock yourself or what?
1096,1778,1,14,80,95,1.168421052631579,0.04139945950425743,674,No lice here. Send in the next one
1137,1778,2,12,81,95,1.168421052631579,0.0440213517849933,674,TMI
1171,1778,3,10,82,95,1.168421052631579,0.0464956296732458,674,God Bless you
1305,1778,2,12,81,95,1.168421052631579,0.0440213517849933,674,I’ll just wait for the next prince.
1311,1778,1,14,80,95,1.168421052631579,0.04139945950425743,674,Your Keratin treatment is working.
1342,1778,1,14,80,95,1.168421052631579,0.04139945950425743,674,I didn’t mean ALL your hair!
893,1778,0,16,79,95,1.168421052631579,0.038599884475360384,674,Flowing locks indeed!
1388,1778,1,14,80,95,1.168421052631579,0.04139945950425743,674,What will I tell my chiropractor?”
1476,1819,1,14,81,96,1.1666666666666667,0.041003494359720165,674,"Rapunzel, Rapunzel, let your hair get cut and buy a rope while you're in the village."
1539,1819,2,12,82,96,1.1666666666666667,0.04359569698171643,674,"I guess it's a good thing that society has already deconstructed the damsel-in-distress trope, otherwise you would really be in trouble."
1929,1819,2,12,82,96,1.1666666666666667,0.04359569698171643,674,"For the hundredth time, I sent for the BARBER of Seville, not the Barista of Sherwood!"
1977,1819,4,8,84,96,1.1666666666666667,0.048365083340667456,674,My mistake!
1978,1819,2,12,82,96,1.1666666666666667,0.04359569698171643,674,"Thanks, I grew it myself!"
2132,1819,3,10,83,96,1.1666666666666667,0.04604218762109022,674,You don't happen to have a scrunchy do you?
2384,1819,5,6,85,96,1.1666666666666667,0.05058141488890701,674,"If you braid my hair,you can climb up."
2328,1819,2,12,82,96,1.1666666666666667,0.04359569698171643,674,Vaseline Hair Tonic is too greasy
2597,1819,1,14,81,96,1.1666666666666667,0.041003494359720165,674,And another thing: don’t even think of coming around again saying ‘let down your hair’ unless you’ve got Chinese carryout!
2738,1819,1,14,81,96,1.1666666666666667,0.041003494359720165,674,Do you realize how much time and effort it takes to brush my hair 100 times each night? And now you want to climb it?
2829,1819,2,12,82,96,1.1666666666666667,0.04359569698171643,674,I tried a new place called The Weird Sisters Salon.
1369,1819,2,12,82,96,1.1666666666666667,0.04359569698171643,674,NEXT TIME BRING FLOWERS INSTEAD OF CONDITIONER
2225,1819,3,10,83,96,1.1666666666666667,0.04604218762109022,674,Like my new weave?
1320,1819,1,14,81,96,1.1666666666666667,0.041003494359720165,674,You said you liked it al dente.
557,1819,2,12,82,96,1.1666666666666667,0.04359569698171643,674,"Rapunzel, Rapunzel...enough already!"
1163,1819,5,6,85,96,1.1666666666666667,0.05058141488890701,674,"So sorry... I promise you, once we're married I'll give up the weave."
996,1819,1,14,81,96,1.1666666666666667,0.041003494359720165,674,"I told you to hide, not slide!"
955,1819,2,12,82,96,1.1666666666666667,0.04359569698171643,674,The moment “based on a true story “ was invented
880,1819,2,12,82,96,1.1666666666666667,0.04359569698171643,674,I have a contract with Stradivarius.
727,1819,2,12,82,96,1.1666666666666667,0.04359569698171643,674,"I thought you were training for this, Prince!"
695,1819,2,12,82,96,1.1666666666666667,0.04359569698171643,674,I liked you better when you had curls.
657,1819,0,16,80,96,1.1666666666666667,0.03823595564509364,674,That's it. No more full-bodied hair treatments at the salon!
628,1819,0,16,80,96,1.1666666666666667,0.03823595564509364,674,The witch told me it would make my hair more manageable!
541,1819,1,14,81,96,1.1666666666666667,0.041003494359720165,674,Welcome to The Conditioner Challenge.
513,1819,4,8,84,96,1.1666666666666667,0.048365083340667456,674,Sorry about the texture. I have the darndest time finding conditioner in 55 gallon drums.
381,1819,1,14,81,96,1.1666666666666667,0.041003494359720165,674,"if it makes you feel any better, you're not the first to be trapped in my volumizing hair mousse."
297,1819,2,12,82,96,1.1666666666666667,0.04359569698171643,674,"Well, that was a hairy ride."
168,1819,2,12,82,96,1.1666666666666667,0.04359569698171643,674,Well this is let down
2915,1819,1,14,81,96,1.1666666666666667,0.041003494359720165,674,I just started using a new conditioner.
1206,1819,3,10,83,96,1.1666666666666667,0.04604218762109022,674,Wait’ll you see the rest!
2965,1819,2,12,82,96,1.1666666666666667,0.04359569698171643,674,Sorry! Too much static electricity.
626,1850,3,10,84,97,1.1649484536082475,0.045597438177716845,674,Somehow I knew Rapunzel's father would foil my attempt.
1119,1851,1,13,78,92,1.1630434782608696,0.04169478752204208,674,You need to know how to tie that cute chain braid that I saw on Beyonce!
1922,1851,2,11,79,92,1.1630434782608696,0.044467368369936235,674,"I’m a feminist now Tim, and that means growing out my armpit hair to revolting lengths and maintaining a BO musk to make myself undesirable to every human imaginable."
2581,1851,0,15,77,92,1.1630434782608696,0.03872420126056659,674,"And then they lived, nappily ever after"
2877,1851,1,13,78,92,1.1630434782608696,0.04169478752204208,674,"Blame it on my split ends! Well, I’m gonna SPLIT and that’s the END!"
2081,1855,3,9,81,93,1.1612903225806452,0.04660097538803969,674,Had you called first I wouldn’t have washed and conditioned it.
2041,1855,2,11,80,93,1.1612903225806452,0.0440215494550123,674,"The Climate Change version of “Rapunzel, let your hair down”"
2037,1855,1,13,79,93,1.1612903225806452,0.04128126361587671,674,Not that much!
2007,1855,1,13,79,93,1.1612903225806452,0.04128126361587671,674,"Rapunzel, Rapunzel, let up with your hair!"
1989,1855,2,11,80,93,1.1612903225806452,0.0440215494550123,674,I thought the silky smoothness would be a good thing... the models in the shampoo commercial seemed so ecstatic about it!
1904,1855,2,11,80,93,1.1612903225806452,0.0440215494550123,674,You'd think we would have this down by now.
2183,1855,1,13,79,93,1.1612903225806452,0.04128126361587671,674,What about my split ends?
1841,1855,3,9,81,93,1.1612903225806452,0.04660097538803969,674,The princess? Well she's just a hair above the wrest!
1784,1855,0,15,78,93,1.1612903225806452,0.03834564688497143,674,This is what you meant by “mane squeeze” right?
1508,1855,2,11,80,93,1.1612903225806452,0.0440215494550123,674,Her hirsute suit.
1490,1855,2,11,80,93,1.1612903225806452,0.0440215494550123,674,Are you 'Tangled'?
1951,1855,2,11,80,93,1.1612903225806452,0.0440215494550123,674,"When I was young, they warned me about many things such as don't catch the plague or don't drink too much at the tavern, yet no one warned me all my friends would become climbers and I simply would not take to it."
2209,1855,2,11,80,93,1.1612903225806452,0.0440215494550123,674,"Honey, I did not know Jeffrey Epstein."
2324,1855,2,11,80,93,1.1612903225806452,0.0440215494550123,674,I wanted to come clean about something before out first date
1478,1855,1,13,79,93,1.1612903225806452,0.04128126361587671,674,Here I come world!
2327,1855,2,11,80,93,1.1612903225806452,0.0440215494550123,674,I told you to use the hair Swizzle.
2491,1855,2,11,80,93,1.1612903225806452,0.0440215494550123,674,When Big Anthony met Rapunzel
2501,1855,1,13,79,93,1.1612903225806452,0.04128126361587671,674,Retains moisture the bottle says. Moisture is s l i p p e r y.
2672,1855,3,9,81,93,1.1612903225806452,0.04660097538803969,674,"“I can’t help trying to butter her up, she’s like a royal Queen on the Cob.”"
2764,1855,2,11,80,93,1.1612903225806452,0.0440215494550123,674,I'd better date short-haired girls.
2794,1855,3,9,81,93,1.1612903225806452,0.04660097538803969,674,Pull harder!
2798,1855,2,11,80,93,1.1612903225806452,0.0440215494550123,674,"Like last year, losing his hat disqualifies Jack in the Kingdom's Annual Slide for Life."
2825,1855,1,13,79,93,1.1612903225806452,0.04128126361587671,674,You waited long enough.
2852,1855,2,11,80,93,1.1612903225806452,0.0440215494550123,674,Did you remember to bring the hair ties this time?!
2862,1855,2,11,80,93,1.1612903225806452,0.0440215494550123,674,I told you I’m SIKH not SICK! I don’t need your help right now! Can you please get out of my HAIR???
2912,1855,0,15,78,93,1.1612903225806452,0.03834564688497143,674,Whee! What a silky smooth ride !
2913,1855,1,13,79,93,1.1612903225806452,0.04128126361587671,674,Prince Hairy didn't have any trouble.
2303,1855,0,15,78,93,1.1612903225806452,0.03834564688497143,674,"You climb back down, you idiot. It's not a slip and slide! I see now why they wanted me to stay away from guys!"
1413,1855,1,13,79,93,1.1612903225806452,0.04128126361587671,674,"I'm stuck in a knot and can't get out!""
Camille Adams, Atlantic Beach F"
2082,1855,1,13,79,93,1.1612903225806452,0.04128126361587671,674,How about I send down the golden ladder?
1385,1855,3,9,81,93,1.1612903225806452,0.04660097538803969,674,"Go, follow the straight!"
124,1855,1,13,79,93,1.1612903225806452,0.04128126361587671,674,"climbing tower will teach many life skills such as goal setting, perseverance, teamwork, and encouraging others!"
149,1855,3,9,81,93,1.1612903225806452,0.04660097538803969,674,"Sorry , I haven’t washed it in years ."
253,1855,3,9,81,93,1.1612903225806452,0.04660097538803969,674,You asked for it.
270,1855,2,11,80,93,1.1612903225806452,0.0440215494550123,674,Ooofff! Conditioner helps with tangles......
492,1855,3,9,81,93,1.1612903225806452,0.04660097538803969,674,That was fast.
548,1855,1,13,79,93,1.1612903225806452,0.04128126361587671,674,"It's a slippery slope to the top, my friend!"
662,1855,1,13,79,93,1.1612903225806452,0.04128126361587671,674,I ran out of shampoo years ago.
783,1855,3,9,81,93,1.1612903225806452,0.04660097538803969,674,"Darn, Juliet!  Are thou sure that there is no stairway?i"
814,1855,0,15,78,93,1.1612903225806452,0.03834564688497143,674,Maybe next time not so much conditioner.
839,1855,0,15,78,93,1.1612903225806452,0.03834564688497143,674,I was just interested in her hairess...
844,1855,1,13,79,93,1.1612903225806452,0.04128126361587671,674,Now pull it back in.
845,1855,2,11,80,93,1.1612903225806452,0.0440215494550123,674,Is it a deal breaker ?
102,1855,3,9,81,93,1.1612903225806452,0.04660097538803969,674,We'll call the ride Cascade Locks.
873,1855,4,7,82,93,1.1612903225806452,0.04904492835975263,674,Using this new conditioner may not have been a so good idea after all...
1398,1855,2,11,80,93,1.1612903225806452,0.0440215494550123,674,What type of conditioner do you use?
896,1855,2,11,80,93,1.1612903225806452,0.0440215494550123,674,Don't fret. It's not permanent!
988,1855,3,9,81,93,1.1612903225806452,0.04660097538803969,674,Go around to the back and take the stairs.
1057,1855,2,11,80,93,1.1612903225806452,0.0440215494550123,674,"Forgive me, Lord Rapunzel, I wasn’t meaning to tangle with you!"
1084,1855,2,11,80,93,1.1612903225806452,0.0440215494550123,674,"Oh sorry, I thought you were here for my once-a-decade trim."
1093,1855,0,15,78,93,1.1612903225806452,0.03834564688497143,674,"Look on the bright side: in a few hundred years, this will all be very valuable IP."
1147,1855,2,11,80,93,1.1612903225806452,0.0440215494550123,674,I keep telling Rapunzel one prince is enough!
1178,1855,2,11,80,93,1.1612903225806452,0.0440215494550123,674,"''Yeah, maybe I should get a haircut.''"
1282,1855,0,15,78,93,1.1612903225806452,0.03834564688497143,674,"Um, I just wanted to leave a note."
1325,1855,1,13,79,93,1.1612903225806452,0.04128126361587671,674,Now we've swept each other off our feet.
1327,1855,1,13,79,93,1.1612903225806452,0.04128126361587671,674,"You're tangled? Well, my brush is in there somewhere..."
1357,1855,2,11,80,93,1.1612903225806452,0.0440215494550123,674,"Rapunzel, I warned you about cheap extensions."
888,1855,3,9,81,93,1.1612903225806452,0.04660097538803969,674,I’m not trying to smother you.
69,1855,1,13,79,93,1.1612903225806452,0.04128126361587671,674,"For the last time, this is a walk-up with no elevator. You're really slipping, and not listening has always been your downfall!"
552,1914,2,11,82,95,1.1578947368421053,0.04315598280527234,674,Did I over-do it?
1614,1915,0,14,75,89,1.1573033707865168,0.03881175728695266,674,Just think of how much we will be able to save on the cost of heating!
1683,1916,1,12,77,90,1.1555555555555554,0.04154059161636941,674,"You asked for it, you got it, and I hope you're satisfied."
1787,1916,1,12,77,90,1.1555555555555554,0.04154059161636941,674,I guess it's good being King
1829,1916,1,12,77,90,1.1555555555555554,0.04154059161636941,674,"The landing is a little rough, but it makes a nice slide."
1850,1916,0,14,76,90,1.1555555555555554,0.03841787164459599,674,I think I used too much hair conditioner.
1965,1916,1,12,77,90,1.1555555555555554,0.04154059161636941,674,"Climbing up was the easy part, Rapunzel."
2058,1916,2,10,78,90,1.1555555555555554,0.044444444444444446,674,"Yeah, being in a tower cuts off modern hair care"
2098,1916,1,12,77,90,1.1555555555555554,0.04154059161636941,674,"Rapunzel, Rapunzel!
You have too much hair!"
2101,1916,2,10,78,90,1.1555555555555554,0.044444444444444446,674,"When he met Rapuzel’s father the first time, the prince found himself unexpectedly in a very grim situation."
2116,1916,2,10,78,90,1.1555555555555554,0.044444444444444446,674,"I’m hungry. I thought you were bringing  sliders,not for you to go sliding."
2194,1916,2,10,78,90,1.1555555555555554,0.044444444444444446,674,"I said, “Let down your golden hair, not drown me in it!”"
2230,1916,0,14,76,90,1.1555555555555554,0.03841787164459599,674,How many times have I told you to use detangler?
2275,1916,0,14,76,90,1.1555555555555554,0.03841787164459599,674,Honey? Why did you lock me out?
2315,1916,1,12,77,90,1.1555555555555554,0.04154059161636941,674,"A Hair raising plan, Oh, Rapunzel"
2426,1916,2,10,78,90,1.1555555555555554,0.044444444444444446,674,I can't. I've got to wash my hair in September.
2468,1916,1,12,77,90,1.1555555555555554,0.04154059161636941,674,"This is what happened when my stylist stopped letting me get ""The Rachel"""
2479,1916,1,12,77,90,1.1555555555555554,0.04154059161636941,674,That new conditioner is really working.
2511,1916,0,14,76,90,1.1555555555555554,0.03841787164459599,674,Must be the new silky conditioner...
2543,1916,2,10,78,90,1.1555555555555554,0.044444444444444446,674,But you said you didn't like my braid
2544,1916,3,8,79,90,1.1555555555555554,0.04716986890073616,674,"If this is not long enough, I can always let down my leg hair."
2561,1916,1,12,77,90,1.1555555555555554,0.04154059161636941,674,Saturday is hair wash day. You knew that!
2588,1916,1,12,77,90,1.1555555555555554,0.04154059161636941,674,Weeeeeeee!
2790,1916,1,12,77,90,1.1555555555555554,0.04154059161636941,674,I need a softer conditioner.
2835,1916,0,14,76,90,1.1555555555555554,0.03841787164459599,674,"Now you understand why it's called a ""permanent wave."""
2868,1916,1,12,77,90,1.1555555555555554,0.04154059161636941,674,It’s okay. The bards can fix this up in post-production.
2978,1916,1,12,77,90,1.1555555555555554,0.04154059161636941,674,She was thinking she should have swiped left.
2979,1916,1,12,77,90,1.1555555555555554,0.04154059161636941,674,she wants me to grow a beard!
3016,1916,2,10,78,90,1.1555555555555554,0.044444444444444446,674,All I said was get a goddam haircut Hairy.
1667,1916,3,8,79,90,1.1555555555555554,0.04716986890073616,674,I wanted to be Rapunzel!
1652,1916,2,10,78,90,1.1555555555555554,0.044444444444444446,674,You said we should tie the knot!
1878,1916,1,12,77,90,1.1555555555555554,0.04154059161636941,674,King's hair slide. Signature required.
1632,1916,1,12,77,90,1.1555555555555554,0.04154059161636941,674,"You’re using that cheap hairspray again, aren’t you?"
229,1916,2,10,78,90,1.1555555555555554,0.044444444444444446,674,"Sorry, I used a New leave in conditioner."
424,1916,3,8,79,90,1.1555555555555554,0.04716986890073616,674,"Sorry, my no-wash routine makes it all a bit tricky, doesn't it?"
615,1916,0,14,76,90,1.1555555555555554,0.03841787164459599,674,But GPS said this was Rapunzel's house.
617,1916,1,12,77,90,1.1555555555555554,0.04154059161636941,674,Product!
631,1916,1,12,77,90,1.1555555555555554,0.04154059161636941,674,It's more of a golden snare than a golden stair.
718,1916,1,12,77,90,1.1555555555555554,0.04154059161636941,674,Let's try again tomorrow -I'll cut back on the cream rinse.
793,1916,2,10,78,90,1.1555555555555554,0.044444444444444446,674,"Just a trim"" won't be enough in your case princess"
851,1916,1,12,77,90,1.1555555555555554,0.04154059161636941,674,You automatically assume that I'm long hair don't care.
863,1916,3,8,79,90,1.1555555555555554,0.04716986890073616,674,I guess it is time to get a hair cut
864,1916,1,12,77,90,1.1555555555555554,0.04154059161636941,674,"It's called ""Untangled"".  It said nothing about reduced climbability..."
938,1916,0,14,76,90,1.1555555555555554,0.03841787164459599,674,"No honey, I’m chivalrous. I wouldn’t tell you how to style your hair. But maybe use some detangler?"
998,1916,1,12,77,90,1.1555555555555554,0.04154059161636941,674,Why didn't someone tell me this wasn't a water park?
1027,1916,1,12,77,90,1.1555555555555554,0.04154059161636941,674,I've been thinking of getting a hairnet.
1037,1916,1,12,77,90,1.1555555555555554,0.04154059161636941,674,"When you can't commit, and I'm left waiting, it gets hairy!"
809,1916,2,10,78,90,1.1555555555555554,0.044444444444444446,674,"Rapunzel, Rapunzel!  Remember how cute Audrey Hepburn looks in Sabrina with her hair cut so very short?"
1187,1916,1,12,77,90,1.1555555555555554,0.04154059161636941,674,"Is that you Rapunzel, or is your father just having a bad hair day."
1204,1916,1,12,77,90,1.1555555555555554,0.04154059161636941,674,You ain't no beauty contest winner yourself!
1209,1916,1,12,77,90,1.1555555555555554,0.04154059161636941,674,A more protective hairstyle is not appropriation.
1238,1916,0,14,76,90,1.1555555555555554,0.03841787164459599,674,no connections...…..so long it's been good to know you.....
1344,1916,3,8,79,90,1.1555555555555554,0.04716986890073616,674,"Stop moving around so much—I want loose, beachy waves, not haystack hair."
1380,1916,2,10,78,90,1.1555555555555554,0.044444444444444446,674,Trapping a prince using spray adhesive.
1108,1916,0,14,76,90,1.1555555555555554,0.03841787164459599,674,Come back when it’s braided.
1403,1916,1,12,77,90,1.1555555555555554,0.04154059161636941,674,"Look, if you didn’t want it smooth and lustrous maybe you should’ve brought me a different conditioner."
1579,1916,1,12,77,90,1.1555555555555554,0.04154059161636941,674,"Who do you think you're coming to visit, Rapunzel?"
1423,1916,1,12,77,90,1.1555555555555554,0.04154059161636941,674,actually this is a castle hat and castle print dress & i'm really tall - cool!
1509,1916,0,14,76,90,1.1555555555555554,0.03841787164459599,674,"I'll get the detangler, again."
1547,1916,2,10,78,90,1.1555555555555554,0.044444444444444446,674,slide right to connect
1638,1916,0,14,76,90,1.1555555555555554,0.03841787164459599,674,You got the wrong tower buddy. Rapunzel's tower is the next one down.
1948,1975,2,10,79,91,1.1538461538461537,0.04398655839495406,674,"If you don't come back with the honey mustard, you're getting one star."
1926,1976,0,13,74,87,1.1494252873563218,0.038443158107632124,674,"Well, this explains the dungeon's sudden increase in hair product expenses"
3028,1976,2,9,76,87,1.1494252873563218,0.04486081606493881,674,I guess I used too much apple cider vinegar.
2891,1976,3,7,77,87,1.1494252873563218,0.04774726195683065,674,"Well, I'm sorry my hair is a letdown."
2733,1976,0,13,74,87,1.1494252873563218,0.038443158107632124,674,Next time give me a week's notice so I can brush the tangles out.
2712,1976,2,9,76,87,1.1494252873563218,0.04486081606493881,674,I washed it last Saturday.  Why do you ask?
2577,1976,2,9,76,87,1.1494252873563218,0.04486081606493881,674,I am NOT Rapunzel!
2482,1976,2,9,76,87,1.1494252873563218,0.04486081606493881,674,What elf?
2378,1976,0,13,74,87,1.1494252873563218,0.038443158107632124,674,I really do need a hair cut.
2326,1976,1,11,75,87,1.1494252873563218,0.04177540678018991,674,"I asked for The Rachel."""
2318,1976,0,13,74,87,1.1494252873563218,0.038443158107632124,674,That's how I comb my hair.
2278,1976,2,9,76,87,1.1494252873563218,0.04486081606493881,674,"Hey, Punzi, thought you were gonna stop using that greasy hair gel."
2175,1976,3,7,77,87,1.1494252873563218,0.04774726195683065,674,"Come on you long haired freak, let me out, I have to vote!"
2099,1976,1,11,75,87,1.1494252873563218,0.04177540678018991,674,"Next time, not so much conditioner."
2005,1976,1,11,75,87,1.1494252873563218,0.04177540678018991,674,Have your thought of braiding it?
3032,1976,2,9,76,87,1.1494252873563218,0.04486081606493881,674,What do you think of my new conditioner?
1901,1976,2,9,76,87,1.1494252873563218,0.04486081606493881,674,You're using too much conditioner!
2224,1976,1,11,75,87,1.1494252873563218,0.04177540678018991,674,It's not a water slide.
1728,1976,1,11,75,87,1.1494252873563218,0.04177540678018991,674,Can you please put your hat back on? I don’t want you to get your hair all over the place.
1749,1976,3,7,77,87,1.1494252873563218,0.04774726195683065,674,I'm trying out a new conditioner...
313,1976,3,7,77,87,1.1494252873563218,0.04774726195683065,674,"Sorry, my name is Jack"
368,1976,0,13,74,87,1.1494252873563218,0.038443158107632124,674,I'm getting cancelled for this one
392,1976,3,7,77,87,1.1494252873563218,0.04774726195683065,674,What the hay Mr Rapunzel. Let's try pony tails the next time.
454,1976,2,9,76,87,1.1494252873563218,0.04486081606493881,674,No more snarls.
491,1976,2,9,76,87,1.1494252873563218,0.04486081606493881,674,"This is not fun and games, Your Imperial Highness.  You're supposed to come this way."
644,1976,2,9,76,87,1.1494252873563218,0.04486081606493881,674,"Sounds like you’re falling, but I can’t hair you"
448,1976,2,9,76,87,1.1494252873563218,0.04486081606493881,674,Why doncha come up and see me sometime?
975,1976,2,9,76,87,1.1494252873563218,0.04486081606493881,674,"Hey, you wanted me to grow out my bangs."
1140,1976,2,9,76,87,1.1494252873563218,0.04486081606493881,674,"Repunzel, Repunzel. Let down your sissors."
1285,1976,0,13,74,87,1.1494252873563218,0.038443158107632124,674,And don’t even bother trying to take the staircase.
1553,1976,1,11,75,87,1.1494252873563218,0.04177540678018991,674,"I think I see the problem here, you're a French Brad, not a French  braider."
1705,1976,1,11,75,87,1.1494252873563218,0.04177540678018991,674,"Work on those split ends while you’re down there, would you? Cream rinse has gotten soooo expensive."
835,1976,1,11,75,87,1.1494252873563218,0.04177540678018991,674,"`Listen, Jester. I'm telling you, long hair is the new craze. You gotta ride this trend out'."
2087,2008,2,8,74,84,1.1428571428571428,0.045266017894605576,674,"What Ho! 
Gives me an idea for a great musical! 
Wonder if the Cowsils are available.....??"
1933,2008,2,8,74,84,1.1428571428571428,0.045266017894605576,674,Damn this new cream rinse!
1944,2008,1,10,73,84,1.1428571428571428,0.04197797807648538,674,You're not my first.
1953,2008,1,10,73,84,1.1428571428571428,0.04197797807648538,674,You should really look into a conditioner.
1987,2008,2,8,74,84,1.1428571428571428,0.045266017894605576,674,"""So, it's my fault because you're late?"
2029,2008,0,12,72,84,1.1428571428571428,0.038409489852704655,674,"Geee, your hair doesn’t smell terrific"
2038,2008,1,10,73,84,1.1428571428571428,0.04197797807648538,674,Next time don’t use all my conditioner
2134,2008,1,10,73,84,1.1428571428571428,0.04197797807648538,674,He only wanted her pussy
2236,2008,1,10,73,84,1.1428571428571428,0.04197797807648538,674,Nine out of ten would recommend Pantene.
2174,2008,0,12,72,84,1.1428571428571428,0.038409489852704655,674,I give up. Send me back!
1484,2008,1,10,73,84,1.1428571428571428,0.04197797807648538,674,I guess that's the last time you ask me to do that.
2182,2008,3,6,75,84,1.1428571428571428,0.048330881521855336,674,I guess adding conditioner to my hair care was a bad idea.
2196,2008,1,10,73,84,1.1428571428571428,0.04197797807648538,674,That one was an extension! Try again!
2221,2008,1,10,73,84,1.1428571428571428,0.04197797807648538,674,But you said that it makes me look slimmer.
1891,2008,3,6,75,84,1.1428571428571428,0.048330881521855336,674,"Thanks for letting it down,Rapunzel,but now I'm drowning."
2267,2008,1,10,73,84,1.1428571428571428,0.04197797807648538,674,Try the asbestos instead.
2276,2008,3,6,75,84,1.1428571428571428,0.048330881521855336,674,The bottle said makes your hair smooth and silky.
2281,2008,1,10,73,84,1.1428571428571428,0.04197797807648538,674,What conditioner have you been using?
2163,2008,1,10,73,84,1.1428571428571428,0.04197797807648538,674,I love your new conditioner!
1877,2008,1,10,73,84,1.1428571428571428,0.04197797807648538,674,Still beats the G train!
1800,2008,1,10,73,84,1.1428571428571428,0.04197797807648538,674,"I decided to blow it out this time, no good?"
1857,2008,2,8,74,84,1.1428571428571428,0.045266017894605576,674,I've no interest in doing Tangled 2 for less than a million bucks!
2290,2008,0,12,72,84,1.1428571428571428,0.038409489852704655,674,"I said come back later tonight with some straightener ""for my hair."""
1486,2008,1,10,73,84,1.1428571428571428,0.04197797807648538,674,It is I- Princess Rogain.
1532,2008,0,12,72,84,1.1428571428571428,0.038409489852704655,674,I'm just a Prisoner of Love
1540,2008,2,8,74,84,1.1428571428571428,0.045266017894605576,674,"Rapunzel, Rapunzel...have you ever considered an updo?"
1548,2008,2,8,74,84,1.1428571428571428,0.045266017894605576,674,"Sorry about that, but that Keranique really works."
1577,2008,0,12,72,84,1.1428571428571428,0.038409489852704655,674,SMELL IT! SMEEELLLL IIITT!!!
1578,2008,3,6,75,84,1.1428571428571428,0.048330881521855336,674,Another hairy Rapunzel moment - brought to you by your friends at Clairol.
1600,2008,1,10,73,84,1.1428571428571428,0.04197797807648538,674,I guess I used to much conditioner.
1858,2008,3,6,75,84,1.1428571428571428,0.048330881521855336,674,"Odds Bodkins!   It's Rumple Still Skin, not Rapunzel!"
1669,2008,1,10,73,84,1.1428571428571428,0.04197797807648538,674,Please stop using oil based conditioners!
1744,2008,1,10,73,84,1.1428571428571428,0.04197797807648538,674,You dolt! Its a wig! the stairs are in the back!
1759,2008,3,6,75,84,1.1428571428571428,0.048330881521855336,674,Sorry - I ran out of detangling shampoo
1789,2008,1,10,73,84,1.1428571428571428,0.04197797807648538,674,"Now I know why you claim to be ""heir"" to the throne."
1794,2008,2,8,74,84,1.1428571428571428,0.045266017894605576,674,There's a dude in my fuckin' hair.
1809,2008,1,10,73,84,1.1428571428571428,0.04197797807648538,674,And you can stop bringing me the Rogaine.
1813,2008,2,8,74,84,1.1428571428571428,0.045266017894605576,674,The man takes the hair then the hair takes the man.
1816,2008,1,10,73,84,1.1428571428571428,0.04197797807648538,674,I learned it from the Donald
1827,2008,1,10,73,84,1.1428571428571428,0.04197797807648538,674,"Did you mean “hare” as in rabbit?  Sorry, we are all out of hares but we do have a special on mutton today."
1731,2008,1,10,73,84,1.1428571428571428,0.04197797807648538,674,"I've just deep conditioned, sorry."
2302,2008,1,10,73,84,1.1428571428571428,0.04197797807648538,674,When she moved to the shining city on the hill she should have worn braids
2898,2008,2,8,74,84,1.1428571428571428,0.045266017894605576,674,Sorry about the cream rinse
2350,2008,1,10,73,84,1.1428571428571428,0.04197797807648538,674,Swallowed by the wrath of Lord Shuckington
2791,2008,0,12,72,84,1.1428571428571428,0.038409489852704655,674,Drunken Sailor verse went smoothly as did Hey Ho and Up she Rises. It was Shave her Belly with a Rusty Razor that got me entangled in hair.
2833,2008,1,10,73,84,1.1428571428571428,0.04197797807648538,674,I switched shampoos.
2860,2008,1,10,73,84,1.1428571428571428,0.04197797807648538,674,"Conditioner sine qua non, Milord!"
2882,2008,1,10,73,84,1.1428571428571428,0.04197797807648538,674,Too much slack?
1474,2008,1,10,73,84,1.1428571428571428,0.04197797807648538,674,I know!  I'll invent something and call it a ladder.
2922,2008,0,12,72,84,1.1428571428571428,0.038409489852704655,674,"Why yes, I am literal minded."
2929,2008,2,8,74,84,1.1428571428571428,0.045266017894605576,674,Guess there is such a thing as too silky.
2935,2008,1,10,73,84,1.1428571428571428,0.04197797807648538,674,Oops! It's that Silky Smooth Hair Conditioner that's to blame.
2785,2008,1,10,73,84,1.1428571428571428,0.04197797807648538,674,How about a bun next time?
2966,2008,1,10,73,84,1.1428571428571428,0.04197797807648538,674,I said let down your heir...
2976,2008,0,12,72,84,1.1428571428571428,0.038409489852704655,674,I wonder if the curtains match the drapes
3023,2008,1,10,73,84,1.1428571428571428,0.04197797807648538,674,"Stop whining.  It isn't Niagara."""
3027,2008,2,8,74,84,1.1428571428571428,0.045266017894605576,674,"I'm disappointed with the surgeries' results, too."
3030,2008,0,12,72,84,1.1428571428571428,0.038409489852704655,674,How the heck did you mistake Vaseline for hairspray?
3039,2008,1,10,73,84,1.1428571428571428,0.04197797807648538,674,"Cookie,Cookie, lend me your comb?"
3047,2008,2,8,74,84,1.1428571428571428,0.045266017894605576,674,"Oh, my, thats my bad...it must be that new leave in serum conditioner that I started using.  My hairy is much silkier than the last time you climbed up here."
3077,2008,1,10,73,84,1.1428571428571428,0.04197797807648538,674,I told you not to use Waze!
3078,2008,1,10,73,84,1.1428571428571428,0.04197797807648538,674,"Rapunzel, let down your sugar bear hair!"
2971,2008,0,12,72,84,1.1428571428571428,0.038409489852704655,674,"My new conditioner gives me the silkiest, softest hair in the kingdom."
2781,2008,1,10,73,84,1.1428571428571428,0.04197797807648538,674,"Lather, rinse, and repeat. I always repeat."
2773,2008,1,10,73,84,1.1428571428571428,0.04197797807648538,674,... and don't forget the shampoo.
2757,2008,3,6,75,84,1.1428571428571428,0.048330881521855336,674,"Rapunzel, Rapunzel, let down your conditioner!"
2367,2008,1,10,73,84,1.1428571428571428,0.04197797807648538,674,This isn't the harem I was thinking of!
2380,2008,1,10,73,84,1.1428571428571428,0.04197797807648538,674,"Forget it, it’s 1812. I’ll do it myself."
2404,2008,2,8,74,84,1.1428571428571428,0.045266017894605576,674,Think again. They are headed this way.
2418,2008,1,10,73,84,1.1428571428571428,0.04197797807648538,674,"If you want to know the truth, the ‘golden stair’ is around back!"
2424,2008,1,10,73,84,1.1428571428571428,0.04197797807648538,674,It must be the new shampoo...
2429,2008,2,8,74,84,1.1428571428571428,0.045266017894605576,674,Looks like its time for a new mandruff shampoo !
2465,2008,2,8,74,84,1.1428571428571428,0.045266017894605576,674,"Sorry, Prince, I swiped left on the theory that OPPOSITES attract"
2478,2008,0,12,72,84,1.1428571428571428,0.038409489852704655,674,I can take a hint you know!
2555,2008,0,12,72,84,1.1428571428571428,0.038409489852704655,674,So that’s what happens when you use Rogaine for Men.
2594,2008,0,12,72,84,1.1428571428571428,0.038409489852704655,674,You really need to work on your core!
2596,2008,1,10,73,84,1.1428571428571428,0.04197797807648538,674,You're right--I do need to switch conditioners.
2607,2008,2,8,74,84,1.1428571428571428,0.045266017894605576,674,Do I have to wait until the 1960's for you to catch on to the hair thing?
2615,2008,3,6,75,84,1.1428571428571428,0.048330881521855336,674,"Oh my!  I'd better cut back on my Rinse.  It may seem like I'm playing too "" Hard to Get."""
2627,2008,1,10,73,84,1.1428571428571428,0.04197797807648538,674,I don't believe we can have a mature relationship until you get your gaming under control.
2674,2008,1,10,73,84,1.1428571428571428,0.04197797807648538,674,How do you like my new GMO organic shampoo?
2682,2008,0,12,72,84,1.1428571428571428,0.038409489852704655,674,Is it untangled yet?
2688,2008,1,10,73,84,1.1428571428571428,0.04197797807648538,674,Her hair dresser died a few months back.
2747,2008,0,12,72,84,1.1428571428571428,0.038409489852704655,674,Help! It’s a tsunami!
2748,2008,0,12,72,84,1.1428571428571428,0.038409489852704655,674,Have you changed your shampoo?
2338,2008,1,10,73,84,1.1428571428571428,0.04197797807648538,674,OK I get it.  You don't really want to go out with me.
1458,2008,1,10,73,84,1.1428571428571428,0.04197797807648538,674,Did she or didn't she? Only her hairdresser knows for sure.
2534,2008,2,8,74,84,1.1428571428571428,0.045266017894605576,674,But I’m gluten intolerant!
1426,2008,0,12,72,84,1.1428571428571428,0.038409489852704655,674,"Baby, after we get married, I will take you to my hair stylist. Also,
in the meantime, you better work on your neck muscles."
413,2008,1,10,73,84,1.1428571428571428,0.04197797807648538,674,Well...you told me the rogaine would help!
415,2008,2,8,74,84,1.1428571428571428,0.045266017894605576,674,Manbunadvalanch
437,2008,1,10,73,84,1.1428571428571428,0.04197797807648538,674,I blame Pantene Pro-V.
469,2008,1,10,73,84,1.1428571428571428,0.04197797807648538,674,"I brought the shampoo, but I forgot the ladder!"
486,2008,0,12,72,84,1.1428571428571428,0.038409489852704655,674,The witch switched pectin for my de-tangler shampoo.... do you like how shiny it is?
493,2008,1,10,73,84,1.1428571428571428,0.04197797807648538,674,It’s that slippery conditioner!
494,2008,1,10,73,84,1.1428571428571428,0.04197797807648538,674,With all the pulling you'd think she'd have gone bald
501,2008,1,10,73,84,1.1428571428571428,0.04197797807648538,674,"Rapunzel, Rapunzel pull up your golden hair.  Or cut it off."
403,2008,2,8,74,84,1.1428571428571428,0.045266017894605576,674,"Lighten up on the conditioner , Rapunzel!"
510,2008,1,10,73,84,1.1428571428571428,0.04197797807648538,674,Should I let down my salmon cannon instead?
537,2008,1,10,73,84,1.1428571428571428,0.04197797807648538,674,I tried a new moisturizing conditioner.
567,2008,2,8,74,84,1.1428571428571428,0.045266017894605576,674,Right hair -wrong mailbox
586,2008,1,10,73,84,1.1428571428571428,0.04197797807648538,674,Shouldn't have used the hair smoother.
601,2008,0,12,72,84,1.1428571428571428,0.038409489852704655,674,"When you said ""check out my flowing hair"" I had no indeed that THIS was involved!"
619,2008,1,10,73,84,1.1428571428571428,0.04197797807648538,674,Maybe shampoo and conditioner will help.
622,2008,1,10,73,84,1.1428571428571428,0.04197797807648538,674,Pio Nono?
623,2008,1,10,73,84,1.1428571428571428,0.04197797807648538,674,Where did Rapunzel go?
670,2008,1,10,73,84,1.1428571428571428,0.04197797807648538,674,"It's KellyUnzel, you twink toed enemy of . . and I only let down my hair for George . . ."
515,2008,0,12,72,84,1.1428571428571428,0.038409489852704655,674,"It's not so much a ""golden stair"" anymore. It's more like a ""proceed with caution."""
692,2008,1,10,73,84,1.1428571428571428,0.04197797807648538,674,You shoulda told me you can't swim.
395,2008,1,10,73,84,1.1428571428571428,0.04197797807648538,674,Conditioner.
365,2008,3,6,75,84,1.1428571428571428,0.048330881521855336,674,"i think i musta i think i musta
i musta got lost!!!!!!!!!!!!!!!!!"
1446,2008,2,8,74,84,1.1428571428571428,0.045266017894605576,674,I should’ve stayed home.
34,2008,3,6,75,84,1.1428571428571428,0.048330881521855336,674,Can you grab me some conditioner while you’re out?
38,2008,2,8,74,84,1.1428571428571428,0.045266017894605576,674,"I went to the 1960s, what a trip."
40,2008,0,12,72,84,1.1428571428571428,0.038409489852704655,674,"You gotta float with the current, you hear me? WITH the current!"
53,2008,2,8,74,84,1.1428571428571428,0.045266017894605576,674,"Honey, your new conditioner is making it hard for me to get to work!"
123,2008,2,8,74,84,1.1428571428571428,0.045266017894605576,674,So what kind of car do you drive?
154,2008,2,8,74,84,1.1428571428571428,0.045266017894605576,674,"Well, you said you wanted to learn to ski."
158,2008,0,12,72,84,1.1428571428571428,0.038409489852704655,674,"They're called thuds, not bangs."
393,2008,0,12,72,84,1.1428571428571428,0.038409489852704655,674,"Relationships are difficult, but this is ridiculous"
217,2008,1,10,73,84,1.1428571428571428,0.04197797807648538,674,It's not grease. It's my new conditioner.
223,2008,0,12,72,84,1.1428571428571428,0.038409489852704655,674,This wasn’t in the job description when I applied for the barber job.
225,2008,2,8,74,84,1.1428571428571428,0.045266017894605576,674,"If you desire my love, ride your pony to town and get real macaroni & cheese this time. I cannot eat your cap, Yankee Doodle!"
244,2008,1,10,73,84,1.1428571428571428,0.04197797807648538,674,It's a living!
257,2008,0,12,72,84,1.1428571428571428,0.038409489852704655,674,Corn Salad my ass!
328,2008,1,10,73,84,1.1428571428571428,0.04197797807648538,674,Do you like what I did with my bangs?
339,2008,1,10,73,84,1.1428571428571428,0.04197797807648538,674,Tenor runs afoul of new costume designs for Turandot.
340,2008,3,6,75,84,1.1428571428571428,0.048330881521855336,674,I'm trying out this new killer gel.
347,2008,1,10,73,84,1.1428571428571428,0.04197797807648538,674,I guess I should stop using conditioner.
219,2008,1,10,73,84,1.1428571428571428,0.04197797807648538,674,Will we live happily ever Afro?
702,2008,2,8,74,84,1.1428571428571428,0.045266017894605576,674,It’s amazing what a new shampoo can do.
171,2008,2,8,74,84,1.1428571428571428,0.045266017894605576,674,I ran out of conditioner.
735,2008,3,6,75,84,1.1428571428571428,0.048330881521855336,674,Rapunzel  are you using the cheap conditioner again?
1097,2008,1,10,73,84,1.1428571428571428,0.04197797807648538,674,Maybe the prince should save a different princess.
1136,2008,1,10,73,84,1.1428571428571428,0.04197797807648538,674,You really must use a shampoo for oily hair.
1146,2008,2,8,74,84,1.1428571428571428,0.045266017894605576,674,She sneezed?
1165,2008,0,12,72,84,1.1428571428571428,0.038409489852704655,674,I’ve lost the shears....
1189,2008,2,8,74,84,1.1428571428571428,0.045266017894605576,674,Doesn’t this castle exceed the realm’s hirsute limit for residences?
1275,2008,0,12,72,84,1.1428571428571428,0.038409489852704655,674,Stop conditioning“!  “Please”
1278,2008,2,8,74,84,1.1428571428571428,0.045266017894605576,674,I changed conditioner?
1308,2008,2,8,74,84,1.1428571428571428,0.045266017894605576,674,Next time try using an inner tube.
1092,2008,1,10,73,84,1.1428571428571428,0.04197797807648538,674,Sorry! I've over-moisturized.
1319,2008,4,4,76,84,1.1428571428571428,0.05121265313693953,674,How many cancer patients could get wigs?
1331,2008,1,10,73,84,1.1428571428571428,0.04197797807648538,674,"TRY THE STAIRS, hun. I need a hand with this bikini waxing."
1364,2008,1,10,73,84,1.1428571428571428,0.04197797807648538,674,"Okay, now let it up."
1382,2008,0,12,72,84,1.1428571428571428,0.038409489852704655,674,"What ho?He ain’t hairy, he’s my cross-dressing brother."
1390,2008,1,10,73,84,1.1428571428571428,0.04197797807648538,674,Doesn’t it smell like Jojoba?!
1395,2008,2,8,74,84,1.1428571428571428,0.045266017894605576,674,I guess the letting down the hair thing was too good to be true.
1418,2008,1,10,73,84,1.1428571428571428,0.04197797807648538,674,Rapunzel sold out. Now it's Slippery Stairs but with hair.
725,2008,2,8,74,84,1.1428571428571428,0.045266017894605576,674,"You asked that I let my hair down, but I can see I’ve let you down as well. Sorry."
1424,2008,0,12,72,84,1.1428571428571428,0.038409489852704655,674,My gold crown fell with my hair. Do you see it?
1321,2008,2,8,74,84,1.1428571428571428,0.045266017894605576,674,"Rapunzel, I think you need to change your condition!"
1069,2008,0,12,72,84,1.1428571428571428,0.038409489852704655,674,I'll get the shears and we can try this again in 8 months
1400,2008,1,10,73,84,1.1428571428571428,0.04197797807648538,674,"After proceeding to escape, Lancelot pawned an engagement ring for a tangleteezer."
992,2008,1,10,73,84,1.1428571428571428,0.04197797807648538,674,"Carl, I warned you about the conditioner."
1002,2008,1,10,73,84,1.1428571428571428,0.04197797807648538,674,I can’t get over her hairstyle.
743,2008,1,10,73,84,1.1428571428571428,0.04197797807648538,674,And this is the thanks I get for helping you!
740,2008,1,10,73,84,1.1428571428571428,0.04197797807648538,674,"Rapunzelo, for God's sake, pull up your hair!"
753,2008,2,8,74,84,1.1428571428571428,0.045266017894605576,674,Too much product!
768,2008,1,10,73,84,1.1428571428571428,0.04197797807648538,674,You mean I'm only supposed to RINSE and REPEAT once?
774,2008,2,8,74,84,1.1428571428571428,0.045266017894605576,674,Neo-surrealists do Rapunzel.
813,2008,2,8,74,84,1.1428571428571428,0.045266017894605576,674,My new #metoo conditioner simply washes men out of my hair
816,2008,2,8,74,84,1.1428571428571428,0.045266017894605576,674,"Listen, it’s an all-or-nothing hair package."
828,2008,0,12,72,84,1.1428571428571428,0.038409489852704655,674,"I take it back, no need for a new hairstyle!"
737,2008,1,10,73,84,1.1428571428571428,0.04197797807648538,674,I'm just not very good yet at this new Rapunzel week in P'town.
841,2008,2,8,74,84,1.1428571428571428,0.045266017894605576,674,"During the Middle Ages in Pisa, Italy, was a neurotic, hippie King who had little time or patience for his alter-ego."
868,2008,1,10,73,84,1.1428571428571428,0.04197797807648538,674,New conditioner...guess I got carried away.
881,2008,2,8,74,84,1.1428571428571428,0.045266017894605576,674,"Sorry, dude, the suitor thing was just getting way tired and Rap's got nutritional needs."
940,2008,0,12,72,84,1.1428571428571428,0.038409489852704655,674,Rapunzel and the Tower of Rogaine
957,2008,1,10,73,84,1.1428571428571428,0.04197797807648538,674,We all slip and slide at the top.. good luck to you.
963,2008,2,8,74,84,1.1428571428571428,0.045266017894605576,674,"Please untangle me, I thought these golden locks belonged to someone else."
964,2008,1,10,73,84,1.1428571428571428,0.04197797807648538,674,"There's been a misunderstanding, I thought these golden locks belonged to someone else."
972,2008,1,10,73,84,1.1428571428571428,0.04197797807648538,674,"Guess I didn't use enough detangler"""
830,2008,2,8,74,84,1.1428571428571428,0.045266017894605576,674,Everyone always gets caught up in the hair at the bottom
1107,2182,1,9,71,81,1.1358024691358024,0.0421383905330272,674,"I heard that.  You try rinsing out conditioner in a sink.  Twerp."""
1727,2182,1,9,71,81,1.1358024691358024,0.0421383905330272,674,Should've had a V8
1405,2182,0,11,70,81,1.1358024691358024,0.03830146187034216,674,look at what the wind blew in
750,2182,2,7,72,81,1.1358024691358024,0.04565398046197679,674,It doesn't look like you have enough strength in your arms.
1810,2182,0,11,70,81,1.1358024691358024,0.03830146187034216,674,You just can’t handle the roots!
673,2182,0,11,70,81,1.1358024691358024,0.03830146187034216,674,Perhaps I should have responded  to that guy years ago.
314,2182,0,11,70,81,1.1358024691358024,0.03830146187034216,674,Sorry.  New conditioner.
675,2182,2,7,72,81,1.1358024691358024,0.04565398046197679,674,"You need to wear your hair-climbing shoes, not your ""Tiptoe Through the Tulips shoes!"""
1569,2190,0,12,78,90,1.1333333333333333,0.03603299916346276,674,"Wow, that joker meant it. He said he would grease his hair if I tried to climb any higher. :)"
1788,2191,1,8,69,78,1.1282051282051282,0.04224381902809815,674,"It's called,  'No more tangles.' You like it?"
1815,2191,1,8,69,78,1.1282051282051282,0.04224381902809815,674,I told you ro wait till it dried.
1859,2191,3,4,71,78,1.1282051282051282,0.04950293841863706,674,It's full of wasps
1867,2191,1,8,69,78,1.1282051282051282,0.04224381902809815,674,"I'll skip the conditioner next time I wash, Sweetie."
1940,2191,1,8,69,78,1.1282051282051282,0.04224381902809815,674,"I really don't care what you think Estes,
our President loves it!"
1967,2191,1,8,69,78,1.1282051282051282,0.04224381902809815,674,"No jesting, just braiding"
1983,2191,0,10,68,78,1.1282051282051282,0.038099080213023176,674,"It saves me money from having to buy a burglar alarm...""

Tracy Brown 

San Rafael, CA"
2055,2191,1,8,69,78,1.1282051282051282,0.04224381902809815,674,He promised not to have his hair cut until worlwide peace was achieved
1377,2191,1,8,69,78,1.1282051282051282,0.04224381902809815,674,"Rapunzel, Rapunzel do you ever use conditionner?"
2063,2191,1,8,69,78,1.1282051282051282,0.04224381902809815,674,The result of trying the Rapunzel thing without a license!
2067,2191,1,8,69,78,1.1282051282051282,0.04224381902809815,674,You must be using that new hair conditioner
1959,2191,0,10,68,78,1.1282051282051282,0.038099080213023176,674,"Is this what you meant by, ""let down?"""
1719,2191,0,10,68,78,1.1282051282051282,0.038099080213023176,674,I'm really sorry... this new conditioner makes my hair very silky
1680,2191,1,8,69,78,1.1282051282051282,0.04224381902809815,674,You shouldn't have used so much conditioner.
1672,2191,0,10,68,78,1.1282051282051282,0.038099080213023176,674,"Belay on, friendly prince man!"
1666,2191,2,6,70,78,1.1282051282051282,0.04601674237795457,674,"I know, I used too much conditioner."""
1658,2191,0,10,68,78,1.1282051282051282,0.038099080213023176,674,It stopped being funny three sequels ago
1656,2191,0,10,68,78,1.1282051282051282,0.038099080213023176,674,"No, I said REPUGNANT!"
1639,2191,0,10,68,78,1.1282051282051282,0.038099080213023176,674,"I thought she supposed to be young"""
1637,2191,2,6,70,78,1.1282051282051282,0.04601674237795457,674,"That new conditioner may make it look beautiful, but it's impossible to hold on."
2111,2191,1,8,69,78,1.1282051282051282,0.04224381902809815,674,What about my roots?
1630,2191,1,8,69,78,1.1282051282051282,0.04224381902809815,674,I wonder if her hair is natural or she uses hair extension?
1628,2191,1,8,69,78,1.1282051282051282,0.04224381902809815,674,"It's the shoes, Alfie, the shoes!"
1533,2191,1,8,69,78,1.1282051282051282,0.04224381902809815,674,I've got to find a new conditioner!
1431,2191,1,8,69,78,1.1282051282051282,0.04224381902809815,674,"Prince, shminze, I'm tired of waiting!"
1415,2191,0,10,68,78,1.1282051282051282,0.038099080213023176,674,You told me a to take a tablespoon of that hair growth stuff. The bottle said only a teaspoon.
1691,2191,0,10,68,78,1.1282051282051282,0.038099080213023176,674,"Climb it or get hung by it, princey boy!"
2113,2191,0,10,68,78,1.1282051282051282,0.038099080213023176,674,Get out! These extensions are not cheap.
2897,2191,0,10,68,78,1.1282051282051282,0.038099080213023176,674,"Do not be afraid, dear! Just remember the days we had fun in theme parks!"
2141,2191,1,8,69,78,1.1282051282051282,0.04224381902809815,674,What did you think was going to happen?
1355,2191,1,8,69,78,1.1282051282051282,0.04224381902809815,674,And don’t you dare call me ‘Rapunzel’!
3044,2191,2,6,70,78,1.1282051282051282,0.04601674237795457,674,This was not the plunge I was expecting.
2999,2191,1,8,69,78,1.1282051282051282,0.04224381902809815,674,You're the one who told me to change my conditioner.
2998,2191,2,6,70,78,1.1282051282051282,0.04601674237795457,674,The talking animals said you'd think the extra volume was sexy.
2949,2191,3,4,71,78,1.1282051282051282,0.04950293841863706,674,Help me! Your new conditioner is really a problem
2910,2191,1,8,69,78,1.1282051282051282,0.04224381902809815,674,This is a lot more fun than I had with Rapunzel.
2885,2191,1,8,69,78,1.1282051282051282,0.04224381902809815,674,"How did the word  “portmanteau” originate?
 As seen in the drawing, it’s part of the ancient French pastime of  “hair rowing.”"
2870,2191,0,10,68,78,1.1282051282051282,0.038099080213023176,674,Sorry! I shouldn't have used that new conditioner.
2859,2191,0,10,68,78,1.1282051282051282,0.038099080213023176,674,"If it hadn't been for her new hair conditioner
I'd still be up there"
2843,2191,0,10,68,78,1.1282051282051282,0.038099080213023176,674,Egad!   Now you rinse!
2822,2191,0,10,68,78,1.1282051282051282,0.038099080213023176,674,"Sorry I couldn’t get the braids done on short notice, Ralph."
2804,2191,1,8,69,78,1.1282051282051282,0.04224381902809815,674,You said climbing up was too kinky for you.
2803,2191,2,6,70,78,1.1282051282051282,0.04601674237795457,674,I'd prefer the cold shoulder to this hot oil treatment...
2127,2191,0,10,68,78,1.1282051282051282,0.038099080213023176,674,Get out! And don't come crawling back!
2750,2191,1,8,69,78,1.1282051282051282,0.04224381902809815,674,"I say ole chap, when last have you washed your hair?"
2713,2191,1,8,69,78,1.1282051282051282,0.04224381902809815,674,I tried the front door but it seemed to be clogged with your leg hair.
2663,2191,0,10,68,78,1.1282051282051282,0.038099080213023176,674,Ever think about trying a hands-on approach?
2622,2191,0,10,68,78,1.1282051282051282,0.038099080213023176,674,I think you like the braids better.
2603,2191,1,8,69,78,1.1282051282051282,0.04224381902809815,674,"I know the queen's in there somewhere.  Try again, please."
2506,2191,0,10,68,78,1.1282051282051282,0.038099080213023176,674,The King of Corn shall ne'er be shorn.
2474,2191,0,10,68,78,1.1282051282051282,0.038099080213023176,674,I was told more volume was a good thing.
2417,2191,1,8,69,78,1.1282051282051282,0.04224381902809815,674,We are safe. The wall is complete .!
2415,2191,2,6,70,78,1.1282051282051282,0.04601674237795457,674,I should have known these shoes would be too slippery.
2414,2191,1,8,69,78,1.1282051282051282,0.04224381902809815,674,I think I might be over-conditioning.
2372,2191,0,10,68,78,1.1282051282051282,0.038099080213023176,674,Manbunzel next time just leave it in a bun.
2289,2191,1,8,69,78,1.1282051282051282,0.04224381902809815,674,I tried the conditioner!
2259,2191,1,8,69,78,1.1282051282051282,0.04224381902809815,674,I thought a ladder braid would sacrifice the thrill of the chase.
2242,2191,0,10,68,78,1.1282051282051282,0.038099080213023176,674,You really wanna be rescued?? Skip the conditioner!!
2724,2191,1,8,69,78,1.1282051282051282,0.04224381902809815,674,"Take a ride, I'm saving myself for Tom Brady."
1353,2191,0,10,68,78,1.1282051282051282,0.038099080213023176,674,I thought it would get easier with new shoes
636,2191,2,6,70,78,1.1282051282051282,0.04601674237795457,674,"Our tactical hair defense system: Slow to grow, but wildly effective"
1302,2191,1,8,69,78,1.1282051282051282,0.04224381902809815,674,"A bit hairy, isn't it?"
544,2191,1,8,69,78,1.1282051282051282,0.04224381902809815,674,"Oy, Rapunzel. Why didn’t you dry your hair before letting it down?"
533,2191,2,6,70,78,1.1282051282051282,0.04601674237795457,674,"There was an Old Man in the tower
Who said, 'I did not have a shower,
Or haircut, or lover
In ages, or maybe forever'.
Then sighed in my ear: 'The end is near'"
524,2191,0,10,68,78,1.1282051282051282,0.038099080213023176,674,Maybe the soft and shiny look from my shampoo wasn’t such a good idea.
479,2191,1,8,69,78,1.1282051282051282,0.04224381902809815,674,When Bae's parents are home.
446,2191,1,8,69,78,1.1282051282051282,0.04224381902809815,674,Hasn't he heard of man buns?
439,2191,0,10,68,78,1.1282051282051282,0.038099080213023176,674,Ratsnestpunzel
411,2191,0,10,68,78,1.1282051282051282,0.038099080213023176,674,"What did you expect, dry hair?"
406,2191,0,10,68,78,1.1282051282051282,0.038099080213023176,674,Uh-oh. I think I overconditioned.
401,2191,1,8,69,78,1.1282051282051282,0.04224381902809815,674,"OK, I'll stop with the extra-glass shampoo!"
398,2191,0,10,68,78,1.1282051282051282,0.038099080213023176,674,How old did you say you were?
363,2191,1,8,69,78,1.1282051282051282,0.04224381902809815,674,"Rapunzel, Rapunzel, try using some conditioner"
360,2191,0,10,68,78,1.1282051282051282,0.038099080213023176,674,Hmmm... just another priapic episode.
356,2191,1,8,69,78,1.1282051282051282,0.04224381902809815,674,"Alas, another 'Cinderella story' fails. And you were doing so well."
326,2191,2,6,70,78,1.1282051282051282,0.04601674237795457,674,"The bottle said, ""Makes your hair a smooth as silk."""
298,2191,1,8,69,78,1.1282051282051282,0.04224381902809815,674,Maybe I should layoff the Protein
275,2191,2,6,70,78,1.1282051282051282,0.04601674237795457,674,"A rhyme for when to climb: if it starts to grow, that’s me saying ‘No.’"
208,2191,0,10,68,78,1.1282051282051282,0.038099080213023176,674,Sorry - the new conditioner that I'm using is very oily.
196,2191,0,10,68,78,1.1282051282051282,0.038099080213023176,674,You were forewarned; after a certain point brushing your hair is no longer a one-man job.
1313,2191,1,8,69,78,1.1282051282051282,0.04224381902809815,674,"Rapunzel. Rapunzel! ""If THAT is the ladder by which one mounts, I will forgo my fortune."""
156,2191,0,10,68,78,1.1282051282051282,0.038099080213023176,674,"I said look out below. Hello, prince charming, where have you gone?"
153,2191,1,8,69,78,1.1282051282051282,0.04224381902809815,674,Too much cream rinse!?
143,2191,1,8,69,78,1.1282051282051282,0.04224381902809815,674,"Okay, 'I believe 1200 years from now, Kim, Kourtney and Khloe will steal Rapunzel's style.' Now, untangle me!"""
134,2191,1,8,69,78,1.1282051282051282,0.04224381902809815,674,O.K.The truth is you look ridiculous and I'm not coming back.
119,2191,0,10,68,78,1.1282051282051282,0.038099080213023176,674,My new conditioner warns of wipeout waves.
108,2191,0,10,68,78,1.1282051282051282,0.038099080213023176,674,Please don't ask me about my leg hair.
98,2191,1,8,69,78,1.1282051282051282,0.04224381902809815,674,I guess I oughta wash my hair.
79,2191,1,8,69,78,1.1282051282051282,0.04224381902809815,674,"Rogaine""zel"
550,2191,1,8,69,78,1.1282051282051282,0.04224381902809815,674,Here it is. Trump it’s not
564,2191,1,8,69,78,1.1282051282051282,0.04224381902809815,674,You should have included detangler in the prenuptial.
161,2191,0,10,68,78,1.1282051282051282,0.038099080213023176,674,I tried telling you I had a keratin treatment.
574,2191,1,8,69,78,1.1282051282051282,0.04224381902809815,674,Must be my new conditioner
565,2191,1,8,69,78,1.1282051282051282,0.04224381902809815,674,"Perhaps it's the new conditioner"""
1274,2191,0,10,68,78,1.1282051282051282,0.038099080213023176,674,Are you Rapunzel's Dad?
1267,2191,1,8,69,78,1.1282051282051282,0.04224381902809815,674,"When you said you lived only a hair's breadth away, this wasn't what I had in mind."
1251,2191,0,10,68,78,1.1282051282051282,0.038099080213023176,674,I told you to use conditioner.
1190,2191,1,8,69,78,1.1282051282051282,0.04224381902809815,674,Call the Guoness Book of Records. This is my eyebrows.
1086,2191,1,8,69,78,1.1282051282051282,0.04224381902809815,674,I could learn to appreciate the man bun.
1085,2191,1,8,69,78,1.1282051282051282,0.04224381902809815,674,"Some have flowing hair, but I have White Water hair."
1013,2191,1,8,69,78,1.1282051282051282,0.04224381902809815,674,"You used that silky shiny conditioner again, didn't you!"
981,2191,0,10,68,78,1.1282051282051282,0.038099080213023176,674,Costco had a special on Rogaine!
966,2191,1,8,69,78,1.1282051282051282,0.04224381902809815,674,OH GOD HOW DID THIS HAPPEN TO ME
960,2191,2,6,70,78,1.1282051282051282,0.04601674237795457,674,"OK, then you find a conditioner for both volume and control."
942,2191,3,4,71,78,1.1282051282051282,0.04950293841863706,674,Try using the breast stroke!
913,2191,1,8,69,78,1.1282051282051282,0.04224381902809815,674,You're worse than head lice.
1217,2191,1,8,69,78,1.1282051282051282,0.04224381902809815,674,Maybe I should lighten-up on the conditioner?
870,2191,0,10,68,78,1.1282051282051282,0.038099080213023176,674,Bad hair!
575,2191,1,8,69,78,1.1282051282051282,0.04224381902809815,674,My timing seems to be off.
899,2191,2,6,70,78,1.1282051282051282,0.04601674237795457,674,How do you like my new conditioner? You leave it in.
607,2191,0,10,68,78,1.1282051282051282,0.038099080213023176,674,My new conditioner is silky smooth.
700,2191,0,10,68,78,1.1282051282051282,0.038099080213023176,674,#LetDownYourMeToo
711,2191,0,10,68,78,1.1282051282051282,0.038099080213023176,674,"Sorry, Six-Flaggers aren’t ready for the Rapunzel Rappel."
714,2191,1,8,69,78,1.1282051282051282,0.04224381902809815,674,Tis a tangled web we weave
655,2191,0,10,68,78,1.1282051282051282,0.038099080213023176,674,Do you think the hydrating coconut oil & shea butter deep treatment is a tad heavy for me?
745,2191,0,10,68,78,1.1282051282051282,0.038099080213023176,674,"What can I tell you, cascading locks are cascading locks"
757,2191,1,8,69,78,1.1282051282051282,0.04224381902809815,674,"Rapunzel, I thougjt we agreed: no more Emu Oil!"
776,2191,2,6,70,78,1.1282051282051282,0.04601674237795457,674,I must have left in a bit too much leave-in conditioner
807,2191,0,10,68,78,1.1282051282051282,0.038099080213023176,674,I thought he had a beard!
855,2191,1,8,69,78,1.1282051282051282,0.04224381902809815,674,"I can't climb up and save you with your hair loose, like this.  You have to put it in a braid for me."
734,2191,2,6,70,78,1.1282051282051282,0.04601674237795457,674,"When I asked for you to let it down, I never anticipated such a hairy predicament!"
1173,2312,3,4,72,79,1.1265822784810127,0.048899238673767165,674,"Love of my life, please change your conditioner!"
2214,2313,0,9,66,75,1.12,0.037776011264121404,674,"Oh darn, I shouldn’t have used that new conditioner!"
2004,2313,0,9,66,75,1.12,0.037776011264121404,674,It must be the new extra slip conditioner.
2210,2313,0,9,66,75,1.12,0.037776011264121404,674,Like my new doo? It’s called a ‘Tidal Wave’.
2200,2313,1,7,67,75,1.12,0.04227750450756747,674,I thought I’d go with a permanent wave.
2090,2313,0,9,66,75,1.12,0.037776011264121404,674,I thought I'd iron it straight. You dont like it!
2072,2313,1,7,67,75,1.12,0.04227750450756747,674,"Oh you said ""down"" , I thought you said drown."
2020,2313,0,9,66,75,1.12,0.037776011264121404,674,I guess the conditioner kind ruined the 'Golden Stair' thing.
1981,2313,1,7,67,75,1.12,0.04227750450756747,674,I didn't mean to hurt you with a big let down.
1725,2313,1,7,67,75,1.12,0.04227750450756747,674,I switched conditioners.
1975,2313,2,5,68,75,1.12,0.04634379945308485,674,I told you to buy the conditioner BEFORE the tariffs took effect!!!
1931,2313,0,9,66,75,1.12,0.037776011264121404,674,"With rare exceptions, I skip the fiction."
1896,2313,0,9,66,75,1.12,0.037776011264121404,674,I see you're using that conditioner again.
1870,2313,3,3,69,75,1.12,0.05008101544605609,674,"Yo dude,  I was trying to knock your shoes off.  They don't call me Ra-PUN-zel for nothing!"""
1843,2313,1,7,67,75,1.12,0.04227750450756747,674,What do you mean 'there's to much friction in our relationship?'
1706,2313,1,7,67,75,1.12,0.04227750450756747,674,The carpet a mess too.
1662,2313,2,5,68,75,1.12,0.04634379945308485,674,I dunno. Don't some girls learn to make ladder-y things with their hair?
2217,2313,1,7,67,75,1.12,0.04227750450756747,674,Humidity bites
1980,2313,0,9,66,75,1.12,0.037776011264121404,674,Did you change conditioners?
2293,2313,1,7,67,75,1.12,0.04227750450756747,674,"Sorry, Mom just discovered conditioner."
3012,2313,1,7,67,75,1.12,0.04227750450756747,674,"You want my hair, you got it."
2388,2313,2,5,68,75,1.12,0.04634379945308485,674,A Rapunzel Human Trap
1646,2313,1,7,67,75,1.12,0.04227750450756747,674,"Rapunzel, how many times do I have to tell you not to use that hair conditioner!"
3070,2313,0,9,66,75,1.12,0.037776011264121404,674,"Rapunzel, Rapunzel, let down *some* of your hair."
3063,2313,1,7,67,75,1.12,0.04227750450756747,674,Not so much conditioner next time.
3054,2313,0,9,66,75,1.12,0.037776011264121404,674,I can't find a reasonably-priced hair stylist anywhere in the kingdom.
3015,2313,0,9,66,75,1.12,0.037776011264121404,674,YIKES! Too much conditioner!!!
3083,2313,0,9,66,75,1.12,0.037776011264121404,674,"This ""no tears"" stuff isn't working!"
2888,2313,1,7,67,75,1.12,0.04227750450756747,674,"I said I wanted a french braid, not a french man."
2867,2313,0,9,66,75,1.12,0.037776011264121404,674,"Rapunzel, Rapunzel, Less Moroccan Oil in your Hair!"
2325,2313,2,5,68,75,1.12,0.04634379945308485,674,And you said you got a haircut last week?
2745,2313,1,7,67,75,1.12,0.04227750450756747,674,"I don't think ""just a trim"" will be enough in your case Princess."
2670,2313,0,9,66,75,1.12,0.037776011264121404,674,I'm told it'll catch in the 80s
2589,2313,0,9,66,75,1.12,0.037776011264121404,674,"Well, nobody asked to be snarled in your flock."
2585,2313,1,7,67,75,1.12,0.04227750450756747,674,Stuck again? Hmmm....must be the new conditioner
2549,2313,1,7,67,75,1.12,0.04227750450756747,674,Rapunzel! Rapunzel! Let down some dry shampoo!
2530,2313,1,7,67,75,1.12,0.04227750450756747,674,It’s the bane of having naturally straight and smooth hair..”
2523,2313,1,7,67,75,1.12,0.04227750450756747,674,Shampoo and slide
2423,2313,1,7,67,75,1.12,0.04227750450756747,674,Will you hurry up?  This has been slower than watching the grass grow.
2390,2313,0,9,66,75,1.12,0.037776011264121404,674,Role reversals got you confused?
2704,2313,0,9,66,75,1.12,0.037776011264121404,674,"Look, I'm having a bad lair day, okay?"
1620,2313,1,7,67,75,1.12,0.04227750450756747,674,Stop frolicking and get me out'a here
100,2313,0,9,66,75,1.12,0.037776011264121404,674,Perhaps if you got me some gel?
1492,2313,0,9,66,75,1.12,0.037776011264121404,674,Did you bring conditioner?
665,2313,1,7,67,75,1.12,0.04227750450756747,674,With hindsight I guess they dwarfs weren't so bad.
599,2313,1,7,67,75,1.12,0.04227750450756747,674,I should have warned you I have combination hair.
517,2313,2,5,68,75,1.12,0.04634379945308485,674,"I am Rap Unzel, product of the penchant for whimsical hip-hop artist names and a surfeit of Rogaine! Who the fuck are you?"
430,2313,2,5,68,75,1.12,0.04634379945308485,674,"Rapunzel, Rapunzel, what did you do to your hair?"
382,2313,1,7,67,75,1.12,0.04227750450756747,674,At least it is easier than climbing up the spiral staircase...
316,2313,0,9,66,75,1.12,0.037776011264121404,674,I will try a new conditioner.
309,2313,1,7,67,75,1.12,0.04227750450756747,674,I conditioned last night.  Can you tell?
272,2313,1,7,67,75,1.12,0.04227750450756747,674,I guess I need to stop using that extra body shampoo.
228,2313,0,9,66,75,1.12,0.037776011264121404,674,"When the prince saw South Pacific on Rapunzel's Spotify play list, he knew he was in trouble."
227,2313,2,5,68,75,1.12,0.04634379945308485,674,"It's the new hair conditioner, you fool."
179,2313,0,9,66,75,1.12,0.037776011264121404,674,The origins of the bad hair day.
107,2313,1,7,67,75,1.12,0.04227750450756747,674,I'm using a new volumizer.
90,2313,2,5,68,75,1.12,0.04634379945308485,674,Adds body AND luster!
41,2313,1,7,67,75,1.12,0.04227750450756747,674,"I sense mission creep."""
27,2313,1,7,67,75,1.12,0.04227750450756747,674,I warned you I washed my hair today.
10,2313,1,7,67,75,1.12,0.04227750450756747,674,"Hey, I'm sorry I forgot to use my detangling conditioner"""
1594,2313,0,9,66,75,1.12,0.037776011264121404,674,Sorry about the tangles. I didn't use conditioner this morning.
706,2313,1,7,67,75,1.12,0.04227750450756747,674,The distance between us seems to grow every day.
709,2313,1,7,67,75,1.12,0.04227750450756747,674,Our wind-turbine needs more hairspray.
144,2313,0,9,66,75,1.12,0.037776011264121404,674,"No, I don’t want a greaser for a suitor."
738,2313,0,9,66,75,1.12,0.037776011264121404,674,"Okay, first I said the ""Hair Conditioner"" was on.  Then I said ""Get a Grip"".  Maybe we should just call the whole thing off."
717,2313,1,7,67,75,1.12,0.04227750450756747,674,"When Rapunzel says don’t fool with the braids, Rapunzel MEANS Don’t Fool With The Braids."
1450,2313,0,9,66,75,1.12,0.037776011264121404,674,"Sorry, I've been using a high volume conditioner."
1448,2313,0,9,66,75,1.12,0.037776011264121404,674,I guess I shouldn't have used conditioner
1340,2313,0,9,66,75,1.12,0.037776011264121404,674,The first hair skier.
1264,2313,0,9,66,75,1.12,0.037776011264121404,674,He really is NOT my Type
1211,2313,1,7,67,75,1.12,0.04227750450756747,674,I *told* you to stop watching that makeover show!
1193,2313,1,7,67,75,1.12,0.04227750450756747,674,It's my new conditioner.  What do you think?  Too much?
1150,2313,0,9,66,75,1.12,0.037776011264121404,674,That hair conditioner works to prevent tangles
1110,2313,0,9,66,75,1.12,0.037776011264121404,674,A grease fire is dangerously close to breaking out at the castle!
1315,2313,1,7,67,75,1.12,0.04227750450756747,674,How did it get this long!? Because I’ve been waiting for you for years you big a __ hole!!
980,2313,1,7,67,75,1.12,0.04227750450756747,674,Is this the hirsutidal wave that was prophesied?
789,2313,0,9,66,75,1.12,0.037776011264121404,674,"The bottle read ""this conditioner will make your hair silky smooth."""
1076,2313,1,7,67,75,1.12,0.04227750450756747,674,"Oh no, it's a slight variation on Contest #639!"
953,2313,0,9,66,75,1.12,0.037776011264121404,674,Saved by a hair's breath!
894,2313,1,7,67,75,1.12,0.04227750450756747,674,Must be the conditioner...
872,2313,0,9,66,75,1.12,0.037776011264121404,674,Vidal SaSwoon
871,2313,2,5,68,75,1.12,0.04634379945308485,674,"Don't blame me, Rapunzel, that the mobile hairdresser's cancelled again!"""
822,2313,0,9,66,75,1.12,0.037776011264121404,674,The Towering In-hair-do
1262,2395,1,7,69,77,1.1168831168831168,0.0412303350007502,674,It said: „growth stimulating silk proteins for smooth shine.“
2761,2395,1,7,69,77,1.1168831168831168,0.0412303350007502,674,This new detangler is more trouble than it is worth.
2064,2397,1,6,65,72,1.1111111111111112,0.042217280000676725,674,Stop pulling on my hair twinkle toes!
2048,2397,0,8,64,72,1.1111111111111112,0.037296949257630635,674,Honey your Argan oil conditioner is not working for me..
2103,2397,1,6,65,72,1.1111111111111112,0.042217280000676725,674,Don't you think though this helps me stand out among the other candidates?
2044,2397,0,8,64,72,1.1111111111111112,0.037296949257630635,674,"Fortunately, the mustache oil in my pocket will help me slide free."
2015,2397,0,8,64,72,1.1111111111111112,0.037296949257630635,674,It's her new shampoo spell--it's locking in the moisture!
2003,2397,0,8,64,72,1.1111111111111112,0.037296949257630635,674,What do you expect?  I can't let down my hair unless it is thoroughly conditioned!
1930,2397,0,8,64,72,1.1111111111111112,0.037296949257630635,674,"Sorry, I forgot to use hair conditioner."
1912,2397,0,8,64,72,1.1111111111111112,0.037296949257630635,674,"Don't worry sir, the conditioner should reach you by tomorrow."
1886,2397,2,4,66,72,1.1111111111111112,0.046621186572038294,674,Take the elevator!
1849,2397,2,4,66,72,1.1111111111111112,0.046621186572038294,674,Too much hair straightener?
1818,2397,0,8,64,72,1.1111111111111112,0.037296949257630635,674,My mind's a blank.
1811,2397,1,6,65,72,1.1111111111111112,0.042217280000676725,674,This gay role play is entanglement. You are not Repunzel.
1445,2397,1,6,65,72,1.1111111111111112,0.042217280000676725,674,"Sorry it's not silkier, my shower hasn't been draining for a while."
1796,2397,2,4,66,72,1.1111111111111112,0.046621186572038294,674,Hey! You're the one who said you'd cuddle!
1765,2397,0,8,64,72,1.1111111111111112,0.037296949257630635,674,Poor Roudolf. He can help everyone but himself.
1750,2397,1,6,65,72,1.1111111111111112,0.042217280000676725,674,"As I said in my profile, I can be a little much."
1698,2397,0,8,64,72,1.1111111111111112,0.037296949257630635,674,A creme rinse. Why?
1685,2397,0,8,64,72,1.1111111111111112,0.037296949257630635,674,You've got to something about that conditioner!
1681,2397,1,6,65,72,1.1111111111111112,0.042217280000676725,674,"It's not the fault of the shampoo, it's the off-brand​ conditioner."
1677,2397,1,6,65,72,1.1111111111111112,0.042217280000676725,674,"You expected, maybe, it to be braided?"
1641,2397,1,6,65,72,1.1111111111111112,0.042217280000676725,674,"Did you say apply the leave in conditioner to myself, or comb it through with my hands, as I slide down to the ground?"
1505,2397,0,8,64,72,1.1111111111111112,0.037296949257630635,674,It’s that full body shampoo.I thought it would help.
1441,2397,1,6,65,72,1.1111111111111112,0.042217280000676725,674,"If you think this is bad, you should see downstairs."
2119,2397,1,6,65,72,1.1111111111111112,0.042217280000676725,674,Next time you'll think twice.
1410,2397,0,8,64,72,1.1111111111111112,0.037296949257630635,674,Cher hair
1804,2397,1,6,65,72,1.1111111111111112,0.042217280000676725,674,I told you that the wig would be a let down.
2135,2397,0,8,64,72,1.1111111111111112,0.037296949257630635,674,Do both sides work?
2951,2397,1,6,65,72,1.1111111111111112,0.042217280000676725,674,You didn’t tell me you changed conditioner.
2159,2397,1,6,65,72,1.1111111111111112,0.042217280000676725,674,My conditioner is not your problem.
3064,2397,0,8,64,72,1.1111111111111112,0.037296949257630635,674,Why is she using Goop?
3058,2397,1,6,65,72,1.1111111111111112,0.042217280000676725,674,WTF - She uses hair conditioner?
2987,2397,0,8,64,72,1.1111111111111112,0.037296949257630635,674,"No, stay, you’re not in my hair."
2964,2397,0,8,64,72,1.1111111111111112,0.037296949257630635,674,"Rupert, way too much conditioner."
2959,2397,1,6,65,72,1.1111111111111112,0.042217280000676725,674,"Don’t complain!...If I’d gotten that perm, you couldn’t climb up here"
2957,2397,1,6,65,72,1.1111111111111112,0.042217280000676725,674,I told you to stop using that volumizing shampoo.
2956,2397,0,8,64,72,1.1111111111111112,0.037296949257630635,674,Yikes!  I hate to think what a bad hair day looks like.
1404,2397,0,8,64,72,1.1111111111111112,0.037296949257630635,674,"Before I give this another go, can we discuss the carpet?"
2934,2397,0,8,64,72,1.1111111111111112,0.037296949257630635,674,"Rapunzel, Rapunzel, let down thy detangler!"
2788,2397,2,4,66,72,1.1111111111111112,0.046621186572038294,674,"Sorry honey, I decided not to braid  hairstyles during the winter!"
2772,2397,0,8,64,72,1.1111111111111112,0.037296949257630635,674,Do you know how to braid?
2735,2397,0,8,64,72,1.1111111111111112,0.037296949257630635,674,When will you install the new elevator?
2149,2397,0,8,64,72,1.1111111111111112,0.037296949257630635,674,My mother warned me not to get entangled with cockscombs like you!
2734,2397,0,8,64,72,1.1111111111111112,0.037296949257630635,674,It might be better if you use the downhill skis!
2677,2397,1,6,65,72,1.1111111111111112,0.042217280000676725,674,You just missed her. She went out for more shampoo.
2669,2397,0,8,64,72,1.1111111111111112,0.037296949257630635,674,Darn that smoothing conditioner.
2630,2397,2,4,66,72,1.1111111111111112,0.046621186572038294,674,There’s no getting up from that one.
2628,2397,1,6,65,72,1.1111111111111112,0.042217280000676725,674,I told you I was having trans surgery!
2624,2397,1,6,65,72,1.1111111111111112,0.042217280000676725,674,Someone throw me a brush !
2550,2397,2,4,66,72,1.1111111111111112,0.046621186572038294,674,I am happy up here. Thank goodness for such thick-confusing hair to keep away unsuitable living beings.
2540,2397,1,6,65,72,1.1111111111111112,0.042217280000676725,674,How's the trim going?
2457,2397,0,8,64,72,1.1111111111111112,0.037296949257630635,674,Don't take the Tangled theme too literally
2456,2397,1,6,65,72,1.1111111111111112,0.042217280000676725,674,I’m writing a musical called “South Pacific.”
2399,2397,1,6,65,72,1.1111111111111112,0.042217280000676725,674,"I told her to get Nair, not Rogaine!"
2334,2397,0,8,64,72,1.1111111111111112,0.037296949257630635,674,It's to late for an extreme makeover!
2312,2397,0,8,64,72,1.1111111111111112,0.037296949257630635,674,My bad!
2705,2397,0,8,64,72,1.1111111111111112,0.037296949257630635,674,I think we're in the wrong meta-fairy-tale.
1396,2397,1,6,65,72,1.1111111111111112,0.042217280000676725,674,"Rapunzel, I think it’s time to get a haircut!"
1493,2397,1,6,65,72,1.1111111111111112,0.042217280000676725,674,I guess I used a little too much conditioner...
1356,2397,0,8,64,72,1.1111111111111112,0.037296949257630635,674,I told you to bring me conditioner first!
682,2397,1,6,65,72,1.1111111111111112,0.042217280000676725,674,Next time don't use so much conditioner.
653,2397,1,6,65,72,1.1111111111111112,0.042217280000676725,674,"Repunzil, too much hair for one man to bare ! 
U gave me a scare!"
643,2397,2,4,66,72,1.1111111111111112,0.046621186572038294,674,"Throw down the detangler.”
Judd Pillot, Los Angeles"
610,2397,1,6,65,72,1.1111111111111112,0.042217280000676725,674,"I switched to sulfate-free. Maintains my color longer, but admittedly harder to disentangle."
597,2397,0,8,64,72,1.1111111111111112,0.037296949257630635,674,"I don’t mind a long carpet, but I would’ve preferred hardwood."
595,2397,0,8,64,72,1.1111111111111112,0.037296949257630635,674,I guess that His Majesty is not interested in a haircut today!
555,2397,0,8,64,72,1.1111111111111112,0.037296949257630635,674,"This coconut oil is treacherous, Rapunzel."
531,2397,1,6,65,72,1.1111111111111112,0.042217280000676725,674,"Honestly, you're not quite what I had in mind, Prince Tangling."
516,2397,0,8,64,72,1.1111111111111112,0.037296949257630635,674,Next time you wash your hair  don’t use so much conditioner!!!
487,2397,1,6,65,72,1.1111111111111112,0.042217280000676725,674,It's fine! Third times a charm!
464,2397,0,8,64,72,1.1111111111111112,0.037296949257630635,674,"Watch out Niagara, here comes ""Rapunzel Falls."""
445,2397,2,4,66,72,1.1111111111111112,0.046621186572038294,674,I told you that an August wedding was a bad idea!
721,2397,0,8,64,72,1.1111111111111112,0.037296949257630635,674,"Eventually, you knew, Rapunzel’s hair would drown you, so go with the flow."
399,2397,2,4,66,72,1.1111111111111112,0.046621186572038294,674,"Rapunzel, have you changed your conditioner?"
375,2397,0,8,64,72,1.1111111111111112,0.037296949257630635,674,"Let me guess, the helmet I made you is 'too hairy'? Well, get used to it, bub."
373,2397,1,6,65,72,1.1111111111111112,0.042217280000676725,674,My new extensions are equipped with a homing device.”
358,2397,1,6,65,72,1.1111111111111112,0.042217280000676725,674,Feminism has really ruined my role in this story
341,2397,0,8,64,72,1.1111111111111112,0.037296949257630635,674,"Sorry, I've been skipping the detangler"
262,2397,1,6,65,72,1.1111111111111112,0.042217280000676725,674,You know what? Just add me on Discord.
238,2397,0,8,64,72,1.1111111111111112,0.037296949257630635,674,"Boy, she casts a long shadow."
204,2397,0,8,64,72,1.1111111111111112,0.037296949257630635,674,Dost thou meet with the gum?
167,2397,1,6,65,72,1.1111111111111112,0.042217280000676725,674,Where are my scissors?
151,2397,2,4,66,72,1.1111111111111112,0.046621186572038294,674,I hope the carpet won´t match the drapes!
1376,2397,1,6,65,72,1.1111111111111112,0.042217280000676725,674,"Your highness, the Queen asked me to focus on your strengths."
126,2397,0,8,64,72,1.1111111111111112,0.037296949257630635,674,Oh there you are! I should let down my hair more often!
115,2397,0,8,64,72,1.1111111111111112,0.037296949257630635,674,I changed to a shampoo for thicker hair.
376,2397,0,8,64,72,1.1111111111111112,0.037296949257630635,674,"Let me guess, the helmet I made you is 'too hairy'?"
729,2397,0,8,64,72,1.1111111111111112,0.037296949257630635,674,Love is a slippery thing.
128,2397,0,8,64,72,1.1111111111111112,0.037296949257630635,674,Please bring conditioner
775,2397,1,6,65,72,1.1111111111111112,0.042217280000676725,674,Wash that jester outta your hair and send him on his way!
1354,2397,0,8,64,72,1.1111111111111112,0.037296949257630635,674,It took me a long way to the top so why not you!
1295,2397,1,6,65,72,1.1111111111111112,0.042217280000676725,674,"Oh you fine mess!! Looking for the braid of honor, aren't you?"
1292,2397,1,6,65,72,1.1111111111111112,0.042217280000676725,674,Your hair reminds me of a warm safe place where as an adult I'd slide.
755,2397,0,8,64,72,1.1111111111111112,0.037296949257630635,674,I'm still working out the kinks in the plan.
1258,2397,1,6,65,72,1.1111111111111112,0.042217280000676725,674,That's why she makes me use that particular conditioner!
1244,2397,1,6,65,72,1.1111111111111112,0.042217280000676725,674,"Sorry Rapunzel, with the conditioner you’re using, I just can’t seem to get a good grip."
1237,2397,0,8,64,72,1.1111111111111112,0.037296949257630635,674,Do you have extensions or what?
1225,2397,1,6,65,72,1.1111111111111112,0.042217280000676725,674,Rapunzel's not here!
1191,2397,1,6,65,72,1.1111111111111112,0.042217280000676725,674,"Next time, remember to bring the shampoo with detergent!"
1126,2397,1,6,65,72,1.1111111111111112,0.042217280000676725,674,Hair World! Fun for the whole family!
1109,2397,0,8,64,72,1.1111111111111112,0.037296949257630635,674,And this is the way we remove you from the organizational chart
1095,2397,0,8,64,72,1.1111111111111112,0.037296949257630635,674,Your community influence is weak—you need more pull.
1229,2397,0,8,64,72,1.1111111111111112,0.037296949257630635,674,I ask you for scissors and you bring me conditioner.
1054,2397,0,8,64,72,1.1111111111111112,0.037296949257630635,674,"Well, to be fair, the kids could be ace internet trolls."
778,2397,1,6,65,72,1.1111111111111112,0.042217280000676725,674,The wig snatched Me :(
1082,2397,0,8,64,72,1.1111111111111112,0.037296949257630635,674,Could you French-braid it please?
832,2397,1,6,65,72,1.1111111111111112,0.042217280000676725,674,Do you like my new hairstyle?!...
846,2397,0,8,64,72,1.1111111111111112,0.037296949257630635,674,Having a bad hair day?
984,2397,0,8,64,72,1.1111111111111112,0.037296949257630635,674,"I can't get a grip, Rappie, you used way too much conditioner."
829,2397,0,8,64,72,1.1111111111111112,0.037296949257630635,674,Surfs up
995,2397,1,6,65,72,1.1111111111111112,0.042217280000676725,674,My hair is so soft and silky!
1009,2397,1,6,65,72,1.1111111111111112,0.042217280000676725,674,"Hang on, let me grab my conditioner"
1049,2397,0,8,64,72,1.1111111111111112,0.037296949257630635,674,I meant you need to get out an party more.
1050,2397,1,6,65,72,1.1111111111111112,0.042217280000676725,674,All your body parts stick out with my new favorite no cling shampoo treatments. Look how your hat flew off. I can't wait to see the rest of you.  Hurry up !
991,2397,0,8,64,72,1.1111111111111112,0.037296949257630635,674,"Help, I can't get up."
926,2511,1,6,66,73,1.1095890410958904,0.04166275705683711,674,Every character we meet is in crisis.
2982,2511,1,6,66,73,1.1095890410958904,0.04166275705683711,674,There used to be a casthe and everything.
425,2511,0,8,65,73,1.1095890410958904,0.036813962320997935,674,"Wait, did you ask for a landscaper or a manscaper?"
1463,2511,1,6,66,73,1.1095890410958904,0.04166275705683711,674,"Less conditioner, maybe?"
1552,2511,0,8,65,73,1.1095890410958904,0.036813962320997935,674,"Instead of getting lost in the fair maiden’s eyes, I’ve gotten lost in her hair."
1838,2511,0,8,65,73,1.1095890410958904,0.036813962320997935,674,It's silkier at the bottom.
2165,2511,0,8,65,73,1.1095890410958904,0.036813962320997935,674,"It's your Rogaine, but my loss."
2481,2511,1,6,66,73,1.1095890410958904,0.04166275705683711,674,"No, that's not what I meant by 'Please can I have a hair slide'"
2595,2511,1,6,66,73,1.1095890410958904,0.04166275705683711,674,Do you use Herbal Essences?
2016,2520,1,6,68,75,1.1066666666666667,0.04059615804541172,674,"I am sorry, I agree it is time for a trimming but I have been too busy."
2371,2521,1,5,63,69,1.1014492753623188,0.042033394835877404,674,I sure wish she would stop using that conditioner
2574,2521,0,7,62,69,1.1014492753623188,0.03661350600424963,674,Maybe you ought to cut back on the conditioner.
2932,2521,0,7,62,69,1.1014492753623188,0.03661350600424963,674,How do you like the new way I am wearing my hair?
2821,2521,0,7,62,69,1.1014492753623188,0.03661350600424963,674,They don't tell you all the dangers of using too much conditioner.
2172,2521,1,5,63,69,1.1014492753623188,0.042033394835877404,674,I told you the slip and slide cream rinse was a wash!
2608,2521,1,5,63,69,1.1014492753623188,0.042033394835877404,674,"I 'm sorry to hurt your feelings, but that's the worst scaling attempt I've ever seen."
2142,2521,0,7,62,69,1.1014492753623188,0.03661350600424963,674,I think I will say put your hair up next time.
629,2521,1,5,63,69,1.1014492753623188,0.042033394835877404,674,Only kidding!
1587,2521,0,7,62,69,1.1014492753623188,0.03661350600424963,674,But I DO like the highlights...
1516,2521,0,7,62,69,1.1014492753623188,0.03661350600424963,674,Do you think its time for a trim?
792,2521,1,5,63,69,1.1014492753623188,0.042033394835877404,674,Women these days mean business.
442,2521,1,5,63,69,1.1014492753623188,0.042033394835877404,674,Then why the hell are you so sad
42,2521,0,7,62,69,1.1014492753623188,0.03661350600424963,674,"As you can see, I don't need any more hair growth product... but thank you."
1805,2521,1,5,63,69,1.1014492753623188,0.042033394835877404,674,I love it when you run your fractures through my hair.
2385,2535,0,7,63,70,1.1,0.036115755925730755,674,Quick! Have the king send all his horses and all his men.
2266,2535,0,7,63,70,1.1,0.036115755925730755,674,You could have used conditioner
2243,2535,0,7,63,70,1.1,0.036115755925730755,674,You cis or trans?
2176,2535,1,5,64,70,1.1,0.04145390815152651,674,"Rapunzel, have I got a guy for you."
2144,2535,0,7,63,70,1.1,0.036115755925730755,674,"Well, was it worth it?"
1982,2535,0,7,63,70,1.1,0.036115755925730755,674,Never saw any need to use Conditioner until now!
1994,2535,1,5,64,70,1.1,0.04145390815152651,674,"Sorry, I guess I ""let down my fair hair"" with just a little too much zest."
1851,2535,0,7,63,70,1.1,0.036115755925730755,674,I think I'm losing interest in e-mail.
1808,2535,1,5,64,70,1.1,0.04145390815152651,674,We wouldn't have this problem if you had bought me that conditioner I wanted.
1786,2535,0,7,63,70,1.1,0.036115755925730755,674,First time I've been stranded on a castle...
1766,2535,1,5,64,70,1.1,0.04145390815152651,674,Too much Rogaine?
2068,2535,0,7,63,70,1.1,0.036115755925730755,674,"Hey look lady, what do you want?! Your mom just paid me to give you a perm, is all!"
2389,2535,2,3,65,70,1.1,0.04617905559865247,674,You must change your shampoo.
2425,2535,2,3,65,70,1.1,0.04617905559865247,674,Excessive Use Of Rogaine .... Sorry !
2409,2535,1,5,64,70,1.1,0.04145390815152651,674,Have you seen her face? I can't climb to that.
2483,2535,2,3,65,70,1.1,0.04617905559865247,674,I said; 'Let's go to the faire.'!
2537,2535,0,7,63,70,1.1,0.036115755925730755,674,"Wait, I'm sorry I freaked out when the dress came off!"
2567,2535,0,7,63,70,1.1,0.036115755925730755,674,Don't shame me about my split ends!
2632,2535,2,3,65,70,1.1,0.04617905559865247,674,I'm disappointed in both of you.
2700,2535,1,5,64,70,1.1,0.04145390815152651,674,Shouldeth I cut back on the conditioner?
2752,2535,2,3,65,70,1.1,0.04617905559865247,674,"Look at my long, silky dick hair."
2793,2535,0,7,63,70,1.1,0.036115755925730755,674,What we lack is a water feature.
3006,2535,1,5,64,70,1.1,0.04145390815152651,674,"Actually, I only wash it every other day."
3010,2535,1,5,64,70,1.1,0.04145390815152651,674,It always gets like this in the summer.
3025,2535,1,5,64,70,1.1,0.04145390815152651,674,Did you have to rinse?
3043,2535,0,7,63,70,1.1,0.036115755925730755,674,It's not my fault if you're not prepared for all the hair
1707,2535,0,7,63,70,1.1,0.036115755925730755,674,"Rapunzel, pull up your hair!"
2398,2535,1,5,64,70,1.1,0.04145390815152651,674,I thought he was croaking.
1668,2535,0,7,63,70,1.1,0.036115755925730755,674,Rapunzel is a cross-dresser!
1895,2535,1,5,64,70,1.1,0.04145390815152651,674,"Ramputz, I meant one strand at a time, not all at once !"
1215,2535,1,5,64,70,1.1,0.04145390815152651,674,"Darnit Rapunzel, I had my fingers crossed when I said it."
83,2535,1,5,64,70,1.1,0.04145390815152651,674,"Well, if you had brought me a bottle of shampoo, maybe it wouldn't have been so slippery."
88,2535,1,5,64,70,1.1,0.04145390815152651,674,"Hurry up hair, Harry."""
101,2535,0,7,63,70,1.1,0.036115755925730755,674,"I have lured the Human to my lair, and now I shall FEAST"
114,2535,0,7,63,70,1.1,0.036115755925730755,674,"""I forgot to tell you that I combed out the tangles!"
129,2535,0,7,63,70,1.1,0.036115755925730755,674,"Hark brave sir, runneth forth and fetch Johnson’s No More Tangles!"
146,2535,0,7,63,70,1.1,0.036115755925730755,674,I told you to bring conditioner!
301,2535,0,7,63,70,1.1,0.036115755925730755,674,Sorry. I used an extra oily conditioner.
307,2535,1,5,64,70,1.1,0.04145390815152651,674,"Rapunzel!
Our restyling appointment was for 2:00 today!!"
321,2535,0,7,63,70,1.1,0.036115755925730755,674,Are you the plumber? This sink is REALLY overflowing!
324,2535,0,7,63,70,1.1,0.036115755925730755,674,"I'm so sorry, but I've started using this new silky shampoo I found on Amazon, and well, now it's just impossible to climb."
408,2535,1,5,64,70,1.1,0.04145390815152651,674,I just love your hair! What was your name again?
452,2535,1,5,64,70,1.1,0.04145390815152651,674,Rapunzel! This is a hairierexperience than I could ever have imagined!
66,2535,1,5,64,70,1.1,0.04145390815152651,674,I don't own scissors.
508,2535,1,5,64,70,1.1,0.04145390815152651,674,"Hirsute offers him a hair suit.
He is overwhelmed."
588,2535,0,7,63,70,1.1,0.036115755925730755,674,"​""This is the problem of using too much Rogaine."""
659,2535,1,5,64,70,1.1,0.04145390815152651,674,I told you not to switch your conditioner!
678,2535,0,7,63,70,1.1,0.036115755925730755,674,"Let your hair down,"" you said"
699,2535,0,7,63,70,1.1,0.036115755925730755,674,"I found that I had a high false-positive rate, until I started using a moisturizing conditioner."
895,2535,0,7,63,70,1.1,0.036115755925730755,674,"You'd think I'm asking for the moon! I'm just asking for a little extension, that's all."
934,2535,2,3,65,70,1.1,0.04617905559865247,674,Rapunzel: Don't you think you used enough Rogaine?
1310,2535,0,7,63,70,1.1,0.036115755925730755,674,They ran out of my regular detangler at the drug store
1028,2535,0,7,63,70,1.1,0.036115755925730755,674,"Rapunzel Rapunzel, I'll bring a ladder next time."
1036,2535,0,7,63,70,1.1,0.036115755925730755,674,I told you I have wavy hair.
1053,2535,0,7,63,70,1.1,0.036115755925730755,674,You shouldn’t have come after my deep conditioning
1151,2535,0,7,63,70,1.1,0.036115755925730755,674,Rapunzel got it wrong.  And this hurts less.
1192,2535,0,7,63,70,1.1,0.036115755925730755,674,'You might like to change to the 'for greasy hair' formulation.'
509,2535,1,5,64,70,1.1,0.04145390815152651,674,"Who knew that ""Rogaine on the Rocks"" should not be ordered by the tankard."
16,2535,1,5,64,70,1.1,0.04145390815152651,674,I told you not washing my hair for two years had benefits.
1612,2594,1,5,66,72,1.0972222222222223,0.04034147195184963,674,What was I think?
1779,2595,0,6,60,66,1.0909090909090908,0.03565747911603346,674,Romancing these long locks is clearly above my paygrade.
2239,2595,0,6,60,66,1.0909090909090908,0.03565747911603346,674,They had a special on Rogain.
2226,2595,0,6,60,66,1.0909090909090908,0.03565747911603346,674,My new conditioner is superslide sponge relief.
2150,2595,1,4,61,66,1.0909090909090908,0.04168520460680058,674,"Rapunzel, you're using the wrong shampoo!"
2122,2595,0,6,60,66,1.0909090909090908,0.03565747911603346,674,""" I had to wash that man right out of my hair ... and now  I'm tangle free!"""
2105,2595,0,6,60,66,1.0909090909090908,0.03565747911603346,674,Hmm...Playing hard to get is she!
2095,2595,0,6,60,66,1.0909090909090908,0.03565747911603346,674,You forgot to braid your hair so I could climb it.
2089,2595,1,4,61,66,1.0909090909090908,0.04168520460680058,674,My stylist went on strike!!!
2088,2595,0,6,60,66,1.0909090909090908,0.03565747911603346,674,What did you do with her? This is NOT the conditioner she usually uses!
2086,2595,0,6,60,66,1.0909090909090908,0.03565747911603346,674,Enough Rogaine for woman already!
2035,2595,0,6,60,66,1.0909090909090908,0.03565747911603346,674,Are you delivering those scissors I ordered?
1764,2595,1,4,61,66,1.0909090909090908,0.04168520460680058,674,Vagina Waterlogs....
2002,2595,0,6,60,66,1.0909090909090908,0.03565747911603346,674,Are you sure you used creme rinse?
2351,2595,1,4,61,66,1.0909090909090908,0.04168520460680058,674,I have to stop using that shampoo that makes my hair grow thicker.
1998,2595,0,6,60,66,1.0909090909090908,0.03565747911603346,674,I didn't expect you to be so harry.
1938,2595,1,4,61,66,1.0909090909090908,0.04168520460680058,674,"Might be a little slick, it’s hard to reach down there."
1907,2595,2,2,62,66,1.0909090909090908,0.04694525268130202,674,"Yeah one time I tried to cut my own hair and everybody called me Hypoallergenic Hank for a month so, like, I get it"
1885,2595,1,4,61,66,1.0909090909090908,0.04168520460680058,674,"Another unsuspecting suitor swept away, to think her locks were but only a few feet long when she beckoned someone to marry her."
1883,2595,0,6,60,66,1.0909090909090908,0.03565747911603346,674,I hope she's not going to take a shower.
1863,2595,0,6,60,66,1.0909090909090908,0.03565747911603346,674,It must be the co-wash.
1860,2595,0,6,60,66,1.0909090909090908,0.03565747911603346,674,A shampoo and conditioner salesman was here right before you.
1820,2595,0,6,60,66,1.0909090909090908,0.03565747911603346,674,This is a tangled knot of deceit
1819,2595,0,6,60,66,1.0909090909090908,0.03565747911603346,674,"That's the slide, not the stairs!"
1817,2595,0,6,60,66,1.0909090909090908,0.03565747911603346,674,"Santana? Yes, I think it is!"""
1812,2595,0,6,60,66,1.0909090909090908,0.03565747911603346,674,Sorry for the tangles
1803,2595,2,2,62,66,1.0909090909090908,0.04694525268130202,674,I suppose now I'll have to start using an extra-body shampoo.
1780,2595,1,4,61,66,1.0909090909090908,0.04168520460680058,674,I have been growing it since July 1972 when I left Broadway.
1941,2595,0,6,60,66,1.0909090909090908,0.03565747911603346,674,Too much gel?
2357,2595,0,6,60,66,1.0909090909090908,0.03565747911603346,674,"Sorry, I can't get my hair to do anything with all this humidity."
2737,2595,0,6,60,66,1.0909090909090908,0.03565747911603346,674,"If nothing else, Princess, you've certainly proven that you're worth it."
2381,2595,0,6,60,66,1.0909090909090908,0.03565747911603346,674,Quit dicking around and help me get these crampons on.
3080,2595,0,6,60,66,1.0909090909090908,0.03565747911603346,674,"Shoot, it looks like we’ve tied the knot."
3076,2595,0,6,60,66,1.0909090909090908,0.03565747911603346,674,Thanks for the untangler.
3073,2595,1,4,61,66,1.0909090909090908,0.04168520460680058,674,I'm the Bulgarian Rapunzel.
3017,2595,0,6,60,66,1.0909090909090908,0.03565747911603346,674,"Personal stylist, my eye!"
3005,2595,0,6,60,66,1.0909090909090908,0.03565747911603346,674,O'mighty wizardess of all who's the next TRiUMPhant fool to fall?
2972,2595,1,4,61,66,1.0909090909090908,0.04168520460680058,674,The previous owner left it and then it started growing on me.
2952,2595,0,6,60,66,1.0909090909090908,0.03565747911603346,674,They haven't discovered a remedy for greasy hair yet.
2947,2595,0,6,60,66,1.0909090909090908,0.03565747911603346,674,Feel free to brush or braid.
2914,2595,1,4,61,66,1.0909090909090908,0.04168520460680058,674,You wii be fine with a little spritz of detangler
2875,2595,0,6,60,66,1.0909090909090908,0.03565747911603346,674,That's the last time I let my hair down.
2850,2595,1,4,61,66,1.0909090909090908,0.04168520460680058,674,It’s a whole new thing since she’s been hitting the hair products sales
2827,2595,0,6,60,66,1.0909090909090908,0.03565747911603346,674,"And it's Rapunzel, not Repugnant."
2823,2595,0,6,60,66,1.0909090909090908,0.03565747911603346,674,Thank goodness they're building the tower higher next week.
2361,2595,1,4,61,66,1.0909090909090908,0.04168520460680058,674,It's that new shampoo.
2811,2595,1,4,61,66,1.0909090909090908,0.04168520460680058,674,Condition it on your way down.  Thanks.
2768,2595,0,6,60,66,1.0909090909090908,0.03565747911603346,674,You said you would catch it!
1746,2595,0,6,60,66,1.0909090909090908,0.03565747911603346,674,"Rapunzel, why did you have to use conditioner?"
2731,2595,0,6,60,66,1.0909090909090908,0.03565747911603346,674,"Rapunzel, Rapunzel, let up on the Goop!"
2716,2595,0,6,60,66,1.0909090909090908,0.03565747911603346,674,I'm only here to try to cure the lice infestation.
2689,2595,0,6,60,66,1.0909090909090908,0.03565747911603346,674,"Between that hair conditioner and flat iron, I couldn't grab a bit of Rapunzel's hair..."
2680,2595,1,4,61,66,1.0909090909090908,0.04168520460680058,674,I’m not quite sure if I like this new Head & Shoulders shampoo...
2613,2595,0,6,60,66,1.0909090909090908,0.03565747911603346,674,I told you not to eat greasy fries before climbing
2526,2595,1,4,61,66,1.0909090909090908,0.04168520460680058,674,Its like when Democrats meet Republicans... It can be very hairy!
2525,2595,0,6,60,66,1.0909090909090908,0.03565747911603346,674,"Maybe a rope""
            -Pres Trump"
2514,2595,1,4,61,66,1.0909090909090908,0.04168520460680058,674,She had asked me to scale her tresses to fix cornrow braids then she brushed me off!!
2512,2595,0,6,60,66,1.0909090909090908,0.03565747911603346,674,Looks like Carl and Fernando are having another blowout.
2505,2595,0,6,60,66,1.0909090909090908,0.03565747911603346,674,What a terrible let down.
2458,2595,1,4,61,66,1.0909090909090908,0.04168520460680058,674,What do you mean you failed gym class?
2774,2595,1,4,61,66,1.0909090909090908,0.04168520460680058,674,Do you think the CTI version is an improvement?
1741,2595,1,4,61,66,1.0909090909090908,0.04168520460680058,674,"I'm fine with the long hair, but it's the split ends that drive me crazy!"
2028,2595,0,6,60,66,1.0909090909090908,0.03565747911603346,674,"Hey, can I get a little help here?"
1673,2595,1,4,61,66,1.0909090909090908,0.04168520460680058,674,Did you miss Rapunzel on the way down?
756,2595,0,6,60,66,1.0909090909090908,0.03565747911603346,674,"I'd like to kiss you, but I just washed my hair."
742,2595,1,4,61,66,1.0909090909090908,0.04168520460680058,674,It's my tangle-free new shampoo.
732,2595,1,4,61,66,1.0909090909090908,0.04168520460680058,674,Conditioner! I said conditioner.
719,2595,1,4,61,66,1.0909090909090908,0.04168520460680058,674,"Get outta' my hair, Schmuck!"
712,2595,1,4,61,66,1.0909090909090908,0.04168520460680058,674,Let me know when you’re done air drying your hair.
691,2595,0,6,60,66,1.0909090909090908,0.03565747911603346,674,There's been a misunderstanding.  I asked for a shampoo and rinse...
661,2595,0,6,60,66,1.0909090909090908,0.03565747911603346,674,Rapunzel's old man is onto me!
598,2595,1,4,61,66,1.0909090909090908,0.04168520460680058,674,You are a very strange lady!
573,2595,1,4,61,66,1.0909090909090908,0.04168520460680058,674,Not just after you washed it!
512,2595,2,2,62,66,1.0909090909090908,0.04694525268130202,674,Uh oh. They warned about the Lock Nest monster!
489,2595,0,6,60,66,1.0909090909090908,0.03565747911603346,674,"Sorry, Just used a new condioner that makes my hair all silky and slippery."
416,2595,0,6,60,66,1.0909090909090908,0.03565747911603346,674,Boris Being Evicted From The Tower Of London.
405,2595,0,6,60,66,1.0909090909090908,0.03565747911603346,674,"Sorry it is so slick! Don’t give up!”

Don Dechman —- Austin, T"
762,2595,1,4,61,66,1.0909090909090908,0.04168520460680058,674,"Repunzel, I'm here for your monthly haircut!"
333,2595,0,6,60,66,1.0909090909090908,0.03565747911603346,674,"Ease up on the conditioner, Rapunzel."
266,2595,0,6,60,66,1.0909090909090908,0.03565747911603346,674,You should have waited until I put the conditioner in.
230,2595,1,4,61,66,1.0909090909090908,0.04168520460680058,674,You must have hit a split end - sorry I should have had it trimmed.
191,2595,0,6,60,66,1.0909090909090908,0.03565747911603346,674,"Jeez, why are you feeling so offended? It was a compliment, for God sake."
183,2595,0,6,60,66,1.0909090909090908,0.03565747911603346,674,Don’t fight the rip tide!
135,2595,0,6,60,66,1.0909090909090908,0.03565747911603346,674,I guess I didn't rinse out all the conditioner.
111,2595,0,6,60,66,1.0909090909090908,0.03565747911603346,674,"Sorry about that, the conditioner makes it slick."
97,2595,1,4,61,66,1.0909090909090908,0.04168520460680058,674,Not quite what I was thinking when I heard 'wave pool'!
70,2595,1,4,61,66,1.0909090909090908,0.04168520460680058,674,You should see my armpits.
68,2595,0,6,60,66,1.0909090909090908,0.03565747911603346,674,She got me coming and going -
67,2595,0,6,60,66,1.0909090909090908,0.03565747911603346,674,Next time bring the shampoo for oily hair.
8,2595,1,4,61,66,1.0909090909090908,0.04168520460680058,674,William Tell caught up in his comb over attempt
5,2595,1,4,61,66,1.0909090909090908,0.04168520460680058,674,I'm using a new conditioner.
1733,2595,2,2,62,66,1.0909090909090908,0.04694525268130202,674,"Sorry, Karl. Since I've been using jojoba oil, it's my hair really hard to climb."
295,2595,0,6,60,66,1.0909090909090908,0.03565747911603346,674,No wonder I can't make progress! She really oils her hair.
764,2595,0,6,60,66,1.0909090909090908,0.03565747911603346,674,A bit too much conditioner...
299,2595,0,6,60,66,1.0909090909090908,0.03565747911603346,674,I thought you were getting a permanent. Not a wave
810,2595,1,4,61,66,1.0909090909090908,0.04168520460680058,674,"I have a fucking hair
Hair entanglement fetish"
1655,2595,1,4,61,66,1.0909090909090908,0.04168520460680058,674,But my stylist HIGHLY recommended the Keratin treatment.
790,2595,1,4,61,66,1.0909090909090908,0.04168520460680058,674,"Of all your hair brained ideas, this has got to be the worst yet!"
1616,2595,0,6,60,66,1.0909090909090908,0.03565747911603346,674,Do I dry you before or after the dishes?
1608,2595,1,4,61,66,1.0909090909090908,0.04168520460680058,674,I take 'em myself at midnight
1542,2595,0,6,60,66,1.0909090909090908,0.03565747911603346,674,When will I see the ombré effect?
1538,2595,0,6,60,66,1.0909090909090908,0.03565747911603346,674,"The Prell, quick, throw me the Prell."
1515,2595,0,6,60,66,1.0909090909090908,0.03565747911603346,674,Next time don't wear those goofy shoes here or use the stairs!
1511,2595,1,4,61,66,1.0909090909090908,0.04168520460680058,674,"not Rapunzel, but Rogaine."
1456,2595,0,6,60,66,1.0909090909090908,0.03565747911603346,674,"I, Rapunzel, see, that you too, have been ""let down"" by the my latest hair conditioner  foray.."
1422,2595,1,4,61,66,1.0909090909090908,0.04168520460680058,674,"Taking a clue from doctors, I am going to stop hair treatment service at home. Everyone will now have to come to my salon."
1316,2595,0,6,60,66,1.0909090909090908,0.03565747911603346,674,I thought you said you could do balayage.
1299,2595,2,2,62,66,1.0909090909090908,0.04694525268130202,674,Easy on the cream rinse Gwendolyn.
1273,2595,0,6,60,66,1.0909090909090908,0.03565747911603346,674,Damn conditioner!
1235,2595,0,6,60,66,1.0909090909090908,0.03565747911603346,674,Forget it......I'll only date up and comers...
1470,2595,0,6,60,66,1.0909090909090908,0.03565747911603346,674,"How many times do I have to tell you?
Stop using conditioner!"
1226,2595,0,6,60,66,1.0909090909090908,0.03565747911603346,674,You promised you wouldn't change conditioners again.
837,2595,0,6,60,66,1.0909090909090908,0.03565747911603346,674,The new Tangled ride at Disney World hit teething problems.
922,2595,0,6,60,66,1.0909090909090908,0.03565747911603346,674,Sorry. I know my split ends look ghastly.
978,2595,1,4,61,66,1.0909090909090908,0.04168520460680058,674,They say humidity adds volume and I definitely got the hots for you...or at least that’s what Mother told my hair last week.
985,2595,0,6,60,66,1.0909090909090908,0.03565747911603346,674,"Yeah, you like that? Yeah... put ... put my hair in your mouth... ohhh yeah... yeah you like it you little bish"
1059,2595,2,2,62,66,1.0909090909090908,0.04694525268130202,674,They have provided me with nutrition while I've been waiting to be rescued.
1073,2595,0,6,60,66,1.0909090909090908,0.03565747911603346,674,"Prince butterfingers, get out of my hair!”"
999,2595,0,6,60,66,1.0909090909090908,0.03565747911603346,674,You used too much hair conditioner.
1089,2595,1,4,61,66,1.0909090909090908,0.04168520460680058,674,Sorry...I just conditioned my hair this morning.
1125,2595,0,6,60,66,1.0909090909090908,0.03565747911603346,674,"Well, I would call it a job. It takes forever to blowout my hair."
1168,2595,0,6,60,66,1.0909090909090908,0.03565747911603346,674,I guess I need to use a better conditioner.
1207,2595,0,6,60,66,1.0909090909090908,0.03565747911603346,674,JEST A HAIRY MOMENT
1213,2595,1,4,61,66,1.0909090909090908,0.04168520460680058,674,"Yes, it's a volume enhancing conditioner."
1078,2595,0,6,60,66,1.0909090909090908,0.03565747911603346,674,Will someone please let me out of here?
1955,2719,0,5,58,63,1.0793650793650793,0.034329114781078834,674,Slow down on that conditioner you're killing me.
2096,2719,0,5,58,63,1.0793650793650793,0.034329114781078834,674,YOU DONT MEET MY STANDARDS; DOWN THE WATER SLIDE YOU GO.
2047,2719,0,5,58,63,1.0793650793650793,0.034329114781078834,674,I think your creme rinse has too much oil in it!
2069,2719,0,5,58,63,1.0793650793650793,0.034329114781078834,674,I may have gone a bit heavy on the conditioner.
2091,2719,0,5,58,63,1.0793650793650793,0.034329114781078834,674,"Silky smooth is one thing, Rapunzel, but this is ridiculous!"
2093,2719,0,5,58,63,1.0793650793650793,0.034329114781078834,674,I’m drowning!
2102,2719,1,3,59,63,1.0793650793650793,0.04111594449541165,674,Get out of my hair. You're no prince with shoes like that!
2160,2719,0,5,58,63,1.0793650793650793,0.034329114781078834,674,What are my odds on finding a non-binary rescuer?
2107,2719,0,5,58,63,1.0793650793650793,0.034329114781078834,674,it is too much hair
2145,2719,0,5,58,63,1.0793650793650793,0.034329114781078834,674,"Lather, rinse, rescue, repeat then comb and shave me."
2155,2719,0,5,58,63,1.0793650793650793,0.034329114781078834,674,"Dear Prince, dear Prince,
Beware of my hair,
Or, I fear,
You’ll be caught in my snare"
2192,2719,0,5,58,63,1.0793650793650793,0.034329114781078834,674,I've switched to leave in conditioner
2181,2719,0,5,58,63,1.0793650793650793,0.034329114781078834,674,A curling iron may work better than conditioner.
1946,2719,1,3,59,63,1.0793650793650793,0.04111594449541165,674,"If you can find it, the drawstring is your best bet."
2104,2719,0,5,58,63,1.0793650793650793,0.034329114781078834,674,I was thinking of calling the ride Hairy World.
1942,2719,0,5,58,63,1.0793650793650793,0.034329114781078834,674,Oops!
1688,2719,0,5,58,63,1.0793650793650793,0.034329114781078834,674,"""No, I've never seen Warren Beatty in Shampoo."""
1875,2719,1,3,59,63,1.0793650793650793,0.04111594449541165,674,You forgot to bring the fringe twister.
2211,2719,0,5,58,63,1.0793650793650793,0.034329114781078834,674,"Sorry, I just got a Brazilian blow-out"
1648,2719,1,3,59,63,1.0793650793650793,0.04111594449541165,674,Failing the 1812 Pomade Challenge at the German Ninja Warrior games.
1670,2719,0,5,58,63,1.0793650793650793,0.034329114781078834,674,Guess I should have skipped the conditioner.
1737,2719,0,5,58,63,1.0793650793650793,0.034329114781078834,674,My bad... It must be that new conditioner that I'm using.
1748,2719,1,3,59,63,1.0793650793650793,0.04111594449541165,674,"Oh, this is the worst-looking hat I ever saw. What, when you buy a hat like this I bet you get a free bowl of soup, huh?  Oh, it looks good on you though."
1758,2719,0,5,58,63,1.0793650793650793,0.034329114781078834,674,Sorry! I just got a blowout.
1910,2719,1,3,59,63,1.0793650793650793,0.04111594449541165,674,"I wanted Shea butter, but Shane butter will have to do."
1802,2719,1,3,59,63,1.0793650793650793,0.04111594449541165,674,"You didn't mean *right* now, did you?"
1842,2719,0,5,58,63,1.0793650793650793,0.034329114781078834,674,I didn't think this would happen when I prescribed him with finasteride
1846,2719,0,5,58,63,1.0793650793650793,0.034329114781078834,674,You were the one who told me to let my hair down!
1847,2719,0,5,58,63,1.0793650793650793,0.034329114781078834,674,RuPunzel! RuPunzel! Let down your wig
1853,2719,0,5,58,63,1.0793650793650793,0.034329114781078834,674,I’m using a shampoo that gives my hair more body.
1855,2719,0,5,58,63,1.0793650793650793,0.034329114781078834,674,I wish she would start using the conditioner I bought her.
1874,2719,1,3,59,63,1.0793650793650793,0.04111594449541165,674,I was auditing the shaving commercial not the shampoo commercial.
1826,2719,0,5,58,63,1.0793650793650793,0.034329114781078834,674,Rapunzel...the Trump revisionist version.
2233,2719,0,5,58,63,1.0793650793650793,0.034329114781078834,674,Stop pestering me about getting a haircut until you get one yourself!
2884,2719,0,5,58,63,1.0793650793650793,0.034329114781078834,674,"Too much conditioner, methinks!"
2256,2719,0,5,58,63,1.0793650793650793,0.034329114781078834,674,You men are always trying to drag me down.
2717,2719,0,5,58,63,1.0793650793650793,0.034329114781078834,674,"Say down there, were you going to make a call or did you get caught up in my hair?"
2736,2719,0,5,58,63,1.0793650793650793,0.034329114781078834,674,Did you switch conditioners?
2740,2719,0,5,58,63,1.0793650793650793,0.034329114781078834,674,I didn’t realize that’s what she meant when she said ladder.
2743,2719,0,5,58,63,1.0793650793650793,0.034329114781078834,674,His hair is a Castle Hill
2767,2719,1,3,59,63,1.0793650793650793,0.04111594449541165,674,And don't forget the conditioner.
2775,2719,0,5,58,63,1.0793650793650793,0.034329114781078834,674,I shouldn't have used the smoothing shampoo you gifted me
2678,2719,0,5,58,63,1.0793650793650793,0.034329114781078834,674,You know Rapunzel you're becoming a drag.
2797,2719,0,5,58,63,1.0793650793650793,0.034329114781078834,674,Drowning me in your ocean of hair is the best breakup I ever had.
2854,2719,0,5,58,63,1.0793650793650793,0.034329114781078834,674,Growth projections in early times were wildly inaccurate.
2872,2719,0,5,58,63,1.0793650793650793,0.034329114781078834,674,"Since you joined Hair Club for Men, there's no fun in our Rapunzel game."
2902,2719,0,5,58,63,1.0793650793650793,0.034329114781078834,674,"So, are you going to give me a haircut or not?"
3042,2719,1,3,59,63,1.0793650793650793,0.04111594449541165,674,"I think urban development has gone too far"""
3071,2719,1,3,59,63,1.0793650793650793,0.04111594449541165,674,You may ascend only if you brought the gallon-jug of shampoo.
1624,2719,1,3,59,63,1.0793650793650793,0.04111594449541165,674,The Golden Stair is a black diamond.
2837,2719,1,3,59,63,1.0793650793650793,0.04111594449541165,674,You may need to shampoo today.
2254,2719,0,5,58,63,1.0793650793650793,0.034329114781078834,674,Hey! Careful! I just straightened it!
2660,2719,0,5,58,63,1.0793650793650793,0.034329114781078834,674,"Even after a closer look, I’m not even sure it’s Rapunzel."
2648,2719,0,5,58,63,1.0793650793650793,0.034329114781078834,674,"I know we Trumps are proud of our hair, dad, but couldn't you install an elevator?"
2283,2719,0,5,58,63,1.0793650793650793,0.034329114781078834,674,Not even remotely funny!
2314,2719,1,3,59,63,1.0793650793650793,0.04111594449541165,674,"Well, sorry, but conditioner is in short supply up here."
2317,2719,0,5,58,63,1.0793650793650793,0.034329114781078834,674,Wouldn't want to see where else it grows.
2387,2719,0,5,58,63,1.0793650793650793,0.034329114781078834,674,Now you say take it up? Make up your mind!
2420,2719,0,5,58,63,1.0793650793650793,0.034329114781078834,674,I knew this Jennifer Aniston cut wasn't for me.
2464,2719,1,3,59,63,1.0793650793650793,0.04111594449541165,674,"Rap, this Hairbrained scheme isn’t working"
2655,2719,1,3,59,63,1.0793650793650793,0.04111594449541165,674,"I said, perhaps you can use rollers. Nothing about coasters."
2488,2719,0,5,58,63,1.0793650793650793,0.034329114781078834,674,I tried a new conditioner.
2538,2719,1,3,59,63,1.0793650793650793,0.04111594449541165,674,"Well, Alex Honnold likes it."
2542,2719,1,3,59,63,1.0793650793650793,0.04111594449541165,674,Damn bitch you live like this?
2557,2719,0,5,58,63,1.0793650793650793,0.034329114781078834,674,"Do forgive me, my prince. I haven't had a haircut since I've been locked away in this tower."
2565,2719,0,5,58,63,1.0793650793650793,0.034329114781078834,674,I think your new conditioner is working a little too well.
2582,2719,0,5,58,63,1.0793650793650793,0.034329114781078834,674,"Castle in the air,
You have too  much hair."
2638,2719,0,5,58,63,1.0793650793650793,0.034329114781078834,674,"Hey Rapunzel.  Lay off the tonic, you’re growing a mustache."
2496,2719,1,3,59,63,1.0793650793650793,0.04111594449541165,674,"Melania & Donald
Position is everything in life ! 

Ann J Hulyo
Cinnaminson, NJ
856 394 0809"
1615,2719,0,5,58,63,1.0793650793650793,0.034329114781078834,674,"Not only do I own hair club for men, I'm also a member."
12,2719,0,5,58,63,1.0793650793650793,0.034329114781078834,674,You signed a liability waiver and my name's not Sue.
1591,2719,0,5,58,63,1.0793650793650793,0.034329114781078834,674,I'm doing all the work here!
384,2719,0,5,58,63,1.0793650793650793,0.034329114781078834,674,"Rapunzel, Super Cuts has a long hair special!"
461,2719,0,5,58,63,1.0793650793650793,0.034329114781078834,674,Use less conditioner next time!
505,2719,1,3,59,63,1.0793650793650793,0.04111594449541165,674,I'm drowning but the hair is silky soft and smells wonderful.
547,2719,1,3,59,63,1.0793650793650793,0.04111594449541165,674,"How about a rope, or a rope ladder, instead"
563,2719,0,5,58,63,1.0793650793650793,0.034329114781078834,674,I should have invented shampoo and conditioner.
582,2719,0,5,58,63,1.0793650793650793,0.034329114781078834,674,I warned you my father had a grove of olive trees.
349,2719,1,3,59,63,1.0793650793650793,0.04111594449541165,674,But my hairdresser says I don't condition enough.
594,2719,0,5,58,63,1.0793650793650793,0.034329114781078834,674,"You gotta good look​, didn't you?"
616,2719,0,5,58,63,1.0793650793650793,0.034329114781078834,674,"Due to climate change, Rupunzel's hair was melting."
630,2719,0,5,58,63,1.0793650793650793,0.034329114781078834,674,I guess you misunderstood when I said ours would be a hairy tale romance.
648,2719,1,3,59,63,1.0793650793650793,0.04111594449541165,674,I was wondering if you could just come up the stare
671,2719,0,5,58,63,1.0793650793650793,0.034329114781078834,674,"Sorry , Lord Percival. Wrong tower!!"
684,2719,0,5,58,63,1.0793650793650793,0.034329114781078834,674,Rapunzel is out stalking wild boar. I’m handling her hair to entice any prince who might come by to climb the golden stair.
701,2719,0,5,58,63,1.0793650793650793,0.034329114781078834,674,I'm so glad you're here!  My homemade Propecia is almost ready.
604,2719,0,5,58,63,1.0793650793650793,0.034329114781078834,674,This is basic to my escape plan.
747,2719,0,5,58,63,1.0793650793650793,0.034329114781078834,674,"Despite True Love, as so often the case, it was actually the short hairs left in the bathtub that lead to the inevitable divorce."
308,2719,0,5,58,63,1.0793650793650793,0.034329114781078834,674,Bet you didn't know these silky smooth hair also works as a fire escape.
224,2719,0,5,58,63,1.0793650793650793,0.034329114781078834,674,I take it back. Tie it up and jump.
1604,2719,1,3,59,63,1.0793650793650793,0.04111594449541165,674,Get a f~—ng haircut
50,2719,1,3,59,63,1.0793650793650793,0.04111594449541165,674,You have got to stop using that silky smooth shampoo!
52,2719,1,3,59,63,1.0793650793650793,0.04111594449541165,674,Sorry.  Mom put molasses in my conditioner bottle.
71,2719,1,3,59,63,1.0793650793650793,0.04111594449541165,674,Next time bring conditioner!
120,2719,0,5,58,63,1.0793650793650793,0.034329114781078834,674,"This fun ride is wearing thin, Stanley."
136,2719,1,3,59,63,1.0793650793650793,0.04111594449541165,674,I think you used too much conditioner.
284,2719,0,5,58,63,1.0793650793650793,0.034329114781078834,674,"What does it mean, ""Try braiding"" ?"
145,2719,0,5,58,63,1.0793650793650793,0.034329114781078834,674,Can I help it if my hair is so smooth?
169,2719,0,5,58,63,1.0793650793650793,0.034329114781078834,674,Look Ma.  No hands.
176,2719,0,5,58,63,1.0793650793650793,0.034329114781078834,674,They call it ‘conditioner.’
187,2719,1,3,59,63,1.0793650793650793,0.04111594449541165,674,"Damn, should have gotten the perm."
192,2719,0,5,58,63,1.0793650793650793,0.034329114781078834,674,Rapunzel’s hair stylist hasn’t  been here in ten years.’
195,2719,0,5,58,63,1.0793650793650793,0.034329114781078834,674,Your smelly extensions are strangling me.
215,2719,0,5,58,63,1.0793650793650793,0.034329114781078834,674,"My Tinder profile said ""helmet hair required"" for a reason."
148,2719,1,3,59,63,1.0793650793650793,0.04111594449541165,674,"A slight trim, you said?"""
749,2719,0,5,58,63,1.0793650793650793,0.034329114781078834,674,Me and my big mouth!
92,2719,1,3,59,63,1.0793650793650793,0.04111594449541165,674,Let’s French braid?
769,2719,0,5,58,63,1.0793650793650793,0.034329114781078834,674,"Oh sorry it's so slippery, I used leave-in conditioner last night!"""
1246,2719,0,5,58,63,1.0793650793650793,0.034329114781078834,674,"Unfortunately I'm part of this cartoon cause if I weren't, I'de give it the heave hoe."
1247,2719,0,5,58,63,1.0793650793650793,0.034329114781078834,674,They did say if I rescued her I'd be swimming in it
1309,2719,1,3,59,63,1.0793650793650793,0.04111594449541165,674,"I requested a braid, not an upbraiding!"
1329,2719,0,5,58,63,1.0793650793650793,0.034329114781078834,674,"Yes, it is indeed lustrous. But could you go back to using the other conditioner?"
1334,2719,1,3,59,63,1.0793650793650793,0.04111594449541165,674,You should stop using that conditioner.
1347,2719,0,5,58,63,1.0793650793650793,0.034329114781078834,674,"Smooth ride, buddy."
1201,2719,0,5,58,63,1.0793650793650793,0.034329114781078834,674,So glad you didn't shampoo...
1349,2719,1,3,59,63,1.0793650793650793,0.04111594449541165,674,Rambaud and Rapunzel: very close together in the “Castle Pages”.
1427,2719,0,5,58,63,1.0793650793650793,0.034329114781078834,674,You sure took your sweet time getting here...
1477,2719,0,5,58,63,1.0793650793650793,0.034329114781078834,674,"Rapunzel, I thought we agreed that you'd stop the keratin and overconditionong!"
1503,2719,0,5,58,63,1.0793650793650793,0.034329114781078834,674,"Play with her [hair], they said. One stroke at a time, they said."
1550,2719,0,5,58,63,1.0793650793650793,0.034329114781078834,674,I wish there was a way of bottling your hair straightening method.
1568,2719,1,3,59,63,1.0793650793650793,0.04111594449541165,674,It's too silky to climb!
767,2719,0,5,58,63,1.0793650793650793,0.034329114781078834,674,You said you could swim in my eyes. So?
1419,2719,0,5,58,63,1.0793650793650793,0.034329114781078834,674,"It's a new oil treatment, why do you ask?"
1179,2719,0,5,58,63,1.0793650793650793,0.034329114781078834,674,I may have used a little too much conditioner.
1499,2719,1,3,59,63,1.0793650793650793,0.04111594449541165,674,"Fooled,Ya."
1128,2719,1,3,59,63,1.0793650793650793,0.04111594449541165,674,Sorry...I just can't do anything with it after I shampoo...!!!
801,2719,1,3,59,63,1.0793650793650793,0.04111594449541165,674,Did he say Rapunzel or Babel?
1133,2719,0,5,58,63,1.0793650793650793,0.034329114781078834,674,OK!  Step one was let down my long hair. Step two is ...?
802,2719,0,5,58,63,1.0793650793650793,0.034329114781078834,674,Really followed the directions on the bottle I see...
808,2719,0,5,58,63,1.0793650793650793,0.034329114781078834,674,"Yeah, sorry. I switched to Maybelline."
887,2719,1,3,59,63,1.0793650793650793,0.04111594449541165,674,"Be careful what you wish for, right?"
901,2719,1,3,59,63,1.0793650793650793,0.04111594449541165,674,You're the one who cured my alopecia.
920,2719,0,5,58,63,1.0793650793650793,0.034329114781078834,674,Jester be gone.
803,2719,0,5,58,63,1.0793650793650793,0.034329114781078834,674,oh! my unfathomable beauty standards.
784,2719,1,3,59,63,1.0793650793650793,0.04111594449541165,674,Two swords cuts to the chaste.
962,2719,1,3,59,63,1.0793650793650793,0.04111594449541165,674,"Sorry, I think I used too much gel."
1066,2719,1,3,59,63,1.0793650793650793,0.04111594449541165,674,"Sorry, I forgot to use the shampoo for oily hair."
1106,2719,0,5,58,63,1.0793650793650793,0.034329114781078834,674,I'm caught up with a few things right now. How about we hang out later?
1079,2719,0,5,58,63,1.0793650793650793,0.034329114781078834,674,"Help me, I've come with the conditioner!"
1090,2719,1,3,59,63,1.0793650793650793,0.04111594449541165,674,"So far, this security system has foiled the wall climbers."
946,2719,1,3,59,63,1.0793650793650793,0.04111594449541165,674,I wish you wouldn't get so far into the weeds of this relationship.
2112,2860,1,2,56,59,1.0677966101694916,0.04091592197121482,674,Wow!  Rapunzel that’s a lot of hair
2136,2860,0,4,55,59,1.0677966101694916,0.03300998538034586,674,This is the only time I have ever been in favor of a man bun.
2153,2860,0,4,55,59,1.0677966101694916,0.03300998538034586,674,Styles change
2184,2860,0,4,55,59,1.0677966101694916,0.03300998538034586,674,"I’m trying the new hairstyle, hombre"
2370,2860,0,4,55,59,1.0677966101694916,0.03300998538034586,674,"Rapunzel, what's with the dandruff? And are you using a conditioner?"
2201,2860,0,4,55,59,1.0677966101694916,0.03300998538034586,674,"What's the matter,  you don't like blondes?"
2279,2860,0,4,55,59,1.0677966101694916,0.03300998538034586,674,Are you using a new shampoo?
2288,2860,1,2,56,59,1.0677966101694916,0.04091592197121482,674,I've been using a new volumizing conditioner.
2108,2860,0,4,55,59,1.0677966101694916,0.03300998538034586,674,I can't wait to get out of this body cast!
2353,2860,0,4,55,59,1.0677966101694916,0.03300998538034586,674,"My new shampoo's called 'Build a ladder', Sir Robin."
2366,2860,0,4,55,59,1.0677966101694916,0.03300998538034586,674,"Pubes were an option. You said no. Now, deal with it."
2187,2860,0,4,55,59,1.0677966101694916,0.03300998538034586,674,Who is harebrained idea what is this?
2213,2860,0,4,55,59,1.0677966101694916,0.03300998538034586,674,Is my new shampoo scent  too strong for you?
1950,2860,1,2,56,59,1.0677966101694916,0.04091592197121482,674,"To love me, you must also love my split ends."
2050,2860,0,4,55,59,1.0677966101694916,0.03300998538034586,674,"Well, my hair might be less greasy if you could get me some shampoo up in here."
2009,2860,0,4,55,59,1.0677966101694916,0.03300998538034586,674,This is a track-less weave
1969,2860,0,4,55,59,1.0677966101694916,0.03300998538034586,674,Rickpunzel Rickpunzel cut your golden hair
1962,2860,1,2,56,59,1.0677966101694916,0.04091592197121482,674,Next time you brush your hair leave a few kinks
1952,2860,0,4,55,59,1.0677966101694916,0.03300998538034586,674,"Rapunzel, shampoo and condition, yes but I’ll never be able to get up the tower if you continue using that substandard  hair spray."
1947,2860,0,4,55,59,1.0677966101694916,0.03300998538034586,674,You need more conditioner
1908,2860,0,4,55,59,1.0677966101694916,0.03300998538034586,674,"Things can be a bit hairy at the top, better lay low."
1823,2860,0,4,55,59,1.0677966101694916,0.03300998538034586,674,"Repunzel, Repunzel, you really need to Condition more often."
1783,2860,0,4,55,59,1.0677966101694916,0.03300998538034586,674,FORE?
1773,2860,0,4,55,59,1.0677966101694916,0.03300998538034586,674,Rapunzel! You needed to use Rogaine in moderation.
1760,2860,0,4,55,59,1.0677966101694916,0.03300998538034586,674,Don't ever forget to bring me conditioner again!
2386,2860,0,4,55,59,1.0677966101694916,0.03300998538034586,674,"Instructions: This medicated shampoo is used to treat annoyances. Wash with caution, but use as needed."
1755,2860,0,4,55,59,1.0677966101694916,0.03300998538034586,674,"Ah, shit! Next time I gotta grab him. Before he gets a look at me close-up."
1734,2860,0,4,55,59,1.0677966101694916,0.03300998538034586,674,"You used that non-stick conditioner again, didn't you?"
2057,2860,0,4,55,59,1.0677966101694916,0.03300998538034586,674,"Wait, shouldn’t you be wearing a man bun?"
2422,2860,0,4,55,59,1.0677966101694916,0.03300998538034586,674,"Hurry, will ya, I’m getting a perm."
2727,2860,0,4,55,59,1.0677966101694916,0.03300998538034586,674,Try not to disturb the lice when you're climbing up
2438,2860,0,4,55,59,1.0677966101694916,0.03300998538034586,674,Repugnant Repugnant— Trump’s towers and walls
3052,2860,0,4,55,59,1.0677966101694916,0.03300998538034586,674,That hair conditioner works wonders.
1710,2860,0,4,55,59,1.0677966101694916,0.03300998538034586,674,Now accepting applications for immediate move-in.
3036,2860,0,4,55,59,1.0677966101694916,0.03300998538034586,674,I knew I shouldn’t have used that sleek-n-shine conditioner.
3031,2860,0,4,55,59,1.0677966101694916,0.03300998538034586,674,But the good news is - I found a great conditioner.
3021,2860,0,4,55,59,1.0677966101694916,0.03300998538034586,674,"Hey, you're the one who said it needed conditioning."
3007,2860,1,2,56,59,1.0677966101694916,0.04091592197121482,674,I thought you said ' let drown your hair'
3004,2860,0,4,55,59,1.0677966101694916,0.03300998538034586,674,I thought you liked it silky smooth.
2995,2860,0,4,55,59,1.0677966101694916,0.03300998538034586,674,"Rapunzel,  was  my  marriage proposal  not
good  enough for you!"
2973,2860,0,4,55,59,1.0677966101694916,0.03300998538034586,674,Would you like fries or a side salad with our chef’s special tagliatelle?
2958,2860,0,4,55,59,1.0677966101694916,0.03300998538034586,674,Next time bring cream rinse.
2953,2860,1,2,56,59,1.0677966101694916,0.04091592197121482,674,You should be THANKING me for treating my alopecia.
2926,2860,0,4,55,59,1.0677966101694916,0.03300998538034586,674,"Oops, I forgot about the conditioner"
2918,2860,1,2,56,59,1.0677966101694916,0.04091592197121482,674,Not what I meant by putting your hair down...
2908,2860,0,4,55,59,1.0677966101694916,0.03300998538034586,674,I never should have quit CrossFit!
2805,2860,0,4,55,59,1.0677966101694916,0.03300998538034586,674,I’m afraid I over-conditioned.
2771,2860,0,4,55,59,1.0677966101694916,0.03300998538034586,674,You forgot your helmet!
2726,2860,0,4,55,59,1.0677966101694916,0.03300998538034586,674,I dare say there’s something fishy going on here.
2722,2860,0,4,55,59,1.0677966101694916,0.03300998538034586,674,"Sorry, I should have used conditioner"
2697,2860,0,4,55,59,1.0677966101694916,0.03300998538034586,674,"Sorry, no visitors today, I’m practicing self care."
2666,2860,1,2,56,59,1.0677966101694916,0.04091592197121482,674,Try again next week. I won’t use mom’s silky hair conditioner!
2654,2860,0,4,55,59,1.0677966101694916,0.03300998538034586,674,"I get it bro, you like Megadeth"
2644,2860,1,2,56,59,1.0677966101694916,0.04091592197121482,674,My new conditioner makes for a slippery slope.
2606,2860,1,2,56,59,1.0677966101694916,0.04091592197121482,674,"Why yes, I do like to rinse, repeat."
2590,2860,0,4,55,59,1.0677966101694916,0.03300998538034586,674,Sorry! I swiped left! The App must be buffering...
2563,2860,1,2,56,59,1.0677966101694916,0.04091592197121482,674,"Whatever you do, don't cut it."
2499,2860,0,4,55,59,1.0677966101694916,0.03300998538034586,674,"Romeo, my Romeo, where the heck are you? I've brushed my hair and I'm ready!"
2497,2860,0,4,55,59,1.0677966101694916,0.03300998538034586,674,My super smooth conditioner repels men like you.
2495,2860,0,4,55,59,1.0677966101694916,0.03300998538034586,674,"Ugh, Keratin!"
2453,2860,0,4,55,59,1.0677966101694916,0.03300998538034586,674,"Okay, okay! I’ll be right up."
2431,2860,1,2,56,59,1.0677966101694916,0.04091592197121482,674,Stop using conditioner for this story to precede >
1684,2860,0,4,55,59,1.0677966101694916,0.03300998538034586,674,Fortunately you have greasy hair
1973,2860,0,4,55,59,1.0677966101694916,0.03300998538034586,674,Don't throw out the husband with the bath water.
1580,2860,0,4,55,59,1.0677966101694916,0.03300998538034586,674,"Wow, Harry! That was really corny!"
780,2860,0,4,55,59,1.0677966101694916,0.03300998538034586,674,Will this distract from my foot hair?
772,2860,0,4,55,59,1.0677966101694916,0.03300998538034586,674,Only EarthMom.Org defenders may be granted consent to ascend my golden swirls.
704,2860,1,2,56,59,1.0677966101694916,0.04091592197121482,674,Her hair is definitely as rough as silk. CORN silk.
620,2860,0,4,55,59,1.0677966101694916,0.03300998538034586,674,Found this fabulous new styling mousse?
606,2860,0,4,55,59,1.0677966101694916,0.03300998538034586,674,I've started using dry shampoo.
592,2860,0,4,55,59,1.0677966101694916,0.03300998538034586,674,Hair is a bit oily today!
591,2860,0,4,55,59,1.0677966101694916,0.03300998538034586,674,... and that’s how I can help you with your Lady Godiva cosplay.
556,2860,1,2,56,59,1.0677966101694916,0.04091592197121482,674,"Thy fair maiden, have you tried conditioner?"
519,2860,0,4,55,59,1.0677966101694916,0.03300998538034586,674,That new conditioner really makes your hair smooth & silky.
518,2860,0,4,55,59,1.0677966101694916,0.03300998538034586,674,"Oh, my, I need to use more conditioner for better control."
481,2860,0,4,55,59,1.0677966101694916,0.03300998538034586,674,Sorry for the tangles. I ran out of conditioner.
443,2860,0,4,55,59,1.0677966101694916,0.03300998538034586,674,"Well, then next time say, 'Let down your better idea.'"
409,2860,0,4,55,59,1.0677966101694916,0.03300998538034586,674,"You called my braiding amateurish, this is the alternative"
390,2860,0,4,55,59,1.0677966101694916,0.03300998538034586,674,Hey! I thought you were cisgender!
388,2860,0,4,55,59,1.0677966101694916,0.03300998538034586,674,You used way too much conditioner before this reenactment!
354,2860,0,4,55,59,1.0677966101694916,0.03300998538034586,674,"Don't worry, its vegan."
338,2860,1,2,56,59,1.0677966101694916,0.04091592197121482,674,"Sorry, I used plastic-free conditioner."
305,2860,0,4,55,59,1.0677966101694916,0.03300998538034586,674,Must be the mousse.
286,2860,0,4,55,59,1.0677966101694916,0.03300998538034586,674,"Rapunzel, Rapunzel, have you ever heard of conditioner?!?"
274,2860,0,4,55,59,1.0677966101694916,0.03300998538034586,674,He puts the Selsun Blue in the pail.
273,2860,0,4,55,59,1.0677966101694916,0.03300998538034586,674,"I sent those barrels of conditioner for a reason."""
252,2860,1,2,56,59,1.0677966101694916,0.04091592197121482,674,"It's a new conditioner!  Silky smooth, isn't it?"
245,2860,0,4,55,59,1.0677966101694916,0.03300998538034586,674,Conditioner? I hardly know 'er!
203,2860,1,2,56,59,1.0677966101694916,0.04091592197121482,674,You should have seen me before i got a haircut!
159,2860,1,2,56,59,1.0677966101694916,0.04091592197121482,674,Because I can't fit my doo in this skinny tower.
152,2860,0,4,55,59,1.0677966101694916,0.03300998538034586,674,I should have known you had nothing to offer but split ends.
58,2860,0,4,55,59,1.0677966101694916,0.03300998538034586,674,'We figured it was time to monetize'
827,2860,0,4,55,59,1.0677966101694916,0.03300998538034586,674,Maybe only a gallon of conditioner next time?
833,2860,0,4,55,59,1.0677966101694916,0.03300998538034586,674,This caricaturist thought this would be a great idea so you need to remain in that position.
576,2860,0,4,55,59,1.0677966101694916,0.03300998538034586,674,"Stop, Repunzel!! There’s way too much conditioner."
856,2860,0,4,55,59,1.0677966101694916,0.03300998538034586,674,They say this new hog fat conditioner is all the rage these days.
1573,2860,1,2,56,59,1.0677966101694916,0.04091592197121482,674,You should user softener!
1567,2860,0,4,55,59,1.0677966101694916,0.03300998538034586,674,"Sorry, I'm Repugnant not Rapunzel."
1561,2860,0,4,55,59,1.0677966101694916,0.03300998538034586,674,Leave me alone now. I'm getting out of your hair
1527,2860,0,4,55,59,1.0677966101694916,0.03300998538034586,674,"You really need to up your hide-and-seek game, Harry."
1501,2860,0,4,55,59,1.0677966101694916,0.03300998538034586,674,"Hey Rap, seems like you've discovered the perfect formula for silkiness!"""
842,2860,0,4,55,59,1.0677966101694916,0.03300998538034586,674,"Hair Snare!
Should I care?
Hair Snares ...
Get me out of there!"
1468,2860,0,4,55,59,1.0677966101694916,0.03300998538034586,674,I'll have to slow down on conditioner.
1434,2860,0,4,55,59,1.0677966101694916,0.03300998538034586,674,What kind of conditioner is this?
1371,2860,0,4,55,59,1.0677966101694916,0.03300998538034586,674,"Gee, your hair smells horrific."
1368,2860,0,4,55,59,1.0677966101694916,0.03300998538034586,674,"I meant hair, not cascade!"
1296,2860,0,4,55,59,1.0677966101694916,0.03300998538034586,674,Can’t see Rapunzel for the tresses?
1270,2860,0,4,55,59,1.0677966101694916,0.03300998538034586,674,"Now, he has to trek the desert for freedom."
1254,2860,0,4,55,59,1.0677966101694916,0.03300998538034586,674,Sorry.  It's a bad hair day.
1234,2860,1,2,56,59,1.0677966101694916,0.04091592197121482,674,"I can’t, too much conditioner."
1479,2860,1,2,56,59,1.0677966101694916,0.04091592197121482,674,Is that a bald spot?
1182,2860,0,4,55,59,1.0677966101694916,0.03300998538034586,674,Would you please start using conditioner.
1227,2860,0,4,55,59,1.0677966101694916,0.03300998538034586,674,This guys
878,2860,1,2,56,59,1.0677966101694916,0.04091592197121482,674,"It conditions the hair, and THEN it climbs up the tower!"
886,2860,0,4,55,59,1.0677966101694916,0.03300998538034586,674,Now what?  And where is Rapunzel?
928,2860,0,4,55,59,1.0677966101694916,0.03300998538034586,674,Help!  Where is the real Rapunzel?
939,2860,0,4,55,59,1.0677966101694916,0.03300998538034586,674,Damn hipsters.
1007,2860,0,4,55,59,1.0677966101694916,0.03300998538034586,674,With that appointment - make sure it's not just a trim !
1024,2860,0,4,55,59,1.0677966101694916,0.03300998538034586,674,The conditioner is made from avocados. Too much?
1603,2860,0,4,55,59,1.0677966101694916,0.03300998538034586,674,Those food stamps you got in 1991 mean you are now ineligible!
1064,2860,1,2,56,59,1.0677966101694916,0.04091592197121482,674,"This is why you should shampoo the roots, and condition the ends."
1067,2860,0,4,55,59,1.0677966101694916,0.03300998538034586,674,"You weren’t there, you just saw the movie."
1135,2860,0,4,55,59,1.0677966101694916,0.03300998538034586,674,"Help me, I'm feeling down!"
1143,2860,0,4,55,59,1.0677966101694916,0.03300998538034586,674,It was that conditioner you brought me last week. How was I supposed to know it was for extra dry?
1177,2860,0,4,55,59,1.0677966101694916,0.03300998538034586,674,Just... go away.
1048,2860,0,4,55,59,1.0677966101694916,0.03300998538034586,674,"Your split ends are ruining the fun, again!"
2039,2986,1,2,57,60,1.0666666666666667,0.04024407642600707,674,"Rapunzel, Rapunzel
Braids are better."
2061,2986,0,4,56,60,1.0666666666666667,0.03247482002983032,674,"Did I use too much conditioner? It's okay, I'll tie one end up here and climb down. You do have a sword or something, right?"
2074,2986,1,2,57,60,1.0666666666666667,0.04024407642600707,674,"If I'd have known you were coming today, I'd have skipped the conditioner."
2106,2986,0,4,56,60,1.0666666666666667,0.03247482002983032,674,I don't know...what kind of shampoo do YOU use?
2121,2986,0,4,56,60,1.0666666666666667,0.03247482002983032,674,"This time, try not climbing one of my extensions."
2164,2986,0,4,56,60,1.0666666666666667,0.03247482002983032,674,What the heck small tower small dowry.
2186,2986,0,4,56,60,1.0666666666666667,0.03247482002983032,674,"Sorry, I've been trying a new hair conditioner"
2212,2986,0,4,56,60,1.0666666666666667,0.03247482002983032,674,Should I get another bob?
2643,2986,0,4,56,60,1.0666666666666667,0.03247482002983032,674,"Try again after I shampoo, it's a bit oily now."
2569,2986,0,4,56,60,1.0666666666666667,0.03247482002983032,674,Let down !! Not drop!!
2661,2986,1,2,57,60,1.0666666666666667,0.04024407642600707,674,My sister's gone. Don't bother coming back.
2698,2986,1,2,57,60,1.0666666666666667,0.04024407642600707,674,Did you use a new conditioner Rapunzel?
2744,2986,0,4,56,60,1.0666666666666667,0.03247482002983032,674,Hair tsunami in the desert! Is that possible?
2816,2986,0,4,56,60,1.0666666666666667,0.03247482002983032,674,"Sorry, it's been a bad hair day."
2997,2986,0,4,56,60,1.0666666666666667,0.03247482002983032,674,I always get a knot in my hair when I forget conditioner. I wish I could get a prince.
3014,2986,0,4,56,60,1.0666666666666667,0.03247482002983032,674,"Where'd my hat go?  Well, at least I lost something."
1997,2986,0,4,56,60,1.0666666666666667,0.03247482002983032,674,Are you one of the Cowsills?
2261,2986,0,4,56,60,1.0666666666666667,0.03247482002983032,674,"The bottle said 'so silky, you can't even run your fingers through it!'"
2894,2986,0,4,56,60,1.0666666666666667,0.03247482002983032,674,"You'll have to accept me as I am, IN wirh the tower."
1916,2986,1,2,57,60,1.0666666666666667,0.04024407642600707,674,"Whoa, that was hairy"
1845,2986,0,4,56,60,1.0666666666666667,0.03247482002983032,674,And I’ll require copious amounts of shampoo if you’re still interested.
1932,2986,0,4,56,60,1.0666666666666667,0.03247482002983032,674,I see you've changed to the Extra Volume formula
56,2986,0,4,56,60,1.0666666666666667,0.03247482002983032,674,I haven't the chance to wash it recently.
78,2986,1,2,57,60,1.0666666666666667,0.04024407642600707,674,This is how you treat your royal barber?
106,2986,0,4,56,60,1.0666666666666667,0.03247482002983032,674,Can you wait for me to wash my hair...?
182,2986,0,4,56,60,1.0666666666666667,0.03247482002983032,674,Come back when you've got conditioner.
346,2986,1,2,57,60,1.0666666666666667,0.04024407642600707,674,This is the second curler that’s died on me this week.
419,2986,0,4,56,60,1.0666666666666667,0.03247482002983032,674,I didn’t Rapunzel meant tsunami in Old English.
559,2986,0,4,56,60,1.0666666666666667,0.03247482002983032,674,Sorry. I only used conditioner this morning.
45,2986,0,4,56,60,1.0666666666666667,0.03247482002983032,674,"Rapunzel, Rapunzel, let down your Nair."
1015,2986,0,4,56,60,1.0666666666666667,0.03247482002983032,674,"I thought you were joking when you said it was ""super"" hair restorer."
1038,2986,0,4,56,60,1.0666666666666667,0.03247482002983032,674,"If you brought any conditioner, you can comb your way out."
1116,2986,0,4,56,60,1.0666666666666667,0.03247482002983032,674,Wow I think I found a better way to climb the wall
1300,2986,0,4,56,60,1.0666666666666667,0.03247482002983032,674,Use your bow to handle this miss.
1738,2986,1,2,57,60,1.0666666666666667,0.04024407642600707,674,"Next time bring napkins, my love."
1792,2986,0,4,56,60,1.0666666666666667,0.03247482002983032,674,How old are you?
1814,2986,0,4,56,60,1.0666666666666667,0.03247482002983032,674,I must stop oiling my beautiful hair.
608,2986,0,4,56,60,1.0666666666666667,0.03247482002983032,674,Your new wig looks nice.
2518,3024,0,4,59,63,1.0634920634920635,0.03096845985670751,674,You didn't even let me finish dropping it! You just went straight in to me
1988,3025,0,2,50,52,1.0384615384615385,0.02692846315438478,674,I really should've looked closely at the head and shoulders bottle
2084,3025,0,2,50,52,1.0384615384615385,0.02692846315438478,674,I won't be climbing up; Rapunzel got hit by an ugly stick.
2129,3025,0,2,50,52,1.0384615384615385,0.02692846315438478,674,"Rapunzel, babe - NO MORE HAIR for the time being, OK?.  Ya got it?  I'm drowning in hair and how am I supposed to be your lover?"
2586,3025,0,2,50,52,1.0384615384615385,0.02692846315438478,674,I think you need to cut back on the conditioner.
2614,3025,0,2,50,52,1.0384615384615385,0.02692846315438478,674,"Rapunzel,Rapunzel, throw down some soap so I can wash your hair in the moat!"
2617,3025,0,2,50,52,1.0384615384615385,0.02692846315438478,674,I credit the Rogaine.
2938,3025,0,2,50,52,1.0384615384615385,0.02692846315438478,674,And stay off my shelf.
2847,3025,0,2,50,52,1.0384615384615385,0.02692846315438478,674,Not such a hair brained idea after all
2887,3025,1,0,51,52,1.0384615384615385,0.03846153846153844,674,"Yikes, it must be the wrong Rapunzel!"
2983,3025,0,2,50,52,1.0384615384615385,0.02692846315438478,674,Her britches are getting too big for the castle.
2994,3025,0,2,50,52,1.0384615384615385,0.02692846315438478,674,I told you just getting it cut was better than letting your hair down.
3050,3025,0,2,50,52,1.0384615384615385,0.02692846315438478,674,It's the only conditioner they'll give me.
1957,3025,0,2,50,52,1.0384615384615385,0.02692846315438478,674,"I know, but the new bar conditioner is so good for the environment."
2770,3025,0,2,50,52,1.0384615384615385,0.02692846315438478,674,Joey you’ve got a terrible case of  dandruff .
1420,3025,0,2,50,52,1.0384615384615385,0.02692846315438478,674,I told you this new conditioner makes it super silky!
2179,3025,0,2,50,52,1.0384615384615385,0.02692846315438478,674,Thanks for the hat but I'm not sure it's my size.
1104,3025,0,2,50,52,1.0384615384615385,0.02692846315438478,674,What kind of Wizard are you if you can't do something about my barber?
1218,3025,0,2,50,52,1.0384615384615385,0.02692846315438478,674,"Rapunzel, Rapunzel, stop using Brilliantine."
237,3025,0,2,50,52,1.0384615384615385,0.02692846315438478,674,What did you expect? I'm Rapunzel.
377,3025,0,2,50,52,1.0384615384615385,0.02692846315438478,674,Rapunzel! Too much hair gel!
521,3025,0,2,50,52,1.0384615384615385,0.02692846315438478,674,During the Rapunzel experiment Galileo was knock silly and forgot to report it.
542,3025,0,2,50,52,1.0384615384615385,0.02692846315438478,674,Maybe you could SWIM up.
656,3025,0,2,50,52,1.0384615384615385,0.02692846315438478,674,"Rapunzel, you’re using too much conditioner on your hair."
240,3025,0,2,50,52,1.0384615384615385,0.02692846315438478,674,"Gay-punzula,gay-punzula, let down your hair."
726,3025,0,2,50,52,1.0384615384615385,0.02692846315438478,674,"Repunzel, Repunzel, you have split ends."
765,3025,0,2,50,52,1.0384615384615385,0.02692846315438478,674,Letting My Hair Down Affects People In Different Ways.
804,3025,0,2,50,52,1.0384615384615385,0.02692846315438478,674,"Next time I come, I hope you've used condtioner."
875,3025,0,2,50,52,1.0384615384615385,0.02692846315438478,674,I’m going to kill that doctor who gave you the prescription for Rogaine
954,3025,0,2,50,52,1.0384615384615385,0.02692846315438478,674,"Sorry.It said ""no more tangles"""
1094,3025,0,2,50,52,1.0384615384615385,0.02692846315438478,674,"Finally, I find a best place to stay worm."
693,3025,0,2,50,52,1.0384615384615385,0.02692846315438478,674,I have a good feeling about this!
1902,3056,0,1,47,48,1.0208333333333333,0.021053798026662972,674,"Maybe try a little less conditioner tomorrow, would you?"
1903,3056,0,1,47,48,1.0208333333333333,0.021053798026662972,674,I just moussed
2170,3056,0,1,47,48,1.0208333333333333,0.021053798026662972,674,Do the drapes match the pubes?
2377,3056,0,1,47,48,1.0208333333333333,0.021053798026662972,674,I told you not to get me the super-gloss conditioner.
2568,3056,0,1,47,48,1.0208333333333333,0.021053798026662972,674,"A little dab will do ya...
You don't need a gallon of the greasy kids stuff..."
2472,3056,0,1,47,48,1.0208333333333333,0.021053798026662972,674,I guess all the conditioner make it too slippery....
2876,3056,0,1,47,48,1.0208333333333333,0.021053798026662972,674,I only asked you to let down your golden waves...
2980,3056,0,1,47,48,1.0208333333333333,0.021053798026662972,674,I've ensured you in my web of hair. You will never escape!
1894,3056,0,1,47,48,1.0208333333333333,0.021053798026662972,674,No snarls with this new conditioner.
2421,3056,0,1,47,48,1.0208333333333333,0.021053798026662972,674,You told me to!
1768,3056,0,1,47,48,1.0208333333333333,0.021053798026662972,674,Sticky hair products....forget it.
914,3056,0,1,47,48,1.0208333333333333,0.021053798026662972,674,"You seem distressed, that's what I'm here for."
1407,3056,0,1,47,48,1.0208333333333333,0.021053798026662972,674,"Sorry, I thought showering with ""Deep Conditioner for Damsels"" would help"
1596,3056,0,1,47,48,1.0208333333333333,0.021053798026662972,674,Maybe Uber  XL was not such a good idea after all?
306,3056,0,1,47,48,1.0208333333333333,0.021053798026662972,674,I guess they didn’t use a good rinse.
378,3056,0,1,47,48,1.0208333333333333,0.021053798026662972,674,I told you to get the 2 in 1 shampoo &  conditioner... Now your father will find me and kill me.
456,3056,0,1,47,48,1.0208333333333333,0.021053798026662972,674,"Okay, so I won't call you ""Rap"" anymore!"
235,3056,0,1,47,48,1.0208333333333333,0.021053798026662972,674,My mom bought me anti-split hair conditioner.
883,3056,0,1,47,48,1.0208333333333333,0.021053798026662972,674,"The guy above me laid a fart, I needed air."
1016,3056,0,1,47,48,1.0208333333333333,0.021053798026662972,674,"For the last time, please stop using Impermeable Hair Spray on your golden locks!"
1263,3056,0,1,47,48,1.0208333333333333,0.021053798026662972,674,Don’t move! It thinks you’re conditioner!”
658,3056,0,1,47,48,1.0208333333333333,0.021053798026662972,674,The conditioner makes it extra slippery!
2362,3078,0,0,45,45,1.0,0.022473328748774737,674,Too greasy to grip?  Get Rapunzel Shampoo for greasy hair!
60,3078,0,0,45,45,1.0,0.022473328748774737,674,We got to get our stuff together for this Gay Marriage thing.
170,3078,0,0,45,45,1.0,0.022473328748774737,674,"Mister Rogaine, exactly what are you after?"
882,3078,0,0,45,45,1.0,0.022473328748774737,674,"Do you mind grabbing some shampoo and conditioner from the drugstore for me?"""
1248,3078,0,0,45,45,1.0,0.022473328748774737,674,"Hey, Skinny, I still would appreciate your not rumpeling it."
1439,3078,0,0,45,45,1.0,0.022473328748774737,674,I didn't mean the extensions.
2539,3078,0,0,45,45,1.0,0.022473328748774737,674,Maybe I shouldn't have gotten a permanent....
