target_id,rank,funny,somewhat_funny,unfunny,count,score,precision,contest,caption
153,1,5884,5253,3066,14203,2.198408786876012,0.006449693280003426,675,Let's let him keep your ball.
480,2,4768,4222,3619,12609,2.091125386628599,0.007217918530021612,675,"So, this is fine but you're scared of the vacuum cleaner?"
1539,3,4303,3690,4459,12452,1.9874718920655317,0.007516774317440777,675,"Well, if you haven't pooped, I have."
3274,4,1868,2338,2203,6409,1.9477297550319863,0.009934777318731974,675,"It doesn't matter that you peed on it first, it's not your rock anymore."
4440,5,3230,4088,3901,11219,1.9401907478384883,0.0075061097188324315,675,So suddenly mister bark at everything has nothing to say.
929,6,1263,1321,1826,4410,1.8723356009070296,0.012456823284726123,675,"Before the last election, this would have scared the bejeezus out of us, Quentin."
3450,7,2055,3630,3324,9009,1.8591408591408591,0.008004968341673897,675,Maybe just let him keep your stick.
4651,8,2772,4567,4467,11806,1.8564289344401153,0.007084832052391095,675,Maybe don't sniff this one.
2583,9,2794,3738,4380,10912,1.8546554252199414,0.007636673929439071,675,"You're totally thinking you could outrun me, aren't you?"
3214,10,2375,3554,3883,9812,1.846310640032613,0.007912025461652886,675,This. This is why we don't chase down every smell.
4274,11,2358,3619,3902,9879,1.8437088774167425,0.007853438693709967,675,Wag your tail so it doesn't feel threatened.
4486,12,1925,2907,3312,8144,1.8296905697445973,0.00868375996429616,675,"Kinda puts going to the vet in perspective, doesn't it?"
1589,13,1953,2095,3316,7364,1.8149103747963065,0.009618907844933591,675,That's what happens to dogs who drink from the toilet
1072,14,1005,1565,1897,4467,1.800313409447056,0.011684943448137787,675,"Well just don't stand there. Ask yourself, 'what would Lassie do?'"
2985,15,1974,3380,3995,9349,1.7838271472884801,0.007956162684860926,675,There. That's what you've been barking at. Happy?
4667,16,1953,2652,3775,8380,1.7825775656324583,0.00871407140952983,675,Now we’ve BOTH urinated. Let’s go home.
3363,17,1421,2664,3164,7249,1.7595530417988687,0.00890443417485017,675,"No, I think his bite is probably worse than his bark."
1386,18,1303,1675,2695,5673,1.7546271813855103,0.010659940591247884,675,I don't care if she's in heat. No.
133,19,1724,3048,3895,8667,1.7495096342448366,0.008220196817096726,675,Are you serious?!  Thunder and the mailman but not this.
1006,20,761,1746,1901,4408,1.7413793103448276,0.01103881937980091,675,This seems like a good turn-around point.
3134,21,810,1467,1895,4172,1.7399328859060403,0.011799645879471852,675,"'Let's go to the park,' I said. But, no, you had to go to the lagoon."
141,22,581,983,1416,2980,1.7197986577181208,0.014092456372472988,675,Sorry I didn't believe you about the mailman.
309,23,1650,2181,3890,7721,1.7098821396192203,0.009057639719909633,675,It's your turn to rescue me.
2834,24,819,1531,2140,4490,1.7057906458797327,0.011292708349215927,675,"“Next full moon, we stay in the house and you can just pee on the rug, OK?”"
3148,25,565,1169,1584,3318,1.6928872814948763,0.012916105342417767,675,Woof? That’s all you’ve got?
2177,26,487,714,1237,2438,1.6923707957342085,0.01585352100062506,675,"Emotional support dog, meet my anxiety."
3395,27,758,1902,2289,4949,1.6906445746615477,0.010251280616356702,675,"I know it’s your bone, but I’d let him keep it."
1498,28,1112,2005,3037,6154,1.6871953201169971,0.009678304197321729,675,I don't think he wants his butt sniffed.
4119,29,942,1863,2677,5482,1.683509668004378,0.010107923330248169,675,See? That’s all it is. Can we PLEASE go back to bed now?
292,30,1023,2129,3028,6180,1.6755663430420713,0.009436669087958118,675,This walk was your idea.  You talk to him.
3347,31,764,1752,2368,4884,1.6715806715806716,0.010451788872754686,675,Just remember ... genetically you're 99% wolf.
3581,32,274,433,755,1462,1.670998632010944,0.020190544564574843,675,"Get a dog"" she said, ""It'll add years to your life"" she said"
769,33,760,1591,2302,4653,1.6686009026434558,0.0108559383462118,675,Let's both roll over and play dead.
4153,34,603,760,1587,2950,1.6664406779661016,0.014629029284593734,675,"Well, this explains the puppies."
2172,35,635,1216,1910,3761,1.6609944163786228,0.012223070137181729,675,"Well, if that doesn't scare it out of you, we might as well go home."
984,36,862,2057,2809,5728,1.660090782122905,0.009577677206158484,675,But you're scared of a vacuum cleaner.
761,37,468,1088,1523,3079,1.657356284507957,0.01311262013361605,675,I'm sorry I blamed you for those claw marks on the deck.
4635,38,859,2013,2826,5698,1.6547911547911547,0.0096229513972832,675,Still want to mark your territory?
330,39,534,988,1636,3158,1.6510449651678278,0.013382297526544948,675,I'm going to need a much bigger plastic bag
2618,40,363,540,1066,1969,1.642965972574911,0.017435651357330075,675,"Well Fido, sometimes after you drain the swamp, something far worse takes over."
3665,41,742,959,2157,3858,1.6332296526697772,0.012646908265704405,675,"Yes, hard to believe that he was President from 2016-2020"
2111,42,415,914,1426,2755,1.6330308529945554,0.013919224512493398,675,"You see it too, right?"
2258,43,478,1029,1674,3181,1.6240176045268784,0.01297256486891612,675,I'll bet HE'S not afraid of the cat next door.
402,44,407,777,1370,2554,1.6229444009397025,0.014725593100565799,675,Satisfied?  This is what's been living under my bed since I was a kid.
2868,45,589,1132,1997,3718,1.621301775147929,0.012187695498904956,675,Stay.  I'll be right back.
3196,46,570,1523,2229,4322,1.616149930587691,0.01076001030956908,675,The patch of grass just outside the tent isn’t looking so bad now is it?
4725,47,577,1371,2171,4119,1.6130128672007769,0.011209007995276571,675,"I suggested the dog park, but noooooo!"
3424,48,518,1167,1918,3603,1.611434915348321,0.012074178724081596,675,"That's not a tree, so I'd keep my leg on the ground if I were you."
283,49,613,1009,2060,3682,1.607007061379685,0.012460431261356375,675,Don't sniff him.
4034,50,221,598,904,1723,1.603598374927452,0.01696817897105698,675,Now might be a good time to show who is man's best friend.
4256,51,455,1218,1861,3534,1.6021505376344085,0.011861354126705281,675,Mind if I give him one of your treats?
3565,52,278,502,983,1763,1.600113442994895,0.017753336153364,675,The breeder said it’s a Labrademon.
1123,53,203,611,893,1707,1.5957820738137083,0.016750530872871688,675,But you'll bark at the mailman?
445,54,501,614,1608,2723,1.593463092177745,0.014960653107658962,675,"It's OK Rex, Mommy will feel better and come home after the election is over."
3580,55,195,386,740,1321,1.5874337623012869,0.020180740573072408,675,"I'm afraid this time you're going to have to pick up after me."""
4324,56,180,398,714,1292,1.5866873065015479,0.020091253512192816,675,"I told you Max, you can't go by the profile pic."
2728,57,349,533,1226,2108,1.583965844402277,0.016506305788572956,675,"After almost 3 years of Donald Trump as President, nothing is that frightening anymore."
3556,58,272,653,1129,2054,1.582765335929893,0.015730297740240776,675,He's why it's the path less traveled.
424,59,447,1097,1886,3430,1.580466472303207,0.01212560090121355,675,"So you bark at the mail carrier, but this guy seems fine?"
73,60,195,485,836,1516,1.5771767810026385,0.01819040622544082,675,"Obviously, he didn’t see what you did to that shoe..."
2722,61,157,221,554,932,1.5740343347639485,0.024990412522952504,675,It's ok. He's the President.
698,62,347,882,1522,2751,1.5728825881497637,0.013442943799243528,675,You know this guy? Tell me you know this guy.
1284,63,370,685,1445,2500,1.57,0.014714843208279784,675,Wait until you see his dog.
3011,64,334,648,1336,2318,1.5677308024158758,0.015175452139248978,675,What was it when you buried it?
659,65,345,918,1573,2836,1.5669957686882934,0.013130896963456666,675,This is the part where you protect me
2349,66,204,447,865,1516,1.5639841688654355,0.01843793108769036,675,Well at least that explains what I picked up off the front yard this morning.
3440,67,186,359,762,1307,1.5592960979342005,0.02016595091876008,675,HON! HURRY UP AND TAKE THAT DAM PIC.
2574,68,197,374,810,1381,1.556118754525706,0.0196371282521766,675,"Uh, I think it's one of your demons. Mine all wear suits."
2658,69,219,385,877,1481,1.5557056043214044,0.01914812465475848,675,"You're the seeing eye dog, what is it?"
2623,70,245,689,1188,2122,1.555607917059378,0.015009379299544462,675,Probably not worth trying to get your bone back.
2816,71,169,427,785,1381,1.55394641564084,0.018878712136508397,675,Woof?  Bit of an understatement wouldn't you say?
1308,72,166,352,720,1238,1.5525040387722133,0.020412436982557222,675,I bet if THIS guy told you to sit...
3468,73,150,417,744,1311,1.5469107551487413,0.019074629107005275,675,"I'm sorry, Rufus. I just don't think he respects your urine-based territorial boundaries."
479,74,114,227,493,834,1.5455635491606714,0.025016327392260698,675,Let's just skip the part about confronting your worst fears and run like hell.
2492,75,107,209,462,778,1.5437017994858613,0.025948032910714038,675,I guess we found where the wild things are.
2384,76,228,345,901,1474,1.5434192672998643,0.01945414380783114,675,He thinks you ate his MAGA hat.
3872,77,180,386,819,1385,1.5386281588447654,0.019166815297664026,675,"No, I don’t know Maurice Sendak.  Why do you ask?"
1298,78,166,504,883,1553,1.5383129426915647,0.017259240381261046,675,Try wagging your tail.
1873,79,243,565,1148,1956,1.537321063394683,0.015945453631264424,675,Under the circumstances feel free to be as vicious as you’d like.
3,80,206,359,885,1450,1.5317241379310345,0.01918151841740148,675,Beg.
2620,81,172,415,844,1431,1.530398322851153,0.01850094075662845,675,Let’s both play dead.
3384,82,56,136,278,470,1.5276595744680852,0.032241519943612296,675,"Well Lucky, what are we going to call you now?"
1159,83,200,528,1031,1759,1.5275724843661171,0.01646594187298988,675,"You had to pee on the rock, didn’t you."
918,84,113,177,474,764,1.5274869109947644,0.02672749694822536,675,"See, this is what happens when you drink from the toilet."
2979,85,184,411,883,1478,1.527063599458728,0.01836684549053758,675,I'd let him sniff whatever he wants
64,86,228,567,1147,1942,1.526776519052523,0.015792518931337596,675,"Oh, NOW you need to pee?"
822,87,145,300,681,1126,1.5239786856127886,0.021228364004729897,675,Don't worry - I think those goofy artists at the New Yorker inserted us into the wrong cartoon.
2551,88,158,507,921,1586,1.5189155107187895,0.016828801791338978,675,This is where you bare your teeth and growl.
1264,89,189,345,869,1403,1.5153243050605845,0.019243685282343558,675,"No, we’re not getting another one. You barely take care of the one we already have."
3448,90,165,347,806,1318,1.5136570561456753,0.01948838502063053,675,"No way, too small for a purebred.  I'm guessing...were-doodle."
32,91,199,306,873,1378,1.5108853410740204,0.019779207786183587,675,And guess what? They’ll vote him in too...
1591,92,145,429,844,1418,1.507052186177715,0.01790872462404123,675,You could at least bark
1175,93,186,283,827,1296,1.5054012345679013,0.020363641300826085,675,"Heel, boy; nothing you haven't seen on Fox News already."
4326,94,46,72,207,325,1.5046153846153847,0.040561476786226035,675,This is what we call an exception. Bark all you want.
3050,95,177,288,808,1273,1.5043205027494109,0.020375110470186357,675,"Rex, kill."
1430,96,135,270,667,1072,1.5037313432835822,0.02164676415611636,675,"I don’t care if she is in heat, the answer is no."
4628,97,87,139,399,625,1.5008,0.02909972244118226,675,We did say anyone else in 2020.
1064,98,155,320,790,1265,1.4980237154150198,0.01979034460503573,675,We're going to need at least one more poop bag.
2114,99,65,197,400,662,1.4939577039274925,0.02598551071350835,675,You seriously didn't smell ANYTHING??
2950,100,48,137,287,472,1.49364406779661,0.031024592417629653,675,"Look, when you signed up to be a therapy dog, I never promised it would be a walk in the park!"
3851,101,104,261,587,952,1.4926470588235294,0.02219390053697764,675,He wouldn’t take his pill. That’s what happens when you won’t take your pill.
1525,101,107,255,590,952,1.4926470588235294,0.02234270524413107,675,"I know, I can't pee with someone watching me either."
1315,103,131,291,702,1124,1.4919928825622777,0.02073948942525575,675,I'm sure he isn't allowed on the furniture either.
1362,104,129,318,725,1172,1.4914675767918089,0.020035487655826346,675,"Your little schnauzer friend becomes quite 
the rascal at full moon time, doesn't he?"
783,105,99,254,568,921,1.490770901194354,0.022479423854655744,675,So now do you feel like pooping ?
1619,106,127,308,712,1147,1.4899738448125546,0.02028046648982507,675,Perfectly good dog park a block from home but noooo you wanted more excitement in your life .
53,107,114,297,661,1072,1.4897388059701493,0.020782571773154367,675,"You may have marked it as yours last week, but I'd let him have it."
1029,108,104,272,606,982,1.4887983706720977,0.021693987733082697,675,This is why I get you vaccinated.
4001,109,129,292,708,1129,1.487156775907883,0.0205930655734445,675,Don't you dare even think about sniffing his rear!
1930,110,105,256,598,959,1.4859228362877999,0.022120847053749237,675,"Relax boy, we've got him outnumbered."
3058,111,123,258,658,1039,1.4850818094321463,0.021650213899823825,675,"If he tries to sniff your butt, LET HIM."
3794,112,56,109,292,457,1.4835886214442013,0.03294091111659083,675,"He looks like a bully. Remember, bullies are cowards."
3043,113,124,261,670,1055,1.4824644549763033,0.02144592057270416,675,You sniff his butt while I make a run for it.
2828,114,108,244,602,954,1.4821802935010482,0.022351234966148444,675,Don’t worry boy. It’s just a metaphorical manifestation of the times we’re living in.
3372,115,109,282,647,1038,1.4816955684007707,0.021054281125675214,675,Let’s try the other dog park
1202,116,110,234,601,945,1.4804232804232804,0.022606175679925608,675,Before global warming swamp monsters never got this far north.
4313,117,87,288,587,962,1.4802494802494803,0.021164906699317306,675,"No worries, Henry, let’s go to your second favorite tree!"
76,118,99,251,592,942,1.4766454352441614,0.022101246282861507,675,...but the Roomba you're afraid of.
2661,119,68,162,396,626,1.476038338658147,0.027325540725171314,675,You keep him distracted...I’ll go for help.
1872,120,113,229,617,959,1.4744525547445255,0.022500509762534954,675,"I just marked my territory too."""
4277,121,84,274,574,932,1.4742489270386265,0.021480998346900454,675,"A ""Sorry I forced you to take my route today, Bob"" might be appropriate about now."
4733,122,96,196,527,819,1.4737484737484738,0.02431816137915681,675,"Apparently, some dogs go to hell."
2359,123,95,177,510,782,1.469309462915601,0.025099669255530876,675,That 1% difference in DNA sure goes a long way.
3762,123,73,221,488,782,1.469309462915601,0.02362096277577218,675,"G o ahead, tell me again about the time you scared a squirrel away."
2911,125,89,228,549,866,1.4688221709006928,0.02292411881163629,675,You're saying this guy  stole your squeaky toy?
1423,126,98,262,618,978,1.4683026584867076,0.021447235400905703,675,Not so tough now that you're not barking behind the window huh?
4480,127,74,242,520,836,1.4665071770334928,0.022584816149754345,675,I'd skip the sniff.
3742,128,78,223,514,815,1.4650306748466257,0.023254499161600602,675,"No, you ask him if he has your ball."
392,129,96,200,548,844,1.4644549763033174,0.023767974479393654,675,"Take him for a walk around Lake Diablo,' she says. 'It's so peaceful around Lake Diablo,' she says."
959,130,89,159,481,729,1.4622770919067216,0.02601634836367038,675,That could be you if you applied yourself.
1650,131,96,185,535,816,1.4620098039215685,0.02436559131357373,675,I wouldn't try doing your leg thing
3538,132,30,61,171,262,1.4618320610687023,0.042774954269308905,675,Technically he should be on a leash.
3805,133,91,167,500,758,1.4604221635883905,0.025403978712558044,675,Now do you think selling your eternal soul for that bone was a good idea?
1533,134,76,196,484,756,1.4603174603174602,0.02439963893725215,675,"Retractable Leash, Giant Werewolf Repellent, Doggie Doo Bag:  which one do you think I forgot?"
1341,135,83,175,483,741,1.4601889338731444,0.025267131503213018,675,You got this.”
1133,136,60,150,377,587,1.4599659284497444,0.027798230068891407,675,What are the chances it is a vegetarian?
1316,137,84,196,512,792,1.4595959595959596,0.02412799638192363,675,What did we say about online dating?
4639,138,87,188,514,789,1.458808618504436,0.024391986843745096,675,I don’t care. We’re not leaving until you go.
2764,139,83,189,503,775,1.4580645161290322,0.024443019315446755,675,I hate it when you act like you see things I don't.
3684,140,67,190,454,711,1.4556962025316456,0.024795050661584987,675,You didn’t smell this coming?
1182,141,69,204,478,751,1.455392809587217,0.023993476666396583,675,"Couldn’t  pee near the house, could you?  Had to go for a walk, didn’t you?"
3277,142,64,136,381,581,1.4543889845094664,0.028412887008671783,675,This is why I give you non-GMO dog food.
470,143,67,129,383,579,1.454231433506045,0.028797669803307602,675,So this is where the wild things are...
3476,144,62,187,436,685,1.454014598540146,0.02504111358126973,675,"I know it's your standard greeting, but I'd strongly advise against it."
2225,145,68,178,446,692,1.453757225433526,0.02535973875642982,675,Is this what you wanted to show me?
192,146,82,159,471,712,1.4536516853932584,0.025933727947731463,675,Now I need a poop bag.
1917,147,63,182,434,679,1.4536082474226804,0.025283490468457067,675,Relax. He’s more afraid of you than you are of him.
4435,148,83,166,483,732,1.453551912568306,0.025480835089357126,675,Don't be silly. He's probably more afraid of you than you are of him.
796,149,84,164,485,733,1.4529331514324693,0.025526687000833343,675,You might want to rethink on-line dating....
1358,150,39,103,258,400,1.4525,0.03331116117229504,675,We're not in Kansas anymore Toto.
1337,151,59,149,383,591,1.4517766497461928,0.027535373213218715,675,That's why we got you from a licensed breeder.
3398,152,64,185,444,693,1.4516594516594516,0.024996166645134394,675,Is this the bully at the dog park?
1250,153,72,166,449,687,1.4512372634643378,0.025816948758234412,675,Still want the leash off?
2814,154,79,165,472,716,1.4511173184357542,0.025591762073376996,675,"I told you not to go on Ancestry.com, but you wanted to meet your relatives."
284,155,73,172,462,707,1.4497878359264498,0.025358201636322915,675,"You promoted yourself as a rescue dog, so nows your big chance."
474,156,64,152,407,623,1.449438202247191,0.02698400647222912,675,Just answer the damn riddle.
486,157,69,163,439,671,1.4485842026825633,0.02600285877096257,675,We don't need a gun my wife says. Get a dog; he'll protect us!
1486,158,71,171,456,698,1.4484240687679084,0.025431098539606095,675,Do you have an extra poop bag?
1416,159,68,173,449,690,1.4478260869565218,0.02539611675266113,675,"All of the sudden you're nightly ""howl-at-the-moon"" routine doesn't seem so impressive, now does it?"
4062,160,60,193,446,699,1.447782546494993,0.024499200539320032,675,What do you mean “were my best friend”?
3645,161,53,142,359,554,1.447653429602888,0.028162393217797024,675,The ball is the least of our worries.
741,162,67,167,439,673,1.4472511144130757,0.025771605147103364,675,This is one of those times I really wish you could just go in the back yard.
4531,163,69,167,447,683,1.4465592972181551,0.02566402229907147,675,How have you STILL not gone yet?
3780,164,54,177,409,640,1.4453125,0.025507655647385295,675,"Give him your low growl, Killer."
2733,165,78,131,436,645,1.4449612403100776,0.027550946598252163,675,That's what you'll turn into if you keep eating the cat's poop!
3530,166,67,154,430,651,1.4423963133640554,0.02638528112020782,675,How do you still not have to pee?
2254,166,77,134,440,651,1.4423963133640554,0.027266235955591505,675,"See, this is why I don't use an online dating service."
317,168,68,150,429,647,1.4420401854714064,0.026592952442191092,675,"You bark at the TV, but this you're fine with?"
777,169,54,128,352,534,1.4419475655430711,0.02902018143168763,675,"Ya know, the cat never gets me in to these situations"
4093,170,70,144,429,643,1.4416796267496113,0.026893354850160596,675,Go for the throat!
326,171,55,156,393,604,1.4403973509933774,0.02665941224488636,675,"There, we found what was making the noise. Can we go back inside now?"
182,172,65,133,400,598,1.439799331103679,0.02787166040303087,675,That does it. I’m calling the condo association.
3388,173,61,151,411,623,1.4382022471910112,0.02665751835010499,675,The Doggie Monster eats bad little dogs that pee on carpets.”
1553,174,73,120,415,608,1.4375,0.028302476852025173,675,I'd vote for him against Trump
3520,175,56,156,401,613,1.4371941272430668,0.026468732812557152,675,"Give him your nasty, long growl like when I keep you from licking my dinner plate."
3255,176,57,153,401,611,1.4369885433715222,0.02663071486892523,675,Oh well.  Right now the real world is a lot scarier than anything this guy can dish out.
12,177,61,138,396,595,1.4369747899159664,0.027556792892366327,675,"The FedEx guy knocks on the door, you're ready to tear his leg off, but Beelzebub on a rock ... not a peep."
4702,178,73,109,402,584,1.4366438356164384,0.029167582172714687,675,After three years of Trump....this fool doesn't scare me at all.
1745,179,65,121,390,576,1.4357638888888888,0.02863771203132606,675,He is not your father Luke
375,180,55,146,387,588,1.435374149659864,0.027156506757757617,675,Let’s see those puppy-dog eyes get you out of this one.
2514,181,55,150,393,598,1.434782608695652,0.02682823271535847,675,"It appears you were right, Ralph—this is an off-leash park."
2187,182,54,139,376,569,1.4340949033391917,0.02768863588956216,675,Don't try to hump this one.
1579,183,59,137,393,589,1.432937181663837,0.027536065928539227,675,"""He was downwind"" is your excuse?"
4298,183,52,151,386,589,1.432937181663837,0.02679200043065721,675,"Why, yes, ""troll"" can be a noun."
839,185,50,153,382,585,1.4324786324786325,0.02670170829369796,675,"And remember Sparky...
When you attack, go for the throat."
2478,186,57,138,388,583,1.4322469982847341,0.027525365980270135,675,"That rabies shot doesn't sound so bad anymore, does it?"
3239,186,62,128,393,583,1.4322469982847341,0.0280556178767752,675,Leave it. Leave it!
2592,188,59,133,389,581,1.432013769363167,0.027807093462304002,675,Stand up to a bully once and he'll never bother you again.
1406,189,73,102,400,575,1.431304347826087,0.02949026742100058,675,"Don't worry, your new owner was thoroughly vetted by the Trump administration."
3486,189,58,132,385,575,1.431304347826087,0.027906639956667142,675,You look more like your mother
3927,191,50,147,376,573,1.431064572425829,0.027089852325346487,675,This is serious.  Quit wagging your tail.
254,192,70,94,380,544,1.4301470588235294,0.030419822090738267,675,"Remember, he just thinks he's president."
1944,193,56,132,380,568,1.4295774647887325,0.027927335957742026,675,"You keep him busy, boy. I'll run for help."
1812,194,65,117,393,575,1.4295652173913043,0.02864920287976008,675,"Relax, this is just what she looks like when she's hungry...you should see her when I forget to put the toilet seat down"
3205,195,63,117,386,566,1.4293286219081272,0.028768849836222264,675,"Kill Mr. Snuggles, Kill!"
3930,196,58,126,380,564,1.429078014184397,0.02829192626872659,675,Lulu - kill!
3537,197,48,135,356,539,1.4285714285714286,0.028040251400969468,675,"You know she's out of your league, right?"
460,198,52,134,370,556,1.4280575539568345,0.027895385138356113,675,You bark like a maniac at anyone wearing a hat. Now you got nothin?
774,199,46,141,360,547,1.4259597806215722,0.027493195091629806,675,"All you can say is ""woof""?"
1485,200,54,124,367,545,1.4256880733944954,0.028525107464188227,675,This. This is why we don't howl.
2639,201,51,126,360,537,1.4245810055865922,0.02846364889657058,675,"Finally, something worth barking at, but you’ve got nothing?"
999,202,61,103,367,531,1.423728813559322,0.02990355203949173,675,I’m going to need a bigger poop bag.
1902,203,50,120,352,522,1.421455938697318,0.02890854304789311,675,I warned you he wouldn't look like his Tinder profile.
1997,204,60,98,360,518,1.420849420849421,0.030323702275467906,675,This is why we give Mum extra space every so often.
2211,205,54,115,361,530,1.420754716981132,0.029084771804120616,675,See what happens when you don't get your shots?
43,206,57,103,356,516,1.4205426356589148,0.030036119350719963,675,I thought you said Timmy fell down a well.
1582,206,50,117,349,516,1.4205426356589148,0.02914593268313184,675,My hiccups just stopped!
1806,208,49,114,343,506,1.4189723320158103,0.02942048879755979,675,We all have our demons.
1047,209,36,98,272,406,1.4187192118226601,0.032231161018803016,675,It would help if  you stopped looking like lunch.
4650,210,46,111,328,485,1.418556701030928,0.029912327494901317,675,"Oh, but if it were delivering our mail, then you’d go ballistic?"
173,211,44,123,339,506,1.41699604743083,0.028736542690695588,675,Now do you think the invisible fence is a good idea?
2391,212,39,113,307,459,1.4161220043572984,0.030025430355890264,675,Hmm. That's why this side of the lake isn't crowded.
632,213,51,103,339,493,1.4158215010141988,0.030236551536953087,675,Your call.
844,213,45,115,333,493,1.4158215010141988,0.029407072915930383,675,This walk just became a run.
4133,213,45,115,333,493,1.4158215010141988,0.029407072915930383,675,Still constipated?
711,216,45,127,350,522,1.4157088122605364,0.028233628713842145,675,Just pretend it's the mailman.
2636,217,40,124,327,491,1.415478615071283,0.028777433254582797,675,Let’s let him keep the old tennis ball.
1628,218,38,126,323,487,1.4147843942505134,0.028645549047865326,675,I told you sometimes it's best to ignore those '23 and Me' connections.
2913,219,36,129,321,486,1.4135802469135803,0.02838177774720994,675,"So you bark at the mailman, but not this?"
4613,219,44,113,329,486,1.4135802469135803,0.029553431783010047,675,What if I told you he also delivers our mail?
266,221,52,94,333,479,1.4133611691022965,0.031008593453702157,675,"OK, so where is barks-his-head-off at the mailman now, huh?"
1928,222,58,81,338,477,1.4129979035639413,0.031940636179453676,675,"What scares me is, who elected him President?"
3199,223,37,123,318,478,1.4121338912133892,0.02885266783343696,675,This is probably a good place to stop and head back.
4735,224,59,78,339,476,1.411764705882353,0.03212192864812834,675,Great. Uncle Fred has been to another Trump campaign rally.
945,225,47,103,329,479,1.4112734864300627,0.03028352000081143,675,"Why did he say, ‘Luke, I am your father.’?"
1027,226,43,104,315,462,1.4112554112554112,0.03047959326265914,675,Sorry I blamed you for all those bones in the yard.
550,227,43,107,320,470,1.4106382978723404,0.030102639259688507,675,What do you say we take a pass on the butt sniff this one time.
1795,227,37,119,314,470,1.4106382978723404,0.029184410897824566,675,See what happens when you howl at the moon?
3204,227,39,115,316,470,1.4106382978723404,0.029493663552843923,675,"'Bark'? Mitzi, you're going to have to step up your game here."
244,230,43,106,319,468,1.4102564102564104,0.03019234455846521,675,No we can't keep him
1420,230,35,122,311,468,1.4102564102564104,0.02895461773102623,675,"... but you're afraid of the vacuum?"""
3701,232,50,78,306,434,1.4101382488479262,0.03302807302745408,675,"Well, there are very fine people on both sides."
4248,233,27,105,256,388,1.4097938144329898,0.03137825008408783,675,"OK, so I've been wrong about you barking at nothing."
346,234,43,104,317,464,1.4094827586206897,0.030373892414164307,675,"Well, now you know what you were barking at."
2320,235,37,115,310,462,1.4090909090909092,0.02952658632719309,675,"Remember, it's the size of the fight in the dog!"
792,236,44,112,333,489,1.408997955010225,0.029395470823631788,675,"Don't buy a pit bull, she said.  They're too dangerous, she said.  Get a nice, gentle dog, she said."
4308,237,43,102,315,460,1.4086956521739131,0.030558349407881453,675,"Alright, Fluffy - this is what you were trained for."
1843,238,35,110,296,441,1.4081632653061225,0.030162294828105455,675,"Oh good, you went."
2972,239,39,108,309,456,1.4078947368421053,0.03011221693867251,675,"Unlike you, its bite is worse than its bark."
354,239,44,98,314,456,1.4078947368421053,0.03090215244251029,675,I wish I brought more poop bags.
2789,239,41,104,311,456,1.4078947368421053,0.030430651909038414,675,Its only Frank from down the street. Moonlight in Vermont affects each of us in its own unique way.
1278,242,46,93,315,454,1.407488986784141,0.03131005960964072,675,I'm sure it hides under the bed during a thunderstorm just like you.
3224,243,31,122,299,452,1.407079646017699,0.028971044088619842,675,"No ,no .That's his tree .

."
4384,244,49,99,336,484,1.4070247933884297,0.03031357681867039,675,I told you that ancestry website was a bad idea.
2529,245,38,107,305,450,1.4066666666666667,0.030224762255518626,675,"Hey, you're the one who wanted to go to where the wild things are!"
2943,245,37,109,304,450,1.4066666666666667,0.030060567417087593,675,This is one of those times we talked about when it's OK to bark at someone.
3069,245,42,99,309,450,1.4066666666666667,0.030872810258608524,675,"So no reaction to this, but if the doorbell rings..."
2892,248,39,105,307,451,1.4057649667405765,0.03033402053155244,675,This will be the third tennis ball we lost today.
4545,248,40,103,308,451,1.4057649667405765,0.03049602343928845,675,"If you haven't pooped by now, I don't think it's happening."
3760,250,31,117,294,442,1.4049773755656108,0.029402291936296225,675,I'm thinking shepherd mix.
863,250,38,103,301,442,1.4049773755656108,0.030599319801958933,675,"So. I am to assume you barked "" There's an animal from Hell"" not ""Timmy's fallen in the well""?"
2531,250,33,113,296,442,1.4049773755656108,0.029749215116227527,675,This would be a good time to demonstrate that powerful instinct to protect me that I’m always hearing about.
3838,253,37,104,299,440,1.4045454545454545,0.030525774162698686,675,"OK, now I believe you."
773,253,40,98,302,440,1.4045454545454545,0.031030391875994504,675,"Let's think of it as ""fake news"" Fido, and walk on."
563,253,32,114,294,440,1.4045454545454545,0.02966567604694991,675,Now I know how you feel  about the vacuum cleaner.
2447,256,40,87,287,414,1.4033816425120773,0.032413102601750815,675,What do you mean “give him my wallet”?
1535,257,39,97,298,434,1.403225806451613,0.031157732434428577,675,I told you going for a walk on the night of a full moon was a bad idea.
3853,258,47,82,308,437,1.402745995423341,0.032327333615297146,675,"What do you mean, ""We canines stick together""?"
51,259,40,95,300,435,1.4022988505747127,0.03126969541107424,675,He drinks from the toilet
87,259,41,93,301,435,1.4022988505747127,0.031438632803473594,675,"Your ""play dead"" days are about to come to an end."
2852,261,42,84,292,418,1.4019138755980862,0.03253244276305651,675,I don't have to outrun him. I just have to outrun you.
1081,262,35,105,296,436,1.401376146788991,0.030355131524503517,675,He looks like a mixed breed.
3379,263,40,92,297,429,1.400932400932401,0.031573449351641525,675,"ok, now’s your chance to prove you’re my best friend"
2762,263,33,106,290,429,1.400932400932401,0.030341967045027434,675,"You stay here, I'll go get help."
1254,265,40,91,296,427,1.4004683840749415,0.03167644106900192,675,I hope you're seeing this too.
3035,265,38,95,294,427,1.4004683840749415,0.03132741700371487,675,Do you STILL want to go where the wild things are?
4707,267,39,92,294,425,1.4,0.03160522301909244,675,"Don't worry, old boy.It's called a Donald, and it's nothing but bluster."
1309,267,36,98,291,425,1.4,0.031074004966912212,675,Maybe we should try the dog park again.
1261,269,34,115,309,458,1.3995633187772927,0.029152285916334,675,Just don't sniff his butt.
3799,270,53,60,303,416,1.3990384615384615,0.034523065802905435,675,Elections have consequences
212,271,35,97,287,419,1.3985680190930787,0.031195325084912517,675,Pretend it’s the cat.
2076,272,40,108,324,472,1.3983050847457628,0.029473427869746095,675,Dating profiles always lie.
2280,273,38,90,289,417,1.3980815347721822,0.03184498296617673,675,"Don’t worry, my dog’s really friendly!"
3773,273,30,106,281,417,1.3980815347721822,0.030362296272392522,675,"You see that, right?"
4082,273,35,96,286,417,1.3980815347721822,0.03129720795330243,675,Try growling again.
3254,276,36,93,286,415,1.3975903614457832,0.031584800426130225,675,I don't recommend sniffing his butt.
2469,276,30,105,280,415,1.3975903614457832,0.03045907126266449,675,Are you sure you want to be a guard dog?
1173,276,39,87,289,415,1.3975903614457832,0.03213287904694624,675,It wasn’t a cat. Can we go back to bed?
4618,279,34,96,283,413,1.397094430992736,0.03131655453678798,675,"Wow, her online profile didn't mention everything, did it?!"
4301,280,45,73,293,411,1.3965936739659368,0.033433050462587856,675,You can smell his butt from here.
362,281,35,92,282,409,1.3960880195599021,0.031713772158910594,675,Looks like we’ll both be playing dead.
1558,281,35,92,282,409,1.3960880195599021,0.031713772158910594,675,Can you take him or should we run?
1260,283,42,76,287,405,1.3950617283950617,0.033240623131020774,675,Another damn candidate for President!
3227,283,32,96,277,405,1.3950617283950617,0.031348119249354725,675,"If you're  going to pee, now would be the time."
3653,285,31,97,275,403,1.3945409429280398,0.03125582696431183,675,He said he's a relative of yours. From the old country.
3650,286,37,84,280,401,1.3940149625935163,0.032530978513277534,675,"Sure, go ahead, sniff his butt"
1086,286,30,98,273,401,1.3940149625935163,0.031160596392240354,675,You dragged me ALL the way out here and now you don't have to go?
315,286,39,80,282,401,1.3940149625935163,0.0329120375986002,675,Can't even walk my dog at night without thinking of Donald Trump.
4516,289,41,74,281,396,1.393939393939394,0.03359557893279683,675,"Let’s get a small dog, my wife said.  We don’t need a guard dog, my wife said.  We live in a safe area, my wife said. What can happen, my wife said...."
4163,290,36,90,286,412,1.3932038834951457,0.03171312526379691,675,"One last walk, you said.  It will help us sleep, you said."
185,291,35,86,276,397,1.3929471032745593,0.0323671369468812,675,But you'll howl at the delivery man.
3912,291,42,72,283,397,1.3929471032745593,0.033714733878076,675,"No, this isn't a job for the cat!"
2547,293,26,101,263,390,1.3923076923076922,0.03091308406765456,675,It's your nightmare. You deal with it.
3533,294,29,96,268,393,1.3918575063613232,0.031375275357382895,675,"No, not a good time to bark."
3818,294,23,108,262,393,1.3918575063613232,0.030108373433823728,675,"For an emotional support dog, you sure are anxious."
2453,294,32,90,271,393,1.3918575063613232,0.03198991685222245,675,"Either it’s the pot brownie talking, or were about to be edibles."
2745,294,30,94,269,393,1.3918575063613232,0.0315814850174133,675,I think you could take him.
1239,298,34,85,272,391,1.391304347826087,0.03250634252418066,675,Really? You still won't poop?
2672,299,29,94,266,389,1.3907455012853471,0.03158867862817744,675,This is what you dragged me out here to see?
429,299,42,68,279,389,1.3907455012853471,0.034206835915226316,675,"Duke, this is your father."
3496,301,38,79,280,397,1.3904282115869018,0.03293051267847913,675,This is our new postman.
3775,302,25,101,261,387,1.3901808785529717,0.030840502563598323,675,"You got this, right?"
3172,303,34,82,269,385,1.3896103896103895,0.0328521589909742,675,"You're right, the mailman is a monster."
3070,304,31,87,265,383,1.3890339425587468,0.03234169782109549,675,"Honestly, I think you should look for another spot"
3915,304,26,97,260,383,1.3890339425587468,0.03126716362510992,675,"Okay, Beowulf.  Time for you to step up to the plate."
1717,306,30,88,263,381,1.3884514435695539,0.032242389331230005,675,It’s the soul of chewed shoes.
4270,306,38,72,271,381,1.3884514435695539,0.03391289093417682,675,Remember him?  He’s the instructor from dog obedience school.
757,308,37,77,275,389,1.3881748071979434,0.03320222669539802,675,"That's OK boy, I just peed too."
4598,309,42,62,273,377,1.3872679045092837,0.03498111746470185,675,"You know, Fred... If this happened back before 2016, I would be surprised."
1926,310,36,72,264,372,1.3870967741935485,0.03407622851187795,675,I knew Tinder for dogs was a bad idea.
4534,311,37,71,267,375,1.3866666666666667,0.03408423384835156,675,How fast can you imitate a Pit Bull?
2393,311,32,81,262,375,1.3866666666666667,0.03302171632815711,675,"I suppose ""attack"" is out of the question."
1629,311,25,95,255,375,1.3866666666666667,0.03147398929873218,675,Don't you dare play dead.
797,314,31,84,263,378,1.3862433862433863,0.032617085433798904,675,"Remember, go in low."
150,315,31,82,260,373,1.386058981233244,0.032923717771445205,675,"When it's not a full moon, he is really a poodle."
4688,315,35,74,264,373,1.386058981233244,0.03378796170761316,675,Seriously? THAT's the puppy daddy?
758,317,27,91,258,376,1.3856382978723405,0.03185544107843265,675,"Don’t stare, Rex, you’re making him feel uncomfortable."
1695,318,32,79,260,371,1.38544474393531,0.0332632347914382,675,We're getting a dog walker.
1820,318,37,69,265,371,1.38544474393531,0.03434081999957555,675,You know the drill: You smell his butt and then he gets to smell yours.
1510,318,35,73,263,371,1.38544474393531,0.03391389488781975,675,You didn’t tell me your lady friend was such a looker.
3999,318,28,87,256,371,1.38544474393531,0.0323753530517896,675,"Well, it's no vacuum cleaner, but I think this is where you bark."
1457,322,39,68,272,379,1.3852242744063326,0.03421961758878663,675,Wanna go for a run?
1875,323,29,84,256,369,1.3848238482384825,0.032717334600676516,675,Aren’t you supposed to be barking or something?
673,323,26,90,253,369,1.3848238482384825,0.032034961509445965,675,"All barked out, huh? Used them all up on the postman?"
4704,323,37,68,264,369,1.3848238482384825,0.0344710204171823,675,"If this doesn't cure your constipation, I don't know what will."
503,323,38,66,265,369,1.3848238482384825,0.03468399712771649,675,"Go ahead, try and hump his leg."
2434,327,38,69,270,377,1.3846153846153846,0.03414136375911393,675,Your turn to clean up after me.
2376,328,25,91,251,367,1.3841961852861036,0.031916440532551854,675,The trail sign did say maximum difficulty.
3823,328,33,75,259,367,1.3841961852861036,0.03373093425287581,675,Well that’s just great. Another dog off leash. Why bother posting the sign if people aren’t going to take it seriously?
1895,330,32,76,257,365,1.3835616438356164,0.03363445116030345,675,And this is why canine Tinder is a bad idea.
3506,330,29,82,254,365,1.3835616438356164,0.03295627384462503,675,"Oh, but you'll bark at the neighbor's corgi?"
1778,330,34,72,259,365,1.3835616438356164,0.03407907252665168,675,You're not the only one who has to pee.
2166,330,22,96,247,365,1.3835616438356164,0.0313167991299414,675,See?  THIS is the kind of thing it's okay to bark at.
3462,330,36,68,261,365,1.3835616438356164,0.03451796725907732,675,"Try humping this one, Romeo."
2976,335,26,87,250,363,1.3829201101928374,0.03237995202460865,675,No you cannot sniff his butt.
1119,335,36,67,260,363,1.3829201101928374,0.034650560527413915,675,How am I the only one pooping right now?
154,335,27,85,251,363,1.3829201101928374,0.032614127280838894,675,"Fine, I regret not believing you when you barked."
4717,338,31,75,252,358,1.3826815642458101,0.0338649791497437,675,"Sure, I would like to delete my internet history, message my loved ones and change my underwear...but here we are."
2221,339,30,59,222,311,1.382636655948553,0.03720700118340282,675,Just tell him that we are still considering his offer to buy Greenland
2009,340,32,74,255,361,1.3822714681440442,0.0338881047364623,675,"What say we skip full-moon nights from now on, Champ?"
4542,340,34,70,257,361,1.3822714681440442,0.03433922456562249,675,Dare you to sniff his ass.
3635,340,38,62,261,361,1.3822714681440442,0.03522413584526773,675,"I know we told Fluffy not to eat those mushrooms, but she is a cat and cats just don't listen."
816,340,37,64,260,361,1.3822714681440442,0.03500500529176462,675,That's what people food does to you.
3994,340,32,74,255,361,1.3822714681440442,0.0338881047364623,675,See why vaccines are important.
1274,340,28,82,251,361,1.3822714681440442,0.032967351127317086,675,"Okay, maybe it IS the size of the dog in the fight."
682,340,26,86,249,361,1.3822714681440442,0.032497192789731906,675,Just think of it as a real big squirrel.
2094,347,24,91,249,364,1.3818681318681318,0.03183605530888401,675,"Don’t be so judgmental, he’s a rescue."
14,347,28,83,253,364,1.3818681318681318,0.03277315872358494,675,"Oh. Now we don’t feel like barking our head off, do we?"
22,349,37,63,259,359,1.3816155988857939,0.03514190177767647,675,It's bad enough Trump deforested the national parks.  Installing lifelike statues of himself where the trees had been is beyond the pale.
2179,349,31,75,253,359,1.3816155988857939,0.03378733537787945,675,I thought you marked this as your territory.
2882,351,38,64,265,367,1.3814713896457766,0.03479194355869058,675,Don't worry bud. We'll defeat him in 2020.
1089,352,28,80,249,357,1.380952380952381,0.033212391483084316,675,"Really, you still can't go?"
3201,352,20,96,241,357,1.380952380952381,0.031259716796140334,675,Looks like the politicians have started their hometown visits.
4670,352,28,80,249,357,1.380952380952381,0.033212391483084316,675,You might need to pick up after me.
4594,355,28,72,237,337,1.3798219584569733,0.03457778262206751,675,"What is it boy, do you see something?"
107,356,30,74,249,353,1.3796033994334278,0.03393996747099421,675,You couldn’t smell this coming a mile away?
4259,357,28,77,246,351,1.378917378917379,0.033589248212397706,675,Now you can beg.
3622,357,28,77,246,351,1.378917378917379,0.033589248212397706,675,"You're still the alpha dog at our house, Rex."
2731,357,30,73,248,351,1.378917378917379,0.03407048030236872,675,I think mom needs a Snickers bar
1091,357,33,67,251,351,1.378917378917379,0.034779845843162446,675,"Okay, you wanted to be the alpha. Go for it."
878,361,28,75,243,346,1.3786127167630058,0.0339272383602987,675,"Relax, Duke. He's a vegan."
18,362,32,68,249,349,1.3782234957020056,0.03468046138388812,675,You knew the risk of surprise before taking your DNA test.
272,362,26,80,243,349,1.3782234957020056,0.03322544109319684,675,Friend of yours?
4240,364,27,77,243,347,1.377521613832853,0.03359993468991717,675,Where's all the barking now?
3098,364,28,75,244,347,1.377521613832853,0.033846915238600866,675,"Take a good look Spot, this is puberty."
4310,366,27,76,242,345,1.3768115942028984,0.03372884159372601,675,"Great, now everybody has a weredoodle except me."
4617,366,24,82,239,345,1.3768115942028984,0.03297087560202897,675,Let's look for your ball tomorrow after the catnip wears off.
3044,366,29,72,244,345,1.3768115942028984,0.034224827734382,675,"No, it's not a mirror"
2696,366,28,74,243,345,1.3768115942028984,0.03397773968867547,675,Can you growl please!
158,366,28,74,243,345,1.3768115942028984,0.03397773968867547,675,I had always thought 'Where the Wild Things Are' was just more of my parents' bullshit
1242,366,29,72,244,345,1.3768115942028984,0.034224827734382,675,bark twice if you see him too
4568,372,31,80,266,377,1.376657824933687,0.03258552336804356,675,Please tell me your bite is actually bigger than your bark
1216,372,27,88,262,377,1.376657824933687,0.031707723659734635,675,"Actually, it's your pal Milo. Quite the drama queen at full moon!"
101,374,33,63,247,343,1.3760932944606414,0.03533742749348786,675,You dragged me all the way out here just for this?
1135,374,35,59,249,343,1.3760932944606414,0.03581665303222961,675,"This is the last time I'm ever doing hallucinogens with you, Steve."
2034,374,30,69,244,343,1.3760932944606414,0.034606148340968194,675,I'm sorry I blamed you for howling at the moon.
4180,377,30,72,249,351,1.376068376068376,0.03404119871692625,675,"Remember, the walk was your idea."
4713,377,27,78,246,351,1.376068376068376,0.03331610963550835,675,"When you bit him, I thought he’d turn into something much more adorable."
4106,379,21,86,234,341,1.3753665689149561,0.03243244849734461,675,Barking would be a good start.
3152,379,29,70,242,341,1.3753665689149561,0.034494436226370974,675,"Now, don’t just play dead. Sell it."
380,379,30,68,243,341,1.3753665689149561,0.03474358116912327,675,"Remember, Ralphie, when we meet someone new, we don't jump up or pee on their foot."
3881,382,26,79,244,349,1.3753581661891117,0.03319489418287831,675,Stay; he's full of fleas.
194,383,30,79,262,371,1.3746630727762803,0.032715634829896506,675,"If ever there was a time for you to bark your brains out, this is it."
4064,384,28,71,240,339,1.3746312684365782,0.03437843781880459,675,"If this doesn't make you go potty, then we're headed back home."
4438,384,24,79,236,339,1.3746312684365782,0.03334753353104283,675,"Great, you sure did flush it out.  Now what?"
88,384,34,59,246,339,1.3746312684365782,0.035869283213461285,675,"We must be in a Red State """
4341,384,20,87,232,339,1.3746312684365782,0.03228372652508751,675,"If he's not a friend of yours, we better run."
2647,384,29,69,241,339,1.3746312684365782,0.03463136923983458,675,Still think GMOs are harmless?
1370,384,31,65,243,339,1.3746312684365782,0.035131769561957085,675,Hopefully it will end with the 2021 inauguration.
3417,390,30,66,241,337,1.3738872403560831,0.03502282907184315,675,"Go on Rex, tell him you want your stick back."
2759,390,27,72,238,337,1.3738872403560831,0.034257991793497,675,What are we looking at? I forgot my glasses.
15,392,30,65,240,335,1.373134328358209,0.03516469288449894,675,His name is fluffy and he won best of breed.
528,392,23,79,233,335,1.373134328358209,0.033338157374244226,675,Cat got your tongue?
1958,392,28,69,238,335,1.373134328358209,0.034652651109723195,675,"This is what you were barking at. 
Are you happy now?"
781,392,36,53,246,335,1.373134328358209,0.036657929781261804,675,I'm going to need a bigger bag.
2738,396,31,67,248,346,1.3728323699421965,0.034599955822647854,675,"He was a good boy once. But he started refusing to sit or stay, then he ate the occasional shoe... I'm just sayin', Max."
1168,397,24,76,233,333,1.3723723723723724,0.033736011505809994,675,Don’t judge. You were a rescue too.
3191,397,25,74,234,333,1.3723723723723724,0.034003071212117104,675,Where is your incessant barking now?
453,399,27,68,233,328,1.3719512195121952,0.0348977386015438,675,Just remember: it's the size of the fight in the dog.
1332,400,27,69,235,331,1.3716012084592144,0.03466968566204138,675,"Just remember, it's not the size of the dog in the fight but the size of the fight in the dog."
1765,400,30,63,238,331,1.3716012084592144,0.03545302622062439,675,This is the monster who comes for little doggies who don't stop peeing in their daddy's shoes.
2129,400,26,71,234,331,1.3716012084592144,0.03440460893261613,675,Great. Now I have to pee too.
4575,400,24,75,232,331,1.3716012084592144,0.03386823201186082,675,No he may NOT come over for a play date.
3944,400,27,69,235,331,1.3716012084592144,0.03466968566204138,675,I told you not to eat those mushrooms.
1748,405,25,72,232,329,1.3708206686930091,0.034273308974921216,675,It's time to show me why you're called man's best friend.
3969,405,26,70,233,329,1.3708206686930091,0.03454263058999808,675,"Chester, did you dig up this nice man's herb garden?"
1821,405,32,58,239,329,1.3708206686930091,0.036116409677555236,675,"Like I’ve been telling you, this is what happens if you don’t wear your flea collar."
1805,405,24,74,231,329,1.3708206686930091,0.03400185418626107,675,Now I need to go to the bathroom
1172,405,30,62,237,329,1.3708206686930091,0.035599547862630136,675,"He's a mix, too."
879,405,23,76,230,329,1.3708206686930091,0.03372821471879447,675,Now we can both learn to play dead.
3991,411,23,75,229,327,1.3700305810397553,0.03386099032329227,675,Now you know why I take you to the groomer!
2675,411,32,57,238,327,1.3700305810397553,0.03626870596563149,675,see what happens when you lick yourself that way
2542,411,26,69,232,327,1.3700305810397553,0.0346821393216048,675,I guess you can go off leash now....
4471,411,29,63,235,327,1.3700305810397553,0.03548429103381269,675,I told you the pot treats would not be good for you!
2411,411,34,53,240,327,1.3700305810397553,0.03678235691996244,675,You said you wanted to meet your birth mother.
477,411,23,75,229,327,1.3700305810397553,0.03386099032329227,675,Should have chosen 'give the kids a bath'
587,411,30,61,236,327,1.3700305810397553,0.03574767522868246,675,This could only happen in a New Yorker cartoon.
996,411,26,69,232,327,1.3700305810397553,0.0346821393216048,675,"She’s out of your league, Rex."
1537,411,30,61,236,327,1.3700305810397553,0.03574767522868246,675,"'Yip, yip, yip' all day long at the Rumba, but no 'heads up' on this?"
3850,420,26,68,231,325,1.3692307692307693,0.0348231603204502,675,No doubt his bite is bigger than your bark.
3524,420,18,84,223,325,1.3692307692307693,0.032568476723517356,675,Now you decide not to bark?
3948,420,22,76,227,325,1.3692307692307693,0.033714671663788075,675,"So while he’s frightening looking to me, he smells alright to you."
3692,423,30,71,254,355,1.3690140845070422,0.033692560430879356,675,"Well, it's not a tree, but it will have to do."
1038,424,26,70,235,331,1.3685800604229608,0.034370022939605095,675,"Don't worry, he's vegan."
930,424,27,68,236,331,1.3685800604229608,0.034635364368914734,675,"Get out of the City for the summer, they said. The Catskills are great for your health, they said..."
3460,424,37,48,246,331,1.3685800604229608,0.037184786485235675,675,I don't see a thing.  Did you get into my edibles again?
935,427,26,67,230,323,1.368421052631579,0.03496571935587297,675,"Repeat after me - woof, woof."
1070,427,24,71,228,323,1.368421052631579,0.03441136745930092,675,That's the last time I let you follow a scent.
1041,427,27,65,231,323,1.368421052631579,0.03523962528037135,675,I see Frank is back on the Paleo diet.
2427,427,28,63,232,323,1.368421052631579,0.035511418582313846,675,You can't outrun me if i don't drop the leash.
3375,427,28,63,232,323,1.368421052631579,0.035511418582313846,675,I'm thinking the ancestry search wasn't such a good idea.
1955,427,23,73,227,323,1.368421052631579,0.03413081526409407,675,"See, now there’s someone who knows how to guard the front door."
1630,433,23,75,231,329,1.3677811550151975,0.03369228607388946,675,See? I told you that wasn't Mrs. Miller's dog howling at the moon.
1987,433,23,75,231,329,1.3677811550151975,0.03369228607388946,675,This is what happens when you drink from the toilet.
727,435,27,64,230,321,1.367601246105919,0.03538603489693688,675,"I wanted a rottweiler, but OH NO I really want a beagle she says."
543,435,24,70,227,321,1.367601246105919,0.034550835746389175,675,You throw a fit over a squirrel across the street and now you got nothing.
1226,437,23,71,225,319,1.3667711598746082,0.03440650000377426,675,You see? This is why we have to turn around at the corner.
4177,437,28,61,230,319,1.3667711598746082,0.03581041385641503,675,You just had to pee on THAT rock!
2822,437,33,51,235,319,1.3667711598746082,0.037161327191392465,675,Says he’s on his way to a MAGA rally.
2779,437,21,75,223,319,1.3667711598746082,0.0338286246141713,675,"I don't have any doggy bags left, so neither of us can get too scared right now, okay?"
1776,437,30,57,232,319,1.3667711598746082,0.03635680321192889,675,I thought he was still in D.C.
3714,442,21,74,222,317,1.3659305993690851,0.033963751590274496,675,Go on. Sniff his ass. I dare you.
441,442,19,78,220,317,1.3659305993690851,0.033370722256988415,675,Are you sure this is where you buried the bone?
848,442,29,58,230,317,1.3659305993690851,0.036238952725170186,675,This is why Mom is never home during a full moon.
23,442,22,72,223,317,1.3659305993690851,0.03425641664202897,675,"On 3, we BOTH roll over and play dead."
592,446,25,64,223,312,1.3653846153846154,0.03550893680733539,675,"Just remember, Rex, it's not the size  of the dog in the fight, it's the size of the fight in the dog!"
3060,446,24,66,222,312,1.3653846153846154,0.03521750752454206,675,That's what will happen to you if you keep licking yourself.
172,448,19,77,219,315,1.3650793650793651,0.03350213145170664,675,May I give it one of your treats?
1102,448,18,79,218,315,1.3650793650793651,0.03319898205399412,675,"As a comfort dog, you aren’t helping much."
2294,448,28,59,228,315,1.3650793650793651,0.03611615197223395,675,"This is nothing, Fluffy. Remember the results of the 2016 election?"
2468,448,22,71,222,315,1.3650793650793651,0.034395552313714245,675,Still want to go for a walk?
2981,448,26,63,226,315,1.3650793650793651,0.03555187236292181,675,And that’s why you only get non-GMO dog food.
4693,453,21,71,218,310,1.364516129032258,0.03446906552132963,675,Bark again - obviously it didn't hear you the first time.
4645,453,21,71,218,310,1.364516129032258,0.03446906552132963,675,You're the one who wanted to see some wildlife.
2767,453,29,55,226,310,1.364516129032258,0.036812342049755135,675,What part of attack are you not understanding?
2739,453,24,65,221,310,1.364516129032258,0.03536599350211493,675,That’s what you become if you don’t let me clip your nails.
1760,453,28,57,225,310,1.364516129032258,0.03652765419553879,675,"He's responsible not just for thunder, lost balls and heartworms, but also for... Trump."
2310,453,26,61,223,310,1.364516129032258,0.035951516083612516,675,"OK, I guess we'll finally get to test your theory that you can run faster than me."
2360,453,22,69,219,310,1.364516129032258,0.0347706123626407,675,"Supposedly, owning a pet helps people with their demons."
4504,460,27,63,231,321,1.3644859813084111,0.03534916237530761,675,I take it the whole alpha routine was pure theater?
4354,460,27,63,231,321,1.3644859813084111,0.03534916237530761,675,Twice in one walk?
922,462,23,68,222,313,1.3642172523961662,0.034831457823536104,675,Now would be a good time to beg.
936,462,26,62,225,313,1.3642172523961662,0.03570252948181091,675,That's why you get your vaccines.
4249,462,24,66,223,313,1.3642172523961662,0.03512421538684827,675,"See -- he was once the runt of the litter, just like you."
4309,462,29,56,228,313,1.3642172523961662,0.0365528489818014,675,"Not to worry, it is just the President of the United States, he will change into something else soon."
4502,462,20,74,219,313,1.3642172523961662,0.03393803613684757,675,Seriously? You couldn’t smell him coming?
210,467,29,72,256,357,1.3641456582633054,0.03326808808608657,675,This is why we have the fence.
4469,468,29,54,225,308,1.3636363636363635,0.036975061892034554,675,I told you toxic masculinity transcends species.
2992,468,20,72,216,308,1.3636363636363635,0.03430439941718835,675,We may have to sacrifice one or two of your doggie treats.
1033,468,24,64,220,308,1.3636363636363635,0.03551616205577572,675,"Not all dogs go to heaven, Steve."
1096,468,29,54,225,308,1.3636363636363635,0.036975061892034554,675,"Go easy, I don't need his owner suing me"
54,468,21,70,217,308,1.3636363636363635,0.034611317604557115,675,Leeeave it!
471,473,26,59,221,306,1.3627450980392157,0.03626386597036723,675,"It’s OK, buddy. I just went #2 too.”"
1413,473,23,65,218,306,1.3627450980392157,0.03536636770762127,675,What is it boy? What do you see?
2088,473,25,61,220,306,1.3627450980392157,0.0359671883576508,675,This trainer had several positive reviews on Yelp.
3757,473,24,63,219,306,1.3627450980392157,0.03566804314218407,675,It wants to know if you’re friendly.
3913,477,21,68,215,304,1.361842105263158,0.0349006270031115,675,What do your mean it's outside your purview?
4307,477,21,68,215,304,1.361842105263158,0.0349006270031115,675,"My friend, we are both feeling inadequate."
2219,477,23,64,217,304,1.361842105263158,0.03551730789884577,675,"See? He's been fixed, too."
4214,477,23,64,217,304,1.361842105263158,0.03551730789884577,675,"You know, sometimes it's OK to bark."
3087,477,16,78,210,304,1.361842105263158,0.03330901195296215,675,"Oh, so now you choose NOT to bark, but wag your tail...."
2153,477,22,66,216,304,1.361842105263158,0.03521031756170148,675,"So long story short, yes, you're adopted."
1292,477,21,68,215,304,1.361842105263158,0.0349006270031115,675,"Unlike you, his bite is worse than his bark."
611,477,23,64,217,304,1.361842105263158,0.03551730789884577,675,"Don't be afraid, Fido. Our president will see to it that this species becomes extinct long before he comes any closer."
1475,477,28,54,222,304,1.361842105263158,0.03701408716028469,675,Oh? You know him?
3302,486,27,57,223,307,1.3615635179153094,0.03645801174761601,675,"See, there’s nothing there."
1670,487,21,67,214,302,1.3609271523178808,0.03504774108576711,675,"Not barking now, are you?"
3908,487,25,59,218,302,1.3609271523178808,0.03628155205817967,675,We’re gonna need a bigger dog.
635,487,26,57,219,302,1.3609271523178808,0.03658350360318514,675,"Still can't go, eh?"
181,487,23,63,216,302,1.3609271523178808,0.03566998160193925,675,"Yes it's true, your mom was a bitch - but now meet Dad."
265,491,20,68,212,300,1.36,0.034878352062366696,675,I don't see anything. I told you to lay off of the CBD treats.
3637,491,31,46,223,300,1.36,0.03823298872673726,675,"It’s not The President, it’s just his son..."
2833,493,18,71,209,298,1.3590604026845639,0.0343747126849862,675,How about we visit my side of the family next road  trip?
598,493,26,55,217,298,1.3590604026845639,0.03691069731722754,675,You can go ahead and bark your head off now.
1321,493,21,65,212,298,1.3590604026845639,0.03534703504222229,675,"If this doesn't make you go, I don't know what will."
2669,493,18,71,209,298,1.3590604026845639,0.0343747126849862,675,"Oh, NOW you're quiet?"
4067,493,18,71,209,298,1.3590604026845639,0.0343747126849862,675,This is where you growl...maybe bark.
3147,498,23,63,218,304,1.3585526315789473,0.03547454958305002,675,I guess we all have relatives we don't want to acknowledge.
3024,499,23,60,213,296,1.3581081081081081,0.03613872032198982,675,Ignore it—it’s just one of my demons.
1758,499,24,58,214,296,1.3581081081081081,0.03645423660842997,675,Is this your nightmare or mine?
2183,499,27,52,217,296,1.3581081081081081,0.03738481171920735,675,The Parks Department and the Arts Council felt it expressed our nation's angst.
566,499,20,66,210,296,1.3581081081081081,0.035175194753317464,675,Now it's time for you to earn that premium dog food.
2135,499,21,64,211,296,1.3581081081081081,0.035499275853546765,675,"Now that's a guard dog, Fido."
2994,499,20,66,210,296,1.3581081081081081,0.035175194753317464,675,Good chance to play submissive.
3163,499,24,58,214,296,1.3581081081081081,0.03645423660842997,675,Sic ‘em Waffles!
3566,499,30,46,220,296,1.3581081081081081,0.0382927790563413,675,No need to fear--he'll be gone by 2020.
4157,499,22,62,212,296,1.3581081081081081,0.03582042498796747,675,"O.K., Fluffy. This is what your police dog training was all about. Attack!"
2300,499,25,56,215,296,1.3581081081081081,0.03676704539252225,675,For heaven’s sake will you finally poop?
2826,509,29,74,266,369,1.3577235772357723,0.0324262956623712,675,So are you gonna go sniff his butt or what?
2102,510,23,59,212,294,1.3571428571428572,0.03629864850334858,675,"‘Don’t chase the neighborhood cats,’ I said.  ‘They’ll harness the powers of darkness,’ I said."
2829,510,24,57,213,294,1.3571428571428572,0.0366170637993706,675,He's a Basset crossed with a Corgi. And yourself?
3572,512,14,48,151,213,1.3568075117370892,0.041262580149511424,675,I think he just wants to play
247,513,20,67,213,300,1.3566666666666667,0.03483304129005504,675,Let's show him how we can both play dead.
3764,514,19,66,207,292,1.356164383561644,0.035145661635119875,675,And now you don't bark?
3427,514,22,60,210,292,1.356164383561644,0.03613625640989687,675,I should have hired a dog walker.
989,514,29,46,217,292,1.356164383561644,0.0383482618068745,675,"Calm down, Rover. It's just Uncle Bob again after a big Trump rally!"
2873,514,22,60,210,292,1.356164383561644,0.03613625640989687,675,"Next time you have to use the bathroom at 2 a.m., just go on the floor."
4479,518,13,77,200,290,1.3551724137931034,0.03320691879210293,675,"I don’t care if he’s off his leash, yours is staying on."
1002,518,21,61,208,290,1.3551724137931034,0.035966754953287466,675,"Don't worry, he's more scared of us than we are of him."
1542,518,29,45,216,290,1.3551724137931034,0.038529410429882505,675,Is there any hellish form John Bolton won’t take?
1605,518,21,61,208,290,1.3551724137931034,0.035966754953287466,675,"I did warn you about looking for your ""real"" dad"
2309,518,26,51,213,290,1.3551724137931034,0.03758889418096317,675,This would be a good time to break out the cujo routine you usually show to people who come to the front door.
3187,518,27,49,214,290,1.3551724137931034,0.037904992633203495,675,He is to you just as Donald Trump is to me.
3599,518,27,49,214,290,1.3551724137931034,0.037904992633203495,675,Don't even think of humping its leg.
3990,518,23,57,210,290,1.3551724137931034,0.036624233280997925,675,We’re gonna need a few more poop bags.
4165,518,19,65,206,290,1.3551724137931034,0.03529703189106275,675,Pretend it's the mailman!
4563,518,22,59,209,290,1.3551724137931034,0.03629698283115819,675,"The mailman looks different without his uniform, doesn’t he?"
2143,528,17,71,208,296,1.3547297297297298,0.03413638713919267,675,"Well, this is when you get to be man's best friend."
4439,529,21,59,205,285,1.3543859649122807,0.036394018131665144,675,"Ollie, maybe we should stick to the small dog park."
4179,529,21,59,205,285,1.3543859649122807,0.036394018131665144,675,No number two yet?
3834,529,18,65,202,285,1.3543859649122807,0.03536093284028375,675,I’m thinking you skip the usual greeting.
3010,529,24,53,208,285,1.3543859649122807,0.03739857671357139,675,Just don't start anything.
3485,529,21,59,205,285,1.3543859649122807,0.036394018131665144,675,Tim will be your counselor this summer.
1156,529,19,63,203,285,1.3543859649122807,0.0357086156664284,675,"Ok, Mister.  Let's see you howl your way out of this one."
678,535,15,72,201,288,1.3541666666666667,0.03405771416172548,675,Just let him sniff your butt and maybe he'll leave us alone.
3027,535,25,52,211,288,1.3541666666666667,0.03744188295616469,675,"Not so eager to howl now, huh?"
3484,535,18,66,204,288,1.3541666666666667,0.03510723437606839,675,Please don't try to sniff his butt.
3623,535,22,58,208,288,1.3541666666666667,0.036459629560497926,675,He's all blood-chilling howls from the depths of hell and no bite.
1959,539,23,63,222,308,1.353896103896104,0.03508966183554082,675,Don't look at me. You're the one who wanted to go for a walk.
3845,540,19,62,202,283,1.353356890459364,0.035866745933044605,675,He swallowed the frisbee. YOU ask for it back.
3870,540,18,64,201,283,1.353356890459364,0.03551566825293546,675,This is why we had you neutered.
4216,540,15,70,198,283,1.353356890459364,0.034440969416286084,675,"Don't worry, your rabies shots are up-to-date"
4235,540,20,60,203,283,1.353356890459364,0.03621442027975287,675,"You're going to have to smell his butt, aren't you"
2755,540,18,64,201,283,1.353356890459364,0.03551566825293546,675,This is what happened to him after he didn't bring back the ball his owner had thrown.
4430,540,19,62,202,283,1.353356890459364,0.035866745933044605,675,We need stricter leash laws.
1625,540,16,68,199,283,1.353356890459364,0.03480288991889263,675,That ferocious bark might come in handy about now.”
788,540,20,60,203,283,1.353356890459364,0.03621442027975287,675,Pretty sure he's not talking to me.
2011,540,17,66,200,283,1.353356890459364,0.035161085294392755,675,And the vacuum cleaner IS worth barking at?
3921,549,23,55,208,286,1.3531468531468531,0.03695769578232059,675,Even I could smell the sulfur.
2525,549,18,65,203,286,1.3531468531468531,0.035258856253825195,675,"Well, you were a stray too."
2139,551,17,69,206,292,1.3527397260273972,0.03441972421990359,675,Man’s Best Friend meet Man’s Worst Night mare...
1939,552,27,45,209,281,1.3523131672597866,0.038746401581331316,675,This is exactly why we have leash laws.
978,552,17,65,199,281,1.3523131672597866,0.0353141534109152,675,Maintain eye contact and walk backwards slowly
988,552,21,57,203,281,1.3523131672597866,0.03672556484083682,675,"Aren't you suppose to, like...WARN ME about this type of shit?"
70,555,21,58,205,284,1.352112676056338,0.03645107391092231,675,It has been a pleasure to serve under you Mr. Alpha Dog.
562,555,24,52,208,284,1.352112676056338,0.037461095198099544,675,See what happens when don’t vote Democrat!
1693,555,21,58,205,284,1.352112676056338,0.03645107391092231,675,Lassie would know what to do in this sort of situation.
1837,555,13,74,197,284,1.352112676056338,0.033609618932314185,675,We'll give him a chance to back down first.
4530,559,19,61,202,282,1.351063829787234,0.035920522700466515,675,"Ok boy,what would Lassie do?"
3919,559,23,53,206,282,1.351063829787234,0.03729933664977583,675,"Look on the bright side, at least it's not a cat"
2901,559,19,61,202,282,1.351063829787234,0.035920522700466515,675,I guess it did say 'likes dogs and long walks in the moonlight'
2795,559,18,63,201,282,1.351063829787234,0.03556746842572697,675,Do you see what happens when you're not a good boy?
2023,559,14,71,197,282,1.351063829787234,0.034118737473366516,675,Do you mind if I use a couple of your dog treats?
2579,559,19,61,202,282,1.351063829787234,0.035920522700466515,675,Promise me you'll stay away from steroids.
159,559,20,59,203,282,1.351063829787234,0.03627014050061531,675,Can your bite to be worse than your bark this time?
1037,559,18,63,201,282,1.351063829787234,0.03556746842572697,675,You and your sense of smell!
652,567,13,36,128,177,1.3502824858757063,0.04612712925189333,675,You always bark at the littlest things! What is it now?
690,568,19,59,199,277,1.3501805054151625,0.03635265248410004,675,I guess naming you Fang was a bit presumptuous...
1675,568,22,53,202,277,1.3501805054151625,0.03741651985310457,675,Of all the mailmen you could have chased...
2090,568,18,61,198,277,1.3501805054151625,0.03599104246244802,675,He really should be on a leash.
3480,568,19,59,199,277,1.3501805054151625,0.03635265248410004,675,See? I told you—skipping one grooming appointment is a slippery slope.
4625,568,16,65,196,277,1.3501805054151625,0.035256697623880215,675,Nobody I know. You?
1711,573,25,48,207,280,1.35,0.03815040168860003,675,"You see, this is what happens when you lick yourself down there."
2804,573,16,66,198,280,1.35,0.035000548602239896,675,you couldn't just settle for a walk in the park like the rest of your friends
954,573,22,54,204,280,1.35,0.03713015261868638,675,Let me quickly explain the principle of  the sacrificial lamb
2954,573,16,66,198,280,1.35,0.035000548602239896,675,You're the one that wanted the full moon walk. Now what?
4574,573,19,60,201,280,1.35,0.036081065920678536,675,I think it's his chew toy now.
1388,573,17,64,199,280,1.35,0.03536438944705,675,No more howling at the moon.
818,573,18,62,200,280,1.35,0.03572452490191417,675,"You bark at the mailman every day, but no warning for this?"
1236,573,20,58,202,280,1.35,0.036434118027986,675,That reminds me your should have your nails clipped.
902,581,23,50,202,275,1.3490909090909091,0.03794440677715897,675,"It's not the size of the dog in the fight, Hector, it's the size of the fight in the dog. Bring me home an ear."
1124,581,21,54,200,275,1.3490909090909091,0.03723831904288446,675,"Relax. It’s the Bogeyman, not the mailman."
4226,581,21,54,200,275,1.3490909090909091,0.03723831904288446,675,Are you sure you’re a therapy dog?
883,581,22,52,201,275,1.3490909090909091,0.03759302070072422,675,"Kill, Rover!"
2576,585,20,55,198,273,1.347985347985348,0.037051816464016014,675,"What ever you do, please don't sniff its butt."
2170,585,18,59,196,273,1.347985347985348,0.036317618346425246,675,"She's a service dog, you can't pet her"
1490,585,19,57,197,273,1.347985347985348,0.0366865541148234,675,You just had to beg for a walk on super blood moon night.
4003,585,15,65,193,273,1.347985347985348,0.0351876093386126,675,"The back yard doesn't seem so bad now, does it?"
3841,585,21,53,199,273,1.347985347985348,0.03741351298323094,675,This is the play date you wanted?
3614,585,23,49,201,273,1.347985347985348,0.03812661346976564,675,"no, that's not just like me before I have my coffee!"
3655,585,19,57,197,273,1.347985347985348,0.0366865541148234,675,It might look scary but it goes out on its own to pee
3059,592,23,51,205,279,1.3476702508960574,0.03753512501305311,675,Don’t be afraid. The President is just having a bad day.
696,593,18,62,202,282,1.3475177304964538,0.035513955552518205,675,"Think about what you do next, Sparky. This is the role I've been grooming you for."
958,594,15,62,188,265,1.3471698113207546,0.03587913636792098,675,This is where you leap to my defense.
3983,595,19,56,196,271,1.3468634686346863,0.03685660928594925,675,"It's OK, Buddy. He's smiling."
4458,595,20,54,197,271,1.3468634686346863,0.03722557259098267,675,"If there was ever a time to bark, this is it."
4675,595,22,50,199,271,1.3468634686346863,0.03795273992830189,675,"Let's go,  I think it's about to mark it's terority."
4102,595,20,54,197,271,1.3468634686346863,0.03722557259098267,675,Please don’t bark.
3971,595,22,50,199,271,1.3468634686346863,0.03795273992830189,675,You’re sure this is the mailman?
1554,595,19,56,196,271,1.3468634686346863,0.03685660928594925,675,It’s probably not a good idea to try to smell his butt.
1364,595,19,56,196,271,1.3468634686346863,0.03685660928594925,675,"It’s you or me, pal. It’s been a good run."
1301,595,21,52,198,271,1.3468634686346863,0.037590914612389,675,Confronting your mother was YOUR therapist's idea
41,603,19,55,195,269,1.345724907063197,0.03702878752130175,675,Remember when crap like this was frightening?
393,603,22,49,198,269,1.345724907063197,0.038136047160601254,675,"Yes, I do remember your “little surgery.” What of it?"
554,603,23,47,199,269,1.345724907063197,0.038498057383218265,675,Doesn't his owner know there's a leash law?
2239,603,17,59,193,269,1.345724907063197,0.03627184096245716,675,Don't even think about raising your leg!
4535,603,20,53,196,269,1.345724907063197,0.03740151647385004,675,Time for you to do your man’s best friend thing.
1685,608,21,61,216,298,1.3456375838926173,0.035157741785237936,675,"No, I don't think a butt sniff is appropriate right now ..."
1493,609,21,53,201,275,1.3454545454545455,0.03718384858570409,675,He’s a mixed breed.
547,610,22,46,193,261,1.3448275862068966,0.03895282637501561,675,Don't even think about humping his leg.
4722,611,23,45,196,264,1.3446969696969697,0.039004893571368264,675,"'Seriously, that's your spirit animal?'"
4680,611,19,53,192,264,1.3446969696969697,0.03749881431423834,675,"Thanks to you and your overactive bladder, we're about to be monster chow."
4556,611,21,49,194,264,1.3446969696969697,0.038259265528022696,675,"Hey Buddy, looks like it's an off-leash park!"
3982,611,17,57,190,264,1.3446969696969697,0.03672261906786751,675,This is the last time I let you lead.
2431,611,14,63,187,264,1.3446969696969697,0.035526543112842784,675,"Okay,you're the emotional support animal--batter up!"
3083,611,24,43,197,264,1.3446969696969697,0.03937241273275966,675,I agree...her profile pic was misleading.
2119,611,21,49,194,264,1.3446969696969697,0.038259265528022696,675,"Don't be intimidated. He whines at the vet,too."
2396,611,21,49,194,264,1.3446969696969697,0.038259265528022696,675,That’s just the neighbor Dr Jekyll
1800,611,19,53,192,264,1.3446969696969697,0.03749881431423834,675,"A bad boy is always tempting - but trust me, you'll regret it in the morning"
1327,611,17,57,190,264,1.3446969696969697,0.03672261906786751,675,Summon your inner Rin Tin Tin.
1012,611,16,59,189,264,1.3446969696969697,0.036328302868682105,675,Never howl at the moon again
2541,622,22,48,197,267,1.344569288389513,0.03832171400893114,675,I read the news everyday...this is nothing.
2918,623,19,56,198,273,1.3443223443223444,0.036630036630036625,675,"Well, this is awkward."
1024,624,15,60,187,262,1.3435114503816794,0.03609349028199657,675,"I rescued you, so you owe me!"
1095,624,26,38,198,262,1.3435114503816794,0.04030461674976231,675,"If you are really interested in her, remember, no means no!"
1596,624,17,56,189,262,1.3435114503816794,0.03689491789260125,675,You're just going to have to hold it until we find another rock.
1607,624,17,56,189,262,1.3435114503816794,0.03689491789260125,675,"Don't bark, you'll scare him."
1645,624,19,52,191,262,1.3435114503816794,0.037679303229584744,675,I'm hoping this is a friend of yours?
2184,629,19,53,193,265,1.3433962264150943,0.03737967992966465,675,Go easy on him.
1850,629,23,45,197,265,1.3433962264150943,0.038879191470392725,675,Oh don't worry. He just here to see a man about a dog.
2516,631,22,45,193,260,1.3423076923076922,0.03902102716615876,675,This is no time to play hump-the-leg.
2625,631,17,55,188,260,1.3423076923076922,0.03706939994931063,675,You mind if I throw him your treat?
4356,631,22,45,193,260,1.3423076923076922,0.03902102716615876,675,Just be home by 10.
2008,631,17,55,188,260,1.3423076923076922,0.03706939994931063,675,My fight or flight instinct  is choosing the latter. How about yours?
3887,631,25,39,196,260,1.3423076923076922,0.04014648988644199,675,See what happens to little boys who shred the toilet paper?
1601,631,17,55,188,260,1.3423076923076922,0.03706939994931063,675,"After this, you won't be so scared of the vacuum cleaner."
2315,631,11,67,182,260,1.3423076923076922,0.03458236883733925,675,"Don’t worry, we seem to be having the same dream."
1138,631,20,49,191,260,1.3423076923076922,0.03825232674886641,675,What? You suddenly forgot how to bark?
4385,639,19,52,192,263,1.3422053231939164,0.03755848020173873,675,"Whatever happens, don't roll in it."
4718,640,18,49,182,249,1.3413654618473896,0.03859494976563351,675,I don’t suppose you can convince him that you’re the alpha dog?
3161,641,20,48,190,258,1.3410852713178294,0.0384416718550439,675,See? It’s just Satan!
123,641,17,54,187,258,1.3410852713178294,0.03724610834105653,675,"Not so much the alpha now, are we?"
436,641,16,56,186,258,1.3410852713178294,0.03683896583421785,675,"Alright, next time we're following my instincts. Yours are clearly broken."
1080,641,17,54,187,258,1.3410852713178294,0.03724610834105653,675,His owner's an anti-vaxxer.
2649,641,18,52,188,258,1.3410852713178294,0.03764884818122292,675,"Steady boy , he’s an endangered species ."
184,646,16,57,188,261,1.3409961685823755,0.03654939469030443,675,But I don't need to outrun HIM; I just need to outrun YOU.
4605,646,13,63,185,261,1.3409961685823755,0.0353191296952659,675,Were you planning to start barking any time soon?
4491,648,13,61,182,256,1.33984375,0.035750358593344155,675,Now is not the time to pretend you’re a hunting dog.
4231,648,14,59,183,256,1.33984375,0.036176309851263945,675,"Let’s be optimistic, he could be a vegetarian."
2763,648,10,67,179,256,1.33984375,0.034440911353313716,675,Bark -- see what happens.
1844,648,17,53,186,256,1.33984375,0.03742508729663218,675,You think he runs away from the neighbors cat?
1338,648,11,65,180,256,1.33984375,0.034882855814121275,675,Still want to move to the country?”
4072,648,18,51,187,256,1.33984375,0.03783218754001016,675,No more walks in the moonlight.
79,648,14,59,183,256,1.33984375,0.036176309851263945,675,See what happens when you grow up without a leash?
4443,655,20,48,191,259,1.3397683397683398,0.038315599344119246,675,Don't worry. He's more afraid of you than you are of him.
4306,655,19,50,190,259,1.3397683397683398,0.037923012678460405,675,What do you think? Is he a good boy?
4538,655,18,52,189,259,1.3397683397683398,0.03752631913900252,675,"What, you think your breath is any better?"
304,655,18,52,189,259,1.3397683397683398,0.03752631913900252,675,"No, Brutus. You are not looking into a mirror."
3498,655,14,60,185,259,1.3397683397683398,0.03589573203277319,675,It’s a Godzilladoodle. Hypoallergenic and no grooming required.
4481,660,36,43,260,339,1.3392330383480826,0.03593811925927728,675,See what happens when you eat your own poo?
4404,661,21,54,208,283,1.3392226148409894,0.0363474430805064,675,I'm gonna need a bigger dog
1814,662,20,46,188,254,1.3385826771653544,0.038827924980592524,675,"...I don't care if she's in heat, this isn't ideal."
3051,662,21,44,189,254,1.3385826771653544,0.03922665356856195,675,"Whatever you do, don’t cry woof."
4081,662,16,54,184,254,1.3385826771653544,0.0371902862417152,675,That's you on steroids.
3333,662,18,50,186,254,1.3385826771653544,0.03801792438468486,675,"Attack, Toby, attack!"
2499,666,19,47,186,252,1.3373015873015872,0.038617692893008974,675,Well... what are you waiting for? Go sniff his butt.
2073,666,17,51,184,252,1.3373015873015872,0.03779003965749371,675,"This is your imaginary friend, right?"
1906,666,15,55,182,252,1.3373015873015872,0.03694384915315592,675,See what happens to doggies who don’t get their vaccines?
2859,666,17,51,184,252,1.3373015873015872,0.03779003965749371,675,"Okay, Mr. Obedience School graduate, let's hear your plan."
2641,666,19,47,186,252,1.3373015873015872,0.038617692893008974,675,"Keep me calm, service dog, keep me calm."
3830,666,16,53,183,252,1.3373015873015872,0.03736933962198213,675,I told you it didn't sound like a Basset Hound!
3283,666,15,55,182,252,1.3373015873015872,0.03694384915315592,675,I bet that’s who didn’t pick up his poo
3482,666,16,53,183,252,1.3373015873015872,0.03736933962198213,675,You’ll need to find a new favorite spot to pee.
4490,666,16,53,183,252,1.3373015873015872,0.03736933962198213,675,"Well, you're the one who wanted to find your biological father."
3920,666,18,49,185,252,1.3373015873015872,0.03820610750713623,675,See? I told you it was nothing.
1824,666,20,45,187,252,1.3373015873015872,0.039024937641342364,675,You are not allowed to sniff his behind.
3046,666,10,65,177,252,1.3373015873015872,0.03473831058919847,675,Let's come back for your bone another day.
1710,666,12,61,179,252,1.3373015873015872,0.035636909653551985,675,And where was that famous sense of smell three minutes ago?
281,666,24,37,191,252,1.3373015873015872,0.04061310099017651,675,You should see his owner...
1339,666,18,49,185,252,1.3373015873015872,0.03820610750713623,675,Now who needs emotional support?”
800,666,16,53,183,252,1.3373015873015872,0.03736933962198213,675,Trust me his bark is much worse than his bite.
666,666,14,57,181,252,1.3373015873015872,0.03651340078271586,675,"Sic 'im, boy."
619,666,14,57,181,252,1.3373015873015872,0.03651340078271586,675,I think I'll let you handle this.
589,666,18,49,185,252,1.3373015873015872,0.03820610750713623,675,"Don't judge, Bailey. Not everyone was lucky enough o find a forever home."
526,666,19,47,186,252,1.3373015873015872,0.038617692893008974,675,What did I tell you about marking your territory?
1594,666,20,45,187,252,1.3373015873015872,0.039024937641342364,675,This is where you earn your keep as my comfort dog.
1302,687,23,40,192,255,1.3372549019607842,0.03987708427287666,675,"Be cool, Rover, it’s just Ken Cuccinelli’s replacement for the Statue of Liberty!”"
1922,688,15,54,181,250,1.336,0.03712044868860523,675,It’s bad enough I have to pick yours up!
2212,688,18,48,184,250,1.336,0.038396787014176696,675,Just pee.
2227,688,16,52,182,250,1.336,0.037550715371342774,675,"Ok, Rufus, here's where you earn your keep."
2959,688,16,52,182,250,1.336,0.037550715371342774,675,"Now the question is, can I outrun the dog?"
4315,688,16,52,182,250,1.336,0.037550715371342774,675,This is what we trained for. Sic 'em.
926,688,18,48,184,250,1.336,0.038396787014176696,675,So now you don’t want to bark?
4321,688,22,40,188,250,1.336,0.04003532576658953,675,He is harmless. Just ignore his incessant Twitter feed.
4727,688,17,50,183,250,1.336,0.03797610747504045,675,I think we should go to the small dog section of the park.
3687,688,16,52,182,250,1.336,0.037550715371342774,675,well ?
859,688,17,50,183,250,1.336,0.03797610747504045,675,Fish and Game must have reintroduced them.
3951,688,19,46,185,250,1.336,0.03881290722257576,675,"If you can ignore climate change, this is a piece of cake."
385,688,18,48,184,250,1.336,0.038396787014176696,675,Hurry up.
320,688,18,48,184,250,1.336,0.038396787014176696,675,Just tell him to SIT in your sternest bark.
27,688,19,46,185,250,1.336,0.03881290722257576,675,"Relax, he just wants to sniff your butt."
692,688,21,42,187,250,1.336,0.03963204253102183,675,"C'mon boy, show him who's the daytime alpha male."
2275,703,21,46,195,262,1.3358778625954197,0.03832554981074368,675,"Oh sure.. a falling leaf outside the window and you yap your head off, but for THIS you're, what, skeptical?."
4671,704,17,48,180,245,1.3346938775510204,0.03848830970508803,675,Beg like you've never begged before.
4330,704,16,50,179,245,1.3346938775510204,0.03805120206513603,675,Let's hope he had lunch.
4182,704,16,50,179,245,1.3346938775510204,0.03805120206513603,675,"Oh, so this is why the pups look like that."
4060,704,11,60,174,245,1.3346938775510204,0.035785666849131204,675,"On the other hand, if you win you'll be a hero."
3812,704,17,48,180,245,1.3346938775510204,0.03848830970508803,675,Steady.. Steady... Wait for my signal.
3065,704,19,44,182,245,1.3346938775510204,0.039347960489213345,675,"I guess now that he peed on it, you have to, too?"
2596,704,11,60,174,245,1.3346938775510204,0.035785666849131204,675,"I don't have a treat, but I suggest you play dead anyway."
2323,704,12,58,175,245,1.3346938775510204,0.036250102857646745,675,Just because he howls all night doesn't mean you're allowed to.
2173,704,20,42,183,245,1.3346938775510204,0.03977081844787275,675,Luke...meet your father.
789,704,19,44,182,245,1.3346938775510204,0.039347960489213345,675,Now do you understand the difference between Good Dog and Bad Dog?
3396,704,13,56,176,245,1.3346938775510204,0.036708663317300584,675,"Your DNA results say this is your great, great, great grandmother."
1663,715,21,41,186,248,1.3346774193548387,0.039838910599145745,675,"Ok, you win. Next full moon I'll let you shit on the rug."
4588,715,17,49,182,248,1.3346774193548387,0.038164634758430786,675,"Nice job Snoopy, he looks terrified!"
3412,715,21,41,186,248,1.3346774193548387,0.039838910599145745,675,Be a good boy. Show Sasquatch how to sit.
3208,715,9,65,174,248,1.3346774193548387,0.03457369582905212,675,"OK, but I still wasn't wrong when I said you were crying wolf."
3165,715,19,45,184,248,1.3346774193548387,0.03901075584996496,675,Are you sure that was who was under your bed?
3086,715,19,45,184,248,1.3346774193548387,0.03901075584996496,675,"Sorry,man...we just used our last bag."
2473,715,15,53,180,248,1.3346774193548387,0.037299324665511994,675,"This is where you earn your keep"""
2155,715,18,47,183,248,1.3346774193548387,0.038590014370494856,675,It would appear that one of us is about to drop down a notch on the food chain.
2035,715,21,41,186,248,1.3346774193548387,0.039838910599145745,675,"Not barking, Fred? I admire your restraint."
1797,715,14,55,179,248,1.3346774193548387,0.03685905258729117,675,"No, he is not another dog and he doesn't want to play."
421,715,20,43,185,248,1.3346774193548387,0.03942700768326391,675,I see my ex-brother-in-law still vacations at this lake.
501,726,15,51,177,243,1.3333333333333333,0.03779451905832264,675,Be a good boy and apologize for marking its territory.
1456,726,15,51,177,243,1.3333333333333333,0.03779451905832264,675,I see you finished your business.
3595,726,22,37,184,243,1.3333333333333333,0.04082274630633718,675,Go straight for his nuts!
3140,726,17,47,179,243,1.3333333333333333,0.03868392354571063,675,And that's why you ended up with me after the divorce.
3616,726,17,47,179,243,1.3333333333333333,0.03868392354571063,675,"If you were a cat, I'd be safe inside, cleaning a litterbox now. But no, a dog needs exercise and fresh air."
1376,726,19,51,197,267,1.3333333333333333,0.03701982397201762,675,"Sure, you shed less, but at least he can walk himself."
814,726,14,53,176,243,1.3333333333333333,0.037341873758954265,675,Don't chase it; it's not a squirrel.
1285,726,16,49,178,243,1.3333333333333333,0.038241807042426086,675,"Not to worry, Rex. It's only a metaphor."
944,734,22,39,189,250,1.332,0.03996866242324873,675,Donald Trump has changed his costume to reflect his personality!
2267,734,11,61,178,250,1.332,0.03527152280927407,675,"Woof? That's all you've got, woof?"
271,736,16,49,179,244,1.3319672131147542,0.03810924968541259,675,"You've got this Rex."""
314,737,18,44,179,241,1.3319502074688796,0.039324338338958056,675,This is what happens when you don't drain the swamp.
1865,737,14,52,175,241,1.3319502074688796,0.03752453862942861,675,This dog park sucks every full moon.
1671,737,10,60,171,241,1.3319502074688796,0.03563395028489142,675,"Your turn to rescue me, buddy."
1152,737,14,52,175,241,1.3319502074688796,0.03752453862942861,675,"Yes, yes, you were right. You can stop barking now, okay?"
1384,737,12,56,173,241,1.3319502074688796,0.03659145673690509,675,I saw that tail wag you traitor!
567,737,17,46,178,241,1.3319502074688796,0.03888219951578749,675,Don’t get any big ideas.
280,743,16,50,182,248,1.3306451612903225,0.03766199539920768,675,Apparently someone isn't aware of the leash laws at this park.
3826,744,15,50,177,242,1.3305785123966942,0.03785007011658043,675,I think he stepped in it.
1427,744,17,46,179,242,1.3305785123966942,0.038745484400628256,675,"Well come on, Beowulf!"
2966,746,15,49,175,239,1.3305439330543933,0.03817296185132398,675,"Get a good look, Bowser. This is the last of the Satanic She-Wolves that once roamed these hills by the thousands."
2925,746,11,57,171,239,1.3305439330543933,0.036284059663049144,675,If its tail is wagging we’re okay
3791,746,13,53,173,239,1.3305439330543933,0.03724048873292579,675,"Not as scary as mom driving too fast in an SUV, jacked up on Starbucks, and late for soccer practice."
3766,749,11,65,188,264,1.3295454545454546,0.03401400859180989,675,Don't show fear . .  . they can smell it.
671,750,17,49,186,252,1.3293650793650793,0.037650328632531836,675,"No worries. It's just Jack Nicholson,"
1624,751,16,47,177,240,1.3291666666666666,0.03849410678993118,675,Remind me to stop taking you on walks during a full moon.
743,752,10,58,169,237,1.3291139240506329,0.03596055599840689,675,"Well...I don’t know about you, but MY bladder is empty."
4663,752,14,50,173,237,1.3291139240506329,0.037897129322112845,675,If you went to the gym you could look like that.
4169,752,16,46,175,237,1.3291139240506329,0.03882921351802195,675,So much for the leash law.
4166,752,18,42,177,237,1.3291139240506329,0.03973944179274958,675,How come he gets to be off leash?
4013,752,20,38,179,237,1.3291139240506329,0.04062928310431438,675,Looks like Fluffy is due for a rabies shot.
2718,752,12,54,171,237,1.3291139240506329,0.03694153487993902,675,No we can't keep him! It's hard enough feeding that Sasquatch we found last week.
585,752,12,54,171,237,1.3291139240506329,0.03694153487993902,675,"Don't worry, Buster.  We all know that Trump turning into a werewolf is fake news."
2329,752,17,44,176,237,1.3291139240506329,0.03928696384570505,675,Don’t scare him!
770,752,15,48,174,237,1.3291139240506329,0.03836600209355338,675,"Take me for a walk, you whined. What don't you understand about a full moon?"
2060,752,20,38,179,237,1.3291139240506329,0.04062928310431438,675,"No more puddles in the apartment, or he moves in with us!"
2667,762,16,45,174,235,1.327659574468085,0.039030395261199356,675,Now THAT’S a guard dog.
3712,762,12,53,170,235,1.327659574468085,0.037119950938823004,675,"Say hello, Toby, to the nice monster!"
4022,762,13,51,171,235,1.327659574468085,0.03760666173481546,675,Now would be a good time to release that inner wolf.
2293,762,15,47,173,235,1.327659574468085,0.038561658484941315,675,I really wish people would obey the leash laws.
4712,762,14,49,172,235,1.327659574468085,0.03808715342439022,675,"I don’t have to outrun the monster; just you, Puddles."
4550,762,15,47,173,235,1.327659574468085,0.038561658484941315,675,"I pay for obedience school, and you don't know the word ""sic""?"
4455,762,13,51,171,235,1.327659574468085,0.03760666173481546,675,"Where's all your 'yap, yap, yapping' now?!"
4331,762,15,47,173,235,1.327659574468085,0.038561658484941315,675,You bark at leaves but this you’re okay with?
2818,762,15,47,173,235,1.327659574468085,0.038561658484941315,675,You can take him! I got your back
2749,762,15,47,173,235,1.327659574468085,0.038561658484941315,675,Go ahead – I dare you to mark this territory.
1918,762,13,51,171,235,1.327659574468085,0.03760666173481546,675,That's the last time I'm sharing my stash with you.
2575,762,17,43,175,235,1.327659574468085,0.03949356913956575,675,I might need to borrow your waste bag.
1678,762,24,29,182,235,1.327659574468085,0.04259499674063969,675,Halloween comes early at The White House.
1356,762,11,55,169,235,1.327659574468085,0.0366267731115426,675,All he needs is an emotional support animal.
1798,762,15,47,173,235,1.327659574468085,0.038561658484941315,675,This is your final watchdog test.
1063,762,15,47,173,235,1.327659574468085,0.038561658484941315,675,"Nope, don't have to pee anymore."
3110,778,20,41,187,248,1.3266129032258065,0.03928651308446032,675,"Oh boy, what did your little emergency bring us this time?"
919,779,13,54,178,245,1.3265306122448979,0.036553958571679895,675,Where's that ferocious bark the mailman gets every day?
4412,780,15,46,172,233,1.3261802575107295,0.03875998547247994,675,You ask him why he gets to be off-leash
3689,780,21,34,178,233,1.3261802575107295,0.04152503440232841,675,"I just remembered, Monday is Presidents' Day"
3439,780,18,40,175,233,1.3261802575107295,0.04016631023595156,675,And this is why I don't let you off leash. Capiche?
2132,780,14,48,171,233,1.3261802575107295,0.03827973100452648,675,"You know, you really should have given me a heads up about this."
669,780,11,54,168,233,1.3261802575107295,0.036801383148396136,675,"If he wants to sniff, I say let him"
648,780,12,52,169,233,1.3261802575107295,0.03730067653117039,675,Have you been swiping right again?
4037,780,18,40,175,233,1.3261802575107295,0.04016631023595156,675,He used to be Loch Ness monster before climate change.
2975,787,18,39,173,230,1.326086956521739,0.040535498079278746,675,"No, you can't keep it."
97,787,11,53,166,230,1.326086956521739,0.03711227078591681,675,See why we never walk this way?
551,787,14,47,169,230,1.326086956521739,0.03861654416948128,675,And you just had to be cuter than that big Doberman at the shelter.
1817,787,14,47,169,230,1.326086956521739,0.03861654416948128,675,"Oh, sure, NOW you’re quiet.”"
2251,787,13,49,168,230,1.326086956521739,0.03812171564027608,675,"Whatever you do, don't try to sniff his butt!"
3290,787,16,43,171,230,1.326086956521739,0.03958765014577595,675,And that's why you get your shots.
3490,787,13,49,168,230,1.326086956521739,0.03812171564027608,675,"Fito, how are the mushrooms affecting you now?"
4138,787,14,47,169,230,1.326086956521739,0.03861654416948128,675,"Well looks like we’ll both be covered in fur and running on all fours, next full moon."
3320,795,11,48,156,215,1.3255813953488371,0.03878431442666244,675,"I know dogs usually don’t know their own size, but trust me on this one."
934,796,13,51,173,237,1.3248945147679325,0.03733964077019,675,What’s the matter?  Cat got your tongue?
3743,797,15,44,169,228,1.3245614035087718,0.0393112647221015,675,How's this walk working out for you buddy?
3713,797,17,40,171,228,1.3245614035087718,0.04028226978929656,675,I suppose it’s time I explained to you about puberty.
3497,797,15,44,169,228,1.3245614035087718,0.0393112647221015,675,Told you we should't have kids
1107,797,19,36,173,228,1.3245614035087718,0.04123041334626912,675,"‘’Go back to where you came from, Stephen Miller. This is Canada, land of the free. The US is over there across the river.’"
601,797,13,48,167,228,1.3245614035087718,0.03831566009772779,675,"For the first and last time, Casey regretted not getting the Rottweiler instead of the beagle."
52,797,16,42,170,228,1.3245614035087718,0.03979972860101445,675,"Uh, this is the part where you heroically sacrifice yourself to save me."
4474,797,14,46,168,228,1.3245614035087718,0.03881665456202886,675,"I don’t think that ‘woof,woof’  is having much effect here..."
4291,797,16,42,170,228,1.3245614035087718,0.03979972860101445,675,"Ok barking hasn't worked, now what?"
4070,805,12,49,165,226,1.323008849557522,0.03799817673582275,675,"Oh, sure, NOW you're not barking!"
4730,805,17,39,170,226,1.323008849557522,0.04050331182843937,675,"Dammit, what does it take to make you crap faster?"
3268,805,20,33,173,226,1.323008849557522,0.041934620176732045,675,"Sick em, Doris!"
46,808,15,45,173,233,1.3218884120171674,0.03867590953799214,675,You can still try to mark your territory but that may escalate things here.
431,809,16,40,168,224,1.3214285714285714,0.04023303128123321,675,That's you on drugs.
1574,809,9,54,161,224,1.3214285714285714,0.03658452880359027,675,You would if you were truly my best friend.
3289,809,14,44,166,224,1.3214285714285714,0.03922524610856946,675,I told you it wasn’t a squirrel
3995,809,16,40,168,224,1.3214285714285714,0.04023303128123321,675,I bet you he finishes all his canned food.
3503,809,15,42,167,224,1.3214285714285714,0.03973233405146578,675,"Remember, your both good boys, or at least that's what the president thinks!"
1021,814,12,56,182,250,1.32,0.03548855802937076,675,So I guess now’s as good a time as any to prove that whole ‘man’s best friend’ business.
2454,815,15,41,166,222,1.3198198198198199,0.0399473770258578,675,See? This what happens when you refuse to take your shots!
2891,815,14,43,165,222,1.3198198198198199,0.03943384567346852,675,What about walking a dog makes it OK for anyone to approach you?
2765,815,10,51,161,222,1.3198198198198199,0.03730910342008413,675,Just sniff each other and see what happens.
1660,815,11,49,162,222,1.3198198198198199,0.037851472159714385,675,"He may promise you no leash, but the devil you know is better than the devil you don't."
1371,815,13,45,164,222,1.3198198198198199,0.038913537977827616,675,"""And you tell me that you met through a dating app?"
953,815,13,45,164,222,1.3198198198198199,0.038913537977827616,675,You know I can outrun you.
4392,815,12,47,163,222,1.3198198198198199,0.03838617838890364,675,Now would be an appropriate time to bark
896,815,14,43,165,222,1.3198198198198199,0.03943384567346852,675,And this dream is courtesy of my running shoe you ate yesterday.
932,815,14,43,165,222,1.3198198198198199,0.03943384567346852,675,Are you happy with your DNA test results NOW?
170,815,17,37,168,222,1.3198198198198199,0.0409551269628142,675,I told you this walk would kill me.
600,815,17,37,168,222,1.3198198198198199,0.0409551269628142,675,He’s from a recently melted glacier in Greenland.
4433,815,14,43,165,222,1.3198198198198199,0.03943384567346852,675,Didn’t I tell you those off-brand ancestry kits are unreliable?
3157,827,13,44,163,220,1.3181818181818181,0.03911836428575936,675,"He may look big and scary, but he's your father."
3166,827,17,36,167,220,1.3181818181818181,0.04118604649700932,675,He says he's the Chosen one.
3074,827,12,46,162,220,1.3181818181818181,0.03858413435569423,675,You're sure there was nothing unusual about that bone you buried here last week?
2615,827,13,44,163,220,1.3181818181818181,0.03911836428575936,675,"Don’t worry, he’ll be heading back to high school soon."
3310,827,14,42,164,220,1.3181818181818181,0.039645396010236596,675,Ten bucks says he's a contractor.
2560,827,13,44,163,220,1.3181818181818181,0.03911836428575936,675,I think he wants to play.
2425,827,14,42,164,220,1.3181818181818181,0.039645396010236596,675,"Just for appearances sake, could you growl a a little?"
3325,827,18,34,168,220,1.3181818181818181,0.04168694551617957,675,Don't bark--you may aggravate a Trump follower.
3300,827,14,42,164,220,1.3181818181818181,0.039645396010236596,675,"Yeah, he does look lost, but I'm still not calling his master."
2256,827,18,34,168,220,1.3181818181818181,0.04168694551617957,675,"This will help you get ready for tomorrow, when our new baby kitten arrives."
3594,827,11,48,161,220,1.3181818181818181,0.03804240296778259,675,So this is the Ancestry DNA match you were telling me about?
3662,827,11,48,161,220,1.3181818181818181,0.03804240296778259,675,I knew I should have picked the Rottweiler.
3720,827,13,44,163,220,1.3181818181818181,0.03911836428575936,675,Who's the good snack? Your the good snack.Good snack!
3904,827,14,42,164,220,1.3181818181818181,0.039645396010236596,675,Every family's got one.
4368,827,16,38,166,220,1.3181818181818181,0.0406789801450172,675,"Don't worry, I heard he's had his rabies shot."
4522,827,13,44,163,220,1.3181818181818181,0.03911836428575936,675,Does he make you feel as inadequate as I feel?
3449,827,16,38,166,220,1.3181818181818181,0.0406789801450172,675,Maybe this will make you go poop.
2118,827,19,32,169,220,1.3181818181818181,0.04218189690950413,675,See what happens when you go off your meds?
2775,827,19,32,169,220,1.3181818181818181,0.04218189690950413,675,I’ve seen worse—these days it’s in the White House.
1881,827,13,44,163,220,1.3181818181818181,0.03911836428575936,675,"If I let you off leash, you promise to play nice?"
2018,827,13,44,163,220,1.3181818181818181,0.03911836428575936,675,Bite down hard on its ankle while I run and get help.
408,827,12,46,162,220,1.3181818181818181,0.03858413435569423,675,I thought you barked 'Timmy's stuck in the well!'
604,827,14,42,164,220,1.3181818181818181,0.039645396010236596,675,He is an emotional support animal.
704,827,15,40,165,220,1.3181818181818181,0.040165512883860874,675,Well we can count on you not to jump on his leg
1019,827,13,44,163,220,1.3181818181818181,0.03911836428575936,675,Next time swipe left.
282,827,20,30,170,220,1.3181818181818181,0.04267110764087503,675,"Please Can we get a dog? You'll never have to walk it, they said."""
1032,827,12,46,162,220,1.3181818181818181,0.03858413435569423,675,This is the last time I play ‘find something starting with W’ with you”
1259,827,13,44,163,220,1.3181818181818181,0.03911836428575936,675,I don't think he wants to share his stick.
1856,827,13,44,163,220,1.3181818181818181,0.03911836428575936,675,"Beauty, meet Beast."
1648,827,15,40,165,220,1.3181818181818181,0.040165512883860874,675,"Honestly, his profile looked different on the dog walking app."
1148,857,15,39,163,217,1.3179723502304148,0.04054688544951003,675,You bite the mailman but with him you want to play?
1170,857,16,37,164,217,1.3179723502304148,0.041069688544762485,675,"No, we can't take it home to keep you company."
1201,857,17,35,165,217,1.3179723502304148,0.04158591966846354,675,You're sure Timmy fell down the well?
1847,857,15,39,163,217,1.3179723502304148,0.04054688544951003,675,"No, it's not real. Just go pee on it as usual."
1885,857,11,47,159,217,1.3179723502304148,0.03838453242678956,675,"There, you scared him.  Are you happy now!"
2817,857,12,45,160,217,1.3179723502304148,0.038936380508868135,675,Someone you know?
3248,857,19,31,167,217,1.3179723502304148,0.04259961865660439,675,It's time you met my mother-in-law.
3660,857,13,43,161,217,1.3179723502304148,0.039480515759542374,675,"Alright, I'm sorry I accused you of making all that noise. Are you happy now?"
3976,857,15,39,163,217,1.3179723502304148,0.04054688544951003,675,"See, the full moon affects everyone a little differently."
1085,857,14,41,162,217,1.3179723502304148,0.040017252806103285,675,That's right - just stand tall and make yourself look bigger than you really are
4325,857,13,43,161,217,1.3179723502304148,0.039480515759542374,675,"Do your snarl, Tobey."
4687,857,20,29,168,217,1.3179723502304148,0.04309752785481116,675,This is what happens to bad dogs who chew slippers and pee on the carpet.
1030,857,13,43,161,217,1.3179723502304148,0.039480515759542374,675,"Well, her profile did say she was a dog person."
235,857,16,37,164,217,1.3179723502304148,0.041069688544762485,675,Play dead.
250,857,16,37,164,217,1.3179723502304148,0.041069688544762485,675,Don't worry.Mom's only like this when the moon is full.
57,857,11,47,159,217,1.3179723502304148,0.03838453242678956,675,This is what you woke me up for?
21,857,11,47,159,217,1.3179723502304148,0.03838453242678956,675,Sic 'em!”
518,857,17,35,165,217,1.3179723502304148,0.04158591966846354,675,I see he didn’t make his master schlep out in the cold with a leash ... and would it kill you to bark?
1247,875,18,46,195,259,1.3166023166023166,0.03711293411684983,675,That's where being off-leash can lead.
3158,876,14,41,163,218,1.31651376146789,0.03985996034747616,675,Don't worry.  He's got a collar.
1465,877,14,40,161,215,1.3162790697674418,0.04023756427930159,675,"If you would stop chasing the squirrels, you, too, could be off your leash."
925,877,16,36,163,215,1.3162790697674418,0.041303743188565355,675,Don't get too close. He might have fleas.
536,877,12,44,159,215,1.3162790697674418,0.039142355024639176,675,"Yeah, ""shortcut"""
1691,877,15,38,162,215,1.3162790697674418,0.04077413874331306,675,You should see what MY ancestors look like!
3397,877,15,38,162,215,1.3162790697674418,0.04077413874331306,675,Still want to pee in the house?
3563,877,14,40,161,215,1.3162790697674418,0.04023756427930159,675,That's what happens to doggies who pee inside.
3578,877,15,38,162,215,1.3162790697674418,0.04077413874331306,675,I've told you this already - size doesn't matter.
3032,877,14,40,161,215,1.3162790697674418,0.04023756427930159,675,Get ready to run......I'm gonna criticize his personal hygiene to see what happens.
2932,877,14,40,161,215,1.3162790697674418,0.04023756427930159,675,Now you know what happens when you nibble those wild mushrooms!
3093,886,15,40,167,222,1.3153153153153154,0.039854185719416096,675,Poop in the house again and he's coming to visit.
2057,887,11,46,159,216,1.3148148148148149,0.03843195733203127,675,"I'm not sure ""his bark is bigger than his bite"" applies here."
3873,887,11,46,159,216,1.3148148148148149,0.03843195733203127,675,This off-leash dog park is really getting out of hand.
3452,889,12,43,158,213,1.3145539906103287,0.03935121452535056,675,He used to be a dog who wasn't a good boy.
2467,889,15,37,161,213,1.3145539906103287,0.04100476548604989,675,Remember how I said one day you'll thank me for having you spayed?
3463,889,11,45,157,213,1.3145539906103287,0.03878436775263411,675,will you stop with the wistful gaze!
3895,889,14,39,160,213,1.3145539906103287,0.04046109106187514,675,Look and learn. This is how I want you to be when my ex-wife comes to the door.
487,889,9,49,155,213,1.3145539906103287,0.0376250631451214,675,"You were sure that you were the ""alpha"" with the Pomeranians and pugs back at the dog park, weren't you?"
4369,889,14,39,160,213,1.3145539906103287,0.04046109106187514,675,We're naming him 'Rover' and the two of you will just have to work out arrangements about the doggie bed.
2624,889,12,43,158,213,1.3145539906103287,0.03935121452535056,675,No.  I'll pick it up when the moon isn't full.
203,889,15,37,161,213,1.3145539906103287,0.04100476548604989,675,"What do you mean, no?"
1985,889,14,39,160,213,1.3145539906103287,0.04046109106187514,675,You told me your cousin was a goldendoodle mix.
180,889,12,43,158,213,1.3145539906103287,0.03935121452535056,675,"Am I the only one that saw the ""keep pets on leash"" sign?"
3691,899,9,48,154,211,1.3127962085308056,0.037812998352896754,675,"Yes, seriously,
 this is why I got you!"
4145,899,11,44,156,211,1.3127962085308056,0.03898840751417323,675,Is your dog friendly?
4140,899,10,46,155,211,1.3127962085308056,0.03840519994042091,675,The dog park during a full moon wasn't a good idea.
3996,899,19,28,164,211,1.3127962085308056,0.04337266679271066,675,Don't be afraid.  He will only be a one term president.
3817,899,15,36,160,211,1.3127962085308056,0.04123884179510104,675,"Don't worry, it's just Brexit. It doesn't actually exist"
3682,899,12,42,157,211,1.3127962085308056,0.03956301882463941,675,"If we get out of this alive, I'm going to need that extra poop bag."
3472,899,14,38,159,211,1.3127962085308056,0.0406879040326955,675,How many times do I have to tell the neighbors not to use that high-protein dog food they buy at the fitness center.
3307,899,12,42,157,211,1.3127962085308056,0.03956301882463941,675,Let's find a new favorite rock to pee on.
2403,899,15,36,160,211,1.3127962085308056,0.04123884179510104,675,"What do you suggest now, Mr Peabody?"
641,899,13,40,158,211,1.3127962085308056,0.0401294031421638,675,Don't even think about it.
744,899,15,36,160,211,1.3127962085308056,0.04123884179510104,675,Ready to go home?
2110,899,13,40,158,211,1.3127962085308056,0.0401294031421638,675,"He's your relative, you talk to him."
3929,911,14,39,162,215,1.3116279069767443,0.040136945056343624,675,It thinks you’re cute......
2029,912,15,41,172,228,1.3114035087719298,0.03904195816300869,675,I don't think I brought enough doggie bags for the both of you.
3957,913,11,43,155,209,1.3110047846889952,0.03919526845980239,675,"Well, you wanted to meet your biological dad..."
3131,913,11,43,155,209,1.3110047846889952,0.03919526845980239,675,"You're up, Sparky!"
2842,913,11,43,155,209,1.3110047846889952,0.03919526845980239,675,Oh great... Your mother is here...
1686,913,15,35,159,209,1.3110047846889952,0.0414764459597487,675,Don't make the first move.
1541,913,9,47,153,209,1.3110047846889952,0.03800336589998304,675,"So, where's your inner wolf when we need it ?"
1258,913,13,39,157,209,1.3110047846889952,0.040351980367064604,675,Pretty sure your flea collar isn't gonna do much for you here.
931,913,8,49,152,209,1.3110047846889952,0.03739317042955839,675,Go big or go home.
508,913,14,37,158,209,1.3110047846889952,0.04091807601168413,675,How am I supposed to know how it self-identifies?
494,913,8,49,152,209,1.3110047846889952,0.03739317042955839,675,"Don’t worry, he’s all gruesome, bloodcurdling howling and no bite"
202,913,11,43,155,209,1.3110047846889952,0.03919526845980239,675,"You sure this is the guy who bit you, Jen?"
196,913,17,31,161,209,1.3110047846889952,0.042571220552856365,675,"Oh, so maybe you're not the top-dog"
3516,913,18,29,162,209,1.3110047846889952,0.04310818303192485,675,Return Of Drain The Swamp Thing
4683,913,10,45,154,209,1.3110047846889952,0.038603917478437166,675,At least pretend to defend me!
4537,913,12,41,156,209,1.3110047846889952,0.03977782918398104,675,"OK here's you big chance, sick 'em!"
3280,913,12,41,156,209,1.3110047846889952,0.03977782918398104,675,Remember: Never show fear.  That's my job
4329,913,7,51,151,209,1.3110047846889952,0.036772850988467116,675,"Don't get any ideas, Fluffy"
4279,913,13,39,157,209,1.3110047846889952,0.040351980367064604,675,I just hope they name the species after me
3610,913,12,41,156,209,1.3110047846889952,0.03977782918398104,675,Is it okay if it pets you?
3389,913,13,39,157,209,1.3110047846889952,0.040351980367064604,675,"Because the law requires you to have a leash, that's why."
1938,932,12,40,154,206,1.3106796116504855,0.0401620282334568,675,We're early.  He just needs a moment to change.
2846,932,13,38,155,206,1.3106796116504855,0.04074737057434407,675,Lucky for you I'm a vegan monster.
2080,932,17,30,159,206,1.3106796116504855,0.04300915014638955,675,"Jerry, eat a snickers..."
2224,932,11,42,153,206,1.3106796116504855,0.03956802768558272,675,Don't worry.  It only eats humans.
3341,932,12,40,154,206,1.3106796116504855,0.0401620282334568,675,"Oscar, I guess you just pissed on the wrong tree"
3564,932,14,36,156,206,1.3106796116504855,0.04132442262900791,675,This is the moment I have spoiled you for.
3800,932,11,42,153,206,1.3106796116504855,0.03956802768558272,675,I have a scary thought.
4344,932,14,36,156,206,1.3106796116504855,0.04132442262900791,675,"Stand down,Thor, and let him pass."
4396,932,14,36,156,206,1.3106796116504855,0.04132442262900791,675,"I told you, I hate visiting your family on full moon days..."
1839,932,9,46,151,206,1.3106796116504855,0.03835243696469836,675,Why can't you stick to tracking squirrels?
1422,932,13,38,155,206,1.3106796116504855,0.04074737057434407,675,You said you were bored and wanted more excitement in your life.
155,932,11,42,153,206,1.3106796116504855,0.03956802768558272,675,"Specifically, what part of you is Pit Bull?"
71,932,11,42,153,206,1.3106796116504855,0.03956802768558272,675,Every dog has it’s day but I think you should probably leave the nights to this fella.
787,932,14,36,156,206,1.3106796116504855,0.04132442262900791,675,Don’t worry. It’s just another Trump supporter.
2198,946,15,37,164,216,1.3101851851851851,0.04051179701660881,675,I dare you to sniff its butt.
144,947,16,34,163,213,1.3098591549295775,0.04144109258708139,675,"You couldn’t have gone at home, huh?"
2062,948,12,39,153,204,1.3088235294117647,0.04038598351675421,675,This dog park isn't so crowded in the evening.
4213,948,11,41,152,204,1.3088235294117647,0.03978357053451236,675,This should scare the crap out of you.
3961,948,16,31,157,204,1.3088235294117647,0.04271075257098182,675,Is that you Donald?
3820,948,11,41,152,204,1.3088235294117647,0.03978357053451236,675,"No Sweetie, it doesn't want a treat!"
3664,948,14,35,155,204,1.3088235294117647,0.04156462468130304,675,This is when we both make a poopy.
3415,948,7,49,148,204,1.3088235294117647,0.03727669196576371,675,Who knew the Chosen One would look like this.
3258,948,10,43,151,204,1.3088235294117647,0.039171894316378145,675,This is why I wanted a cat.
2754,948,12,39,153,204,1.3088235294117647,0.04038598351675421,675,"You see, Fido, THAT’S the way to howl at the moon."
2148,948,13,37,154,204,1.3088235294117647,0.04097954178314545,675,We are NOT taking him home.
2045,948,13,37,154,204,1.3088235294117647,0.04097954178314545,675,This is the ex I was telling you about.
1694,948,11,41,152,204,1.3088235294117647,0.03978357053451236,675,I told you what can happen to you if you drink out of the toilet!
1365,948,14,35,155,204,1.3088235294117647,0.04156462468130304,675,Now you know why I don't let Barry take you for a walk during the full moon.
1199,948,11,41,152,204,1.3088235294117647,0.03978357053451236,675,It’s either the full moon or the new dog food?
4437,948,6,51,147,204,1.3088235294117647,0.03662317003987245,675,I told you they're serious about keeping off the grass around here.
828,948,12,39,153,204,1.3088235294117647,0.04038598351675421,675,"What a CUTE dog you have! He doesn’t bite, does he?"
500,948,12,39,153,204,1.3088235294117647,0.04038598351675421,675,I told you not to pee on the grass.
340,948,13,37,154,204,1.3088235294117647,0.04097954178314545,675,"What is it, boy?"
103,948,12,39,153,204,1.3088235294117647,0.04038598351675421,675,"No barking, Milo. We don’t want to scare it."
1214,948,13,37,154,204,1.3088235294117647,0.04097954178314545,675,"Beagle, Beezlebub. Beezlebub, Beagle."
4652,948,8,47,149,204,1.3088235294117647,0.037918952306880194,675,We're going to need a bigger leash.
2854,968,14,49,187,250,1.308,0.03613539910216978,675,"Great, do you have to go and sniff everything?"
3431,969,12,38,152,202,1.306930693069307,0.040613217704162215,675,"Try your signature ‘yap, yap, yap.’"
390,969,9,44,149,202,1.306930693069307,0.038751225537506054,675,He's your new trainer.
187,969,14,34,154,202,1.306930693069307,0.04180850112959904,675,"OMG, Your dog sooo cute. May I pat him?"
622,969,18,26,158,202,1.306930693069307,0.044101988566726806,675,"You know, Roosevelt, the Democrats might have found a viable candidate after all!"
737,969,11,40,151,202,1.306930693069307,0.04000218487878719,675,Roll over and play dead - I’ll follow your lead.
1555,969,14,34,154,202,1.306930693069307,0.04180850112959904,675,"I swear, mini weredoodles are going to be the next big thing."
1733,969,12,38,152,202,1.306930693069307,0.040613217704162215,675,"Relax, at sunrise he goes back to being a mild-mannered accountant."
2996,969,14,34,154,202,1.306930693069307,0.04180850112959904,675,Feel free to bare your teeth and launch yourself into the air to protect me.
3436,969,12,38,152,202,1.306930693069307,0.040613217704162215,675,Now you see where running off without your leash leads to?
4608,969,14,34,154,202,1.306930693069307,0.04180850112959904,675,"So as that best friend thing goes, you got this, right?"
4529,969,11,40,151,202,1.306930693069307,0.04000218487878719,675,You bark at me. You bark at the moon. How about bark at this?
3906,969,10,42,150,202,1.306930693069307,0.03938167261389067,675,It’s the size of the fight in the dog Rufus.
4147,969,9,44,149,202,1.306930693069307,0.038751225537506054,675,And they make me put YOU on a leash?
113,969,14,34,154,202,1.306930693069307,0.04180850112959904,675,Just pretend it's a squirrel.
2021,969,7,48,147,202,1.306930693069307,0.03745851260048445,675,"Not so tough outside the house, are you?"
979,984,13,37,156,206,1.3058252427184467,0.04063578597484564,675,Sendak unplugged.
3020,985,15,47,190,252,1.3055555555555556,0.036327361581750976,675,"See, that’s what happens if you run away overnight Rex."
157,986,13,39,161,213,1.3051643192488263,0.039698437852788176,675,This is what all that crazy barking of yours was about?
2905,987,11,39,150,200,1.305,0.040223933473997824,675,"I can't prove it, but I'm thinking it was you who took Daddy's special mushrooms."
2958,987,11,39,150,200,1.305,0.040223933473997824,675,At least I don't have to pick up his poop.
3138,987,11,39,150,200,1.305,0.040223933473997824,675,Because leash laws don't apply to monsters.
2077,987,13,35,152,200,1.305,0.04145440069140328,675,But the doorbell upsets you.
3453,987,16,29,155,200,1.305,0.04323448976832776,675,"Not as scary as President Trump, is it?"
3539,987,14,33,153,200,1.305,0.04205613621060336,675,He'll be training you starting Monday.
3638,987,13,35,152,200,1.305,0.04145440069140328,675,See if he’ll pet you while I go get the car.
3819,987,13,35,152,200,1.305,0.04145440069140328,675,"Damn, I forgot the doggie treats."
2243,987,11,39,150,200,1.305,0.040223933473997824,675,Don’t look so innocent. I know you summoned him.
2098,987,10,41,149,200,1.305,0.039594362829059336,675,"Be a good Boy, and let me give him one of your treats?"
2694,987,10,41,149,200,1.305,0.039594362829059336,675,See? This is why you don’t dig for bones under a grave.
1437,987,15,31,154,200,1.305,0.04264938275340255,675,I wouldn't try to smell him.
1532,987,13,35,152,200,1.305,0.04145440069140328,675,Just take the damn picture.
854,987,9,43,148,200,1.305,0.03895461861651053,675,Next time let's stick to the dog park
940,987,13,35,152,200,1.305,0.04145440069140328,675,"Sic 'em, Bruno...."
831,987,10,41,149,200,1.305,0.039594362829059336,675,It's just your imagination. Don't bark and let's do a 180.
161,987,12,37,151,200,1.305,0.04084380100335924,675,Update: Sunday in the Park with George.
459,1004,14,36,160,210,1.3047619047619048,0.04064170787092629,675,He better pick that up
939,1005,13,33,148,194,1.3041237113402062,0.04231960177986134,675,"No, I don’t think you should sniff him there either."
3360,1006,14,34,156,204,1.303921568627451,0.04145198128283185,675,"Yes, he's principal of that new obedience school."
4115,1007,6,48,144,198,1.303030303030303,0.037144866564439036,675,"In planning your next move, recall that you are man's best friend."
1965,1007,16,28,154,198,1.303030303030303,0.04350267510835259,675,"I don't know these days if it's something mythical
or if I'm just viewing other media outlets."
3879,1007,11,38,149,198,1.303030303030303,0.04044888041511694,675,So maybe we don't sniff this one's butt.
4269,1007,11,38,149,198,1.303030303030303,0.04044888041511694,675,What did I tell you about online dating?
3632,1007,12,36,150,198,1.303030303030303,0.0410778053185138,675,Good thing you marked your territory.
3189,1007,11,38,149,198,1.303030303030303,0.04044888041511694,675,Are you happy now?!  I warned you not to dig too deeply into your ancestry!
2917,1007,11,38,149,198,1.303030303030303,0.04044888041511694,675,Last time I let you choose the route.
2729,1007,13,34,151,198,1.303030303030303,0.041697245145632944,675,Make it your assertive best.
2441,1007,11,38,149,198,1.303030303030303,0.04044888041511694,675,Is this why you never want to go out for a walk?
4201,1007,10,40,148,198,1.303030303030303,0.03981002089784858,675,Really?!  What's it gonna take to get you to do your business?
1768,1007,11,38,149,198,1.303030303030303,0.04044888041511694,675,At least you could spin around and insanely bark like you do for the mailman.
1512,1007,13,34,151,198,1.303030303030303,0.041697245145632944,675,"Thanks, Marty!  You'll growl at your own shadow, bark at the dryer bell, but for this-- nothing!"
1492,1007,15,30,153,198,1.303030303030303,0.042909306433844746,675,See what happens when you ditch doggy day-care?
791,1007,12,36,150,198,1.303030303030303,0.0410778053185138,675,"See here, if I didn't wash and groom you, this is what you'd become."
606,1007,11,38,149,198,1.303030303030303,0.04044888041511694,675,"I know he’s not the mailman, but you could make an effort."
530,1007,9,42,147,198,1.303030303030303,0.0391607405565555,675,This is nothing compared to what I see in the news.
4280,1023,9,41,145,195,1.3025641025641026,0.03954162355490222,675,Ignore him. He's more afraid of us than we are of him.
1934,1023,11,37,147,195,1.3025641025641026,0.0408567764461174,675,Just let it snilffyour butt.
1980,1023,12,35,148,195,1.3025641025641026,0.04149872619338118,675,Visualize him taking your Snausages.
2335,1023,11,37,147,195,1.3025641025641026,0.0408567764461174,675,Don’t worry. It’s not Donald Trump.
2607,1023,10,39,146,195,1.3025641025641026,0.040204577941607665,675,"Out of curiosity, you transfixed or frozen?"
3852,1023,12,35,148,195,1.3025641025641026,0.04149872619338118,675,Please don't sniff his butt.
3315,1023,9,41,145,195,1.3025641025641026,0.03954162355490222,675,"I would recommend you avoid your usual ""get aquainted"" sniff."
1728,1023,10,39,146,195,1.3025641025641026,0.040204577941607665,675,He's vegan
3278,1023,10,39,146,195,1.3025641025641026,0.040204577941607665,675,You chewed her shoes. What do you expect?
3178,1023,7,45,143,195,1.3025641025641026,0.038181197010402686,675,You've got this -- right!
2792,1023,14,31,150,195,1.3025641025641026,0.04275371871409124,675,"I warned you. Rufus,” I said, “I’ll take you to meet your bio mom but she’s a real bitch"
2700,1023,12,35,148,195,1.3025641025641026,0.04149872619338118,675,"Frank, meet your brother from another mother."
3492,1023,11,37,147,195,1.3025641025641026,0.0408567764461174,675,I'm Rod. My dog and I are taking an evening stroll in the twilight -- zone.
1557,1023,9,41,145,195,1.3025641025641026,0.03954162355490222,675,"'Dog walking will extend your lifespan,' she said..."
4363,1023,8,43,144,195,1.3025641025641026,0.03886736290581586,675,Bark louder.
1317,1023,18,23,154,195,1.3025641025641026,0.04515919441602635,675,Looks like we're both going to shit on this walk.
642,1023,14,31,150,195,1.3025641025641026,0.04275371871409124,675,Beautiful night for a moon dance.
209,1023,12,35,148,195,1.3025641025641026,0.04149872619338118,675,"Let's play nicely this time, Toby."
147,1023,12,35,148,195,1.3025641025641026,0.04149872619338118,675,I guess sic'em is out of the question?
26,1023,10,39,146,195,1.3025641025641026,0.040204577941607665,675,Imagine him wearing a postal uniform.
1474,1023,10,39,146,195,1.3025641025641026,0.040204577941607665,675,"That’s why you are getting the distemper vaccine, Tibbles.
Now I don’t want to hear another word about it!”"
1882,1044,12,37,153,202,1.301980198019802,0.04049445875806549,675,Your cousin’s a real dick.
2278,1044,8,45,149,202,1.301980198019802,0.03798376707585293,675,"You can play with him, but no biting."
2417,1046,11,36,146,193,1.3005181347150259,0.041091654587142076,675,"If I were you, I wouldn't mark my territory here."
2400,1046,9,40,144,193,1.3005181347150259,0.039756500656017636,675,Remember what we discussed about behaving like a chihuahua?
2226,1046,9,40,144,193,1.3005181347150259,0.039756500656017636,675,I told you not to mess with ancestry.com.
4161,1046,7,44,142,193,1.3005181347150259,0.038374921656139795,675,You were the one who insisted on DNA testing to find your ancestors.
2081,1046,14,30,149,193,1.3005181347150259,0.043016754586493275,675,Here's another fine mess you've gotten me into.
2037,1046,12,34,147,193,1.3005181347150259,0.04174322032207777,675,"Look Fido, the rare Werewolf-Doodle"
2613,1046,11,36,146,193,1.3005181347150259,0.041091654587142076,675,"You can try, but I think it’s his patch of grass now."
4383,1046,12,34,147,193,1.3005181347150259,0.04174322032207777,675,See? That would be the definition of that 'bad dog' I mentioned earlier.
1697,1046,16,26,151,193,1.3005181347150259,0.044253654170606685,675,Don't worry--it's just the President.
1575,1046,10,38,145,193,1.3005181347150259,0.0404295895423199,675,Don't even THINK about sniffing its butt.
2052,1046,14,30,149,193,1.3005181347150259,0.043016754586493275,675,"You growl at butterflies, but you're okay with this guy?"
2757,1046,10,38,145,193,1.3005181347150259,0.0404295895423199,675,I'd say he's looking at you.
2888,1046,8,42,143,193,1.3005181347150259,0.03907181821035974,675,Make it quick
4114,1046,11,36,146,193,1.3005181347150259,0.041091654587142076,675,You want to take this one or should I?
2856,1046,5,48,140,193,1.3005181347150259,0.03694170921624774,675,A bark would be nice.
1385,1046,10,38,145,193,1.3005181347150259,0.0404295895423199,675,Nothing shocks me anymore!
2984,1046,14,30,149,193,1.3005181347150259,0.043016754586493275,675,"I see neither Timmy, nor a well."
3053,1046,10,38,145,193,1.3005181347150259,0.0404295895423199,675,Don't even think about the butt sniff.
3182,1046,12,34,147,193,1.3005181347150259,0.04174322032207777,675,"This is the dog park, where you want is the wolf park across the street."
3270,1046,12,34,147,193,1.3005181347150259,0.04174322032207777,675,Now do you see why I'm reluctant to take you for a walk!
3319,1046,14,30,149,193,1.3005181347150259,0.043016754586493275,675,"Okay, Fluffy--time to put those emotional support skills to work."
3928,1046,8,42,143,193,1.3005181347150259,0.03907181821035974,675,Just another non indigenous species that has outgrown its cuteness.
3504,1046,12,34,147,193,1.3005181347150259,0.04174322032207777,675,It's too late to cancel the play date now.
3562,1046,5,48,140,193,1.3005181347150259,0.03694170921624774,675,This is why we only won 2nd place in the county fair.
3675,1046,10,38,145,193,1.3005181347150259,0.0404295895423199,675,Let him sniff your bum and we’ll be alright.
3795,1046,13,32,148,193,1.3005181347150259,0.04238477095615899,675,Just pretend it's the neighbor's cat
2766,1046,6,46,141,193,1.3005181347150259,0.037665133027328275,675,"I'm tired of the sidewalk,"" you said. ""Take me off-trail,"" you said"
1344,1046,13,32,148,193,1.3005181347150259,0.04238477095615899,675,You always preferred my ex-wife.
994,1046,9,40,144,193,1.3005181347150259,0.039756500656017636,675,That's why we keep you on a hormone-free organic diet.
1046,1046,12,34,147,193,1.3005181347150259,0.04174322032207777,675,It's a werewolf. Be careful if you smell its butt.
4719,1046,12,34,147,193,1.3005181347150259,0.04174322032207777,675,"Well, do something!"
4646,1046,9,40,144,193,1.3005181347150259,0.039756500656017636,675,And this was advertised as a pet friendly neighborhood.
4621,1046,8,42,143,193,1.3005181347150259,0.03907181821035974,675,"Ask him about the frisbee, nicely!"
3891,1046,10,38,145,193,1.3005181347150259,0.0404295895423199,675,"You just had to howl, didn't you?"
95,1046,8,42,143,193,1.3005181347150259,0.03907181821035974,675,"Where's your all-night, yippy bark now?"
138,1046,11,36,146,193,1.3005181347150259,0.041091654587142076,675,"I agree, the vacuum cleaner is way scarier than this."
221,1046,12,34,147,193,1.3005181347150259,0.04174322032207777,675,Back to the small dog side?
269,1046,9,40,144,193,1.3005181347150259,0.039756500656017636,675,"Go on, you've had to mark all the other rocks."
294,1046,14,30,149,193,1.3005181347150259,0.043016754586493275,675,My ex....I can't go anywhere without running into her.
1114,1046,7,44,142,193,1.3005181347150259,0.038374921656139795,675,You can give it a try but I’m not sure that’s how they say hello.
324,1046,11,36,146,193,1.3005181347150259,0.041091654587142076,675,"We can't afford to feed your friend, and that's final."
313,1046,11,36,146,193,1.3005181347150259,0.041091654587142076,675,He is not a good boy.
493,1046,11,36,146,193,1.3005181347150259,0.041091654587142076,675,"See, this is why I don't feed you after midnight."
1026,1046,10,38,145,193,1.3005181347150259,0.0404295895423199,675,Ok. You better talk or we’re both in trouble.
804,1046,11,36,146,193,1.3005181347150259,0.041091654587142076,675,I knew I should have brought garlic!
373,1046,14,30,149,193,1.3005181347150259,0.043016754586493275,675,Not so yappy now are ya?
775,1046,8,42,143,193,1.3005181347150259,0.03907181821035974,675,Now do you believe me that not EVERY smell needs to be explored?
689,1046,10,38,145,193,1.3005181347150259,0.0404295895423199,675,What? Cat got your tongue?
4457,1046,11,36,146,193,1.3005181347150259,0.041091654587142076,675,I named you David for a reason.
582,1046,10,38,145,193,1.3005181347150259,0.0404295895423199,675,"Don’t worry, he’s all bite and no bark."
552,1046,14,30,149,193,1.3005181347150259,0.043016754586493275,675,I blame universal health care.
513,1046,6,46,141,193,1.3005181347150259,0.037665133027328275,675,Are you going to just let him say that without a response?
512,1046,11,36,146,193,1.3005181347150259,0.041091654587142076,675,This is what you want to be for Halloween?
687,1046,9,40,144,193,1.3005181347150259,0.039756500656017636,675,"Well, what did you THINK would happen if you bit him?"
3926,1046,10,38,145,193,1.3005181347150259,0.0404295895423199,675,This is what happens when you chew on my socks.
243,1101,8,44,148,200,1.3,0.0381744211764999,675,This might be a good time for you to do your business.
3344,1101,13,34,153,200,1.3,0.04133452205563576,675,This is what happens if you don't wear your tick collar.
3859,1103,13,32,149,194,1.2989690721649485,0.042194171478890874,675,I hope he brought a bag!
1443,1103,9,40,145,194,1.2989690721649485,0.03958136312432108,675,It looks like your usual spot is not an option anymore.
3752,1103,9,40,145,194,1.2989690721649485,0.03958136312432108,675,"Let me guess, you want to sniff his butt?"
1867,1106,8,27,109,144,1.2986111111111112,0.0473458947750533,675,That's what we have trained for. Attack Snoopy.
2654,1107,11,35,145,191,1.2984293193717278,0.04133002647396566,675,That's not a good boy.
568,1107,12,33,146,191,1.2984293193717278,0.0419914597189799,675,At least he doesn't shed
1395,1107,10,37,144,191,1.2984293193717278,0.04065783426778526,675,Still nothing?
3132,1107,11,35,145,191,1.2984293193717278,0.04133002647396566,675,He's bluffing!
1991,1111,13,44,178,235,1.297872340425532,0.03696745549014379,675,"No matter how much you howl at the moon, you won't be like him"
4736,1112,14,47,191,252,1.2976190476190477,0.03571428571428572,675,Now there's a bad doggie!
2371,1113,7,43,142,192,1.296875,0.03840108671575759,675,"Ok, you’ve see it, now let’s go."
3898,1113,12,33,147,192,1.296875,0.041801089340185595,675,"Werewolf, there wolf. Satisfied?"
2271,1115,9,38,142,189,1.2962962962962963,0.040195195035130436,675,Just let him smell you so we can get this over with
2247,1115,12,32,145,189,1.2962962962962963,0.04224352701777759,675,So maybe single use plastics aren't the biggest eco problem today.
2237,1115,7,42,140,189,1.2962962962962963,0.03876956439338064,675,"Ok, who’s the jerk ignoring the ‘on leash’ sign?"
1969,1115,12,32,145,189,1.2962962962962963,0.04224352701777759,675,"I know you don't want to hear this, but I think your friend's been juicing."
1900,1115,14,28,147,189,1.2962962962962963,0.04355559844108897,675,Don't be scared. He identifies as a cat.
862,1115,14,28,147,189,1.2962962962962963,0.04355559844108897,675,"Like I said, there's nothing to bark at."
3393,1115,6,44,139,189,1.2962962962962963,0.038036716905151584,675,But does he get belly rubs every morning?
323,1115,9,38,142,189,1.2962962962962963,0.040195195035130436,675,Man’s best fiend.
2451,1115,5,46,138,189,1.2962962962962963,0.03728946959387865,675,"Play nice, now."
3545,1115,12,32,145,189,1.2962962962962963,0.04224352701777759,675,I can't wait for this election cycle to be over.
4495,1115,11,34,144,189,1.2962962962962963,0.0415719651276177,675,"Not too close, Rover. It might have ticks."
47,1115,11,34,144,189,1.2962962962962963,0.0415719651276177,675,He just wants to play.
2786,1127,9,37,140,186,1.2956989247311828,0.04060590186050327,675,I knew we should have gotten a cat.
2510,1127,7,41,138,186,1.2956989247311828,0.039148358693171584,675,This is your mentor?
2406,1127,8,39,139,186,1.2956989247311828,0.03988378902683423,675,Make sure your finger's not over the lens.
2307,1127,9,37,140,186,1.2956989247311828,0.04060590186050327,675,I don’t see you racing over to sniff that!
3387,1127,8,39,139,186,1.2956989247311828,0.03988378902683423,675,His bark is worse than your bite.
3451,1127,12,31,143,186,1.2956989247311828,0.04269903022561781,675,That’s your famous uncle Otto. He’s the first Pomeranian to become fully self-actualized.
2240,1127,9,37,140,186,1.2956989247311828,0.04060590186050327,675,"Believe me, You won‘t get any treats from him either!"
3471,1127,9,37,140,186,1.2956989247311828,0.04060590186050327,675,She may want to sniff your butt.
3629,1127,13,29,144,186,1.2956989247311828,0.04337429908339757,675,The President looks so much better on TV.
3729,1127,12,31,143,186,1.2956989247311828,0.04269903022561781,675,"Ok, I'll ask them. She wants to know who's your groomer."
3860,1127,8,39,139,186,1.2956989247311828,0.03988378902683423,675,Just don’t look him in the eyes.
3935,1127,11,33,142,186,1.2956989247311828,0.04201290924752085,675,"This is why I didn't want to visit your family.""  Submitted by Zachary Rau"
4485,1127,8,39,139,186,1.2956989247311828,0.03988378902683423,675,"Great,he's off leash."
3401,1127,10,35,141,186,1.2956989247311828,0.04131539549214824,675,Do you realize now that digging up other people's bones isn't acceptable?
1766,1127,13,29,144,186,1.2956989247311828,0.04337429908339757,675,Be Nice!
2318,1127,13,29,144,186,1.2956989247311828,0.04337429908339757,675,"No, you already had a play date today."
1590,1127,12,31,143,186,1.2956989247311828,0.04269903022561781,675,You can play with Wanda tomorrow when she's no longer in her full moon heat.
1483,1127,8,39,139,186,1.2956989247311828,0.03988378902683423,675,You're still my big bad woof
1169,1127,11,33,142,186,1.2956989247311828,0.04201290924752085,675,"See, this is what you become if you drop out of obedience school."
245,1127,11,33,142,186,1.2956989247311828,0.04201290924752085,675,Am I the only one who respects the leash laws around here?
165,1127,10,35,141,186,1.2956989247311828,0.04131539549214824,675,Now do you see why you shouldn't howl?
1592,1127,10,35,141,186,1.2956989247311828,0.04131539549214824,675,"Bare your teeth, growl, and puff yourself up!"
3295,1149,8,41,144,193,1.2953367875647668,0.03893200027236563,675,"I’m not gonna tell him he’s drawn poorly, you tell him."
2091,1149,15,27,151,193,1.2953367875647668,0.04351444827005395,675,Relax.  It's just another recession scare.
1782,1149,8,41,144,193,1.2953367875647668,0.03893200027236563,675,Your free to attack whenever you want
1568,1152,12,30,142,184,1.2934782608695652,0.042962911561136484,675,I bet HE picks up his own poop...
2124,1152,12,30,142,184,1.2934782608695652,0.042962911561136484,675,This is what happens after you bite an infected cat.
2276,1152,11,32,141,184,1.2934782608695652,0.04226600570869525,675,You got this. He looks just like our mailman.
2308,1152,8,38,138,184,1.2934782608695652,0.04010268874825893,675,Where's all that nonstop barking now?
2464,1152,11,32,141,184,1.2934782608695652,0.04226600570869525,675,"Stay, Baxter. I've learned from hard experience that it is best to keep out of Mommy's way when she has ""the curse."""
2720,1152,10,34,140,184,1.2934782608695652,0.041557414589034336,675,If you were more like that dog people wouldn't steal my packages.
2689,1152,5,44,135,184,1.2934782608695652,0.037815817472481104,675,"Walk the dog, she said.  It will be good for your health, she said"
3279,1152,8,38,138,184,1.2934782608695652,0.04010268874825893,675,I told you it was too late for a walk.
3366,1152,14,26,144,184,1.2934782608695652,0.0443238630118719,675,Looks like mom has the curse again.
3465,1152,7,40,137,184,1.2934782608695652,0.03935516628852123,675,This is what can happen if you don't let me clip your nails.
4018,1152,7,40,137,184,1.2934782608695652,0.03935516628852123,675,Now would be a good time to find your inner Were-Dog!
4108,1152,12,30,142,184,1.2934782608695652,0.042962911561136484,675,"What do you mean 'we', white canine?"
4478,1152,11,32,141,184,1.2934782608695652,0.04226600570869525,675,They say his bark is worse than his bite.
2646,1152,7,40,137,184,1.2934782608695652,0.03935516628852123,675,"In the future, no walkies at moonrise ."
1473,1152,9,36,139,184,1.2934782608695652,0.040836529922145794,675,You start sniffing her enthusiastically while I run like hell.
942,1152,10,34,140,184,1.2934782608695652,0.041557414589034336,675,The Hound of the Baskervilles meets the Beagle of the Howards
716,1152,8,38,138,184,1.2934782608695652,0.04010268874825893,675,I'm guessing that the neighbor's cat is looking pretty good about now...
703,1152,5,44,135,184,1.2934782608695652,0.037815817472481104,675,"See buddy, it's just a huge, terrifying monster."
662,1152,6,42,136,184,1.2934782608695652,0.03859316756052271,675,Have you ever thought that maybe you're a little too snoopy?
482,1152,11,32,141,184,1.2934782608695652,0.04226600570869525,675,You’re supposed to help me meet women.  A guy with a monthly cycle doesn’t count.
1005,1152,10,34,140,184,1.2934782608695652,0.041557414589034336,675,And I thought the climb up here was a beast.
2443,1173,11,31,139,181,1.292817679558011,0.04272797986632282,675,Does he smell odd to you?
1256,1174,14,37,171,222,1.2927927927927927,0.03882850677653656,675,"No, I'm sorry. You can't pet him."
3790,1175,11,32,142,185,1.2918918918918918,0.0420668421435111,675,Be a good boy and stay. I’ll go get help.
3724,1175,11,32,142,185,1.2918918918918918,0.0420668421435111,675,"Pooch, I am your father."
3331,1175,11,32,142,185,1.2918918918918918,0.0420668421435111,675,But you can hear the mailman coming from a mile away.
3591,1178,12,29,141,182,1.2912087912087913,0.04323099735831552,675,Don't just stand there. Sic
3668,1178,4,45,133,182,1.2912087912087913,0.03719162525937764,675,"Come on, you're an alpha dog!"
2910,1178,10,33,139,182,1.2912087912087913,0.041803033344537416,675,"Not to worry, Fluffy. It's just another blow-hard relative of Mr. Trumps."
3048,1178,10,33,139,182,1.2912087912087913,0.041803033344537416,675,"To be the devil's advocate, you do look quite tasty."
2915,1178,15,23,144,182,1.2912087912087913,0.04528860161541697,675,Still don't need to go?
3525,1178,10,33,139,182,1.2912087912087913,0.041803033344537416,675,Now who is the big bad woof?
2687,1178,8,37,137,182,1.2912087912087913,0.04032453423183373,675,"If you tell him I'm a dog person, we're both toast."
2488,1178,12,29,141,182,1.2912087912087913,0.04323099735831552,675,Don’t they know we have leash laws in this park.
2938,1178,13,27,142,182,1.2912087912087913,0.04392757562727281,675,"So, there’s your ancestor."
3827,1178,9,35,138,182,1.2912087912087913,0.041070437408304024,675,"Remember, YOU were the one who wanted to go for a walk!"
4604,1178,11,31,140,182,1.2912087912087913,0.04252300982644097,675,I told you not to dig in the backyard!
3832,1178,11,31,140,182,1.2912087912087913,0.04252300982644097,675,See what happens when you don't take your heartworm pill?
3847,1178,5,43,134,182,1.2912087912087913,0.037999075743089666,675,Now is a good time to bark.
4539,1178,10,33,139,182,1.2912087912087913,0.041803033344537416,675,So are you going to bark at it or what
3864,1178,17,19,146,182,1.2912087912087913,0.04660990208174788,675,I told you if you didn’t stop peeing on the couch that there would be trouble.
3925,1178,10,33,139,182,1.2912087912087913,0.041803033344537416,675,People change.
3981,1178,11,31,140,182,1.2912087912087913,0.04252300982644097,675,now where's the narrator
4511,1178,3,47,132,182,1.2912087912087913,0.036366251133968824,675,You were the one who wanted to go for a walk
2215,1178,9,35,138,182,1.2912087912087913,0.041070437408304024,675,Relax!  He'll just sniff you and be gone.
4723,1178,11,31,140,182,1.2912087912087913,0.04252300982644097,675,THIS is why dogs should never eat cat food or beg to go potty in the middle of the night.
4696,1178,13,27,142,182,1.2912087912087913,0.04392757562727281,675,Your the one that had to go out and I’m the one that just took a crap!
3828,1178,6,41,135,182,1.2912087912087913,0.03878972190186666,675,"Yes, your antidepressant may cause hallucinations. Why?"
2192,1178,13,27,142,182,1.2912087912087913,0.04392757562727281,675,You pee when you see any fire hydrant & bush we pass but THIS gets no reaction???
3000,1178,7,39,136,182,1.2912087912087913,0.03956457118583799,675,This is what mama turns into when you pee on the rug!
1739,1178,10,33,139,182,1.2912087912087913,0.041803033344537416,675,But is he electable?
67,1178,10,33,139,182,1.2912087912087913,0.041803033344537416,675,"It's not the Big Bad Wolf, Sparky, just someone's creation myth."
327,1178,9,35,138,182,1.2912087912087913,0.041070437408304024,675,Even he doesn't howl at the moon.
579,1178,8,37,137,182,1.2912087912087913,0.04032453423183373,675,"Apparently you don't understand how to take advantage 
of a full moon."
742,1178,9,35,138,182,1.2912087912087913,0.041070437408304024,675,I think we're gonna need another poop bag
765,1178,11,31,140,182,1.2912087912087913,0.04252300982644097,675,"I’m going to run. Hold the wolf off for forty-five seconds, without revealing any semblance of fear.  Then follow me.  Good puppy."
829,1178,8,37,137,182,1.2912087912087913,0.04032453423183373,675,"So this is your new friend Tommy? Well I don't think he is suitable_for your ""Show and Tell"" at Puppy Camp."
909,1178,9,35,138,182,1.2912087912087913,0.041070437408304024,675,It’s not a cat.  Quit being such a baby!
349,1178,9,35,138,182,1.2912087912087913,0.041070437408304024,675,"This is the part where you heroically sacrifice yourself to save me, right?  Right...?"
1088,1178,8,37,137,182,1.2912087912087913,0.04032453423183373,675,This is where you take the lead.
1171,1178,8,37,137,182,1.2912087912087913,0.04032453423183373,675,Let's see what they taught you in guard dog camp
1218,1178,11,31,140,182,1.2912087912087913,0.04252300982644097,675,... but did you stop howling at the moon? No!
1329,1178,13,27,142,182,1.2912087912087913,0.04392757562727281,675,So much for being constipated.
1355,1178,10,33,139,182,1.2912087912087913,0.041803033344537416,675,Are you just going to stand there?
1576,1178,10,33,139,182,1.2912087912087913,0.041803033344537416,675,"No, Fluffy, I don't think he wants to play."
4367,1217,8,39,142,189,1.291005291005291,0.03934147399240681,675,Good luck finding a flea collar for him.
2890,1217,11,33,145,189,1.291005291005291,0.04143203406646543,675,"Don't worry Rocket, there's two of us and only one of him!"
3350,1219,14,26,146,186,1.2903225806451613,0.04390241107836218,675,"No, you can’t pee on him. He is the “chosen one.”"
3579,1220,13,27,143,183,1.289617486338798,0.04371584699453551,675,Quit your whining.  Your mom's a poodle.
3733,1220,8,37,138,183,1.289617486338798,0.04013513518806301,675,I told you no good would come of howling at the full moon.
2980,1222,12,28,140,180,1.288888888888889,0.043503382781123166,675,"If all existence is just illusion, it's safe to continue our walkies."
4521,1222,10,32,138,180,1.288888888888889,0.04205232241552596,675,Don't try to tell me she looked better in her profile picture
4424,1222,10,32,138,180,1.288888888888889,0.04205232241552596,675,"I left the stove on. Boy, I think we should turn around."
4183,1222,11,30,139,180,1.288888888888889,0.04278400480284817,675,He doesn’t want you to pee on that one.
4049,1222,5,42,133,180,1.288888888888889,0.03818417981815775,675,… and if you don’t want her coming after you on the next full moon I’d suggest you stop eating her shoes.
4011,1222,6,40,134,180,1.288888888888889,0.03898852183420389,675,"I don't care if you sniffed a fat truffle there, he can have it."
3748,1222,7,38,135,180,1.288888888888889,0.03977660218328084,675,Don't you remember him?  He was your class valedictorian at obedience school.
3296,1222,8,36,136,180,1.288888888888889,0.04054936901701148,675,"Oh, I see- too good for Vicki's labradoodle, but NOW you're interested?"
4706,1222,9,34,137,180,1.288888888888889,0.04130768178085716,675,"Not so tough now, are you Mr. Barky."
2807,1222,9,34,137,180,1.288888888888889,0.04130768178085716,675,And you wanted to go on a midnight walk.
3902,1222,8,36,136,180,1.288888888888889,0.04054936901701148,675,"If we don’t move, he won’t see us..."
514,1222,15,22,143,180,1.288888888888889,0.0455934650217911,675,"Todd, I only need to be faster than you."
31,1222,7,38,135,180,1.288888888888889,0.03977660218328084,675,Mom needs a Snickers bar.
9,1222,10,32,138,180,1.288888888888889,0.04205232241552596,675,"Mommy says you're 'all bark and no bite'. Well, here's your chance!"
1716,1222,10,32,138,180,1.288888888888889,0.04205232241552596,675,Finally found where the wild things are!
4682,1237,8,35,134,177,1.2881355932203389,0.04097594592104471,675,Let's stick to chasing squirrels.
4677,1237,6,39,132,177,1.2881355932203389,0.03937798208832988,675,Do you still think you want to answer the call of the wild?
4371,1237,10,31,136,177,1.2881355932203389,0.042513889670317544,675,"So you just had to go walkies, huh."
4338,1237,10,31,136,177,1.2881355932203389,0.042513889670317544,675,"Hey, I thought they drained the swamp."
4014,1237,10,31,136,177,1.2881355932203389,0.042513889670317544,675,"Now, maybe, you'll stop digging."
3984,1237,9,33,135,177,1.2881355932203389,0.041751999706746465,675,"He says it’s always been his tree, too, buddy. Let’s just move on.”"
3084,1237,11,29,137,177,1.2881355932203389,0.043262364131976296,675,All that barking at home and now you don't have to go?
2362,1237,8,35,134,177,1.2881355932203389,0.04097594592104471,675,I don’t think your “arf” is going to cut it.
2268,1237,11,29,137,177,1.2881355932203389,0.043262364131976296,675,NOW you stop barking!
4242,1237,7,37,133,177,1.2881355932203389,0.040184907723380486,675,Is this a relative of yours?
961,1237,9,33,135,177,1.2881355932203389,0.041751999706746465,675,"I got nothin, champ."
633,1237,8,35,134,177,1.2881355932203389,0.04097594592104471,675,You go for the jugular; I'm getting the hell out of here!
1945,1237,9,33,135,177,1.2881355932203389,0.041751999706746465,675,"If you’re going to transform, now would be the time."
2020,1250,13,26,142,181,1.287292817679558,0.04399507948680658,675,And this is why you should never post single ads on “Where Wolf.com”.
2058,1251,7,37,134,178,1.2865168539325842,0.03999128660310702,675,Jack London is a hack.
2688,1251,10,31,137,178,1.2865168539325842,0.04230535333002531,675,We just need to show love to his hate
2079,1253,4,42,129,175,1.2857142857142858,0.03788942763158505,675,Let's hope his roar is worse than his bite.
2201,1253,11,28,136,175,1.2857142857142858,0.04353594883761751,675,And that’s what will become of you if you keep pooping in the house!
2377,1253,12,26,137,175,1.2857142857142858,0.04428386033515415,675,"This is our leader. He's a little rough around the edges, but you'll accept him just like the rest of us. After all, we're Republicans!"
2614,1253,7,36,132,175,1.2857142857142858,0.040406101782088436,675,"'Attack dog' is earned, buddy, not inherited."
2724,1253,11,28,136,175,1.2857142857142858,0.04353594883761751,675,"Every time I take you on a walk, strange things happen. I'm getting a gold fish."
3031,1253,12,26,137,175,1.2857142857142858,0.04428386033515415,675,Oh no I forgot a poop bag.
3126,1253,8,34,133,175,1.2857142857142858,0.04121085422817974,675,''NO that is NOT the mailman!''
3432,1253,6,38,131,175,1.2857142857142858,0.039584992310630805,675,You can grow up to be big and strong just like him
3437,1253,6,38,131,175,1.2857142857142858,0.039584992310630805,675,Are you sure you two are related?
3831,1253,9,32,134,175,1.2857142857142858,0.04200018989490487,675,"Come on, he only wants to sniff."
3649,1253,10,30,135,175,1.2857142857142858,0.04277496225831017,675,This is why you get GMO-free kibble.
3867,1253,10,30,135,175,1.2857142857142858,0.04277496225831017,675,Don't worry. He's already had two reprimands from the SPCA. He can't afford a third.
2036,1253,9,32,134,175,1.2857142857142858,0.04200018989490487,675,Try to find his weak spot buddy.
3903,1253,11,28,136,175,1.2857142857142858,0.04353594883761751,675,Don’t
4008,1253,9,32,134,175,1.2857142857142858,0.04200018989490487,675,And this is why we don’t go to the off leash parks.
4095,1253,13,24,138,175,1.2857142857142858,0.04501934840904774,675,He has worse breath than you.
4350,1253,11,28,136,175,1.2857142857142858,0.04353594883761751,675,That’s George before he gets his first cup of coffee.
4626,1253,6,38,131,175,1.2857142857142858,0.039584992310630805,675,Is this the cousin you told me about?'
3479,1253,9,32,134,175,1.2857142857142858,0.04200018989490487,675,"You guys are cousins, right? Just talk to him."
1996,1253,9,32,134,175,1.2857142857142858,0.04200018989490487,675,"Trust me, no matter how long you've been hanging on, this is not the tree you're looking for."
830,1253,12,26,137,175,1.2857142857142858,0.04428386033515415,675,He won't attack. He's been nominated for a Cabinet post.
1414,1253,8,34,133,175,1.2857142857142858,0.04121085422817974,675,"You know the kennel said you were a guard dog, right?"
55,1253,7,36,132,175,1.2857142857142858,0.040406101782088436,675,That's it little guy -- give him your 'no bark--big bite look.
99,1253,13,24,138,175,1.2857142857142858,0.04501934840904774,675,"Trump appointed me Environment Secretary, why?"
142,1253,6,38,131,175,1.2857142857142858,0.039584992310630805,675,They'll erect a statue for anything these days.
334,1253,9,32,134,175,1.2857142857142858,0.04200018989490487,675,I still like him better than the one we don't know.
438,1253,8,34,133,175,1.2857142857142858,0.04121085422817974,675,"Oh, NOW you're ready to poop."
556,1253,10,30,135,175,1.2857142857142858,0.04277496225831017,675,You're the one who wanted to go on Ancestor.com!
371,1253,8,34,133,175,1.2857142857142858,0.04121085422817974,675,So are to cool if I grab a coffee while you have your play date?
992,1253,6,38,131,175,1.2857142857142858,0.039584992310630805,675,I would expect at least a little growling from you at this point.
1137,1253,12,26,137,175,1.2857142857142858,0.04428386033515415,675,Don't be so standoffish - go sniff his butt.
1353,1253,9,32,134,175,1.2857142857142858,0.04200018989490487,675,"You know I am very open, but I don't think this is a good match."
680,1253,8,34,133,175,1.2857142857142858,0.04121085422817974,675,I told you not to rub your leg on that lamp.
504,1286,8,34,134,176,1.2840909090909092,0.041008177259238776,675,"OK Snowflake, now you try it. Remember, ears up, growl, show teeth, and a little wider stance."
3119,1287,9,31,133,173,1.283236994219653,0.04225201537092472,675,Let's set genealogy aside and keep walking.
626,1287,11,27,135,173,1.283236994219653,0.04381391871490425,675,You seeing this?
3284,1287,7,35,131,173,1.283236994219653,0.040630113618515526,675,You got this sparky
2394,1287,11,27,135,173,1.283236994219653,0.04381391871490425,675,"you been pooping in his yard,again ?"
2193,1287,9,31,133,173,1.283236994219653,0.04225201537092472,675,"Really, I think you can take him."
1372,1287,8,33,132,173,1.283236994219653,0.0414489983929548,675,Aren't you the one who barks and snarls at the scary mailman?
1068,1287,6,37,130,173,1.283236994219653,0.03979438148191013,675,Some best friend you are.
4188,1287,13,23,137,173,1.283236994219653,0.045322027132594304,675,"That's not what I meant by ""I'm looking for a dog person."""
2164,1295,8,32,130,170,1.2823529411764707,0.04190348200105059,675,You bark at the neighbour's Great Dane. What's the difference?
2974,1295,14,20,136,170,1.2823529411764707,0.04662170813535296,675,Now you see why I got custody.
3082,1295,8,32,130,170,1.2823529411764707,0.04190348200105059,675,Who let him in here? It’s clearly marked for dogs under 25lbs.
3099,1295,9,30,131,170,1.2823529411764707,0.0427260511642095,675,"No, Fido, I am not a bargaining chip!"
3120,1295,8,32,130,170,1.2823529411764707,0.04190348200105059,675,What do you mean “You sic this one?”
3447,1295,6,36,128,170,1.2823529411764707,0.04020789120637658,675,"See? When you confront your fears, it's not nearly as scary."""
3700,1295,10,28,132,170,1.2823529411764707,0.04353308043730567,675,"Yes, he’s literally a monster, but tax cuts."
3745,1295,8,32,130,170,1.2823529411764707,0.04190348200105059,675,"Let’s not sniff this one’s butt, okay, Duke?"
3809,1295,10,28,132,170,1.2823529411764707,0.04353308043730567,675,"Now, Sparky, when I said 'Make friends' yesterday this is not what I had in mind."
3933,1295,8,32,130,170,1.2823529411764707,0.04190348200105059,675,That's what happens when you bark for no reason in the middle of the night
3952,1295,8,32,130,170,1.2823529411764707,0.04190348200105059,675,He guards all the President's golf courses.
3960,1295,10,28,132,170,1.2823529411764707,0.04353308043730567,675,"Why do you think I feed you ""Mighty Dog""?"
4068,1295,6,36,128,170,1.2823529411764707,0.04020789120637658,675,Sometimes things are what they seem to be.
4096,1295,8,32,130,170,1.2823529411764707,0.04190348200105059,675,"Don’t worry, you’ve had your rabies shot."
4158,1295,9,30,131,170,1.2823529411764707,0.0427260511642095,675,"This is when you offer emotional support, Buddy."
4292,1295,10,28,132,170,1.2823529411764707,0.04353308043730567,675,"And yet, squirrels are scarier how?"
2509,1295,11,26,133,170,1.2823529411764707,0.044325418628989886,675,"Piper, this is Carpet Cleaner Man. Now, let’s go potty."
2234,1295,9,30,131,170,1.2823529411764707,0.0427260511642095,675,Ask if it wants a treat. It'usually works like a charm for me.
4554,1295,8,32,130,170,1.2823529411764707,0.04190348200105059,675,I don't think that was a friendly growl.
336,1295,8,32,130,170,1.2823529411764707,0.04190348200105059,675,Is this the relative no one speaks about?
2122,1295,10,28,132,170,1.2823529411764707,0.04353308043730567,675,"Yeah, yeah, I know, three riddles to pass..."
1913,1295,8,32,130,170,1.2823529411764707,0.04190348200105059,675,If you poop in the house again he’s your new daddy.”
1787,1295,8,32,130,170,1.2823529411764707,0.04190348200105059,675,"Now are you going to listen when I say, ""Bad dog""?"
1713,1295,7,34,129,170,1.2823529411764707,0.04106443911145132,675,Do you suppose you might muster a little growl perhaps?
1248,1295,7,34,129,170,1.2823529411764707,0.04106443911145132,675,See. Climate change is not a myth.
845,1295,6,36,128,170,1.2823529411764707,0.04020789120637658,675,"You don't, by any chance, speak werewolf, do ya boy?"
712,1295,10,28,132,170,1.2823529411764707,0.04353308043730567,675,"I know it's not fair, but he was probably on his leash twenty minutes ago."
623,1295,8,32,130,170,1.2823529411764707,0.04190348200105059,675,It won’t hurt you to take the dog for a walk she said.
2161,1295,7,34,129,170,1.2823529411764707,0.04106443911145132,675,I can assure you I did not vote for him.
4473,1295,5,38,127,170,1.2823529411764707,0.03933269468253526,675,You just HAD to go for a walk!
4711,1295,10,28,132,170,1.2823529411764707,0.04353308043730567,675,Even that won't make you poop?
211,1326,9,26,121,156,1.2820512820512822,0.045286398422963496,675,Still want to whine about the invisible fence?
3641,1327,9,31,134,174,1.2816091954022988,0.04204001206731359,675,Finally - something we actually needed a tariff on.
1988,1327,10,29,135,174,1.2816091954022988,0.04282293057084196,675,I've become inured to these scare tactics.
4148,1327,9,31,134,174,1.2816091954022988,0.04204001206731359,675,"Well, get a good workout routine and eat right and yeah, that could be you someday."
496,1327,11,27,136,174,1.2816091954022988,0.04359178994639277,675,Don’t let him scare you; he’s up for re-election
80,1327,8,33,133,174,1.2816091954022988,0.04124223377273099,675,"Go ahead, sniff his but."""
1433,1327,11,27,136,174,1.2816091954022988,0.04359178994639277,675,Let's pause our walk until Mrs Gelson has had her morning coffee.
3836,1327,7,35,132,174,1.2816091954022988,0.04042871601361234,675,"Whatever you do, don’t ask if it’s that time of the month."
1698,1327,8,33,133,174,1.2816091954022988,0.04124223377273099,675,"Don’t worry, he’s harmlesss"
3330,1335,9,30,132,171,1.280701754385965,0.04250753824948501,675,"And your little dog,too!"
3718,1335,10,28,133,171,1.280701754385965,0.04330923986444272,675,"Kalessi, do something!"
2511,1337,14,25,150,189,1.2804232804232805,0.04314339107496311,675,It eats dog poop--or you.  Your choice.
2232,1338,10,29,136,175,1.28,0.042607923436528444,675,"Now, be nice to the other doggie, Princess."
1451,1338,12,25,138,175,1.28,0.044122534260360086,675,Don't try and sniff his butt!
801,1340,11,32,150,193,1.2797927461139897,0.04053666053206766,675,It's supposed to be waxing gibbous.
2346,1341,6,35,127,168,1.2797619047619047,0.04042615451744904,675,I've never seen one before either.
2274,1341,8,31,129,168,1.2797619047619047,0.04215265078174906,675,Look who's too good for the leash law
3025,1341,9,29,130,168,1.2797619047619047,0.04298990541229187,675,You just had to mark your territory.
2007,1341,6,35,127,168,1.2797619047619047,0.04042615451744904,675,"No, this isn't EXACTLY like that time we saw The Rock at Whole Foods."
1946,1341,9,29,130,168,1.2797619047619047,0.04298990541229187,675,This would not be a good time not to lift your leg.
1863,1341,10,27,131,168,1.2797619047619047,0.043811162582012286,675,I know that look – you will not sniff his butt!
1818,1341,5,37,126,168,1.2797619047619047,0.03953464265222279,675,Why don’t we skip the alpha dog contest this time?
1654,1341,8,31,129,168,1.2797619047619047,0.04215265078174906,675,I think the squirrels brought in the heavy artillary.
1446,1341,11,25,132,168,1.2797619047619047,0.04461730568083673,675,"Snurt, I'd like you to meet our new rescue, Hairy Freaky Beast. Now be nice."
136,1341,10,27,131,168,1.2797619047619047,0.043811162582012286,675,"Good dog, Sparky. Trust your instincts."
251,1341,10,27,131,168,1.2797619047619047,0.043811162582012286,675,"ok,  NOW DO YOU HAVE TO GO ?"
2426,1341,12,23,133,168,1.2797619047619047,0.04540913967085192,675,"A werewolf.  Once, your kind were a wolf too."
82,1341,12,23,133,168,1.2797619047619047,0.04540913967085192,675,"I know I told you your father was a lab...But the truth is your father was invented in a lab.
Christopher Canaan, New Hope PA"
3088,1341,7,33,128,168,1.2797619047619047,0.04129842573874188,675,Be careful what you ask for... we only have 3 wishes.
3143,1341,9,29,130,168,1.2797619047619047,0.04298990541229187,675,I hate it when people think they don't need a leash!
4286,1341,10,27,131,168,1.2797619047619047,0.043811162582012286,675,You wanna go smell his butt?
4422,1341,6,35,127,168,1.2797619047619047,0.04042615451744904,675,"What are you waiting for, dog ? Sic 'em"
908,1341,12,23,133,168,1.2797619047619047,0.04540913967085192,675,If you were more like Sweetums here you too could go off leash.
2496,1341,12,23,133,168,1.2797619047619047,0.04540913967085192,675,Now we know who has been pooping in our yard!
3337,1360,8,31,130,169,1.2781065088757397,0.041935170686834715,675,Are you going to let him bully you?
3939,1360,9,29,131,169,1.2781065088757397,0.04276682030112418,675,nothing like a morning walk to fight off your inner demons.
1374,1360,5,37,127,169,1.2781065088757397,0.039334862477577115,675,"It's okay, he's a rescue."
2420,1363,12,24,137,173,1.277456647398844,0.044408435972656764,675,Beelzebub?  What a ridiculous name!  Is it Moscow Beelzebub or just Beelzebub?
2074,1364,7,32,127,166,1.2771084337349397,0.04153543205107765,675,Leash laws at this dog park are a joke.
3326,1364,5,36,125,166,1.2771084337349397,0.03973856332851152,675,"Perhaps if I don't make eye contact, he won't ask to pet my dog."
3207,1364,9,28,129,166,1.2771084337349397,0.04325772550568576,675,Hard to believe that he was once just a little toxic byproduct.
2940,1364,6,34,126,166,1.2771084337349397,0.040646928119378284,675,I'm not picking this one up.
4041,1364,10,26,130,166,1.2771084337349397,0.044093652219486655,675,"OK, here’s the plan: I’ll go get help while you go sniff her butt."
2197,1364,4,38,124,166,1.2771084337349397,0.03880894310962793,675,"Well, go on. Scare him off."
4110,1364,5,36,125,166,1.2771084337349397,0.03973856332851152,675,I'm sorry if you can you smell my fear
1992,1364,10,26,130,166,1.2771084337349397,0.044093652219486655,675,"Don't worry, he won't replace you."
1614,1364,10,26,130,166,1.2771084337349397,0.044093652219486655,675,did you bring the snickers bar?
1612,1364,9,28,129,166,1.2771084337349397,0.04325772550568576,675,Do you need to go NOW?
1563,1364,10,26,130,166,1.2771084337349397,0.044093652219486655,675,"Don't turn around, Pixie, he doesn't appear to be spayed."
1517,1364,8,30,128,166,1.2771084337349397,0.04240532355492023,675,"See, I told you it wasn't the neighbor's cat."
1440,1364,3,40,123,166,1.2771084337349397,0.03785650162334805,675,I'm wondering the same thing. Who's taking our picture?
1140,1364,7,32,127,166,1.2771084337349397,0.04153543205107765,675,Okay Fido. This is your chance to be man's best friend.
1127,1364,9,28,129,166,1.2771084337349397,0.04325772550568576,675,And yet the mailman sets you off.
980,1364,10,26,130,166,1.2771084337349397,0.044093652219486655,675,So he's the one behind all the robocalls.
560,1364,8,30,128,166,1.2771084337349397,0.04240532355492023,675,"So you're not actually a ""guard dog,"" you just really hate UPS. Do I have that right?"
4121,1364,10,26,130,166,1.2771084337349397,0.044093652219486655,675,You didn't bring your bone did you?
4236,1364,7,32,127,166,1.2771084337349397,0.04153543205107765,675,"Duffy, now is not the time to be a brave dog."
4464,1364,8,30,128,166,1.2771084337349397,0.04240532355492023,675,"I think it wants us to take a selfie,"
3373,1364,6,34,126,166,1.2771084337349397,0.040646928119378284,675,Now would be a good time to unlearn your good citizen training.
3404,1364,8,30,128,166,1.2771084337349397,0.04240532355492023,675,Now you know how we feel.
3317,1386,9,29,132,170,1.276470588235294,0.04254596922322716,675,Now you don't bark?
2983,1387,6,36,132,174,1.2758620689655173,0.039412426161213016,675,This is what happens when you have to pee at 3:00AM!
532,1388,13,29,158,200,1.275,0.04068354401682386,675,"If that doesn’t scare the poop out of you, nothing will."
1521,1389,11,28,143,182,1.2747252747252746,0.042055633965503735,675,"Sniff his butt, and he might calm down."
3374,1390,13,27,153,193,1.2746113989637307,0.041703005264262294,675,"Yes, my dog is seriously contemplating peeing on this thing."
4025,1391,7,31,126,164,1.274390243902439,0.041775480201748975,675,You never complained about traditional roles all the years I’ve worn a plastic bag on my hand.
4523,1391,9,27,128,164,1.274390243902439,0.043529577809360766,675,You should start barking NOW!!
3340,1391,10,25,129,164,1.274390243902439,0.044380635905183125,675,Relax! You don't taste that good.
1891,1391,6,33,125,164,1.274390243902439,0.040870209774351345,675,At least we know he’s not carrying a concealed weapon.
4246,1391,8,29,127,164,1.274390243902439,0.04266154527409851,675,"So, do you want to talk to him or should I?"
2699,1391,8,29,127,164,1.274390243902439,0.04266154527409851,675,"It's the wife's turn to walk the dog, but I should be glad to do it she says, 'cuz it's so beautiful out with the full moon . . ."
2120,1391,6,33,125,164,1.274390243902439,0.040870209774351345,675,I wouldn't sniff this one's butt if I were you.
2043,1391,9,27,128,164,1.274390243902439,0.043529577809360766,675,This is why you shouldn't lie on your dating profile.
2811,1391,7,31,126,164,1.274390243902439,0.041775480201748975,675,"It’s just reality, don’t worry."
1729,1391,9,27,128,164,1.274390243902439,0.043529577809360766,675,Who's the real monster here? At least he didn't poop in my shoe.
2151,1391,6,33,125,164,1.274390243902439,0.040870209774351345,675,Not so tough now that we're out of the car.
1631,1391,10,25,129,164,1.274390243902439,0.044380635905183125,675,He's only available once a month but they say he's the absolute best trans species relationship therapist in the business!
1593,1391,5,35,124,164,1.274390243902439,0.03994442824615528,675,You dragged me all the way out here to see this?
1434,1391,9,27,128,164,1.274390243902439,0.043529577809360766,675,"And that is what will happen to you, if you don't keep taking your flea and tick medication."
1212,1391,6,33,125,164,1.274390243902439,0.040870209774351345,675,So you'll bark at grandma but not this?
750,1391,9,27,128,164,1.274390243902439,0.043529577809360766,675,Hope you're happy now because I just peed in my pants!
275,1391,9,27,128,164,1.274390243902439,0.043529577809360766,675,This is what happens to bad dogs.
1641,1391,9,27,128,164,1.274390243902439,0.043529577809360766,675,What do you mean you've always wanted a baby brother?
2041,1409,7,32,129,168,1.2738095238095237,0.04110532708852036,675,"Well, you said you wanted to meet your ‘real’ father."
2032,1410,6,32,123,161,1.2732919254658386,0.04131718849580767,675,You know... you bark a big game.
2477,1410,7,30,124,161,1.2732919254658386,0.042246299444459,675,One of us should be barking aggressively.
2577,1410,7,30,124,161,1.2732919254658386,0.042246299444459,675,Just do your poop so we can get the hell out of here.
2845,1410,6,32,123,161,1.2732919254658386,0.04131718849580767,675,I knew we should have gotten you spayed.
3123,1410,12,20,129,161,1.2732919254658386,0.046614896487226824,675,"Go ahead, bark!"
3203,1410,9,26,126,161,1.2732919254658386,0.044045763926358304,675,I guess I'm the bitch now...
3246,1410,11,22,128,161,1.2732919254658386,0.045774543394359234,675,"At my friends you bark, but now? Nada"
3621,1410,5,34,122,161,1.2732919254658386,0.04036669807706975,675,Now’s a good time to show your dominance.
3883,1410,8,28,125,161,1.2732919254658386,0.043155411807833464,675,"Just think, Rex, all this used to be glacial."
3846,1410,10,24,127,161,1.2732919254658386,0.04491847138326595,675,I'm really not sure...is it one of your relatives or one of mine?
1908,1410,12,20,129,161,1.2732919254658386,0.046614896487226824,675,"WOLF, not WOOF!"
3894,1410,11,22,128,161,1.2732919254658386,0.045774543394359234,675,So that's the guy you were with before I found you at the rescue center?
4040,1410,11,22,128,161,1.2732919254658386,0.045774543394359234,675,"A threat? No, I think we need more facts."
4303,1410,8,28,125,161,1.2732919254658386,0.043155411807833464,675,He's so cute. Has he had his rabies shot yet?
4311,1410,9,26,126,161,1.2732919254658386,0.044045763926358304,675,"When I drop the leash, you go for the jugular."
4353,1410,11,22,128,161,1.2732919254658386,0.045774543394359234,675,Can I borrow your doggie bag?
4669,1410,7,30,124,161,1.2732919254658386,0.042246299444459,675,"The neighbors said he doesn't bite, but I'm not buying it tonight."
3719,1410,7,30,124,161,1.2732919254658386,0.042246299444459,675,"If it wants to smell your butt, let's just go with it."
1802,1410,6,32,123,161,1.2732919254658386,0.04131718849580767,675,Do you see what I see?
3285,1410,8,28,125,161,1.2732919254658386,0.043155411807833464,675,"You know, Sparky, in your DNA there werewolves."
1450,1410,9,26,126,161,1.2732919254658386,0.044045763926358304,675,"....and think about how strong the puppies will be. Besides, the stud fee is non-refundable."
0,1410,9,26,126,161,1.2732919254658386,0.044045763926358304,675,"Well I hope you’re happy now, Mr. “Won’t go within a mile of the house.”"
68,1410,9,26,126,161,1.2732919254658386,0.044045763926358304,675,That's what happens when you eat your own poop.
1679,1410,4,36,121,161,1.2732919254658386,0.03939328067186727,675,I’m sorry but you still have to “do your business” before we go home.
240,1410,9,26,126,161,1.2732919254658386,0.044045763926358304,675,"Ah, it's off-leash hours."
396,1410,5,34,122,161,1.2732919254658386,0.04036669807706975,675,Always knew you were all bark and no bite.
485,1410,9,26,126,161,1.2732919254658386,0.044045763926358304,675,"Don’t worry, Baxter, he’s ‘no bark, all bite.’"
656,1410,5,34,122,161,1.2732919254658386,0.04036669807706975,675,"Go ahead, just growl back."
119,1410,8,28,125,161,1.2732919254658386,0.043155411807833464,675,Now will you poop?
805,1410,9,26,126,161,1.2732919254658386,0.044045763926358304,675,"Excuse me sir, you're in our way."
850,1410,8,28,125,161,1.2732919254658386,0.043155411807833464,675,This is what will happen if you fail obedience school.
895,1410,7,30,124,161,1.2732919254658386,0.042246299444459,675,Now you know why they don't let him in the dog run during a full moon.
1241,1410,10,24,127,161,1.2732919254658386,0.04491847138326595,675,"Who's not realizing their full potential at
 the dog run now?"
1304,1410,6,32,123,161,1.2732919254658386,0.04131718849580767,675,Still glad you signed up for that ‘find your ancestors gene test’”
748,1410,10,24,127,161,1.2732919254658386,0.04491847138326595,675,Be gentle.
162,1445,9,27,129,165,1.2727272727272727,0.04329690580175037,675,You rescue me this time.
1726,1446,8,30,131,169,1.272189349112426,0.041745891126238936,675,"See, you can be whatever you want to be."
1502,1447,10,23,125,158,1.2721518987341771,0.04547467421652611,675,Are you saying you can see this too?
2865,1448,10,24,128,162,1.271604938271605,0.04467220055575988,675,You see why I picked you.
2930,1448,6,32,124,162,1.271604938271605,0.0410959919954237,675,I'm over the moon.
2261,1450,9,27,130,166,1.2710843373493976,0.043066639999029745,675,"Don't  be afraid, I have your back."
3102,1451,9,25,125,159,1.270440251572327,0.04433116664262766,675,So much for happy little trees.
3057,1451,5,33,121,159,1.270440251572327,0.04058086189691381,675,Yes it’s off-leash — what’s the problem?
3022,1451,7,29,123,159,1.270440251572327,0.04249740396890623,675,I’m so glad I can run faster than you.”
3015,1451,6,31,122,159,1.270440251572327,0.0415501846950937,675,"Just pee, will you."
2803,1451,9,25,125,159,1.270440251572327,0.04433116664262766,675,Don't worry its just mommy back from the sales at the Mall
2928,1451,6,31,122,159,1.270440251572327,0.0415501846950937,675,Don't just stand there.  Attack!
2864,1451,6,31,122,159,1.270440251572327,0.0415501846950937,675,"Obviously the guy he's looking for has a ""Boufront"" hairdo and hangs out in the Oval Office."
3171,1451,4,35,120,159,1.270440251572327,0.03958781196778098,675,Were you trolling the Internet again?
2714,1451,5,33,121,159,1.270440251572327,0.04058086189691381,675,"Do NOT try to sniff his butt, Roy."
2706,1451,9,25,125,159,1.270440251572327,0.04433116664262766,675,Remind me to bring an extra ball.
2969,1451,6,31,122,159,1.270440251572327,0.0415501846950937,675,You're birth father. Happy now?
3176,1451,13,17,129,159,1.270440251572327,0.047788056243128936,675,The  last presidential election was scarier than he is!
4032,1451,8,27,124,159,1.270440251572327,0.04342396619375543,675,Don't be scared.  Your therapy human is right here.
3425,1451,4,35,120,159,1.270440251572327,0.03958781196778098,675,"Welp you tracked down the scent,now what?"
3429,1451,5,33,121,159,1.270440251572327,0.04058086189691381,675,"I'm the one who should be shaking, you're just the appetizer."
3488,1451,6,31,122,159,1.270440251572327,0.0415501846950937,675,"You agree, he is a bit too melodramatic?"
3690,1451,8,27,124,159,1.270440251572327,0.04342396619375543,675,Please tell me that’s a friend of yours.
3698,1451,7,29,123,159,1.270440251572327,0.04249740396890623,675,"You bark like crazy at your own reflection, but this — nothing?"
3709,1451,8,27,124,159,1.270440251572327,0.04342396619375543,675,"It’s just a vacuum cleaner, Max."
3964,1451,8,27,124,159,1.270440251572327,0.04342396619375543,675,Don’t be so dramatic. He’s just our mailman.
4024,1451,7,29,123,159,1.270440251572327,0.04249740396890623,675,Are you going to play nice this time like we talked about?
4560,1451,6,31,122,159,1.270440251572327,0.0415501846950937,675,I adopted you for a reason.
4660,1451,7,29,123,159,1.270440251572327,0.04249740396890623,675,And yet you bark at the mailman.
2589,1451,9,25,125,159,1.270440251572327,0.04433116664262766,675,"Come on, Stanley, do your business and let's go home."
4547,1451,6,31,122,159,1.270440251572327,0.0415501846950937,675,Come along Buddy.  I don't think he plays well with others.
3301,1451,8,27,124,159,1.270440251572327,0.04342396619375543,675,So what do you say? Next time we'll stick with the dog park?
2533,1451,9,25,125,159,1.270440251572327,0.04433116664262766,675,This could be you if you don't finish school....
4314,1451,6,31,122,159,1.270440251572327,0.0415501846950937,675,"Given the magnitude of our current situation, I'm guessing that 'sic im'  would be ill-advised."
2281,1451,8,27,124,159,1.270440251572327,0.04342396619375543,675,I don't think he cares this is an on-leash park?
122,1451,7,29,123,159,1.270440251572327,0.04249740396890623,675,Just pretend he identifies as a poodle.
152,1451,10,23,126,159,1.270440251572327,0.04522017062989071,675,"Just like he said Sparky, we need immigration reform"
220,1451,8,27,124,159,1.270440251572327,0.04342396619375543,675,Doesn't this werewolf's owner know it's a leashed park?
351,1451,7,29,123,159,1.270440251572327,0.04249740396890623,675,"Let’s go, Boy. I don’t think we’re going to see any any bunnies tonight."
386,1451,9,25,125,159,1.270440251572327,0.04433116664262766,675,"Rusty, this is why leashes are so important."
484,1451,7,29,123,159,1.270440251572327,0.04249740396890623,675,"Oh, and by the way, one of the possible side effects of your new flea collar is the chance of hallucinations.”"
731,1451,9,25,125,159,1.270440251572327,0.04433116664262766,675,"George, I said it's OK to chase squirrels - this is not a squirrel!"
990,1451,8,27,124,159,1.270440251572327,0.04342396619375543,675,Great... Now I'll have to clean up two piles.
1065,1451,11,21,127,159,1.270440251572327,0.04609203106499472,675,THIS is who you wanted to set me up with?
1205,1451,6,31,122,159,1.270440251572327,0.0415501846950937,675,Save it until he goes back to being our mailman.
1262,1451,7,29,123,159,1.270440251572327,0.04249740396890623,675,Did you change our dosage again?
293,1451,7,29,123,159,1.270440251572327,0.04249740396890623,675,Don't worry. It's a vegan.
1547,1451,5,33,121,159,1.270440251572327,0.04058086189691381,675,Maybe if you growl ----
1566,1451,7,29,123,159,1.270440251572327,0.04249740396890623,675,"Not so keen on barking now, are you?"
1684,1451,7,29,123,159,1.270440251572327,0.04249740396890623,675,Can you just do your business so we can go home?
1791,1451,11,21,127,159,1.270440251572327,0.04609203106499472,675,I told you about eating table scraps
1904,1451,7,29,123,159,1.270440251572327,0.04249740396890623,675,"Don't judge me, I made the deal with him when I was eight"
1935,1451,8,27,124,159,1.270440251572327,0.04342396619375543,675,Kill the man. I can be your best friend.
1957,1451,4,35,120,159,1.270440251572327,0.03958781196778098,675,What do you mean `sometimes it really is the size of the dog in the fight`?
1415,1451,7,29,123,159,1.270440251572327,0.04249740396890623,675,"Now that we've both done our business, let's go home."
2005,1451,7,29,123,159,1.270440251572327,0.04249740396890623,675,What....nothing to say ?
2123,1451,3,37,119,159,1.270440251572327,0.03856920222789648,675,That little bit of DNA makes you howl at the moon
2186,1451,6,31,122,159,1.270440251572327,0.0415501846950937,675,I should've gone with the German Shepherd
2849,1503,11,30,152,193,1.2694300518134716,0.040235448734796314,675,"I already told you, buddy. We can't take it home."
458,1504,9,25,126,160,1.26875,0.04408563974896443,675,"Now Gordon, this is what happens when you pee on the carpet."""
1551,1504,7,29,124,160,1.26875,0.042264771709698806,675,"You must be kidding, that's your dad?"
4571,1506,7,28,122,157,1.267515923566879,0.04275175275514142,675,no - he is not lost and no - we can't take him home with us.
2572,1506,10,22,125,157,1.267515923566879,0.04552680875727029,675,No...it's not your father.
2677,1506,8,26,123,157,1.267515923566879,0.04369635775399191,675,It was you scratching at the door for a night walk. Own this moment.
2704,1506,10,22,125,157,1.267515923566879,0.04552680875727029,675,Now do you have to go?
2707,1506,6,30,121,157,1.267515923566879,0.041785799577232385,675,Anyone you know?
2880,1506,5,32,120,157,1.267515923566879,0.040796981861168695,675,Your turn.
3225,1506,5,32,120,157,1.267515923566879,0.040796981861168695,675,So this is the Brad you just play fetch with?
3403,1506,8,26,123,157,1.267515923566879,0.04369635775399191,675,"Rex, stop staring, werewolves don't like it when we stare."
3882,1506,10,22,125,157,1.267515923566879,0.04552680875727029,675,"If you learn to growl like that, you will be more useful."
3946,1506,8,26,123,157,1.267515923566879,0.04369635775399191,675,Well if you don’t know what it is it can’t eat you.
4016,1506,10,22,125,157,1.267515923566879,0.04552680875727029,675,Maybe Tinder is not for you.
2493,1506,6,30,121,157,1.267515923566879,0.041785799577232385,675,Now is the time to bring out the wild beast that you really are.
4168,1506,6,30,121,157,1.267515923566879,0.041785799577232385,675,Do you feel like showing your combat training or we just leave?
4697,1506,9,24,124,157,1.267515923566879,0.04462097038717284,675,Think you can lick him?
2491,1506,9,24,124,157,1.267515923566879,0.04462097038717284,675,Now will you hurry up and pee?
1277,1506,8,26,123,157,1.267515923566879,0.04369635775399191,675,Do not make eye contact.
2369,1506,7,28,122,157,1.267515923566879,0.04275175275514142,675,How long has this been going on?
2459,1506,6,30,121,157,1.267515923566879,0.041785799577232385,675,He wants to know if you marked his spot.
444,1506,6,30,121,157,1.267515923566879,0.041785799577232385,675,"Well, you did ask for help with the neighborhood cat."
1143,1506,13,16,128,157,1.267515923566879,0.048142167250814376,675,Is there no where we can go to get away from politics?
1313,1506,10,22,125,157,1.267515923566879,0.04552680875727029,675,Now. Play nice!
903,1506,7,28,122,157,1.267515923566879,0.04275175275514142,675,I thought I was your best friend
1705,1506,7,28,122,157,1.267515923566879,0.04275175275514142,675,Really? Are you sure you can't pee anywhere else?
2093,1506,9,24,124,157,1.267515923566879,0.04462097038717284,675,I bet he just wants to sniff your butt.
2327,1506,9,24,124,157,1.267515923566879,0.04462097038717284,675,See. This is what you were barking your damn fool head off over.
1550,1506,5,32,120,157,1.267515923566879,0.040796981861168695,675,The dog therapist says you have to face your fears.
1208,1532,10,23,128,161,1.2670807453416149,0.04471941855152625,675,"Luke, I am your father."
287,1532,5,33,123,161,1.2670807453416149,0.04014508236163696,675,"Muffy, trust me, you’re going to want to roll over for this one."
2919,1532,10,23,128,161,1.2670807453416149,0.04471941855152625,675,I wanted you to meet my nightmare
4293,1532,9,25,127,161,1.2670807453416149,0.043842749047405725,675,"See, I TOLD you that people don't really look like their online dating profile pictures! Are you still sure I was trying to ruin your life when I told you not to go out with this guy?"
2539,1536,7,27,120,154,1.2662337662337662,0.043255015112900655,675,i think that adding  CBD  oil to your food   has helped to calm you down so far.
2819,1536,11,19,124,154,1.2662337662337662,0.04701623213010291,675,I guess we can't walk here any more since they drained the swamp.
2960,1536,7,27,120,154,1.2662337662337662,0.043255015112900655,675,How are you afraid of your own reflection in the dishwasher but not this?
2907,1536,7,27,120,154,1.2662337662337662,0.043255015112900655,675,"Remember it's not the size of the dog in the fight, but  the size of  the fight in the dog."
2998,1536,4,33,117,154,1.2662337662337662,0.04020384333551236,675,"I think he can smell fear, too."
4436,1536,6,29,119,154,1.2662337662337662,0.042262440707957816,675,Perhaps skip scent marking this spot today.
3180,1536,8,25,121,154,1.2662337662337662,0.0442253182039528,675,Just think of him as the mailman!
3253,1536,9,23,122,154,1.2662337662337662,0.045174785091514194,675,Don’t worry. It’s just someone with a different opinion.
3980,1536,5,31,118,154,1.2662337662337662,0.04124598715960179,675,I told you to stay on the trail.
3505,1536,9,23,122,154,1.2662337662337662,0.045174785091514194,675,We're not going to need that doggie bag after all
2049,1536,6,29,119,154,1.2662337662337662,0.042262440707957816,675,No more Netflix for you.
3008,1536,6,29,119,154,1.2662337662337662,0.042262440707957816,675,"Yes, you're distantly related, but he's not really ""man's best friend"" material."
1647,1536,8,25,121,154,1.2662337662337662,0.0442253182039528,675,"I did say, “...you maybe disappointed when you meet your real dad!”
But, Noo!"
3063,1536,8,25,121,154,1.2662337662337662,0.0442253182039528,675,He says his home has become unbearably hot so he is moving up here.
1383,1536,8,25,121,154,1.2662337662337662,0.0442253182039528,675,"Don’t stare, you’ll make him feel that he’s odd."
1295,1536,5,31,118,154,1.2662337662337662,0.04124598715960179,675,"So, this is what you're running away from in your sleep?"
1177,1536,4,33,117,154,1.2662337662337662,0.04020384333551236,675,That would be your cue to bark.
1113,1536,4,33,117,154,1.2662337662337662,0.04020384333551236,675,We better play dead.
1048,1536,6,29,119,154,1.2662337662337662,0.042262440707957816,675,What if I told you he worked for UPS?
948,1536,6,29,119,154,1.2662337662337662,0.042262440707957816,675,I told you this place was a hell hole.
399,1536,5,31,118,154,1.2662337662337662,0.04124598715960179,675,Want to try off-leash today?
226,1536,11,19,124,154,1.2662337662337662,0.04701623213010291,675,Leash laws? Please!
1426,1536,8,25,121,154,1.2662337662337662,0.0442253182039528,675,"So I'm thinking, now, maybe you'll bring the ball back when I throw it?"
110,1536,7,27,120,154,1.2662337662337662,0.043255015112900655,675,"I don’t care what his parents let him do, you’re not allowed off-leash in the enchanted forest."
81,1536,8,25,121,154,1.2662337662337662,0.0442253182039528,675,"Your birth dad won unsupervised visitation."""
1585,1561,7,28,123,158,1.2658227848101267,0.0425140386572089,675,"OK, you've answered the call of the wild. Now what?"
191,1561,6,30,122,158,1.2658227848101267,0.04155499762800144,675,"No, you can't sniff him."
2423,1563,11,20,128,159,1.2641509433962264,0.04589062411985311,675,Relax boy. You're mother is just going through menopause.
2885,1564,5,30,117,152,1.263157894736842,0.0414709098441645,675,"OK, Sally Lou, let’s turn real slow-like and head for home.  Nooooo    running and Nooooo barking!"
3761,1564,5,30,117,152,1.263157894736842,0.0414709098441645,675,Thanks for not barking
2855,1564,7,26,119,152,1.263157894736842,0.04352140984370994,675,"Attack, Spike!"
2924,1564,5,30,117,152,1.263157894736842,0.0414709098441645,675,"Oh, okay. Now you stop barking."
2935,1564,6,28,118,152,1.263157894736842,0.04250852548658323,675,This is the kind of intimidation I'm looking for you to provide while we're away from the house.
2952,1564,6,28,118,152,1.263157894736842,0.04250852548658323,675,Is he related on the Wolf side of the family?
3034,1564,5,30,117,152,1.263157894736842,0.0414709098441645,675,"That reminds me, did I forget to feed the cat before your walk?"
3188,1564,5,30,117,152,1.263157894736842,0.0414709098441645,675,"See, this is what happens if you ask for food after midnight."
3247,1564,4,32,116,152,1.263157894736842,0.04040665771332917,675,This is where the wild things live Maurice
2794,1564,8,24,120,152,1.263157894736842,0.04451125128015218,675,"Don't worry, it's just an election-year recession rearing its ugly head."
3272,1564,9,22,121,152,1.263157894736842,0.04547955437628567,675,"Hey buddy, go git ‘im."
3358,1564,4,32,116,152,1.263157894736842,0.04040665771332917,675,That's why you always must be nice to girl dogs.
3509,1564,6,28,118,152,1.263157894736842,0.04250852548658323,675,"NO, I DON'T HAVE ANY IDEA WHERE HIS SQUEAKY THING IS."
3531,1564,6,28,118,152,1.263157894736842,0.04250852548658323,675,I hate running into my boss in public
2858,1564,6,28,118,152,1.263157894736842,0.04250852548658323,675,"Don’t worry, its just our HOA making sure you’re on a leash."
4342,1564,7,26,119,152,1.263157894736842,0.04352140984370994,675,You couldn't resist howling at the full moon could you?
3978,1564,6,28,118,152,1.263157894736842,0.04250852548658323,675,"In retrospect, wouldn't the wee-wee pad have been a better idea?"
4203,1564,7,26,119,152,1.263157894736842,0.04352140984370994,675,And that's why we need a wall.
4222,1564,5,30,117,152,1.263157894736842,0.0414709098441645,675,Meet your father; he's got a bit of an opioid problem
4237,1564,8,24,120,152,1.263157894736842,0.04451125128015218,675,If he thinks that I’m going to pick up his poop too he’s got another thing coming.
4387,1564,8,24,120,152,1.263157894736842,0.04451125128015218,675,"This reunion is touching, but it's time you were told that your brother was adopted."
4409,1564,5,30,117,152,1.263157894736842,0.0414709098441645,675,Don’t embarrass me now.
4415,1564,7,26,119,152,1.263157894736842,0.04352140984370994,675,You're always claiming to be a guard dog. Here's your chance.
4518,1564,5,30,117,152,1.263157894736842,0.0414709098441645,675,Good thing we had you fixed...
4525,1564,8,24,120,152,1.263157894736842,0.04451125128015218,675,"Sorry Old boy, this is my new support animal."
4526,1564,6,28,118,152,1.263157894736842,0.04250852548658323,675,Squirrel
4561,1564,9,22,121,152,1.263157894736842,0.04547955437628567,675,"If he attacks, don't be too rough on him when you pin him down."
4562,1564,6,28,118,152,1.263157894736842,0.04250852548658323,675,"So, genius, what’s your answer to The Call of the Wild?"
4681,1564,5,30,117,152,1.263157894736842,0.0414709098441645,675,All that barking and it's just Grendel...
4703,1564,5,30,117,152,1.263157894736842,0.0414709098441645,675,"I see how it is--no mail uniform, and you clam up."
3856,1564,6,28,118,152,1.263157894736842,0.04250852548658323,675,It’s ok to bark!
2645,1564,5,30,117,152,1.263157894736842,0.0414709098441645,675,Does emotional support includes fighting monsters?
2498,1564,4,32,116,152,1.263157894736842,0.04040665771332917,675,He didn't get his coffee today!!!!
2534,1564,6,28,118,152,1.263157894736842,0.04250852548658323,675,don't look in his eyes!
83,1564,4,32,116,152,1.263157894736842,0.04040665771332917,675,His bark is worse than his bite.
84,1564,8,24,120,152,1.263157894736842,0.04451125128015218,675,"Wait here Fido, I think I left something back at camp!"
116,1564,5,30,117,152,1.263157894736842,0.0414709098441645,675,Kill.
332,1564,8,24,120,152,1.263157894736842,0.04451125128015218,675,I told you sooner or later marking your spot for dominance was going to be challenged
342,1564,8,24,120,152,1.263157894736842,0.04451125128015218,675,"Owner to dog,  ATTACK “Dog to Owner , RETREAT"
366,1564,4,32,116,152,1.263157894736842,0.04040665771332917,675,"And the note said ""midnight at the bog for all-you-can-eat doggy treats""?"
395,1564,5,30,117,152,1.263157894736842,0.0414709098441645,675,"I know it looks like a tree and you have an urge to pee, but trust me on this one."
414,1564,7,26,119,152,1.263157894736842,0.04352140984370994,675,I told you this territory was already claimed...
2569,1564,6,28,118,152,1.263157894736842,0.04250852548658323,675,"Sic em, Rex!"
546,1564,4,32,116,152,1.263157894736842,0.04040665771332917,675,This would be a good time for you to bark menacingly.
628,1564,5,30,117,152,1.263157894736842,0.0414709098441645,675,The next panel is not for the faint of heart.
1056,1564,7,26,119,152,1.263157894736842,0.04352140984370994,675,"I told you, all dogs do not go to heaven."
1235,1564,10,20,122,152,1.263157894736842,0.04642766677323125,675,No . . . I don't think it's a vegetarian.
454,1564,6,28,118,152,1.263157894736842,0.04250852548658323,675,"Sure, you can sniff his butt as long as I don’t have to talk to his owner."
2228,1564,7,26,119,152,1.263157894736842,0.04352140984370994,675,It's times like this that I regret having you neutered.
1311,1564,6,28,118,152,1.263157894736842,0.04250852548658323,675,How long will this take?
2209,1564,6,28,118,152,1.263157894736842,0.04250852548658323,675,"Can you take care of this, my trusted little friend, or do I have to get involved?"
2039,1564,3,34,115,152,1.263157894736842,0.03931360593765812,675,How does he get away with no leash?
2031,1564,7,26,119,152,1.263157894736842,0.04352140984370994,675,"Sorry, buddy. It’s a dog-eat-dog world."
1963,1564,4,32,116,152,1.263157894736842,0.04040665771332917,675,"Well, let's see what I get from paying for your guard dog training."
1870,1564,6,28,118,152,1.263157894736842,0.04250852548658323,675,That's a bad dog.
2064,1564,10,20,122,152,1.263157894736842,0.04642766677323125,675,"It's the black sheep of our family, Bailey."
1767,1564,8,24,120,152,1.263157894736842,0.04451125128015218,675,He can smell fear.
1666,1564,8,24,120,152,1.263157894736842,0.04451125128015218,675,"Well? Either sniff his butt or don't, but let's go! Jeopardy starts in five minutes!"
1424,1564,6,28,118,152,1.263157894736842,0.04250852548658323,675,Go get him.
1408,1564,9,22,121,152,1.263157894736842,0.04547955437628567,675,"Frankly, I don’t think it much matters whether it’s a werewolf or an ogre. We’re screwed."
1381,1564,8,24,120,152,1.263157894736842,0.04451125128015218,675,I don’t think you have met my mother-in-law.
1836,1564,5,30,117,152,1.263157894736842,0.0414709098441645,675,"Easy boy, after 2020 you won’t have to fight him."
2288,1626,10,23,131,164,1.2621951219512195,0.04398829037497232,675,This is the last time I take you on a blind date.
2552,1627,9,22,122,153,1.261437908496732,0.04521405138783825,675,"Lupin, Sirius, and Snape reunite by moonlight"
4101,1627,9,22,122,153,1.261437908496732,0.04521405138783825,675,"You just had to go to the bathroom during our drive through the mystical evil Forest, didn't you jerry..."
2872,1627,6,28,119,153,1.261437908496732,0.04226479039206945,675,He doesn't need a leash.
4124,1627,9,22,122,153,1.261437908496732,0.04521405138783825,675,"When I said 'nice doggie,' I wasn't talking to you."
602,1627,9,22,122,153,1.261437908496732,0.04521405138783825,675,"They call this, the ""Things that go howl in the night."""
1082,1627,10,20,123,153,1.261437908496732,0.046155278732855486,675,"Don't be scared, Sparky, it's only the president."
2222,1627,7,26,120,153,1.261437908496732,0.04327021861385808,675,Who’s afraid of the big bad wolf?
2768,1627,9,22,122,153,1.261437908496732,0.04521405138783825,675,"I think that's the ghost of the neighbor's cat, isn't it?"
2530,1635,6,27,117,150,1.26,0.04275731422181576,675,This is why mommy can’t sleep with you tonight. Ok? Satisfied?
4442,1635,5,29,116,150,1.26,0.04169775126850502,675,Shouldn’t you be sniffing each other’s  butts right now?
3849,1635,6,27,117,150,1.26,0.04275731422181576,675,Now you see why she is my ex.
2424,1635,3,33,114,150,1.26,0.03949343671579066,675,Well this explains a thing or two about that unexpected litter of pups you graced us with!
2756,1635,6,27,117,150,1.26,0.04275731422181576,675,"You sound ferocious when the mailman walks up to the house.  And now, you've got nothing?"
686,1635,6,27,117,150,1.26,0.04275731422181576,675,Relax it's just a Labra-Demon.
1937,1635,8,23,119,150,1.26,0.04480132628270104,675,Tick season is getting worse.
4320,1642,6,26,115,147,1.2585034013605443,0.04326661893920212,675,Neither of us should be opting for mild puzzlement right now.
4200,1642,6,26,115,147,1.2585034013605443,0.04326661893920212,675,Sure. Now you point.
3989,1642,8,22,117,147,1.2585034013605443,0.04536933143282177,675,I think I read they're vegetarians.
3620,1642,9,20,118,147,1.2585034013605443,0.04638495655680603,675,That's the Ghost of Elections Yet To Come.
3457,1642,6,26,115,147,1.2585034013605443,0.04326661893920212,675,Maybe we should have come to the dog park earlier.
3433,1642,7,24,116,147,1.2585034013605443,0.04433044410499038,675,I think its time you left your safe space.
2906,1642,5,28,114,147,1.2585034013605443,0.04217596891968897,675,Hey! It was YOUR idea to go for a walk on the full moon!
2841,1642,5,28,114,147,1.2585034013605443,0.04217596891968897,675,I'm telling you for the last time it's just a squirrel
2837,1642,5,28,114,147,1.2585034013605443,0.04217596891968897,675,Stay... stay... good boy!
2414,1642,6,26,115,147,1.2585034013605443,0.04326661893920212,675,"See, I told you there would be consequences for all those evil little things you do."
1549,1642,5,28,114,147,1.2585034013605443,0.04217596891968897,675,"Come on, he just wants to say hello."
1511,1642,7,24,116,147,1.2585034013605443,0.04433044410499038,675,It's just a bad dream.
1380,1642,6,26,115,147,1.2585034013605443,0.04326661893920212,675,And you met this guy on Tinder?
1252,1642,6,26,115,147,1.2585034013605443,0.04326661893920212,675,I thought it would be better if you met on neutral territory.
331,1642,6,26,115,147,1.2585034013605443,0.04326661893920212,675,‘It’s just a cat.’
183,1642,7,24,116,147,1.2585034013605443,0.04433044410499038,675,Perhaps if we stay absolutely still......it'll make absolutely no difference.
4558,1642,6,26,115,147,1.2585034013605443,0.04326661893920212,675,Don't worry it will be OK. The Pres. just had the normal bad week with most of the World plotting against him. Some golf will surely help him out.
4656,1642,7,24,116,147,1.2585034013605443,0.04433044410499038,675,Do you mind if we get a quick selfie?
4672,1642,6,26,115,147,1.2585034013605443,0.04326661893920212,675,He'll feed you while I'm away at the fantasy con.
4410,1642,8,22,117,147,1.2585034013605443,0.04536933143282177,675,Here’s the plan. I’m going to throw you at it and run.
4416,1642,8,22,117,147,1.2585034013605443,0.04536933143282177,675,"Let’s see, Skippy. I’ll work on our escape while you sniff his crotch."
3495,1663,7,25,119,151,1.2582781456953642,0.043534337171142495,675,Remember when I told you there would be consequences if you continued to resist house training?
1120,1664,4,30,114,148,1.2567567567567568,0.04081539481055208,675,"Ugh, full moon Mondays."
3394,1664,9,20,119,148,1.2567567567567568,0.04610357654594072,675,Imagine scooping his poop!
3703,1666,7,25,120,152,1.256578947368421,0.04328034702992404,675,"Who does he think he is, breaking the leash law?"
548,1666,4,31,117,152,1.256578947368421,0.04014689666473146,675,I guess this is as good a time as any to suggest showing a little more ambition.
1237,1666,8,23,121,152,1.256578947368421,0.04427557808511744,675,It has a lot to do with how you are raised.
3124,1666,8,23,121,152,1.256578947368421,0.04427557808511744,675,Let's just turn around. It's getting late.
3402,1666,9,21,122,152,1.256578947368421,0.04524892474426334,675,"Let's find another tree, OK Rocky?"
4012,1666,9,21,122,152,1.256578947368421,0.04524892474426334,675,"Honey, the neighbors have a new dog."""
4297,1666,6,27,119,152,1.256578947368421,0.042261685523532766,675,"Oh, don't be such a drama queen. We're just out for a walk."
4456,1666,7,25,120,152,1.256578947368421,0.04328034702992404,675,See Sparky?  THIS is why we always stay in the fenced backyard.....
3329,1674,8,21,116,145,1.2551724137931035,0.04567429077311616,675,This wouldn't happen if I owned a cat.
3303,1674,5,27,113,145,1.2551724137931035,0.042412079833322056,675,"Well, here’s another nice mess you’ve gotten me into”"
3039,1674,6,25,114,145,1.2551724137931035,0.04352665799715286,675,Now that is a real monster.
4391,1674,5,27,113,145,1.2551724137931035,0.042412079833322056,675,"Do you see something, boy?"
3500,1674,6,25,114,145,1.2551724137931035,0.04352665799715286,675,Does that smell like a rabbit to you?
2686,1674,7,23,115,145,1.2551724137931035,0.044613399299023804,675,Now would be a good time to play dead.
2676,1674,8,21,116,145,1.2551724137931035,0.04567429077311616,675,All that salami before bed was a mistake.
2711,1674,7,23,115,145,1.2551724137931035,0.044613399299023804,675,So you had to pee eh?
3680,1674,5,27,113,145,1.2551724137931035,0.042412079833322056,675,"Well, at least try to pee."
4254,1674,8,21,116,145,1.2551724137931035,0.04567429077311616,675,You should see his tweets.
3793,1674,5,27,113,145,1.2551724137931035,0.042412079833322056,675,No! I'm the chosen one!
3950,1674,4,29,112,145,1.2551724137931035,0.04126740935865803,675,I think he found your bone.
3953,1674,6,25,114,145,1.2551724137931035,0.04352665799715286,675,Well you said you were lonely out here.
4155,1674,9,19,117,145,1.2551724137931035,0.04671109373842782,675,I think you should hold him off while I go for help.
4377,1674,7,23,115,145,1.2551724137931035,0.044613399299023804,675,Sometimes you have to share pee spots
4376,1674,9,19,117,145,1.2551724137931035,0.04671109373842782,675,I told you obedience school was worth it.
2538,1674,7,23,115,145,1.2551724137931035,0.044613399299023804,675,Don't worry. It's just a myth.
4467,1674,6,25,114,145,1.2551724137931035,0.04352665799715286,675,This is what rampant inflation looks like
3741,1674,6,25,114,145,1.2551724137931035,0.04352665799715286,675,Don't worry -- I got you that tick collar.
2428,1674,7,23,115,145,1.2551724137931035,0.044613399299023804,675,Yes!  His bite IS worse than his bark!
1442,1674,8,21,116,145,1.2551724137931035,0.04567429077311616,675,I may need you to translate here.
1924,1674,5,27,113,145,1.2551724137931035,0.042412079833322056,675,"Sorry Buddy, a deal is a deal."
1999,1674,5,27,113,145,1.2551724137931035,0.042412079833322056,675,Nothing like the smell of the Great Outdoors
218,1674,9,19,117,145,1.2551724137931035,0.04671109373842782,675,I may need to borrow the poop bag I brought for you.
252,1674,10,17,118,145,1.2551724137931035,0.04772537814259011,675,What part of 'attack' did you not understand?
1077,1674,8,21,116,145,1.2551724137931035,0.04567429077311616,675,"See, this is what I'd expect you to grow into."
1200,1674,8,21,116,145,1.2551724137931035,0.04567429077311616,675,About last night... you might want to get tested.
1227,1674,9,19,117,145,1.2551724137931035,0.04671109373842782,675,"The good news is, I see you’ve finally gone."
1263,1674,6,25,114,145,1.2551724137931035,0.04352665799715286,675,I hope the puppies get your temperament.
688,1674,6,25,114,145,1.2551724137931035,0.04352665799715286,675,I told you the dog park has changed.
1347,1674,7,23,115,145,1.2551724137931035,0.044613399299023804,675,I hate when you bring your work friends over.
1349,1674,3,31,111,145,1.2551724137931035,0.04009006902665584,675,You know this guy?
1516,1674,6,25,114,145,1.2551724137931035,0.04352665799715286,675,I think it’s time to hire a gardener with less exciting taste in topiary
1543,1674,9,19,117,145,1.2551724137931035,0.04671109373842782,675,"Now you see what I'm talking about, he's got game!"
1561,1674,8,21,116,145,1.2551724137931035,0.04567429077311616,675,"It's my ex. Yes, the controlling one."
1324,1674,4,29,112,145,1.2551724137931035,0.04126740935865803,675,"I said, ""Sic!"""
1755,1674,7,23,115,145,1.2551724137931035,0.044613399299023804,675,"I think he already peed there, buddy..."
3673,1711,6,24,112,142,1.2535211267605635,0.04406275403227522,675,Now would be a good time to roll over and play dead.
3523,1711,6,24,112,142,1.2535211267605635,0.04406275403227522,675,"Don’t worry, you’re still man’s best friend."
3508,1711,7,22,113,142,1.2535211267605635,0.045182036405808805,675,We had trolls back in my day.
3267,1711,9,18,115,142,1.2535211267605635,0.04734127855803986,675,"Don't be afraid, he's just one of the candidates for President."
3071,1711,11,14,117,142,1.2535211267605635,0.04940624350468286,675,"Fido, be nice and say hello to my former science teacher."
3130,1711,5,26,111,142,1.2535211267605635,0.042914288669879404,675,What part of fearless protection of your master don’t you get?
3049,1711,5,26,111,142,1.2535211267605635,0.042914288669879404,675,"Stay, I'll get help!"
3749,1711,5,26,111,142,1.2535211267605635,0.042914288669879404,675,You’ve got a great imagination for a dog.
2883,1711,7,22,113,142,1.2535211267605635,0.045182036405808805,675,"um, the small dog area isn't here anymore"
3160,1711,6,24,112,142,1.2535211267605635,0.04406275403227522,675,"See, this is what happens when you aren’t properly socialized."
4597,1711,9,18,115,142,1.2535211267605635,0.04734127855803986,675,"We went out of our way to reunite you with your Master, Mr. Trump!"
4229,1711,4,28,110,142,1.2535211267605635,0.041734231167887756,675,"Go outside, they said. Fresh air will be good for you, they said."
3782,1711,2,32,108,142,1.2535211267605635,0.03926787248426633,675,The tail wag is not helping.
3858,1711,7,22,113,142,1.2535211267605635,0.045182036405808805,675,"Thanks, Kary Mullis, now everyone's fooling around with CRISPR."
3992,1711,7,22,113,142,1.2535211267605635,0.045182036405808805,675,"It's all right, Sparky; I'm pretty sure it just wants to sniff your butt."
4010,1711,7,22,113,142,1.2535211267605635,0.045182036405808805,675,"It's okay, he's after the unfettered capitalism that led to the deforestation of his home."
4071,1711,8,20,114,142,1.2535211267605635,0.046274253474722624,675,"He can't bark himself,so he eats little dogs that yap."
4104,1711,7,22,113,142,1.2535211267605635,0.045182036405808805,675,That's just Grandma before she's had her coffee.
4595,1711,6,24,112,142,1.2535211267605635,0.04406275403227522,675,"Well boy, looks like you got Catfished again."
4510,1711,4,28,110,142,1.2535211267605635,0.041734231167887756,675,We're late for our play date
4263,1711,6,24,112,142,1.2535211267605635,0.04406275403227522,675,You can take him. Think big.
2881,1711,5,26,111,142,1.2535211267605635,0.042914288669879404,675,And I thought buying a dog would help me meet women... I'm going to give Tinder another shot.
3772,1711,5,26,111,142,1.2535211267605635,0.042914288669879404,675,"Well, at least it's out of the closet."
2750,1711,8,20,114,142,1.2535211267605635,0.046274253474722624,675,He's actually a pretty mediocre dentist most of the time
1083,1711,4,28,110,142,1.2535211267605635,0.041734231167887756,675,"Remember, it's not the dog in the fight, it's the fight in the dog."
2264,1711,6,24,112,142,1.2535211267605635,0.04406275403227522,675,He's more afraid of you than you are of him
62,1711,7,22,113,142,1.2535211267605635,0.045182036405808805,675,"The sun is down, another politician is up."
93,1711,7,22,113,142,1.2535211267605635,0.045182036405808805,675,Is this that uncle you’ve been telling me about?
230,1711,7,22,113,142,1.2535211267605635,0.045182036405808805,675,So much for the 'Monster Free Zone' signage.
256,1711,6,24,112,142,1.2535211267605635,0.04406275403227522,675,Don’t hold back on the emotional support.
2543,1711,5,26,111,142,1.2535211267605635,0.042914288669879404,675,Can you at least pretend like it's the mailman?
624,1711,5,26,111,142,1.2535211267605635,0.042914288669879404,675,"Now Stuart, what is Satan trying to tell us?"
735,1711,5,26,111,142,1.2535211267605635,0.042914288669879404,675,He just wants to be friends.
1129,1711,5,26,111,142,1.2535211267605635,0.042914288669879404,675,"It's wagging, so that's a good sign."
1223,1711,4,28,110,142,1.2535211267605635,0.041734231167887756,675,...And that is why dogs should stay off drugs.
802,1711,5,26,111,142,1.2535211267605635,0.042914288669879404,675,"I know, he shouldn't be off leash."
1482,1711,7,22,113,142,1.2535211267605635,0.045182036405808805,675,"Be friendly, Molly.  No need to frighten him."
1620,1711,7,22,113,142,1.2535211267605635,0.045182036405808805,675,I warned you about pooping in his yard.
1742,1711,4,28,110,142,1.2535211267605635,0.041734231167887756,675,"You just had to sniff the pee over here, didn’t you?"
1801,1711,6,24,112,142,1.2535211267605635,0.04406275403227522,675,You actually prefer this to the vacuum cleaner?
1888,1711,7,22,113,142,1.2535211267605635,0.045182036405808805,675,"Ruff , don't hurt the big dog"
2127,1711,3,30,109,142,1.2535211267605635,0.04051982144960226,675,Don't worry it's just swamp gas.
2190,1711,7,22,113,142,1.2535211267605635,0.045182036405808805,675,"You just had to pee here, didn’t ya boy?"
2194,1711,9,18,115,142,1.2535211267605635,0.04734127855803986,675,Do you remember the password?
1265,1711,7,22,113,142,1.2535211267605635,0.045182036405808805,675,"OK, Albert, time to go pee-pee."
2456,1756,6,25,115,146,1.2534246575342465,0.04326282001025936,675,You have been trolled.
1479,1756,7,23,116,146,1.2534246575342465,0.04434123257792524,675,"Yes, I said sic 'em."
1752,1758,5,25,109,139,1.2517985611510791,0.043433982204254526,675,He's such a drama queen.
2474,1759,9,17,114,140,1.25,0.04768537689458502,675,Where’s the tough guy now?
2470,1759,6,23,111,140,1.25,0.044334753871226124,675,I don’t think Timmy’s in the well anymore Lassie
1925,1759,5,25,110,140,1.25,0.04316011443339083,675,Shouldn't you be trying to protect me by now?
2444,1759,5,25,110,140,1.25,0.04316011443339083,675,"I think it's probably just the pepperoni pizza I ate, but what do you see?"
2134,1759,5,25,110,140,1.25,0.04316011443339083,675,Watch this.
1976,1759,4,27,109,140,1.25,0.04195259890620108,675,"See what happens when you don't go to obedience class, Spot?"
1956,1759,6,23,111,140,1.25,0.044334753871226124,675,One day you'll be big and fierce too.
2462,1759,7,21,112,140,1.25,0.04547906467530975,675,"Silly me! When the weatherman said it was beastly outside, I assumed he meant the temperature."
2640,1759,7,21,112,140,1.25,0.04547906467530975,675,"Don't worry, it only eats cats."
3529,1759,9,17,114,140,1.25,0.04768537689458502,675,"Careful boy, that may be our next President."
3012,1759,6,23,111,140,1.25,0.044334753871226124,675,Sick him Fido!  I'm out of here!
3085,1759,4,27,109,140,1.25,0.04195259890620108,675,Why can't you be like your big brother?
3168,1759,6,23,111,140,1.25,0.044334753871226124,675,"No problem, just remind him that you two are genetically connected."
3193,1759,10,15,115,140,1.25,0.048751103500304795,675,What are you upset about? I gotta walk back to the house alone.
3291,1759,5,25,110,140,1.25,0.04316011443339083,675,"Don't worry.  He's vegan, not paleo"
3316,1759,4,27,109,140,1.25,0.04195259890620108,675,This is the part where you are supposed to bark.
1735,1759,5,25,110,140,1.25,0.04316011443339083,675,"Yes, I ‘m sure he’s friendly."
4553,1759,8,19,113,140,1.25,0.046595281377622505,675,"Don't worry, I've heard they are vegetarians."
3717,1759,7,21,112,140,1.25,0.04547906467530975,675,Bet he’ll howl if you do.
3721,1759,5,25,110,140,1.25,0.04316011443339083,675,"Go for the ankles, Rex!"
2652,1759,2,31,107,140,1.25,0.03942677655029597,675,You're the one who was begging for a walk.
1674,1759,6,23,111,140,1.25,0.044334753871226124,675,I hope your bite is better than your bark.
426,1759,6,24,114,144,1.25,0.04351941398892446,675,"You'd think at this point the Government would take water table pollution more seriously, but we know it's all about the money, don't we Spot?"
4596,1759,5,25,110,140,1.25,0.04316011443339083,675,"The only thing we have to fear is fear itself...
and werewolves."
4644,1759,6,23,111,140,1.25,0.044334753871226124,675,I'd heard that his species had gone extinct. He must be the last one.
3892,1759,8,19,113,140,1.25,0.046595281377622505,675,"Scary? Yes, but its breath is a weapon of mass destruction."
1189,1759,6,26,120,152,1.25,0.04200657220898526,675,"Nothin'?  2 hours of an insane, foamfest at a bobblehead and now you've got nothin'?"
3589,1759,7,24,121,152,1.25,0.043031273331024834,675,It's either a meme or a trope.
193,1759,8,19,113,140,1.25,0.046595281377622505,675,I know you've always been curious about your birth parents.
249,1759,5,25,110,140,1.25,0.04316011443339083,675,Something tells me he doesn’t care if you’re wagging your tail .
257,1759,6,23,111,140,1.25,0.044334753871226124,675,"Yeah buddy, I think we walked really far from home, like, really far."
288,1759,5,25,110,140,1.25,0.04316011443339083,675,Ugh. I hate when owners let their dogs off-leash.
1657,1759,7,21,112,140,1.25,0.04547906467530975,675,You're the one who took the test so you could meet your relatives.
347,1759,8,19,113,140,1.25,0.046595281377622505,675,You had to pee on that stump.
442,1759,6,23,111,140,1.25,0.044334753871226124,675,Can I borrow your poop scoop?”
663,1759,8,19,113,140,1.25,0.046595281377622505,675,You realize you two share 99.7% of the same DNA?
684,1759,4,27,109,140,1.25,0.04195259890620108,675,"You don't see him barking at the mailman, do you?"
877,1759,6,23,111,140,1.25,0.044334753871226124,675,He says he's made a bit of a mess and wants to know whether you've a spare poop bag
882,1759,5,25,110,140,1.25,0.04316011443339083,675,"You are still not getting it Chester, when you spot your prey you are supposed to stand on 3 legs ant point your tail"
891,1759,8,19,113,140,1.25,0.046595281377622505,675,"It's not a competition.  But if it were,you would lose."
970,1759,6,23,111,140,1.25,0.044334753871226124,675,That is the worst case of PMS I've ever seen.
1246,1759,4,27,109,140,1.25,0.04195259890620108,675,"I'm sorry, but I warned you. If you don't go, I'd get something to scare it out of you."
1390,1759,6,23,111,140,1.25,0.044334753871226124,675,What are you waiting for? Show it who's boss!
412,1759,4,27,109,140,1.25,0.04195259890620108,675,You see?  This is why we have  leash laws.
4348,1759,7,21,112,140,1.25,0.04547906467530975,675,"Walk the dog in the valley, see the Sasquatch,"" she says. 
She doesn't know the difference between a Sasquatch
and a Werewolf?"
1150,1804,7,25,125,157,1.2484076433121019,0.04205256635500158,675,But socializing is important at your age.
1842,1805,4,27,110,141,1.24822695035461,0.04169171895547657,675,"Yes, sir - this is the dog who chewed up my new shoes."
2071,1805,4,27,110,141,1.24822695035461,0.04169171895547657,675,"She's a bit long in the tooth for you, don't you think?"
521,1807,5,25,112,142,1.2464788732394365,0.04262233735759899,675,"Bark louder, and this time, more teeth."
3413,1808,8,18,112,138,1.2463768115942029,0.04692106333606209,675,You failed to mention that Rebecca would be joining us.
4653,1808,6,22,110,138,1.2463768115942029,0.04460956331318161,675,I could totally answer this riddle if I had my phone with me.
4390,1808,8,18,112,138,1.2463768115942029,0.04692106333606209,675,This is the last time I'm letting you lead.
4380,1808,2,30,106,138,1.2463768115942029,0.03958367147959845,675,Go sniff his butt and make friends.
3747,1808,7,20,111,138,1.2463768115942029,0.045779904562916626,675,Hard to believe you’re both descended from wolves.
3619,1808,4,26,108,138,1.2463768115942029,0.04217155550129456,675,And me without my camera.
3173,1808,8,18,112,138,1.2463768115942029,0.04692106333606209,675,I'll never complain about having to clean up after you again.
3040,1808,6,22,110,138,1.2463768115942029,0.04460956331318161,675,"Toto, we're back in black and white, so I have a feeling we’re not in Oz anymore."
3028,1808,7,20,111,138,1.2463768115942029,0.045779904562916626,675,I wouldn’t “say hello” to this one boy.
2988,1808,3,28,107,138,1.2463768115942029,0.040898087615459135,675,YOU were the one who wanted to go outside.
2963,1808,7,20,111,138,1.2463768115942029,0.045779904562916626,675,"I suppose yelling ""Sic 'em"" is pointless."
2681,1808,6,22,110,138,1.2463768115942029,0.04460956331318161,675,"That's why I told you not to
tinkle along the Black lagoon"
2629,1808,4,26,108,138,1.2463768115942029,0.04217155550129456,675,"If you don't stop barking at night, he'll come and get you."
2508,1808,7,20,111,138,1.2463768115942029,0.045779904562916626,675,Another example of climate change. Let me introduce you to Pooch your ancestor.
2047,1808,5,24,109,138,1.2463768115942029,0.04340767923070482,675,See what you could be if you applied yourself?
2030,1808,6,22,110,138,1.2463768115942029,0.04460956331318161,675,I hope he’s wearing a chip.
1652,1808,7,20,111,138,1.2463768115942029,0.045779904562916626,675,It's just tired old Bigfoot. Give him a thrill and bark.
2730,1825,5,24,110,139,1.2446043165467626,0.04313069881830356,675,I said...attack!
2970,1825,5,24,110,139,1.2446043165467626,0.04313069881830356,675,"He's basically a squirrel, but bigger."
2505,1825,4,26,109,139,1.2446043165467626,0.041904567364428186,675,This is the last time we’re attending your family reunions.
2415,1825,7,20,112,139,1.2446043165467626,0.04548390934897567,675,"Back, Bruno! Back!"
3257,1825,4,26,109,139,1.2446043165467626,0.041904567364428186,675,And you thought it was a rabbit? Now what
3615,1825,5,24,110,139,1.2446043165467626,0.04313069881830356,675,OK Big Guy.  You're on!
1714,1825,10,14,115,139,1.2446043165467626,0.048801426755083435,675,"Luke, is that your father?"
3893,1825,6,22,111,139,1.2446043165467626,0.04432292403610714,675,"Don't worry, I'm sure his bark is worse than his bite."
3905,1825,7,20,112,139,1.2446043165467626,0.04548390934897567,675,"S'ok, he's vegan"
2245,1825,6,22,111,139,1.2446043165467626,0.04432292403610714,675,"Snoopers, I've a feeling we're not in London anymore. We must be over Baskerville Hall!"
4117,1825,8,18,113,139,1.2446043165467626,0.04661598893320991,675,And that's why we need a border wall.
4208,1825,4,26,109,139,1.2446043165467626,0.041904567364428186,675,"Don't worry. You were descended from wolves, not werewolves."
4218,1825,3,28,108,139,1.2446043165467626,0.040641460990527734,675,What do you mean you’re going on a paleo diet?
3810,1825,7,20,112,139,1.2446043165467626,0.04548390934897567,675,"Ok buddy, go ahead and poop now."
1893,1825,6,22,111,139,1.2446043165467626,0.04432292403610714,675,I hoped that the nightmares from the Daisy Hill Puppy Farm were over.  Sorry.
465,1825,4,26,109,139,1.2446043165467626,0.041904567364428186,675,Is he friendly?
59,1825,2,30,107,139,1.2446043165467626,0.039337818151103335,675,Try to convince him you're related on your mother's side.
1267,1825,7,20,112,139,1.2446043165467626,0.04548390934897567,675,"Mom just missed dinner, give her an hour or so."
1180,1825,9,16,114,139,1.2446043165467626,0.04772122000511367,675,It's just our President in disguise.
1130,1825,4,26,109,139,1.2446043165467626,0.041904567364428186,675,"If you’re good, I’m good."
928,1825,8,18,113,139,1.2446043165467626,0.04661598893320991,675,You just couldn't wait until morning when he goes back to hell?!
815,1825,7,20,112,139,1.2446043165467626,0.04548390934897567,675,"Oh, hell."
319,1825,4,26,109,139,1.2446043165467626,0.041904567364428186,675,I guess I had to 'go' too...
305,1825,3,28,108,139,1.2446043165467626,0.040641460990527734,675,"Damn, Fido, you bark at the moon and NOW you're quiet!"
112,1825,6,22,111,139,1.2446043165467626,0.04432292403610714,675,"Actually, the full moon was a couple of days ago. It's a waning gibbous now."
1307,1825,4,26,109,139,1.2446043165467626,0.041904567364428186,675,Being a good boy is a risk-reward concept.
13,1825,6,22,111,139,1.2446043165467626,0.04432292403610714,675,"Not our fight, kiddo."
3574,1852,6,21,108,135,1.2444444444444445,0.04518455082971872,675,"'Don't worry, he's Russian and he's fake.'"
3328,1852,6,21,108,135,1.2444444444444445,0.04518455082971872,675,You're gonna need a bigger bark.
3038,1852,4,25,106,135,1.2444444444444445,0.04266763404099585,675,This happens to politicians every two years
2949,1852,3,27,105,135,1.2444444444444445,0.04135176749720385,675,Didn’t I tell you to stop howling?
2354,1852,8,17,110,135,1.2444444444444445,0.04756847982341376,675,"If it makes you feel better, my dad’s a Republican."
2257,1852,8,17,110,135,1.2444444444444445,0.04756847982341376,675,I don’t know about you but I’m ready to pee.
2299,1852,4,25,106,135,1.2444444444444445,0.04266763404099585,675,well at least bark !!
2311,1852,4,25,106,135,1.2444444444444445,0.04266763404099585,675,You see?  Leash laws aren't so barbaric.
3642,1852,7,19,109,135,1.2444444444444445,0.04639183067305038,675,Piddling doesn't help.
2616,1852,4,25,106,135,1.2444444444444445,0.04266763404099585,675,Not even a 'woof'?
3681,1852,5,23,107,135,1.2444444444444445,0.04394411580826142,675,Still... no poop!
3362,1852,5,23,107,135,1.2444444444444445,0.04394411580826142,675,Walking the dog will be good for you she says.
4094,1852,7,19,109,135,1.2444444444444445,0.04639183067305038,675,What’d I tell you? They never look like their photos.
4204,1852,6,21,108,135,1.2444444444444445,0.04518455082971872,675,Don't be scared...He's probably more afraid of you than you are of him.
4322,1852,8,17,110,135,1.2444444444444445,0.04756847982341376,675,Are you gonna pee or what?
4461,1852,7,19,109,135,1.2444444444444445,0.04639183067305038,675,It's one of those designer breeds.
4589,1852,8,17,110,135,1.2444444444444445,0.04756847982341376,675,"Now, don’t disappoint me."
4612,1852,6,21,108,135,1.2444444444444445,0.04518455082971872,675,What did I tell you about barking up the wrong tree?
2054,1852,7,19,109,135,1.2444444444444445,0.04639183067305038,675,"I was afraid I'd die in a workplace shooting, so there's that..."
4665,1852,4,25,106,135,1.2444444444444445,0.04266763404099585,675,"Ohh, now you decide not to bark."
4668,1852,3,27,105,135,1.2444444444444445,0.04135176749720385,675,You'll remember I said 'go' some time ago.
4684,1852,4,25,106,135,1.2444444444444445,0.04266763404099585,675,One of us is hallucinating.  Is i me or you?
3910,1852,6,21,108,135,1.2444444444444445,0.04518455082971872,675,I guess the moon is real.
1974,1852,5,23,107,135,1.2444444444444445,0.04394411580826142,675,"I guess that’s the last time you’ll be eating Daddy’s hallucinogens, eh, Buddy?"
1067,1852,5,23,107,135,1.2444444444444445,0.04394411580826142,675,"You just had to go on Ancestry.com, didn't you?"
1879,1852,5,23,107,135,1.2444444444444445,0.04394411580826142,675,I told you not to howl at the full moon.
388,1852,3,27,105,135,1.2444444444444445,0.04135176749720385,675,If you want some dinner tonight you'll protect me.
413,1852,7,19,109,135,1.2444444444444445,0.04639183067305038,675,"Amazing, isn't it, what someone can do with a chainsaw."
464,1852,3,27,105,135,1.2444444444444445,0.04135176749720385,675,"Well, that's two of us that need to do our business now."
511,1852,6,21,108,135,1.2444444444444445,0.04518455082971872,675,"Yeah, this might even make me poop on the floor when we get home."
577,1852,6,21,108,135,1.2444444444444445,0.04518455082971872,675,Ancestry.com? Way to go Fido.
627,1852,8,17,110,135,1.2444444444444445,0.04756847982341376,675,THIS is not what scares me.
803,1852,5,23,107,135,1.2444444444444445,0.04394411580826142,675,You sit. I run!
16,1852,6,21,108,135,1.2444444444444445,0.04518455082971872,675,You don't recognize our mailman?
125,1852,7,19,109,135,1.2444444444444445,0.04639183067305038,675,"""Here's your chance to be a bad doggie."
1197,1852,4,25,106,135,1.2444444444444445,0.04266763404099585,675,You’re right: hell hath no fury like a wolfman scorned.
1901,1852,4,25,106,135,1.2444444444444445,0.04266763404099585,675,It's a moon thing.  Mommy will be better tomorrow.
1224,1852,6,21,108,135,1.2444444444444445,0.04518455082971872,675,It's only for the weekend.
1312,1852,5,23,107,135,1.2444444444444445,0.04394411580826142,675,"No, YOU hold him off and I'll go for help."
1322,1852,5,23,107,135,1.2444444444444445,0.04394411580826142,675,"Leave it, it's just political satire."""
1425,1852,6,21,108,135,1.2444444444444445,0.04518455082971872,675,"He doesn’t want to play, Jake."
1478,1852,5,23,107,135,1.2444444444444445,0.04394411580826142,675,OK your friend can come too. But he's picking up his own pooh
1876,1852,3,27,105,135,1.2444444444444445,0.04135176749720385,675,I thought this was an on-leash park.
278,1852,2,29,104,135,1.2444444444444445,0.039992628766177166,675,"If it says “give paw!”, don’t."
3546,1896,5,24,111,140,1.2428571428571429,0.04285714285714285,675,Don't let Mr. Baskervilles' appearance put you off.  His kennel's Yelp reviews are excellent.
4051,1897,4,25,108,137,1.2408759124087592,0.04211755849911165,675,He thinks he's a chihuahua.
4452,1898,2,28,103,133,1.2406015037593985,0.04015006020204168,675,Just do your business and let's go home. There's nothing out there.
2272,1898,7,18,108,133,1.2406015037593985,0.04670795614230299,675,Now's a good time for those emotional support skills.
2361,1898,4,24,105,133,1.2406015037593985,0.042893701954168785,675,"Now, you're telling me you can't bark!?"
2410,1898,6,20,107,133,1.2406015037593985,0.04547210134179587,675,"Uncle Vern was kind of the black sheep of the family. I mean, wolf."""
2591,1898,4,24,105,133,1.2406015037593985,0.042893701954168785,675,Obviously he has no regard for the home owner association leash laws.
2634,1898,2,28,103,133,1.2406015037593985,0.04015006020204168,675,"OK mans best friend, now would be a good time to prove it."""
2642,1898,5,22,106,133,1.2406015037593985,0.044201706232744095,675,"You had to put “taller than 6 feet” and the tongue emoji on your profile, didn’t you?"
2665,1898,6,20,107,133,1.2406015037593985,0.04547210134179587,675,I told you to verify his profile before meeting him
2668,1898,5,22,106,133,1.2406015037593985,0.044201706232744095,675,It’s just the looming recession rearing its ugly head.... but they say we don’t have to worry for now!
2808,1898,4,24,105,133,1.2406015037593985,0.042893701954168785,675,One of us is in the wrong dog park.
3061,1898,5,22,106,133,1.2406015037593985,0.044201706232744095,675,I warned you about getting your DNA results.
3236,1898,6,20,107,133,1.2406015037593985,0.04547210134179587,675,You just had to go for a walk in the woods.
3249,1898,7,18,108,133,1.2406015037593985,0.04670795614230299,675,What do you mean you don't have to go anymore?
4073,1898,4,24,105,133,1.2406015037593985,0.042893701954168785,675,I told you a blind date was a bad idea.
3261,1898,4,24,105,133,1.2406015037593985,0.042893701954168785,675,"Rusty, things are about to get real."
3663,1898,6,20,107,133,1.2406015037593985,0.04547210134179587,675,Great. NOW you puddle.
3677,1898,4,24,105,133,1.2406015037593985,0.042893701954168785,675,"You're right, we should have gone to Universal Studios"
3711,1898,2,28,103,133,1.2406015037593985,0.04015006020204168,675,They told him that if he saw a dog to pretend to be big and  growl
3726,1898,5,22,106,133,1.2406015037593985,0.044201706232744095,675,"If your dog keeps following me , I'm reporting him to  Animal Control !"
3758,1898,5,22,106,133,1.2406015037593985,0.044201706232744095,675,I told you we should've stayed in the 'small dogs' section.
3848,1898,10,12,111,133,1.2406015037593985,0.05023342180908579,675,Who fed Trump after midnight?
3863,1898,11,10,112,133,1.2406015037593985,0.051354822881617274,675,Must we go through this whole routine every morning?
4017,1898,2,28,103,133,1.2406015037593985,0.04015006020204168,675,"If he wants to, I'd let him sniff."
4065,1898,7,18,108,133,1.2406015037593985,0.04670795614230299,675,"I always believed you. 
Now can we turn back before we both become midnight snacks?"
4355,1898,4,24,105,133,1.2406015037593985,0.042893701954168785,675,Let’s not allow it to spoil our quality time together.
4716,1898,6,20,107,133,1.2406015037593985,0.04547210134179587,675,See what could happen if you don't obey your master?
2250,1898,5,22,106,133,1.2406015037593985,0.044201706232744095,675,You should be more exited Chloe. It's both another person and another dog!
3318,1898,4,24,105,133,1.2406015037593985,0.042893701954168785,675,I don't think growling is going to work this time.
2246,1898,8,16,109,133,1.2406015037593985,0.04791194353753608,675,"Just because Mom and I aren't living together anymore, doesn't mean we love you any less."
3238,1898,6,20,107,133,1.2406015037593985,0.04547210134179587,675,"If you fight,I fight with you."
1899,1898,6,20,107,133,1.2406015037593985,0.04547210134179587,675,"Next time you invite a friend over, you HAVE to make sure it's not a full moon!"
4,1898,4,24,105,133,1.2406015037593985,0.042893701954168785,675,Guess we shouldn't have taken the short way home.
91,1898,5,22,106,133,1.2406015037593985,0.044201706232744095,675,I warned you not to drink out of the toilet.
118,1898,5,22,106,133,1.2406015037593985,0.044201706232744095,675,"No, its not your mother-in-law!"
131,1898,5,22,106,133,1.2406015037593985,0.044201706232744095,675,The one time I decide to walk you...Your mother is going to be furious.
318,1898,6,20,107,133,1.2406015037593985,0.04547210134179587,675,Don't be a sissy: He is more afraid of you than you of him!
321,1898,5,22,106,133,1.2406015037593985,0.044201706232744095,675,"Go on, see if he's fixed."
1993,1898,7,18,108,133,1.2406015037593985,0.04670795614230299,675,"Spot, I strongly suggest you don't go with the traditional butt sniff greeting."
359,1898,6,20,107,133,1.2406015037593985,0.04547210134179587,675,He'll be training you from now on.
461,1898,7,18,108,133,1.2406015037593985,0.04670795614230299,675,"THIS is why I want you to use the wee-wee pad at night,okay?"
609,1898,6,20,107,133,1.2406015037593985,0.04547210134179587,675,I wish you were taller.
637,1898,6,20,107,133,1.2406015037593985,0.04547210134179587,675,They were cannabis treats not canine treats.
776,1898,4,24,105,133,1.2406015037593985,0.042893701954168785,675,"This time, good boy barks!"
350,1898,4,24,105,133,1.2406015037593985,0.042893701954168785,675,"Well, here's your chance to prove your loyalty to man."
834,1898,3,26,104,133,1.2406015037593985,0.04154453635293475,675,"I’ll get you my pretty, and your best friend too."
1785,1898,8,16,109,133,1.2406015037593985,0.04791194353753608,675,have a nice day
1546,1898,3,26,104,133,1.2406015037593985,0.04154453635293475,675,"If you're really my best friend, why are you thinking all you have to do is outrun me?"
1505,1898,3,26,104,133,1.2406015037593985,0.04154453635293475,675,I don’t think sniffing his butt would be a good idea.
1455,1898,4,24,105,133,1.2406015037593985,0.042893701954168785,675,Imagine the size of those Doggy Bags.
1815,1898,4,24,105,133,1.2406015037593985,0.042893701954168785,675,Now how did we agree to behave when we saw the Beast from Hell again?
1405,1898,3,26,104,133,1.2406015037593985,0.04154453635293475,675,"So, like the ad said, he is house-trained and great with kids. He does shed a lot so keep that in mind."
1400,1898,6,20,107,133,1.2406015037593985,0.04547210134179587,675,"Here we have a classic example of Ginsberg's inspiration,a product of destructive social isolation elevated into a mythical figure."
1286,1898,5,22,106,133,1.2406015037593985,0.044201706232744095,675,"I think he's saying, ""Dogs will not replace us""."
1281,1898,4,24,105,133,1.2406015037593985,0.042893701954168785,675,I thought you said you marked your territory.
4080,1952,8,18,116,142,1.2394366197183098,0.0457237140076564,675,Please just decide to join him or not so we can go back inside.
2610,1953,6,21,111,138,1.2391304347826086,0.044303498047984134,675,"Trust me. This is only virtual reality, I think?"
2659,1954,4,24,106,134,1.2388059701492538,0.042610243685934766,675,This is what happens when you guys don't get fixed.
3096,1954,4,24,106,134,1.2388059701492538,0.042610243685934766,675,"You can stop barking any time now, Rocky."
3287,1954,4,24,106,134,1.2388059701492538,0.042610243685934766,675,Now you know how I feel when they say ‘dog’s best friend.’
3382,1954,7,18,109,134,1.2388059701492538,0.04639283801274597,675,"Well, at least he didn't bring that three headed 'Cerberus' with him this week."
3409,1954,7,18,109,134,1.2388059701492538,0.04639283801274597,675,"It's okay, boy.  He's only computer-generated.  Like in The Avengers."
3526,1954,9,14,111,134,1.2388059701492538,0.04875179094294878,675,ATTACK - Rex!
4583,1954,4,24,106,134,1.2388059701492538,0.042610243685934766,675,I see him in your nighttime future if your house training doesn’t improve!
4580,1954,5,22,107,134,1.2388059701492538,0.04390733102351806,675,"Sir, Maxxie says you need mint bones before you breathe around the ladies."
4690,1954,5,22,107,134,1.2388059701492538,0.04390733102351806,675,I think you peed on his changing room.
2386,1954,1,30,103,134,1.2388059701492538,0.0384573831022419,675,Sure. Now you stop barking!
4546,1954,4,24,106,134,1.2388059701492538,0.042610243685934766,675,"I can’t blame you buddy, I think that would make me arfless, too."
4146,1954,3,26,105,134,1.2388059701492538,0.04127241229127147,675,See what howling at the moon will get you?
3934,1954,5,22,107,134,1.2388059701492538,0.04390733102351806,675,"No, it is not your Knuffle Bunny. Can we go home now?"
2358,1954,8,16,110,134,1.2388059701492538,0.04758693381077347,675,He’s like this because he goes out only once in a blue moon!
1704,1954,7,18,109,134,1.2388059701492538,0.04639283801274597,675,I think we'll skip the Chernobyl kibble for Buddy next time.
1651,1954,4,24,106,134,1.2388059701492538,0.042610243685934766,675,"Yes, I did tell him to go to hell!"
483,1954,4,24,106,134,1.2388059701492538,0.042610243685934766,675,This is what happens when good boys pee on the carpet.
506,1954,6,20,108,134,1.2388059701492538,0.0451671846393246,675,That's what happens when we don't pick it up.
693,1954,3,26,105,134,1.2388059701492538,0.04127241229127147,675,Does he look like he wants a snack or a meal?
401,1954,4,24,106,134,1.2388059701492538,0.042610243685934766,675,You were the one who wanted walkies!
1432,1954,6,20,108,134,1.2388059701492538,0.0451671846393246,675,Never mind what he is. What are you? Chicken?”
1635,1954,5,22,107,134,1.2388059701492538,0.04390733102351806,675,That's what happens if you only eat your treats.
1209,1954,3,26,105,134,1.2388059701492538,0.04127241229127147,675,"Well, it's a full moon Charlie, what did you expect?"
3244,1977,8,15,107,130,1.2384615384615385,0.04859854180134617,675,I'm really a lot of fun once you get to know me.
2844,1977,7,17,106,130,1.2384615384615385,0.04735565099162219,675,No. You cannot pee on it.
3210,1977,4,23,103,130,1.2384615384615385,0.0434140061237124,675,At least bark
3175,1977,6,19,105,130,1.2384615384615385,0.04607924800236506,675,See any resemblance?
3150,1977,5,21,104,130,1.2384615384615385,0.044766466379273236,675,This is what happens if you bite someone.
3135,1977,5,21,104,130,1.2384615384615385,0.044766466379273236,675,"Say hello to your Uncle Don, it’s his time of the month."
3042,1977,5,21,104,130,1.2384615384615385,0.044766466379273236,675,Don’t even start. He’s just trolling you.
3021,1977,5,21,104,130,1.2384615384615385,0.044766466379273236,675,"Yes, when you grow up."
3019,1977,5,21,104,130,1.2384615384615385,0.044766466379273236,675,Now you can see what happens when you eat human food.
2835,1977,4,23,103,130,1.2384615384615385,0.0434140061237124,675,"The moors,” you said. “It'll be fun,” you said"
2387,1977,4,23,103,130,1.2384615384615385,0.0434140061237124,675,Would you like to reconsider?
2536,1977,3,25,102,130,1.2384615384615385,0.042018035929025456,675,"Man Up, Bruno"
2402,1977,5,21,104,130,1.2384615384615385,0.044766466379273236,675,"Oh, now you don’t bark?"
3250,1977,4,23,103,130,1.2384615384615385,0.0434140061237124,675,"Okay, I am going to ask you one last time.  Where is my slipper?"
2301,1977,4,23,103,130,1.2384615384615385,0.0434140061237124,675,"Attack, Spot! Attack!"
2297,1977,3,25,102,130,1.2384615384615385,0.042018035929025456,675,Damn!  I was going to get you spayed this week.
2059,1977,6,19,105,130,1.2384615384615385,0.04607924800236506,675,Please clean up after your owner
1916,1977,6,19,105,130,1.2384615384615385,0.04607924800236506,675,I’m deleting your mammalsonly.com account.
1915,1977,6,19,105,130,1.2384615384615385,0.04607924800236506,675,"Well, there goes the neighborhood."
1883,1977,4,23,103,130,1.2384615384615385,0.0434140061237124,675,"No Fido, I don't think that's a Great Dane."
1880,1977,6,19,105,130,1.2384615384615385,0.04607924800236506,675,"You can be a nightmare too, you know."
2628,1977,4,23,103,130,1.2384615384615385,0.0434140061237124,675,"Stay, Roscoe. This bark doesn't deserve a response."
3273,1977,7,17,106,130,1.2384615384615385,0.04735565099162219,675,Shoot! I forgot a bag.
3423,1977,5,21,104,130,1.2384615384615385,0.044766466379273236,675,"Well Rex, you can thank me now for investing in the flea, tick and werewolf collar..."
3324,1977,6,19,105,130,1.2384615384615385,0.04607924800236506,675,He's a real pussy cat.  It's just the full moon.
4533,1977,5,21,104,130,1.2384615384615385,0.044766466379273236,675,At least it's not Big Foot.
4503,1977,3,25,102,130,1.2384615384615385,0.042018035929025456,675,Try the next tree. This one's been over fertilized.
4444,1977,3,25,102,130,1.2384615384615385,0.042018035929025456,675,Remember what I taught you -- It's just a drug... Calmly observe your experience in the moment and ride it out.
4401,1977,5,21,104,130,1.2384615384615385,0.044766466379273236,675,Are you still feeling protective of me?
4397,1977,4,23,103,130,1.2384615384615385,0.0434140061237124,675,Why can't you be more like your brother?
4339,1977,7,17,106,130,1.2384615384615385,0.04735565099162219,675,Remind me to post this on NextDoor when we get home.
4317,1977,5,21,104,130,1.2384615384615385,0.044766466379273236,675,"Don’t be scared boy, just remember... werewolves rock"
4273,1977,3,25,102,130,1.2384615384615385,0.042018035929025456,675,We all have skeletons in our closets.
4265,1977,4,23,103,130,1.2384615384615385,0.0434140061237124,675,"You wouldn’t happen to have a pooper scooper for me now, would ya?"
4603,1977,4,23,103,130,1.2384615384615385,0.0434140061237124,675,These Instagram dog models are setting some really unrealistic body expectations
3276,1977,3,25,102,130,1.2384615384615385,0.042018035929025456,675,I need to take a dump....
4230,1977,5,21,104,130,1.2384615384615385,0.044766466379273236,675,"I’ve seen Stranger Things. Time to R.U.N. , Belle!"
4028,1977,4,23,103,130,1.2384615384615385,0.0434140061237124,675,just treat him as a fire hydrant-with a grumpy attitude
3907,1977,3,25,102,130,1.2384615384615385,0.042018035929025456,675,No we can’t arrange a play date.
3897,1977,5,21,104,130,1.2384615384615385,0.044766466379273236,675,Don't get so bent out of shape. I'll pick up after my dog.
3751,1977,7,17,106,130,1.2384615384615385,0.04735565099162219,675,"Remember, it's not the size of the dog in the fight that matters."
3656,1977,6,19,105,130,1.2384615384615385,0.04607924800236506,675,Don't worry. It's a figment of my imagination.
3636,1977,7,17,106,130,1.2384615384615385,0.04735565099162219,675,"Now you know, the earth the angry, very angry."
3543,1977,4,23,103,130,1.2384615384615385,0.0434140061237124,675,Try barking again.
3474,1977,5,21,104,130,1.2384615384615385,0.044766466379273236,675,We should have brought your pedi-paw for those nails.
1877,1977,3,25,102,130,1.2384615384615385,0.042018035929025456,675,"No, Bentley, I don't think it's a good idea to mark your territory now."
3420,1977,8,15,107,130,1.2384615384615385,0.04859854180134617,675,Tina reared her ugly head on finding that Paul's affections for the dog surpassed his regard for her
4142,1977,5,21,104,130,1.2384615384615385,0.044766466379273236,675,This is your brain on drugs.
1832,1977,5,21,104,130,1.2384615384615385,0.044766466379273236,675,"See? Now,will you tell Pam there's a monster waiting in the dark to swallow me alive?"
1655,1977,5,21,104,130,1.2384615384615385,0.044766466379273236,675,"See, he didn’t obey when his owner said “Don’t eat that.”"
1676,1977,7,17,106,130,1.2384615384615385,0.04735565099162219,675,Hi Would you like to play?
1749,1977,4,23,103,130,1.2384615384615385,0.0434140061237124,675,He wasn’t neutered.
433,1977,8,15,107,130,1.2384615384615385,0.04859854180134617,675,"Don't worry, he is more scared of you than you are of him."
423,1977,3,25,102,130,1.2384615384615385,0.042018035929025456,675,Just remember how you clobbered that Bichon Frise.
418,1977,4,23,103,130,1.2384615384615385,0.0434140061237124,675,And you think I'm scary before I've had my coffee.
404,1977,3,25,102,130,1.2384615384615385,0.042018035929025456,675,I already told you the puppies won't be purebred.
394,1977,3,25,102,130,1.2384615384615385,0.042018035929025456,675,"Oh, now you pee."
299,1977,6,19,105,130,1.2384615384615385,0.04607924800236506,675,"No? What Do You Mean, “No”?"
267,1977,6,19,105,130,1.2384615384615385,0.04607924800236506,675,The good news is that you’re only distantly related. That’s also kind of the bad news.
605,1977,6,19,105,130,1.2384615384615385,0.04607924800236506,675,"Kill, Teddy, kill!"
4729,1977,3,25,102,130,1.2384615384615385,0.042018035929025456,675,See. This is what happens when you howl at the moon.
140,1977,7,17,106,130,1.2384615384615385,0.04735565099162219,675,Go ahead.  Sniff his butt and make friends.
139,1977,6,19,105,130,1.2384615384615385,0.04607924800236506,675,"Well, you don't expect ME to sniff his butt, do you?"
117,1977,5,21,104,130,1.2384615384615385,0.044766466379273236,675,You gotta be kidding.
96,1977,7,17,106,130,1.2384615384615385,0.04735565099162219,675,"C’mon Gus, there’s no such thing as a devil dog."
75,1977,4,23,103,130,1.2384615384615385,0.0434140061237124,675,"NO, YOU CAN'T HAVE HIM FOR A PLAYDATE."
66,1977,6,19,105,130,1.2384615384615385,0.04607924800236506,675,Hurry take the damn thing.
34,1977,6,19,105,130,1.2384615384615385,0.04607924800236506,675,"Great, why does every weirdo want to talk to you when you're out walking your dog?"
4569,1977,7,17,106,130,1.2384615384615385,0.04735565099162219,675,You really must stop baying at the Moon!
171,1977,3,25,102,130,1.2384615384615385,0.042018035929025456,675,Now do you have to go potty?
618,1977,5,21,104,130,1.2384615384615385,0.044766466379273236,675,I think we’ll stick with the bottled water at home.
578,1977,6,19,105,130,1.2384615384615385,0.04607924800236506,675,Go easy.  He's bigger than you.
636,1977,8,15,107,130,1.2384615384615385,0.04859854180134617,675,"Hey Chester, if that doesn’t scare the crap out of you, I don’t know what will!"
4636,1977,4,23,103,130,1.2384615384615385,0.0434140061237124,675,Drama
1643,1977,1,29,100,130,1.2384615384615385,0.039076772827079095,675,Do you think he'll roll over?
1520,1977,6,19,105,130,1.2384615384615385,0.04607924800236506,675,We have the same nightmare?
1472,1977,5,21,104,130,1.2384615384615385,0.044766466379273236,675,He takes baaaaad dogs for walks
1449,1977,2,27,101,130,1.2384615384615385,0.040574065102673786,675,I don't think he wants you to sniff his ass.
620,1977,5,21,104,130,1.2384615384615385,0.044766466379273236,675,"Don't worry, he can't touch you. You're a GOOD boy."
1345,1977,6,19,105,130,1.2384615384615385,0.04607924800236506,675,Looks like someone hasn't heard of leash laws...
1275,1977,3,25,102,130,1.2384615384615385,0.042018035929025456,675,Do you see it too?
1211,1977,3,25,102,130,1.2384615384615385,0.042018035929025456,675,"Okay, now think of it as a cat"
1361,1977,4,23,103,130,1.2384615384615385,0.0434140061237124,675,"From the depths of your girded primal loins came an ""arf?"""
1058,1977,1,29,100,130,1.2384615384615385,0.039076772827079095,675,On Three........
645,1977,5,21,104,130,1.2384615384615385,0.044766466379273236,675,"You both share ninety-nine per cent of  the same genes, so do something!"
1092,1977,5,21,104,130,1.2384615384615385,0.044766466379273236,675,"Karen, I thought you said he was Impeached"
647,1977,5,21,104,130,1.2384615384615385,0.044766466379273236,675,Do you speak werewolf?
786,1977,3,25,102,130,1.2384615384615385,0.042018035929025456,675,No more treats until you take him down.
4602,1977,3,25,102,130,1.2384615384615385,0.042018035929025456,675,You seemed real tough when you were barking at the neighbor's cat.
1016,1977,3,25,102,130,1.2384615384615385,0.042018035929025456,675,See what happens if you only eat treats!
1022,1977,5,21,104,130,1.2384615384615385,0.044766466379273236,675,"So, she doesn't look like her profile picture! Get on with it on tell her it's a no go!"
1040,1977,2,27,101,130,1.2384615384615385,0.040574065102673786,675,Didn't I warn you about those DNA ancestry promotions with 23andMe ?
975,1977,5,21,104,130,1.2384615384615385,0.044766466379273236,675,"Full moons, indeed, bring out some ghastly sights."
2550,2070,6,18,102,126,1.2380952380952381,0.04704414870563226,675,"The sign clearly says, “All hellspawn must be on a leash.”"
2965,2071,5,22,108,135,1.237037037037037,0.04361676336166934,675,Protect boy! Protect!
3089,2072,4,23,104,131,1.2366412213740459,0.04311976666223454,675,"Ignore him, Skip. It the Smiths’ little cat puffing itself up"
4487,2072,5,21,105,131,1.2366412213740459,0.04446070275087714,675,We came all this way and you’re not even going to sniff his butt?
3914,2072,6,19,106,131,1.2366412213740459,0.045762363369893325,675,"Oh grr?  Oh grr?  Good dog, I’m saved."
3722,2072,4,23,104,131,1.2366412213740459,0.04311976666223454,675,Act big!
3355,2072,3,25,103,131,1.2366412213740459,0.04173576960964363,675,We all have relatives.
1404,2077,4,25,111,140,1.2357142857142858,0.041317851835987615,675,"Is this Grendel, or his dam?"
4400,2078,5,20,103,128,1.234375,0.04503440149389559,675,I think you should pass on this one
3321,2078,2,26,100,128,1.234375,0.04073085844570931,675,I thought you were supposed to be a babe magnet.
3266,2078,6,18,104,128,1.234375,0.04638026319434138,675,I would suggest not sniffing his butt
3164,2078,7,16,105,128,1.234375,0.04768815691594056,675,He wants you to be is therapy dog
3154,2078,3,24,101,128,1.234375,0.04221414840770096,675,"He has a some what Devil-may-care attitude, don't you think?"
3137,2078,7,16,105,128,1.234375,0.04768815691594056,675,"Sure, you're scared now but if you want real terror we'll put Fox News on tonight when they're interviewing trump"
3111,2078,4,22,102,128,1.234375,0.0436470597159808,675,I only pick yours up.
3064,2078,5,20,103,128,1.234375,0.04503440149389559,675,Over the river and through the woods... and did we really not expect this?
4686,2078,3,24,101,128,1.234375,0.04221414840770096,675,Yet the mailman can never sneak by.
3007,2078,6,18,104,128,1.234375,0.04638026319434138,675,"Don't worry, boy. He's easily defeated if we all just vote...."
2948,2078,4,22,102,128,1.234375,0.0436470597159808,675,They said that this was a dog park. I'm leaving a zero-star review.
2945,2078,2,26,100,128,1.234375,0.04073085844570931,675,I warned you something bad would happen if you kept chewing my slippers.
2927,2078,2,26,100,128,1.234375,0.04073085844570931,675,See what happens when you just apply yourself?
2896,2078,7,16,105,128,1.234375,0.04768815691594056,675,"He's just like you, except economically anxious."
2894,2078,4,22,102,128,1.234375,0.0436470597159808,675,"Guess what? Sasquatch has DNA like yours, not mine."
2884,2078,1,28,99,128,1.234375,0.03919147016458323,675,I told you not to mark this place
2871,2078,6,18,104,128,1.234375,0.04638026319434138,675,"Yes, Toto,   We’re still in Jersey."
2862,2078,6,18,104,128,1.234375,0.04638026319434138,675,Where is the border patrol when you need them?
2853,2078,4,22,102,128,1.234375,0.0436470597159808,675,I warned you that pedigree DNA testing could bring surprises.
2802,2078,3,24,101,128,1.234375,0.04221414840770096,675,Don't bite off more than you can chew.
2713,2078,6,18,104,128,1.234375,0.04638026319434138,675,Relax. It's only a phantom. His second term isn't real yet.
2637,2078,2,26,100,128,1.234375,0.04073085844570931,675,"Don’t worry. He’s all bite, no bark."
2566,2078,4,22,102,128,1.234375,0.0436470597159808,675,"Yep, that's the monster who loves to eat barking dogs."
2481,2078,7,16,105,128,1.234375,0.04768815691594056,675,"Fido, did you get into my edibles again?"
3351,2078,4,22,102,128,1.234375,0.0436470597159808,675,I’m gonna go out a limb here and guess you don’t have a silver bullet.
4337,2078,3,24,101,128,1.234375,0.04221414840770096,675,This looks to be a good time to turn around and go home.
3400,2078,6,18,104,128,1.234375,0.04638026319434138,675,"Toto, calm down! . It's really just that man behind the curtain again."
3421,2078,3,24,101,128,1.234375,0.04221414840770096,675,that one's off the leash.
4417,2078,5,20,103,128,1.234375,0.04503440149389559,675,See?  This kennel has other doggies for you to play with.
4484,2078,1,28,99,128,1.234375,0.03919147016458323,675,I take it this is not the dog park you wanted to go to?
2465,2078,5,20,103,128,1.234375,0.04503440149389559,675,Why don't you mark this as your spot?
4497,2078,5,20,103,128,1.234375,0.04503440149389559,675,We know the moon is our problem.
4512,2078,5,20,103,128,1.234375,0.04503440149389559,675,"Do you know him?
He seems to know you."
4519,2078,3,24,101,128,1.234375,0.04221414840770096,675,See? This is what happens when you eat chocolate.
4520,2078,4,22,102,128,1.234375,0.0436470597159808,675,I 'm not scooping that.
4245,2078,5,20,103,128,1.234375,0.04503440149389559,675,"This is why we never feed you after midnight, Gerald."
4185,2078,6,18,104,128,1.234375,0.04638026319434138,675,Hi dad.  I brought lunch.
4057,2078,5,20,103,128,1.234375,0.04503440149389559,675,"I suppose I won't bother suggesting that you sic it."""
4044,2078,6,18,104,128,1.234375,0.04638026319434138,675,I should have brought two plastic bags.
3993,2078,5,20,103,128,1.234375,0.04503440149389559,675,"Payback time for all that premium kibble, Charlie."
3954,2078,5,20,103,128,1.234375,0.04503440149389559,675,Now that's a watchdog.
3888,2078,7,16,105,128,1.234375,0.04768815691594056,675,He’s got that Big Dick Energy
3857,2078,5,20,103,128,1.234375,0.04503440149389559,675,I was content watching football.
3776,2078,6,18,104,128,1.234375,0.04638026319434138,675,I think we're developing fright fatique.
3667,2078,4,22,102,128,1.234375,0.0436470597159808,675,Well I 'spose we should find another place for you to do your business.
3651,2078,5,20,103,128,1.234375,0.04503440149389559,675,"Bonnie, this why I don’t feed you scraps from the table."
3646,2078,4,22,102,128,1.234375,0.0436470597159808,675,"You just couldn’t hold it in, could you?"
3618,2078,6,18,104,128,1.234375,0.04638026319434138,675,"You think this is scary, the Amazons are burning"
3593,2078,3,24,101,128,1.234375,0.04221414840770096,675,"Hey, Spot, isn't that your uncle twice-removed?"
3573,2078,5,20,103,128,1.234375,0.04503440149389559,675,We warned Rex about the evils of steroids.
3422,2078,2,26,100,128,1.234375,0.04073085844570931,675,"Now'd be a good time to demonstrate that ""man's best friend"" thing."
3411,2078,5,20,103,128,1.234375,0.04503440149389559,675,"You know, this tweeting thing is getting awfully old."
2461,2078,5,20,103,128,1.234375,0.04503440149389559,675,Just another fake news image.
1578,2078,6,18,104,128,1.234375,0.04638026319434138,675,Bad dog! Maybe now you'll stop pooping on the neighbor's lawn.
2399,2078,5,20,103,128,1.234375,0.04503440149389559,675,Im sure his bark is much stronger than his bite.
897,2078,5,20,103,128,1.234375,0.04503440149389559,675,Clearly some form of canine. That's your department.
874,2078,4,22,102,128,1.234375,0.0436470597159808,675,And this is where your training should kick in.
817,2078,5,20,103,128,1.234375,0.04503440149389559,675,Stay calm and let him sniff.
782,2078,5,20,103,128,1.234375,0.04503440149389559,675,Designer dogs are all the rage!
739,2078,1,28,99,128,1.234375,0.03919147016458323,675,"Spot, go show him who’s boss!"
732,2078,8,14,106,128,1.234375,0.04896112545788099,675,"OK, now is the time for payback for all those belly rubs."
725,2078,6,18,104,128,1.234375,0.04638026319434138,675,"Don't worry,, Daphny Dog. He's just a cartoon monster."
691,2078,5,20,103,128,1.234375,0.04503440149389559,675,"No worries, Rascal, he's just one of those blow-up baby bully balloons."
938,2078,5,20,103,128,1.234375,0.04503440149389559,675,Time for your to earn your kibble.
593,2078,4,22,102,128,1.234375,0.0436470597159808,675,"If you would only go to the bathroom like other dogs,
I wouldn't have to scare the crap out of you."
510,2078,5,20,103,128,1.234375,0.04503440149389559,675,He used to be my Uber driver but now he walks dogs.
492,2078,5,20,103,128,1.234375,0.04503440149389559,675,Second thoughts about the designated dog park?
428,2078,5,20,103,128,1.234375,0.04503440149389559,675,You've made your point. I am not humping Mrs. Lewis again
379,2078,6,18,104,128,1.234375,0.04638026319434138,675,"Ah, LSD flashbacks are getting better & better"
298,2078,4,22,102,128,1.234375,0.0436470597159808,675,This is why I don't take you to the leash-free dog parks
241,2078,5,20,103,128,1.234375,0.04503440149389559,675,"No, not here."
198,2078,6,18,104,128,1.234375,0.04638026319434138,675,Sorry Peaches.... I think he is in heat.
175,2078,5,20,103,128,1.234375,0.04503440149389559,675,You got this. This is what we've been training for.
544,2078,4,22,102,128,1.234375,0.0436470597159808,675,Attack!
1035,2078,7,16,105,128,1.234375,0.04768815691594056,675,How come you know he doesn't exist but we humans believe?
515,2078,2,26,100,128,1.234375,0.04073085844570931,675,"Arf, arf.....My name is “Baxter”. Go in peace."
1221,2078,8,14,106,128,1.234375,0.04896112545788099,675,"I told you not to shit on the carpet again! 
Now say hello to your new owner."
2397,2078,4,22,102,128,1.234375,0.0436470597159808,675,"No, You sic him"
2165,2078,2,26,100,128,1.234375,0.04073085844570931,675,This is not funny!
2116,2078,4,22,102,128,1.234375,0.0436470597159808,675,Just don't ask for any wishes.
1984,2078,3,24,101,128,1.234375,0.04221414840770096,675,I told you you were barking up the wrong tree.
1966,2078,4,22,102,128,1.234375,0.0436470597159808,675,"Let it go, honey. He's not going to pick up his poop."
1950,2078,4,22,102,128,1.234375,0.0436470597159808,675,I don’t recall Google Maps saying THIS was here.
1896,2078,2,26,100,128,1.234375,0.04073085844570931,675,Does he look Vegan?
1886,2078,4,22,102,128,1.234375,0.0436470597159808,675,"Yes Doug, I'm a werewolf. This is awkward but could you spare an extra poop baggie? You know how the neighborhood is..."
1807,2078,2,26,100,128,1.234375,0.04073085844570931,675,This is not one of those ‘sniff the butt’  situations.
1861,2078,5,20,103,128,1.234375,0.04503440149389559,675,That’s why your food is hormone free.
1761,2078,5,20,103,128,1.234375,0.04503440149389559,675,what did I say about not looking at werewolves in the eyes.
1724,2078,5,20,103,128,1.234375,0.04503440149389559,675,And you call yourself an animal?
1680,2078,6,18,104,128,1.234375,0.04638026319434138,675,"Oh, give him a break.  You know how you get during a full moon."
1598,2078,6,18,104,128,1.234375,0.04638026319434138,675,Fido. I am your father.
1580,2078,4,22,102,128,1.234375,0.0436470597159808,675,I don't know what he's so happy about either.
1460,2078,5,20,103,128,1.234375,0.04503440149389559,675,"Ya know, your related"
1444,2078,4,22,102,128,1.234375,0.0436470597159808,675,The script says to defend your master.
1377,2078,2,26,100,128,1.234375,0.04073085844570931,675,Someone's going to need a bigger poop bag.
2450,2078,4,22,102,128,1.234375,0.0436470597159808,675,"Okay, Bud, time to impress."
1191,2078,5,20,103,128,1.234375,0.04503440149389559,675,It’s not a werewolf and we’re not in London.
2655,2175,3,25,105,133,1.2330827067669172,0.04118214718083957,675,I told you not to piss on his lawn..
3736,2175,6,19,108,133,1.2330827067669172,0.045141253262205396,675,"well technically yes, but that was millions of years ago"
397,2177,4,20,97,121,1.2314049586776858,0.04508994772086154,675,That’s what you get for howling at the moon!
1467,2178,4,23,107,134,1.2313432835820894,0.04225994221774406,675,"Yes, Muffin, traditionally dogs were kept specifically to protect their masters.  Do you have any clever ideas?"
668,2179,6,18,106,130,1.2307692307692308,0.045734529320285634,675,"No, your coat is much nicer."
1659,2179,3,24,103,130,1.2307692307692308,0.04163970964136848,675,"We've been watching too many episodes of ""Stranger Things""."
4260,2179,6,18,106,130,1.2307692307692308,0.045734529320285634,675,"mailman-no, him-yes"
4372,2182,4,21,101,126,1.2301587301587302,0.04387963104516852,675,I thought this was a dog park
2788,2182,6,17,103,126,1.2301587301587302,0.04668394022175475,675,Every Full Moon It's The Same Dance Routine
2806,2182,6,17,103,126,1.2301587301587302,0.04668394022175475,675,"Don't worry, Lucky.  I'm sure his bark is worse than his bite."
3091,2182,5,19,102,126,1.2301587301587302,0.045303489353958636,675,"No, you can not invite him home for dinner."
3262,2182,5,19,102,126,1.2301587301587302,0.045303489353958636,675,I'm quite certain he doesn't want to sniff your behind.
3305,2182,5,19,102,126,1.2301587301587302,0.045303489353958636,675,"My owner says I’m related to wolves, but I really can’t see the resemblance."
3407,2182,6,17,103,126,1.2301587301587302,0.04668394022175475,675,Now do you see why I won't let you hang out with your feral friends? THAT used to be Sparky!
3627,2182,4,21,101,126,1.2301587301587302,0.04387963104516852,675,It's not funny.
3685,2182,3,23,100,126,1.2301587301587302,0.042407993275749206,675,Maybe THIS will help you do your business.
3704,2182,4,21,101,126,1.2301587301587302,0.04387963104516852,675,This is what you dragged me out of the cabin for?
3777,2182,4,21,101,126,1.2301587301587302,0.04387963104516852,675,"I'd suggest skipping your ""I was here mark"",on either one."
3808,2182,3,23,100,126,1.2301587301587302,0.042407993275749206,675,"Ok Ralph,  now I understand why you don’t like to come to the dog park anymore."
3922,2182,5,19,102,126,1.2301587301587302,0.045303489353958636,675,"See, Duke?  This is what happens when you don't learn to socialize at the dog park."
4052,2182,5,19,102,126,1.2301587301587302,0.045303489353958636,675,You just had to go for a walk *tonight* didn’t you?
2737,2182,3,23,100,126,1.2301587301587302,0.042407993275749206,675,He’s probably at Bedminster.
4489,2182,5,19,102,126,1.2301587301587302,0.045303489353958636,675,His bark is not worse than his bite.
4141,2182,4,21,101,126,1.2301587301587302,0.04387963104516852,675,I hate it when other owners don't use a leash.
4272,2182,5,19,102,126,1.2301587301587302,0.045303489353958636,675,"I'd be scared if I weren't here with you, Brendan."
4290,2182,7,15,104,126,1.2301587301587302,0.04802472698113439,675,STILL think meeting your birth mother was a good idea?
2555,2182,3,23,100,126,1.2301587301587302,0.042407993275749206,675,"Sorry Fritz, but I have to report your buddy Gargoyle for being off leash again."
1799,2182,9,11,106,126,1.2301587301587302,0.05059982861216777,675,The neighbors' cat -- now that's scary.
2168,2182,5,19,102,126,1.2301587301587302,0.045303489353958636,675,I always wondered where gargoyles vacationed...
2263,2182,7,15,104,126,1.2301587301587302,0.04802472698113439,675,"Don't worry, I'm sure his bark is worse than his bite.
-Bob Greene
917-696-6823
bob@contourventures.com"
432,2182,2,25,99,126,1.2301587301587302,0.04088341676880569,675,"No, Toby, I don't think he wants to give you a belly rub."
721,2182,4,21,101,126,1.2301587301587302,0.04387963104516852,675,... and this is why I wanted a cat.
799,2182,5,19,102,126,1.2301587301587302,0.045303489353958636,675,"Damn it, Milo! you and your darned obsession with alpha males."
846,2182,4,21,101,126,1.2301587301587302,0.04387963104516852,675,You sure you're ready for this dog park?
974,2182,3,23,100,126,1.2301587301587302,0.042407993275749206,675,"Don’t worry, that’s just George.  He gets like this every full moon."
569,2182,5,19,102,126,1.2301587301587302,0.045303489353958636,675,"I don't think being ""cute"" will help, so can you please growl?"
1565,2182,2,25,99,126,1.2301587301587302,0.04088341676880569,675,Still want to know about you ancestry?
1577,2182,5,19,102,126,1.2301587301587302,0.045303489353958636,675,"Luther, I said, ""It's like we're wolves"", you get so literal."
1703,2182,5,19,102,126,1.2301587301587302,0.045303489353958636,675,"Start with a friendly butt sniffing, 
then invite him to the dog park next weekend."
2046,2182,4,21,101,126,1.2301587301587302,0.04387963104516852,675,There's nothing to fear from recession. It's fake news.
1164,2182,6,17,103,126,1.2301587301587302,0.04668394022175475,675,"No more listening to Lou Reed, okay?"
2131,2182,5,19,102,126,1.2301587301587302,0.045303489353958636,675,"Shouldn't you be barking or something? Wait — shit, how much of that CBD tincture did I give you? This is one hell of a way to find out that shit works."
2621,2217,5,19,103,127,1.2283464566929134,0.04498187552896535,675,I knew we shouldn’t have eaten those mushroons.
2178,2217,8,13,106,127,1.2283464566929134,0.04897266846887123,675,"It's either a manifestation of our deepest fears about the inadequacies of the Democratic ticket. Or, Daddy needs to go back on his Wellbutrin."" --Leo Sacks, Sunnyside, N"
2956,2219,1,26,96,123,1.2276422764227641,0.03967918819088052,675,I think he just wants to be your friend.
3081,2219,4,20,99,123,1.2276422764227641,0.04443284865346495,675,"It’s 666 of one, 55.5 dozen of the other"
3200,2219,5,18,100,123,1.2276422764227641,0.0459081480870937,675,Tell him to go away or I'll let you off the leash.
3234,2219,2,24,97,123,1.2276422764227641,0.04132454472601138,675,oh that's just an ex of mine
3256,2219,5,18,100,123,1.2276422764227641,0.0459081480870937,675,May I introduce you to my Lord and Savior?
2887,2219,7,14,102,123,1.2276422764227641,0.04872492281611262,675,You're the one who wanted to do some soul-searching.
3265,2219,4,20,99,123,1.2276422764227641,0.04443284865346495,675,She won't look so good to you when it's not her time of the month.
3117,2219,5,18,100,123,1.2276422764227641,0.0459081480870937,675,"Wait, Greenland is the one with the ice?"
2838,2219,5,18,100,123,1.2276422764227641,0.0459081480870937,675,I'm starting to think those breakfast sausages had gone bad.
2520,2219,3,22,98,123,1.2276422764227641,0.04290685281090794,675,Not impressed eh?
2709,2219,6,16,101,123,1.2276422764227641,0.047337491295075286,675,It's just Mr. Nelson from next door. He's going through his time of the month again.
2651,2219,5,18,100,123,1.2276422764227641,0.0459081480870937,675,Are you looking for Donald Trump? He's right over there.
2599,2219,5,18,100,123,1.2276422764227641,0.0459081480870937,675,I would be scared if I believed in werewolves.
3294,2219,3,22,98,123,1.2276422764227641,0.04290685281090794,675,He must have slipped his leash.
2517,2219,4,20,99,123,1.2276422764227641,0.04443284865346495,675,Don't worry. Legend has it he prefers weiner dogs
2494,2219,2,24,97,123,1.2276422764227641,0.04132454472601138,675,"See Billy,THIS is why you should get neutered."
2446,2219,4,20,99,123,1.2276422764227641,0.04443284865346495,675,The lengths people go to keep dogs off their lawn
2419,2219,5,18,100,123,1.2276422764227641,0.0459081480870937,675,The New Normal...
2413,2219,5,18,100,123,1.2276422764227641,0.0459081480870937,675,That's what you looked like three million years ago.
4701,2219,6,16,101,123,1.2276422764227641,0.047337491295075286,675,I don’t care what he says.  I’m not Richard Nixon!
3354,2219,2,24,97,123,1.2276422764227641,0.04132454472601138,675,"Tree branches and dead squirrels were one thing, but this?"
4123,2219,5,18,100,123,1.2276422764227641,0.0459081480870937,675,"Well, it's confirmed- my conscience can still find me even after I lose signal."
3443,2219,6,16,101,123,1.2276422764227641,0.047337491295075286,675,He said “ Yum !
2401,2219,5,18,100,123,1.2276422764227641,0.0459081480870937,675,"I guess they hired this 
guy and saved billions on the wall, Sparky."
4419,2219,4,20,99,123,1.2276422764227641,0.04443284865346495,675,"Well, I for one don't believe in werewolves."
4494,2219,5,18,100,123,1.2276422764227641,0.0459081480870937,675,I bet he doesn’t pee on the rug.
4555,2219,4,20,99,123,1.2276422764227641,0.04443284865346495,675,He said he's a cousin.
4624,2219,3,22,98,123,1.2276422764227641,0.04290685281090794,675,"I told you these ""Full Moon"" walks were a bad idea."
4374,2219,5,18,100,123,1.2276422764227641,0.0459081480870937,675,Why aren't you barking?
4655,2219,5,18,100,123,1.2276422764227641,0.0459081480870937,675,You know if we get through this it'll make a great story.
4296,2219,4,20,99,123,1.2276422764227641,0.04443284865346495,675,Down Boy.
4232,2219,2,24,97,123,1.2276422764227641,0.04132454472601138,675,"Oh, so now you'll go pee."
4227,2219,8,12,103,123,1.2276422764227641,0.05007392659619311,675,"Hey, you bark at everything else - what's the problem here?"
4215,2219,4,20,99,123,1.2276422764227641,0.04443284865346495,675,Don't even think of marking this territory.
4189,2219,8,12,103,123,1.2276422764227641,0.05007392659619311,675,"I think we're going to need a louder ""WOOF"""
4186,2219,7,14,102,123,1.2276422764227641,0.04872492281611262,675,"In this instance,best if your bite is bigger than your bark"
4173,2219,6,16,101,123,1.2276422764227641,0.047337491295075286,675,"So my dog says, “I’ll have what he’s having!”"
4087,2219,5,18,100,123,1.2276422764227641,0.0459081480870937,675,"Remember, it's not real if you don't believe it."
4035,2219,4,20,99,123,1.2276422764227641,0.04443284865346495,675,"It happens because of the full moon, sweetie, not because you peed in his garden."
4009,2219,3,22,98,123,1.2276422764227641,0.04290685281090794,675,"Sic ‘em, Rex.  I’ll run for help."
3866,2219,6,16,101,123,1.2276422764227641,0.047337491295075286,675,"Whaddya mean, ""At this point I suggest we part company?"""
3679,2219,5,18,100,123,1.2276422764227641,0.0459081480870937,675,I’m sure I read the results right. The DNA test said he was a 100% match.
3377,2219,4,20,99,123,1.2276422764227641,0.04443284865346495,675,Stand your ground and look him in the eyes!
2368,2219,3,22,98,123,1.2276422764227641,0.04290685281090794,675,Looks like Somebody finally won their first court case.
2752,2219,7,14,102,123,1.2276422764227641,0.04872492281611262,675,Are you sure this is your playdate?
2337,2219,6,16,101,123,1.2276422764227641,0.047337491295075286,675,I hope you kept the receipt!
1045,2219,3,22,98,123,1.2276422764227641,0.04290685281090794,675,"See Scruffy, this is what happens when you watch Teen Wolf"
860,2219,6,16,101,123,1.2276422764227641,0.047337491295075286,675,"He's talking to you, Fifi."
771,2219,5,18,100,123,1.2276422764227641,0.0459081480870937,675,Your relative?
714,2219,5,18,100,123,1.2276422764227641,0.0459081480870937,675,If you pee on his leg it might make him melt.
664,2219,3,22,98,123,1.2276422764227641,0.04290685281090794,675,"Well, what are you waiting for?"
634,2219,6,16,101,123,1.2276422764227641,0.047337491295075286,675,Whaddya say we run the hell out of here?
584,2219,5,18,100,123,1.2276422764227641,0.0459081480870937,675,"I don't care what you rolled, it's not Dungeons and Dogs."
1131,2219,5,18,100,123,1.2276422764227641,0.0459081480870937,675,"I don't think he'll respond to ""Sit."""
531,2219,5,18,100,123,1.2276422764227641,0.0459081480870937,675,My Id got loose again.
225,2219,3,22,98,123,1.2276422764227641,0.04290685281090794,675,Aren't you glad I came along to this Tinder meet-up?
200,2219,6,16,101,123,1.2276422764227641,0.047337491295075286,675,Sniffing his butt is going to make all of us uncomfortable.
78,2219,4,20,99,123,1.2276422764227641,0.04443284865346495,675,I have a bad feeling his bite may be worse than his bark....
56,2219,4,20,99,123,1.2276422764227641,0.04443284865346495,675,Please don't lift your leg on his log.
39,2219,2,24,97,123,1.2276422764227641,0.04132454472601138,675,Now would be a good time to remember your 'Attack training'.
37,2219,5,18,100,123,1.2276422764227641,0.0459081480870937,675,"You go nuts whenever you see a squirrel, but for this: nothing?"
30,2219,4,20,99,123,1.2276422764227641,0.04443284865346495,675,I think I need to pee too.
377,2219,4,20,99,123,1.2276422764227641,0.04443284865346495,675,"Well, go on. Give him a sniff."
1508,2219,3,22,98,123,1.2276422764227641,0.04290685281090794,675,So this is your Uncle Floyd?
921,2219,4,20,99,123,1.2276422764227641,0.04443284865346495,675,"Henry, you keep him occupied and I'll jog over to the car."
1682,2219,7,14,102,123,1.2276422764227641,0.04872492281611262,675,_You_ answered. Now you're having second thoughts?
2286,2219,5,18,100,123,1.2276422764227641,0.0459081480870937,675,I knew you wouldn't recognize him.
2200,2219,3,22,98,123,1.2276422764227641,0.04290685281090794,675,Why do you always have to admire the statue before peeing on it?
2188,2219,5,18,100,123,1.2276422764227641,0.0459081480870937,675,See? That is what happens when you go off-leash.
2341,2219,6,16,101,123,1.2276422764227641,0.047337491295075286,675,We should Run
2101,2219,6,16,101,123,1.2276422764227641,0.047337491295075286,675,Australian Devil-doodle?
2100,2219,5,18,100,123,1.2276422764227641,0.0459081480870937,675,Why don’t you leave the whimpering to me?
2099,2219,4,20,99,123,1.2276422764227641,0.04443284865346495,675,"Sic ’em, Rusty!"
1538,2219,6,16,101,123,1.2276422764227641,0.047337491295075286,675,Now is not the time to act like a show dog!
1995,2219,5,18,100,123,1.2276422764227641,0.0459081480870937,675,You're conjuring again.
2068,2219,5,18,100,123,1.2276422764227641,0.0459081480870937,675,I think he just wants to sniff your butt.
1981,2219,5,18,100,123,1.2276422764227641,0.0459081480870937,675,"He knows the rules, No leash No walkies"
1942,2219,5,18,100,123,1.2276422764227641,0.0459081480870937,675,"When he surprised your grandma,flashes of light came from her eyes and turned him to stone."
1923,2219,5,18,100,123,1.2276422764227641,0.0459081480870937,675,"You don't even know what a truffle is, do you?"
1852,2219,6,16,101,123,1.2276422764227641,0.047337491295075286,675,Relax. It’s just the FX door switch robot.
1777,2219,5,18,100,123,1.2276422764227641,0.0459081480870937,675,We just have to hope he’s up to date on his shots.
1796,2300,6,17,105,128,1.2265625,0.046021386127029565,675,I knew it! I never should have taken the path less traveled by.
135,2300,7,15,106,128,1.2265625,0.047339195991441825,675,"I am going to count to three ,
and if you are still here ,
I am going to run (as fast asI can)..."
3582,2302,5,18,101,124,1.2258064516129032,0.04557340717535674,675,Don't you dare sniff his butt!
1887,2302,3,22,99,124,1.2258064516129032,0.04259899945360052,675,That’s the last time I let you blow your own dog whistle.
1816,2302,5,18,101,124,1.2258064516129032,0.04557340717535674,675,"Now, you stop provoking him."
1779,2305,3,21,96,120,1.225,0.04342239285991357,675,Bark much?
790,2305,4,19,97,120,1.225,0.04500622428164394,675,Recognize him from Puppy Daycare?
4144,2305,3,21,96,120,1.225,0.04342239285991357,675,I bet he’s bad at catching tennis balls in his mouth.
3938,2305,5,17,98,120,1.225,0.046536182122071425,675,"Peg, would you stop streaming and call 9-1-1 for Chrissakes."
2978,2305,6,15,99,120,1.225,0.04801741630812266,675,You didn't tell me your Mother was coming.
2608,2305,6,15,99,120,1.225,0.04801741630812266,675,Your father insists you come home.
2010,2311,5,16,95,116,1.2241379310344827,0.047558386583394015,675,don't bark you might scare him
4258,2312,5,18,102,125,1.224,0.045243427610377675,675,So you couldn't way until tomorrow...
4118,2313,5,20,109,134,1.2238805970149254,0.043215228185430825,675,"Don't worry, boy. He won't be re-elected.

Charlie McBride
Santa Barbara, CA"
3532,2314,2,23,96,121,1.2231404958677685,0.0414735524371983,675,"Picking up after you, Spike, isn't so bad I guess."
2997,2314,6,15,100,121,1.2231404958677685,0.0476552173333504,675,"Well Mr. Boodles,it's a darn good thing that your master took the precaution of sprinkling us both with gluten."
2783,2314,4,19,98,121,1.2231404958677685,0.04467144104934325,675,"I know, it sucks to run into your ex."
2627,2314,5,17,99,121,1.2231404958677685,0.04618743002437898,675,"So he claws and howls at the full moon, beats his chest and all you can muster is a “whoof” ... great, and they said you would made an adequate guard dog!"
1968,2314,4,19,98,121,1.2231404958677685,0.04467144104934325,675,I told you meeting up with lost relatives could be awkward.
1613,2314,5,17,99,121,1.2231404958677685,0.04618743002437898,675,"You are not required to bark.  However, if you would like to bark now, it would be appreciated."
4408,2314,5,17,99,121,1.2231404958677685,0.04618743002437898,675,"See Bosco, this is why I didn't want to order that doggy DNA kit in the first place."
237,2321,5,19,106,130,1.2230769230769232,0.0440433794609952,675,You should see him at night.
4425,2322,5,18,103,126,1.2222222222222223,0.044918110871933946,675,"So, those were your nibble marks on my edibles."
216,2323,3,21,98,122,1.221311475409836,0.042786519284517405,675,Next time be more careful where you lift your leg.
1503,2323,7,13,102,122,1.221311475409836,0.04870952904740452,675,Is he your mom or your dad’s side?
1811,2323,6,15,101,122,1.221311475409836,0.04729836385263293,675,You still have to do your business if you want to be told you're a good boy.
3491,2326,3,20,95,118,1.2203389830508475,0.043622033680757795,675,"I thought you were joking when you said ""hey look the big bad wolf""!"
3169,2326,5,16,97,118,1.2203389830508475,0.04682532355183029,675,I feel like it's your turn to do the whole rescue thing.
3170,2326,2,22,94,118,1.2203389830508475,0.04192871654130322,675,"No, the Loch Ness monster has smaller ears."
3174,2326,5,16,97,118,1.2203389830508475,0.04682532355183029,675,"Kill, Coco, Kill"
3243,2326,2,22,94,118,1.2203389830508475,0.04192871654130322,675,Do you think he's worth a bark or two ?
3264,2326,1,24,93,118,1.2203389830508475,0.04016407249217566,675,I just wish people would obey the leash law.
3271,2326,2,22,94,118,1.2203389830508475,0.04192871654130322,675,"This is why we have leash laws, Fido."
3304,2326,1,24,93,118,1.2203389830508475,0.04016407249217566,675,"I'm gonna go dive in this lake and hope it can't swim, wanna come?"
3338,2326,5,16,97,118,1.2203389830508475,0.04682532355183029,675,"I know your feelings are hurt, but we are in the age of diverse  emotional support pets"""
3359,2326,1,24,93,118,1.2203389830508475,0.04016407249217566,675,"They call him Mr. Pretty, and he likes to take puppies for bedtime walks."
3445,2326,3,20,95,118,1.2203389830508475,0.043622033680757795,675,"Sorry, Skippy. I didn’t know the mystery island getaway that I won was to Three Mile Island."
3489,2326,4,18,96,118,1.2203389830508475,0.04525203171228205,675,This is your friend that reminds you of me?
3446,2326,3,20,95,118,1.2203389830508475,0.043622033680757795,675,I love my pal but I should have brought a husky.
3156,2326,3,20,95,118,1.2203389830508475,0.043622033680757795,675,I told you not to lift your leg on Mr. Mitchell's prized Japanese Maple.
3603,2326,3,20,95,118,1.2203389830508475,0.043622033680757795,675,"This is your lover, boy?"
3583,2326,4,18,96,118,1.2203389830508475,0.04525203171228205,675,"See, this is what happens when you chew on daddy’s shoes."
3575,2326,1,24,93,118,1.2203389830508475,0.04016407249217566,675,So you're not going to sniff his butt?
3571,2326,8,10,100,118,1.2203389830508475,0.05125626381883711,675,I think I'm going to need a bigger dog.
3555,2326,3,20,95,118,1.2203389830508475,0.043622033680757795,675,And you call yourself a guard dog?
3547,2326,3,20,95,118,1.2203389830508475,0.043622033680757795,675,I said attack Sparky!
3438,2326,3,20,95,118,1.2203389830508475,0.043622033680757795,675,I thought you said the Pine Barrens would make for a nice change of pace?
3118,2326,0,26,92,118,1.2203389830508475,0.03831824849223316,675,"When you said your grandmother was a savage, this was not what I expected"
2483,2326,4,18,96,118,1.2203389830508475,0.04525203171228205,675,This is what happens when you eat my favorite shoes.
3105,2326,3,20,95,118,1.2203389830508475,0.043622033680757795,675,It’s all an act-he’s a game show host.
2751,2326,3,20,95,118,1.2203389830508475,0.043622033680757795,675,'' STAY FRED !  Do not attack!
2734,2326,3,20,95,118,1.2203389830508475,0.043622033680757795,675,"C'mon, Fluffy, this is what we've been training for."
2683,2326,6,14,98,118,1.2203389830508475,0.048347445406947874,675,Now you see what can happen when you cry wolf..
2638,2326,6,14,98,118,1.2203389830508475,0.048347445406947874,675,This is exactly why you get only non-GMO kibble!
3611,2326,6,14,98,118,1.2203389830508475,0.048347445406947874,675,"I know what you’re thinking. No, you better not sniff his butt."
2593,2326,4,18,96,118,1.2203389830508475,0.04525203171228205,675,And that’s what happens to dogs who don’t obey their master.
2585,2326,3,20,95,118,1.2203389830508475,0.043622033680757795,675,"Whatever you do, don't sniff his butt!"
2570,2326,2,22,94,118,1.2203389830508475,0.04192871654130322,675,Well aren't you going to do something about this?
2836,2326,4,18,96,118,1.2203389830508475,0.04525203171228205,675,This is what dog owners become when their dogs don't behave.
3108,2326,5,16,97,118,1.2203389830508475,0.04682532355183029,675,this is what happens to disobedient dogs
2886,2326,5,16,97,118,1.2203389830508475,0.04682532355183029,675,"Let's walk on National Debt Trail, you said"
2933,2326,4,18,96,118,1.2203389830508475,0.04525203171228205,675,Don't worship false dogs.
2936,2326,4,18,96,118,1.2203389830508475,0.04525203171228205,675,Menopause is a monster old friend.
2961,2326,5,16,97,118,1.2203389830508475,0.04682532355183029,675,I don’t have a doggie bag that big .....
2973,2326,4,18,96,118,1.2203389830508475,0.04525203171228205,675,It's just a sculpture
2989,2326,1,24,93,118,1.2203389830508475,0.04016407249217566,675,"Piper, now’s the time to show me what a good guard dog you are!"
3023,2326,4,18,96,118,1.2203389830508475,0.04525203171228205,675,I guess you really don’t have to go potty.
3036,2326,2,22,94,118,1.2203389830508475,0.04192871654130322,675,Get that look off your face.  I am not lifting you up to smell his butt.
3041,2326,1,24,93,118,1.2203389830508475,0.04016407249217566,675,"Sparky, I think he just wants to play."
3047,2326,1,24,93,118,1.2203389830508475,0.04016407249217566,675,See?  Bad posture.
2908,2326,2,22,94,118,1.2203389830508475,0.04192871654130322,675,"Ehh, I saw one online that was twice as big."
3625,2326,2,22,94,118,1.2203389830508475,0.04192871654130322,675,I wouldn’t bark at this one I don’t think.
4362,2326,5,16,97,118,1.2203389830508475,0.04682532355183029,675,"I am your father,Luke"
3640,2326,6,14,98,118,1.2203389830508475,0.048347445406947874,675,"Ok, I’ll let you run free with him for a bit, but no biting."
4271,2326,4,18,96,118,1.2203389830508475,0.04525203171228205,675,"Just remember, it's not the size of the dog in the fight, it's the size of the fight in the dog that matters."
4316,2326,5,16,97,118,1.2203389830508475,0.04682532355183029,675,"Yup, an American werewolf in Greenland."
4332,2326,4,18,96,118,1.2203389830508475,0.04525203171228205,675,I’d rather he sniff your butt.
4345,2326,2,22,94,118,1.2203389830508475,0.04192871654130322,675,And that is why they call it Devils Lake.
4394,2326,3,20,95,118,1.2203389830508475,0.043622033680757795,675,"Sic him, Wolf."
4427,2326,6,14,98,118,1.2203389830508475,0.048347445406947874,675,"We talked about this. You're a dog now, not a puppy.
There is no Santa Claus 
There is no Easter Bunny, and
There are no such things as ghosts"
4454,2326,5,16,97,118,1.2203389830508475,0.04682532355183029,675,"Don't be shy, Fido, that's just our neighbor Tim during his time of the month"
4483,2326,4,18,96,118,1.2203389830508475,0.04525203171228205,675,"And this exhibit shows the urban werewolf, full moon phase."
4507,2326,4,18,96,118,1.2203389830508475,0.04525203171228205,675,Hmmm..when was your last rabies vaccine?
4268,2326,3,20,95,118,1.2203389830508475,0.043622033680757795,675,Sic ‘em Pumpkin
4513,2326,3,20,95,118,1.2203389830508475,0.043622033680757795,675,We may both be their descendants.
4524,2326,3,20,95,118,1.2203389830508475,0.043622033680757795,675,Don't worry. He won't hurt us - he's running for office.
4698,2326,3,20,95,118,1.2203389830508475,0.043622033680757795,675,This is what happens to bad little dogs who don't heel.
2416,2326,4,18,96,118,1.2203389830508475,0.04525203171228205,675,"Great, I only brought one poop bag."
4692,2326,4,18,96,118,1.2203389830508475,0.04525203171228205,675,"Yeah, pretty good. Yourself?"
4673,2326,6,14,98,118,1.2203389830508475,0.048347445406947874,675,Say “woof”
4578,2326,6,14,98,118,1.2203389830508475,0.048347445406947874,675,I don't care if she is in heat.
4593,2326,6,14,98,118,1.2203389830508475,0.048347445406947874,675,Say hello to the friendly man.
4599,2326,2,22,94,118,1.2203389830508475,0.04192871654130322,675,Well? What happened to the leash aggression?
4622,2326,4,18,96,118,1.2203389830508475,0.04525203171228205,675,Say hi to your new brother. He's also a Rescue.
4515,2326,4,18,96,118,1.2203389830508475,0.04525203171228205,675,Stay away from the werestrays.
3633,2326,5,16,97,118,1.2203389830508475,0.04682532355183029,675,Cousin?
4187,2326,3,20,95,118,1.2203389830508475,0.043622033680757795,675,I can remember when a simple 'No dogs allowed' would suffice.
4175,2326,3,20,95,118,1.2203389830508475,0.043622033680757795,675,"The full moon will make for a beautiful walk, you said..."
3643,2326,5,16,97,118,1.2203389830508475,0.04682532355183029,675,Meet your uncle Fudd. He likes to beat his feet in the Mississippi mud.
3710,2326,3,20,95,118,1.2203389830508475,0.043622033680757795,675,"Just bite him in the nuts, that should do it."
3716,2326,2,22,94,118,1.2203389830508475,0.04192871654130322,675,Don't be a scaredy-cat.
3730,2326,5,16,97,118,1.2203389830508475,0.04682532355183029,675,This is why I wanted to neuter you.
3737,2326,3,20,95,118,1.2203389830508475,0.043622033680757795,675,"Milo, apologize and tell him you will stop bullying him at school"
3753,2326,4,18,96,118,1.2203389830508475,0.04525203171228205,675,"I bet you can become friends, just go sniff his butt."
3862,2326,3,20,95,118,1.2203389830508475,0.043622033680757795,675,So? Where’s that fear aggression now?
3865,2326,5,16,97,118,1.2203389830508475,0.04682532355183029,675,I don’t care what Trump says.  It’s a squirrel.
3937,2326,5,16,97,118,1.2203389830508475,0.04682532355183029,675,This is why I  don't want you to bay at the moon too much.
4184,2326,4,18,96,118,1.2203389830508475,0.04525203171228205,675,You sniff his butt to distract him while I get the leash on.
3945,2326,3,20,95,118,1.2203389830508475,0.043622033680757795,675,That's just the mailman.
4047,2326,5,16,97,118,1.2203389830508475,0.04682532355183029,675,"I know Sparky, I hate cats too."
4050,2326,2,22,94,118,1.2203389830508475,0.04192871654130322,675,"Sometimes you just have to get back on the horse, my friend."
4085,2326,4,18,96,118,1.2203389830508475,0.04525203171228205,675,You're the one that just HAD to have a walk on full moon night...you figure it out!
4105,2326,4,18,96,118,1.2203389830508475,0.04525203171228205,675,Don't you even think about it!
4120,2326,5,16,97,118,1.2203389830508475,0.04682532355183029,675,"Sweetheart, you’re not you when you’re hungry"
4127,2326,5,16,97,118,1.2203389830508475,0.04682532355183029,675,"Distant relative, right ?"
4134,2326,3,20,95,118,1.2203389830508475,0.043622033680757795,675,Just don't wag your tail.
4135,2326,3,20,95,118,1.2203389830508475,0.043622033680757795,675,This is no where to woof.
4167,2326,6,14,98,118,1.2203389830508475,0.048347445406947874,675,Fluffy Do you know this guy?
4026,2326,5,16,97,118,1.2203389830508475,0.04682532355183029,675,Please don't shit yourself; I forgot the poop bags.
2408,2326,5,16,97,118,1.2203389830508475,0.04682532355183029,675,Just another media hoax that will be gone by the next news cycle.
832,2326,3,20,95,118,1.2203389830508475,0.043622033680757795,675,I told you that you should have stopped barking.
2348,2326,3,20,95,118,1.2203389830508475,0.043622033680757795,675,"Stand, Murphy."
570,2326,6,14,98,118,1.2203389830508475,0.048347445406947874,675,I didn't bring a big enough bag.
591,2326,2,22,94,118,1.2203389830508475,0.04192871654130322,675,Stay.
654,2326,5,16,97,118,1.2203389830508475,0.04682532355183029,675,He wants to sniff your butt if that's okay with you.
667,2326,3,20,95,118,1.2203389830508475,0.043622033680757795,675,Now do you see why we neutered you?
707,2326,4,18,96,118,1.2203389830508475,0.04525203171228205,675,Okay boy meet your crazy cousin Lon...
724,2326,6,14,98,118,1.2203389830508475,0.048347445406947874,675,Whew. For a moment I thought it was a scientologist.
759,2326,6,14,98,118,1.2203389830508475,0.048347445406947874,675,Don't chase the cat!
766,2326,4,18,96,118,1.2203389830508475,0.04525203171228205,675,"Hey boy, have you read Maurice Sendak?"
808,2326,3,20,95,118,1.2203389830508475,0.043622033680757795,675,Stay Fluffy. I'll run and get help.
813,2326,3,20,95,118,1.2203389830508475,0.043622033680757795,675,Remember when you were a puppy and I taught you to 'sic em'?
821,2326,6,14,98,118,1.2203389830508475,0.048347445406947874,675,That is NOT my species's ancestor.
2374,2326,4,18,96,118,1.2203389830508475,0.04525203171228205,675,"Don't worry. If negative interest rates don't bother us, why should this?"
873,2326,2,22,94,118,1.2203389830508475,0.04192871654130322,675,"It’s ok, he’s friendly."
924,2326,3,20,95,118,1.2203389830508475,0.043622033680757795,675,Did you come across those funny mushrooms again?
941,2326,3,20,95,118,1.2203389830508475,0.043622033680757795,675,I 'm going to drop your leash now and dash back to the car to get you a biscuit. You STAY while I do that.
965,2326,1,24,93,118,1.2203389830508475,0.04016407249217566,675,That's the last time I wonder what's down Grimpen Mire Lane?
966,2326,3,20,95,118,1.2203389830508475,0.043622033680757795,675,That's what happens to you if you are not a good dog.
541,2326,3,20,95,118,1.2203389830508475,0.043622033680757795,675,"Don't worry Fido, it's stuck in a giant walnut."
529,2326,5,16,97,118,1.2203389830508475,0.04682532355183029,675,This doesn't apply even if you did read Cervantes
499,2326,2,22,94,118,1.2203389830508475,0.04192871654130322,675,I clean up after you all the time! The least you could do is return the favour.
498,2326,4,18,96,118,1.2203389830508475,0.04525203171228205,675,You just had to ask him what his party trick was.
45,2326,5,16,97,118,1.2203389830508475,0.04682532355183029,675,Don't' worry. It's just an old fiend.
65,2326,6,14,98,118,1.2203389830508475,0.048347445406947874,675,Your birth dad only shows up when he needs money.
69,2326,4,18,96,118,1.2203389830508475,0.04525203171228205,675,Don’t be shy.
104,2326,5,16,97,118,1.2203389830508475,0.04682532355183029,675,"Look, we both agreed to a personal trainer."
166,2326,4,18,96,118,1.2203389830508475,0.04525203171228205,675,...and that's how big Miss Kitty thinks she is.
213,2326,4,18,96,118,1.2203389830508475,0.04525203171228205,675,"Go on, give your father a hug."
262,2326,2,22,94,118,1.2203389830508475,0.04192871654130322,675,I should've gone with the pit bull.
289,2326,2,22,94,118,1.2203389830508475,0.04192871654130322,675,You stay here and do your growling thing while I sprint back to the car to consider other options.
973,2326,5,16,97,118,1.2203389830508475,0.04682532355183029,675,"No, your dad had a black spot on his nose."
297,2326,3,20,95,118,1.2203389830508475,0.043622033680757795,675,You took that basset hound.
303,2326,3,20,95,118,1.2203389830508475,0.043622033680757795,675,I don’t suppose “sic ‘em!” is what you want to hear right about now?!
307,2326,3,20,95,118,1.2203389830508475,0.043622033680757795,675,"Couldn't hold it until morning, could you?!"
357,2326,5,16,97,118,1.2203389830508475,0.04682532355183029,675,Chopper. Sick balls.
358,2326,3,20,95,118,1.2203389830508475,0.043622033680757795,675,Werewolf? There wolf.
410,2326,4,18,96,118,1.2203389830508475,0.04525203171228205,675,Come on Skipper - he's more afraid of us than we are of him.
411,2326,5,16,97,118,1.2203389830508475,0.04682532355183029,675,"No, it is not a black Lab."
450,2326,3,20,95,118,1.2203389830508475,0.043622033680757795,675,I'll get the poop bags out.
469,2326,6,14,98,118,1.2203389830508475,0.048347445406947874,675,"Sidney, this is just to show you that I take potty training very seriously."
300,2326,5,16,97,118,1.2203389830508475,0.04682532355183029,675,"Something tells me this is not CGI, Toto."
1004,2326,2,22,94,118,1.2203389830508475,0.04192871654130322,675,Did you say “Mommy?”?
443,2326,4,18,96,118,1.2203389830508475,0.04525203171228205,675,He's a rescue - terrier is all we know for sure.
1043,2326,3,20,95,118,1.2203389830508475,0.043622033680757795,675,Stop whining we can afford another pet.
1627,2326,6,14,98,118,1.2203389830508475,0.048347445406947874,675,Don’t be such a pussy.
1662,2326,3,20,95,118,1.2203389830508475,0.043622033680757795,675,"You're supposed to protect me, you know."
1668,2326,3,20,95,118,1.2203389830508475,0.043622033680757795,675,"You remember - it’s just Wolfe, the German Shepard from down
The street."
1783,2326,4,18,96,118,1.2203389830508475,0.04525203171228205,675,Wait here.  I'll be right back.
1828,2326,3,20,95,118,1.2203389830508475,0.043622033680757795,675,"Be nice, let it sniff you."
1848,2326,2,22,94,118,1.2203389830508475,0.04192871654130322,675,"Guys, don’t run. Buddy is a very friendly little puppy"
2016,2326,6,14,98,118,1.2203389830508475,0.048347445406947874,675,"Gozer here is going to be your coach at Guard Dog camp, Daisy."
2040,2326,1,24,93,118,1.2203389830508475,0.04016407249217566,675,I told you not to bark
1586,2326,5,16,97,118,1.2203389830508475,0.04682532355183029,675,Can you speak demon?
2050,2326,4,18,96,118,1.2203389830508475,0.04525203171228205,675,He won't hurt you. He's running for President.
2167,2326,6,14,98,118,1.2203389830508475,0.048347445406947874,675,I told you it wasn't a good idea to howl at the moon. But would you listen? Of course not. You're just like Linda.
2174,2326,3,20,95,118,1.2203389830508475,0.043622033680757795,675,I knew your incessant howling would get us in trouble some day.
2213,2326,4,18,96,118,1.2203389830508475,0.04525203171228205,675,This is what happens when you stop being a ‘good boy’.
2217,2326,5,16,97,118,1.2203389830508475,0.04682532355183029,675,Never meet your heroes
2229,2326,5,16,97,118,1.2203389830508475,0.04682532355183029,675,Not another word about Beowulf and the truth of myth!
2260,2326,4,18,96,118,1.2203389830508475,0.04525203171228205,675,It's supposed to be a solar eclipse today.
2343,2326,3,20,95,118,1.2203389830508475,0.043622033680757795,675,It was YOU who fetched the leash”
1025,2326,4,18,96,118,1.2203389830508475,0.04525203171228205,675,He cost me $200 at Petsmart. Make the most of it.
2107,2326,4,18,96,118,1.2203389830508475,0.04525203171228205,675,I've soiled myself but you still can't go?
1562,2326,3,20,95,118,1.2203389830508475,0.043622033680757795,675,"No,it's not a werewoof."
2326,2326,5,16,97,118,1.2203389830508475,0.04682532355183029,675,"Stay calm, it's just Donny in his true personality suit."
1213,2326,6,14,98,118,1.2203389830508475,0.048347445406947874,675,You're the one who didn't 'Fetch'.
1125,2326,0,26,92,118,1.2203389830508475,0.03831824849223316,675,"Hey, you're the one who wanted to go for a walk."
1155,2326,2,22,94,118,1.2203389830508475,0.04192871654130322,675,You see what I mean ... this is what happens when you start to walk on two legs.
1174,2326,4,18,96,118,1.2203389830508475,0.04525203171228205,675,"Well, Spot, I’m thinking maybe we should turn around..."
1527,2326,3,20,95,118,1.2203389830508475,0.043622033680757795,675,Lets cross the street.
1269,2326,1,24,93,118,1.2203389830508475,0.04016407249217566,675,"Ok, I get it. You can wake up now."
1271,2326,6,14,98,118,1.2203389830508475,0.048347445406947874,675,"Aw, what a precious little puppy. He's so cute!"
1073,2326,2,22,94,118,1.2203389830508475,0.04192871654130322,675,You had to meet your biological father?
1326,2326,3,20,95,118,1.2203389830508475,0.043622033680757795,675,Death is not the end.
1363,2326,6,14,98,118,1.2203389830508475,0.048347445406947874,675,No. I don't care if you are 15-0.
1306,2326,5,16,97,118,1.2203389830508475,0.04682532355183029,675,"That’s a little too obedient, Sparky boy."
1373,2326,5,16,97,118,1.2203389830508475,0.04682532355183029,675,Don’t bark. All it could do is eat us.
1382,2326,5,16,97,118,1.2203389830508475,0.04682532355183029,675,"I told you not to call him a ""pussy""!"
1397,2326,2,22,94,118,1.2203389830508475,0.04192871654130322,675,"Sure, ""Lucky.""  After a pedicure and haircut, he'll become your new best friend!"
1401,2326,2,22,94,118,1.2203389830508475,0.04192871654130322,675,You're more afraid of him than he is of you.
1417,2326,2,22,94,118,1.2203389830508475,0.04192871654130322,675,I told you what would happen if you kept pooping there!
1419,2326,6,14,98,118,1.2203389830508475,0.048347445406947874,675,"Don't stare,Tucker,it's rude."
1429,2326,4,18,96,118,1.2203389830508475,0.04525203171228205,675,Why can't you transmogrify like the Henderson's dog?
1439,2326,6,14,98,118,1.2203389830508475,0.048347445406947874,675,Don’t you feel like barking now?
1369,2326,2,22,94,118,1.2203389830508475,0.04192871654130322,675,"Oh, now you stop barking?"
343,2506,4,19,100,123,1.2195121951219512,0.04401631978653827,675,I know he's family but I'm not feeling very welcome....
2103,2506,6,15,102,123,1.2195121951219512,0.04694674057057004,675,Another reason leash laws are unfair.
1519,2508,5,16,98,119,1.218487394957983,0.04646707114081311,675,Mrs Murray really should get her dog spayed
295,2509,5,15,95,115,1.2173913043478262,0.04748858098023914,675,"No offence, but we really should have gone with the Rottweiler."
473,2509,3,19,93,115,1.2173913043478262,0.044159423919739836,675,I guess I should have gotten a Rottweiler.
1134,2509,4,17,94,115,1.2173913043478262,0.045854225783672445,675,"Sorry Rex, but you gotta take one for the team!"
1162,2509,3,19,93,115,1.2173913043478262,0.044159423919739836,675,This doesn’t mean that you get to go off leash.
8,2509,3,19,93,115,1.2173913043478262,0.044159423919739836,675,"Find me a female on-line, you said. I want to breed, you said. It'll be quick and easy, you said."
2554,2509,3,19,93,115,1.2173913043478262,0.044159423919739836,675,I should have named you David instead of Goliath.
4565,2509,4,17,94,115,1.2173913043478262,0.045854225783672445,675,I don’t think he’s going to throw you a stick.
2744,2509,4,17,94,115,1.2173913043478262,0.045854225783672445,675,"Napoleon, I've told you before-- stop projecting."
706,2509,6,13,96,115,1.2173913043478262,0.049068529882333456,675,"Yeah, your brother didn’t think much about wearing his cone either."
3221,2509,4,17,94,115,1.2173913043478262,0.045854225783672445,675,"If it’s brown, avert your eyes and lay down; if it’s black make yourself big and fight back...or is it the other way around?"
3647,2509,3,19,93,115,1.2173913043478262,0.044159423919739836,675,Are you thinking what I’m thinking?
1391,2509,3,19,93,115,1.2173913043478262,0.044159423919739836,675,Don’t worry — the President assures us that he could be a decent one.
1093,2509,5,15,95,115,1.2173913043478262,0.04748858098023914,675,Why should I be afraid? He's fake news.
3822,2522,1,22,88,111,1.2162162162162162,0.04128446572032288,675,We're gonna need a bigger poop bag!
311,2523,3,19,94,116,1.2155172413793103,0.04381717927724109,675,This has got to be the terror in the White House my dad is always talking about.  I'm no human but I understand fear!
571,2523,5,15,96,116,1.2155172413793103,0.047114703382027195,675,"Remember I taught you about David and Goliath?

No I don't remember what happened to adavid"
894,2523,3,19,94,116,1.2155172413793103,0.04381717927724109,675,He’ll be fine in the morning.
1480,2523,4,17,95,116,1.2155172413793103,0.045495826592063866,675,Why do you only change when you hear the doorbell?
2026,2523,4,17,95,116,1.2155172413793103,0.045495826592063866,675,He's only like this 3 nights a month.  The rest of the time he's a morally conflicted existentialist!
2230,2523,3,19,94,116,1.2155172413793103,0.04381717927724109,675,And you wanted to go for a walk...
149,2523,3,19,94,116,1.2155172413793103,0.04381717927724109,675,"That's really great boy. No really, the other doggies only find  dead birds and old boots.But you Fido, you always up the ante."""
1411,2523,5,15,96,116,1.2155172413793103,0.047114703382027195,675,"It's either heel, or heal. Your choice."
2769,2523,4,17,95,116,1.2155172413793103,0.045495826592063866,675,I don’t care that she hasn’t shaved. It’s just that on her Hinge profile she looked way skinnier.
2287,2523,5,15,96,116,1.2155172413793103,0.047114703382027195,675,"Sorry, the person who usually scares the crap out of you called in sick, so I had to hire someone from Congress."
2830,2523,4,17,95,116,1.2155172413793103,0.045495826592063866,675,"Next time you try to set me up with one of your friends, show me a picture first."""
3383,2523,1,23,92,116,1.2155172413793103,0.04025040527561639,675,"I know he doesn't look like Mr. Jones from next door, but I'm telling you he's just having an off night."
3923,2523,5,15,96,116,1.2155172413793103,0.047114703382027195,675,This is the anointed one?
3769,2523,3,19,94,116,1.2155172413793103,0.04381717927724109,675,"Yes, based on your DNA results, this is your great-great-great-great-grandfather."
3804,2523,4,17,95,116,1.2155172413793103,0.045495826592063866,675,"It's possible, Rufus, that the Moonlight Maniac isn't quite as mythical as we may have hoped."
2546,2523,5,15,96,116,1.2155172413793103,0.047114703382027195,675,"I  bet this nightmare has a connection to AR15s, opioids, tariffs, losing health care,  no retirement saving, increasing government debt, mass shootings, gutless congressmen, corporate egress ,narcissistic leaders and people who vote for them."
2347,2523,7,11,98,116,1.2155172413793103,0.05019606906660046,675,"Listen to me, it's not all glamour and moonlight! Every month I have to buy a new set of clothes because I forgot there was a full moon, the blood and gore ain't so hot either. Just listen to your Master and you'll be fine."
1203,2540,7,12,103,122,1.2131147540983607,0.048314650007294575,675,So now you know why we named you Luke.
2203,2541,4,16,93,113,1.2123893805309736,0.04610513913732104,675,"See, this is what happens when the neighbors let their cat outside during a full moon"
3146,2541,3,18,92,113,1.2123893805309736,0.044358269149919076,675,Attack Fido!
2946,2541,4,16,93,113,1.2123893805309736,0.04610513913732104,675,I warned you about online howling.
2630,2541,0,24,89,113,1.2123893805309736,0.03864676704837617,675,You still don’t have to go?
2324,2541,3,18,92,113,1.2123893805309736,0.044358269149919076,675,Don't show fear!
2277,2541,3,18,92,113,1.2123893805309736,0.044358269149919076,675,Hope you brought bags this time.
3332,2541,2,20,91,113,1.2123893805309736,0.04253972530566686,675,Wanna’ play?
3467,2541,2,20,91,113,1.2123893805309736,0.04253972530566686,675,"If you want to take him home, your the one that has to feed him."
3936,2541,4,16,93,113,1.2123893805309736,0.04610513913732104,675,I see you brought lunch.
3548,2541,7,10,96,113,1.2123893805309736,0.05098791321045548,675,Sure am glad we listened to Bob Barker
3738,2541,3,18,92,113,1.2123893805309736,0.044358269149919076,675,"Don't worry, Spike. Even spooky hell demons have a soft spot for puppies."
3744,2541,4,16,93,113,1.2123893805309736,0.04610513913732104,675,Remember when I said we could do the house-training the easy way or the hard way
4030,2541,4,16,93,113,1.2123893805309736,0.04610513913732104,675,Why don’t they ever look like they have photos online?
4207,2541,3,18,92,113,1.2123893805309736,0.044358269149919076,675,Promise me that you won't be like this when you're older...
4581,2541,3,18,92,113,1.2123893805309736,0.044358269149919076,675,What kind of bone did you bury here?
2195,2541,3,18,92,113,1.2123893805309736,0.044358269149919076,675,I suppose “fetch” is out of the question.
4695,2541,4,16,93,113,1.2123893805309736,0.04610513913732104,675,I suppose you want me to pay for your cousin's dog food this week?
3540,2541,2,20,91,113,1.2123893805309736,0.04253972530566686,675,And that's what happens if you don't take your medicine.
1781,2541,4,16,93,113,1.2123893805309736,0.04610513913732104,675,"According to Fox News, we've nothing to worry about. So, just ignore him."
1396,2541,4,16,93,113,1.2123893805309736,0.04610513913732104,675,Remember life before you were neutered?
1706,2541,4,16,93,113,1.2123893805309736,0.04610513913732104,675,Climate change skeptics can be frightening but we’ll probably die from a nuclear accident.
17,2541,3,18,92,113,1.2123893805309736,0.044358269149919076,675,"He doesn't like to be bothered, while he is doing his business."
156,2541,2,20,91,113,1.2123893805309736,0.04253972530566686,675,"Sure you lead me right to this, but you hide when the waffle iron beeps."
384,2541,6,12,95,113,1.2123893805309736,0.04941396038228338,675,Fake news  and loser media would have you believe there's a monster about to pounce.
435,2541,5,14,94,113,1.2123893805309736,0.04778819590408077,675,"Before I’m torn apart, I just want to say that it would be funny if you called yourself “Society” because people would be like “the real monster is society” and you’d be like “Yeah, that’s me!” Just think about it, I dunno, could be cool."
613,2541,2,20,91,113,1.2123893805309736,0.04253972530566686,675,"Now, can we go?"
128,2541,5,14,94,113,1.2123893805309736,0.04778819590408077,675,"Larry, ATTACK!"
927,2541,5,14,94,113,1.2123893805309736,0.04778819590408077,675,See what you've created by peeing on our neighbor's flowers!
1075,2541,2,20,91,113,1.2123893805309736,0.04253972530566686,675,Don't listen to him.
1720,2541,4,16,93,113,1.2123893805309736,0.04610513913732104,675,"We're not in Yorba Linda anymore, Checkers."
1514,2541,2,20,91,113,1.2123893805309736,0.04253972530566686,675,"In this situation, for example, barking wouldn't do much good."
661,2541,4,16,93,113,1.2123893805309736,0.04610513913732104,675,It’s just my Avatar.
3732,2573,5,15,98,118,1.2118644067796611,0.046384093448669866,675,"Let this be a lesson. This is Wolfy, my last pet. He'll never crap on the living room carpet again."
214,2573,6,13,99,118,1.2118644067796611,0.04792023243577968,675,"Remember, size is just a construct."
2810,2575,3,20,100,123,1.2113821138211383,0.04202655323609029,675,"See what happens when you don't mind, Sparky?"
2827,2575,5,16,102,123,1.2113821138211383,0.04508648599697628,675,"Give your mommy a hug, Bonzo."
3977,2575,4,18,101,123,1.2113821138211383,0.043583382133913544,675,"Don't worry, Beelzebub won't bite."
3890,2578,4,15,90,109,1.2110091743119267,0.04712854742331021,675,This is the girl you wanted me to meet??
1225,2578,3,17,89,109,1.2110091743119267,0.04529023423348228,675,You're supposed to be a therapy dog - get to work.
168,2578,5,13,91,109,1.2110091743119267,0.048897797982513584,675,What would Rin Tin Tin do in this situation?
120,2578,2,19,88,109,1.2110091743119267,0.04337407810681607,675,He was a bad doggie
348,2582,3,18,93,114,1.2105263157894737,0.04400689458220717,675,See how bold and confident he is? Maybe you can start by not hiding under the bed every time the doorbell rings.
4552,2583,3,17,90,110,1.209090909090909,0.0449175958423419,675,Damn I forgot the treats!
2561,2583,3,17,90,110,1.209090909090909,0.0449175958423419,675,"Rex, don’t hurt him."
2588,2583,5,13,92,110,1.209090909090909,0.04848919218796726,675,I think I need a bigger dog.
2609,2583,4,15,91,110,1.209090909090909,0.046737523336702363,675,"No, the book said 'descended from wolves' not from Beowulf."
2612,2583,3,17,90,110,1.209090909090909,0.0449175958423419,675,Who’s a good dog?
2770,2583,3,17,90,110,1.209090909090909,0.0449175958423419,675,"No, I don't think it wants to sniff."
2870,2583,6,11,93,110,1.209090909090909,0.050179751199407645,675,"I’m not crying, you’re crying."
2879,2583,3,17,90,110,1.209090909090909,0.0449175958423419,675,Go say Hi.
2977,2583,2,19,89,110,1.209090909090909,0.04302074784174658,675,"Not your Mother’s walkies, is it?"
3014,2583,5,13,92,110,1.209090909090909,0.04848919218796726,675,"Ziggy, sometimes I wish I knew what you’re barking at."
3197,2583,4,15,91,110,1.209090909090909,0.046737523336702363,675,This is what you could’ve  been like if I hadn’t raised you.
3263,2583,3,17,90,110,1.209090909090909,0.0449175958423419,675,"Okay,Spot,I'll just mosey over to those trees.  Let me know if you need any help."
4551,2583,7,9,94,110,1.209090909090909,0.05181518215568946,675,"``Whaddya say, bark or no bark?''"
3483,2583,3,17,90,110,1.209090909090909,0.0449175958423419,675,This will be you if you keep spitting out your flea and tick medication.
3586,2583,6,11,93,110,1.209090909090909,0.050179751199407645,675,"And, no, Fido, you can't pee here."
4607,2583,4,15,91,110,1.209090909090909,0.046737523336702363,675,"Well, if it's meat, I'll trade you for two tennis balls and a frisbee."
4154,2583,4,15,91,110,1.209090909090909,0.046737523336702363,675,Why are you always barking at things that aren't there?
4233,2583,5,13,92,110,1.209090909090909,0.04848919218796726,675,"Rex, meet my other best friend."
4360,2583,4,15,91,110,1.209090909090909,0.046737523336702363,675,"You see that, Milo?
That's why we give you non-gmo treats."
4402,2583,4,15,91,110,1.209090909090909,0.046737523336702363,675,Now I KNOW I’m not in Kansas anymore.
4418,2583,3,17,90,110,1.209090909090909,0.0449175958423419,675,Do you think what i think?
4477,2583,4,15,91,110,1.209090909090909,0.046737523336702363,675,You keep it occupied while I go for help.
4528,2583,2,19,89,110,1.209090909090909,0.04302074784174658,675,Com'on already. Do you feel like it now?
2466,2583,4,15,91,110,1.209090909090909,0.046737523336702363,675,It’s not the size of the d- oh who am I kidding!
4559,2583,0,23,87,110,1.209090909090909,0.038950910157241364,675,It's okay Rover. I've checked your DNA and he's an ancestor.
3551,2583,4,15,91,110,1.209090909090909,0.046737523336702363,675,"To be fair, for the rest of the month he's vegan."
2460,2583,2,19,89,110,1.209090909090909,0.04302074784174658,675,Remember.  Stay off ancestry.com.
3797,2583,3,17,90,110,1.209090909090909,0.0449175958423419,675,I don't care how closely related you are we're not adopting him.
2295,2583,5,13,92,110,1.209090909090909,0.04848919218796726,675,"In retrospect, the bark collar was ill-conceived."
2436,2583,3,17,90,110,1.209090909090909,0.0449175958423419,675,"Woof, woof, indeed!"
48,2583,4,15,91,110,1.209090909090909,0.046737523336702363,675,This is what I had in mind when we got you.
102,2583,3,17,90,110,1.209090909090909,0.0449175958423419,675,"You're channeling your inner alpha again, aren't you?"
204,2583,3,17,90,110,1.209090909090909,0.0449175958423419,675,Herewolf
234,2583,2,19,89,110,1.209090909090909,0.04302074784174658,675,I bet you will play dead now
383,2583,3,17,90,110,1.209090909090909,0.0449175958423419,675,It seems more social than the neighbor’s cat.
462,2583,4,15,91,110,1.209090909090909,0.046737523336702363,675,man's best friend...sure
481,2583,3,17,90,110,1.209090909090909,0.0449175958423419,675,"Don’t be afraid, there’s a new anti-bullying ordinance."
519,2583,4,15,91,110,1.209090909090909,0.046737523336702363,675,"It's more dog than man, so you deal with it."
625,2583,4,15,91,110,1.209090909090909,0.046737523336702363,675,Mom?
646,2583,1,21,88,110,1.209090909090909,0.041036314082411394,675,Go ahead. It's important you learn socialisation.
456,2583,4,15,91,110,1.209090909090909,0.046737523336702363,675,It’s what we call an arranged marriage
840,2583,4,15,91,110,1.209090909090909,0.046737523336702363,675,How come your not scared ?
963,2583,3,17,90,110,1.209090909090909,0.0449175958423419,675,Can I change my mind about the cat?
1010,2583,3,17,90,110,1.209090909090909,0.0449175958423419,675,"Well this is embarrassing. Steven, meet my ex, Michael. 

Michael, Steven."
1054,2583,2,19,89,110,1.209090909090909,0.04302074784174658,675,This is what happens if you don't take your heart-worm pill.
1147,2583,5,13,92,110,1.209090909090909,0.04848919218796726,675,"""Oh crap! He's asking for my vote."""
1336,2583,5,13,92,110,1.209090909090909,0.04848919218796726,675,I bet his daddy forgot his leash.”
1399,2583,3,17,90,110,1.209090909090909,0.0449175958423419,675,"You're playing Pokémon Go, aren't you?"
1531,2583,4,15,91,110,1.209090909090909,0.046737523336702363,675,"Remember, you're both descended from wolves... it'll be an even fight."
1734,2583,5,13,92,110,1.209090909090909,0.04848919218796726,675,It's  a new chewy
1952,2583,3,17,90,110,1.209090909090909,0.0449175958423419,675,Wanna wait and see if he leaves anything for you?
807,2583,1,21,88,110,1.209090909090909,0.041036314082411394,675,This is when you’re supposed to bark.
2085,2583,4,15,91,110,1.209090909090909,0.046737523336702363,675,"It's a dog eat dog world. But don't worry, Daisy. That's not a dog."
2557,2636,4,15,92,111,1.2072072072072073,0.04635284168602521,675,I suppose you'd like to smell his crotch.
2564,2636,2,19,90,111,1.2072072072072073,0.04267300791799646,675,"Welp, here is the Devil you know."
2587,2636,3,17,91,111,1.2072072072072073,0.04455093454204471,675,I don't think he wants to play fetch.
2605,2636,5,13,93,111,1.2072072072072073,0.048087275823962834,675,This is the new playmate you wanted me to meet?
2937,2636,3,17,91,111,1.2072072072072073,0.04455093454204471,675,"Normally, I am a fan of mixed breeds, but there's a limit"
2691,2636,5,13,93,111,1.2072072072072073,0.048087275823962834,675,This is your uncle Bert.
2697,2636,4,15,92,111,1.2072072072072073,0.04635284168602521,675,"Don't worry, my wife isn't always like this.
It's just that time of the month."
2760,2636,3,17,91,111,1.2072072072072073,0.04455093454204471,675,This time it is the size of the dog in the fight.
2776,2636,3,17,91,111,1.2072072072072073,0.04455093454204471,675,"Well, Little Sacrifice, here is where we part ways."
2549,2636,3,17,91,111,1.2072072072072073,0.04455093454204471,675,Wonder what kibble he's eating?
2653,2636,6,11,94,111,1.2072072072072073,0.0497612927883716,675,See what happens when you're not a good dog?
2486,2636,3,17,91,111,1.2072072072072073,0.04455093454204471,675,Is that your inner beast or mine?
2236,2636,4,15,92,111,1.2072072072072073,0.04635284168602521,675,They never look as their online profile
2404,2636,4,15,92,111,1.2072072072072073,0.04635284168602521,675,"No, he's too big to be a Bear and Wooly Mammoths walk on all four."
2390,2636,4,15,92,111,1.2072072072072073,0.04635284168602521,675,There are some things I’m just not willing to bark at.
2366,2636,5,13,93,111,1.2072072072072073,0.048087275823962834,675,That’s why you get gluten free food.
2351,2636,4,15,92,111,1.2072072072072073,0.04635284168602521,675,"Take him seriously, not literally."
2333,2636,3,17,91,111,1.2072072072072073,0.04455093454204471,675,Don't raise a back leg and you'll be fine.
2328,2636,3,17,91,111,1.2072072072072073,0.04455093454204471,675,"Meet your alter-ego, buddy."
2304,2636,4,15,92,111,1.2072072072072073,0.04635284168602521,675,"No, we won't start referring to you as loupgar-Buddy."
2283,2636,4,15,92,111,1.2072072072072073,0.04635284168602521,675,"Max, it's only an illusion."
2282,2636,5,13,93,111,1.2072072072072073,0.048087275823962834,675,"Unlike you, I am sure he is potty trained."
2265,2636,6,11,94,111,1.2072072072072073,0.0497612927883716,675,Did you bring a poop-bag?
2957,2636,2,19,90,111,1.2072072072072073,0.04267300791799646,675,This is why I keep you on a leash.
2208,2636,5,13,93,111,1.2072072072072073,0.048087275823962834,675,This is really just some bro who's had too much moon.
2152,2636,6,11,94,111,1.2072072072072073,0.0497612927883716,675,"No, you can’t sniff its butt."
2482,2636,3,17,91,111,1.2072072072072073,0.04455093454204471,675,I told you not to marry a dog who never let you see her without her make-up...
2995,2636,3,17,91,111,1.2072072072072073,0.04455093454204471,675,"Ariel, stop your conjuring and give Caliban a rest."
3606,2636,3,17,91,111,1.2072072072072073,0.04455093454204471,675,"You see? This is why we don't get you that ""Call of the Wild"" food."
3151,2636,4,15,92,111,1.2072072072072073,0.04635284168602521,675,"Sorry, Max...I'm afraid I don't know why they didn't keep him on a leash"
4674,2636,4,15,92,111,1.2072072072072073,0.04635284168602521,675,"Well Silver, can you at least bark?"
4657,2636,4,15,92,111,1.2072072072072073,0.04635284168602521,675,"Yeah, this is why I don't like going outside."
4609,2636,4,15,92,111,1.2072072072072073,0.04635284168602521,675,"See, he’s just moonlighting."
2113,2636,2,19,90,111,1.2072072072072073,0.04267300791799646,675,Why did you have to bite the mailman?
4576,2636,3,17,91,111,1.2072072072072073,0.04455093454204471,675,"If you STILL won't poop, there's nothing more I can do for you."
4492,2636,4,15,92,111,1.2072072072072073,0.04635284168602521,675,You’re the one who wanted that DNA test
4378,2636,4,15,92,111,1.2072072072072073,0.04635284168602521,675,That's what happens when you scare the postman
4289,2636,6,11,94,111,1.2072072072072073,0.0497612927883716,675,This is what happens when you eat your poop
4156,2636,3,17,91,111,1.2072072072072073,0.04455093454204471,675,"Whaddaya mean, laryngitis?"
4125,2636,4,15,92,111,1.2072072072072073,0.04635284168602521,675,DNA testing indicates he's an ancestor for both of us.
4103,2636,2,19,90,111,1.2072072072072073,0.04267300791799646,675,Quit whimpering! Growl back and scare it off!
3974,2636,4,15,92,111,1.2072072072072073,0.04635284168602521,675,"Remember, once you sniff the big dog's butt, it's time to go."
3970,2636,6,11,94,111,1.2072072072072073,0.0497612927883716,675,See? This is what would happen if  I put the regular canned pumpkin in your food instead of the organic- his coat looks a bit patchy.
3962,2636,2,19,90,111,1.2072072072072073,0.04267300791799646,675,"And if you fail obedience school, here's who will be teaching your remedial class."
3880,2636,4,15,92,111,1.2072072072072073,0.04635284168602521,675,You evolved from him.  Protect me!
3876,2636,3,17,91,111,1.2072072072072073,0.04455093454204471,675,That was me before I met you.
3612,2636,3,17,91,111,1.2072072072072073,0.04455093454204471,675,Looks like you've got the hang of 'conjuring.' Now let's work on 'play dead.'
3600,2636,3,17,91,111,1.2072072072072073,0.04455093454204471,675,He's looking for a lost lab.
3598,2636,4,15,92,111,1.2072072072072073,0.04635284168602521,675,I'm guessing it wouldn't do any good to turn loose the hounds.
3596,2636,5,13,93,111,1.2072072072072073,0.048087275823962834,675,This guy is scared of dogs.
3588,2636,6,11,94,111,1.2072072072072073,0.0497612927883716,675,He will be your new owner if you don't stop peeing on the furniture.
3560,2636,2,19,90,111,1.2072072072072073,0.04267300791799646,675,"Pooch, I know I said I’d like to meet your alter ego, I just didn’t expect you to introduce him to me tonight!"
3552,2636,5,13,93,111,1.2072072072072073,0.048087275823962834,675,"This is my wife, Cheryl.  She's a lunatic."
3519,2636,2,19,90,111,1.2072072072072073,0.04267300791799646,675,Why aren’t you barking now?
3478,2636,3,17,91,111,1.2072072072072073,0.04455093454204471,675,"Dont worry, I'm just here for David Koch's eternal soul...."
3361,2636,4,15,92,111,1.2072072072072073,0.04635284168602521,675,Can you smell him from here or do you wanna get closer?
3306,2636,4,15,92,111,1.2072072072072073,0.04635284168602521,675,"You picked a hell of a time to get over your excessive barking issue, Rufus."
3149,2636,2,19,90,111,1.2072072072072073,0.04267300791799646,675,"Don't worry. He is all bark
Yayo Antioch, CA."
2070,2636,2,19,90,111,1.2072072072072073,0.04267300791799646,675,He's just exhibiting fear aggression.
3230,2636,4,15,92,111,1.2072072072072073,0.04635284168602521,675,See! That’s how I found you in the pound.
2015,2636,0,23,88,111,1.2072072072072073,0.03864434340455355,675,"OK, not more full moon walks."
1049,2636,4,15,92,111,1.2072072072072073,0.04635284168602521,675,"I said ""mind the water level"", not ""find the devil""."
1036,2636,4,15,92,111,1.2072072072072073,0.04635284168602521,675,"Honey, that developer is back."
1007,2636,4,15,92,111,1.2072072072072073,0.04635284168602521,675,This is why we call mommy Alpha
972,2636,2,19,90,111,1.2072072072072073,0.04267300791799646,675,Next time you follow me!
960,2636,2,19,90,111,1.2072072072072073,0.04267300791799646,675,"welp, that's the last time I poop under a full moon"
907,2636,3,17,91,111,1.2072072072072073,0.04455093454204471,675,Not to worry--just one of the Hillary 2020 advance people.
784,2636,4,15,92,111,1.2072072072072073,0.04635284168602521,675,I don't suppose you've seen any lady monsters around here?
720,2636,4,15,92,111,1.2072072072072073,0.04635284168602521,675,It’s just a meme.
701,2636,3,17,91,111,1.2072072072072073,0.04455093454204471,675,He wants half of the $73 billion Americans spend on their pets each year and he will let you live.
576,2636,4,15,92,111,1.2072072072072073,0.04635284168602521,675,Bite me.
573,2636,3,17,91,111,1.2072072072072073,0.04455093454204471,675,"They're not as scary as they look, and I've heard they eat their weight in ticks every day."
561,2636,4,15,92,111,1.2072072072072073,0.04635284168602521,675,"Yes, that’s how I feel towards the president. What’s it to you?"
502,2636,5,13,93,111,1.2072072072072073,0.048087275823962834,675,See what happens when you don't eat your vegetables?
440,2636,2,19,90,111,1.2072072072072073,0.04267300791799646,675,Go ahead big shot! Give me that same fierce bark you let out when the neighbor’s cat comes into our yard!
372,2636,2,19,90,111,1.2072072072072073,0.04267300791799646,675,I told you those weren't Shiitake mushrooms!
360,2636,4,15,92,111,1.2072072072072073,0.04635284168602521,675,"It's Mittens our kitten, all grown up."
290,2636,2,19,90,111,1.2072072072072073,0.04267300791799646,675,You dragged me here to see this???
264,2636,0,23,88,111,1.2072072072072073,0.03864434340455355,675,"If you insist on smelling its butt, don't come crying to me."
258,2636,5,13,93,111,1.2072072072072073,0.048087275823962834,675,"Couldn’t  you bark, at least?"
215,2636,3,17,91,111,1.2072072072072073,0.04455093454204471,675,This is where you do that 'morphing into a grizzly bear' thing we talked about.
195,2636,2,19,90,111,1.2072072072072073,0.04267300791799646,675,Are you up to it?
164,2636,4,15,92,111,1.2072072072072073,0.04635284168602521,675,Remember the conversation about table scraps?
114,2636,4,15,92,111,1.2072072072072073,0.04635284168602521,675,Do something.
85,2636,7,9,95,111,1.2072072072072073,0.05138079820098368,675,Maybe go smell its butt?
1,2636,5,13,93,111,1.2072072072072073,0.048087275823962834,675,"Excuse me,sir, do you have an extra poop baggie?"
2061,2636,3,17,91,111,1.2072072072072073,0.04455093454204471,675,"Forgetting the poop scoop seems so prophetic yet de minimis right now"""
1057,2636,3,17,91,111,1.2072072072072073,0.04455093454204471,675,"Rex, I think I heard a tree limb snap!"
950,2636,5,13,93,111,1.2072072072072073,0.048087275823962834,675,"See, it could have been worse."
1145,2636,5,13,93,111,1.2072072072072073,0.048087275823962834,675,"Pee on my carpet again, and this is your new roommate"
2001,2636,5,13,93,111,1.2072072072072073,0.048087275823962834,675,Even Sasquatch has been emboldened by Washington rhetoric.
1978,2636,5,13,93,111,1.2072072072072073,0.048087275823962834,675,There's not a bag big enough to clean up after that!
1953,2636,3,17,91,111,1.2072072072072073,0.04455093454204471,675,See...  too much Science Diet CAN have adverse effects.”
1907,2636,4,15,92,111,1.2072072072072073,0.04635284168602521,675,It could be your mushroom sniffing days may be numbered.
1868,2636,3,17,91,111,1.2072072072072073,0.04455093454204471,675,"You see? Domestication's not so bad now, is it?"
1062,2636,4,15,92,111,1.2072072072072073,0.04635284168602521,675,Don't hurt him too bad...
1810,2636,3,17,91,111,1.2072072072072073,0.04455093454204471,675,DNA doesn’t lie.
1793,2636,4,15,92,111,1.2072072072072073,0.04635284168602521,675,No barks!
1772,2636,2,19,90,111,1.2072072072072073,0.04267300791799646,675,".. the difference is, my master doesn't take me on walkies."
1744,2636,3,17,91,111,1.2072072072072073,0.04455093454204471,675,Nothing ?
1588,2636,4,15,92,111,1.2072072072072073,0.04635284168602521,675,Another fine mess you've walked us into.
1581,2636,1,21,89,111,1.2072072072072073,0.04070854260433828,675,Why don’t you tell him you’re related to him?
1560,2636,2,19,90,111,1.2072072072072073,0.04267300791799646,675,No more walks after midnight.
1540,2636,5,13,93,111,1.2072072072072073,0.048087275823962834,675,Time to try you off-leash.
1819,2636,6,11,94,111,1.2072072072072073,0.0497612927883716,675,It's hard to give you up but you'll prefer it here upstate.
1453,2636,2,19,90,111,1.2072072072072073,0.04267300791799646,675,"See, this is what happens with the premium dog food.."
1501,2636,3,17,91,111,1.2072072072072073,0.04455093454204471,675,"Do You Still want to ""do your business"""
1158,2636,2,19,90,111,1.2072072072072073,0.04267300791799646,675,That's me the next time you do doo my floor.
1233,2636,2,19,90,111,1.2072072072072073,0.04267300791799646,675,No. I said HEEL.
1266,2636,2,19,90,111,1.2072072072072073,0.04267300791799646,675,Wildcrafted probiotics should come with a warning label
1289,2636,4,15,92,111,1.2072072072072073,0.04635284168602521,675,Meet your biological mother
1206,2636,3,17,91,111,1.2072072072072073,0.04455093454204471,675,You were the runt of the litter.
1328,2636,3,17,91,111,1.2072072072072073,0.04455093454204471,675,And that's what happens when you feed a gremlin after midnight
1357,2636,4,15,92,111,1.2072072072072073,0.04635284168602521,675,"Yes, Mom's out of sorts before her morning swim."
1368,2636,4,15,92,111,1.2072072072072073,0.04635284168602521,675,"Eh, do you reckon his bark is worse than his bite?"
1403,2636,4,15,92,111,1.2072072072072073,0.04635284168602521,675,"The show's over, let it go"
1291,2636,3,17,91,111,1.2072072072072073,0.04455093454204471,675,It's all right to bark if you want to.
2105,2753,1,21,90,112,1.2053571428571428,0.040385833926123646,675,Believe me he's a push over.
2339,2753,3,17,92,112,1.2053571428571428,0.044190110926074416,675,"No, I don't see the resemblance."
2355,2753,4,15,93,112,1.2053571428571428,0.04597435224702924,675,They really let any breed into the dog park nowadays...
3755,2753,2,19,91,112,1.2053571428571428,0.04233073047779356,675,And the fire hydrant wasn't good enough.
4544,2753,2,19,91,112,1.2053571428571428,0.04233073047779356,675,He’s got a point — we’ve passed up a lot of good picnic rocks and this one seems fine.
2942,2758,3,16,89,108,1.2037037037037037,0.045112948630901144,675,I should have made the kids walk the dog.
2944,2758,4,14,90,108,1.2037037037037037,0.04699200358255153,675,Dracarys!
3461,2758,3,16,89,108,1.2037037037037037,0.045112948630901144,675,She must have used an old profile pic.
3072,2758,6,10,92,108,1.2037037037037037,0.05054096292868743,675,"This is our neighbor, Mr. Fang.
You peed on his hibiscus..."
3459,2758,4,14,90,108,1.2037037037037037,0.04699200358255153,675,We're gonna need a bigger bag of kibble.
3510,2758,4,14,90,108,1.2037037037037037,0.04699200358255153,675,Max is a local Instagram celebrity.
4564,2758,4,14,90,108,1.2037037037037037,0.04699200358255153,675,"Well, you don't just get to be a werewolf by spending 10,000 hours as a dog; they have to be 10,000 hours of focused practice, taking feedback, all that stuff ..."
4541,2758,2,18,88,108,1.2037037037037037,0.043152147891456286,675,"Again, Bol’goraak? Even Fido is tiring of this."
4616,2758,3,16,89,108,1.2037037037037037,0.045112948630901144,675,Mom says you shouldn't have gotten into her THC tablets
4629,2758,3,16,89,108,1.2037037037037037,0.045112948630901144,675,I should have listened to my wife and gotten an Irish wolfhound.
2695,2758,3,16,89,108,1.2037037037037037,0.045112948630901144,675,I hope you remember the protect command from your training class.
2693,2758,4,14,90,108,1.2037037037037037,0.04699200358255153,675,"I believe we finally found your long lost relative.

Steve Moss"
4128,2758,2,18,88,108,1.2037037037037037,0.043152147891456286,675,I thought leash laws were enforced here
2445,2758,3,16,89,108,1.2037037037037037,0.045112948630901144,675,Don’t be afraid to pet her. She won’t bite.
2680,2758,1,20,87,108,1.2037037037037037,0.04109790263648383,675,I was always told dogs have no idea of perspective; I hope you were always told that!
2115,2758,3,16,89,108,1.2037037037037037,0.045112948630901144,675,You may want to keep the sniffing to above the waist.
2291,2758,3,16,89,108,1.2037037037037037,0.045112948630901144,675,If he bites us we'll finally be able to play poker together.
650,2758,2,18,88,108,1.2037037037037037,0.043152147891456286,675,Now you see why I said you need to go quickly.
655,2758,4,14,90,108,1.2037037037037037,0.04699200358255153,675,"Are you up for 15 minutes of fame, old boy?"
841,2758,1,20,87,108,1.2037037037037037,0.04109790263648383,675,Whuddya mean...we?
368,2758,2,18,88,108,1.2037037037037037,0.043152147891456286,675,One growl and we're dead.
1023,2758,6,10,92,108,1.2037037037037037,0.05054096292868743,675,"Family reunions, am I right?"
1055,2758,3,16,89,108,1.2037037037037037,0.045112948630901144,675,"I know the dog breeders are out of control, that’s why we got you from a rescue."
1947,2758,4,14,90,108,1.2037037037037037,0.04699200358255153,675,Can we get a woof-woof?
885,2758,3,16,89,108,1.2037037037037037,0.045112948630901144,675,I don’t suppose you’re a guard dog?
4076,2783,3,18,97,118,1.2033898305084745,0.04265443183768786,675,Looks like this confirms your suspicions about her!
1421,2784,4,19,110,133,1.2030075187969924,0.04100497401911831,675,I knew reading you Scary Stories to Tell in the Dark was a bad idea.
2363,2785,2,18,89,109,1.201834862385321,0.0427952487863065,675,Show him who’s boss but don’t hurt him.
3054,2785,4,14,91,109,1.201834862385321,0.046596380216674414,675,"He’s your son too, you know."
2298,2785,4,14,91,109,1.201834862385321,0.046596380216674414,675,Does that look like thunder to you?
2662,2785,4,14,91,109,1.201834862385321,0.046596380216674414,675,I suppose naming you Useless was a self fulfilling prophecy.
2679,2785,5,12,92,109,1.201834862385321,0.04838509392989122,675,"No, Fido, your cousin may not stay on our couch."
2701,2785,3,16,90,109,1.201834862385321,0.044736204398555954,675,"I,d like to explain domestication to you but it's a tricky subject"
2777,2785,7,8,94,109,1.201834862385321,0.051777472371866654,675,Well you're related - do something!
2951,2785,3,16,90,109,1.201834862385321,0.044736204398555954,675,"I agree, Calabaza, the hairy giant zucchini is scarier."
3003,2785,3,16,90,109,1.201834862385321,0.044736204398555954,675,Now do you see how much more scary it is to have a bark worse than your bite?
3313,2785,5,12,92,109,1.201834862385321,0.04838509392989122,675,"I'm sure that is not real, although I did forget to take my meds today."
3868,2785,4,14,91,109,1.201834862385321,0.046596380216674414,675,I got you to get over her.
3657,2785,3,16,90,109,1.201834862385321,0.044736204398555954,675,Don't worry. I know how this season ends.
3695,2785,3,16,90,109,1.201834862385321,0.044736204398555954,675,"Well we found it, Farley.  Now fetch."
3754,2785,4,14,91,109,1.201834862385321,0.046596380216674414,675,Now you've done it Rex. Cried woof one too many times.
2205,2785,3,16,90,109,1.201834862385321,0.044736204398555954,675,"Yah, well, YOU thought the cat was scary."
3956,2785,4,14,91,109,1.201834862385321,0.046596380216674414,675,"We had a deal, the leash-god for an eternity of belly rubs."""
3968,2785,1,20,88,109,1.201834862385321,0.04076197558232867,675,I suspect his bite is worse than his bark!
3988,2785,3,16,90,109,1.201834862385321,0.044736204398555954,675,I knew I shouldn't have let you poop on that guy's lawn.
4262,2785,3,16,90,109,1.201834862385321,0.044736204398555954,675,Do you still want to spend time with your birth parents?
4287,2785,3,16,90,109,1.201834862385321,0.044736204398555954,675,Say trick or treat or my dog will seek you.
4676,2785,6,10,93,109,1.201834862385321,0.05010999880175518,675,"You just had to pee, didn't you?"
3522,2785,2,18,89,109,1.201834862385321,0.0427952487863065,675,"Just think, the two of you are related... talk to him."
2162,2785,2,18,89,109,1.201834862385321,0.0427952487863065,675,"Don’t worry, he doesn’t bite."
2526,2785,4,14,91,109,1.201834862385321,0.046596380216674414,675,"Sure, you can pet him."
2027,2785,4,14,91,109,1.201834862385321,0.046596380216674414,675,"Well,don't just stand there,say something!"
2142,2785,2,18,89,109,1.201834862385321,0.0427952487863065,675,"This is my mother-in-law, just 'before' she turns into something hideous."
50,2785,4,14,91,109,1.201834862385321,0.046596380216674414,675,Hurry up and do your business.
178,2785,4,14,91,109,1.201834862385321,0.046596380216674414,675,"A Democrat, no doubt."
189,2785,3,16,90,109,1.201834862385321,0.044736204398555954,675,How would you like to follow THAT around with a pooper-scooper?
255,2785,1,20,88,109,1.201834862385321,0.04076197558232867,675,Sit.  Stay.
316,2785,2,18,89,109,1.201834862385321,0.0427952487863065,675,My other dog is a Hell-Hound.
557,2785,1,20,88,109,1.201834862385321,0.04076197558232867,675,"See what the right amount of protein will get you, Coco?"
674,2785,0,22,87,109,1.201834862385321,0.03862180715692689,675,"Come on, do it!"
734,2785,4,14,91,109,1.201834862385321,0.046596380216674414,675,He appears to have had a bad day. Why don't you fetch him some slippers?
736,2785,4,14,91,109,1.201834862385321,0.046596380216674414,675,Do your Triple-Arf!!! That'll get to him!
457,2785,0,22,87,109,1.201834862385321,0.03862180715692689,675,Let's mark your territory on the next log.
1272,2785,6,10,93,109,1.201834862385321,0.05010999880175518,675,Get’em Puffy!
1146,2785,4,14,91,109,1.201834862385321,0.046596380216674414,675,"Yeah you can pet him, he doesn’t bite."
1696,2785,3,16,90,109,1.201834862385321,0.044736204398555954,675,"Yeah, I know.  That’s how I feel about Trump."
1656,2785,1,20,88,109,1.201834862385321,0.04076197558232867,675,"Don't worry, Sparky.  I used to listen to Jack on WNBC in the 70s."
1530,2785,3,16,90,109,1.201834862385321,0.044736204398555954,675,He'll take you for walks while I'm away.
1770,2785,3,16,90,109,1.201834862385321,0.044736204398555954,675,For God's sake bark.
1476,2785,2,18,89,109,1.201834862385321,0.0427952487863065,675,I think I'm going to need one of those bags we brought.
1300,2785,4,14,91,109,1.201834862385321,0.046596380216674414,675,He thinks he's people
1515,2785,5,12,92,109,1.201834862385321,0.04838509392989122,675,"Don't worry, they play at the dog park all the time...."
2799,2830,4,14,92,110,1.2,0.046207278580632616,675,Voilà! I present to you your real dad. Do you feel better now?
3536,2830,5,12,93,110,1.2,0.047978310362298264,675,I told you.  This is what happens when you eat people's trash.
2993,2830,3,15,87,105,1.2,0.04569367667316878,675,I think he is after you!
3009,2830,4,13,88,105,1.2,0.04765566357802892,675,Do you think he's house trained?
3100,2830,4,13,88,105,1.2,0.04765566357802892,675,But can he tweet?
3155,2830,4,14,92,110,1.2,0.046207278580632616,675,"I think we've strayed into flyover country, Orlando."
3251,2830,4,13,88,105,1.2,0.04765566357802892,675,Bite his ankle while I run to get help!
3378,2830,4,14,92,110,1.2,0.046207278580632616,675,"Answer him, dammit!"
3487,2830,4,14,92,110,1.2,0.046207278580632616,675,At least it's better than the skunk you got into last week.
3604,2830,3,15,87,105,1.2,0.04569367667316878,675,You just couldn't hold it until morning.  Could you?
4592,2830,4,13,88,105,1.2,0.04765566357802892,675,Play nice with your new brother.
3816,2830,2,18,90,110,1.2,0.04244409559694416,675,"I’m glad you’re with me, Silver Bullet."
3878,2830,3,16,91,110,1.2,0.0443656051737758,675,"Go get em,Butch!"
3896,2830,5,12,93,110,1.2,0.047978310362298264,675,Someone's ignoring the leash law.
3947,2830,4,14,92,110,1.2,0.046207278580632616,675,What would you like to see next?
4059,2830,3,15,87,105,1.2,0.04569367667316878,675,"Rip into him, Porkchop, and tear him to pieces. I’ll go for help."
4066,2830,2,17,86,105,1.2,0.04364357804719849,675,Do NOT mark your territory here.
4086,2830,2,17,86,105,1.2,0.04364357804719849,675,"He's YOUR relative, not mine.  YOU negotiate."
2648,2830,2,18,90,110,1.2,0.04244409559694416,675,"Go  get 'em, boy!"
4395,2830,3,15,87,105,1.2,0.04569367667316878,675,He must be a rescue.
4726,2830,4,14,92,110,1.2,0.046207278580632616,675,"That's why you have to stay away from Moonshine, buddy."
4734,2830,3,16,91,110,1.2,0.0443656051737758,675,"Don't worry, you're not his type."
2632,2830,4,13,88,105,1.2,0.04765566357802892,675,I thought you said we were getting a cat.
3765,2830,2,18,90,110,1.2,0.04244409559694416,675,I don't suppose you'd consider a little box.
2471,2830,4,13,88,105,1.2,0.04765566357802892,675,This is a good example of something you shouldn't fetch.
2515,2830,5,12,93,110,1.2,0.047978310362298264,675,Those habaneros get me every time.
58,2830,3,16,91,110,1.2,0.0443656051737758,675,But Trump doesn't like dogs.
353,2830,2,18,90,110,1.2,0.04244409559694416,675,It's time you met your mother....
581,2830,3,16,91,110,1.2,0.0443656051737758,675,"Now, do you understand why I do not like nature walks?"
675,2830,2,18,90,110,1.2,0.04244409559694416,675,You couldn’t have picked a place closer to the house?
842,2830,3,16,91,110,1.2,0.0443656051737758,675,"I warned you but you insisted that we come this way, now I hope he’s allergic to humans but just loves cute puppies."
886,2830,3,15,87,105,1.2,0.04569367667316878,675,Sic balls
1084,2830,1,19,85,105,1.2,0.0414923091863025,675,"don’t worry, it’s just another news cycle..."
1249,2830,3,16,91,110,1.2,0.0443656051737758,675,"Get a load of this guy, he’s the local mailman!"
286,2830,2,18,90,110,1.2,0.04244409559694416,675,You do know of course that this means an angry letter to The Times?
1348,2830,1,20,89,110,1.2,0.04043136875805354,675,"OK, don't get so excited, so I forgot to bring a poop bag."
1392,2830,1,19,85,105,1.2,0.0414923091863025,675,"When I bought you, they said a Jack Russell terrier was going to be able to take on a giant spawn of Satan, no problem."
1463,2830,4,14,92,110,1.2,0.046207278580632616,675,"Well I guess you won't be poopin' tonight, Lucy."
1610,2830,5,11,89,105,1.2,0.04954000862144107,675,"Anyone you know, Fido?"
1721,2830,5,12,93,110,1.2,0.047978310362298264,675,"trump, antichrist, and the apocalypse all rolled up into one.
And that is the nice caption.
This is my politically correct caption. 
Imagine what I really think."
1743,2830,4,13,88,105,1.2,0.04765566357802892,675,"No worries Duke, that’s a Monstadoodle combining the effectiveness of a watchdog with the hypoallergenic qualities of a poodle."
1949,2830,3,16,91,110,1.2,0.0443656051737758,675,"Alright, you can keep him, but you have to feed him and he can’t sleep in your bed"
1320,2830,4,13,88,105,1.2,0.04765566357802892,675,"I've seen a lot of Halloween gags, but this one takes the cake."""
2154,2830,3,15,87,105,1.2,0.04569367667316878,675,Don’t be naive. He’s not going to share his Filet Mignon.
2380,2830,2,18,90,110,1.2,0.04244409559694416,675,It's up to you
3145,2875,4,14,93,111,1.1981981981981982,0.04582454131112576,675,Now we know what happens to doggies who don’t  learn to sit.
106,2876,3,15,88,106,1.1981132075471699,0.04529986209665202,675,"This is your new Mommy. She gets a bit cranky once a month."""
1822,2876,2,17,87,106,1.1981132075471699,0.04327104097035949,675,This is what happens when you drop out of obedience school to become an actor.
2086,2876,1,19,86,106,1.1981132075471699,0.04114229535820004,675,You dragged me out here on a full moon night so you could do your business in front of an imaginary ancestor ??
2448,2876,3,15,88,106,1.1981132075471699,0.04529986209665202,675,"Here's looking at you, kid"
2594,2876,4,13,89,106,1.1981132075471699,0.04724163444772896,675,"Why do these evening strolls always start fine but end up with a witch, vampire or a monster?"
2715,2876,4,13,89,106,1.1981132075471699,0.04724163444772896,675,I told you not to pee on that gold lantern we found. “
2831,2876,0,21,85,106,1.1981132075471699,0.03889722288318548,675,"I guess that obedience school is looking a little better now, isnt' it?"
3410,2876,2,17,87,106,1.1981132075471699,0.04327104097035949,675,Shoulda' picked it up.
3464,2876,5,11,90,106,1.1981132075471699,0.0491066853351966,675,I warned you not to trust Sniffr photos.
3666,2885,3,14,85,102,1.196078431372549,0.04629385365772775,675,"Tear his ass up, Misty!"
4132,2885,3,14,85,102,1.196078431372549,0.04629385365772775,675,Really? Is that your friend ?
3693,2885,5,10,87,102,1.196078431372549,0.0503129705743252,675,Mans best fiend is what you found!
3955,2885,4,12,86,102,1.196078431372549,0.048345195699759175,675,This is what happens when don't do your business as soon as we get out of the house.
3416,2885,5,10,87,102,1.196078431372549,0.0503129705743252,675,"That's why you need to be a good boy, Rex. You don't want to end up like the remaining Koch brother."
4250,2885,4,12,86,102,1.196078431372549,0.048345195699759175,675,Damned trolls.
4570,2885,2,16,84,102,1.196078431372549,0.04414729692425362,675,"Uh o, were you a bad boy?!"
4393,2885,3,14,85,102,1.196078431372549,0.04629385365772775,675,"Dana, I want to meet his family before you go on the doggie play date."
4423,2885,1,18,83,102,1.196078431372549,0.04189089119311397,675,It's man's best fiend.
4446,2885,2,16,84,102,1.196078431372549,0.04414729692425362,675,Stop barking! He becomes a normal dog once the moon sets.
4499,2885,3,14,85,102,1.196078431372549,0.04629385365772775,675,"Okay, forget the stick."
3343,2885,2,16,84,102,1.196078431372549,0.04414729692425362,675,We're just taking a little walk. Don't be startled. Imagine it as a stuffed animal.
4732,2885,3,14,85,102,1.196078431372549,0.04629385365772775,675,"'According to quantum physics, it's there or not there at the same time. Your choice."
4304,2885,4,12,86,102,1.196078431372549,0.048345195699759175,675,"Let’s wait for the next tree, Sparky. He has anger issues.”"
3339,2885,1,18,83,102,1.196078431372549,0.04189089119311397,675,"I hate to break the fourth wall, but really... what are you going to come up with for this one?"
3466,2885,2,16,84,102,1.196078431372549,0.04414729692425362,675,Be glad you're not a human whose fears can create monsters like this!
3004,2885,4,12,86,102,1.196078431372549,0.048345195699759175,675,"I ordered a Feast For a Beast, and you brought me a snack?  You know what happens when you disappoint me!"
145,2885,3,14,85,102,1.196078431372549,0.04629385365772775,675,And I thought my mother-in-law was scary
527,2885,4,12,86,102,1.196078431372549,0.048345195699759175,675,"Don't worry Rover, I know him.  We flushed him down the toilet three years ago."
1276,2885,2,16,84,102,1.196078431372549,0.04414729692425362,675,This would be a good time to remember your training.
1366,2885,5,10,87,102,1.196078431372549,0.0503129705743252,675,I blame you.
1398,2885,3,14,85,102,1.196078431372549,0.04629385365772775,675,"No, I'm sorry, we can't take him home"
1438,2885,2,16,84,102,1.196078431372549,0.04414729692425362,675,Don't just stand there.  Mark your territory!
3101,2885,3,14,85,102,1.196078431372549,0.04629385365772775,675,If I let you go you promise to be back by midnight?
1905,2885,1,18,83,102,1.196078431372549,0.04189089119311397,675,The devil is in the dog-tails.
2452,2885,3,14,85,102,1.196078431372549,0.04629385365772775,675,Don't scare the kitty.
2893,2885,4,12,86,102,1.196078431372549,0.048345195699759175,675,So much for the outdoors.
1754,2885,3,14,85,102,1.196078431372549,0.04629385365772775,675,We just had to walk on the wild side.
391,2913,5,14,104,123,1.1951219512195121,0.044200566384244126,675,Still wish you were never adopted?
643,2914,2,17,89,108,1.1944444444444444,0.04254440665282414,675,Don't be scared; I'll protect you.
4219,2915,1,18,84,103,1.1941747572815533,0.04152584792069788,675,"Uh-oh, boy.  Looks like Fluffy's in heat again."
772,2915,0,20,83,103,1.1941747572815533,0.03916667762822583,675,Problem Going ???    I Can Fix That !!!!!!!!
2316,2915,4,12,87,103,1.1941747572815533,0.04791135849494997,675,Bow wow WOW?
4549,2918,4,12,88,104,1.1923076923076923,0.047485155647778804,675,"Ticks everywhere, dude! Better check your little man."
148,2918,4,12,88,104,1.1923076923076923,0.047485155647778804,675,I said sic him!
867,2918,4,12,88,104,1.1923076923076923,0.047485155647778804,675,"Sic 'em, Fido!"
1157,2918,3,14,87,104,1.1923076923076923,0.045476735915275075,675,This is his idea of unleashing the beast.
1334,2918,3,14,87,104,1.1923076923076923,0.045476735915275075,675,Think you can run faster than me?
1379,2918,2,16,86,104,1.1923076923076923,0.04337541944605909,675,I think it's found it's next snack.
2798,2918,4,12,88,104,1.1923076923076923,0.047485155647778804,675,"""Fido! Sick him!"
2518,2925,0,20,85,105,1.1904761904761905,0.03850512095536382,675,So now you don't bark!
2106,2925,1,18,86,105,1.1904761904761905,0.040814146113049836,675,"Bark! Dammit, Bark!"
2381,2925,3,14,88,105,1.1904761904761905,0.045078763173336374,675,Why are you just standing there?  Aren't you going to sic 'em?
876,2925,3,14,88,105,1.1904761904761905,0.045078763173336374,675,You are on your own.
4705,2929,5,9,86,100,1.19,0.05064233865696235,675,And you would have been socially prepared if you had gone to the dog park.
2216,2929,2,15,83,100,1.19,0.04425591326123388,675,"Speak, damn it!"
2262,2929,2,15,83,100,1.19,0.04425591326123388,675,I thought maybe you guys could do a podcast together?
2504,2929,2,15,83,100,1.19,0.04425591326123388,675,No...*I* am your father.
2567,2929,2,15,83,100,1.19,0.04425591326123388,675,Shaggy and Scooby 2019
2595,2929,3,13,84,100,1.19,0.046482319871173156,675,"Sic 'm, Champ!"
2771,2929,1,17,82,100,1.19,0.041911402464790595,675,"Bark, dammit!"
3001,2929,4,11,85,100,1.19,0.04860685407045246,675,These live action kids movies are starting to get a little too real.
4662,2929,1,17,82,100,1.19,0.041911402464790595,675,I told you I wasn't lazy when I said no night walks.
3067,2929,4,11,85,100,1.19,0.04860685407045246,675,"OK Bittlesworth, it's go time!"
3113,2929,2,15,83,100,1.19,0.04425591326123388,675,"Look, Fido, I have ethnic pride too. See one of my ancestors!"
3212,2929,2,15,83,100,1.19,0.04425591326123388,675,Remember: every downside has an upside.
3220,2929,2,15,83,100,1.19,0.04425591326123388,675,So this is how it ends!
3323,2929,3,13,84,100,1.19,0.046482319871173156,675,Another visit from your mother in law?
3601,2929,1,17,82,100,1.19,0.041911402464790595,675,I think he means you Ruff
3639,2929,3,13,84,100,1.19,0.046482319871173156,675,"It's all for the best, I'm moving into a Pet free building."
3659,2929,2,15,83,100,1.19,0.04425591326123388,675,No...you are not related!
3784,2929,2,15,83,100,1.19,0.04425591326123388,675,"Yeah, Corky, he’s afraid of puppies.  Go figure."
3966,2929,4,11,85,100,1.19,0.04860685407045246,675,Even he doesn't jump up on the couch.
4228,2929,3,13,84,100,1.19,0.046482319871173156,675,"Now Fido don't worry,  his bark is worse than his bite."
4447,2929,2,15,83,100,1.19,0.04425591326123388,675,Make sure you don't pee on his lawn.
4506,2929,3,13,84,100,1.19,0.046482319871173156,675,...fuck this guy.
4509,2929,2,15,83,100,1.19,0.04425591326123388,675,"Sic 'em, Duke!"
2083,2929,4,11,85,100,1.19,0.04860685407045246,675,"Don't worry, we're almost at the off-leash park."
4715,2929,2,15,83,100,1.19,0.04425591326123388,675,Glad I don't have to scoop up after him
2017,2929,2,15,83,100,1.19,0.04425591326123388,675,I hate when my in-law comes to town too!
1389,2929,2,15,83,100,1.19,0.04425591326123388,675,And that's why you eat your vegetables.
1840,2929,3,13,84,100,1.19,0.046482319871173156,675,Who let the dogs out?
2,2929,2,15,83,100,1.19,0.04425591326123388,675,Woof Woof.
111,2929,2,15,83,100,1.19,0.04425591326123388,675,"That's my other self, just learn to ignore him."
177,2929,3,13,84,100,1.19,0.046482319871173156,675,Stand your ground.
345,2929,3,13,84,100,1.19,0.046482319871173156,675,Go on - protect me!
417,2929,0,19,81,100,1.19,0.03942772444036624,675,"Well, if this isn’t what set you off…"
607,2929,1,17,82,100,1.19,0.041911402464790595,675,"Well, what do you think, Todd? You think you can 'take' this one like you 'took' that doberman?"
745,2929,3,13,84,100,1.19,0.046482319871173156,675,No you know what evil lurks in the heart of the owner of those flowers where you chose to relieve yourself.
753,2929,2,15,83,100,1.19,0.04425591326123388,675,Well?    Do something!
837,2929,2,15,83,100,1.19,0.04425591326123388,675,I guess it's too late to trade you in for a Rottweiler....
993,2929,5,9,86,100,1.19,0.05064233865696235,675,He just wants to Pet you I think!
981,2929,2,15,83,100,1.19,0.04425591326123388,675,A good walk foiled
1013,2929,4,11,85,100,1.19,0.04860685407045246,675,We're going to get blamed for that mess he left
1287,2929,1,17,82,100,1.19,0.041911402464790595,675,Your relatives have been getting on my nerves lately.
1599,2929,3,13,84,100,1.19,0.046482319871173156,675,You said you didn't want to be left at the pound.
1603,2929,2,15,83,100,1.19,0.04425591326123388,675,"I said dance and he danced.  Now, for my second wish, I’ve got something political in mind."
1608,2929,3,13,84,100,1.19,0.046482319871173156,675,"'Hey, I deserve at least a ""woof woof""!"
1632,2929,1,17,82,100,1.19,0.041911402464790595,675,What's he saying - Does he need directions?
1636,2929,3,13,84,100,1.19,0.046482319871173156,675,All right.  Time for you to earn all that free food and health care I've given you for the last eight years.
1649,2929,2,15,83,100,1.19,0.04425591326123388,675,"Look Buddy, someone wants a play date"
1712,2929,3,13,84,100,1.19,0.046482319871173156,675,"If you really can talk, speak now"
1789,2929,1,17,82,100,1.19,0.041911402464790595,675,You could try harder.
1994,2929,0,19,81,100,1.19,0.03942772444036624,675,I told you my personal demons are bigger.
1804,2979,1,18,87,106,1.1886792452830188,0.040467189791560776,675,He's a very distant relative.
4305,2980,2,15,84,101,1.188118811881188,0.043855910079901174,675,"So, not such a g'boy after all."
3115,2981,3,13,86,102,1.1862745098039216,0.045641722077372035,675,"Really?...Nothing?... But when Mrs. Jansen walks Pinky by the house, that needs a ten minute tirade every morning?"
3017,2981,6,7,89,102,1.1862745098039216,0.051629235675949826,675,Her name is Caroline. She's your birth mother.
1375,2981,3,13,86,102,1.1862745098039216,0.045641722077372035,675,It's a therewolf.
72,2981,3,13,86,102,1.1862745098039216,0.045641722077372035,675,"Sometimes, I really question your judgement."
649,2981,4,11,87,102,1.1862745098039216,0.04772110492175312,675,"Don't just stand there, do something!"
3369,2986,0,18,79,97,1.1855670103092784,0.03967733071737281,675,I think you’ve used your favorite spot one too many times.
3298,2986,1,16,80,97,1.1855670103092784,0.042297366409248006,675,I’ve had worse Nightmares.
3275,2986,2,14,81,97,1.1855670103092784,0.04476431433028531,675,"It’s okay, you were in the placebo group."
3226,2986,1,16,80,97,1.1855670103092784,0.042297366409248006,675,That full moon did seem ominous
3090,2986,1,16,80,97,1.1855670103092784,0.042297366409248006,675,"Well, don’t just stand there."
3013,2986,1,16,80,97,1.1855670103092784,0.042297366409248006,675,Be a nice monster and sit!
3006,2986,3,12,82,97,1.1855670103092784,0.04710223423323986,675,"You want to take him down, or should I."
2926,2986,2,14,81,97,1.1855670103092784,0.04476431433028531,675,"Bark, George!"
2851,2986,4,10,83,97,1.1855670103092784,0.04932947498266527,675,"A couple of barks wouldn't hurt."""
2832,2986,3,12,82,97,1.1855670103092784,0.04710223423323986,675,Still want to meet your dad?
2800,2986,2,14,81,97,1.1855670103092784,0.04476431433028531,675,I thought I told you to stop inviting your cousin.
2782,2986,0,18,79,97,1.1855670103092784,0.03967733071737281,675,"Hand shake, JoJo. Show him hand shake"""
2748,2986,3,12,82,97,1.1855670103092784,0.04710223423323986,675,"The only thing we have to fear is hair itself."""
2741,2986,3,12,82,97,1.1855670103092784,0.04710223423323986,675,"Well, are you satisfied with what your howling accomplished?"
2735,2986,3,12,82,97,1.1855670103092784,0.04710223423323986,675,"I never dreamt that when he screeched, ""Drain the swamp"", they'd continually hire FROM it..."
2732,2986,0,18,79,97,1.1855670103092784,0.03967733071737281,675,Make your move or it's back to dry dog food.
2723,2986,1,16,80,97,1.1855670103092784,0.042297366409248006,675,"I think you’ll
make a good cadaver dog."
2716,2986,1,16,80,97,1.1855670103092784,0.042297366409248006,675,We're definitely in the wrong place.
2603,2986,3,12,82,97,1.1855670103092784,0.04710223423323986,675,If there were ever a time to start begging...
2502,2986,4,10,83,97,1.1855670103092784,0.04932947498266527,675,Now would be the perfect time to channel your inner wolf!
2500,2986,2,14,81,97,1.1855670103092784,0.04476431433028531,675,He's my cousin. And yours.
2475,2986,1,16,80,97,1.1855670103092784,0.042297366409248006,675,He likes dogs and I've heard he has a heart of gold.
2485,2986,1,16,80,97,1.1855670103092784,0.042297366409248006,675,Give your grandfather a hug goodbye and we'll go out for kibble.
2422,2986,1,16,80,97,1.1855670103092784,0.042297366409248006,675,The ones in sheep’s clothing are more worrisome.
3475,2986,1,16,80,97,1.1855670103092784,0.042297366409248006,675,"Ya' know, you look the way I feel right now"
4420,2986,2,14,81,97,1.1855670103092784,0.04476431433028531,675,Wanna pick a bone with this guy?
3559,2986,1,16,80,97,1.1855670103092784,0.042297366409248006,675,"Here's the plan: you poop, and I'll vomit."
1231,2986,1,16,80,97,1.1855670103092784,0.042297366409248006,675,You never should have gone on Ancestry.com.
4055,2986,5,8,84,97,1.1855670103092784,0.05146040938787607,675,"Like I said Bruiser, he's just a pussycat."
2379,2986,2,14,81,97,1.1855670103092784,0.04476431433028531,675,I bet it would be even scarier if it was in color.
1228,2986,2,14,81,97,1.1855670103092784,0.04476431433028531,675,Are you ready to go back now?
4700,2986,1,16,80,97,1.1855670103092784,0.042297366409248006,675,The two hounds of the Baskervilles
4638,2986,2,14,81,97,1.1855670103092784,0.04476431433028531,675,May I remind you that you're man's best friend?
4637,2986,2,14,81,97,1.1855670103092784,0.04476431433028531,675,You're the rescue dog. Sic 'em.
4623,2986,1,16,80,97,1.1855670103092784,0.042297366409248006,675,I'm still your forever Dad.
4619,2986,2,14,81,97,1.1855670103092784,0.04476431433028531,675,Looks like we should relax the ‘no begging’ rule.
4517,2986,0,18,79,97,1.1855670103092784,0.03967733071737281,675,"He's your daddy, Beagle-Boy!"
4448,2986,2,14,81,97,1.1855670103092784,0.04476431433028531,675,Relax boy; he's a figment of my imagination not yours.
4375,2986,2,14,81,97,1.1855670103092784,0.04476431433028531,675,I told you dating out here would be just as scary as in the city.
4361,2986,2,14,81,97,1.1855670103092784,0.04476431433028531,675,This still doesn't excuse all that barking.
4352,2986,3,12,82,97,1.1855670103092784,0.04710223423323986,675,"To be 100% clear, this IS a loyalty test."
4160,2986,2,14,81,97,1.1855670103092784,0.04476431433028531,675,Listen to what the president said-what you see and hear isn’t real.
3986,2986,1,16,80,97,1.1855670103092784,0.042297366409248006,675,"For your own good, you need to face your biggest fear."
3979,2986,1,16,80,97,1.1855670103092784,0.042297366409248006,675,Relax. He's just wagging the dog.
3917,2986,0,18,79,97,1.1855670103092784,0.03967733071737281,675,Would you just pee already?  I'm getting cold.
3825,2986,2,14,81,97,1.1855670103092784,0.04476431433028531,675,We're never looking at what's right in front of us.
3814,2986,2,14,81,97,1.1855670103092784,0.04476431433028531,675,And that’s why you should go to college.
3770,2986,3,12,82,97,1.1855670103092784,0.04710223423323986,675,Sniff his bowels until he howls.
3634,2986,2,14,81,97,1.1855670103092784,0.04476431433028531,675,I see Trump is back in town.
3561,2986,2,14,81,97,1.1855670103092784,0.04476431433028531,675,There goes the neighborhood.
3513,2986,3,12,82,97,1.1855670103092784,0.04710223423323986,675,This is precisely why I'm not a cat person!
2207,2986,3,12,82,97,1.1855670103092784,0.04710223423323986,675,Well are you going to go or not?
387,2986,3,12,82,97,1.1855670103092784,0.04710223423323986,675,"Heel, hound!"
2159,2986,3,12,82,97,1.1855670103092784,0.04710223423323986,675,"It's just an act, he's no more territorial than you."
1069,2986,2,14,81,97,1.1855670103092784,0.04476431433028531,675,"Relax, he only comes out when there is a full moon!!"
1059,2986,4,10,83,97,1.1855670103092784,0.04932947498266527,675,I’m not sure I like the friends you are hanging out with.
947,2986,2,14,81,97,1.1855670103092784,0.04476431433028531,675,C’mon . . . just think of him as a big squirrel
933,2986,5,8,84,97,1.1855670103092784,0.05146040938787607,675,"Maybe Dior, but definitely not Prada."
914,2986,1,16,80,97,1.1855670103092784,0.042297366409248006,675,"Trump picked me to replace Smokey the Bear, because right now “Only Finland can prevent forest fires.”"
833,2986,1,16,80,97,1.1855670103092784,0.042297366409248006,675,what was the name of your shelter?”
795,2986,2,14,81,97,1.1855670103092784,0.04476431433028531,675,Where's all that bravado you show to other dogs?
738,2986,3,12,82,97,1.1855670103092784,0.04710223423323986,675,don't worry.  It's just my ex-wife
722,2986,2,14,81,97,1.1855670103092784,0.04476431433028531,675,We really should have done something about global warming.
617,2986,2,14,81,97,1.1855670103092784,0.04476431433028531,675,The HOA wants to show they’re serious about the leash law.
565,2986,4,10,83,97,1.1855670103092784,0.04932947498266527,675,"I know, I know! He would make a better President."
491,2986,2,14,81,97,1.1855670103092784,0.04476431433028531,675,"What do you mean, you don't know how to dog paddle?"
2175,2986,1,16,80,97,1.1855670103092784,0.042297366409248006,675,Can't you just be satisfied with barking up a storm?
378,2986,2,14,81,97,1.1855670103092784,0.04476431433028531,675,i told you they called it Monster Rock for a reason.
274,2986,2,14,81,97,1.1855670103092784,0.04476431433028531,675,He was a lot less scary drinking a pina colada at Trader Vic's
229,2986,0,18,79,97,1.1855670103092784,0.03967733071737281,675,You have to face your demons like everyone else.
179,2986,2,14,81,97,1.1855670103092784,0.04476431433028531,675,"Now, we need someone to pick up after us BOTH!"
174,2986,2,14,81,97,1.1855670103092784,0.04476431433028531,675,"Yes, it IS just like looking into your mirror at home."
137,2986,1,16,80,97,1.1855670103092784,0.042297366409248006,675,When I was a boy this tree was just a little ympe.
121,2986,4,10,83,97,1.1855670103092784,0.04932947498266527,675,"No, Fido, this is not your long-lost cousin."
98,2986,3,12,82,97,1.1855670103092784,0.04710223423323986,675,I hope you still remember the Kung Fu I spent all that money on.
1087,2986,2,14,81,97,1.1855670103092784,0.04476431433028531,675,Don’t worry I’m not picking up after him.
1112,2986,3,12,82,97,1.1855670103092784,0.04710223423323986,675,But can he howl?
780,2986,2,14,81,97,1.1855670103092784,0.04476431433028531,675,"Don't be afraid, we visit the White House next!"
1178,2986,1,16,80,97,1.1855670103092784,0.042297366409248006,675,Maybe he just wants to play.
2133,2986,2,14,81,97,1.1855670103092784,0.04476431433028531,675,We secular humanists have nothing to fear.
2117,2986,1,16,80,97,1.1855670103092784,0.042297366409248006,675,Relax. He just needs a snicker bar.
1141,2986,2,14,81,97,1.1855670103092784,0.04476431433028531,675,See?  There was nothing to bark about.
2075,2986,2,14,81,97,1.1855670103092784,0.04476431433028531,675,He wouldn't appreciate you. He's only a dog person once a month.
2033,2986,0,18,79,97,1.1855670103092784,0.03967733071737281,675,"Rex, this climate change is really starting to get out of hand."
1986,2986,2,14,81,97,1.1855670103092784,0.04476431433028531,675,"Yes, this IS why you were neutered."
1970,2986,2,14,81,97,1.1855670103092784,0.04476431433028531,675,"Well, you said you wanted more adventure in your life."
1967,2986,2,14,81,97,1.1855670103092784,0.04476431433028531,675,"Don’t worry, you’re not an emolument."
1964,2986,4,10,83,97,1.1855670103092784,0.04932947498266527,675,"Okay, so what's your final form?"
1929,2986,1,16,80,97,1.1855670103092784,0.042297366409248006,675,"You’ve seen one, you’ve seen them all."
1849,2986,4,10,83,97,1.1855670103092784,0.04932947498266527,675,"Yes, I'm upset too that the Government took these off the endangered species list."
2084,2986,3,12,82,97,1.1855670103092784,0.04710223423323986,675,See that Buster?  Some people like to have scaring looking pets but then they do not know how to take care of them.
1769,2986,3,12,82,97,1.1855670103092784,0.04710223423323986,675,...and here they said this was a good neighborhood!
1288,2986,0,18,79,97,1.1855670103092784,0.03967733071737281,675,“Tell me who you walk with and I’ll tell you who you are.”
1803,2986,2,14,81,97,1.1855670103092784,0.04476431433028531,675,He owns a corgi during the day.
1447,2986,2,14,81,97,1.1855670103092784,0.04476431433028531,675,"Once again, fooled by the profile pic."
1461,2986,1,16,80,97,1.1855670103092784,0.042297366409248006,675,See what happens when you don't behave.
1584,2986,3,12,82,97,1.1855670103092784,0.04710223423323986,675,Now look at what you've done. I told you not to howl at the moon!
1410,2986,4,10,83,97,1.1855670103092784,0.04932947498266527,675,"Thank you, Herman. You have found your bone. Mine. All of them."
1626,2986,1,16,80,97,1.1855670103092784,0.042297366409248006,675,"He's calling you a pussy, Snoopy!  You gonna that crap?"
1681,2986,1,16,80,97,1.1855670103092784,0.042297366409248006,675,I don't know what the hell it is. Go sniff its ass.
1687,2986,2,14,81,97,1.1855670103092784,0.04476431433028531,675,"I'd like you to meet your new brother, Stanley. He's a rescue."
1611,2986,3,12,82,97,1.1855670103092784,0.04710223423323986,675,See what can happen if you eat your vegetables?
3584,3088,2,14,82,98,1.183673469387755,0.04434562619344774,675,She reminds me of Susan too. The smell and monthly temper.
3245,3088,2,14,82,98,1.183673469387755,0.04434562619344774,675,Remenber our discussions about Freud?
3327,3088,1,16,81,98,1.183673469387755,0.04190633754892204,675,"Oh, it’s just Trump trying to intimidate the Fed, again."
3368,3088,4,10,84,98,1.183673469387755,0.048860223433162986,675,"We're looking for TRUFFLES, not TROUBLE."
3434,3088,2,14,82,98,1.183673469387755,0.04434562619344774,675,"Your mother stopped shaving recently, don’t stare"
3542,3088,4,10,84,98,1.183673469387755,0.048860223433162986,675,I'm skeptical that he's your father Luke.
3209,3088,2,14,82,98,1.183673469387755,0.04434562619344774,675,Be grateful. He walks himself with half as many legs.
3558,3088,3,12,83,98,1.183673469387755,0.04665756099726821,675,You're not familiar with the expression 'sic 'im?'
3608,3088,0,18,80,98,1.183673469387755,0.039315997902118524,675,Now...you can bark.
4099,3088,4,10,84,98,1.183673469387755,0.048860223433162986,675,And that Skippy is why when we go to the park you should not let any ol’ dog take advantage of you.
3705,3088,2,14,82,98,1.183673469387755,0.04434562619344774,675,This is Mr Smith from across the street  - it's a special night for him.
3886,3088,5,8,85,98,1.183673469387755,0.05096778266379081,675,Just take the picture. We’ll figure out the hashtag later.
4205,3088,4,10,84,98,1.183673469387755,0.048860223433162986,675,I think I'd be more afraid of a clown
4210,3088,1,16,81,98,1.183673469387755,0.04190633754892204,675,I’m gonna go out on a limb and say he’s not a Bob Seger fan.
4328,3088,2,14,82,98,1.183673469387755,0.04434562619344774,675,After that whole 3 little pig thing.....     Ya I went VEGAN !!!!!!!
4434,3088,3,12,83,98,1.183673469387755,0.04665756099726821,675,"Don't you worry, just virtual reality."
4591,3088,2,14,82,98,1.183673469387755,0.04434562619344774,675,"Such great fun to chase the mailman everyday. Hope you’re happy, Ginger."
3005,3088,2,14,82,98,1.183673469387755,0.04434562619344774,675,"No, Elwood, that's not your tree."
3630,3088,1,16,81,98,1.183673469387755,0.04190633754892204,675,"What did you expect, Bambi?!"
2991,3088,1,16,81,98,1.183673469387755,0.04190633754892204,675,"OK"" Fido, remember what you learned in obedience school?  Now  sick'em"
746,3088,2,14,82,98,1.183673469387755,0.04434562619344774,675,While it's eating you I'm going to run for it.
2839,3088,3,12,83,98,1.183673469387755,0.04665756099726821,675,"Daisy, this is Beelzebub. He is the one that I told you about."
325,3088,2,14,82,98,1.183673469387755,0.04434562619344774,675,What am I supposed to do-scream?
398,3088,4,10,84,98,1.183673469387755,0.048860223433162986,675,"You have GOT to get a restraining order on your ex, buddy."
2947,3088,3,12,83,98,1.183673469387755,0.04665756099726821,675,Not in the mood for a butt sniff?
660,3088,2,14,82,98,1.183673469387755,0.04434562619344774,675,"You should let me outrun you - it'll be a much easier
lifestyle change for you."
798,3088,2,14,82,98,1.183673469387755,0.04434562619344774,675,His bite is bigger than his bark.
1509,3088,1,16,81,98,1.183673469387755,0.04190633754892204,675,This was us before selective breeding.
1701,3088,1,16,81,98,1.183673469387755,0.04190633754892204,675,Don’t fetch
1722,3088,2,14,82,98,1.183673469387755,0.04434562619344774,675,"Don't be afraid, he looks like he was related to my ex-wife and she was ten times scarier."
448,3088,2,14,82,98,1.183673469387755,0.04434562619344774,675,Something tells me we've missed Camp Bow-Wow.
1813,3088,2,14,82,98,1.183673469387755,0.04434562619344774,675,"You did well with the Loch Ness, give it a shot."
2158,3088,3,12,83,98,1.183673469387755,0.04665756099726821,675,I've seen this episode of Scooby Doo multiple times
2199,3088,2,14,82,98,1.183673469387755,0.04434562619344774,675,"Hey Sparky, Remember - I did try to discourage you from meeting your biological parents."
1747,3088,3,12,83,98,1.183673469387755,0.04665756099726821,675,Would you hurry up and take the damn picture already!
2204,3088,2,14,82,98,1.183673469387755,0.04434562619344774,675,Hard to believe you two share an ancestor.
2429,3088,4,10,84,98,1.183673469387755,0.048860223433162986,675,"See? Eat your dog food and be obedient, and you might grow up to be like him some day!"
2622,3088,3,12,83,98,1.183673469387755,0.04665756099726821,675,"OK, what did you pee on THIS time?"
2761,3088,2,14,82,98,1.183673469387755,0.04434562619344774,675,"Oh, you could probably take him with one paw tied behind . . ."
3855,3127,1,15,78,94,1.1808510638297873,0.0426816865724372,675,I think it likes you.
2590,3127,2,13,79,94,1.1808510638297873,0.04528252387039548,675,I can't believe our son is already all grown up and leaving for college
1378,3127,2,13,79,94,1.1808510638297873,0.04528252387039548,675,Not to worry--2016 was a fluke.
2878,3127,2,13,79,94,1.1808510638297873,0.04528252387039548,675,"They said ""keep to the road"" but did you listen?"
1011,3131,2,14,84,100,1.18,0.04353101761904371,675,"Honey, you’re Dad is really losing it."
2044,3132,2,13,80,95,1.1789473684210525,0.044843756048454156,675,People really have to stop feeding the squirrels in this park.
4190,3132,2,13,80,95,1.1789473684210525,0.044843756048454156,675,I told you not to eat liver after six.
4088,3132,0,17,78,95,1.1789473684210525,0.039535226381877515,675,You make Friends with him and I'll go back to the car and get a treat that you can give him.
3932,3132,3,11,81,95,1.1789473684210525,0.04727501054750545,675,We can only take him home if you promise to share your kibbles.
3697,3132,2,13,80,95,1.1789473684210525,0.044843756048454156,675,This is why I keep him  on the leash
3570,3132,4,9,82,95,1.1789473684210525,0.049587203873582494,675,"Well, I can see how you confused him with grandpa."
3518,3132,1,15,79,95,1.1789473684210525,0.04227290255943855,675,Don't worry. He's just here to deliver mail.
3349,3132,3,11,81,95,1.1789473684210525,0.04727501054750545,675,"Toto, we’re not in Kansas anymore."
2967,3132,3,11,81,95,1.1789473684210525,0.04727501054750545,675,"Kids these days, just walking around not bothering to shave anymore. Disgusting!"
2867,3132,2,13,80,95,1.1789473684210525,0.044843756048454156,675,"They call it global warming, but we know it’s not real."
2743,3132,2,13,80,95,1.1789473684210525,0.044843756048454156,675,"Bark please, this is not virtual reality."
2563,3132,3,11,81,95,1.1789473684210525,0.04727501054750545,675,"See Fido, they do exist."
4276,3132,2,13,80,95,1.1789473684210525,0.044843756048454156,675,Sasquatch?   Sounds like identity theft to me!
1961,3132,3,11,81,95,1.1789473684210525,0.04727501054750545,675,"Watch Spot, next he's going to jump up on that stump and shout.
""Boy let me tell you what"""
3854,3132,3,11,81,95,1.1789473684210525,0.04727501054750545,675,"'Judge the deed and not the breed,' my ass!"
1573,3132,1,15,79,95,1.1789473684210525,0.04227290255943855,675,"No, you can't take him home.."
260,3132,0,17,78,95,1.1789473684210525,0.039535226381877515,675,This is your department.
1948,3132,1,15,79,95,1.1789473684210525,0.04227290255943855,675,"Don’t worry, it’s election season."
261,3132,2,13,80,95,1.1789473684210525,0.044843756048454156,675,You see?  We’ve both evolved.
583,3132,3,11,81,95,1.1789473684210525,0.04727501054750545,675,But he can’t sit on command.
599,3132,1,15,79,95,1.1789473684210525,0.04227290255943855,675,The least you can do is start barking.
227,3132,2,13,80,95,1.1789473684210525,0.044843756048454156,675,"No, Fluffy. I’m not going to deal with were-puppies again."
1188,3132,3,11,81,95,1.1789473684210525,0.04727501054750545,675,Are you seeing that in black and white too?
1323,3132,4,9,82,95,1.1789473684210525,0.049587203873582494,675,So this is the nightmare that had you barking in your sleep?
1359,3132,2,13,80,95,1.1789473684210525,0.044843756048454156,675,"Easy Fluffy, he only wants our souls."
1523,3132,1,15,79,95,1.1789473684210525,0.04227290255943855,675,This is what carbs do to you
658,3132,2,13,80,95,1.1789473684210525,0.044843756048454156,675,Now do you appreciate your GMO-free food?
2109,3159,2,13,81,96,1.1770833333333333,0.044413309178260335,675,Isn't this air pollution scary?
4100,3159,2,13,81,96,1.1770833333333333,0.044413309178260335,675,My master's id
4084,3159,4,9,83,96,1.1770833333333333,0.04910334533809091,675,See what happens when even nice little dogs do moon howling?
3875,3159,2,13,81,96,1.1770833333333333,0.044413309178260335,675,This is precisely where the rubber meets the road
3792,3159,2,13,81,96,1.1770833333333333,0.044413309178260335,675,"Well Bowser, as ferocious as your ancestors were, none of us are once we’ve been domesticated."
3106,3159,3,11,82,96,1.1770833333333333,0.04681709386300883,675,"Not to worry, Killer."
3068,3159,2,13,81,96,1.1770833333333333,0.044413309178260335,675,"That's right, make things worse!!"
2877,3159,3,11,82,96,1.1770833333333333,0.04681709386300883,675,She looks nothing like her profile on Tinder.
2809,3159,2,13,81,96,1.1770833333333333,0.044413309178260335,675,"When my therapist said I needed to face my monsters, I didn't think she meant that literally."
2344,3159,3,11,82,96,1.1770833333333333,0.04681709386300883,675,We’re too stressed out. It’s time we meditated...
1890,3159,2,13,81,96,1.1770833333333333,0.044413309178260335,675,Ask him if anyone ever found that case of Canadian Club.
1126,3159,2,13,81,96,1.1770833333333333,0.044413309178260335,675,"Please write ""Relax, Puffles, I have a silver bullet."""
1702,3159,0,17,79,96,1.1770833333333333,0.03916561682056946,675,"Hang on, it’s tough to turn with you all watching me."
1638,3159,2,13,81,96,1.1770833333333333,0.044413309178260335,675,"Just when things were looking bleak, Timmy  noted  an opportunity to launch his excellent groin intrusion maneuver."
1506,3159,3,11,82,96,1.1770833333333333,0.04681709386300883,675,Dare to bark at him.
1098,3159,1,15,80,96,1.1770833333333333,0.04187175404195182,675,"Well, I think she's quite fetching"
995,3159,3,11,82,96,1.1770833333333333,0.04681709386300883,675,Everyone is different. You have to learn that it is not what's on the outside that counts.
597,3159,1,15,80,96,1.1770833333333333,0.04187175404195182,675,Geeze. I only suggested a nail trim.
338,3159,1,15,80,96,1.1770833333333333,0.04187175404195182,675,I wouldn't pay this hobo even if he was an actual werewolf.
2604,3178,4,10,88,102,1.1764705882352942,0.04706852938153712,675,His name was Bigfoot and no one knew him.  Now that there are many environmental changes he wants to be seen as the survivor.
2876,3179,2,12,78,92,1.173913043478261,0.04534914100207275,675,I know you want to sniff his butt–try and resist the urge.
2350,3179,2,12,78,92,1.173913043478261,0.04534914100207275,675,Here's your big test as my emotional support animal... I've had nightmares about this monster since I was 5 years old!
2602,3179,2,12,78,92,1.173913043478261,0.04534914100207275,675,This is why we had to cut back on the kibble
2785,3179,3,10,79,92,1.173913043478261,0.04791071000168172,675,"One alone is no problem, but don't mess with a pack of them"
2545,3179,1,14,77,92,1.173913043478261,0.042633942421344356,675,YOU can take him.
3133,3179,1,14,77,92,1.173913043478261,0.042633942421344356,675,This is the last time I give you psychedelics.
3943,3179,2,12,78,92,1.173913043478261,0.04534914100207275,675,"Fido, let’s talk about your taste in friends."
3493,3179,2,12,78,92,1.173913043478261,0.04534914100207275,675,"Still feeling the call of the wild, Rocky?"
3789,3179,2,12,78,92,1.173913043478261,0.04534914100207275,675,Poppa!!!
3802,3179,2,12,78,92,1.173913043478261,0.04534914100207275,675,"Relax Fido, it’s only my mother in-law."
2342,3179,1,14,77,92,1.173913043478261,0.042633942421344356,675,Wanna sniff his butt?
4398,3179,2,12,78,92,1.173913043478261,0.04534914100207275,675,How many times must I show you how it's done?
3179,3179,1,14,77,92,1.173913043478261,0.042633942421344356,675,We're going to need a bigger poop bag.
2314,3179,0,16,76,92,1.173913043478261,0.039733631889711976,675,Does your dog bite?
367,3179,0,16,76,92,1.173913043478261,0.039733631889711976,675,"Oh, NOW you have to pee."
1960,3179,0,16,76,92,1.173913043478261,0.039733631889711976,675,"Bark, doggone you!"
1104,3179,2,12,78,92,1.173913043478261,0.04534914100207275,675,"Relax, it's just a Pomeranian."
1051,3179,1,14,77,92,1.173913043478261,0.042633942421344356,675,Here's your chance....Sic em!
1018,3179,1,14,77,92,1.173913043478261,0.042633942421344356,675,Well.... Go sniff his crotch.
794,3179,2,12,78,92,1.173913043478261,0.04534914100207275,675,I think you can take him.
540,3179,2,12,78,92,1.173913043478261,0.04534914100207275,675,Just remember dog don't have souls
509,3179,2,12,78,92,1.173913043478261,0.04534914100207275,675,Trump’s lies versus his opponents’ lies.
455,3179,2,12,78,92,1.173913043478261,0.04534914100207275,675,"No, no, I'm your daddy."
434,3179,2,12,78,92,1.173913043478261,0.04534914100207275,675,"You. Stay. Dog. Or we're leaving Hogwarts."""
2066,3179,0,16,76,92,1.173913043478261,0.039733631889711976,675,Here's your chance.
363,3179,1,14,77,92,1.173913043478261,0.042633942421344356,675,Wait for it.
590,3205,4,9,85,98,1.1734693877551021,0.048163211816236194,675,"f I were you, I wouldn't even THINK about sniffing his butt."
1833,3206,0,16,77,93,1.1720430107526882,0.039348528120618634,675,"Sic' em, Princess."
1927,3207,1,13,75,89,1.1685393258426966,0.04298595589887807,675,"Don't I always say, if you plant your bulbs too early in the season then some beast will surely dig them up?"
4264,3207,1,13,75,89,1.1685393258426966,0.04298595589887807,675,How dare you assume that just because I'm a werewolf I identify as a man!
3972,3207,3,9,77,89,1.1685393258426966,0.04856457180256656,675,"If you try hard enough, someday you can grow up to be Doggie President too."
4585,3207,2,11,76,89,1.1685393258426966,0.04586016811409948,675,"Maurice  says he  will  meet  us  here
tonight!"
3723,3207,2,11,76,89,1.1685393258426966,0.04586016811409948,675,Frazetta did it better.
3515,3207,2,11,76,89,1.1685393258426966,0.04586016811409948,675,It looks like me when I go a day without 'The New Yorker' magazine
3441,3207,3,9,77,89,1.1685393258426966,0.04856457180256656,675,"Son, I'd like you to meet your mother."
2866,3207,0,15,74,89,1.1685393258426966,0.03990526017490819,675,Do you have an extra poop bag by chance?
2847,3207,3,9,77,89,1.1685393258426966,0.04856457180256656,675,Sic him Beowulf!
2038,3207,2,11,76,89,1.1685393258426966,0.04586016811409948,675,"No, I don't see a family resemblance. Let's keep looking for your mom somewhere else, like back in the city."
4500,3207,2,11,76,89,1.1685393258426966,0.04586016811409948,675,Worst bloodhound ever.
1853,3207,1,13,75,89,1.1685393258426966,0.04298595589887807,675,We need to either change our route or start remembering the poop bags.
653,3207,1,13,75,89,1.1685393258426966,0.04298595589887807,675,What does he smell like?
1653,3207,2,11,76,89,1.1685393258426966,0.04586016811409948,675,"Don't mind him, that's his favorite scary pose, He's really a woos."
389,3207,1,13,75,89,1.1685393258426966,0.04298595589887807,675,"I’m sorry, Steve.  I thought tonight was a waxing gibbous.”"
806,3207,1,13,75,89,1.1685393258426966,0.04298595589887807,675,"It's okay, Charlie. His pa came from the Black Lagoon, but he's friendly now."
824,3207,0,15,74,89,1.1685393258426966,0.03990526017490819,675,"Okay, remember: Stay cool and let me do the talking."
865,3207,2,11,76,89,1.1685393258426966,0.04586016811409948,675,He's actually a rescue. We both are.
248,3207,1,13,75,89,1.1685393258426966,0.04298595589887807,675,"I pretty sure he's an allegory, boy...unfortunately, I've forgotten his meaning."
1009,3207,2,11,76,89,1.1685393258426966,0.04586016811409948,675,"Sacrificially speaking, now's your chance to prove you're my best friend."
1071,3207,1,13,75,89,1.1685393258426966,0.04298595589887807,675,When Reality TV has reached its full-maturity.
1340,3207,3,9,77,89,1.1685393258426966,0.04856457180256656,675,"Milk in the batter, milk in the batter..."
946,3207,1,13,75,89,1.1685393258426966,0.04298595589887807,675,Is it too much to ask?
3162,3230,3,9,78,90,1.1666666666666667,0.04805843301409532,675,Have you been eating my special leaves I told you to stay away from?
3418,3230,2,11,77,90,1.1666666666666667,0.045386397671912215,675,"...so you see, we ARE related!"
3357,3230,2,11,77,90,1.1666666666666667,0.045386397671912215,675,"Even in virtual reality, I have to walk the dog?"
3322,3230,1,13,76,90,1.1666666666666667,0.04254688241805304,675,Not again.
3240,3230,1,13,76,90,1.1666666666666667,0.04254688241805304,675,Daddy?
3223,3230,3,9,78,90,1.1666666666666667,0.04805843301409532,675,"I thought they kept Stephen Miller locked in the White House. Don't be afraid, he only hurts children."
3185,3230,1,13,76,90,1.1666666666666667,0.04254688241805304,675,"He's really being extra, isn't he?"
3167,3230,4,7,79,90,1.1666666666666667,0.050589533244611136,675,Shall we give him a hug?
3116,3230,1,13,76,90,1.1666666666666667,0.04254688241805304,675,Seems it likes you
2600,3230,2,11,77,90,1.1666666666666667,0.045386397671912215,675,"For goodness' sake, you evolved from the prehistoric wolf."
2791,3230,2,11,77,90,1.1666666666666667,0.045386397671912215,675,"Fido, what did you eat?"
2740,3230,2,11,77,90,1.1666666666666667,0.045386397671912215,675,I just think his bight might be worse than his bark !
2698,3230,0,15,75,90,1.1666666666666667,0.039503788594998104,675,"I told you we should just go to the dog park, but no that wasn't good enough for you."
3469,3230,1,13,76,90,1.1666666666666667,0.04254688241805304,675,"Look, we already have 4 dogs. We just don't have room for a fifth, Rex."
2568,3230,2,11,77,90,1.1666666666666667,0.045386397671912215,675,See? That's what happens when you're not properly paper-trained.
2556,3230,3,9,78,90,1.1666666666666667,0.04805843301409532,675,I'LL DROP YOUR LEASH AND YOU  GO GET HIM.
2540,3230,2,11,77,90,1.1666666666666667,0.045386397671912215,675,This is what you'll turn into if you don't take your worm medicine.
2524,3230,1,13,76,90,1.1666666666666667,0.04254688241805304,675,"See boy, he’s not neutered."
2479,3230,1,13,76,90,1.1666666666666667,0.04254688241805304,675,"Ok, you kind of misrepresented ""let's go visit my brother."""
2986,3230,2,11,77,90,1.1666666666666667,0.045386397671912215,675,So much for looking for your origins.
3501,3230,2,11,77,90,1.1666666666666667,0.045386397671912215,675,"We have to control our fears and prejudices. We don't want people to  tell us that we're bigots, because all our fears are the same, so we must be considerate of the other guy's feeling."
3731,3230,1,13,76,90,1.1666666666666667,0.04254688241805304,675,It seems to be a GMO wolfman
3597,3230,2,11,77,90,1.1666666666666667,0.045386397671912215,675,Go pee pee
4642,3230,2,11,77,90,1.1666666666666667,0.045386397671912215,675,"I get it, I get it- you're still upset about the aggression training."
2437,3230,1,13,76,90,1.1666666666666667,0.04254688241805304,675,"This guy is a big phony blowhard.
Watch FOX News for something scary"
4379,3230,3,9,78,90,1.1666666666666667,0.04805843301409532,675,I told you to stop barking -- it triggers her!
4300,3230,2,11,77,90,1.1666666666666667,0.045386397671912215,675,"I'd be careful buddy, looks like it's that time of the month."
4288,3230,3,9,78,90,1.1666666666666667,0.04805843301409532,675,"No Luke, he is not your father.""
Submitted By: 
Esther Nieves
1322 N. Claremont Ave.
Chicago, Illinois 60622
773-620-4904 | en364@nyu.ed"
4223,3230,1,13,76,90,1.1666666666666667,0.04254688241805304,675,I did it. Now it's your turn to poop.
4217,3230,1,13,76,90,1.1666666666666667,0.04254688241805304,675,"Sure,sure -- you make promises now. But we both know that if I let you get him, I'll be the only one remembering to feed him by this time next week."
4196,3230,2,11,77,90,1.1666666666666667,0.045386397671912215,675,"THIS is what happens to dogs who don’t take baths, Richard."
4170,3230,2,11,77,90,1.1666666666666667,0.045386397671912215,675,"Fido, BEHIND us––a cartoonist."
3577,3230,2,11,77,90,1.1666666666666667,0.045386397671912215,675,"Look at me, you imbecile."
4137,3230,2,11,77,90,1.1666666666666667,0.045386397671912215,675,This park is always off-leash on the full moon.
4053,3230,2,11,77,90,1.1666666666666667,0.045386397671912215,675,"Oh yeah, notice how scared Bailey is..."
4038,3230,1,13,76,90,1.1666666666666667,0.04254688241805304,675,"I told you , all bark and no bite !2"
3869,3230,1,13,76,90,1.1666666666666667,0.04254688241805304,675,"Yea, okay, hold on a second, man. 
You know what really scares me? Are the tweets."
3840,3230,2,11,77,90,1.1666666666666667,0.045386397671912215,675,In what context was the word used when 'praying' for this play date?
4678,3230,1,13,76,90,1.1666666666666667,0.04254688241805304,675,Walking my roommate’s mutt at midnight.  How could this evening get any worse?
3763,3230,3,9,78,90,1.1666666666666667,0.04805843301409532,675,Feel free to sic 'em.
4572,3230,3,9,78,90,1.1666666666666667,0.04805843301409532,675,no I don't think he will be good to eat
3686,3230,4,7,79,90,1.1666666666666667,0.050589533244611136,675,Now you will have a friend to play with while I'm a work.
3605,3230,0,15,75,90,1.1666666666666667,0.039503788594998104,675,You wanted to play with new dogs - so go play!
4077,3230,3,9,78,90,1.1666666666666667,0.04805843301409532,675,"No, he's not your daddy."
2364,3230,1,13,76,90,1.1666666666666667,0.04254688241805304,675,Couldn't find a Cesar Milan on Groupon.
3767,3230,3,9,78,90,1.1666666666666667,0.04805843301409532,675,The metaphor is obvious.
2255,3230,2,11,77,90,1.1666666666666667,0.045386397671912215,675,So *this* is why we had to go on an extra long walk tonight?
1151,3230,1,13,76,90,1.1666666666666667,0.04254688241805304,675,I can’t believe those people who let their pets off leash
1101,3230,2,11,77,90,1.1666666666666667,0.045386397671912215,675,Wolfbane smulfbane she said...
916,3230,1,13,76,90,1.1666666666666667,0.04254688241805304,675,I've a feeling we're not in SoHo anymore.
910,3230,2,11,77,90,1.1666666666666667,0.045386397671912215,675,Now you know why we don't visit your grandpuppy.
906,3230,0,15,75,90,1.1666666666666667,0.039503788594998104,675,"Attack, Rocky!"
872,3230,1,13,76,90,1.1666666666666667,0.04254688241805304,675,"Get acquainted with the litter box, Mittens."
683,3230,2,11,77,90,1.1666666666666667,0.045386397671912215,675,"Make your face, Gorr, that guy from the bar's been following us."
644,3230,4,7,79,90,1.1666666666666667,0.050589533244611136,675,This is why a leash is a good idea.
615,3230,1,13,76,90,1.1666666666666667,0.04254688241805304,675,It's not betrayal.  It's a sacrifice.  Huge difference.
608,3230,1,13,76,90,1.1666666666666667,0.04254688241805304,675,"Okay, Seymour. Okay. Yes, Milton can transform into an awesome Beast Lord. But you make a damn fine pup-pup, Seymour. You really do. Head high."
451,3230,3,9,78,90,1.1666666666666667,0.04805843301409532,675,Honey I told you getting a dog would be more trouble than it's worth.
446,3230,1,13,76,90,1.1666666666666667,0.04254688241805304,675,"That you reminds you of her, too"
376,3230,2,11,77,90,1.1666666666666667,0.045386397671912215,675,"I knew I shouldn't have let my wife name my dog Beowulf."""
365,3230,3,9,78,90,1.1666666666666667,0.04805843301409532,675,It's not nice to stare. But you can bark if you'd like.
329,3230,2,11,77,90,1.1666666666666667,0.045386397671912215,675,"You just couldn't hold it, could ya?"
228,3230,2,11,77,90,1.1666666666666667,0.045386397671912215,675,Will he bite?
217,3230,1,13,76,90,1.1666666666666667,0.04254688241805304,675,It's my mother-in-law..
1823,3230,3,10,83,96,1.1666666666666667,0.04604218762109022,675,"Don’t worry, you had your “Purina Beneful at church this morning"
2313,3230,2,11,77,90,1.1666666666666667,0.045386397671912215,675,New Jersey has everything!
1154,3230,1,13,76,90,1.1666666666666667,0.04254688241805304,675,Just ignore him. He's CG.
1165,3230,2,11,77,90,1.1666666666666667,0.045386397671912215,675,"Come now, show a little backbone George"
7,3230,1,13,76,90,1.1666666666666667,0.04254688241805304,675,You have nothing to be jealous of... I used to walk him a long time ago.
1319,3230,2,11,77,90,1.1666666666666667,0.045386397671912215,675,What comes after sit-stay?
1192,3230,2,11,77,90,1.1666666666666667,0.045386397671912215,675,I don't think Ancestry.com is right every time
2235,3230,3,9,78,90,1.1666666666666667,0.04805843301409532,675,It was either me or you.
2108,3230,1,13,76,90,1.1666666666666667,0.04254688241805304,675,"Ok, here's your wolf.  What are you afraid of?"
2092,3230,1,13,76,90,1.1666666666666667,0.04254688241805304,675,I thought you would enjoy a play date?
2053,3230,2,11,77,90,1.1666666666666667,0.045386397671912215,675,This is what happens when you don't retrieve your toys.
2024,3230,3,9,78,90,1.1666666666666667,0.04805843301409532,675,"This park has a leash law, people! Who's is this?"
2000,3230,4,7,79,90,1.1666666666666667,0.050589533244611136,675,IT'S DONALD TRUMP
1998,3230,2,11,77,90,1.1666666666666667,0.045386397671912215,675,Obedience school dropout
1884,3230,4,7,79,90,1.1666666666666667,0.050589533244611136,675,I don’t know what would happen if he bites you.
1753,3230,1,13,76,90,1.1666666666666667,0.04254688241805304,675,This tree was marked by a werewolf.   I think you should respect his territory.
2214,3230,2,11,77,90,1.1666666666666667,0.045386397671912215,675,"See, this is why man's best friend is fake news"
1731,3230,3,9,78,90,1.1666666666666667,0.04805843301409532,675,Doggy day care .
1689,3230,1,13,76,90,1.1666666666666667,0.04254688241805304,675,What did I tell you about knowing your enemies?
1677,3230,2,11,77,90,1.1666666666666667,0.045386397671912215,675,"Take the dog for a walk, she says. How much of a hardship can it possibly be?"
1618,3230,2,11,77,90,1.1666666666666667,0.045386397671912215,675,I told you she wouldn't be happy you pee'd on the rug again
1572,3230,1,13,76,90,1.1666666666666667,0.04254688241805304,675,"Stop Whitey, you are scaring  it."
1462,3230,1,13,76,90,1.1666666666666667,0.04254688241805304,675,Do not sniff his butt.
1448,3230,2,11,77,90,1.1666666666666667,0.045386397671912215,675,Now I a poopie bag.
1367,3230,2,11,77,90,1.1666666666666667,0.045386397671912215,675,"OK, Don't Sic Em."
1352,3230,4,7,79,90,1.1666666666666667,0.050589533244611136,675,This is The New Colossus?
1741,3230,0,15,75,90,1.1666666666666667,0.039503788594998104,675,"Listen, we've had a good run, but I'm about to run like hell, and I'm betting you're slower than me."
1290,3321,1,13,77,91,1.164835164835165,0.04211657832030713,675,Meet your uncle Were.
2501,3321,3,9,79,91,1.164835164835165,0.047562660331514815,675,No. I don't think he could be your Father.
2611,3321,0,15,76,91,1.164835164835165,0.039110176747367435,675,"I guess the question we should’ve been asking is, who rescues who?"
3528,3321,1,13,77,91,1.164835164835165,0.04211657832030713,675,"Wait, are you seeing what I'm seeing?"
3112,3325,0,14,72,86,1.1627906976744187,0.040042607663968714,675,And THIS is why I insisted on a pure bred!
3109,3325,0,14,72,86,1.1627906976744187,0.040042607663968714,675,I never thought the green new deal would go this far
3002,3325,2,10,74,86,1.1627906976744187,0.046374627232631714,675,Don't worry.  He just likes to play in the full moon.
2999,3325,2,10,74,86,1.1627906976744187,0.046374627232631714,675,"Buddy, remember, the first line of defense is to prevent eye contact."
2990,3325,1,12,73,86,1.1627906976744187,0.04332445313847639,675,"No, he wasn't your sperm donor."
3080,3325,1,12,73,86,1.1627906976744187,0.04332445313847639,675,Time for your puppy dog face.
3121,3325,2,10,74,86,1.1627906976744187,0.046374627232631714,675,"""Bye, old Sport; TOLD you we wouldn't survive the decade"
3242,3325,0,14,72,86,1.1627906976744187,0.040042607663968714,675,"I spy, with my little eye, something that begins with W."
3195,3325,0,14,72,86,1.1627906976744187,0.040042607663968714,675,Don't even think about chewing my running shoes again.
3222,3325,1,12,73,86,1.1627906976744187,0.04332445313847639,675,"Yeah, Danny, today I'm with you, 'Bite me!'"
3231,3325,3,8,75,86,1.1627906976744187,0.04923620479061173,675,"Come on Be-be,time to pee-pee!"
3237,3325,2,10,74,86,1.1627906976744187,0.046374627232631714,675,You're not going to do anything?
3260,3325,0,14,72,86,1.1627906976744187,0.040042607663968714,675,This is what happens if you root through the garbage.
3293,3325,1,12,73,86,1.1627906976744187,0.04332445313847639,675,"Just howl with him, you do it every night."
3299,3325,0,14,72,86,1.1627906976744187,0.040042607663968714,675,"I don't care if you used 23 and me,this is NOT your eligitiment brother!!!"
3144,3325,2,10,74,86,1.1627906976744187,0.046374627232631714,675,"On the bright side, I bet his butt smells out of this world..."
2861,3325,0,14,72,86,1.1627906976744187,0.040042607663968714,675,I think he understands you better.
2472,3325,0,14,72,86,1.1627906976744187,0.040042607663968714,675,Of course his bark is worse than his bite.
2784,3325,2,10,74,86,1.1627906976744187,0.046374627232631714,675,"Before you, I had an emotional support demon."
3335,3325,1,12,73,86,1.1627906976744187,0.04332445313847639,675,..you still want me to fetch ?
2340,3325,1,12,73,86,1.1627906976744187,0.04332445313847639,675,Don't ask. You never asked why your name is Spot!
2373,3325,2,10,74,86,1.1627906976744187,0.046374627232631714,675,"""Think carefully Barney if you want to be like him opportunities like this come along once in a full moon."
2392,3325,1,12,73,86,1.1627906976744187,0.04332445313847639,675,Don't poop.
2405,3325,1,12,73,86,1.1627906976744187,0.04332445313847639,675,"Toto, I don't think we're in Kansas anymore."
2440,3325,2,10,74,86,1.1627906976744187,0.046374627232631714,675,He knows the safe word.
2457,3325,0,14,72,86,1.1627906976744187,0.040042607663968714,675,"Right, he had a mustache, then he was orange, but it’s the same old crap.””"
2796,3325,1,12,73,86,1.1627906976744187,0.04332445313847639,675,"That's not a squirrel, Dad."
2489,3325,1,12,73,86,1.1627906976744187,0.04332445313847639,675,Come on you always hesitate when we get to the vet.
2562,3325,0,14,72,86,1.1627906976744187,0.040042607663968714,675,"Trust me,  bipedal isn’t all that it’s cracked up to be."
2670,3325,1,12,73,86,1.1627906976744187,0.04332445313847639,675,"Don't worry Fido, it's just your great grandfather out for a stroll."
2674,3325,1,12,73,86,1.1627906976744187,0.04332445313847639,675,"Good thing I named you Chupacabra. Sic im, I say!"
2685,3325,1,12,73,86,1.1627906976744187,0.04332445313847639,675,They really do become monsters at this time of the month
2703,3325,1,12,73,86,1.1627906976744187,0.04332445313847639,675,"What the hell did you eat yesterday, Charlie?"
2747,3325,1,12,73,86,1.1627906976744187,0.04332445313847639,675,"It's just a figment of my imagination, Buddy."
2780,3325,2,10,74,86,1.1627906976744187,0.046374627232631714,675,"See, I told you those home DNA kits aren't reliable."
2521,3325,1,12,73,86,1.1627906976744187,0.04332445313847639,675,"Ugh, doesn’t anyone know about the leash laws in this state?"
3348,3325,1,12,73,86,1.1627906976744187,0.04332445313847639,675,"He was once a good boy.
Then he played violent video games. Look well. Learn."
4172,3325,1,12,73,86,1.1627906976744187,0.04332445313847639,675,"What, you ain't got nothin' to say?"
3371,3325,1,12,73,86,1.1627906976744187,0.04332445313847639,675,"Don't worry buddy, you'll get there someday."
4143,3325,1,12,73,86,1.1627906976744187,0.04332445313847639,675,Now would be a good time to put on your watchdog persona.
2284,3325,1,12,73,86,1.1627906976744187,0.04332445313847639,675,It's your great grandfather.  Show some respect
4176,3325,0,14,72,86,1.1627906976744187,0.040042607663968714,675,Shall I change your dog food?
4199,3325,2,10,74,86,1.1627906976744187,0.046374627232631714,675,"Well, this wouldn’t have happened if Bill would just buy a leash."
4251,3325,3,8,75,86,1.1627906976744187,0.04923620479061173,675,"There there, that blood curdling cackle is just his way of saying hello!”"
4283,3325,1,12,73,86,1.1627906976744187,0.04332445313847639,675,"OK, if we take him home you have to feed him, walk him and clean up after him."
4295,3325,0,14,72,86,1.1627906976744187,0.040042607663968714,675,The one time I leave my crossbow at home.
4139,3325,1,12,73,86,1.1627906976744187,0.04332445313847639,675,Man’s Best Friend”? Are you are saying you sold us out for Alpo
4299,3325,1,12,73,86,1.1627906976744187,0.04332445313847639,675,All cats appear as monsters to puppies
4432,3325,0,14,72,86,1.1627906976744187,0.040042607663968714,675,He thinks that's his father.
4493,3325,2,10,74,86,1.1627906976744187,0.046374627232631714,675,"Well, maybe next time you'll remember to mark your spot."
4505,3325,2,10,74,86,1.1627906976744187,0.046374627232631714,675,"He's his own Good Boy, I suppose."
4600,3325,3,8,75,86,1.1627906976744187,0.04923620479061173,675,I told you to stop digging for bones in the family plot
4620,3325,2,10,74,86,1.1627906976744187,0.046374627232631714,675,"Good Boy, say hello to Bad Boy. He'll be staying in our back yard."
285,3325,0,14,72,86,1.1627906976744187,0.040042607663968714,675,Don't feel embarrassed. Everyone has a family member like that somewhere.
2176,3325,2,10,74,86,1.1627906976744187,0.046374627232631714,675,This whole time I thought I was cleaning up after you.
4388,3325,2,10,74,86,1.1627906976744187,0.046374627232631714,675,Is the leash law beginning to make sense to you?
3364,3325,1,12,73,86,1.1627906976744187,0.04332445313847639,675,Do you really put that much faith in OK Cupid?
4111,3325,2,10,74,86,1.1627906976744187,0.046374627232631714,675,If only you were really a service dog...
4058,3325,3,8,75,86,1.1627906976744187,0.04923620479061173,675,"Spot, these playdates are getting out of hand."
3386,3325,0,14,72,86,1.1627906976744187,0.040042607663968714,675,His growl is worse than his bite.
3499,3325,1,12,73,86,1.1627906976744187,0.04332445313847639,675,This time we better stay off the grass.
3521,3325,1,12,73,86,1.1627906976744187,0.04332445313847639,675,"You’re only 128th werewolf, Buttercup"
3541,3325,1,12,73,86,1.1627906976744187,0.04332445313847639,675,"See, this is why we don't bite."
3554,3325,3,8,75,86,1.1627906976744187,0.04923620479061173,675,"Tale as old as time, Song as old as rhyme, Beauty and the beast.."
3652,3325,0,14,72,86,1.1627906976744187,0.040042607663968714,675,"No, he is not the dog Golem"
3658,3325,0,14,72,86,1.1627906976744187,0.040042607663968714,675,You were going to see a man about a dog?
4089,3325,2,10,74,86,1.1627906976744187,0.046374627232631714,675,I think he’s just after your dinner. Wha’d you say ?
3798,3325,0,14,72,86,1.1627906976744187,0.040042607663968714,675,"Okay, okay, I'll take out the trash."
3843,3325,0,14,72,86,1.1627906976744187,0.040042607663968714,675,I think we can get by him
3885,3325,0,14,72,86,1.1627906976744187,0.040042607663968714,675,I knew we shouldn’t have taken him off those tranquilizers
4006,3325,2,10,74,86,1.1627906976744187,0.046374627232631714,675,"He's out here every full moon, singing 'Tiptoe Through the Tulips'  until dawn."
4015,3325,0,14,72,86,1.1627906976744187,0.040042607663968714,675,"Go on, take a piss. We haven't got all night."
4033,3325,2,10,74,86,1.1627906976744187,0.046374627232631714,675,Animatronics don't do it for you either?
4036,3325,0,14,72,86,1.1627906976744187,0.040042607663968714,675,Quick! Go pee on his leg!
4048,3325,3,8,75,86,1.1627906976744187,0.04923620479061173,675,Can you tell him 'down boy' in Dog?
3839,3325,1,12,73,86,1.1627906976744187,0.04332445313847639,675,The off-leash park is across the street.
2244,3325,1,12,73,86,1.1627906976744187,0.04332445313847639,675,"Meet your new partner, “Beauty.”"
2964,3325,0,14,72,86,1.1627906976744187,0.040042607663968714,675,Go for it.  We’ll just keep the runt.
2141,3325,0,14,72,86,1.1627906976744187,0.040042607663968714,675,"See, I told you we have a common ancestor."
405,3325,0,14,72,86,1.1627906976744187,0.040042607663968714,675,At least someone here passed the off-leash portion of obedience school.
415,3325,1,12,73,86,1.1627906976744187,0.04332445313847639,675,Or you could get your rabies shot.
489,3325,2,10,74,86,1.1627906976744187,0.046374627232631714,675,Just focus on your invincible core beingness.
497,3325,1,12,73,86,1.1627906976744187,0.04332445313847639,675,I won't judge you.
559,3325,0,14,72,86,1.1627906976744187,0.040042607663968714,675,At least he’s potty trained
588,3325,1,12,73,86,1.1627906976744187,0.04332445313847639,675,I told her it was a mistake to name you Sasquatch!
679,3325,0,14,72,86,1.1627906976744187,0.040042607663968714,675,I told you to stop pooping on his lawn.
695,3325,2,10,74,86,1.1627906976744187,0.046374627232631714,675,"He says, ""Take me to your fire plug."""
702,3325,2,10,74,86,1.1627906976744187,0.046374627232631714,675,Now you should be barking.
730,3325,1,12,73,86,1.1627906976744187,0.04332445313847639,675,This is what apathy brings us!
747,3325,3,8,75,86,1.1627906976744187,0.04923620479061173,675,"I know what you think you see, but it’s just the mailman. Relax."
764,3325,1,12,73,86,1.1627906976744187,0.04332445313847639,675,"Don't just stand there, you're supposed to be an attack dog, at least think of him as a mailman!"
812,3325,0,14,72,86,1.1627906976744187,0.040042607663968714,675,Told you not to eat that poop. Now you’re hallucinating.
827,3325,3,8,75,86,1.1627906976744187,0.04923620479061173,675,"Don't worry, Buddy, he won't hurt you.  Professional courtesy.  Your ancestors were once wolves, too."
851,3325,1,12,73,86,1.1627906976744187,0.04332445313847639,675,"I'm officially second guessing your call on those mushrooms, Henry."
381,3325,2,10,74,86,1.1627906976744187,0.046374627232631714,675,"Obedience 101, the devil's in the detail."
361,3325,1,12,73,86,1.1627906976744187,0.04332445313847639,675,"Please don't pet me, I'm working."
344,3325,2,10,74,86,1.1627906976744187,0.046374627232631714,675,I see your point about the leash.
328,3325,3,8,75,86,1.1627906976744187,0.04923620479061173,675,Just what I need another wolfman looking for a blowjob.
2163,3325,1,12,73,86,1.1627906976744187,0.04332445313847639,675,Hurry up! I gave to go too!
5,3325,0,14,72,86,1.1627906976744187,0.040042607663968714,675,"Why, yes, I suppose there's a genetic connection, but I wouldn't push it."
40,3325,2,10,74,86,1.1627906976744187,0.046374627232631714,675,Well. Looks like we’re both “good boys” now.
44,3325,1,12,73,86,1.1627906976744187,0.04332445313847639,675,"No, Rover, I’m NOT going to ask him if he’s toilet-trained."
49,3325,3,8,75,86,1.1627906976744187,0.04923620479061173,675,Don’t get any delusions of grandeur.
77,3325,1,12,73,86,1.1627906976744187,0.04332445313847639,675,If you will insist on the road less traveled.
89,3325,2,10,74,86,1.1627906976744187,0.046374627232631714,675,"I said, 'Sic' em!' What part of that don't you understand?"
869,3325,2,10,74,86,1.1627906976744187,0.046374627232631714,675,Well- say something!
108,3325,0,14,72,86,1.1627906976744187,0.040042607663968714,675,That's it!! No more midnight treats for you.
169,3325,2,10,74,86,1.1627906976744187,0.046374627232631714,675,"Okay, okay, now I see why he's your ex."
176,3325,1,12,73,86,1.1627906976744187,0.04332445313847639,675,Did you conjure your ancestors again?
190,3325,1,12,73,86,1.1627906976744187,0.04332445313847639,675,"Come on, this IS an off-leash area"
205,3325,1,12,73,86,1.1627906976744187,0.04332445313847639,675,"Woofers, it's time you met your dad, Hellhound."
268,3325,1,12,73,86,1.1627906976744187,0.04332445313847639,675,It's his time of the month.
306,3325,1,12,73,86,1.1627906976744187,0.04332445313847639,675,"For god's sake, Cosmo, don't bark."
310,3325,1,12,73,86,1.1627906976744187,0.04332445313847639,675,"No, you cannot go eat butter, with your brother."
146,3325,3,8,75,86,1.1627906976744187,0.04923620479061173,675,I'm thinking you probably shouldn't have marked that last tree.
915,3325,1,12,73,86,1.1627906976744187,0.04332445313847639,675,Did you conjure this thing or did I?
308,3325,1,12,73,86,1.1627906976744187,0.04332445313847639,675,It's a chupacabra. I suggest you forego your goat impersonation.
987,3325,0,14,72,86,1.1627906976744187,0.040042607663968714,675,"Did 'Health Benefits of Dog Walking' 
footnote encounters with werewolves?"
1616,3325,2,10,74,86,1.1627906976744187,0.046374627232631714,675,It's just a werewoof  Remus___
1633,3325,3,8,75,86,1.1627906976744187,0.04923620479061173,675,Back to Halloween advertising is earlier than ever.
1664,3325,1,12,73,86,1.1627906976744187,0.04332445313847639,675,Do you have someone to pick up after you too?
1673,3325,0,14,72,86,1.1627906976744187,0.040042607663968714,675,"So, are going to sniff his butt or not?"
1727,3325,0,14,72,86,1.1627906976744187,0.040042607663968714,675,That is what happens to little dogs that don't behave.
1738,3325,1,12,73,86,1.1627906976744187,0.04332445313847639,675,"Okay Boris, you've got to remember this is NOT a fire hydrant."
1835,3325,2,10,74,86,1.1627906976744187,0.046374627232631714,675,Curb it or point him to the men's room?
1911,3325,1,12,73,86,1.1627906976744187,0.04332445313847639,675,This is what happens when you hump the furniture.
1989,3325,2,10,74,86,1.1627906976744187,0.046374627232631714,675,He looks like the wreck of the Hesperus...
2022,3325,1,12,73,86,1.1627906976744187,0.04332445313847639,675,Don't be afraid.  He's actually friendly.
2051,3325,2,10,74,86,1.1627906976744187,0.046374627232631714,675,I thought the movie version was much scarier.
2072,3325,1,12,73,86,1.1627906976744187,0.04332445313847639,675,These hallucinogens are intense.
2112,3325,3,8,75,86,1.1627906976744187,0.04923620479061173,675,"Time to man up, Max."
956,3325,3,8,75,86,1.1627906976744187,0.04923620479061173,675,"See, there is nothing scary here at all. Now stop all the barking and carrying on like you know something I don’t."
2128,3325,2,10,74,86,1.1627906976744187,0.046374627232631714,675,So you dragged me all the way here just to say hi to Fifi?
1609,3325,1,12,73,86,1.1627906976744187,0.04332445313847639,675,"Now I know why they say “Adopt, don’t shop.”"
1604,3325,2,10,74,86,1.1627906976744187,0.046374627232631714,675,You deal with him. He's your crazy uncle.
1808,3325,0,14,72,86,1.1627906976744187,0.040042607663968714,675,.....and you thought your twin wasn't a werewolf
1513,3325,0,14,72,86,1.1627906976744187,0.040042607663968714,675,I knew I should have brought my fiddle.
1001,3325,2,10,74,86,1.1627906976744187,0.046374627232631714,675,"Well, he IS offering you the deal of a lifetime."
1528,3325,1,12,73,86,1.1627906976744187,0.04332445313847639,675,"Buck, your aloofness is really starting to bother me."
1015,3325,0,14,72,86,1.1627906976744187,0.040042607663968714,675,Well say something. Your from the same gene pool.
1121,3325,3,8,75,86,1.1627906976744187,0.04923620479061173,675,Sparky I told you this would happen if you didn't layoff of my Jack Daniels.
1132,3325,1,12,73,86,1.1627906976744187,0.04332445313847639,675,Sometimes your sister turns into a horrible bitch!
1220,3325,1,12,73,86,1.1627906976744187,0.04332445313847639,675,Glad you’re wearing your deer tick medication.
1268,3325,3,8,75,86,1.1627906976744187,0.04923620479061173,675,I think I'm losing interest in e-mail.
1330,3325,3,8,75,86,1.1627906976744187,0.04923620479061173,675,I already told you - my name is not Johnny and I do NOT play the fiddle!
1139,3325,2,10,74,86,1.1627906976744187,0.046374627232631714,675,"So...this is the ""farm"" we told the kids you were going to."
1331,3325,1,12,73,86,1.1627906976744187,0.04332445313847639,675,Not sure if he speaks your language or mine.
1484,3325,3,8,75,86,1.1627906976744187,0.04923620479061173,675,"Hey babe, I'm not sure Tinkles is up for this."""
1470,3325,2,10,74,86,1.1627906976744187,0.046374627232631714,675,Selective breeding really did a number on you...
1459,3325,2,10,74,86,1.1627906976744187,0.046374627232631714,675,"Just don't look him in the eyes, maybe he'll just go away."
998,3325,3,8,75,86,1.1627906976744187,0.04923620479061173,675,I told you not to pee on that rock!
1407,3325,0,14,72,86,1.1627906976744187,0.040042607663968714,675,Don't stare. It just wants attention.
1354,3325,1,12,73,86,1.1627906976744187,0.04332445313847639,675,Are you going to introduce me to your friend?
1412,3325,1,12,73,86,1.1627906976744187,0.04332445313847639,675,"Don't be rude, Mikey. Say hello."
3095,3479,1,12,74,87,1.160919540229885,0.04286443578566523,675,"Sic 'em, Farnsworth!"
2900,3479,2,10,75,87,1.160919540229885,0.04587666140408817,675,See that's what happens to dogs that don't go pee-pee outside.
2874,3479,2,10,75,87,1.160919540229885,0.04587666140408817,675,"See, if you eat your liver treats you can grow up to be like your Uncle Edward."
2790,3479,0,14,73,87,1.160919540229885,0.039623877256794074,675,"Nice knowing you, McBarker."
2955,3479,3,8,76,87,1.160919540229885,0.048702939007284646,675,He is more related to you than to me.
3056,3479,2,10,75,87,1.160919540229885,0.04587666140408817,675,Dinner for two
3066,3479,2,10,75,87,1.160919540229885,0.04587666140408817,675,This is your biological father.
3076,3479,3,8,76,87,1.160919540229885,0.048702939007284646,675,Him or me? Sorry muffin...
2939,3479,0,14,73,87,1.160919540229885,0.039623877256794074,675,"Luke, I am your father........and you are a good boy"
3159,3479,3,8,76,87,1.160919540229885,0.048702939007284646,675,I guess they were having some trouble enforcing the leash law.
3114,3479,2,10,75,87,1.160919540229885,0.04587666140408817,675,"I miss the 'Dog eat dog world', too."
3122,3479,3,8,76,87,1.160919540229885,0.048702939007284646,675,"So what do you say Buddy, shall we take him on?"
3125,3479,2,10,75,87,1.160919540229885,0.04587666140408817,675,"Hello, handsome. You're a good-looking fellow, do you know that? People laugh at you, people hate you, but why do they hate you? Because...they are jealous. Look at that boyish face. Look at that sweet smile. Do you wanna talk about physical stren..."
3128,3479,1,12,74,87,1.160919540229885,0.04286443578566523,675,Really?  You’re not going to protect me from him?
3141,3479,4,6,77,87,1.160919540229885,0.05137396689286534,675,This cartoon makes absolutely no sense.
3206,3479,2,10,75,87,1.160919540229885,0.04587666140408817,675,"Look, Fido, He's got canines just like you."
3308,3479,1,12,74,87,1.160919540229885,0.04286443578566523,675,I thought you said Jonny was in the well
2657,3479,1,12,74,87,1.160919540229885,0.04286443578566523,675,"And ultimately molecules like polyethylene, nylon, and various polymers formed into long chains of high molecular weight. So yes, some of your squeaky rat toys and leashes could be in there."
3391,3479,2,10,75,87,1.160919540229885,0.04587666140408817,675,This is what you get when you insist on going for a walk!
3104,3479,2,10,75,87,1.160919540229885,0.04587666140408817,675,"My Bonky's a mixed pedigree dog, part pointer and part moron."
2633,3479,3,8,76,87,1.160919540229885,0.048702939007284646,675,"Well Max, now I’m really regretting wearing this “Team Edward” hoodie."
4714,3479,2,10,75,87,1.160919540229885,0.04587666140408817,675,How about if you pretend it's the mail carrier?
2523,3479,1,12,74,87,1.160919540229885,0.04286443578566523,675,"You think this is scary, i have to pay taxes!"
3405,3479,2,10,75,87,1.160919540229885,0.04587666140408817,675,"And this, Buddy, is what happened to the last little doggy that peed on my duvet"
4699,3479,1,12,74,87,1.160919540229885,0.04286443578566523,675,I wish you’d consider using the toilet inside”
2189,3479,1,12,74,87,1.160919540229885,0.04286443578566523,675,"Don't worry Fido, I know you will protect me."
2202,3479,3,8,76,87,1.160919540229885,0.048702939007284646,675,Huh . . .
2285,3479,2,10,75,87,1.160919540229885,0.04587666140408817,675,Please don't tell me that he's more afraid of me.
2292,3479,4,6,77,87,1.160919540229885,0.05137396689286534,675,Seriously? THIS is the cousin you wanted to visit?
2302,3479,1,12,74,87,1.160919540229885,0.04286443578566523,675,"I got you for protection, dammit, so protect!"
2305,3479,1,12,74,87,1.160919540229885,0.04286443578566523,675,I am definitely including this in my YELP review...
2330,3479,1,12,74,87,1.160919540229885,0.04286443578566523,675,"See, Rover? This is what happens when you run outside at night."
2580,3479,1,12,74,87,1.160919540229885,0.04286443578566523,675,"Now, no barking! I'm sure he just wants directions."
2352,3479,1,12,74,87,1.160919540229885,0.04286443578566523,675,Are you hallucinating again?
2382,3479,1,12,74,87,1.160919540229885,0.04286443578566523,675,"Don't worry, Fido. Sometimes, there's an oddball ancestor in the geneaological line."
2407,3479,2,10,75,87,1.160919540229885,0.04587666140408817,675,"Don’t worry, it only comes out when there is a full moon over the mews."
2438,3479,1,12,74,87,1.160919540229885,0.04286443578566523,675,This is a golden opportunity to see who can run faster!
2463,3479,3,8,76,87,1.160919540229885,0.048702939007284646,675,Hey Rover do you think you can jump high enough to bite his testicles?
2480,3479,1,12,74,87,1.160919540229885,0.04286443578566523,675,Come on  It's just a little cross-breeding.
2487,3479,1,12,74,87,1.160919540229885,0.04286443578566523,675,And this is what happens when you pee on a pumpkin during the full moon.
2497,3479,1,12,74,87,1.160919540229885,0.04286443578566523,675,You manage this
2507,3479,2,10,75,87,1.160919540229885,0.04587666140408817,675,Don't bark.  He wants to be your friend
2513,3479,2,10,75,87,1.160919540229885,0.04587666140408817,675,Let’s hope he’s vegetarian.
2378,3479,2,10,75,87,1.160919540229885,0.04587666140408817,675,I get it. Mommy's the cool one.
3406,3479,2,10,75,87,1.160919540229885,0.04587666140408817,675,"If you swim in this lake, your nails will grow like his and will need to be trimmed every week . Is that what you want?"
4501,3479,2,10,75,87,1.160919540229885,0.04587666140408817,675,"Oh, great! Now the dog won’t go..."
3514,3479,2,10,75,87,1.160919540229885,0.04587666140408817,675,This is where the rubber hits the road mister bark at the postman every single day.
4107,3479,2,10,75,87,1.160919540229885,0.04587666140408817,675,...and your little dog handler too.
4126,3479,1,12,74,87,1.160919540229885,0.04286443578566523,675,"No, I don’t think you should get a little closer for a good sniff."
4129,3479,2,10,75,87,1.160919540229885,0.04587666140408817,675,"Not to worry, Fido. It’s only a cover reject from August 26 issue of The New Yorker."
4159,3479,2,10,75,87,1.160919540229885,0.04587666140408817,675,Tell mommy goodnight. We'll see her again in the morning.
4162,3479,1,12,74,87,1.160919540229885,0.04286443578566523,675,"''Lilliputian, it's time for a conversation or you had better know how to swim!"""
4195,3479,2,10,75,87,1.160919540229885,0.04587666140408817,675,At the shelter they told me you were a guard dog...
4206,3479,1,12,74,87,1.160919540229885,0.04286443578566523,675,"Whatever you do, don't move a paw."
4238,3479,3,8,76,87,1.160919540229885,0.048702939007284646,675,It’s only the influence of a conspiracy theory.
4334,3479,1,12,74,87,1.160919540229885,0.04286443578566523,675,That's what happens when you skip the rabies vaccinations.
4090,3479,2,10,75,87,1.160919540229885,0.04587666140408817,675,"Look at it this way - in the morning you'll still be a dog, and he'll go back to being a frozen pea tester."
4431,3479,1,12,74,87,1.160919540229885,0.04286443578566523,675,A funny thing happened on the way to the forest.
2149,3479,2,10,75,87,1.160919540229885,0.04587666140408817,675,Ignore him! He's just trying to put you down to stand in your place!
4573,3479,1,12,74,87,1.160919540229885,0.04286443578566523,675,"Frodo,this is your chance to bark!"
4587,3479,1,12,74,87,1.160919540229885,0.04286443578566523,675,It's a serpentine outcropping. Crops up all over California. Scary but harmless.
4601,3479,2,10,75,87,1.160919540229885,0.04587666140408817,675,"So Sophie,you can see where you get your green eyes."
4610,3479,1,12,74,87,1.160919540229885,0.04286443578566523,675,"Don't know about you, but I have to go."
4630,3479,2,10,75,87,1.160919540229885,0.04587666140408817,675,"Yes, those kids are telling scary stories by the campfire, why do you ask?"
4649,3479,2,10,75,87,1.160919540229885,0.04587666140408817,675,"Don't bark or show fear, and he will look for someone else to scare."
4661,3479,2,10,75,87,1.160919540229885,0.04587666140408817,675,...and this is how I met your mother.
4689,3479,1,12,74,87,1.160919540229885,0.04286443578566523,675,I told you I didn’t want to use Waze!
4453,3479,1,12,74,87,1.160919540229885,0.04286443578566523,675,That's what happens when you bite your master
3511,3479,3,8,76,87,1.160919540229885,0.048702939007284646,675,"Sparky, I didn't realize that Bob Ross had ever taken drugs!"
4075,3479,2,10,75,87,1.160919540229885,0.04587666140408817,675,Here''s the scene:  I say 'sic'em' and exit stage right.
3998,3479,2,10,75,87,1.160919540229885,0.04587666140408817,675,"This is your mother, Chewy."
3550,3479,2,10,75,87,1.160919540229885,0.04587666140408817,675,You need to be more ware of yourself.
3585,3479,1,12,74,87,1.160919540229885,0.04286443578566523,675,"I already told you, Fluffy.  It will happen like this: You will pee on the carpet again.  I will clean it up and ask you if you want to go for a walk...."
3587,3479,1,12,74,87,1.160919540229885,0.04286443578566523,675,What do you mean you haven't seen Harry Potter and the Prisoner of Azkaban? Everyone's seen Harry Potter and the Prisoner of Azkaban!
3607,3479,1,12,74,87,1.160919540229885,0.04286443578566523,675,"Well, Don't Just Stand There; Do Something"
3609,3479,0,14,73,87,1.160919540229885,0.039623877256794074,675,I think it's the canine half that's cruising.
3626,3479,2,10,75,87,1.160919540229885,0.04587666140408817,675,Little dog to werewolf: My bark is bigger than yours.
3644,3479,3,8,76,87,1.160919540229885,0.048702939007284646,675,"He's your ancestor more than mine....GET  ""IM.  doug hansford, Mitchellville, MD"
3648,3479,2,10,75,87,1.160919540229885,0.04587666140408817,675,"All right, tell the puppies to get out of that trench coat."
3670,3479,2,10,75,87,1.160919540229885,0.04587666140408817,675,Your ancestors swam in the opposite direction in the gene pool.
4061,3479,2,10,75,87,1.160919540229885,0.04587666140408817,675,This is where old cartoon characters come to die.
3727,3479,1,12,74,87,1.160919540229885,0.04286443578566523,675,This is what will happen to you if you keep howling at the moon.
3735,3479,2,10,75,87,1.160919540229885,0.04587666140408817,675,Looks like you’re still unchallenged as man’s best friend.
3759,3479,3,8,76,87,1.160919540229885,0.048702939007284646,675,"Well, it scared the pee out of me."
3788,3479,0,14,73,87,1.160919540229885,0.039623877256794074,675,Stay!  Do not attack the devil.
3803,3479,2,10,75,87,1.160919540229885,0.04587666140408817,675,And *then* you pee on the rock.
3807,3479,2,10,75,87,1.160919540229885,0.04587666140408817,675,I hope he kills us both.
3833,3479,2,10,75,87,1.160919540229885,0.04587666140408817,675,Either me or my dog is a descendant of this beast.
3837,3479,3,8,76,87,1.160919540229885,0.048702939007284646,675,"Sparky, You didn’t eat my ‘shrooms did you?"
3909,3479,2,10,75,87,1.160919540229885,0.04587666140408817,675,This is what happens when you go sniffing rocks.
3973,3479,2,10,75,87,1.160919540229885,0.04587666140408817,675,"Yes, the Beast is slouching towards Bethlehem."
3728,3479,0,14,73,87,1.160919540229885,0.039623877256794074,675,I should’ve never let you be pack leader on these walks.
2126,3479,4,6,77,87,1.160919540229885,0.05137396689286534,675,This is what happens when you go off-leash.
2290,3479,2,10,75,87,1.160919540229885,0.04587666140408817,675,See what happens when you don't want to take your tubby?
2096,3479,2,10,75,87,1.160919540229885,0.04587666140408817,675,"Don't blame me,  you wanted to know from which wolf pack you were genetically connected."
825,3479,1,12,74,87,1.160919540229885,0.04286443578566523,675,Charlie....are you imagining an Ogre again?  No more corn on the cob for you!
836,3479,2,10,75,87,1.160919540229885,0.04587666140408817,675,Seriously? This is your EX!?!
843,3479,0,14,73,87,1.160919540229885,0.039623877256794074,675,"Bubba, attack!"
853,3479,3,8,76,87,1.160919540229885,0.048702939007284646,675,Try wagging your tail. See if he’s Shmoozer Friendly!
861,3479,0,14,73,87,1.160919540229885,0.039623877256794074,675,At least you could bark!
875,3479,2,10,75,87,1.160919540229885,0.04587666140408817,675,See what could happen to you if you don’t go to a good Training School and get a good education?
937,3479,2,10,75,87,1.160919540229885,0.04587666140408817,675,Relax-it’s just your buddy from the dog park.
943,3479,1,12,74,87,1.160919540229885,0.04286443578566523,675,"If this doesn't make it come out, I don't know what will"
957,3479,1,12,74,87,1.160919540229885,0.04286443578566523,675,I didn't expect Mom to do that either.
762,3479,2,10,75,87,1.160919540229885,0.04587666140408817,675,You're supposed to be a truffle dog not a mushroom dog!
971,3479,2,10,75,87,1.160919540229885,0.04587666140408817,675,Now do you see?  That's what happens to bad doggies who get off their leash.
1050,3479,1,12,74,87,1.160919540229885,0.04286443578566523,675,NOW aren’t you glad you’re not Lassie?
1079,3479,1,12,74,87,1.160919540229885,0.04286443578566523,675,"Now Fodo, if you don't obey me, that's who'll get you."
1090,3479,2,10,75,87,1.160919540229885,0.04587666140408817,675,"Okay,so there's your mom. You finally met the bitch. Happy now?"
1094,3479,3,8,76,87,1.160919540229885,0.048702939007284646,675,Guessing she looked better in her profile pic?
1105,3479,2,10,75,87,1.160919540229885,0.04587666140408817,675,You do not wanna sniff my butt right now.
1108,3479,1,12,74,87,1.160919540229885,0.04286443578566523,675,I know what you're thinking but I think it looks more canine than human.
1109,3479,1,12,74,87,1.160919540229885,0.04286443578566523,675,You don't have to outrun him. You just have to outrun me...
1115,3479,2,10,75,87,1.160919540229885,0.04587666140408817,675,Thanks for bringing my dinner.
1116,3479,2,10,75,87,1.160919540229885,0.04587666140408817,675,"Eh, what else ya got?"
1042,3479,2,10,75,87,1.160919540229885,0.04587666140408817,675,"If I hear the words ""Loch Ness Monster one more time I'm going to scream."
1117,3479,1,12,74,87,1.160919540229885,0.04286443578566523,675,"It's sad, but ogres have lost out to humans as to who's more frightening."
710,3479,1,12,74,87,1.160919540229885,0.04286443578566523,675,"How about at least just a 'woof"""
542,3479,1,12,74,87,1.160919540229885,0.04286443578566523,675,This is why you never see my wife at night.
2121,3479,2,10,75,87,1.160919540229885,0.04587666140408817,675,Meet your ancestor.
10,3479,1,12,74,87,1.160919540229885,0.04286443578566523,675,Tell it you’re taken.
24,3479,0,14,73,87,1.160919540229885,0.039623877256794074,675,You’re projecting again
33,3479,2,10,75,87,1.160919540229885,0.04587666140408817,675,It’s JUST a rat brute.
201,3479,3,8,76,87,1.160919540229885,0.048702939007284646,675,"It's climate change, Rover. It'll get us all someday."
231,3479,3,8,76,87,1.160919540229885,0.048702939007284646,675,"Really, Wanda? Really?"
238,3479,1,12,74,87,1.160919540229885,0.04286443578566523,675,"Easy, Boy. It's looks are worse than its intentions."
259,3479,1,12,74,87,1.160919540229885,0.04286443578566523,675,What's really scary is that I forgot to bring a dog poop bag.
270,3479,1,12,74,87,1.160919540229885,0.04286443578566523,675,Well? Bark at him or something.
594,3479,1,12,74,87,1.160919540229885,0.04286443578566523,675,Fetch!
382,3479,2,10,75,87,1.160919540229885,0.04587666140408817,675,"No, that kidney in his hand is not a treat."
409,3479,2,10,75,87,1.160919540229885,0.04587666140408817,675,"So, Fluffy, do you sic 'em or do we run?"
422,3479,2,10,75,87,1.160919540229885,0.04587666140408817,675,Fine. I'll walk the dog again.
463,3479,2,10,75,87,1.160919540229885,0.04587666140408817,675,"Look, you don't have to like it. Just accept that I'm a werewolf fucker."
468,3479,3,8,76,87,1.160919540229885,0.048702939007284646,675,You said it would be a waxing gibbous tonight.
490,3479,1,12,74,87,1.160919540229885,0.04286443578566523,675,Maybe she was just using me to get to you.
505,3479,0,14,73,87,1.160919540229885,0.039623877256794074,675,Good thing we neutered you
523,3479,2,10,75,87,1.160919540229885,0.04587666140408817,675,"Other than Dick Cheney, you actually share more DNA with him than humans."
525,3479,2,10,75,87,1.160919540229885,0.04587666140408817,675,"So this is ""yiffing"", huh?"
533,3479,1,12,74,87,1.160919540229885,0.04286443578566523,675,"Sometimes, emotional support involves barking a bit."
406,3479,1,12,74,87,1.160919540229885,0.04286443578566523,675,Why don’t you play with your new big friend and I’ll meet you back home?”
1118,3479,3,8,76,87,1.160919540229885,0.048702939007284646,675,I get it. 'THERE wolf.' Funny.
665,3479,2,10,75,87,1.160919540229885,0.04587666140408817,675,That's one bad mother ....
1163,3479,2,10,75,87,1.160919540229885,0.04587666140408817,675,"Sure, you hate going. But that's what YOU'D look like if you weren't groomed every month."
1548,3479,1,12,74,87,1.160919540229885,0.04286443578566523,675,Uhmmmmmmmmmmmm.......
1597,3479,4,6,77,87,1.160919540229885,0.05137396689286534,675,I doubt I can outrun it Fido...luckily I can outrun you.
1634,3479,3,8,76,87,1.160919540229885,0.048702939007284646,675,"(Dog to owner) If I am a good boy and do everything you say, will I grow up to be as big as him?"
1639,3479,2,10,75,87,1.160919540229885,0.04587666140408817,675,You can’t make life about the Boogieman
1715,3479,2,10,75,87,1.160919540229885,0.04587666140408817,675,Who’s going to rescue who?
1756,3479,1,12,74,87,1.160919540229885,0.04286443578566523,675,"What, all the video game playing has desensitized you Rex?"
1771,3479,1,12,74,87,1.160919540229885,0.04286443578566523,675,You're staying for dinner... I'll go get help.
1773,3479,2,10,75,87,1.160919540229885,0.04587666140408817,675,You’re embarrassing yourself.
1784,3479,2,10,75,87,1.160919540229885,0.04587666140408817,675,Five “Scooby-Doo” snacks.
1545,3479,2,10,75,87,1.160919540229885,0.04587666140408817,675,You'll never be a very good guard dog.
1790,3479,3,8,76,87,1.160919540229885,0.048702939007284646,675,I'd like you to meet my great great grandfather.
1858,3479,2,10,75,87,1.160919540229885,0.04587666140408817,675,"No, you can't smell his butt."
1866,3479,0,14,73,87,1.160919540229885,0.039623877256794074,675,Where is the wolf? There is the werewolf.
1954,3479,4,6,77,87,1.160919540229885,0.05137396689286534,675,"Nixon, as a boy, with original Checkers."
1975,3479,1,12,74,87,1.160919540229885,0.04286443578566523,675,"Quick Zele, try to howl a lullaby!"
2006,3479,3,8,76,87,1.160919540229885,0.048702939007284646,675,"I have never for one second doubted how much you love me — but if I turn and run away right now, will you stay and hold him off?"
2013,3479,1,12,74,87,1.160919540229885,0.04286443578566523,675,"Relax, it's more afraid of you than you are of it."
2014,3479,2,10,75,87,1.160919540229885,0.04587666140408817,675,"I draw the line at a cockapoo, this is not happening."
2042,3479,4,6,77,87,1.160919540229885,0.05137396689286534,675,You're kind of early even though the stores have the Halloween candy out since July.
1153,3479,4,6,77,87,1.160919540229885,0.05137396689286534,675,Let's see if the Beast devours this giant squash you peed on.
1825,3479,3,8,76,87,1.160919540229885,0.048702939007284646,675,"Would you believe he's the lessor of two evils."""
1524,3479,3,8,76,87,1.160919540229885,0.048702939007284646,675,"You know, my servant here knows a very good barber."
2069,3479,2,10,75,87,1.160919540229885,0.04587666140408817,675,"For God's sake, don't bark!"
1179,3479,2,10,75,87,1.160919540229885,0.04587666140408817,675,"Mmm...they said dogs sight is not that good, I’m wondering what is he looking at"
1183,3479,1,12,74,87,1.160919540229885,0.04286443578566523,675,You're going to be a hot dog!
1219,3479,2,10,75,87,1.160919540229885,0.04587666140408817,675,"Former site of the Statue of Liberty.
Inscription, not pictured, from the NEW New Colossus poem:
""Get the hell out of here""."
1245,3479,3,8,76,87,1.160919540229885,0.048702939007284646,675,And I left my cell phone in the car.
1253,3479,2,10,75,87,1.160919540229885,0.04587666140408817,675,It must be in your imagination.
1297,3479,2,10,75,87,1.160919540229885,0.04587666140408817,675,"Don’t worry, his dog is friendly."
1299,3479,0,14,73,87,1.160919540229885,0.039623877256794074,675,I told you he was a lunatic.
1305,3479,2,10,75,87,1.160919540229885,0.04587666140408817,675,Lets hope he's a vegetarian.
1314,3479,2,10,75,87,1.160919540229885,0.04587666140408817,675,"And that, my friend, is my ex-wife."
1342,3479,2,10,75,87,1.160919540229885,0.04587666140408817,675,Does this scare the shit out of you?
1343,3479,2,10,75,87,1.160919540229885,0.04587666140408817,675,"If I let you off your leash, will you protect me?"
1280,3479,2,10,75,87,1.160919540229885,0.04587666140408817,675,Did you bite the mailman?
1522,3479,0,14,73,87,1.160919540229885,0.039623877256794074,675,I can't believe he is off leash.
1393,3479,2,10,75,87,1.160919540229885,0.04587666140408817,675,See what happens when kids play too many violent video games?
1497,3479,2,10,75,87,1.160919540229885,0.04587666140408817,675,"Don't worry, he's friendly."
1489,3479,1,12,74,87,1.160919540229885,0.04286443578566523,675,Most women have an easier time with menopause.
1507,3479,2,10,75,87,1.160919540229885,0.04587666140408817,675,"So now you forget how to bark. Just pretend it’s our mailman, or the TV, or that cute girl at the park, or the microwave, or the fridge, or that cute girl at the park."
1468,3479,2,10,75,87,1.160919540229885,0.04587666140408817,675,"Stay, Trixie. Stay."
1441,3479,2,10,75,87,1.160919540229885,0.04587666140408817,675,If this was my mom I would have wanted to be adopted too.
1471,3479,2,10,75,87,1.160919540229885,0.04587666140408817,675,"This ain’t nothin’. 
Wait until you corner your first cat!"
4407,3665,2,10,76,88,1.1590909090909092,0.045389190215201616,675,"You know I don’t get along with my inlaws, so let’s keep this under an hour."
134,3665,2,10,76,88,1.1590909090909092,0.045389190215201616,675,And I only brought one clean-up bag.
1788,3665,2,10,76,88,1.1590909090909092,0.045389190215201616,675,"How's many times did you hear me say, ""Judith, don't eat the mushrooms.""?"
1972,3665,0,14,74,88,1.1590909090909092,0.039213678081561475,675,Don't just stand there -- go sniff him!
2812,3665,1,12,75,88,1.1590909090909092,0.04241397845684892,675,I think it's a soul retriever.
4634,3665,4,6,78,88,1.1590909090909092,0.05081972676135885,675,"That Darwin guy said that we have an evolutionary advantage, so hurry up and bark."
1658,3671,1,12,76,89,1.1573033707865168,0.04197279021716926,675,Don't worry.  He's a poor jumper.
2848,3672,2,9,73,84,1.1547619047619047,0.0463654557243119,675,"Hey, I'm not too worried. I don't have to run faster than him, I just need to run faster than you."
2869,3672,2,9,73,84,1.1547619047619047,0.0463654557243119,675,My good friend Beowulf is just behind us by a few minutes.
2889,3672,1,11,72,84,1.1547619047619047,0.04316125289977414,675,"Well, don't blame me. You're the one who wanted to have kids."
2793,3672,2,9,73,84,1.1547619047619047,0.0463654557243119,675,Foxhound? This is no fox.
3129,3672,2,9,73,84,1.1547619047619047,0.0463654557243119,675,"Yes, that's our neighbor.  And he IS kinda ""were-d"""""
3198,3672,1,11,72,84,1.1547619047619047,0.04316125289977414,675,"STAY COOL, HIS BARK IS WORSE THAN HIS BITE!"
2781,3672,3,7,74,84,1.1547619047619047,0.04936210304644639,675,He spent a lot of time on Twitter.
2941,3672,1,11,72,84,1.1547619047619047,0.04316125289977414,675,You always ruin my chances with women.
3259,3672,1,11,72,84,1.1547619047619047,0.04316125289977414,675,Relax...it’s only my avatar.
2895,3672,3,7,74,84,1.1547619047619047,0.04936210304644639,675,See what happens when you don
2296,3672,2,9,73,84,1.1547619047619047,0.0463654557243119,675,You’re a rescue dog! Rescue me!
2692,3672,1,11,72,84,1.1547619047619047,0.04316125289977414,675,And now you
2660,3672,2,9,73,84,1.1547619047619047,0.0463654557243119,675,Say UNBERUFEN! and he'll go back to tweeting.....
2643,3672,2,9,73,84,1.1547619047619047,0.0463654557243119,675,Aww! Can I pet your dog?!
2617,3672,1,11,72,84,1.1547619047619047,0.04316125289977414,675,"Relax, he can't even bark.  He just sings falsetto and he hates it!"
2597,3672,1,11,72,84,1.1547619047619047,0.04316125289977414,675,He’s your dad not mine!
3286,3672,3,7,74,84,1.1547619047619047,0.04936210304644639,675,You ever seen a show called Catfish?...
2484,3672,1,11,72,84,1.1547619047619047,0.04316125289977414,675,"Did mixing the mushrooms with your dog food get you there, Fido?"
2319,3672,1,11,72,84,1.1547619047619047,0.04316125289977414,675,If you bark at him he will disappear in a poof!
2317,3672,2,9,73,84,1.1547619047619047,0.0463654557243119,675,"What are you doing here, we were trying to have a personal conversation."
2306,3672,1,11,72,84,1.1547619047619047,0.04316125289977414,675,"Quit dawdling Sparky, it's just a tree."
2705,3672,1,11,72,84,1.1547619047619047,0.04316125289977414,675,Looks like Karen let Rufus off his lead again.
3309,3672,2,9,73,84,1.1547619047619047,0.0463654557243119,675,This is your mother's new boyfriend I mentikned earlier...
4043,3672,1,11,72,84,1.1547619047619047,0.04316125289977414,675,Lord of the Fleas says sit.  Stay.  Don't pee on the carpet.
3345,3672,1,11,72,84,1.1547619047619047,0.04316125289977414,675,"Good boy, Shadow."
4648,3672,1,11,72,84,1.1547619047619047,0.04316125289977414,675,"So you see him too, Benji?
‘ thought I was losing it there for a second!"
3107,3672,1,11,72,84,1.1547619047619047,0.04316125289977414,675,"Maybe next month, pal."
4658,3672,2,9,73,84,1.1547619047619047,0.0463654557243119,675,You must be my new disservice animal.
4643,3672,2,9,73,84,1.1547619047619047,0.0463654557243119,675,You gotta dial down the edibles.
4508,3672,1,11,72,84,1.1547619047619047,0.04316125289977414,675,I told you not to take that LSD.
4399,3672,3,7,74,84,1.1547619047619047,0.04936210304644639,675,I said “go fetch” not “find Sasquatch!”
4257,3672,2,9,73,84,1.1547619047619047,0.0463654557243119,675,And this is what happens when we don't pick up our own pooh.
4194,3672,2,9,73,84,1.1547619047619047,0.0463654557243119,675,This is not a cat so don't try to chase it!
4131,3672,0,13,71,84,1.1547619047619047,0.03969926975692874,675,This is the new play date I arranged for you. He seems happy to see us.
3314,3672,2,9,73,84,1.1547619047619047,0.0463654557243119,675,Well how do you know? You haven't seen me grow mine out.
4019,3672,1,11,72,84,1.1547619047619047,0.04316125289977414,675,These off-leash hours haven
3967,3672,0,13,71,84,1.1547619047619047,0.03969926975692874,675,"You know, you both came from wolves."
3949,3672,1,11,72,84,1.1547619047619047,0.04316125289977414,675,Don't let those puppy dog eyes fool you.
3924,3672,0,13,71,84,1.1547619047619047,0.03969926975692874,675,Jeremy meet Daphne. I'll leave the engineering to you both.
3844,3672,1,11,72,84,1.1547619047619047,0.04316125289977414,675,"Whadya think, Pooch, should we take in a rescue werewolf?"
3806,3672,1,11,72,84,1.1547619047619047,0.04316125289977414,675,That could be you in five years
3683,3672,2,9,73,84,1.1547619047619047,0.0463654557243119,675,This thing is getting on my nerves.  This is the 11th dog I've adopted this year!
3676,3672,3,7,74,84,1.1547619047619047,0.04936210304644639,675,I do dread the Mrs. during a full moon.
3512,3672,2,9,73,84,1.1547619047619047,0.0463654557243119,675,...I did forget to turn kitchen sink off
3477,3672,2,9,73,84,1.1547619047619047,0.0463654557243119,675,"Give him your loudest ""Go Back From Where You Came From"" bark!"
4000,3672,1,11,72,84,1.1547619047619047,0.04316125289977414,675,"The resemblance to Farinelli is undeniable, but his falsetto is shaky at best."
2249,3672,2,9,73,84,1.1547619047619047,0.0463654557243119,675,Don't worry.  He only eats poodles.
3192,3672,1,11,72,84,1.1547619047619047,0.04316125289977414,675,No worries. Remember what Malcolm Gladwell said about Goliath.
2180,3672,2,9,73,84,1.1547619047619047,0.0463654557243119,675,I'm glad I don't have to pick up his poop.
969,3672,0,13,71,84,1.1547619047619047,0.03969926975692874,675,No!  You cannot cross-pollinate with that monster.  Sorry.
968,3672,1,11,72,84,1.1547619047619047,0.04316125289977414,675,"Then again, maybe he's your SECOND cousin."
949,3672,0,13,71,84,1.1547619047619047,0.03969926975692874,675,Couldn't we have stuck to decomposing porcupines?
917,3672,2,9,73,84,1.1547619047619047,0.0463654557243119,675,Fido began to suspect the Werewolf of London hadn’t invited them to the moors for tea.
858,3672,2,9,73,84,1.1547619047619047,0.0463654557243119,675,"Don’t worry about it Rex. This is my dream, and your in it too."
768,3672,2,9,73,84,1.1547619047619047,0.0463654557243119,675,He's a pointer not a fetcher.
705,3672,0,13,71,84,1.1547619047619047,0.03969926975692874,675,"No, you won’t grow up to look like that!"
685,3672,3,7,74,84,1.1547619047619047,0.04936210304644639,675,Recessions can take many different forms. The trick is not to show you're scared.
1020,3672,1,11,72,84,1.1547619047619047,0.04316125289977414,675,"Wait, and he'll evolve.  Like you."
631,3672,0,13,71,84,1.1547619047619047,0.03969926975692874,675,"If he likes dog, I'm afraid this is where we part ways, Fido."
364,3672,2,9,73,84,1.1547619047619047,0.0463654557243119,675,Kudlow says he's not there either.
301,3672,0,13,71,84,1.1547619047619047,0.03969926975692874,675,"Your new owner, Toto!"""
273,3672,1,11,72,84,1.1547619047619047,0.04316125289977414,675,"He made that rug, and he knows everything that happens to it."
246,3672,1,11,72,84,1.1547619047619047,0.04316125289977414,675,"What's so interesting about that rock, Stubby?"
232,3672,1,11,72,84,1.1547619047619047,0.04316125289977414,675,God I wish I had a real dog
223,3672,0,13,71,84,1.1547619047619047,0.03969926975692874,675,"Rusty, it's time you knew that I'm not you're real father"
126,3672,0,13,71,84,1.1547619047619047,0.03969926975692874,675,That’s it.  I’m switching to decaf.
74,3672,1,11,72,84,1.1547619047619047,0.04316125289977414,675,Remember the email? They've recently hired some new staff.
621,3672,2,9,73,84,1.1547619047619047,0.0463654557243119,675,I am NOT picking that up!
1034,3672,1,11,72,84,1.1547619047619047,0.04316125289977414,675,"He's your cousin, Bonzo... go sniff his butt."
1000,3672,1,11,72,84,1.1547619047619047,0.04316125289977414,675,"Come on now, you remember the Blodgetts, those retired circus folk up the road.  Well, this is their all-grown-up little Orville."
1763,3672,2,9,73,84,1.1547619047619047,0.0463654557243119,675,So much for going to the off-leash park.
2160,3672,1,11,72,84,1.1547619047619047,0.04316125289977414,675,"Oh great, a London, Brexit, Lon Chaney Emigrant"
2136,3672,1,11,72,84,1.1547619047619047,0.04316125289977414,675,"come on human, just another rat"
1910,3672,2,9,73,84,1.1547619047619047,0.0463654557243119,675,May the force be with you.
1892,3672,0,13,71,84,1.1547619047619047,0.03969926975692874,675,He seems really happy to see you. :(
1862,3672,2,9,73,84,1.1547619047619047,0.0463654557243119,675,"Fido decided that, much to his owner’s irritation, from now on he would be shopping at PetStrong."
1838,3672,1,11,72,84,1.1547619047619047,0.04316125289977414,675,Way to be the alpha.
1831,3672,1,11,72,84,1.1547619047619047,0.04316125289977414,675,"I thought it might help you ""go"" a bit quicker."
1827,3672,2,9,73,84,1.1547619047619047,0.0463654557243119,675,"No, you rescued ME, remember?"
1074,3672,0,13,71,84,1.1547619047619047,0.03969926975692874,675,"I told you there aren't any wolves out here, just this lycanthrope."
1750,3672,3,7,74,84,1.1547619047619047,0.04936210304644639,675,Don't get any ideas
2196,3672,2,9,73,84,1.1547619047619047,0.0463654557243119,675,I brought you here as a warning: This is what you'll become if you don't stop that indiscriminate howling at the moon.
1669,3672,0,13,71,84,1.1547619047619047,0.03969926975692874,675,"And this is your great-uncle, Fido."
1556,3672,2,9,73,84,1.1547619047619047,0.0463654557243119,675,He's here to welcome you over the rainbow bridge.
1488,3672,0,13,71,84,1.1547619047619047,0.03969926975692874,675,"Don’t worry, it’s just a Banksy mural."
1293,3672,0,13,71,84,1.1547619047619047,0.03969926975692874,675,"Fido, they are obviously a type A personality."
1243,3672,2,9,73,84,1.1547619047619047,0.0463654557243119,675,He's right you know...
1234,3672,3,7,74,84,1.1547619047619047,0.04936210304644639,675,Mama howl at moon
1232,3672,0,13,71,84,1.1547619047619047,0.03969926975692874,675,"If this does scare the crap out of you, we are going home"
1737,3672,1,11,72,84,1.1547619047619047,0.04316125289977414,675,"Yes, we could have called, but see how happy your mother is when we come to visit on her birthday?"
2289,3762,3,7,75,85,1.1529411764705881,0.048811884811622214,675,"He's warning you, don't lift your leg within 100 feet of his lake"
1536,3762,3,7,75,85,1.1529411764705881,0.048811884811622214,675,"""This is what happens to you when you don't respond to 'Down boy!'"""
476,3762,2,9,74,85,1.1529411764705881,0.04585289580871799,675,Your not even going to Bark?
1210,3762,3,7,75,85,1.1529411764705881,0.048811884811622214,675,"Oh great. It’s the destroyer and devourer of my human kind""."
4611,3762,3,7,75,85,1.1529411764705881,0.048811884811622214,675,"Oh I get it. ""Another Sasquatch sighting."""
467,3762,3,7,75,85,1.1529411764705881,0.048811884811622214,675,Your mother is much nicer.
4482,3768,1,10,68,79,1.1518987341772151,0.04445423524410439,675,This is how I was trained.
3963,3769,2,9,76,87,1.1494252873563218,0.04486081606493881,675,Don’t just stand there. Chase this cat away.
400,3769,1,11,75,87,1.1494252873563218,0.04177540678018991,675,"Typical, now that you've caught yourself a Wendigo you don't even know what to do with it."
1552,3769,2,9,76,87,1.1494252873563218,0.04486081606493881,675,A little late for the spore print Honey.
3030,3769,1,11,75,87,1.1494252873563218,0.04177540678018991,675,Go play.
3527,3773,1,10,70,81,1.1481481481481481,0.043429775553920656,675,"Don't go getting any ideas, now."
3507,3773,2,8,71,81,1.1481481481481481,0.046848557928420444,675,See.  When the neighbors call you the ‘Hound from Hell’ they were using hyperbole.
3454,3773,2,8,71,81,1.1481481481481481,0.046848557928420444,675,These Twilight fans are getting out of hand.
3414,3773,2,8,71,81,1.1481481481481481,0.046848557928420444,675,"""Still want to howl at the moon?"""
3408,3773,0,12,69,81,1.1481481481481481,0.03971779738801338,675,Bowser....sick em!
3370,3773,2,8,71,81,1.1481481481481481,0.046848557928420444,675,"Sik it, now!"
3356,3773,2,8,71,81,1.1481481481481481,0.046848557928420444,675,"It’s OK, Toby. He only eats cats."
3353,3773,1,10,70,81,1.1481481481481481,0.043429775553920656,675,He’s only trying to appeal to his base.
3346,3773,0,12,69,81,1.1481481481481481,0.03971779738801338,675,"Aaaghhh, Did you pee on that?! Did you JUST pee on that??"
3228,3773,1,10,70,81,1.1481481481481481,0.043429775553920656,675,You really don't want to be around Larry Talbot when he's like this.
3077,3773,1,10,70,81,1.1481481481481481,0.043429775553920656,675,This sis Steve Martin. He's been helping out.
2904,3773,1,10,70,81,1.1481481481481481,0.043429775553920656,675,"I need a restroom, QUICK!"
2736,3773,0,12,69,81,1.1481481481481481,0.03971779738801338,675,Are you sure you're related?
2506,3773,0,12,69,81,1.1481481481481481,0.03971779738801338,675,"Here you go, buddy. He's the farmer from that special farm I've told you and the kids about."
2458,3773,2,8,71,81,1.1481481481481481,0.046848557928420444,675,"His time of  the month, I’m thinking."
2372,3773,0,12,69,81,1.1481481481481481,0.03971779738801338,675,This is what happens when you howl at the moon.
2370,3773,1,10,70,81,1.1481481481481481,0.043429775553920656,675,Dog on it.
2270,3773,1,10,70,81,1.1481481481481481,0.043429775553920656,675,"Get him, Lemondrop!"
3235,3773,1,10,70,81,1.1481481481481481,0.043429775553920656,675,I knew I should’ve had you spaded yesterday !
3628,3773,1,10,70,81,1.1481481481481481,0.043429775553920656,675,".. haven't you seen a woolf before?... we better run,now comes the worst part!"
3774,3773,2,8,71,81,1.1481481481481481,0.046848557928420444,675,I would advise against marking your territory.
3829,3773,1,10,70,81,1.1481481481481481,0.043429775553920656,675,See what happens when you won’t take your medicine
4666,3773,0,12,69,81,1.1481481481481481,0.03971779738801338,675,"This is what we trained for Snowflake. Bite his nose as hard as you can, and I'll run for help."
4685,3773,1,10,70,81,1.1481481481481481,0.043429775553920656,675,He's more your relative than mine.
4724,3773,2,8,71,81,1.1481481481481481,0.046848557928420444,675,"Show me, who can howl better than me."
4627,3773,2,8,71,81,1.1481481481481481,0.046848557928420444,675,"Somehow, I don't think a belly rub and a 'good boy' are going to do it."
4557,3773,3,6,72,81,1.1481481481481481,0.0500342818003937,675,He doesn't want to shake your paw.
4373,3773,2,8,71,81,1.1481481481481481,0.046848557928420444,675,"That there is your older brother, make sure you don't turn out like him."
4347,3773,0,12,69,81,1.1481481481481481,0.03971779738801338,675,"Try barking, its not just just your fantasy image of me."
4340,3773,1,10,70,81,1.1481481481481481,0.043429775553920656,675,OK.  Fine.  I admit now that Peter is more of a dog person.
3654,3773,1,10,70,81,1.1481481481481481,0.043429775553920656,675,What do you smell?
4267,3773,1,10,70,81,1.1481481481481481,0.043429775553920656,675,Snack Pack !  Yummy !
4191,3773,0,12,69,81,1.1481481481481481,0.03971779738801338,675,"Monster: ‘Curb’ that disgusting beast!
Dog: Hold one-minute there!...I brought Greg all the way here to take a vacation from curbs."
4178,3773,1,10,70,81,1.1481481481481481,0.043429775553920656,675,"Well, you're sensitive about your territory, aren't you?"
4083,3773,1,10,70,81,1.1481481481481481,0.043429775553920656,675,And that's why you shouldn't pee on the carpet.
4078,3773,1,10,70,81,1.1481481481481481,0.043429775553920656,675,Man's Best Decoy!
4046,3773,3,6,72,81,1.1481481481481481,0.0500342818003937,675,"If this were Loch Ness, I would be a believer"""
4020,3773,0,12,69,81,1.1481481481481481,0.03971779738801338,675,Figment of my imagination? That's what you said last time.
4005,3773,2,8,71,81,1.1481481481481481,0.046848557928420444,675,Still enjoying these midnight potty breaks?
3871,3773,2,8,71,81,1.1481481481481481,0.046848557928420444,675,"Ok, I found a new one. Throw him the ball!"
4239,3773,1,10,70,81,1.1481481481481481,0.043429775553920656,675,"See, it's nothing to worry about. Just Mother 's time of the month."
2269,3773,1,10,70,81,1.1481481481481481,0.043429775553920656,675,Can your dog go swimming with me?
2012,3773,1,10,70,81,1.1481481481481481,0.043429775553920656,675,"And, if you don't eat your Kibbles, you'll look just like that when you grow up!"
2019,3773,1,10,70,81,1.1481481481481481,0.043429775553920656,675,"That´s you in the future, if you still eating human food."
923,3773,0,12,69,81,1.1481481481481481,0.03971779738801338,675,Too much product ?
811,3773,1,10,70,81,1.1481481481481481,0.043429775553920656,675,You better not bark or you will scare him.
755,3773,1,10,70,81,1.1481481481481481,0.043429775553920656,675,"I think he last appeared in ""American Graffiti."""
708,3773,2,8,71,81,1.1481481481481481,0.046848557928420444,675,"Well, here's the opportunity you wanted. Protect the family."
681,3773,3,6,72,81,1.1481481481481481,0.0500342818003937,675,"Stay, while I go and get you a treat."
610,3773,1,10,70,81,1.1481481481481481,0.043429775553920656,675,"This is what happens to developers when they watch too much Fox News.  Don't tell me I didn't warn you,Sparky."
574,3773,2,8,71,81,1.1481481481481481,0.046848557928420444,675,"You just HAD to go walkies, didn't you?"
516,3773,1,10,70,81,1.1481481481481481,0.043429775553920656,675,I'm sorry you stepped in it.  I should've brought more bags.
439,3773,1,10,70,81,1.1481481481481481,0.043429775553920656,675,"That's why you shouldn't do drugs, Buddy."
369,3773,1,10,70,81,1.1481481481481481,0.043429775553920656,675,Why aren't you barking Yoda? Does that mean its NOT a satanic wolf monster?
335,3773,2,8,71,81,1.1481481481481481,0.046848557928420444,675,Are you peeing because you’re marking your territory?
291,3773,1,10,70,81,1.1481481481481481,0.043429775553920656,675,Shake?!
160,3773,1,10,70,81,1.1481481481481481,0.043429775553920656,675,"Rover. if this doesn't move your bowels, nothing will!"
132,3773,0,12,69,81,1.1481481481481481,0.03971779738801338,675,Is this the woof you've been telling me about?
115,3773,2,8,71,81,1.1481481481481481,0.046848557928420444,675,Wolf? Where?
105,3773,0,12,69,81,1.1481481481481481,0.03971779738801338,675,"You bark at my gym bag, but not that thing?"
2028,3773,1,10,70,81,1.1481481481481481,0.043429775553920656,675,Abominable sweatman
997,3773,1,10,70,81,1.1481481481481481,0.043429775553920656,675,"Don't listen to him, boy. He was a bad dog, trained that's good."
1017,3773,1,10,70,81,1.1481481481481481,0.043429775553920656,675,Sic! Sic! Sic!  What are you waiting for?
1028,3773,0,12,69,81,1.1481481481481481,0.03971779738801338,675,Don’t be concerned; he’s not a ‘cat person’ .
1052,3773,4,4,73,81,1.1481481481481481,0.05302896690102354,675,You should probably go around me. I'm terrified of dogs.
1933,3773,1,10,70,81,1.1481481481481481,0.043429775553920656,675,"Ginger, I don't think they make 'poop bags' big enough for him."
1921,3773,2,8,71,81,1.1481481481481481,0.046848557928420444,675,"Looking back on it, I think I mixed up our samples in the DNA ancestry tests."
1914,3773,2,8,71,81,1.1481481481481481,0.046848557928420444,675,Not your type... believe me!
1912,3773,1,10,70,81,1.1481481481481481,0.043429775553920656,675,"Avoid, run. . . fight doesn't seem to be a good option."
1909,3773,2,8,71,81,1.1481481481481481,0.046848557928420444,675,"Oh God, I hate running into my ex-wife when it's my weekend with the kid"
1871,3773,3,6,72,81,1.1481481481481481,0.0500342818003937,675,"Rex, meet your father."
1855,3773,1,10,70,81,1.1481481481481481,0.043429775553920656,675,Definitely off leash.
1740,3773,1,10,70,81,1.1481481481481481,0.043429775553920656,675,Never eat these.
1736,3773,2,8,71,81,1.1481481481481481,0.046848557928420444,675,"Where's that killer bark when we need it, Bubbles?"
1570,3773,0,12,69,81,1.1481481481481481,0.03971779738801338,675,Don't worry -- just wag your tail and he'll love you!
1544,3773,1,10,70,81,1.1481481481481481,0.043429775553920656,675,See what happens when you bark at the moon too much!
1445,3773,1,10,70,81,1.1481481481481481,0.043429775553920656,675,You've got quite an imagination.
1435,3773,1,10,70,81,1.1481481481481481,0.043429775553920656,675,You tell him his howling interrupts your neighborhood conversations.
1207,3773,3,6,72,81,1.1481481481481481,0.0500342818003937,675,"Rufus, why did our ancestors think that interbreeding was a good idea?"
1190,3773,0,12,69,81,1.1481481481481481,0.03971779738801338,675,Puddles- Attack!
1181,3773,0,12,69,81,1.1481481481481481,0.03971779738801338,675,Why is my dog having such boring DNA?.
1066,3773,1,10,70,81,1.1481481481481481,0.043429775553920656,675,You've got to be kidding.
1730,3773,1,10,70,81,1.1481481481481481,0.043429775553920656,675,I hope now you see why this park requires dogs on-leash.  You could have been in a fight!
3899,3856,1,10,71,82,1.146341463414634,0.0429349038421541,675,Relative of yours?
2606,3856,0,12,70,82,1.146341463414634,0.03927202370241041,675,"Yes Sparky her hair is shiny in the moonlight, but don't get any ideas, she's way out of your league."
4527,3856,1,10,71,82,1.146341463414634,0.0429349038421541,675,Forget the leash — just think of the size of those plastic bags.”
1920,3856,0,12,70,82,1.146341463414634,0.03927202370241041,675,"He's a bluffer, Max. I bought him that outfit."
826,3860,1,10,73,84,1.1428571428571428,0.04197797807648538,675,"Discretion is the better part of valor,""  don't you think"
4318,3860,1,10,73,84,1.1428571428571428,0.04197797807648538,675,"In an hour, the moon will be down. Then go."
2345,3862,1,9,68,78,1.141025641025641,0.04366020435906115,675,"You wanted a sea change from the neighbor's kitty, right?"
3678,3862,0,11,67,78,1.141025641025641,0.039663750600197265,675,Don’t worry.  It’s just the Ghost of President Past.
3544,3862,1,9,68,78,1.141025641025641,0.04366020435906115,675,"Same great, great, great, great, great grandparents. His line ate steroid beef. Yours ate vegan."
3473,3862,1,9,68,78,1.141025641025641,0.04366020435906115,675,"There, now does that STILL look like a fire hydrant to you?"
3458,3862,1,9,68,78,1.141025641025641,0.04366020435906115,675,"Now, will you stop howling at night?"
3392,3862,0,11,67,78,1.141025641025641,0.039663750600197265,675,"No, Fido, Sally’s mother is not coming back!"
3252,3862,1,9,68,78,1.141025641025641,0.04366020435906115,675,You’ve been watching too much TV.
3181,3862,0,11,67,78,1.141025641025641,0.039663750600197265,675,that is indeed the moon and this furry fellow has more a howl than a bark . satisfied?
2982,3862,1,9,68,78,1.141025641025641,0.04366020435906115,675,If you poop inside the house one more time . . . . .
2962,3862,1,9,68,78,1.141025641025641,0.04366020435906115,675,I thought you said this was dog park.
2843,3862,1,9,68,78,1.141025641025641,0.04366020435906115,675,"He doesn't get out, much.  

Douglas Faulkner, Guelph, Ont."
2824,3862,2,7,69,78,1.141025641025641,0.047320331546548945,675,"THIS is why I wanted you to use the cat's litter box tonight, but NOOOOO...!!!"
2772,3862,1,9,68,78,1.141025641025641,0.04366020435906115,675,"Just had to go for a walk now, didn't you."
2746,3862,0,11,67,78,1.141025641025641,0.039663750600197265,675,"Here's where I hope to capitalize on the skills you've been learning at guard dog school, Muffin."
2666,3862,0,11,67,78,1.141025641025641,0.039663750600197265,675,Look at this asshole
2512,3862,2,7,69,78,1.141025641025641,0.047320331546548945,675,"If you need to go, then do it now."
2412,3862,1,9,68,78,1.141025641025641,0.04366020435906115,675,"Don't look so impressed, it's just a phase."
2367,3862,0,11,67,78,1.141025641025641,0.039663750600197265,675,"Hey, you're the one who insisted on taking a walk."
2365,3862,2,7,69,78,1.141025641025641,0.047320331546548945,675,Some guard dog you are.
2356,3862,1,9,68,78,1.141025641025641,0.04366020435906115,675,I got a nasty feeling about this
2902,3862,1,9,68,78,1.141025641025641,0.04366020435906115,675,We're supposed to be looking for truffles.
3739,3862,1,9,68,78,1.141025641025641,0.04366020435906115,675,Don’t worry Max. It’s just that time of month.
3768,3862,2,7,69,78,1.141025641025641,0.047320331546548945,675,This state really needs a leash law.
3786,3862,1,9,68,78,1.141025641025641,0.04366020435906115,675,"Fefe, meet Grandma Grendel. She wants us to help her gather some firewood."
4577,3862,1,9,68,78,1.141025641025641,0.04366020435906115,675,Do you see what happens when you don’t pay attention at obedience school?
4498,3862,0,11,67,78,1.141025641025641,0.039663750600197265,675,Time to die for master.
4462,3862,1,9,68,78,1.141025641025641,0.04366020435906115,675,"Not to worry, he is a vegetarian."
4349,3862,1,9,68,78,1.141025641025641,0.04366020435906115,675,I’m the mother you never had...
4346,3862,1,9,68,78,1.141025641025641,0.04366020435906115,675,Still proud of your ancestors?
4327,3862,1,9,68,78,1.141025641025641,0.04366020435906115,675,And the neighbors complained when I wanted to get a Doberman!
4302,3862,1,9,68,78,1.141025641025641,0.04366020435906115,675,"For god sake's, just pretend like it's three in the morning."
4209,3862,1,9,68,78,1.141025641025641,0.04366020435906115,675,Looks like it’s that time of the month...
4202,3862,1,9,68,78,1.141025641025641,0.04366020435906115,675,Ogres can be very lonely.  We're here to be his friend.
4151,3862,1,9,68,78,1.141025641025641,0.04366020435906115,675,This is why I give you the extra strength tick medicine.
4074,3862,1,9,68,78,1.141025641025641,0.04366020435906115,675,Show him who the Big Dog is!
4031,3862,1,9,68,78,1.141025641025641,0.04366020435906115,675,Looks like the library is getting serious about my unpaid 78 cent overdue book fine.
4027,3862,0,11,67,78,1.141025641025641,0.039663750600197265,675,Okay...remember when the mailman came yesterday?
4002,3862,0,11,67,78,1.141025641025641,0.039663750600197265,675,What a coincidence! I also used to be a bloodhound!
3958,3862,0,11,67,78,1.141025641025641,0.039663750600197265,675,"Move out into the country they said, it will be nice a peaceful they said !"
3918,3862,1,9,68,78,1.141025641025641,0.04366020435906115,675,I know. Middle age is hard because you realize you’ll never be what you wanted to be when you grow up.
3916,3862,2,7,69,78,1.141025641025641,0.047320331546548945,675,Better get used to it...since that executive order to open up the 7th circle of hell I’ve seen 6 of these guys this week!
3824,3862,0,11,67,78,1.141025641025641,0.039663750600197265,675,This is one of the least interesting things I've seen on a dog walk.
3796,3862,1,9,68,78,1.141025641025641,0.04366020435906115,675,I think the mescaline is kicking in...
3740,3862,0,11,67,78,1.141025641025641,0.039663750600197265,675,That's what you'd look like if I bit you!
2241,3862,1,9,68,78,1.141025641025641,0.04366020435906115,675,You had to bark at the wrong tree. Happy now?
697,3862,2,7,69,78,1.141025641025641,0.047320331546548945,675,Let's go. You can be a werewolf for Halloween.
2210,3862,3,5,70,78,1.141025641025641,0.05071700021369214,675,"Well, when are you going to bark?"
1128,3862,1,9,68,78,1.141025641025641,0.04366020435906115,675,"What is he saying boy?"" ""He said to leave the bedroom window open."
1103,3862,0,11,67,78,1.141025641025641,0.039663750600197265,675,"It's been months since the longest government shutdown in history, and the parks are still a mess."
1078,3862,1,9,68,78,1.141025641025641,0.04366020435906115,675,Ha! Little does he know the heart of Lionel Haggard.
1014,3862,1,9,68,78,1.141025641025641,0.04366020435906115,675,Don't worry. His bark is worse than his bite.
983,3862,0,11,67,78,1.141025641025641,0.039663750600197265,675,So I didn't curb my dog.
962,3862,1,9,68,78,1.141025641025641,0.04366020435906115,675,"I don't care if he IS your cousin. Last time he stayed overnight, he ate all of MY cousins."
847,3862,0,11,67,78,1.141025641025641,0.039663750600197265,675,Just wanted to show you what happens if you eat my testosterone pills and drink my Rogaine!
760,3862,1,9,68,78,1.141025641025641,0.04366020435906115,675,See. I told you the noise wasn’t another dog.
754,3862,0,11,67,78,1.141025641025641,0.039663750600197265,675,One day this will all be yours...
718,3862,1,9,68,78,1.141025641025641,0.04366020435906115,675,"Don't worry, he is just trying to scare us."
715,3862,1,9,68,78,1.141025641025641,0.04366020435906115,675,There!
670,3862,1,9,68,78,1.141025641025641,0.04366020435906115,675,No. There's a fire hydrant right over there.
640,3862,2,7,69,78,1.141025641025641,0.047320331546548945,675,"No, you're the one who said to hell with this walk!"
630,3862,2,7,69,78,1.141025641025641,0.047320331546548945,675,"avoid eye contact, paws at your side and let it sniff you"
596,3862,1,9,68,78,1.141025641025641,0.04366020435906115,675,See what happens when we have chili at bedtime?
535,3862,1,9,68,78,1.141025641025641,0.04366020435906115,675,"No, no -- you're confusing weather with climate."
522,3862,3,5,70,78,1.141025641025641,0.05071700021369214,675,Would this be a good time to tell you the doctor found NO sign of chemtrail poisoning in my blood?
419,3862,0,11,67,78,1.141025641025641,0.039663750600197265,675,The shelter said you were good with hobgoblins.
109,3862,2,7,69,78,1.141025641025641,0.047320331546548945,675,This is Bigfoot's brother Murray
1187,3862,1,9,68,78,1.141025641025641,0.04366020435906115,675,Fido and Goliath
1222,3862,3,5,70,78,1.141025641025641,0.05071700021369214,675,Can't you hang out with a less scary imaginary friend?
955,3862,1,9,68,78,1.141025641025641,0.04366020435906115,675,Don't worry Spot. He's probably afraid of dogs.
1983,3862,2,7,69,78,1.141025641025641,0.047320331546548945,675,It’s ok.  He’s a figment of my imagination.
2140,3862,1,9,68,78,1.141025641025641,0.04366020435906115,675,I told you to swipe left!
2082,3862,0,11,67,78,1.141025641025641,0.039663750600197265,675,"You're the one who wanted to meet your ""real"" Dad."
1244,3862,1,9,68,78,1.141025641025641,0.04366020435906115,675,"Teena, you may become the mother of a brand new breed."
1936,3862,1,9,68,78,1.141025641025641,0.04366020435906115,675,Is that your Big Daddy coming to reclaim you?
1919,3862,2,7,69,78,1.141025641025641,0.047320331546548945,675,I'm running for President. Let me tell you about my health care plan.
1898,3862,1,9,68,78,1.141025641025641,0.04366020435906115,675,Not as scary as the dog park.
1830,3862,2,7,69,78,1.141025641025641,0.047320331546548945,675,"I said, 'Roll over.'"
1794,3862,1,9,68,78,1.141025641025641,0.04366020435906115,675,"GET HELP REX !""   ""And this time, don't go to a Psychiatrist !!"
2150,3862,1,9,68,78,1.141025641025641,0.04366020435906115,675,Now show him YOUR bite.
1665,3862,1,9,68,78,1.141025641025641,0.04366020435906115,675,"Bob, I don’t think 39andWoof was a good idea."
1637,3862,1,9,68,78,1.141025641025641,0.04366020435906115,675,Don’t get any ideas now
1571,3862,1,9,68,78,1.141025641025641,0.04366020435906115,675,Is that your cousin or mine? I've lost track.
2231,3862,2,7,69,78,1.141025641025641,0.047320331546548945,675,Replacing the Bear on Wall Street
1500,3862,0,11,67,78,1.141025641025641,0.039663750600197265,675,See what happens when we go O-U-T after midnight?
1452,3862,1,9,68,78,1.141025641025641,0.04366020435906115,675,Some attack dog you are.
1387,3862,0,11,67,78,1.141025641025641,0.039663750600197265,675,His roommate doesn't need to take him for walks three nights a month.
1279,3862,1,9,68,78,1.141025641025641,0.04366020435906115,675,He's the one I saw drinking a pina colada at Trader Vic's.
1270,3862,1,9,68,78,1.141025641025641,0.04366020435906115,675,"Nature isn't all peaches and cream, Dexter."
1642,3862,0,11,67,78,1.141025641025641,0.039663750600197265,675,"Technically, you two are distant cousins.
Feel free to sniff his butt while I wait elsewhere."
3352,3951,1,9,69,79,1.139240506329114,0.04314095017892059,675,Hold your pee it's not a topiary!
3549,3951,3,5,71,79,1.139240506329114,0.050102709228008094,675,Your catching hell for drinking out of the toilet
3281,3951,2,7,70,79,1.139240506329114,0.046751593846233924,675,This is the last time we take our walk through this neighborhood around Halloween.
2586,3951,0,11,68,79,1.139240506329114,0.03919912801985522,675,You’re right! One of us does only have two legs..but one of us is about to hand over the leash to that thing with one of our two hands!
3725,3951,1,9,69,79,1.139240506329114,0.04314095017892059,675,I warned you what would happen if you didn’t “sit” on command.
2528,3951,1,9,69,79,1.139240506329114,0.04314095017892059,675,This is what happens when you refuse to go close to the house !”
2821,3951,2,7,70,79,1.139240506329114,0.046751593846233924,675,"Oh My! A Single Malt Scotch Lad tied into an Irish Terrier named Tullamore. God may be good, after all."
3965,3951,2,7,70,79,1.139240506329114,0.046751593846233924,675,Even the best sniff isn't worth the worst butt.
4654,3951,1,9,69,79,1.139240506329114,0.04314095017892059,675,Do you think you’ll “pass” that silver bullet you ate any time soon?
4225,3951,3,5,71,79,1.139240506329114,0.050102709228008094,675,Stupid mutt! I told you to leave that LSD alone!
4244,3951,0,11,68,79,1.139240506329114,0.03919912801985522,675,"Don't be nervous, she's daddy's new friend."
4255,3951,0,11,68,79,1.139240506329114,0.03919912801985522,675,'You'd better take this one.'
4386,3951,1,9,69,79,1.139240506329114,0.04314095017892059,675,My worst nightmare has orange hair!
4466,3951,1,9,69,79,1.139240506329114,0.04314095017892059,675,Just a head's up. Even good masters have a dark side. Mind the rug.
4584,3951,3,5,71,79,1.139240506329114,0.050102709228008094,675,"'Dude, I'm the one with the great olfactory powers. I'm sayin' it's a guy in a wolf outfit who hasn't changed his underwear in a week.'"
2353,3951,0,11,68,79,1.139240506329114,0.03919912801985522,675,SIC him!  I’m running for help!
4113,3951,0,11,68,79,1.139240506329114,0.03919912801985522,675,"Okay, Doggie-Dude - Time to show them you’ve got nuts"
2331,3951,2,7,70,79,1.139240506329114,0.046751593846233924,675,In time you will learn to love him as much as I do.
1941,3951,2,7,70,79,1.139240506329114,0.046751593846233924,675,"Attack, or it's back to the pound!"
2063,3951,1,9,69,79,1.139240506329114,0.04314095017892059,675,"Relax, it’s just the Devil in disguise."
94,3951,1,9,69,79,1.139240506329114,0.04314095017892059,675,Hot dog!
575,3951,2,7,70,79,1.139240506329114,0.046751593846233924,675,The Devil Went Up to Vermont
672,3951,0,11,68,79,1.139240506329114,0.03919912801985522,675,Hopefully tonight is the night your bite is worse than your bark.
779,3951,1,9,69,79,1.139240506329114,0.04314095017892059,675,"I know, I know. I'm the Hellhound.
But he gives me treats!
I sold my soul for treats!"
2238,3951,0,11,68,79,1.139240506329114,0.03919912801985522,675,Next time I say stay I mean it!
1060,3951,1,9,69,79,1.139240506329114,0.04314095017892059,675,That’s an odd sized gourd.
1142,3951,1,9,69,79,1.139240506329114,0.04314095017892059,675,"A cousin of yours, I presume ?"
900,3951,3,5,71,79,1.139240506329114,0.050102709228008094,675,"My wife told me to pick up her mom after the hike, but how do I explain this to the dog?"
1273,3951,2,7,70,79,1.139240506329114,0.046751593846233924,675,You didn't tell me we'll be meeting up with your half brother.
1587,3951,0,11,68,79,1.139240506329114,0.03919912801985522,675,"Trust me Bob, I can take him."
1775,3951,2,7,70,79,1.139240506329114,0.046751593846233924,675,"He may be a monster, but he's got your DNA and mine."
1889,3951,1,9,69,79,1.139240506329114,0.04314095017892059,675,Do you have an extra doggy bag?
2003,3951,1,9,69,79,1.139240506329114,0.04314095017892059,675,That reminds me that I need to schedule a dog grooming appointment.
1193,3951,0,11,68,79,1.139240506329114,0.03919912801985522,675,He has a leash. It's just a more self-reflective model
86,3985,0,11,69,80,1.1375,0.03874515077865563,675,...Any other dog would have just picked up on a squirrel...
884,3985,0,11,69,80,1.1375,0.03874515077865563,675,You howled...now let's see you do something about it.
4150,3985,1,9,70,80,1.1375,0.042633817622437835,675,I think a growl would in order.
3103,3988,1,8,66,75,1.1333333333333333,0.043839729948095284,675,"I know you just wanted to get your business done fast, but that's what happens to your mom when you leave the toilet seat up."
3139,3988,1,8,66,75,1.1333333333333333,0.043839729948095284,675,Do you sneak him a double espresso again?
4679,3988,1,8,66,75,1.1333333333333333,0.043839729948095284,675,"No ,it's not my mother -in-law!"
3037,3988,1,8,66,75,1.1333333333333333,0.043839729948095284,675,See what happens when you eat table scraps.
2903,3988,0,10,65,75,1.1333333333333333,0.039516598557587955,675,Welcome to your ancestor.
2897,3988,1,8,66,75,1.1333333333333333,0.043839729948095284,675,Your DNA results came back 35% Pit Bull ......start acting like it!
2421,3988,1,8,66,75,1.1333333333333333,0.043839729948095284,675,Don't ask him to scratch behind your hears.
2742,3988,0,10,65,75,1.1333333333333333,0.039516598557587955,675,This is not what I thought you meant by 'more scenic route'.
2721,3988,1,8,66,75,1.1333333333333333,0.043839729948095284,675,"Do you see, Cheetoh... this is what happens when you eat shoe leather."
2650,3988,1,8,66,75,1.1333333333333333,0.043839729948095284,675,"Fido, it’s just a figment of your imagination, nothing to worry about."
2571,3988,0,10,65,75,1.1333333333333333,0.039516598557587955,675,Now you know why I don't like ticks!
3183,3988,2,6,67,75,1.1333333333333333,0.047773238138965245,675,"Well, it is a full moon.  He can't help it.  He is a feral Farrow.  Just don't mention Woody Allen."
2266,3988,0,10,65,75,1.1333333333333333,0.039516598557587955,675,"Leave it. Leave it. Sorry, he can be a little aggressive sometimes."
2157,3988,0,10,65,75,1.1333333333333333,0.039516598557587955,675,"Our neighbor, Mr. Banner, forgot to leash his dog again."
2801,3988,2,6,67,75,1.1333333333333333,0.047773238138965245,675,"Oh, I thought you lived in Loch Ness!"
3334,3988,0,10,65,75,1.1333333333333333,0.039516598557587955,675,Master he reminds me of my inner devil
4278,3988,2,6,67,75,1.1333333333333333,0.047773238138965245,675,"Fortunately for us, he doesn't realize there's an eclipse tonight.  On the other hand, it doesn't start until midnight."
3671,3988,1,8,66,75,1.1333333333333333,0.043839729948095284,675,Did you pee in grandpa slippers again?
2156,3988,0,10,65,75,1.1333333333333333,0.039516598557587955,675,"And yet, Mr. Biscuits eating my homework is still a far-fetched fantasy to Professor Lupin."
4465,3988,0,10,65,75,1.1333333333333333,0.039516598557587955,675,"No, his bite is worse than his howl."
4472,3988,2,6,67,75,1.1333333333333333,0.047773238138965245,675,See there's nothing to be afraid of so quit waking me up!
4590,3988,1,8,66,75,1.1333333333333333,0.043839729948095284,675,"He only wants to make friends, wag your tail!"
4445,3988,0,10,65,75,1.1333333333333333,0.039516598557587955,675,"I said Time for a walk.""
You said ""On the wild side."""
4426,3988,0,10,65,75,1.1333333333333333,0.039516598557587955,675,Don’t worry Fluffy he doesn’t bit
4366,3988,1,8,66,75,1.1333333333333333,0.043839729948095284,675,What are you looking at? I thought it was a figment of my imagination.
4359,3988,1,8,66,75,1.1333333333333333,0.043839729948095284,675,"No, I don’t think that having you neutered makes a big difference."
4335,3988,0,10,65,75,1.1333333333333333,0.039516598557587955,675,"Trust us that you need to stick with organic, gluten and grain free food."
4243,3988,0,10,65,75,1.1333333333333333,0.039516598557587955,675,I didn't think his mom was this hideous.
4234,3988,1,8,66,75,1.1333333333333333,0.043839729948095284,675,The website said this was the easy trail
4136,3988,2,6,67,75,1.1333333333333333,0.047773238138965245,675,This is why we don’t buy off-brand dog food.
3959,3988,0,10,65,75,1.1333333333333333,0.039516598557587955,675,"You can if you want, but I wouldn't recommend it."
3901,3988,1,8,66,75,1.1333333333333333,0.043839729948095284,675,"Come on bigfoot, let's go for walkies."
3889,3988,2,6,67,75,1.1333333333333333,0.047773238138965245,675,"It's just a fancy bush, George."
3517,3988,1,8,66,75,1.1333333333333333,0.043839729948095284,675,"Look, Fang—Fluffy’s out again!"
2055,3988,1,8,66,75,1.1333333333333333,0.043839729948095284,675,You and your damn breeding...
3078,3988,1,8,66,75,1.1333333333333333,0.043839729948095284,675,...and I thought you were supposed to help with ANXIETY.... but you look just as afraid as I do....
1894,3988,2,6,67,75,1.1333333333333333,0.047773238138965245,675,"Come on Buddy,
You can take him....
Just remember,
In this situation
Keep thinking
'My bite is bigger than my bark!"
222,3988,0,10,65,75,1.1333333333333333,0.039516598557587955,675,Now you decide not to bark. What the devil's gotten into you?
333,3988,3,4,68,75,1.1333333333333333,0.051406640063737324,675,This is why we feed you the organic food.
352,3988,0,10,65,75,1.1333333333333333,0.039516598557587955,675,"Oh so, you only pull on the leash when you're far away. Looks like you're all bark."
356,3988,1,8,66,75,1.1333333333333333,0.043839729948095284,675,"And this, Rocco, is why you don’t take steroids"
403,3988,2,6,67,75,1.1333333333333333,0.047773238138965245,675,"Fido, don' worry he's not armed with an assault weapon."
517,3988,1,8,66,75,1.1333333333333333,0.043839729948095284,675,Don't you hate it when the local monsters spend too much time watching Fosse
612,3988,1,8,66,75,1.1333333333333333,0.043839729948095284,675,"Attach!, Fido.  Attach!!!"
709,3988,2,6,67,75,1.1333333333333333,0.047773238138965245,675,You see what might happen if we have kids
713,3988,1,8,66,75,1.1333333333333333,0.043839729948095284,675,"Can you believe , Mr. Wilson, that virtual reality can look so real ? 
To my dog eyes, though, this loch monster is a real mess . They should improve him with augmented reality instead......"
726,3988,2,6,67,75,1.1333333333333333,0.047773238138965245,675,"This is your uncle Jason.  He was accidentally given a ""temper"" vaccination."
838,3988,1,8,66,75,1.1333333333333333,0.043839729948095284,675,I don’t suppose shouting sic ‘em would motivate you
857,3988,0,10,65,75,1.1333333333333333,0.039516598557587955,675,"Checkers, starting over doesn't look good for us."
866,3988,0,10,65,75,1.1333333333333333,0.039516598557587955,675,Don’t look at me. He’s your cousin.
1122,3988,1,8,66,75,1.1333333333333333,0.043839729948095284,675,"OK, Toby. If he lunges, you're gonna have to use your AR-15."
1436,3988,0,10,65,75,1.1333333333333333,0.039516598557587955,675,Did you bring the extra poo-bags?
763,3988,1,8,66,75,1.1333333333333333,0.043839729948095284,675,He's an emotional support monster.
1469,3988,0,10,65,75,1.1333333333333333,0.039516598557587955,675,I thought you might want to meet him. DoggieDNA.com says you’re 19% related.
1869,3988,1,8,66,75,1.1333333333333333,0.043839729948095284,675,"What happened to no eye contact, no pointing?"
1846,3988,0,10,65,75,1.1333333333333333,0.039516598557587955,675,This is why we should refrain from taking walks during a full moon.
1845,3988,1,8,66,75,1.1333333333333333,0.043839729948095284,675,And you STILL won't poop?  We're going home.
1464,3988,1,8,66,75,1.1333333333333333,0.043839729948095284,675,"sure, even the veterinarian  saysits lots to orchestrate just so toto makes a solid bowel movement."
1725,3988,2,6,67,75,1.1333333333333333,0.047773238138965245,675,"What do you mean I don't scare you? Try this on for size! You mean that didn't scare you either? What am I missing? OK, you want to be friends? I'm really not scary at all. I only look this way. You want a treat? Come here and give me  a kiss."""
1667,3988,2,6,67,75,1.1333333333333333,0.047773238138965245,675,You going to believe me or your lying eyes?
1617,3988,1,8,66,75,1.1333333333333333,0.043839729948095284,675,"Don't worry Charlie, he's vegetarian."
1764,3988,1,8,66,75,1.1333333333333333,0.043839729948095284,675,Make our homes and streets SAFE! VOTE REPUBLICAN
1595,3988,1,8,66,75,1.1333333333333333,0.043839729948095284,675,Don't bite him unless he threatens us.
1615,3988,1,8,66,75,1.1333333333333333,0.043839729948095284,675,"It's okay, Buddy. He just wants to play."
1494,3988,1,8,66,75,1.1333333333333333,0.043839729948095284,675,This is where Deadpool surely would break the fourth wall.
1504,3988,0,10,65,75,1.1333333333333333,0.039516598557587955,675,Why would I carry waste bags? I left DC to get away from the gentrification.
1518,3988,2,6,67,75,1.1333333333333333,0.047773238138965245,675,I think you should wake up now.
2002,3988,0,10,65,75,1.1333333333333333,0.039516598557587955,675,"I know, Pluto is a dog as well."
1534,3988,0,10,65,75,1.1333333333333333,0.039516598557587955,675,"Teddy, I know what you're thinking, but just this once I'm going to recommend that you skip the butt smelling."
2430,4057,1,8,67,76,1.131578947368421,0.043294605892116034,675,I’m thinking its just a giant squirrel  who got over treated with antibioics by a vet.  Bark very loudly and get ready to run if it doesn’t work.
2322,4057,0,10,66,76,1.131578947368421,0.03903262361629298,675,"No,I don’t think it wise to have him dog set you. Just a feeling."
2673,4057,2,6,68,76,1.131578947368421,0.04717308652543423,675,See this is what happens when you take supplements!
2725,4057,0,10,66,76,1.131578947368421,0.03903262361629298,675,Did my great grandpa really grow that big when he was angry?
2971,4057,2,6,68,76,1.131578947368421,0.04717308652543423,675,Looks like he could use a therapy dog.
3269,4057,1,8,67,76,1.131578947368421,0.043294605892116034,675,"Yea, though I walk in the valley of the shadow of death, I will fear no evil. However, now might be a good time for some ""HELP."""
3292,4057,1,8,67,76,1.131578947368421,0.043294605892116034,675,Yes! You sure can pet him. Thanks for asking.
3336,4057,1,8,67,76,1.131578947368421,0.043294605892116034,675,"Don't worry. I know the scent of a chipmunk,"" you tell me"
3385,4057,1,8,67,76,1.131578947368421,0.043294605892116034,675,"Don't believe what you see! It's just a concept like ""climate change"" created by the Chinese to make us non-competitive."
3430,4057,0,10,66,76,1.131578947368421,0.03903262361629298,675,You talk a big game now. But last night there was just a little bit of thunder and you peed on the carpet.
2553,4057,1,8,67,76,1.131578947368421,0.043294605892116034,675,"“Gee Boomer, is this what you were barking at in the middle of the night.”"
4540,4057,0,10,66,76,1.131578947368421,0.03903262361629298,675,He's obviously someone's lost pet.
3877,4057,0,10,66,76,1.131578947368421,0.03903262361629298,675,Fido’s therapist says he needs more exposure to fresh air and feral wildlife. - Jan Liverance
4023,4057,0,10,66,76,1.131578947368421,0.03903262361629298,675,"Hey, better you than me, now go!"
4069,4057,1,8,67,76,1.131578947368421,0.043294605892116034,675,Now might be the time for that terrifying bark we’ve heard so much about.
4122,4057,1,8,67,76,1.131578947368421,0.043294605892116034,675,"It's OK, boy. They just drained the swamp. You can lower your interest."
4193,4057,1,8,67,76,1.131578947368421,0.043294605892116034,675,"Walkies, my ass!"
4212,4057,0,10,66,76,1.131578947368421,0.03903262361629298,675,"Relax buddy, it’s just the mailman..."
4261,4057,2,6,68,76,1.131578947368421,0.04717308652543423,675,So why should I have to walk HER dog?
4381,4057,0,10,66,76,1.131578947368421,0.03903262361629298,675,I guess you really do have a cold.
4429,4057,1,8,67,76,1.131578947368421,0.043294605892116034,675,"Don't worry, he's only auditioning for Disney."
2273,4057,2,6,68,76,1.131578947368421,0.04717308652543423,675,I told you we shouldn't have let your sister splash in that toxic pool
4543,4057,1,8,67,76,1.131578947368421,0.043294605892116034,675,We're not playing fetch with this guy.
3813,4057,1,8,67,76,1.131578947368421,0.043294605892116034,675,"calm down, he is not a cannibal..."
2181,4057,1,8,67,76,1.131578947368421,0.043294605892116034,675,He's more of a cat person than a dog person.
3535,4057,1,8,67,76,1.131578947368421,0.043294605892116034,675,Got my bag ready...
2087,4057,1,8,67,76,1.131578947368421,0.043294605892116034,675,"Growl at him real fierce-like, Fido."
2144,4057,1,8,67,76,1.131578947368421,0.043294605892116034,675,Don't worry. He's a vegetarian.
130,4057,2,6,68,76,1.131578947368421,0.04717308652543423,675,"Sorry pal, I didn't bring your doggie bag."
219,4057,1,8,67,76,1.131578947368421,0.043294605892116034,675,"I guess kneel won’t quite cut it this time, huh?"
430,4057,0,10,66,76,1.131578947368421,0.03903262361629298,675,I really chose the wrong guard dog.
488,4057,1,8,67,76,1.131578947368421,0.043294605892116034,675,"That's a tree, right Chalie? Tell me it's a tree."
553,4057,1,8,67,76,1.131578947368421,0.043294605892116034,675,Oh yeah? Watch this!
871,4057,1,8,67,76,1.131578947368421,0.043294605892116034,675,Then who the hell else are you talkin' to?
1185,4057,1,8,67,76,1.131578947368421,0.043294605892116034,675,This is a rarity a Giant werewolf in the daylight certainly nothing to be afraid of at all
242,4057,0,10,66,76,1.131578947368421,0.03903262361629298,675,He must have been a bad boy.
1257,4057,0,10,66,76,1.131578947368421,0.03903262361629298,675,"Sweetheart , come see this and bring the kids!!"
1296,4057,2,6,68,76,1.131578947368421,0.04717308652543423,675,"Kiss your ass goodbye.”

Don Dechman—Austin, T"
1333,4057,0,10,66,76,1.131578947368421,0.03903262361629298,675,"So Baxter, you say this cute little Yorkie asked you out on a romantic moonlit walk???"
1491,4057,1,8,67,76,1.131578947368421,0.043294605892116034,675,And do you have any little cousins I could eat?- I mean meet
1709,4057,3,4,69,76,1.131578947368421,0.05075605663680504,675,Now would be a great time to poop out the silver bullet you ate earlier today
1746,4057,1,8,67,76,1.131578947368421,0.043294605892116034,675,Seriously? I really wish he'd appointed Donny or Eric president of Greenland rather than your Mommy.
1977,4057,2,6,68,76,1.131578947368421,0.04717308652543423,675,"I narrate, therefore I am."
1240,4057,1,8,67,76,1.131578947368421,0.043294605892116034,675,"Rex, I don't recommend peeing on his leg."
2056,4057,1,8,67,76,1.131578947368421,0.043294605892116034,675,Still want to share the cabin with your relatives?
1690,4102,1,8,68,77,1.12987012987013,0.04276279513224073,675,Whaddya know...there really IS a creature in the Blue Lagoon.
1569,4102,0,10,67,77,1.12987012987013,0.03856025347250398,675,"And this is why we must always remain ""just friends""."
1418,4102,0,10,67,77,1.12987012987013,0.03856025347250398,675,"Don't worry, it's just your malicious double."
1325,4102,1,8,68,77,1.12987012987013,0.04276279513224073,675,"The Yelp review said this was a dog park, not a petting zoo. Strange."
1229,4102,2,6,69,77,1.12987012987013,0.04658776821420219,675,"If you're going to do your business on someone else's property 
you have to be prepared for the consequences."
19,4102,0,10,67,77,1.12987012987013,0.03856025347250398,675,Think of it as my favorite wing tips.
3092,4102,1,8,68,77,1.12987012987013,0.04276279513224073,675,We found some of his breed in your DNA.
3045,4102,0,10,67,77,1.12987012987013,0.03856025347250398,675,Really? The nose ALWAYS knows?
3975,4102,1,8,68,77,1.12987012987013,0.04276279513224073,675,"If you think I’m a tree
And that you can pee on me
Move one paw closer 
AND I WILL EAT THEE!"
4247,4102,1,8,68,77,1.12987012987013,0.04276279513224073,675,You could be like that on steroids!
1829,4102,1,8,68,77,1.12987012987013,0.04276279513224073,675,Our leash is stronger than you'd think.
4042,4102,0,10,67,77,1.12987012987013,0.03856025347250398,675,I refuse to believe you came from the same puppy mill.
2787,4102,1,8,68,77,1.12987012987013,0.04276279513224073,675,"So much for ""All Dogs Go to Heaven"""
2338,4102,1,8,68,77,1.12987012987013,0.04276279513224073,675,And just how long does your mother-in-law plan on staying?
3426,4116,2,6,70,78,1.1282051282051282,0.04601674237795457,675,"Is that your mother?""  I dunno . ."
2389,4116,2,6,70,78,1.1282051282051282,0.04601674237795457,675,why am I not frightening ?
2690,4116,2,6,70,78,1.1282051282051282,0.04601674237795457,675,This cartoon sucks.
2712,4116,0,10,68,78,1.1282051282051282,0.038099080213023176,675,His hair is perfect.
3756,4116,0,10,68,78,1.1282051282051282,0.038099080213023176,675,Not to worry honey... just an invader from the North
2375,4116,1,8,69,78,1.1282051282051282,0.04224381902809815,675,You wanted to meet your birth dad? Deal.
901,4116,0,10,68,78,1.1282051282051282,0.038099080213023176,675,If you don't stop peeing on the rug....
2279,4116,0,10,68,78,1.1282051282051282,0.038099080213023176,675,See? Man is wolf to man. You’re man’s best friend.
296,4116,1,8,69,78,1.1282051282051282,0.04224381902809815,675,Now is the time to bark.
3553,4116,1,8,69,78,1.1282051282051282,0.04224381902809815,675,"Sit!, Stay!, Now Spot, convince him that we are all actually animals."
1567,4116,1,8,69,78,1.1282051282051282,0.04224381902809815,675,I think it's your turn.
1692,4127,0,9,62,71,1.1267605633802817,0.03976580062454876,675,"It's okay, boy... just some ex-New Yorker."
2805,4128,1,8,70,79,1.1265822784810127,0.041737221436360945,675,"Heel, Waldo."
167,4128,0,10,69,79,1.1265822784810127,0.03764871456510459,675,His roar is worse than his gore.
4659,4128,0,10,69,79,1.1265822784810127,0.03764871456510459,675,Go say hi... He doesn't look mean in color.
4414,4131,1,7,64,72,1.125,0.043951442120546434,675,See.  That's what happens when you eat poop!
3073,4131,2,5,65,72,1.125,0.048197153144195225,675,"You see, my pup, nature is full of many beasts, and we must respect them all."
3062,4131,1,7,64,72,1.125,0.043951442120546434,675,Look carefully Rover. that's what will happen to you if you keep howling at the moon every night
3055,4131,1,7,64,72,1.125,0.043951442120546434,675,What are you looking at? I never wanted the dog.
3029,4131,1,7,64,72,1.125,0.043951442120546434,675,"Odd, it has never before appeared in the US."
4721,4131,0,9,63,72,1.125,0.039249114101422455,675,This is what's waiting for dogs that don't heel.
2931,4131,1,7,64,72,1.125,0.043951442120546434,675,"It's where the wilder things are, Stupid!"""
2797,4131,1,7,64,72,1.125,0.043951442120546434,675,I don't think your mom would approve.  He is only half wolf.
2823,4131,0,9,63,72,1.125,0.039249114101422455,675,Don't worry. Your bark is worse than his height.
3097,4131,2,5,65,72,1.125,0.048197153144195225,675,But you bark at the little poodle down the street!
2719,4131,0,9,63,72,1.125,0.039249114101422455,675,"If you want to get along with women, you have to pretend you’ve never seen him."
2671,4131,2,5,65,72,1.125,0.048197153144195225,675,"Starting now, depending on the lunar cycle, we're doing some walks before sunset."
2656,4131,0,9,63,72,1.125,0.039249114101422455,675,"Aww you will be fine with her! 
Look into the night and imagine my new girlfriend moving in."
2559,4131,0,9,63,72,1.125,0.039249114101422455,675,"Well, maybe Yelp reviews are not the best source for finding a dog walker."
2558,4131,0,9,63,72,1.125,0.039249114101422455,675,I'm so tired of their owners letting them off their leashes.
2825,4131,1,7,64,72,1.125,0.043951442120546434,675,"Relax, he's all bark and no bite."
3153,4131,1,7,64,72,1.125,0.043951442120546434,675,"You should know, I'm the chosen one."
3367,4131,1,7,64,72,1.125,0.043951442120546434,675,You've been such a goodbye.
3229,4131,2,5,65,72,1.125,0.048197153144195225,675,I told you dogs not to drink the water.
4664,4131,2,5,65,72,1.125,0.048197153144195225,675,"don,t worry  his roar is louder than his bite"
4633,4131,2,5,65,72,1.125,0.048197153144195225,675,May I remind you that you‘re man‘s
2455,4131,1,7,64,72,1.125,0.043951442120546434,675,"Hey, don’t look at me.  He’s your cousin."
4451,4131,1,7,64,72,1.125,0.043951442120546434,675,We really need to finish building The Wall
4211,4131,1,7,64,72,1.125,0.043951442120546434,675,This Dog Park gives me the creeps.
4054,4131,0,9,63,72,1.125,0.039249114101422455,675,"You really want to sniff it’s ass, don’t you?"
3987,4131,0,9,63,72,1.125,0.039249114101422455,675,"A lot of hounds howl at the moon, but my cousin Ralph takes it too far."
3190,4131,0,9,63,72,1.125,0.039249114101422455,675,And I don’t even get to watch
3942,4131,1,7,64,72,1.125,0.043951442120546434,675,"It's just Bob, the Forest Ranger, rehearsing for Halloween."""
3861,4131,1,7,64,72,1.125,0.043951442120546434,675,I begged you to stop baying at the moon.
3771,4131,1,7,64,72,1.125,0.043951442120546434,675,"If cut, I bleed too! And, I need love too!"
3750,4131,1,7,64,72,1.125,0.043951442120546434,675,This lunar distance relationship is going to be tricky...
3734,4131,2,5,65,72,1.125,0.048197153144195225,675,This is the absolute bottom for 4-Dimensional movies
3617,4131,1,7,64,72,1.125,0.043951442120546434,675,Dogs aren't allowed here due to mysterious disappearances. Not you and me. We are rule breakers.
3557,4131,2,5,65,72,1.125,0.048197153144195225,675,Did you every think you would see a Frazetta swipe in the New Yorker?
3312,4131,2,5,65,72,1.125,0.048197153144195225,675,Of course you still won't poop.
3900,4131,1,7,64,72,1.125,0.043951442120546434,675,"Meet your great, great grand-wolf!"
2433,4131,1,7,64,72,1.125,0.043951442120546434,675,"Not sure if I should ""roof"" or ""wolf"""
1351,4131,0,9,63,72,1.125,0.039249114101422455,675,"Technically, this makes you my cousin."
2138,4131,1,7,64,72,1.125,0.043951442120546434,675,Don't be getting any ideas.
2321,4131,2,5,65,72,1.125,0.048197153144195225,675,"Yes, Lon Chaney Jr., but that was just the movie."
20,4131,0,9,63,72,1.125,0.039249114101422455,675,"Whatever, there's no exceptions to the leash laws."
28,4131,0,9,63,72,1.125,0.039249114101422455,675,"I told you , you hadn't met the other side of our  family."
29,4131,1,7,64,72,1.125,0.043951442120546434,675,American eskimo dog meets American werewolf from Paris.
197,4131,1,7,64,72,1.125,0.043951442120546434,675,"Oh, my gawd! Look at that pup! Come here! 

I hate how everyone acts like I'm invisible when my dog is around."
206,4131,0,9,63,72,1.125,0.039249114101422455,675,And you thought it was a coyote!
233,4131,1,7,64,72,1.125,0.043951442120546434,675,Do you really need all those bones?
279,4131,2,5,65,72,1.125,0.048197153144195225,675,"Ah, so this is who you’re waiting on when you sniff around for hours."
337,4131,2,5,65,72,1.125,0.048197153144195225,675,What can I tell ya.  It's a dog-eat-demon world out there.  Sick 'em.
437,4131,0,9,63,72,1.125,0.039249114101422455,675,"Don't worry, he won't bite"
586,4131,1,7,64,72,1.125,0.043951442120546434,675,Watch...waaatch....
616,4131,1,7,64,72,1.125,0.043951442120546434,675,you have to vote for me or you'll lose everything!
756,4131,1,7,64,72,1.125,0.043951442120546434,675,"So he was your former master, huh?"
870,4131,0,9,63,72,1.125,0.039249114101422455,675,Didn't we use your Platinum card? See what they can do for us now.
904,4131,1,7,64,72,1.125,0.043951442120546434,675,"Sic-em, Fluff!"
699,4131,1,7,64,72,1.125,0.043951442120546434,675,This is what happens when you do your business without covering it up.
986,4131,1,7,64,72,1.125,0.043951442120546434,675,"Fido, what on earth did you put on your Tindr profile?"
1932,4131,0,9,63,72,1.125,0.039249114101422455,675,"No leash,  I can forgive, but no poop bag is really gross."
1857,4131,1,7,64,72,1.125,0.043951442120546434,675,You knew that finding your birth mom would be ruff.
1854,4131,0,9,63,72,1.125,0.039249114101422455,675,How many times have I told you not to pee on tht bush?
977,4131,0,9,63,72,1.125,0.039249114101422455,675,Look closely.  This is sort of what I am asking for when I say “Up”.
1774,4131,0,9,63,72,1.125,0.039249114101422455,675,"Next time, perhaps a few more squirts to mark your territory."
1707,4131,1,7,64,72,1.125,0.043951442120546434,675,It’s your absent father.
1622,4131,1,7,64,72,1.125,0.043951442120546434,675,You think I you have bad days...
1792,4131,2,5,65,72,1.125,0.048197153144195225,675,Devil. And heel.
1495,4131,1,7,64,72,1.125,0.043951442120546434,675,This is how I want you to behave when the trick-or-treaters come to the house.
1176,4131,1,7,64,72,1.125,0.043951442120546434,675,I'm sorry but therapy dogs don't get to have their own therapy animals.
1160,4131,0,9,63,72,1.125,0.039249114101422455,675,It's not true - there are cats in hell.
1106,4131,1,7,64,72,1.125,0.043951442120546434,675,I suppose that I should fake it and act scared for this walking cliche.
1097,4131,2,5,65,72,1.125,0.048197153144195225,675,"Didn't you see the sign? This is a ""leash only"" area."
1602,4131,0,9,63,72,1.125,0.039249114101422455,675,"Go get him, Max.  He's Climate Change personified."
151,4201,1,7,65,73,1.1232876712328768,0.043378995433789966,675,See what happens when you don't use a leash?
3365,4201,0,9,64,73,1.1232876712328768,0.038745577051317676,675,"Good they, Ollie."
3177,4201,1,7,65,73,1.1232876712328768,0.043378995433789966,675,"Hush lassie, this isn’t a real one!"
1526,4201,0,9,64,73,1.1232876712328768,0.038745577051317676,675,"I said, KILL!  Okay, STAY! Keep him busy while I run like hell."
1402,4201,0,9,64,73,1.1232876712328768,0.038745577051317676,675,Show him howl its done.
6,4201,0,9,64,73,1.1232876712328768,0.038745577051317676,675,"Okay, here's the plan: you distract him while I run away as fast as I can, and...well...it was nice knowing you."
124,4201,0,9,64,73,1.1232876712328768,0.038745577051317676,675,Meet your new master.
991,4201,1,7,65,73,1.1232876712328768,0.043378995433789966,675,"It’s if we had a kid, you know, sexy time and all.”"
4281,4209,0,9,66,75,1.12,0.037776011264121404,675,"See, Megan.  You're not the only one."
4021,4209,0,9,66,75,1.12,0.037776011264121404,675,Well at least someone in this town feels like he can be himself.
302,4211,1,7,68,76,1.118421052631579,0.041747382576458936,675,Whoops. Wrong park.
2548,4212,0,8,61,69,1.1159420289855073,0.03882454402978924,675,And they say there’s no such thing as climate change!
3311,4212,0,8,61,69,1.1159420289855073,0.03882454402978924,675,Now stop looking at the camera; we have a problem at hand.
3232,4212,1,6,62,69,1.1159420289855073,0.04397274927300527,675,pointy ears . . . nine lives . . .
3213,4212,0,8,61,69,1.1159420289855073,0.03882454402978924,675,Fortunately for Monster Rex is on leash
3202,4212,0,8,61,69,1.1159420289855073,0.03882454402978924,675,You probably shouldn't have peed on him.
3136,4212,0,8,61,69,1.1159420289855073,0.03882454402978924,675,You really want me to “go get’m?
3052,4212,1,6,62,69,1.1159420289855073,0.04397274927300527,675,"That's right it is a monster...but no, its not my boss"
3018,4212,1,6,62,69,1.1159420289855073,0.04397274927300527,675,You can date him once a month and then he's all mine.
2987,4212,0,8,61,69,1.1159420289855073,0.03882454402978924,675,"Follow your nose, you said."
2922,4212,0,8,61,69,1.1159420289855073,0.03882454402978924,675,My dog sitting service does not cover that sort of event. Goodbye.
2921,4212,0,8,61,69,1.1159420289855073,0.03882454402978924,675,"You know how dogs look like their owners, well, he looks like both of us!"
2863,4212,0,8,61,69,1.1159420289855073,0.03882454402978924,675,No doubt... it's a Stranger Thing
2565,4212,0,8,61,69,1.1159420289855073,0.03882454402978924,675,This is your weird uncle.
2857,4212,0,8,61,69,1.1159420289855073,0.03882454402978924,675,Maybe this will teach you not to point.
2850,4212,1,6,62,69,1.1159420289855073,0.04397274927300527,675,And that's why I won't feed you after midnight.
2820,4212,0,8,61,69,1.1159420289855073,0.03882454402978924,675,Isn’t this a bit of an overreaction?
2708,4212,0,8,61,69,1.1159420289855073,0.03882454402978924,675,"Do you still believe he's, ""the least hungry creature there is anywhere in the world""?"
2684,4212,0,8,61,69,1.1159420289855073,0.03882454402978924,675,Consider if you will my dog's reaction to a bloodthirsty monster.
2678,4212,0,8,61,69,1.1159420289855073,0.03882454402978924,675,The sign specifically said that all animals in this park had to be leashed...
2644,4212,0,8,61,69,1.1159420289855073,0.03882454402978924,675,I used to live in the Amazon forest. Then a drone picked me up and dropped me here.
2601,4212,0,8,61,69,1.1159420289855073,0.03882454402978924,675,Shouldn’t have asked to split the check.
3342,4212,0,8,61,69,1.1159420289855073,0.03882454402978924,675,yeah yeah - now turn around and let me sniff your butt
2875,4212,1,6,62,69,1.1159420289855073,0.04397274927300527,675,"Is it me, or has this neighborhood taken a turn for the worst?"
3399,4212,0,8,61,69,1.1159420289855073,0.03882454402978924,675,"OK, since you think it only eats carrion, how do you want to die?"
4514,4212,0,8,61,69,1.1159420289855073,0.03882454402978924,675,"Well, I guess we can rule out Bigfoot and the Jersey Devil."
3672,4212,0,8,61,69,1.1159420289855073,0.03882454402978924,675,It's bark is worse than it's bite.
4632,4212,1,6,62,69,1.1159420289855073,0.04397274927300527,675,I don't see a problem.  He only wants to join us for lunch.
4731,4212,0,8,61,69,1.1159420289855073,0.03882454402978924,675,"Relax, you’ll only have to share your water bowl on a full moon."
4586,4212,0,8,61,69,1.1159420289855073,0.03882454402978924,675,Why can't you be more like him?
2535,4212,1,6,62,69,1.1159420289855073,0.04397274927300527,675,I know you can take him!
4468,4212,1,6,62,69,1.1159420289855073,0.04397274927300527,675,YOU are the result of 55 million years of evolution?!
4441,4212,0,8,61,69,1.1159420289855073,0.03882454402978924,675,You're the one who wanted to meet your half brother.
4428,4212,0,8,61,69,1.1159420289855073,0.03882454402978924,675,"Can we go home now, Jack? Why do you do this? Again, there are no lake monsters."
4421,4212,1,6,62,69,1.1159420289855073,0.04397274927300527,675,I told you to cut back on the late-night kibbles.
4358,4212,1,6,62,69,1.1159420289855073,0.04397274927300527,675,I warned you about ignoring the chew toys I give you.
4284,4212,1,6,62,69,1.1159420289855073,0.04397274927300527,675,A thousand years of breeding should have prepared you for this
4282,4212,0,8,61,69,1.1159420289855073,0.03882454402978924,675,It's Mother Nature having a hot flash
4252,4212,0,8,61,69,1.1159420289855073,0.03882454402978924,675,Don't get any ideas about unleashing your inner beast.
4198,4212,1,6,62,69,1.1159420289855073,0.04397274927300527,675,"C'mon, buddy, his ankles are small and so long as you can contain him 'till the full moon sets, you can pee here tomorrow."
4092,4212,1,6,62,69,1.1159420289855073,0.04397274927300527,675,Someone else wasn't afraid of the dark!
4039,4212,1,6,62,69,1.1159420289855073,0.04397274927300527,675,"Now you see why we should have abolished the 'Endangered Species Act"""
4007,4212,0,8,61,69,1.1159420289855073,0.03882454402978924,675,And I thought you were territorial.
3941,4212,0,8,61,69,1.1159420289855073,0.03882454402978924,675,"Not one peep from you, Buster!"
3940,4212,0,8,61,69,1.1159420289855073,0.03882454402978924,675,I wish your relatives would call before a visit.
3911,4212,0,8,61,69,1.1159420289855073,0.03882454402978924,675,"If you think this is freakin' scary, wait until you see your vet bill!"
3884,4212,0,8,61,69,1.1159420289855073,0.03882454402978924,675,Remember: You're the one that wanted this walk.
3815,4212,0,8,61,69,1.1159420289855073,0.03882454402978924,675,He wants to talk to you about shedding.
3694,4212,1,6,62,69,1.1159420289855073,0.04397274927300527,675,"Wait,"" ""down,"" and ,""off"" are dog commands. I wonder if there's a ""bewa[e]re."
3688,4212,0,8,61,69,1.1159420289855073,0.03882454402978924,675,You are so damned cute when you're not scared!
3494,4212,1,6,62,69,1.1159420289855073,0.04397274927300527,675,That's what happens to little doggies who have accidents in the house.
2432,4212,0,8,61,69,1.1159420289855073,0.03882454402978924,675,"Er, I meant ""heel."""
2898,4212,0,8,61,69,1.1159420289855073,0.03882454402978924,675,See what happens when you don’t heal?
2383,4212,0,8,61,69,1.1159420289855073,0.03882454402978924,675,"Yes, he really does run a farm upstate."
920,4212,0,8,61,69,1.1159420289855073,0.03882454402978924,675,Just another day on the moors.
898,4212,0,8,61,69,1.1159420289855073,0.03882454402978924,675,You have seen so much scarier one TV!
889,4212,0,8,61,69,1.1159420289855073,0.03882454402978924,675,"Quit complaining about me, it could be worse."
880,4212,0,8,61,69,1.1159420289855073,0.03882454402978924,675,"Hey Brother, could you help a terrifying, man-eating monster out?"
856,4212,0,8,61,69,1.1159420289855073,0.03882454402978924,675,So… how about a date so we can get this potato head out of the way.
849,4212,1,6,62,69,1.1159420289855073,0.04397274927300527,675,"OK, now see what barking will get you."
809,4212,0,8,61,69,1.1159420289855073,0.03882454402978924,675,I told you - THIS is why you need to do your business just before bed and NOT in the middle of the night - but did you listen? No.
751,4212,1,6,62,69,1.1159420289855073,0.04397274927300527,675,You and your shortcuts!
749,4212,0,8,61,69,1.1159420289855073,0.03882454402978924,675,Mr. Mazel – Like we see on that Serengeti show! Now it’s our turn to run like the bejesus…
657,4212,0,8,61,69,1.1159420289855073,0.03882454402978924,675,"It’s only my boss Rex, he hasn’t had his coffee yet."
1031,4212,2,4,63,69,1.1159420289855073,0.048578391679141936,675,I AM the “Devil Dog”!Dare not lift your hind leg here!
639,4212,0,8,61,69,1.1159420289855073,0.03882454402978924,675,"Now might be a good time to put that ""man's best friend""  cliche to good use."
580,4212,0,8,61,69,1.1159420289855073,0.03882454402978924,675,I thought you said he was trapped in a well?
495,4212,1,6,62,69,1.1159420289855073,0.04397274927300527,675,I present you my last best friend. Depression was rough without you bud.
478,4212,0,8,61,69,1.1159420289855073,0.03882454402978924,675,"Awww, I ate a dog just like him when I was young."
341,4212,0,8,61,69,1.1159420289855073,0.03882454402978924,675,Did you remember to bring home the leftovers?
143,4212,0,8,61,69,1.1159420289855073,0.03882454402978924,675,That's what you looked like after Saturday night.
63,4212,1,6,62,69,1.1159420289855073,0.04397274927300527,675,"It may be rearing its ugly head, but it's not inflation."
61,4212,0,8,61,69,1.1159420289855073,0.03882454402978924,675,"Nothing to fear, it is just retails dramatic way to try and sell us products before it becomes in-season."
36,4212,0,8,61,69,1.1159420289855073,0.03882454402978924,675,"Apparently, LOVE is a dog from hell."
25,4212,1,6,62,69,1.1159420289855073,0.04397274927300527,675,What if his bite is worse than his bark?
2409,4212,0,8,61,69,1.1159420289855073,0.03882454402978924,675,See Fido. This is an example when you should cry woof.
595,4212,0,8,61,69,1.1159420289855073,0.03882454402978924,675,"And then -- surprise! -- our president turned into a ravening beast! You really have to watch out on the full moon, Sparky."
1294,4212,0,8,61,69,1.1159420289855073,0.03882454402978924,675,Bad looks aren’t everything.
370,4212,2,4,63,69,1.1159420289855073,0.048578391679141936,675,"Sparky, quick, we have to fuse."
1335,4212,0,8,61,69,1.1159420289855073,0.03882454402978924,675,I wish that you'd stop getting into the  neighbor's garbage Rex.
2303,4212,0,8,61,69,1.1159420289855073,0.03882454402978924,675,It's one of the animals that was taken off the endangered species list!
1318,4212,1,6,62,69,1.1159420289855073,0.04397274927300527,675,See what happens after a one-night stand!
2248,4212,0,8,61,69,1.1159420289855073,0.03882454402978924,675,"Don't worry, that was just me about 30 million years ago."
2104,4212,0,8,61,69,1.1159420289855073,0.03882454402978924,675,You kept complaining about having imposter syndrome so I decided to get you a life coach for your birthday
2048,4212,0,8,61,69,1.1159420289855073,0.03882454402978924,675,These monthly visits with your distant cousin bother me.
1940,4212,0,8,61,69,1.1159420289855073,0.03882454402978924,675,Maybe you should stop eating pizza at midnight because I’m not real either.
1878,4212,2,4,63,69,1.1159420289855073,0.048578391679141936,675,Are you going to replace me? He won't fit in my kennel!
1874,4212,1,6,62,69,1.1159420289855073,0.04397274927300527,675,"I know you’re jealous now, but in the morning he’ll return to human form."
1864,4212,0,8,61,69,1.1159420289855073,0.03882454402978924,675,"Honestly, the new  pooper scooper enforcement  program has gone too far."
1860,4212,1,6,62,69,1.1159420289855073,0.04397274927300527,675,No worries. A growling wolf never bites a gawking dog.
1826,4212,0,8,61,69,1.1159420289855073,0.03882454402978924,675,"Sorry, my condo association doesn't allow pets!"
1979,4212,1,6,62,69,1.1159420289855073,0.04397274927300527,675,"Boy, you forgot the doggie do bag just once."
1477,4212,0,8,61,69,1.1159420289855073,0.03882454402978924,675,See what happens  if you don’t behave yourself ?
1780,4212,1,6,62,69,1.1159420289855073,0.04397274927300527,675,That’s not your mommy. That’s the other Grendel’s mommy.
1360,4212,2,4,63,69,1.1159420289855073,0.048578391679141936,675,Isn't that the guy from 12M?
1466,4212,1,6,62,69,1.1159420289855073,0.04397274927300527,675,"It's just the people from animal rescue, verifying that I'm eligible to adopt."""
1499,4212,1,6,62,69,1.1159420289855073,0.04397274927300527,675,"Show him that 'ceremony of innocence"" look. It melted my heart."
1431,4212,0,8,61,69,1.1159420289855073,0.03882454402978924,675,C'mon Daisy... attack!
1583,4212,0,8,61,69,1.1159420289855073,0.03882454402978924,675,He froze in the winter.
1723,4212,0,8,61,69,1.1159420289855073,0.03882454402978924,675,Forget everything you learned at obedience school!
1757,4212,0,8,61,69,1.1159420289855073,0.03882454402978924,675,"Yes, your antidepressants may cause some hallucinations. Way?"
1559,4212,0,8,61,69,1.1159420289855073,0.03882454402978924,675,Now do you understand why I regret naming you Darwin?
1971,4313,0,9,69,78,1.1153846153846154,0.03640875553275111,675,"That young demon survived, that I set free."
3033,4314,2,4,64,70,1.1142857142857143,0.047908025853103935,675,It was your idea we should date.
3215,4314,0,8,62,70,1.1142857142857143,0.038301717862847806,675,What does the werewolf say? Wa-pa-pa-pa-pa-pa-pow?
2860,4314,1,6,63,70,1.1142857142857143,0.0433716527952698,675,This is what happens when you are a bad dog!
3184,4314,0,8,62,70,1.1142857142857143,0.038301717862847806,675,Some day it could be all yours.
3186,4314,0,8,62,70,1.1142857142857143,0.038301717862847806,675,"Honey, meet my ex."
3706,4314,1,6,63,70,1.1142857142857143,0.0433716527952698,675,You might have evolved to look like that with your common ancestry!
3502,4314,0,8,62,70,1.1142857142857143,0.038301717862847806,675,"Pretzel, meet your second cousin twice removed on your mother’s side."
3444,4314,2,4,64,70,1.1142857142857143,0.047908025853103935,675,I told you not to insist on Lochness as a stop!
3455,4314,1,6,63,70,1.1142857142857143,0.0433716527952698,675,He says your only a snack.  You're not the Chosen One.
3568,4314,0,8,62,70,1.1142857142857143,0.038301717862847806,675,Are you my daddy?
3592,4314,1,6,63,70,1.1142857142857143,0.0433716527952698,675,I said sickum boy  sickum
3624,4314,1,6,63,70,1.1142857142857143,0.0433716527952698,675,I'm sorry I - I mean you - drew the short straw.
2840,4314,1,6,63,70,1.1142857142857143,0.0433716527952698,675,"Sorry, ol' boy, looks like I've forgotten the doo bag. Drop one real quick and I'll pick it up tomorrow."
3702,4314,0,8,62,70,1.1142857142857143,0.038301717862847806,675,"Sic 'em Poochie!"""
3297,4314,1,6,63,70,1.1142857142857143,0.0433716527952698,675,We’re getting you a litter box.
2813,4314,0,8,62,70,1.1142857142857143,0.038301717862847806,675,"He says the island soon will be his to pee on, so we can't go there."
2490,4314,0,8,62,70,1.1142857142857143,0.038301717862847806,675,It's Mr. Rogers of the full moon.
2727,4314,0,8,62,70,1.1142857142857143,0.038301717862847806,675,This thing can't be any worse than my mother-in-law.
2185,4314,2,4,64,70,1.1142857142857143,0.047908025853103935,675,"He gets me up to go in the middle of the night and brings me here to see this. Give me a break."""
3707,4314,0,8,62,70,1.1142857142857143,0.038301717862847806,675,"Fido, I'm counting on you."
2206,4314,0,8,62,70,1.1142857142857143,0.038301717862847806,675,See that Fido? The absolute nerve of creatures of the night these days...
2233,4314,0,8,62,70,1.1142857142857143,0.038301717862847806,675,"Fetch,"" I said, not ""Wretch."
2252,4314,0,8,62,70,1.1142857142857143,0.038301717862847806,675,Sniff his butt. Everything will be OK.
2312,4314,2,4,64,70,1.1142857142857143,0.047908025853103935,675,I don't know what's so confusing.  I told you I got you for protection.
2336,4314,1,6,63,70,1.1142857142857143,0.0433716527952698,675,It apparently thinks you are the mailman.
2439,4314,1,6,63,70,1.1142857142857143,0.0433716527952698,675,This is not how imagined us meeting your cousin for dinner ...
2527,4314,1,6,63,70,1.1142857142857143,0.0433716527952698,675,"See, This is why I carry that plastic bag"
2537,4314,0,8,62,70,1.1142857142857143,0.038301717862847806,675,This is a distant cousin from both sides of our family.
2573,4314,1,6,63,70,1.1142857142857143,0.0433716527952698,675,You distract him. I'll run for help.
2598,4314,0,8,62,70,1.1142857142857143,0.038301717862847806,675,"You see how this was risky, right?"
2663,4314,1,6,63,70,1.1142857142857143,0.0433716527952698,675,Talken to me?
2682,4314,1,6,63,70,1.1142857142857143,0.0433716527952698,675,I wander if we could breed him with a poodle?
2710,4314,1,6,63,70,1.1142857142857143,0.0433716527952698,675,Looks like Marvin needs a snickers...
2758,4314,0,8,62,70,1.1142857142857143,0.038301717862847806,675,"Sic him Toto, like you learned at your doggie kindergarten class."
3708,4314,1,6,63,70,1.1142857142857143,0.0433716527952698,675,See Toby this is what happens when you run away
4449,4314,1,6,63,70,1.1142857142857143,0.0433716527952698,675,"You may not come from a family of good boys, but you can change that."
3778,4314,0,8,62,70,1.1142857142857143,0.038301717862847806,675,"That is a Monster of Darkness, Skippy, and he ain't going to throw you a puppy chew."
4370,4314,1,6,63,70,1.1142857142857143,0.0433716527952698,675,I think he’s just auditioned for Hadestown.
4382,4314,1,6,63,70,1.1142857142857143,0.0433716527952698,675,"No worries, his bark is worse than his bite."
4413,4314,0,8,62,70,1.1142857142857143,0.038301717862847806,675,"Remember when I would say, 'his bark is worse than his 
bite?' Not this time!"
4459,4314,1,6,63,70,1.1142857142857143,0.0433716527952698,675,Don't fall for that dog treat line. He tells all of the cute little dogs that 'Hello Moon'  fiction.
4460,4314,1,6,63,70,1.1142857142857143,0.0433716527952698,675,Nice try. This comfort dog does not work.
4470,4314,1,6,63,70,1.1142857142857143,0.0433716527952698,675,Why can’t I just walk my dog in peace for once without running into my ex.
4536,4314,1,6,63,70,1.1142857142857143,0.0433716527952698,675,I wish my neighbor also complied with the leash law.
4579,4314,1,6,63,70,1.1142857142857143,0.0433716527952698,675,And they say we should save the environment.
4606,4314,1,6,63,70,1.1142857142857143,0.0433716527952698,675,It comes down to this ol' boy. I know I can run faster than you
4615,4314,0,8,62,70,1.1142857142857143,0.038301717862847806,675,Just wait until you meet my relatives.
4631,4314,0,8,62,70,1.1142857142857143,0.038301717862847806,675,Was it really worth it to chase that squirrel?
4710,4314,1,6,63,70,1.1142857142857143,0.0433716527952698,675,Why can't you be ferocious like that?
4708,4314,1,6,63,70,1.1142857142857143,0.0433716527952698,675,You always bark loudly to frighten the mailman away. Why aren't you trying to scare this guy?
4709,4314,1,6,63,70,1.1142857142857143,0.0433716527952698,675,It's a little derivative.
2147,4314,0,8,62,70,1.1142857142857143,0.038301717862847806,675,But I can’t let you off the leash.
4357,4314,1,6,63,70,1.1142857142857143,0.0433716527952698,675,"Bark, stupid."
3746,4314,2,4,64,70,1.1142857142857143,0.047908025853103935,675,"Sic, Fido, Sic!"
4333,4314,0,8,62,70,1.1142857142857143,0.038301717862847806,675,"And that, biggles, is how I met your mother."
4266,4314,1,6,63,70,1.1142857142857143,0.0433716527952698,675,"Go, get it Bravo."
3779,4314,0,8,62,70,1.1142857142857143,0.038301717862847806,675,This is why I am not a big fan of ancestry.com.
3783,4314,1,6,63,70,1.1142857142857143,0.0433716527952698,675,I don’t care if he’s a distant cousin of yours.
3785,4314,1,6,63,70,1.1142857142857143,0.0433716527952698,675,I knew we should never have taken the road less traveled!
3931,4314,0,8,62,70,1.1142857142857143,0.038301717862847806,675,"I guess it's mommy's turn to be the ""cool"" parent."
3985,4314,0,8,62,70,1.1142857142857143,0.038301717862847806,675,Typical...
3997,4314,1,6,63,70,1.1142857142857143,0.0433716527952698,675,Come on man ..you got to be kidding I ordered a hot dog and look at u...grrrr
4004,4314,0,8,62,70,1.1142857142857143,0.038301717862847806,675,I hope this isn't what our kids are going to look like.
4097,4314,0,8,62,70,1.1142857142857143,0.038301717862847806,675,"He says Ancestory.com revealed your related, but he’s not the of  purebred line."
4130,4314,1,6,63,70,1.1142857142857143,0.0433716527952698,675,"‘’ I don’t want you to get PTSD, so I’m going to let you stare in wonder one more second, and then WE ARE OUT OF HERE.’"
4171,4314,2,4,64,70,1.1142857142857143,0.047908025853103935,675,Turns out you and I are half brothers.
4192,4314,1,6,63,70,1.1142857142857143,0.0433716527952698,675,"Oh well, don't worry pal. He's not gonna eat you. He's just vociferous."
4197,4314,1,6,63,70,1.1142857142857143,0.0433716527952698,675,"Here we go again ...A loose dog, no collar or owner in sight.
Ah wait, here comes the owner,  20 minutes later, wearing his lead & collar around HIS neck!"
4224,4314,1,6,63,70,1.1142857142857143,0.0433716527952698,675,I'd rather be skimming The New Yorker.
4241,4314,1,6,63,70,1.1142857142857143,0.0433716527952698,675,I hate to admit that Tucker Carlson may have been right for once.
4253,4314,0,8,62,70,1.1142857142857143,0.038301717862847806,675,Now that's a hound!
4294,4314,1,6,63,70,1.1142857142857143,0.0433716527952698,675,"Your mark, your fight."
2146,4314,1,6,63,70,1.1142857142857143,0.0433716527952698,675,if you pee on it you'll be kindling
4463,4314,0,8,62,70,1.1142857142857143,0.038301717862847806,675,"Zoinks, Scoob."
2130,4314,0,8,62,70,1.1142857142857143,0.038301717862847806,675,See what happens when you eat all you yummy dog food?!!
638,4314,1,6,63,70,1.1142857142857143,0.0433716527952698,675,"Relax, we're good ! He's a pussy !"
677,4314,0,8,62,70,1.1142857142857143,0.038301717862847806,675,Sic ‘em JC
694,4314,0,8,62,70,1.1142857142857143,0.038301717862847806,675,"Don’t worry!
We just have to trust him!!"
733,4314,1,6,63,70,1.1142857142857143,0.0433716527952698,675,We’ll become him when we are one.
740,4314,0,8,62,70,1.1142857142857143,0.038301717862847806,675,"I think you mean ""where IS THE wolf?"" Speak, indeed, Rufus!"
752,4314,0,8,62,70,1.1142857142857143,0.038301717862847806,675,I guess they weren’t underplaying the “one day you will be tested” when we failed that obedience course.
629,4314,1,6,63,70,1.1142857142857143,0.0433716527952698,675,Now  I am guessing that the edible I  dropped  in  your  bowl just kicked in because we are standing  in front of a Willow  tree yet you look   like  you  could  squeeze a diamond out right now.
820,4314,0,8,62,70,1.1142857142857143,0.038301717862847806,675,He's your cousin.
852,4314,0,8,62,70,1.1142857142857143,0.038301717862847806,675,You and your little dog too!
892,4314,1,6,63,70,1.1142857142857143,0.0433716527952698,675,Look him straight in the eyes.
893,4314,0,8,62,70,1.1142857142857143,0.038301717862847806,675,I told you not to scare him! Now we have to wait until he calms down to take him home.
913,4314,1,6,63,70,1.1142857142857143,0.0433716527952698,675,It's just an illusion -- the real monster is waiting for you at home!
976,4314,0,8,62,70,1.1142857142857143,0.038301717862847806,675,Your 401K will do really well!
985,4314,0,8,62,70,1.1142857142857143,0.038301717862847806,675,"Not yet, Fang."
823,4314,1,6,63,70,1.1142857142857143,0.0433716527952698,675,"Fido, this is one time you'll have to take care of your business at home."
614,4314,1,6,63,70,1.1142857142857143,0.0433716527952698,675,"Spike, do you remember this from obedience training?"""
558,4314,0,8,62,70,1.1142857142857143,0.038301717862847806,675,He's practicing for Halloween
539,4314,1,6,63,70,1.1142857142857143,0.0433716527952698,675,he says that i will get more out of a best fiend
2137,4314,1,6,63,70,1.1142857142857143,0.0433716527952698,675,I thought the monster was supposed to be metaphorical.
42,4314,1,6,63,70,1.1142857142857143,0.0433716527952698,675,I wonder where his owner is.
129,4314,2,4,64,70,1.1142857142857143,0.047908025853103935,675,And that's why we can't have children.
186,4314,1,6,63,70,1.1142857142857143,0.0433716527952698,675,Try never to end up like your Uncle Tony
207,4314,1,6,63,70,1.1142857142857143,0.0433716527952698,675,You see what happens when you eat from the table?
263,4314,0,8,62,70,1.1142857142857143,0.038301717862847806,675,This is why I prefer we walk in the park
277,4314,0,8,62,70,1.1142857142857143,0.038301717862847806,675,"You're not much of a watchdog, are you?"
312,4314,1,6,63,70,1.1142857142857143,0.0433716527952698,675,"He may look scary, but he's got a wicked slam dunk"
322,4314,2,4,64,70,1.1142857142857143,0.047908025853103935,675,"Well, he doesn't seem to be listening to me.  Maybe you can talk him out of eating us."
339,4314,0,8,62,70,1.1142857142857143,0.038301717862847806,675,"IT MUST BE ""MOONDAY"""
427,4314,1,6,63,70,1.1142857142857143,0.0433716527952698,675,"I guarantee he's afraid of cats"""
466,4314,3,2,65,70,1.1142857142857143,0.052050529450620525,675,"I told you Frank, father would return one day.Woof!"
472,4314,0,8,62,70,1.1142857142857143,0.038301717862847806,675,"Hey rover, should we let him know that costume could give him a serious rash?"
534,4314,2,4,64,70,1.1142857142857143,0.047908025853103935,675,"Yes you have to wear a leash but you don't have to search everywhere for food, a bed and someone to give you a scratch."
538,4314,1,6,63,70,1.1142857142857143,0.0433716527952698,675,Now you are not Barking?
1003,4314,0,8,62,70,1.1142857142857143,0.038301717862847806,675,"Yes, Piper, he needs his nails trimmed- for starters."
1053,4314,0,8,62,70,1.1142857142857143,0.038301717862847806,675,I skipped Kimmel for this?
355,4314,2,4,64,70,1.1142857142857143,0.047908025853103935,675,This is what comes from ripping off Bernie Wrightson.
1110,4314,1,6,63,70,1.1142857142857143,0.0433716527952698,675,"You ARE going to clean up after him, right?"
1700,4314,1,6,63,70,1.1142857142857143,0.0433716527952698,675,Don’t be afraid.  It’s not President Trump.
1751,4314,0,8,62,70,1.1142857142857143,0.038301717862847806,675,"That's right, Buddy. Nothing to worry about. We saw him in that movie last week on Hulu. Let's go, fella."
1786,4314,1,6,63,70,1.1142857142857143,0.0433716527952698,675,"I don't think you were descended from him, no matter what paleontologists say."
1809,4314,0,8,62,70,1.1142857142857143,0.038301717862847806,675,"""Don't just stand there!   Protect me, Poochie. Sic 'em!"""
1903,4314,2,4,64,70,1.1142857142857143,0.047908025853103935,675,This is yourbancestrt
1931,4314,1,6,63,70,1.1142857142857143,0.0433716527952698,675,You see what happens when you pee in the neighbor's yard.
1943,4314,2,4,64,70,1.1142857142857143,0.047908025853103935,675,"When I said bad dog, I wasn't referring to you."
1951,4314,1,6,63,70,1.1142857142857143,0.0433716527952698,675,"See what you've done? I told you not to grab food off the coffee table,"
1973,4314,1,6,63,70,1.1142857142857143,0.0433716527952698,675,Just pee on it again when he's finished.
1990,4314,0,8,62,70,1.1142857142857143,0.038301717862847806,675,What the hell!? Have to hold  off on the LSD until after your walk.
2025,4314,0,8,62,70,1.1142857142857143,0.038301717862847806,675,"He is your son as much as mine, Lola."
2089,4314,1,6,63,70,1.1142857142857143,0.0433716527952698,675,Do you want to make a new friend?
2097,4314,0,8,62,70,1.1142857142857143,0.038301717862847806,675,Keep it entertained while I go for help.
1099,4314,1,6,63,70,1.1142857142857143,0.0433716527952698,675,A doodle gone wrong.
2125,4314,1,6,63,70,1.1142857142857143,0.0433716527952698,675,"Didn't you hear me?  I said ""sic em""."
1688,4314,2,4,64,70,1.1142857142857143,0.047908025853103935,675,Pissing it looks like a very bad idea actually...!
1683,4314,1,6,63,70,1.1142857142857143,0.0433716527952698,675,You can be anything if you work hard enough
1962,4314,0,8,62,70,1.1142857142857143,0.038301717862847806,675,I wanted to show why I am cashing in my savings bonds.  I don’t expect you to understand.
1606,4314,2,4,64,70,1.1142857142857143,0.047908025853103935,675,What are you barking about now?
1111,4314,1,6,63,70,1.1142857142857143,0.0433716527952698,675,"This, my friend, is where the two of us part ways."
1136,4314,0,8,62,70,1.1142857142857143,0.038301717862847806,675,I thought you just wanted to chase a few squirrels??!
1623,4314,0,8,62,70,1.1142857142857143,0.038301717862847806,675,This is what happens when you eat stuff off of the street
1144,4314,1,6,63,70,1.1142857142857143,0.0433716527952698,675,"This repetiive dream... here’s the part where I wake up in a flop sweat, because the monsters voice is my mother, threatening to eat my dog if I don’t come over for dinner."
1167,4314,1,6,63,70,1.1142857142857143,0.0433716527952698,675,"Tippy, it's not fair to you that I gave you my divided attention during our walk. I apologize.  Now can we go home?"
1184,4314,1,6,63,70,1.1142857142857143,0.0433716527952698,675,And you thought you were having a bad day.
1238,4314,0,8,62,70,1.1142857142857143,0.038301717862847806,675,"Bark. If he chases us, I will look at his feet and we will know for sure."
1282,4314,0,8,62,70,1.1142857142857143,0.038301717862847806,675,"So your genealogy website states you are related to him, and that's why you keep me up at night howling at the moon"
1303,4314,0,8,62,70,1.1142857142857143,0.038301717862847806,675,Walking at night is good for you...but your results may vary
1215,4314,0,8,62,70,1.1142857142857143,0.038301717862847806,675,Is this that relative you wanted to invite over for dinner?
1409,4314,0,8,62,70,1.1142857142857143,0.038301717862847806,675,"Pretend you don’t know he’s Mr. Henderson, and bark politely."
1428,4314,0,8,62,70,1.1142857142857143,0.038301717862847806,675,"Not to worry, Jake, it's just Joe Biden off his medication."
1454,4314,1,6,63,70,1.1142857142857143,0.0433716527952698,675,"Jeez Louise, everybody thinks they're a comedian."""
1564,4314,1,6,63,70,1.1142857142857143,0.0433716527952698,675,It wasn’t even my night to walk the dog.
1346,4314,0,8,62,70,1.1142857142857143,0.038301717862847806,675,Say hello to your cousin
1481,4314,0,8,62,70,1.1142857142857143,0.038301717862847806,675,You may want to give a pass on sniffing this one's butt...
2182,4461,1,6,65,72,1.1111111111111112,0.042217280000676725,675,"The way you're sniffing so much, it makes it seem as if there's a giant there or something."
3456,4462,1,5,59,65,1.1076923076923078,0.04452244962611625,675,He wouldn’t  fetch
3442,4463,0,7,59,66,1.106060606060606,0.038192176787049927,675,Did Max misbehave again last night?
3218,4463,0,7,59,66,1.106060606060606,0.038192176787049927,675,At least he stays on command.
3219,4463,0,7,59,66,1.106060606060606,0.038192176787049927,675,Stay!  He's just trying to scare you!
3241,4463,1,5,60,66,1.106060606060606,0.04387303082685012,675,Dude.  I’m a rescue.  I used to eat your kind for lunch.
3390,4463,0,7,59,66,1.106060606060606,0.038192176787049927,675,"I said beauty, not beast!"
3376,4463,0,7,59,66,1.106060606060606,0.038192176787049927,675,Do you want to go say Hi?
3381,4463,1,5,60,66,1.106060606060606,0.04387303082685012,675,"On the bright side, you'll have plenty of bones to bury."
3419,4463,0,7,59,66,1.106060606060606,0.038192176787049927,675,"don't worry, it's just a lawn ornament."
3217,4463,1,5,60,66,1.106060606060606,0.04387303082685012,675,"If you want to pet him, my dog's friendly … and lucky for you, inclusive to all animals."
3288,4463,0,7,59,66,1.106060606060606,0.038192176787049927,675,What is there about [Sic 'EM] that you don't understand?
3127,4463,1,5,60,66,1.106060606060606,0.04387303082685012,675,Don't be scared.  It's just my uncle Dracula.
2631,4463,0,7,59,66,1.106060606060606,0.038192176787049927,675,"You can take him, Freddie; he's more afraid of you than you are of him."
3026,4463,0,7,59,66,1.106060606060606,0.038192176787049927,675,"Heel Buddy, he's not filled with ​complete and balanced nutrition that provides all that you need."
3016,4463,0,7,59,66,1.106060606060606,0.038192176787049927,675,Don't look at her that way. Can't you see she's not your type?
2778,4463,1,5,60,66,1.106060606060606,0.04387303082685012,675,I forgot to tell you that my mother in law was coming today.
2774,4463,0,7,59,66,1.106060606060606,0.038192176787049927,675,Bite him in the ankle but don't hurt him.
2702,4463,0,7,59,66,1.106060606060606,0.038192176787049927,675,He feeds on fear - remember we are stronger together.
2664,4463,0,7,59,66,1.106060606060606,0.038192176787049927,675,"Whatever you do, don't look him in his eyes."
2581,4463,0,7,59,66,1.106060606060606,0.038192176787049927,675,The Jets could use him on defense.
2544,4463,0,7,59,66,1.106060606060606,0.038192176787049927,675,I’d advise against a #metoo moment with her
2532,4463,1,5,60,66,1.106060606060606,0.04387303082685012,675,It's OK ... he knows you're not a marshmallow.
2522,4463,0,7,59,66,1.106060606060606,0.038192176787049927,675,That’s you Great Uncle Lucifer. I know he looks scary but he’s just from Trump’s wish list in Utopia.
2519,4463,0,7,59,66,1.106060606060606,0.038192176787049927,675,"It's a bad omen, and one of us has to has to handle it!"
3094,4463,0,7,59,66,1.106060606060606,0.038192176787049927,675,Gee: Look at his tiny feet!
3470,4463,0,7,59,66,1.106060606060606,0.038192176787049927,675,Don't bark.
4365,4463,2,3,61,66,1.106060606060606,0.04889829547268706,675,Remember your training.
3534,4463,1,5,60,66,1.106060606060606,0.04387303082685012,675,Clearly not a postal worker then?
4728,4463,0,7,59,66,1.106060606060606,0.038192176787049927,675,"Hmmm, “beware the moon & stick to the road”, I get it now..."
4691,4463,0,7,59,66,1.106060606060606,0.038192176787049927,675,"For the third time, he's not your father!"
2503,4463,0,7,59,66,1.106060606060606,0.038192176787049927,675,"Yeah, he's trying to terrify us, but he doesn't know the world today has beaten him to it, Hot..."
4647,4463,1,5,60,66,1.106060606060606,0.04387303082685012,675,Settle down. He won’t be your type in the morning.
4641,4463,0,7,59,66,1.106060606060606,0.038192176787049927,675,Now do you feel more ready to go to the vet?
4640,4463,1,5,60,66,1.106060606060606,0.04387303082685012,675,"Come on baby, aren't you going to defend your Master?... Bark or growl, make a move, I'm waiting"
4566,4463,0,7,59,66,1.106060606060606,0.038192176787049927,675,Don’t be afraid. He’s just trolling you.
4548,4463,0,7,59,66,1.106060606060606,0.038192176787049927,675,Don’t worry. When he takes off that costume he’s just a chihuahua.
4476,4463,1,5,60,66,1.106060606060606,0.04387303082685012,675,Are you going to protect me or just stand there and stare!?
4411,4463,1,5,60,66,1.106060606060606,0.04387303082685012,675,Mommy hates to pee in public.
4319,4463,0,7,59,66,1.106060606060606,0.038192176787049927,675,And they thought only human needed therapist!
4174,4463,1,5,60,66,1.106060606060606,0.04387303082685012,675,A Furry Con must be in town tonight.
4164,4463,1,5,60,66,1.106060606060606,0.04387303082685012,675,You just tell him to go pick on someone his own size.
4116,4463,0,7,59,66,1.106060606060606,0.038192176787049927,675,"it not the only new Transhuman with AI, others coming around the corner.""

Hans M Sass, Reston V"
4091,4463,0,7,59,66,1.106060606060606,0.038192176787049927,675,I told you there was nothing to bark about.
4079,4463,1,5,60,66,1.106060606060606,0.04387303082685012,675,Daddy needs a cute puppy to help confront his demons.
4063,4463,1,5,60,66,1.106060606060606,0.04387303082685012,675,So are you gonna sniff it’s asshole or what?
4056,4463,0,7,59,66,1.106060606060606,0.038192176787049927,675,"That's weird, I just got the exact same feeling I get when I watch the news."
3874,4463,1,5,60,66,1.106060606060606,0.04387303082685012,675,"Unbelievable, I know.  But Ancestry confirms it."
3811,4463,0,7,59,66,1.106060606060606,0.038192176787049927,675,"Sik him, Fluffy!"
3787,4463,1,5,60,66,1.106060606060606,0.04387303082685012,675,I don’t think you know what beastiality means
3781,4463,0,7,59,66,1.106060606060606,0.038192176787049927,675,No worries....I didn’t check your DNA for relatives.
3661,4463,1,5,60,66,1.106060606060606,0.04387303082685012,675,Remember when I got that Ancestry DNA  kit?
3613,4463,1,5,60,66,1.106060606060606,0.04387303082685012,675,"Dad, my vote is to ignore. Yours?"
3567,4463,0,7,59,66,1.106060606060606,0.038192176787049927,675,"Oof, was that you again Sparky? You've got to lay off all that peanut butter!"
3481,4463,1,5,60,66,1.106060606060606,0.04387303082685012,675,This is what happens when you get picky about your food.
2495,4463,0,7,59,66,1.106060606060606,0.038192176787049927,675,"NO! If you can't kill it, I can't cook it!"
4336,4463,1,5,60,66,1.106060606060606,0.04387303082685012,675,You just had to go out once more.
2442,4463,0,7,59,66,1.106060606060606,0.038192176787049927,675,This is the meaning of incongruous.
887,4463,1,5,60,66,1.106060606060606,0.04387303082685012,675,They said there might be coyotes.
810,4463,1,5,60,66,1.106060606060606,0.04387303082685012,675,This really beats the Hamptons.
723,4463,0,7,59,66,1.106060606060606,0.038192176787049927,675,You were the one who stayed in the car at the Doggie Self-Defense School.
717,4463,0,7,59,66,1.106060606060606,0.038192176787049927,675,see... this is what happen when you are not a good boy!
2449,4463,0,7,59,66,1.106060606060606,0.038192176787049927,675,"No, my patronus is the enemy of the people."
555,4463,1,5,60,66,1.106060606060606,0.04387303082685012,675,"No bark, Bailey."
545,4463,1,5,60,66,1.106060606060606,0.04387303082685012,675,I knew we should have bought a goldfish.
537,4463,0,7,59,66,1.106060606060606,0.038192176787049927,675,"You told me you'd turn into one, too -- not a dog!"
524,4463,1,5,60,66,1.106060606060606,0.04387303082685012,675,"No, it's just pollution.  You'll get used to it."
520,4463,1,5,60,66,1.106060606060606,0.04387303082685012,675,(TNY DEV TEST) Mon Aug 19 2019 17:09:16 GMT-0400 (Eastern Daylight Time)
888,4463,0,7,59,66,1.106060606060606,0.038192176787049927,675,"If you don't behave yourself,you'll end up his lunch!!!"
507,4463,1,5,60,66,1.106060606060606,0.04387303082685012,675,"I told you, you take after your mother."
416,4463,0,7,59,66,1.106060606060606,0.038192176787049927,675,Come on Tiger do your thing!
407,4463,0,7,59,66,1.106060606060606,0.038192176787049927,675,Uh. you are way beyond meat.
236,4463,0,7,59,66,1.106060606060606,0.038192176787049927,675,"Your collar is made of silver... Don't be afraid, attack."
199,4463,1,5,60,66,1.106060606060606,0.04387303082685012,675,I told you not to mess with that cat!
188,4463,0,7,59,66,1.106060606060606,0.038192176787049927,675,You really should go easier on your water bowl.
127,4463,0,7,59,66,1.106060606060606,0.038192176787049927,675,I can't remember if I gave you your anti psychotic medications this morning
92,4463,0,7,59,66,1.106060606060606,0.038192176787049927,675,You really should have better role models.
90,4463,0,7,59,66,1.106060606060606,0.038192176787049927,675,Where's your big dog bark now that you're closer?
35,4463,1,5,60,66,1.106060606060606,0.04387303082685012,675,"To think it's only 30,000 years since dogs domesticated the Wendigo."
11,4463,0,7,59,66,1.106060606060606,0.038192176787049927,675,Welcome to Cosmetic World.
420,4463,1,5,60,66,1.106060606060606,0.04387303082685012,675,See what happens if you eat that expensive dog food.
890,4463,1,5,60,66,1.106060606060606,0.04387303082685012,675,This is Melvin. He looked just like you before keto
881,4463,0,7,59,66,1.106060606060606,0.038192176787049927,675,"You're my best friend, right? And what do best friends do, they take care of their best friends."
964,4463,1,5,60,66,1.106060606060606,0.04387303082685012,675,What are you looking at? It's his dog.
2435,4463,1,5,60,66,1.106060606060606,0.04387303082685012,675,"Well Spot, looks like another hot day in foggy bottom."
2388,4463,0,7,59,66,1.106060606060606,0.038192176787049927,675,"Yeah, his butt smells just like everybody else’s."
2223,4463,0,7,59,66,1.106060606060606,0.038192176787049927,675,I was following you
2218,4463,0,7,59,66,1.106060606060606,0.038192176787049927,675,It’s ok. His bark is worse than his bite.
2145,4463,0,7,59,66,1.106060606060606,0.038192176787049927,675,He's your cousin and my uncle.
2095,4463,0,7,59,66,1.106060606060606,0.038192176787049927,675,"Now, Rover, don't get ideas."
1851,4463,0,7,59,66,1.106060606060606,0.038192176787049927,675,The smile radiates love for you.
1719,4463,0,7,59,66,1.106060606060606,0.038192176787049927,675,"Well, go on and do your business. We haven't got all day!"
951,4463,0,7,59,66,1.106060606060606,0.038192176787049927,675,"Run the economics, Max. 
 You're on a leash.  He's on a retainer.
Dump behind the couch one more time and he starts earning his pay."
1699,4463,0,7,59,66,1.106060606060606,0.038192176787049927,675,Don't tell me being man's best friend is all hype.
1672,4463,0,7,59,66,1.106060606060606,0.038192176787049927,675,It's just a tree.
1661,4463,0,7,59,66,1.106060606060606,0.038192176787049927,675,"This is why we always stay in the small and shy dog area, buddy."
1708,4463,0,7,59,66,1.106060606060606,0.038192176787049927,675,Don't worry.  We don't believe in these things any more.
1640,4463,1,5,60,66,1.106060606060606,0.04387303082685012,675,This is the last Clear the Shelter client...
1008,4463,0,7,59,66,1.106060606060606,0.038192176787049927,675,Howlin' the hell could this surprise you on a full-moon night?
1646,4463,0,7,59,66,1.106060606060606,0.038192176787049927,675,"Shh, don't bark.  It's just a monster, not another dog."
1061,4463,0,7,59,66,1.106060606060606,0.038192176787049927,675,Well if this doesn't scare the crap out of you this walk is over!
1076,4463,0,7,59,66,1.106060606060606,0.038192176787049927,675,Why do you need to bring your family in every time we disagree?
1044,4463,0,7,59,66,1.106060606060606,0.038192176787049927,675,"Good dog! That pop-up certainly looks like the real thing, but it isn't."
1230,4463,0,7,59,66,1.106060606060606,0.038192176787049927,675,Is this really where you need to walk today?
1251,4463,0,7,59,66,1.106060606060606,0.038192176787049927,675,Do you think this is the result of the legalization of weed?
1310,4463,0,7,59,66,1.106060606060606,0.038192176787049927,675,"So, do you remember all the food you thought I was just giving you?"
1529,4463,2,3,61,66,1.106060606060606,0.04889829547268706,675,"Yes, I know it is not in your job description, but budgets are tight."
1194,4463,0,7,59,66,1.106060606060606,0.038192176787049927,675,"Don't worry, he doesn't want to eat you. He's just test driving the latest electric scorched earth skateboard."
2385,4569,1,5,61,67,1.1044776119402986,0.04324223293582181,675,I'd like you to meet your father.
4532,4569,1,5,61,67,1.1044776119402986,0.04324223293582181,675,Now you know why I take you to the vet.
100,4569,1,5,61,67,1.1044776119402986,0.04324223293582181,675,"I told you not to drink the water""
Cheryl Campagne, New Hartford, Con"
564,4569,1,5,61,67,1.1044776119402986,0.04324223293582181,675,Oh no!
982,4569,1,5,61,67,1.1044776119402986,0.04324223293582181,675,"Don’t worry about the full moon Max.  It’s Donald Trump thinking his hair looks great, expecting some big ratings, and ready to say a few off the cuff remarks."
2418,4569,1,5,61,67,1.1044776119402986,0.04324223293582181,675,"Hey, didn't you see the signs to ""Leash Your Dog?"""
4389,4575,2,3,63,68,1.1029411764705883,0.04749985389910039,675,See what happens to you when you're not a Vegan.
2920,4575,2,3,63,68,1.1029411764705883,0.04749985389910039,675,"He gets this from your side of the family. (Please note this caption assumes that the man and dog are married, and that the wolfman is their child)."
2065,4575,1,5,62,68,1.1029411764705883,0.04262926879107264,675,"Prove yourself brave, truthful and unselfish, and someday you *will* be a real dog."
864,4575,1,5,62,68,1.1029411764705883,0.04262926879107264,675,"Yes, you were a werewolf wolf --in a previous lifetime."
4403,4579,2,3,65,70,1.1,0.04617905559865247,675,"Alright, this week I'll definitely swing by the vet's office for a new pack of flea treatment."
4364,4579,1,5,64,70,1.1,0.04145390815152651,675,"If I'm gonna die, at least I'm dying with my dog who still chews up all my shoes. Don't look at me like that, I've had you for 5 years and you still won't stop! Hey, Mr. Werewolf guy! You agree with me here, right?"
676,4581,0,7,66,73,1.095890410958904,0.034700192131439885,675,Roll-over!
38,4582,0,6,57,63,1.0952380952380953,0.03728006482184823,675,"You ask how I got here, and I assure you the day started as any other. Now, Rex (that's the doe-eyed ball of fluff you see beside me) isn't quite the young pup he once was, but today..."
276,4582,1,4,58,63,1.0952380952380953,0.04361004475139291,675,"You criticize the furry fandom, but did you know the oldest figurative art ever made featured anthropomorphic animals? I think it is conceivable that there is something in furries that the shaman of old had, some primal animalistic affinity. Anyway,"
1600,4582,0,6,57,63,1.0952380952380953,0.03728006482184823,675,What no bark? Not benign enough for you?
2334,4585,0,6,58,64,1.09375,0.036723103212062694,675,Don't sweat it. The Lake Ness Monster doesn't eat hot dogs.
4312,4585,1,4,59,64,1.09375,0.0429490169335173,675,That's not a Buick!
3669,4585,0,6,58,64,1.09375,0.036723103212062694,675,"Tom Potter: ""Sand your ground. I think he's ready to back down.  Stephen West:  This is what happens to bad little dogs who chew their masters' slippers."
2635,4585,0,6,58,64,1.09375,0.036723103212062694,675,"Nice timing on the walkie, Fido."
1161,4585,1,4,59,64,1.09375,0.0429490169335173,675,Yes he's my cousin but by the looks of it he's yours too
475,4585,0,6,58,64,1.09375,0.036723103212062694,675,You’re not what I expected when I rubbed the rock
793,4585,0,6,58,64,1.09375,0.036723103212062694,675,"Is it me, or is this relaxing nature walk turning into something less than rejuvenating?"
452,4585,0,6,58,64,1.09375,0.036723103212062694,675,"Go chase it away, girl!"
374,4585,0,6,58,64,1.09375,0.036723103212062694,675,"don't bark, you'll frighten him"
899,4585,1,4,59,64,1.09375,0.0429490169335173,675,"O.K., in all the horror movies the 'good dog' protect his master from the monster.  And don't be the unaccompanied guy who goes to the remote cabin for a 'relaxing weekend.'"
2968,4595,0,6,59,65,1.0923076923076922,0.03618247638889766,675,See! I told you if you bit Harry Bliss this would happen!
3233,4595,0,6,59,65,1.0923076923076922,0.03618247638889766,675,"He's MY spirit animal,not yours!"
572,4597,0,6,60,66,1.0909090909090908,0.03565747911603346,675,Bark three times. Then sit.
4029,4598,1,4,62,67,1.0895522388059702,0.04108073750471496,675,"Sorry, Mr. Pompom—she’s got better shading and attention to detail in the lines of his fur, so I’m trading you in. She’s Mr. Pompom now."
912,4599,0,5,54,59,1.0847457627118644,0.03656923485905472,675,mmmmm...that's a tasty little morsel
3079,4600,0,5,55,60,1.0833333333333333,0.03598231413236438,675,Told ya this would happen if ya peed on Grampa's tomato plants!
2929,4600,1,3,56,60,1.0833333333333333,0.04312422383919018,675,"OK fine, I guess the mailman does owe you an apology."
2914,4600,0,5,55,60,1.0833333333333333,0.03598231413236438,675,That is your dad!
2909,4600,0,5,55,60,1.0833333333333333,0.03598231413236438,675,I thought you ate that poop.
3216,4600,0,5,55,60,1.0833333333333333,0.03598231413236438,675,"You may be my best friend, but, you know, we bipeds need to stick together."
3194,4600,0,5,55,60,1.0833333333333333,0.03598231413236438,675,"You don’t scare me, I’m an American."
2899,4600,0,5,55,60,1.0833333333333333,0.03598231413236438,675,"Rex, don't snap at mother-in-law."""
2332,4600,0,5,55,60,1.0833333333333333,0.03598231413236438,675,"See that? No more unprotected lakes for you, Spike."
2753,4600,0,5,55,60,1.0833333333333333,0.03598231413236438,675,He's just jealous.
2717,4600,0,5,55,60,1.0833333333333333,0.03598231413236438,675,Be glad you don't have in laws.
2626,4600,0,5,55,60,1.0833333333333333,0.03598231413236438,675,Going Dogging
2619,4600,0,5,55,60,1.0833333333333333,0.03598231413236438,675,"If he wants to tickle your chin, just let him do it."
2584,4600,0,5,55,60,1.0833333333333333,0.03598231413236438,675,"See Toto, now that's a real threat."
2582,4600,0,5,55,60,1.0833333333333333,0.03598231413236438,675,"Enzo, meet your Uncle , Ferrari . _Judith Morse, Corte Madera, California."
2476,4600,0,5,55,60,1.0833333333333333,0.03598231413236438,675,Never chase crypto-fauna
3282,4600,0,5,55,60,1.0833333333333333,0.03598231413236438,675,Is it really what you want to be when you'll get old?
2357,4600,1,3,56,60,1.0833333333333333,0.04312422383919018,675,Please bite me to wake me up from this dream.
2773,4600,0,5,55,60,1.0833333333333333,0.03598231413236438,675,What do you mean service animals aren’t allowed in hell?
3380,4600,0,5,55,60,1.0833333333333333,0.03598231413236438,675,I hear Lucifer is Trump's way of discouraging tourism here at Devil's Den.
4098,4600,0,5,55,60,1.0833333333333333,0.03598231413236438,675,"Forget that ""fight in the dog"" stuff I told you."
3435,4600,0,5,55,60,1.0833333333333333,0.03598231413236438,675,"Boy, the cat really got big!"
4720,4600,1,3,56,60,1.0833333333333333,0.04312422383919018,675,He smells bad.
4582,4600,0,5,55,60,1.0833333333333333,0.03598231413236438,675,Really? Now you’re not yapping?
4496,4600,0,5,55,60,1.0833333333333333,0.03598231413236438,675,He wants access to our Internet account
4450,4600,0,5,55,60,1.0833333333333333,0.03598231413236438,675,"I would adopt him, but Sparky is better protection.  Sparky's an alpha every night."
4406,4600,0,5,55,60,1.0833333333333333,0.03598231413236438,675,"Believe me, it’s far more terrifying in color."
4351,4600,0,5,55,60,1.0833333333333333,0.03598231413236438,675,It’s that way by the old steel mill.
4343,4600,0,5,55,60,1.0833333333333333,0.03598231413236438,675,"Mom, meet your grandson, Snowball."
4323,4600,0,5,55,60,1.0833333333333333,0.03598231413236438,675,LaPlace’s demon! Will I get bacon for breakfast tomorrow?
3428,4600,0,5,55,60,1.0833333333333333,0.03598231413236438,675,Well Spot meet your new owner. You’ll love the way he  scratches behind your ears.
4181,4600,0,5,55,60,1.0833333333333333,0.03598231413236438,675,"As Man's best friend, I know he'll defend me."
4109,4600,0,5,55,60,1.0833333333333333,0.03598231413236438,675,"Oh shoot, I forgot to bring a plastic bag!"
3835,4600,0,5,55,60,1.0833333333333333,0.03598231413236438,675,I'm proud of you for staying. Sorry I can't remember the release cue.
3715,4600,0,5,55,60,1.0833333333333333,0.03598231413236438,675,YOU DON'T SCARE ME A BIT.  LOOK WHO'S WALKING ME. YOU LOOK KINDA INTERESTING
3699,4600,0,5,55,60,1.0833333333333333,0.03598231413236438,675,His poll numbers are in the tank.
3674,4600,0,5,55,60,1.0833333333333333,0.03598231413236438,675,It’s only a squirrel. Remember what I said about letting your imagination get away from you.
3590,4600,0,5,55,60,1.0833333333333333,0.03598231413236438,675,You can pee.
3576,4600,0,5,55,60,1.0833333333333333,0.03598231413236438,675,Does he have to ring the doorbell?
3569,4600,0,5,55,60,1.0833333333333333,0.03598231413236438,675,I think we'd better find you a different rock to pee on.
4152,4600,0,5,55,60,1.0833333333333333,0.03598231413236438,675,"Easy, Rover--the bigger they come the harder they fall."
2259,4600,0,5,55,60,1.0833333333333333,0.03598231413236438,675,"Sorry master, he smells just like one of us."
1487,4600,0,5,55,60,1.0833333333333333,0.03598231413236438,675,Sic ‘em or not. Your choice!
2242,4600,0,5,55,60,1.0833333333333333,0.03598231413236438,675,This is the last time I let you take me to one of your family reunions.
1039,4600,0,5,55,60,1.0833333333333333,0.03598231413236438,675,I need to start taking my psychic more seriously.
967,4600,1,3,56,60,1.0833333333333333,0.04312422383919018,675,"Some overly long caption, maybe political,  which is vaguely humorous"
911,4600,1,3,56,60,1.0833333333333333,0.04312422383919018,675,"If you manage to sniff his butt, wag twice if it's Bill Wishmire; I have $40 on him in the pool."
868,4600,0,5,55,60,1.0833333333333333,0.03598231413236438,675,Sic'em. Sic'em. Sic'em.
855,4600,0,5,55,60,1.0833333333333333,0.03598231413236438,675,"Aw, come on!  He's all growl and no bite."
835,4600,0,5,55,60,1.0833333333333333,0.03598231413236438,675,This is how the tree felt all of those times you peed on it.
785,4600,0,5,55,60,1.0833333333333333,0.03598231413236438,675,Forget it.  You’d barely be an appetizer.
778,4600,0,5,55,60,1.0833333333333333,0.03598231413236438,675,So much for your imagination. There's no one there.
728,4600,0,5,55,60,1.0833333333333333,0.03598231413236438,675,I know I promised you'd see Nessie.
719,4600,1,3,56,60,1.0833333333333333,0.04312422383919018,675,"Go on, Sic-em!"
651,4600,0,5,55,60,1.0833333333333333,0.03598231413236438,675,"Horatio... ""supernatural curse"" is a crutch. No one made him drop out of obedience school."
549,4600,0,5,55,60,1.0833333333333333,0.03598231413236438,675,Don’t be fooled. It’s only August.
449,4600,0,5,55,60,1.0833333333333333,0.03598231413236438,675,"This is why you need firm behavioral limits, Toby."
425,4600,0,5,55,60,1.0833333333333333,0.03598231413236438,675,I thought you're a protection dog.
253,4600,0,5,55,60,1.0833333333333333,0.03598231413236438,675,"so he's a bull-bear, and you're an otter? am i doing this right? hahaha wow this is all so daddy."
208,4600,0,5,55,60,1.0833333333333333,0.03598231413236438,675,We have got to get your dad a new mattress.
2253,4600,0,5,55,60,1.0833333333333333,0.03598231413236438,675,"Just remember, when the subject comes up, we say we already bought cookies from another Girl Scout."
1100,4600,0,5,55,60,1.0833333333333333,0.03598231413236438,675,Remember that Rope-A-Dope thing I mentioned?
1149,4600,0,5,55,60,1.0833333333333333,0.03598231413236438,675,Brown acid flashback!
905,4600,0,5,55,60,1.0833333333333333,0.03598231413236438,675,"I know, he's not like us. He never brings his pooper scooper."
1186,4600,0,5,55,60,1.0833333333333333,0.03598231413236438,675,"It's not TV, it's HBO"
2171,4600,0,5,55,60,1.0833333333333333,0.03598231413236438,675,"I don't think Duke University... you know, their pitching is rather week this year... The training camp is three miles down there, you'll see the light poles when you get close."
2169,4600,0,5,55,60,1.0833333333333333,0.03598231413236438,675,I guess she meant business when she rang the dinner bell
2078,4600,0,5,55,60,1.0833333333333333,0.03598231413236438,675,He sheds too much during the full moon.  Prince can't come home with us till tomorrow.
1166,4600,0,5,55,60,1.0833333333333333,0.03598231413236438,675,Talk to him; he broke the tie on the leash law.
2004,4600,0,5,55,60,1.0833333333333333,0.03598231413236438,675,If you’re seeing what I’m seeing then we’re gonna have a bad time.
1982,4600,0,5,55,60,1.0833333333333333,0.03598231413236438,675,"See, I told you we shouldn't have gotten a cat."
1859,4600,0,5,55,60,1.0833333333333333,0.03598231413236438,675,"How's the Puppy Peyote? ""  ""Kill! ""  ""Fetch! ""  "" Even a puppy who says his preyers by night..."
1759,4600,1,3,56,60,1.0833333333333333,0.04312422383919018,675,Are you the creature from the Black Lagoon
1718,4600,0,5,55,60,1.0833333333333333,0.03598231413236438,675,"Boy, I thought I smelled something, but obviously this is worse."
2067,4600,1,3,56,60,1.0833333333333333,0.04312422383919018,675,Space Jam 2: Air Bud takes on the Monstars
1496,4600,0,5,55,60,1.0833333333333333,0.03598231413236438,675,"Don't worry, it can't hurt you.  It's just a liberal hoax......"
1195,4600,1,3,56,60,1.0833333333333333,0.04312422383919018,675,There's enough meat in that thing to feed a small dog for a year.
1350,4600,0,5,55,60,1.0833333333333333,0.03598231413236438,675,"Don't be scared, Rusty. It's a friendly cross between a pit bull and a shar-pei."
1283,4600,0,5,55,60,1.0833333333333333,0.03598231413236438,675,"Please, decide. If you want to play with him go now. We must come back early today."
1204,4600,0,5,55,60,1.0833333333333333,0.03598231413236438,675,"Smedley,this time,remember,AFTER he reveals the location of his hoard,THEN you can kill him."
1198,4600,0,5,55,60,1.0833333333333333,0.03598231413236438,675,Do you appreciate what we've done for you?
1196,4600,0,5,55,60,1.0833333333333333,0.03598231413236438,675,Great - I forgot the extra large bags for cleaning up after your brother
1621,4600,0,5,55,60,1.0833333333333333,0.03598231413236438,675,I thought you were trained to recognize someone in need of emotional support.
3075,4682,2,1,58,61,1.0819672131147542,0.048446251932899455,675,"Sure your quiet now - As I told you, If you Bark at the moon - this monster will eat you!"
2916,4682,0,5,56,61,1.0819672131147542,0.03541388359785716,675,C'mon Fido!  What kind of best friend are you if you can't protect me from this fiend?
1732,4682,0,5,56,61,1.0819672131147542,0.03541388359785716,675,"You're a lucky pup, Sandy. Gerational trauma never got to you at all."
1255,4682,0,5,56,61,1.0819672131147542,0.03541388359785716,675,"Mama mia! That's a spicy meatball! And it smells like a spicy aardvark.  Burp! I'm Gary, and I need a cuter dog."
239,4682,0,5,56,61,1.0819672131147542,0.03541388359785716,675,"See, this is what you'll become if you keep pissing in the house."
4488,4687,0,4,52,56,1.0714285714285714,0.03472660248602838,675,Oh please. It's more cultural appreciation than appropriation.
2815,4687,0,4,52,56,1.0714285714285714,0.03472660248602838,675,I KNOW how you hate baby talk.
4221,4687,0,4,52,56,1.0714285714285714,0.03472660248602838,675,"Guess you shouldn't have peed on that one, Boomer."
4614,4687,0,4,52,56,1.0714285714285714,0.03472660248602838,675,It was this or the monsters on the HOA
3801,4687,0,4,52,56,1.0714285714285714,0.03472660248602838,675,"Well, now is the time to earn your pay."
3142,4687,0,4,52,56,1.0714285714285714,0.03472660248602838,675,You wussy.
2953,4687,0,4,52,56,1.0714285714285714,0.03472660248602838,675,"Once again, I did not spike Fe-Fe's dog treats with steroids!"
2934,4687,0,4,52,56,1.0714285714285714,0.03472660248602838,675,Why did you have to draw the bull from Where the Wild Things Are? I can't even take my dog on a walk. So unnecessary.
2578,4687,0,4,52,56,1.0714285714285714,0.03472660248602838,675,They told me you were a purebred werehound.
700,4687,0,4,52,56,1.0714285714285714,0.03472660248602838,675,"See Mr. noodles, that’s why we bring you to the doggy groomer."
2325,4687,0,4,52,56,1.0714285714285714,0.03472660248602838,675,This is uncle Maurice -- he shouldda had more dental work.
2191,4687,0,4,52,56,1.0714285714285714,0.03472660248602838,675,"Grandpa, please don't get angry!"
1834,4687,0,4,52,56,1.0714285714285714,0.03472660248602838,675,It's a living!
1217,4687,0,4,52,56,1.0714285714285714,0.03472660248602838,675,"Get in the Eva, shinji."
952,4687,0,4,52,56,1.0714285714285714,0.03472660248602838,675,This is what happens when you abandon your master”
729,4687,0,4,52,56,1.0714285714285714,0.03472660248602838,675,I should have gotten a pet prenup.
603,4687,0,4,52,56,1.0714285714285714,0.03472660248602838,675,"If your game-- all these ""doodle"" breeds are so last year."
2395,4687,0,4,52,56,1.0714285714285714,0.03472660248602838,675,Don't point! I just thought it might help you 'go'.
4694,4705,0,4,53,57,1.0701754385964912,0.034134933513474304,675,"And with enough training, THAT could be you too"
4567,4705,0,4,53,57,1.0701754385964912,0.034134933513474304,675,"Now, if you don't stop pooping in the house, I'll let him have you!"
4275,4705,0,4,53,57,1.0701754385964912,0.034134933513474304,675,Can't we just go for a walk without you stopping to take photos every second?
4220,4705,0,4,53,57,1.0701754385964912,0.034134933513474304,675,"Ut-oh, I didn’t realize we were in the off-leash dog park."
3631,4705,0,4,53,57,1.0701754385964912,0.034134933513474304,675,"Darn, I forgot the 16 gallon trash bag for Thunderbeast..."
1762,4705,0,4,53,57,1.0701754385964912,0.034134933513474304,675,Don’t worry he’s all bark and no bite
447,4705,0,4,53,57,1.0701754385964912,0.034134933513474304,675,And this is why you don't beg for table food
2912,4712,0,4,56,60,1.0666666666666667,0.03247482002983032,675,"I've brought you the human sacrifice, now can you make me big and strong like you?"
4285,4713,0,3,51,54,1.0555555555555556,0.031464006330825245,675,When did our city get rid of leash laws?
4149,4713,0,3,51,54,1.0555555555555556,0.031464006330825245,675,"Rover, this, my boy, is the stuff of dreams."
4045,4713,0,3,51,54,1.0555555555555556,0.031464006330825245,675,So THAT’S what she meant by ‘the stars and moon determine your day’
3821,4713,0,3,51,54,1.0555555555555556,0.031464006330825245,675,"I dunno. If I say ""sic 'em,"" who'll respond?"
4405,4713,0,3,51,54,1.0555555555555556,0.031464006330825245,675,Come on Rover!  Finish your job and let’s get out of here
3602,4713,0,3,51,54,1.0555555555555556,0.031464006330825245,675,"why are you not like this guy, pups?"
3211,4713,0,3,51,54,1.0555555555555556,0.031464006330825245,675,Don't look at me that way...Nipsy wanted to get a closer look.
819,4713,0,3,51,54,1.0555555555555556,0.031464006330825245,675,"Should we get you on a new dog food, buddy?"
1644,4713,0,3,51,54,1.0555555555555556,0.031464006330825245,675,She is such a show off.
1394,4713,0,3,51,54,1.0555555555555556,0.031464006330825245,675,I will trust your instinct.
767,4713,0,3,51,54,1.0555555555555556,0.031464006330825245,675,"So let me get this straight, it’s because only squirrels that give you the creeps?"
224,4713,0,3,51,54,1.0555555555555556,0.031464006330825245,675,This is why you shouldn't think you're human.
163,4713,0,3,51,54,1.0555555555555556,0.031464006330825245,675,See? That's what happens when you're taken off puppy food too soon.
60,4713,0,3,51,54,1.0555555555555556,0.031464006330825245,675,"What did you think I meant when I said, we were running with the devil?"
2398,4713,0,3,51,54,1.0555555555555556,0.031464006330825245,675,"An undigested bit of beef, a blot of mustard, a crumb of cheese...that's what we get for switching you to that expensive gourmet paleo dog food."
3842,4728,0,2,47,49,1.0408163265306123,0.028559278271677983,675,"Great, now he's going to chase after it"
3696,4728,0,2,47,49,1.0408163265306123,0.028559278271677983,675,Dog insists I bring him down once a week to wet his appetite.
1841,4728,0,2,47,49,1.0408163265306123,0.028559278271677983,675,SAY HELLO. I WANT YOU TO MEET YOUR FATHER. HE ATE YOR MOTHER JUST AFTER YOU WERE BORN.
4475,4731,0,1,45,46,1.0217391304347827,0.021979349113192898,675,"Don't worry Pookie, he is all bark and no bite."
1458,4731,0,1,45,46,1.0217391304347827,0.021979349113192898,675,Why did I even bother getting a wereschnauzer?
1897,4731,0,1,45,46,1.0217391304347827,0.021979349113192898,675,That's not a 'bit of undigested potato.'
2220,4731,0,1,45,46,1.0217391304347827,0.021979349113192898,675,And this why you are on a leash.
2726,4731,0,1,45,46,1.0217391304347827,0.021979349113192898,675,This is what happens if you don't eat your organic puppy chow...
2923,4731,0,1,45,46,1.0217391304347827,0.021979349113192898,675,"Red, I do not think this is you long lost grandmother."
4112,4737,0,1,46,47,1.0212765957446808,0.021506619680967013,675,This is the last time I walk the dog!
