target_id,rank,funny,somewhat_funny,unfunny,count,score,precision,contest,caption
1016,1,2421,3358,1708,7487,2.095231735007346,0.008512223179136611,678,My left or your left?
2974,2,1823,2502,1815,6140,2.0013029315960913,0.009824211937893056,678,I always knew we'd wind up together.
4476,3,1761,2180,1783,5724,1.996156533892383,0.010401117202191045,678,"Oh dear, that's my wife!  Act casual."
3754,4,1688,2267,1974,5929,1.9517625231910947,0.010188136143693672,678,"If this shows up in National Geographic, we'll never hear the end of it."
667,5,1686,2304,2007,5997,1.946473236618309,0.01011065189689383,678,"Please wag your tail, so I know which one is me."
2154,6,1254,1871,1586,4711,1.92952663977924,0.01126667588983373,678,You’re sure you saw this in the Kama Sutra?
1598,7,1048,1590,1347,3985,1.9249686323713928,0.012224617769699976,678,"This is why I’m not a hugger, Gerald."
4414,8,1413,1889,1920,5222,1.902910762160092,0.01097466988760632,678,"Well, we're screwed."
4191,9,699,1079,1057,2835,1.873721340388007,0.014592247301899387,678,"You got it backwards.  It's righty tighty, lefty loosey."
1887,10,768,1122,1170,3060,1.8686274509803922,0.014191454485626035,678,"I'm looking for love, not entanglement"""
338,11,910,1493,1441,3844,1.8618626430801248,0.0124169954796875,678,"The lions are just laughing. That's good, right?"
4236,12,1164,2212,1895,5271,1.8613166382090685,0.01031857089202219,678,counter clockwise on three.
3394,13,973,1645,1670,4288,1.8374533582089552,0.01173088584627428,678,"You and your ""lets try new positions""."
3506,14,656,1073,1182,2911,1.8193060803847476,0.01434417218707494,678,Well...so much for necking.
5022,15,1181,2053,2218,5452,1.8097945707997065,0.010379541441561115,678,5 o’clock...time to unwind!
5069,16,467,818,1049,2334,1.750642673521851,0.01586685965275773,678,"Okay, the next time a bee flies around us I say we leave it alone..."
2930,17,1001,1820,2302,5123,1.7460472379465157,0.01064355764018583,678,"Now remember: righty-tighty, lefty-loosey."
2980,18,746,1354,1823,3923,1.725465205200102,0.012155362450834569,678,"Whatever you do, don't sneeze!!!"
4736,19,684,1223,1685,3592,1.721325167037862,0.012729229215235593,678,"Let's play 'Twister', he says. It'll be fun, he says. What could possibly go wrong, he says. Idiot."
2736,20,205,424,560,1189,1.701429772918419,0.021599617171226538,678,"Next time, let's skip the foreplay."
5320,21,535,969,1419,2923,1.6975709887102293,0.014052653129020888,678,"Oh, no; was that the boarding announcement for the Ark?"
1002,22,194,433,567,1194,1.687604690117253,0.021270670222970745,678,I don't think that this is what they meant by 'tying the knot'
3852,23,363,1026,1256,2645,1.662381852551985,0.013725649393829953,678,It looked a lot simpler when the swans did it.
274,24,295,703,964,1962,1.6590214067278288,0.016368801399422775,678,I just want to go home and unwind.
2266,25,328,607,1045,1980,1.637878787878788,0.01685629555781441,678,"That’s not my fat ass, that’s your fat ass!"
4583,26,411,1051,1546,3008,1.6226728723404256,0.013000507050400276,678,Maybe we're not ready to tie the knot.
5225,27,251,450,870,1571,1.6059834500318269,0.018857649810482185,678,Good! Now we can go to the Halloween party as DNA.
1096,28,273,725,1115,2113,1.6015144344533838,0.015357100294446997,678,I'm trying to see it from your point of view.
1805,29,219,454,813,1486,1.6002691790040378,0.018975389007570672,678,"Next, if I remember correctly, we do the hokey-pokey then turn ourselves around."
3099,30,192,396,734,1322,1.5900151285930408,0.020074921422136485,678,They say it takes two to tangle.
4130,31,333,886,1419,2638,1.5883244882486733,0.01369618295819215,678,It was more an entanglement than a serious affair.
2777,32,227,590,970,1787,1.5842193620593172,0.016680989742494302,678,"See, hiccups gone!"
4051,33,287,826,1287,2400,1.5833333333333333,0.014177788260488383,678,It looked so easy on YouTube.
2640,34,280,756,1230,2266,1.5807590467784642,0.014717493992443164,678,How did we wind up together?
4352,35,322,837,1407,2566,1.5771628994544038,0.013892095526642712,678,Let’s stay in and unwind tonight...
2664,36,229,625,1062,1916,1.5652400835073068,0.015910707061708964,678,Your right or my right?
4786,37,271,668,1205,2144,1.564365671641791,0.015254193486860326,678,I never thought this is how I would wind up.
943,38,163,390,718,1271,1.5633359559402045,0.019891032060955223,678,"If this doesn't get us into National Geographic, I give up."
2676,39,253,673,1173,2099,1.5616960457360647,0.015239754920003852,678,"Wrap your head around that"" is just an expression"
1518,40,132,346,612,1090,1.5596330275229358,0.02118278787590151,678,Sorry...what was our safe word?
3664,41,143,384,674,1201,1.5578684429641965,0.02009946373460769,678,Take the picture already!
1393,42,223,550,1014,1787,1.557358701734751,0.016669675976286567,678,We should have stayed with missionary.
19,43,192,410,849,1451,1.5472088215024122,0.018798686666089758,678,They say to go to the ER after 4 hours.
267,44,198,419,874,1491,1.5466130114017438,0.018562804487119583,678,Now slide your head through there and we’ve got a classic half-Windsor.
2558,45,242,562,1111,1915,1.5462140992167102,0.01617249253624342,678,Just necking won't get us into trouble you said!
4211,46,87,229,422,738,1.546070460704607,0.025617207962443964,678,"If we die like this, we could be a really confusing fossil."
3668,47,176,426,828,1430,1.544055944055944,0.018596916152306468,678,Stop calling this a 'simple twist of fate'.
3717,48,66,153,305,524,1.5438931297709924,0.03091905765699685,678,Conscious uncoupling is our only hope.
3969,49,151,410,769,1330,1.5353383458646617,0.018921621046522497,678,I can’t seem to wrap my head around you wrapping your head around my head.
38,50,137,304,643,1084,1.533210332103321,0.02152248929051336,678,Until now I didn’t know lions could laugh.
2346,51,100,368,600,1068,1.5318352059925093,0.020220259432804193,678,I don't usually do this on a first date.
3839,52,185,398,871,1454,1.5281980742778543,0.018618406905991848,678,I hate yoga
4668,53,156,416,817,1389,1.5241180705543556,0.0184804661439565,678,"Can we please just do a pinky swear next time, like everyone else?"
4442,54,136,398,748,1282,1.5226209048361934,0.018983882835109357,678,This is the last time we try couples yoga.
3683,55,141,415,778,1334,1.5224887556221889,0.01859443081284472,678,"Oh my, I've never gone this far on a first date!"
1412,56,146,394,779,1319,1.5200909780136467,0.01890348029813466,678,Wait...my left or your left?
2299,57,135,336,712,1183,1.5122569737954354,0.020111429681880025,678,Geoffrey’s first kiss did not go as planned.
1557,58,118,321,660,1099,1.5068243858052774,0.020572279195788048,678,I don't understand why necking is a thing?
179,59,138,271,672,1081,1.506012950971323,0.021629947375768302,678,Ugh. I warned you that sex therapist was a snake.
2837,60,112,279,611,1002,1.501996007984032,0.021750306534147404,678,It looked a lot more fun in the Kama Sutra.
646,61,58,202,374,634,1.501577287066246,0.02615311615764397,678,My clockwise or your clockwise?
358,62,113,247,589,949,1.4984193888303476,0.022691819886550488,678,My mother always said ‘Once you start necking there’s no telling where it might end.’
2823,63,107,254,584,945,1.4952380952380953,0.022465424251004278,678,"My right, not your right."
2245,64,100,264,574,938,1.4946695095948828,0.022233629044477655,678,"Just take the photo, Dwayne!  I’m starting to regret this!"
1472,65,68,315,531,914,1.4934354485776806,0.02089858172316995,678,A simple kiss on the cheek would have been fine.
1079,66,96,254,555,905,1.492817679558011,0.022609201823282327,678,"""Herbert, have we gotten too wrapped up in each other?"""
1292,67,91,236,529,856,1.4883177570093458,0.023257529690079482,678,Do you remember how we wound up together?
1470,68,76,250,502,828,1.4855072463768115,0.02289149103780843,678,"Well, once we had a relationship.  Now it's just an entanglement."
5316,69,77,192,459,728,1.4752747252747254,0.02517960579331554,678,"Um, this may not be the best time to bring it up but .... LION!!!!!"
3284,70,69,203,448,720,1.4736111111111112,0.024765107728265512,678,I always love necking with you.
1116,70,73,195,452,720,1.4736111111111112,0.025075169447855136,678,Just don't cough.
4818,72,68,198,441,707,1.4724186704384725,0.02500995166268227,678,I think the Kama Sutra is not for us
3595,73,69,192,441,702,1.4700854700854702,0.025214806619703215,678,I just never dreamed we'd wind up together.
1306,74,84,150,444,678,1.4690265486725664,0.02708998779254433,678,"...120, 121, 122! Now count mine."
4478,75,51,94,273,418,1.4688995215311005,0.03438573330124335,678,How did we wind up like this?
2270,76,52,217,416,685,1.4686131386861314,0.024207910433698188,678,I think we must be doing it wrong.
4005,77,74,165,430,669,1.4678624813153962,0.026530766512073867,678,Good thing it's not a threesome.
4911,78,68,172,420,660,1.4666666666666666,0.026274767777749262,678,No - my left not your left.
3055,79,73,154,418,645,1.4651162790697674,0.027162374505183776,678,Are you seeing someone behind my back?
2331,80,81,144,434,659,1.464339908952959,0.02741539537447918,678,Let's just hope National Geographic isn't around.
3718,81,63,94,319,476,1.4621848739495797,0.03287218944863278,678,"Don't give me that 'A-Wimoweh' crap. If the lion doesn't sleep tonight, we're screwed."
5117,82,52,187,393,632,1.4604430379746836,0.025583281510349443,678,"And how, exactly, do you define 'anticlockwise'?"
1062,83,58,174,398,630,1.4603174603174602,0.026223700738064553,678,I still don’t see it.
2696,84,54,170,382,606,1.4587458745874586,0.026551553437570083,678,I don’t know why humans think ‘necking’ is so great...
3154,85,68,145,400,613,1.4584013050570963,0.0277161515563302,678,You'd better figure this out before my dad gets back.....
2137,86,48,181,376,605,1.4578512396694214,0.02595529676936436,678,"Sorry—it’s my first time, too."
3462,87,50,171,372,593,1.4569983136593592,0.02653353688223812,678,"I'll watch my back, and you watch yours."
1578,88,59,126,359,544,1.4485294117647058,0.02924030566877347,678,Let's just stay home tonight and unwind.
597,89,62,113,356,531,1.4463276836158192,0.03011427730422105,678,"One more try: I'll move anti-clockwise, you just STAY THE HELL STILL."
1782,90,45,145,338,528,1.4450757575757576,0.028144310719909305,678,I still can’t see you!
3532,91,59,111,345,515,1.4446601941747572,0.03043343567159572,678,You're from Great Neck? I'm from Great Neck!
2905,92,56,121,347,524,1.4446564885496183,0.02967889187384988,678,I guess now is a good time to tell you... I need some space.
5365,93,49,128,334,511,1.442270058708415,0.02932067716483484,678,"Trust me, all the European giraffes do it this way."
339,94,56,108,336,500,1.44,0.030703181769020017,678,"Sorry, I guess that's my butt that looks fat."
4910,95,51,116,330,497,1.4386317907444668,0.030169725907541616,678,I think I’m going to sneeze.
4923,96,42,130,317,489,1.4376278118609407,0.0292631101084513,678,"We're screwed, Harold."
5160,97,45,123,319,487,1.4373716632443532,0.02977565704052101,678,Lions! Run!
1108,98,54,104,327,485,1.4371134020618557,0.031119792809164576,678,"Well, now you’ve done it — Harold will be home any moment."
2149,99,43,129,321,493,1.436105476673428,0.029229943459243502,678,I always hoped we'd wind up together.
3098,100,43,125,316,484,1.4359504132231404,0.029613927143195974,678,You stand still and I'll walk around you.
806,101,42,126,314,482,1.4356846473029046,0.029554466942844637,678,I think we need to spend a little time apart.
3860,102,39,127,307,473,1.4334038054968288,0.029489649486143934,678,"You're not really a chiropractor, are you?"
4345,103,40,124,307,471,1.4331210191082802,0.02972850848815876,678,"I hate to tell you this, but I have to cough."
190,104,37,129,303,469,1.4328358208955223,0.029354577426533822,678,I think four is the Serengeti record.
5208,105,34,134,301,469,1.4307036247334755,0.028874446433222282,678,I said COUNTER clockwise.
2964,106,50,97,311,458,1.4301310043668123,0.03184546021882966,678,We should go somewhere and unwind.
2055,107,42,112,302,456,1.4298245614035088,0.030716210207712,678,Should we exchange insurance information?
1548,108,49,93,304,446,1.4282511210762332,0.03231109455951932,678,I told you the Camel Sutra wouldn't work for us!
4579,108,41,109,296,446,1.4282511210762332,0.03103852628174099,678,"And that's how I met your mother, kids."
4645,108,42,107,297,446,1.4282511210762332,0.031200435950140347,678,This is exactly why I told you I wanted to avoid entanglements.
1687,111,41,108,295,444,1.427927927927928,0.03113686024176814,678,It confuses the lions.
192,111,50,90,304,444,1.427927927927928,0.03257326666527469,678,"If that lion circles us one more time, we’re done for."
1465,113,47,96,302,445,1.4269662921348314,0.03204381967971151,678,Let's just try missionary.
2546,114,45,93,293,431,1.4245939675174013,0.0324621652977403,678,Wanna have a drink to unwind?
5176,115,34,114,281,429,1.4242424242424243,0.03067652106167541,678,"Trust me, if we unwind really, really fast—we'll fly."
4657,116,38,109,290,437,1.4233409610983982,0.030964482288233255,678,"Well, it takes two to tangle."
4603,117,39,101,284,424,1.4221698113207548,0.031805582790535664,678,Yes I love you... in a twisted sort of way...
1725,118,38,101,281,420,1.4214285714285715,0.03184010288465712,678,Just act casual.
5072,119,36,107,282,425,1.4211764705882353,0.031217383579345472,678,"We're south of the equator,fool, go counterclockwise."
311,120,32,112,274,418,1.4210526315789473,0.030850352845025023,678,That's the last time I'll watch a tennis match with you.
2495,121,45,83,284,412,1.4199029126213591,0.03352854245941889,678,I overheard the lions calling us a ‘two for one special’.
4327,121,38,97,277,412,1.4199029126213591,0.03227205204340587,678,Everyone always said we would wind up together.
1003,121,42,89,281,412,1.4199029126213591,0.03299590595186256,678,"I meant ""your"" left"
4445,124,33,112,279,424,1.419811320754717,0.030721434023526794,678,"Okay, let's call it a tie."
1961,125,37,97,275,409,1.4180929095354524,0.03224524299488842,678,Let's just have a drink and unwind.
1730,126,33,101,267,401,1.4164588528678304,0.031922147696158594,678,"This way, we always have each other's backs."
4173,127,38,90,271,399,1.4160401002506267,0.033000187516989146,678,I think we should consciously uncouple
5361,127,38,90,271,399,1.4160401002506267,0.033000187516989146,678,The hyenas are laughing.
995,129,25,114,256,395,1.4151898734177215,0.030619223620167176,678,"No, your left...my right!"
2240,129,31,102,262,395,1.4151898734177215,0.03185345839209517,678,We must have really tied one on last night.
201,131,37,87,266,390,1.412820512820513,0.03333029095296861,678,"I think we need a safe word"""
677,132,30,97,255,382,1.4109947643979057,0.032367076483047166,678,"OK, now counterclockwise."
1326,133,29,98,253,380,1.4105263157894736,0.03226809033358121,678,Did you even read the instructions?
560,134,36,87,265,388,1.4097938144329898,0.03323356598375676,678,"You lost me at put your right foot in, then put your right foot out"
642,134,40,79,269,388,1.4097938144329898,0.03402569370767897,678,I stick my neck out for you and all you do it twist what I say!
329,136,32,90,254,376,1.4095744680851063,0.03314758871613863,678,"No, below the equator we go counter clockwise."""
4232,137,36,82,259,377,1.4084880636604775,0.03391976601105964,678,"OK, now do you understand the DNA double helix?"
782,138,27,97,247,371,1.4070080862533694,0.03233712052503094,678,I have no idea why your therapist thinks we're codependent.
3056,138,38,75,258,371,1.4070080862533694,0.03472689805679113,678,"Oh, what a tangled web we weaved"
4798,138,39,73,259,371,1.4070080862533694,0.03493604549083002,678,Who would have thought we would wind up together?
124,141,34,82,253,369,1.4065040650406504,0.034005288629783026,678,Let’s call it a tie.
2322,142,32,85,250,367,1.4059945504087195,0.033695433380174535,678,Sometimes I feel we're too wrapped up in each other.
2120,142,29,91,247,367,1.4059945504087195,0.03302595115494501,678,"Look, if you don't want to kiss me you should just say so."
984,142,35,79,253,367,1.4059945504087195,0.03435187057012685,678,"I think we should seperate,Geoffrey."
24,145,32,84,249,365,1.4054794520547946,0.03382275762608462,678,"If its all the same to you, next time we should just fist bump."
1024,145,36,76,253,365,1.4054794520547946,0.03470147968425498,678,"If you say, 'No, over there!' one more time I swear I'm going to figure out how to kick you."
2275,145,25,98,242,365,1.4054794520547946,0.03222739293607299,678,Did they take the picture yet?
4170,148,32,81,246,359,1.4038997214484679,0.03421251841212148,678,Neckrophilia in the wild
4995,148,35,75,249,359,1.4038997214484679,0.0348881216233696,678,I think I prefer missionary.
3494,150,29,90,248,367,1.4032697547683923,0.033004446082192364,678,We screwed up.
5005,150,29,90,248,367,1.4032697547683923,0.033004446082192364,678,Stop swallowing - you're choking me.
4265,152,32,83,250,365,1.4027397260273973,0.033801411995841746,678,I think it's time we split up.
4006,153,38,66,249,353,1.4022662889518414,0.03598238095320546,678,"Mom, I'm only going to be away a couple days!"
653,154,27,86,236,349,1.4011461318051577,0.033688724982065106,678,"Nope, it still itches."
3045,154,25,90,234,349,1.4011461318051577,0.03319631559269689,678,"So, now that we've twisted the night away, what do you suggest we do now?"
3239,154,25,90,234,349,1.4011461318051577,0.03319631559269689,678,I'm not sure I like this new twist in our relationship.
3701,154,24,92,233,349,1.4011461318051577,0.032947351303804176,678,"I've heard of necking, but this is just silly."
705,158,29,81,237,347,1.4005763688760806,0.034308272466652356,678,Look..I don't want to go round and round on this.
1532,158,28,83,236,347,1.4005763688760806,0.03406463708369317,678,Why won't you ever look at me when I am talking to you!
1819,158,30,79,238,347,1.4005763688760806,0.03455018986414385,678,You're right. Let's not feed each other cake at the wedding.
2838,158,26,87,234,347,1.4005763688760806,0.03357206248711955,678,I think it’s over and under and THEN around.
4661,158,30,79,238,347,1.4005763688760806,0.03455018986414385,678,"Let's play twister, they said. It'll be fun, they said..."
4143,163,28,82,235,345,1.4,0.034198413900546766,678,"You were the one who wanted to do the hokey pokey and 
 turn yourself around.'"
4738,163,34,70,241,345,1.4,0.0356460902188935,678,....and that’s what it’s all about!
810,165,26,85,233,344,1.3982558139534884,0.03375485760543639,678,I hope second base is easier.
2364,166,31,74,237,342,1.3976608187134503,0.03512913928945027,678,You do have an irregular spot on the back of your neck.
2502,167,37,56,237,330,1.393939393939394,0.03751366811029825,678,Oh no!  The kids are home early!
3732,167,30,70,230,330,1.393939393939394,0.035753688340789826,678,"Since I have you here, do you have a moment to talk about our Lord and Savior, Jesus Christ?"
2314,169,31,67,230,328,1.3932926829268293,0.03616298218497121,678,Couldn’t we just neck without going all the way?
2466,169,29,71,228,328,1.3932926829268293,0.035643615551587696,678,Look at me when I'm talking to you!
3395,169,26,77,225,328,1.3932926829268293,0.03485005600006467,678,Maybe next time we skip the foreplay?
3995,169,31,67,230,328,1.3932926829268293,0.03616298218497121,678,Good question. How do you usually unwind?
211,173,23,82,221,326,1.392638036809816,0.03417501126389897,678,You'll do anything to avoid kissing me.
1036,173,35,58,233,326,1.392638036809816,0.03734237993488065,678,"One more time, righty tighty, lefty loosey."
4242,175,27,77,230,334,1.3922155688622755,0.034660912685630665,678,Well this is a plot twist.
1039,175,26,79,229,334,1.3922155688622755,0.034400535087273205,678,"This is all very nice, Arthur, but my folks are going to want to see a ring."
2763,175,31,69,234,334,1.3922155688622755,0.03568342870075272,678,I forget our safe word.
952,178,21,84,217,322,1.391304347826087,0.03388729891031016,678,Do you think we have a twisted relationship?
986,178,30,66,226,322,1.391304347826087,0.03636611423515678,678,You always twist things around when we argue.
26,180,25,75,220,320,1.390625,0.03515693028774061,678,I take it you missed me?
1609,180,32,61,227,320,1.390625,0.03705613421122407,678,You have a twisted sense of humor and are a real pain in the neck.
5177,182,29,66,223,318,1.389937106918239,0.036411428193228484,678,Making a promise sure would be easier if we had pinkies!
3600,183,27,68,219,314,1.3885350318471337,0.03617273447481598,678,"Uh oh, lion..."
1083,183,25,72,217,314,1.3885350318471337,0.03560572295172929,678,Let’s twist again like we did last summer.
1749,185,26,69,217,312,1.3878205128205128,0.036045809962171514,678,You'd think we'd learn.
1312,185,26,69,217,312,1.3878205128205128,0.036045809962171514,678,This is exactly why we need a safe word.
1136,187,25,70,215,310,1.3870967741935485,0.035913559661818334,678,I'm uncomfortable with this arrangement.
4731,187,27,66,217,310,1.3870967741935485,0.036490297065132245,678,Wait. Am I looking at your ass or mine?
1151,189,17,85,206,308,1.3863636363636365,0.03364290281182995,678,I don't mean to hurt you but I think I need a bit more freedom in our relationship.
2089,189,20,79,209,308,1.3863636363636365,0.03457310183444398,678,"Next dance, let me lead."
2290,189,19,81,208,308,1.3863636363636365,0.03426584135119552,678,"Don’t take it the wrong way, I just feel like I need some space."
4755,189,21,77,210,308,1.3863636363636365,0.034877655560607373,678,"Now that I know that you're flexible,  I know something else we might try."
1716,193,20,80,211,311,1.3858520900321543,0.034341154563510466,678,No wonder we’re almost extinct.
469,194,26,66,214,306,1.3856209150326797,0.03652315975076701,678,"It's not you, it's me."
518,195,25,69,215,309,1.3851132686084142,0.035974979431272404,678,"So then I asked, what's a double helix?"
2590,196,21,74,207,302,1.3841059602649006,0.0353267340267491,678,"Henry, will you stop screwing around?"
821,197,30,57,218,305,1.383606557377049,0.037748034019466865,678,Geoffrey it was just a spider. Get off of me.
978,197,27,63,215,305,1.383606557377049,0.03688093158547725,678,That’s it. No more texting while foraging.
2722,197,22,73,210,305,1.383606557377049,0.03538857892610312,678,We may be too wrapped up in each other.
3901,197,26,65,214,305,1.383606557377049,0.036587331077463536,678,Don't sneeze.
4680,197,26,65,214,305,1.383606557377049,0.036587331077463536,678,I was just following Google maps.
750,202,25,65,211,301,1.3820598006644518,0.036615254844182196,678,Shall we make it official and tie the knot?
1666,202,24,67,210,301,1.3820598006644518,0.03631154765447199,678,We have to reevaluate our secret handshake.
3135,202,23,69,209,301,1.3820598006644518,0.03600527876328099,678,This can’t be right.
5367,205,28,58,213,299,1.3812709030100334,0.03768441773944658,678,I just can’t face you when we get this way.
4686,205,28,58,213,299,1.3812709030100334,0.03768441773944658,678,"Okay, let's stop watching the vultures."
739,207,23,67,207,297,1.3804713804713804,0.036325995084849606,678,"I don't care--tell a joke, whatever, just keep the lion laughing while I figure this out."
4012,207,23,67,207,297,1.3804713804713804,0.036325995084849606,678,Boris Johnson said this would be easy.
4794,207,33,47,217,297,1.3804713804713804,0.03933291428822361,678,"When the safari comes by, we're gonna rule Instagram."
2175,210,19,74,202,295,1.3796610169491526,0.03520262477073825,678,You just had to drag me into your twisted world.
4986,210,27,58,210,295,1.3796610169491526,0.037732020389043136,678,I had never seen a drone either
270,212,20,71,202,293,1.378839590443686,0.035685024605856194,678,I'm not the only one that thinks our relationship is twisted.
438,212,22,67,204,293,1.378839590443686,0.03633419856004892,678,"I realize this may not be the best time, but Chad, I want a divorce."
4000,214,18,74,199,291,1.3780068728522337,0.03517586442997794,678,Where are you?
3921,214,28,54,209,291,1.3780068728522337,0.03839708768911698,678,"Remember now- Righty tighty, Lefty loosy,"
2271,214,22,66,203,291,1.3780068728522337,0.036498484903349185,678,I knew it was a mistake to try couples yoga.
2727,214,21,68,202,291,1.3780068728522337,0.036172363895369805,678,"OK! I'll say it.
We're neck-and-neck!"
5285,218,22,64,200,286,1.3776223776223777,0.03693853934684526,678,Let's hope one of those photo safaris doesn't drive by.
75,219,23,63,203,289,1.3771626297577855,0.036991014798875836,678,That's the last time we watch a drone together!
1120,219,25,59,205,289,1.3771626297577855,0.037635005180184984,678,I think we've just invented the icon for Veterinarians.
2677,219,21,67,201,289,1.3771626297577855,0.03633561251429171,678,"Let me guess, this is the first time you’ve necked."
1857,222,27,54,206,287,1.3763066202090593,0.038451370518574834,678,Could be worse. It could’ve been drawn by Escher
4777,223,24,60,204,288,1.375,0.037381248288108786,678,My bad. I forgot our safe word.
866,223,25,58,205,288,1.375,0.0377035063901936,678,I can't believe I let you drag me into this couple's yoga thing.
5226,223,24,60,204,288,1.375,0.037381248288108786,678,"Yep, we're both completely covered in them..."
362,226,27,53,206,286,1.3741258741258742,0.038523945310271895,678,This why I hate foreplay.
4671,227,19,66,193,278,1.3741007194244603,0.036589242004208176,678,I'm so glad I wound up with you.
599,228,24,58,202,284,1.3732394366197183,0.03773376346021189,678,I think it’s time for a conscious uncoupling.
1202,228,26,54,204,284,1.3732394366197183,0.0383875693550954,678,My parents warned me about necking.
3123,228,19,68,197,284,1.3732394366197183,0.03604740579526673,678,My therapist says I have boundary issues.
3882,228,20,66,198,284,1.3732394366197183,0.036390929537855284,678,My mother warned me about too much necking
4628,228,22,62,200,284,1.3732394366197183,0.03706842765413965,678,"OK, first base.  
Now what?"
5327,228,20,66,198,284,1.3732394366197183,0.036390929537855284,678,I think we should spend some time apart.
1575,234,26,53,203,282,1.372340425531915,0.03857332049455662,678,Can we skip the team-building exercises next time?
4439,235,20,64,196,280,1.3714285714285714,0.0367265654739648,678,"Let's check the book again, something seems to be wrong."
4026,235,25,54,201,280,1.3714285714285714,0.038429790580196306,678,If you had only asked for directions....
2073,235,23,58,199,280,1.3714285714285714,0.037757721422617865,678,This isn't quite what I imagined when you asked if I wanted to screw.
1832,238,21,61,196,278,1.370503597122302,0.03724781961648082,678,Hurry up! Take the picture!
2785,238,20,63,195,278,1.370503597122302,0.036897534660194374,678,"No, no,no.  Counterclockwise! Counterclockwise!"
3671,238,19,65,194,278,1.370503597122302,0.0365438922642156,678,Are you seeing what I'm seeing?
4877,238,22,59,197,278,1.370503597122302,0.0375948409806923,678,"Act natural, maybe no one will notice."
1912,242,24,54,198,276,1.3695652173913044,0.038466032759215375,678,I think we just took a turn for the worse.
5180,242,19,64,193,276,1.3695652173913044,0.03671353116451319,678,I can't wait to see you again either.
4164,244,21,59,194,274,1.3686131386861313,0.03760319935179202,678,You say Kama Sutra. I say Chiropractor.
5115,244,19,63,192,274,1.3686131386861313,0.0368853100225735,678,I think we're screwed no matter how we look at it.
1809,246,12,76,184,272,1.3676470588235294,0.03440147132138332,678,"Yeah, it looked exotic, but they were snakes!"
1321,246,20,60,192,272,1.3676470588235294,0.037423551718340574,678,"I'm not convinced that ""Giraffe Kama Sutra"" was actually written by a giraffe."
187,248,17,63,184,264,1.3674242424242424,0.03705978867273846,678,We just don't to seem to see eye to eye anymore.
654,249,19,50,171,240,1.3666666666666667,0.04042429545969066,678,I have to pee.
1323,250,9,40,110,159,1.3647798742138364,0.04672319950355791,678,I have your back.
3778,251,17,63,186,266,1.3646616541353382,0.03683226031674877,678,This is why I hate hugs.
4522,251,22,53,191,266,1.3646616541353382,0.03871019884007966,678,"Shoot, I forgot the selfie stick!"
1626,253,24,47,190,261,1.3639846743295019,0.03997152241859965,678,Think this will confuse the Trump boys enough that they won't shoot us?
4887,254,20,56,188,264,1.3636363636363635,0.03815717495744702,678,We have a very twisted relationship.
4079,254,24,48,192,264,1.3636363636363635,0.03963824729063157,678,We really should have paid more attention in SexEd
3107,254,19,58,187,264,1.3636363636363635,0.037777835285365574,678,I still don't see what they say is so great about necking.
846,254,18,60,186,264,1.3636363636363635,0.037394647704761204,678,This is our last tango
2178,254,24,48,192,264,1.3636363636363635,0.03963824729063157,678,Now it says right ear on brown circle. Well that doesn't help!
185,254,19,58,187,264,1.3636363636363635,0.037777835285365574,678,"Sorry, it's my first time."
2841,254,20,56,188,264,1.3636363636363635,0.03815717495744702,678,That’s not exactly what I had in mind when I suggested a necktie
3711,261,18,58,183,259,1.3629343629343629,0.03788032717068146,678,And you're sure this is necking?
662,261,16,62,181,259,1.3629343629343629,0.03708178341963968,678,I think we're doing it wrong?
5195,263,21,51,185,257,1.3618677042801557,0.039247989269395225,678,Yet another bad idea from your therapist.
2402,263,22,49,186,257,1.3618677042801557,0.03963336339973416,678,"Here comes a safari bus - quick, let's go back to doing nothing"
2304,263,15,63,179,257,1.3618677042801557,0.036851209825209445,678,"Uh, hi Mom!  We're doing math homework!"
403,266,16,60,179,255,1.3607843137254902,0.03744335295096877,678,Uh-oh.  I think I'm going to sneeze.
2406,266,22,48,185,255,1.3607843137254902,0.039840627994398296,678,"Okay, so according to the song, all we have to do now is ‘Shout!’"
2485,266,22,48,185,255,1.3607843137254902,0.039840627994398296,678,That new spot on your butt looks fine. How's do my spots look?
2965,266,22,48,185,255,1.3607843137254902,0.039840627994398296,678,"Lefty loosey, righty tighty!"
3952,270,17,56,177,250,1.36,0.038359952343232924,678,It's gonna take a lot to drag me away from you.
1850,270,18,54,178,250,1.36,0.03877646783593531,678,What part of ‘’let’s avoid attracting tourists’” you didn’t understand.
3128,270,20,50,180,250,1.36,0.039596356978183936,678,I am trying to see things your way!
881,270,23,44,183,250,1.36,0.040795306447095725,678,I TOLD you I wanted a relationship with no entanglements.
1546,270,11,68,171,250,1.36,0.035759122744241804,678,"I think I've got it this time: On the count of three, we BOTH go clockwise."
2567,275,22,47,184,253,1.359683794466403,0.04005078155227526,678,"Well, here's another fine mess you've gotten us into."
3296,275,18,55,180,253,1.359683794466403,0.03845239545984256,678,Some day we will be on the Endangered Species List and this will be a big reason why.
2692,277,16,57,175,248,1.3588709677419355,0.03813012316774126,678,"No, I said, ""righty tighty, LEFTY LOOSEY!"""
765,277,19,51,178,248,1.3588709677419355,0.039393602036356695,678,"It’s called “necking”, although I don’t see the attraction."
937,277,21,47,180,248,1.3588709677419355,0.04021387331680447,678,You always twist everything I say.
1502,277,22,45,181,248,1.3588709677419355,0.04061779745395575,678,"I might have been raised in captivity, but I’m pretty sure this is where babies come from."
2165,277,20,49,179,248,1.3588709677419355,0.03980585062863778,678,I'm confused - which one is me ?
4639,277,17,55,176,248,1.3588709677419355,0.038555883541396045,678,"Next time we lose the remote, only one of us looks for it ."
4935,283,17,54,175,246,1.3577235772357723,0.03875452845898804,678,Your mother's coming. Look happy.
2749,283,19,50,177,246,1.3577235772357723,0.03960153389323948,678,"I'm feeling ready to update our relationship status to: ""It's complicated."""
3406,283,18,52,176,246,1.3577235772357723,0.039180320077660855,678,THE HAZARDS OF NECKING:  A CAUTIONARY TALE
236,283,16,56,174,246,1.3577235772357723,0.03832400645508077,678,"There’s a spider on your butt, or is it mine?"
2161,283,26,36,184,246,1.3577235772357723,0.04243311824346027,678,So where do YOU go to unwind?
14,283,22,44,180,246,1.3577235772357723,0.040839117309580994,678,"You're sure that the invitation said ""neck ties mandatory""?"
1895,289,16,55,173,244,1.3565573770491803,0.03852057089820241,678,"No, YOU'RE being clingy!"
2737,289,16,55,173,244,1.3565573770491803,0.03852057089820241,678,"When you said you were kinky, this isn't what I had in mind."
3228,289,18,51,175,244,1.3565573770491803,0.03938650922799401,678,Maybe watching the race from the middle of the track was not such a good idea.
3345,289,20,47,177,244,1.3565573770491803,0.0402338145843801,678,It’s a tie game - we’re neck and neck
4479,293,15,56,171,242,1.3553719008264462,0.03827448664744352,678,I don't know. I just think at some point something has to go IN somewhere.
3053,294,14,39,136,189,1.3544973544973544,0.04477943156134083,678,"If we could untangle your earbuds, we can do this."
202,295,20,45,175,240,1.3541666666666667,0.0406741982073899,678,Is this your twisted idea of romance?
1463,295,12,61,167,240,1.3541666666666667,0.03708706475201343,678,Now I remember why we mate so infrequently.
1574,295,12,61,167,240,1.3541666666666667,0.03708706475201343,678,Are you sure the book said form a double helix?
3273,295,11,63,166,240,1.3541666666666667,0.03661397094598299,678,Sex? We can't even figure out necking!
3456,295,20,45,175,240,1.3541666666666667,0.0406741982073899,678,...Another fine mess you've gotten us into...
4040,295,20,45,175,240,1.3541666666666667,0.0406741982073899,678,What say we unwind tonight and order takeout?
4615,295,15,55,170,240,1.3541666666666667,0.0384714554232133,678,"Am I seeing what you're seeing, or are you seeing what I'm seeing?"
5105,302,16,52,170,238,1.3529411764705883,0.03912694281097265,678,All of my friends told me not to get tangled up with you.
4464,302,17,50,171,238,1.3529411764705883,0.039577454119689826,678,It was tango lessons not tangle lessons.
5297,302,12,60,166,238,1.3529411764705883,0.03727048121880115,678,Remember when a handshake was enough ?
1879,302,21,42,175,238,1.3529411764705883,0.04133042170179574,678,I'm still hicupping.  Now what?
3680,302,16,52,170,238,1.3529411764705883,0.03912694281097265,678,Let's go back to missionary.
1179,307,13,57,166,236,1.3516949152542372,0.037934719591490376,678,It wasn't enough to have me wrapped around your finger?
1723,307,14,55,167,236,1.3516949152542372,0.03840709540138258,678,Relationship status: it’s complicated
3900,307,12,59,165,236,1.3516949152542372,0.03745638695601998,678,This relationship has taken a strange twist.
4810,307,19,45,172,236,1.3516949152542372,0.04068679282765357,678,Let's call it a neck tie.
4839,307,12,59,165,236,1.3516949152542372,0.03745638695601998,678,Wouldn't a high five be simpler?
2396,312,10,64,165,239,1.3514644351464435,0.036184587132840125,678,This relationship is strangling me.
5188,312,19,46,174,239,1.3514644351464435,0.04032082483573076,678,We shouldn’t have installed a ceiling fan!
5124,314,18,46,170,234,1.3504273504273505,0.0404626769339452,678,Next time we see a tourist helicopter circling overhead let’s not stand so close.
3218,314,18,46,170,234,1.3504273504273505,0.0404626769339452,678,Saying you are a pain in the neck doesn’t BEGIN to describe it.
3121,314,18,46,170,234,1.3504273504273505,0.0404626769339452,678,Wait a sec... Which spot did you want me to look at?
301,314,15,52,167,234,1.3504273504273505,0.03907916202163336,678,So are we like a thing now?
2846,314,12,58,164,234,1.3504273504273505,0.03764483475810887,678,"On the next episode of ""Nature""...when Giraffe secret handshakes go horribly wrong."
188,319,19,45,173,237,1.350210970464135,0.04054192219137733,678,"We really need to work on keeping our cool when there's a bee around"""
1156,319,18,47,172,237,1.350210970464135,0.04009850058526001,678,"Left hoof, green."
5283,321,16,38,146,200,1.35,0.04412749914627525,678,"If this doesn't get a yoga position named after us, nothing will."
625,322,17,47,168,232,1.3491379310344827,0.040226219631281944,678,What the hell is 'conscious uncoupling'?
1250,322,16,49,167,232,1.3491379310344827,0.0397596496839181,678,Is this your first time?
4019,322,13,55,164,232,1.3491379310344827,0.038325875521364884,678,But do you think she'll notice the hickey?
4799,322,17,47,168,232,1.3491379310344827,0.040226219631281944,678,"For once, try to see things my way."
2361,326,12,56,162,230,1.3478260869565217,0.038029575153530774,678,"Don't panic! If I can untangle the Christmas lights, I can figure this out, too."
4002,326,18,44,168,230,1.3478260869565217,0.040915550439540885,678,Is this what monogamy feels like?
4726,328,18,43,167,228,1.3464912280701755,0.04114708728445167,678,You put your  left foot in: I'll put my left foot out.....
2996,328,23,33,172,228,1.3464912280701755,0.04343152202387817,678,I''ll always have your back.
5236,328,18,43,167,228,1.3464912280701755,0.04114708728445167,678,You always were a pain in the neck.
2687,328,16,47,165,228,1.3464912280701755,0.04019697832757771,678,Because we can.
2952,328,20,39,169,228,1.3464912280701755,0.04207574737685376,678,"Couples yoga, you said.  It'll be fun, you said."
2572,328,12,55,161,228,1.3464912280701755,0.03822598090323762,678,"Ok, now wiggle your front left hoof."
4598,334,12,51,154,217,1.3456221198156681,0.039485495957072056,678,"Dammit, Bill, I told you we should’ve asked for directions."
5381,335,12,54,160,226,1.345132743362832,0.03842515513376704,678,Let's just agree to disagree.
5235,335,15,48,163,226,1.345132743362832,0.039931023620100814,678,We just tied the knot!
5129,335,14,50,162,226,1.345132743362832,0.039435457149423966,678,They said we would wind up like this.
4438,335,18,42,166,226,1.345132743362832,0.041382130776991585,678,"Now that we can watch each other's back, what happens if we need to run?"
5101,335,16,46,164,226,1.345132743362832,0.04042051476804871,678,Look me straight in the eye and say that.
2020,335,16,46,164,226,1.345132743362832,0.04042051476804871,678,Next time a bee comes let's run in opposite directions.
1880,335,19,40,167,226,1.345132743362832,0.04185465463253793,678,"And then you said, ""let's dance closer to the ceiling fan!"""
1089,335,17,44,165,226,1.345132743362832,0.04090414870008957,678,"Oh, no--my parents are back!"
445,335,24,30,172,226,1.345132743362832,0.04414146517996435,678,This is nothing...just wait until we get to second base!
2732,335,12,54,160,226,1.345132743362832,0.03842515513376704,678,"Next time, let's shake hands."
5018,345,14,49,161,224,1.34375,0.03965014815708667,678,"I told you, let ME lead!"
1186,345,14,49,161,224,1.34375,0.03965014815708667,678,Is this foreplay or an extreme sport?
1389,345,20,37,167,224,1.34375,0.042571878867105034,678,"Oh crap, my parents are home."
2726,345,14,49,161,224,1.34375,0.03965014815708667,678,So what do you do to unwind?
1341,349,14,48,160,222,1.3423423423423424,0.039868005584266314,678,Must you twist everything I say?
3608,349,16,44,162,222,1.3423423423423424,0.04087771229608243,678,Let's decide on a safe word before we get to the Gordian Knot position!
987,349,13,50,159,222,1.3423423423423424,0.03935343851075774,678,I thought I was straight.
2948,352,16,42,159,217,1.3410138248847927,0.041510196979636434,678,I'm looking forward to unwinding. It's been a long day.
2705,353,18,38,162,218,1.3394495412844036,0.04235907320067171,678,"No, I don't need to ask for directions."
3875,354,22,32,170,224,1.3392857142857142,0.043429210985209486,678,I've had it up to here with you.
4693,354,13,50,161,224,1.3392857142857142,0.03906085552958395,678,I wish the lion would start circling in the opposite direction.
2289,356,12,34,125,171,1.3391812865497077,0.04630386965135059,678,"Now what, Mr. Foreplay?"
3432,357,17,38,158,213,1.3380281690140845,0.0425257712714219,678,They made it look so easy on Pinterest.
4840,357,13,46,154,213,1.3380281690140845,0.0403890778755211,678,I’m changing our Facebook status to ‘It’s complicated’.
4048,357,16,40,157,213,1.3380281690140845,0.04200178948069589,678,Why do you always look the other way when I have something to say?
3906,357,7,58,148,213,1.3380281690140845,0.036953108066079265,678,"Are you sure ""lanyard"" is a yoga pose?"
3285,357,18,36,159,213,1.3380281690140845,0.04304337492434682,678,"Trust me, this will get us on the Endangered Species List."
1469,357,12,48,153,213,1.3380281690140845,0.039837001756988594,678,Sometimes I can't tell where I end and you begin.
770,357,15,42,156,213,1.3380281690140845,0.04147118779263623,678,"At this point, I don't think it matters whose neck is longest!"
1583,364,13,47,156,216,1.337962962962963,0.040006648807802296,678,Let’s just get to the watering hole and ask the elephants.
3208,364,15,43,158,216,1.337962962962963,0.04106902230517557,678,And that's a wrap.
3546,364,13,47,156,216,1.337962962962963,0.040006648807802296,678,"Rightie tightie, Leftie loosie!"
5098,364,15,43,158,216,1.337962962962963,0.04106902230517557,678,Have you had that spot looked at?
5305,368,15,44,160,219,1.3378995433789955,0.04067716620110045,678,Let's go home and unwind.
5163,368,13,48,158,219,1.3378995433789955,0.03963392712802179,678,Right foot yellow
5010,368,17,40,162,219,1.3378995433789955,0.041694310411788275,678,If only we'd a moment to unwind
3287,368,19,36,164,219,1.3378995433789955,0.042687225153166884,678,"After all these years of marriage, it's become very hard to determine where you end and I begin."
1864,368,14,46,159,219,1.3378995433789955,0.040158934433954366,678,Please do not get the hiccups or you will strangle the both of us.
4607,368,21,32,166,219,1.3378995433789955,0.04365756362693378,678,Is it just me or did you find those directions hard to follow?
2046,374,16,43,163,222,1.337837837837838,0.04079790038221884,678,Wow!  Was it good for you?
2189,374,14,47,161,222,1.337837837837838,0.03978616822845916,678,I just can’t wrap my head around it.
3438,374,14,47,161,222,1.337837837837838,0.03978616822845916,678,That made it worse. Try the other way.
5328,374,13,49,160,222,1.337837837837838,0.0392705288436017,678,It’s only until the Ark leaves.
685,378,16,39,156,211,1.3364928909952607,0.04225344128433431,678,There's a simpler way to explain DNA
3298,378,14,43,154,211,1.3364928909952607,0.04117135198549618,678,I told you it was a bad idea to go to the tennis match
1729,380,14,42,153,209,1.3349282296650717,0.04141270954720264,678,"Uh, do you remember the safe word?"
2866,380,12,46,151,209,1.3349282296650717,0.04028646499921509,678,A simple touch of noses would have done it for me.
3457,380,15,40,154,209,1.3349282296650717,0.04196449853143681,678,This always happens when YOU try to lead.
4285,380,19,32,158,209,1.3349282296650717,0.04410267153825192,678,And then we do the hokey-pokey.
5170,384,15,40,155,210,1.3333333333333333,0.0417946314791198,678,"Ah, what’s our safe word!?"
5186,385,17,35,156,208,1.3317307692307692,0.04313482987110338,678,Why don't we just untwist and shout!
3490,385,16,37,155,208,1.3317307692307692,0.0425929855093697,678,This photographer is killing us with these crazy wedding shots.
2624,385,12,45,151,208,1.3317307692307692,0.040352916635241584,678,I love your spots -- or are those mine?
975,385,12,45,151,208,1.3317307692307692,0.040352916635241584,678,You lead.
773,385,12,45,151,208,1.3317307692307692,0.040352916635241584,678,Sorry...gonna sneeze.
1761,385,17,35,156,208,1.3317307692307692,0.04313482987110338,678,"I forget, which one am I?"
748,391,15,38,152,205,1.3317073170731708,0.04247369637510176,678,So that’s what the hokey-pokey’s all about?
1681,391,12,44,149,205,1.3317073170731708,0.040749759027616454,678,NO means no.
2550,391,8,52,145,205,1.3317073170731708,0.03833075566958528,678,Thanks for the Heimlich maneuver -- I'm okay now.
3182,391,9,50,146,205,1.3317073170731708,0.038949593551836775,678,"Lean in closer, you said. Nibble on my ear, you said..."
5273,395,6,37,105,148,1.3310810810810811,0.045366795366795366,678,Next couples session we have to address our co-dependency.
4560,396,13,41,149,203,1.3300492610837438,0.04157752892207976,678,"OK, so tango is harder than it looks."
3492,396,9,49,145,203,1.3300492610837438,0.039161173505152615,678,"I'm going to change my status to ""in a relationship."""
3379,396,14,39,150,203,1.3300492610837438,0.04215998412603837,678,"Okay, now what?!"
3371,396,11,45,147,203,1.3300492610837438,0.04038742639465311,678,"Next time, just a fist bump."
3140,396,14,39,150,203,1.3300492610837438,0.04215998412603837,678,Is this from the Kamasutra or Ruth Westheimer?
1581,396,15,37,151,203,1.3300492610837438,0.04273450142155909,678,I'm really glad you don't like threesomes.
2580,396,14,39,150,203,1.3300492610837438,0.04215998412603837,678,"That's not exactly what I meant when I said we should finally tie the knot, Louis."
2555,396,8,51,144,203,1.3300492610837438,0.0385334161483152,678,I think I'm okay with being single.
1287,396,12,43,148,203,1.3300492610837438,0.040986797398978994,678,I think we should separate.
3014,396,15,37,151,203,1.3300492610837438,0.04273450142155909,678,I want to date other people.
4659,396,14,39,150,203,1.3300492610837438,0.04215998412603837,678,"”Head in, head out. Well, you can forget shake it all about."
3766,407,11,44,146,201,1.328358208955224,0.040619689307363586,678,It's neck AND neck- not neck IN neck.
910,407,16,34,151,201,1.328358208955224,0.04357425132268161,678,I thought you said it would just be a little necking.
3897,407,10,46,145,201,1.328358208955224,0.04000259886114467,678,Are you sure the lions will think we're a tree?
4601,410,12,41,146,199,1.3266331658291457,0.04147208845273015,678,Let's Twist again the way we did last summer .
3008,410,11,43,145,199,1.3266331658291457,0.04085554155683632,678,"It’s like a pinky promise, but more."
3867,410,14,37,148,199,1.3266331658291457,0.04267847010013903,678,This ought to confuse the lions.
2100,410,17,31,151,199,1.3266331658291457,0.044426662538103665,678,Now let's untwist and do the limbo.
237,410,14,37,148,199,1.3266331658291457,0.04267847010013903,678,Why do I get the feeling you've been seeing the boa constrictor again.
2973,410,12,41,146,199,1.3266331658291457,0.04147208845273015,678,Not being straight is harder than than I expected.
378,416,12,40,145,197,1.3248730964467006,0.04172052172195076,678,I don’t think that this is what they meant when they said the double helix is the key to evolving.
595,416,12,40,145,197,1.3248730964467006,0.04172052172195076,678,Do you think we’re having trouble making friends because we’re too wrapped up in ourselves?
1402,416,14,36,147,197,1.3248730964467006,0.042944111006505956,678,Let's just go back to missionary.
1870,416,11,42,144,197,1.3248730964467006,0.041095067393278416,678,What part of counter clockwise aren't you getting?
2859,416,8,48,141,197,1.3248730964467006,0.03915881073241479,678,You have the absolute worst sense of direction!
2921,416,10,44,143,197,1.3248730964467006,0.040459945567986426,678,How did we manage to crash when we're the only two giraffes in sight?
3710,416,15,34,148,197,1.3248730964467006,0.04354301366273097,678,I don't think this is the way we are supposed to procreate.
4698,416,13,38,146,197,1.3248730964467006,0.04233673701934805,678,"I don't know. What does have brown spots, 8 legs, and is a real pain in the neck?"
5123,416,12,40,145,197,1.3248730964467006,0.04172052172195076,678,"Okay, this time you go left, and I'll go right."
5161,416,15,34,148,197,1.3248730964467006,0.04354301366273097,678,Let’s have a glass of wine and see if we can unwind.
330,426,14,35,145,194,1.324742268041237,0.043405225461780696,678,I just wanted to hold your hoof.
3538,427,13,38,147,198,1.3232323232323233,0.042154316442536574,678,"No, I specifically said counter-clockwise!"
4254,427,15,34,149,198,1.3232323232323233,0.043353601011174255,678,"Don't close your eyes, the next time you try to kiss me."
4054,429,12,39,144,195,1.323076923076923,0.04197293850380622,678,Can we please ask someone for directions?
3618,429,14,35,146,195,1.323076923076923,0.043214161508175926,678,Life is complex but love is twisted.
4427,429,17,29,149,195,1.323076923076923,0.045011865515332025,678,"I'm just saying, Bernard: you're a little clingy."
2301,429,12,39,144,195,1.323076923076923,0.04197293850380622,678,I get too wound up when we neck
1531,429,12,39,144,195,1.323076923076923,0.04197293850380622,678,How we gonna explain this to your dad?
3610,429,13,37,145,195,1.323076923076923,0.042598071091887554,678,"Let's try it again. This time, when I say ""go left"", it's your left, not my left."
5258,435,9,44,139,192,1.3229166666666667,0.04044202709143904,678,This is not what I meant by a necktie!
5154,435,7,48,137,192,1.3229166666666667,0.039070225384999664,678,I swear!  I read the directions three times.
5148,435,12,38,142,192,1.3229166666666667,0.04241662552242594,678,"But enough about me, how do you like to unwind?"
4073,435,11,40,141,192,1.3229166666666667,0.04176879934705697,678,"If you turn on me one more time, we’re done."
3714,435,11,40,141,192,1.3229166666666667,0.04176879934705697,678,"When I said I like kinky love, this isn't what I had in mind."
2487,435,14,34,144,192,1.3229166666666667,0.04368346557153785,678,You really are a pain in the neck!
2951,435,11,40,141,192,1.3229166666666667,0.04176879934705697,678,If only Bertha was here... we could make a braid.
1713,435,14,34,144,192,1.3229166666666667,0.04368346557153785,678,"I’ve heard of necking, but this is ridiculous..."
1640,435,12,38,142,192,1.3229166666666667,0.04241662552242594,678,Ta Da!
1616,435,14,34,144,192,1.3229166666666667,0.04368346557153785,678,For the last time...turn towards MY left.
921,435,14,34,144,192,1.3229166666666667,0.04368346557153785,678,I think the dress code said neck ties are optional.
286,435,12,38,142,192,1.3229166666666667,0.04241662552242594,678,Are you sure this is how they do it on the Discovery Channel?
1897,435,15,32,145,192,1.3229166666666667,0.044303303332310806,678,"When I said turn to the right, I meant MY right, not YOURS."
166,435,11,40,141,192,1.3229166666666667,0.04176879934705697,678,I don't know where you end and I begin anymore.
409,449,12,39,145,196,1.3214285714285714,0.0417907623512229,678,Mom warned me about what necking would lead to.
2199,450,9,34,119,162,1.3209876543209877,0.04520936054380973,678,Next time let's just high-five.
2088,451,9,43,139,191,1.3193717277486912,0.04049784042064478,678,It was cute for a while.  Now it just seems annoying and French.
3235,451,16,29,146,191,1.3193717277486912,0.04500951327975089,678,I’m starting to think that Lion wasn’t really a Zumba instructor..
4758,453,13,34,142,189,1.3174603174603174,0.04340834081683469,678,It's called the double helix pose.  We learned it in yoga class.
2468,453,9,42,138,189,1.3174603174603174,0.040732479560555875,678,The hyenas will never let us hear the end of it.
3104,453,16,28,145,189,1.3174603174603174,0.0453116532854409,678,"I keep telling you, lefty-loosey!"
2123,453,16,28,145,189,1.3174603174603174,0.0453116532854409,678,Don’t forget. Nothing below the neck before we get married.
955,453,12,36,141,189,1.3174603174603174,0.04275507878767893,678,Are you sure this is what humans mean by necking?
569,453,11,38,140,189,1.3174603174603174,0.04209167936553244,678,It's not you--I just need a little space right now...
2339,453,17,26,146,189,1.3174603174603174,0.045928566424283813,678,"Tantric yoga,"" you said.
""It'll be fun,"" you said"
5056,460,13,33,140,186,1.3172043010752688,0.04388995321170083,678,"Necking sucks, let's french kiss."
5032,460,10,39,137,186,1.3172043010752688,0.04185642216699712,678,"No, the rule is righty-tighty, lefty-loosey."
4317,460,11,37,138,186,1.3172043010752688,0.0425450668748997,678,"Don't worry, honey, they accept all sorts on the ark."
2655,460,16,27,143,186,1.3172043010752688,0.04583334931279503,678,Let's start over.  I'm looking at my own butt.
2678,460,16,27,143,186,1.3172043010752688,0.04583334931279503,678,I said French kiss not French braid
1829,460,16,27,143,186,1.3172043010752688,0.04583334931279503,678,You go low.  I’ll go high.
1739,460,12,35,139,186,1.3172043010752688,0.043222741168943556,678,"Wait, am I you or me?"
87,460,9,41,136,186,1.3172043010752688,0.04115625636345084,678,Let's just call it a tie!
2427,460,13,33,140,186,1.3172043010752688,0.04388995321170083,678,Now lift your butt for the pretzel pose.
4134,469,14,25,129,168,1.3154761904761905,0.04786568222894604,678,This was a terrible time to tell me you voted for Trump.
4589,470,12,34,138,184,1.315217391304348,0.04350052886634885,678,I don't know who you are anymore.
4506,470,8,42,134,184,1.315217391304348,0.040678125407665335,678,I thought necking was reserved for the second date.
4364,470,14,30,140,184,1.315217391304348,0.044845167790266996,678,"Well, I looked back to see if you looked back"
3464,470,8,42,134,184,1.315217391304348,0.040678125407665335,678,"Honestly, I don’t remember a thing about last night."
2884,470,12,34,138,184,1.315217391304348,0.04350052886634885,678,Perhaps we should sit farther apart when listening to the next Democratic debate.
2902,470,8,42,134,184,1.315217391304348,0.040678125407665335,678,Next time just nibble on my ear
1767,470,11,36,137,184,1.315217391304348,0.04281237531846924,678,I thought you said you'd watch MY back!
996,470,9,40,135,184,1.315217391304348,0.041401768294655285,678,"Nope, still not in the mood..."
875,470,12,34,138,184,1.315217391304348,0.04350052886634885,678,"Next time we see a helicopter, let's not try to count the blades."
723,470,12,34,138,184,1.315217391304348,0.04350052886634885,678,I think we're screwed!
652,470,12,34,138,184,1.315217391304348,0.04350052886634885,678,Thank you for being flexible.
2440,470,11,36,137,184,1.315217391304348,0.04281237531846924,678,I'm not really a hugger.
938,482,11,35,136,182,1.3131868131868132,0.043084136760492345,678,"OMG, my neck feels better already!"
2671,482,12,33,137,182,1.3131868131868132,0.04378305161009105,678,Giraffe gaffe.
3131,482,11,35,136,182,1.3131868131868132,0.043084136760492345,678,"Oh just great  .
In the New Yorker nonetheless ."
5323,485,9,38,133,180,1.3111111111111111,0.04190445288096708,678,I’m beginning to find this relationship suffocating.
5214,485,15,26,139,180,1.3111111111111111,0.046134831199842054,678,"I'm telling you, it's ""righty tighty, lefty loosey!"""
4913,485,8,40,132,180,1.3111111111111111,0.041157136985247186,678,"Wow, we can give a whole new meaning to necking."
3850,485,10,36,134,180,1.3111111111111111,0.04263867279458846,678,I know we have limited Halloween costume options but the 'Double Helix' is just plain dumb.
3240,485,10,36,134,180,1.3111111111111111,0.04263867279458846,678,So that's a tornado .
1225,485,13,30,137,180,1.3111111111111111,0.04476914291089727,678,"Oh Christ, I don't know Myrna.  It looks like fun when the swans do it!"
2506,485,9,38,133,180,1.3111111111111111,0.04190445288096708,678,"Whatever you do, please don't cough."
1998,485,12,32,136,180,1.3111111111111111,0.044070431249825036,678,No! Righty tighty lefty loosey!
1691,485,11,34,135,180,1.3111111111111111,0.043360461991482135,678,"I didn't mean ""tie the knot"" literally."
106,485,9,38,133,180,1.3111111111111111,0.04190445288096708,678,This relationship is getting to be a real pain in the neck.
3060,485,10,36,134,180,1.3111111111111111,0.04263867279458846,678,I didn't think necking would be so complicated.
2793,496,10,35,132,177,1.310734463276836,0.043115391346637943,678,Mom!  We did it again!
4206,496,13,29,135,177,1.310734463276836,0.0452939397396282,678,"Okay, so we've done the Double Helix.  What's next?"
2766,496,11,33,133,177,1.310734463276836,0.04385360083689272,678,I think this team work thing has gone too far
73,496,10,35,132,177,1.310734463276836,0.043115391346637943,678,Can you see the mole now?
690,496,8,39,130,177,1.310734463276836,0.041599691107004504,678,"I don’t need another possessive relationship, Dennis."
4085,501,11,35,138,184,1.309782608695652,0.042682111367661875,678,"Necking is one thing, but I never agreed  to going all the way!"
183,502,13,29,136,178,1.3089887640449438,0.0450725794772196,678,I’m getting a little uncomfortable with this level of commitment.
380,502,7,41,130,178,1.3089887640449438,0.040628285569506914,678,Let's try the Macarena instead.
4034,502,9,37,132,178,1.3089887640449438,0.042161801816988656,678,"It’s over, Louise. I know you’ve been stepping out with the python"
23,505,8,38,129,175,1.3085714285714285,0.041852482689744126,678,"This time I'll lead, OK?"
210,505,12,30,133,175,1.3085714285714285,0.04488157848452404,678,I suddenly crave a pretzel.
1862,505,9,36,130,175,1.3085714285714285,0.04262993962331077,678,"Okay, which way is forward?"
3190,505,8,38,129,175,1.3085714285714285,0.041852482689744126,678,It looked fun on the internet.
3295,505,10,34,131,175,1.3085714285714285,0.04339346952340768,678,This looked a lot hotter in the Kama Sutra.
4643,505,11,32,132,175,1.3085714285714285,0.04414379505967629,678,"I love you, but you're a pain in the neck."
4650,505,9,36,130,175,1.3085714285714285,0.04262993962331077,678,What do you think the marriage counselor meant by codependent?
5274,505,13,28,134,175,1.3085714285714285,0.045607428476666836,678,"Dammit, Carl!"
33,513,10,34,132,176,1.3068181818181819,0.04318181818181818,678,Our parents were right - we tied the knot way too soon.
603,514,11,31,131,173,1.30635838150289,0.04443904589720197,678,Twisted sisters?
2342,514,8,37,128,173,1.30635838150289,0.042109248329512565,678,Can we go back to being attached at the hip?
2701,514,9,35,129,173,1.30635838150289,0.04289990827498639,678,Talk about a twisted relationship.
3468,514,10,33,130,173,1.30635838150289,0.043676257453311336,678,You’ve put me in a difficult position.
3740,514,9,35,129,173,1.30635838150289,0.04289990827498639,678,"Well, evolution's made us look like fools again."
3829,514,11,31,131,173,1.30635838150289,0.04443904589720197,678,This is nothing  ... you should see the Octopus play Hokey Pokey
4707,514,10,33,130,173,1.30635838150289,0.043676257453311336,678,"I said 'my name is Felix,' not helix."
4938,514,10,33,130,173,1.30635838150289,0.043676257453311336,678,"OK, Let’s try lefty loosey."
4996,522,8,36,127,171,1.304093567251462,0.04237007275325432,678,Our relationship is SO twisted.
4567,522,10,32,129,171,1.304093567251462,0.043963871125332794,678,This isn’t too bad. Group hugs are the worst.
4448,522,10,32,129,171,1.304093567251462,0.043963871125332794,678,That's the last time we join the zebras for a game of Twister.
3894,522,9,34,128,171,1.304093567251462,0.043174327032629786,678,I'm still taller than you.
3306,522,8,36,127,171,1.304093567251462,0.04237007275325432,678,"I said I wanted to Tango, not tangle."
2814,522,6,40,125,171,1.304093567251462,0.04071393085796626,678,I'm having a hard time wrapping my head around this.
2542,522,7,38,126,171,1.304093567251462,0.04155025409683629,678,You've become too possessive. I can't breathe.
5240,522,9,34,128,171,1.304093567251462,0.043174327032629786,678,There goes that National Geographic drone again.
1277,522,10,32,129,171,1.304093567251462,0.043963871125332794,678,IMITATION OF SPAGHETTI ON THE SERENGETI
1241,522,10,32,129,171,1.304093567251462,0.043963871125332794,678,Your mother was right. We're all screwed up.
1044,522,9,34,128,171,1.304093567251462,0.043174327032629786,678,I think I know now why the lions were circling us.
661,522,10,32,129,171,1.304093567251462,0.043963871125332794,678,"I told you I was into KINKY, not TWISTED!!"
132,522,11,30,130,171,1.304093567251462,0.04473948383619634,678,"No, YOUR left."
30,522,13,26,132,171,1.304093567251462,0.046251706056512985,678,We need to consciously uncouple!
1694,522,11,30,130,171,1.304093567251462,0.04473948383619634,678,"I know it's uncomfortable, but Ripley's pays way better than these stupid animal parks."""
5313,537,15,21,133,169,1.301775147928994,0.0480712331635264,678,I think it's righty tighty..lefty lucy
5310,537,6,39,124,169,1.301775147928994,0.04094950615880426,678,What level was that yoga class we just did?
5151,537,8,35,126,169,1.301775147928994,0.042635042053683014,678,"Let's put a new twist on our relationship,"" you said"
5252,537,8,35,126,169,1.301775147928994,0.042635042053683014,678,Am I looking at my butt or yours?
2886,537,8,35,126,169,1.301775147928994,0.042635042053683014,678,I think it was better being attached at the hip.
1456,537,12,27,130,169,1.301775147928994,0.045820479301924184,678,Sometimes I just don’t know which way to turn.
1395,537,12,27,130,169,1.301775147928994,0.045820479301924184,678,"I said,'Put your LEFT foot in'."
4485,537,9,33,127,169,1.301775147928994,0.04345329894327938,678,The first time is always a little awkward.
3327,545,11,28,127,166,1.3012048192771084,0.04559443058780252,678,I think we should start seeing other people.
5006,545,7,36,123,166,1.3012048192771084,0.042270257866670345,678,"Thanks again for doing this. If this doesn’t make Sharon jealous, I don’t know what will."
4970,545,9,32,125,166,1.3012048192771084,0.04396377372758592,678,I don't see what snakes see in this!
4654,545,6,38,122,166,1.3012048192771084,0.041397528307702415,678,"wow,we really can't dance."
4543,545,9,32,125,166,1.3012048192771084,0.04396377372758592,678,"Nobody told you to make like a double helix, smart ass!"
4272,545,8,34,124,166,1.3012048192771084,0.04312532956677074,678,I don't think we were both supposed to go counter-clockwise!
3913,545,13,24,129,166,1.3012048192771084,0.047168748137739566,678,I don't think this is how we are supposed to screw.
5306,545,10,30,126,166,1.3012048192771084,0.04478652420648602,678,"Trust me. By this time tomorrow we'll be blowing up Facebook, trending on Twitter and dancing on TV with Ellen."
3615,545,10,30,126,166,1.3012048192771084,0.04478652420648602,678,I'm thinking the Camel Sutra wasn't written for us.
3138,545,9,32,125,166,1.3012048192771084,0.04396377372758592,678,I swore to avoid entanglements
2652,545,10,30,126,166,1.3012048192771084,0.04478652420648602,678,Wait a sec! It takes two to tangle or two to tango?
2729,545,10,30,126,166,1.3012048192771084,0.04478652420648602,678,I just don't think Dancing with the Stars is for us.
3077,545,8,34,124,166,1.3012048192771084,0.04312532956677074,678,"Next time, let's just agree to disagree."
515,545,10,30,126,166,1.3012048192771084,0.04478652420648602,678,The problem is once you twist it is difficult to shout.
604,545,8,34,124,166,1.3012048192771084,0.04312532956677074,678,Is this “second base”?
615,545,8,34,124,166,1.3012048192771084,0.04312532956677074,678,See?  This is why I just fist bump.
496,545,9,32,125,166,1.3012048192771084,0.04396377372758592,678,It was cuter in my head.
1549,545,11,28,127,166,1.3012048192771084,0.04559443058780252,678,"Let's watch the vultures circling,"" you said.  ""It'll be fun,"" you said"
2681,545,10,30,126,166,1.3012048192771084,0.04478652420648602,678,"Third World problems, amiright??"
2716,545,11,28,127,166,1.3012048192771084,0.04559443058780252,678,How about we find a watering hole were we can have a drink and unwind .
1139,545,12,26,128,166,1.3012048192771084,0.04638826846039552,678,And this is why I hate ballroom dancing.
2420,566,6,37,121,164,1.298780487804878,0.041644230823181784,678,Is this what they meant by “try and see from each other’s perspectives”
5131,566,10,29,125,164,1.298780487804878,0.045094442642119315,678,Our situation has knot improved !
4658,566,6,37,121,164,1.298780487804878,0.041644230823181784,678,Isn't there something else we can do besides necking?
3678,566,8,33,123,164,1.298780487804878,0.043403633016475894,678,"Sure, let's play Twister, he says."
3489,566,9,31,124,164,1.298780487804878,0.044257113079324915,678,Let's go back to spooning.
2741,566,9,31,124,164,1.298780487804878,0.044257113079324915,678,"...and that, Fred, is how DNA and genes work."
2670,566,12,25,127,164,1.298780487804878,0.046724106790583614,678,I never should have gotten mixed up with you.
1981,566,11,27,126,164,1.298780487804878,0.04591650527087863,678,"Excuse me, but you' re in my personal space."
5335,566,10,29,125,164,1.298780487804878,0.045094442642119315,678,No. No. No. It’s ‘NECKTIE’  These tourists are terrible at charades.
1437,566,9,31,124,164,1.298780487804878,0.044257113079324915,678,"son of a bitch, Greg! you went and wrapped your neck around mine again. This is why you weren't invited to the wedding."
1262,566,4,41,119,164,1.298780487804878,0.03980714210641064,678,"Let me rephrase my question...""I'll scratch you're back AFTER you scratch mine..?"""
1207,566,8,33,123,164,1.298780487804878,0.043403633016475894,678,You are female right?
1203,566,14,21,129,164,1.298780487804878,0.048298815239634335,678,Are you sure this is how you do the hokey pokey?
733,566,7,35,122,164,1.298780487804878,0.04253303022289477,678,Learning to unwind could be life-changing.
363,566,7,35,122,164,1.298780487804878,0.04253303022289477,678,You first.
29,566,10,29,125,164,1.298780487804878,0.045094442642119315,678,"Wait, your left or mine?"
1969,566,9,31,124,164,1.298780487804878,0.044257113079324915,678,"Apparently, it takes two to untango, too."
4880,583,11,29,131,171,1.2982456140350878,0.04458634310190635,678,"It started with a little innocent necking, then things spiraled out of control."
4243,583,12,27,132,171,1.2982456140350878,0.045351311346038446,678,"For the last time, no. That spot doesn't look weird to me."
1258,583,7,37,127,171,1.2982456140350878,0.0413853137330539,678,"Let's try this one more time. My left, your right."
1400,583,12,27,132,171,1.2982456140350878,0.045351311346038446,678,"Hey, remember that time you asked if I had lice?"
52,587,9,31,125,165,1.2969696969696969,0.044025325662036485,678,"Sorry, I'm just not that into erotic asphixiation."
1401,587,5,39,121,165,1.2969696969696969,0.040528878341483915,678,I have the right of way!
2845,587,9,31,125,165,1.2969696969696969,0.044025325662036485,678,"I think people call it ""necking."""
3391,590,12,24,126,162,1.2962962962962963,0.04706629058678449,678,Tell me again how this helps us to see the lions.
3629,590,9,30,123,162,1.2962962962962963,0.04455549350299086,678,Let's see the zebras try this one.
3223,590,9,30,123,162,1.2962962962962963,0.04455549350299086,678,Now if only we could shout.
5357,590,12,24,126,162,1.2962962962962963,0.04706629058678449,678,Can’t we just try living together for a while without tying the knot?
1046,590,8,32,122,162,1.2962962962962963,0.04368650552737693,678,I simply cannot unwrap my head around it.
250,590,12,24,126,162,1.2962962962962963,0.04706629058678449,678,Next time let's just hoof-bump.
1303,590,11,26,125,162,1.2962962962962963,0.04624450749546494,678,You and your Kama Sutra
979,597,10,25,117,152,1.2960526315789473,0.04745052622423986,678,Do these spots make my butt look big?
4110,598,6,35,118,159,1.2955974842767295,0.04237351316828499,678,We really must have tied one on last night.
1936,599,8,32,123,163,1.294478527607362,0.04345569856989565,678,We've discovered the secret structure of DNA
5388,600,9,29,122,160,1.29375,0.04485903409851324,678,Your mother is right. Our relationship is twisted.
5349,600,10,27,123,160,1.29375,0.0457268990032435,678,"I'll watch my back, you watch yours!"
5221,600,9,29,122,160,1.29375,0.04485903409851324,678,I can’t tell whether I’m coming or going.
4957,600,8,31,121,160,1.29375,0.04397404448137918,678,"When I said ""necking"", I had something much different in mind."
4940,600,9,29,122,160,1.29375,0.04485903409851324,678,Hey Macarena!
3698,600,9,29,122,160,1.29375,0.04485903409851324,678,"Oh great, now the hyena is laughing at us."
3697,600,10,27,123,160,1.29375,0.0457268990032435,678,I told you that Kama Sutra move was way too advanced for us!
2929,600,9,29,122,160,1.29375,0.04485903409851324,678,"You've looked for trees.I've looked for trees. 
I think it's safe to say there are no trees."
2821,600,11,25,124,160,1.29375,0.046578596422113115,678,This is worse than when our retainers got stuck!
2449,600,8,31,121,160,1.29375,0.04397404448137918,678,The other left.
2044,600,9,29,122,160,1.29375,0.04485903409851324,678,We should exchange insurance information.
1333,600,10,27,123,160,1.29375,0.0457268990032435,678,It's a long story.
673,600,7,33,120,160,1.29375,0.043070874565639565,678,"Next time we see a dust devil coming, let's try lying down."
457,600,14,19,127,160,1.29375,0.04904502728368965,678,"Turn right"" I said. But no, you just wouldn't listen"
3485,600,7,33,120,160,1.29375,0.043070874565639565,678,Maybe no one will notice.
5277,615,15,16,127,158,1.2911392405063291,0.05023832379255544,678,It feels just like it did on our first date.
5144,615,10,26,122,158,1.2911392405063291,0.046051719860048704,678,No more Kama Sutra for us!
4176,615,8,30,120,158,1.2911392405063291,0.044266348300955535,678,At least we're not up to our necks in alligators
1346,615,12,22,124,158,1.2911392405063291,0.04777041147232562,678,"Ok, I get it! DNA is a double helix."
3562,615,9,28,121,158,1.2911392405063291,0.045167856347019135,678,Can you reach my insurance card?
1150,615,7,32,119,158,1.2911392405063291,0.043346094827770375,678,Meet Felix and Helix.
865,615,8,30,120,158,1.2911392405063291,0.044266348300955535,678,Is this what screwing is like?  I love it!
551,615,9,28,121,158,1.2911392405063291,0.045167856347019135,678,We forgot the champagne glasses.
1304,615,10,26,122,158,1.2911392405063291,0.046051719860048704,678,I still want a prenup
5094,624,9,27,119,155,1.2903225806451613,0.04573813181316198,678,Our love has spiraled out of control
4891,624,8,29,118,155,1.2903225806451613,0.04481282764116549,678,"Oh wait, we forgot the glasses."
4728,624,8,29,118,155,1.2903225806451613,0.04481282764116549,678,"No,the lions are this way. No that way. No,this way!"
4544,624,11,23,121,155,1.2903225806451613,0.04753473532987144,678,You never give me a chance to just unwind.
4481,624,7,31,117,155,1.2903225806451613,0.04386801044765344,678,This is the LAST time we watch tennis together
3321,624,10,25,120,155,1.2903225806451613,0.046645084224594915,678,This is why there's no Kama Sutra for giraffes.
2923,624,10,25,120,155,1.2903225806451613,0.046645084224594915,678,I think the Camel Sutra only works for camels.
2295,624,5,35,115,155,1.2903225806451613,0.04191453184174533,678,Now that we've been to a couples therapist I have the feeling we should visit a chiropractor.
2158,624,9,27,119,155,1.2903225806451613,0.04573813181316198,678,"On second thought, I really do need some space."
2045,624,8,29,118,155,1.2903225806451613,0.04481282764116549,678,"I feel like every time I stick my neck out for you, MY life gets so complicated!"
4871,624,8,29,118,155,1.2903225806451613,0.04481282764116549,678,"This is not what I had in mind, when I asked for a neck tie for my birthday"
1439,624,10,25,120,155,1.2903225806451613,0.046645084224594915,678,"If you are doing this on purpose, please stop."
1588,624,7,31,117,155,1.2903225806451613,0.04386801044765344,678,Let's unwind.
453,624,9,27,119,155,1.2903225806451613,0.04573813181316198,678,‘Well at least we’re not reticulated.’
636,624,9,27,119,155,1.2903225806451613,0.04573813181316198,678,It depends how you look at it.
880,624,8,29,118,155,1.2903225806451613,0.04481282764116549,678,I thought we went on this trip to unwind!
78,624,8,29,118,155,1.2903225806451613,0.04481282764116549,678,You forgot to grab the champagne flutes!
1149,624,11,23,121,155,1.2903225806451613,0.04753473532987144,678,I told you not to annoy the elephants.
1261,624,7,31,117,155,1.2903225806451613,0.04386801044765344,678,How do we explain this to your parents?
1267,624,10,25,120,155,1.2903225806451613,0.046645084224594915,678,I'm not much of a hugger.
994,624,9,27,119,155,1.2903225806451613,0.04573813181316198,678,No sign of the lion on my side.
3354,645,6,32,114,152,1.2894736842105263,0.04341590324040133,678,I say next time let's stick to spooning.
4573,646,12,21,123,156,1.2884615384615385,0.04813272196186993,678,Before Trump this only used to happen in cartoons!
5132,646,8,29,119,156,1.2884615384615385,0.04456351624034515,678,"""Before you came along, I managed to avoid entanglements"""
3957,648,5,34,114,153,1.2875816993464053,0.042164928575618224,678,"Tell me again , this proves what?"
5330,648,7,30,116,153,1.2875816993464053,0.044157443605784004,678,"Remember, All we have to do is relax and everything will straighten out"""
5255,648,12,20,121,153,1.2875816993464053,0.04878397673238124,678,So good to be around you again!
4001,648,6,32,115,153,1.2875816993464053,0.04317268249474997,678,"This twisted, screwed up love of ours can be a pain in the neck, but I just can't leave you."
3637,648,7,30,116,153,1.2875816993464053,0.044157443605784004,678,"Well, there goes the Lion King audition."
639,648,8,28,117,153,1.2875816993464053,0.04512071739016899,678,"Ok now, wait for the music and then it's two steps forward two steps back...you first."
1774,648,10,24,119,153,1.2875816993464053,0.04698805977920887,678,"I said necktie, not neck tie."
1709,648,6,32,115,153,1.2875816993464053,0.04317268249474997,678,"I'm sorry Bernie, I thought necking would help you unwind."
235,648,6,32,115,153,1.2875816993464053,0.04317268249474997,678,"Easy, Kevin. This is my first time."
40,648,10,24,119,153,1.2875816993464053,0.04698805977920887,678,"Quick, I think your mother's coming."
3210,648,10,24,119,153,1.2875816993464053,0.04698805977920887,678,This double helix research is a pain in the neck.
3643,659,12,22,126,160,1.2875,0.04724110178767221,678,"Don't look now, but there's a pack of hyenas behind one of us."
5265,659,8,30,122,160,1.2875,0.043786485235837044,678,Are you sure that you are ready to tie the knot?
4757,659,9,28,123,160,1.2875,0.04467519044737731,678,Looks like we’re in a bind.
4127,659,8,30,122,160,1.2875,0.043786485235837044,678,So this is how we’ll eat the wedding cake?
3823,659,11,24,125,160,1.2875,0.04640156620106641,678,Namaste away from me next time I do upward facing dog.
3652,659,9,28,123,160,1.2875,0.04467519044737731,678,"Screw you!
No, screw you!!"
3410,659,10,26,124,160,1.2875,0.045546558527628525,678,Neck Lace
3723,659,10,26,124,160,1.2875,0.045546558527628525,678,"This may be a bad time, but I'm pregnant and it's yours."
2366,659,6,34,120,160,1.2875,0.04195263501742959,678,"What now, my love?"
2336,659,8,30,122,160,1.2875,0.043786485235837044,678,"You’re paranoid, Jerry. Nobody’s following you."
2075,659,8,30,122,160,1.2875,0.043786485235837044,678,If we were in the southern hemisphere would we twist the other way?
2850,659,10,26,124,160,1.2875,0.045546558527628525,678,Let’s see Darwin explain this
1994,659,8,30,122,160,1.2875,0.043786485235837044,678,Could you just scratch behind my right ear?
1290,659,11,24,125,160,1.2875,0.04640156620106641,678,I THINK I've got your back.
325,659,9,28,123,160,1.2875,0.04467519044737731,678,This is why I usually date horses.
71,659,7,32,121,160,1.2875,0.04287936493357752,678,You always take a good thing too far.
4076,675,6,29,108,143,1.2867132867132867,0.04506840355452776,678,"Trust me"", you said.  ""What could possibly go wrong?...."""
4240,676,9,25,117,151,1.2847682119205297,0.04639544341228343,678,"Give it up!
We will never make it to the synchronized swimming team."
4335,676,6,31,114,151,1.2847682119205297,0.043446938985050934,678,This way we save on scarves.
4672,676,6,31,114,151,1.2847682119205297,0.043446938985050934,678,"Frankly, I always imagined necking to be more enjoyable."
4700,676,11,21,119,151,1.2847682119205297,0.04826113975988858,678,"If you think this is bad, you should see the camels humping."
5348,676,9,25,117,151,1.2847682119205297,0.04639544341228343,678,This is so much worse than a hickey.
5070,676,6,31,114,151,1.2847682119205297,0.043446938985050934,678,Let's go have a highball to unwind.
5202,676,7,29,115,151,1.2847682119205297,0.04445150984973728,678,"Listen, Bob, I'm having second thoughts about tying the knot."
5342,676,7,29,115,151,1.2847682119205297,0.04445150984973728,678,"Wait, I see my ex coming."
4175,676,10,23,118,151,1.2847682119205297,0.04733748398650847,678,"Listen, I don't know, but how do we creatively uncouple?"
4740,676,6,31,114,151,1.2847682119205297,0.043446938985050934,678,I knew we'd end up together. It's in our DNA.
3881,676,9,25,117,151,1.2847682119205297,0.04639544341228343,678,One two three four...I declare a neck war
4929,676,7,29,115,151,1.2847682119205297,0.04445150984973728,678,"Our therapist was right, it's not healthy to have our lives completely intertwined."
3261,676,9,25,117,151,1.2847682119205297,0.04639544341228343,678,"This is really twisted, Sister!"
393,676,6,31,114,151,1.2847682119205297,0.043446938985050934,678,I don't think we're doing it right.
394,676,10,23,118,151,1.2847682119205297,0.04733748398650847,678,Veterinarians can use this as their symbol!
3277,676,9,25,117,151,1.2847682119205297,0.04639544341228343,678,Can't say mom didn't warn me about the dangers of necking.
1353,676,9,25,117,151,1.2847682119205297,0.04639544341228343,678,"Seriously David, this is the last time we try something from the Kama Sutra."
1438,676,8,27,116,151,1.2847682119205297,0.04543387446247395,678,This is the last time I stick my neck out for you.
1159,676,10,23,118,151,1.2847682119205297,0.04733748398650847,678,Is this a bad time to mention that I'm actually looking for something more casual?
1941,676,9,25,117,151,1.2847682119205297,0.04639544341228343,678,'Sweet!' What does mine say?!
2717,676,6,31,114,151,1.2847682119205297,0.043446938985050934,678,"Try couples yoga, they said. It’ll unwind you, they said."
2976,676,7,29,115,151,1.2847682119205297,0.04445150984973728,678,You said you didn't want to be joined at the hip.
3061,676,13,17,121,151,1.2847682119205297,0.05005734763673163,678,Necking was a lot less complicated when I was younger.
1811,676,6,31,114,151,1.2847682119205297,0.043446938985050934,678,"You are definitely testing my boundaries here, buddy"
1078,700,6,31,115,152,1.2828947368421053,0.04320079968678176,678,"That was the trick.
My hiccups are gone!"
2094,700,5,33,114,152,1.2828947368421053,0.04218021713833118,678,Let’s not play that other Chubby Checker record.
5013,700,8,27,117,152,1.2828947368421053,0.04517284411080174,678,"OK, one last time:  paper, scissors, neck."
3991,703,4,34,111,149,1.2818791946308725,0.04159932670915224,678,"Yeah, I've got your back -- if that's your back."
3951,703,8,26,115,149,1.2818791946308725,0.045752408340147585,678,"You’re taking this ‘one good turn deserves another’ a bit too far, Gladys."
3887,703,9,24,116,149,1.2818791946308725,0.04673304602196192,678,I know it doesn't look exactly like it does in the Camel Sutra book...
2401,703,8,26,115,149,1.2818791946308725,0.045752408340147585,678,Mama told me necking would get me in trouble.
898,703,9,24,116,149,1.2818791946308725,0.04673304602196192,678,Marco.....Polo.
296,703,13,16,120,149,1.2818791946308725,0.050465398807099805,678,"When you said you were going to show me how the French do it, I didn't think you meant braid."
199,703,10,22,117,149,1.2818791946308725,0.04769352484413388,678,This is the last time I let you lead.
2194,703,7,28,114,149,1.2818791946308725,0.04475028656172384,678,"Hey, am I looking at your ass or mine??"
1487,711,8,24,110,142,1.2816901408450705,0.04726692437588792,678,"Is that a python in your throat, or are you just glad to see me?"
2016,711,9,22,111,142,1.2816901408450705,0.0483120301873452,678,"Gives new meaning to ""neck and neck,"" eh?"
2978,713,4,33,109,146,1.2808219178082192,0.0420800131797113,678,Maybe checking each other for ticks wasn't such a great idea after all.
2940,714,10,21,116,147,1.2789115646258504,0.04805635429828093,678,I just don't think our tango lessons are paying off
5147,714,10,21,116,147,1.2789115646258504,0.04805635429828093,678,This is why I wanted to take dance lessons before the wedding.
5065,714,9,23,115,147,1.2789115646258504,0.04707680138163968,678,"This is why we don't play twister, Steve."
4858,714,4,33,110,147,1.2789115646258504,0.04183641270171937,678,Do you see what I see?
4796,714,11,19,117,147,1.2789115646258504,0.0490163355276326,678,This is seriously twisted.
4353,714,5,31,111,147,1.2789115646258504,0.042935688976236765,678,Why do you think they call it necking?
3416,714,6,29,112,147,1.2789115646258504,0.04400751467624242,678,"I'm glad we tried your little experiment, Geoffrey, but I prefer doing yoga by myself."
3286,714,6,29,112,147,1.2789115646258504,0.04400751467624242,678,You have a really twisted sense of humor!
3237,714,4,33,110,147,1.2789115646258504,0.04183641270171937,678,"I think its ""hearts"" intertwined."
2751,714,8,25,114,147,1.2789115646258504,0.04607642855312028,678,"I told you, left is loose —right is tight."
127,714,10,21,116,147,1.2789115646258504,0.04805635429828093,678,"On second thought, let's not screw."
2456,714,7,27,113,147,1.2789115646258504,0.04505384898202644,678,The original necktie!
2151,714,8,25,114,147,1.2789115646258504,0.04607642855312028,678,I think I have a knot in my neck.
2097,714,4,33,110,147,1.2789115646258504,0.04183641270171937,678,I say we're neck and neck!
2082,714,9,23,115,147,1.2789115646258504,0.04707680138163968,678,I hate the hokey pokey.
1967,714,8,25,114,147,1.2789115646258504,0.04607642855312028,678,You never ask for directions
1947,714,11,19,117,147,1.2789115646258504,0.0490163355276326,678,I don't care how it happened---let's go to Happy Hour and unwind!
1700,714,8,25,114,147,1.2789115646258504,0.04607642855312028,678,Is it as hard for you to unwind as it is for me?
1216,714,11,19,117,147,1.2789115646258504,0.0490163355276326,678,Don't Back Up!!
914,714,4,33,110,147,1.2789115646258504,0.04183641270171937,678,"And that, my dear, is how you play Twister."
2593,714,5,31,111,147,1.2789115646258504,0.042935688976236765,678,I know you're cold but next time I'm buying you a scarf.
4856,735,8,26,117,151,1.2781456953642385,0.045221007833030055,678,I'd say the bigger problem is the lack of trees.
4244,735,8,26,117,151,1.2781456953642385,0.045221007833030055,678,Why won’t you look at me?!
2327,735,6,30,115,151,1.2781456953642385,0.043224288402862826,678,Best two out of three?
3393,735,7,28,116,151,1.2781456953642385,0.04423391604509388,678,Stop looking over my shoulder all the time!
4007,739,6,28,110,144,1.2777777777777777,0.04456084214122663,678,"Okay, big shot. Now who's going to post this on Instagram?"
2795,739,9,22,113,144,1.2777777777777777,0.047718381612441664,678,Either we declare peace or we spend the weekend staring at our own asses.
2847,739,3,34,107,144,1.2777777777777777,0.04116179491907547,678,Are you dating anyone else at the moment?
3151,739,5,30,109,144,1.2777777777777777,0.043457376303801656,678,"Just relax. If you want Instagram followers, this is what it takes."
3175,739,8,24,112,144,1.2777777777777777,0.04668960105404107,678,OK. I'm ready to go home and unwind.
2780,739,10,20,114,144,1.2777777777777777,0.04872544551705718,678,Let me guess. This is your first date?
3507,739,7,26,111,144,1.2777777777777777,0.04563763523080941,678,One more twist and we make it into the Guinness book of records.
3707,739,7,26,111,144,1.2777777777777777,0.04563763523080941,678,That's it! No more polkas!
3728,739,11,18,115,144,1.2777777777777777,0.0497121125879881,678,Endless love.
3838,739,7,26,111,144,1.2777777777777777,0.04563763523080941,678,Maybe the lions will think we're a statue.
4045,739,6,28,110,144,1.2777777777777777,0.04456084214122663,678,Why can't we just say hello?
4815,739,7,26,111,144,1.2777777777777777,0.04563763523080941,678,Does this spot look weird to you?
4255,739,6,28,110,144,1.2777777777777777,0.04456084214122663,678,"Great. The hyenas are really going to laugh at us now, Phil."
4283,739,9,22,113,144,1.2777777777777777,0.047718381612441664,678,This happens every time we watch tennis.
4328,739,6,28,110,144,1.2777777777777777,0.04456084214122663,678,"Well, the first few dance lessons were fun."
4429,739,3,34,107,144,1.2777777777777777,0.04116179491907547,678,Honey! You’re home early!
4696,739,8,24,112,144,1.2777777777777777,0.04668960105404107,678,"Ouch, I've got a Crick and Watson in my neck!"""
4820,739,7,26,111,144,1.2777777777777777,0.04563763523080941,678,"Our relationship has had its twists and turns, but now we see things from two entirely different directions."
5111,739,10,20,114,144,1.2777777777777777,0.04872544551705718,678,Necking has always been over-rated.
5172,739,6,28,110,144,1.2777777777777777,0.04456084214122663,678,Maybe we should just stick to a fist bump.
5287,739,5,30,109,144,1.2777777777777777,0.043457376303801656,678,"I said, MY left, Steve."
2773,739,8,24,112,144,1.2777777777777777,0.04668960105404107,678,"From now on, we stick to the secret handshake."
4071,739,8,24,112,144,1.2777777777777777,0.04668960105404107,678,Bless you...
2770,739,4,32,108,144,1.2777777777777777,0.0423251516014429,678,"No, MY clockwise!!"
1206,739,5,30,109,144,1.2777777777777777,0.043457376303801656,678,At least our hickeys will just blend in.
2486,739,7,26,111,144,1.2777777777777777,0.04563763523080941,678,"I said ""Clockwise!"""
2631,739,9,22,113,144,1.2777777777777777,0.047718381612441664,678,"Nope, I still have the hiccups."
39,739,7,26,111,144,1.2777777777777777,0.04563763523080941,678,This is Africa -- it’s going to take a lot to drag me away from you.
59,739,7,26,111,144,1.2777777777777777,0.04563763523080941,678,We should have tied the knot a long time ago.
140,739,7,26,111,144,1.2777777777777777,0.04563763523080941,678,The French braid was hotter.
796,739,2,36,106,144,1.2777777777777777,0.03996458762248061,678,"Uh, okay I guess. How is it for you?"
1059,739,9,22,113,144,1.2777777777777777,0.047718381612441664,678,So much for necking.
1069,739,6,28,110,144,1.2777777777777777,0.04456084214122663,678,"I’m glad to see you, but not that glad."
1076,739,8,24,112,144,1.2777777777777777,0.04668960105404107,678,I hate it when they play Chubby Checker.
1162,739,8,24,112,144,1.2777777777777777,0.04668960105404107,678,And that is what the DNA molecule looks like.
1242,739,7,26,111,144,1.2777777777777777,0.04563763523080941,678,It doesn't look like you have lice which come to think of it I'm pretty happy about
1278,739,10,20,114,144,1.2777777777777777,0.04872544551705718,678,That's the last time I'm doing the hokey-pokey with you.
798,739,7,26,111,144,1.2777777777777777,0.04563763523080941,678,This is not my idea of necking.
1512,739,7,26,111,144,1.2777777777777777,0.04563763523080941,678,I thought necking would be more fun.
2451,739,7,26,111,144,1.2777777777777777,0.04563763523080941,678,Maybe we should unwind.
1544,739,9,22,113,144,1.2777777777777777,0.047718381612441664,678,I love you. I love you more. I love you most. Where are you?
1556,739,3,34,107,144,1.2777777777777777,0.04116179491907547,678,"I'm going to swipe right, you swipe left."
1693,739,8,24,112,144,1.2777777777777777,0.04668960105404107,678,A handshake would've been so much simpler!
1760,739,6,28,110,144,1.2777777777777777,0.04456084214122663,678,It's a draw.  We are neck and neck!
1803,739,6,28,110,144,1.2777777777777777,0.04456084214122663,678,"Mom, it’s community college...I’ll be home for dinner."
1821,739,7,26,111,144,1.2777777777777777,0.04563763523080941,678,Can we just be friends
2048,739,8,24,112,144,1.2777777777777777,0.04668960105404107,678,We should probably head home now.  Wouldn't want anyone to catch us necking.
2103,739,8,24,112,144,1.2777777777777777,0.04668960105404107,678,We have to stop following the drone cameras.
1404,739,8,24,112,144,1.2777777777777777,0.04668960105404107,678,It takes two to tangle.
2917,788,10,21,117,148,1.277027027027027,0.04776773371296766,678,Are you sure this is how it’s done?
4554,789,7,26,112,145,1.2758620689655173,0.04536226956476118,678,I thought first base meant a kiss.
4257,789,6,28,111,145,1.2758620689655173,0.04429390544367285,678,"Right hoof, Orange"
3902,789,9,22,114,145,1.2758620689655173,0.04742685295581093,678,Next week let’s try the Watusi.
2130,789,6,28,111,145,1.2758620689655173,0.04429390544367285,678,Let's tie the knot.
1351,789,8,24,113,145,1.2758620689655173,0.04640604422571574,678,Not sure if this is appropriate public display of affection.
2514,789,5,30,110,145,1.2758620689655173,0.04319912752406008,678,why did I ever want to get tangled up with you ?
2813,795,6,27,109,142,1.2746478873239437,0.044857810626764444,678,"Let's try again.  Lefty Loosey, Righty Tighty."
5243,795,6,27,109,142,1.2746478873239437,0.044857810626764444,678,This is just knot working for me.
5222,795,5,29,108,142,1.2746478873239437,0.04373023042884195,678,Maybe check the Kama Sutra again...
5378,795,5,29,108,142,1.2746478873239437,0.04373023042884195,678,"Don't worry, I've got your back."
4099,795,5,29,108,142,1.2746478873239437,0.04373023042884195,678,"I don’t care if you thought it was cute on Instagram, Gladys."
3560,795,7,25,110,142,1.2746478873239437,0.04595773378979546,678,Twister:Wildlife Edition
2960,795,8,23,111,142,1.2746478873239437,0.04703194038056216,678,Unwinding quantum entanglement? Ask Einstein.
2860,795,5,29,108,142,1.2746478873239437,0.04373023042884195,678,That was easy. Let's try a square knot!
2660,795,9,21,112,142,1.2746478873239437,0.04808215403689606,678,I need somebody to come over here and cut his head off.
271,795,5,29,108,142,1.2746478873239437,0.04373023042884195,678,"Next time, let me lead."
1633,795,5,29,108,142,1.2746478873239437,0.04373023042884195,678,"It's not my fault, our therapist recommended we try new things."
711,795,9,21,112,142,1.2746478873239437,0.04808215403689606,678,Uh...which one am I again?
695,795,5,29,108,142,1.2746478873239437,0.04373023042884195,678,I feel dizzy. Do you feel dizzy?
676,795,10,19,113,142,1.2746478873239437,0.04910991404690957,678,"No, your other left!"
431,795,7,25,110,142,1.2746478873239437,0.04595773378979546,678,That's the last time I  play tetherball with you.
256,795,7,25,110,142,1.2746478873239437,0.04595773378979546,678,Was that a hiccup I just felt?
242,795,5,29,108,142,1.2746478873239437,0.04373023042884195,678,"Once again, I've forgotten what we were even fighting about."
1996,795,7,25,110,142,1.2746478873239437,0.04595773378979546,678,"Sorry, honey, but I just can't seem to get my head around this."
4795,813,5,29,109,143,1.2727272727272727,0.04346580146458082,678,It looks exactly the same from this side.
4493,813,8,23,112,143,1.2727272727272727,0.04674136354105388,678,I always thought necking was overrated
5175,813,7,25,111,143,1.2727272727272727,0.04567561723105038,678,I always thought ‘necking’ would be more fun
1211,813,9,21,113,143,1.2727272727272727,0.047783345654281016,678,Is this what the humans call necking?
3307,813,6,27,110,143,1.2727272727272727,0.04458440257755946,678,Is the election over yet?
125,818,3,32,105,140,1.2714285714285714,0.04160556867283074,678,"Ok now...right hoof, green."
628,818,8,22,110,140,1.2714285714285714,0.04738035414793428,678,Did you just hear a lion?
893,818,7,24,109,140,1.2714285714285714,0.046283075051954635,678,"Let's face it, it takes two to tangle"
4015,818,6,26,108,140,1.2714285714285714,0.04515914207938474,678,So much for coming to the desert to unwind
2127,822,6,25,106,137,1.27007299270073,0.04575548923918324,678,Don’t you just hate safe sex?
2840,822,6,25,106,137,1.27007299270073,0.04575548923918324,678,I think we should go back to just being friends.
1919,824,7,23,108,138,1.2681159420289856,0.04661373023981427,678,"I like you, Louis, but I'm not so fond of this necking idea."
4185,824,8,21,109,138,1.2681159420289856,0.047734959617319994,678,I had thought necking would be more fun.
4167,824,8,21,109,138,1.2681159420289856,0.047734959617319994,678,"I know we want to spice things up, but maybe the Kama Sutra is an ambitious start."
3097,824,7,23,108,138,1.2681159420289856,0.04661373023981427,678,I don't think this is how you do it.
2882,824,8,21,109,138,1.2681159420289856,0.047734959617319994,678,you always hear about it but never think its gonna be you
2085,824,8,21,109,138,1.2681159420289856,0.047734959617319994,678,"Ok, so high-fives and fist bumps are passé, you say. But this just feels stupid."
1831,824,4,29,105,138,1.2681159420289856,0.04307528616827969,678,"Remember, lefty loosey righty tighty."
5030,824,6,25,107,138,1.2681159420289856,0.04546485812221544,678,"Ready. Set. Go! Left, right, cha-cha-cha."
1520,824,6,25,107,138,1.2681159420289856,0.04546485812221544,678,"I told you, let’s not twist again like we did last summer."
1360,824,6,25,107,138,1.2681159420289856,0.04546485812221544,678,"And to your left,” bellowed Sam the Safari Guide, “You’ll find an aesthetically camouflaged cell phone tower!”"
664,824,6,25,107,138,1.2681159420289856,0.04546485812221544,678,Survived that tornado!
283,824,4,29,105,138,1.2681159420289856,0.04307528616827969,678,I don't think we've ever been closer.
279,824,1,35,102,138,1.2681159420289856,0.03921888206066309,678,I don't usually neck on the first date.
84,824,5,27,106,138,1.2681159420289856,0.044286191993398845,678,Inexperienced giraffes make out for the first time.
1528,824,8,21,109,138,1.2681159420289856,0.047734959617319994,678,"Come on baby, stop complaining. You’ve got the twist. Now you just gotta shout!"
395,839,4,26,97,127,1.2677165354330708,0.04534143118089715,678,I think Dr. Schmidt might have a point about codependency.
3372,840,8,22,112,142,1.267605633802817,0.046788259642886874,678,So I guess the threesome is a no-go.
3783,840,5,28,109,142,1.267605633802817,0.04346804432924327,678,"No, first we unwind, then we have a drink before dinner."
4137,840,4,30,108,142,1.267605633802817,0.04230343670367706,678,It's only our first date so we don't quite have it down.
4447,840,7,24,111,142,1.267605633802817,0.04570832658874256,678,First base!
4931,840,6,26,110,142,1.267605633802817,0.044602253291466165,678,Date night. Hidden love notes. Spontaneous necking. We've tried everything in that damn book. I still want a divorce.
4548,840,9,20,113,142,1.267605633802817,0.047843822603103554,678,I don't know? It was an old song by some guy named Chubby Checker!
4710,840,8,22,112,142,1.267605633802817,0.046788259642886874,678,Do you think they liked our routine?
3320,840,8,22,112,142,1.267605633802817,0.046788259642886874,678,"I know what a pretzel is, Larry"
5137,840,7,24,111,142,1.267605633802817,0.04570832658874256,678,This takes screwing up to a whole new level.
4535,840,5,28,109,142,1.267605633802817,0.04346804432924327,678,Consciously uncoupling is gonna be harder than I thought.
2276,840,6,26,110,142,1.267605633802817,0.044602253291466165,678,"No, not a great first date."
3167,840,8,22,112,142,1.267605633802817,0.046788259642886874,678,"I said right left,pivot,then one step backwards,forward on the right foot to a stall. Who taught you how to dance,Spicer."
1738,840,7,24,111,142,1.267605633802817,0.04570832658874256,678,"No more Kama Sutra by memory, Stanley."
2205,840,6,26,110,142,1.267605633802817,0.044602253291466165,678,We never should have tried couples yoga
57,840,7,24,111,142,1.267605633802817,0.04570832658874256,678,Yeah...right! ‘Let’s play Twister. It’ll be fun’!
100,840,8,22,112,142,1.267605633802817,0.046788259642886874,678,Let’s just go have a drink and unwind.
232,840,8,22,112,142,1.267605633802817,0.046788259642886874,678,Couples yoga?  Really?
316,840,2,34,106,142,1.267605633802817,0.039872302607297704,678,I keep getting into twisted relationships.
20,840,8,22,112,142,1.267605633802817,0.046788259642886874,678,"I blame you."" 
""No, I blame Darwin."
1165,840,8,22,112,142,1.267605633802817,0.046788259642886874,678,"Wonderful, Now What?"
1385,840,5,28,109,142,1.267605633802817,0.04346804432924327,678,Are you sure you read the right description in the Kama Sutra?
1425,840,6,26,110,142,1.267605633802817,0.044602253291466165,678,"No, your right, your right!"
1683,840,7,24,111,142,1.267605633802817,0.04570832658874256,678,You wouldn't understand it - it's a giraffe thing!
1100,840,4,30,108,142,1.267605633802817,0.04230343670367706,678,Act natural. He’s looking this way.
3613,864,7,22,106,135,1.2666666666666666,0.04725757139521219,678,"I told you, Jenny. It takes two to tango but three to un-tango."
3857,864,4,28,103,135,1.2666666666666666,0.04360737432628737,678,"Forget ""The Twist"", we're doing the ""Chicken Song"" at the wedding."
3909,864,9,18,108,135,1.2666666666666666,0.04954184789852578,678,Let's just back up slowly
3945,864,5,26,104,135,1.2666666666666666,0.04485712223433967,678,I'm concerned we're falling into a pattern.
4404,864,5,26,104,135,1.2666666666666666,0.04485712223433967,678,Your turn.
5055,864,6,24,105,135,1.2666666666666666,0.04607298269767254,678,Careful! We don't want to end up in a Dr. Seuss book.
5199,864,6,24,105,135,1.2666666666666666,0.04607298269767254,678,"Maybe a firm handshake, next time?"
5213,864,6,24,105,135,1.2666666666666666,0.04607298269767254,678,It's not working.   HICCUP!!
5256,864,5,26,104,135,1.2666666666666666,0.04485712223433967,678,You seriously thought this was going to be romantic?
3477,864,4,28,103,135,1.2666666666666666,0.04360737432628737,678,"Have you ever just stood and watched the vultures circle 'round,
...and wondered why?"
5045,864,6,24,105,135,1.2666666666666666,0.04607298269767254,678,We must never speak of this.
3466,864,3,30,102,135,1.2666666666666666,0.0423207369515159,678,Sometimes I don't know where I end and you begin
948,864,5,26,104,135,1.2666666666666666,0.04485712223433967,678,Once more around for the World’s Record.
3009,864,5,26,104,135,1.2666666666666666,0.04485712223433967,678,Are you seriously trying to explain counter-clockwise to a giraffe?
3245,864,5,26,104,135,1.2666666666666666,0.04485712223433967,678,My Mom warned me that necking would get me into trouble.
387,864,6,24,105,135,1.2666666666666666,0.04607298269767254,678,Are you sure this is necking?
523,864,7,22,106,135,1.2666666666666666,0.04725757139521219,678,"They're neck in neck coming into the turn. Oh man, it looks like they're all tied up."
713,864,5,26,104,135,1.2666666666666666,0.04485712223433967,678,It's my first time too.
756,864,5,26,104,135,1.2666666666666666,0.04485712223433967,678,This isn't as arousing as I'd hoped it to be
238,864,4,28,103,135,1.2666666666666666,0.04360737432628737,678,I cannot overstate how carefully we have to do this....
1060,864,7,22,106,135,1.2666666666666666,0.04725757139521219,678,I never liked playing Twister.
1070,864,7,22,106,135,1.2666666666666666,0.04725757139521219,678,Tornados on the Serengeti..damn global weather change...
1506,864,6,24,105,135,1.2666666666666666,0.04607298269767254,678,So .... do ya think this is “for better” or “for worse”?
2429,864,5,26,104,135,1.2666666666666666,0.04485712223433967,678,Clearly you don't understand how Twister works.
849,864,8,20,107,135,1.2666666666666666,0.04841318388297882,678,Are you sure this is how you play Twister?
3255,889,5,27,107,139,1.2661870503597121,0.04400872365954917,678,"Next time, let's just stick to a bear hug."
3382,889,5,27,107,139,1.2661870503597121,0.04400872365954917,678,It doesn't feel the same as how we twisted last summer.
2528,891,7,22,107,136,1.2647058823529411,0.04694976469560254,678,"And to think, I laughed when my parents warned me against necking !"
3179,892,5,25,103,133,1.263157894736842,0.045150739708304057,678,A neckrub seemed like a good idea at first.
4347,892,5,25,103,133,1.263157894736842,0.045150739708304057,678,I see Russia.”  “I see Alabama.
3515,892,8,19,106,133,1.263157894736842,0.048788859341711004,678,I think this calls for conscience uncoupling.
3581,892,6,23,104,133,1.263157894736842,0.046395155595813774,678,This didn’t happen the last time we did the Hokey Pokey.
3858,892,3,29,101,133,1.263157894736842,0.042552872559928706,678,No more marriage counselors from Groupon.
4205,892,6,23,104,133,1.263157894736842,0.046395155595813774,678,I didn’t know you were so kinky.
4332,892,10,15,108,133,1.263157894736842,0.05107049176354925,678,Let's just go back to doggy style.
4498,892,7,21,105,133,1.263157894736842,0.047607054407015306,678,Let me know if you see a lion
5126,892,7,21,105,133,1.263157894736842,0.047607054407015306,678,You give the best hugs.
5166,892,5,25,103,133,1.263157894736842,0.045150739708304057,678,That’s the last time we stand next to each other while watching a helicopter.
4806,892,7,21,105,133,1.263157894736842,0.047607054407015306,678,This is not what I meant when I said kinky
4859,892,8,19,106,133,1.263157894736842,0.048788859341711004,678,On three we close our eyes and shimmy to the left.
4908,892,5,25,103,133,1.263157894736842,0.045150739708304057,678,This puts a twist in our relationship.
5012,892,6,23,104,133,1.263157894736842,0.046395155595813774,678,We'll just have to tell your wife we tripped and fell.
5139,892,7,21,105,133,1.263157894736842,0.047607054407015306,678,Now that was one heck of a wind gust.
3010,892,6,23,104,133,1.263157894736842,0.046395155595813774,678,Our interpretation of the DNA helix is sure to win first prize!
4704,892,4,27,102,133,1.263157894736842,0.043871039760350776,678,"After this fiasco, we are going to need some time to unwind."
2828,892,4,27,102,133,1.263157894736842,0.043871039760350776,678,"All right, next time let’s just do rock, paper, scissors."
4770,892,6,23,104,133,1.263157894736842,0.046395155595813774,678,I guess this means we're dining together tonight.
2636,892,7,21,105,133,1.263157894736842,0.047607054407015306,678,I always knew I would wind up with someone like you.
2742,892,3,29,101,133,1.263157894736842,0.042552872559928706,678,"Say, which one of these bodies is mine?"
105,892,7,21,105,133,1.263157894736842,0.047607054407015306,678,I do so hate these meetings where neckties are compulsory.
588,892,7,21,105,133,1.263157894736842,0.047607054407015306,678,This is the last time I'm playing Twister with you.
1237,892,4,27,102,133,1.263157894736842,0.043871039760350776,678,Couples Yoga - Never Again!!!
1388,892,4,27,102,133,1.263157894736842,0.043871039760350776,678,It was your idea to start necking on our first date.
1510,892,8,19,106,133,1.263157894736842,0.048788859341711004,678,"This isn't what I meant when I said, ""let's celebrate & get twisted!!"""
1526,892,5,25,103,133,1.263157894736842,0.045150739708304057,678,Do you have any idea how much my osteopath is going to charge me?
1542,892,5,25,103,133,1.263157894736842,0.045150739708304057,678,how many giraffe does it take to change a lightbulb?
473,892,4,27,102,133,1.263157894736842,0.043871039760350776,678,Are you sure this will intimidate poachers?
1697,892,5,25,103,133,1.263157894736842,0.045150739708304057,678,I think we took that last curve a little  fast.
1777,892,6,23,104,133,1.263157894736842,0.046395155595813774,678,This body under my head ... is it mine or yours?
1928,892,5,25,103,133,1.263157894736842,0.045150739708304057,678,"When I said we need to get our heads around matters , this wasn’t exactly what I meant."
2381,892,4,27,102,133,1.263157894736842,0.043871039760350776,678,This is the problem with Giraffe Sumo: it’s always neck and neck.
2392,892,7,21,105,133,1.263157894736842,0.047607054407015306,678,All I asked you to do was blow in my ear.
2462,892,7,21,105,133,1.263157894736842,0.047607054407015306,678,"Sweetheart, are you feeling a little clingy today??"
2539,892,4,27,102,133,1.263157894736842,0.043871039760350776,678,"OK, so you brought the selfie stick this time, right?"
1662,892,5,25,103,133,1.263157894736842,0.045150739708304057,678,Where was  I? .  . .
2913,929,7,20,103,130,1.2615384615384615,0.04829081816580638,678,And you're certain this is in the Kama Sutra.
3021,929,9,16,105,130,1.2615384615384615,0.050700338143613036,678,Why don't we just look at a map!
3051,929,5,24,101,130,1.2615384615384615,0.04575458392739736,678,And did Dr. Ruth have any suggestions about how to undo this?
3787,929,6,22,102,130,1.2615384615384615,0.04703979735018118,678,Proof that necking leads to entanglements
4064,929,7,20,103,130,1.2615384615384615,0.04829081816580638,678,This Co-dependency thing has gone too far.
4816,929,5,24,101,130,1.2615384615384615,0.04575458392739736,678,We'd better stop. The hyenas are laughing.
4198,929,6,22,102,130,1.2615384615384615,0.04703979735018118,678,"Oh, Frank, don’t be such a prude! The Kama Sutra says this position promotes erotic vitality and spiritual unity."
4301,929,8,18,104,130,1.2615384615384615,0.0495102383704607,678,Life’s full of twists and turns.
5210,929,7,20,103,130,1.2615384615384615,0.04829081816580638,678,You call this a Heimlich?
5230,929,6,22,102,130,1.2615384615384615,0.04703979735018118,678,"It's been a long day, let's grab dinner and unwind."
2709,929,8,18,104,130,1.2615384615384615,0.0495102383704607,678,"See, I told you. We’re in the Northern Hemisphere so it’s clockwise."
4171,929,6,22,102,130,1.2615384615384615,0.04703979735018118,678,How about trying your other left?
2592,929,5,24,101,130,1.2615384615384615,0.04575458392739736,678,"First Toys ""R'"" Us and now THIS."
1238,929,4,26,100,130,1.2615384615384615,0.04443221090596759,678,I guess it's not an old wives tale after all.
2136,929,7,20,103,130,1.2615384615384615,0.04829081816580638,678,Millions of years of evolution has led to this moment.
2107,929,3,28,99,130,1.2615384615384615,0.043069255642691595,678,Am I seeing my ass or yours?
1756,929,4,26,100,130,1.2615384615384615,0.04443221090596759,678,Let's twist and shout.
1587,929,7,20,103,130,1.2615384615384615,0.04829081816580638,678,Tell me you've at least necked before.
1509,929,8,18,104,130,1.2615384615384615,0.0495102383704607,678,The invitation said neck tie required!
1356,929,3,28,99,130,1.2615384615384615,0.043069255642691595,678,"For the last time, look to your left, not my left."
1337,929,6,22,102,130,1.2615384615384615,0.04703979735018118,678,Kissing cheeks more than twice isn't necessary.
1026,929,4,26,100,130,1.2615384615384615,0.04443221090596759,678,I'm not up to this level of commitment.
890,929,8,18,104,130,1.2615384615384615,0.0495102383704607,678,Why do humans think necking is fun?
708,929,8,18,104,130,1.2615384615384615,0.0495102383704607,678,"I told you, necking at our age was a bad idea!"
223,929,4,26,100,130,1.2615384615384615,0.04443221090596759,678,"What part of ‘I’ll go left, you go right’ didn’t you understand?”"
50,929,6,22,102,130,1.2615384615384615,0.04703979735018118,678,Giraffe family game night: Twisters
2372,929,6,22,102,130,1.2615384615384615,0.04703979735018118,678,This is the last time I play Twister with you.
2843,956,9,17,108,134,1.2611940298507462,0.04960748691599403,678,why giraffes don't neck
1454,956,5,25,104,134,1.2611940298507462,0.04485553873920508,678,I just don’t get the “necking” thing.
3590,956,7,21,106,134,1.2611940298507462,0.04729123657563231,678,So what brings you to my neck of the woods?
379,956,6,23,105,134,1.2611940298507462,0.04608948042903473,678,My mother told me if we started necking how we would wind up!
992,956,5,25,104,134,1.2611940298507462,0.04485553873920508,678,Humans call it necking.
4977,961,9,16,106,131,1.2595419847328244,0.05035142065419517,678,We should have tried acupuncture first.
4823,961,5,24,102,131,1.2595419847328244,0.045447841681542034,678,"When I said I liked physical touch, this is knot what I meant..."
4768,961,7,20,104,131,1.2595419847328244,0.047962338743050364,678,I don't understand neck ties.
4510,961,7,20,104,131,1.2595419847328244,0.047962338743050364,678,That’ll be the last time we watch a tennis match together.
4231,961,5,24,102,131,1.2595419847328244,0.045447841681542034,678,Let's take some time off to unwind
4131,961,6,22,103,131,1.2595419847328244,0.046722009006535774,678,I'm so glad that we're not turtles.
4055,961,8,18,105,131,1.2595419847328244,0.0491713915788379,678,Wait!  Who amI?
4036,961,5,24,102,131,1.2595419847328244,0.045447841681542034,678,At least we didn't get our braces stuck this time.
3871,961,6,22,103,131,1.2595419847328244,0.046722009006535774,678,"I said snuggle,not strangle,you idiot!"
3843,961,6,22,103,131,1.2595419847328244,0.046722009006535774,678,"Next time that drone circles around us, let's move away from each other."
3463,961,5,24,102,131,1.2595419847328244,0.045447841681542034,678,"I signed on for ""a little kinky""---not ""totally twisted""!"
2488,961,5,24,102,131,1.2595419847328244,0.045447841681542034,678,This isn’t working for me.
2376,961,6,22,103,131,1.2595419847328244,0.046722009006535774,678,Are you open to trying a braid?
2239,961,6,22,103,131,1.2595419847328244,0.046722009006535774,678,Where exactly in the Kama Sutra did you find THIS?
4082,961,6,22,103,131,1.2595419847328244,0.046722009006535774,678,We've gone round and round and still can't see eye to eye.
1986,961,8,18,105,131,1.2595419847328244,0.0491713915788379,678,No more using G.P.S.
2091,961,8,18,105,131,1.2595419847328244,0.0491713915788379,678,No. Your other right.
60,961,10,14,107,131,1.2595419847328244,0.051504420916966075,678,Don't tell HR about this.
79,961,6,22,103,131,1.2595419847328244,0.046722009006535774,678,"I said let's meet for a tryst, not a twist."
392,961,5,24,102,131,1.2595419847328244,0.045447841681542034,678,Last time I'll try to kiss a dyslexic
406,961,10,14,107,131,1.2595419847328244,0.051504420916966075,678,"Ready for Conscious Uncoupling, yet?"
556,961,8,18,105,131,1.2595419847328244,0.0491713915788379,678,Do you think this is what Chubby Checker meant??
315,961,4,26,101,131,1.2595419847328244,0.04413690634167973,678,The lion was running circles around us.
786,961,5,24,102,131,1.2595419847328244,0.045447841681542034,678,What now?
939,961,7,20,104,131,1.2595419847328244,0.047962338743050364,678,This is why we don't cuddle.
997,961,7,20,104,131,1.2595419847328244,0.047962338743050364,678,Made you look
1235,961,4,26,101,131,1.2595419847328244,0.04413690634167973,678,"Caduceus got nothing on us, baby."
1282,961,5,24,102,131,1.2595419847328244,0.045447841681542034,678,"Ok, this time I go left and you go right"
1350,961,9,16,106,131,1.2595419847328244,0.05035142065419517,678,"Your ""other"" left, Sidney, turn to your other left!"
675,961,4,26,101,131,1.2595419847328244,0.04413690634167973,678,I'm starting to think my friends are right about our co-dependency issues.
3649,991,7,19,102,128,1.2578125,0.048660823127348575,678,Am I me or you?
3082,991,1,31,96,128,1.2578125,0.04036937863100137,678,Wow.  What a kiss.
3163,991,4,25,99,128,1.2578125,0.04470773109029495,678,Maybe pilates would be better than yoga
3187,991,4,25,99,128,1.2578125,0.04470773109029495,678,"Honey, we totally nail couples yoga."
3292,991,7,19,102,128,1.2578125,0.048660823127348575,678,"I love you, too, but you're choking me."
3332,991,8,17,103,128,1.2578125,0.049908989205293415,678,Your left?...or mine?
5331,991,5,23,100,128,1.2578125,0.04606313835709762,678,This 'mating ritual' thing is getting ridiculous.
3498,991,6,21,101,128,1.2578125,0.04737978694937442,678,I thought love meant never having to say you're sorry.
3738,991,7,19,102,128,1.2578125,0.048660823127348575,678,Sorry.  My last significant other was a boa constrictor.
4545,991,4,25,99,128,1.2578125,0.04470773109029495,678,I could never leave you.
3781,991,6,21,101,128,1.2578125,0.04737978694937442,678,I said my left  - that would be your right!
3789,991,6,21,101,128,1.2578125,0.04737978694937442,678,"Well, this is strange twist of events."
4003,991,3,27,98,128,1.2578125,0.043309926381594484,678,How is this romantic?
4395,991,8,17,103,128,1.2578125,0.049908989205293415,678,And there -- the double helix of the DNA molecule.
4529,991,4,25,99,128,1.2578125,0.04470773109029495,678,Where's the cartoonist who put us in this mess?
4801,991,6,21,101,128,1.2578125,0.04737978694937442,678,My mother warned me you were the clinging sort.
4948,991,4,25,99,128,1.2578125,0.04470773109029495,678,I'm getting tired of these photo opps for the tourists!
2903,991,6,21,101,128,1.2578125,0.04737978694937442,678,"It's not love, but it's the neck's best thing."
3775,991,5,23,100,128,1.2578125,0.04606313835709762,678,"""""Did we do it? Are we camouflaged?"""
2856,991,5,23,100,128,1.2578125,0.04606313835709762,678,We need to re-think the rules to Twister.
1653,991,6,21,101,128,1.2578125,0.04737978694937442,678,"Gary, I said MY right!"
2632,991,4,25,99,128,1.2578125,0.04470773109029495,678,We should have done this after we mated.
2855,991,4,25,99,128,1.2578125,0.04470773109029495,678,I would call it a tie.
157,991,6,21,101,128,1.2578125,0.04737978694937442,678,This isn't what i meant by necking.
169,991,5,23,100,128,1.2578125,0.04606313835709762,678,Dont forget to use the 'safe word' if you start feeling uncomfortable...
620,991,7,19,102,128,1.2578125,0.048660823127348575,678,Do you think the spider gone now?
706,991,3,27,98,128,1.2578125,0.043309926381594484,678,Unwinding is easy. You just put your right hoof in...
959,991,4,25,99,128,1.2578125,0.04470773109029495,678,I thought I was going to zig and you were going to zag...
991,991,3,27,98,128,1.2578125,0.043309926381594484,678,"“Hyenas, where? Oh yeah. Sorry. Forgot that’s our safe word.”"
1441,991,4,25,99,128,1.2578125,0.04470773109029495,678,"Well, this is another fine mess you've gotten us into."
1379,991,8,17,103,128,1.2578125,0.049908989205293415,678,"OK, let's try this again; first you put your two knees close up tight."
1511,991,6,21,101,128,1.2578125,0.04737978694937442,678,How was it for you?
1521,991,6,21,101,128,1.2578125,0.04737978694937442,678,Now let’s try the half hitch.
1597,991,4,25,99,128,1.2578125,0.04470773109029495,678,Maybe a bit less necking next time
1762,991,9,15,104,128,1.2578125,0.05112669263268539,678,"My parents say we're too wrapped up in each other and should see other giraffes, but I love only you."
1793,991,4,25,99,128,1.2578125,0.04470773109029495,678,"You, me, in the middle of nowhere, it’s a twist of fate."
2159,991,5,23,100,128,1.2578125,0.04606313835709762,678,Ok forget the twist. Let’s salsa instead.
2191,991,4,25,99,128,1.2578125,0.04470773109029495,678,This is the last time I stick my neck out there for you
2233,991,6,21,101,128,1.2578125,0.04737978694937442,678,"Well, here's another nice mess you've gotten me into."
1462,991,7,19,102,128,1.2578125,0.048660823127348575,678,Maybe we aren't ready for western swing.
281,1031,4,26,102,132,1.2575757575757576,0.04384536910022607,678,This relationship is spiraling out of control.
5119,1031,8,18,106,132,1.2575757575757576,0.04883705637680049,678,It's two to Tango! Tango!
5203,1033,6,21,102,129,1.255813953488372,0.047053529233251866,678,Let's just skip the foreplay.
4662,1033,7,19,103,129,1.255813953488372,0.048323479223998766,678,Tell your wife you have to stay late at work.
2824,1033,5,23,101,129,1.255813953488372,0.04574833966710416,678,"Maybe doing ‘The Twist’ wasn’t such 
a good idea after all, Ned!"
3343,1033,7,19,103,129,1.255813953488372,0.048323479223998766,678,"Stop saying, ""Lion on the right!"" when when we are necking."
4424,1037,5,22,99,126,1.253968253968254,0.04637529163765117,678,Your first time necking?
4374,1037,8,16,102,126,1.253968253968254,0.05031520699976876,678,"Perhaps this isn't the best time, but I'd like a divorce."
4337,1037,6,20,100,126,1.253968253968254,0.04772475040753304,678,But no one knows what a caduceus is!
4122,1037,6,20,100,126,1.253968253968254,0.04772475040753304,678,I knew we would wind up with each other!
4083,1037,4,24,98,126,1.253968253968254,0.04498537037185613,678,Now show me your wiener!
3997,1037,4,24,98,126,1.253968253968254,0.04498537037185613,678,Now listen to me very carefully. When I count to three I’ll go left and you go right.
3940,1037,4,24,98,126,1.253968253968254,0.04498537037185613,678,"At last, I can see your perspective."
3800,1037,7,18,101,126,1.253968253968254,0.04903708727530064,678,"You kept saying ""Look the other way"""
3706,1037,6,20,100,126,1.253968253968254,0.04772475040753304,678,Our couples therapist DID say we were too enmeshed.
3625,1037,5,22,99,126,1.253968253968254,0.04637529163765117,678,Nothing in any direction.  I think we're good.
3623,1037,7,18,101,126,1.253968253968254,0.04903708727530064,678,I think this necking stuff is not so great for our species.
3603,1037,7,18,101,126,1.253968253968254,0.04903708727530064,678,We should not be following those circling buzzards.
3598,1037,4,24,98,126,1.253968253968254,0.04498537037185613,678,You have a twisted sense of humor!
3586,1037,6,20,100,126,1.253968253968254,0.04772475040753304,678,"Now, try lifting your left hind foot."
3439,1037,5,22,99,126,1.253968253968254,0.04637529163765117,678,We just can't keep going around together!
3209,1037,6,20,100,126,1.253968253968254,0.04772475040753304,678,Now this time keep your ears out ‘till we’re airborne!
3658,1037,5,22,99,126,1.253968253968254,0.04637529163765117,678,Let's not unwind at breakneck speed.
4434,1037,4,24,98,126,1.253968253968254,0.04498537037185613,678,Somebody screwed up.
4964,1037,8,16,102,126,1.253968253968254,0.05031520699976876,678,"Now that we've twisted, let's shout!"
4499,1037,7,18,101,126,1.253968253968254,0.04903708727530064,678,"...alright, now shout!"
5341,1037,7,18,101,126,1.253968253968254,0.04903708727530064,678,I knew it! You've been seeing a boa constrictor!
5228,1037,5,22,99,126,1.253968253968254,0.04637529163765117,678,I'm not watching tennis with you anymore
5142,1037,4,24,98,126,1.253968253968254,0.04498537037185613,678,"Charlie dear, 'IS THIS ALL THERE IS?'"
5081,1037,8,16,102,126,1.253968253968254,0.05031520699976876,678,Wait! Where'd we put the wine glasses?
5057,1037,10,12,104,126,1.253968253968254,0.0527786728650677,678,We will be fine. Just relax and enjoy the moment.
4981,1037,8,16,102,126,1.253968253968254,0.05031520699976876,678,Go right
3092,1037,4,24,98,126,1.253968253968254,0.04498537037185613,678,"I put my neck out there for you, and you repay me with this?"
4444,1037,8,16,102,126,1.253968253968254,0.05031520699976876,678,Let's re-read that chapter of the Kama Sutra of Necking.
4936,1037,6,20,100,126,1.253968253968254,0.04772475040753304,678,Now was not the best time to tell me that you think of yourself as a male!
4832,1037,5,22,99,126,1.253968253968254,0.04637529163765117,678,"And then when she asks him to hold her closer, he says ""If I hold you any closer I'll be in back of you!"""
4817,1037,1,30,95,126,1.253968253968254,0.040530620110487955,678,"Sorry, Dad, I'm getting someone else to teach me the Windsor."
4792,1037,7,18,101,126,1.253968253968254,0.04903708727530064,678,"Man, that was a hellava dust devil!!"
4679,1037,5,22,99,126,1.253968253968254,0.04637529163765117,678,It’s not me. It’s you.
4574,1037,9,14,103,126,1.253968253968254,0.05156165418616539,678,"Righty tightly, lefty loosey. Basic screwing, George."
4552,1037,5,22,99,126,1.253968253968254,0.04637529163765117,678,Mom! We were just necking!
4509,1037,5,22,99,126,1.253968253968254,0.04637529163765117,678,This foreplay stuff is killing me.
4882,1037,7,18,101,126,1.253968253968254,0.04903708727530064,678,My therapist said doing this for 10 minutes after mating is supposed to release oxytocin and bring us closer.
3068,1037,4,24,98,126,1.253968253968254,0.04498537037185613,678,Maybe we should go back to the hoof bump.
4066,1037,10,12,104,126,1.253968253968254,0.0527786728650677,678,I told you.  Anything but the Tango.
2748,1037,5,22,99,126,1.253968253968254,0.04637529163765117,678,Is this how Watson and Crick did it?
1340,1037,5,22,99,126,1.253968253968254,0.04637529163765117,678,I blame Chubby Checker.
1332,1037,4,24,98,126,1.253968253968254,0.04498537037185613,678,I think you misread the Kama Sutra
1297,1037,5,22,99,126,1.253968253968254,0.04637529163765117,678,Do you still want a pre-nuptial?
1272,1037,4,24,98,126,1.253968253968254,0.04498537037185613,678,Our DNA is a perfect match.
1168,1037,5,22,99,126,1.253968253968254,0.04637529163765117,678,"I’m leaving you, Bob. You’re too clingy.”"
1140,1037,7,18,101,126,1.253968253968254,0.04903708727530064,678,Is this considered second base?
1090,1037,4,24,98,126,1.253968253968254,0.04498537037185613,678,Tying the knot.
1051,1037,6,20,100,126,1.253968253968254,0.04772475040753304,678,"Ummm, I think we're supposed to watch EACH OTHER'S back..."
1012,1037,3,26,97,126,1.253968253968254,0.04355111273560004,678,Do you think we’re codependent?
878,1037,6,20,100,126,1.253968253968254,0.04772475040753304,678,Where did that mosquito go?
399,1037,5,22,99,126,1.253968253968254,0.04637529163765117,678,"Come on baby, let's do the twist."
377,1037,6,20,100,126,1.253968253968254,0.04772475040753304,678,"Come on!  It's Righty tighty,Lefty Loosey."
312,1037,7,18,101,126,1.253968253968254,0.04903708727530064,678,No kissing on the first date. But necking is fine.
91,1037,8,16,102,126,1.253968253968254,0.05031520699976876,678,I still don't get it.  Can you just explain it to me instead?
47,1037,7,18,101,126,1.253968253968254,0.04903708727530064,678,We are never going to make any kids this way.
41,1037,3,26,97,126,1.253968253968254,0.04355111273560004,678,I don't know if I'm a Liberal with conservative leaning or a  Conservative who always looks to the left.
3043,1037,5,22,99,126,1.253968253968254,0.04637529163765117,678,Don't you think that it would be easier if we each just looked behind ourselves
1416,1037,5,22,99,126,1.253968253968254,0.04637529163765117,678,You think I'm wrong?! Why else would we have long necks?!
1461,1037,4,24,98,126,1.253968253968254,0.04498537037185613,678,"Next time, I go right, you go left."
1248,1037,5,22,99,126,1.253968253968254,0.04637529163765117,678,"I don't think this is necking, Gerome."
1600,1037,7,18,101,126,1.253968253968254,0.04903708727530064,678,I told you to get the illustrated Kamasutra.
2724,1037,9,14,103,126,1.253968253968254,0.05156165418616539,678,Are we both watching the same bird circling overhead?
2666,1037,7,18,101,126,1.253968253968254,0.04903708727530064,678,"I always knew our lives were intertwined, but this is really twisted, sister!"
2619,1037,4,24,98,126,1.253968253968254,0.04498537037185613,678,"No, I said, ""YOU go left and I go right."""
1545,1037,5,22,99,126,1.253968253968254,0.04637529163765117,678,Two heads are better then one is so overrated.
2426,1037,6,20,100,126,1.253968253968254,0.04772475040753304,678,"All of a sudden, I have a great idea for
a game for both kids and adults."
2360,1037,7,18,101,126,1.253968253968254,0.04903708727530064,678,I meant 'my left'.
2169,1037,4,24,98,126,1.253968253968254,0.04498537037185613,678,That bird was flying around in circles on purpose!
2141,1037,7,18,101,126,1.253968253968254,0.04903708727530064,678,"Jeezus,Gertrude.  When I turn right - YOU - turn right."
1993,1037,5,22,99,126,1.253968253968254,0.04637529163765117,678,I say it’s a wrap!
2569,1037,5,22,99,126,1.253968253968254,0.04637529163765117,678,The Kama Sutra isn't for us.
1907,1037,6,20,100,126,1.253968253968254,0.04772475040753304,678,Just relax! You're all wound up
1869,1037,8,16,102,126,1.253968253968254,0.05031520699976876,678,It was your idea to tie the knot.
1741,1037,5,22,99,126,1.253968253968254,0.04637529163765117,678,I think they call this a ‘Double Helix’!
1659,1037,4,24,98,126,1.253968253968254,0.04498537037185613,678,"No, the other-other-other left!"
1655,1037,5,22,99,126,1.253968253968254,0.04637529163765117,678,We are not entangled. FAKE NEWS!
1652,1037,12,8,106,126,1.253968253968254,0.05513217357737755,678,We need to read our Camel Sutra more carefully.
1984,1037,8,16,102,126,1.253968253968254,0.05031520699976876,678,"It's knotty, but nice."
3451,1115,3,25,95,123,1.2520325203252032,0.04410239732049511,678,"Honey, I think it's time for us to unwind."
3591,1115,5,21,97,123,1.2520325203252032,0.04702745466282882,678,We shouldn’t have started that protest to bring Toys R Us back after all.
4306,1115,6,19,98,123,1.2520325203252032,0.048423770127791824,678,Is that your ass getting fat or mine?
4344,1115,5,21,97,123,1.2520325203252032,0.04702745466282882,678,This is a real Giraffic jam.
4430,1115,4,23,96,123,1.2520325203252032,0.04558839184199874,678,"So students, this is what a double helix looks like."
4781,1115,5,21,97,123,1.2520325203252032,0.04702745466282882,678,Now just relax and we will be airborne
4596,1115,4,23,96,123,1.2520325203252032,0.04558839184199874,678,Damn!  It's still not a Moebius strip!
4851,1115,9,13,101,123,1.2520325203252032,0.05238989957390293,678,"Ok, look down. Now try to move your front right leg"
4953,1115,5,21,97,123,1.2520325203252032,0.04702745466282882,678,Let's try couple's Pilates next time.
5061,1115,2,27,94,123,1.2520325203252032,0.042564556007199356,678,A  first kiss can be awkward.
5289,1115,4,23,96,123,1.2520325203252032,0.04558839184199874,678,Where's David Attenborough when you actually need him?
3364,1115,6,19,98,123,1.2520325203252032,0.048423770127791824,678,I think I feel a sore throat coming on.
4528,1115,7,17,99,123,1.2520325203252032,0.04978093545438884,678,You often seem out of reach but I think we’ve established a nexus.
3262,1115,4,23,96,123,1.2520325203252032,0.04558839184199874,678,See! I told you I have a bald spot.
681,1115,6,19,98,123,1.2520325203252032,0.048423770127791824,678,I think it was a tornado!
2021,1115,6,19,98,123,1.2520325203252032,0.048423770127791824,678,I find your need for affection hard to swallow.
94,1115,7,17,99,123,1.2520325203252032,0.04978093545438884,678,We should order 23andMe.
115,1115,5,21,97,123,1.2520325203252032,0.04702745466282882,678,Come on baaaby...let's un-do the twist.
129,1115,7,17,99,123,1.2520325203252032,0.04978093545438884,678,We're confusing 'neck romancing' with 'necromancy'.
295,1115,3,25,95,123,1.2520325203252032,0.04410239732049511,678,This is why we don't go to parties.
327,1115,5,21,97,123,1.2520325203252032,0.04702745466282882,678,Did we follow the instructions?
180,1115,8,15,100,123,1.2520325203252032,0.0511020699780237,678,We're screwed.
945,1115,4,23,96,123,1.2520325203252032,0.04558839184199874,678,Next time let's just bump horns.
1177,1115,6,19,98,123,1.2520325203252032,0.048423770127791824,678,Are you certain the American Medical Association wants a new logo?
1570,1115,6,19,98,123,1.2520325203252032,0.048423770127791824,678,I just adore your scarf!
1671,1115,4,23,96,123,1.2520325203252032,0.04558839184199874,678,Was it good for you too?
1837,1115,5,21,97,123,1.2520325203252032,0.04702745466282882,678,I guess this means we have to get married.
517,1115,5,21,97,123,1.2520325203252032,0.04702745466282882,678,Maybe Trump Jr. won't recognize us this way.
2759,1115,2,27,94,123,1.2520325203252032,0.042564556007199356,678,I told you I hate ballroom dancing!
4873,1144,8,16,103,127,1.2519685039370079,0.04995749216331898,678,"If this doesn’t get 30 likes in 10 minutes, I’m deleting it."
3011,1145,4,23,97,124,1.25,0.04526490492808352,678,"Ok so we're married, now what?"
4720,1145,4,23,97,124,1.25,0.04526490492808352,678,Are we too enmeshed?
4262,1145,5,21,98,124,1.25,0.04669091947809488,678,We're overdue for some time to unwind.
3137,1145,4,23,97,124,1.25,0.04526490492808352,678,"Humans call it necking, too-- but what do THEY know?"""
2536,1145,6,19,99,124,1.25,0.04807465345971242,678,Let's call the whole thing off.
1914,1145,7,17,100,124,1.25,0.04941965852606572,678,Two heads are better than one
1291,1145,5,21,98,124,1.25,0.04669091947809488,678,not on the first date!
761,1145,3,25,96,124,1.25,0.043792479657892625,678,"Yes, below the equator a vortex spins clockwise!"
2349,1145,5,21,98,124,1.25,0.04669091947809488,678,I don't think this was covered in couples therapy.
3069,1154,8,14,99,121,1.2479338842975207,0.05153429911826863,678,"Just say, We are all  tied up"
3212,1154,4,22,95,121,1.2479338842975207,0.04587831512036333,678,It’s not that I don’t love you. I just need a little space.
3253,1154,5,20,96,121,1.2479338842975207,0.04735568440129775,678,It would be so much easier to make promises if we had pinkies.
5370,1154,5,20,96,121,1.2479338842975207,0.04735568440129775,678,What's your exit strategy?
3827,1154,3,24,94,121,1.2479338842975207,0.0443517615371859,678,"I really mean it. If you post this on Facebook,I'll never talk to you again."
3917,1154,3,24,94,121,1.2479338842975207,0.0443517615371859,678,Oh dear! The children are watching.
3962,1154,7,16,98,121,1.2479338842975207,0.050180105009647265,678,"But I saw it in the Kama Sutra, honey!"
4590,1154,2,26,93,121,1.2479338842975207,0.04277075758762577,678,We'll just tell your parents that there was a tornado.
4714,1154,2,26,93,121,1.2479338842975207,0.04277075758762577,678,"Well, this is another fine mess you got us into, Olie!"
4939,1154,6,18,97,121,1.2479338842975207,0.04878833766329071,678,"If this works, it'll be a Heimlich world record!"
5141,1154,7,16,98,121,1.2479338842975207,0.050180105009647265,678,"Who put on ""Let's Twist Again Like We Did Last Summer?"""
5162,1154,4,22,95,121,1.2479338842975207,0.04587831512036333,678,I have the sneaking suspicion we're in a New Yorker cartoon.
5332,1154,9,12,100,121,1.2479338842975207,0.05285380811675861,678,"I’d suggest we go for a drink, but they just banned straws."
2912,1154,4,22,95,121,1.2479338842975207,0.04587831512036333,678,"Wait, now I think there was something about setting up a pole with some ribbons first."
4550,1154,4,22,95,121,1.2479338842975207,0.04587831512036333,678,This is what I get for sticking my neck out for you.
2250,1154,5,20,96,121,1.2479338842975207,0.04735568440129775,678,So you think you can dance?
3794,1154,5,20,96,121,1.2479338842975207,0.04735568440129775,678,I wished they’d warned us about this in sex-ed.
1744,1154,6,18,97,121,1.2479338842975207,0.04878833766329071,678,Didn't I tell you to take it easy on the medicinal marijuana?
4,1154,5,20,96,121,1.2479338842975207,0.04735568440129775,678,Humans make these murder-suicides look so easy.
220,1154,6,18,97,121,1.2479338842975207,0.04878833766329071,678,"Well, this is embarrassing."
229,1154,9,12,100,121,1.2479338842975207,0.05285380811675861,678,Not again!
317,1154,3,24,94,121,1.2479338842975207,0.0443517615371859,678,Now do you understand why I don't like to play Twister?
397,1154,5,20,96,121,1.2479338842975207,0.04735568440129775,678,How about next time we knit each other scarves instead?
557,1154,5,20,96,121,1.2479338842975207,0.04735568440129775,678,We have to stop meeting like this.
565,1154,2,26,93,121,1.2479338842975207,0.04277075758762577,678,I can’t feel my feet.
2164,1154,6,18,97,121,1.2479338842975207,0.04878833766329071,678,I didn't really mean I would wring your neck
1048,1154,5,20,96,121,1.2479338842975207,0.04735568440129775,678,I don’t care if it *is* your favorite game — Twister sucks.
1163,1154,6,18,97,121,1.2479338842975207,0.04878833766329071,678,"This time, you go YOUR left!"
1224,1154,4,22,95,121,1.2479338842975207,0.04587831512036333,678,Now what do we do?
1283,1154,3,24,94,121,1.2479338842975207,0.0443517615371859,678,We'll never see eye to eye like this.
1420,1154,6,18,97,121,1.2479338842975207,0.04878833766329071,678,Make up your mind! Which direction do you want to go in?!
1650,1154,6,18,97,121,1.2479338842975207,0.04878833766329071,678,The Rare Pretzel Giraffe has become endangered trying to figure out how to mate
1679,1154,5,20,96,121,1.2479338842975207,0.04735568440129775,678,I just don't think true love means you have to be inseparable.
793,1154,7,16,98,121,1.2479338842975207,0.050180105009647265,678,"It was a light bulb joke, not a research directive."
5026,1188,5,20,97,122,1.2459016393442623,0.04700986675286886,678,Mama warned me that necking leads to trouble.
4028,1188,4,22,96,122,1.2459016393442623,0.04554607090890052,678,"When you said, “One good turn deserves another,’ I knew we were made for each other."
2399,1188,4,22,96,122,1.2459016393442623,0.04554607090890052,678,Dammit! This happens every time we play Chubby Checker!
2037,1188,8,14,100,122,1.2459016393442623,0.05115052847013566,678,We need to tell our parents.
1629,1188,4,22,96,122,1.2459016393442623,0.04554607090890052,678,Are you part boa or python?
1931,1188,5,20,97,122,1.2459016393442623,0.04700986675286886,678,"No, you move first!"
1255,1188,3,24,95,122,1.2459016393442623,0.04403364143873072,678,I think I'm about to kiss myself.
1223,1188,5,20,97,122,1.2459016393442623,0.04700986675286886,678,"I think this will redefine ""necking"" for generations to come."
989,1188,4,22,96,122,1.2459016393442623,0.04554607090890052,678,"Origin of the term: ""rubbernecking"""
365,1188,8,14,100,122,1.2459016393442623,0.05115052847013566,678,I wonder why they call it necking.
197,1188,7,16,99,122,1.2459016393442623,0.04980856920139613,678,"Hell of a wind, huh?"
1541,1188,3,24,95,122,1.2459016393442623,0.04403364143873072,678,I do worry that we may be a bit codependent.
4371,1200,5,19,95,119,1.2436974789915967,0.0476874207172289,678,"I could have been somebody, but no--I had to get tangled up with you."
4350,1200,4,21,94,119,1.2436974789915967,0.04616990623084198,678,"Wait, wait. Let’s just stop and think about this."
4288,1200,10,9,100,119,1.2436974789915967,0.05464649450008891,678,"Excuse me sir, do you have a second to talk about our lord and saviour"
3776,1200,4,21,94,119,1.2436974789915967,0.04616990623084198,678,You go left and I’ll go right and let’s see if we can hokey pokey our way out of this mess.
3955,1200,8,13,98,119,1.2436974789915967,0.05197479826371379,678,I still can't figure out why humans think necking is so hot.
3966,1200,3,23,93,119,1.2436974789915967,0.044600789096914985,678,Am I looking at my butt or your butt?
3910,1200,4,21,94,119,1.2436974789915967,0.04616990623084198,678,So glad I found someone my height
3837,1200,6,17,96,119,1.2436974789915967,0.04915811172084668,678,Those lions will think twice before messing with us now.
4432,1200,5,19,95,119,1.2436974789915967,0.0476874207172289,678,So much for tetherball!
3983,1200,5,19,95,119,1.2436974789915967,0.0476874207172289,678,You’re great.  It’s just...I’m starting to feel a bit strangled in this relationship.
4576,1200,5,19,95,119,1.2436974789915967,0.0476874207172289,678,We are so royally screwed.
5291,1200,7,15,97,119,1.2436974789915967,0.05058606331052551,678,Classic example of the Giraffic error.
4651,1200,7,15,97,119,1.2436974789915967,0.05058606331052551,678,Whoever called it necking obviously wasn't a giraffe
4681,1200,7,15,97,119,1.2436974789915967,0.05058606331052551,678,Who knew necking could get this kinky?
4723,1200,3,23,93,119,1.2436974789915967,0.044600789096914985,678,Lion at eight o'clock.
4778,1200,8,13,98,119,1.2436974789915967,0.05197479826371379,678,It was simpler when we just touched noses.
4843,1200,5,19,95,119,1.2436974789915967,0.0476874207172289,678,As if we didn’t look ridiculous enough already.
4919,1200,5,19,95,119,1.2436974789915967,0.0476874207172289,678,I think I prefer goat yoga.
4922,1200,3,23,93,119,1.2436974789915967,0.044600789096914985,678,STOP.  You've kissed me on both cheeks already.
4990,1200,1,27,91,119,1.2436974789915967,0.04128402453096098,678,This was romantic idea at first but now it's just twisted.
3655,1200,4,21,94,119,1.2436974789915967,0.04616990623084198,678,This takes rubber necking to a new height!
5307,1200,5,19,95,119,1.2436974789915967,0.0476874207172289,678,Are you sure this is how necking works?
5324,1200,5,19,95,119,1.2436974789915967,0.0476874207172289,678,I'm telling you. That's how helicopters work.
5384,1200,3,23,93,119,1.2436974789915967,0.044600789096914985,678,"Do you think Mom will notice?"""
4627,1200,4,21,94,119,1.2436974789915967,0.04616990623084198,678,My mother warned me about getting mixed up with you.
3609,1200,4,21,94,119,1.2436974789915967,0.04616990623084198,678,"No ! for the last time, your bum doesn't look big at any angle!"
2754,1200,7,15,97,119,1.2436974789915967,0.05058606331052551,678,I can’t wrap my head around it.
3436,1200,3,23,93,119,1.2436974789915967,0.044600789096914985,678,"When I said, ""Let's tie the knot,"" I only meant..."
93,1200,4,21,94,119,1.2436974789915967,0.04616990623084198,678,I'd say this counts as endangered.
292,1200,5,19,95,119,1.2436974789915967,0.0476874207172289,678,"Remind me, are we north or south of the Equator?"
353,1200,5,19,95,119,1.2436974789915967,0.0476874207172289,678,Is this twisted love?
476,1200,6,17,96,119,1.2436974789915967,0.04915811172084668,678,My therapist said that we are codependent.
546,1200,4,21,94,119,1.2436974789915967,0.04616990623084198,678,Did you hear that?
555,1200,4,21,94,119,1.2436974789915967,0.04616990623084198,678,"Next time, can we try my approach to mating?"
862,1200,7,15,97,119,1.2436974789915967,0.05058606331052551,678,"Let's just take this slow"" you said. ""Let's just wrap our heads around this"" you said"
1635,1200,3,23,93,119,1.2436974789915967,0.044600789096914985,678,Are you sure this is what the therapist meant?
1921,1200,5,19,95,119,1.2436974789915967,0.0476874207172289,678,"Gawd, this would never happen if I were a leopard."
3578,1200,3,23,93,119,1.2436974789915967,0.044600789096914985,678,We just made a double helix!
2110,1200,5,19,95,119,1.2436974789915967,0.0476874207172289,678,I said DON'T look now!
1956,1200,3,23,93,119,1.2436974789915967,0.044600789096914985,678,Next time only one of us should go in for the kiss
2467,1200,6,17,96,119,1.2436974789915967,0.04915811172084668,678,You better hope that damn proverb writer doesn't see this.
2531,1200,4,21,94,119,1.2436974789915967,0.04616990623084198,678,"To the right. My right, not your right!"
2707,1200,5,19,95,119,1.2436974789915967,0.0476874207172289,678,"Right,  not a good idea to walk and text."
2743,1200,2,25,92,119,1.2436974789915967,0.04297441721268875,678,"This isn't going to work, we can't even neck right."
2775,1200,4,21,94,119,1.2436974789915967,0.04616990623084198,678,I can't tell if I am looking at my ass or yours.
2830,1200,4,21,94,119,1.2436974789915967,0.04616990623084198,678,"Carl, I told we should have asked for directions!"
2878,1200,6,17,96,119,1.2436974789915967,0.04915811172084668,678,"Next time, let's just do a hoof bump!"
3247,1200,3,23,93,119,1.2436974789915967,0.044600789096914985,678,I really think we need to start seeing other giraffes.
3414,1200,3,23,93,119,1.2436974789915967,0.044600789096914985,678,"Okay, clockwise next time?"
3435,1200,3,23,93,119,1.2436974789915967,0.044600789096914985,678,What is it that you don't understand about counter-clockwise?
2407,1200,7,15,97,119,1.2436974789915967,0.05058606331052551,678,I knew a tennis match was a bad idea!
2494,1200,6,17,96,119,1.2436974789915967,0.04915811172084668,678,"Okay. Swans, we're not."
1553,1252,6,17,97,120,1.2416666666666667,0.04878902350111492,678,They must be lost.  They've been driving in circles for hours.
2108,1253,4,20,92,116,1.2413793103448276,0.046818879146703046,678,"Ok, now we're necking . .. how do we do the tongue thing?"
4088,1253,3,22,91,116,1.2413793103448276,0.04518940591634643,678,"See, this is what happens when you try to fight me over that last leaf."
2408,1253,2,24,90,116,1.2413793103448276,0.04349893526962546,678,This can't be what Chubby Checker had in mind.
1130,1253,5,18,93,116,1.2413793103448276,0.04839351694219841,678,"As the largest prey around here, this seems a bit indulgent."
390,1253,2,24,90,116,1.2413793103448276,0.04349893526962546,678,I dig science but I just don't see long necks as an evolutionary advantage.
308,1253,3,22,91,116,1.2413793103448276,0.04518940591634643,678,How many times have I told you not to use that GPS device?
1826,1253,2,24,90,116,1.2413793103448276,0.04349893526962546,678,Maybe just thumb wrestle instead?
1576,1260,3,22,92,117,1.2393162393162394,0.04484898301597752,678,I don't think this is 'reverse cowgirl. '
2908,1260,4,20,93,117,1.2393162393162394,0.046462818402408325,678,"This is a little too kinky for me, darling."
4067,1260,5,18,94,117,1.2393162393162394,0.04802245006476562,678,I think I will take a break and unwind.
4523,1260,5,18,94,117,1.2393162393162394,0.04802245006476562,678,"He went thataway...no, thataway...no, thataway..."
5102,1264,6,14,89,109,1.238532110091743,0.05197277471642225,678,I forget.  Am I me or you?
5031,1264,7,12,90,109,1.238532110091743,0.05358231029949613,678,I don't think this is what our human meant when he said he liked neck ties.
3743,1264,5,16,88,109,1.238532110091743,0.05031177443120517,678,"My love, I don´t know where I end and you start."
3455,1264,2,22,85,109,1.238532110091743,0.0449621023807155,678,"If he asks us to walk a straight line next, we’re screwed."
3269,1264,4,18,87,109,1.238532110091743,0.048594032361072494,678,Oh yeah! That hit the spot :)
3770,1264,2,22,85,109,1.238532110091743,0.0449621023807155,678,One good turn deserves another.
2050,1264,2,22,85,109,1.238532110091743,0.0449621023807155,678,"No, no, it's wrapped around your little finger."
1584,1264,5,16,88,109,1.238532110091743,0.05031177443120517,678,Can we chat later? I am a bit tied up at the moment.
568,1264,2,22,85,109,1.238532110091743,0.0449621023807155,678,I don't think swing works for us. Let's just stick to ballroom.
442,1264,6,14,89,109,1.238532110091743,0.05197277471642225,678,"I told you, no necking."
2477,1264,6,14,89,109,1.238532110091743,0.05197277471642225,678,You're talking in circles again.
3777,1275,8,11,95,114,1.236842105263158,0.05330649395351772,678,Maybe 'necking' just isn't for Giraffes....
3792,1275,5,17,92,114,1.236842105263158,0.04874234413978753,678,Giraffe heimlich
3833,1275,2,23,89,114,1.236842105263158,0.04370411796234467,678,Hold on a second. This time you go right and I go left.
3893,1275,4,19,91,114,1.236842105263158,0.047122825860897805,678,If commitment is what you wanted I could have just given you a ring.
3927,1275,7,13,94,114,1.236842105263158,0.051829787791302415,678,Couldn't we just kiss without necking?
3979,1275,7,13,94,114,1.236842105263158,0.051829787791302415,678,"My mother warned me necking might lead to screwing, but I just thought she was overprotective."
4016,1275,2,23,89,114,1.236842105263158,0.04370411796234467,678,"When you said you wanted to neck, I thought....."
4023,1275,5,17,92,114,1.236842105263158,0.04874234413978753,678,I've got your back!
4077,1275,6,15,93,114,1.236842105263158,0.05030975558841903,678,Maurice and Zoe lost themselves and their inhibitions twisting the night away
4139,1275,4,19,91,114,1.236842105263158,0.047122825860897805,678,"I couldn’t find the Users Manual.  Dumbbell, they’re always on the Internet now.  Did you remember the password?"
4177,1275,4,19,91,114,1.236842105263158,0.047122825860897805,678,That's the last time I let you whisper in my  ear!
3748,1275,3,21,90,114,1.236842105263158,0.04544563039491826,678,This is the last time that I am sticking my neck out for you!
4197,1275,4,19,91,114,1.236842105263158,0.047122825860897805,678,You need to unwind .
3744,1275,5,17,92,114,1.236842105263158,0.04874234413978753,678,You really have some twisted sense of humor.
3220,1275,4,19,91,114,1.236842105263158,0.047122825860897805,678,But it was totally worth it!
3630,1275,6,15,93,114,1.236842105263158,0.05030975558841903,678,"''That's the last time we take square dancing lessons from a lefty."""
2931,1275,1,25,88,114,1.236842105263158,0.04189026774492564,678,Never the twine shall meet!
3090,1275,4,19,91,114,1.236842105263158,0.047122825860897805,678,Can we try petting instead?
3096,1275,5,17,92,114,1.236842105263158,0.04874234413978753,678,Sometimes I just want to skip the foreplay.
3116,1275,5,17,92,114,1.236842105263158,0.04874234413978753,678,Let me know when you're about to sneeze!
3165,1275,8,11,95,114,1.236842105263158,0.05330649395351772,678,"No, no, no! Move to your other left."
3176,1275,5,17,92,114,1.236842105263158,0.04874234413978753,678,"Trust me, interpretive dance is in my blood!"
3708,1275,8,11,95,114,1.236842105263158,0.05330649395351772,678,"Wait, this isn't how a neck scarf works?"
3197,1275,4,19,91,114,1.236842105263158,0.047122825860897805,678,"If you do that again, I'm going to wring your neck!"
3274,1275,3,21,90,114,1.236842105263158,0.04544563039491826,678,Do you think we’re getting too enmeshed?
3308,1275,4,19,91,114,1.236842105263158,0.047122825860897805,678,"You weren't paying close attention during sex ed, were you?"
3431,1275,7,13,94,114,1.236842105263158,0.051829787791302415,678,Are we 'doin' it' yet?
3449,1275,2,23,89,114,1.236842105263158,0.04370411796234467,678,"Ok, you got me hooked."
3475,1275,6,15,93,114,1.236842105263158,0.05030975558841903,678,I told you necking would get us into trouble.
3602,1275,4,19,91,114,1.236842105263158,0.047122825860897805,678,Maybe we should move our relationship beyond necking.
4264,1275,5,17,92,114,1.236842105263158,0.04874234413978753,678,Is it on your left or my left?
4303,1275,4,19,91,114,1.236842105263158,0.047122825860897805,678,You’ve gotea learn to unwind.
4618,1275,5,17,92,114,1.236842105263158,0.04874234413978753,678,Let's try an allemande left.
4322,1275,3,21,90,114,1.236842105263158,0.04544563039491826,678,"Frank, this is not what I had in mind when you asked me to go for a spin."
2901,1275,4,19,91,114,1.236842105263158,0.047122825860897805,678,"'Next time, let's just wave goodbye instead.'"
5375,1275,5,17,92,114,1.236842105263158,0.04874234413978753,678,"Actually, I had something else in mind when I said I wanted to neck."
5317,1275,4,19,91,114,1.236842105263158,0.047122825860897805,678,Whose left? Yours?
5284,1275,6,15,93,114,1.236842105263158,0.05030975558841903,678,Do you want to lead or follow?
5260,1275,5,17,92,114,1.236842105263158,0.04874234413978753,678,I’ll never leave you—how could I?
5254,1275,6,15,93,114,1.236842105263158,0.05030975558841903,678,"Natural selection, my ass!"
5234,1275,4,19,91,114,1.236842105263158,0.047122825860897805,678,"That was fun, but I need to unwind a little now."
5232,1275,5,17,92,114,1.236842105263158,0.04874234413978753,678,"Next time, I'll bring the tantra book rather than recreating this from memory."
5183,1275,6,15,93,114,1.236842105263158,0.05030975558841903,678,Oh no! I forgot the champagne!
5125,1275,4,19,91,114,1.236842105263158,0.047122825860897805,678,"I know it's a stretch, but let's go cheek to cheek."
5092,1275,5,17,92,114,1.236842105263158,0.04874234413978753,678,"SILLY, NOW WE CAN'T KISS."
5000,1275,4,19,91,114,1.236842105263158,0.047122825860897805,678,We may have to revisit that cool Rasta braiding app
4985,1275,3,21,90,114,1.236842105263158,0.04544563039491826,678,"Or we could have just looked over our own shoulders."""
4960,1275,5,17,92,114,1.236842105263158,0.04874234413978753,678,I think we're neck and neck!
4321,1275,3,21,90,114,1.236842105263158,0.04544563039491826,678,"That's not what I meant when I said ""let's wrap this up""."
4956,1275,4,19,91,114,1.236842105263158,0.047122825860897805,678,This is worse than when we had braces.
4879,1275,7,13,94,114,1.236842105263158,0.051829787791302415,678,"This is not what I thought you meant when you said you wanted to ""tie the knot."""
4852,1275,7,13,94,114,1.236842105263158,0.051829787791302415,678,Now we're screwed!
4850,1275,3,21,90,114,1.236842105263158,0.04544563039491826,678,It didn't work.  The lion is headed right for us.
4822,1275,7,13,94,114,1.236842105263158,0.051829787791302415,678,"Bend it to the left, I said, dammit! If you can't get the choreography down soon, we can kiss that Argentine tango trophy good-bye!"
4783,1275,4,19,91,114,1.236842105263158,0.047122825860897805,678,#twistedsister
4752,1275,4,19,91,114,1.236842105263158,0.047122825860897805,678,You've got to stop throwing yourself at me!
4739,1275,5,17,92,114,1.236842105263158,0.04874234413978753,678,"Forget the twist, let’s just shout."
4677,1275,3,21,90,114,1.236842105263158,0.04544563039491826,678,I don't think this is what necking means.
4610,1275,3,21,90,114,1.236842105263158,0.04544563039491826,678,F-1 like Hell!  That had to be an F-3!
4540,1275,6,15,93,114,1.236842105263158,0.05030975558841903,678,This takes necking to a whole new height.
4480,1275,4,19,91,114,1.236842105263158,0.047122825860897805,678,I am tired with just necking. Let's go all the way
4452,1275,4,19,91,114,1.236842105263158,0.047122825860897805,678,"When I told you I was into rap, this wasn't exactly what I had in mind."
4346,1275,4,19,91,114,1.236842105263158,0.047122825860897805,678,"Wiggle your tail for me,will ya? Couldn't tell which body is mine."
4342,1275,5,17,92,114,1.236842105263158,0.04874234413978753,678,I said 'your other right' at least three times!
4924,1275,6,15,93,114,1.236842105263158,0.05030975558841903,678,And then we dab
2898,1275,5,17,92,114,1.236842105263158,0.04874234413978753,678,I think I've got a Crick in my neck.
3646,1275,2,23,89,114,1.236842105263158,0.04370411796234467,678,"You lead, I'll follow"
2887,1275,3,21,90,114,1.236842105263158,0.04544563039491826,678,Call 911?  Didn't you see how they made a meme out of those snakes?
1740,1275,5,17,92,114,1.236842105263158,0.04874234413978753,678,The two were neck-and-neck and ended up in a tie.
1734,1275,2,23,89,114,1.236842105263158,0.04370411796234467,678,Ready for takeoff?
1641,1275,2,23,89,114,1.236842105263158,0.04370411796234467,678,"I said go right, not left!"
1444,1275,5,17,92,114,1.236842105263158,0.04874234413978753,678,"Did you see that? Our little girl 
learned to somersault!"
1264,1275,3,21,90,114,1.236842105263158,0.04544563039491826,678,No. No. No. I said counterclockwise.
1152,1275,3,21,90,114,1.236842105263158,0.04544563039491826,678,I sort of like this “necking” thing.
1042,1275,4,19,91,114,1.236842105263158,0.047122825860897805,678,I hate team-building exercises.
971,1275,4,19,91,114,1.236842105263158,0.047122825860897805,678,Really? Do we have to do this every time Chubby Checker comes on?
960,1275,2,23,89,114,1.236842105263158,0.04370411796234467,678,"Your left, not mine!"
915,1275,4,19,91,114,1.236842105263158,0.047122825860897805,678,I'm not sure we can get out of this one.
909,1275,4,19,91,114,1.236842105263158,0.047122825860897805,678,One of us is excessively needy.
790,1275,7,13,94,114,1.236842105263158,0.051829787791302415,678,Don't fart.
767,1275,3,21,90,114,1.236842105263158,0.04544563039491826,678,I’m sure the vet has seen other animals in way more compromising positions!
758,1275,4,19,91,114,1.236842105263158,0.047122825860897805,678,"Maybe it said ""counter-clockwise""?"
1848,1275,3,21,90,114,1.236842105263158,0.04544563039491826,678,Spotted Necking
678,1275,8,11,95,114,1.236842105263158,0.05330649395351772,678,"Enough with the Tango class, lets try the FoxTrot"
632,1275,3,21,90,114,1.236842105263158,0.04544563039491826,678,"Two heads may be better than one, but this is ridiculous!"
559,1275,4,19,91,114,1.236842105263158,0.047122825860897805,678,"Next time, lets wait until the tornado passes before we try to eat!"
552,1275,3,21,90,114,1.236842105263158,0.04544563039491826,678,"Oh, wait, your left or my left?"
539,1275,1,25,88,114,1.236842105263158,0.04189026774492564,678,"Please, Bernard, this is only our first date!"
434,1275,3,21,90,114,1.236842105263158,0.04544563039491826,678,Now I know why mom always warned me about necking.
426,1275,3,21,90,114,1.236842105263158,0.04544563039491826,678,I thought you had the champagne glasses!
396,1275,5,17,92,114,1.236842105263158,0.04874234413978753,678,Let's grab a drink and unwind.
389,1275,2,23,89,114,1.236842105263158,0.04370411796234467,678,I thought the twist was a dance
344,1275,7,13,94,114,1.236842105263158,0.051829787791302415,678,Giraffe Neck Tie
285,1275,4,19,91,114,1.236842105263158,0.047122825860897805,678,Counter clockwise!! I said!
244,1275,4,19,91,114,1.236842105263158,0.047122825860897805,678,We’re still in our honeymoon phase.
214,1275,4,19,91,114,1.236842105263158,0.047122825860897805,678,"It seemed like you would never stop talking, and I panicked..."
82,1275,6,15,93,114,1.236842105263158,0.05030975558841903,678,I told you that these tango lessons were not a great idea.
16,1275,3,21,90,114,1.236842105263158,0.04544563039491826,678,"It started with a kiss, but we got carried away."
637,1275,5,17,92,114,1.236842105263158,0.04874234413978753,678,Oh THAT bird?!
1849,1275,5,17,92,114,1.236842105263158,0.04874234413978753,678,I don’t know.  I just can’t wrap my head around it.
182,1275,3,21,90,114,1.236842105263158,0.04544563039491826,678,maybe we shouldn't go back to partner yoga
1900,1275,4,19,91,114,1.236842105263158,0.047122825860897805,678,Well this is a gir-gaffe.
1861,1275,6,15,93,114,1.236842105263158,0.05030975558841903,678,"You're a real pain in the neck, you know that?"
2762,1275,4,19,91,114,1.236842105263158,0.047122825860897805,678,"I don’t think this is what they mean by necking, Gilbert."
2713,1275,4,19,91,114,1.236842105263158,0.047122825860897805,678,"Dad, I can explain!"
2682,1275,2,23,89,114,1.236842105263158,0.04370411796234467,678,So this is your idea of a twisted fantasy
2675,1275,2,23,89,114,1.236842105263158,0.04370411796234467,678,"OK, now let's just back away from each other, VERY slowly."
2669,1275,3,21,90,114,1.236842105263158,0.04544563039491826,678,"Now, let's uncanoodle."
2647,1275,4,19,91,114,1.236842105263158,0.047122825860897805,678,"Thank you.  Now that I'm clear on the structure of DNA, do you know a good chiropractor?"
2644,1275,4,19,91,114,1.236842105263158,0.047122825860897805,678,You think you're so smart!  But this is not a double helix.
2622,1275,5,17,92,114,1.236842105263158,0.04874234413978753,678,How do we explain this to the kids?
2604,1275,8,11,95,114,1.236842105263158,0.05330649395351772,678,"I didn't know this is what you meant by 'let's tie the knot'.'"""
2603,1275,4,19,91,114,1.236842105263158,0.047122825860897805,678,I feel like a politician
2589,1275,6,15,93,114,1.236842105263158,0.05030975558841903,678,High five!
2533,1275,3,21,90,114,1.236842105263158,0.04544563039491826,678,"This is not what was meant when I said, “Let’s tie one on.”"
2499,1275,4,19,91,114,1.236842105263158,0.047122825860897805,678,They finally tied the knot.
2894,1275,4,19,91,114,1.236842105263158,0.047122825860897805,678,"You stay put, and I'll try to unwind."
2498,1275,3,21,90,114,1.236842105263158,0.04544563039491826,678,"I really like you, Brad, but I don’t think we’re doing this right."
2454,1275,4,19,91,114,1.236842105263158,0.047122825860897805,678,How many more times will Chubby Checker say 'twist again?'
2435,1275,6,15,93,114,1.236842105263158,0.05030975558841903,678,"Forget it Harold,Giraffes can't hug."""
2432,1275,4,19,91,114,1.236842105263158,0.047122825860897805,678,"I'm sorry, I shouldn't do this. I have a boyfriend."
2423,1275,7,13,94,114,1.236842105263158,0.051829787791302415,678,"It's OK, but we'd look more professional in a half-Windsor."
2414,1275,6,15,93,114,1.236842105263158,0.05030975558841903,678,I told you we shouldn't neck!
2375,1275,6,15,93,114,1.236842105263158,0.05030975558841903,678,"Necking is one thing, but you're not getting to second base!"
2291,1275,3,21,90,114,1.236842105263158,0.04544563039491826,678,Let's stick to waltz.
2116,1275,4,19,91,114,1.236842105263158,0.047122825860897805,678,"You know our therapist said we have to do it for 10 minutes a day,Geoffrey."
2078,1275,5,17,92,114,1.236842105263158,0.04874234413978753,678,Stop twisting my words.
2063,1275,3,21,90,114,1.236842105263158,0.04544563039491826,678,I still don't see how the goats had a better audition for the yoga gig.
2009,1275,4,19,91,114,1.236842105263158,0.047122825860897805,678,it’s complicated
1972,1275,7,13,94,114,1.236842105263158,0.051829787791302415,678,I guess we’re due for another visit to the chiropractor.
1964,1275,3,21,90,114,1.236842105263158,0.04544563039491826,678,I think I prefer the missionary position.
2794,1275,3,21,90,114,1.236842105263158,0.04544563039491826,678,We must rethink our hugs.
2800,1275,3,21,90,114,1.236842105263158,0.04544563039491826,678,"And that, my dear, is what they will call double helix ."
2394,1408,3,19,84,106,1.2358490566037736,0.04749216002345262,678,"Our relationship has always been a bit screwed up."""
410,1409,6,15,94,115,1.2347826086956522,0.04991286806593372,678,That's the last tennis tournament I ever go to.
638,1409,6,15,94,115,1.2347826086956522,0.04991286806593372,678,"I know that's a lion, but you're not helping!"
2128,1409,4,19,92,115,1.2347826086956522,0.046756644404553516,678,"It's tongue twisted, not neck twisted."
2237,1409,6,15,94,115,1.2347826086956522,0.04991286806593372,678,Relationships are so complicated
3002,1409,8,11,96,115,1.2347826086956522,0.05288104576462862,678,I can't see the book any longer. Is this the right position?
3704,1409,3,21,91,115,1.2347826086956522,0.045095770252620654,678,All tied up and nowhere to go.
4297,1409,5,17,93,115,1.2347826086956522,0.048360511755673,678,Whew! ... I was just trying to get my head around Trumps' foreign policies!
4833,1409,3,21,91,115,1.2347826086956522,0.045095770252620654,678,I wish the company would go necktie optional.
4878,1409,3,21,91,115,1.2347826086956522,0.045095770252620654,678,What’s so much fun about necking?
3702,1418,5,16,91,112,1.2321428571428572,0.04909434430153335,678,Kiss me!
3768,1418,3,20,89,112,1.2321428571428572,0.045700156680772756,678,No Geoffrey! Turn to YOUR left!!!
3912,1418,3,20,89,112,1.2321428571428572,0.045700156680772756,678,Are you ready to tie the knot?
3928,1418,3,20,89,112,1.2321428571428572,0.045700156680772756,678,You’re right. Doesn’t turn me on either
4207,1418,6,14,92,112,1.2321428571428572,0.050706309304391906,678,I don't see anyone ... do you see anyone?
4092,1418,3,20,89,112,1.2321428571428572,0.045700156680772756,678,"No, I go left, then YOU go right!"
4109,1418,5,16,91,112,1.2321428571428572,0.04909434430153335,678,"I'm afraid I win again,Beatrice."
4138,1418,4,18,90,112,1.2321428571428572,0.04742762361243012,678,"Now, let's see if we can synchronize​ the footwork!"
3632,1418,5,16,91,112,1.2321428571428572,0.04909434430153335,678,In my neck of the woods this means we are engaged!
3946,1418,5,16,91,112,1.2321428571428572,0.04909434430153335,678,"Just remember, you drink and 
I eat."
3631,1418,2,22,88,112,1.2321428571428572,0.043904773769739634,678,"Let's go back to petting, Hon. All this necking is killing me..."
3375,1418,2,22,88,112,1.2321428571428572,0.043904773769739634,678,Jean Baptiste Lamarck would be totally approving of this.
3461,1418,3,20,89,112,1.2321428571428572,0.045700156680772756,678,Extreme necking
3415,1418,6,14,92,112,1.2321428571428572,0.050706309304391906,678,I think maybe we should think about  slowing things down for now.
4259,1418,7,12,93,112,1.2321428571428572,0.05226858486842572,678,"You were the one who suggested trying something new, twisted and kinky!"
3246,1418,5,16,91,112,1.2321428571428572,0.04909434430153335,678,That’s the last time we let the Zebra’s pick Twister  for game night
3241,1418,6,14,92,112,1.2321428571428572,0.050706309304391906,678,Was that a tornado or a water spout?
2879,1418,3,20,89,112,1.2321428571428572,0.045700156680772756,678,Codependency? What's that?
3219,1418,4,18,90,112,1.2321428571428572,0.04742762361243012,678,You've choked the love right out of me!
3201,1418,5,16,91,112,1.2321428571428572,0.04909434430153335,678,Couldn't we just skip the foreplay?
3148,1418,3,20,89,112,1.2321428571428572,0.045700156680772756,678,This is why we don't play Twister.
3024,1418,4,18,90,112,1.2321428571428572,0.04742762361243012,678,Let's NOT twist again.
3517,1418,4,18,90,112,1.2321428571428572,0.04742762361243012,678,Are you sure this is the way to play “loves me loves me knot”?
4260,1418,1,24,87,112,1.2321428571428572,0.04203277291467762,678,All clear on my side.
5083,1418,5,16,91,112,1.2321428571428572,0.04909434430153335,678,Chubby Checker made it sound like a lot more fun.
4365,1418,5,16,91,112,1.2321428571428572,0.04909434430153335,678,I told you not to buy the Kama Sutra at IKEA!
2863,1418,6,14,92,112,1.2321428571428572,0.050706309304391906,678,I think We should just forget about 'Dancing with the Stars'.
5363,1418,5,16,91,112,1.2321428571428572,0.04909434430153335,678,This foreplay is a little twisted.
5206,1418,2,22,88,112,1.2321428571428572,0.043904773769739634,678,"I thought you said ""lefty-loosey""?"
5197,1418,6,14,92,112,1.2321428571428572,0.050706309304391906,678,This is why I don’t like to dance.
5107,1418,8,10,94,112,1.2321428571428572,0.05378550106695096,678,At the count of three turn to the left and keep turning till I say  STOP.
5082,1418,4,18,90,112,1.2321428571428572,0.04742762361243012,678,"Next time, I want to be the big spoon."
5016,1418,5,16,91,112,1.2321428571428572,0.04909434430153335,678,You’re always right!
4997,1418,1,24,87,112,1.2321428571428572,0.04203277291467762,678,How are your hiccups now?
4969,1418,2,22,88,112,1.2321428571428572,0.043904773769739634,678,this is the last time we're playing twister
4961,1418,5,16,91,112,1.2321428571428572,0.04909434430153335,678,You call this pas de deux? I say it's pas de don't!
4906,1418,6,14,92,112,1.2321428571428572,0.050706309304391906,678,"Let's face it, Henry, when it comes to dancing we have two left necks."
4888,1418,5,16,91,112,1.2321428571428572,0.04909434430153335,678,Maybe that camel sutra book was a bad idea...
4881,1418,3,20,89,112,1.2321428571428572,0.045700156680772756,678,Your perfume is irresistible.
4694,1418,4,18,90,112,1.2321428571428572,0.04742762361243012,678,This work for you?
4652,1418,1,24,87,112,1.2321428571428572,0.04203277291467762,678,Mom always said that necking leads to trouble!!
4647,1418,5,16,91,112,1.2321428571428572,0.04909434430153335,678,What do they mean by codependency?
4611,1418,5,16,91,112,1.2321428571428572,0.04909434430153335,678,This looks like a good place to unwind.
4593,1418,4,18,90,112,1.2321428571428572,0.04742762361243012,678,I would have preferred couples counseling.
4555,1418,5,16,91,112,1.2321428571428572,0.04909434430153335,678,I just don’t get necking.
4507,1418,5,16,91,112,1.2321428571428572,0.04909434430153335,678,Damn! It's that northern-southern hemisphere thing again.
4488,1418,5,16,91,112,1.2321428571428572,0.04909434430153335,678,Did you just fart?
4385,1418,2,22,88,112,1.2321428571428572,0.043904773769739634,678,Perhaps we should try petting.
4373,1418,6,14,92,112,1.2321428571428572,0.050706309304391906,678,Knot again dude!
4360,1418,2,22,88,112,1.2321428571428572,0.043904773769739634,678,This must be your first time necking!
2714,1418,4,18,90,112,1.2321428571428572,0.04742762361243012,678,You’re sure this is what the therapist meant about wrapping our heads around the other’s issues?
1486,1418,4,18,90,112,1.2321428571428572,0.04742762361243012,678,"Clyde, I love you, too. But I can't breathe."
2702,1418,6,14,92,112,1.2321428571428572,0.050706309304391906,678,My mother told me there was another way.
1270,1418,3,20,89,112,1.2321428571428572,0.045700156680772756,678,"No. My left, your right Susan!"
1236,1418,2,22,88,112,1.2321428571428572,0.043904773769739634,678,Now...wiggle your left ear
1190,1418,6,14,92,112,1.2321428571428572,0.050706309304391906,678,You had to drag me on those stupid Teacups!
1141,1418,5,16,91,112,1.2321428571428572,0.04909434430153335,678,Bonus points if you can tell which body is yours!
1063,1418,4,18,90,112,1.2321428571428572,0.04742762361243012,678,We can just tell the others we went to a couples yoga class.
1017,1418,8,10,94,112,1.2321428571428572,0.05378550106695096,678,Did you just burp or did I?
907,1418,4,18,90,112,1.2321428571428572,0.04742762361243012,678,Is this what they call a knotty relationship?
859,1418,4,18,90,112,1.2321428571428572,0.04742762361243012,678,"Sorry, I got carried away explaining the DNA helix."
841,1418,2,22,88,112,1.2321428571428572,0.043904773769739634,678,I told you those Swing Dance lessons were a bad idea!
839,1418,3,20,89,112,1.2321428571428572,0.045700156680772756,678,This why our parents warned us about the dangers of premarital necking!
799,1418,6,14,92,112,1.2321428571428572,0.050706309304391906,678,Do you happen to remember which body is yours?
752,1418,2,22,88,112,1.2321428571428572,0.043904773769739634,678,I told you it should be the other way !
2712,1418,3,20,89,112,1.2321428571428572,0.045700156680772756,678,Please! Please do not leave me!
592,1418,4,18,90,112,1.2321428571428572,0.04742762361243012,678,He went thataway
505,1418,5,16,91,112,1.2321428571428572,0.04909434430153335,678,"Is this what the phrase, "" to tie the knot ""means?"
499,1418,5,16,91,112,1.2321428571428572,0.04909434430153335,678,"Oh Dot, I feel that our DNA are a perfect match!"
493,1418,4,18,90,112,1.2321428571428572,0.04742762361243012,678,"Ummm, yeah ... I love you, too."
370,1418,2,22,88,112,1.2321428571428572,0.043904773769739634,678,No more Kama Sutra.
326,1418,5,16,91,112,1.2321428571428572,0.04909434430153335,678,"Either this ""necking"" is way overrated or we're just not doing it right."
294,1418,3,20,89,112,1.2321428571428572,0.045700156680772756,678,"No, I said 'tryst' again like we did last summer!"
195,1418,1,24,87,112,1.2321428571428572,0.04203277291467762,678,so you're a gemini too
134,1418,5,16,91,112,1.2321428571428572,0.04909434430153335,678,My mom warned me about necking.
13,1418,5,16,91,112,1.2321428571428572,0.04909434430153335,678,"see? it’s too much, we can’t feed each other the cake at the wedding."
1343,1418,1,24,87,112,1.2321428571428572,0.04203277291467762,678,We gotta stop watching these candidates debates!
1376,1418,7,12,93,112,1.2321428571428572,0.05226858486842572,678,"Let’s do ‘the twist,’ you said...’it will be fun,’ you said."
701,1418,5,16,91,112,1.2321428571428572,0.04909434430153335,678,"No, it's your turn to curtsy, and my turn to bow."
1406,1418,3,20,89,112,1.2321428571428572,0.045700156680772756,678,Woah! Are you sure this is in the Karma Sutra?
2662,1418,5,16,91,112,1.2321428571428572,0.04909434430153335,678,"Oh god, don’t look at us DON’T LOOK AT US!"
2384,1418,3,20,89,112,1.2321428571428572,0.045700156680772756,678,Quick. Look this up on youtube.
2378,1418,3,20,89,112,1.2321428571428572,0.045700156680772756,678,"Did you bring protection?"""
2267,1418,3,20,89,112,1.2321428571428572,0.045700156680772756,678,"Is that YOUR left, or MY left, Mr. Loosey?"
2242,1418,6,14,92,112,1.2321428571428572,0.050706309304391906,678,Now we know why vultures circle.
2153,1418,4,18,90,112,1.2321428571428572,0.04742762361243012,678,Dam that mosquito!
2138,1418,7,12,93,112,1.2321428571428572,0.05226858486842572,678,"Righty tighty, lefty loosey ?"
2079,1418,6,14,92,112,1.2321428571428572,0.050706309304391906,678,"Okay, I think I've got it now. The Ark is that way. Just like I said."
2057,1418,4,18,90,112,1.2321428571428572,0.04742762361243012,678,"Conjoined at birth, Melvin and Nelvin decided the risk of separating might alter their DNA strand."
2051,1418,4,18,90,112,1.2321428571428572,0.04742762361243012,678,What's so great about necking? I've got pain at C14.
1992,1418,4,18,90,112,1.2321428571428572,0.04742762361243012,678,Lefty-Loosey!  LEFTY-LOOSEY!
1977,1418,3,20,89,112,1.2321428571428572,0.045700156680772756,678,This...this is why we don’t neck anymore.
1959,1418,6,14,92,112,1.2321428571428572,0.050706309304391906,678,"If this is what you meant by necking, I'm not a fan"
1949,1418,2,22,88,112,1.2321428571428572,0.043904773769739634,678,Look here.  Look there.  Look here.
1867,1418,3,20,89,112,1.2321428571428572,0.045700156680772756,678,Two roads diverged in a yellow wood...
1727,1418,4,18,90,112,1.2321428571428572,0.04742762361243012,678,I understand that you want to take things slowly in this relationship but your “ necking only’ stance has me tied in knots.
1672,1418,3,20,89,112,1.2321428571428572,0.045700156680772756,678,Next time I'll lead.
1667,1418,2,22,88,112,1.2321428571428572,0.043904773769739634,678,Maybe a fist bump is the way to go.
1638,1418,2,22,88,112,1.2321428571428572,0.043904773769739634,678,I knew we’d get into trouble if we started necking.
1596,1418,4,18,90,112,1.2321428571428572,0.04742762361243012,678,You're suffocating me
1519,1418,4,18,90,112,1.2321428571428572,0.04742762361243012,678,"I don't think you quite grasped the concept of 'necking'""."
1476,1418,4,18,90,112,1.2321428571428572,0.04742762361243012,678,I told you we shouldn't eat snakes.
1387,1418,2,22,88,112,1.2321428571428572,0.043904773769739634,678,I said right. Turn right!
1797,1521,1,22,81,104,1.2307692307692308,0.043705275295351925,678,Now can we ask for directions?
5376,1522,3,20,90,113,1.2300884955752212,0.04534049011486548,678,What comes after necking?
2252,1522,4,18,91,113,1.2300884955752212,0.047050907076817174,678,"Yes folks, two giraffes necking, do you have a problem with that?"
178,1522,4,18,91,113,1.2300884955752212,0.047050907076817174,678,When giraffes don't pay attention in Sex Ed.
2916,1525,4,17,88,109,1.2293577981651376,0.04812669371707594,678,Can we talk ?
2918,1525,4,17,88,109,1.2293577981651376,0.04812669371707594,678,Maybe we should reassess our definition of healthy boundaries.
2928,1525,4,17,88,109,1.2293577981651376,0.04812669371707594,678,"How's this, Mr. Attenborough?"
3018,1525,3,19,87,109,1.2293577981651376,0.046328004304413195,678,You're sure the therapist said doing this would improve our ability to relate to each other?
3080,1525,6,13,90,109,1.2293577981651376,0.05153608423961075,678,I think we missed a step in our tango...
3244,1525,4,17,88,109,1.2293577981651376,0.04812669371707594,678,You could have just explained the double helix!
3312,1525,2,21,86,109,1.2293577981651376,0.04445660038197049,678,Are you as turned on as I am?
3359,1525,2,21,86,109,1.2293577981651376,0.04445660038197049,678,"Sorry, I am all neck on the dance floor"
3501,1525,3,19,87,109,1.2293577981651376,0.046328004304413195,678,You spin me round and round...
3542,1525,3,19,87,109,1.2293577981651376,0.046328004304413195,678,Is this the dance they call the tangle?
3566,1525,3,19,87,109,1.2293577981651376,0.046328004304413195,678,Now we both walk backwards and get the best neck crack ever!
3722,1525,3,19,87,109,1.2293577981651376,0.046328004304413195,678,Maybe we should drop necking from our foreplay.
3828,1525,3,19,87,109,1.2293577981651376,0.046328004304413195,678,Anything coming on your side?
3996,1525,3,19,87,109,1.2293577981651376,0.046328004304413195,678,This is not what I had in mind when I said I was into necking
4004,1525,3,19,87,109,1.2293577981651376,0.046328004304413195,678,Let's just hold hands next time!
4017,1525,4,17,88,109,1.2293577981651376,0.04812669371707594,678,Whiplash.
4025,1525,4,17,88,109,1.2293577981651376,0.04812669371707594,678,Whaddya say we kick back and unwind?
4041,1525,4,17,88,109,1.2293577981651376,0.04812669371707594,678,I'm trying to wrap my head around our relationship.
4549,1525,3,19,87,109,1.2293577981651376,0.046328004304413195,678,"Once again, I said “on three.”"
4802,1525,4,17,88,109,1.2293577981651376,0.04812669371707594,678,I’m never sticking my neck out for you again.
4973,1525,3,19,87,109,1.2293577981651376,0.046328004304413195,678,"Funny,I have a crook in my neck too."
5033,1525,2,21,86,109,1.2293577981651376,0.04445660038197049,678,"It's called ""necking"", Herbert. All the kids are doing it."
5093,1525,3,19,87,109,1.2293577981651376,0.046328004304413195,678,Are you finding it difficult to unwind these days?
5153,1525,4,17,88,109,1.2293577981651376,0.04812669371707594,678,I think we carried this quantum entanglement thing too far.
3925,1525,3,19,87,109,1.2293577981651376,0.046328004304413195,678,I prefer counter clockwise necking
2825,1525,3,19,87,109,1.2293577981651376,0.046328004304413195,678,Um... help?
1007,1525,2,21,86,109,1.2293577981651376,0.04445660038197049,678,Reading the Kama Sutra at our age was a bad idea.
2600,1525,2,21,86,109,1.2293577981651376,0.04445660038197049,678,This isn’t what I meant when I said I wanted to screw you.
137,1525,4,17,88,109,1.2293577981651376,0.04812669371707594,678,Who knew nibbling your ear could be this complicated.
153,1525,4,17,88,109,1.2293577981651376,0.04812669371707594,678,Sorry but I just can't wrap my head around it.
331,1525,1,23,85,109,1.2293577981651376,0.04250287816389273,678,If you sneeze I'll kick you from here to Sunday.
444,1525,5,15,89,109,1.2293577981651376,0.0498605386397374,678,"Well, that tornado sure came out of left field."
508,1525,4,17,88,109,1.2293577981651376,0.04812669371707594,678,"Let's un-twist again, like we did last summer."
563,1525,3,19,87,109,1.2293577981651376,0.046328004304413195,678,We can't both go clockwise.
566,1525,5,15,89,109,1.2293577981651376,0.0498605386397374,678,"Hi there, we're here for the siamese twin discount you have advertised..."""
744,1525,2,21,86,109,1.2293577981651376,0.04445660038197049,678,"No, no, no, move to your left not my left."
835,1525,4,17,88,109,1.2293577981651376,0.04812669371707594,678,We've got to establish some boundaries.
847,1525,3,19,87,109,1.2293577981651376,0.046328004304413195,678,I never realized that you're a leftie too!
916,1525,4,17,88,109,1.2293577981651376,0.04812669371707594,678,"Now, THIS is quintessential necking!"
940,1525,3,19,87,109,1.2293577981651376,0.046328004304413195,678,Thanks for looping me in.
15,1525,6,13,90,109,1.2293577981651376,0.05153608423961075,678,I think we scared the bee away.
1014,1525,5,15,89,109,1.2293577981651376,0.0498605386397374,678,I'm all twisted up outside.
1041,1525,4,17,88,109,1.2293577981651376,0.04812669371707594,678,"Actually, Albert, I would have preferred just an 'I love you'."
1049,1525,2,21,86,109,1.2293577981651376,0.04445660038197049,678,I'm sick of your twisted sense of humor.
1391,1525,6,13,90,109,1.2293577981651376,0.05153608423961075,678,I always thought necking would be more pleasurable.
1752,1525,5,15,89,109,1.2293577981651376,0.0498605386397374,678,"Not sure, but I think this is what they call codependent."
1868,1525,4,17,88,109,1.2293577981651376,0.04812669371707594,678,The bad news is a lion is coming. The good news is that we're about to finally figure out whose body is whose.
1904,1525,4,17,88,109,1.2293577981651376,0.04812669371707594,678,"Wait, I have to sneeze!"
2002,1525,3,19,87,109,1.2293577981651376,0.046328004304413195,678,Is this what you had in mind when you answered my ad?
2007,1525,5,15,89,109,1.2293577981651376,0.0498605386397374,678,This isn't what I had in mind when I asked for a necktie.
2168,1525,2,21,86,109,1.2293577981651376,0.04445660038197049,678,Is this love... or codependency?
2448,1525,5,15,89,109,1.2293577981651376,0.0498605386397374,678,It was little wonder when the boa giraffe went extinct.
2653,1525,4,17,88,109,1.2293577981651376,0.04812669371707594,678,I did not see that twist coming.
5340,1578,6,12,89,107,1.2242990654205608,0.05195594354493409,678,We can strike 'learn the Tango' off the bucket list.
175,1578,4,16,87,107,1.2242990654205608,0.04844325116189109,678,Next time we find a plastic mat with colored squares - let's ignore it.
4078,1580,3,17,84,104,1.2211538461538463,0.04724827321830709,678,You and your let’s do the twist
4089,1580,4,15,85,104,1.2211538461538463,0.04918440626354967,678,This is why we don’t slow dance
4162,1580,5,13,86,104,1.2211538461538463,0.051047157774787154,678,I told you Africa is too hot for a necktie!
4183,1580,2,19,83,104,1.2211538461538463,0.04522933588640989,678,Who knew love would be this complicated?
3911,1580,3,17,84,104,1.2211538461538463,0.04724827321830709,678,So this is what a tornado can do.
4213,1580,2,19,83,104,1.2211538461538463,0.04522933588640989,678,I stick my neck out for you and look what happens!
4366,1580,1,21,82,104,1.2211538461538463,0.043115963718089116,678,"If you think this kinky, wait ‘til we add zebra."
4375,1580,5,13,86,104,1.2211538461538463,0.051047157774787154,678,"A Tangle in the Plains""
Two giraffes, one destiny.
Season one streams Friday"
4617,1580,4,15,85,104,1.2211538461538463,0.04918440626354967,678,"Whatta ya say we try rock, paper scissors instead?"
4670,1580,4,15,85,104,1.2211538461538463,0.04918440626354967,678,I told you partner yoga was a bad idea.
4699,1580,4,15,85,104,1.2211538461538463,0.04918440626354967,678,How did we wind up here?
4992,1580,4,15,85,104,1.2211538461538463,0.04918440626354967,678,I think we need to get a refund on that new edition of The Kama Sutra.
4857,1580,6,11,87,104,1.2211538461538463,0.05284428837887896,678,"Next time, let's not go bird watching."
4892,1580,2,19,83,104,1.2211538461538463,0.04522933588640989,678,Ok! Our DNA says were related.
4893,1580,1,21,82,104,1.2211538461538463,0.043115963718089116,678,Are you sure that this is the way Giraffes procreate?
4905,1580,5,13,86,104,1.2211538461538463,0.051047157774787154,678,I wish you’d stop it!  They’re starting to call us the ‘Twisted Sisters’.
4983,1580,2,19,83,104,1.2211538461538463,0.04522933588640989,678,"Oh dear, I think we’ve hit a snag with our conscious uncoupling..."
5134,1580,6,11,87,104,1.2211538461538463,0.05284428837887896,678,This isn’t what I meant by ‘winding up the relationship’...
5205,1580,3,17,84,104,1.2211538461538463,0.04724827321830709,678,Necking in broad day light- what were we thinking!
5251,1580,2,19,83,104,1.2211538461538463,0.04522933588640989,678,Did we tie the knot or not?
5281,1580,2,19,83,104,1.2211538461538463,0.04522933588640989,678,How could two GPS apps be so different?
3700,1580,3,17,84,104,1.2211538461538463,0.04724827321830709,678,"I told you the ""Camel Sutra"" wasn't for us..."
4844,1580,2,19,83,104,1.2211538461538463,0.04522933588640989,678,I doubt that this is what Chubby Checker had in mind.
3699,1580,4,15,85,104,1.2211538461538463,0.04918440626354967,678,"So, who's the little spoon?"
3409,1580,2,19,83,104,1.2211538461538463,0.04522933588640989,678,Are you sure this is the right way to neck?
3242,1580,2,19,83,104,1.2211538461538463,0.04522933588640989,678,I feel enmeshed with you but I can't honestly say that I'm in love.
85,1580,3,17,84,104,1.2211538461538463,0.04724827321830709,678,This is why only rams butt heads.
186,1580,2,19,83,104,1.2211538461538463,0.04522933588640989,678,"I never do ""this"". Not on a first date."
536,1580,3,17,84,104,1.2211538461538463,0.04724827321830709,678,Honey!  You're home!
760,1580,4,15,85,104,1.2211538461538463,0.04918440626354967,678,Try going clockwise
1102,1580,3,17,84,104,1.2211538461538463,0.04724827321830709,678,"When you said, 'let's tie the knot . . .'"
1301,1580,2,19,83,104,1.2211538461538463,0.04522933588640989,678,"This time we can blame revolution, not evolution."
1449,1580,4,15,85,104,1.2211538461538463,0.04918440626354967,678,This is why I hate playing Twister.
2025,1580,4,15,85,104,1.2211538461538463,0.04918440626354967,678,"If the wife walks by, we're trying out for Swan Lake."
2274,1580,2,19,83,104,1.2211538461538463,0.04522933588640989,678,It's not you. I'm just not ready to get entangled in a new relationship right now.
2350,1580,4,15,85,104,1.2211538461538463,0.04918440626354967,678,You’re a pain in the neck.
1274,1580,3,17,84,104,1.2211538461538463,0.04724827321830709,678,We keep screwing up.
2537,1580,3,17,84,104,1.2211538461538463,0.04724827321830709,678,I don't think necking is all it's cracked up to be.
2601,1580,0,23,81,104,1.2211538461538463,0.04089351818997074,678,Necking is complicated.
2680,1580,3,17,84,104,1.2211538461538463,0.04724827321830709,678,So much for the do-si-do.
2776,1580,5,13,86,104,1.2211538461538463,0.051047157774787154,678,I told you we shouldn’t eat the pythons.
2870,1580,3,17,84,104,1.2211538461538463,0.04724827321830709,678,"Honey,with foreplay like this we'll never have a baby."
2896,1580,5,13,86,104,1.2211538461538463,0.051047157774787154,678,"It takes two to tango, not tangle."
2956,1580,2,19,83,104,1.2211538461538463,0.04522933588640989,678,Are you a licenced chiropractor?
2959,1580,6,11,87,104,1.2211538461538463,0.05284428837887896,678,"Now that we've tied the knot, where to honeymoon?"
3185,1580,2,19,83,104,1.2211538461538463,0.04522933588640989,678,I think this means we're engaged.
3194,1580,5,13,86,104,1.2211538461538463,0.051047157774787154,678,Pretzel...
2469,1580,2,19,83,104,1.2211538461538463,0.04522933588640989,678,Left foot on blue again?
5246,1628,4,16,89,109,1.2201834862385321,0.047638415680113844,678,"I said a hug, not a twist."
3884,1628,5,14,90,109,1.2201834862385321,0.04938940487411066,678,Isn't it time for a kiss?
3558,1628,2,20,87,109,1.2201834862385321,0.043927546231223726,678,Don't you just hate those sudden dust devils?
3543,1628,3,18,88,109,1.2201834862385321,0.045820562886151966,678,What do you mean you need space?
3404,1628,2,20,87,109,1.2201834862385321,0.043927546231223726,678,Shhhh! Is that your cell or mine?
2971,1628,5,14,90,109,1.2201834862385321,0.04938940487411066,678,Did you remember the light bulb?
3318,1628,4,16,89,109,1.2201834862385321,0.047638415680113844,678,"No, my right."
3134,1628,2,20,87,109,1.2201834862385321,0.043927546231223726,678,That is the LAST time we dance to Chubby Checker.
3124,1628,4,16,89,109,1.2201834862385321,0.047638415680113844,678,"Yeah, I guess this is one way to scare off the lions."
2992,1628,3,18,88,109,1.2201834862385321,0.045820562886151966,678,Sometimes I just feel like my life is spiraling out of control.
4105,1628,1,22,86,109,1.2201834862385321,0.041949191322226805,678,"Maybe they were right.
This is a twisted relationship."
3384,1628,5,14,90,109,1.2201834862385321,0.04938940487411066,678,"My dear, I think we’re a little bit too entwined."
4189,1628,3,18,88,109,1.2201834862385321,0.045820562886151966,678,"It is great necking, but isn't it time for dinner?"
5095,1628,3,18,88,109,1.2201834862385321,0.045820562886151966,678,This is called The Double Helix !
4247,1628,4,16,89,109,1.2201834862385321,0.047638415680113844,678,"i’m sorry, which body did you say was mine?"
4363,1628,4,16,89,109,1.2201834862385321,0.047638415680113844,678,"Clearly, the Kama Sutra was not written for us."
4388,1628,3,18,88,109,1.2201834862385321,0.045820562886151966,678,"Any sign of him in your direction, Jim?"
4469,1628,4,16,89,109,1.2201834862385321,0.047638415680113844,678,Codependency.
4570,1628,4,16,89,109,1.2201834862385321,0.047638415680113844,678,That's the last time I threaten to wring your neck.
4669,1628,4,16,89,109,1.2201834862385321,0.047638415680113844,678,"Marge, I don't think we're doing it right"
4916,1628,4,16,89,109,1.2201834862385321,0.047638415680113844,678,Now we step to the other side of the equator and unwind!
4972,1628,5,14,90,109,1.2201834862385321,0.04938940487411066,678,I told you that guy with the ark was only looking for opposite-sex couples.
5020,1628,4,16,89,109,1.2201834862385321,0.047638415680113844,678,"Good .....Now, how do we get the champagne ?"
2734,1628,4,16,89,109,1.2201834862385321,0.047638415680113844,678,Wow. Rubbernecking really IS hazardous.
5127,1628,2,20,87,109,1.2201834862385321,0.043927546231223726,678,OK we twisted. Now we shout?
5237,1628,3,18,88,109,1.2201834862385321,0.045820562886151966,678,When trying to get a new perspective goes wrong.
4196,1628,5,14,90,109,1.2201834862385321,0.04938940487411066,678,"I don't feel anything, do you?"
2674,1628,3,18,88,109,1.2201834862385321,0.045820562886151966,678,My therapist says we are co-dependent.
1612,1628,2,20,87,109,1.2201834862385321,0.043927546231223726,678,Who knew scratching an itch could be so tricky?
2310,1628,3,18,88,109,1.2201834862385321,0.045820562886151966,678,The worst part is I dropped my cellphone.
56,1628,4,16,89,109,1.2201834862385321,0.047638415680113844,678,Get it?  The perfect symbol for giraffe doctors.
160,1628,3,18,88,109,1.2201834862385321,0.045820562886151966,678,"When I said 'let's neck', this is not what I had in mind."
194,1628,2,20,87,109,1.2201834862385321,0.043927546231223726,678,Look at what?
258,1628,2,20,87,109,1.2201834862385321,0.043927546231223726,678,"What's the harm in a little necking?"" you said.."
452,1628,4,16,89,109,1.2201834862385321,0.047638415680113844,678,I said” you have me wrapped around your little HOOF”!
2642,1628,2,20,87,109,1.2201834862385321,0.043927546231223726,678,"Necking is fine, but without hands, there won't be any petting."
458,1628,2,20,87,109,1.2201834862385321,0.043927546231223726,678,Nothing to see here. Stop rubbernecking.
577,1628,5,14,90,109,1.2201834862385321,0.04938940487411066,678,Your idea of love is a bit twisted.
607,1628,4,16,89,109,1.2201834862385321,0.047638415680113844,678,This is the last time we play Twister!
734,1628,4,16,89,109,1.2201834862385321,0.047638415680113844,678,Let's hope our parents don't catch us necking again.
808,1628,3,18,88,109,1.2201834862385321,0.045820562886151966,678,"What's the point?  After all of these fad diets, I just put the weight right back on again."
958,1628,4,16,89,109,1.2201834862385321,0.047638415680113844,678,I told you we shouldn’t play twister!
454,1628,4,16,89,109,1.2201834862385321,0.047638415680113844,678,This isn’t the necking I had in mind.
1498,1628,6,12,91,109,1.2201834862385321,0.05108040699844056,678,"As if this wasn't awkward enough, those Watson and Crick guys can't stop staring at us."
1561,1628,7,10,92,109,1.2201834862385321,0.05271719495984061,678,Are our genes single helix or double helix ?
1754,1628,4,16,89,109,1.2201834862385321,0.047638415680113844,678,Neckflex and Chill
1795,1628,3,18,88,109,1.2201834862385321,0.045820562886151966,678,C'mon - it also takes two to un-tango.
1851,1628,4,16,89,109,1.2201834862385321,0.047638415680113844,678,See! Our fates are intertwined!
1854,1628,3,18,88,109,1.2201834862385321,0.045820562886151966,678,"I've heard of couples so close they're joined at the hip, but this is ridiculous."
1927,1628,3,18,88,109,1.2201834862385321,0.045820562886151966,678,Told you I had four left feet
2011,1628,3,18,88,109,1.2201834862385321,0.045820562886151966,678,You always over do a good thing.
2112,1628,4,16,89,109,1.2201834862385321,0.047638415680113844,678,"No, Janet, this is not what I meant by necking.'"
2214,1628,3,18,88,109,1.2201834862385321,0.045820562886151966,678,"Well, this is a pain in the neck..."
2236,1628,4,16,89,109,1.2201834862385321,0.047638415680113844,678,Keep looking.
2251,1628,5,14,90,109,1.2201834862385321,0.04938940487411066,678,Do the Twist' is a dumb song
1271,1628,5,14,90,109,1.2201834862385321,0.04938940487411066,678,It’s too close to call — they’re neck and neck.
3346,1684,2,19,84,105,1.2190476190476192,0.04484599691984634,678,A little lower...
2906,1684,4,15,86,105,1.2190476190476192,0.04875924328817289,678,"Sorry, I'm a hugger."
382,1684,3,17,85,105,1.2190476190476192,0.04684350139437753,678,I don't think this is how necking is done.
2798,1684,5,13,87,105,1.2190476190476192,0.05060250971231977,678,Feels like you zigged when I zagged...
3525,1688,5,12,85,102,1.2156862745098038,0.05143533103860699,678,We better stop necking. I see your parents coming.
3503,1688,4,14,84,102,1.2156862745098038,0.049512182523962604,678,"Oh man, my toe itches."
3430,1688,3,16,83,102,1.2156862745098038,0.04751125295676055,678,Maybe tornado chasing isn't for us.
3424,1688,3,16,83,102,1.2156862745098038,0.04751125295676055,678,Maybe we should just embrace the simple joy of line dancing.
3422,1688,1,20,81,102,1.2156862745098038,0.043232453504184656,678,This wasn’t what I had in mind when I suggested necking...
3417,1688,3,16,83,102,1.2156862745098038,0.04751125295676055,678,"Tell me again,is this a love knot,or a fight to the death?"
3400,1688,4,14,84,102,1.2156862745098038,0.049512182523962604,678,Do you recall how we were pondering the structure of the DNA molecule?
3340,1688,1,20,81,102,1.2156862745098038,0.043232453504184656,678,When I said “necklace” I meant Tiffany’s
3336,1688,5,12,85,102,1.2156862745098038,0.05143533103860699,678,I think it’s LOVE
3302,1688,2,18,82,102,1.2156862745098038,0.04542226432881113,678,This looked a lot easier on Instagram.
2516,1688,3,16,83,102,1.2156862745098038,0.04751125295676055,678,We need to sit farther apart next time we go to The Open.
2947,1688,3,16,83,102,1.2156862745098038,0.04751125295676055,678,"Please stop singing, ""I love you a bushel and a peck and a hug around the neck""."
2942,1688,3,16,83,102,1.2156862745098038,0.04751125295676055,678,I win.
2935,1688,2,18,82,102,1.2156862745098038,0.04542226432881113,678,I still don’t see how this is going to work
2871,1688,2,18,82,102,1.2156862745098038,0.04542226432881113,678,Talk about a tangled relationship...
2861,1688,2,18,82,102,1.2156862745098038,0.04542226432881113,678,Pivot!
2746,1688,4,14,84,102,1.2156862745098038,0.049512182523962604,678,"Honey, you’ve never been good with directions."
2710,1688,3,16,83,102,1.2156862745098038,0.04751125295676055,678,"I meant your left, Gerald!"
2685,1688,5,12,85,102,1.2156862745098038,0.05143533103860699,678,And in conclusion... I quote our first President: Avoid foreign entanglements.
2613,1688,6,10,86,102,1.2156862745098038,0.0532891202762439,678,I step left you step right : Step StepStep NOOO your other right IDIOT!!
3588,1688,1,20,81,102,1.2156862745098038,0.043232453504184656,678,"I've burped, we can unwind now."
3113,1688,3,16,83,102,1.2156862745098038,0.04751125295676055,678,Necking with you makes me feel so high!
3612,1688,3,16,83,102,1.2156862745098038,0.04751125295676055,678,I said the other left.
4865,1688,2,18,82,102,1.2156862745098038,0.04542226432881113,678,Next time I'm cold just bring me a scarf.
3731,1688,3,16,83,102,1.2156862745098038,0.04751125295676055,678,"Who loves you, baby?"
2482,1688,2,18,82,102,1.2156862745098038,0.04542226432881113,678,"Let's take dance lessons, you said.
It'll be a lot fun."
5311,1688,4,14,84,102,1.2156862745098038,0.049512182523962604,678,Twisted Sister--one band reënactment done. Who's Next!
5250,1688,4,14,84,102,1.2156862745098038,0.049512182523962604,678,I think we should consider conscious uncoupling.
5169,1688,1,20,81,102,1.2156862745098038,0.043232453504184656,678,I'm all twisted up in your game.
5047,1688,3,16,83,102,1.2156862745098038,0.04751125295676055,678,Whee!!!  'Righty-tighty was fun.  Now let's try 'lefty-loosy'.
5044,1688,3,16,83,102,1.2156862745098038,0.04751125295676055,678,I hope you’re not getting my sore throat.
4987,1688,3,16,83,102,1.2156862745098038,0.04751125295676055,678,"Let's face it, we'll never see eye to eye."
4926,1688,5,12,85,102,1.2156862745098038,0.05143533103860699,678,Counterclockwise my dear. We're in the southern hemisphere.
4885,1688,2,18,82,102,1.2156862745098038,0.04542226432881113,678,"No, no!  To the right, to the right!"
4735,1688,4,14,84,102,1.2156862745098038,0.049512182523962604,678,So when do we take off our clothes?
4533,1688,5,12,85,102,1.2156862745098038,0.05143533103860699,678,"OK, let's try it again.  Look left!"
4446,1688,5,12,85,102,1.2156862745098038,0.05143533103860699,678,You are pain in the neck!
4407,1688,3,16,83,102,1.2156862745098038,0.04751125295676055,678,Let’s pretend this never happened.
4276,1688,4,14,84,102,1.2156862745098038,0.049512182523962604,678,Our parents warned us about necking.
4150,1688,4,14,84,102,1.2156862745098038,0.049512182523962604,678,It’s a fine mess you got us in now Ollie”
4117,1688,5,12,85,102,1.2156862745098038,0.05143533103860699,678,I'm just now realizing why people get a divorce.
4098,1688,2,18,82,102,1.2156862745098038,0.04542226432881113,678,We're bonding.
3904,1688,5,12,85,102,1.2156862745098038,0.05143533103860699,678,"OK, that's knot funny."
3819,1688,4,14,84,102,1.2156862745098038,0.049512182523962604,678,Last time I go birdwatching with you!
3735,1688,3,16,83,102,1.2156862745098038,0.04751125295676055,678,Let´s brexit!
3734,1688,1,20,81,102,1.2156862745098038,0.043232453504184656,678,Twister! Great fun for the entire family!
3614,1688,2,18,82,102,1.2156862745098038,0.04542226432881113,678,"Nah, this isn't how we did it last summer."
2457,1688,3,16,83,102,1.2156862745098038,0.04751125295676055,678,"So, ""Twister For Giraffes"" is a non-starter, then?"
163,1688,2,18,82,102,1.2156862745098038,0.04542226432881113,678,It must be counter-clockwise in the Southern Hemisphere.
2411,1688,5,12,85,102,1.2156862745098038,0.05143533103860699,678,"No, I said ""right"" to mean that you were correct when you said ""left."""
888,1688,4,14,84,102,1.2156862745098038,0.049512182523962604,678,"We're stuck in a loop""
""You can say that again""
""We're stuck in a loop""
""You can say that again""
""We're stuck in a loop""
""You can say that again"
874,1688,2,18,82,102,1.2156862745098038,0.04542226432881113,678,"Swallow, I dare you."
848,1688,5,12,85,102,1.2156862745098038,0.05143533103860699,678,This time you go first.
683,1688,2,18,82,102,1.2156862745098038,0.04542226432881113,678,I guess we carried necking a little too far.
657,1688,3,16,83,102,1.2156862745098038,0.04751125295676055,678,I'm still wrapping my head around what you just said.
575,1688,4,14,84,102,1.2156862745098038,0.049512182523962604,678,Love hurts.
553,1688,3,16,83,102,1.2156862745098038,0.04751125295676055,678,I think we need to break up.
486,1688,3,16,83,102,1.2156862745098038,0.04751125295676055,678,Let's admit it...it's a bit of a twisted relationship.
446,1688,3,16,83,102,1.2156862745098038,0.04751125295676055,678,This relationship is twisted!
324,1688,4,14,84,102,1.2156862745098038,0.049512182523962604,678,"No,  you go first"
265,1688,2,18,82,102,1.2156862745098038,0.04542226432881113,678,"Honey, I really won't think you love me any less if you go first!"
252,1688,3,16,83,102,1.2156862745098038,0.04751125295676055,678,When your children “take care” of the animals.
222,1688,3,16,83,102,1.2156862745098038,0.04751125295676055,678,Well that escalated quickly!
217,1688,3,16,83,102,1.2156862745098038,0.04751125295676055,678,Does insurance cover this?
213,1688,3,16,83,102,1.2156862745098038,0.04751125295676055,678,If this is your idea of foreplay I want no part of it
2445,1688,3,16,83,102,1.2156862745098038,0.04751125295676055,678,"Wrong again! Noah said Giraffe, not Gyraffe!"
142,1688,5,12,85,102,1.2156862745098038,0.05143533103860699,678,Call the otolaryngologist
110,1688,3,16,83,102,1.2156862745098038,0.04751125295676055,678,"If we didn't have digital clocks, we could get out of this by turning counter clockwise."
107,1688,3,16,83,102,1.2156862745098038,0.04751125295676055,678,Whose rump is this?
102,1688,3,16,83,102,1.2156862745098038,0.04751125295676055,678,"Can you tell,is she looking?"
36,1688,3,16,83,102,1.2156862745098038,0.04751125295676055,678,Surely there's an easier way to be an Internet meme?
947,1688,3,16,83,102,1.2156862745098038,0.04751125295676055,678,"I love you too, but I need a little space to breath."
1080,1688,1,20,81,102,1.2156862745098038,0.043232453504184656,678,The giraffe tango had much more elaborate spins.
1020,1688,2,18,82,102,1.2156862745098038,0.04542226432881113,678,Did you hear that? I think my parents are home!
1976,1688,4,14,84,102,1.2156862745098038,0.049512182523962604,678,"No, no, no... over here!"
2318,1688,4,14,84,102,1.2156862745098038,0.049512182523962604,678,My mother thinks we're too wrapped up in each other.
2187,1688,3,16,83,102,1.2156862745098038,0.04751125295676055,678,"Honestly, I'm really not at all that kinky."
2113,1688,4,14,84,102,1.2156862745098038,0.049512182523962604,678,"Now how do we open the wine, again?"
2095,1688,4,14,84,102,1.2156862745098038,0.049512182523962604,678,Lesson of the Day #239: Sex Ed is important.
2062,1688,4,14,84,102,1.2156862745098038,0.049512182523962604,678,These disguises are GREAT! I don’t think anyone will know we’re snakes!
2019,1688,4,14,84,102,1.2156862745098038,0.049512182523962604,678,"We are taking this togetherness thing a bit far, don’t you think?"
2013,1688,6,10,86,102,1.2156862745098038,0.0532891202762439,678,Cha cha cha.
1125,1688,5,12,85,102,1.2156862745098038,0.05143533103860699,678,Uh -o  here come the rents
1889,1688,3,16,83,102,1.2156862745098038,0.04751125295676055,678,"How do we unwind, I don’t know are we in the Northern or Southern Hemisphere?”"
2353,1688,5,12,85,102,1.2156862745098038,0.05143533103860699,678,What did the president say?
1884,1688,4,14,84,102,1.2156862745098038,0.049512182523962604,678,"When I say look, instead of saying ""Where?"" just look next time!"
1775,1688,5,12,85,102,1.2156862745098038,0.05143533103860699,678,Necking taken to new heights
1712,1688,5,12,85,102,1.2156862745098038,0.05143533103860699,678,"No offense, but I find you too clingy."
1647,1688,4,14,84,102,1.2156862745098038,0.049512182523962604,678,I don't think this helix is how genes are mixed.
1613,1688,3,16,83,102,1.2156862745098038,0.04751125295676055,678,Let’s rethink huggable
1537,1688,2,18,82,102,1.2156862745098038,0.04542226432881113,678,That’s it. I’m driving you home. Where’d you park
1515,1688,3,16,83,102,1.2156862745098038,0.04751125295676055,678,This is what I get for trying to help you tie a Windsor knot?
1505,1688,5,12,85,102,1.2156862745098038,0.05143533103860699,678,I just realized; This is what our children's DNA is going to look like.
1485,1688,3,16,83,102,1.2156862745098038,0.04751125295676055,678,"No, I'm getting the Head of Household deduction this year!"
1178,1688,4,14,84,102,1.2156862745098038,0.049512182523962604,678,It said in Cosmo that we should maintain eye contact.
1813,1688,2,18,82,102,1.2156862745098038,0.04542226432881113,678,Necking.  Overrated.
2385,1688,3,16,83,102,1.2156862745098038,0.04751125295676055,678,Well...our vacation has taken an interesting twist!
4029,1785,5,10,78,93,1.2150537634408602,0.05480524054512337,678,Twisted love affair.
2597,1786,4,13,82,99,1.2121212121212122,0.050298485015680724,678,"George, are you sure you got the right Kama Sutra?"
4734,1786,2,17,80,99,1.2121212121212122,0.046017947241275524,678,Are you sure this is what these are supposed to be used for?
2543,1786,2,17,80,99,1.2121212121212122,0.046017947241275524,678,I don't care what they told you in yoga class. This is definitely not downward dog.
576,1786,5,11,83,99,1.2121212121212122,0.05230755832724922,678,Trump asks “How do I untangle the mess I created”.
1103,1786,3,15,81,99,1.2121212121212122,0.048205752059134375,678,"Please, can we just doggy style next time?"
2148,1791,2,17,81,100,1.21,0.045604802157206865,678,It's not that I'm not interested...
62,1791,1,19,80,100,1.21,0.043333333333333335,678,Let's just call it a neck tie...
320,1791,2,17,81,100,1.21,0.045604802157206865,678,I'm just not that into you.
610,1791,4,13,83,100,1.21,0.049838121792844324,678,"Oh man, not again..."
1208,1791,3,15,82,100,1.21,0.047768380565162374,678,"Baby, I call it my ""Double Helix"" move."
1243,1791,4,13,83,100,1.21,0.049838121792844324,678,That’s the last time we try to hug it out.
2118,1791,3,15,82,100,1.21,0.047768380565162374,678,Maybe we need to sleep in separate veldts.
3058,1791,2,17,81,100,1.21,0.045604802157206865,678,I'm uptight?  I think you're the one who needs to unwind.
3869,1791,2,17,81,100,1.21,0.045604802157206865,678,I think advanced couples Yoga has really improved our flexibility.
3599,1800,4,12,81,97,1.2061855670103092,0.05063629562986725,678,Shirley you are going to have to do something about those abandonment issues.
3520,1800,2,16,79,97,1.2061855670103092,0.0462004455661469,678,Scarf season.
3411,1800,2,16,79,97,1.2061855670103092,0.0462004455661469,678,The competition is really tight. Both contestants currently are neck-in-neck!
3907,1800,4,12,81,97,1.2061855670103092,0.05063629562986725,678,Don’t complain! This yoga thing was your idea!...
3621,1800,1,18,78,97,1.2061855670103092,0.043814432989690705,678,"Whenever I'm with you, I feel this knot in my throat."
3348,1800,3,14,80,97,1.2061855670103092,0.04846914279015989,678,Now I'm sure we have the same DNA.
3356,1800,2,16,79,97,1.2061855670103092,0.0462004455661469,678,OK.  Next time we'll just shake hooves.
3622,1800,2,16,79,97,1.2061855670103092,0.0462004455661469,678,"I hate it when predators run around us,"
3806,1800,2,16,79,97,1.2061855670103092,0.0462004455661469,678,"I said scratch to the left and down. No. You’re other left, dummy!"
3684,1800,3,14,80,97,1.2061855670103092,0.04846914279015989,678,Let’s try to wrap our heads around this.
3736,1800,3,14,80,97,1.2061855670103092,0.04846914279015989,678,I 'm not the least bit aroused. We must be doing it wrong.
3759,1800,3,14,80,97,1.2061855670103092,0.04846914279015989,678,Necking takes on a whole new dimension.
3266,1800,2,16,79,97,1.2061855670103092,0.0462004455661469,678,Uh. About last night...
3817,1800,4,12,81,97,1.2061855670103092,0.05063629562986725,678,Giraffes necking
3844,1800,1,18,78,97,1.2061855670103092,0.043814432989690705,678,I'm pretty sure this isn't a Windsor Knot.
3855,1800,5,10,82,97,1.2061855670103092,0.052714429404269555,678,My Mother told me necking could get me in trouble!
3863,1800,1,18,78,97,1.2061855670103092,0.043814432989690705,678,The snakes are jealous.
3673,1800,1,18,78,97,1.2061855670103092,0.043814432989690705,678,"Now, the lions won’t know who to eat!"
3183,1800,3,14,80,97,1.2061855670103092,0.04846914279015989,678,"Do you see the lion? No, do you?"
2963,1800,2,16,79,97,1.2061855670103092,0.0462004455661469,678,Don't panic
3147,1800,3,14,80,97,1.2061855670103092,0.04846914279015989,678,I hate these tributes to Crick and Watson.
2471,1800,1,18,78,97,1.2061855670103092,0.043814432989690705,678,"Don’t you think that  co-dependency workshop was worth every dime, honey?"
2483,1800,4,12,81,97,1.2061855670103092,0.05063629562986725,678,They were right about  “speed necking” being dangerous.
2523,1800,1,18,78,97,1.2061855670103092,0.043814432989690705,678,Who's taller? It appears the contenders are neck and neck.
2526,1800,3,14,80,97,1.2061855670103092,0.04846914279015989,678,We have to practice to look good at the wedding.
2535,1800,4,12,81,97,1.2061855670103092,0.05063629562986725,678,"It's interesting, but I just don't think we will be embraced by the medical community."
2463,1800,3,14,80,97,1.2061855670103092,0.04846914279015989,678,Necking as Extreme Sport
2621,1800,3,14,80,97,1.2061855670103092,0.04846914279015989,678,"I hate to say it, but this just doesn't feel like micro-evolution."
3149,1800,3,14,80,97,1.2061855670103092,0.04846914279015989,678,Left ear on yellow.
2650,1800,4,12,81,97,1.2061855670103092,0.05063629562986725,678,There’s a spot on your butt.
2684,1800,3,14,80,97,1.2061855670103092,0.04846914279015989,678,I thought YOU brought the champagne.
2723,1800,3,14,80,97,1.2061855670103092,0.04846914279015989,678,My chiropractor bill is gonna be through the roof.
2799,1800,4,12,81,97,1.2061855670103092,0.05063629562986725,678,Now gargle.
2842,1800,5,10,82,97,1.2061855670103092,0.052714429404269555,678,"I told you confronting those hyena bullies was a bad idea, David. I'm done sticking my neck out for you."
2944,1800,2,16,79,97,1.2061855670103092,0.0462004455661469,678,Remember that conversation we had about being too clingly?
3050,1800,3,14,80,97,1.2061855670103092,0.04846914279015989,678,"I,m   pretty sure my mother won't allow us to live together."""
3111,1800,1,18,78,97,1.2061855670103092,0.043814432989690705,678,"This time you go left.  No, the OTHER left!"
2656,1800,1,18,78,97,1.2061855670103092,0.043814432989690705,678,STRAIGHTEN OUT
3924,1800,2,16,79,97,1.2061855670103092,0.0462004455661469,678,"Okay, on the count of three..."
4901,1800,5,10,82,97,1.2061855670103092,0.052714429404269555,678,Do you have the detangler?
4018,1800,3,14,80,97,1.2061855670103092,0.04846914279015989,678,"The sex IS good, Brandon. When I say I’m tired of all the kink, I’m talking about my chiropractor bill."
4756,1800,2,16,79,97,1.2061855670103092,0.0462004455661469,678,"ah,marriage...a simple twist of  fate."
4759,1800,2,16,79,97,1.2061855670103092,0.0462004455661469,678,I could go for a pretzel right now
4762,1800,3,14,80,97,1.2061855670103092,0.04846914279015989,678,You sure got a twisted view of the world
4838,1800,5,10,82,97,1.2061855670103092,0.052714429404269555,678,"Of course I like foreplay, but this is giving me a headache."
4848,1800,2,16,79,97,1.2061855670103092,0.0462004455661469,678,This was easier for the snakes.
4897,1800,2,16,79,97,1.2061855670103092,0.0462004455661469,678,"This is not what I meant when I said 
‘Tie me up’."
2389,1800,2,16,79,97,1.2061855670103092,0.0462004455661469,678,I’m not sure now if I’m republican or Democrat.
4902,1800,3,14,80,97,1.2061855670103092,0.04846914279015989,678,"Okay, who picked ‘caduceus’ for charades?"
4903,1800,2,16,79,97,1.2061855670103092,0.0462004455661469,678,Let's learn the Tango you said...it'll be fun you said.
5041,1800,4,12,81,97,1.2061855670103092,0.05063629562986725,678,Gerry and Raffie demonstrate the giraffe Heimlich maneuver.
5042,1800,3,14,80,97,1.2061855670103092,0.04846914279015989,678,And I call this move The Gir-wrap.
5135,1800,3,14,80,97,1.2061855670103092,0.04846914279015989,678,"Well, how are we supposed to fight now?"
5220,1800,2,16,79,97,1.2061855670103092,0.0462004455661469,678,Okay I'll neck but that's as far as we go!
5267,1800,1,18,78,97,1.2061855670103092,0.043814432989690705,678,I thought Kama Sutra was supposed to be sexy.
5302,1800,3,14,80,97,1.2061855670103092,0.04846914279015989,678,Lamarck would say we brought this upon ourselves.
5308,1800,3,14,80,97,1.2061855670103092,0.04846914279015989,678,"Next time, I'm seeing a chiropractor."
5382,1800,4,12,81,97,1.2061855670103092,0.05063629562986725,678,This is what happens when you insert a joke into a DNA sequence!
4732,1800,4,12,81,97,1.2061855670103092,0.05063629562986725,678,"This gives new meaning to ""Twisted Sister."""
4667,1800,2,16,79,97,1.2061855670103092,0.0462004455661469,678,"Next time, let's play Twister instead."
4644,1800,5,10,82,97,1.2061855670103092,0.052714429404269555,678,"Wow, what a dust devil!"
4584,1800,3,14,80,97,1.2061855670103092,0.04846914279015989,678,"Undoing a twisted relationship is a lengthy journey."""
4031,1800,2,16,79,97,1.2061855670103092,0.0462004455661469,678,Maybe he meant something else when he suggested we get twisted tonight.
4052,1800,3,14,80,97,1.2061855670103092,0.04846914279015989,678,The more I think about giraffe combat the less  like it.
4069,1800,2,16,79,97,1.2061855670103092,0.0462004455661469,678,Did you see that drone!
4094,1800,3,14,80,97,1.2061855670103092,0.04846914279015989,678,I've heard of romantic entanglement; I've heard of quantum entanglement - but this relationship really puts a new twist on things.
4157,1800,2,16,79,97,1.2061855670103092,0.0462004455661469,678,I'm afraid the neighbors think we're twisted.
4163,1800,3,14,80,97,1.2061855670103092,0.04846914279015989,678,Schrödinger’s giraffes
4178,1800,2,16,79,97,1.2061855670103092,0.0462004455661469,678,"I've had it, Gerald. You're just not that sexy, and it's time you stopped pretending to be a boa constrictor."
4180,1800,2,16,79,97,1.2061855670103092,0.0462004455661469,678,"The downside, Francis, is that I've got a crick in my neck.  The upside is that I think I've discovered DNA."
3971,1800,1,18,78,97,1.2061855670103092,0.043814432989690705,678,"You go first."" No, no, you go first."
4201,1800,5,10,82,97,1.2061855670103092,0.052714429404269555,678,What are we going to tell our parents?
4226,1800,1,18,78,97,1.2061855670103092,0.043814432989690705,678,Oh what tangled lives we lead!
4258,1800,2,16,79,97,1.2061855670103092,0.0462004455661469,678,Stop being a pain in the neck!
4298,1800,5,10,82,97,1.2061855670103092,0.052714429404269555,678,"Hermes,caduhelpus?"
4309,1800,1,18,78,97,1.2061855670103092,0.043814432989690705,678,Now you know why l was suspicious of couple therapy..
4358,1800,2,16,79,97,1.2061855670103092,0.0462004455661469,678,"Of course, I love you, but isn't one hug enough?"
4494,1800,3,14,80,97,1.2061855670103092,0.04846914279015989,678,We have to quit meeting this way.
4496,1800,0,20,77,97,1.2061855670103092,0.041290772648446425,678,My psychiatrist says I may suffer from slight separation anxiety.
4501,1800,2,16,79,97,1.2061855670103092,0.0462004455661469,678,This is the last time we play with magnets!
4212,1800,3,14,80,97,1.2061855670103092,0.04846914279015989,678,I forgot the champagne
2369,1800,1,18,78,97,1.2061855670103092,0.043814432989690705,678,I said go right!
2610,1800,4,12,81,97,1.2061855670103092,0.05063629562986725,678,I'm not quite sure which head is mine.
2351,1800,3,14,80,97,1.2061855670103092,0.04846914279015989,678,"Ok - keep scanning the horizon for predators, but now do it counter clockwise."
668,1800,5,10,82,97,1.2061855670103092,0.052714429404269555,678,The elephants made it look sexy and
694,1800,4,12,81,97,1.2061855670103092,0.05063629562986725,678,This is what a chromosome looks like.
729,1800,2,16,79,97,1.2061855670103092,0.0462004455661469,678,#Really?
820,1800,3,14,80,97,1.2061855670103092,0.04846914279015989,678,"Let's NOT play ""count the dots"" again!"
832,1800,3,14,80,97,1.2061855670103092,0.04846914279015989,678,"Petting I get, but necking?"
852,1800,2,16,79,97,1.2061855670103092,0.0462004455661469,678,The next step is petting.
855,1800,2,16,79,97,1.2061855670103092,0.0462004455661469,678,Well... This is awkward...
897,1800,3,14,80,97,1.2061855670103092,0.04846914279015989,678,It's in the DNA.
917,1800,3,14,80,97,1.2061855670103092,0.04846914279015989,678,"I swear, it was Brad Pitt. Did you see which way he went?""
""No, I didn't. Did you?"
927,1800,3,14,80,97,1.2061855670103092,0.04846914279015989,678,Does this mean we're engaged?
936,1800,3,14,80,97,1.2061855670103092,0.04846914279015989,678,"I told you the tango is tougher than it looks."""
982,1800,2,16,79,97,1.2061855670103092,0.0462004455661469,678,"I told you, I have four left feet."
1000,1800,3,14,80,97,1.2061855670103092,0.04846914279015989,678,Now I know what it means to be neck in neck.
1073,1800,3,14,80,97,1.2061855670103092,0.04846914279015989,678,I used to dance easier with my ex-.
1085,1800,2,16,79,97,1.2061855670103092,0.0462004455661469,678,I hate when I'm speaking you twist my words.
1094,1800,2,16,79,97,1.2061855670103092,0.0462004455661469,678,Can't we have sex like other giraffes?
1137,1800,2,16,79,97,1.2061855670103092,0.0462004455661469,678,"Let's face it, Howard. This relationship's gotten too twisted to continue."
658,1800,4,12,81,97,1.2061855670103092,0.05063629562986725,678,"Oh, yeah? Well, reticulate this!"
1145,1800,4,12,81,97,1.2061855670103092,0.05063629562986725,678,Where did that damn fly go?
587,1800,3,14,80,97,1.2061855670103092,0.04846914279015989,678,"""Not yet, but maybe if you clean my ear with your tongue."""
548,1800,2,16,79,97,1.2061855670103092,0.0462004455661469,678,I think it may be possible to have too much togetherness.
2368,1800,5,10,82,97,1.2061855670103092,0.052714429404269555,678,We just connected the dots.
1,1800,7,6,84,97,1.2061855670103092,0.056642425195453365,678,"I'm telling you bro, there's absolutely no way we can do this with our dicks."
49,1800,1,18,78,97,1.2061855670103092,0.043814432989690705,678,We are so screwed.
51,1800,4,12,81,97,1.2061855670103092,0.05063629562986725,678,"...and now, we wait."
58,1800,2,16,79,97,1.2061855670103092,0.0462004455661469,678,Perhaps we were not meant to be on Dancing with the Stars.
126,1800,4,12,81,97,1.2061855670103092,0.05063629562986725,678,"Is this how this goes? Sorry...it's my first time."""
130,1800,2,16,79,97,1.2061855670103092,0.0462004455661469,678,"Say 'uncle'!"""
133,1800,3,14,80,97,1.2061855670103092,0.04846914279015989,678,My mother always warned me about necking on the first date.
203,1800,3,14,80,97,1.2061855670103092,0.04846914279015989,678,"Still looking for the right spot, Harold?"
228,1800,3,14,80,97,1.2061855670103092,0.04846914279015989,678,I heard You were twisted.
276,1800,5,10,82,97,1.2061855670103092,0.052714429404269555,678,"Like they say, “It takes two to t̶a̶n̶g̶o̶  tangle.”"
341,1800,3,14,80,97,1.2061855670103092,0.04846914279015989,678,"At this rate, we'll never get to second base."
371,1800,4,12,81,97,1.2061855670103092,0.05063629562986725,678,"It takes two to tango, and it takes two to untangle."
405,1800,3,14,80,97,1.2061855670103092,0.04846914279015989,678,It's Lamarck's fault.
480,1800,2,16,79,97,1.2061855670103092,0.0462004455661469,678,Sorry.  Thought you were someone else
504,1800,4,12,81,97,1.2061855670103092,0.05063629562986725,678,"Next time, look where you're going."
545,1800,6,8,83,97,1.2061855670103092,0.054713688412682655,678,"No matter how we spin this, I feel we're not made for each other."
570,1800,4,12,81,97,1.2061855670103092,0.05063629562986725,678,So ... now do we shout?
1147,1800,2,16,79,97,1.2061855670103092,0.0462004455661469,678,Not what I had in mind when you said you were making me a necklace.
288,1800,1,18,78,97,1.2061855670103092,0.043814432989690705,678,This doesn't feel like camouflage.
1230,1800,2,16,79,97,1.2061855670103092,0.0462004455661469,678,Twist to your left or my left?
1743,1800,3,14,80,97,1.2061855670103092,0.04846914279015989,678,"Hey, I can see my house from here!"
1787,1800,4,12,81,97,1.2061855670103092,0.05063629562986725,678,This is the danger of a whirlwind romance.
1892,1800,4,12,81,97,1.2061855670103092,0.05063629562986725,678,Twist and what now?
1934,1800,0,20,77,97,1.2061855670103092,0.041290772648446425,678,"So tell me again, what aspect about doing it ""snakey style"" appeals to you?"
2014,1800,2,16,79,97,1.2061855670103092,0.0462004455661469,678,Wow!  That was quite a hiccup!  Try sneezing to see if we can unwind.
2040,1800,2,16,79,97,1.2061855670103092,0.0462004455661469,678,"No, I think it should be knit two, purl three."
2067,1800,4,12,81,97,1.2061855670103092,0.05063629562986725,678,"Look on the bright side, now we can go as a Chinese finger trap for Halloween"
2144,1800,3,14,80,97,1.2061855670103092,0.04846914279015989,678,I think we should relax and unwind.
2201,1800,5,10,82,97,1.2061855670103092,0.052714429404269555,678,"Ready or not, here I come!"
2259,1800,4,12,81,97,1.2061855670103092,0.05063629562986725,678,I think you're still in love with that Ficus Tree.
2262,1800,2,16,79,97,1.2061855670103092,0.0462004455661469,678,That gives the word 'necking' a whole new twist!
2264,1800,4,12,81,97,1.2061855670103092,0.05063629562986725,678,"When I say we should tie the knot,I didn't mean it literally..."
2287,1800,4,12,81,97,1.2061855670103092,0.05063629562986725,678,You could say we're co-dependent
2320,1800,4,12,81,97,1.2061855670103092,0.05063629562986725,678,Giraffical interface.
2323,1800,1,18,78,97,1.2061855670103092,0.043814432989690705,678,Happy Challah-Day
2343,1800,4,12,81,97,1.2061855670103092,0.05063629562986725,678,No — to YOUR left.
1183,1800,2,16,79,97,1.2061855670103092,0.0462004455661469,678,Maybe next time you’ll listen to me.
1698,1800,4,12,81,97,1.2061855670103092,0.05063629562986725,678,Giraffe foreplay nearly led to their extinction
1661,1800,3,14,80,97,1.2061855670103092,0.04846914279015989,678,Everyone thinks having a long neck is sooooo awesome!
2106,1800,4,12,81,97,1.2061855670103092,0.05063629562986725,678,It's a tornado! Climate change is real!
1645,1800,4,12,81,97,1.2061855670103092,0.05063629562986725,678,Next time let's do it with the lights on.
1364,1800,5,10,82,97,1.2061855670103092,0.052714429404269555,678,Now this is necking!
1367,1800,2,16,79,97,1.2061855670103092,0.0462004455661469,678,"Honestly, Dave. I know it’s mating season, but can’t we just skip the necking part?"
1397,1800,4,12,81,97,1.2061855670103092,0.05063629562986725,678,"It's a secret hug, like a secret handshake without the hands."""
1418,1800,2,16,79,97,1.2061855670103092,0.0462004455661469,678,"My mom told me not to get wrapped up with you."""
1427,1800,1,18,78,97,1.2061855670103092,0.043814432989690705,678,"That's the last time we get on the ""Tilt-A-Whirl' at the Carnival!"
1458,1800,2,16,79,97,1.2061855670103092,0.0462004455661469,678,We gotta stop chasing butterflies
1500,1800,4,12,81,97,1.2061855670103092,0.05063629562986725,678,"You know, I was really hoping for sex when I said we should pair our double helixes."
1336,1800,3,14,80,97,1.2061855670103092,0.04846914279015989,678,What would Darwin make of this?
1646,1800,1,18,78,97,1.2061855670103092,0.043814432989690705,678,"It says, right foot yellow."
1260,1800,1,18,78,97,1.2061855670103092,0.043814432989690705,678,No...COUNTER Clockwise....
1524,1800,5,10,82,97,1.2061855670103092,0.052714429404269555,678,You always tend to overcomplicate things.
1563,1800,4,12,81,97,1.2061855670103092,0.05063629562986725,678,"Next time, let's just make out."
1567,1800,4,12,81,97,1.2061855670103092,0.05063629562986725,678,- Just for the record this was your idea. And I feel strongly that there must be easier more dignified way to get into cartoon.
1611,1800,5,10,82,97,1.2061855670103092,0.052714429404269555,678,And this concludes our presentation on how Crick and Watson discovered DNA.
1623,1800,5,10,82,97,1.2061855670103092,0.052714429404269555,678,"Remember: It’s lefty-loosey, righty-righty."
1639,1800,3,14,80,97,1.2061855670103092,0.04846914279015989,678,"And in a few months, we'll know for sure if this makes a baby."
1522,1800,2,16,79,97,1.2061855670103092,0.0462004455661469,678,"Honey, you wanted to try a new position."
1324,1800,2,16,79,97,1.2061855670103092,0.0462004455661469,678,We were bound to find each other?
4980,1965,6,9,87,102,1.2058823529411764,0.052759670739643105,678,We should stick with the missionary.
4991,1966,4,11,79,94,1.202127659574468,0.05147067771448707,678,It’s times like this when I can see why we’re going extinct!
3070,1966,3,13,78,94,1.202127659574468,0.04919806972822639,678,"Honey, your Spiralizing has gone too far!"
3452,1966,3,13,78,94,1.202127659574468,0.04919806972822639,678,"I sware, it flew in my ear, do you see it?"
3518,1966,3,13,78,94,1.202127659574468,0.04919806972822639,678,I told you our relationship was getting twisted!
3636,1966,1,17,76,94,1.202127659574468,0.04430450164682011,678,Is your neck warm enough now?
3847,1966,3,13,78,94,1.202127659574468,0.04919806972822639,678,I told you going to Yoga was a bad idea!
3922,1966,3,13,78,94,1.202127659574468,0.04919806972822639,678,Necking in your parents' backyard sounded more rebellious than this.
4256,1966,2,15,77,94,1.202127659574468,0.046815269577118276,678,I dunno. What do snakes do next?
4588,1966,0,19,75,94,1.202127659574468,0.04164262559887302,678,There has to be a better way
4609,1966,3,13,78,94,1.202127659574468,0.04919806972822639,678,"If you had wrapped counterclockwise, we could have kissed."
5085,1966,2,15,77,94,1.202127659574468,0.046815269577118276,678,Is this your idea of 'spooning'?
4697,1966,3,13,78,94,1.202127659574468,0.04919806972822639,678,I just don’t see the appeal of “necking.”
4748,1966,4,11,79,94,1.202127659574468,0.05147067771448707,678,There must be  an easier way to neck
4754,1966,2,15,77,94,1.202127659574468,0.046815269577118276,678,My therapist said this would help us with our intimacy issues.
4904,1966,5,9,80,94,1.202127659574468,0.05364709930456415,678,Any idea why they decided to call you Watson and me Crick?
4921,1966,2,15,77,94,1.202127659574468,0.046815269577118276,678,"I love you, too, but I don't think this is what they mean by necking."
4925,1966,4,11,79,94,1.202127659574468,0.05147067771448707,678,"I guess you can't lend a hand either"""
4976,1966,3,13,78,94,1.202127659574468,0.04919806972822639,678,Who knew that do-si-do could be so complicated?
2783,1966,2,15,77,94,1.202127659574468,0.046815269577118276,678,Till death do us part. Seriously.
2758,1966,3,13,78,94,1.202127659574468,0.04919806972822639,678,"So much for my ""Irish Goodbye""."
1081,1966,3,13,78,94,1.202127659574468,0.04919806972822639,678,Lefty loosey.
2544,1966,2,15,77,94,1.202127659574468,0.046815269577118276,678,Ok Bibi it is a tie again! One more round ?
2657,1966,3,13,78,94,1.202127659574468,0.04919806972822639,678,How am I going to explain this to my wife?
248,1966,3,13,78,94,1.202127659574468,0.04919806972822639,678,Maybe we should skip the necking and go straight to the spooning.
289,1966,4,11,79,94,1.202127659574468,0.05147067771448707,678,You're just as twisted as I am - this is gonna be GREAT!
466,1966,2,15,77,94,1.202127659574468,0.046815269577118276,678,"Finally, we're neck-and-neck!"
490,1966,2,15,77,94,1.202127659574468,0.046815269577118276,678,Maybe we just weren't made for heavy petting.
737,1966,4,11,79,94,1.202127659574468,0.05147067771448707,678,This is really tight. Shouldn’t we have a safe word?
867,1966,4,11,79,94,1.202127659574468,0.05147067771448707,678,I meant STAGE right!
1075,1966,2,15,77,94,1.202127659574468,0.046815269577118276,678,"Sorry, but I don't think I like necking with you after all."
612,1966,4,11,79,94,1.202127659574468,0.05147067771448707,678,Why did we do this?! I'm yelling at you and I can't even see you!
1457,1966,4,11,79,94,1.202127659574468,0.05147067771448707,678,We should call this making out.
1335,1966,3,13,78,94,1.202127659574468,0.04919806972822639,678,The giraffe on the right always has the right of way
2238,1966,4,11,79,94,1.202127659574468,0.05147067771448707,678,I said look to your LEFT.
2125,1966,3,13,78,94,1.202127659574468,0.04919806972822639,678,"OK, no more kinky Kama Sutra books for you."
2077,1966,3,13,78,94,1.202127659574468,0.04919806972822639,678,"I just don’t get the “good Ole Days”, why did our grandparents think this necking this was so awesome ?"
2413,1966,2,15,77,94,1.202127659574468,0.046815269577118276,678,You got this!
1664,1966,2,15,77,94,1.202127659574468,0.046815269577118276,678,Whose legs can't you feel?
1514,1966,2,15,77,94,1.202127659574468,0.046815269577118276,678,Mom warned me about necking with other giraffes.
1742,1966,0,19,75,94,1.202127659574468,0.04164262559887302,678,Now I understand  what Washington meant when he discouraged “entangling alliances.”
3662,2006,2,15,78,95,1.2,0.04636869624047491,678,Love giraffe style...
3934,2006,4,11,80,95,1.2,0.0509704259596523,678,NO..Go left. LEFT.. The OTHER Left
3905,2006,2,10,58,70,1.2,0.056098109857700425,678,"Everyone told me you could be a pain in the neck, but I didn’t believe them."
5329,2006,2,15,78,95,1.2,0.04636869624047491,678,Didn't your dad say he'd kill me if he caught us necking?
3846,2006,3,13,79,95,1.2,0.04872391770757884,678,I guess people will have to start saying were attached at the neck instead of the hip now.
3799,2006,2,15,78,95,1.2,0.04636869624047491,678,Great Moments in Science:  Watson and Crick visit the wildlife park.
3730,2006,5,9,81,95,1.2,0.053122015099597644,678,Is this or is this knot the necks big thing ?
3626,2006,1,17,77,95,1.2,0.043887262677318455,678,When did you get AirPods?
3944,2006,4,11,80,95,1.2,0.0509704259596523,678,"Where? There. Here? No, there! Where?"
3551,2006,5,9,81,95,1.2,0.053122015099597644,678,"In our search for love, it's a wrap!"
3540,2006,2,15,78,95,1.2,0.04636869624047491,678,"If this is love, I'm ready to unwind."
3511,2006,4,11,80,95,1.2,0.0509704259596523,678,"Gerry, we’re not in the Ark anymore"
3413,2006,4,11,80,95,1.2,0.0509704259596523,678,When I go low you go high.
3397,2006,3,13,79,95,1.2,0.04872391770757884,678,OK.  Let's try a different position.
3381,2006,3,13,79,95,1.2,0.04872391770757884,678,"On second thought, maybe Twister isn't a great party game."
3160,2006,1,17,77,95,1.2,0.043887262677318455,678,Dammit - I've forgotten which body is mine again !
3117,2006,3,13,79,95,1.2,0.04872391770757884,678,I thought you had the champagne flutes!
3594,2006,2,15,78,95,1.2,0.04636869624047491,678,Maybe you're supposed to move your feet when you dance.
3977,2006,2,15,78,95,1.2,0.04636869624047491,678,I've never felt such a connection after necking before!
3038,2006,2,15,78,95,1.2,0.04636869624047491,678,"I don't know about you, but I'm choked up."
3986,2006,1,17,77,95,1.2,0.043887262677318455,678,"So, this is necking?  Might as well feed me to the lions."
5259,2006,3,13,79,95,1.2,0.04872391770757884,678,"'Let's do the twist.'  It was an oldie, now it's a tall tale!"
5133,2006,2,15,78,95,1.2,0.04636869624047491,678,At least we have each other.
5040,2006,2,15,78,95,1.2,0.04636869624047491,678,It's always neck-and-neck with you.
5027,2006,2,15,78,95,1.2,0.04636869624047491,678,Maybe yoga for couples isn’t for us.
4978,2006,1,17,77,95,1.2,0.043887262677318455,678,Which one is me?
4967,2006,0,19,76,95,1.2,0.04125684985035172,678,Oh baby.  I call this the Twizzler position.
4959,2006,3,13,79,95,1.2,0.04872391770757884,678,I said I wanted French braids.
4836,2006,3,13,79,95,1.2,0.04872391770757884,678,"No, not that clockwise. Try the other clockwise."
4764,2006,3,13,79,95,1.2,0.04872391770757884,678,"I think it’s time we make that appointment, Frank."
4761,2006,3,13,79,95,1.2,0.04872391770757884,678,A giraffe's game of twister.
4741,2006,2,15,78,95,1.2,0.04636869624047491,678,"Hope you don't mind, I forgot my scarf."
4725,2006,1,17,77,95,1.2,0.043887262677318455,678,Not sure the couples-therapy sessions are really that helpful
4636,2006,2,15,78,95,1.2,0.04636869624047491,678,I think we should’ve had a drink first.
4423,2006,3,13,79,95,1.2,0.04872391770757884,678,So that's what they mean by necking!
4215,2006,1,17,77,95,1.2,0.043887262677318455,678,"I told you that Kama Sutra position was 
not as easy to pull off as it seemed."
4203,2006,2,15,78,95,1.2,0.04636869624047491,678,This was supposed to happen at the molecular level.
4080,2006,2,15,78,95,1.2,0.04636869624047491,678,I think I'd like to see someone else.
3982,2006,3,13,79,95,1.2,0.04872391770757884,678,Dancing cheek to cheek is easier said than done.
2911,2006,4,11,80,95,1.2,0.0509704259596523,678,Maybe we do have a problem with boundaries
1452,2006,4,11,80,95,1.2,0.0509704259596523,678,Last time I read the Kama Sutra for Giraffes.”
2630,2006,2,15,78,95,1.2,0.04636869624047491,678,And we thought that hyena chasing its tail looked silly. That's karma for you.
1244,2006,2,15,78,95,1.2,0.04636869624047491,678,Thank God your brother is a chiropractor
1181,2006,2,15,78,95,1.2,0.04636869624047491,678,"Now that should help you understand the basics of DNA. And remember, the DNA double helix always twists to the right."
1166,2006,2,15,78,95,1.2,0.04636869624047491,678,"I don't think this is what ""Tie the knot"": means."
1104,2006,3,13,79,95,1.2,0.04872391770757884,678,This time you walk to the left and I'll walk to the right
929,2006,0,19,76,95,1.2,0.04125684985035172,678,"Ok, I'll go counterclockwise."
902,2006,4,11,80,95,1.2,0.0509704259596523,678,Does our health insurance cover chiropractic?!!
740,2006,4,11,80,95,1.2,0.0509704259596523,678,My therapist says I'm too wrapped up in myself.
1309,2006,3,13,79,95,1.2,0.04872391770757884,678,Not sure this is the way to combine our DNA.
736,2006,1,17,77,95,1.2,0.043887262677318455,678,"You've  got to admit, we've taken necking to a new high"
660,2006,2,15,78,95,1.2,0.04636869624047491,678,"When you suggested we neck, you didn’t say it involved a long term commitment!"
630,2006,1,17,77,95,1.2,0.043887262677318455,678,You’re the one who wouldn’t keep the chiropractor appointment.
567,2006,1,17,77,95,1.2,0.043887262677318455,678,Of course I love you but I feel this is punching a hole in Darwin's theory!
497,2006,3,13,79,95,1.2,0.04872391770757884,678,I've really missed you too.
193,2006,2,15,78,95,1.2,0.04636869624047491,678,Let's see if the Face Id can match our spots now!
101,2006,3,13,79,95,1.2,0.04872391770757884,678,I thought this game came with a mat?
95,2006,2,15,78,95,1.2,0.04636869624047491,678,This 'necking' isn't all it's cracked up to be...
684,2006,4,11,80,95,1.2,0.0509704259596523,678,But I love you the most...
1384,2006,2,15,78,95,1.2,0.04636869624047491,678,I guess we’re in a pre-NECK-ament!
1390,2006,1,17,77,95,1.2,0.043887262677318455,678,"I know you love me, but this is a bit much."
1410,2006,3,13,79,95,1.2,0.04872391770757884,678,Don't you think a store-bought neck warmer would be more practical?
2579,2006,2,15,78,95,1.2,0.04636869624047491,678,But I’m not so sure I’m ready to go steady.
2519,2006,3,13,79,95,1.2,0.04872391770757884,678,Codependency is getting us nowhere.
2377,2006,3,13,79,95,1.2,0.04872391770757884,678,You said this would get rid of my hiccups
2341,2006,5,9,81,95,1.2,0.053122015099597644,678,"This is not what I meant by ""necking"", Burt."
2300,2006,5,9,81,95,1.2,0.053122015099597644,678,"Nope I still have the , hic, hic, cups"
2084,2006,2,15,78,95,1.2,0.04636869624047491,678,"Sorry, I just do not see how necking leads to baby giraffes."
1962,2006,4,11,80,95,1.2,0.0509704259596523,678,Does my butt look fat?
1822,2006,2,15,78,95,1.2,0.04636869624047491,678,I think there's an easier way to teach DNA to the kids.
1815,2006,3,13,79,95,1.2,0.04872391770757884,678,I forgot whose turn it is.
1719,2006,3,13,79,95,1.2,0.04872391770757884,678,That's the last time I tango.
1648,2006,3,13,79,95,1.2,0.04872391770757884,678,So much for looking the other way!
1605,2006,1,17,77,95,1.2,0.043887262677318455,678,I best think we end this entanglement.
1604,2006,3,13,79,95,1.2,0.04872391770757884,678,"My Chiropractor showed me this move.  It's called the corkscrew maneuver"""
1475,2006,3,13,79,95,1.2,0.04872391770757884,678,My mother told me necking might get me in trouble.
1455,2006,4,11,80,95,1.2,0.0509704259596523,678,Intertwined love.
1447,2006,3,13,79,95,1.2,0.04872391770757884,678,My father warned me not to get entangled with you.
1424,2006,4,11,80,95,1.2,0.0509704259596523,678,Never...use...GPS...again.
21,2006,2,15,78,95,1.2,0.04636869624047491,678,"It's called the 'Boa,' but I forget what our legs are supposed to be doing!"
2888,2006,3,13,79,95,1.2,0.04872391770757884,678,Just stay still. Lions don't hunt swans.
2395,2087,1,17,78,96,1.1979166666666667,0.043477640116023786,678,"That's another fine mess you've got us into, Stanley!"
5366,2088,2,14,76,92,1.1956521739130435,0.046980316386280786,678,I can't believe you stuck your neck out like that for me.
3695,2088,3,12,77,92,1.1956521739130435,0.0494574733583754,678,"It’s worth it for the tax benefits, trust me."
3693,2088,2,14,76,92,1.1956521739130435,0.046980316386280786,678,I said right HOOF orange!
3659,2088,2,14,76,92,1.1956521739130435,0.046980316386280786,678,"Let's twist again, twistin' time is here."
3647,2088,1,16,75,92,1.1956521739130435,0.044365060402479714,678,"Later, perhaps?  We’re a bit tied up right now."
3547,2088,2,14,76,92,1.1956521739130435,0.046980316386280786,678,Is it working?
3499,2088,0,18,74,92,1.1956521739130435,0.041585659081903516,678,Maybe we should take a moment to unwind a little
3493,2088,3,12,77,92,1.1956521739130435,0.0494574733583754,678,I think we took a wrong turn.
3832,2088,3,12,77,92,1.1956521739130435,0.0494574733583754,678,Could you help me with my neck-tie?
3389,2088,4,10,78,92,1.1956521739130435,0.0518163411891826,678,"On the Enhanced Fujita scale for wildlife, this twister is an EF-3."
3303,2088,2,14,76,92,1.1956521739130435,0.046980316386280786,678,My mother warned me about the dangers of necking.
3171,2088,1,16,75,92,1.1956521739130435,0.044365060402479714,678,Loosen up.
3170,2088,2,14,76,92,1.1956521739130435,0.046980316386280786,678,YOU wanted togetherness...
3016,2088,2,14,76,92,1.1956521739130435,0.046980316386280786,678,Why doesn’t this happen to other animals?
3007,2088,1,16,75,92,1.1956521739130435,0.044365060402479714,678,"Well, that took a while."
2989,2088,1,16,75,92,1.1956521739130435,0.044365060402479714,678,I just don't think we are meant to be together.
2883,2088,2,14,76,92,1.1956521739130435,0.046980316386280786,678,Is that your head or mine?
3374,2088,1,16,75,92,1.1956521739130435,0.044365060402479714,678,We need dancing lessons.
3859,2088,4,10,78,92,1.1956521739130435,0.0518163411891826,678,This is the first time I’ve kissed on the first-date!
3936,2088,3,12,77,92,1.1956521739130435,0.0494574733583754,678,I sure do miss Obama!
3959,2088,4,10,78,92,1.1956521739130435,0.0518163411891826,678,Any  closer you'd be me
5364,2088,4,10,78,92,1.1956521739130435,0.0518163411891826,678,Are we too codependent?
5270,2088,3,12,77,92,1.1956521739130435,0.0494574733583754,678,Our relationship has been great at every turn.
5266,2088,3,12,77,92,1.1956521739130435,0.0494574733583754,678,I guess that we will be seeing a lot more of each other.
5231,2088,3,12,77,92,1.1956521739130435,0.0494574733583754,678,I think that's my parents car ....quick under the bed!
5194,2088,2,14,76,92,1.1956521739130435,0.046980316386280786,678,French kissing?  When was the last time you saw a giraffe native to France?
4692,2088,0,18,74,92,1.1956521739130435,0.041585659081903516,678,I think we've gotten too attached.
4582,2088,2,14,76,92,1.1956521739130435,0.046980316386280786,678,Now this is a fine mess you’ve got me into!
4511,2088,0,18,74,92,1.1956521739130435,0.041585659081903516,678,"Dude, our secret greeting is getting way out of hand!"
4381,2088,4,10,78,92,1.1956521739130435,0.0518163411891826,678,I swear I was only looking for directions!
4336,2088,1,16,75,92,1.1956521739130435,0.044365060402479714,678,Does this mean we're going steady?
4267,2088,2,14,76,92,1.1956521739130435,0.046980316386280786,678,"When you said you'd like to get closer, this isn't what I thought you meant."
4266,2088,2,14,76,92,1.1956521739130435,0.046980316386280786,678,"""We're necking!""
""And I didn't even have to use Urban Dictionary to figure it out!"""
4179,2088,3,12,77,92,1.1956521739130435,0.0494574733583754,678,"""Hey, no peeping"
4129,2088,2,14,76,92,1.1956521739130435,0.046980316386280786,678,.. until twist do us part.
4038,2088,2,14,76,92,1.1956521739130435,0.046980316386280786,678,Just kiss me.
3994,2088,4,10,78,92,1.1956521739130435,0.0518163411891826,678,"Again, it's lefty loosey, righty tighty."
3987,2088,3,12,77,92,1.1956521739130435,0.0494574733583754,678,Ne me quitte pas!  Don't leave me!
2718,2088,1,16,75,92,1.1956521739130435,0.044365060402479714,678,"And when we finish, say “namaste”"
2638,2088,2,14,76,92,1.1956521739130435,0.046980316386280786,678,"Look, I've had a hard day on the savannah also.  Why don't we have ourselves a shot and just unwind?"
4468,2088,4,10,78,92,1.1956521739130435,0.0518163411891826,678,"You go, no you go, no you."
2581,2088,4,10,78,92,1.1956521739130435,0.0518163411891826,678,We'll be fine. Nobody ever comes out here.
1245,2088,4,10,78,92,1.1956521739130435,0.0518163411891826,678,"I told you... ""Zig don't Zag!"""
1088,2088,5,8,79,92,1.1956521739130435,0.054072402919355736,678,Necking gone wrong.
1058,2088,1,16,75,92,1.1956521739130435,0.044365060402479714,678,"I told him, “George, it’s not going to work! Our necks aren’t long enough!” “Stretch,” he said!"
983,2088,4,10,78,92,1.1956521739130435,0.0518163411891826,678,Perhaps necking isn’t for us.
908,2088,4,10,78,92,1.1956521739130435,0.0518163411891826,678,I know we have a twisted relationship but we can work it out.
906,2088,2,14,76,92,1.1956521739130435,0.046980316386280786,678,"DNA is a simple costume idea, but quite painful."
854,2088,4,10,78,92,1.1956521739130435,0.0518163411891826,678,This is the last time we try something you saw on EweTube!
778,2088,2,14,76,92,1.1956521739130435,0.046980316386280786,678,I'm actually glad we've stopped at necking.
674,2088,2,14,76,92,1.1956521739130435,0.046980316386280786,678,Damn the French!
617,2088,4,10,78,92,1.1956521739130435,0.0518163411891826,678,"OK, now where are those champaigne flutes?"
544,2088,3,12,77,92,1.1956521739130435,0.0494574733583754,678,This is what happens when you neck on the first date!
527,2088,2,14,76,92,1.1956521739130435,0.046980316386280786,678,You sure this is how it's done?
522,2088,2,14,76,92,1.1956521739130435,0.046980316386280786,678,Play it cool. The hyenas are coming.
451,2088,3,12,77,92,1.1956521739130435,0.0494574733583754,678,I want a separation.
433,2088,4,10,78,92,1.1956521739130435,0.0518163411891826,678,"I hate when you check out the other ""cows""when you embrace me"
98,2088,2,14,76,92,1.1956521739130435,0.046980316386280786,678,I think we're doing this wrong.
2606,2088,5,8,79,92,1.1956521739130435,0.054072402919355736,678,Necking never puts me in the mood.
1275,2088,5,8,79,92,1.1956521739130435,0.054072402919355736,678,"Hey weird time to ask, but any idea why our feet are vaginas?"
1327,2088,2,14,76,92,1.1956521739130435,0.046980316386280786,678,I don't know where you end and I begin.
707,2088,2,14,76,92,1.1956521739130435,0.046980316386280786,678,I thought YOU were an expert in necking?
1399,2088,1,16,75,92,1.1956521739130435,0.044365060402479714,678,"It's called ""personal space"", Harry."
2540,2088,2,14,76,92,1.1956521739130435,0.046980316386280786,678,I think we've become a bit too involved with each other.
1382,2088,3,12,77,92,1.1956521739130435,0.0494574733583754,678,When the game of twister backfires
2491,2088,4,10,78,92,1.1956521739130435,0.0518163411891826,678,My mother warned me about “necking” before I was ready.
2458,2088,1,16,75,92,1.1956521739130435,0.044365060402479714,678,"Hey Gerald, I don't think this is what they meant by neck tie..."
2438,2088,1,16,75,92,1.1956521739130435,0.044365060402479714,678,And that's how I met your mother.
2417,2088,0,18,74,92,1.1956521739130435,0.041585659081903516,678,"What happens after the necking, that’s what I want to know."
2258,2088,4,10,78,92,1.1956521739130435,0.0518163411891826,678,"If we uncoil very quickly, we should fly like a helicopter."
2183,2088,4,10,78,92,1.1956521739130435,0.0518163411891826,678,"You're over-thinking things...I swear, it's lefty-loosey for the both of us!"
1975,2088,4,10,78,92,1.1956521739130435,0.0518163411891826,678,I told you dance classes were a wast of money.
2355,2088,2,14,76,92,1.1956521739130435,0.046980316386280786,678,"C'mon, your first day of school is exciting."
1872,2088,1,16,75,92,1.1956521739130435,0.044365060402479714,678,"Gaar! Raff , you're always avoiding a kiss on the cheek!"
1839,2088,5,8,79,92,1.1956521739130435,0.054072402919355736,678,Forget foreplay if this your idea of necking.
1807,2088,2,14,76,92,1.1956521739130435,0.046980316386280786,678,Jeff I told you Boy Scouts wasn't a good idea
1801,2088,1,16,75,92,1.1956521739130435,0.044365060402479714,678,"Wait, wait! It's LEFTY loosey! LEFTY loosey!"
1776,2088,4,10,78,92,1.1956521739130435,0.0518163411891826,678,"I told you: two giraffes named Helix, in med school would be a problem!"
1748,2088,5,8,79,92,1.1956521739130435,0.054072402919355736,678,"I told you necking was fine, but that’s as far as you’re getting."
1665,2088,1,16,75,92,1.1956521739130435,0.044365060402479714,678,See? I told you we could do it!
1593,2088,2,14,76,92,1.1956521739130435,0.046980316386280786,678,I don’t care *what* Dr. Ruth says—this hurts!
1534,2088,1,16,75,92,1.1956521739130435,0.044365060402479714,678,We really need to take time to unwind.
1204,2170,3,11,73,87,1.1954022988505748,0.051284178358943375,678,Have you been reading Kama Sutra again?
1119,2170,2,13,72,87,1.1954022988505748,0.04860821683203345,678,I can't feel my sciatica
3583,2172,1,15,73,89,1.1910112359550562,0.04484795700808779,678,It's not you. It's me. I need my space.
3573,2172,1,15,73,89,1.1910112359550562,0.04484795700808779,678,We really need to unwind.
3561,2172,1,15,73,89,1.1910112359550562,0.04484795700808779,678,It's a double helix.
3536,2172,2,13,74,89,1.1910112359550562,0.047609892487932244,678,Sometimes I just want to wring your neck!
3454,2172,3,11,75,89,1.1910112359550562,0.0502201600716848,678,"If I told you once I told you three times to,""look the other way""!"
3474,2172,3,11,75,89,1.1910112359550562,0.0502201600716848,678,I bet if we put our heads together we can find other ways to look after each other.
3453,2172,3,11,75,89,1.1910112359550562,0.0502201600716848,678,I know it looks like it but I'm not sure this is how you make new DNA
3589,2172,3,11,75,89,1.1910112359550562,0.0502201600716848,678,"They were right, we can't chew cud and walk at the same time.'"
3479,2172,3,11,75,89,1.1910112359550562,0.0502201600716848,678,I told you I should have gone first!
3720,2172,2,13,74,89,1.1910112359550562,0.047609892487932244,678,"This is exactly what I'm talking about, Bob. You're just way too needy."
3878,2172,3,11,75,89,1.1910112359550562,0.0502201600716848,678,"You remember, Henry:  Righty-tighty, lefty-loosey!"
3764,2172,1,15,73,89,1.1910112359550562,0.04484795700808779,678,Talk about a tongue-twister
3795,2172,3,11,75,89,1.1910112359550562,0.0502201600716848,678,Where's the hornet now?
3796,2172,1,15,73,89,1.1910112359550562,0.04484795700808779,678,"When I said I wanted a necktie, this is not what I meant."
3798,2172,4,9,76,89,1.1910112359550562,0.052701300672173365,678,"Hold on Lester, I don't think this is how the DNA test is supposed to work."
3808,2172,3,11,75,89,1.1910112359550562,0.0502201600716848,678,I just worry that we'll grow apart someday.
3822,2172,2,13,74,89,1.1910112359550562,0.047609892487932244,678,This is what happens when we both go right.
3872,2172,3,11,75,89,1.1910112359550562,0.0502201600716848,678,Wasn't one of our necks supposed to open to accept the other neck?
3873,2172,1,15,73,89,1.1910112359550562,0.04484795700808779,678,This neck massage is far better than those physiotherapy sessions.
3423,2172,2,13,74,89,1.1910112359550562,0.047609892487932244,678,"Okay, change of plans. Let’s switch to zone defense."
3883,2172,1,15,73,89,1.1910112359550562,0.04484795700808779,678,Are you sure the instructor said 'It takes two to tangle?
3751,2172,2,13,74,89,1.1910112359550562,0.047609892487932244,678,Love it when you get kinky.
3398,2172,2,13,74,89,1.1910112359550562,0.047609892487932244,678,Call it a tie?
2880,2172,0,17,72,89,1.1910112359550562,0.04190437486571198,678,I'm guessing there's something more to this idea of necking...
3370,2172,3,11,75,89,1.1910112359550562,0.0502201600716848,678,We need to find a safe place to unwind...
2784,2172,2,13,74,89,1.1910112359550562,0.047609892487932244,678,"I said, YOU go RIGHT and I go LEFT."
2791,2172,2,13,74,89,1.1910112359550562,0.047609892487932244,678,We have got to stop seeing each other like this.
2833,2172,2,13,74,89,1.1910112359550562,0.047609892487932244,678,This is ridiculous. The nearest tree is a mile away.
2874,2172,2,13,74,89,1.1910112359550562,0.047609892487932244,678,"No matter what dance we start out with, we always end up doing the twist."
3898,2172,2,13,74,89,1.1910112359550562,0.047609892487932244,678,Giraffe hugs can be complicated.
2920,2172,2,13,74,89,1.1910112359550562,0.047609892487932244,678,This is another fine mess you've gotten me into.
2924,2172,1,15,73,89,1.1910112359550562,0.04484795700808779,678,This isn’t what I thought you meant when you asked if I wanted to try the “double helix” move tonight.
2943,2172,2,13,74,89,1.1910112359550562,0.047609892487932244,678,Necking wasn't a good idea.
2972,2172,2,13,74,89,1.1910112359550562,0.047609892487932244,678,"OK. Now I'll point to a leg, and you try to move it."
3015,2172,1,15,73,89,1.1910112359550562,0.04484795700808779,678,a little to the left - it's still itchy.
3036,2172,2,13,74,89,1.1910112359550562,0.047609892487932244,678,I think your idea of necking has gone too far!
3040,2172,2,13,74,89,1.1910112359550562,0.047609892487932244,678,"Funny, I also identify as a snake."
3048,2172,2,13,74,89,1.1910112359550562,0.047609892487932244,678,Our mothers warned us about cousins marrying.
3063,2172,1,15,73,89,1.1910112359550562,0.04484795700808779,678,"Hell Doris, you sure you got this necking thing right?"
3066,2172,1,15,73,89,1.1910112359550562,0.04484795700808779,678,"I think ""necking"" is over-rated"
3105,2172,2,13,74,89,1.1910112359550562,0.047609892487932244,678,I don’t think we should look around so much .
3180,2172,5,7,77,89,1.1910112359550562,0.05507076999145734,678,This whole necking thing is really twisted!
3186,2172,1,15,73,89,1.1910112359550562,0.04484795700808779,678,I'm straight. You?
3206,2172,2,13,74,89,1.1910112359550562,0.047609892487932244,678,"No, nothing by Chubby Checker is going to be ""our song'""."
3251,2172,2,13,74,89,1.1910112359550562,0.047609892487932244,678,"Twist me like a licorice stick, all night long, bae"
3324,2172,2,13,74,89,1.1910112359550562,0.047609892487932244,678,"Chubby Checker would love this!"""
3338,2172,3,11,75,89,1.1910112359550562,0.0502201600716848,678,Talk about long necking!
3341,2172,2,13,74,89,1.1910112359550562,0.047609892487932244,678,We're too wrapped up with each other.
3385,2172,2,13,74,89,1.1910112359550562,0.047609892487932244,678,"This ""necking"" is getting out of hand."
3919,2172,1,15,73,89,1.1910112359550562,0.04484795700808779,678,My wife will kill me if she sees this.
4616,2172,4,9,76,89,1.1910112359550562,0.052701300672173365,678,This necking isn't at all what I expected.
3956,2172,1,15,73,89,1.1910112359550562,0.04484795700808779,678,"I think I started out clockwise, how about you ?"
4800,2172,2,13,74,89,1.1910112359550562,0.047609892487932244,678,You call this 'cuddling' ?
4809,2172,2,13,74,89,1.1910112359550562,0.047609892487932244,678,Now look what you've done!  Guess we'll just have to twist in the wind.
4869,2172,2,13,74,89,1.1910112359550562,0.047609892487932244,678,What do you think Darwin would say about this?
4943,2172,2,13,74,89,1.1910112359550562,0.047609892487932244,678,They're going to know we've been knecking.
4984,2172,3,11,75,89,1.1910112359550562,0.0502201600716848,678,Mom warned me you're a spin doctor
4999,2172,2,13,74,89,1.1910112359550562,0.047609892487932244,678,I don't think I am comfortable doing something so twisted.
5029,2172,3,11,75,89,1.1910112359550562,0.0502201600716848,678,Is this what she meant when she said 'co-dependent?'
5034,2172,3,11,75,89,1.1910112359550562,0.0502201600716848,678,"When I suggessted, ""Let's do the Twist"", Slim, this is not what I had in mind."
5036,2172,2,13,74,89,1.1910112359550562,0.047609892487932244,678,This is the last time we eat vines from the same tree.
5063,2172,6,5,78,89,1.1910112359550562,0.05734241294508956,678,I  don't want another tangled relationship
4793,2172,2,13,74,89,1.1910112359550562,0.047609892487932244,678,They warned me about necking––and they were right!
5064,2172,2,13,74,89,1.1910112359550562,0.047609892487932244,678,I guess we’ve found ourselves in somewhat of a twisted situation.
5196,2172,1,15,73,89,1.1910112359550562,0.04484795700808779,678,Maybe tango just isn't for us!
5216,2172,1,15,73,89,1.1910112359550562,0.04484795700808779,678,Are you sure this is how they hug in other countries?
5229,2172,4,9,76,89,1.1910112359550562,0.052701300672173365,678,"I know you said if we wanted a baby we needed to be close, but I think we're doing it wrong."
5282,2172,1,15,73,89,1.1910112359550562,0.04484795700808779,678,'Neck and neck' might be fair but really not practical.
5292,2172,2,13,74,89,1.1910112359550562,0.047609892487932244,678,I hardly know whether I'm coming or going.
5294,2172,2,13,74,89,1.1910112359550562,0.047609892487932244,678,I hope that our parents don't catch us necking.
5304,2172,4,9,76,89,1.1910112359550562,0.052701300672173365,678,This is why giraffes don't dance the twist.
5325,2172,1,15,73,89,1.1910112359550562,0.04484795700808779,678,"Yes, the Lions seem to be circling."
5355,2172,3,11,75,89,1.1910112359550562,0.0502201600716848,678,And this is why you don't rubberneck.
2704,2172,3,11,75,89,1.1910112359550562,0.0502201600716848,678,"Well, shake it up, baby! Twist and shout!"
5138,2172,3,11,75,89,1.1910112359550562,0.0502201600716848,678,That Kama Sutra Book is Nothing But Trouble!
4772,2172,2,13,74,89,1.1910112359550562,0.047609892487932244,678,Looks like we should tie the knot!
4769,2172,2,13,74,89,1.1910112359550562,0.047609892487932244,678,Count me out if this is tying the knot
4722,2172,1,15,73,89,1.1910112359550562,0.04484795700808779,678,"We're neck and neck, literally."
4053,2172,2,13,74,89,1.1910112359550562,0.047609892487932244,678,"We have to try again, we were supposed to be facing each other."
4103,2172,4,9,76,89,1.1910112359550562,0.052701300672173365,678,A New Twist!
4115,2172,0,17,72,89,1.1910112359550562,0.04190437486571198,678,Do you even Get the concept of Go Counterclockwise?
4123,2172,3,11,75,89,1.1910112359550562,0.0502201600716848,678,Somewhere I’ve got something caught in my throat.
4154,2172,4,9,76,89,1.1910112359550562,0.052701300672173365,678,"Uh-oh, it's my father."
4184,2172,2,13,74,89,1.1910112359550562,0.047609892487932244,678,Tell me again why humans say two heads are better than one.
4219,2172,1,15,73,89,1.1910112359550562,0.04484795700808779,678,I could go for a pretzel - you?
4237,2172,2,13,74,89,1.1910112359550562,0.047609892487932244,678,"Alright, Alright, I won't leave you."
4338,2172,2,13,74,89,1.1910112359550562,0.047609892487932244,678,I guess our first kiss will have to wait.
4411,2172,1,15,73,89,1.1910112359550562,0.04484795700808779,678,I thought you were going that way!
4418,2172,2,13,74,89,1.1910112359550562,0.047609892487932244,678,"You turn to the left, I'll turn to the right"""
4454,2172,2,13,74,89,1.1910112359550562,0.047609892487932244,678,Ya see what neckin' can lead to?
4472,2172,2,13,74,89,1.1910112359550562,0.047609892487932244,678,I don't understand why our therapist says we are enmeshed.
4520,2172,2,13,74,89,1.1910112359550562,0.047609892487932244,678,I always knew that we had a twisted relationship!
4541,2172,2,13,74,89,1.1910112359550562,0.047609892487932244,678,Can you remember what we used to do after we did this?
4564,2172,2,13,74,89,1.1910112359550562,0.047609892487932244,678,I'm not really looking for something serious right now.
4565,2172,3,11,75,89,1.1910112359550562,0.0502201600716848,678,Maybe we need better boundaries.
4602,2172,1,15,73,89,1.1910112359550562,0.04484795700808779,678,I thought we were just necking.  I'm not ready to tie the knot!
4612,2172,4,9,76,89,1.1910112359550562,0.052701300672173365,678,.  .  .  and why do you keep insisting it's that way!
4635,2172,1,15,73,89,1.1910112359550562,0.04484795700808779,678,That's a wrap!
4675,2172,2,13,74,89,1.1910112359550562,0.047609892487932244,678,I told you we should use the Twister mat!
4695,2172,2,13,74,89,1.1910112359550562,0.047609892487932244,678,I usually don't neck on the first date.
4712,2172,2,13,74,89,1.1910112359550562,0.047609892487932244,678,Next time let's just hug.
3953,2172,3,11,75,89,1.1910112359550562,0.0502201600716848,678,"By the way, we got a callback from the petting zoo."
2699,2172,2,13,74,89,1.1910112359550562,0.047609892487932244,678,You call this foreplay?
1101,2172,1,15,73,89,1.1910112359550562,0.04484795700808779,678,It’s the last time we dance the Tango
2690,2172,2,13,74,89,1.1910112359550562,0.047609892487932244,678,My parents were right. They said this would happen if I ever necked before marriage.
700,2172,3,11,75,89,1.1910112359550562,0.0502201600716848,678,I need a break. We've become too enmeshed with each other.
714,2172,2,13,74,89,1.1910112359550562,0.047609892487932244,678,damn... I still have the hiccups.
754,2172,4,9,76,89,1.1910112359550562,0.052701300672173365,678,Tangled up in zoo.
781,2172,2,13,74,89,1.1910112359550562,0.047609892487932244,678,Do you think Mr. Hemotin will know we didn’t get around to making that DNA model until last night?
794,2172,0,17,72,89,1.1910112359550562,0.04190437486571198,678,"OK, let’s fight with with horns and hooves instead of necks"
802,2172,2,13,74,89,1.1910112359550562,0.047609892487932244,678,"Really, it's just physical and it's twisted."
807,2172,2,13,74,89,1.1910112359550562,0.047609892487932244,678,"Yes, dear, I heard about DNA, now what?"
811,2172,1,15,73,89,1.1910112359550562,0.04484795700808779,678,I told you relationships were complicated.
830,2172,2,13,74,89,1.1910112359550562,0.047609892487932244,678,Maybe it’s time for us to wind down a little.
891,2172,3,11,75,89,1.1910112359550562,0.0502201600716848,678,Next we’ll try a tongue-twister
698,2172,2,13,74,89,1.1910112359550562,0.047609892487932244,678,I was never any good at this foreplay thing.
923,2172,1,15,73,89,1.1910112359550562,0.04484795700808779,678,I'm sure this necking thing doesn't lead to promiscuity.
1068,2172,3,11,75,89,1.1910112359550562,0.0502201600716848,678,I said no necking on our first date!
1077,2172,0,17,72,89,1.1910112359550562,0.04190437486571198,678,That still didn't work. Maybe turn to your RIGHT this time.
1086,2172,5,7,77,89,1.1910112359550562,0.05507076999145734,678,"No, silly, the other left!"
1113,2172,1,15,73,89,1.1910112359550562,0.04484795700808779,678,"Marvin, what did you not understand about "" the lions are on the left?"""
1157,2172,1,15,73,89,1.1910112359550562,0.04484795700808779,678,"so you think this will convince the doubters that Lysenko was right, huh?"
1164,2172,4,9,76,89,1.1910112359550562,0.052701300672173365,678,I don't think our self-made pretzel costume is going to work out for the Halloween party.
1221,2172,4,9,76,89,1.1910112359550562,0.052701300672173365,678,"Baby, I love you ‘’cause you’re so twisted."
1229,2172,5,7,77,89,1.1910112359550562,0.05507076999145734,678,Maybe necking isn't for us.
1254,2172,2,13,74,89,1.1910112359550562,0.047609892487932244,678,Can we skip the foreplay for once?
1273,2172,4,9,76,89,1.1910112359550562,0.052701300672173365,678,I need a little time for myself.
1040,2172,2,13,74,89,1.1910112359550562,0.047609892487932244,678,Oh it's three kisses where I come from.
2693,2172,4,9,76,89,1.1910112359550562,0.052701300672173365,678,"OK, necking doesn't work. You want to try petting?"
650,2172,3,11,75,89,1.1910112359550562,0.0502201600716848,678,"I'll never have any ""me time"" now."
616,2172,2,13,74,89,1.1910112359550562,0.047609892487932244,678,Maybe they are correct about too much inbreeding.
6,2172,2,13,74,89,1.1910112359550562,0.047609892487932244,678,Now comes the fun part. Jump!
7,2172,3,11,75,89,1.1910112359550562,0.0502201600716848,678,We need to reboot.
18,2172,3,11,75,89,1.1910112359550562,0.0502201600716848,678,The first and only time they ever played Twister.
74,2172,2,13,74,89,1.1910112359550562,0.047609892487932244,678,"I’m not sure how this happened, but I’ve got an idea: 
righty tighty, lefty loosey."
99,2172,1,15,73,89,1.1910112359550562,0.04484795700808779,678,We’ve got to stop meeting like this.
104,2172,3,11,75,89,1.1910112359550562,0.0502201600716848,678,We've gotta stop necking.
128,2172,4,9,76,89,1.1910112359550562,0.052701300672173365,678,Neckties are so uncomfortable.
147,2172,2,13,74,89,1.1910112359550562,0.047609892487932244,678,When the teacher calls your name but there's another person with the name
150,2172,3,11,75,89,1.1910112359550562,0.0502201600716848,678,You can let go now.
264,2172,3,11,75,89,1.1910112359550562,0.0502201600716848,678,Weave only just begun.......sing with us.....
633,2172,4,9,76,89,1.1910112359550562,0.052701300672173365,678,Karma Sutra my ass!
287,2172,3,11,75,89,1.1910112359550562,0.0502201600716848,678,"Next time Karen Snake gives you sex tips, say no thanks...."
335,2172,2,13,74,89,1.1910112359550562,0.047609892487932244,678,Heavy petting is out of the question.
364,2172,1,15,73,89,1.1910112359550562,0.04484795700808779,678,I told you. Just modeling our DNA wouldn't explain the neck thing.
369,2172,2,13,74,89,1.1910112359550562,0.047609892487932244,678,"I, cough cough, love you, too."
373,2172,2,13,74,89,1.1910112359550562,0.047609892487932244,678,Geesh Ralph did you even see what’s in my eye?
388,2172,3,11,75,89,1.1910112359550562,0.0502201600716848,678,I’d heard necking could get one into trouble!
398,2172,2,13,74,89,1.1910112359550562,0.047609892487932244,678,I didn't plan to get this wrapped up.
412,2172,2,13,74,89,1.1910112359550562,0.047609892487932244,678,"Not your left, MY LEFT!"
419,2172,3,11,75,89,1.1910112359550562,0.0502201600716848,678,Our love is spiraling out of control!
467,2172,1,15,73,89,1.1910112359550562,0.04484795700808779,678,"""I don't think this is what Chubby Checker meant!"
488,2172,2,13,74,89,1.1910112359550562,0.047609892487932244,678,Do over!
333,2172,2,13,74,89,1.1910112359550562,0.047609892487932244,678,Are you sure this is how you neck?
1296,2172,2,13,74,89,1.1910112359550562,0.047609892487932244,678,It's obvious we share the same DNA.
1276,2172,1,15,73,89,1.1910112359550562,0.04484795700808779,678,"Could you not shoot us now please? We're a little tied up."""
1338,2172,3,11,75,89,1.1910112359550562,0.0502201600716848,678,I'm not sure divorce is an option.
2167,2172,2,13,74,89,1.1910112359550562,0.047609892487932244,678,Is this your idea of an Instagrammable moment?
2173,2172,3,11,75,89,1.1910112359550562,0.0502201600716848,678,"We did just right, now we match?"
2195,2172,3,11,75,89,1.1910112359550562,0.0502201600716848,678,Maybe my parents won’t notice.
2197,2172,3,11,75,89,1.1910112359550562,0.0502201600716848,678,This relationship is getting suffocating.
2211,2172,3,11,75,89,1.1910112359550562,0.0502201600716848,678,Who knew that necking could be life threatening
2218,2172,2,13,74,89,1.1910112359550562,0.047609892487932244,678,Which tail is mine ?
2234,2172,4,9,76,89,1.1910112359550562,0.052701300672173365,678,My Left. Your Right. This is why we are almost extinct.
2273,2172,1,15,73,89,1.1910112359550562,0.04484795700808779,678,Our DNA is our destiny.
2306,2172,0,17,72,89,1.1910112359550562,0.04190437486571198,678,Are you sure this is what reticulated means?
2334,2172,1,15,73,89,1.1910112359550562,0.04484795700808779,678,"Narrator: ""The Giraffe, or Giraffa Camelopardalis, evolved with longer necks to reach the leaves atop trees..."""
2102,2172,1,15,73,89,1.1910112359550562,0.04484795700808779,678,Necking isn’t for us.
2357,2172,1,15,73,89,1.1910112359550562,0.04484795700808779,678,No Jeffery! Toy-r-Us wouldn't find Siamese twins appealing.
2430,2172,2,13,74,89,1.1910112359550562,0.047609892487932244,678,This is the last time we are going to play twister!
2434,2172,2,13,74,89,1.1910112359550562,0.047609892487932244,678,Now where’s that bunny you were talking about?
2441,2172,2,13,74,89,1.1910112359550562,0.047609892487932244,678,The category is: It Takes Two to Tangle!”
2461,2172,2,13,74,89,1.1910112359550562,0.047609892487932244,678,"I said, ""I'll bet the winner will be the only one that doesn't play on the word ""necking""."
2490,2172,2,13,74,89,1.1910112359550562,0.047609892487932244,678,Uh-oh. I think we're spotted.
2511,2172,2,13,74,89,1.1910112359550562,0.047609892487932244,678,I just wanted to dance!
2524,2172,4,9,76,89,1.1910112359550562,0.052701300672173365,678,This type of foreplay doesn't put me in the mood.
2560,2172,6,5,78,89,1.1910112359550562,0.05734241294508956,678,"When the music starts, just tap your feet."
2635,2172,6,5,78,89,1.1910112359550562,0.05734241294508956,678,Ever think that we're not conjoined twins?
2651,2172,2,13,74,89,1.1910112359550562,0.047609892487932244,678,"Clearly, hugs are not always better than drugs."
2425,2172,2,13,74,89,1.1910112359550562,0.047609892487932244,678,Do you really love me or is this just more necking?
1311,2172,3,11,75,89,1.1910112359550562,0.0502201600716848,678,"I said KISS ME, you fool!"
2036,2172,3,11,75,89,1.1910112359550562,0.0502201600716848,678,"Humans don't know what real necking is."""
1997,2172,3,11,75,89,1.1910112359550562,0.0502201600716848,678,My therapist told me to be full-throated.
1380,2172,2,13,74,89,1.1910112359550562,0.047609892487932244,678,A quick kiss on the neck would have fine...but nooo!
1396,2172,3,11,75,89,1.1910112359550562,0.0502201600716848,678,I didn't think this is what you meant when you said you wanted to get closer.
1408,2172,2,13,74,89,1.1910112359550562,0.047609892487932244,678,I think I'm gonna' sneeze....
1423,2172,1,15,73,89,1.1910112359550562,0.04484795700808779,678,To your left... No to your left
1481,2172,1,15,73,89,1.1910112359550562,0.04484795700808779,678,"I don't care how erotic it seemed on video, clearly they were faking it, Dave!"
1499,2172,2,13,74,89,1.1910112359550562,0.047609892487932244,678,Where’d you say you studied yoga again?
1507,2172,2,13,74,89,1.1910112359550562,0.047609892487932244,678,I told you I'm not a hugger.
1630,2172,3,11,75,89,1.1910112359550562,0.0502201600716848,678,"You know, I always knew we'd be neck and neck in this dancing competition."
1690,2172,3,11,75,89,1.1910112359550562,0.0502201600716848,678,Why don't we use the satnav like everyone else
2012,2172,2,13,74,89,1.1910112359550562,0.047609892487932244,678,Till death do us part.
1703,2172,2,13,74,89,1.1910112359550562,0.047609892487932244,678,I’m still mad at you.
1696,2172,1,15,73,89,1.1910112359550562,0.04484795700808779,678,You just had to play a Chubby Checker dance...
1715,2172,2,13,74,89,1.1910112359550562,0.047609892487932244,678,I'm never getting on another ark!
1737,2172,4,9,76,89,1.1910112359550562,0.052701300672173365,678,That's great! Now let's try RNA.
1786,2172,5,7,77,89,1.1910112359550562,0.05507076999145734,678,When you said your name was 'Caduceus' I wasn't sure what you meant.
1823,2172,3,11,75,89,1.1910112359550562,0.0502201600716848,678,"Thanks for your help, but I'll just go see my chiropractor."
1827,2172,4,9,76,89,1.1910112359550562,0.052701300672173365,678,I don't think I'm into French kissing
1891,2172,4,9,76,89,1.1910112359550562,0.052701300672173365,678,Coming as DNA for halloween is not a good idea.
1893,2172,3,11,75,89,1.1910112359550562,0.0502201600716848,678,NASCAR?  Never again!
1913,2172,2,13,74,89,1.1910112359550562,0.047609892487932244,678,"No, I said MY left."
1948,2172,3,11,75,89,1.1910112359550562,0.0502201600716848,678,"This may be a controversial statement among humans, but yoga is idiotic."
1995,2172,2,13,74,89,1.1910112359550562,0.047609892487932244,678,I know you were raised by a python--but you're NOT a python.
1711,2172,4,9,76,89,1.1910112359550562,0.052701300672173365,678,"Well, if that's what they meant, then they would've called it 'lipping.'"
3368,2378,2,13,75,90,1.1888888888888889,0.04712573678232538,678,"Whoever thought up this drawing makes me seriously question humans.
P. Pier
New York, New York"
3133,2378,1,15,74,90,1.1888888888888889,0.044397603281480034,678,How about we take a vacation to unwind?
4114,2378,1,15,74,90,1.1888888888888889,0.044397603281480034,678,Is the cheetah circling us again?
1339,2381,3,11,77,91,1.1868131868131868,0.04919892568609763,678,This is what happens when I ask my wife to tie my neck tie.
45,2382,1,14,71,86,1.186046511627907,0.04533392718515796,678,"I’m pretty sure this isn’t what she meant by ""conscious uncoupling."""
2771,2382,3,10,73,86,1.186046511627907,0.051013337241002224,678,Ring around the Rosie gone awry
2873,2382,1,14,71,86,1.186046511627907,0.04533392718515796,678,We need to work on our make out routine.
3012,2382,1,14,71,86,1.186046511627907,0.04533392718515796,678,Now this might be a good time to stick your neck out.
3172,2382,4,8,74,86,1.186046511627907,0.053627962740362745,678,Okay - you bat first.
3534,2382,1,14,71,86,1.186046511627907,0.04533392718515796,678,We can't keep meeting like this.
3554,2382,2,12,72,86,1.186046511627907,0.048257256089076536,678,"Bert, I wish you’d stay on your side of the bed’"
4042,2382,2,12,72,86,1.186046511627907,0.048257256089076536,678,Boundaries!
4218,2382,3,10,73,86,1.186046511627907,0.051013337241002224,678,Necking with you is great foreplay!!!
4673,2382,1,14,71,86,1.186046511627907,0.04533392718515796,678,Great! Now I can’t reach the champagne.
4716,2382,3,10,73,86,1.186046511627907,0.051013337241002224,678,"It seemed like a good idea in ""Lady and the Tramp."""
4812,2382,0,16,70,86,1.186046511627907,0.04220861455688511,678,Just pretend we’re hugging - I see Mom coming.
4849,2382,2,12,72,86,1.186046511627907,0.048257256089076536,678,The lions installed a ceiling fan in their den and you just had to have one.
4853,2382,1,14,71,86,1.186046511627907,0.04533392718515796,678,So typical. You’re always tying us into knots.
5008,2382,1,14,71,86,1.186046511627907,0.04533392718515796,678,"Honey, this is how we tie the wedding knot."
5090,2382,2,12,72,86,1.186046511627907,0.048257256089076536,678,Don’t you think it’s about time we tied the knot?
5113,2382,3,10,73,86,1.186046511627907,0.051013337241002224,678,I told you we shouldn't get entangled!
5184,2382,3,10,73,86,1.186046511627907,0.051013337241002224,678,"That was one helluva Make Out session 

(optional tag: - -Can you see any hickeys?)"
2595,2382,2,12,72,86,1.186046511627907,0.048257256089076536,678,How did our relationship get so twisted!?
2585,2382,1,14,71,86,1.186046511627907,0.04533392718515796,678,I knew I shouldn't have gotten tangled up with you!
4542,2382,3,10,73,86,1.186046511627907,0.051013337241002224,678,"I'm really not sure, but if that's your ass I'm looking at, you're getting a little fat."
2459,2382,4,8,74,86,1.186046511627907,0.053627962740362745,678,Lefty-loosey! I know!! But which way is left??!
2538,2382,1,14,71,86,1.186046511627907,0.04533392718515796,678,Not saying you're codependent... but maybe it's time we talked about boundaries?
158,2382,2,12,72,86,1.186046511627907,0.048257256089076536,678,I just don't feel right getting married until Zebras can get married.
200,2382,3,10,73,86,1.186046511627907,0.051013337241002224,678,"What do you mean Rock, Paper, Scissors?"
383,2382,3,10,73,86,1.186046511627907,0.051013337241002224,678,Darn flies!
404,2382,2,12,72,86,1.186046511627907,0.048257256089076536,678,I'm not going first!  You go first!
602,2382,3,10,73,86,1.186046511627907,0.051013337241002224,678,"Ahem, this necking thing isn't  my cup of tea, dear."
759,2382,2,12,72,86,1.186046511627907,0.048257256089076536,678,"No, I love you more."
928,2382,1,14,71,86,1.186046511627907,0.04533392718515796,678,This is how the French do it.
930,2382,1,14,71,86,1.186046511627907,0.04533392718515796,678,I'd like to move beyond necking.
710,2382,1,14,71,86,1.186046511627907,0.04533392718515796,678,Shouldn't we be doing this in the back seat of your father's Chevy?
1029,2382,3,10,73,86,1.186046511627907,0.051013337241002224,678,I won't tell anyone if you don't
2198,2382,0,16,70,86,1.186046511627907,0.04220861455688511,678,Perhaps we shouldn't neck.
2033,2382,1,14,71,86,1.186046511627907,0.04533392718515796,678,So much for entangling alliances!
1874,2382,2,12,72,86,1.186046511627907,0.048257256089076536,678,You’ve noticed I also have trouble with phone cords.
2329,2382,3,10,73,86,1.186046511627907,0.051013337241002224,678,Think Noah's pranking us?
1582,2382,3,10,73,86,1.186046511627907,0.051013337241002224,678,So are you finally satisfied? We’re lost!
1098,2382,3,10,73,86,1.186046511627907,0.051013337241002224,678,This is why I only go necking at night...
1702,2382,3,10,73,86,1.186046511627907,0.051013337241002224,678,You SURE this is a French Twist
3535,2422,5,6,76,87,1.1839080459770115,0.05551329249342011,678,Why didn’t ask for directions? Where are we?
3868,2422,0,16,71,87,1.1839080459770115,0.04177540678018991,678,I think we just need to buy a new Twister.
3809,2422,3,10,74,87,1.1839080459770115,0.050468893694394994,678,This happens after every time we have curly spaghetti fro dinner.
3716,2422,4,8,75,87,1.1839080459770115,0.0530510832792138,678,Would you give us a minute
3604,2422,3,10,74,87,1.1839080459770115,0.050468893694394994,678,Don’t you think this ‘fear of heights’ thing is getting ridiculous?
3576,2422,3,10,74,87,1.1839080459770115,0.050468893694394994,678,"Now counterclockwise. Five, six, seven, eight...."
3559,2422,1,14,72,87,1.1839080459770115,0.04486081606493881,678,Time to unwind after a long day!
3544,2422,2,12,73,87,1.1839080459770115,0.04774726195683065,678,Who is Chubby Checkers anyway?
3510,2422,3,10,74,87,1.1839080459770115,0.050468893694394994,678,"Left! No, Right! Not that way—your other left! You dummy, we’ll never spot any leopards if you can’t follow directions!"
2946,2422,0,16,71,87,1.1839080459770115,0.04177540678018991,678,It's going to be a long day.
3339,2422,1,14,72,87,1.1839080459770115,0.04486081606493881,678,"I overheard a tourist say neck ties are fancy but I don't see it."""
3291,2422,3,10,74,87,1.1839080459770115,0.050468893694394994,678,They're necks of kin
3226,2422,2,12,73,87,1.1839080459770115,0.04774726195683065,678,I don't think this is the way Chubby Checker did the Twist.
3192,2422,4,8,75,87,1.1839080459770115,0.0530510832792138,678,I never realized until now that you were half python.
3181,2422,3,10,74,87,1.1839080459770115,0.050468893694394994,678,I told you that entanglement is only for subatomic particles.
3086,2422,1,14,72,87,1.1839080459770115,0.04486081606493881,678,"I tried to warn you about pretzels, but Nooooo."
3033,2422,2,12,73,87,1.1839080459770115,0.04774726195683065,678,You can lead next time.
2984,2422,4,8,75,87,1.1839080459770115,0.0530510832792138,678,"See, Gerry...this is what happens when hugs invade someone's personal space."
3929,2422,2,12,73,87,1.1839080459770115,0.04774726195683065,678,This isn’t the kind of necking I had in mind.....
3450,2422,3,10,74,87,1.1839080459770115,0.050468893694394994,678,Are you sure Chubby Checker said to is how to do the twist?
3931,2422,2,12,73,87,1.1839080459770115,0.04774726195683065,678,Let's try petting.
5347,2422,1,14,72,87,1.1839080459770115,0.04486081606493881,678,"You'll be hearing from my insurance company."""
3976,2422,4,8,75,87,1.1839080459770115,0.0530510832792138,678,Are you sure this new game Twister is played like this?
2415,2422,1,14,72,87,1.1839080459770115,0.04486081606493881,678,This isn’t what I intended when I asked for a necklace.”
2926,2422,2,12,73,87,1.1839080459770115,0.04774726195683065,678,"Cute, yes, but we'll go extinct."
5338,2422,3,10,74,87,1.1839080459770115,0.050468893694394994,678,Best first date ever!
5303,2422,1,14,72,87,1.1839080459770115,0.04486081606493881,678,I told you that we should just be friends and not get tied up together.
5049,2422,1,14,72,87,1.1839080459770115,0.04486081606493881,678,Now you've got both our neckers in a twist!
4780,2422,2,12,73,87,1.1839080459770115,0.04774726195683065,678,There must be a page missing in our sex education manual.
4733,2422,2,12,73,87,1.1839080459770115,0.04774726195683065,678,Mom's gonna kill me.
4690,2422,1,14,72,87,1.1839080459770115,0.04486081606493881,678,This isn’t like what I saw on Pornhub
4637,2422,2,12,73,87,1.1839080459770115,0.04774726195683065,678,Clear my way.
4631,2422,2,12,73,87,1.1839080459770115,0.04774726195683065,678,Let's twist again like you did last summer.
4630,2422,2,12,73,87,1.1839080459770115,0.04774726195683065,678,"Going my way?"" - Rick Cohe"
4629,2422,1,14,72,87,1.1839080459770115,0.04486081606493881,678,I liked the old sex.
4471,2422,1,14,72,87,1.1839080459770115,0.04486081606493881,678,I don't know where you start and I end.
4417,2422,2,12,73,87,1.1839080459770115,0.04774726195683065,678,"Hey, they’re neck in neck."
4357,2422,2,12,73,87,1.1839080459770115,0.04774726195683065,678,Is this a hug?
4354,2422,1,14,72,87,1.1839080459770115,0.04486081606493881,678,Do you think we're too old for Connect the Dots?
4271,2422,3,10,74,87,1.1839080459770115,0.050468893694394994,678,"Conscious uncoupling, you say?"
4245,2422,3,10,74,87,1.1839080459770115,0.050468893694394994,678,I told you there was something wrong with that new hair curler.
4199,2422,3,10,74,87,1.1839080459770115,0.050468893694394994,678,You kept weaving when I kept saying bob!
3973,2422,1,14,72,87,1.1839080459770115,0.04486081606493881,678,Now we can go on tour as the Twisted Sisters.
2885,2422,2,12,73,87,1.1839080459770115,0.04774726195683065,678,Which one am I?
2260,2422,1,14,72,87,1.1839080459770115,0.04486081606493881,678,"On three, ready? Jump high! 1, 2,..."
2803,2422,2,12,73,87,1.1839080459770115,0.04774726195683065,678,I said “breathe” not “braid”!
1288,2422,3,10,74,87,1.1839080459770115,0.050468893694394994,678,I thought this is what they meant when they said bonded for life
1227,2422,2,12,73,87,1.1839080459770115,0.04774726195683065,678,Necking is more involved than I thought.
1192,2422,3,10,74,87,1.1839080459770115,0.050468893694394994,678,"You apologies are no longer credible, you pervert."
1187,2422,4,8,75,87,1.1839080459770115,0.0530510832792138,678,Time travel? Twister.
1072,2422,2,12,73,87,1.1839080459770115,0.04774726195683065,678,This is not the necking I’ve read about.
1056,2422,1,14,72,87,1.1839080459770115,0.04486081606493881,678,My parents did tell me that any necking would result in serious consequences.
2835,2422,2,12,73,87,1.1839080459770115,0.04774726195683065,678,Have you noticed we have a tendency to get wrapped around the axle?
949,2422,2,12,73,87,1.1839080459770115,0.04774726195683065,678,"I’ve always wanted to neck with you, Ms. Modigliani!"
724,2422,2,12,73,87,1.1839080459770115,0.04774726195683065,678,I am soon never dancing with you again!
540,2422,1,14,72,87,1.1839080459770115,0.04486081606493881,678,Okay.  Now we jump up and we FLY!
506,2422,2,12,73,87,1.1839080459770115,0.04774726195683065,678,"Is this what they call ""necking?"""
461,2422,1,14,72,87,1.1839080459770115,0.04486081606493881,678,I think we might have intimacy issues.
416,2422,2,12,73,87,1.1839080459770115,0.04774726195683065,678,Did  you  get the fly?
357,2422,4,8,75,87,1.1839080459770115,0.0530510832792138,678,You first. NobNo. You first
198,2422,3,10,74,87,1.1839080459770115,0.050468893694394994,678,I think we did it wrong.
171,2422,2,12,73,87,1.1839080459770115,0.04774726195683065,678,"Sadly, Beloved, I can't see you anymore!"
136,2422,2,12,73,87,1.1839080459770115,0.04774726195683065,678,"Don't neck too hard, I had to wear a turtleneck last month for a week!"
55,2422,3,10,74,87,1.1839080459770115,0.050468893694394994,678,My sore throat just got  a whole lot worse
17,2422,2,12,73,87,1.1839080459770115,0.04774726195683065,678,That's how you do the Twist!
1334,2422,1,14,72,87,1.1839080459770115,0.04486081606493881,678,"Thank you, dear. I've always wanted a necktie."
1352,2422,4,8,75,87,1.1839080459770115,0.0530510832792138,678,Mom was right. We're too young to neck.
1030,2422,0,16,71,87,1.1839080459770115,0.04177540678018991,678,I truly hate the mambo.
1558,2422,0,16,71,87,1.1839080459770115,0.04177540678018991,678,"When I said “let’s neck”, I had something else in mind"
1473,2422,0,16,71,87,1.1839080459770115,0.04177540678018991,678,It was your idea to neck.
2691,2422,1,14,72,87,1.1839080459770115,0.04486081606493881,678,"No, left,left,left, right?, no left."
2649,2422,2,12,73,87,1.1839080459770115,0.04774726195683065,678,"Darling, our relationship is so twisted."
2618,2422,3,10,74,87,1.1839080459770115,0.050468893694394994,678,"Frankly, I don't see the point."
2612,2422,2,12,73,87,1.1839080459770115,0.04774726195683065,678,"Remember, our safe word is TIPPYTOE."
2576,2422,1,14,72,87,1.1839080459770115,0.04486081606493881,678,We might need to be in a more open relationship.
2500,2422,3,10,74,87,1.1839080459770115,0.050468893694394994,678,I don't think neck wrestling is going to catch on.
2474,2422,2,12,73,87,1.1839080459770115,0.04774726195683065,678,Let's twist again..........
2231,2422,3,10,74,87,1.1839080459770115,0.050468893694394994,678,I didn't realize marriage would be this limiting.
2767,2422,1,14,72,87,1.1839080459770115,0.04486081606493881,678,Humans have no idea what necking is all about.
2134,2422,2,12,73,87,1.1839080459770115,0.04774726195683065,678,"Lefty loosie, Casanova!"
2176,2422,2,12,73,87,1.1839080459770115,0.04774726195683065,678,I love you so much you make my head spin!
1701,2422,2,12,73,87,1.1839080459770115,0.04774726195683065,678,"I said ""internet"" not ""interneck."""
1796,2422,3,10,74,87,1.1839080459770115,0.050468893694394994,678,Let's never do a threesome with a snake again
1899,2422,2,12,73,87,1.1839080459770115,0.04774726195683065,678,See? This is why I don't like PDA
1686,2422,1,14,72,87,1.1839080459770115,0.04486081606493881,678,Are you sure this is how 'Spin the Bottle' is supposed to be played?
1963,2422,2,12,73,87,1.1839080459770115,0.04774726195683065,678,The definition of necking.
1968,2422,2,12,73,87,1.1839080459770115,0.04774726195683065,678,"Ginger:  I told you Fred, it goes cheek to cheek, not this way !"
2105,2422,0,16,71,87,1.1839080459770115,0.04177540678018991,678,"Doris, I want to find myself."
1923,2422,2,12,73,87,1.1839080459770115,0.04774726195683065,678,I beg to differ. This is NOT a yoga position OR a Kama Sutra position. It's just a stupid position.
4116,2511,2,11,71,84,1.1785714285714286,0.048383846887362136,678,Let's not knot.
3772,2511,2,11,71,84,1.1785714285714286,0.048383846887362136,678,"I said don't move while I'm trying to fix your earring, Karen"
3848,2511,2,11,71,84,1.1785714285714286,0.048383846887362136,678,Topiary? I thought you said you were Toby.
3849,2511,4,7,73,84,1.1785714285714286,0.05398814781884477,678,"Tomorrow night, it's my turn to be little spoon."
3885,2511,2,11,71,84,1.1785714285714286,0.048383846887362136,678,I just have this gut feeling that we can avoid surgery here
3491,2511,2,11,71,84,1.1785714285714286,0.048383846887362136,678,It's a good thing we're not zebras; people would be showing up to get their hair cut.
4037,2511,2,11,71,84,1.1785714285714286,0.048383846887362136,678,"No, I said I wanted to EAT a pretzel"
4046,2511,2,11,71,84,1.1785714285714286,0.048383846887362136,678,OK...yodel!
4233,2511,2,11,71,84,1.1785714285714286,0.048383846887362136,678,Now THIS is a meet-cute.
4674,2511,2,11,71,84,1.1785714285714286,0.048383846887362136,678,Spiraling love leads to entanglement disaster
4370,2511,2,11,71,84,1.1785714285714286,0.048383846887362136,678,This is what separates us from the zebras.
4392,2511,2,11,71,84,1.1785714285714286,0.048383846887362136,678,Now how are we supposed to shout?
4614,2511,1,13,70,84,1.1785714285714286,0.04532256509703348,678,I told you to swing to the right!
4676,2511,2,11,71,84,1.1785714285714286,0.048383846887362136,678,Something tells me we are doing this necking thing incorrectly
4927,2511,2,11,71,84,1.1785714285714286,0.048383846887362136,678,"No, I don't think this is what necking is"
5217,2511,1,13,70,84,1.1785714285714286,0.04532256509703348,678,That's the last time we share a straw!
5343,2511,3,9,72,84,1.1785714285714286,0.051262641097241254,678,From your neck to Darwin's ears.
3249,2511,2,11,71,84,1.1785714285714286,0.048383846887362136,678,"No. I said, 'Look at that jaguar circling counter-clockwise.'"
4274,2511,2,11,71,84,1.1785714285714286,0.048383846887362136,678,We're SO twisted.
3085,2511,4,7,73,84,1.1785714285714286,0.05398814781884477,678,Why? It must be in our DNA.
4890,2511,0,15,69,84,1.1785714285714286,0.04203894830190181,678,We really need to relax and unwind.”
2945,2511,2,11,71,84,1.1785714285714286,0.048383846887362136,678,Let’s talk about boundaries.
3049,2511,1,13,70,84,1.1785714285714286,0.04532256509703348,678,I don't think that this is how the Tango works.
693,2511,2,11,71,84,1.1785714285714286,0.048383846887362136,678,"They just improved our protected status, and now this!"
716,2511,2,11,71,84,1.1785714285714286,0.048383846887362136,678,What do you mean you want a divorce?
533,2511,0,15,69,84,1.1785714285714286,0.04203894830190181,678,Does your neck still itch?
789,2511,2,11,71,84,1.1785714285714286,0.048383846887362136,678,"Now, where were we?"
1220,2511,2,11,71,84,1.1785714285714286,0.048383846887362136,678,I really don't think this is part of intelligent design.
1289,2511,2,11,71,84,1.1785714285714286,0.048383846887362136,678,Enough with the necking.  Let's go to my place.
1362,2511,2,11,71,84,1.1785714285714286,0.048383846887362136,678,Let's not watch any more roller derby.
1392,2511,2,11,71,84,1.1785714285714286,0.048383846887362136,678,Where again did you hear about this thing called necking?
1411,2511,1,13,70,84,1.1785714285714286,0.04532256509703348,678,"And now, a reverse do-si-do."
578,2511,3,9,72,84,1.1785714285714286,0.051262641097241254,678,"No, I said counterclockwise."
1772,2511,2,11,71,84,1.1785714285714286,0.048383846887362136,678,Hope you're not counting on getting that merit badge.
2213,2511,3,9,72,84,1.1785714285714286,0.051262641097241254,678,No one can see us now!
2412,2511,1,13,70,84,1.1785714285714286,0.04532256509703348,678,I forgot the safe word!
2455,2511,2,11,71,84,1.1785714285714286,0.048383846887362136,678,"I said to go LEFT, Karl..."
2476,2511,2,11,71,84,1.1785714285714286,0.048383846887362136,678,"Sorry, Geoff. Couples yoga isn't for me."
2521,2511,2,11,71,84,1.1785714285714286,0.048383846887362136,678,my mother told us not to tie the knot!
2547,2511,0,15,69,84,1.1785714285714286,0.04203894830190181,678,Let's just stick with the two-step.
2573,2511,0,15,69,84,1.1785714285714286,0.04203894830190181,678,It's called 'stress'. Now we unwind.
2708,2511,1,13,70,84,1.1785714285714286,0.04532256509703348,678,Are you sure it was “one head is better than two”?
1495,2511,2,11,71,84,1.1785714285714286,0.048383846887362136,678,"No, YOU untwist first."
5165,2554,1,12,66,79,1.1772151898734178,0.04683939034393648,678,Are you sure this is how to do the tango?
4435,2554,1,12,66,79,1.1772151898734178,0.04683939034393648,678,"No, I'm taller."
3715,2554,0,14,65,79,1.1772151898734178,0.04323607918126412,678,i don't think we're quantum enough to get this entangled.
2957,2557,1,13,71,85,1.1764705882352942,0.04483543075566802,678,"I like you, but not this much!"
4293,2557,3,9,73,85,1.1764705882352942,0.05069950631596087,678,I think this is from the short neck Kama Sutra.
3861,2559,2,10,69,81,1.1728395061728396,0.04903426446477902,678,Unprotected sex might be safer than necking.
3774,2559,2,10,69,81,1.1728395061728396,0.04903426446477902,678,I hate those vultures!
3642,2559,1,12,68,81,1.1728395061728396,0.04577900300676336,678,You’re the one who wanted to try ballroom dance
3575,2559,1,12,68,81,1.1728395061728396,0.04577900300676336,678,This is just self-defeating behavior. It doesn’t mean we’re codependent.
3571,2559,1,12,68,81,1.1728395061728396,0.04577900300676336,678,This necking thing doesn’t do a thing for me. What about you?
3523,2559,1,12,68,81,1.1728395061728396,0.04577900300676336,678,"Not nearly as romantic as it looks, right?!?"
3004,2559,1,12,68,81,1.1728395061728396,0.04577900300676336,678,"Look, we're both guilty of twisting each other's words around."
3377,2559,2,10,69,81,1.1728395061728396,0.04903426446477902,678,I don’t know how elephants deal with it.
3349,2559,2,10,69,81,1.1728395061728396,0.04903426446477902,678,Kundalin
3315,2559,1,12,68,81,1.1728395061728396,0.04577900300676336,678,This necking business is gonna take a little more practice.
3221,2559,3,8,70,81,1.1728395061728396,0.05208647681414566,678,With all their bragging humans can never neck as we do.
3067,2559,1,12,68,81,1.1728395061728396,0.04577900300676336,678,"Bob, this affair is just getting more twisted every day."
3918,2559,2,10,69,81,1.1728395061728396,0.04903426446477902,678,Is that a hickey?
3443,2559,1,12,68,81,1.1728395061728396,0.04577900300676336,678,Have you seen my glasses?  I'm in a spin without them.
3930,2559,2,10,69,81,1.1728395061728396,0.04903426446477902,678,Sometimes you just get so wrapped up on the importance of birth order
5182,2559,2,10,69,81,1.1728395061728396,0.04903426446477902,678,"When you asked about necking, this isn’t what I had in mind."
4119,2559,0,14,67,81,1.1728395061728396,0.04227381152657762,678,"If we're going as a caduceus, we have to face each other!"
5209,2559,1,12,68,81,1.1728395061728396,0.04577900300676336,678,You are one bad kisser
5191,2559,1,12,68,81,1.1728395061728396,0.04577900300676336,678,I am not sure chubby checker's twist works that way
2938,2559,0,14,67,81,1.1728395061728396,0.04227381152657762,678,We need Dr. Phil to tell us how to get out of this twisted relationship
5118,2559,1,12,68,81,1.1728395061728396,0.04577900300676336,678,Are we necking now?
5050,2559,0,14,67,81,1.1728395061728396,0.04227381152657762,678,"Next time, just a quick peck on the cheek"
5043,2559,1,12,68,81,1.1728395061728396,0.04577900300676336,678,I imagined our entwined lives differently.
4086,2559,3,8,70,81,1.1728395061728396,0.05208647681414566,678,I told you I couldn't learn the secret handshake!
4974,2559,1,12,68,81,1.1728395061728396,0.04577900300676336,678,I think it's time to take this relationship to the next level.
4727,2559,2,10,69,81,1.1728395061728396,0.04903426446477902,678,Boy that was some wind today!
4638,2559,3,8,70,81,1.1728395061728396,0.05208647681414566,678,I told you I have violent dreams
4585,2559,2,10,69,81,1.1728395061728396,0.04903426446477902,678,"Hate to break it to you, Eddie, but this is never going to fool Noah."
4527,2559,0,14,67,81,1.1728395061728396,0.04227381152657762,678,Is this your first time necking?
4457,2559,3,8,70,81,1.1728395061728396,0.05208647681414566,678,"Wait, tell me again. Do you mean to your left or to my left?"
4146,2559,0,14,67,81,1.1728395061728396,0.04227381152657762,678,I am not sure that going to the costume party as the double helix is a good idea.
4835,2559,1,12,68,81,1.1728395061728396,0.04577900300676336,678,So maybe ‘necking’  means something else?
2836,2559,3,8,70,81,1.1728395061728396,0.05208647681414566,678,"I love you, too, honey."
5200,2559,1,12,68,81,1.1728395061728396,0.04577900300676336,678,"When you said you wanted to go necking, I had something else in mind."
2658,2559,0,14,67,81,1.1728395061728396,0.04227381152657762,678,T think we should try an open relationship
1205,2559,1,12,68,81,1.1728395061728396,0.04577900300676336,678,Where did you go ?
1195,2559,2,10,69,81,1.1728395061728396,0.04903426446477902,678,Do you  now understand the structure of DNA double-helix?
1193,2559,1,12,68,81,1.1728395061728396,0.04577900300676336,678,No-o-o...close is good.
1131,2559,2,10,69,81,1.1728395061728396,0.04903426446477902,678,"Since I’m religious, this is as knotty as we can get for now."
1128,2559,1,12,68,81,1.1728395061728396,0.04577900300676336,678,Wouldn't reciprocating rings be a little more practical?
672,2559,1,12,68,81,1.1728395061728396,0.04577900300676336,678,"There's a good reason for no necking on a first date!"""
1375,2559,1,12,68,81,1.1728395061728396,0.04577900300676336,678,"See, this is why I like sleeping alone."
659,2559,1,12,68,81,1.1728395061728396,0.04577900300676336,678,It's not what you think.
541,2559,2,10,69,81,1.1728395061728396,0.04903426446477902,678,"Wrap our necks in Velcro, you said. The leaves will stick to them, you said."
471,2559,1,12,68,81,1.1728395061728396,0.04577900300676336,678,Did you see which way the herd went?
384,2559,2,10,69,81,1.1728395061728396,0.04903426446477902,678,This is quite a spotty situation!
332,2559,1,12,68,81,1.1728395061728396,0.04577900300676336,678,"So, you're saying that the male who can undo this Giraffian knot is smart enough to mate with us?"
310,2559,3,8,70,81,1.1728395061728396,0.05208647681414566,678,Maybe we shouldn't have played twister.
2818,2559,3,8,70,81,1.1728395061728396,0.05208647681414566,678,"I’m sorry, this twisted love affair of ours has to end."
586,2559,1,12,68,81,1.1728395061728396,0.04577900300676336,678,"Look, Ma! We're Siamese twins!"
1443,2559,1,12,68,81,1.1728395061728396,0.04577900300676336,678,This is definitely not how babies are made.
489,2559,3,8,70,81,1.1728395061728396,0.05208647681414566,678,Are we doing it right?
1617,2559,2,10,69,81,1.1728395061728396,0.04903426446477902,678,I'm going to need a good deep tissue massage from some baboons after this.
2614,2559,3,8,70,81,1.1728395061728396,0.05208647681414566,678,OF COURSE we'll be spotted...
2599,2559,0,14,67,81,1.1728395061728396,0.04227381152657762,678,I think we need some time apart.
2513,2559,2,10,69,81,1.1728395061728396,0.04903426446477902,678,Last time I stick my neck out for you.
2460,2559,3,8,70,81,1.1728395061728396,0.05208647681414566,678,I'm afraid we may not have children this way
2620,2559,1,12,68,81,1.1728395061728396,0.04577900300676336,678,Sorry. I'm a close-talker.
2333,2559,2,10,69,81,1.1728395061728396,0.04903426446477902,678,"You look right, I’ll look left, you look left, I’ll look right , etc. etc."
1550,2559,1,12,68,81,1.1728395061728396,0.04577900300676336,678,Maybe we should sync our GPS.
2221,2559,3,8,70,81,1.1728395061728396,0.05208647681414566,678,The Necromancers
2145,2559,3,8,70,81,1.1728395061728396,0.05208647681414566,678,Trust me. I learned this from the zebras.
2059,2559,0,14,67,81,1.1728395061728396,0.04227381152657762,678,My wife doesn't understand why I like necking.
1942,2559,0,14,67,81,1.1728395061728396,0.04227381152657762,678,We are sooo gulletable.
1791,2559,1,12,68,81,1.1728395061728396,0.04577900300676336,678,That's the last time I give you directions!
1722,2559,1,12,68,81,1.1728395061728396,0.04577900300676336,678,The champagne! We forgot the champagne!
1673,2559,3,8,70,81,1.1728395061728396,0.05208647681414566,678,"I swear, this is the last time I'm doing a team-building event."
2185,2559,2,10,69,81,1.1728395061728396,0.04903426446477902,678,Forgot to tell you I'm a Vegan.
5024,2627,0,14,68,82,1.170731707317073,0.04180826184428594,678,Here she comes again.
2936,2627,1,12,69,82,1.170731707317073,0.045266376933577414,678,I think we should try a different conditioner.
3920,2627,2,10,70,82,1.170731707317073,0.048478438536580806,678,I say we leave the medical symbol to the snakes.
804,2627,2,10,70,82,1.170731707317073,0.048478438536580806,678,This isn't what I meant when I suggested a little playful necking!
1307,2627,0,14,68,82,1.170731707317073,0.04180826184428594,678,I did ask for neck tie.
3524,2632,2,9,68,79,1.1645569620253164,0.04910883774276407,678,Let's try the Hokey-Pokey with our legs instead.
3447,2632,1,11,67,79,1.1645569620253164,0.04568487714355834,678,Twister...is not for giraffes.
3527,2632,2,9,68,79,1.1645569620253164,0.04910883774276407,678,Can you tell I love you?
3607,2632,0,13,66,79,1.1645569620253164,0.04198259228297974,678,Well if this is necking we should go back to kisses.
3619,2632,1,11,67,79,1.1645569620253164,0.04568487714355834,678,'My mother always told me to be careful about necking.'
3648,2632,1,11,67,79,1.1645569620253164,0.04568487714355834,678,I assumed we’d be really good at ‘necking’.
3672,2632,0,13,66,79,1.1645569620253164,0.04198259228297974,678,I said turn COUNTER-clockwise!
3679,2632,2,9,68,79,1.1645569620253164,0.04910883774276407,678,Do you have your GPS?
3696,2632,0,13,66,79,1.1645569620253164,0.04198259228297974,678,I told you necking could have consequences.
3752,2632,1,11,67,79,1.1645569620253164,0.04568487714355834,678,The okapi's never seem to have this problem.
3757,2632,2,9,68,79,1.1645569620253164,0.04910883774276407,678,I'm at my necks' end with you
3788,2632,3,7,69,79,1.1645569620253164,0.05230915683958439,678,Now you know why I am not much of a hugger.
3856,2632,2,9,68,79,1.1645569620253164,0.04910883774276407,678,You do the hokey pokey and turn yourself around.
3899,2632,1,11,67,79,1.1645569620253164,0.04568487714355834,678,It's called the pretzel hug.
3963,2632,1,11,67,79,1.1645569620253164,0.04568487714355834,678,I believe this would qualify as codependence.
3978,2632,1,11,67,79,1.1645569620253164,0.04568487714355834,678,What if we tried twisting some more?
3992,2632,2,9,68,79,1.1645569620253164,0.04910883774276407,678,"Round and around and up and down we go"" -- what is it you don't understand about that"
3750,2632,0,13,66,79,1.1645569620253164,0.04198259228297974,678,"Okay, I admit our relationship has become somewhat twisted."
3425,2632,0,13,66,79,1.1645569620253164,0.04198259228297974,678,"Gerry, this is why they say giraffes can't dance."
2909,2632,2,9,68,79,1.1645569620253164,0.04910883774276407,678,"Now we know why vultures circle overhead.  Also, we're doomed."
3376,2632,2,9,68,79,1.1645569620253164,0.04910883774276407,678,I'm sure we'll find a lesson in here somewhere.
2831,2632,0,13,66,79,1.1645569620253164,0.04198259228297974,678,"As I see it, this will be our close on the ""Anyone Can Dance"" show."
4104,2632,3,7,69,79,1.1645569620253164,0.05230915683958439,678,"After all these years, 
we still don’t see eye to eye."
2925,2632,3,7,69,79,1.1645569620253164,0.05230915683958439,678,"You go first. No, you go first. No, I'll go first. No, I'll go first. No, you go first."
2983,2632,1,11,67,79,1.1645569620253164,0.04568487714355834,678,"If this is your idea of screwing, forgetaboutit!"
2993,2632,1,11,67,79,1.1645569620253164,0.04568487714355834,678,"I don't know, Gina, but Position #10 is just not working for me."
3005,2632,2,9,68,79,1.1645569620253164,0.04910883774276407,678,"Necking is OK, but nothing else."
3114,2632,1,11,67,79,1.1645569620253164,0.04568487714355834,678,No you hang up first.
3125,2632,2,9,68,79,1.1645569620253164,0.04910883774276407,678,I don't care what the zoologists say. We've GOT to have more than seven bones in each of our necks.
3402,2632,1,11,67,79,1.1645569620253164,0.04568487714355834,678,Hey Humans!  Haven't you seen a couple necking before?
3144,2632,1,11,67,79,1.1645569620253164,0.04568487714355834,678,"Watson, do you feel a Crick in your neck, too?"
3164,2632,2,9,68,79,1.1645569620253164,0.04910883774276407,678,"No, Lorraine, I can't reach my cigarettes either."
3196,2632,1,11,67,79,1.1645569620253164,0.04568487714355834,678,I have nothing to say to you!
3213,2632,1,11,67,79,1.1645569620253164,0.04568487714355834,678,"Look, just because you saw a picture about genetics doesn’t mean this is how you make babies."
3230,2632,1,11,67,79,1.1645569620253164,0.04568487714355834,678,These Samba lessons don't seem to be working for us.
3231,2632,2,9,68,79,1.1645569620253164,0.04910883774276407,678,That's the last time we go to Arthur Murray's together!
3252,2632,1,11,67,79,1.1645569620253164,0.04568487714355834,678,This would be very romantic if that Cartoonist would hand us our champaign... instead of sitting there like a dumb-ass.
3272,2632,1,11,67,79,1.1645569620253164,0.04568487714355834,678,See you around!
3299,2632,4,5,70,79,1.1645569620253164,0.0553246584633954,678,I've been staring at it for hours. I can't make it funny. I am now frustrated and tired. Thank you Victoria Roberts.
3155,2632,3,7,69,79,1.1645569620253164,0.05230915683958439,678,"In 2019,
even necking is twisted."
4118,2632,2,9,68,79,1.1645569620253164,0.04910883774276407,678,At least we didn't lock our braces again.
4608,2632,1,11,67,79,1.1645569620253164,0.04568487714355834,678,Wow!  I've never been to a chiropractor before.
4128,2632,1,11,67,79,1.1645569620253164,0.04568487714355834,678,"OK, now get the champagne"
4807,2632,0,13,66,79,1.1645569620253164,0.04198259228297974,678,Ooh! I found my missing sock!
4900,2632,1,11,67,79,1.1645569620253164,0.04568487714355834,678,You know I’m beginning to doubt this whole ‘survival of the fittest’ thing.
4914,2632,2,9,68,79,1.1645569620253164,0.04910883774276407,678,YOU NEVER ASKED PERMISSION!
4941,2632,0,13,66,79,1.1645569620253164,0.04198259228297974,678,I'm not sure that two heads really are better than one.
4993,2632,2,9,68,79,1.1645569620253164,0.04910883774276407,678,"I love you too, but I can't handle another copyright suit from the AMA."
5002,2632,3,7,69,79,1.1645569620253164,0.05230915683958439,678,"On the count of three, my right your left."
5130,2632,0,13,66,79,1.1645569620253164,0.04198259228297974,678,"Wait a minute, which one is me?"
5158,2632,1,11,67,79,1.1645569620253164,0.04568487714355834,678,"I think we are doing these dance steps wrong...well they do, call it the twist"
4771,2632,1,11,67,79,1.1645569620253164,0.04568487714355834,678,"This isn't helping my digestion, either"
5167,2632,0,13,66,79,1.1645569620253164,0.04198259228297974,678,O.K. So I’m dating Thelma . You don’t have to get so bent out of shape over it .
5272,2632,1,11,67,79,1.1645569620253164,0.04568487714355834,678,Maybe we should rethink the 'highest leaf' ' bet...
5276,2632,1,11,67,79,1.1645569620253164,0.04568487714355834,678,Are you sure you've necked before?
5278,2632,2,9,68,79,1.1645569620253164,0.04910883774276407,678,Let's just stick with bear hugs.
5286,2632,1,11,67,79,1.1645569620253164,0.04568487714355834,678,Could this be love?
5300,2632,1,11,67,79,1.1645569620253164,0.04568487714355834,678,You sure this is going to fix my back problems?
5354,2632,2,9,68,79,1.1645569620253164,0.04910883774276407,678,I knew our race would be neck and neck
5360,2632,1,11,67,79,1.1645569620253164,0.04568487714355834,678,"I love necking with you, Honey!"
2792,2632,1,11,67,79,1.1645569620253164,0.04568487714355834,678,It’s a wrap!
5223,2632,3,7,69,79,1.1645569620253164,0.05230915683958439,678,Where’s my watch ?
4125,2632,1,11,67,79,1.1645569620253164,0.04568487714355834,678,"It's a question of consent, Tyler!"
4747,2632,0,13,66,79,1.1645569620253164,0.04198259228297974,678,I hate it when the wind picks up like that
4689,2632,1,11,67,79,1.1645569620253164,0.04568487714355834,678,Maybe we should have started with Downward Dog.
4210,2632,0,13,66,79,1.1645569620253164,0.04198259228297974,678,"okay....this time you go to the right, and i'll go to the left"
4216,2632,4,5,70,79,1.1645569620253164,0.0553246584633954,678,You really need to subscribe a different adult magazine.
4217,2632,1,11,67,79,1.1645569620253164,0.04568487714355834,678,Come on baby. Twist and shout!
4238,2632,0,13,66,79,1.1645569620253164,0.04198259228297974,678,"No, I asked you if you wanted to Tango."
4378,2632,1,11,67,79,1.1645569620253164,0.04568487714355834,678,WHAT IS IT ABOUT 'NO' YOU DON'T UNDERSTAND?
4406,2632,2,9,68,79,1.1645569620253164,0.04910883774276407,678,"Is it ""righty-tighty""?"
4426,2632,2,9,68,79,1.1645569620253164,0.04910883774276407,678,Over there. Where? There. Where? There. Where? There. Where?
4433,2632,1,11,67,79,1.1645569620253164,0.04568487714355834,678,Very nice of you to indulge my inner boa.
4737,2632,2,9,68,79,1.1645569620253164,0.04910883774276407,678,I wanted to be the little spoon!
4443,2632,2,9,68,79,1.1645569620253164,0.04910883774276407,678,I think we’re stuck at foreplay.
4474,2632,1,11,67,79,1.1645569620253164,0.04568487714355834,678,"So this is what, ‘Netflix and chill’ means?"
4497,2632,2,9,68,79,1.1645569620253164,0.04910883774276407,678,Why do we need pigtails?
4530,2632,1,11,67,79,1.1645569620253164,0.04568487714355834,678,"Ok, now take a step and shout."
4547,2632,3,7,69,79,1.1645569620253164,0.05230915683958439,678,WOW! So this is how you do the twist.
4571,2632,2,9,68,79,1.1645569620253164,0.04910883774276407,678,Rewind the video so we can see this part again.  I'm not sure we've done this right.
4575,2632,1,11,67,79,1.1645569620253164,0.04568487714355834,678,"I'm all for romance....but this ""necking"" thing just doesn't do it for me!"
4605,2632,1,11,67,79,1.1645569620253164,0.04568487714355834,678,Why this? I think it's just in our DNA
4683,2632,2,9,68,79,1.1645569620253164,0.04910883774276407,678,We should never have listened to that god damned Chubby Checker!
4466,2632,2,9,68,79,1.1645569620253164,0.04910883774276407,678,Are you sure that this is how we do-si-do?
2769,2632,1,11,67,79,1.1645569620253164,0.04568487714355834,678,"Thanks, but I'm not Russ."
1944,2632,4,5,70,79,1.1645569620253164,0.0553246584633954,678,"MADE YOU LOOK,MADE YOU LOOK MADE YOU LOOK !!"
2673,2632,1,11,67,79,1.1645569620253164,0.04568487714355834,678,I have separation anxiety
815,2632,2,9,68,79,1.1645569620253164,0.04910883774276407,678,So THIS is what they call necking!
825,2632,2,9,68,79,1.1645569620253164,0.04910883774276407,678,"Wait, who brought the selfie stick?"
877,2632,2,9,68,79,1.1645569620253164,0.04910883774276407,678,Long time no see!
879,2632,1,11,67,79,1.1645569620253164,0.04568487714355834,678,A promise ring would have been easier.
941,2632,2,9,68,79,1.1645569620253164,0.04910883774276407,678,When you said we should goes as DNA for Halloween this is what I had in mind Karl
951,2632,0,13,66,79,1.1645569620253164,0.04198259228297974,678,Maybe we shouldn't try necking anymore.
965,2632,1,11,67,79,1.1645569620253164,0.04568487714355834,678,We have to stop necking!
1004,2632,0,13,66,79,1.1645569620253164,0.04198259228297974,678,"Necking is so awkward for us, Stanley!"
1033,2632,1,11,67,79,1.1645569620253164,0.04568487714355834,678,"Because it's in our DNA, that's why."
1034,2632,1,11,67,79,1.1645569620253164,0.04568487714355834,678,What am I looking at?
1043,2632,1,11,67,79,1.1645569620253164,0.04568487714355834,678,Maybe Twister was a bad idea on a first date.
1084,2632,1,11,67,79,1.1645569620253164,0.04568487714355834,678,"O.K., Good foreplay, but now what?"
1087,2632,0,13,66,79,1.1645569620253164,0.04198259228297974,678,You are such a pain in the neck!
1134,2632,2,9,68,79,1.1645569620253164,0.04910883774276407,678,Let's face it we can't lead up with a faux kiss!
1200,2632,1,11,67,79,1.1645569620253164,0.04568487714355834,678,How come you cannot dance? What continent are you from anyway?
1219,2632,1,11,67,79,1.1645569620253164,0.04568487714355834,678,Maybe if we get her to run circles in the other direction?
1222,2632,1,11,67,79,1.1645569620253164,0.04568487714355834,678,You're the one who wanted a Jewish wedding...
803,2632,0,13,66,79,1.1645569620253164,0.04198259228297974,678,What fresh hell is this?!
772,2632,2,9,68,79,1.1645569620253164,0.04910883774276407,678,We really should stop meeting like this.
771,2632,2,9,68,79,1.1645569620253164,0.04910883774276407,678,Me  love you looong time!
768,2632,3,7,69,79,1.1645569620253164,0.05230915683958439,678,Is that my butt or is that yours?
69,2632,3,7,69,79,1.1645569620253164,0.05230915683958439,678,Long necks are in our DNA.
70,2632,1,11,67,79,1.1645569620253164,0.04568487714355834,678,I'm assuming this isn't in the Kama Sutra.
108,2632,1,11,67,79,1.1645569620253164,0.04568487714355834,678,"Okay now they can't sneak up on us, but how are we going to run away?"
205,2632,2,9,68,79,1.1645569620253164,0.04910883774276407,678,This is probably why the yoga instructor told us to spread out.
321,2632,1,11,67,79,1.1645569620253164,0.04568487714355834,678,Hurry...my parents will FREAK if they catch us necking!
366,2632,2,9,68,79,1.1645569620253164,0.04910883774276407,678,I don't think anyone will believe we're a two-headed giraffe.
423,2632,1,11,67,79,1.1645569620253164,0.04568487714355834,678,I am sorry. He is new to the documentary business.
425,2632,1,11,67,79,1.1645569620253164,0.04568487714355834,678,This is twisted!
1226,2632,0,13,66,79,1.1645569620253164,0.04198259228297974,678,Agreed... straight line micro-bursts are rare on the Serengeti.
464,2632,1,11,67,79,1.1645569620253164,0.04568487714355834,678,I thought French Kissing was supposed to be fun.
629,2632,2,9,68,79,1.1645569620253164,0.04910883774276407,678,Do you think this will become as popular as goat yoga?
643,2632,3,7,69,79,1.1645569620253164,0.05230915683958439,678,"Sorry, Bette, but I'm just not ready to tie the knot."
669,2632,2,9,68,79,1.1645569620253164,0.04910883774276407,678,"Though long on enthusiasm, it was obvious that neither of the young lovers had any necking experience."
680,2632,2,9,68,79,1.1645569620253164,0.04910883774276407,678,I'm not that fond of necking.
689,2632,1,11,67,79,1.1645569620253164,0.04568487714355834,678,Are you sure this is the best way to dry off?
722,2632,2,9,68,79,1.1645569620253164,0.04910883774276407,678,Wait for it!.....
738,2632,2,9,68,79,1.1645569620253164,0.04910883774276407,678,Twister isn't as much fun as I thought.
745,2632,3,7,69,79,1.1645569620253164,0.05230915683958439,678,Next time let’s just twerk.
481,2632,1,11,67,79,1.1645569620253164,0.04568487714355834,678,You must stop downloading those porn flicks.
1247,2632,0,13,66,79,1.1645569620253164,0.04198259228297974,678,And you were nervous our date would leave you tongue tied...
1132,2632,2,9,68,79,1.1645569620253164,0.04910883774276407,678,I guess that WAS Chubby Checker driving around us.
1377,2632,3,7,69,79,1.1645569620253164,0.05230915683958439,678,Now right foot yellow.
2003,2632,1,11,67,79,1.1645569620253164,0.04568487714355834,678,No more stargazing.
2086,2632,1,11,67,79,1.1645569620253164,0.04568487714355834,678,You Really Have a  Hold on Me!
2101,2632,1,11,67,79,1.1645569620253164,0.04568487714355834,678,Chubby Checker eat your heart out.
2156,2632,1,11,67,79,1.1645569620253164,0.04568487714355834,678,"Wow! This new diet is really slimming me down- wait, no, that's you... I think."
1259,2632,1,11,67,79,1.1645569620253164,0.04568487714355834,678,This extreme hugging is getting out of hand
2226,2632,0,13,66,79,1.1645569620253164,0.04198259228297974,678,What do you mean “ stop rubbernecking”?
2246,2632,1,11,67,79,1.1645569620253164,0.04568487714355834,678,"Oh, wonderful! How in hell are we supposed to drink water now?"
2269,2632,0,13,66,79,1.1645569620253164,0.04198259228297974,678,Alright I promise not to leave you.
1965,2632,2,9,68,79,1.1645569620253164,0.04910883774276407,678,Where is Chubby Checker when you really need him?
2277,2632,0,13,66,79,1.1645569620253164,0.04198259228297974,678,"No no no, I said you go left and I go right!"
2285,2632,4,5,70,79,1.1645569620253164,0.0553246584633954,678,"In a twist"""
2288,2632,1,11,67,79,1.1645569620253164,0.04568487714355834,678,I can't breathe Chad!
2367,2632,1,11,67,79,1.1645569620253164,0.04568487714355834,678,Keep looking around
2443,2632,2,9,68,79,1.1645569620253164,0.04910883774276407,678,my mother told me necking will lead us to the road to ruin
2512,2632,1,11,67,79,1.1645569620253164,0.04568487714355834,678,Skip the Twist.  Let’s Tango for courtships.
2570,2632,2,9,68,79,1.1645569620253164,0.04910883774276407,678,"I knew we shouldn't have signed up for the 8-legged race"""
2584,2632,1,11,67,79,1.1645569620253164,0.04568487714355834,678,"This relationship has become entirely too twisted, Bob."
2648,2632,2,9,68,79,1.1645569620253164,0.04910883774276407,678,SGAFU!
2282,2632,0,13,66,79,1.1645569620253164,0.04198259228297974,678,We are in a bit of a twist.
2725,2632,4,5,70,79,1.1645569620253164,0.0553246584633954,678,"You have the right to remain silent. Anything you say can be used against you in court. You have the right to have a lawyer with you during questioning. If you cannot afford a lawyer, one will be appointed for you before any questioning if you wish."
2166,2632,0,13,66,79,1.1645569620253164,0.04198259228297974,678,"Great for bonding, but not desert adaptive."
1930,2632,2,9,68,79,1.1645569620253164,0.04910883774276407,678,What?  You haven't ever seen identical twin giraffes?
1403,2632,1,11,67,79,1.1645569620253164,0.04568487714355834,678,31 and me.
1407,2632,3,7,69,79,1.1645569620253164,0.05230915683958439,678,"From now on, no foreplay. Necking goes nowhere."
1937,2632,2,9,68,79,1.1645569620253164,0.04910883774276407,678,Now this is what I call necking!
1508,2632,1,11,67,79,1.1645569620253164,0.04568487714355834,678,My mother warned me about necking.
1547,2632,2,9,68,79,1.1645569620253164,0.04910883774276407,678,We’re corkscrewed
1565,2632,3,7,69,79,1.1645569620253164,0.05230915683958439,678,Why knot?
1577,2632,1,11,67,79,1.1645569620253164,0.04568487714355834,678,Are you sure this is the only way we can make babies?
1579,2632,1,11,67,79,1.1645569620253164,0.04568487714355834,678,"Let's try kissing with our eyes opened, the next time.........."
1480,2632,1,11,67,79,1.1645569620253164,0.04568487714355834,678,This is getting a little too kinky for me.
1785,2632,1,11,67,79,1.1645569620253164,0.04568487714355834,678,"I told you, we were too old to play Twister, didn’t I"
1800,2632,0,13,66,79,1.1645569620253164,0.04198259228297974,678,"Stop, I’m getting dizzy!"
1810,2632,2,9,68,79,1.1645569620253164,0.04910883774276407,678,"Based on our clockwise necking, we are either in the Northern Hemisphere or Hopelessly In Love, Coriolis Effect be damned!"
1833,2632,2,9,68,79,1.1645569620253164,0.04910883774276407,678,"Hon, let's not find out what it means to move at breakneck speed."
1877,2632,0,13,66,79,1.1645569620253164,0.04198259228297974,678,"Righty, tighty - lefty, loosey."
1898,2632,2,9,68,79,1.1645569620253164,0.04910883774276407,678,when molecular biologists and zoologists play charades...
1905,2632,1,11,67,79,1.1645569620253164,0.04568487714355834,678,"Promise me we’ll never get high at a party again, and play Twister."
1906,2632,3,7,69,79,1.1645569620253164,0.05230915683958439,678,I thought you said you knew how to salsa!
1669,2632,3,7,69,79,1.1645569620253164,0.05230915683958439,678,It was good for me. Was it good for you?
2761,2802,2,7,58,67,1.164179104477612,0.054623479615184975,678,Could we just swat him next time?
2895,2803,1,10,65,76,1.1578947368421053,0.0460839492511007,678,Is that really what my ass looks like?!
3046,2803,1,10,65,76,1.1578947368421053,0.0460839492511007,678,Let's call it quits. In a neck and neck situation no one gets the upper neck.
3047,2803,1,10,65,76,1.1578947368421053,0.0460839492511007,678,These new zoo attractions are getting really weird...
3392,2803,2,8,66,76,1.1578947368421053,0.049745427644764306,678,Looks like we'll be neck and neck in our race to the hills.
3582,2803,1,10,65,76,1.1578947368421053,0.0460839492511007,678,Go to third! Go to third!
4928,2803,1,10,65,76,1.1578947368421053,0.0460839492511007,678,One more twist and your shins are history.
4320,2803,2,8,66,76,1.1578947368421053,0.049745427644764306,678,"Well, this is certainly a new twist on necking."
4348,2803,2,8,66,76,1.1578947368421053,0.049745427644764306,678,"We're so connected, it hurts."
4751,2803,1,10,65,76,1.1578947368421053,0.0460839492511007,678,Thank goodness we didn't enter the sack race!
5087,2803,1,10,65,76,1.1578947368421053,0.0460839492511007,678,I don't get what they see in doing the twist.
2534,2803,1,10,65,76,1.1578947368421053,0.0460839492511007,678,I was thinking just 'one' kiss
3669,2803,1,10,65,76,1.1578947368421053,0.0460839492511007,678,I thought you said there wasn't a safari coming today?
2403,2803,0,12,64,76,1.1578947368421053,0.04210526315789474,678,"This kinky sex has got to stop, but let's do it again."
824,2803,1,10,65,76,1.1578947368421053,0.0460839492511007,678,So do you suppose this is what he meant when he said we shared the same DNA?
1979,2803,1,10,65,76,1.1578947368421053,0.0460839492511007,678,Wait a minute!  You’re a lefty?!
2232,2803,1,10,65,76,1.1578947368421053,0.0460839492511007,678,I’m not sure this double helix position is going to work
31,2803,0,12,64,76,1.1578947368421053,0.04210526315789474,678,Now What?
164,2803,0,12,64,76,1.1578947368421053,0.04210526315789474,678,I think you're supposed to do-si-do your whole body.
886,2803,2,8,66,76,1.1578947368421053,0.049745427644764306,678,I hate it whenever you get python-envy.
1009,2803,2,8,66,76,1.1578947368421053,0.049745427644764306,678,let's try that again
655,2803,1,10,65,76,1.1578947368421053,0.0460839492511007,678,This is not like we did last summer.
1232,2803,2,8,66,76,1.1578947368421053,0.049745427644764306,678,Another necktie?
1446,2803,0,12,64,76,1.1578947368421053,0.04210526315789474,678,OK. This time let's try YOU go to the right and I'LL go to the left.
1634,2803,1,10,65,76,1.1578947368421053,0.0460839492511007,678,Evolution didn't see this coming
1876,2803,0,12,64,76,1.1578947368421053,0.04210526315789474,678,Do they spell ‘love’ now?
1117,2803,1,10,65,76,1.1578947368421053,0.0460839492511007,678,No more Red Bulls for you!
3264,2829,1,8,55,64,1.15625,0.05087893153952011,678,Is this what Chubby Checker really meant?
3357,2830,1,10,66,77,1.155844155844156,0.04552772158797496,678,Do you sometimes wonder if this bonding ritual hasn't gotten out of hand?
3444,2830,1,10,66,77,1.155844155844156,0.04552772158797496,678,I don't think this is how we are meant to replicate.
3396,2830,0,12,65,77,1.155844155844156,0.04160540750111606,678,"I enjoyed the dance lessons until ""the Twist!"
3429,2830,3,6,68,77,1.155844155844156,0.0525004803055042,678,Now people will KNOW we have the exact same DNA!
3433,2830,1,10,66,77,1.155844155844156,0.04552772158797496,678,And this is the DOUBLE helix...
3482,2830,2,8,67,77,1.155844155844156,0.04913793781438531,678,I guess we've gone beyond petting to necking.
3635,2830,3,6,68,77,1.155844155844156,0.0525004803055042,678,The tango may just not be your thing.
3533,2830,0,12,65,77,1.155844155844156,0.04160540750111606,678,Hold me tight.
3545,2830,2,8,67,77,1.155844155844156,0.04913793781438531,678,Twister is not a good game for us!
3563,2830,2,8,67,77,1.155844155844156,0.04913793781438531,678,"Are you sure this safari was ""neck-tie & tails?"""
3342,2830,2,8,67,77,1.155844155844156,0.04913793781438531,678,RIGHTY-TIGHTY LEFTY-LOOSEY! RIGHTY-TIGHTY LEFTY-LOOSEY!!!
3771,2830,1,10,66,77,1.155844155844156,0.04552772158797496,678,"Now then, one more twist and your spinal adjustment will be complete."
3519,2830,1,10,66,77,1.155844155844156,0.04552772158797496,678,"At times, I feel like you’re strangling me to death."
3334,2830,1,10,66,77,1.155844155844156,0.04552772158797496,678,And we're doing this because...
3141,2830,2,8,67,77,1.155844155844156,0.04913793781438531,678,Now shout!
3294,2830,5,2,70,77,1.155844155844156,0.058650042042824715,678,I always enjoy a patterned necktie.
2966,2830,1,10,66,77,1.155844155844156,0.04552772158797496,678,It’s too bad thumb wrestling isn’t an option.
2968,2830,0,12,65,77,1.155844155844156,0.04160540750111606,678,"It might be poor timing on my part, but I think I need a little more space."
2981,2830,0,12,65,77,1.155844155844156,0.04160540750111606,678,Giraffic Park -- it's a swell place to neck.
2988,2830,2,8,67,77,1.155844155844156,0.04913793781438531,678,"Is this what's called ""tying the knot""?"
2998,2830,2,8,67,77,1.155844155844156,0.04913793781438531,678,"Look,a Spotted Double Helix"
3027,2830,1,10,66,77,1.155844155844156,0.04552772158797496,678,"Sure, we're just 2 giraffes - But with a twist!"
3305,2830,3,6,68,77,1.155844155844156,0.0525004803055042,678,Can you reach the champagne flutes?
3029,2830,1,10,66,77,1.155844155844156,0.04552772158797496,678,"So Baby, how do we do the 'un-twist'?"
3089,2830,1,10,66,77,1.155844155844156,0.04552772158797496,678,"Maude, we’ve just made a major breakthrough in genetic research."
3091,2830,1,10,66,77,1.155844155844156,0.04552772158797496,678,"Elementary, my dear Crick and Watson"
3786,2830,1,10,66,77,1.155844155844156,0.04552772158797496,678,You always overdo the hugging to avoid the kissing.
3184,2830,2,8,67,77,1.155844155844156,0.04913793781438531,678,Twisters in the savanna - just another outcome of global warming.
3202,2830,2,8,67,77,1.155844155844156,0.04913793781438531,678,Our relationship is counterclockwise intuitive.
3279,2830,1,10,66,77,1.155844155844156,0.04552772158797496,678,"I hear neckties are in this season."" 
""Oh shut up Harold."
3031,2830,1,10,66,77,1.155844155844156,0.04552772158797496,678,"Oh, wow, I didn't know I had a tail!"
3840,2830,0,12,65,77,1.155844155844156,0.04160540750111606,678,I don't know why you always have to twist everything I say!
4075,2830,2,8,67,77,1.155844155844156,0.04913793781438531,678,"I don’t even like ping pong matches, anyway."
3980,2830,0,12,65,77,1.155844155844156,0.04160540750111606,678,Necking isn't as much fun as I thought it would be.
2954,2830,0,12,65,77,1.155844155844156,0.04160540750111606,678,"Oh, they'll have a field day with ""giraffe gaffe."""
5369,2830,0,12,65,77,1.155844155844156,0.04160540750111606,678,I wanted to go our separate ways.
5351,2830,2,8,67,77,1.155844155844156,0.04913793781438531,678,Darn rotaries!
5318,2830,0,12,65,77,1.155844155844156,0.04160540750111606,678,"Commendable effort, but mating for life is just not something we do."
5288,2830,2,8,67,77,1.155844155844156,0.04913793781438531,678,"Thank you, thank you! For our next trick, we're going to try to unwind."
5279,2830,3,6,68,77,1.155844155844156,0.0525004803055042,678,"I'm telling you -- This is how genetic instructions for the development,functioning,growth and reproduction of all known organisms are coded."
5271,2830,2,8,67,77,1.155844155844156,0.04913793781438531,678,"You gotta trust me, Jeff."
5262,2830,0,12,65,77,1.155844155844156,0.04160540750111606,678,I'm not sure about this whole necking thing.
5249,2830,2,8,67,77,1.155844155844156,0.04913793781438531,678,I guess we forgot how we did the Twist last summer
5120,2830,1,10,66,77,1.155844155844156,0.04552772158797496,678,These selfies are a pain in our necks but think of the followers we'll get!
4898,2830,0,12,65,77,1.155844155844156,0.04160540750111606,678,I thought necking would be more intimate.
4803,2830,0,12,65,77,1.155844155844156,0.04160540750111606,678,What comes after righty tighty...?
4730,2830,0,12,65,77,1.155844155844156,0.04160540750111606,678,This is not what I had in mind when I said I wanted a hug.
4711,2830,1,10,66,77,1.155844155844156,0.04552772158797496,678,Neck and neck...a new twist?
3851,2830,2,8,67,77,1.155844155844156,0.04913793781438531,678,I love the T-W-A-N-G when we unwind!
4648,2830,1,10,66,77,1.155844155844156,0.04552772158797496,678,"This is giving me a crick in the neck, Watson."
4503,2830,2,8,67,77,1.155844155844156,0.04913793781438531,678,"Wait. My right, or your right?"
4489,2830,2,8,67,77,1.155844155844156,0.04913793781438531,678,We just don’t see eye-to-eye on anything anymore.
4458,2830,1,10,66,77,1.155844155844156,0.04552772158797496,678,"By  close, I  meant reasonably."
4436,2830,1,10,66,77,1.155844155844156,0.04552772158797496,678,"For the neck-shake: on three, you turn right, i turn left YO!"
4422,2830,1,10,66,77,1.155844155844156,0.04552772158797496,678,"Mama loves mambo, not samba."
4409,2830,2,8,67,77,1.155844155844156,0.04913793781438531,678,You animal! This is what I get for tying the knot with you.
4393,2830,3,6,68,77,1.155844155844156,0.0525004803055042,678,Ew! Who farted?
4334,2830,2,8,67,77,1.155844155844156,0.04913793781438531,678,I see animal print wraps are back this Fall.
4286,2830,1,10,66,77,1.155844155844156,0.04552772158797496,678,We should go now.
4280,2830,2,8,67,77,1.155844155844156,0.04913793781438531,678,We’re reporting live from our mobile unit on the plains of Angola.
4106,2830,0,12,65,77,1.155844155844156,0.04160540750111606,678,I'm not sure the chiropractor would approve
4070,2830,0,12,65,77,1.155844155844156,0.04160540750111606,678,I didn't think we would end up like this.
4024,2830,2,8,67,77,1.155844155844156,0.04913793781438531,678,"In this race  babe , we’re neck and neck"
3990,2830,0,12,65,77,1.155844155844156,0.04160540750111606,678,This is the last time we go on the tilt-a-whirl together.
4553,2830,2,8,67,77,1.155844155844156,0.04913793781438531,678,I said “Tango!” Not “Tangle!”
2915,2830,1,10,66,77,1.155844155844156,0.04552772158797496,678,I thought you were going in for a hug.
2958,2830,2,8,67,77,1.155844155844156,0.04913793781438531,678,Wonder what Darwin would make of this one?
2900,2830,2,8,67,77,1.155844155844156,0.04913793781438531,678,"Victoria, it's called a French Twist."
1488,2830,1,10,66,77,1.155844155844156,0.04552772158797496,678,I normally go for the traditional two-twist greeting
1479,2830,2,8,67,77,1.155844155844156,0.04913793781438531,678,"Actually, maybe we should rethink tying the knot."
1422,2830,1,10,66,77,1.155844155844156,0.04552772158797496,678,I told you. You need to use Waze
1357,2830,2,8,67,77,1.155844155844156,0.04913793781438531,678,You really think they'll believe we're just one giraffe.
1251,2830,2,8,67,77,1.155844155844156,0.04913793781438531,678,No more dancing around the Maypole!
1158,2830,1,10,66,77,1.155844155844156,0.04552772158797496,678,We've got to stop meeting this way.
1153,2830,0,12,65,77,1.155844155844156,0.04160540750111606,678,Is this really how boa constrictors get their food?
1038,2830,3,6,68,77,1.155844155844156,0.0525004803055042,678,I'll see you around.
1035,2830,1,10,66,77,1.155844155844156,0.04552772158797496,678,But I can't shout when my neck is twisted!
946,2830,2,8,67,77,1.155844155844156,0.04913793781438531,678,"I told you,""Square Dancing is dangerous."""
857,2830,3,6,68,77,1.155844155844156,0.0525004803055042,678,"How these humans can have sex after necking, I never know."
827,2830,2,8,67,77,1.155844155844156,0.04913793781438531,678,twill always be en'twine
818,2830,0,12,65,77,1.155844155844156,0.04160540750111606,678,"No,YOU turn left."
792,2830,2,8,67,77,1.155844155844156,0.04913793781438531,678,"I told you to go right, Henrietta.  Go right!"
1551,2830,2,8,67,77,1.155844155844156,0.04913793781438531,678,Now I think we're supposed to shout...
598,2830,0,12,65,77,1.155844155844156,0.04160540750111606,678,Which end do we use to unwind?
542,2830,1,10,66,77,1.155844155844156,0.04552772158797496,678,"Stop squeezing.  We are not reticulated giraffes, and we should not pretend to be reticulated pythons."
531,2830,2,8,67,77,1.155844155844156,0.04913793781438531,678,"In the competition to redesign the ""bear hug,"" Marla and Roger were neck and neck."
512,2830,2,8,67,77,1.155844155844156,0.04913793781438531,678,No more tether ball
440,2830,2,8,67,77,1.155844155844156,0.04913793781438531,678,It looked easier in the sex manual.
420,2830,1,10,66,77,1.155844155844156,0.04552772158797496,678,"I knew first kisses could be awkward, but ..."
400,2830,0,12,65,77,1.155844155844156,0.04160540750111606,678,Next time you dip and I lead.
319,2830,0,12,65,77,1.155844155844156,0.04160540750111606,678,"In my own twisted way, I love you."
299,2830,2,8,67,77,1.155844155844156,0.04913793781438531,678,Damn it! Turn to MY left. MY LEFT!
297,2830,1,10,66,77,1.155844155844156,0.04552772158797496,678,"Fine. So you can walk circles around me. Now, what?"
293,2830,1,10,66,77,1.155844155844156,0.04552772158797496,678,Is this what you had in mind when you said we need to reconnect?
284,2830,0,12,65,77,1.155844155844156,0.04160540750111606,678,"Number one, our spouses might not even notice."
120,2830,1,10,66,77,1.155844155844156,0.04552772158797496,678,"What part of  ""on your left""  didn't you understand?"
42,2830,1,10,66,77,1.155844155844156,0.04552772158797496,678,"'well, we can scratch off 'chasing tornadoes' off your bucket list'"
11,2830,3,6,68,77,1.155844155844156,0.0525004803055042,678,"From the top, and this time a little less do-si and a bit more -do."
558,2830,3,6,68,77,1.155844155844156,0.0525004803055042,678,Call it whatever you want but I’m pretty sure the correct term is girgaffe.
1554,2830,2,8,67,77,1.155844155844156,0.04913793781438531,678,This is how you do the “Hokey Pokey?”
1383,2830,1,10,66,77,1.155844155844156,0.04552772158797496,678,This couple’s yoga is not as fun as it looks.
1614,2830,2,8,67,77,1.155844155844156,0.04913793781438531,678,It feels as though this relationship is just too much of a stretch.
2904,2830,2,8,67,77,1.155844155844156,0.04913793781438531,678,Are you sure we didn't catch it?
2872,2830,2,8,67,77,1.155844155844156,0.04913793781438531,678,Which way did you say she went?
2829,2830,1,10,66,77,1.155844155844156,0.04552772158797496,678,I don’t understand why the teenagers are so into this necking thing.
2807,2830,0,12,65,77,1.155844155844156,0.04160540750111606,678,This is not what I meant by ‘serious necking’
2797,2830,1,10,66,77,1.155844155844156,0.04552772158797496,678,My therapist thinks we need better boundaries.
2787,2830,1,10,66,77,1.155844155844156,0.04552772158797496,678,"Look, if we figured out how to avoid being eaten on the ark, surely we can sort this out."
2740,2830,1,10,66,77,1.155844155844156,0.04552772158797496,678,This was knot what I had in mind when you said you wanted to get together.
2728,2830,1,10,66,77,1.155844155844156,0.04552772158797496,678,Now all we have to do is shout!
2721,2830,1,10,66,77,1.155844155844156,0.04552772158797496,678,And I love you too. But couldn't you be the one walking backwards sometimes?
2697,2830,2,8,67,77,1.155844155844156,0.04913793781438531,678,I always said you were twisted!
1606,2830,1,10,66,77,1.155844155844156,0.04552772158797496,678,I think we nailed our impersonation of a twisty straw
2492,2830,2,8,67,77,1.155844155844156,0.04913793781438531,678,"This is good, Jeff. Now let's add our tails."
2481,2830,0,12,65,77,1.155844155844156,0.04160540750111606,678,You have really become a pain in the neck.
2473,2830,0,12,65,77,1.155844155844156,0.04160540750111606,678,Those ‘couples yoga’ posts on Instagram make it look so easy.
2464,2830,2,8,67,77,1.155844155844156,0.04913793781438531,678,I love an animal themed necktie.
2615,2830,2,8,67,77,1.155844155844156,0.04913793781438531,678,I'm done sticking my neck out for you.
2379,2830,1,10,66,77,1.155844155844156,0.04552772158797496,678,Let’s think about this.
1632,2830,0,12,65,77,1.155844155844156,0.04160540750111606,678,The Joy of Necks.
1685,2830,0,12,65,77,1.155844155844156,0.04160540750111606,678,I just don't understand what humans see in necking....
2433,2830,3,6,68,77,1.155844155844156,0.0525004803055042,678,I’ve heard this is why people are buying cordless giraffes.
1770,2830,0,12,65,77,1.155844155844156,0.04160540750111606,678,This is your idea of wooing me?
1820,2830,2,8,67,77,1.155844155844156,0.04913793781438531,678,What no Champaign glass?
1856,2830,1,10,66,77,1.155844155844156,0.04552772158797496,678,"Are you sure this is what humans mean by ""doing the twist""?"
1750,2830,1,10,66,77,1.155844155844156,0.04552772158797496,678,Forget the braid
1926,2830,3,6,68,77,1.155844155844156,0.0525004803055042,678,A bow tie would have been a better choice
1960,2830,2,8,67,77,1.155844155844156,0.04913793781438531,678,I'm starting to think finding lingerie in your size would have been easier.
1990,2830,1,10,66,77,1.155844155844156,0.04552772158797496,678,Breaking up will be hard on both of us
2004,2830,1,10,66,77,1.155844155844156,0.04552772158797496,678,I guess you could say we are definitely a couple now !
2069,2830,0,12,65,77,1.155844155844156,0.04160540750111606,678,"I said I wanted a necktie, not to tie necks."
2278,2830,1,10,66,77,1.155844155844156,0.04552772158797496,678,I told you my neck is longer..
1908,2830,0,12,65,77,1.155844155844156,0.04160540750111606,678,You go counter-clockwise and I'll stay still.
4325,2963,0,11,62,73,1.1506849315068493,0.0421602404397703,678,"It's a love, hate relationship."
4339,2963,2,7,64,73,1.1506849315068493,0.050383736280168755,678,"OK, but I'm still a better thumb wrestler."
4340,2963,2,7,64,73,1.1506849315068493,0.050383736280168755,678,Have you finished painting your caduceus yet?
4359,2963,0,11,62,73,1.1506849315068493,0.0421602404397703,678,"Dang! I thought you said ""right foot purple"". Next time we're just playing charades."
5146,2963,2,7,64,73,1.1506849315068493,0.050383736280168755,678,"Do you allude to me as an ""entanglement''?"
5067,2963,1,9,63,73,1.1506849315068493,0.0464543149529128,678,"Are you sure, Sweetie, that this necking?"
5084,2963,2,7,64,73,1.1506849315068493,0.050383736280168755,678,I'm suing for whiplash
5309,2963,0,11,62,73,1.1506849315068493,0.0421602404397703,678,"We can't neck this way."""
4059,2963,1,9,63,73,1.1506849315068493,0.0464543149529128,678,"No Cyril, you're facing east."
4715,2963,1,9,63,73,1.1506849315068493,0.0464543149529128,678,and they think they know how to neck
3834,2963,2,7,64,73,1.1506849315068493,0.050383736280168755,678,Can Darwin explaine the phase we have got ourselves in?
635,2963,1,9,63,73,1.1506849315068493,0.0464543149529128,678,I knew there’re had to be a reason why we giraffes aren’t supposed to be necking!
3465,2963,2,7,64,73,1.1506849315068493,0.050383736280168755,678,"That's the last time we play the game Twister."""
3480,2963,0,11,62,73,1.1506849315068493,0.0421602404397703,678,I'm telling you it's just like checkers! No one ever wins!
851,2963,0,11,62,73,1.1506849315068493,0.0421602404397703,678,You are twisting my words!
1656,2963,1,9,63,73,1.1506849315068493,0.0464543149529128,678,"If you ask me, necking is overrated."
2061,2963,1,9,63,73,1.1506849315068493,0.0464543149529128,678,They call it the Hokey-Pokey.... all the cool giraffes are doing it.
429,2963,0,11,62,73,1.1506849315068493,0.0421602404397703,678,Gotcha.  I didn't say go.
2157,2963,0,11,62,73,1.1506849315068493,0.0421602404397703,678,"No, the French kiss left cheek-right cheek-left cheek, not left-left-left."
3064,2963,1,9,63,73,1.1506849315068493,0.0464543149529128,678,"I warned you, don't watch Fats Domino on Youtube!"
3083,2963,0,11,62,73,1.1506849315068493,0.0421602404397703,678,Wanna keep on necking?
3442,2963,0,11,62,73,1.1506849315068493,0.0421602404397703,678,"Sure I enjoy necking, but..."
2083,2963,3,5,65,73,1.1506849315068493,0.05402812587305586,678,There’s a guy over there with a phone. He’s making a video of us!
3204,2986,2,6,59,67,1.1492537313432836,0.0531832947628186,678,"I’m not getting wrapped up in your crap anymore, Derrick!"
4557,2986,1,8,58,67,1.1492537313432836,0.048746064532998575,678,Did I just give you a hickey?
3254,2988,0,11,63,74,1.1486486486486487,0.04163642831779319,678,Chad warned me about getting entangled in a relationship with you.
3596,2988,1,9,64,74,1.1486486486486487,0.04586747660388901,678,I think we should move in together.
3275,2988,1,9,64,74,1.1486486486486487,0.04586747660388901,678,I really don't think this is the right way to do it...
3478,2988,1,9,64,74,1.1486486486486487,0.04586747660388901,678,"In a previous lifetime, we were swans."
3502,2988,1,9,64,74,1.1486486486486487,0.04586747660388901,678,This counts as fifth base.
3528,2988,1,9,64,74,1.1486486486486487,0.04586747660388901,678,I knew from the start that we'd never see eye to eye.
3541,2988,2,7,65,74,1.1486486486486487,0.04973991010198834,678,We swear we genuinely thought this is how a new DNA is produced!
3557,2988,1,9,64,74,1.1486486486486487,0.04586747660388901,678,This is the best way to loosen the kinks!
3624,2988,2,7,65,74,1.1486486486486487,0.04973991010198834,678,C'mon baby...let's do the twist...
3811,2988,0,11,63,74,1.1486486486486487,0.04163642831779319,678,I don't even remember why we were fighting.
3773,2988,2,7,65,74,1.1486486486486487,0.04973991010198834,678,"This isn't what I meant when I said, ""I'd like to wrap my head around you."""
3790,2988,0,11,63,74,1.1486486486486487,0.04163642831779319,678,"Chubby Checker, you are not."
3802,2988,1,9,64,74,1.1486486486486487,0.04586747660388901,678,I guess that's why my parents warned me against necking.
3810,2988,2,7,65,74,1.1486486486486487,0.04973991010198834,678,What is all the hype with this necking thing?
3233,2988,0,11,63,74,1.1486486486486487,0.04163642831779319,678,"For the last time, Bill! Your other left!"
3821,2988,0,11,63,74,1.1486486486486487,0.04163642831779319,678,This is not what I think necking means!
3943,2988,0,11,63,74,1.1486486486486487,0.04163642831779319,678,"I'm done with necking, let's get to next base!"
3985,2988,3,5,66,74,1.1486486486486487,0.053331903246550814,678,"Hey, we created a DNA helix,"
4010,2988,1,9,64,74,1.1486486486486487,0.04586747660388901,678,It looked like a good idea in Brides magazine.
3694,2988,1,9,64,74,1.1486486486486487,0.04586747660388901,678,"No, that’s my tail... you idiot!"
3215,2988,2,7,65,74,1.1486486486486487,0.04973991010198834,678,"What are you looking at?
Just be on your way."
3094,2988,1,9,64,74,1.1486486486486487,0.04586747660388901,678,what do you say we stick with leaves and forget about the corkscrew vines
3169,2988,1,9,64,74,1.1486486486486487,0.04586747660388901,678,"I distinctly heard you say ""go left""!"
4044,2988,2,7,65,74,1.1486486486486487,0.04973991010198834,678,"Well, the joy of necking appears to be a relative construct."
2623,2988,0,11,63,74,1.1486486486486487,0.04163642831779319,678,Guess Dr. Goodall was right about the codependency.
2633,2988,1,9,64,74,1.1486486486486487,0.04586747660388901,678,We both need to go counter-clockwise!
2639,2988,1,9,64,74,1.1486486486486487,0.04586747660388901,678,I love necking!
2661,2988,1,9,64,74,1.1486486486486487,0.04586747660388901,678,"Honey, I  don't think this is how we dance the twist."
2700,2988,1,9,64,74,1.1486486486486487,0.04586747660388901,678,Whoever said necking leads to sex was just wrong.
2738,2988,1,9,64,74,1.1486486486486487,0.04586747660388901,678,"Uh, I don't think this is how we're supposed to play Twister."
2844,2988,1,9,64,74,1.1486486486486487,0.04586747660388901,678,That's the last time we go to Wimbledon.
2851,2988,1,9,64,74,1.1486486486486487,0.04586747660388901,678,You take my breath away.
3173,2988,1,9,64,74,1.1486486486486487,0.04586747660388901,678,We must be drawn to each other.
2955,2988,1,9,64,74,1.1486486486486487,0.04586747660388901,678,Do you think we should be necking in plain view?
3042,2988,1,9,64,74,1.1486486486486487,0.04586747660388901,678,I think I actually prefer bikram over this partner yoga.
3076,2988,0,11,63,74,1.1486486486486487,0.04163642831779319,678,"By ""let's neck,"" I didn't mean this."
3079,2988,0,11,63,74,1.1486486486486487,0.04163642831779319,678,We used to be so good at necking
3084,2988,2,7,65,74,1.1486486486486487,0.04973991010198834,678,"This is what's meant by ""necks of kin"""
3093,2988,1,9,64,74,1.1486486486486487,0.04586747660388901,678,You said you always wanted to be your own person!
3109,2988,0,11,63,74,1.1486486486486487,0.04163642831779319,678,"""Momma warned me against twisted love affairs."""
3126,2988,1,9,64,74,1.1486486486486487,0.04586747660388901,678,"Darling, I'm pretty sure his is what humans call necking."
3143,2988,2,7,65,74,1.1486486486486487,0.04973991010198834,678,wait....was that your left or my left?
3152,2988,0,11,63,74,1.1486486486486487,0.04163642831779319,678,I love that we share DNA
3006,2988,3,5,66,74,1.1486486486486487,0.053331903246550814,678,What was it our therapist said to do first to untangle our enmeshed relationship?
4068,2988,2,7,65,74,1.1486486486486487,0.04973991010198834,678,"Believe me,” Mom told me. “Necking always has consequences."
5353,2988,0,11,63,74,1.1486486486486487,0.04163642831779319,678,This is ridiculous.  It's the last time I watch tennis with you...
4142,2988,2,7,65,74,1.1486486486486487,0.04973991010198834,678,One of us has a really twisted sense of humor.
4687,2988,1,9,64,74,1.1486486486486487,0.04586747660388901,678,Foreplay has its risks.
4774,2988,1,9,64,74,1.1486486486486487,0.04586747660388901,678,Couples yoga is so weird.
4779,2988,0,11,63,74,1.1486486486486487,0.04163642831779319,678,I thought necking would be a lot more romantic.
4828,2988,0,11,63,74,1.1486486486486487,0.04163642831779319,678,My right or yours
4861,2988,0,11,63,74,1.1486486486486487,0.04163642831779319,678,I told you I didn't want another necktie.
4896,2988,1,9,64,74,1.1486486486486487,0.04586747660388901,678,"I think we should leave necking to the humans, and just kiss."
4899,2988,0,11,63,74,1.1486486486486487,0.04163642831779319,678,"Nice, but I don’t see how it is going to make DNA"
4979,2988,2,7,65,74,1.1486486486486487,0.04973991010198834,678,That cake was totally worth it
5079,2988,0,11,63,74,1.1486486486486487,0.04163642831779319,678,Back away slowly...I already have a headache
5091,2988,1,9,64,74,1.1486486486486487,0.04586747660388901,678,Now we are one.
5109,2988,1,9,64,74,1.1486486486486487,0.04586747660388901,678,Your notion of intimacy is twisted.
5245,2988,1,9,64,74,1.1486486486486487,0.04586747660388901,678,"If this is necking, then it’s overrated."
5263,2988,1,9,64,74,1.1486486486486487,0.04586747660388901,678,Are you sure this what they meant by 'doing twist?'
5280,2988,1,9,64,74,1.1486486486486487,0.04586747660388901,678,"You never learned how to neck, did you?"
5299,2988,1,9,64,74,1.1486486486486487,0.04586747660388901,678,"No, I said 'your other left.'"
5339,2988,1,9,64,74,1.1486486486486487,0.04586747660388901,678,"As agreed, you’ve gone your way and I’ve gone mine."
5344,2988,0,11,63,74,1.1486486486486487,0.04163642831779319,678,I don't think that necking was such a good idea.
5352,2988,1,9,64,74,1.1486486486486487,0.04586747660388901,678,We’ve become too close to just keep turning the other cheek”.
2598,2988,0,11,63,74,1.1486486486486487,0.04163642831779319,678,I don't want to see you either.
4665,2988,1,9,64,74,1.1486486486486487,0.04586747660388901,678,"Two stupids, one thought."
4664,2988,0,11,63,74,1.1486486486486487,0.04163642831779319,678,Nothing will ever come between us.
4600,2988,3,5,66,74,1.1486486486486487,0.053331903246550814,678,We have to quit going round and round when we argue.
4586,2988,2,7,65,74,1.1486486486486487,0.04973991010198834,678,What?—I thought you said you wanted to neck
4148,2988,0,11,63,74,1.1486486486486487,0.04163642831779319,678,"Now what have you got me into, Stan?"
4149,2988,1,9,64,74,1.1486486486486487,0.04586747660388901,678,No more ring around the Rosie.
4161,2988,1,9,64,74,1.1486486486486487,0.04586747660388901,678,"You know, necking's not all it's cracked up to be."
4166,2988,0,11,63,74,1.1486486486486487,0.04163642831779319,678,We are too rapped up on ourselves!
4169,2988,1,9,64,74,1.1486486486486487,0.04586747660388901,678,The first thing we do is discredit Urban dictionarie's definition of 'Twisted'.
4187,2988,2,7,65,74,1.1486486486486487,0.04973991010198834,678,Wait. Aren’t we on the equator? This must be the Coriolis effect.
4190,2988,2,7,65,74,1.1486486486486487,0.04973991010198834,678,It's a tie up here.
4193,2988,0,11,63,74,1.1486486486486487,0.04163642831779319,678,They warned us about entangling alliances!
4221,2988,1,9,64,74,1.1486486486486487,0.04586747660388901,678,And that's why it's called a game of chicken.
4087,2988,3,5,66,74,1.1486486486486487,0.053331903246550814,678,Of course I remember your name ... Babe.
4292,2988,2,7,65,74,1.1486486486486487,0.04973991010198834,678,"Lester, this relationship is twisted.  I’m leaving you."
4369,2988,1,9,64,74,1.1486486486486487,0.04586747660388901,678,"I love you, dear. Shall we tie the knot?"
4376,2988,1,9,64,74,1.1486486486486487,0.04586747660388901,678,who said watching paint dry was boring
4380,2988,1,9,64,74,1.1486486486486487,0.04586747660388901,678,I knew I should have just kept eating leaves.
4408,2988,2,7,65,74,1.1486486486486487,0.04973991010198834,678,"Yes honey, I love you too!"
4450,2988,1,9,64,74,1.1486486486486487,0.04586747660388901,678,"I know we have struggled in the past, but how did we end up in such a twisted relationship?"
4500,2988,2,7,65,74,1.1486486486486487,0.04973991010198834,678,I said tongue-twister!!!!
4504,2988,3,5,66,74,1.1486486486486487,0.053331903246550814,678,"Hey, are you having a hard time swallowing?"
4531,2988,1,9,64,74,1.1486486486486487,0.04586747660388901,678,I can't help it if you still feel alienated.
4536,2988,0,11,63,74,1.1486486486486487,0.04163642831779319,678,"I said let's Tango, not tangle."
4310,2988,1,9,64,74,1.1486486486486487,0.04586747660388901,678,Is this why our company went into bankruptcy?
2578,2988,1,9,64,74,1.1486486486486487,0.04586747660388901,678,We have got to figure out this necking thing
1917,2988,1,9,64,74,1.1486486486486487,0.04586747660388901,678,Hurry and untwist. I think I hear chiropractors circling us.
2557,2988,2,7,65,74,1.1486486486486487,0.04973991010198834,678,I just love being neck to you!
720,2988,1,9,64,74,1.1486486486486487,0.04586747660388901,678,"Ah, you must be visiting from South Africa. Here, it's look left, then right, then left again."""
732,2988,0,11,63,74,1.1486486486486487,0.04163642831779319,678,Let's meet at that spot where we met.
755,2988,1,9,64,74,1.1486486486486487,0.04586747660388901,678,I warned you that I can't tell my left from my right
764,2988,1,9,64,74,1.1486486486486487,0.04586747660388901,678,"Yes, it’s definitely that way."
797,2988,3,5,66,74,1.1486486486486487,0.053331903246550814,678,"Another case of getting our neckers in a knot, I see!"
885,2988,0,11,63,74,1.1486486486486487,0.04163642831779319,678,Now you've done it.  And this isn't even first base!
904,2988,1,9,64,74,1.1486486486486487,0.04586747660388901,678,"No, I meant counterclockwise."
905,2988,1,9,64,74,1.1486486486486487,0.04586747660388901,678,Who did you say was giving you Salsa lessons?
918,2988,1,9,64,74,1.1486486486486487,0.04586747660388901,678,Ha!  I get to bat first.
932,2988,1,9,64,74,1.1486486486486487,0.04586747660388901,678,"I can't remember the line that comes after,""Well, shake, it up, baby, now""?"
993,2988,0,11,63,74,1.1486486486486487,0.04163642831779319,678,"Let's call it ""necking""."
1005,2988,0,11,63,74,1.1486486486486487,0.04163642831779319,678,Is that too much necking for you?
1006,2988,1,9,64,74,1.1486486486486487,0.04586747660388901,678,You know...this is all your fault.
1032,2988,2,7,65,74,1.1486486486486487,0.04973991010198834,678,Do you think we will be confused with the Rod of Asclepius?
1054,2988,1,9,64,74,1.1486486486486487,0.04586747660388901,678,All Tied Up And No Place To Go.
1074,2988,1,9,64,74,1.1486486486486487,0.04586747660388901,678,Necking ain't what's it's cracked up to be!
1097,2988,0,11,63,74,1.1486486486486487,0.04163642831779319,678,Can't help it - this double-helix is in our DNA!
1142,2988,1,9,64,74,1.1486486486486487,0.04586747660388901,678,"Well, that settles it. Kite fighting is not for us."
1170,2988,1,9,64,74,1.1486486486486487,0.04586747660388901,678,You’ll never guess my favorite Bob Dylan song.
712,2988,0,11,63,74,1.1486486486486487,0.04163642831779319,678,"I saw the collision first, Katie and you are blaming me for rubbernecking."
606,2988,0,11,63,74,1.1486486486486487,0.04163642831779319,678,"Ah, what a tangled mess we weave."
581,2988,1,9,64,74,1.1486486486486487,0.04586747660388901,678,Cover Art: An Insiders Guide To Feckless Development
514,2988,0,11,63,74,1.1486486486486487,0.04163642831779319,678,"No, it’s definitely your turn."
61,2988,0,11,63,74,1.1486486486486487,0.04163642831779319,678,"No, you started it."
138,2988,1,9,64,74,1.1486486486486487,0.04586747660388901,678,This is what happens when you try to lead.
167,2988,2,7,65,74,1.1486486486486487,0.04973991010198834,678,Wanna neck?
168,2988,0,11,63,74,1.1486486486486487,0.04163642831779319,678,This is why I thought we should keep our separate checking accounts.
181,2988,1,9,64,74,1.1486486486486487,0.04586747660388901,678,Talk about a knot in your neck
189,2988,0,11,63,74,1.1486486486486487,0.04163642831779319,678,"Is that enough foreplay? """
224,2988,1,9,64,74,1.1486486486486487,0.04586747660388901,678,Maybe yoga’s not our thing.
249,2988,0,11,63,74,1.1486486486486487,0.04163642831779319,678,I'm not great with rejection.
282,2988,1,9,64,74,1.1486486486486487,0.04586747660388901,678,"Gad, I hate being dyslexic!"
1185,2988,1,9,64,74,1.1486486486486487,0.04586747660388901,678,"Watson and Crick, you're a Crock!"
291,2988,1,9,64,74,1.1486486486486487,0.04586747660388901,678,There is no such thing as safe-necking!
323,2988,1,9,64,74,1.1486486486486487,0.04586747660388901,678,Are you sure this is how we divine for water?
347,2988,2,7,65,74,1.1486486486486487,0.04973991010198834,678,I didn't plan this far ahead.
376,2988,2,7,65,74,1.1486486486486487,0.04973991010198834,678,When necking gets complicated
391,2988,1,9,64,74,1.1486486486486487,0.04586747660388901,678,I thought YOU had the wine bottle!
418,2988,0,11,63,74,1.1486486486486487,0.04163642831779319,678,Don't you hate it when this happens....
455,2988,0,11,63,74,1.1486486486486487,0.04163642831779319,678,"Not every chiropractor is aware of this technique, you know."
459,2988,1,9,64,74,1.1486486486486487,0.04586747660388901,678,Mama warned me about necking.
498,2988,0,11,63,74,1.1486486486486487,0.04163642831779319,678,So you think this is necking? I’d love to seen your internet history.
510,2988,1,9,64,74,1.1486486486486487,0.04586747660388901,678,OK...now lift your left rear hoof
306,2988,1,9,64,74,1.1486486486486487,0.04586747660388901,678,"Hey, look: behind your ear!"
1197,2988,0,11,63,74,1.1486486486486487,0.04163642831779319,678,Let's keep necking a human thing.
1124,2988,0,11,63,74,1.1486486486486487,0.04163642831779319,678,"I’m sorry, I’m sorry!  I got confused, and at the last second couldn’t remember if you pass on right or the left here..."
1268,2988,2,7,65,74,1.1486486486486487,0.04973991010198834,678,Not what I meant by 'necking'.
1987,2988,1,9,64,74,1.1486486486486487,0.04586747660388901,678,Something’s not right with our tango footwork.
1233,2988,1,9,64,74,1.1486486486486487,0.04586747660388901,678,I think we should stop necking.
2038,2988,2,7,65,74,1.1486486486486487,0.04973991010198834,678,"Checkers honey, I  promised you that we could twist tonight like we did last summer!"
2056,2988,1,9,64,74,1.1486486486486487,0.04586747660388901,678,"Sorry, I guess I’m just not into pretzeling."
2111,2988,2,7,65,74,1.1486486486486487,0.04973991010198834,678,Let's not hug each other next time.
2124,2988,1,9,64,74,1.1486486486486487,0.04586747660388901,678,"Sure Honey, I guess you could claim we're fully enmeshed."
2140,2988,1,9,64,74,1.1486486486486487,0.04586747660388901,678,"Oh, so this is what they mean about not texting while walking."
2220,2988,1,9,64,74,1.1486486486486487,0.04586747660388901,678,I still get chills up my spine.
2230,2988,1,9,64,74,1.1486486486486487,0.04586747660388901,678,This happens everytime we watch the Giraffe Races together!
1943,2988,1,9,64,74,1.1486486486486487,0.04586747660388901,678,"This is a French hello, redesigned by a committee."
2279,2988,1,9,64,74,1.1486486486486487,0.04586747660388901,678,"I told you my neck was longer, honey."
2303,2988,0,11,63,74,1.1486486486486487,0.04163642831779319,678,Please. No necking jokes.
2326,2988,0,11,63,74,1.1486486486486487,0.04163642831779319,678,Is this what the therapist meant by quality time together?
2347,2988,2,7,65,74,1.1486486486486487,0.04973991010198834,678,Is there a window open? Because I feel a giraffe.
2370,2988,2,7,65,74,1.1486486486486487,0.04973991010198834,678,"You will never be a good kisser."""
2424,2988,1,9,64,74,1.1486486486486487,0.04586747660388901,678,It's twist and...shout?
2446,2988,1,9,64,74,1.1486486486486487,0.04586747660388901,678,"Of all the joints in all the towns in all the world, she walks into mine.”"
2472,2988,1,9,64,74,1.1486486486486487,0.04586747660388901,678,Why don't they study this DNA?
2505,2988,0,11,63,74,1.1486486486486487,0.04163642831779319,678,You mean you’re not gay! Everyone knows only males have hairy antennae!
2548,2988,2,7,65,74,1.1486486486486487,0.04973991010198834,678,Never go necking with someone who is twisted
2286,2988,3,5,66,74,1.1486486486486487,0.053331903246550814,678,Like a dog chasing their tail.
2568,2988,2,7,65,74,1.1486486486486487,0.04973991010198834,678,Your breath smells like peppermint.
2028,2988,1,9,64,74,1.1486486486486487,0.04586747660388901,678,"No, no! You're confusing the Tango with the Twist!"
1847,2988,3,5,66,74,1.1486486486486487,0.053331903246550814,678,No homo though.
1331,2988,0,11,63,74,1.1486486486486487,0.04163642831779319,678,This is not what I had in mind when I suggested necking...
1345,2988,2,7,65,74,1.1486486486486487,0.04973991010198834,678,I miss comfortable sex.
1354,2988,2,7,65,74,1.1486486486486487,0.04973991010198834,678,Your supposed to tie my heart into a knot.
1366,2988,1,9,64,74,1.1486486486486487,0.04586747660388901,678,". . . and to top it off, we dropped the champagne flutes!"
1436,2988,0,11,63,74,1.1486486486486487,0.04163642831779319,678,Are you sure this is how we're supposed to hook-up?
1901,2988,0,11,63,74,1.1486486486486487,0.04163642831779319,678,This love thing certainly has complications.
1468,2988,1,9,64,74,1.1486486486486487,0.04586747660388901,678,I knew we shouldn't have shown off for Attenborough.
1474,2988,2,7,65,74,1.1486486486486487,0.04973991010198834,678,"For the last time, HOLD STILL! 
I'll do the walking."
1492,2988,0,11,63,74,1.1486486486486487,0.04163642831779319,678,Ready to tie the knot?
1460,2988,1,9,64,74,1.1486486486486487,0.04586747660388901,678,So...what are we?
1573,2988,0,11,63,74,1.1486486486486487,0.04163642831779319,678,So this is why grandma warned me against necking with strange boys.
1572,2988,1,9,64,74,1.1486486486486487,0.04586747660388901,678,"You go left, i'll go right!"
1758,2988,1,9,64,74,1.1486486486486487,0.04586747660388901,678,This is definitely a codependent relationship.
1721,2988,1,9,64,74,1.1486486486486487,0.04586747660388901,678,It's necking...No tongues!
1707,2988,1,9,64,74,1.1486486486486487,0.04586747660388901,678,I'm thinking of having my throat stretched.
1769,2988,2,7,65,74,1.1486486486486487,0.04973991010198834,678,"No, you untangle first"
1618,2988,1,9,64,74,1.1486486486486487,0.04586747660388901,678,No more Twister I’m thinking...
1607,2988,1,9,64,74,1.1486486486486487,0.04586747660388901,678,This makes kissing rather difficult.
1586,2988,2,7,65,74,1.1486486486486487,0.04973991010198834,678,Fighting is a pain in the neck.
1674,2988,1,9,64,74,1.1486486486486487,0.04586747660388901,678,Doctor Ruth really knows her stuff!
2774,3173,0,11,64,75,1.1466666666666667,0.04112531205098986,678,...and my chiropractor's on vacation !!
4030,3173,1,9,65,75,1.1466666666666667,0.045295161459604626,678,"If this new ritual is supposed to lead to mating... think again, because I now have a headache.”"
3916,3173,1,9,65,75,1.1466666666666667,0.045295161459604626,678,"Drunk again, Throgmorton?"
3814,3173,1,9,65,75,1.1466666666666667,0.045295161459604626,678,Can you explain it to me again? I'm having trouble wrapping my head around this.
3765,3173,1,9,65,75,1.1466666666666667,0.045295161459604626,678,"When you said you wanted to neck, I thought you had something else in mind."
3290,3173,0,11,64,75,1.1466666666666667,0.04112531205098986,678,When it comes to necking nobody can touch we giraffes.
3044,3173,1,9,65,75,1.1466666666666667,0.045295161459604626,678,You should not be afraid of that little snake.
2892,3173,2,7,66,75,1.1466666666666667,0.049112238922818546,678,Let's twist again like we did last summer; or not.
2695,3173,1,9,65,75,1.1466666666666667,0.045295161459604626,678,They said we were a little twisted!
3350,3173,1,9,65,75,1.1466666666666667,0.045295161459604626,678,I agree that mole does look irregular
1902,3173,1,9,65,75,1.1466666666666667,0.045295161459604626,678,How many dots did you count?
1784,3173,1,9,65,75,1.1466666666666667,0.045295161459604626,678,Who said necking was old fashioned?
1539,3173,1,9,65,75,1.1466666666666667,0.045295161459604626,678,"When the Rescue gets here, just say it was a one-in -a-million shot."
1516,3173,2,7,66,75,1.1466666666666667,0.049112238922818546,678,We should seek Gwyneth Paltrow’s advice on Conscious UnCoupling - -before I pass out
2611,3173,2,7,66,75,1.1466666666666667,0.049112238922818546,678,No more fusilli.
1355,3173,2,7,66,75,1.1466666666666667,0.049112238922818546,678,So we're agreed. No more eel dishes on a dinner date.
920,3173,2,7,66,75,1.1466666666666667,0.049112238922818546,678,My parents warned me about necking with you. Now I see why !!!
686,3173,1,9,65,75,1.1466666666666667,0.045295161459604626,678,What do you mean you don't know what clockwise means?
584,3173,1,9,65,75,1.1466666666666667,0.045295161459604626,678,"You just had to deny Franklin of her contribution and now look at us, Watson, reborn as conjoined giraffes.

Oh shut up, Crick."
1915,3192,0,11,65,76,1.144736842105263,0.04062644272599794,678,You weren’t supposed to watch the bottle spin
3401,3193,2,6,62,70,1.1428571428571428,0.051017450372708696,678,"the etymological first use of the term ""necking"""
3481,3193,1,8,61,70,1.1428571428571428,0.04678356086900135,678,I really don't like necking.  Can we skip to third base?
3552,3193,0,10,60,70,1.1428571428571428,0.04212627318711346,678,"Don’t get it twisted, Jennifer."
3592,3193,1,8,61,70,1.1428571428571428,0.04678356086900135,678,You handle all that with just one Adam's apple?
3593,3193,1,8,61,70,1.1428571428571428,0.04678356086900135,678,"Since I fell for you, I don’t know if I’m coming or going."
3653,3193,0,10,60,70,1.1428571428571428,0.04212627318711346,678,Let's twist!
3756,3193,0,10,60,70,1.1428571428571428,0.04212627318711346,678,I told you I wasn't much of a hugger.
3763,3193,0,10,60,70,1.1428571428571428,0.04212627318711346,678,"sweetheart, I don't think you understood when I said let's neck!"
3830,3193,0,10,60,70,1.1428571428571428,0.04212627318711346,678,The elephants make the heart shape look so easy.
3841,3193,0,10,60,70,1.1428571428571428,0.04212627318711346,678,"Is this what the humans call ""tongue tied?"""
3981,3193,1,8,61,70,1.1428571428571428,0.04678356086900135,678,"Oh, how I love it when we neck."
3879,3193,1,8,61,70,1.1428571428571428,0.04678356086900135,678,"As I recall, Chubby Checker said something about this last summer"
3896,3193,1,8,61,70,1.1428571428571428,0.04678356086900135,678,This relationship is suffocating me.
3939,3193,1,8,61,70,1.1428571428571428,0.04678356086900135,678,I think necking's getting MUCH too complicated.
3362,3193,0,10,60,70,1.1428571428571428,0.04212627318711346,678,"I think Chubby Checkers wrote a song about this, but I thought it would be more fun"
4021,3193,2,6,62,70,1.1428571428571428,0.051017450372708696,678,You know I hate PDA!
4049,3193,2,6,62,70,1.1428571428571428,0.051017450372708696,678,You said that necking was foreplay that leads to what?
4084,3193,1,8,61,70,1.1428571428571428,0.04678356086900135,678,Eagle pose is so 1990s
4108,3193,0,10,60,70,1.1428571428571428,0.04212627318711346,678,"Giraffe 1: We’re really tied in a knot here
Giraffe 2: really?"
4113,3193,0,10,60,70,1.1428571428571428,0.04212627318711346,678,"Yes, I think I would like a pretzel, too."
4141,3193,1,8,61,70,1.1428571428571428,0.04678356086900135,678,Necktied again!
3864,3193,2,6,62,70,1.1428571428571428,0.051017450372708696,678,Is she looking now?
3351,3193,0,10,60,70,1.1428571428571428,0.04212627318711346,678,Veterinary caduceus
3271,3193,2,6,62,70,1.1428571428571428,0.051017450372708696,678,now take four steps backwards
3283,3193,1,8,61,70,1.1428571428571428,0.04678356086900135,678,Without Rebecca this isn’t even a French braid.
2747,3193,2,6,62,70,1.1428571428571428,0.051017450372708696,678,Mom warned me about your double helix move.
2760,3193,0,10,60,70,1.1428571428571428,0.04212627318711346,678,So one half of the helix gives the other half a very special hug...
2788,3193,0,10,60,70,1.1428571428571428,0.04212627318711346,678,We're not the tallest?  That's a twist!
2796,3193,0,10,60,70,1.1428571428571428,0.04212627318711346,678,Are you sure this is what they call necking?
2819,3193,1,8,61,70,1.1428571428571428,0.04678356086900135,678,Necking.
2832,3193,1,8,61,70,1.1428571428571428,0.04678356086900135,678,People may think we are necking.
2875,3193,0,10,60,70,1.1428571428571428,0.04212627318711346,678,I'm gonna stick my neck out here: I want a trial separation.
2889,3193,0,10,60,70,1.1428571428571428,0.04212627318711346,678,"Alright, you go left"
2893,3193,2,6,62,70,1.1428571428571428,0.051017450372708696,678,This is not okay.
2949,3193,1,8,61,70,1.1428571428571428,0.04678356086900135,678,"True, they're like this NOW. But come back in a year or two, they'll each be up their own ass."
3335,3193,2,6,62,70,1.1428571428571428,0.051017450372708696,678,Nobody will ever guess that we're actually snakes.
2970,3193,1,8,61,70,1.1428571428571428,0.04678356086900135,678,And now we shout.
3081,3193,1,8,61,70,1.1428571428571428,0.04678356086900135,678,Well what's it say in the book?
3095,3193,1,8,61,70,1.1428571428571428,0.04678356086900135,678,Yeah. You need to pick a new love language.
3102,3193,1,8,61,70,1.1428571428571428,0.04678356086900135,678,Mom and Dad!!
3103,3193,0,10,60,70,1.1428571428571428,0.04212627318711346,678,"The spots are in sync, but can we pass the 'pass the carafe' test?"
3211,3193,2,6,62,70,1.1428571428571428,0.051017450372708696,678,"Backpage of a major American magazine
and we're standing here stark necked."
3222,3193,1,8,61,70,1.1428571428571428,0.04678356086900135,678,"I said French kiss not French braid, you imbecile.”"
3224,3193,1,8,61,70,1.1428571428571428,0.04678356086900135,678,I don’t like these patterns together.  Can you put on some stripes?
3265,3193,0,10,60,70,1.1428571428571428,0.04212627318711346,678,You didn't say 'when.'
4186,3193,0,10,60,70,1.1428571428571428,0.04212627318711346,678,See? I told you that giraffes necking would turn out be rather screwy!
3282,3193,1,8,61,70,1.1428571428571428,0.04678356086900135,678,"""We're a love story with an O. Henry twist."""
2982,3193,1,8,61,70,1.1428571428571428,0.04678356086900135,678,This is not what they meant by 'Twist and Shout'
4222,3193,3,4,63,70,1.1428571428571428,0.054925940296730785,678,"Choke us, daddy!"
5359,3193,0,10,60,70,1.1428571428571428,0.04212627318711346,678,Double Helix ?  Nobody is going to buy that.
4284,3193,1,8,61,70,1.1428571428571428,0.04678356086900135,678,"I told you not to shake it all about, but you never hear a word I say."
4688,3193,0,10,60,70,1.1428571428571428,0.04212627318711346,678,"Alright, let's try again. On three, you step forward and I'll step back"
4706,3193,1,8,61,70,1.1428571428571428,0.04678356086900135,678,One of us should have paid more attention during the sex ed class.
4753,3193,1,8,61,70,1.1428571428571428,0.04678356086900135,678,"I don’t know about you, but I think the others may be getting suspicious about us."
4775,3193,0,10,60,70,1.1428571428571428,0.04212627318711346,678,"Sorry, it's my first time necking."
4814,3193,0,10,60,70,1.1428571428571428,0.04212627318711346,678,I think I’m ready to take our relationship a step beyond necking
4819,3193,0,10,60,70,1.1428571428571428,0.04212627318711346,678,"...And that, dear heart, is how you make a perfect plaited loaf"
4826,3193,0,10,60,70,1.1428571428571428,0.04212627318711346,678,Lazy giraffes soon realized that to chase each other in circles one must use one
4830,3193,2,6,62,70,1.1428571428571428,0.051017450372708696,678,It all began with the Narmer palette.
4937,3193,0,10,60,70,1.1428571428571428,0.04212627318711346,678,"Before I met you, a nexus was a meaningless concept."
4982,3193,0,10,60,70,1.1428571428571428,0.04212627318711346,678,I thought salsa was more in the hips.
4660,3193,1,8,61,70,1.1428571428571428,0.04678356086900135,678,"I'm gonna ring your neck"",  ""No, I'm gonna wring your neck"", ""No, I'm gonna wring your neck"", ""No, I'm gonna wring your neck"", Oy"
5019,3193,0,10,60,70,1.1428571428571428,0.04212627318711346,678,Remember how we talked about maybe having some alone time?
5068,3193,0,10,60,70,1.1428571428571428,0.04212627318711346,678,You're confusing neck-and-neck for joined-at-the-hip
5128,3193,1,8,61,70,1.1428571428571428,0.04678356086900135,678,First bro hug?
5140,3193,1,8,61,70,1.1428571428571428,0.04678356086900135,678,What do you say we unwind at our favorite spot?
5171,3193,1,8,61,70,1.1428571428571428,0.04678356086900135,678,Hope mother doesn't catch us necking.
5178,3193,1,8,61,70,1.1428571428571428,0.04678356086900135,678,Talk about neck and neck!
5215,3193,1,8,61,70,1.1428571428571428,0.04678356086900135,678,I thought exchanging dna was supposed to be more exciting.
5257,3193,1,8,61,70,1.1428571428571428,0.04678356086900135,678,"Honey, I think we should give us some time."
5337,3193,2,6,62,70,1.1428571428571428,0.051017450372708696,678,Are you sure this is how babies are made?
5346,3193,2,6,62,70,1.1428571428571428,0.051017450372708696,678,5 more seconds and the hiccups are gone.
2719,3193,1,8,61,70,1.1428571428571428,0.04678356086900135,678,I never normally do this on the first date.
5028,3193,1,8,61,70,1.1428571428571428,0.04678356086900135,678,"Well! IT'S about TIME we tied the knot!"""
4225,3193,1,8,61,70,1.1428571428571428,0.04678356086900135,678,I'm really not sure this is how to make a baby.
4623,3193,1,8,61,70,1.1428571428571428,0.04678356086900135,678,"Um actually, DNA was discovered on safari."
4594,3193,0,10,60,70,1.1428571428571428,0.04212627318711346,678,Siri said to keep right at the roundabout.
4290,3193,1,8,61,70,1.1428571428571428,0.04678356086900135,678,It's called rubbernecking baby!
4318,3193,0,10,60,70,1.1428571428571428,0.04212627318711346,678,NO! It's over there!
4324,3193,2,6,62,70,1.1428571428571428,0.051017450372708696,678,The Dougie?! I thought we were doing the Floss!
4356,3193,1,8,61,70,1.1428571428571428,0.04678356086900135,678,Are you sure wer'e not snakes?
4372,3193,0,10,60,70,1.1428571428571428,0.04212627318711346,678,I'm beginning to think you're a little twisted?
4379,3193,2,6,62,70,1.1428571428571428,0.051017450372708696,678,"Okay, now we've tried everything. Can I go eat my dinner, please?"
4391,3193,0,10,60,70,1.1428571428571428,0.04212627318711346,678,Maybe we should try petting.
4400,3193,2,6,62,70,1.1428571428571428,0.051017450372708696,678,"""I said, NAKED! Not NECKed"""
4403,3193,0,10,60,70,1.1428571428571428,0.04212627318711346,678,"No, dammit, your left."
4405,3193,2,6,62,70,1.1428571428571428,0.051017450372708696,678,A tall tale of twisted animal love.
4620,3193,1,8,61,70,1.1428571428571428,0.04678356086900135,678,I changed my mind. I don't want to be a pretzel for Halloween any more.
4413,3193,1,8,61,70,1.1428571428571428,0.04678356086900135,678,"No, No, I'll go left you go right, then I'll go down. Ok?"
4449,3193,1,8,61,70,1.1428571428571428,0.04678356086900135,678,Remember back when necking use to be sexy & romantic?
4456,3193,0,10,60,70,1.1428571428571428,0.04212627318711346,678,Now THAT'S necking babe!
4473,3193,0,10,60,70,1.1428571428571428,0.04212627318711346,678,"Oh Harold , let’s tie the knot, marry me!"
4484,3193,1,8,61,70,1.1428571428571428,0.04678356086900135,678,I think we should put our tetherball game on hold for now.
4505,3193,0,10,60,70,1.1428571428571428,0.04212627318711346,678,"It's a double helix, but I don't think this is how we pass on our DNA to our children."
4508,3193,0,10,60,70,1.1428571428571428,0.04212627318711346,678,well you asked for an engagement ring
4519,3193,0,10,60,70,1.1428571428571428,0.04212627318711346,678,Number 47 of the Giraffe Sutra
4524,3193,2,6,62,70,1.1428571428571428,0.051017450372708696,678,Counter clockwise might hit the spot.
4562,3193,1,8,61,70,1.1428571428571428,0.04678356086900135,678,"I love you Joan, despite your 
unresolved trust issues."
4566,3193,0,10,60,70,1.1428571428571428,0.04212627318711346,678,We've got to stop rubbing necks like this!
4431,3193,0,10,60,70,1.1428571428571428,0.04212627318711346,678,And you said nothing could go wrong from a little harmless necking!
2645,3193,0,10,60,70,1.1428571428571428,0.04212627318711346,678,If flamingos jumped off a cliff...wait never-mind.
1154,3193,0,10,60,70,1.1428571428571428,0.04212627318711346,678,The board said right hand RED.
2563,3193,1,8,61,70,1.1428571428571428,0.04678356086900135,678,First wag your tail so I know who's who.
725,3193,1,8,61,70,1.1428571428571428,0.04678356086900135,678,It's in our DNA darling.
763,3193,1,8,61,70,1.1428571428571428,0.04678356086900135,678,How can we undo this peacefully?
774,3193,0,10,60,70,1.1428571428571428,0.04212627318711346,678,...And that's what DNA looks like.
840,3193,1,8,61,70,1.1428571428571428,0.04678356086900135,678,"I dunno about sex, but I am addicted to Twizzlers.”"
856,3193,1,8,61,70,1.1428571428571428,0.04678356086900135,678,This reminds me of the 60s when everyone was doing the twist.
871,3193,2,6,62,70,1.1428571428571428,0.051017450372708696,678,What makes you think I’m scared?
873,3193,0,10,60,70,1.1428571428571428,0.04212627318711346,678,Necking will always get you in trouble!
954,3193,0,10,60,70,1.1428571428571428,0.04212627318711346,678,"Well, it was this or necks to nothing..."
964,3193,1,8,61,70,1.1428571428571428,0.04678356086900135,678,I've had enough of your pretzel logic.
968,3193,1,8,61,70,1.1428571428571428,0.04678356086900135,678,I'm getting tired of looking all over !
977,3193,1,8,61,70,1.1428571428571428,0.04678356086900135,678,Who could throw water on us?
985,3193,3,4,63,70,1.1428571428571428,0.054925940296730785,678,We probably shouldn’t have eaten those snakes in that tree.
1010,3193,2,6,62,70,1.1428571428571428,0.051017450372708696,678,"I have doubts about this new yoga pose, Susan."""
1019,3193,2,6,62,70,1.1428571428571428,0.051017450372708696,678,"You make my head spin darlin'!
Louise Syren, Reims,France"
1061,3193,1,8,61,70,1.1428571428571428,0.04678356086900135,678,"Giraffes originated necking, we can only  try to emulate them!"
1064,3193,2,6,62,70,1.1428571428571428,0.051017450372708696,678,DID YOU HAVE YOUR MEASLES SHOT?
1106,3193,1,8,61,70,1.1428571428571428,0.04678356086900135,678,It's called necking.
1118,3193,2,6,62,70,1.1428571428571428,0.051017450372708696,678,Hey -- I stuck my neck out for you!
1129,3193,2,6,62,70,1.1428571428571428,0.051017450372708696,678,"Yes, just like this. Then it lands on right foot red."
1133,3193,0,10,60,70,1.1428571428571428,0.04212627318711346,678,"This is not what I had in mind when I asked you to ""rap"" with me."
1209,3193,0,10,60,70,1.1428571428571428,0.04212627318711346,678,What a tangled web we weave........
704,3193,1,8,61,70,1.1428571428571428,0.04678356086900135,678,Is he still following us?
697,3193,2,6,62,70,1.1428571428571428,0.051017450372708696,678,The snake said it would be great fun.
641,3193,1,8,61,70,1.1428571428571428,0.04678356086900135,678,I don't know how the swans pull off the heart-shape couple pose.
634,3193,1,8,61,70,1.1428571428571428,0.04678356086900135,678,We need to split.
5372,3193,0,10,60,70,1.1428571428571428,0.04212627318711346,678,We haven’t necked since we were teenagers.
3,3193,2,6,62,70,1.1428571428571428,0.051017450372708696,678,What the f**k happened??
25,3193,0,10,60,70,1.1428571428571428,0.04212627318711346,678,Should we call a snake charmer?
44,3193,0,10,60,70,1.1428571428571428,0.04212627318711346,678,Some divorces are more complicated than others.
53,3193,3,4,63,70,1.1428571428571428,0.054925940296730785,678,"Worst game of “Ring Around the Rosies, ever."
66,3193,1,8,61,70,1.1428571428571428,0.04678356086900135,678,XOXOoops!
111,3193,2,6,62,70,1.1428571428571428,0.051017450372708696,678,Giraffes aren't real
114,3193,2,6,62,70,1.1428571428571428,0.051017450372708696,678,We're neck-deep in it now.
155,3193,0,10,60,70,1.1428571428571428,0.04212627318711346,678,I get tongue tied when i'm with you.
208,3193,1,8,61,70,1.1428571428571428,0.04678356086900135,678,It hurrrrts!
1284,3193,2,6,62,70,1.1428571428571428,0.051017450372708696,678,"Some breeze, wasn't it?"
221,3193,1,8,61,70,1.1428571428571428,0.04678356086900135,678,Two words: negative synergy.
259,3193,1,8,61,70,1.1428571428571428,0.04678356086900135,678,My mother was right about what necking leads to.
354,3193,1,8,61,70,1.1428571428571428,0.04678356086900135,678,"Just wait til we get to ""petting."""
355,3193,2,6,62,70,1.1428571428571428,0.051017450372708696,678,GESUNDHET!
422,3193,0,10,60,70,1.1428571428571428,0.04212627318711346,678,"Who said, ""necking"" is just for teenagers?"
428,3193,0,10,60,70,1.1428571428571428,0.04212627318711346,678,"""I just love necking."""
430,3193,2,6,62,70,1.1428571428571428,0.051017450372708696,678,"When I said let's do some necking, this isn't exactly what I had in mind"
465,3193,1,8,61,70,1.1428571428571428,0.04678356086900135,678,"Is this necking, or what?"
500,3193,1,8,61,70,1.1428571428571428,0.04678356086900135,678,"Do you still feel kind of alone, too?"
611,3193,0,10,60,70,1.1428571428571428,0.04212627318711346,678,I'm not sure we've got this necking thing worked out quite right.
619,3193,2,6,62,70,1.1428571428571428,0.051017450372708696,678,"If you think this is something, wait'll you see ""kissing."
245,3193,0,10,60,70,1.1428571428571428,0.04212627318711346,678,Let's agree to disagree.
1294,3193,0,10,60,70,1.1428571428571428,0.04212627318711346,678,I told you eating that boa was a terrible idea.
1308,3193,0,10,60,70,1.1428571428571428,0.04212627318711346,678,I can’t tell if I’m the one talking.
1310,3193,2,6,62,70,1.1428571428571428,0.051017450372708696,678,I'd like to see Chubby Checker try this!
2042,3193,1,8,61,70,1.1428571428571428,0.04678356086900135,678,"As usual, an early end for our meeting of the Watchers of Butterflies club"
2114,3193,3,4,63,70,1.1428571428571428,0.054925940296730785,678,"I don't care if it's considered chic, classy, and fashionable; I've always felt any kind of neck tie is oh so ridiculously uncomfortable and backward  looking."
2152,3193,1,8,61,70,1.1428571428571428,0.04678356086900135,678,"Surely Franco, this can’t be the tarantella."
2170,3193,1,8,61,70,1.1428571428571428,0.04678356086900135,678,‘’This is what we get for rubbernecking’
2177,3193,1,8,61,70,1.1428571428571428,0.04678356086900135,678,"It’s not what you think, Geoffrey."
2179,3193,1,8,61,70,1.1428571428571428,0.04678356086900135,678,Let's not play Twister again.
2193,3193,0,10,60,70,1.1428571428571428,0.04212627318711346,678,I've just been so touch-starved lately.
2202,3193,0,10,60,70,1.1428571428571428,0.04212627318711346,678,"""I think it's time we stop going to couples therapy."""
2204,3193,0,10,60,70,1.1428571428571428,0.04212627318711346,678,Okay--enough foreplay!
2209,3193,1,8,61,70,1.1428571428571428,0.04678356086900135,678,Is this considered necking?
2029,3193,1,8,61,70,1.1428571428571428,0.04678356086900135,678,Don't look! We are just necking.
2222,3193,1,8,61,70,1.1428571428571428,0.04678356086900135,678,Do you have other tips to get aroused before sex?
2249,3193,1,8,61,70,1.1428571428571428,0.04678356086900135,678,We never knew it would cause this HUGE a problem
2261,3193,0,10,60,70,1.1428571428571428,0.04212627318711346,678,They say it's good team building.
2313,3193,1,8,61,70,1.1428571428571428,0.04678356086900135,678,"Twister, Safari Edition."
2328,3193,1,8,61,70,1.1428571428571428,0.04678356086900135,678,"I don’t care where you heard it, this can’t possibly be the necking described in The Manual of Human Sexual Behavior!"
2380,3193,2,6,62,70,1.1428571428571428,0.051017450372708696,678,Did you bring a condom?
2387,3193,0,10,60,70,1.1428571428571428,0.04212627318711346,678,"Stop saying, ""No, it's over there."""
2409,3193,1,8,61,70,1.1428571428571428,0.04678356086900135,678,We may be a little screwed up!
2431,3193,0,10,60,70,1.1428571428571428,0.04212627318711346,678,Let’s share our DNA
2453,3193,1,8,61,70,1.1428571428571428,0.04678356086900135,678,I kept saying the oasis was straight ahead!
2518,3193,1,8,61,70,1.1428571428571428,0.04678356086900135,678,This is NOT how I pictured necked love.
2248,3193,1,8,61,70,1.1428571428571428,0.04678356086900135,678,"the giraffe on the left is saying to the other one (one the right), ""how come you get a name (victoria roberts) and i don't and also what's going on with our necks?"""
2629,3193,0,10,60,70,1.1428571428571428,0.04212627318711346,678,They call this necking.
2026,3193,1,8,61,70,1.1428571428571428,0.04678356086900135,678,It’s in our D.N.A.
2017,3193,1,8,61,70,1.1428571428571428,0.04678356086900135,678,Lovers Twist?
1361,3193,1,8,61,70,1.1428571428571428,0.04678356086900135,678,"We're in this together.
Still - I'm glad we have a prenup."
1365,3193,0,10,60,70,1.1428571428571428,0.04212627318711346,678,See! Our DNA strand does match from animal ancestry search.
1398,3193,1,8,61,70,1.1428571428571428,0.04678356086900135,678,It was you're idea to play charades.
1429,3193,2,6,62,70,1.1428571428571428,0.051017450372708696,678,At least it's not our dicks this time
1435,3193,0,10,60,70,1.1428571428571428,0.04212627318711346,678,"I don't see how this can become a  ""thing"" if no other giraffes are around to see it."
1503,3193,1,8,61,70,1.1428571428571428,0.04678356086900135,678,I always have trouble getting the knot right on a necktie.
1525,3193,2,6,62,70,1.1428571428571428,0.051017450372708696,678,This they didn't teach me in my middle school sex therapy class.
1590,3193,2,6,62,70,1.1428571428571428,0.051017450372708696,678,"You're the one who said ""watch your ass for hyenas"""
1660,3193,1,8,61,70,1.1428571428571428,0.04678356086900135,678,"No, you unwind!"
1675,3193,1,8,61,70,1.1428571428571428,0.04678356086900135,678,"Hiccuped, Just as I started to give you a hug."
2022,3193,1,8,61,70,1.1428571428571428,0.04678356086900135,678,"Hey, you, get off of my cloud!"
1708,3193,1,8,61,70,1.1428571428571428,0.04678356086900135,678,No more kites.
1736,3193,1,8,61,70,1.1428571428571428,0.04678356086900135,678,"I do NOT ""twist everything you say."""
1763,3193,1,8,61,70,1.1428571428571428,0.04678356086900135,678,You’ve got me coming and going!
1771,3193,0,10,60,70,1.1428571428571428,0.04212627318711346,678,"Fred, possessiveness is *not* an attractive quality."
1783,3193,0,10,60,70,1.1428571428571428,0.04212627318711346,678,"Yes, you are clingy."
1802,3193,1,8,61,70,1.1428571428571428,0.04678356086900135,678,DNA sucks.
1808,3193,0,10,60,70,1.1428571428571428,0.04212627318711346,678,Damn pretzels.
1824,3193,1,8,61,70,1.1428571428571428,0.04678356086900135,678,The birth of necking...
1844,3193,1,8,61,70,1.1428571428571428,0.04678356086900135,678,Play to win only.
1866,3193,1,8,61,70,1.1428571428571428,0.04678356086900135,678,"Gerry, I meant maybe we could our actual DNA together, 
not model the double helix."
1916,3193,1,8,61,70,1.1428571428571428,0.04678356086900135,678,"I don't think this is what Chubby Checker meant by dancing the ""Twist"""
1710,3193,1,8,61,70,1.1428571428571428,0.04678356086900135,678,I told you that necking was a bad idea.
5387,3193,1,8,61,70,1.1428571428571428,0.04678356086900135,678,Is it good for you?
1314,3397,2,6,63,71,1.1408450704225352,0.05033399372892188,678,I told you we needed three of us to plait.
872,3398,0,9,55,64,1.140625,0.043797805514170944,678,Our lives are intertwined
4516,3398,0,9,55,64,1.140625,0.043797805514170944,678,I think we should see other people.
4050,3398,0,9,55,64,1.140625,0.043797805514170944,678,"The wrong answer to ""why the long neck""."
3495,3398,0,9,55,64,1.140625,0.043797805514170944,678,"Well, they say it takes two to tangle."
3207,3398,0,9,55,64,1.140625,0.043797805514170944,678,FOR THE LAST TIME which way is the oasis!!!!!!!
2817,3398,0,9,55,64,1.140625,0.043797805514170944,678,This is no choke.
5071,3398,1,7,56,64,1.140625,0.04913531839612815,678,"No, no, no.  The urgent question is not how we got INTO this!"
2035,3398,1,7,56,64,1.140625,0.04913531839612815,678,They named a rock group after us sis.
1649,3398,0,9,55,64,1.140625,0.043797805514170944,678,Just in the neck of time I have a pretzel craving
1471,3398,0,9,55,64,1.140625,0.043797805514170944,678,I'm really getting tired of this snake impression.
919,3398,0,9,55,64,1.140625,0.043797805514170944,678,"OK, the Tango is out.  Let’s try the Hokey Pokey"
2174,3398,0,9,55,64,1.140625,0.043797805514170944,678,"I'm a bit tied up right now, but I'll get back to you in a bit."
1504,3410,1,7,57,65,1.1384615384615384,0.04842183966159297,678,"I said I need my neck aligned, not entwined."
1863,3410,3,3,59,65,1.1384615384615384,0.05749967841433098,678,Now we get to  take on the two trunk elephant
2876,3410,0,9,56,65,1.1384615384615384,0.043172969847391635,678,"oh, baby, just like last summer"
3633,3410,1,7,57,65,1.1384615384615384,0.04842183966159297,678,"Just remember, we're knot in a lot of trouble."
3721,3410,0,9,56,65,1.1384615384615384,0.043172969847391635,678,"This isn't what I expected when you said ""let's tie the knot""."
4412,3410,0,9,56,65,1.1384615384615384,0.043172969847391635,678,I told you this would bring us closer together.
4950,3410,2,5,58,65,1.1384615384615384,0.053154903696481744,678,"The elephants never forget: ""lefty-loosey, righty-tighty!"""
2867,3417,0,9,57,66,1.1363636363636365,0.042565532289603344,678,"Here we have two male giraffes engaging in a display of dominance called ""necking"""
3198,3417,0,9,57,66,1.1363636363636365,0.042565532289603344,678,"Rhonda, your love is strangling me!"
3030,3417,2,5,59,66,1.1363636363636365,0.052385355506078195,678,Let's try petting next!
2200,3417,1,7,58,66,1.1363636363636365,0.04772866020849245,678,Let's not twist again like we did last summer.
204,3417,0,9,57,66,1.1363636363636365,0.042565532289603344,678,"Trust me Karen, I know music. If we want to work it on out, we have to twist and shout."
1440,3417,1,7,58,66,1.1363636363636365,0.04772866020849245,678,"It's not as if I didn't know what I was getting into."" 
(sigh)"
184,3417,0,9,57,66,1.1363636363636365,0.042565532289603344,678,Dad would kill you if he caught us necking like this.
27,3417,1,7,58,66,1.1363636363636365,0.04772866020849245,678,"Once too often, I stuck my neck out."
1980,3417,1,7,58,66,1.1363636363636365,0.04772866020849245,678,"As the Four Tops sang, “Look over your shoulder.  I’ll be there for you.”"
3276,3426,1,7,59,67,1.1343283582089552,0.04705493189919477,678,I feel choked by this relationship.
3313,3426,0,9,58,67,1.1343283582089552,0.041974785069899656,678,"Just give it a few minutes Carol, 'necking' seems like a sure thing."
3319,3426,1,7,59,67,1.1343283582089552,0.04705493189919477,678,"Instead of fighting over the females, why don't we just split them up."
3328,3426,2,5,60,67,1.1343283582089552,0.0516376863386756,678,I've got a Crick. Have you got a Watson?
3330,3426,0,9,58,67,1.1343283582089552,0.041974785069899656,678,I'm not feeling myself today.
3355,3426,0,9,58,67,1.1343283582089552,0.041974785069899656,678,I heard  about necking but this is ridiculous
3358,3426,1,7,59,67,1.1343283582089552,0.04705493189919477,678,No I wasn’t faking it!
3407,3426,0,9,58,67,1.1343283582089552,0.041974785069899656,678,I think she left already.
3437,3426,0,9,58,67,1.1343283582089552,0.041974785069899656,678,They call it necking- but I'm not sure where we go from here.
3483,3426,1,7,59,67,1.1343283582089552,0.04705493189919477,678,"Geez, Watson!  Now I have a Crick in my neck!"
3639,3426,3,3,61,67,1.1343283582089552,0.05584563263841704,678,Turn left? And become a socialist?
3677,3426,0,9,58,67,1.1343283582089552,0.041974785069899656,678,Let's not wrap our heads around this one.
3729,3426,0,9,58,67,1.1343283582089552,0.041974785069899656,678,Now place your left hoof in the blue circle.
3267,3426,0,9,58,67,1.1343283582089552,0.041974785069899656,678,The song says now we're supposed to shout
3361,3426,2,5,60,67,1.1343283582089552,0.0516376863386756,678,This necking isn't going anywhere!
3250,3426,0,9,58,67,1.1343283582089552,0.041974785069899656,678,This closeness is getting to be a pain in the neck.
2564,3426,2,5,60,67,1.1343283582089552,0.0516376863386756,678,Your spot on Mabel!
3205,3426,0,9,58,67,1.1343283582089552,0.041974785069899656,678,Can we talk later? I'm all tied up now.
2517,3426,0,9,58,67,1.1343283582089552,0.041974785069899656,678,This is what we get for sticking our necks out for someone.
2532,3426,1,7,59,67,1.1343283582089552,0.04705493189919477,678,"Uh, honey, I can't come now. I'm a little tied up!"
2551,3426,0,9,58,67,1.1343283582089552,0.041974785069899656,678,"You're right, the Zipper Merge only works for traffic."
3745,3426,1,7,59,67,1.1343283582089552,0.04705493189919477,678,I'll be seeing you around!
2586,3426,1,7,59,67,1.1343283582089552,0.04705493189919477,678,I've always thought you had a twisted point of view.
2591,3426,0,9,58,67,1.1343283582089552,0.041974785069899656,678,I think we're better at the tango than the twist.
2756,3426,0,9,58,67,1.1343283582089552,0.041974785069899656,678,You said it would be like Lady and the Tramp.
2790,3426,0,9,58,67,1.1343283582089552,0.041974785069899656,678,Survival of the fittest isn't about yoga.
2820,3426,2,5,60,67,1.1343283582089552,0.0516376863386756,678,Twisted love story.
2941,3426,1,7,59,67,1.1343283582089552,0.04705493189919477,678,"Fine line between closeness and 'control issues,' Dale."
2995,3426,2,5,60,67,1.1343283582089552,0.0516376863386756,678,Can we find another way to make out? The chiropractor's bills are killing me.
2999,3426,0,9,58,67,1.1343283582089552,0.041974785069899656,678,"”It’s a great idea, but do you think ‘necking’ will really catch on?"
3020,3426,1,7,59,67,1.1343283582089552,0.04705493189919477,678,At the count of three we turn to the left.
3106,3426,0,9,58,67,1.1343283582089552,0.041974785069899656,678,"You’re being knotty, Wilbur !"
3195,3426,1,7,59,67,1.1343283582089552,0.04705493189919477,678,Our secret neck-shake is hard to swallow.
3243,3426,0,9,58,67,1.1343283582089552,0.041974785069899656,678,"So, that’s what DNA is."
3761,3426,1,7,59,67,1.1343283582089552,0.04705493189919477,678,Our therapist did warn us about the dangers of enmeshed relationships...
4252,3426,1,7,59,67,1.1343283582089552,0.04705493189919477,678,Well thats just twisted
3784,3426,1,7,59,67,1.1343283582089552,0.04705493189919477,678,...and that's how our genetic code is stored.
4691,3426,0,9,58,67,1.1343283582089552,0.041974785069899656,678,This is as far as I go on a first date.
4703,3426,1,7,59,67,1.1343283582089552,0.04705493189919477,678,"So,at least it makes a change from 'getting your knickers in a twist'."
4825,3426,1,7,59,67,1.1343283582089552,0.04705493189919477,678,"Let's just spend a quiet night together you said, and one peck on the cheek you said, and now this!"
4870,3426,1,7,59,67,1.1343283582089552,0.04705493189919477,678,"Yeah, this isn’t working for me at all.  Let’s go back to the tree pose."
4944,3426,2,5,60,67,1.1343283582089552,0.0516376863386756,678,"Has it come up yet”
Giraffe’s Heimlic"
4955,3426,0,9,58,67,1.1343283582089552,0.041974785069899656,678,Now can we stop for directions?
4685,3426,1,7,59,67,1.1343283582089552,0.04705493189919477,678,I don’t think he thinks we’re a snake
5039,3426,0,9,58,67,1.1343283582089552,0.041974785069899656,678,Thanks CRISPR.
5080,3426,1,7,59,67,1.1343283582089552,0.04705493189919477,678,Enough about the pretty swans!
5121,3426,0,9,58,67,1.1343283582089552,0.041974785069899656,678,I always dread King Kong’s laundry day
5136,3426,0,9,58,67,1.1343283582089552,0.041974785069899656,678,I thought we came here to neck?
5227,3426,0,9,58,67,1.1343283582089552,0.041974785069899656,678,Next wedding...bow ties.
5261,3426,1,7,59,67,1.1343283582089552,0.04705493189919477,678,"Sorry we're late, the DNA lesson was more embodied than we thought."
5373,3426,1,7,59,67,1.1343283582089552,0.04705493189919477,678,"I said, would you like to try the nuts ?"
5060,3426,1,7,59,67,1.1343283582089552,0.04705493189919477,678,Love has its twists and turns sometimes.
4621,3426,1,7,59,67,1.1343283582089552,0.04705493189919477,678,Giraffe DNA at the macro level.
4556,3426,0,9,58,67,1.1343283582089552,0.041974785069899656,678,I guess we're married now.
4398,3426,2,5,60,67,1.1343283582089552,0.0516376863386756,678,I think they know about us.
3818,3426,1,7,59,67,1.1343283582089552,0.04705493189919477,678,we really need to learn to unwind ourselves
3866,3426,0,9,58,67,1.1343283582089552,0.041974785069899656,678,Lefty loosey please.
3886,3426,0,9,58,67,1.1343283582089552,0.041974785069899656,678,I think we should stick to kissing & forget about hugging.
3889,3426,0,9,58,67,1.1343283582089552,0.041974785069899656,678,"When I asked about necking, this isn't what I had in mind."
3937,3426,0,9,58,67,1.1343283582089552,0.041974785069899656,678,I've had it with your stupid parlor games.
3954,3426,2,5,60,67,1.1343283582089552,0.0516376863386756,678,"Hey, it was your idea to try yoga partner poses!"
3970,3426,0,9,58,67,1.1343283582089552,0.041974785069899656,678,Better Together!
4043,3426,0,9,58,67,1.1343283582089552,0.041974785069899656,678,"Ok. That's good. Now, you are supposed to throw your back left leg over my back."
4096,3426,1,7,59,67,1.1343283582089552,0.04705493189919477,678,"So, anyway then ... how's your mom?"
4132,3426,1,7,59,67,1.1343283582089552,0.04705493189919477,678,"If we invite some others to come over, we can French braid"
4223,3426,0,9,58,67,1.1343283582089552,0.041974785069899656,678,To unwind we simply need to cross the Equator and get in the path of another tornado!
2509,3426,0,9,58,67,1.1343283582089552,0.041974785069899656,678,"Now let’s try the same thing, but with our hindquarters."
4282,3426,0,9,58,67,1.1343283582089552,0.041974785069899656,678,This Kama Sutra stuff isn't all it's cracked up to be!
4311,3426,0,9,58,67,1.1343283582089552,0.041974785069899656,678,No more square dancing.  Those Do-Si-Dos are going to kill us.
4377,3426,1,7,59,67,1.1343283582089552,0.04705493189919477,678,Paranoid love?
3780,3426,1,7,59,67,1.1343283582089552,0.04705493189919477,678,"We may have the same number of vertebrae as other mammals, but right now that's not helpful."
2496,3426,1,7,59,67,1.1343283582089552,0.04705493189919477,678,"Dang, girl, you such a freak."
4008,3426,1,7,59,67,1.1343283582089552,0.04705493189919477,678,"First, I told you I hate charades. More importantly, the saying is ""Don't get your KNICKERS in a twist."""
2421,3426,0,9,58,67,1.1343283582089552,0.041974785069899656,678,"competitive since birth, they remained neck in neck in their diet competition..."
721,3426,1,7,59,67,1.1343283582089552,0.04705493189919477,678,"Darling, I think we have gone too far."
787,3426,1,7,59,67,1.1343283582089552,0.04705493189919477,678,Enough. I didn’t want to neck in the first place.
795,3426,1,7,59,67,1.1343283582089552,0.04705493189919477,678,Hugs no kisses.
809,3426,2,5,60,67,1.1343283582089552,0.0516376863386756,678,That's the last time I stick my neck out for you.
833,3426,1,7,59,67,1.1343283582089552,0.04705493189919477,678,Wait.  This will never work.  We're not snails.
845,3426,0,9,58,67,1.1343283582089552,0.041974785069899656,678,What happened at the buffet.
624,3426,0,9,58,67,1.1343283582089552,0.041974785069899656,678,Kanoodling is so much fun!
889,3426,2,5,60,67,1.1343283582089552,0.0516376863386756,678,That’s enough Chubby.
942,3426,1,7,59,67,1.1343283582089552,0.04705493189919477,678,And now the fun part! We both jump up and we’ll spin while our necks unwind
972,3426,2,5,60,67,1.1343283582089552,0.0516376863386756,678,"...and if anyone asks, we were wrestling."
988,3426,0,9,58,67,1.1343283582089552,0.041974785069899656,678,This must be love since I see we make the hairs stand all the way up the back of our necks.
1018,3426,2,5,60,67,1.1343283582089552,0.0516376863386756,678,I saw a mirage
1082,3426,1,7,59,67,1.1343283582089552,0.04705493189919477,678,What makes you think I thought she was hot?
1148,3426,0,9,58,67,1.1343283582089552,0.041974785069899656,678,"I'm just like that Dylan song, ""Tanged Up in You."""
896,3426,2,5,60,67,1.1343283582089552,0.0516376863386756,678,It's just a jump to the left.  Then a step to the right.
549,3426,0,9,58,67,1.1343283582089552,0.041974785069899656,678,"I’ll be Watson, you be Crick.  What’s the safe word?"
543,3426,0,9,58,67,1.1343283582089552,0.041974785069899656,678,You can't blame this on the helmet.
537,3426,1,7,59,67,1.1343283582089552,0.04705493189919477,678,It was too a Yellow Shafted Flicker!
2450,3426,0,9,58,67,1.1343283582089552,0.041974785069899656,678,I didn’t realise you were this kinky
35,3426,0,9,58,67,1.1343283582089552,0.041974785069899656,678,"No more cha cha,okay."
80,3426,0,9,58,67,1.1343283582089552,0.041974785069899656,678,I'm trying to wrap my head around how we got like this.
231,3426,1,7,59,67,1.1343283582089552,0.04705493189919477,678,Why couldn't we just flip a coin to see who gets the girl?
290,3426,1,7,59,67,1.1343283582089552,0.04705493189919477,678,I think we’re in over our heads
300,3426,0,9,58,67,1.1343283582089552,0.041974785069899656,678,"honey, I think this necktie might be too tight."
352,3426,2,5,60,67,1.1343283582089552,0.0516376863386756,678,Not sure we are doing this right . . .
401,3426,1,7,59,67,1.1343283582089552,0.04705493189919477,678,When I said I wanted to wrap my head around what you were sayingI didn’t mean it literally!
413,3426,1,7,59,67,1.1343283582089552,0.04705493189919477,678,I don't want to EVER do the Peppermint Twist again!
436,3426,0,9,58,67,1.1343283582089552,0.041974785069899656,678,"As I said, No, I don't think we can do the twist!"
437,3426,0,9,58,67,1.1343283582089552,0.041974785069899656,678,I don't think this is how the birds and the bees do it.
474,3426,0,9,58,67,1.1343283582089552,0.041974785069899656,678,Buit I'm sure it was that way!
491,3426,1,7,59,67,1.1343283582089552,0.04705493189919477,678,"OMG, this is what my mother meant by “twist of fate!”"
511,3426,0,9,58,67,1.1343283582089552,0.041974785069899656,678,This is the most twisted discussion we’ve ever had.
535,3426,1,7,59,67,1.1343283582089552,0.04705493189919477,678,We're just demonstrating how DNA replication works.
1169,3426,0,9,58,67,1.1343283582089552,0.041974785069899656,678,Knecking is much more fun than unknecking.
1257,3426,0,9,58,67,1.1343283582089552,0.041974785069899656,678,I told you Twister was a bad idea!
590,3426,0,9,58,67,1.1343283582089552,0.041974785069899656,678,Mother told me that necking would get me in trouble!
1342,3426,2,5,60,67,1.1343283582089552,0.0516376863386756,678,Mother warned me about necking on the first date.
1873,3426,0,9,58,67,1.1343283582089552,0.041974785069899656,678,Codependency is a bitch.
1888,3426,0,9,58,67,1.1343283582089552,0.041974785069899656,678,"I love you too, but you really need to reconsider your flirting techniques."
2132,3426,0,9,58,67,1.1343283582089552,0.041974785069899656,678,Are you sure this is how they do it on Animal Planet..?”
2142,3426,0,9,58,67,1.1343283582089552,0.041974785069899656,678,Interneck
2146,3426,0,9,58,67,1.1343283582089552,0.041974785069899656,678,Watson.  I think we may be onto something.
2160,3426,1,7,59,67,1.1343283582089552,0.04705493189919477,678,I don’t think this is the right way to make a new double helix!
2172,3426,0,9,58,67,1.1343283582089552,0.041974785069899656,678,People expect us to get married any day.  They say we're inseparable!
2255,3426,1,7,59,67,1.1343283582089552,0.04705493189919477,678,I told you to stop looking at his tweets.
2268,3426,0,9,58,67,1.1343283582089552,0.041974785069899656,678,The evils of Chubby Checker
2292,3426,1,7,59,67,1.1343283582089552,0.04705493189919477,678,And you promise never to let a photographer snap us like this?
2293,3426,1,7,59,67,1.1343283582089552,0.04705493189919477,678,Whose idea was it to play Twister?
2309,3426,1,7,59,67,1.1343283582089552,0.04705493189919477,678,What did that guy mean? What's a phone cord?
2324,3426,0,9,58,67,1.1343283582089552,0.041974785069899656,678,I see a tsetse fly on one of our butts.
2344,3426,0,9,58,67,1.1343283582089552,0.041974785069899656,678,"I'm telling you, this is not how you dance."
1302,3426,0,9,58,67,1.1343283582089552,0.041974785069899656,678,I'm just trying to make giraffes great again.
1853,3426,0,9,58,67,1.1343283582089552,0.041974785069899656,678,"If I go down, you go down!"
1825,3426,0,9,58,67,1.1343283582089552,0.041974785069899656,678,"I told you Jeffery, I’m not yet ready to tie the knot!"
1780,3426,2,5,60,67,1.1343283582089552,0.0516376863386756,678,Necks time we watch our own backs!
2383,3426,0,9,58,67,1.1343283582089552,0.041974785069899656,678,Perhaps our species shouldn’t  play “Twister”.
1735,3426,1,7,59,67,1.1343283582089552,0.04705493189919477,678,So THAT’S a cyclone!
1726,3426,0,9,58,67,1.1343283582089552,0.041974785069899656,678,"I love you.
No, I love you.
No, I love you.
No, I love you."
1706,3426,0,9,58,67,1.1343283582089552,0.041974785069899656,678,I think we got caught in our DNA.
1688,3426,0,9,58,67,1.1343283582089552,0.041974785069899656,678,This appeared enjoyable when they did it in the movies.
1643,3426,1,7,59,67,1.1343283582089552,0.04705493189919477,678,"Focus George, we only have 4 hours till our Planet Earth audition."
1631,3426,2,5,60,67,1.1343283582089552,0.0516376863386756,678,They are protesting cruelty to animals.
1615,3426,2,5,60,67,1.1343283582089552,0.0516376863386756,678,Next year let’s promise to twist again like we did last summer.
1589,3426,1,7,59,67,1.1343283582089552,0.04705493189919477,678,It's called the Giraffe in the Kama Sutra
1378,3426,0,9,58,67,1.1343283582089552,0.041974785069899656,678,You go left and I’ll go left and we’ll both be up right again.
1568,3426,0,9,58,67,1.1343283582089552,0.041974785069899656,678,Who knew twerking was so dangerous?
1566,3426,0,9,58,67,1.1343283582089552,0.041974785069899656,678,It sure is different in Europe.
1533,3426,1,7,59,67,1.1343283582089552,0.04705493189919477,678,"I can, in fact, wait until he’s king.”"
1513,3426,1,7,59,67,1.1343283582089552,0.04705493189919477,678,Are you sure this is in the Kama Sutra?
1490,3426,0,9,58,67,1.1343283582089552,0.041974785069899656,678,When the term 'stranglehold on my affections' was first coined.
1428,3426,0,9,58,67,1.1343283582089552,0.041974785069899656,678,I think our chiropractor is twisted.
4341,3571,1,6,54,61,1.1311475409836065,0.049452797144256905,678,"We're just an ordinary couple of ""Twisted Sisters""."
3933,3571,2,4,55,61,1.1311475409836065,0.054699426256796496,678,Two heads are NOT better than one!
3344,3571,1,6,54,61,1.1311475409836065,0.049452797144256905,678,You’re twisted!
424,3571,2,4,55,61,1.1311475409836065,0.054699426256796496,678,Maybe taking yoga class together wasn't the best idea we've had.
1160,3571,1,6,54,61,1.1311475409836065,0.049452797144256905,678,but I don’t need to know how to tie laces
2373,3571,1,6,54,61,1.1311475409836065,0.049452797144256905,678,Twisted feelings
487,3571,0,8,53,61,1.1311475409836065,0.04357902084672543,678,This is just a pain in the neck!  Lets just go back to the missionary position.
791,3578,2,4,56,62,1.1290322580645162,0.053851505523430855,678,We probably went overboard on the 'Stay on the alert; look in all directions' warning.
2969,3579,1,6,57,64,1.125,0.0472455591261534,678,"I know we agreed to hug it out, but this is ridiculous."
3025,3579,0,8,56,64,1.125,0.041666666666666664,678,"This time, let’s try you stay still and I go left."
3225,3579,1,6,57,64,1.125,0.0472455591261534,678,Wanna quit necking and go to the next level?
3412,3579,0,8,56,64,1.125,0.041666666666666664,678,"‘“Are you sure you got the ‘hokey-pokey’ instructions right”
Bar Roberts, Washington, DC"
3526,3579,1,6,57,64,1.125,0.0472455591261534,678,"Dear, I know you wanted try the ""corkscrew position"" in the Joy of Sex manual, but I don't think it was intended for giraffes."
4155,3579,0,8,56,64,1.125,0.041666666666666664,678,"After you, - no, please, you go - no, you... umm...so what do we do now?"
3845,3579,0,8,56,64,1.125,0.041666666666666664,678,"If your neck weren't so long, this wouldn't keep happening."
3870,3579,1,6,57,64,1.125,0.0472455591261534,678,I’m really wrapped up in you but this is ridiculous!!
3968,3579,1,6,57,64,1.125,0.0472455591261534,678,"Yes, I am glad we tied the knot.  But now we can't enjoy the benefits."
4063,3579,0,8,56,64,1.125,0.041666666666666664,678,Enough with the Twist and Shout!
5345,3579,0,8,56,64,1.125,0.041666666666666664,678,"We can twist, but not shout."" poo"
4100,3579,0,8,56,64,1.125,0.041666666666666664,678,"My right, YOUR LEFT!"
3767,3579,0,8,56,64,1.125,0.041666666666666664,678,"For the last time, I said MY left."
4253,3579,1,6,57,64,1.125,0.0472455591261534,678,"This seems like a hell of a lot of trouble just for a selfie, Ralph."
4333,3579,0,8,56,64,1.125,0.041666666666666664,678,When giraffes play The Hokey Pokey...
4641,3579,1,6,57,64,1.125,0.0472455591261534,678,Isn't this better than an engagement ring?
4663,3579,0,8,56,64,1.125,0.041666666666666664,678,That’s it. Stop screwing around.
4845,3579,1,6,57,64,1.125,0.0472455591261534,678,Why can't you just give me some space?
4895,3579,1,6,57,64,1.125,0.0472455591261534,678,It's your fault you twisted your way upon me
5015,3579,0,8,56,64,1.125,0.041666666666666664,678,"I know we're not bacteria, but what if horizontal gene transfer works out for us too?"
5058,3579,0,8,56,64,1.125,0.041666666666666664,678,I'm starting to think we should've gone to the climate rally
5108,3579,0,8,56,64,1.125,0.041666666666666664,678,"Nobody necks like we do, Baby!"
5173,3579,2,4,58,64,1.125,0.052231930877334055,678,Do you think we could be on 'Dancing With the Stars'?
5241,3579,0,8,56,64,1.125,0.041666666666666664,678,"No, I meant go to your left!"
5275,3579,0,8,56,64,1.125,0.041666666666666664,678,"I guess we're not kissing tonight."""
5312,3579,1,6,57,64,1.125,0.0472455591261534,678,I told you we shouldn't kiss with our eyes closed!
2806,3579,0,8,56,64,1.125,0.041666666666666664,678,are you sure this is how to do the Heimlich maneuver?
4246,3579,0,8,56,64,1.125,0.041666666666666664,678,I told you I didn’t dance flamenco.
2745,3579,0,8,56,64,1.125,0.041666666666666664,678,loving you is a pain in the neck
1814,3579,0,8,56,64,1.125,0.041666666666666664,678,I think we have some issues to work out.
2625,3579,2,4,58,64,1.125,0.052231930877334055,678,"When you said you wanted a committed relationship, I didn’t fully grasp what you meant."
2643,3579,1,6,57,64,1.125,0.0472455591261534,678,I told you this was where necking could lead us.
785,3579,0,8,56,64,1.125,0.041666666666666664,678,I love necking with you!
813,3579,1,6,57,64,1.125,0.0472455591261534,678,In this Me Too era even necking can be a problem
869,3579,0,8,56,64,1.125,0.041666666666666664,678,Giraffe DNA?  What does that even mean?
913,3579,0,8,56,64,1.125,0.041666666666666664,678,Is this love or what a python feels like?
961,3579,1,6,57,64,1.125,0.0472455591261534,678,"Ok, now, what was that accident insurance agent's number?"
1013,3579,0,8,56,64,1.125,0.041666666666666664,678,This is corny and somewhat painful. Can't we just hug?
1123,3579,2,4,58,64,1.125,0.052231930877334055,678,"You will find the love, if you hang around me."
1240,3579,0,8,56,64,1.125,0.041666666666666664,678,OMNISCIENT KNOWS PIQUE
1269,3579,0,8,56,64,1.125,0.041666666666666664,678,"Before considering divorce, I suggest a trial separation."
1300,3579,1,6,57,64,1.125,0.0472455591261534,678,"I’ve heard of codependency, but this is ridiculous"
1329,3579,0,8,56,64,1.125,0.041666666666666664,678,"Honey, We are truly entwined in love!"
1330,3579,0,8,56,64,1.125,0.041666666666666664,678,"I told you to look to MY left, not YOUR left!"
351,3579,2,4,58,64,1.125,0.052231930877334055,678,Was that a tornado?
1591,3579,0,8,56,64,1.125,0.041666666666666664,678,Are you sure this is how our parents did it?
1413,3579,0,8,56,64,1.125,0.041666666666666664,678,"Without touching, can you tell whose spots are whose?"
2281,3579,2,4,58,64,1.125,0.052231930877334055,678,"I haven't been able to find a scarf I really love, until now."""
2090,3579,0,8,56,64,1.125,0.041666666666666664,678,I don't think this is the way you're supposed to play Twister.
2018,3579,1,6,57,64,1.125,0.0472455591261534,678,Watson I have a crick in my neck.
2015,3579,1,6,57,64,1.125,0.0472455591261534,678,"I'm a bit tangled up right now, but I can talk to you later."
2010,3579,0,8,56,64,1.125,0.041666666666666664,678,"OK, the untwisting can be tricky! You go first!"
2362,3579,0,8,56,64,1.125,0.041666666666666664,678,You told me you were a Boy Scout.
1940,3579,1,6,57,64,1.125,0.0472455591261534,678,Wasn't the airshow a great idea?
1938,3579,2,4,58,64,1.125,0.052231930877334055,678,I hope our parents don't catch us necking...
1925,3579,1,6,57,64,1.125,0.0472455591261534,678,Fix it ? I can't even untangle my ear buds
1881,3579,1,6,57,64,1.125,0.0472455591261534,678,You skipped sex education class and look how we wound up.
1988,3579,0,8,56,64,1.125,0.041666666666666664,678,"Is this what is called ""necking""?"
1594,3579,0,8,56,64,1.125,0.041666666666666664,678,This is why I'm not a hugger.
4581,3638,1,6,58,65,1.123076923076923,0.046552763218885414,678,Do you tango?
3174,3639,1,6,59,66,1.121212121212121,0.04587990563775582,678,This isn't what I meant when I asked you to give me neck.
3188,3639,2,4,60,66,1.121212121212121,0.05070666827479246,678,It’s all in the DNA
3300,3639,1,6,59,66,1.121212121212121,0.04587990563775582,678,DEFINITELY the same DNA.
3323,3639,1,6,59,66,1.121212121212121,0.04587990563775582,678,WE SHOULD HAVE STAYED WITH A PECK ON THE CHEEK!
3448,3639,0,8,58,66,1.121212121212121,0.040481665913459045,678,"The wedding invite said formal attire- right?"" 
""Yes, neck tie and all."
3440,3639,0,8,58,66,1.121212121212121,0.040481665913459045,678,"Dr.Suess, Dr. Ruth what’s the difference?"
3509,3639,0,8,58,66,1.121212121212121,0.040481665913459045,678,Is this camp?
3512,3639,0,8,58,66,1.121212121212121,0.040481665913459045,678,Do you think we could go just one more round?
3122,3639,1,6,59,66,1.121212121212121,0.04587990563775582,678,We've taken auto-asphyxiation to new heights.
3387,3639,0,8,58,66,1.121212121212121,0.040481665913459045,678,I knew necking could be dangerous!
3530,3639,0,8,58,66,1.121212121212121,0.040481665913459045,678,I always knew our lives would become entwined
2877,3639,1,6,59,66,1.121212121212121,0.04587990563775582,678,We think animation is preferable to live action for this scene.
3032,3639,0,8,58,66,1.121212121212121,0.040481665913459045,678,You sure this is Giraffe-A-Sutra?
3028,3639,1,6,59,66,1.121212121212121,0.04587990563775582,678,Perhaps we shouldn't tie the knot.
2937,3639,0,8,58,66,1.121212121212121,0.040481665913459045,678,I can't twist a little closer.  When do we get to shout?
2934,3639,1,6,59,66,1.121212121212121,0.04587990563775582,678,Kiss does not sound like twist.
2922,3639,0,8,58,66,1.121212121212121,0.040481665913459045,678,"Yo, bro!"
2854,3639,0,8,58,66,1.121212121212121,0.040481665913459045,678,You sure this is how that dance works?
2853,3639,1,6,59,66,1.121212121212121,0.04587990563775582,678,Tangled views attract each other
2848,3639,1,6,59,66,1.121212121212121,0.04587990563775582,678,"Gary, I know the event said formal wear... but this necktie is ridiculous"
2757,3639,1,6,59,66,1.121212121212121,0.04587990563775582,678,They're gonna know we were necking again.
2733,3639,0,8,58,66,1.121212121212121,0.040481665913459045,678,"Sure, you know the Merengue."
3568,3639,0,8,58,66,1.121212121212121,0.040481665913459045,678,I didn't see this in the Kama Sutra
3087,3639,1,6,59,66,1.121212121212121,0.04587990563775582,678,I think we should get a room.
3577,3639,0,8,58,66,1.121212121212121,0.040481665913459045,678,"Pull harder, I want my jawline lifted too!"
4515,3639,1,6,59,66,1.121212121212121,0.04587990563775582,678,I will always always always love you
3785,3639,1,6,59,66,1.121212121212121,0.04587990563775582,678,"I thought I told you, no necking on the first date!"
2559,3639,1,6,59,66,1.121212121212121,0.04587990563775582,678,"Told you we shouldn't try the ""Virginia reel!"""
5253,3639,1,6,59,66,1.121212121212121,0.04587990563775582,678,"See , together we can look even more ridiculous!"
5201,3639,0,8,58,66,1.121212121212121,0.040481665913459045,678,We twisted the night away; now it’s time to eat a leaf.
5187,3639,1,6,59,66,1.121212121212121,0.04587990563775582,678,"No, going around again does NOT make it ""child's pose."""
5155,3639,0,8,58,66,1.121212121212121,0.040481665913459045,678,"I got to that branch first.""  ""No, you did not. I was first."
4988,3639,1,6,59,66,1.121212121212121,0.04587990563775582,678,"God, I hate Kansas!"
4932,3639,0,8,58,66,1.121212121212121,0.040481665913459045,678,I think it's time we file for a trial separation.
4915,3639,1,6,59,66,1.121212121212121,0.04587990563775582,678,"I think we're done with foreplay, darling."
4867,3639,0,8,58,66,1.121212121212121,0.040481665913459045,678,The therapist said we have a lot to untangle
4827,3639,1,6,59,66,1.121212121212121,0.04587990563775582,678,Forward March!
4624,3639,2,4,60,66,1.121212121212121,0.05070666827479246,678,"I just wanted to give you a Hug and a kiss"".
"" Me too. Let's try it again so we can finish the twist with a kiss."
3769,3639,2,4,60,66,1.121212121212121,0.05070666827479246,678,Yikes!
4606,3639,0,8,58,66,1.121212121212121,0.040481665913459045,678,This all began with a Neck Roll.
4475,3639,0,8,58,66,1.121212121212121,0.040481665913459045,678,"Not quite. You have listened to Chubby Checker, right?"
4420,3639,0,8,58,66,1.121212121212121,0.040481665913459045,678,I wish I could love you more.
4362,3639,1,6,59,66,1.121212121212121,0.04587990563775582,678,Nothing like necking with you!
4275,3639,0,8,58,66,1.121212121212121,0.040481665913459045,678,Why don’t we skip the dip and go back to a waltz.
4239,3639,0,8,58,66,1.121212121212121,0.040481665913459045,678,I’ll never let go?
4112,3639,0,8,58,66,1.121212121212121,0.040481665913459045,678,One of us doesn't have his head screwed on right.
3948,3639,1,6,59,66,1.121212121212121,0.04587990563775582,678,I know I said we should tie the knot but this is ridiculous!!!
3932,3639,2,4,60,66,1.121212121212121,0.05070666827479246,678,We are star crossed - and crossed - and crossed - lovers.
3915,3639,2,4,60,66,1.121212121212121,0.05070666827479246,678,Now who's necker chief?
3836,3639,0,8,58,66,1.121212121212121,0.040481665913459045,678,I think your separation anxiety got a bit out of control
3791,3639,0,8,58,66,1.121212121212121,0.040481665913459045,678,Stop staring. You know it's impolite to rubberneck.
4483,3639,0,8,58,66,1.121212121212121,0.040481665913459045,678,I don't see what is so romantic about necking.
2422,3639,0,8,58,66,1.121212121212121,0.040481665913459045,678,"Really, you read this is how to save relationship."
4625,3639,0,8,58,66,1.121212121212121,0.040481665913459045,678,You and your Quantum Mechanics!
2330,3639,1,6,59,66,1.121212121212121,0.04587990563775582,678,"Geoff, when I agreed to tie the knot this is not what I had in mind."
963,3639,1,6,59,66,1.121212121212121,0.04587990563775582,678,So this is why mother is always telling us to keep our necks to ourselves.
933,3639,0,8,58,66,1.121212121212121,0.040481665913459045,678,You have a big bug on your back.
850,3639,0,8,58,66,1.121212121212121,0.040481665913459045,678,Missed. Again.
844,3639,0,8,58,66,1.121212121212121,0.040481665913459045,678,"Let’s twist again like we did last summer
Round and around and around........"
779,3639,1,6,59,66,1.121212121212121,0.04587990563775582,678,I don't want to get caught necking.
670,3639,0,8,58,66,1.121212121212121,0.040481665913459045,678,kiss me you fool...ooops that's your neck
631,3639,0,8,58,66,1.121212121212121,0.040481665913459045,678,Tell me again what this has to do with medicine?
613,3639,0,8,58,66,1.121212121212121,0.040481665913459045,678,Let’s quit necking and start kissing.
547,3639,1,6,59,66,1.121212121212121,0.04587990563775582,678,Wait... this is crazy.
532,3639,1,6,59,66,1.121212121212121,0.04587990563775582,678,I said don't get your panties in a twist!
513,3639,2,4,60,66,1.121212121212121,0.05070666827479246,678,I don't see any trees with leaves!  Isn't that why we have tall necks?
1037,3639,1,6,59,66,1.121212121212121,0.04587990563775582,678,What are you looking at. Somebody drew us like this.
502,3639,0,8,58,66,1.121212121212121,0.040481665913459045,678,The priest warned me that necking would get me into trouble.
402,3639,2,4,60,66,1.121212121212121,0.05070666827479246,678,I’m not sure I get this necking thing.
375,3639,1,6,59,66,1.121212121212121,0.04587990563775582,678,No more tango lessons for me.
356,3639,0,8,58,66,1.121212121212121,0.040481665913459045,678,"I cant figure out whether I love you, or love me."
346,3639,1,6,59,66,1.121212121212121,0.04587990563775582,678,Twister for giraffes is really hard.
342,3639,1,6,59,66,1.121212121212121,0.04587990563775582,678,My safe word is ankylosing-spondylitis
216,3639,1,6,59,66,1.121212121212121,0.04587990563775582,678,Twister sucks.
152,3639,0,8,58,66,1.121212121212121,0.040481665913459045,678,"Next time, let the kid keep his popsicle."
96,3639,1,6,59,66,1.121212121212121,0.04587990563775582,678,"when I said we should spend more time around each other, this wasn't what I meant..."
89,3639,0,8,58,66,1.121212121212121,0.040481665913459045,678,Necking isn't all it's cracked up to be.
37,3639,2,4,60,66,1.121212121212121,0.05070666827479246,678,"If we died right now, what would they think?"
5,3639,0,8,58,66,1.121212121212121,0.040481665913459045,678,I usually don’t do this on the first date.
415,3639,0,8,58,66,1.121212121212121,0.040481665913459045,678,"I agree its therapeutic, but not in a genetic way"
1091,3639,0,8,58,66,1.121212121212121,0.040481665913459045,678,Twist and Shout???
2337,3639,0,8,58,66,1.121212121212121,0.040481665913459045,678,The mating ritual of the giraffe!
1175,3639,1,6,59,66,1.121212121212121,0.04587990563775582,678,"Yes, that really was fantastic. However, when we disengage one of us is going to fly off into the distance"
1172,3639,1,6,59,66,1.121212121212121,0.04587990563775582,678,I'm ready to leave with no deal.
2284,3639,0,8,58,66,1.121212121212121,0.040481665913459045,678,separation anxiety
2181,3639,0,8,58,66,1.121212121212121,0.040481665913459045,678,"I’m starting to think our marriage counselor’s couple bonding techniques are a bit too twisted for my taste, Sharon."
2080,3639,0,8,58,66,1.121212121212121,0.040481665913459045,678,"So, macrame fans, the reverse giraffes’ neck knot is that easy. Ready to try it at home?"
2053,3639,0,8,58,66,1.121212121212121,0.040481665913459045,678,Don’t worry! It’ll be over soon.
2049,3639,1,6,59,66,1.121212121212121,0.04587990563775582,678,Did you forget the champagne?
1817,3639,0,8,58,66,1.121212121212121,0.040481665913459045,678,Are we both fans of Chubby Checker!
1790,3639,0,8,58,66,1.121212121212121,0.040481665913459045,678,Too much family closeness!
1778,3639,0,8,58,66,1.121212121212121,0.040481665913459045,678,DNA is destiny!
1764,3639,0,8,58,66,1.121212121212121,0.040481665913459045,678,What's the opposite of Hakuna Matata?
1755,3639,0,8,58,66,1.121212121212121,0.040481665913459045,678,I don't get all the excitement over this 'necking' thing
1746,3639,0,8,58,66,1.121212121212121,0.040481665913459045,678,I think we took the mirror exercise too seriously.
2030,3639,0,8,58,66,1.121212121212121,0.040481665913459045,678,I told you acroyoga was a bad idea.
1689,3639,0,8,58,66,1.121212121212121,0.040481665913459045,678,"I said turn left, left."
1212,3639,0,8,58,66,1.121212121212121,0.040481665913459045,678,I don’t think this is what they mean by necking.
1692,3639,2,4,60,66,1.121212121212121,0.05070666827479246,678,I don't think this is how you make a baby after all.
1217,3639,1,6,59,66,1.121212121212121,0.04587990563775582,678,Who's Chubby Checker?
1231,3639,0,8,58,66,1.121212121212121,0.040481665913459045,678,Stick your neck out and that's what you get.
1315,3639,1,6,59,66,1.121212121212121,0.04587990563775582,678,Is this helping your heartburn?
1414,3639,2,4,60,66,1.121212121212121,0.05070666827479246,678,I told you not to get it twisted.
1293,3639,1,6,59,66,1.121212121212121,0.04587990563775582,678,I feel so necked now.
1432,3639,0,8,58,66,1.121212121212121,0.040481665913459045,678,That vulture wasn't interested in us
1497,3639,0,8,58,66,1.121212121212121,0.040481665913459045,678,I enjoyed necking more when I was younger.
1601,3639,0,8,58,66,1.121212121212121,0.040481665913459045,678,"Righty tighty, dude!"
1678,3639,0,8,58,66,1.121212121212121,0.040481665913459045,678,We don't have enough bones in our necks for this to be possible.
3193,3747,0,8,59,67,1.1194029850746268,0.039913905875911725,678,My mother told me not to neck at this age
3460,3747,1,6,60,67,1.1194029850746268,0.045226141960648454,678,We should’ve listened when they told us “No necking”!
3555,3747,1,6,60,67,1.1194029850746268,0.045226141960648454,678,Just go with it. Getting the New Yorker takes commitment.
3365,3747,1,6,60,67,1.1194029850746268,0.045226141960648454,678,I don't think this is the way you do it.
3259,3747,0,8,59,67,1.1194029850746268,0.039913905875911725,678,Enough screwing around!
3531,3747,1,6,60,67,1.1194029850746268,0.045226141960648454,678,I don't get it...  What's this fascination with 'necking'?
3157,3747,1,6,60,67,1.1194029850746268,0.045226141960648454,678,All these head games you play just keeps my mind spinning!
2961,3747,1,6,60,67,1.1194029850746268,0.045226141960648454,678,Will I never have a shoulder to cry on?
3127,3747,0,8,59,67,1.1194029850746268,0.039913905875911725,678,The race was neck and neck.
3041,3747,0,8,59,67,1.1194029850746268,0.039913905875911725,678,"'Let's compare tattoos,' you said."
3035,3747,0,8,59,67,1.1194029850746268,0.039913905875911725,678,Just imagine that our spots are the nucleotides
2852,3747,1,6,60,67,1.1194029850746268,0.045226141960648454,678,We have gone about as far as we can go.
3565,3747,0,8,59,67,1.1194029850746268,0.039913905875911725,678,I feel kind of screwed with apartheid...
2602,3747,1,6,60,67,1.1194029850746268,0.045226141960648454,678,"Boy, are we screwed!"
3150,3747,1,6,60,67,1.1194029850746268,0.045226141960648454,678,We need a shave.
3687,3747,0,8,59,67,1.1194029850746268,0.039913905875911725,678,Whisper sweet somethings into each other's ear
4684,3747,1,6,60,67,1.1194029850746268,0.045226141960648454,678,Which way is left?
3888,3747,2,4,61,67,1.1194029850746268,0.04997687416213937,678,"Now,it's 1 and a 2 and a 1,2,3."
2556,3747,0,8,59,67,1.1194029850746268,0.039913905875911725,678,"What's our costume for the party, again?"
5185,3747,0,8,59,67,1.1194029850746268,0.039913905875911725,678,It's 2019! I didn't think necking lead to trouble anymore!
4965,3747,1,6,60,67,1.1194029850746268,0.045226141960648454,678,The congestion has really picked up recently.
4874,3747,1,6,60,67,1.1194029850746268,0.045226141960648454,678,I like the way we did it before you learned that DNA was the building block of life.
4773,3747,0,8,59,67,1.1194029850746268,0.039913905875911725,678,I told you we shouldn’t try The Twist!
4592,3747,1,6,60,67,1.1194029850746268,0.045226141960648454,678,I had the green light.
4428,3747,0,8,59,67,1.1194029850746268,0.039913905875911725,678,"this is another fine mess you got us into , OLLIE"
4421,3747,0,8,59,67,1.1194029850746268,0.039913905875911725,678,Now we’re really screwed.
4419,3747,1,6,60,67,1.1194029850746268,0.045226141960648454,678,We were made for each other!
4397,3747,1,6,60,67,1.1194029850746268,0.045226141960648454,678,"Humans have no idea how much fun
""necking'"" can be!"
4326,3747,1,6,60,67,1.1194029850746268,0.045226141960648454,678,Collaboration is overrated
4091,3747,0,8,59,67,1.1194029850746268,0.039913905875911725,678,I said let's rap -- R-A-P!
4039,3747,1,6,60,67,1.1194029850746268,0.045226141960648454,678,I’m not sure this is actually the right  way to mix our DNA.
4033,3747,0,8,59,67,1.1194029850746268,0.039913905875911725,678,"Maybe""Partner Yoga for Giraffes"" wasn't such a great idea."
3993,3747,1,6,60,67,1.1194029850746268,0.045226141960648454,678,"Umm...Is this what they mean by ""enmeshed""?"
3737,3747,1,6,60,67,1.1194029850746268,0.045226141960648454,678,This seems a little twisted.
2475,3747,0,8,59,67,1.1194029850746268,0.039913905875911725,678,This necking has spiralled out of control
2298,3747,0,8,59,67,1.1194029850746268,0.039913905875911725,678,I always thought that the Twist was just a dance
550,3747,0,8,59,67,1.1194029850746268,0.039913905875911725,678,My mother warned me not to 'neck' with boys!
950,3747,1,6,60,67,1.1194029850746268,0.045226141960648454,678,My mother said you were needy.
2280,3747,0,8,59,67,1.1194029850746268,0.039913905875911725,678,So much for hugging it out
882,3747,0,8,59,67,1.1194029850746268,0.039913905875911725,678,"Hey, get a room!"
837,3747,1,6,60,67,1.1194029850746268,0.045226141960648454,678,Are you sure this is what humans call necking?
621,3747,1,6,60,67,1.1194029850746268,0.045226141960648454,678,I agreed to neck but this feels more like third base!
562,3747,1,6,60,67,1.1194029850746268,0.045226141960648454,678,Do you have a cough drop on you?
530,3747,1,6,60,67,1.1194029850746268,0.045226141960648454,678,C'mon Watson lets share the Nobel price but don't tell Rosalind
483,3747,0,8,59,67,1.1194029850746268,0.039913905875911725,678,You've heard of Hulk Hogan right?
432,3747,1,6,60,67,1.1194029850746268,0.045226141960648454,678,"No, you....... no YOU!! ....... Noah......you-ah !!!!"
381,3747,0,8,59,67,1.1194029850746268,0.039913905875911725,678,I don't understand why humans get off on necking.
278,3747,2,4,61,67,1.1194029850746268,0.04997687416213937,678,"Given our lingual dexterity, this kiss is going to be magnificent once you twist and stretch your neck just one more rotation. Come on. You can do it."
269,3747,2,4,61,67,1.1194029850746268,0.04997687416213937,678,I think this will scare the snakes away.
103,3747,1,6,60,67,1.1194029850746268,0.045226141960648454,678,"After a long day, I just want to unwind."
81,3747,1,6,60,67,1.1194029850746268,0.045226141960648454,678,I guess we just weren't designed for fighting.
32,3747,0,8,59,67,1.1194029850746268,0.039913905875911725,678,This always happens when I stick my neck out for you.
956,3747,1,6,60,67,1.1194029850746268,0.045226141960648454,678,And that's genetics in a nutshell.
966,3747,2,4,61,67,1.1194029850746268,0.04997687416213937,678,We're too much alike for it to work.
899,3747,0,8,59,67,1.1194029850746268,0.039913905875911725,678,Necking is supposed to be pleasurable?
1167,3747,1,6,60,67,1.1194029850746268,0.045226141960648454,678,"Are you sure this is how you do ""The Crossed Keys"" position?"
2257,3747,1,6,60,67,1.1194029850746268,0.045226141960648454,678,I thought your Tinder profile said you knew how to neck
2215,3747,0,8,59,67,1.1194029850746268,0.039913905875911725,678,Oh Sibyl talk about twists and turns in our relationship
2117,3747,0,8,59,67,1.1194029850746268,0.039913905875911725,678,Let me be clear. I said I’ll go right.
2066,3747,1,6,60,67,1.1194029850746268,0.045226141960648454,678,"This wasn't what I had in mind when you said ""want to neck""?"
2054,3747,0,8,59,67,1.1194029850746268,0.039913905875911725,678,"Next time, just kiss me the normal way."
1057,3747,1,6,60,67,1.1194029850746268,0.045226141960648454,678,We want to be Siamese giraffes!
1816,3747,1,6,60,67,1.1194029850746268,0.045226141960648454,678,I love you to death!
1788,3747,0,8,59,67,1.1194029850746268,0.039913905875911725,678,"I don't think we have quite have this ""extended foreplay"" thing down yet"
1858,3747,1,6,60,67,1.1194029850746268,0.045226141960648454,678,Your affection is suffocating.
1529,3747,1,6,60,67,1.1194029850746268,0.045226141960648454,678,There's no way I'm telling that to the doctor!
1491,3747,0,8,59,67,1.1194029850746268,0.039913905875911725,678,"In the book,
Necking seemed so much more fun with Louise..."
1477,3747,0,8,59,67,1.1194029850746268,0.039913905875911725,678,I think we should see other necks.
1451,3747,1,6,60,67,1.1194029850746268,0.045226141960648454,678,"This is why we don't eat snakes."""
1430,3747,1,6,60,67,1.1194029850746268,0.045226141960648454,678,"Well, first, I'm not comfortable with the joint checking account."
1191,3747,0,8,59,67,1.1194029850746268,0.039913905875911725,678,This isn't how I remember screwing!
1747,3747,0,8,59,67,1.1194029850746268,0.039913905875911725,678,Twister really does tie you up in knots!
3159,3819,1,5,55,61,1.1147540983606556,0.04732379255652672,678,I don’t think this is what they mean when they say “necking”.
3263,3819,0,7,54,61,1.1147540983606556,0.04114721441970865,678,We got really wound up.
3446,3819,0,7,54,61,1.1147540983606556,0.04114721441970865,678,I don’t understand why mom said necking could lead to babies
3487,3819,0,7,54,61,1.1147540983606556,0.04114721441970865,678,‘‘Tis the season- Turn! Turn! Turn!
3749,3819,1,5,55,61,1.1147540983606556,0.04732379255652672,678,"In the Fifties, necking wasn’t so complicated."
3801,3819,0,7,54,61,1.1147540983606556,0.04114721441970865,678,Did you say do-si-do to the left?
4107,3819,0,7,54,61,1.1147540983606556,0.04114721441970865,678,I can’t wrap my head around HOW this even happened
998,3819,1,5,55,61,1.1147540983606556,0.04732379255652672,678,He asked for a necktie for his birthday.
4909,3819,0,7,54,61,1.1147540983606556,0.04114721441970865,678,This is another fine mess you got me into.
4942,3819,0,7,54,61,1.1147540983606556,0.04114721441970865,678,I have twisted feelings for you.
5025,3819,1,5,55,61,1.1147540983606556,0.04732379255652672,678,I told you square dancing was a bad idea.
5192,3819,0,7,54,61,1.1147540983606556,0.04114721441970865,678,You know we’re twins right
5239,3819,0,7,54,61,1.1147540983606556,0.04114721441970865,678,I think it’s ‘righty-tighty and lefty-loosey.’
5247,3819,1,5,55,61,1.1147540983606556,0.04732379255652672,678,I don’t normally neck on the first date.
5336,3819,0,7,54,61,1.1147540983606556,0.04114721441970865,678,Wouldn’t you agree this particular courtship ritual has a certain twisted logic?
2977,3819,0,7,54,61,1.1147540983606556,0.04114721441970865,678,I told you trying to catch a fly was a bad idea.
4304,3819,1,5,55,61,1.1147540983606556,0.04732379255652672,678,"Call me Watson, 'cause there's a Crick in our necks!"
2720,3819,0,7,54,61,1.1147540983606556,0.04114721441970865,678,I think we read the Twister game rules wrong.
337,3819,0,7,54,61,1.1147540983606556,0.04114721441970865,678,"Just breathe, Vic. I read all about couples yoga online."
2358,3819,0,7,54,61,1.1147540983606556,0.04114721441970865,678,Great! Our DNA is compatible.
92,3819,1,5,55,61,1.1147540983606556,0.04732379255652672,678,Let's try counterclockwise.
156,3819,2,3,56,61,1.1147540983606556,0.05278247274773007,678,I guess this is why they say to never cross streams.
241,3819,1,5,55,61,1.1147540983606556,0.04732379255652672,678,Who told you this is where babies come from ? .
2508,3819,0,7,54,61,1.1147540983606556,0.04114721441970865,678,"Says one lion to another, ""Why am I craving pretzels off of a sudden?"""
450,3819,0,7,54,61,1.1147540983606556,0.04114721441970865,678,Which way did you say?
507,3819,0,7,54,61,1.1147540983606556,0.04114721441970865,678,Let’s not emulate TV bedroom scenes next time.
926,3819,0,7,54,61,1.1147540983606556,0.04114721441970865,678,"To be honest, I don't find this hugging thing to be any comfortable, Linda."
718,3819,2,3,56,61,1.1147540983606556,0.05278247274773007,678,"Okay, you were right; they went that-a-way!"
1021,3819,0,7,54,61,1.1147540983606556,0.04114721441970865,678,"Here's looking at one of us, kid."
1028,3819,0,7,54,61,1.1147540983606556,0.04114721441970865,678,We really need to find a better way to hug...
1066,3819,0,7,54,61,1.1147540983606556,0.04114721441970865,678,"So,....you're telling me that back in the 60's
there was a dance called the Peppermint Twist?"
1319,3819,0,7,54,61,1.1147540983606556,0.04114721441970865,678,You there?
1955,3819,1,5,55,61,1.1147540983606556,0.04732379255652672,678,"Yeah, I spotted you from miles away. What? You don't believe it!"
1989,3819,0,7,54,61,1.1147540983606556,0.04114721441970865,678,"This new ""Dancing"" thing- are you sure we've got it right?"
962,3819,0,7,54,61,1.1147540983606556,0.04114721441970865,678,Twist? I thought you said “tryst!”
4102,3854,1,5,56,62,1.1129032258064515,0.046591027055115,678,"Yes, I am all wrapped up in you too!"
4145,3854,1,5,56,62,1.1129032258064515,0.046591027055115,678,"OK, so that’s the last time we play Twister."
3488,3854,0,7,55,62,1.1129032258064515,0.04052040316035677,678,"You're the one who said, 'Alexa, play Chubby Checkers'"
5219,3854,1,5,56,62,1.1129032258064515,0.046591027055115,678,I've decided I prefer the French kiss to the French hug.
3309,3854,0,7,55,62,1.1129032258064515,0.04052040316035677,678,I think this only works with fingers.
3162,3854,0,7,55,62,1.1129032258064515,0.04052040316035677,678,I read about this in Vanity Fair.  They said to walk COUNTER-clockwise to disengage.  I think.  I'm like 99% positive.
2765,3854,0,7,55,62,1.1129032258064515,0.04052040316035677,678,"Well, I think Chubby Checker'd be proud!"
3419,3854,1,5,56,62,1.1129032258064515,0.046591027055115,678,"Oh honey, I love how we get to unwind at couples' yoga!"
4308,3854,1,5,56,62,1.1129032258064515,0.046591027055115,678,Necking? You're choking me!
2272,3854,0,7,55,62,1.1129032258064515,0.04052040316035677,678,It doesn't feel like my chakra is aligned.
4455,3854,1,5,56,62,1.1129032258064515,0.046591027055115,678,"Okay, on the count of three, jump!"
4482,3854,1,5,56,62,1.1129032258064515,0.046591027055115,678,Middle neck yellow is next.
4539,3854,0,7,55,62,1.1129032258064515,0.04052040316035677,678,Let's break the internet.
4718,3854,0,7,55,62,1.1129032258064515,0.04052040316035677,678,"If you need anything, I’m at your neck and call."
4742,3854,0,7,55,62,1.1129032258064515,0.04052040316035677,678,I'm on the left.
4811,3854,0,7,55,62,1.1129032258064515,0.04052040316035677,678,Which way to the chapel again?
4912,3854,1,5,56,62,1.1129032258064515,0.046591027055115,678,A prenup would have made things easier.
4917,3854,1,5,56,62,1.1129032258064515,0.046591027055115,678,you thought doing the twist would  loosen us up.
5181,3854,0,7,55,62,1.1129032258064515,0.04052040316035677,678,"So, are we 'neck and neck' or 'cheek by jowl'?"
4394,3854,0,7,55,62,1.1129032258064515,0.04052040316035677,678,I don't think we should do couples yoga again.
2263,3854,0,7,55,62,1.1129032258064515,0.04052040316035677,678,Are you close?
4281,3854,1,5,56,62,1.1129032258064515,0.046591027055115,678,"Darling, we have to stop meeting like this."
1950,3854,0,7,55,62,1.1129032258064515,0.04052040316035677,678,Is this your idea of foreplay?
2023,3854,0,7,55,62,1.1129032258064515,0.04052040316035677,678,That’s what they call codependency
159,3854,1,5,56,62,1.1129032258064515,0.046591027055115,678,I question whether mating like this will seriously improve our DNA.
212,3854,0,7,55,62,1.1129032258064515,0.04052040316035677,678,"I think our relationship is spiraling out of control, Bruce."
215,3854,0,7,55,62,1.1129032258064515,0.04052040316035677,678,My mother always said this is what would happen if I stuck my neck our for a friend.
226,3854,0,7,55,62,1.1129032258064515,0.04052040316035677,678,It's all about the DNA.
322,3854,1,5,56,62,1.1129032258064515,0.046591027055115,678,It's a game called Twister. Kids really like it
463,3854,1,5,56,62,1.1129032258064515,0.046591027055115,678,My mother told me necking could lead to something worse . . .
470,3854,0,7,55,62,1.1129032258064515,0.04052040316035677,678,"OK, bye.”
“You unwind first.”
“No, you first."
501,3854,3,1,58,62,1.1129032258064515,0.056818705208722176,678,"No, you said you were going to call the Guinness World Records judge."""
528,3854,0,7,55,62,1.1129032258064515,0.04052040316035677,678,"When you told me your name, I was not expecting this, Ivy ..."
34,3854,1,5,56,62,1.1129032258064515,0.046591027055115,678,You heard me wrong.  I said let's get naked.
817,3854,0,7,55,62,1.1129032258064515,0.04052040316035677,678,"You’ve gotten a little too kinky, Jeff."
858,3854,1,5,56,62,1.1129032258064515,0.046591027055115,678,By George! We've invented the caduceus!
1126,3854,0,7,55,62,1.1129032258064515,0.04052040316035677,678,"We should've won that game of charades.
How did they not get we were snakes?"
1215,3854,0,7,55,62,1.1129032258064515,0.04052040316035677,678,Kinky is kooky.
1253,3854,0,7,55,62,1.1129032258064515,0.04052040316035677,678,You're killing me!
1266,3854,0,7,55,62,1.1129032258064515,0.04052040316035677,678,"I  heard your sister was a little twisted but, she has nothing on you."
1305,3854,1,5,56,62,1.1129032258064515,0.046591027055115,678,I told you we shouldn't try the Caduceus formation.
1371,3854,1,5,56,62,1.1129032258064515,0.046591027055115,678,"Next time, let's just play Twister."
783,3854,0,7,55,62,1.1129032258064515,0.04052040316035677,678,This cannot be what necking is all about.
1804,3854,2,3,57,62,1.1129032258064515,0.05195714129764132,678,"Eff ""necking!"" Let's try French kissing."
4194,3898,0,7,56,63,1.1111111111111112,0.039912289339283334,678,Are you sure this is spooning?
4227,3898,0,7,56,63,1.1111111111111112,0.039912289339283334,678,I Dna. Your explanation of how we evolved liked this seems twisted.
4329,3898,1,5,57,63,1.1111111111111112,0.04588053629154694,678,That's the last time I'm going to ask you to check out my moles.
4300,3898,1,5,57,63,1.1111111111111112,0.04588053629154694,678,No I love Nascar. I just hate infield seats.
4312,3898,0,7,56,63,1.1111111111111112,0.039912289339283334,678,Maybe we won't be Siamese twins afterall.
4182,3898,0,7,56,63,1.1111111111111112,0.039912289339283334,678,We should stop this! We are endangered!
4248,3898,0,7,56,63,1.1111111111111112,0.039912289339283334,678,Eagle Scout? I'm afraid not.
4153,3898,1,5,57,63,1.1111111111111112,0.04588053629154694,678,"Ass per Kamasutra, that's how snakes do it..."
3682,3898,0,7,56,63,1.1111111111111112,0.039912289339283334,678,Oh! I wish someone had got this on gif.
4120,3898,0,7,56,63,1.1111111111111112,0.039912289339283334,678,Next time let's skip the necking and just go for it.
3895,3898,0,7,56,63,1.1111111111111112,0.039912289339283334,678,Hippity hoppity your neck is now my property
3824,3898,0,7,56,63,1.1111111111111112,0.039912289339283334,678,What started out as simple necking ended up as twisted logic going nowhere!”
3667,3898,0,7,56,63,1.1111111111111112,0.039912289339283334,678,This is why guys shouldn't play swords.
3645,3898,0,7,56,63,1.1111111111111112,0.039912289339283334,678,Honey...thanks for the neck tie.
3383,3898,0,7,56,63,1.1111111111111112,0.039912289339283334,678,"Oh, so that’s how our DNA looks like!"
3369,3898,0,7,56,63,1.1111111111111112,0.039912289339283334,678,One too many times again.
4382,3898,1,5,57,63,1.1111111111111112,0.04588053629154694,678,"Bob, it's Summer and we're home. Surely you can do without the neck tie"
4144,3898,2,3,58,63,1.1111111111111112,0.051157173304408075,678,Twist me to the end of love
4383,3898,1,5,57,63,1.1111111111111112,0.04588053629154694,678,Mother always was wary of entanglements.
4994,3898,1,5,57,63,1.1111111111111112,0.04588053629154694,678,I love you too but I really have to go to work.
4459,3898,0,7,56,63,1.1111111111111112,0.039912289339283334,678,"C'mon, one more twist!"
5385,3898,0,7,56,63,1.1111111111111112,0.039912289339283334,678,"Let's take tango lessons,"" she said. 
""It will be easy and fun,"" she promised"
5319,3898,0,7,56,63,1.1111111111111112,0.039912289339283334,678,"Yes Geoffrey, CODA, the 12 Step Program for co-dependency.Every Wednesday at 7:00 pm"
5212,3898,1,5,57,63,1.1111111111111112,0.04588053629154694,678,Is this meant to be a hug Maurice?
5211,3898,0,7,56,63,1.1111111111111112,0.039912289339283334,678,"Really...another necktie?"""
5116,3898,0,7,56,63,1.1111111111111112,0.039912289339283334,678,Correct...go LEFT!
5089,3898,0,7,56,63,1.1111111111111112,0.039912289339283334,678,I don’t think insurance covers whatever this is.
5073,3898,1,5,57,63,1.1111111111111112,0.04588053629154694,678,I’d rather you knot.
5037,3898,0,7,56,63,1.1111111111111112,0.039912289339283334,678,"IF YOU CALL THIS NECKING, NOW WHAT?"
3360,3898,1,5,57,63,1.1111111111111112,0.04588053629154694,678,That’s the last time we play Twister at the Lyons.
4951,3898,0,7,56,63,1.1111111111111112,0.039912289339283334,678,We’re the original twisted sisters!
4918,3898,0,7,56,63,1.1111111111111112,0.039912289339283334,678,"May Day on the savannah.  If you love each other, you make it work."
4866,3898,0,7,56,63,1.1111111111111112,0.039912289339283334,678,Isn't it time we tied the knot?
4805,3898,0,7,56,63,1.1111111111111112,0.039912289339283334,678,You’re Choking Me.......!
4797,3898,0,7,56,63,1.1111111111111112,0.039912289339283334,678,The therapist said to play Twister
4750,3898,0,7,56,63,1.1111111111111112,0.039912289339283334,678,"Yes, now I'm sure we've crossed the border"
4653,3898,1,5,57,63,1.1111111111111112,0.04588053629154694,678,"One hug is enough,  already!"
4517,3898,0,7,56,63,1.1111111111111112,0.039912289339283334,678,LOVING IS EASY
4399,3898,1,5,57,63,1.1111111111111112,0.04588053629154694,678,No wonder you’re still a vergin
2919,3898,0,7,56,63,1.1111111111111112,0.039912289339283334,678,What do you mean I'm not kinky enough for you?
5238,3898,0,7,56,63,1.1111111111111112,0.039912289339283334,678,"No, I swear, my cousin gave me a copy of the Llama Sutra and said it works for giraffes too!"
2587,3898,1,5,57,63,1.1111111111111112,0.04588053629154694,678,I love you so much I'm twisted into knots!
1201,3898,0,7,56,63,1.1111111111111112,0.039912289339283334,678,Perhaps 'Twister' isn't the game for us.
1199,3898,0,7,56,63,1.1111111111111112,0.039912289339283334,678,Agreed. No more Twister.
1182,3898,0,7,56,63,1.1111111111111112,0.039912289339283334,678,Which way did he say we turn?
1093,3898,1,5,57,63,1.1111111111111112,0.04588053629154694,678,"Necking's no fun, and we don't have any clothes to take off...so, what do you want to do?"
969,3898,0,7,56,63,1.1111111111111112,0.039912289339283334,678,"No, I said 'tongue twister'"
944,3898,1,5,57,63,1.1111111111111112,0.04588053629154694,678,I don’t think this is how those ‘Learn about your DNA’ tests are supposed to work.
912,3898,1,5,57,63,1.1111111111111112,0.04588053629154694,678,"That’s right, you didn’t get it twisted, he just called Biden old !"
826,3898,0,7,56,63,1.1111111111111112,0.039912289339283334,678,Don't worry. They can tell the difference by our spots.
766,3898,2,3,58,63,1.1111111111111112,0.051157173304408075,678,I get it; you’re into necking.
743,3898,1,5,57,63,1.1111111111111112,0.04588053629154694,678,Love is double helix necking. Let's have a baby and name it Rosalind!
609,3898,0,7,56,63,1.1111111111111112,0.039912289339283334,678,We need to unwind before going home
608,3898,1,5,57,63,1.1111111111111112,0.04588053629154694,678,"But pray, which one of those is my body?"
479,3898,1,5,57,63,1.1111111111111112,0.04588053629154694,678,This is not what I meant when is said let's neck
472,3898,1,5,57,63,1.1111111111111112,0.04588053629154694,678,"Do you have a Crick in your neck?""
""No, I think it's a Watson."
149,3898,1,5,57,63,1.1111111111111112,0.04588053629154694,678,"no, no, no, i said your left, my right!"
2,3898,0,7,56,63,1.1111111111111112,0.039912289339283334,678,"No, no, not counterclockwise you fresh thing.."
2715,3898,0,7,56,63,1.1111111111111112,0.039912289339283334,678,"If anyone calls, just tell them that I'm tied up."
1386,3898,1,5,57,63,1.1111111111111112,0.04588053629154694,678,It's a pain in the neck that you bought that Twister game.
1426,3898,1,5,57,63,1.1111111111111112,0.04588053629154694,678,"Wait.  What's the use of necking if we can't kiss?"""
64,3898,0,7,56,63,1.1111111111111112,0.039912289339283334,678,"Our A’s, C’s and G’s are identical, but only mom knows where our special T pattern marks us as different from each other."
1493,3898,1,5,57,63,1.1111111111111112,0.04588053629154694,678,Playing Twister may have been a bad idea.
2398,3898,0,7,56,63,1.1111111111111112,0.039912289339283334,678,Student biologists crossed giraffe and giraffe.
2447,3898,1,5,57,63,1.1111111111111112,0.04588053629154694,678,this is all your fault you fucking idiot
2365,3898,1,5,57,63,1.1111111111111112,0.04588053629154694,678,Is this all there is?
2325,3898,0,7,56,63,1.1111111111111112,0.039912289339283334,678,I'll really be embarrassed if catches us necking.
2316,3898,1,5,57,63,1.1111111111111112,0.04588053629154694,678,Finally found the reason for our biology
1974,3898,0,7,56,63,1.1111111111111112,0.039912289339283334,678,I told you to tilt your head to the left when we're necking
1958,3898,1,5,57,63,1.1111111111111112,0.04588053629154694,678,You gave me a Father’s Day necktie last year.
1885,3898,1,5,57,63,1.1111111111111112,0.04588053629154694,678,"Is there a boa constrictor around your neck, too? Didn’t we stomp them all to death last year?"
2224,3898,0,7,56,63,1.1111111111111112,0.039912289339283334,678,"I don't think this is what they meant by necking.
Seems more like doing the twist."
1728,3898,1,5,57,63,1.1111111111111112,0.04588053629154694,678,I hear do-dependence may not be such a good thing...
1699,3898,0,7,56,63,1.1111111111111112,0.039912289339283334,678,I think I just swallowed the wrong way.
1644,3898,0,7,56,63,1.1111111111111112,0.039912289339283334,678,This wasn’t what I had in mind when I said we should get closer.
1619,3898,1,5,57,63,1.1111111111111112,0.04588053629154694,678,"Watson! You could have just DESCRIBED the double helix model you learned from Rosalind Franklin instead. 
Now my neck is my name, Crick."
1585,3898,1,5,57,63,1.1111111111111112,0.04588053629154694,678,It was your idea to hug it out.
1562,3898,2,3,58,63,1.1111111111111112,0.051157173304408075,678,"I have a better idea, next time lets put colored circles on a mat, spin a spinner, then put our hooves on the correct color"
1496,3898,2,3,58,63,1.1111111111111112,0.051157173304408075,678,Nous sommes une tresse française!
1773,3898,1,5,57,63,1.1111111111111112,0.04588053629154694,678,I think we've discovered a new kind of genetic molecule.
1431,3898,0,7,56,63,1.1111111111111112,0.039912289339283334,678,"Two households, both alike in dignity..."
1999,3979,0,7,57,64,1.109375,0.039322054350368486,678,We love too much !
749,3980,0,6,50,56,1.1071428571428572,0.0417053005800816,678,No.  I said it takes two to TANGO.
3570,3980,0,6,50,56,1.1071428571428572,0.0417053005800816,678,Perhaps going to the costume party as a caduceus wasn't the best plan.
5097,3982,0,6,51,57,1.105263157894737,0.04101019591968312,678,"I, Tightie Rightie, thake thee, Leftie Lucie..."
2418,3983,0,6,53,59,1.1016949152542372,0.03968693424047915,678,"I did say 'you need to get your head wrapped around this'! """
4060,3983,0,6,53,59,1.1016949152542372,0.03968693424047915,678,Do you always have to twist everything I say?
3942,3983,0,6,53,59,1.1016949152542372,0.03968693424047915,678,"Chubby Checker is on to something,
but I still prefer the tango"
1910,3983,1,4,54,59,1.1016949152542372,0.0464704883270233,678,"Right! Nevermind left! Nooo-o your right, And your left!!!!"
1381,3983,0,6,53,59,1.1016949152542372,0.03968693424047915,678,I don't think this neck tie fad will catch on.
819,3983,1,4,54,59,1.1016949152542372,0.0464704883270233,678,There. Like we did last summer.
1482,3983,1,4,54,59,1.1016949152542372,0.0464704883270233,678,When giraffes swipe right on the Savannah.
2802,3990,1,4,55,60,1.1,0.04572084295183095,678,who said giraffes couldn't reach around?
3156,3990,0,6,54,60,1.1,0.03905667329424718,678,I'm just not sure that our interests align.
3191,3990,0,6,54,60,1.1,0.03905667329424718,678,"For the last time, Steve, ""clockwise"" is the same south of the equator as north."
2786,3990,0,6,54,60,1.1,0.03905667329424718,678,"We finally have peace and quiet, but still we can't unwind."""
3326,3990,1,4,55,60,1.1,0.04572084295183095,678,Your the best necker ever!
3329,3990,0,6,54,60,1.1,0.03905667329424718,678,"X-Rays, Hex-Rays. This is how I Enlightened Watson and Crick."
3373,3990,1,4,55,60,1.1,0.04572084295183095,678,I did not mean that sort of tie up.
3403,3990,0,6,54,60,1.1,0.03905667329424718,678,In Australia it counterclockwise.
3471,3990,1,4,55,60,1.1,0.04572084295183095,678,Girl... you got me all twisted in your love!
3497,3990,0,6,54,60,1.1,0.03905667329424718,678,This is why I’m not into speed dating.
3665,3990,0,6,54,60,1.1,0.03905667329424718,678,Is this love or were you just leaning in the wrong direction?j
3760,3990,0,6,54,60,1.1,0.03905667329424718,678,"Dammit, Larry, I told you we shouldn't play Twister."
4269,3990,0,6,54,60,1.1,0.03905667329424718,678,So what kind of relationship did you have in mind?
4278,3990,1,4,55,60,1.1,0.04572084295183095,678,Well this is a fine fix you’ve got us into Ollie
4401,3990,0,6,54,60,1.1,0.03905667329424718,678,"When I said I was your prisoner of love, you didn't have to take it so literally."
4578,3990,0,6,54,60,1.1,0.03905667329424718,678,You can't be a necromancer! I'm not dead!
4633,3990,0,6,54,60,1.1,0.03905667329424718,678,"Oh no, knot again!"
4719,3990,0,6,54,60,1.1,0.03905667329424718,678,It's just a twist of fate.
4763,3990,0,6,54,60,1.1,0.03905667329424718,678,"Just another bend. You'll reach the itch."""
4782,3990,0,6,54,60,1.1,0.03905667329424718,678,I told you what comes from playing too much Chubby Checker.
5052,3990,0,6,54,60,1.1,0.03905667329424718,678,"Come on, come on, Baby, twist and shout!"
5204,3990,0,6,54,60,1.1,0.03905667329424718,678,Regret is such a wasteful emotion.
3950,3990,0,6,54,60,1.1,0.03905667329424718,678,That's the last time we're going to a tennis match!
2698,3990,0,6,54,60,1.1,0.03905667329424718,678,Love isn't blind.  It's just stupid.
2135,3990,0,6,54,60,1.1,0.03905667329424718,678,I think we need to bring a chiropractor into our relationship.
2452,3990,0,6,54,60,1.1,0.03905667329424718,678,"OK, OK, let's start over. We're not snakes!"
2628,3990,1,4,55,60,1.1,0.04572084295183095,678,So then we shout after the twist?
67,3990,0,6,54,60,1.1,0.03905667329424718,678,You are a pain in my neck.
313,3990,0,6,54,60,1.1,0.03905667329424718,678,And they whirl and they twirl and they tango...floating like the heavens above...must be giraffe love.
460,3990,0,6,54,60,1.1,0.03905667329424718,678,How does this keep happening?
503,3990,2,2,56,60,1.1,0.05153025549750767,678,"A little kink to our love life? 
It's not like we'll get all wrapped up in it."
691,3990,0,6,54,60,1.1,0.03905667329424718,678,Don’t worry. Trump says that what you see and feel isn’t real.
762,3990,0,6,54,60,1.1,0.03905667329424718,678,"I enjoy necking, but this going too far!"
828,3990,0,6,54,60,1.1,0.03905667329424718,678,I don't understand how we get so wrapped up in each other...
887,3990,0,6,54,60,1.1,0.03905667329424718,678,I think the right word is “enmeshed”.
970,3990,1,4,55,60,1.1,0.04572084295183095,678,"This must be why my parents didn’t want me dating, let alone necking."
240,3990,0,6,54,60,1.1,0.03905667329424718,678,That's the last time we play Twister.
1173,3990,1,4,55,60,1.1,0.04572084295183095,678,And don’t say “Let’s Twist Again”
1025,3990,0,6,54,60,1.1,0.03905667329424718,678,"Didn’t I tell you playing Twister was a bad idea, Bob?"
2219,3990,1,4,55,60,1.1,0.04572084295183095,678,This is the yoga pose for neck pain
2076,3990,1,4,55,60,1.1,0.04572084295183095,678,I AM UP TO MY NECK IN LOVE WITH YOU...HERE IS HOPING THAT THE FEELING IS MUTUAL
1982,3990,0,6,54,60,1.1,0.03905667329424718,678,"Today, we are learning about DNA."
2229,3990,0,6,54,60,1.1,0.03905667329424718,678,Happy Birthday and I hope that you like the scarf.
1602,3990,0,6,54,60,1.1,0.03905667329424718,678,Told you we shuda' just tried spooning.
1564,3990,1,4,55,60,1.1,0.04572084295183095,678,"No, my left Harold"
1280,3990,1,4,55,60,1.1,0.04572084295183095,678,"It's ""pass on the right."""
1932,3990,0,6,54,60,1.1,0.03905667329424718,678,Your twisted humor is giving me sore neck.
2244,3990,0,6,54,60,1.1,0.03905667329424718,678,I told you:  Lefty Loosy!
3605,4038,1,4,56,61,1.098360655737705,0.04499494830653312,678,This is what happens when you're two-faced...
3281,4038,0,6,55,61,1.098360655737705,0.038446030818224834,678,Can’t we just do it?
3579,4038,1,4,56,61,1.098360655737705,0.04499494830653312,678,"Never, ever, serve boa for dinner again!"
3549,4038,0,6,55,61,1.098360655737705,0.038446030818224834,678,Our chiropractor is going to have a field day!
3529,4038,1,4,56,61,1.098360655737705,0.04499494830653312,678,Maybe dancing to Chubby Checker’s “Twist”wasn’t such a great idea...
3513,4038,0,6,55,61,1.098360655737705,0.038446030818224834,678,Coming to agreement on where to go to dinner is spotty at best.
3301,4038,0,6,55,61,1.098360655737705,0.038446030818224834,678,We need to trademark this.
3288,4038,1,4,56,61,1.098360655737705,0.04499494830653312,678,"For your birthday, I thought i’d give you a neck tie!"
2672,4038,0,6,55,61,1.098360655737705,0.038446030818224834,678,I don’t see how Vegas will like us.
3065,4038,1,4,56,61,1.098360655737705,0.04499494830653312,678,"I don't think I like kinky sex after all, do you?"
2979,4038,0,6,55,61,1.098360655737705,0.038446030818224834,678,"I think you do love me, at least in some twisted way."
2744,4038,0,6,55,61,1.098360655737705,0.038446030818224834,678,"After all that, she loves me not?"
2659,4038,0,6,55,61,1.098360655737705,0.038446030818224834,678,I don’t know why everyone thinks we have a twisted relationship.
2577,4038,0,6,55,61,1.098360655737705,0.038446030818224834,678,I was hoping for a kiss.
2529,4038,0,6,55,61,1.098360655737705,0.038446030818224834,678,I knew necking would lead to trouble.
2489,4038,1,4,56,61,1.098360655737705,0.04499494830653312,678,"When I wanted to tie the knot, this isn't what I meant."
3705,4038,0,6,55,61,1.098360655737705,0.038446030818224834,678,Let's just settle on a hickey
3177,4038,0,6,55,61,1.098360655737705,0.038446030818224834,678,Bad breath is grounds for divorce!
3713,4038,1,4,56,61,1.098360655737705,0.04499494830653312,678,"Hey, are we necking?"
4174,4038,1,4,56,61,1.098360655737705,0.04499494830653312,678,"Well, shake it up, baby, now (Shake it up, baby) /Twist and shout (Twist and shout) / C'mon c'mon, c'mon, c'mon, baby, now (Come on ..."
3820,4038,0,6,55,61,1.098360655737705,0.038446030818224834,678,"Babe, I think this necking thing is not for us."
2470,4038,0,6,55,61,1.098360655737705,0.038446030818224834,678,It's a living!
5301,4038,0,6,55,61,1.098360655737705,0.038446030818224834,678,Wouldn't it have been easier to just turn around?
5122,4038,0,6,55,61,1.098360655737705,0.038446030818224834,678,Please! Doing the twist is so yesterday.
4934,4038,0,6,55,61,1.098360655737705,0.038446030818224834,678,Was it a right or a left? It was a right. No! A left!
4821,4038,0,6,55,61,1.098360655737705,0.038446030818224834,678,"Looks like a good place to unwind, doesn't it?"
4416,4038,0,6,55,61,1.098360655737705,0.038446030818224834,678,I'm in love-UNH-I'm all screwed up.
4361,4038,0,6,55,61,1.098360655737705,0.038446030818224834,678,I didn't realize restrictions marriage would put on moving and looking around!!
4315,4038,1,4,56,61,1.098360655737705,0.04499494830653312,678,Any other games you know besides Twister?
4251,4038,0,6,55,61,1.098360655737705,0.038446030818224834,678,I liked the butterfly kisses better
4121,4038,1,4,56,61,1.098360655737705,0.04499494830653312,678,"Just hum 'Que Sera, Sera' until we get out of this."
4062,4038,0,6,55,61,1.098360655737705,0.038446030818224834,678,"Dammit, I told you you I was going to lead Toby!"
4056,4038,0,6,55,61,1.098360655737705,0.038446030818224834,678,"Look over there, no over there, no over there, ah forget it."
4022,4038,0,6,55,61,1.098360655737705,0.038446030818224834,678,I told you it was Greta.
3964,4038,0,6,55,61,1.098360655737705,0.038446030818224834,678,It's ALL YOUR Fault ... For Trying To Dance In Circles !!
3923,4038,0,6,55,61,1.098360655737705,0.038446030818224834,678,Was necking this complicated when we first met?
5350,4038,0,6,55,61,1.098360655737705,0.038446030818224834,678,Your knickers in a twist is what I think she said. Not our necks.
3842,4038,0,6,55,61,1.098360655737705,0.038446030818224834,678,Are you sure this therapy will work?
3815,4038,1,4,56,61,1.098360655737705,0.04499494830653312,678,This is why we shouldn't hunt birds.
2388,4038,0,6,55,61,1.098360655737705,0.038446030818224834,678,This is not my definition of safe sex.
1001,4038,1,4,56,61,1.098360655737705,0.04499494830653312,678,It's called preemptive marriage counselling.
2283,4038,0,6,55,61,1.098360655737705,0.038446030818224834,678,Love giraffes
1184,4038,0,6,55,61,1.098360655737705,0.038446030818224834,678,The Argentinian Tango
1176,4038,1,4,56,61,1.098360655737705,0.04499494830653312,678,First of all how did we ever get this twisted in the first place?
980,4038,1,4,56,61,1.098360655737705,0.04499494830653312,678,"Kavanaugh's innocence is even tougher to swallow now, eh?"
801,4038,0,6,55,61,1.098360655737705,0.038446030818224834,678,Is it vice versa or versa vice?  I always forget which way it goes.
747,4038,0,6,55,61,1.098360655737705,0.038446030818224834,678,"Not what I had in mind when I said ""let's neck"""
665,4038,0,6,55,61,1.098360655737705,0.038446030818224834,678,I told you I could wrap my head around it
605,4038,0,6,55,61,1.098360655737705,0.038446030818224834,678,Which direction did junior go?
600,4038,0,6,55,61,1.098360655737705,0.038446030818224834,678,This gives necking a whole new twist.
441,4038,0,6,55,61,1.098360655737705,0.038446030818224834,678,"I don't think this ""keep your enemies closer"" technique will work in a real world setting."
305,4038,0,6,55,61,1.098360655737705,0.038446030818224834,678,Is that my body or yours?
272,4038,0,6,55,61,1.098360655737705,0.038446030818224834,678,Joined at the hip isn’t this stifling
209,4038,0,6,55,61,1.098360655737705,0.038446030818224834,678,"Ok, I submit!  You're choke holds are indeed impressive, but i'm afraid the lions won't be as vulnerable."
207,4038,0,6,55,61,1.098360655737705,0.038446030818224834,678,"I just realized we're both necked. Quick, put on some clothes!"
141,4038,0,6,55,61,1.098360655737705,0.038446030818224834,678,Seriously. You're suffocating me.
76,4038,1,4,56,61,1.098360655737705,0.04499494830653312,678,I am just so twisted in knots over it. Do you know what I mean?
54,4038,0,6,55,61,1.098360655737705,0.038446030818224834,678,"That way.""  ""No, That way.""  ""No."
46,4038,0,6,55,61,1.098360655737705,0.038446030818224834,678,"No, you let go first."
1188,4038,0,6,55,61,1.098360655737705,0.038446030818224834,678,The last chiropractor I visited just suggested I stop biting my toe-nails.
1298,4038,0,6,55,61,1.098360655737705,0.038446030818224834,678,It seems we've gotten a bit twisted up.
2312,4038,0,6,55,61,1.098360655737705,0.038446030818224834,678,"This yoga move was your idea, now we're stuck"
1484,4038,1,4,56,61,1.098360655737705,0.04499494830653312,678,Necking to the extreme.
1466,4038,1,4,56,61,1.098360655737705,0.04499494830653312,678,It's called  ultimate necking.
2203,4038,1,4,56,61,1.098360655737705,0.04499494830653312,678,This tango stuff is weird!
2150,4038,0,6,55,61,1.098360655737705,0.038446030818224834,678,That guy was short and he mumbled.  I'm pretty sure we're not topiaries.
2072,4038,0,6,55,61,1.098360655737705,0.038446030818224834,678,This is the last time I am taking you to the Air Races.
2071,4038,0,6,55,61,1.098360655737705,0.038446030818224834,678,I'm hooked on you babe!
1971,4038,0,6,55,61,1.098360655737705,0.038446030818224834,678,"No, no, dear. It's one two cha-cha-cha. Not one two three go!"
1970,4038,0,6,55,61,1.098360655737705,0.038446030818224834,678,"I thought they said, “Don’t get your knickers in a knot.”"
1903,4038,0,6,55,61,1.098360655737705,0.038446030818224834,678,Screw you too!!!!!
1985,4038,1,4,56,61,1.098360655737705,0.04499494830653312,678,"I should have listened when my mom sat me down for the ""Talk""."
1840,4038,1,4,56,61,1.098360655737705,0.04499494830653312,678,"I told you that our love-hate relationship might​ leave us badly intertwined.
But, on the bright side, we won't be able to eat each other."
1766,4038,0,6,55,61,1.098360655737705,0.038446030818224834,678,Was that a right or a left turn?
1745,4038,0,6,55,61,1.098360655737705,0.038446030818224834,678,"Well, I think I need some space for myself"
1501,4038,0,6,55,61,1.098360655737705,0.038446030818224834,678,We are nailing this choreo
1625,4038,0,6,55,61,1.098360655737705,0.038446030818224834,678,"For the third time, I said turn right!"
1608,4038,0,6,55,61,1.098360655737705,0.038446030818224834,678,"I'm not drunk, you're drunk."
1595,4038,0,6,55,61,1.098360655737705,0.038446030818224834,678,We haven't been able to make things work for a while. Maybe it's time to consider a conscious uncoupling.
1536,4038,0,6,55,61,1.098360655737705,0.038446030818224834,678,This is going to be a hard one to explain to my wife.
1896,4038,1,4,56,61,1.098360655737705,0.04499494830653312,678,"For Heaven's sake, get yourself an acacia tree house"""
3569,4119,1,3,52,56,1.0892857142857142,0.04612789753884693,678,"Yes, I do remember the band Twisted Sister."
3580,4119,1,3,52,56,1.0892857142857142,0.04612789753884693,678,I thought you had the wedding cake.
3661,4119,0,5,51,56,1.0892857142857142,0.038450387280282515,678,Did you think
3620,4119,0,5,51,56,1.0892857142857142,0.038450387280282515,678,Dorothy's got nothing on Auntie Em!
3628,4119,0,5,51,56,1.0892857142857142,0.038450387280282515,678,Are we related? I don't know if we should be doing this.
3567,4119,0,5,51,56,1.0892857142857142,0.038450387280282515,678,I was asking you to marry me when I suggested that we tie the knot.
3601,4119,0,5,51,56,1.0892857142857142,0.038450387280282515,678,I suggest we take a sedative and unwind.
3550,4119,0,5,51,56,1.0892857142857142,0.038450387280282515,678,Don’t stand so close while you’re keeping an eye on that vulture.
3380,4119,0,5,51,56,1.0892857142857142,0.038450387280282515,678,"Harold, I don’t care how cute the zookeeper was.  You never, ever, ever say yes to a free Neck Tie."
3522,4119,0,5,51,56,1.0892857142857142,0.038450387280282515,678,You'd think we'd be better at necking.
3514,4119,1,3,52,56,1.0892857142857142,0.04612789753884693,678,"I told you left, right, back to the left and then cross."
3476,4119,1,3,52,56,1.0892857142857142,0.04612789753884693,678,I’m never going back to that Western Swing dance class again.
3458,4119,1,3,52,56,1.0892857142857142,0.04612789753884693,678,Maybe we should reread the marriage manual.
3434,4119,0,5,51,56,1.0892857142857142,0.038450387280282515,678,Did you say that necking wasn’t kinky?
3428,4119,0,5,51,56,1.0892857142857142,0.038450387280282515,678,Believe me...there no trees!
3408,4119,0,5,51,56,1.0892857142857142,0.038450387280282515,678,"WELL, YOU DON'T HAVE TO GET ALL TWISTED UP ABOUT IT!"
3666,4119,0,5,51,56,1.0892857142857142,0.038450387280282515,678,"When you said you were into kinky love-making, I had no idea this is what you meant."
3537,4119,0,5,51,56,1.0892857142857142,0.038450387280282515,678,"We aren’t lost, just a little mixed up in the head."
3674,4119,0,5,51,56,1.0892857142857142,0.038450387280282515,678,o wow! you are adorable! you know that?
3816,4119,0,5,51,56,1.0892857142857142,0.038450387280282515,678,"We have to thread the needle!"" 
""Um, I don't this this is how we're supposed to jive."""
3685,4119,0,5,51,56,1.0892857142857142,0.038450387280282515,678,When you fail at playing twister
3378,4119,0,5,51,56,1.0892857142857142,0.038450387280282515,678,Just necking!
4074,4119,0,5,51,56,1.0892857142857142,0.038450387280282515,678,I’m just sayin’.  This much togetherness is stressful. Let’s unwind now with a drink.
4020,4119,1,3,52,56,1.0892857142857142,0.04612789753884693,678,What  do I have twisted?
3972,4119,0,5,51,56,1.0892857142857142,0.038450387280282515,678,When I said I’ll look out for you if you look out for me this is not what I meant
3935,4119,0,5,51,56,1.0892857142857142,0.038450387280282515,678,"Playing Twister maybe wasn't such a good idea, you know?"
3903,4119,0,5,51,56,1.0892857142857142,0.038450387280282515,678,"Unbelievable …"" IT'S ALIVE News_""Breathtaking …"" WHAT Magazine__THE GAME OF TWO VINES_Premieres tonight at 8 pm_See it only on GOTCHA NOW Network"
3890,4119,0,5,51,56,1.0892857142857142,0.038450387280282515,678,Looks like I'm the alpha!
3865,4119,0,5,51,56,1.0892857142857142,0.038450387280282515,678,My parents said not to try anything funny on the first date.
3854,4119,0,5,51,56,1.0892857142857142,0.038450387280282515,678,Just tell them it's the name of a drinking game.
3831,4119,0,5,51,56,1.0892857142857142,0.038450387280282515,678,"You were the one singing, ""Let's twist again, like we did last summer."""
3826,4119,0,5,51,56,1.0892857142857142,0.038450387280282515,678,I doubt this would work with more than seven cervical vertebrae.
3805,4119,0,5,51,56,1.0892857142857142,0.038450387280282515,678,You new around here?
3797,4119,0,5,51,56,1.0892857142857142,0.038450387280282515,678,Very good Vernon. Now let
3793,4119,0,5,51,56,1.0892857142857142,0.038450387280282515,678,"Sorry, I always get carried away when I hear Chuck Berry."
3779,4119,0,5,51,56,1.0892857142857142,0.038450387280282515,678,I told you this Kinky Sex stuff would cause problems.
3747,4119,0,5,51,56,1.0892857142857142,0.038450387280282515,678,Salsa salsa salsa! Let’s jitterbug.
3725,4119,0,5,51,56,1.0892857142857142,0.038450387280282515,678,I love you like one headphone cord loves another.
3675,4119,0,5,51,56,1.0892857142857142,0.038450387280282515,678,I guess it works better for penguins
3366,4119,0,5,51,56,1.0892857142857142,0.038450387280282515,678,I think I hear her airplane.
3054,4119,1,3,52,56,1.0892857142857142,0.04612789753884693,678,"Oh dear, I told you to use the Elmers insteaed of the Crazy Glue to replace my lost spot! Hurry! The humans may think we are necking."
3347,4119,0,5,51,56,1.0892857142857142,0.038450387280282515,678,I’m not even angry at you anymore!
2990,4119,0,5,51,56,1.0892857142857142,0.038450387280282515,678,"Hey Paul, I think we are not straight."
2962,4119,0,5,51,56,1.0892857142857142,0.038450387280282515,678,Millions of years of evolution should have done better than this.
2953,4119,0,5,51,56,1.0892857142857142,0.038450387280282515,678,Now I see why my mother was opposed to necking.
2927,4119,1,3,52,56,1.0892857142857142,0.04612789753884693,678,And slowly we merge into one
2914,4119,1,3,52,56,1.0892857142857142,0.04612789753884693,678,"Yes, we share DNA---and I have a Crick in my neck."
2899,4119,0,5,51,56,1.0892857142857142,0.038450387280282515,678,And I had such high hopes for our first date.
2897,4119,0,5,51,56,1.0892857142857142,0.038450387280282515,678,Do you really think it's time we tied the knot?
2890,4119,0,5,51,56,1.0892857142857142,0.038450387280282515,678,"Mom says I'm too young to tie the knot."""
2839,4119,0,5,51,56,1.0892857142857142,0.038450387280282515,678,What the neck..... Not again!
2822,4119,0,5,51,56,1.0892857142857142,0.038450387280282515,678,Do you think the calves believed we were wrestling?
2804,4119,0,5,51,56,1.0892857142857142,0.038450387280282515,678,neck wrestling always ends in a tie
2778,4119,1,3,52,56,1.0892857142857142,0.04612789753884693,678,Turn left?Right.
2772,4119,0,5,51,56,1.0892857142857142,0.038450387280282515,678,I wasn't the one who would only play ring-around-the-rosy.
2755,4119,1,3,52,56,1.0892857142857142,0.04612789753884693,678,"Is this what they mean by ""necking""?"
2750,4119,0,5,51,56,1.0892857142857142,0.038450387280282515,678,Jenga!
2735,4119,0,5,51,56,1.0892857142857142,0.038450387280282515,678,This brings necking to a new height.
2686,4119,0,5,51,56,1.0892857142857142,0.038450387280282515,678,No! move your head the 'other' left!
3013,4119,0,5,51,56,1.0892857142857142,0.038450387280282515,678,"I  do care for you, but I’m not ready to be this attached right now."
3363,4119,0,5,51,56,1.0892857142857142,0.038450387280282515,678,Teamwork makes the dream work... right?
3019,4119,0,5,51,56,1.0892857142857142,0.038450387280282515,678,We're too old for necking.
4135,4119,0,5,51,56,1.0892857142857142,0.038450387280282515,678,No...you start to unwind first.
3297,4119,0,5,51,56,1.0892857142857142,0.038450387280282515,678,Are we Twisted  Sisters?
3289,4119,1,3,52,56,1.0892857142857142,0.04612789753884693,678,Next time we do charades maybe let’s skip caduceus.'
3278,4119,0,5,51,56,1.0892857142857142,0.038450387280282515,678,"The Chiropractic Society of the Serengeti remind you to approach yoga with respect, in baby steps."
3270,4119,0,5,51,56,1.0892857142857142,0.038450387280282515,678,MY THERAPIST SAYS THIS SYMBIOSIS SHOULD FINISH
3268,4119,1,3,52,56,1.0892857142857142,0.04612789753884693,678,I didn’t know you were a fan of “Twisted Sister”  too! Now let’s see if we can get out of this mess and go to the concert!
3260,4119,0,5,51,56,1.0892857142857142,0.038450387280282515,678,Happy now? You should've just stopped and asked for directions.
3258,4119,0,5,51,56,1.0892857142857142,0.038450387280282515,678,"I’ve never really gotten caught up in a relationship before, so I think this is something special..can we go steady?"
3229,4119,0,5,51,56,1.0892857142857142,0.038450387280282515,678,Is this what you meant by necking?  I think you got something wrong.
3166,4119,0,5,51,56,1.0892857142857142,0.038450387280282515,678,I've never necked on a first date before!
3161,4119,0,5,51,56,1.0892857142857142,0.038450387280282515,678,calling it necking is sooooooo yesterday!
3146,4119,1,3,52,56,1.0892857142857142,0.04612789753884693,678,How can you not guess siamese twins from this !x?#$
3142,4119,0,5,51,56,1.0892857142857142,0.038450387280282515,678,Weren't we supposed to lock lips?
3132,4119,1,3,52,56,1.0892857142857142,0.04612789753884693,678,You're the first girl who's said _hugging_ me hurt her neck.
3120,4119,0,5,51,56,1.0892857142857142,0.038450387280282515,678,...and ohhh can that boy foxtrot...
3078,4119,0,5,51,56,1.0892857142857142,0.038450387280282515,678,"Now, I'll stand still and you turn your head to the left."
3073,4119,1,3,52,56,1.0892857142857142,0.04612789753884693,678,"I swear, honey. No one necks like you!"
3062,4119,2,1,53,56,1.0892857142857142,0.05269851592507146,678,A swipe right done wrong.
3023,4119,1,3,52,56,1.0892857142857142,0.04612789753884693,678,But are polka dot neckties in fashion?
4136,4119,0,5,51,56,1.0892857142857142,0.038450387280282515,678,I think this necking has to stop.
4302,4119,0,5,51,56,1.0892857142857142,0.038450387280282515,678,Are you sure this is what humans mean by necking? I don't think theirs are long enough.
4165,4119,0,5,51,56,1.0892857142857142,0.038450387280282515,678,"Cool, but where do we go from here?"
5110,4119,0,5,51,56,1.0892857142857142,0.038450387280282515,678,''I don't think this is what 'necking in the tall grass' means.''
5103,4119,0,5,51,56,1.0892857142857142,0.038450387280282515,678,Does everyone get in trouble when they start necking?
5077,4119,0,5,51,56,1.0892857142857142,0.038450387280282515,678,I love yo- HEY!
5075,4119,0,5,51,56,1.0892857142857142,0.038450387280282515,678,True love has its twists and turns!
5074,4119,0,5,51,56,1.0892857142857142,0.038450387280282515,678,"We'd make a great twistie tie, wouldn't we?"
5054,4119,0,5,51,56,1.0892857142857142,0.038450387280282515,678,Well you said that we should follow our noses to the water hole.
5051,4119,0,5,51,56,1.0892857142857142,0.038450387280282515,678,"I've never done this twist before, darling. Now who does what to whom?"
5035,4119,0,5,51,56,1.0892857142857142,0.038450387280282515,678,A little breezy today.
4998,4119,0,5,51,56,1.0892857142857142,0.038450387280282515,678,Necking with you gets me all tied up in knots.
4952,4119,0,5,51,56,1.0892857142857142,0.038450387280282515,678,There must be a better way to achieve genetic superiority than the double helix.
4930,4119,0,5,51,56,1.0892857142857142,0.038450387280282515,678,I think we just invented necking.
4920,4119,0,5,51,56,1.0892857142857142,0.038450387280282515,678,"Ring around the rosy, we all spiral down."
4894,4119,0,5,51,56,1.0892857142857142,0.038450387280282515,678,I told you I wanted a rubik's cube.
4884,4119,0,5,51,56,1.0892857142857142,0.038450387280282515,678,"No more selfies, okay?"
4876,4119,0,5,51,56,1.0892857142857142,0.038450387280282515,678,Is this what the kids call necking?
4864,4119,0,5,51,56,1.0892857142857142,0.038450387280282515,678,I told you the trees are left. Left not right!!
4863,4119,0,5,51,56,1.0892857142857142,0.038450387280282515,678,I believe this is commonly known as 'Necking'.
5112,4119,0,5,51,56,1.0892857142857142,0.038450387280282515,678,We oughta quit necking right out in the open.
4854,4119,1,3,52,56,1.0892857142857142,0.04612789753884693,678,One more and we could do a braid.
5114,4119,0,5,51,56,1.0892857142857142,0.038450387280282515,678,"Well, this is a twist I didn’t see coming."
5150,4119,0,5,51,56,1.0892857142857142,0.038450387280282515,678,The song says we’re supposed to “Twist and Shout”
5374,4119,0,5,51,56,1.0892857142857142,0.038450387280282515,678,Is this not how sex works for us?
5362,4119,0,5,51,56,1.0892857142857142,0.038450387280282515,678,Didn't you say you wanted to get notty
5356,4119,0,5,51,56,1.0892857142857142,0.038450387280282515,678,A braided necklace of affection.
5333,4119,0,5,51,56,1.0892857142857142,0.038450387280282515,678,"Man, this is really twisted."
5321,4119,1,3,52,56,1.0892857142857142,0.04612789753884693,678,Let’s wait and try mating when we know more about it.
5315,4119,0,5,51,56,1.0892857142857142,0.038450387280282515,678,Whose idea was it to play naked twister?
5298,4119,0,5,51,56,1.0892857142857142,0.038450387280282515,678,"When is Chubby Checker going to sing
""Let's Do the Twist."
5269,4119,0,5,51,56,1.0892857142857142,0.038450387280282515,678,I feel so ENTWINED with you.
5268,4119,0,5,51,56,1.0892857142857142,0.038450387280282515,678,This is the last time we use ourselves to play Twister.
5264,4119,0,5,51,56,1.0892857142857142,0.038450387280282515,678,"Griffin, this  is  a fine mess that you
got us in to!"""
5224,4119,0,5,51,56,1.0892857142857142,0.038450387280282515,678,"Okay, King Alexander the Giraffe, see if you can get us out of this Gordian Knot."
5218,4119,0,5,51,56,1.0892857142857142,0.038450387280282515,678,Enough with the Chubby Checkers.
5189,4119,0,5,51,56,1.0892857142857142,0.038450387280282515,678,"I say,go to the right or go to the left"
5179,4119,0,5,51,56,1.0892857142857142,0.038450387280282515,678,Let us bow our heads and pray.
5174,4119,0,5,51,56,1.0892857142857142,0.038450387280282515,678,"Man, I don't think we can find our way out in the desert"
5159,4119,0,5,51,56,1.0892857142857142,0.038450387280282515,678,Looks different from your neck of the woods.
5156,4119,0,5,51,56,1.0892857142857142,0.038450387280282515,678,Twisted Four Plays
5143,4119,1,3,52,56,1.0892857142857142,0.04612789753884693,678,I hear DNA testing can be rather spotty.
4846,4119,0,5,51,56,1.0892857142857142,0.038450387280282515,678,‘Can’t even tell which is me now.’
4842,4119,0,5,51,56,1.0892857142857142,0.038450387280282515,678,I feel a sneeze coming on. Get out of the way!
4813,4119,0,5,51,56,1.0892857142857142,0.038450387280282515,678,I heard two of the park wardens say they used to love necking when they were our age.
4299,4119,0,5,51,56,1.0892857142857142,0.038450387280282515,678,A Kangaroo Courtship
4291,4119,1,3,52,56,1.0892857142857142,0.04612789753884693,678,That is the last time we get passionate before sun-up
4289,4119,0,5,51,56,1.0892857142857142,0.038450387280282515,678,Entangling relationships are hard to break up.
4287,4119,0,5,51,56,1.0892857142857142,0.038450387280282515,678,"Yeah, we should consider going bluetooth"
4279,4119,0,5,51,56,1.0892857142857142,0.038450387280282515,678,"Now who’s in a twist, huh?"
4273,4119,0,5,51,56,1.0892857142857142,0.038450387280282515,678,I keep telling you this is not the way it's done.
4268,4119,0,5,51,56,1.0892857142857142,0.038450387280282515,678,I heard it’s how they hug in Europe
4263,4119,0,5,51,56,1.0892857142857142,0.038450387280282515,678,Whadda you wanna name him?
4241,4119,1,3,52,56,1.0892857142857142,0.04612789753884693,678,I told you no PDA!
4234,4119,0,5,51,56,1.0892857142857142,0.038450387280282515,678,"The wikiHow said tighter, John..."
4229,4119,0,5,51,56,1.0892857142857142,0.038450387280282515,678,This nevking is longer than I thought.
4228,4119,0,5,51,56,1.0892857142857142,0.038450387280282515,678,"Marriage, Arthur? They both became choked up !"
4202,4119,0,5,51,56,1.0892857142857142,0.038450387280282515,678,I said right foot red!
4195,4119,0,5,51,56,1.0892857142857142,0.038450387280282515,678,I told you playing Twister was a bad idea.
4192,4119,0,5,51,56,1.0892857142857142,0.038450387280282515,678,Well you’re who wanted to neck!
4181,4119,1,3,52,56,1.0892857142857142,0.04612789753884693,678,"They said you were gir-affable, but I didn't think you were THIS friendly!"
4168,4119,0,5,51,56,1.0892857142857142,0.038450387280282515,678,We are really up to our necks this time.
2637,4119,0,5,51,56,1.0892857142857142,0.038450387280282515,678,"No Stan, I meant your left..."
4351,4119,0,5,51,56,1.0892857142857142,0.038450387280282515,678,So two heads are better than one ... now what?
4355,4119,0,5,51,56,1.0892857142857142,0.038450387280282515,678,"I said ""Go left not right!"""
4396,4119,0,5,51,56,1.0892857142857142,0.038450387280282515,678,Are you sure this behavior is in our DNA?
4791,4119,0,5,51,56,1.0892857142857142,0.038450387280282515,678,"For goodness sake, Stephen, I meant my left"
4788,4119,0,5,51,56,1.0892857142857142,0.038450387280282515,678,WHAT A WAY TO START A HONEYMOON!
4776,4119,0,5,51,56,1.0892857142857142,0.038450387280282515,678,This is quite the spot you’ve gotten us in to Ollie.
4766,4119,1,3,52,56,1.0892857142857142,0.04612789753884693,678,She recommended that I wear a necktie to my interview.
4760,4119,0,5,51,56,1.0892857142857142,0.038450387280282515,678,I'm getting confused about who's who. Let's unwind a little.
4713,4119,0,5,51,56,1.0892857142857142,0.038450387280282515,678,George I told you I didn't feel like necking!
4708,4119,0,5,51,56,1.0892857142857142,0.038450387280282515,678,"Next time you feel like necking, count me out!"
4655,4119,0,5,51,56,1.0892857142857142,0.038450387280282515,678,Our hips weren’t long enough to join at.
4147,4119,0,5,51,56,1.0892857142857142,0.038450387280282515,678,I'm guessing you don't speak French.
4599,4119,0,5,51,56,1.0892857142857142,0.038450387280282515,678,"Enmeshed? I told her, ""No way."""
4569,4119,0,5,51,56,1.0892857142857142,0.038450387280282515,678,You're way too tight you need to unwind.
4546,4119,0,5,51,56,1.0892857142857142,0.038450387280282515,678,"Now that we are necking,does this mean we are going steady?"
4538,4119,0,5,51,56,1.0892857142857142,0.038450387280282515,678,We complement each other so beautifully.
4518,4119,1,3,52,56,1.0892857142857142,0.04612789753884693,678,This is certainly a new twist on lovemaking.
4495,4119,0,5,51,56,1.0892857142857142,0.038450387280282515,678,"You were right, it's lefty loosey, righty tighty."
4491,4119,1,3,52,56,1.0892857142857142,0.04612789753884693,678,"You said, 'Let’s play “Twister”!’  You said, ‘It’ll be fun!’  Now do you understand why game on the savanna playing parlor games on the savanna is a bad idea?"
4415,4119,0,5,51,56,1.0892857142857142,0.038450387280282515,678,You twisted my response the wrong way.
4402,4119,1,3,52,56,1.0892857142857142,0.04612789753884693,678,Now we've necked... let's move on...
4577,4119,0,5,51,56,1.0892857142857142,0.038450387280282515,678,I think at least one of us is having an identity crisis.
2634,4119,0,5,51,56,1.0892857142857142,0.038450387280282515,678,"We must perfect this, Phil, or we assure a hippo victory."
2444,4119,1,3,52,56,1.0892857142857142,0.04612789753884693,678,Do you STILL think a traffic light is a dumb idea?
2609,4119,0,5,51,56,1.0892857142857142,0.038450387280282515,678,Ever look at yourself and think that your feeling a bit twisted
776,4119,0,5,51,56,1.0892857142857142,0.038450387280282515,678,Can you get a little closer?
775,4119,0,5,51,56,1.0892857142857142,0.038450387280282515,678,"I SAID TO TURN LEFT, NOT RIGHT"
769,4119,0,5,51,56,1.0892857142857142,0.038450387280282515,678,No way! I toss the coin this time.
751,4119,0,5,51,56,1.0892857142857142,0.038450387280282515,678,Is this really how the French do it?
742,4119,2,1,53,56,1.0892857142857142,0.05269851592507146,678,YouTube says just 2 more minutes for beach curls.
730,4119,0,5,51,56,1.0892857142857142,0.038450387280282515,678,We have a knotty problem...
726,4119,1,3,52,56,1.0892857142857142,0.04612789753884693,678,We are all twisted up.
696,4119,0,5,51,56,1.0892857142857142,0.038450387280282515,678,Are your sure this is how to play the Hokey Pokey?
623,4119,0,5,51,56,1.0892857142857142,0.038450387280282515,678,"Honey, I feel so enmeshed that it's chocking me!"
614,4119,1,3,52,56,1.0892857142857142,0.04612789753884693,678,"Now listen carefully, Honey...first turn your head to the left..."
596,4119,1,3,52,56,1.0892857142857142,0.04612789753884693,678,"You go first? No you go first , I went first the last time."
593,4119,0,5,51,56,1.0892857142857142,0.038450387280282515,678,Oh no! Our long necks are twisted together!
554,4119,0,5,51,56,1.0892857142857142,0.038450387280282515,678,"I warned you about dervishes, but would you listen?"
534,4119,2,1,53,56,1.0892857142857142,0.05269851592507146,678,Perspective?
529,4119,0,5,51,56,1.0892857142857142,0.038450387280282515,678,"When necking is out of control , 
it is difficult to unwind ..."
525,4119,0,5,51,56,1.0892857142857142,0.038450387280282515,678,"I told you, The Kama-sutra only works for humans."
521,4119,0,5,51,56,1.0892857142857142,0.038450387280282515,678,"Righty tighty, lefty loosey, sweetheart."
780,4119,0,5,51,56,1.0892857142857142,0.038450387280282515,678,I can’t believe that we both swallowed a boa.
509,4119,0,5,51,56,1.0892857142857142,0.038450387280282515,678,"I used to dream you felt this way about me, but now I'm not so sure."""
816,4119,1,3,52,56,1.0892857142857142,0.04612789753884693,678,I'm not frigid Albert. Necking just does not float my boat!
829,4119,0,5,51,56,1.0892857142857142,0.038450387280282515,678,high love sometimes gets entangled
1189,4119,1,3,52,56,1.0892857142857142,0.04612789753884693,678,Did you say homo or heterosexual or queer?
1110,4119,0,5,51,56,1.0892857142857142,0.038450387280282515,678,"If you sing ""Tangled up in you,"" one more time, I'm biting your neck."
1109,4119,0,5,51,56,1.0892857142857142,0.038450387280282515,678,"Harold: Dont worry Melvin! In my spare time Ive become an expert in mathematical topology! What we have stumbled into is a braid on 2 strands of trivial type. To reach an identity braid first find an abelianization of...

Melvin: you're NOT helping!!"
1107,4119,0,5,51,56,1.0892857142857142,0.038450387280282515,678,"Naughty,  naughty."
1067,4119,0,5,51,56,1.0892857142857142,0.038450387280282515,678,The AMA couldn't possibly come up with anything better.
2627,4119,1,3,52,56,1.0892857142857142,0.04612789753884693,678,Maybe next time we shouldn’t “hug it out.
1045,4119,0,5,51,56,1.0892857142857142,0.038450387280282515,678,I hate that Chubby Checker song...
1027,4119,1,3,52,56,1.0892857142857142,0.04612789753884693,678,I may be sticking my neck out here but I think we were made for each other.
1023,4119,0,5,51,56,1.0892857142857142,0.038450387280282515,678,Maybe we should walk in opposite directions. You know?
981,4119,1,3,52,56,1.0892857142857142,0.04612789753884693,678,Yeah.  Disney always has to add a twist.
967,4119,1,3,52,56,1.0892857142857142,0.04612789753884693,678,The boat ride was a little bumpy.
935,4119,0,5,51,56,1.0892857142857142,0.038450387280282515,678,Now squeeze real tight when I cum.
934,4119,0,5,51,56,1.0892857142857142,0.038450387280282515,678,"Okay, let's try my left again."
922,4119,0,5,51,56,1.0892857142857142,0.038450387280282515,678,The Twist takes on a new meaning
892,4119,0,5,51,56,1.0892857142857142,0.038450387280282515,678,"Well, hello Joe Biden!"
876,4119,1,3,52,56,1.0892857142857142,0.04612789753884693,678,"Hey wait a minute, we're both guys."
831,4119,0,5,51,56,1.0892857142857142,0.038450387280282515,678,"You never listen I said you look to your left, not my left."
823,4119,0,5,51,56,1.0892857142857142,0.038450387280282515,678,Stick to the plan and we'll work it on out.
495,4119,0,5,51,56,1.0892857142857142,0.038450387280282515,678,"There is nothing like necking with you, my love."
494,4119,0,5,51,56,1.0892857142857142,0.038450387280282515,678,"Look Geoffrey, if Toys R Us can untangle, so can we!
OK?  .......... Geoffrey?"
492,4119,0,5,51,56,1.0892857142857142,0.038450387280282515,678,When selfies get too competitive in the Savannah.
145,4119,1,3,52,56,1.0892857142857142,0.04612789753884693,678,What do we do after this foreplay?
144,4119,0,5,51,56,1.0892857142857142,0.038450387280282515,678,me and my last brain cell
139,4119,0,5,51,56,1.0892857142857142,0.038450387280282515,678,This is how we fuck!
121,4119,0,5,51,56,1.0892857142857142,0.038450387280282515,678,"Okay, now cha-cha to your left."
117,4119,0,5,51,56,1.0892857142857142,0.038450387280282515,678,That's how humans do it.
116,4119,0,5,51,56,1.0892857142857142,0.038450387280282515,678,My last boyfriend was an aardvark. I accidentally suffocated him doing this. Poor dead Jimmy. His funeral was lightly attended. Burp! I'm Debbie!
109,4119,0,5,51,56,1.0892857142857142,0.038450387280282515,678,Are you sure you know how to tie a necktie?
97,4119,0,5,51,56,1.0892857142857142,0.038450387280282515,678,Your tangled web does not deceive. I know exactly what you're up to.
90,4119,0,5,51,56,1.0892857142857142,0.038450387280282515,678,Natural selection didn’t favor the Twister-playing giraffes.
77,4119,0,5,51,56,1.0892857142857142,0.038450387280282515,678,So maybe this codependency is toxic...but I want to keep it up until we die.
72,4119,0,5,51,56,1.0892857142857142,0.038450387280282515,678,I hate neckties.
68,4119,0,5,51,56,1.0892857142857142,0.038450387280282515,678,Are you certain lions don't eat DNA?
65,4119,0,5,51,56,1.0892857142857142,0.038450387280282515,678,Why do you always get our necks in a twist?
43,4119,0,5,51,56,1.0892857142857142,0.038450387280282515,678,My left.
10,4119,0,5,51,56,1.0892857142857142,0.038450387280282515,678,You need to step when I spin your in the dance!
9,4119,0,5,51,56,1.0892857142857142,0.038450387280282515,678,Hugology redefined......
8,4119,0,5,51,56,1.0892857142857142,0.038450387280282515,678,I  told you we should have bought a map.
154,4119,1,3,52,56,1.0892857142857142,0.04612789753884693,678,this may have gotten out of hand
170,4119,1,3,52,56,1.0892857142857142,0.04612789753884693,678,Play Twister they said. It will be fun they said.
174,4119,0,5,51,56,1.0892857142857142,0.038450387280282515,678,Going to a therapist on Friday to crack what's causing my anxiety.
176,4119,0,5,51,56,1.0892857142857142,0.038450387280282515,678,That was certainly a high wind ! ! ! !
484,4119,0,5,51,56,1.0892857142857142,0.038450387280282515,678,It would seem that we both get wound up in our affection for one another...
477,4119,1,3,52,56,1.0892857142857142,0.04612789753884693,678,"I'm telling you, Susan, those yoga goats won't know what hit them."
475,4119,0,5,51,56,1.0892857142857142,0.038450387280282515,678,I bet this would fall under Darwin’s theory of Survival of the Fittest.
443,4119,0,5,51,56,1.0892857142857142,0.038450387280282515,678,You don't have to be so effusive!
435,4119,0,5,51,56,1.0892857142857142,0.038450387280282515,678,You said you wanted to play Twister.
427,4119,0,5,51,56,1.0892857142857142,0.038450387280282515,678,Kissing is much easier.
421,4119,0,5,51,56,1.0892857142857142,0.038450387280282515,678,"Now .... this is what I call ""neck and neck""."
417,4119,0,5,51,56,1.0892857142857142,0.038450387280282515,678,I knew we'd make a great pair!
1194,4119,0,5,51,56,1.0892857142857142,0.038450387280282515,678,Are you you or are you me?
385,4119,0,5,51,56,1.0892857142857142,0.038450387280282515,678,I said lefty loosen!
361,4119,0,5,51,56,1.0892857142857142,0.038450387280282515,678,Now where are my earbuds?
360,4119,0,5,51,56,1.0892857142857142,0.038450387280282515,678,.this like go and hand little my by me Take
336,4119,1,3,52,56,1.0892857142857142,0.04612789753884693,678,"Wow!  First kiss, first tornado!"
314,4119,0,5,51,56,1.0892857142857142,0.038450387280282515,678,Ms. Roberts? Please erase this idiot.
263,4119,0,5,51,56,1.0892857142857142,0.038450387280282515,678,At least we didn’t bump our glasses this time.
257,4119,1,3,52,56,1.0892857142857142,0.04612789753884693,678,I told you this would be to kinky for her.
243,4119,0,5,51,56,1.0892857142857142,0.038450387280282515,678,That elephant who said necking was fun was WRONG.
225,4119,0,5,51,56,1.0892857142857142,0.038450387280282515,678,« And this is how we make babies... »
367,4119,0,5,51,56,1.0892857142857142,0.038450387280282515,678,I told you to go to left.
1210,4119,0,5,51,56,1.0892857142857142,0.038450387280282515,678,You go your way and I
1055,4119,0,5,51,56,1.0892857142857142,0.038450387280282515,678,So much for trying out necking.
1263,4119,1,3,52,56,1.0892857142857142,0.04612789753884693,678,Are you sure this is what necking is?
2338,4119,1,3,52,56,1.0892857142857142,0.04612789753884693,678,"Try twisting a little closer, then shake and shout!"
2321,4119,0,5,51,56,1.0892857142857142,0.038450387280282515,678,I told you I could tie a necktie.
2319,4119,0,5,51,56,1.0892857142857142,0.038450387280282515,678,You  twist left. I will twist right.
2317,4119,0,5,51,56,1.0892857142857142,0.038450387280282515,678,I think I'd like an emerald cut.
2297,4119,0,5,51,56,1.0892857142857142,0.038450387280282515,678,"Ernie,What did I tell you about being necked to me!"
2253,4119,0,5,51,56,1.0892857142857142,0.038450387280282515,678,‘So... till death do us unentangle?
2247,4119,0,5,51,56,1.0892857142857142,0.038450387280282515,678,Now I understand the meaning the race was neck 'n neck!
2241,4119,0,5,51,56,1.0892857142857142,0.038450387280282515,678,Is this doing anything for you?
2235,4119,0,5,51,56,1.0892857142857142,0.038450387280282515,678,You have a spot on your collar
2228,4119,1,3,52,56,1.0892857142857142,0.04612789753884693,678,"Grilled, boiled or blanched???"
1256,4119,0,5,51,56,1.0892857142857142,0.038450387280282515,678,Do you have ze Bra???
2192,4119,0,5,51,56,1.0892857142857142,0.038450387280282515,678,That's quite the riddle!  I just can't wrap my head around it.
2190,4119,0,5,51,56,1.0892857142857142,0.038450387280282515,678,Am I the male or the female?
2188,4119,1,3,52,56,1.0892857142857142,0.04612789753884693,678,Are we necking?
2186,4119,0,5,51,56,1.0892857142857142,0.038450387280282515,678,Maybe we should try going around each other with our feet.
2184,4119,1,3,52,56,1.0892857142857142,0.04612789753884693,678,"So, you just had to insist on the Anaconda for dinner?"
2171,4119,0,5,51,56,1.0892857142857142,0.038450387280282515,678,Which one of us swallowed the snake?
2340,4119,0,5,51,56,1.0892857142857142,0.038450387280282515,678,We can't move forward until we until this messy relationship!
2162,4119,0,5,51,56,1.0892857142857142,0.038450387280282515,678,"So, you’re probably wondering how we got like this."
2354,4119,0,5,51,56,1.0892857142857142,0.038450387280282515,678,That Ranger Rick is one twisted individual!!!!
2371,4119,0,5,51,56,1.0892857142857142,0.038450387280282515,678,Is this your idea of necking?
2607,4119,0,5,51,56,1.0892857142857142,0.038450387280282515,678,I don’t get this whole necking thing!
2605,4119,0,5,51,56,1.0892857142857142,0.038450387280282515,678,"OK, so ‘Dancing with the Stars’ is out”.."
2596,4119,0,5,51,56,1.0892857142857142,0.038450387280282515,678,this isn't how you play twister
2566,4119,0,5,51,56,1.0892857142857142,0.038450387280282515,678,"""Now, that's necking!"
2562,4119,0,5,51,56,1.0892857142857142,0.038450387280282515,678,I love you too
2552,4119,0,5,51,56,1.0892857142857142,0.038450387280282515,678,An early rejected version of the caduceus.
2541,4119,1,3,52,56,1.0892857142857142,0.04612789753884693,678,"To hell with what Emily Post says.. next time Tom, just say hello!!"
2515,4119,0,5,51,56,1.0892857142857142,0.038450387280282515,678,I told you to leave the double helix costume to the humans.
2493,4119,0,5,51,56,1.0892857142857142,0.038450387280282515,678,Did you mean nip and tuck?
2480,4119,0,5,51,56,1.0892857142857142,0.038450387280282515,678,You think the AMA will go for it?
2439,4119,0,5,51,56,1.0892857142857142,0.038450387280282515,678,What's with you? Haven't you ever seen anyone neck before?
2410,4119,0,5,51,56,1.0892857142857142,0.038450387280282515,678,"You make my head spin, without these twist and turns."
2405,4119,0,5,51,56,1.0892857142857142,0.038450387280282515,678,Do you want to try straightening this out for once?
2400,4119,0,5,51,56,1.0892857142857142,0.038450387280282515,678,Don't let your mom see us necking!
2397,4119,0,5,51,56,1.0892857142857142,0.038450387280282515,678,It is not just my stomach that is in knots when I see you!
2390,4119,0,5,51,56,1.0892857142857142,0.038450387280282515,678,"Geoff, I told you we shouldn't neck in public."
2382,4119,0,5,51,56,1.0892857142857142,0.038450387280282515,678,"Anyone can learn to square dance, you said!"
2356,4119,1,3,52,56,1.0892857142857142,0.04612789753884693,678,"Sorry, I got a little carried away with my hug"
2133,4119,0,5,51,56,1.0892857142857142,0.038450387280282515,678,I don't think 'necking' actually meant 'necking.'
2210,4119,0,5,51,56,1.0892857142857142,0.038450387280282515,678,"Right there! Stop. Don't move!
Phew! Liverpool is still up 2-1."
2129,4119,0,5,51,56,1.0892857142857142,0.038450387280282515,678,No! I mean your other left.
1628,4119,1,3,52,56,1.0892857142857142,0.04612789753884693,678,I don't think yoga is our thing
1627,4119,0,5,51,56,1.0892857142857142,0.038450387280282515,678,Well I think we look classy with a necktie
1622,4119,0,5,51,56,1.0892857142857142,0.038450387280282515,678,Mom did say that even simple necking can lead very serious commitments.
1603,4119,0,5,51,56,1.0892857142857142,0.038450387280282515,678,This makes me feel Fusilli
1580,4119,0,5,51,56,1.0892857142857142,0.038450387280282515,678,Nest time STOP before we hug.
1569,4119,0,5,51,56,1.0892857142857142,0.038450387280282515,678,"Ok, I think I got it.  Now you go left and I'll go right."
2131,4119,0,5,51,56,1.0892857142857142,0.038450387280282515,678,This is not what I meant when I said you were screwing up
1527,4119,0,5,51,56,1.0892857142857142,0.038450387280282515,678,I thought you were bringing the champagne.
1467,4119,0,5,51,56,1.0892857142857142,0.038450387280282515,678,"They call this Caduceus pose, but if you sneeze, we are both dead ..."
1453,4119,0,5,51,56,1.0892857142857142,0.038450387280282515,678,Is this really how we twisted last summer?
1445,4119,1,3,52,56,1.0892857142857142,0.04612789753884693,678,I just don't know what millennials see in this.
1434,4119,1,3,52,56,1.0892857142857142,0.04612789753884693,678,I wonder how we can become unconneckted
1419,4119,0,5,51,56,1.0892857142857142,0.038450387280282515,678,It's infinity for us!
1363,4119,0,5,51,56,1.0892857142857142,0.038450387280282515,678,Mother never should have named us Left and Right.
1348,4119,1,3,52,56,1.0892857142857142,0.04612789753884693,678,Are we fighting or necking?
1322,4119,0,5,51,56,1.0892857142857142,0.038450387280282515,678,"Eric, I don't think I'm ready for third base!"
1265,4119,0,5,51,56,1.0892857142857142,0.038450387280282515,678,This new dance move is called the twist!
1651,4119,0,5,51,56,1.0892857142857142,0.038450387280282515,678,Necking does lead to greater intimacy
1704,4119,0,5,51,56,1.0892857142857142,0.038450387280282515,678,I’d heard you go to far on a first date
1535,4119,0,5,51,56,1.0892857142857142,0.038450387280282515,678,Necking can lead to a twist of fate.
1720,4119,0,5,51,56,1.0892857142857142,0.038450387280282515,678,"Somehow, this didn't work out right"
2121,4119,1,3,52,56,1.0892857142857142,0.04612789753884693,678,I love you a whole lot!! Let
1718,4119,0,5,51,56,1.0892857142857142,0.038450387280282515,678,"I said ""Be mine"" NOT ""Be vine!"""
2087,4119,0,5,51,56,1.0892857142857142,0.038450387280282515,678,I don't think this is how you make DNA.
2070,4119,0,5,51,56,1.0892857142857142,0.038450387280282515,678,This isn't what I meant when I asked for a necktie.
2065,4119,0,5,51,56,1.0892857142857142,0.038450387280282515,678,"For the last time, you have to turn to MY right"
2064,4119,0,5,51,56,1.0892857142857142,0.038450387280282515,678,"My mother was right,  necking can be dangerous."
2060,4119,0,5,51,56,1.0892857142857142,0.038450387280282515,678,"Dearest, don’t believe that psychiatrist— we are not too enmeshed"
2058,4119,0,5,51,56,1.0892857142857142,0.038450387280282515,678,Next party....no playing Twisters!!!
2008,4119,0,5,51,56,1.0892857142857142,0.038450387280282515,678,"As my first necking experience, I have to tell you George, this is a huge disappointment."
2104,4119,0,5,51,56,1.0892857142857142,0.038450387280282515,678,Maybe we should learn to shake paws when we say goodbye.
1966,4119,1,3,52,56,1.0892857142857142,0.04612789753884693,678,How about a handshake next time?
1935,4119,0,5,51,56,1.0892857142857142,0.038450387280282515,678,Oh! I see you two got carried away.
1924,4119,0,5,51,56,1.0892857142857142,0.038450387280282515,678,Maybe we should just stick to petting.  I don't get what's so hot about this necking thing!
1890,4119,0,5,51,56,1.0892857142857142,0.038450387280282515,678,"Yes, this will do for the New Yorker magazine optical illusion contest."
1842,4119,0,5,51,56,1.0892857142857142,0.038450387280282515,678,Screwby!
1759,4119,0,5,51,56,1.0892857142857142,0.038450387280282515,678,"Actually, I like petting better than necking."
1757,4119,0,5,51,56,1.0892857142857142,0.038450387280282515,678,I told you your move to the left was not going to straighten things out
2006,4119,0,5,51,56,1.0892857142857142,0.038450387280282515,678,I told you necking is for the birds.
3703,4454,0,5,52,57,1.087719298245614,0.037802263481198896,678,"Darling, you take necking to new heights!"
3758,4454,0,5,52,57,1.087719298245614,0.037802263481198896,678,Remember - like we did last summer?
3891,4454,0,5,52,57,1.087719298245614,0.037802263481198896,678,"Don’t get it twisted, this battle was neck and neck"
3949,4454,0,5,52,57,1.087719298245614,0.037802263481198896,678,It's here when the chiropractor suggested we each pull.
3967,4454,1,3,53,57,1.087719298245614,0.04533847748151766,678,My therapist says we are in an enmeshed relationship.
4214,4454,0,5,52,57,1.087719298245614,0.037802263481198896,678,A little bit to the left- your other left!
4270,4454,0,5,52,57,1.087719298245614,0.037802263481198896,678,There’s something about the double helix that seems FUNdamental.
4649,4454,1,3,53,57,1.087719298245614,0.04533847748151766,678,"On the count of three.""
Michael Rice, Venice, C"
4834,4454,0,5,52,57,1.087719298245614,0.037802263481198896,678,Your need for a hug is spinning out of control!
4729,4454,0,5,52,57,1.087719298245614,0.037802263481198896,678,Maybe if you were clearer in giving the direction of a counter-clockwise maneuver we wouldn’t be in this situation.
4743,4454,0,5,52,57,1.087719298245614,0.037802263481198896,678,"You got us into this. Now, You get us out!"
4837,4454,0,5,52,57,1.087719298245614,0.037802263481198896,678,"Ok, so now we twist."
5017,4454,1,3,53,57,1.087719298245614,0.04533847748151766,678,This may be all for naught.
5076,4454,0,5,52,57,1.087719298245614,0.037802263481198896,678,I hope we don't get in trouble - but I think I saw this on a porno website.
5157,4454,0,5,52,57,1.087719298245614,0.037802263481198896,678,I thought this went out the window years ago”
4705,4454,0,5,52,57,1.087719298245614,0.037802263481198896,678,You said that wildlife care would give us attention but I think they figured us out.
3508,4454,0,5,52,57,1.087719298245614,0.037802263481198896,678,"Seriously, you saw snakes doing this at the doctor's office?"
4551,4454,0,5,52,57,1.087719298245614,0.037802263481198896,678,I told you we should have taken a left back there
2703,4454,1,3,53,57,1.087719298245614,0.04533847748151766,678,"I have to tell ya Watson, we developed a Crick
 in our necks."
119,4454,1,3,53,57,1.087719298245614,0.04533847748151766,678,"And you said, ""Let's neck!"""
334,4454,0,5,52,57,1.087719298245614,0.037802263481198896,678,I hear they don't teach these tricks in zoos.
719,4454,0,5,52,57,1.087719298245614,0.037802263481198896,678,Thank God it only takes two to tango!
925,4454,0,5,52,57,1.087719298245614,0.037802263481198896,678,Did we take The Knot website too seriously?
1252,4454,0,5,52,57,1.087719298245614,0.037802263481198896,678,I’d call it a twist of fate.
1599,4454,0,5,52,57,1.087719298245614,0.037802263481198896,678,I told you our necking would go too far!
1677,4454,0,5,52,57,1.087719298245614,0.037802263481198896,678,If we had just done the awkward dance we would have been fine.
1114,4454,1,3,53,57,1.087719298245614,0.04533847748151766,678,I keep wishing that mom and dad had explained ‘necking’ to us.
2779,4454,0,5,52,57,1.087719298245614,0.037802263481198896,678,"You start. No, YOU start."
1845,4454,0,5,52,57,1.087719298245614,0.037802263481198896,678,"Again, nobody is watching!"
2074,4454,0,5,52,57,1.087719298245614,0.037802263481198896,678,Couple yoga gone wrong
2216,4454,0,5,52,57,1.087719298245614,0.037802263481198896,678,"Sorry,two kisses,three kisses ... it confuses me"
2243,4454,0,5,52,57,1.087719298245614,0.037802263481198896,678,I thought you were kidding when you said you wanted to tie the knot.
2315,4454,0,5,52,57,1.087719298245614,0.037802263481198896,678,"My mother told me you were 'mad, bad and dangerous to know.'"
2503,4454,0,5,52,57,1.087719298245614,0.037802263481198896,678,Oh? Sure! And now you're also going to get your panties in a twist.
1753,4454,0,5,52,57,1.087719298245614,0.037802263481198896,678,The child of honeysuckle and bindweed?
3660,4489,0,4,48,52,1.0769230769230769,0.03731317308251277,678,So now we are the two top candidates. Where do we go from here?
3317,4489,1,2,49,52,1.0769230769230769,0.04632947979911816,678,"That curly kale was a tad indigestible, but I'm so glad we tried it together"
3331,4489,1,2,49,52,1.0769230769230769,0.04632947979911816,678,Don't worry. I hear this happens to Gary Larson all the time.
3337,4489,0,4,48,52,1.0769230769230769,0.03731317308251277,678,"All right, that's enough yoga for this year!"""
3606,4489,0,4,48,52,1.0769230769230769,0.03731317308251277,678,I still think we look better in stripes and solids in our necktie-d.
3640,4489,0,4,48,52,1.0769230769230769,0.03731317308251277,678,Who would have thought that necking would be so complicated?
3650,4489,0,4,48,52,1.0769230769230769,0.03731317308251277,678,The humans said this would be fun.
3663,4489,0,4,48,52,1.0769230769230769,0.03731317308251277,678,Looks like we are literally stuck together!
3974,4489,0,4,48,52,1.0769230769230769,0.03731317308251277,678,"I don't think couples yoga is going to be our ""thing""."
3692,4489,0,4,48,52,1.0769230769230769,0.03731317308251277,678,I hope our lives will always be intertwined
3741,4489,1,2,49,52,1.0769230769230769,0.04632947979911816,678,"Glenn thought he was winning, but they were still neck and neck..."
3742,4489,0,4,48,52,1.0769230769230769,0.03731317308251277,678,Your dad's gonna freak when he finds out we were necking!
3782,4489,0,4,48,52,1.0769230769230769,0.03731317308251277,678,What kind of cologne are you wearing? Smells good.
3862,4489,0,4,48,52,1.0769230769230769,0.03731317308251277,678,Are you sure this is what sarong means?
3947,4489,0,4,48,52,1.0769230769230769,0.03731317308251277,678,You sure this is what's meant by necking?
3232,4489,0,4,48,52,1.0769230769230769,0.03731317308251277,678,"You read the Cliff Notes, didn't you."
3676,4489,0,4,48,52,1.0769230769230769,0.03731317308251277,678,"LET'S TWIST LIKE WE DID LAST SUMMER, OR NOT!"
3216,4489,0,4,48,52,1.0769230769230769,0.03731317308251277,678,"Well, this is another fine mess you have gotten us into 

or "" Well , here's another nice mess you've gotten me into """
3034,4489,1,2,49,52,1.0769230769230769,0.04632947979911816,678,Maybe if we stay like this we won't go instinct.
3129,4489,0,4,48,52,1.0769230769230769,0.03731317308251277,678,This certainly is a new twist to 'necking'.
2752,4489,1,2,49,52,1.0769230769230769,0.04632947979911816,678,Neckties are suffocating!
2815,4489,0,4,48,52,1.0769230769230769,0.03731317308251277,678,THAT CASHEW WAS MEANT FOR ME
2834,4489,0,4,48,52,1.0769230769230769,0.03731317308251277,678,"I guess when you've seen one lion catch a giraffe, you've seen a maul."
2857,4489,0,4,48,52,1.0769230769230769,0.03731317308251277,678,you do know how to tango.
2865,4489,1,2,49,52,1.0769230769230769,0.04632947979911816,678,"you had me at hello, arthur."
2950,4489,0,4,48,52,1.0769230769230769,0.03731317308251277,678,You said you were into necking.
2967,4489,0,4,48,52,1.0769230769230769,0.03731317308251277,678,"Well, didn't you say, ""Give me a choker""?"
2986,4489,0,4,48,52,1.0769230769230769,0.03731317308251277,678,This isn’t what I meant
2997,4489,0,4,48,52,1.0769230769230769,0.03731317308251277,678,"Now, let's do the tongue twister!"
3003,4489,0,4,48,52,1.0769230769230769,0.03731317308251277,678,I can't believe it takes two to tango
3988,4489,0,4,48,52,1.0769230769230769,0.03731317308251277,678,That was Chubby Checker!
3037,4489,0,4,48,52,1.0769230769230769,0.03731317308251277,678,How  long did you say we’ve been married?
3057,4489,0,4,48,52,1.0769230769230769,0.03731317308251277,678,LOVE AT FIRST TWIST
3071,4489,0,4,48,52,1.0769230769230769,0.03731317308251277,678,"Which way do you want to go?
Joe Pitts, Washington, DC"
3108,4489,0,4,48,52,1.0769230769230769,0.03731317308251277,678,I hate flies.
3112,4489,0,4,48,52,1.0769230769230769,0.03731317308251277,678,I told you I didn't like hugs.
3118,4489,0,4,48,52,1.0769230769230769,0.03731317308251277,678,But this is the way I saw snakes have sex.
3203,4489,0,4,48,52,1.0769230769230769,0.03731317308251277,678,This two heads thing is better.
4013,4489,0,4,48,52,1.0769230769230769,0.03731317308251277,678,I guess this is what they mean when they say war is not the answer...
4330,4489,0,4,48,52,1.0769230769230769,0.03731317308251277,678,Scratch your back?  I don't know which back is yours!
4090,4489,0,4,48,52,1.0769230769230769,0.03731317308251277,678,"We're late, and being ""tied up"" is never a good excuse."
4804,4489,0,4,48,52,1.0769230769230769,0.03731317308251277,678,"Well, you did say you wanted a matching necktie for your outfit"
4824,4489,0,4,48,52,1.0769230769230769,0.03731317308251277,678,Next time use your turn signal.
4872,4489,0,4,48,52,1.0769230769230769,0.03731317308251277,678,"This is not what I thought you meant when you said ""Let's tie the knot""."
4945,4489,0,4,48,52,1.0769230769230769,0.03731317308251277,678,"Just to be clear, we're doing this as friends."
4947,4489,0,4,48,52,1.0769230769230769,0.03731317308251277,678,"It's one, two, three cha cha cha, but I forgot what we do with the fourth leg."
4954,4489,0,4,48,52,1.0769230769230769,0.03731317308251277,678,FATAL ATTRACTION
4963,4489,0,4,48,52,1.0769230769230769,0.03731317308251277,678,I knew this would happen eventually.
4966,4489,1,2,49,52,1.0769230769230769,0.04632947979911816,678,Hold still. It's just going to get worse if we both keep trying to unwind.
4989,4489,0,4,48,52,1.0769230769230769,0.03731317308251277,678,I learned this in the Kama Sutra
5009,4489,0,4,48,52,1.0769230769230769,0.03731317308251277,678,"I love being close, but I think you're choking me."
5062,4489,0,4,48,52,1.0769230769230769,0.03731317308251277,678,A private moment with two giraffes necking.
5078,4489,0,4,48,52,1.0769230769230769,0.03731317308251277,678,"Twist and shout, Helen. Twist and shout."
5104,4489,0,4,48,52,1.0769230769230769,0.03731317308251277,678,It looks like rubber necking is in our DNA.
5168,4489,0,4,48,52,1.0769230769230769,0.03731317308251277,678,"Knot again!!  But seriously, I'm stuck."
5293,4489,0,4,48,52,1.0769230769230769,0.03731317308251277,678,"This is what we call necking, you ought to try it sometime."
5296,4489,0,4,48,52,1.0769230769230769,0.03731317308251277,678,Eureka! I know how we can keep our bread from going stale.
5368,4489,1,2,49,52,1.0769230769230769,0.04632947979911816,678,"For the record, I said I was a limbo legend.  I never made any claims about the tango."
4784,4489,0,4,48,52,1.0769230769230769,0.03731317308251277,678,"Zebra Crossing: Look left, right and left again."
4027,4489,0,4,48,52,1.0769230769230769,0.03731317308251277,678,And this is how the saying ‘don’t get it twisted’ began
4749,4489,0,4,48,52,1.0769230769230769,0.03731317308251277,678,So imitation curly fries wasn't the best idea.
4622,4489,0,4,48,52,1.0769230769230769,0.03731317308251277,678,I'm pretty sure this isn't what Dorothy meant.
4160,4489,0,4,48,52,1.0769230769230769,0.03731317308251277,678,"I said Brad, with a short a."
4172,4489,0,4,48,52,1.0769230769230769,0.03731317308251277,678,"What to do, what to do?
My feelings exactly!"
4204,4489,0,4,48,52,1.0769230769230769,0.03731317308251277,678,Do the Heimlich and get that boa out of you.
4209,4489,1,2,49,52,1.0769230769230769,0.04632947979911816,678,"Well, it was your idea to do the hokey-pokey."
4224,4489,1,2,49,52,1.0769230769230769,0.04632947979911816,678,This must be your first date.
4249,4489,0,4,48,52,1.0769230769230769,0.03731317308251277,678,This isn'texactly what I meant when I asked if you wanted to neck.
2739,4489,0,4,48,52,1.0769230769230769,0.03731317308251277,678,"No, it’s lefty loosey, righty tightly."
4367,4489,1,2,49,52,1.0769230769230769,0.04632947979911816,678,This is not what I meant when I asked you to help me pick out a necktie.
4389,4489,0,4,48,52,1.0769230769230769,0.03731317308251277,678,How long were we making out?
4425,4489,0,4,48,52,1.0769230769230769,0.03731317308251277,678,"Having tied it so often, we’re still knot sure."
4437,4489,0,4,48,52,1.0769230769230769,0.03731317308251277,678,They said what?!  We finished ‘neck and neck’?
4487,4489,0,4,48,52,1.0769230769230769,0.03731317308251277,678,Let's tie the knot as I am so wrapped up with you!
4512,4489,1,2,49,52,1.0769230769230769,0.04632947979911816,678,Next time let's just shake hands.
4537,4489,0,4,48,52,1.0769230769230769,0.03731317308251277,678,"If we ever get a divorce, it could get messy."
4561,4489,0,4,48,52,1.0769230769230769,0.03731317308251277,678,"Maybe they meant kissing, not necking."
4563,4489,1,2,49,52,1.0769230769230769,0.04632947979911816,678,"George, I didn't think necking would be this complicated.""



(I couldn't put in CA in the person info part."
4595,4489,0,4,48,52,1.0769230769230769,0.03731317308251277,678,Even innocent necking can have unintended consequences.
4745,4489,0,4,48,52,1.0769230769230769,0.03731317308251277,678,"Honey, I believe this new hashtag of #getspiral was initiated by the association of neck doctors."
2730,4489,0,4,48,52,1.0769230769230769,0.03731317308251277,678,...which is why you don't close your eyes when tongue kissing...
4323,4489,0,4,48,52,1.0769230769230769,0.03731317308251277,678,Now up and down .  .  . Twistin' Time is here!
2706,4489,0,4,48,52,1.0769230769230769,0.03731317308251277,678,"I think this is what they call ""serious necking"""
692,4489,0,4,48,52,1.0769230769230769,0.03731317308251277,678,I told you Nexit is almost as complicated as Brexit
703,4489,0,4,48,52,1.0769230769230769,0.03731317308251277,678,Are you sure humans make love this way?
715,4489,0,4,48,52,1.0769230769230769,0.03731317308251277,678,We've got to stop necking like this!
728,4489,0,4,48,52,1.0769230769230769,0.03731317308251277,678,We'll call it Extreme Necking.
788,4489,0,4,48,52,1.0769230769230769,0.03731317308251277,678,Twitter? I thought you said “twister feed”.
812,4489,0,4,48,52,1.0769230769230769,0.03731317308251277,678,Which way were YOU trying to go?
842,4489,0,4,48,52,1.0769230769230769,0.03731317308251277,678,"So, we are in agreement?  No More Laser Pointers!"
682,4489,0,4,48,52,1.0769230769230769,0.03731317308251277,678,I think we’re on to something. Let’s call it necking.
843,4489,0,4,48,52,1.0769230769230769,0.03731317308251277,678,We've got to stop this French kissing
1022,4489,0,4,48,52,1.0769230769230769,0.03731317308251277,678,"So, I says to myself, I says..."
1122,4489,0,4,48,52,1.0769230769230769,0.03731317308251277,678,I told you that playing Giraffe Twister was not a good idea.
1234,4489,0,4,48,52,1.0769230769230769,0.03731317308251277,678,Necking can be quite dangerous if you are a giraffe.
1246,4489,1,2,49,52,1.0769230769230769,0.04632947979911816,678,"I didn't get the fly, did you?"
1249,4489,0,4,48,52,1.0769230769230769,0.03731317308251277,678,"Jesus Christ, Jeffrey, can you take a hint?"
1279,4489,1,2,49,52,1.0769230769230769,0.04632947979911816,678,Good pretzel. Next we make a samosa.
1328,4489,0,4,48,52,1.0769230769230769,0.03731317308251277,678,"I think we misunderstood the meaning of ""gyroscope""."
953,4489,0,4,48,52,1.0769230769230769,0.03731317308251277,678,"Rule 1:  If you knickers get a twist, don't let it escalate.."
663,4489,0,4,48,52,1.0769230769230769,0.03731317308251277,678,"I told you. I don't like being hugged, Gary."
651,4489,0,4,48,52,1.0769230769230769,0.03731317308251277,678,We are all twisted up with each other!
648,4489,0,4,48,52,1.0769230769230769,0.03731317308251277,678,I told you it feels amazing!
2711,4489,0,4,48,52,1.0769230769230769,0.03731317308251277,678,"'I guess you're right Doris, our kids will have Serengeti spots..."""
86,4489,0,4,48,52,1.0769230769230769,0.03731317308251277,678,"I said left, no no your left!"
113,4489,0,4,48,52,1.0769230769230769,0.03731317308251277,678,I'd forgotten how exciting necking could be.
146,4489,0,4,48,52,1.0769230769230769,0.03731317308251277,678,I told you necking was a bad idea.
172,4489,0,4,48,52,1.0769230769230769,0.03731317308251277,678,Possessive love has its limits.
177,4489,0,4,48,52,1.0769230769230769,0.03731317308251277,678,I know but are the edges irregular?
191,4489,0,4,48,52,1.0769230769230769,0.03731317308251277,678,This is not an ideal position if any lions are around.
227,4489,1,2,49,52,1.0769230769230769,0.04632947979911816,678,All this necking in public is embarrassing.
246,4489,0,4,48,52,1.0769230769230769,0.03731317308251277,678,Uh-oh. Looks like your father caught us necking again.
253,4489,0,4,48,52,1.0769230769230769,0.03731317308251277,678,I think it’s time we talk about opening up our relationship.
303,4489,0,4,48,52,1.0769230769230769,0.03731317308251277,678,"I told you hugging was a bad idea, Janine."
386,4489,1,2,49,52,1.0769230769230769,0.04632947979911816,678,Tangled up in blue.
439,4489,0,4,48,52,1.0769230769230769,0.03731317308251277,678,"and this is supposed to make a baby giraffe,right?"
447,4489,0,4,48,52,1.0769230769230769,0.03731317308251277,678,I hate it when you get clingy.
449,4489,0,4,48,52,1.0769230769230769,0.03731317308251277,678,Contraception takes a comprehensive turn.
526,4489,0,4,48,52,1.0769230769230769,0.03731317308251277,678,Don't you think petting would be a more romantic exercise for us than necking.
594,4489,1,2,49,52,1.0769230769230769,0.04632947979911816,678,Circle the wag -gones
1349,4489,0,4,48,52,1.0769230769230769,0.03731317308251277,678,"Look,neckties are so yesterday!"
1415,4489,0,4,48,52,1.0769230769230769,0.03731317308251277,678,Do I have the sore throat or do you?
340,4489,0,4,48,52,1.0769230769230769,0.03731317308251277,678,Zebra couples act like they’re not jealous.
1538,4489,0,4,48,52,1.0769230769230769,0.03731317308251277,678,Are you sure this is what they meant by “necking?”
2207,4489,0,4,48,52,1.0769230769230769,0.03731317308251277,678,You've gained neck.
2305,4489,0,4,48,52,1.0769230769230769,0.03731317308251277,678,"Son, you see, this is what a DNA strand looks like."
2311,4489,0,4,48,52,1.0769230769230769,0.03731317308251277,678,The other said dress for the occassion so we came with our neckties.
2335,4489,0,4,48,52,1.0769230769230769,0.03731317308251277,678,"Is it Friday, yet? We need to unwind."
2359,4489,0,4,48,52,1.0769230769230769,0.03731317308251277,678,Oh wow!  This is a great design for our new necklace.
2363,4489,0,4,48,52,1.0769230769230769,0.03731317308251277,678,"Hurry up and flick the spinner, I'm starting to cramp."
2386,4489,0,4,48,52,1.0769230769230769,0.03731317308251277,678,necking is not as fun as it use to be.
2416,4489,0,4,48,52,1.0769230769230769,0.03731317308251277,678,"Now, who is in charge?"
2484,4489,0,4,48,52,1.0769230769230769,0.03731317308251277,678,Species going extinct?  I just can't get my head around it.
2497,4489,0,4,48,52,1.0769230769230769,0.03731317308251277,678,It's just the fourth iteration of our health care policy dispute.
2504,4489,0,4,48,52,1.0769230769230769,0.03731317308251277,678,Snakes have it all over us
2527,4489,0,4,48,52,1.0769230769230769,0.03731317308251277,678,Mom was right about necking on a first date.
2530,4489,0,4,48,52,1.0769230769230769,0.03731317308251277,678,"Maybe instead of spooning, next time I’ll just go to my early meeting."
2571,4489,0,4,48,52,1.0769230769230769,0.03731317308251277,678,"I know he's clingy, but I'm neck-deep in love."
2608,4489,0,4,48,52,1.0769230769230769,0.03731317308251277,678,"No, no.  You go right and I go left"
1523,4489,0,4,48,52,1.0769230769230769,0.03731317308251277,678,Quit coughing.
2683,4489,0,4,48,52,1.0769230769230769,0.03731317308251277,678,I feel like a teenager again with all this necking.
2119,4489,0,4,48,52,1.0769230769230769,0.03731317308251277,678,"Oh my gosh!
Do you see the world differently?"
2115,4489,0,4,48,52,1.0769230769230769,0.03731317308251277,678,"Well, this is a new twist on necking!"
2510,4489,0,4,48,52,1.0769230769230769,0.03731317308251277,678,Perhaps necking means something else entirely?
2092,4489,0,4,48,52,1.0769230769230769,0.03731317308251277,678,"Just like I said, crocheting is really simple."
1571,4489,0,4,48,52,1.0769230769230769,0.03731317308251277,678,Is this what 'necking' is?
1592,4489,0,4,48,52,1.0769230769230769,0.03731317308251277,678,Necking feels weird with you.
1620,4489,0,4,48,52,1.0769230769230769,0.03731317308251277,678,I'm getting cancelled for this one
1624,4489,1,2,49,52,1.0769230769230769,0.04632947979911816,678,You go left and I'll go right!
2098,4489,0,4,48,52,1.0769230769230769,0.03731317308251277,678,Neck minute...
1560,4489,0,4,48,52,1.0769230769230769,0.03731317308251277,678,"Perhaps we are taking things a bit too fast. As close as we are, I feel disconnected."
1676,4489,0,4,48,52,1.0769230769230769,0.03731317308251277,678,This doesn’t feel very medicinal.
1684,4489,0,4,48,52,1.0769230769230769,0.03731317308251277,678,"Big deal, we are still the same height."
1768,4489,0,4,48,52,1.0769230769230769,0.03731317308251277,678,I had something else in mind when I said I missed necking.
1552,4489,1,2,49,52,1.0769230769230769,0.04632947979911816,678,Never has someone else’s swallowing made me so uncomfortable.
1806,4489,0,4,48,52,1.0769230769230769,0.03731317308251277,678,"I can never tell, are we attached or entangled?"
1865,4489,0,4,48,52,1.0769230769230769,0.03731317308251277,678,"Was that last call, 'Right Neck to Tan Spot?''"
1946,4489,0,4,48,52,1.0769230769230769,0.03731317308251277,678,"'I love Chubby Checker too!"""
1951,4489,0,4,48,52,1.0769230769230769,0.03731317308251277,678,I'm glad we both had our braces removed.
2032,4489,0,4,48,52,1.0769230769230769,0.03731317308251277,678,So this is quantum entanglement?
2047,4489,0,4,48,52,1.0769230769230769,0.03731317308251277,678,I didn’t know necking could be this twisted
2052,4489,0,4,48,52,1.0769230769230769,0.03731317308251277,678,"They should call it the Tangled, not the Tango."
1779,4489,0,4,48,52,1.0769230769230769,0.03731317308251277,678,Uh oh! Mom was right when she told me not to neck on the first date as things would  get complicated.
2307,4652,0,4,49,53,1.0754716981132075,0.03663114503374153,678,I said West! You said East! Oh no I didn't. I said West. East. West. East. Ok. Now what do we do?
3075,4652,0,4,49,53,1.0754716981132075,0.03663114503374153,678,Well... it could’ve been worse.
1798,4652,0,4,49,53,1.0754716981132075,0.03663114503374153,678,I love necking  in the park.
3548,4652,1,2,50,53,1.0754716981132075,0.045470102170741766,678,"I LOVE YOU"" ...

""I Love you, too!"
731,4652,0,4,49,53,1.0754716981132075,0.03663114503374153,678,Well thats like how did did it last summer but it feels sort of tiresome today
151,4652,0,4,49,53,1.0754716981132075,0.03663114503374153,678,skskskskskskskskks
814,4652,0,4,49,53,1.0754716981132075,0.03663114503374153,678,We could have just face each other's back.
3657,4659,0,3,46,49,1.0612244897959184,0.03460372440370034,678,I think I need a little space.
3656,4659,0,3,46,49,1.0612244897959184,0.03460372440370034,678,Does our insurance cover chiropractic appointments?
3654,4659,0,3,46,49,1.0612244897959184,0.03460372440370034,678,Mama always said that necking could lead to trouble!
3644,4659,0,3,46,49,1.0612244897959184,0.03460372440370034,678,"Move aside, Heimlich Maneuver."
3641,4659,0,3,46,49,1.0612244897959184,0.03460372440370034,678,My God! We're caught!
3638,4659,1,1,47,49,1.0612244897959184,0.045252158828741736,678,I have said no foreplay
3634,4659,0,3,46,49,1.0612244897959184,0.03460372440370034,678,Can you believe they’ve outlawed this in US zoos?
3617,4659,0,3,46,49,1.0612244897959184,0.03460372440370034,678,I'm not sure I am really into this necking thing.
3587,4659,0,3,46,49,1.0612244897959184,0.03460372440370034,678,I told you they didn’t use fusilli in that Lady and the Tramp scene.
3585,4659,0,3,46,49,1.0612244897959184,0.03460372440370034,678,Does this mean our descendants will have bendy necks?
3584,4659,0,3,46,49,1.0612244897959184,0.03460372440370034,678,"Next time, let's skip the necking and go directly to fourth base."
3467,4659,0,3,46,49,1.0612244897959184,0.03460372440370034,678,They call this twisted love
3553,4659,0,3,46,49,1.0612244897959184,0.03460372440370034,678,"And they lived ...No, scratch that..."
3505,4659,0,3,46,49,1.0612244897959184,0.03460372440370034,678,You really take my breath away!
3504,4659,0,3,46,49,1.0612244897959184,0.03460372440370034,678,Good thing we're lady giraffes
3496,4659,0,3,46,49,1.0612244897959184,0.03460372440370034,678,"This is the last time we're playing Twister, you hear me?"
3486,4659,0,3,46,49,1.0612244897959184,0.03460372440370034,678,"You know, I don't think this is how you play Twister."
3484,4659,0,3,46,49,1.0612244897959184,0.03460372440370034,678,Are you sure Crick and Watson started off like this?
3472,4659,1,1,47,49,1.0612244897959184,0.045252158828741736,678,"Yup, we're a DNA match!"
3445,4659,0,3,46,49,1.0612244897959184,0.03460372440370034,678,"Don’t get in a twist, the highballs are on me"
3470,4659,0,3,46,49,1.0612244897959184,0.03460372440370034,678,"Okay, now it is your turn!"
3469,4659,0,3,46,49,1.0612244897959184,0.03460372440370034,678,Giraffic bottleneck
3670,4659,0,3,46,49,1.0612244897959184,0.03460372440370034,678,Is this symbolic of our future relationship?
3564,4659,0,3,46,49,1.0612244897959184,0.03460372440370034,678,"Right place, knot the right time."
3681,4659,0,3,46,49,1.0612244897959184,0.03460372440370034,678,There has to be a better way for us to combine genes.
3938,4659,0,3,46,49,1.0612244897959184,0.03460372440370034,678,Which one is which?
3689,4659,0,3,46,49,1.0612244897959184,0.03460372440370034,678,Twister was a bad idea.
3965,4659,0,3,46,49,1.0612244897959184,0.03460372440370034,678,Maybe merengue isn't for us...
3441,4659,0,3,46,49,1.0612244897959184,0.03460372440370034,678,How did we get all wrapped up in ourselves?
3958,4659,0,3,46,49,1.0612244897959184,0.03460372440370034,678,"I cansee why The Twist died out in the 60's."""
3941,4659,0,3,46,49,1.0612244897959184,0.03460372440370034,678,"Geof baby, you are one great necker!"
3914,4659,0,3,46,49,1.0612244897959184,0.03460372440370034,678,"Hey, maybe we should re-think this. How can we be sure this stunt will get us a spread in National Geographic and not the Trophy Hunter Times?"
3908,4659,0,3,46,49,1.0612244897959184,0.03460372440370034,678,"I've been told I only have seven bones in my neck, but I say ""Nonsense!"""
3892,4659,0,3,46,49,1.0612244897959184,0.03460372440370034,678,If we join our forces I think we can win the elephant
3880,4659,0,3,46,49,1.0612244897959184,0.03460372440370034,678,"Let's mix it up,"" you said.  ""Let's try something new,"" you said"
3877,4659,0,3,46,49,1.0612244897959184,0.03460372440370034,678,A feel a sneeze coming.
3853,4659,0,3,46,49,1.0612244897959184,0.03460372440370034,678,"This isn't exactly what I meant when I said ""Let's get together."""
3825,4659,0,3,46,49,1.0612244897959184,0.03460372440370034,678,I was just following the scarecrow's directions.
3688,4659,0,3,46,49,1.0612244897959184,0.03460372440370034,678,"Okay. Now, step two is I walk slowly behind you.”

Don Dechman, Austin, T"
3813,4659,0,3,46,49,1.0612244897959184,0.03460372440370034,678,The temperature is 120. This was a ridiculous idea.
3804,4659,0,3,46,49,1.0612244897959184,0.03460372440370034,678,I wish these spots weren't actually super glue.
3803,4659,0,3,46,49,1.0612244897959184,0.03460372440370034,678,We connected the dots. Now what?
3762,4659,0,3,46,49,1.0612244897959184,0.03460372440370034,678,"Somehow I don't think this is what Fred and Ruby meant when they said they had been "" necking ""."
3753,4659,1,1,47,49,1.0612244897959184,0.045252158828741736,678,This is too much Knesset for my taste.
3746,4659,0,3,46,49,1.0612244897959184,0.03460372440370034,678,Did you just see that?
3739,4659,0,3,46,49,1.0612244897959184,0.03460372440370034,678,"Alright, I'll go left, YOU go right."
3733,4659,1,1,47,49,1.0612244897959184,0.045252158828741736,678,This really fucking hurts what the fuck were we thinking?
3712,4659,0,3,46,49,1.0612244897959184,0.03460372440370034,678,And this pose is twisty monkey tail.
3709,4659,0,3,46,49,1.0612244897959184,0.03460372440370034,678,"Relax,relax. You're too tense. You're all wound up."
3691,4659,1,1,47,49,1.0612244897959184,0.045252158828741736,678,Chubby Checker! Chubby Checker! Darn! I forgot the safe word again!
3690,4659,0,3,46,49,1.0612244897959184,0.03460372440370034,678,"If we had voices, I’d sing ‘Twist and Shout’."
3807,4659,0,3,46,49,1.0612244897959184,0.03460372440370034,678,"And that, students, ends our demonstration of the shape of DNA."
3427,4659,0,3,46,49,1.0612244897959184,0.03460372440370034,678,Now unswing your partner.
2869,4659,0,3,46,49,1.0612244897959184,0.03460372440370034,678,"Hey Frank...you know, I'm not really much of a hugger"
3421,4659,0,3,46,49,1.0612244897959184,0.03460372440370034,678,Wait - you have an Aunt Lydia too?”
3100,4659,0,3,46,49,1.0612244897959184,0.03460372440370034,678,This always relieves my neck pain.
3072,4659,0,3,46,49,1.0612244897959184,0.03460372440370034,678,A peck on the cheek would have sufficed.
3052,4659,0,3,46,49,1.0612244897959184,0.03460372440370034,678,Don't blame me . . . blame the humans. Didn't they invent necking?
3017,4659,0,3,46,49,1.0612244897959184,0.03460372440370034,678,"So, isn't this High School necking fun?"
2991,4659,0,3,46,49,1.0612244897959184,0.03460372440370034,678,"PUBLIC SERVICE ANNOUNCEMENT
""Necking in the wild can be hazardous to your health and well being"""
2985,4659,0,3,46,49,1.0612244897959184,0.03460372440370034,678,I don't really get all the fuss about necking--do you?
2975,4659,0,3,46,49,1.0612244897959184,0.03460372440370034,678,This is the last time I dance the twist with you!
2694,4659,0,3,46,49,1.0612244897959184,0.03460372440370034,678,Are you sure this is how we combine our DNA?
2939,4659,0,3,46,49,1.0612244897959184,0.03460372440370034,678,"You paid what for Argentine tango lessons?"""
2932,4659,0,3,46,49,1.0612244897959184,0.03460372440370034,678,Caduceus much?
2907,4659,0,3,46,49,1.0612244897959184,0.03460372440370034,678,A high-five or a fist-bump would have been my preference!
3101,4659,0,3,46,49,1.0612244897959184,0.03460372440370034,678,Maybe we're not cut-out to be swingers.
2891,4659,0,3,46,49,1.0612244897959184,0.03460372440370034,678,How does necking lead to a baby again?
2864,4659,0,3,46,49,1.0612244897959184,0.03460372440370034,678,Do you remember the way to the chiropractor's office?
2862,4659,0,3,46,49,1.0612244897959184,0.03460372440370034,678,Are we about to DNA do this?
2858,4659,0,3,46,49,1.0612244897959184,0.03460372440370034,678,"The field is vast but you hit my G-spot! Are you blind or dr... Wait a minute, are we Siamese? Or I'm the drunk?"
2827,4659,0,3,46,49,1.0612244897959184,0.03460372440370034,678,This necking thing isn’t working out.
2812,4659,0,3,46,49,1.0612244897959184,0.03460372440370034,678,"You screw me, I screw you back.
I'm a lady like that"
2801,4659,0,3,46,49,1.0612244897959184,0.03460372440370034,678,I’m not sure about this yoga thing.
2789,4659,1,1,47,49,1.0612244897959184,0.045252158828741736,678,Maybe we should start with crochet.
2782,4659,0,3,46,49,1.0612244897959184,0.03460372440370034,678,Let’s play twister! Let’s play twister! Now what do we do???
2781,4659,0,3,46,49,1.0612244897959184,0.03460372440370034,678,"If anyone asks, we were born this way."
2753,4659,0,3,46,49,1.0612244897959184,0.03460372440370034,678,Now you can't leave
3984,4659,0,3,46,49,1.0612244897959184,0.03460372440370034,678,You turn left first!
2881,4659,0,3,46,49,1.0612244897959184,0.03460372440370034,678,Instagram selfies are ruining us.
3426,4659,1,1,47,49,1.0612244897959184,0.045252158828741736,678,"This is fun, but we might die."
3110,4659,0,3,46,49,1.0612244897959184,0.03460372440370034,678,When team frisbee goes wrong.
3119,4659,0,3,46,49,1.0612244897959184,0.03460372440370034,678,No matter how you look at it...it's the same bull...
3420,4659,0,3,46,49,1.0612244897959184,0.03460372440370034,678,It's a good thing we stopped before we locked horns.
3418,4659,0,3,46,49,1.0612244897959184,0.03460372440370034,678,Forget the right hand screw rule. Any other bright ideas?
3405,4659,0,3,46,49,1.0612244897959184,0.03460372440370034,678,We shoulda tried the one where you lean back and trust the other person to catch you
3399,4659,0,3,46,49,1.0612244897959184,0.03460372440370034,678,That's it! I'm getting a new square dancing partner.
3390,4659,0,3,46,49,1.0612244897959184,0.03460372440370034,678,"Twisting, twisting, twisting.......into extinction!!!"
3388,4659,0,3,46,49,1.0612244897959184,0.03460372440370034,678,Crick and Watson -- always awkward when they meet...
3386,4659,0,3,46,49,1.0612244897959184,0.03460372440370034,678,Are you sure this is the best way to look for lions.
3352,4659,0,3,46,49,1.0612244897959184,0.03460372440370034,678,I love your complementary curves!
3333,4659,0,3,46,49,1.0612244897959184,0.03460372440370034,678,"I don't know about you, but it not only feels like  a  double helix, it looks like one, too."
3322,4659,0,3,46,49,1.0612244897959184,0.03460372440370034,678,We ha e stop meeting like this.
3316,4659,0,3,46,49,1.0612244897959184,0.03460372440370034,678,Are we using your DNA or mine?
3115,4659,0,3,46,49,1.0612244897959184,0.03460372440370034,678,Oops. Missed.
3314,4659,0,3,46,49,1.0612244897959184,0.03460372440370034,678,Stop right now.  This is getting too kinky!
3304,4659,0,3,46,49,1.0612244897959184,0.03460372440370034,678,This is such a pain in the neck. and for what?
3280,4659,0,3,46,49,1.0612244897959184,0.03460372440370034,678,The Original Game of Twister
3256,4659,0,3,46,49,1.0612244897959184,0.03460372440370034,678,I told you we shouldnt be necking in the dark...
3248,4659,0,3,46,49,1.0612244897959184,0.03460372440370034,678,Martha -- you've brought co-dependency to new heights!
3238,4659,0,3,46,49,1.0612244897959184,0.03460372440370034,678,Our new handshake still needs some work.
3217,4659,0,3,46,49,1.0612244897959184,0.03460372440370034,678,Cartier neck thing??
3168,4659,0,3,46,49,1.0612244897959184,0.03460372440370034,678,"We're overthinking this double helix paradigm."""
3158,4659,0,3,46,49,1.0612244897959184,0.03460372440370034,678,"When you get tangled up, you just tango on."
3153,4659,0,3,46,49,1.0612244897959184,0.03460372440370034,678,Ugh. Why do humans get so excited about necking?
3145,4659,0,3,46,49,1.0612244897959184,0.03460372440370034,678,Hard to believe we have the same number of bones in our necks as everybody else!
3130,4659,0,3,46,49,1.0612244897959184,0.03460372440370034,678,Next time we play musical chairs let's try to go in the same direction.
3310,4659,0,3,46,49,1.0612244897959184,0.03460372440370034,678,I said I wanted a kiss not a twist!
3989,4659,0,3,46,49,1.0612244897959184,0.03460372440370034,678,I NEVER PICTURED YOU AS MY TWISTED SISTER
5088,4659,0,3,46,49,1.0612244897959184,0.03460372440370034,678,Are you sure this is how to do the twist?
3999,4659,0,3,46,49,1.0612244897959184,0.03460372440370034,678,I can see why this game Twister went out of fashion.
4907,4659,0,3,46,49,1.0612244897959184,0.03460372440370034,678,"Oh Sweetie, I'm feeling so connected."
4886,4659,0,3,46,49,1.0612244897959184,0.03460372440370034,678,"Okay, my opinion of going with braids has now changed."
4883,4659,0,3,46,49,1.0612244897959184,0.03460372440370034,678,Let’s just ignore the peeking hyenas!
4875,4659,0,3,46,49,1.0612244897959184,0.03460372440370034,678,I swallowed a snake again.
4868,4659,0,3,46,49,1.0612244897959184,0.03460372440370034,678,We should have just gone to the chiropractor.
4862,4659,0,3,46,49,1.0612244897959184,0.03460372440370034,678,"yes, we are too, codependent."
4860,4659,0,3,46,49,1.0612244897959184,0.03460372440370034,678,I thought we were sticking to air-kisses.
4855,4659,0,3,46,49,1.0612244897959184,0.03460372440370034,678,This one's called 'DNA Foreplay'
4847,4659,0,3,46,49,1.0612244897959184,0.03460372440370034,678,Great Necker? I thought that was your attraction not residence!
4841,4659,0,3,46,49,1.0612244897959184,0.03460372440370034,678,Chubby Checker Tribute Night on the Sahara.
4831,4659,0,3,46,49,1.0612244897959184,0.03460372440370034,678,You put my tender heart in a blender.
4968,4659,0,3,46,49,1.0612244897959184,0.03460372440370034,678,The last chiropractor seemed more old school.
4829,4659,0,3,46,49,1.0612244897959184,0.03460372440370034,678,"This is not what I meant by ""let's live together""."
4789,4659,0,3,46,49,1.0612244897959184,0.03460372440370034,678,"I guess you can say we are tongue tied and twisted, earth-bound misfits"
4787,4659,0,3,46,49,1.0612244897959184,0.03460372440370034,678,Maybe Victoria Roberts could help us.
4721,4659,0,3,46,49,1.0612244897959184,0.03460372440370034,678,"Don't worry, everyone will assume it's from climate change."
4717,4659,0,3,46,49,1.0612244897959184,0.03460372440370034,678,Smile. Doctor Doolittle is watching!
4709,4659,0,3,46,49,1.0612244897959184,0.03460372440370034,678,"Dude, I don't think she's impressed"
4702,4659,0,3,46,49,1.0612244897959184,0.03460372440370034,678,I don't like this new version of twister.
4701,4659,0,3,46,49,1.0612244897959184,0.03460372440370034,678,I think you’re getting ahead of yourself
4678,4659,0,3,46,49,1.0612244897959184,0.03460372440370034,678,Don't blame me. It's in all the teenage romantic literature
4666,4659,0,3,46,49,1.0612244897959184,0.03460372440370034,678,Our parents better not see us necking.
4656,4659,0,3,46,49,1.0612244897959184,0.03460372440370034,678,"If we lived in the Northern Hemisphere, we'd wist our necks around each other in a counter clockwise direction"
4642,4659,0,3,46,49,1.0612244897959184,0.03460372440370034,678,co-leading the ant-hickey movement sure got complicated
4808,4659,0,3,46,49,1.0612244897959184,0.03460372440370034,678,"I’m uncomfortable too, but I swear, if you ruin my chance at 100k followers we’re through."
4619,4659,0,3,46,49,1.0612244897959184,0.03460372440370034,678,Gordian Knot Withstanding”......
4971,4659,0,3,46,49,1.0612244897959184,0.03460372440370034,678,How are we going to explain this to Mom?
5003,4659,0,3,46,49,1.0612244897959184,0.03460372440370034,678,"And you say you're calling it the 'Double-Helix Tango', huh?"
2689,4659,0,3,46,49,1.0612244897959184,0.03460372440370034,678,Just one problem with your romantic sensibility.
5380,4659,0,3,46,49,1.0612244897959184,0.03460372440370034,678,I think we took this necking thing too far!
5377,4659,1,1,47,49,1.0612244897959184,0.045252158828741736,678,"Neck romance, see?"
5358,4659,1,1,47,49,1.0612244897959184,0.045252158828741736,678,"Ok, we’ve done the twist, now we’re supposed to shout!"
5326,4659,0,3,46,49,1.0612244897959184,0.03460372440370034,678,Right was wrong!
5322,4659,0,3,46,49,1.0612244897959184,0.03460372440370034,678,"Nest time, you go right and I'll go left!"
5314,4659,0,3,46,49,1.0612244897959184,0.03460372440370034,678,"Oh, it’s you!"
5295,4659,0,3,46,49,1.0612244897959184,0.03460372440370034,678,Which direction is North?
5290,4659,0,3,46,49,1.0612244897959184,0.03460372440370034,678,Chall-ah!
5248,4659,0,3,46,49,1.0612244897959184,0.03460372440370034,678,So much for the Kama Sutra.
5233,4659,1,1,47,49,1.0612244897959184,0.045252158828741736,678,Maybe that lion could give us a hand.
4975,4659,0,3,46,49,1.0612244897959184,0.03460372440370034,678,"“Let me stick my neck out and blame it 
on the soft, salted pretzels diet.”"
5193,4659,0,3,46,49,1.0612244897959184,0.03460372440370034,678,I think we've just taken our relationship to the next level.
5152,4659,0,3,46,49,1.0612244897959184,0.03460372440370034,678,What possible caption did Victoria Roberts have in mind?
5149,4659,0,3,46,49,1.0612244897959184,0.03460372440370034,678,This is just a tall mess.
5145,4659,0,3,46,49,1.0612244897959184,0.03460372440370034,678,I don't think this is the way to do The Twist.
5099,4659,0,3,46,49,1.0612244897959184,0.03460372440370034,678,"Look Sis, I'm not gonna take it anymore."
5059,4659,0,3,46,49,1.0612244897959184,0.03460372440370034,678,I hope you're female.
5053,4659,0,3,46,49,1.0612244897959184,0.03460372440370034,678,This isn’t what I meant by “Let’s tie the know”.
5046,4659,0,3,46,49,1.0612244897959184,0.03460372440370034,678,I'd like to do the untwist with you.
5038,4659,0,3,46,49,1.0612244897959184,0.03460372440370034,678,Did we really toast to Till Death do us Part?
5021,4659,0,3,46,49,1.0612244897959184,0.03460372440370034,678,Maybe it’s in our DNA
5014,4659,0,3,46,49,1.0612244897959184,0.03460372440370034,678,I tghout you toold we gona be taller .
5007,4659,0,3,46,49,1.0612244897959184,0.03460372440370034,678,I hate watching tennis- It's so hard to follow
5164,4659,0,3,46,49,1.0612244897959184,0.03460372440370034,678,-Let's do pretzel necking.
3998,4659,0,3,46,49,1.0612244897959184,0.03460372440370034,678,Chubby's gone... The Twist is NOT coming back!
4597,4659,0,3,46,49,1.0612244897959184,0.03460372440370034,678,Misread cartoon proposal was Knickers-in-a-twist
4580,4659,0,3,46,49,1.0612244897959184,0.03460372440370034,678,Might this be too gay!
4277,4659,0,3,46,49,1.0612244897959184,0.03460372440370034,678,You'd better be right about all those new Instagram followers.
4250,4659,0,3,46,49,1.0612244897959184,0.03460372440370034,678,I was waiting for you to ask me to tie the knot
4235,4659,1,1,47,49,1.0612244897959184,0.045252158828741736,678,"I love you”        “and you “
“and you”.     “and you”. 
“and you”.    “and you.”

[Giraffe picture]

“The main reason giraffes breed for life."
4230,4659,0,3,46,49,1.0612244897959184,0.03460372440370034,678,Darned evolution!
4220,4659,0,3,46,49,1.0612244897959184,0.03460372440370034,678,I have a crick in my neck; do you?
4200,4659,0,3,46,49,1.0612244897959184,0.03460372440370034,678,It’s at this point that the DNA makes an exact replica of itself. Do you understand now?
4159,4659,0,3,46,49,1.0612244897959184,0.03460372440370034,678,"Next time, let's play Settlers of Catan instead of Twister."
4156,4659,0,3,46,49,1.0612244897959184,0.03460372440370034,678,"Righty-tighty, lefty-loosey."
4152,4659,0,3,46,49,1.0612244897959184,0.03460372440370034,678,Dating is such a pain in the neck.
4151,4659,0,3,46,49,1.0612244897959184,0.03460372440370034,678,It’s official. You my bae!
4140,4659,0,3,46,49,1.0612244897959184,0.03460372440370034,678,The day Fred and Ginger finally decided to play that record from Dead or Alive that some safari tourists inadvertently had left behind back in the 80s.
4294,4659,0,3,46,49,1.0612244897959184,0.03460372440370034,678,"You had me at ""You Put Your Right Foot Out"""
4133,4659,0,3,46,49,1.0612244897959184,0.03460372440370034,678,Twisted love
4101,4659,0,3,46,49,1.0612244897959184,0.03460372440370034,678,"The lions want us to relax and unwind, but I’m feeling twisted about that."
4097,4659,0,3,46,49,1.0612244897959184,0.03460372440370034,678,Thanks.  That takes care of the draft on my neck but what do we do about my cold feet?
4095,4659,0,3,46,49,1.0612244897959184,0.03460372440370034,678,"Okay, I’ll say it. It was neck and neck for a bit!"
4093,4659,0,3,46,49,1.0612244897959184,0.03460372440370034,678,"That’s the Double Reverse Spin. If we can finish with a Whisk, Bruno and Carrie Ann will give us 10s."
4072,4659,0,3,46,49,1.0612244897959184,0.03460372440370034,678,I told you were should have left before Dorian.
4065,4659,0,3,46,49,1.0612244897959184,0.03460372440370034,678,"...yep, we're pretty screwy.  But how do those cocky bipeds cope in this unpredictable world?"""
4058,4659,0,3,46,49,1.0612244897959184,0.03460372440370034,678,Why did we listen to that Chubby Checkers record?
4047,4659,0,3,46,49,1.0612244897959184,0.03460372440370034,678,"I love you brother, but you're a pain in the neck!"
4032,4659,0,3,46,49,1.0612244897959184,0.03460372440370034,678,Is this what they call the French kiss?
4011,4659,0,3,46,49,1.0612244897959184,0.03460372440370034,678,Stop ducking---it's just one kiss !
4009,4659,0,3,46,49,1.0612244897959184,0.03460372440370034,678,"I can't breathe!"""
4124,4659,0,3,46,49,1.0612244897959184,0.03460372440370034,678,Because God made the interview twine. That’s why I lone you.
4591,4659,0,3,46,49,1.0612244897959184,0.03460372440370034,678,Pigtail love
4295,4659,0,3,46,49,1.0612244897959184,0.03460372440370034,678,Ok. Now lift your left hind leg.
4313,4659,0,3,46,49,1.0612244897959184,0.03460372440370034,678,Red Alert! Melman told Alex that we're going to replace the lions in the Big Five; you know Alex's ego can't handle it.
4572,4659,1,1,47,49,1.0612244897959184,0.045252158828741736,678,I think this wraps up our chances of making the circus on time.
4568,4659,0,3,46,49,1.0612244897959184,0.03460372440370034,678,"Ohhh.., let's twist again like we did last summer."
4559,4659,0,3,46,49,1.0612244897959184,0.03460372440370034,678,Love is complicated.
4558,4659,1,1,47,49,1.0612244897959184,0.045252158828741736,678,"I usually enjoy necking, but this is ridiculous!"
4532,4659,0,3,46,49,1.0612244897959184,0.03460372440370034,678,You’re my favorite necktie
4526,4659,1,1,47,49,1.0612244897959184,0.045252158828741736,678,Uh oh; I think I'm gonna sneeze.
4513,4659,1,1,47,49,1.0612244897959184,0.045252158828741736,678,"Patience Leo Jr., you wait until the lovebirds tie the knot and then charge."
4502,4659,0,3,46,49,1.0612244897959184,0.03460372440370034,678,Have you seen the mirror?
4486,4659,0,3,46,49,1.0612244897959184,0.03460372440370034,678,So that's how DNA works
4477,4659,0,3,46,49,1.0612244897959184,0.03460372440370034,678,"Larry, how do we undo this snuggle?"
4463,4659,0,3,46,49,1.0612244897959184,0.03460372440370034,678,I think that zoo pretzel guy pranked us.
4307,4659,0,3,46,49,1.0612244897959184,0.03460372440370034,678,We have been looking at this for too long together
4461,4659,0,3,46,49,1.0612244897959184,0.03460372440370034,678,Is it out yet?
4451,4659,0,3,46,49,1.0612244897959184,0.03460372440370034,678,How long did you say you’ve been studying Thai massage?
4440,4659,0,3,46,49,1.0612244897959184,0.03460372440370034,678,"Well, here’s another fine mess you’ve gotten us into, Ollie!"
4410,4659,0,3,46,49,1.0612244897959184,0.03460372440370034,678,Is this how you form intimacy?
4390,4659,0,3,46,49,1.0612244897959184,0.03460372440370034,678,"Tying the knot makes us into the master’s caduceus, Baba."
4387,4659,0,3,46,49,1.0612244897959184,0.03460372440370034,678,She was right: Necking does lead to entanglements
4368,4659,0,3,46,49,1.0612244897959184,0.03460372440370034,678,We have to stop playing Twister with each other.
5386,4659,1,1,47,49,1.0612244897959184,0.045252158828741736,678,You leave me dizzy.
4349,4659,0,3,46,49,1.0612244897959184,0.03460372440370034,678,Don't you think this takes necking to an uncomfortable degree?
4343,4659,0,3,46,49,1.0612244897959184,0.03460372440370034,678,We’ve got to stop sharing pretzels.
4316,4659,0,3,46,49,1.0612244897959184,0.03460372440370034,678,I think I prefer striped neck ties
4314,4659,0,3,46,49,1.0612244897959184,0.03460372440370034,678,I knew you would drop the champagne glasses.
4460,4659,0,3,46,49,1.0612244897959184,0.03460372440370034,678,I guess giraffes are just not meant to dance!
2688,4659,0,3,46,49,1.0612244897959184,0.03460372440370034,678,You‘re literally a pain in my neck.
861,4659,0,3,46,49,1.0612244897959184,0.03460372440370034,678,"Well, the snake role play was YOUR idea"
2665,4659,0,3,46,49,1.0612244897959184,0.03460372440370034,678,Didn't HR brief you on the hugging protocol?
883,4659,0,3,46,49,1.0612244897959184,0.03460372440370034,678,Now I know what a pretzel feels like.
870,4659,0,3,46,49,1.0612244897959184,0.03460372440370034,678,This is how we grow together!
864,4659,0,3,46,49,1.0612244897959184,0.03460372440370034,678,I just love you SO much
863,4659,0,3,46,49,1.0612244897959184,0.03460372440370034,678,Progress
860,4659,0,3,46,49,1.0612244897959184,0.03460372440370034,678,Necking was never this intense.
853,4659,0,3,46,49,1.0612244897959184,0.03460372440370034,678,"Harvey, you've been doing the Peppermint Twist in your sleep again!"
838,4659,0,3,46,49,1.0612244897959184,0.03460372440370034,678,Have you ever heard Bob Dylan’s Tangled Up In You?
834,4659,0,3,46,49,1.0612244897959184,0.03460372440370034,678,Whose neck of the woods we in?
822,4659,1,1,47,49,1.0612244897959184,0.045252158828741736,678,"I corkscrew right. He corkscrew left.
We're screwing up another twin study."
784,4659,0,3,46,49,1.0612244897959184,0.03460372440370034,678,"I love you too Axel,but I am getting hungry!"
777,4659,0,3,46,49,1.0612244897959184,0.03460372440370034,678,Won’t they all be surprised that we finally tied the knot!
753,4659,0,3,46,49,1.0612244897959184,0.03460372440370034,678,...and that’s how DNA works.
741,4659,0,3,46,49,1.0612244897959184,0.03460372440370034,678,"Hey, did we just form a double helix?!"
727,4659,0,3,46,49,1.0612244897959184,0.03460372440370034,678,I’ve been tied up in knots since the Toys “R” Us bankruptcy filing.
702,4659,0,3,46,49,1.0612244897959184,0.03460372440370034,678,"Sweetheart, you’ve taken necking to a whole new level!"
688,4659,0,3,46,49,1.0612244897959184,0.03460372440370034,678,You really love me so much? I
687,4659,0,3,46,49,1.0612244897959184,0.03460372440370034,678,A new twist on old tails!
671,4659,0,3,46,49,1.0612244897959184,0.03460372440370034,678,I think I swallowed your Knot-Tying Badge.
666,4659,0,3,46,49,1.0612244897959184,0.03460372440370034,678,What's so great about a double helix?
656,4659,0,3,46,49,1.0612244897959184,0.03460372440370034,678,Let’s take a step back the next time you think I should look you in the eye.
647,4659,0,3,46,49,1.0612244897959184,0.03460372440370034,678,My last boyfriend was a left-hand thread. It didn't work out.
644,4659,0,3,46,49,1.0612244897959184,0.03460372440370034,678,I guess we're in this for the long haul!
626,4659,0,3,46,49,1.0612244897959184,0.03460372440370034,678,How am I gonna explain this to my wife?!
884,4659,0,3,46,49,1.0612244897959184,0.03460372440370034,678,"If you won’t come to marriage therapy, I’m going alone."
895,4659,0,3,46,49,1.0612244897959184,0.03460372440370034,678,So this why our parents told us not to neck.
924,4659,0,3,46,49,1.0612244897959184,0.03460372440370034,678,This would be a terrible time for a slap-fight.
931,4659,0,3,46,49,1.0612244897959184,0.03460372440370034,678,Chubby Checker's got it 'comin'!
1228,4659,0,3,46,49,1.0612244897959184,0.03460372440370034,678,Now I'll show you how to really mix DNA.
1218,4659,0,3,46,49,1.0612244897959184,0.03460372440370034,678,Cole Porter was right.
1214,4659,0,3,46,49,1.0612244897959184,0.03460372440370034,678,I'm never letting go!
1196,4659,0,3,46,49,1.0612244897959184,0.03460372440370034,678,What I see is an image of the Madonna.
1180,4659,0,3,46,49,1.0612244897959184,0.03460372440370034,678,Is this good enough or do we need to go say “I do” down at the courthouse?
1171,4659,0,3,46,49,1.0612244897959184,0.03460372440370034,678,"Forget about your husband.  If the lion catches us necking, we're in real trouble!"
1155,4659,0,3,46,49,1.0612244897959184,0.03460372440370034,678,"No, you're supposed to go under"
1146,4659,0,3,46,49,1.0612244897959184,0.03460372440370034,678,I told you we should've tried mindful eating first.
1144,4659,0,3,46,49,1.0612244897959184,0.03460372440370034,678,"'round and 'round we go, Harold. Just admit you love me."
1138,4659,0,3,46,49,1.0612244897959184,0.03460372440370034,678,There must be a reason we do not have children!
1135,4659,0,3,46,49,1.0612244897959184,0.03460372440370034,678,I thought you said this would be romantic.
601,4659,0,3,46,49,1.0612244897959184,0.03460372440370034,678,I am pretty sure this isn’t kinky sex.
1121,4659,0,3,46,49,1.0612244897959184,0.03460372440370034,678,I would like to rediscuss the benefits of a wedding ring
1105,4659,0,3,46,49,1.0612244897959184,0.03460372440370034,678,"If we can wrap our heads around climate change, why can't you?"
1092,4659,0,3,46,49,1.0612244897959184,0.03460372440370034,678,Now put your left front hoof on the yellow circle.
1065,4659,0,3,46,49,1.0612244897959184,0.03460372440370034,678,No go left-LEFT! Your left-not MY left!
1052,4659,1,1,47,49,1.0612244897959184,0.045252158828741736,678,"Geez, Geri! I told ya neck'in would  just get us in trouble !""



J.K.Fuller, Genoa, N"
1050,4659,0,3,46,49,1.0612244897959184,0.03460372440370034,678,I hate these African native dances.
1047,4659,0,3,46,49,1.0612244897959184,0.03460372440370034,678,"If you think my neck is long, wait until you see my tongue!"
1015,4659,0,3,46,49,1.0612244897959184,0.03460372440370034,678,I’d enjoy this 2 1/2 Nelson better if you’d first simply swallowed my Pride!
1011,4659,0,3,46,49,1.0612244897959184,0.03460372440370034,678,Catching a riffraff giraffe in action.
1008,4659,0,3,46,49,1.0612244897959184,0.03460372440370034,678,I doubt that this is what Lamarck had in mind.
976,4659,0,3,46,49,1.0612244897959184,0.03460372440370034,678,This whole 'till death do us part' thing has me reconsidering divorce.
957,4659,0,3,46,49,1.0612244897959184,0.03460372440370034,678,A true bonding experience indeed.
1115,4659,0,3,46,49,1.0612244897959184,0.03460372440370034,678,"So what's next, breathing from the same lung?"
583,4659,0,3,46,49,1.0612244897959184,0.03460372440370034,678,Honey let's stop this necking. I'll stay still you walk clockwise.
582,4659,1,1,47,49,1.0612244897959184,0.045252158828741736,678,"No, no, no....it was snakes."
580,4659,0,3,46,49,1.0612244897959184,0.03460372440370034,678,This enmeshment makes our plain old codependence look healthy!
262,4659,0,3,46,49,1.0612244897959184,0.03460372440370034,678,No!! When I say I need more space I'm NOT talking about my computer.
255,4659,0,3,46,49,1.0612244897959184,0.03460372440370034,678,Much better view than when we both went left.
254,4659,0,3,46,49,1.0612244897959184,0.03460372440370034,678,"This seems to happen a lot Cricket, I'm afraid it's in our DNA
or
We shouldn't have tried the Snake Tartar"
247,4659,0,3,46,49,1.0612244897959184,0.03460372440370034,678,I'm still getting the hang of this whole hugging thing
239,4659,0,3,46,49,1.0612244897959184,0.03460372440370034,678,Let's go back to secret handshakes.
233,4659,0,3,46,49,1.0612244897959184,0.03460372440370034,678,The DNA impression is perfect-- now let's work on Christopher Walken
230,4659,0,3,46,49,1.0612244897959184,0.03460372440370034,678,The two were tied -practically neck and neck.
206,4659,0,3,46,49,1.0612244897959184,0.03460372440370034,678,"Mom was right, I'm to young to neck."
196,4659,0,3,46,49,1.0612244897959184,0.03460372440370034,678,"-Did you see that?
-No, I thought this only happened in cartoons!"
165,4659,0,3,46,49,1.0612244897959184,0.03460372440370034,678,They say we build trust this way.
161,4659,0,3,46,49,1.0612244897959184,0.03460372440370034,678,And I’m told it takes half the time the relationship lasted to move on..
266,4659,0,3,46,49,1.0612244897959184,0.03460372440370034,678,i don't think couple yoga is for us
143,4659,0,3,46,49,1.0612244897959184,0.03460372440370034,678,Tied up in the DNA strand
123,4659,0,3,46,49,1.0612244897959184,0.03460372440370034,678,Must be in our genes!
122,4659,0,3,46,49,1.0612244897959184,0.03460372440370034,678,I'm having second thoughts about the Salsa lessons.
112,4659,0,3,46,49,1.0612244897959184,0.03460372440370034,678,I hope your dad doesn't catch us necking.
88,4659,0,3,46,49,1.0612244897959184,0.03460372440370034,678,I told you that it was a bad idea to play Twister.
83,4659,0,3,46,49,1.0612244897959184,0.03460372440370034,678,Deceive. Lie. What's the difference?
63,4659,0,3,46,49,1.0612244897959184,0.03460372440370034,678,Can we go back to anal?
28,4659,0,3,46,49,1.0612244897959184,0.03460372440370034,678,The Kama Sutra says we should be able to do this.
22,4659,0,3,46,49,1.0612244897959184,0.03460372440370034,678,"Well, most other chiropractors have opposable thumbs."
12,4659,0,3,46,49,1.0612244897959184,0.03460372440370034,678,"Steve, you've been hanging out with the snakes again, havent you?"
0,4659,0,3,46,49,1.0612244897959184,0.03460372440370034,678,This totally reminds me of our DNA.
2668,4659,0,3,46,49,1.0612244897959184,0.03460372440370034,678,"And so I call this game “twister, giraffe edition.”"
135,4659,0,3,46,49,1.0612244897959184,0.03460372440370034,678,'Twist and Shout' takes on a whole new meaning!
1239,4659,0,3,46,49,1.0612244897959184,0.03460372440370034,678,"Put your left foot in
Your left foot out
Your left foot in
And shake it all about
You do the hokey pokey
And turn yourself around"
273,4659,0,3,46,49,1.0612244897959184,0.03460372440370034,678,Maybe us giraffes aren't meant to make-out.
280,4659,0,3,46,49,1.0612244897959184,0.03460372440370034,678,""" The. Twist  of Fate"" has confused us as to which way we should go"
579,4659,0,3,46,49,1.0612244897959184,0.03460372440370034,678,I don't think this is what they call a DNA match.
574,4659,0,3,46,49,1.0612244897959184,0.03460372440370034,678,"We never go where 'I' want, ever since we tied the knot."
571,4659,0,3,46,49,1.0612244897959184,0.03460372440370034,678,You don't have to twist my neck and yours to make that point!
561,4659,1,1,47,49,1.0612244897959184,0.045252158828741736,678,"Oh, GREAT idea!!!  Let's do the twist!"
538,4659,0,3,46,49,1.0612244897959184,0.03460372440370034,678,Necking at the petting  Zoo.
519,4659,0,3,46,49,1.0612244897959184,0.03460372440370034,678,I don’t believe in attachment!
516,4659,0,3,46,49,1.0612244897959184,0.03460372440370034,678,I'm not interested in a relationship
485,4659,0,3,46,49,1.0612244897959184,0.03460372440370034,678,Whither thou goest...
482,4659,0,3,46,49,1.0612244897959184,0.03460372440370034,678,I'm having an out-of-body experience.
478,4659,0,3,46,49,1.0612244897959184,0.03460372440370034,678,"Honey, I heard about togetherness but this new twist is going too far."
448,4659,0,3,46,49,1.0612244897959184,0.03460372440370034,678,Why don't you look before you turn?
275,4659,0,3,46,49,1.0612244897959184,0.03460372440370034,678,"Okay, no more playing Twister."
414,4659,0,3,46,49,1.0612244897959184,0.03460372440370034,678,Have you ever dated an odd-toed ungulate?
407,4659,0,3,46,49,1.0612244897959184,0.03460372440370034,678,Please tell me you're looking for a long-term relationship.
372,4659,0,3,46,49,1.0612244897959184,0.03460372440370034,678,"At this rate, we’ll never even get to first base!"
368,4659,0,3,46,49,1.0612244897959184,0.03460372440370034,678,These dance lessons have become a pain in the neck.
349,4659,1,1,47,49,1.0612244897959184,0.045252158828741736,678,Your views on the environment are twisted!
348,4659,0,3,46,49,1.0612244897959184,0.03460372440370034,678,So this is what a caduceus looks like?
343,4659,0,3,46,49,1.0612244897959184,0.03460372440370034,678,Your really twisted.
328,4659,0,3,46,49,1.0612244897959184,0.03460372440370034,678,"Hey, you rhinos! Neener, neener, neener!"
309,4659,1,1,47,49,1.0612244897959184,0.045252158828741736,678,I call it the alpha helix hug
307,4659,0,3,46,49,1.0612244897959184,0.03460372440370034,678,This is truly our union
304,4659,0,3,46,49,1.0612244897959184,0.03460372440370034,678,We better unwrap our necks before my wife gets back.
302,4659,1,1,47,49,1.0612244897959184,0.045252158828741736,678,I'm not really into necking.
408,4659,0,3,46,49,1.0612244897959184,0.03460372440370034,678,I will text you my feelings about this.
1285,4659,0,3,46,49,1.0612244897959184,0.03460372440370034,678,I ask for a hug but this is rediculous.
649,4659,0,3,46,49,1.0612244897959184,0.03460372440370034,678,My father told me not to neck with you....
1295,4659,0,3,46,49,1.0612244897959184,0.03460372440370034,678,It was love at first slight.
2225,4659,0,3,46,49,1.0612244897959184,0.03460372440370034,678,"When you whispered in my ear 'and our necks will be gently entertwined', I envisioned magical romance, NOT gasping for air!"
2223,4659,0,3,46,49,1.0612244897959184,0.03460372440370034,678,"Honey, how will we explain this to your parents?"
2208,4659,0,3,46,49,1.0612244897959184,0.03460372440370034,678,Which way did she go?
2206,4659,0,3,46,49,1.0612244897959184,0.03460372440370034,678,Less is more.
2182,4659,0,3,46,49,1.0612244897959184,0.03460372440370034,678,new twist on an old love story
2180,4659,0,3,46,49,1.0612244897959184,0.03460372440370034,678,"I'm all shook-up""..!"
2163,4659,0,3,46,49,1.0612244897959184,0.03460372440370034,678,"Not my left, your left!"
2155,4659,1,1,47,49,1.0612244897959184,0.045252158828741736,678,Who said only Penguins mate for life!!
2147,4659,1,1,47,49,1.0612244897959184,0.045252158828741736,678,"It looked so easy when 
Sean Spicer did it!"
2109,4659,0,3,46,49,1.0612244897959184,0.03460372440370034,678,"We have to stop meeting like this, it really ties us up."
2099,4659,0,3,46,49,1.0612244897959184,0.03460372440370034,678,Our relationship really got screwed up.
2227,4659,0,3,46,49,1.0612244897959184,0.03460372440370034,678,"Unfortunately, True Love has it’s twists and turns . . ."
2043,4659,0,3,46,49,1.0612244897959184,0.03460372440370034,678,"When I said we should get twisted some time, this is not what I meant exactly."
2031,4659,0,3,46,49,1.0612244897959184,0.03460372440370034,678,"We always did feel the same
we just started from a different point of view,
Tangled Up In Zoo"
2024,4659,0,3,46,49,1.0612244897959184,0.03460372440370034,678,Our lives are entangled for ever....
1991,4659,0,3,46,49,1.0612244897959184,0.03460372440370034,678,“How long have you been practicing yoga?”
1983,4659,0,3,46,49,1.0612244897959184,0.03460372440370034,678,One loses track sometimes.
1973,4659,0,3,46,49,1.0612244897959184,0.03460372440370034,678,I don’t understand the appeal of necking.
1953,4659,0,3,46,49,1.0612244897959184,0.03460372440370034,678,Love will not tear us apart then.
1945,4659,0,3,46,49,1.0612244897959184,0.03460372440370034,678,Maybe we should call off the thruple.
1929,4659,0,3,46,49,1.0612244897959184,0.03460372440370034,678,Would it help if we tried thinking inside the box?
1922,4659,0,3,46,49,1.0612244897959184,0.03460372440370034,678,"This is not what ‘necking’ means, Howard."
1920,4659,0,3,46,49,1.0612244897959184,0.03460372440370034,678,Chocolate and Vanilla we're not!
1886,4659,0,3,46,49,1.0612244897959184,0.03460372440370034,678,Forevermore?
2034,4659,0,3,46,49,1.0612244897959184,0.03460372440370034,678,Now this is how you neck!
1883,4659,0,3,46,49,1.0612244897959184,0.03460372440370034,678,Kiss you? We shouldn't even be doing this!
2265,4659,0,3,46,49,1.0612244897959184,0.03460372440370034,678,I’m not sure kama sutra is our thing.
2345,4659,0,3,46,49,1.0612244897959184,0.03460372440370034,678,Neck and Neck. We are still ahead
2654,4659,0,3,46,49,1.0612244897959184,0.03460372440370034,678,So do you think was pass as the Caduceus?
2646,4659,0,3,46,49,1.0612244897959184,0.03460372440370034,678,Romeo that’s not what I meant by necking.
2641,4659,0,3,46,49,1.0612244897959184,0.03460372440370034,678,Maybe we should vote third party.
2617,4659,0,3,46,49,1.0612244897959184,0.03460372440370034,678,It's called the Missionary Position.  I found it on the internet.
1286,4659,0,3,46,49,1.0612244897959184,0.03460372440370034,678,I think we did ok for our first time.
2594,4659,0,3,46,49,1.0612244897959184,0.03460372440370034,678,I don’t understand why humans call this sexy.
2588,4659,0,3,46,49,1.0612244897959184,0.03460372440370034,678,Don't get your (ahem) in a (ahem) twist.
2582,4659,0,3,46,49,1.0612244897959184,0.03460372440370034,678,I thought for sure this is how babies are made.
2575,4659,0,3,46,49,1.0612244897959184,0.03460372440370034,678,FASTER!  Too slow for a quantum entanglement!
2565,4659,0,3,46,49,1.0612244897959184,0.03460372440370034,678,The lion's running in circles?
2553,4659,0,3,46,49,1.0612244897959184,0.03460372440370034,678,Let's make our own Double Welix.
2294,4659,0,3,46,49,1.0612244897959184,0.03460372440370034,678,"Honey, you take necking so literally."
2525,4659,0,3,46,49,1.0612244897959184,0.03460372440370034,678,"No, we're knot necking."
2507,4659,0,3,46,49,1.0612244897959184,0.03460372440370034,678,I think the Kama Sutra for Dummies was a bad idea...
2501,4659,0,3,46,49,1.0612244897959184,0.03460372440370034,678,"I asked for a bow tie, my love, not a necktie!"
2478,4659,0,3,46,49,1.0612244897959184,0.03460372440370034,678,I should never have agreed to do something kinky!
2465,4659,0,3,46,49,1.0612244897959184,0.03460372440370034,678,Are you sure this is how we mate?
2437,4659,0,3,46,49,1.0612244897959184,0.03460372440370034,678,"For our next GIF, move your eyeballs from side to side.”"
2436,4659,0,3,46,49,1.0612244897959184,0.03460372440370034,678,"You know Elmer, this 'he loves me yes, he loves me knot' isn't working like it should."
2428,4659,0,3,46,49,1.0612244897959184,0.03460372440370034,678,I love you so much it makes my head spin!
2393,4659,0,3,46,49,1.0612244897959184,0.03460372440370034,678,See!  I told you you’d like necking!
2391,4659,0,3,46,49,1.0612244897959184,0.03460372440370034,678,"No, really, I've gotten past that whole boa fetish phase."
2374,4659,0,3,46,49,1.0612244897959184,0.03460372440370034,678,Hold that cough! I have to sneeze.
2348,4659,0,3,46,49,1.0612244897959184,0.03460372440370034,678,This wasn't on the yoga app.
2522,4659,0,3,46,49,1.0612244897959184,0.03460372440370034,678,I always get “choked up” when we do this!
1882,4659,1,1,47,49,1.0612244897959184,0.045252158828741736,678,"thank u, necks"
2616,4659,0,3,46,49,1.0612244897959184,0.03460372440370034,678,This was way kinkier in my head.
1855,4659,0,3,46,49,1.0612244897959184,0.03460372440370034,678,I thought we wouldn't get here until the second date
1610,4659,0,3,46,49,1.0612244897959184,0.03460372440370034,678,Let's just stay with the Bro Hug.
1530,4659,0,3,46,49,1.0612244897959184,0.03460372440370034,678,"I definitely said ""Counterclockwise!"""
1517,4659,1,1,47,49,1.0612244897959184,0.045252158828741736,678,"Little tighter, little tighter — whoa, whoa not that tight. I don't wanna go out like the guy from INXS, you know? INXS? The band? You remember INXS, right? Wait...how old are you?"
1494,4659,0,3,46,49,1.0612244897959184,0.03460372440370034,678,"Victoria knows what a giraffe looks like, right?"
1483,4659,0,3,46,49,1.0612244897959184,0.03460372440370034,678,"On second thought, let's not neck."
1478,4659,0,3,46,49,1.0612244897959184,0.03460372440370034,678,I am not quite sure that's how you make babies.
1464,4659,0,3,46,49,1.0612244897959184,0.03460372440370034,678,Is today the project deadline? What time zone?
1459,4659,0,3,46,49,1.0612244897959184,0.03460372440370034,678,Knots and Preyers
1450,4659,0,3,46,49,1.0612244897959184,0.03460372440370034,678,"Yes, I'm sure it's in the Kama Sutra!"
1448,4659,0,3,46,49,1.0612244897959184,0.03460372440370034,678,I knew there was a reason you never see giraffes do the tango.
1417,4659,0,3,46,49,1.0612244897959184,0.03460372440370034,678,"I have to say, “that’s a wrap!”"
1409,4659,0,3,46,49,1.0612244897959184,0.03460372440370034,678,Yes we are the last of the double helix giraffes found in the wild.
1370,4659,0,3,46,49,1.0612244897959184,0.03460372440370034,678,"...I said peck, let's peck, not neck!..."
1369,4659,0,3,46,49,1.0612244897959184,0.03460372440370034,678,"No, turn to your OTHER left."
1368,4659,0,3,46,49,1.0612244897959184,0.03460372440370034,678,"My parents say we’re connected at C1, C3, C4, and C6."
1359,4659,0,3,46,49,1.0612244897959184,0.03460372440370034,678,"I love you too, but you are a pain in the neck"
1347,4659,0,3,46,49,1.0612244897959184,0.03460372440370034,678,I think we’re too old to get twisted.
1344,4659,0,3,46,49,1.0612244897959184,0.03460372440370034,678,This yoga stuff is for the birds.
1320,4659,0,3,46,49,1.0612244897959184,0.03460372440370034,678,"OK, next time we'll do it your way!"
1318,4659,0,3,46,49,1.0612244897959184,0.03460372440370034,678,I told you we should have stayed with missionary.
1317,4659,1,1,47,49,1.0612244897959184,0.045252158828741736,678,Necking with a twist
1313,4659,0,3,46,49,1.0612244897959184,0.03460372440370034,678,"Laugh it up, reader, but this is actually very painful!"
1860,4659,0,3,46,49,1.0612244897959184,0.03460372440370034,678,"Next time it's Rock,Paper,Scissors,ok?"
1636,4659,0,3,46,49,1.0612244897959184,0.03460372440370034,678,This is just the first reason you should never look back.
1642,4659,0,3,46,49,1.0612244897959184,0.03460372440370034,678,Mom always said this could lead to trouble.
1540,4659,1,1,47,49,1.0612244897959184,0.045252158828741736,678,"And in the 23rd year since it was first proclaimed, Keith Sweat’s prophecy has become manifest twofold: For not only am I twisted over you, we are indeed twisted over each other"
1668,4659,0,3,46,49,1.0612244897959184,0.03460372440370034,678,I think we'd better stick with the rumba.
1843,4659,0,3,46,49,1.0612244897959184,0.03460372440370034,678,DNA-Z  A-POPPIN
1841,4659,0,3,46,49,1.0612244897959184,0.03460372440370034,678,Stop before we accidentally tie the knot!
1836,4659,0,3,46,49,1.0612244897959184,0.03460372440370034,678,I like playing twister the old way
1299,4659,0,3,46,49,1.0612244897959184,0.03460372440370034,678,"Well as promised, this is a new twist on necking!"
1835,4659,0,3,46,49,1.0612244897959184,0.03460372440370034,678,Entrapment or encounter? I'll share my heart if you share your soul!
1834,4659,0,3,46,49,1.0612244897959184,0.03460372440370034,678,Now I understand the double helix but how do we unwind?
1830,4659,0,3,46,49,1.0612244897959184,0.03460372440370034,678,"Oh I though you were going in for the fist bump, ha ha"
1828,4659,0,3,46,49,1.0612244897959184,0.03460372440370034,678,This is not what I would call necking.
1818,4659,0,3,46,49,1.0612244897959184,0.03460372440370034,678,Can we go back to our everyday routine foreplay?
1657,4659,0,3,46,49,1.0612244897959184,0.03460372440370034,678,"I'll google ""how to untangle giraffe necks video."""
1799,4659,0,3,46,49,1.0612244897959184,0.03460372440370034,678,You are a pain-in-the-neck!
1794,4659,1,1,47,49,1.0612244897959184,0.045252158828741736,678,“Its going to take a lot of practice to make the corkscrew position to work for us.”
1812,4659,0,3,46,49,1.0612244897959184,0.03460372440370034,678,Too much PDA!
1781,4659,0,3,46,49,1.0612244897959184,0.03460372440370034,678,I told you counter clockwise!
1733,4659,0,3,46,49,1.0612244897959184,0.03460372440370034,678,"When I said ""Let's tie the not' I had something else in mind."
1732,4659,0,3,46,49,1.0612244897959184,0.03460372440370034,678,We're not in Kansas anymore!
1724,4659,0,3,46,49,1.0612244897959184,0.03460372440370034,678,"Great song hon, but maybe we should've gone to Fred Astaire."
1717,4659,0,3,46,49,1.0612244897959184,0.03460372440370034,678,We have to cut back on the drinking!
1714,4659,0,3,46,49,1.0612244897959184,0.03460372440370034,678,I didn’t know you could overpay for a free hug.
1705,4659,0,3,46,49,1.0612244897959184,0.03460372440370034,678,Is this Baroque thing a phase?
1695,4659,0,3,46,49,1.0612244897959184,0.03460372440370034,678,How things are done in our neck of the Serengeti.
1682,4659,0,3,46,49,1.0612244897959184,0.03460372440370034,678,We need a therapist to help us untangle this mess!
1792,4659,0,3,46,49,1.0612244897959184,0.03460372440370034,678,Twist and shout? Or is it the tango?
1680,4659,0,3,46,49,1.0612244897959184,0.03460372440370034,678,You promised that this would change my perspective.
1670,4659,0,3,46,49,1.0612244897959184,0.03460372440370034,678,One too many to kiss
3325,5101,0,2,44,46,1.0434782608695652,0.030400256468700027,678,"OK, you bat first."
4014,5101,0,2,44,46,1.0434782608695652,0.030400256468700027,678,I shudder to imagine what it will look like if someone tries to tear us asunder....
4111,5101,0,2,44,46,1.0434782608695652,0.030400256468700027,678,I know we tied the knot but this much intimacy is just too much for me.
3022,5101,0,2,44,46,1.0434782608695652,0.030400256468700027,678,Have I seen you somewhere recently?
4632,5101,0,2,44,46,1.0434782608695652,0.030400256468700027,678,How did I get mixed up with YOU?
4962,5101,0,2,44,46,1.0434782608695652,0.030400256468700027,678,So how does this necking thing work?
4296,5101,0,2,44,46,1.0434782608695652,0.030400256468700027,678,I told you necking would be risky
2810,5101,0,2,44,46,1.0434782608695652,0.030400256468700027,678,This is what necking leads to.
974,5101,0,2,44,46,1.0434782608695652,0.030400256468700027,678,That's the last time I'll read the Kama Sutra!
2545,5101,0,2,44,46,1.0434782608695652,0.030400256468700027,678,Don’t look at me.  He’s the one who started it.
1978,5101,0,2,44,46,1.0434782608695652,0.030400256468700027,678,We have awry neck .
1442,5101,0,2,44,46,1.0434782608695652,0.030400256468700027,678,"Knickers, how did we get in this twist?"
1373,5101,0,2,44,46,1.0434782608695652,0.030400256468700027,678,"-Are you sure this is right?
-This is Karma Sutra baby, I read about it online."
1372,5101,0,2,44,46,1.0434782608695652,0.030400256468700027,678,"I'm not crying, you're crying!"
2667,5101,0,2,44,46,1.0434782608695652,0.030400256468700027,678,I hit your neck.  You hit my neck.  Not at the same time!
911,5101,0,2,44,46,1.0434782608695652,0.030400256468700027,678,I'm terribly sorry. Did you say Rothschild's Giraffe?
622,5101,0,2,44,46,1.0434782608695652,0.030400256468700027,678,"Gender, dear, is the least of our worries!"
4790,5118,0,2,45,47,1.0425531914893618,0.029760791752350448,678,"What’s over there? 
Where?
There!
Where?
There!
Wh..."
1358,5118,0,2,45,47,1.0425531914893618,0.029760791752350448,678,"Am I on the left or are you?
Am I on the right or are you?"
4634,5118,0,2,45,47,1.0425531914893618,0.029760791752350448,678,We need to practice our slow dancing.
3616,5121,0,1,41,42,1.0238095238095237,0.024098134635593994,678,"Ah, now I understand laevorotatory. But  from above or from below?"
3572,5121,0,1,41,42,1.0238095238095237,0.024098134635593994,678,Are you on the right or on the left?
3521,5121,0,1,41,42,1.0238095238095237,0.024098134635593994,678,If necking is this hard consummating the marriage will be a nightmare.
3574,5121,0,1,41,42,1.0238095238095237,0.024098134635593994,678,"Right giraffe: I wanna be your DNA helix!
Left giraffe: Ummmmmmm............."
3597,5121,0,1,41,42,1.0238095238095237,0.024098134635593994,678,You know I hate playing Twister! Now give me back my hula hoop.
3611,5121,0,1,41,42,1.0238095238095237,0.024098134635593994,678,"Hey, Bozo, I said knit one purl two, not the other way around!"
3627,5121,0,1,41,42,1.0238095238095237,0.024098134635593994,678,I don't think this is how you salsa !!!
3835,5121,0,1,41,42,1.0238095238095237,0.024098134635593994,678,"Don't mean to upbraid you, but gag also means no."
3724,5121,0,1,41,42,1.0238095238095237,0.024098134635593994,678,When I said I'd like to neck this was not what I had in mind
3726,5121,0,1,41,42,1.0238095238095237,0.024098134635593994,678,I thought you were going to remember where the key was !
3812,5121,0,1,41,42,1.0238095238095237,0.024098134635593994,678,I told you we should stick to Twerking instead of the Twist.
3516,5121,0,1,41,42,1.0238095238095237,0.024098134635593994,678,How did we screw up The Cabbage Patch?
3874,5121,0,1,41,42,1.0238095238095237,0.024098134635593994,678,"Courting often involves necking , but this is ridiculous !"
3876,5121,0,1,41,42,1.0238095238095237,0.024098134635593994,678,And you were so skeptical about getting in that last twist.
3926,5121,0,1,41,42,1.0238095238095237,0.024098134635593994,678,"Your ""Let's get kinky idea"" has got to go!"
3960,5121,0,1,41,42,1.0238095238095237,0.024098134635593994,678,I think there's a reason the diagrams show pictures of people in that Karma Suture book .
3719,5121,0,1,41,42,1.0238095238095237,0.024098134635593994,678,"Thumb wrestling"" would be so much easier if we had thumbs"
3500,5121,0,1,41,42,1.0238095238095237,0.024098134635593994,678,"Never should have said ""I'm in the mood to dance, let's tango""!"
3227,5121,0,1,41,42,1.0238095238095237,0.024098134635593994,678,"We're necking, but it ain't no fun."
3293,5121,0,1,41,42,1.0238095238095237,0.024098134635593994,678,Can you believe humans think they discovered the double helix?
3961,5121,0,1,41,42,1.0238095238095237,0.024098134635593994,678,"Well, now since we've tied the knot..."
2910,5121,0,1,41,42,1.0238095238095237,0.024098134635593994,678,Ma warned me about eating Twizzlers.
2933,5121,0,1,41,42,1.0238095238095237,0.024098134635593994,678,You know that these Horatio Alger ratios on literacy tests are a mind scrambler.
2987,5121,0,1,41,42,1.0238095238095237,0.024098134635593994,678,"Seems to me, necking used to be so much simpler!"
2849,5121,0,1,41,42,1.0238095238095237,0.024098134635593994,678,NEXT TIME LETS TRY THE MAMBO
2994,5121,0,1,41,42,1.0238095238095237,0.024098134635593994,678,I think we should break up
3026,5121,0,1,41,42,1.0238095238095237,0.024098134635593994,678,"We're necking, but you still haven't gotten to first base."
3039,5121,0,1,41,42,1.0238095238095237,0.024098134635593994,678,Think we need to go to physiotherapist
3136,5121,0,1,41,42,1.0238095238095237,0.024098134635593994,678,You are a twisted sister.
3139,5121,0,1,41,42,1.0238095238095237,0.024098134635593994,678,And they think what they do is necking.
3189,5121,0,1,41,42,1.0238095238095237,0.024098134635593994,678,You're sure Liz said we should try necking?
3199,5121,0,1,41,42,1.0238095238095237,0.024098134635593994,678,Egon warned us not to cross the streams...
3200,5121,0,1,41,42,1.0238095238095237,0.024098134635593994,678,We need to talk about our relationship.
3214,5121,0,1,41,42,1.0238095238095237,0.024098134635593994,678,Do we always have to cuddle?
2826,5121,0,1,41,42,1.0238095238095237,0.024098134635593994,678,"The U.S. Senate should be this United! 
Camille Adams, Atlantic Beach, F"
3234,5121,0,1,41,42,1.0238095238095237,0.024098134635593994,678,So why are you so wrapped up?
3257,5121,0,1,41,42,1.0238095238095237,0.024098134635593994,678,I believe they call it conscious coupling.
3459,5121,0,1,41,42,1.0238095238095237,0.024098134635593994,678,And that's what a double helix looks like.
3975,5121,0,1,41,42,1.0238095238095237,0.024098134635593994,678,We'll call it MACRAME !
5207,5121,0,1,41,42,1.0238095238095237,0.024098134635593994,678,We need to practice safe snuggling.
4158,5121,0,1,41,42,1.0238095238095237,0.024098134635593994,678,"I think we’re Twisted, Sister!"
4746,5121,0,1,41,42,1.0238095238095237,0.024098134635593994,678,"'
''Necking seems so hit or miss."""
4765,5121,0,1,41,42,1.0238095238095237,0.024098134635593994,678,No wonder Mom warned me not to neck.
4946,5121,0,1,41,42,1.0238095238095237,0.024098134635593994,678,New plan! Let’s try going clockwise.
4949,5121,0,1,41,42,1.0238095238095237,0.024098134635593994,678,Do you think we should sue our therapist?
4958,5121,0,1,41,42,1.0238095238095237,0.024098134635593994,678,Through the whole science fair?
5001,5121,0,1,41,42,1.0238095238095237,0.024098134635593994,678,"You still think we're doing it right, don't you?"
5004,5121,0,1,41,42,1.0238095238095237,0.024098134635593994,678,"What, you thought your power cords were special?"
5011,5121,0,1,41,42,1.0238095238095237,0.024098134635593994,678,"bro dont stop...we are ""necking"""
5023,5121,0,1,41,42,1.0238095238095237,0.024098134635593994,678,"""Maybe we should forget the twist and try the tango?"""
5048,5121,0,1,41,42,1.0238095238095237,0.024098134635593994,678,But I wanted to go THAT way!!
5096,5121,0,1,41,42,1.0238095238095237,0.024098134635593994,678,"Tying the marital knot - difficult !
Consummation - impossible !"
5198,5121,0,1,41,42,1.0238095238095237,0.024098134635593994,678,"It was nice to meet you too. Unfortunately, I only got friend vibes but it was still so nice."
5242,5121,0,1,41,42,1.0238095238095237,0.024098134635593994,678,Next time you'd better let me lead.
5334,5121,0,1,41,42,1.0238095238095237,0.024098134635593994,678,I told you all that necking would wind us up!
5371,5121,0,1,41,42,1.0238095238095237,0.024098134635593994,678,Mama told me that necking could be dangerous.
5383,5121,0,1,41,42,1.0238095238095237,0.024098134635593994,678,Enough already with the necking Kamasutra
2816,5121,0,1,41,42,1.0238095238095237,0.024098134635593994,678,It's neck-in-neck for the heavyweight championship
4744,5121,0,1,41,42,1.0238095238095237,0.024098134635593994,678,Whaddya mean you lost the instruction booklet?
4061,5121,0,1,41,42,1.0238095238095237,0.024098134635593994,678,Our chiropractor introduced us.
4724,5121,0,1,41,42,1.0238095238095237,0.024098134635593994,678,Let’s try our first kiss again...
4640,5121,0,1,41,42,1.0238095238095237,0.024098134635593994,678,"Please, not a necking joke."
4188,5121,0,1,41,42,1.0238095238095237,0.024098134635593994,678,"Do you think necking will get us pregnant, Joe?"
4208,5121,0,1,41,42,1.0238095238095237,0.024098134635593994,678,"YOu go first
No after you
No you go first"
4305,5121,0,1,41,42,1.0238095238095237,0.024098134635593994,678,Conjoining therapy for the other seven neck boned species
4319,5121,0,1,41,42,1.0238095238095237,0.024098134635593994,678,"Thanks for the hug, man. It's been a hard week."
4331,5121,0,1,41,42,1.0238095238095237,0.024098134635593994,678,Enjoying a long stretch of necking.
4384,5121,0,1,41,42,1.0238095238095237,0.024098134635593994,678,Hurry! Before your parents get home.
4441,5121,0,1,41,42,1.0238095238095237,0.024098134635593994,678,"It’s not like titi monkeys, is it?"
4453,5121,0,1,41,42,1.0238095238095237,0.024098134635593994,678,"This isn't love. This is business -- now so intertwined that when one sector of the economy goes down, the others can't help but fall too."
4462,5121,0,1,41,42,1.0238095238095237,0.024098134635593994,678,I know about genetic diversity and  all that jazz; but asexual reproduction is beginning to have some appeal.
4465,5121,0,1,41,42,1.0238095238095237,0.024098134635593994,678,Teaching giraffe class about DNA”
4490,5121,0,1,41,42,1.0238095238095237,0.024098134635593994,678,You do the Hokey Pokey and......
4521,5121,0,1,41,42,1.0238095238095237,0.024098134635593994,678,It's the last time I play twister with you.
4525,5121,0,1,41,42,1.0238095238095237,0.024098134635593994,678,I told you you were too young to neck
4587,5121,0,1,41,42,1.0238095238095237,0.024098134635593994,678,"I know what you're going say, but Doctor Broffman was still wrong about us being codependent."
4604,5121,0,1,41,42,1.0238095238095237,0.024098134635593994,678,"I'm telling you Jared, polka-dot neckties are so last season."
4613,5121,0,1,41,42,1.0238095238095237,0.024098134635593994,678,Are you absolutely sure that Twisted Sister started this way?
4626,5121,0,1,41,42,1.0238095238095237,0.024098134635593994,678,Mom always told me never to neck on the first date.
4646,5121,0,1,41,42,1.0238095238095237,0.024098134635593994,678,I can always spot you from up here.
2811,5121,0,1,41,42,1.0238095238095237,0.024098134635593994,678,How to succeed in a toxic relationship
520,5121,0,1,41,42,1.0238095238095237,0.024098134635593994,678,kk
2808,5121,0,1,41,42,1.0238095238095237,0.024098134635593994,678,So you say this is a new defense mechanism against what exactly?
717,5121,0,1,41,42,1.0238095238095237,0.024098134635593994,678,You’re chocking me with love.
735,5121,0,1,41,42,1.0238095238095237,0.024098134635593994,678,"You and your ""do so do"" and ""right and left grand""...
You'll never get me to square dance again!"
746,5121,0,1,41,42,1.0238095238095237,0.024098134635593994,678,"No, you take the last slice."
805,5121,0,1,41,42,1.0238095238095237,0.024098134635593994,678,"Maybe this isn't what ""necking"" means..."
868,5121,0,1,41,42,1.0238095238095237,0.024098134635593994,678,"It's not your fault, Helen. Lamarckian necking is a thing."
900,5121,0,1,41,42,1.0238095238095237,0.024098134635593994,678,These tango lessond just aren't working
903,5121,0,1,41,42,1.0238095238095237,0.024098134635593994,678,"Fellas, this is only the weigh-in!"
709,5121,0,1,41,42,1.0238095238095237,0.024098134635593994,678,Maypole?
973,5121,0,1,41,42,1.0238095238095237,0.024098134635593994,678,"First, it's ""Hey, try these succulent acacia leaves,"" the thing I know, we're necking!"
1071,5121,0,1,41,42,1.0238095238095237,0.024098134635593994,678,This hard to swallow.
1099,5121,0,1,41,42,1.0238095238095237,0.024098134635593994,678,"I told you we should NEVER neck.  (For you Millenials, that's a Baby-boomer's term for heavy making-out sessions, which includes passionate French-kissing, along with 'hot-and-bothered' petting.)....oh never mind."
1112,5121,0,1,41,42,1.0238095238095237,0.024098134635593994,678,"Ebenezer, why not a table game next time?"
1161,5121,0,1,41,42,1.0238095238095237,0.024098134635593994,678,There must be an easier way to learn about the Double Helix.
1198,5121,0,1,41,42,1.0238095238095237,0.024098134635593994,678,Maybe we just don’t love each other as much as the swans do.
1325,5121,0,1,41,42,1.0238095238095237,0.024098134635593994,678,This is what happens when I ask my wife ties my neck tie.
1394,5121,0,1,41,42,1.0238095238095237,0.024098134635593994,678,I think we're necking wrong
990,5121,0,1,41,42,1.0238095238095237,0.024098134635593994,678,"Mom warned me about necking with you, Cecily."
699,5121,0,1,41,42,1.0238095238095237,0.024098134635593994,678,"Oh, Gerard, I’ve never necked like this before!"
645,5121,0,1,41,42,1.0238095238095237,0.024098134635593994,678,I think our feet went in the wrong directions.
640,5121,0,1,41,42,1.0238095238095237,0.024098134635593994,678,"Ahh, darling, remember when we met at Ringling Circus?"
2809,5121,0,1,41,42,1.0238095238095237,0.024098134635593994,678,When I said 'Let's swap DNA' this isn't what I had in mind.
48,5121,0,1,41,42,1.0238095238095237,0.024098134635593994,678,I don't think we can see each other anymore.
118,5121,0,1,41,42,1.0238095238095237,0.024098134635593994,678,You're sure this is how camouflage works?
148,5121,0,1,41,42,1.0238095238095237,0.024098134635593994,678,I said your left!
219,5121,0,1,41,42,1.0238095238095237,0.024098134635593994,678,Let's make some new DNA together.
234,5121,0,1,41,42,1.0238095238095237,0.024098134635593994,678,"Dr. Livingstone, I presume."
251,5121,0,1,41,42,1.0238095238095237,0.024098134635593994,678,"Not sure why, but ever since we fell in love I’ve been tongue tied."
261,5121,0,1,41,42,1.0238095238095237,0.024098134635593994,678,This is what happens when we get together .
268,5121,0,1,41,42,1.0238095238095237,0.024098134635593994,678,Don't get it twisted
298,5121,0,1,41,42,1.0238095238095237,0.024098134635593994,678,This is knot what I expected.
318,5121,0,1,41,42,1.0238095238095237,0.024098134635593994,678,No homo.
359,5121,0,1,41,42,1.0238095238095237,0.024098134635593994,678,Now I understand why they call it necking.
374,5121,0,1,41,42,1.0238095238095237,0.024098134635593994,678,"My favorite beer? High-Neckin', of course!"
456,5121,0,1,41,42,1.0238095238095237,0.024098134635593994,678,What? It's our version of thumb wrestling.
524,5121,0,1,41,42,1.0238095238095237,0.024098134635593994,678,"I've heard humans used to do the twist,but this is ridiculous!"
564,5121,0,1,41,42,1.0238095238095237,0.024098134635593994,678,And you wonder why our marriage counselor says we're too enmeshed!
585,5121,0,1,41,42,1.0238095238095237,0.024098134635593994,678,What are you staring at? This is the way we hug!
1405,5121,0,1,41,42,1.0238095238095237,0.024098134635593994,678,„My second cervical is better already.“
1421,5121,0,1,41,42,1.0238095238095237,0.024098134635593994,678,"I thought you were making a right, a right, a right..."
468,5121,0,1,41,42,1.0238095238095237,0.024098134635593994,678,...and humans think THEY can neck!
1559,5121,0,1,41,42,1.0238095238095237,0.024098134635593994,678,Do you think the therapist is right about our being enmeshed?
2212,5121,0,1,41,42,1.0238095238095237,0.024098134635593994,678,"Damn it, this is why our marriage is failing."
2217,5121,0,1,41,42,1.0238095238095237,0.024098134635593994,678,They'll never notice us now!
2254,5121,0,1,41,42,1.0238095238095237,0.024098134635593994,678,"You spin my head right round, right round"
2256,5121,0,1,41,42,1.0238095238095237,0.024098134635593994,678,This isn’t exactly the kind of necking I had in mind.
2296,5121,0,1,41,42,1.0238095238095237,0.024098134635593994,678,"Martha when you said this was going to be hot and sensual, this is not what I thought you meant.."
2302,5121,0,1,41,42,1.0238095238095237,0.024098134635593994,678,It all started with just a little necking.
2352,5121,0,1,41,42,1.0238095238095237,0.024098134635593994,678,Topology was never your strong subject.
2196,5121,0,1,41,42,1.0238095238095237,0.024098134635593994,678,I don’t think we swiped right right.
2419,5121,0,1,41,42,1.0238095238095237,0.024098134635593994,678,"Well Carl, you know what they say... ""it takes two to tango"""
2554,5121,0,1,41,42,1.0238095238095237,0.024098134635593994,678,"Okay, now how do we get out of our love knot?"
2574,5121,0,1,41,42,1.0238095238095237,0.024098134635593994,678,Dancing neck to  neck is heaven !
2626,5121,0,1,41,42,1.0238095238095237,0.024098134635593994,678,"Yikes, we started with a kiss and wound up this way."
2679,5121,0,1,41,42,1.0238095238095237,0.024098134635593994,678,It’s just a little squabble!
2731,5121,0,1,41,42,1.0238095238095237,0.024098134635593994,678,I just don’t think SoYouThink You Can Dance is for us.
1555,5121,0,1,41,42,1.0238095238095237,0.024098134635593994,678,I think we may have eaten too many Twizzlers.
2764,5121,0,1,41,42,1.0238095238095237,0.024098134635593994,678,Don’t you love how our neck ties symbolize our love.
2520,5121,0,1,41,42,1.0238095238095237,0.024098134635593994,678,This isn't what I meant when I said we were 'neck in neck'
2139,5121,0,1,41,42,1.0238095238095237,0.024098134635593994,678,And I thought Braces were tough.
2442,5121,0,1,41,42,1.0238095238095237,0.024098134635593994,678,“Is necking still even a thing?”
2122,5121,0,1,41,42,1.0238095238095237,0.024098134635593994,678,"Ethan, are you sure this is what they mean by knecking?"
1637,5121,0,1,41,42,1.0238095238095237,0.024098134635593994,678,It doesn't feel like a lump...a bit bigger
1654,5121,0,1,41,42,1.0238095238095237,0.024098134635593994,678,Your insecurities are twisted.
2126,5121,0,1,41,42,1.0238095238095237,0.024098134635593994,678,"Now we’ll never make it to 
Malibu Wine"
1658,5121,0,1,41,42,1.0238095238095237,0.024098134635593994,678,Was this what you meant when you said that rubbernecking would get me into trouble?
1663,5121,0,1,41,42,1.0238095238095237,0.024098134635593994,678,Darling!
1731,5121,0,1,41,42,1.0238095238095237,0.024098134635593994,678,You’re really wringing my neck!
1846,5121,0,1,41,42,1.0238095238095237,0.024098134635593994,678,Please do NOT buy pretzels again or we will have to stop making out!
1852,5121,0,1,41,42,1.0238095238095237,0.024098134635593994,678,I suppose 3000 is out of the question.
1859,5121,0,1,41,42,1.0238095238095237,0.024098134635593994,678,This isn't what I meant when I said I liked necking.
1765,5121,0,1,41,42,1.0238095238095237,0.024098134635593994,678,Nothing will ever tear us apart!
1918,5121,0,1,41,42,1.0238095238095237,0.024098134635593994,678,I'm just gonna say it... maybe swing dancing isn't for us.
1952,5121,0,1,41,42,1.0238095238095237,0.024098134635593994,678,"Well, since you put it that way."
2096,5121,0,1,41,42,1.0238095238095237,0.024098134635593994,678,Trust me. The snakes do it like this too.
2001,5121,0,1,41,42,1.0238095238095237,0.024098134635593994,678,"Tango, let’s do the tango you tell me!"
2039,5121,0,1,41,42,1.0238095238095237,0.024098134635593994,678,Did you see how short he was?
2093,5121,0,1,41,42,1.0238095238095237,0.024098134635593994,678,I knew I should have picked Sean Spicer as my dance partner!
1878,5121,0,1,41,42,1.0238095238095237,0.024098134635593994,678,I'm telling the A.M.A. logo team to just go back to the two snakes.
2041,5121,0,1,41,42,1.0238095238095237,0.024098134635593994,678,"When I said we should get wrap-around neckwarmers, I didn't mean this!"
3367,5283,0,0,38,38,1.0,0.02666903735313325,678,"Stronger Together, they said.""
Jocelyn Li Langrand, San Francisco, C"
3059,5283,0,0,38,38,1.0,0.02666903735313325,678,"Now, partner, let's try the DE-dosido."
3074,5283,0,0,38,38,1.0,0.02666903735313325,678,"You must be French. 
This always happens when I kiss a French giraffe."
3088,5283,0,0,38,38,1.0,0.02666903735313325,678,Not only camel trammel.
3236,5283,0,0,38,38,1.0,0.02666903735313325,678,"No Dear, I am still looking at MY back!"
3311,5283,0,0,38,38,1.0,0.02666903735313325,678,"You're really breathing down my neck lately, George."
3353,5283,0,0,38,38,1.0,0.02666903735313325,678,Yes; very cute. But can you un-demonstrate DNA
3473,5283,0,0,38,38,1.0,0.02666903735313325,678,It's time to go to the next level.
3001,5283,0,0,38,38,1.0,0.02666903735313325,678,And this is the shape of a double helix.
3178,5283,0,0,38,38,1.0,0.02666903735313325,678,This isn't the kind of necking I wanted.
3000,5283,0,0,38,38,1.0,0.02666903735313325,678,My therapist thinks we're too enmeshed.
2479,5283,0,0,38,38,1.0,0.02666903735313325,678,Yeah... I just don't think acro yoga is for me.
2805,5283,0,0,38,38,1.0,0.02666903735313325,678,Can I tell my mother we're going around together?
2768,5283,0,0,38,38,1.0,0.02666903735313325,678,Would it help if I took a lozenge?
2663,5283,0,0,38,38,1.0,0.02666903735313325,678,Next time!
2583,5283,0,0,38,38,1.0,0.02666903735313325,678,Party? Sorry we're all tied up just now.
2561,5283,0,0,38,38,1.0,0.02666903735313325,678,You've got me neck-tied.
2549,5283,0,0,38,38,1.0,0.02666903735313325,678,I  think our entry for the medical profession’s emblem for medicine has a chance of winning. Wait did those snakes just see us?
2404,5283,0,0,38,38,1.0,0.02666903735313325,678,Signal light’s broken. My bad.
2332,5283,0,0,38,38,1.0,0.02666903735313325,678,It's called 'The Pretzel Neck Challenge' and it's trending on social media.
2308,5283,0,0,38,38,1.0,0.02666903735313325,678,"Look.  You get your own Acacia tree, I'll get mine."
3539,5283,0,0,38,38,1.0,0.02666903735313325,678,We gotta remember to stand further apart watching the US Open....
2143,5283,0,0,38,38,1.0,0.02666903735313325,678,"Haven't you learned by now? If we fight, mom is going to make us hold necks."
2868,5283,0,0,38,38,1.0,0.02666903735313325,678,Can we try spooning next time? It seems safer....
3556,5283,0,0,38,38,1.0,0.02666903735313325,678,Maybe we stick to cuddling for now.
4785,5283,0,0,38,38,1.0,0.02666903735313325,678,Whose bright idea was it to watch that Chubby Checker video?
3686,5283,0,0,38,38,1.0,0.02666903735313325,678,"Geez, what are we gonna tell your dad?"
2081,5283,0,0,38,38,1.0,0.02666903735313325,678,I can't wait until they invest bricks.
5190,5283,0,0,38,38,1.0,0.02666903735313325,678,"I have to tell you, honey. I could really use mu space."
5106,5283,0,0,38,38,1.0,0.02666903735313325,678,I'm not sure if this is what they were designed for
5100,5283,0,0,38,38,1.0,0.02666903735313325,678,Let’s skip the Twist and stick to the Macarena from now on.
5086,5283,0,0,38,38,1.0,0.02666903735313325,678,"No, I didn't catch that mosquito, either."
5066,5283,0,0,38,38,1.0,0.02666903735313325,678,A classic game of chicken.
4933,5283,0,0,38,38,1.0,0.02666903735313325,678,"Y'know, necking never did turn me on."
4889,5283,0,0,38,38,1.0,0.02666903735313325,678,"Talk about an unexpected twist of events."""
4767,5283,0,0,38,38,1.0,0.02666903735313325,678,Kusama would just love this!
4682,5283,0,0,38,38,1.0,0.02666903735313325,678,"Necking is ok, but I'm really not ready for a serious entanglement."
4534,5283,0,0,38,38,1.0,0.02666903735313325,678,I told you this position wouldn't work!
4514,5283,0,0,38,38,1.0,0.02666903735313325,678,How is Simba going to get to the top of our heads now?
4492,5283,0,0,38,38,1.0,0.02666903735313325,678,"Next time we dance, it will NOT be ""The Twist""!!"
4470,5283,0,0,38,38,1.0,0.02666903735313325,678,It is a Kangaroo -Courtship
4467,5283,0,0,38,38,1.0,0.02666903735313325,678,"Hey, mind your own business!"
4386,5283,0,0,38,38,1.0,0.02666903735313325,678,Your savanna or mine?
4261,5283,0,0,38,38,1.0,0.02666903735313325,678,"See, what did I tell you?  No lions in the desert.  So, I’m right.  We can’t go on meeting like this."
4126,5283,0,0,38,38,1.0,0.02666903735313325,678,There's not enough room to neck in the backseat of my dad's old Chevy...
4081,5283,0,0,38,38,1.0,0.02666903735313325,678,"Movie!....
One Word!....
Twister!"
4057,5283,0,0,38,38,1.0,0.02666903735313325,678,Every love story has a funny twist at the end.
4035,5283,0,0,38,38,1.0,0.02666903735313325,678,Uncle!
3755,5283,0,0,38,38,1.0,0.02666903735313325,678,Sock it to me!!!
3727,5283,0,0,38,38,1.0,0.02666903735313325,678,YOUR left! YOUR left!
3651,5283,0,0,38,38,1.0,0.02666903735313325,678,"It's like I said yesterday, ""We're not gonna take it. No, we ain't gonna take it."""
2068,5283,0,0,38,38,1.0,0.02666903735313325,678,Are you sure this is what Chubby Checker meant?
591,5283,0,0,38,38,1.0,0.02666903735313325,678,We've got a crush on each other!
2005,5283,0,0,38,38,1.0,0.02666903735313325,678,Ain't love grand?  I's so wrapped up in you!
999,5283,0,0,38,38,1.0,0.02666903735313325,678,Now that's what I call necking!
901,5283,0,0,38,38,1.0,0.02666903735313325,678,I don't think this is how you play Twister...
894,5283,0,0,38,38,1.0,0.02666903735313325,678,I told you Alfred: 23 and Me has a better DNA testing program.
836,5283,0,0,38,38,1.0,0.02666903735313325,678,"Apparently, they used to call it necking."
800,5283,0,0,38,38,1.0,0.02666903735313325,678,They said this would be the best day of our lives
757,5283,0,0,38,38,1.0,0.02666903735313325,678,I told you I never wanted to play twister again.
679,5283,0,0,38,38,1.0,0.02666903735313325,678,So the witch doctors want their own caduseus?
627,5283,0,0,38,38,1.0,0.02666903735313325,678,How about we stick with role playing?
618,5283,0,0,38,38,1.0,0.02666903735313325,678,"""So, neither of us caught that fly?"""
589,5283,0,0,38,38,1.0,0.02666903735313325,678,The climate is still warming!
573,5283,0,0,38,38,1.0,0.02666903735313325,678,"Well, this is another fine caress you've gotten me into."""
572,5283,0,0,38,38,1.0,0.02666903735313325,678,OK. Next time just butterfly kisses and then straight to petting.
462,5283,0,0,38,38,1.0,0.02666903735313325,678,"I appreciate ""together forever"", but if we don't eat soon I think ""forever"" will be about next Thursday."
411,5283,0,0,38,38,1.0,0.02666903735313325,678,"Left--no, right.  Wait.  I meant counter-clockwise."
350,5283,0,0,38,38,1.0,0.02666903735313325,678,Star- crossed lovers.
345,5283,0,0,38,38,1.0,0.02666903735313325,678,"Stop saying, ""Wait! Look at me."""
277,5283,0,0,38,38,1.0,0.02666903735313325,678,Whoever’s last’s first.
260,5283,0,0,38,38,1.0,0.02666903735313325,678,"I know that I'm new to this, but aren't we just supposed to butt each other with our horns for a few minutes and then go home?"
218,5283,0,0,38,38,1.0,0.02666903735313325,678,This is the last time we try yoga
173,5283,0,0,38,38,1.0,0.02666903735313325,678,"Stop moving your feet,  I'll turn my head to the left, you turn your head to the left, then..."
162,5283,0,0,38,38,1.0,0.02666903735313325,678,I propose a truce.
131,5283,0,0,38,38,1.0,0.02666903735313325,678,Truce?
5244,5283,0,0,38,38,1.0,0.02666903735313325,678,Honey- I do get a kick out of you.
1031,5283,0,0,38,38,1.0,0.02666903735313325,678,It's the new Keto.
1053,5283,0,0,38,38,1.0,0.02666903735313325,678,"Raised by cobras, they had twisted mating rituals"
1095,5283,0,0,38,38,1.0,0.02666903735313325,678,Last time I offer a free hug.
1111,5283,0,0,38,38,1.0,0.02666903735313325,678,"You said, 'For Old Time's Sake, Let's all do the Twist.'"
2000,5283,0,0,38,38,1.0,0.02666903735313325,678,Who have you been with that taught you that?!
1957,5283,0,0,38,38,1.0,0.02666903735313325,678,The nucleotides pairs connect each other along a similar arrangement...
1954,5283,0,0,38,38,1.0,0.02666903735313325,678,I think you have to pull...
1939,5283,0,0,38,38,1.0,0.02666903735313325,678,"Ok, so that’s how the DNA works.  I see. 
So how does the RNA copy the genes?"
1933,5283,0,0,38,38,1.0,0.02666903735313325,678,You were the one who wanted to try necking.
1911,5283,0,0,38,38,1.0,0.02666903735313325,678,I  knew partner yoga was a bad idea.
1909,5283,0,0,38,38,1.0,0.02666903735313325,678,I don't understand why human teenagers are over the moon about necking!
1894,5283,0,0,38,38,1.0,0.02666903735313325,678,How about if we leave 'hot snake sex' to the snakes?
1875,5283,0,0,38,38,1.0,0.02666903735313325,678,Wow! Best necking I’ve ever done!
1871,5283,0,0,38,38,1.0,0.02666903735313325,678,The Gyraffe. Mascot of the new Sycophant Party. It follows their leader wherever he goes.
1838,5283,0,0,38,38,1.0,0.02666903735313325,678,Myself vs. my Internet Self: an Existential Crisis
2027,5283,0,0,38,38,1.0,0.02666903735313325,678,Fourth time's the charm?
1789,5283,0,0,38,38,1.0,0.02666903735313325,678,"You know what? I think he meant ""ark."
1621,5283,0,0,38,38,1.0,0.02666903735313325,678,Are you sure this is how you make babies?
1543,5283,0,0,38,38,1.0,0.02666903735313325,678,Do you know what necking means?
1489,5283,0,0,38,38,1.0,0.02666903735313325,678,your left is my right!
1433,5283,0,0,38,38,1.0,0.02666903735313325,678,I hope you know a really good masseur.
1374,5283,0,0,38,38,1.0,0.02666903735313325,678,It's too early in our relationship for necking.
1316,5283,0,0,38,38,1.0,0.02666903735313325,678,You sure this is a good idea?
1281,5283,0,0,38,38,1.0,0.02666903735313325,678,Should we be proud of this?
1213,5283,0,0,38,38,1.0,0.02666903735313325,678,Now we’ll have na intertwention again...
1174,5283,0,0,38,38,1.0,0.02666903735313325,678,"Seems we've found ourselves in a bit of a twist."" 

""Seems like it, Harold. It's going to be a pain in the neck to get ourselves out."""
1143,5283,0,0,38,38,1.0,0.02666903735313325,678,"No, you turn to the right"
1127,5283,0,0,38,38,1.0,0.02666903735313325,678,"Gee Raf,necking with you is more twisted than I imagined."
1751,5283,0,0,38,38,1.0,0.02666903735313325,678,Didn’t I Say No Entanglements!
5379,5283,0,0,38,38,1.0,0.02666903735313325,678,"I really don't think this counts as ""acro-yoga,"" Stan..."
