target_id,rank,funny,somewhat_funny,unfunny,count,score,precision,contest,caption
3687,1,7260,4279,2474,14013,2.341539998572754,0.006422594733132044,683,"Publicly, we're still saying there are no side effects."
1327,2,5273,5187,3677,14137,2.1128952394425973,0.006624504854497267,683,You all remember Phil — we used to hang out under his bed.
4082,3,4479,4492,3981,12952,2.038449660284126,0.007093704201400885,683,This is a good point to stop the meeting; I see that lunch has arrived.
4290,4,4147,4123,3761,12031,2.032083783559139,0.007386000331239282,683,"Suddenly,  Jeff realized he should have posted his resume on other sites besides monster.com"
3608,5,3675,4896,3550,12121,2.0103126804719085,0.0070122863644871735,683,Dr. Smith here will explain what went wrong with the clinical trial.
5568,6,3632,4790,4104,12526,1.9623183777742297,0.007013960967668868,683,"Do we need to discuss diversity, or are we good?"
4765,7,3537,4154,4203,11894,1.9440053808643014,0.007379246688122242,683,"Good, Human Resources is here."
4978,8,3862,3469,4667,11998,1.9329054842473745,0.007673240514365354,683,Apparently we’re the only people willing to work in the White House during Trump’s second term.
2965,9,3199,3721,3969,10889,1.9292864358526953,0.007745958327261175,683,He’s an attorney. Of course he’s cold-blooded.
5541,10,2241,3029,2872,8142,1.9225006140997298,0.008740708150934052,683,"He brings a fresh perspective, and frankly, we need his opposable thumbs."
2442,11,1454,1982,2107,5543,1.8821937578928378,0.01064971273525777,683,"Love your Halloween costume, Ed.
Creepy. Take a seat."
1136,12,1212,1322,1716,4250,1.8814117647058823,0.012602864652113632,683,Let’s open with the pronouns each of us feel comfortable with
2385,13,2538,3806,3779,10123,1.877407883038625,0.007756645374990286,683,"Everyone I would like you to meet Andy, our diversity hire."
4222,14,576,960,900,2436,1.8669950738916257,0.015542496815532847,683,"Mr. Morris is here to discuss why there's a problem with the facial identification software."""
4681,15,1304,1396,1972,4672,1.8570205479452055,0.012072317472637878,683,"I know you're skeptical, but he claims he can cure our reptile dysfunction."
539,16,2444,2574,3855,8873,1.8409782486194073,0.008784429496323255,683,Didn't we order Chinese?
4922,17,91,139,152,382,1.8403141361256545,0.04003364986606062,683,Welcome Bob to the team. He'll be with us until about lunchtime.
423,18,2243,2577,3638,8458,1.8350673918183968,0.008888276080260655,683,The ambassador from earth says they will not try to colonize Mars if we provide dirt on Joe Biden.
40,19,1609,2633,2783,7025,1.8328825622775802,0.009221300762291714,683,Don't you guys remember Timmy?  We all used to hide under his bed.
4114,20,1689,2056,2795,6540,1.8308868501529052,0.010023886854482925,683,"Obviously, half of you received a placebo."
5626,21,858,1403,1501,3762,1.8290802764486975,0.012607912526015732,683,"Now let's not make the same mistake we did last week.  This is our waiter.  He's not our lunch, he gets our lunch"
5462,22,1844,2478,3234,7556,1.816040232927475,0.009191020184609378,683,So the board still has no women?
5016,23,1426,2359,2608,6393,1.8151102768653213,0.009662794353499834,683,Take it easy now. We all looked like that on our first day.
4999,24,673,985,1202,2860,1.815034965034965,0.01474254207546059,683,"You know what they say, if you aren’t at the table, you’re on the menu."
5093,25,1732,3163,3386,8281,1.8002656683975364,0.008356110149370793,683,Mr. Reilly will serve as the face of our Company.
4994,26,1466,2262,2763,6491,1.800184871360345,0.009707520952227607,683,He was a rescue.
2895,27,1379,2139,2677,6195,1.7904761904761906,0.009930508651591839,683,"Now today team, Zogg has brought along his emotional support human."
5325,28,1272,1905,2486,5663,1.7856259932897758,0.010444464222601757,683,"All those in favor, raise something."
2299,29,734,1002,1413,3149,1.784375992378533,0.014206120548604602,683,"He may not look scary, but his kind is responsible for the destruction of a whole planet."
3382,30,1399,2513,2863,6775,1.783911439114391,0.009272179536089005,683,Looks like someone forgot that it was casual Friday.
4231,31,1652,3264,3536,8452,1.7770941788925698,0.008170269787576949,683,I'd like to introduce one of our human resources
5121,32,1068,2089,2392,5549,1.7613984501712021,0.010105830341484188,683,"So it's agreed, the bathrooms will be species neutral."
1399,33,746,1392,1740,3878,1.743682310469314,0.012182023004519128,683,So that’s six votes in favor of promoting Tim to partner and one vote in favor of eating him.
4121,34,1185,1308,2467,4960,1.741532258064516,0.011619121414631861,683,The Phase 2 antidote has failed
2035,35,641,1222,1544,3407,1.7349574405635457,0.01294868958484106,683,"They all do look alike, don't they."
3163,36,988,1650,2301,4939,1.734156711884997,0.010979302505265078,683,"He may not look like a monster at first glance, but this is the pharmaceutical rep I’ve been telling you about."
4209,37,693,1297,1674,3664,1.732259825327511,0.0125216763483159,683,Before we get started I believe we should address the Human in the room.
2149,38,893,1080,2016,3989,1.7184758084733016,0.01276670913376733,683,"Having exhausted the lobbyist pool, the Trump administration had to recruit from farther outside the swamp"
1118,39,400,597,964,1961,1.7123916369199388,0.017682646247598726,683,"I say let's be patient. After the next election, we could once again be somebody's worst nightmare."
5404,40,425,714,1058,2197,1.7118798361401912,0.016418898080447816,683,"Tom's a shapeshifter and a blood drinker. Or as the humans call him, a consultant."
2890,41,457,788,1182,2427,1.7012772970745778,0.015542989754658757,683,"Hope you're well-prepared, Chris. Because if you're not, this board will eat you alive."
4147,42,970,1539,2515,5024,1.6924761146496816,0.010921137336085792,683,Our ethos is ‘diversity without judgment’.
4007,43,252,494,705,1451,1.6878015161957272,0.019688562196715196,683,"Well, I see lunch has arrived."
4494,44,438,515,1071,2024,1.6872529644268774,0.01789382995564315,683,"Ok Jared, Ivanka, Mitch, Mike, Rudy, Time to put the suits back on"
174,45,544,962,1484,2990,1.68561872909699,0.013923094294164546,683,The core of our public relations problem is that the people see us as a bunch of corporate monsters.
4530,46,199,346,541,1086,1.6850828729281768,0.023164943216898316,683,Welcome to the swamp !
1360,47,682,1266,1919,3867,1.6801137832945436,0.012145514077085843,683,Did you hear that? He wants to know what we want for lunch.
2039,48,875,1617,2478,4970,1.6774647887323944,0.010716145142584902,683,All in favor of having Stan for lunch?
1495,49,451,708,1227,2386,1.67476948868399,0.015827876372858086,683,"Today's guest speaker is a white, middle-aged, male to talk to us about diversity in the workplace."""
4614,50,699,1214,2007,3920,1.666326530612245,0.012154572834741209,683,How 'bout we start by introducing ourselves and sharing our preferred pronouns?
3424,51,303,616,926,1845,1.6623306233062332,0.017303342706317934,683,"Hey everybody, this is my cousin Gary. He came out this year as human."
2718,52,272,587,851,1710,1.6614035087719299,0.017809826321188892,683,"Sooooo, whose imaginary friend is this little guy?"
5034,53,176,340,532,1048,1.6603053435114503,0.02313079085576782,683,"I know its pandering, but this is how we win Iowa and New Hampshire."
2659,54,221,541,727,1489,1.6601746138347884,0.018715247582800243,683,I would like to start by asking if anyone has dietary constraints.
4285,55,681,1530,2206,4417,1.6547430382612633,0.011000748066148978,683,This is Jerry.  He's not as scary as he looks.
240,56,443,830,1359,2632,1.6519756838905775,0.014635174865320545,683,"He's not a monster, he's our lawyer."
662,57,113,271,400,784,1.6339285714285714,0.025778515411171845,683,"this is Bob, ostensibly the top of the food chain."
1111,58,221,300,651,1172,1.6331058020477816,0.02281279307710646,683,"It's agreed. No one has to live under Trump's bed.
It's just too scary."
4706,59,208,429,710,1347,1.6273199703043801,0.02007830273636775,683,"Say hello to the Homo sapien, he's joining us as the newest member of the Endangered Species Club."""
4342,60,242,413,776,1431,1.6268343815513626,0.020002413440515208,683,"Trust me, he's one of us.  He convinced millions of parents not to vaccinate their kids!"
2891,61,447,741,1459,2647,1.61768039289762,0.01472720144882499,683,This is what we all looked like before climate change.
4469,62,176,295,584,1055,1.6132701421800948,0.023271745946175326,683,Meet Compassionate White Male.  Another mythical creature.
725,63,173,369,624,1166,1.6132075471698113,0.021408053639140265,683,That's an ugly word. I'd rather we refer to Larry as 'undocumented.'
2826,64,236,446,823,1505,1.609966777408638,0.019149616863369627,683,"We love you as an agent Jimmy, but we haven't had work since the bar scene in Star Wars!"
1226,65,303,606,1086,1995,1.6075187969924811,0.016489854435156274,683,"...and HR informs me he prefers ""human"" to '""fleshbag""."
4175,66,222,396,769,1387,1.6056236481614996,0.02008206471239591,683,According to Ancestry.com. this is our dad
1190,67,259,435,904,1598,1.5963704630788487,0.018807063912222154,683,"Okay team, I know WE'RE usually the monsters, but today we have a special guest - an executive from the ExxonMobil corporation!"
2256,68,280,442,963,1685,1.5946587537091987,0.01845235139404093,683,"Alright, girls. Who ordered the stripper?"
466,69,307,699,1220,2226,1.5898472596585804,0.01525452310279778,683,"Ted's not a monster, but he is a lawyer, so there's that."
2398,70,366,777,1428,2571,1.586931155192532,0.0143219932812219,683,"Good work all. Ah, lunch has arrived!"
739,71,300,722,1245,2267,1.5831495368328188,0.014969122607102215,683,"Great costume, Elliott!"
3951,72,210,267,702,1179,1.5826972010178118,0.02255713872216535,683,"And now please welcome the scariest monster of them all, a Republican US Senator!"
910,73,187,453,782,1422,1.5815752461322081,0.01887689897530454,683,"Like Andrew from H.R. said, ""Our human co-workers are not snacks. I'm looking at you, Dots."""
887,74,172,267,640,1079,1.5662650602409638,0.022881939840574305,683,"And, for our next visit to earth we've made an improved meat puppet to replace our last probe that somehow got elected President of the most powerful nation."
4843,75,183,321,719,1223,1.561733442354865,0.021127256205950868,683,This is Larry. His species has figured a way to destroy a planet AND turn a profit!
428,76,110,253,489,852,1.5551643192488263,0.024364372197475528,683,I see no reason to move our company out of Chernobyl.
1259,77,73,183,339,595,1.5529411764705883,0.028796727013515492,683,"Wow, these DNA ancestry sites sure do make for interesting family reunions!"
3989,78,151,299,651,1101,1.5458673932788374,0.021788075902645518,683,He looks harmless. I say we let them in. What could go wrong?
1963,79,190,388,829,1407,1.5458422174840085,0.01919386518169676,683,Can we talk about the elephant in the room?
4712,80,211,397,896,1504,1.5445478723404256,0.01875358636719963,683,Our lunch has arrived.
2682,81,201,392,867,1460,1.5438356164383562,0.018940781139868877,683,We brought in Henry for an outsider’s perspective. He is also lunch.
464,82,177,311,750,1238,1.537156704361874,0.020788118692034983,683,Oh my god... Lucas? From on top of the bed?
3344,83,86,194,404,684,1.5350877192982457,0.027062934089818136,683,We all remember our first day on Capitol Hill.
3957,84,141,349,690,1180,1.5347457627118644,0.020340106134803908,683,An alien walks into a meeting.
387,85,78,155,352,585,1.5316239316239317,0.029715160145824086,683,It's even uglier when it sheds.
4714,86,61,141,293,495,1.5313131313131314,0.03167024345325893,683,Well it looks like one of us didn’t ’drink the Kool-Aid’
811,87,106,259,523,888,1.5304054054054055,0.023451219492209425,683,I don't need to tell you that we halted the clinical trial early.
1821,88,140,322,673,1135,1.5303964757709252,0.020909060032647378,683,So I’ve hired Bill as our new PR person to put a more “human face” on the company.
1355,89,74,223,405,702,1.5284900284900285,0.025616911349334633,683,He wants to talk to us about reflooding the swamp.
1746,90,109,223,503,835,1.5281437125748503,0.024735671572571886,683,We found him under our kid's bed. Explains the nightmares.
2033,91,124,298,612,1034,1.5280464216634428,0.021758568303795016,683,There used to be more of these before the climate changed.
4239,92,109,233,513,855,1.527485380116959,0.0242984785260559,683,"If we're all here, who is under Tommy's bed?"
383,93,64,170,331,565,1.527433628318584,0.029044966013333368,683,"In light of recent events, Bob will now be the face of the company."
3458,94,131,327,660,1118,1.5268336314847943,0.020807920736421733,683,We’ll adjourn.  Lunch has arrived.
584,95,116,303,599,1018,1.5255402750491158,0.021662593972802534,683,We were just discussing the evolution of the company.
4136,96,126,237,570,933,1.5241157556270097,0.02360973132987611,683,"Don’t worry, nobody’s draining anything. The swamp is a very important part of our base."
4768,97,118,288,595,1001,1.5234765234765235,0.0220275529419337,683,We all looked like you when we started here.
685,98,62,155,316,533,1.5234521575984992,0.030103062307725324,683,Doesn't Dave look delicious in his new suit?
844,99,112,329,621,1062,1.5207156308851224,0.020833111147992828,683,"He’s not easy on the eyes, but Ted’s a monster salesman."
2159,100,120,278,598,996,1.5200803212851406,0.02220418350094165,683,"Ok, everyone meet Bob. Apparently we all used to live under his bed.”"
4707,101,85,206,435,726,1.5179063360881542,0.025833395727562793,683,"Striped tie? You're always pushing the envelope, Dan."
1959,102,120,277,608,1005,1.5144278606965174,0.022060172306132844,683,"I’d like you all to say hello to Bob, our new Director of Diversity."
2722,103,129,210,571,910,1.5142857142857142,0.02422193865699944,683,"So, any other side effects to our new erectile dysfunction drug?"
836,104,125,246,594,965,1.5139896373056996,0.02297553379296301,683,"We've hired Mr. Bettelheim, here, as a consultant to address our 'brand' problem here at Seuss, Sendak and Rowling."
4871,105,92,227,481,800,1.51375,0.02450539358525916,683,"And some, we assume, are good people."
1178,106,61,157,326,544,1.5128676470588236,0.02954844726553172,683,"Of course we have a board room. We're monsters, not animals."
3532,107,100,264,543,907,1.5115766262403527,0.022785426488734245,683,"This is Bob from Earth, he's our insider on the hostile takeover."
4866,108,108,257,564,929,1.5091496232508073,0.022800303366652227,683,That makes 4 votes to let Bob lead today’s diversity training session and 3 votes to eat him.
3177,109,95,209,480,784,1.5089285714285714,0.02507376650562779,683,Shall we talk about the elephant in the room?
111,110,87,209,458,754,1.5079575596816976,0.025266334519356278,683,We can't be any scarier than the last administration.
2857,111,94,261,530,885,1.5073446327683615,0.02287026747772987,683,Very scary John. You almost look human.
4719,112,99,223,508,830,1.5072289156626506,0.02427481282256035,683,Everyone good with splitting the waiter?
3152,113,115,212,546,873,1.5063001145475372,0.02426487163824241,683,Lunch is here.  Who ordered accountant?
5620,114,42,170,291,503,1.5049701789264414,0.02882055034192947,683,"Dave, we know it's your first day, but we do have a dress code."
1361,115,98,244,532,874,1.5034324942791761,0.023307411002990358,683,I think we've filled our diversity quota.
5571,116,107,201,517,825,1.503030303030303,0.024863334134686423,683,I thought you ordered Chinese.
3936,117,97,281,567,945,1.5026455026455026,0.02196115615991199,683,Let me introduce our new Diversity Officer.
676,118,120,191,547,858,1.5023310023310024,0.024861690833857912,683,And that’s when Frank realized he brought the wrong brownies for lunch.
1849,119,60,149,327,536,1.501865671641791,0.0297615795821206,683,"I've called you all in to this focus group to discuss the Human Race. Are they worth saving? Bob, your thoughts?"
3678,120,67,125,326,518,1.5,0.031367518178637505,683,"It's the job of this committee to determine what's funny, and we don't care how long you've been submitting captions."
5307,120,89,174,441,704,1.5,0.02674469434869263,683,"So we're going with ""Side effects include fatigue, nausea and transfiguration into alien form."""
3683,122,82,212,459,753,1.49933598937583,0.024941288607790164,683,Some side effects are always possible when you begin a new medication
229,123,97,218,512,827,1.498186215235792,0.02422102471747389,683,I see lunch has arrived
4890,124,86,132,395,613,1.495921696574225,0.029443938176096217,683,“He’s from a small planet on a distant galaxy and he wants us to help his dad ‘get something’ on somebody named Joe Biden.”
1329,125,105,183,506,794,1.4949622166246852,0.025470558825605744,683,"This is Gary, he's our appetizer..."
2201,126,84,208,470,762,1.4934383202099737,0.02486307801198884,683,"Nice costume, Frank."
1456,127,72,179,404,655,1.4931297709923663,0.026802030144638184,683,And now a word from the man who brought us genetic engineering
587,128,86,204,474,764,1.4921465968586387,0.0249526212679316,683,"Excellent, lunch is here."
1493,129,85,203,471,759,1.4914361001317522,0.025004104656443305,683,"I know you wanted Mexican or Chinese, but American isn't that bad."
4758,130,46,159,307,512,1.490234375,0.028994639242978154,683,"Larry's new, but he'll evolve."
586,131,93,178,472,743,1.4899057873485868,0.025964795278137148,683,"As you can see, lunch has arrived."
3308,132,61,138,332,531,1.4896421845574388,0.030083151887474596,683,"He’s not our usual kind of slimy, but he did work on Wall Street."
2317,133,85,177,447,709,1.4894217207334273,0.026298547521976145,683,This is Bob. He saw our listing on Monster.com.
3761,134,72,97,325,494,1.4878542510121457,0.03313719885952388,683,Why are we having all these people from shithole places coming here?
4502,135,80,195,453,728,1.4876373626373627,0.025416134576398203,683,"If you're not at the table, you're on the menu."
488,136,65,190,403,658,1.486322188449848,0.026094935754624394,683,"...I’m kidding, he’s here to audit us"
4389,137,74,165,405,644,1.486024844720497,0.027311302545005085,683,"He said that he wanted to work  where his 'white, male privilege' wasn't an issue."
358,138,77,212,465,754,1.4854111405835544,0.02455530649452499,683,This is the monster I was telling you about.
5043,139,116,117,486,719,1.4853963838664812,0.02823639539591716,683,Don't believe what you see- it's a fake vision.
5146,140,78,176,431,685,1.4846715328467153,0.026421633668079817,683,Let's all welcome Ted to the Extinct Species Group!
3618,141,72,197,435,704,1.484375,0.025421099700572,683,"We are going to take a break now because, as you can see, lunch just arrived."
3676,142,77,171,423,671,1.4843517138599105,0.026745436990154275,683,"Our guest will read excepts from his new book ""Where the Mild things Are."""
872,143,89,158,447,694,1.484149855907781,0.027027668010358538,683,"This is Glenn, from auditing. He has scared far more people than all you monsters combined."
2542,144,86,163,443,692,1.4841040462427746,0.026853901557681997,683,"Don't worry, President Trump is not really draining the swamp."
3668,145,55,138,320,513,1.4834307992202729,0.030108865390490732,683,It appears the fence was not all that effective
4243,146,72,183,424,679,1.4815905743740796,0.02609653273962983,683,Mr. Darwin would like to ask a few questions
1667,147,75,166,419,660,1.4787878787878788,0.02689897847078001,683,"Sorry Ted, you want the third floor. This is Inhuman Resources."
3918,148,65,184,407,656,1.478658536585366,0.026144497870989346,683,"Remember, talk slowly and keep it simple."
2809,149,54,100,281,435,1.4781609195402299,0.03386741962504779,683,Who’s this weirdo!!
1253,150,65,182,406,653,1.4777947932618682,0.02623010764395642,683,Mr. Darwin will be helping us with the selection process.
771,151,69,167,403,639,1.4773082942097027,0.027010027390366332,683,This meeting of the Chernobyl Alumni Association will now come to order.
4162,152,49,126,295,470,1.476595744680851,0.031248467054284513,683,"Mr. Darwin, I believe, has a few questions."
371,153,69,166,403,638,1.4764890282131662,0.027039948777636217,683,Looks like lunch is here....
4633,154,74,148,403,625,1.4736,0.027910773583891973,683,We're helping the President build a different kind of swamp.
937,155,38,134,272,444,1.472972972972973,0.030807078683691203,683,Here's the human I was telling you about -- he survived climate change because he was on a mission to Mars.
2575,156,50,144,322,516,1.4728682170542635,0.02933112982198526,683,"The question is, can he adapt?"
4889,157,49,123,296,468,1.4722222222222223,0.03133811276201676,683,"Before we adjourn forever, let’s thank Jeff for dreaming us."
3032,158,71,142,389,602,1.4717607973421927,0.028409969486611487,683,Greg enjoyed morning briefings more when he was high as a kite.
231,159,60,166,381,607,1.471169686985173,0.02715504888386231,683,"Since it's Chuck's nightmare, I say we let him chair."
3415,160,71,141,389,601,1.4708818635607321,0.028443658129305317,683,"If you don't have a seat at the table,you're on the menu."
677,161,64,157,385,606,1.4702970297029703,0.027584246781907937,683,"You're a token, get used to it."
2901,162,62,159,381,602,1.4700996677740863,0.02751753446667651,683,"I've been told we've been lacking the ""human touch."""
2947,163,57,104,304,465,1.4688172043010752,0.032635292786964615,683,Welcome to the Forum of American Monsters. President Trump will be joining us shortly.
1895,164,79,116,390,585,1.4683760683760683,0.02981350126930966,683,Congrats on the scariest Halloween costume yet: a Republican
115,165,64,137,365,566,1.4681978798586572,0.02899914661693745,683,"It's unanimous, then
 We will deny that our E.D. medicine causes any side effects!"
3445,165,63,139,364,566,1.4681978798586572,0.028891112824789508,683,Good news everyone!  The Far Side is coming back and full employment won't be far behind
2989,167,59,155,370,584,1.4674657534246576,0.027813280800467077,683,Do we hire it or eat it. Let's vote.
1467,168,64,126,354,544,1.4669117647058822,0.029861537014643814,683,Bill is a special emissary from Washington D.C. He wants to know if we have have any dirt on the Bidens.
289,169,70,119,366,555,1.4666666666666666,0.030076351131190785,683,"On advice of counsel, I will not be hiding under Timmy's bed this evening."
2810,170,59,145,360,564,1.4663120567375887,0.028524551782866947,683,"That’s the best Jared Kushner costume I’ve seen this season, Yarog."
804,171,54,155,357,566,1.4646643109540636,0.027892464485829927,683,"Wayne is here to discuss diversity and tolerance. 

Don't eat this one."
5401,172,53,123,317,493,1.4645030425963488,0.030701490522955458,683,"If it’s Sunday, it’s eat the press!"
799,173,42,139,300,481,1.4636174636174637,0.02969681821068785,683,"Thank you, Bob. Mansplaining is new to us,
but I guess we'll get used to it."
74,174,70,115,367,552,1.4619565217391304,0.030189236257069166,683,"I'd like to introduce Larry, the monster on top of the bed."
3569,175,58,137,353,548,1.4616788321167884,0.029005777657103705,683,"On earth they call this ""affirmative action"" ."
1679,175,55,143,350,548,1.4616788321167884,0.02865866112688585,683,Our new hire's from Earth. But keep him off the books: He's a undocumented alien.
496,177,61,130,355,546,1.4615384615384615,0.029427688811929042,683,Gary is going to help with our expansion into the vital attic and closet markets.
5055,178,53,142,343,538,1.4609665427509293,0.02880301076751831,683,We hired him on Monster.com.
408,179,45,113,283,441,1.4603174603174602,0.03206906356519702,683,"I've brought in a human to speak to us 
about the new meat alternative."""
29,180,42,83,239,364,1.4587912087912087,0.036328432440324035,683,"Everyone, meet Bob. We've brought him 60 million light years from his home planet to teach us PowerPoint."
4722,181,39,86,233,358,1.458100558659218,0.036133952925556365,683,"We've listened to your excuse ""I'm only human"" for the last time!"
3327,182,55,125,333,513,1.4580896686159843,0.03006076123448564,683,"Yes, the job's a nightmare, but we offer free dental."
3476,183,50,139,333,522,1.4578544061302683,0.029054011194568137,683,Everybody o.k. with Italian?
2017,184,53,136,340,529,1.4574669187145557,0.02914725573228999,683,"If we drain the swamp, where will we go?"
1182,185,50,140,335,525,1.457142857142857,0.028932649343913337,683,You wanted diversity – this is what diversity looks like.
4202,186,51,134,332,517,1.4564796905222437,0.02937983185711643,683,"We're hoping he's going to explain to us why they wear ""clothes""."
689,187,36,111,254,401,1.4563591022443891,0.03269734676688607,683,"Don’t bring your white male privilege in 
here Brad ."
4428,188,49,94,278,421,1.4560570071258907,0.033836023025779,683,I'd like to introduce a young up-and-comer to the group. This is Jared.
5038,189,26,107,216,349,1.4555873925501432,0.03377684777056718,683,And Ted will be helping us improve our people skills!
3274,190,49,136,329,514,1.4552529182879377,0.02924185554219559,683,Disregard his hideous looks and remember he’s a computer whiz.
3478,190,60,114,340,514,1.4552529182879377,0.03063527295012202,683,Who ordered take-out?
2494,192,63,104,339,506,1.4545454545454546,0.0313695867723403,683,I’d like to welcome a new member to the Extinct Society. Say hello to to the last living Republican.
4607,193,44,145,324,513,1.4541910331384016,0.02862204882333116,683,I’ll keep this brief. I know how swamped you all are.
4359,194,43,145,321,509,1.4538310412573674,0.028644823702774984,683,Looks like HR sent us an actual human resource.
4976,194,56,119,334,509,1.4538310412573674,0.030349269990165444,683,This is Dave. He’ll be providing lunch.
4974,196,49,127,320,496,1.4536290322580645,0.029997655750561996,683,"Oh good, the exotic dancer is here!"
866,197,49,125,319,493,1.4523326572008113,0.030125441868058198,683,Help yourself to the mushrooms. Then join us.
5030,198,44,86,255,385,1.4519480519480519,0.03521742136875115,683,This cabinet was vetted by the White House.
4538,199,44,133,313,490,1.4510204081632654,0.029556809405715794,683,"Meet our new intern, Mr. Sendak."
1264,200,36,121,271,428,1.4509345794392523,0.031205929433062968,683,"First, the good news. The experiment was a success! That’s also the bad news."
443,201,53,112,321,486,1.448559670781893,0.03097923775674743,683,"All in favor of Ralph joining us for lunch say, ""yum""."
4869,201,40,138,308,486,1.448559670781893,0.02914460732519738,683,Let the record show we have met our diversity goals.
2453,203,48,121,315,484,1.4483471074380165,0.030376488065280316,683,"Bob from R&D is here today to introduce a new concept called ""clothing."""
1829,204,29,130,261,420,1.4476190476190476,0.030326444816132413,683,He represents a market we can no longer ignore.
1472,205,39,104,264,407,1.4471744471744472,0.03287742770877881,683,I know what you all must be thinking. He hasn't lost his humanity yet.
1217,206,48,116,311,475,1.4463157894736842,0.030785197984986426,683,Lunch has finally arrived.  And so fresh.
3536,207,49,113,311,473,1.4460887949260042,0.031023560710547425,683,And now a report from human resources.
5578,208,45,108,291,444,1.445945945945946,0.03186387744926274,683,"His name is Steven Spielberg, and he says he can make us all rich and famous"
3283,209,42,126,303,471,1.4458598726114649,0.030085438467271096,683,"This is Kenny, our new Diversity & Inclusion officer."
5138,210,32,90,224,346,1.4450867052023122,0.03538425213960724,683,"I know what you’re thinking, but Pete is an absolute beast when it comes to spreadsheets."
4118,211,48,109,305,462,1.4437229437229437,0.03140336900868181,683,There is nothing scarier than being audited.
5025,211,36,133,293,462,1.4437229437229437,0.02955479666707958,683,Shall we give humanity a seat at the table?
4587,213,50,103,305,458,1.443231441048035,0.03190240663936552,683,"'They were out of donuts."""
205,214,38,126,292,456,1.4429824561403508,0.030143089757511683,683,He's a diversity hire.
1330,214,44,114,298,456,1.4429824561403508,0.031087662505752484,683,"Sydney's an attorney, so I'm sure he'll fit right in."
4703,216,36,82,230,348,1.4425287356321839,0.0361550298435209,683,"OK, be honest, who wet their pants when they first saw him?"
5600,217,40,119,292,451,1.441241685144124,0.030693142645405205,683,"Don’t worry about his appearance, he still has a reptilian brain."
4272,218,41,115,291,447,1.4407158836689038,0.03104786496083987,683,"As part of the new Diversity program, our new intern, Bob, will be starting today. Make him feel welcome and do not eat him."
2106,219,42,112,291,445,1.4404494382022472,0.031308468745138235,683,"No matter where you’re from, accountants always look the same."
5519,220,32,118,265,415,1.4385542168674699,0.03110063466138343,683,"If you want to blend in, lose the suit. We're business casual."
2758,221,21,79,176,276,1.4384057971014492,0.03806119795624698,683,He's the new affirmative action hire.
3088,222,39,114,285,438,1.4383561643835616,0.031159228968501082,683,Roger here is one of our diversity hires.
5507,223,43,103,286,432,1.4375,0.03213832574373439,683,Do any of these beings look like the one in your nightmare?
2161,224,29,129,270,428,1.4369158878504673,0.029891858700900473,683,Phil is here to help us with our image.
1769,225,50,86,290,426,1.4366197183098592,0.033632082859724605,683,Don't let his looks fool you. He worked at the White House. He's a true monster.
2712,226,40,99,271,410,1.4365853658536585,0.03284030171321746,683,Not scary? He's a climate scientist.
3265,227,37,113,279,429,1.435897435897436,0.031265558137190216,683,"Enough of ‘to err is human’ excuses, Ralph."
3554,227,42,103,284,429,1.435897435897436,0.03212472251888135,683,"So you've found where we are, Mr.Sendak!"
2280,229,42,98,280,420,1.4333333333333333,0.03260948350118009,683,"This cabinet meeting will come to order.  First, we'll hear from the Secretary of Homeland Security about the deportation of aliens."
5640,230,39,103,276,418,1.4330143540669857,0.03219082022254669,683,"Corporate says we have to display more diversity, so get this guy a chair and something to do."
4933,231,35,109,270,414,1.432367149758454,0.031680453685120784,683,I'm happy to report that productivity is up 20% since we hired someone with opposable thumbs.
5581,232,47,80,277,404,1.4306930693069306,0.03443517362872292,683,Jared here wants to know if we have another swamp monster to replace Rudy Giuliani.
1729,233,28,110,248,386,1.4300518134715026,0.031835003662701686,683,"""And now, Mr. Jones will be leading us in our annual diversity training session."""
5124,234,43,89,275,407,1.42997542997543,0.033528121087864085,683,"His DNA might say human, but he identifies as one of us!"
3104,235,43,88,274,405,1.4296296296296296,0.033647623972220486,683,So this is where the wild things went.
2058,236,34,105,264,403,1.4292803970223324,0.03208094663487341,683,Trust me. He's as weird as the rest of us.
3838,237,37,96,264,397,1.4282115869017633,0.033000015634809844,683,I’ve asked Bob from HR to join us for lunch.
4458,238,34,99,257,390,1.4282051282051282,0.03282752586400643,683,Everyone give a warm welcome to our token white guy.
980,239,34,91,247,372,1.4274193548387097,0.033946515283993735,683,"Our management consultant, here, is ready to discuss our Myers-Briggs results."
4741,240,28,88,221,337,1.427299703264095,0.034969662603710844,683,We have come to a consensus. You are officially on the endangered species list.
1096,241,42,83,266,391,1.4271099744245523,0.034325769782856286,683,I told you we should have built that wall!
5374,242,34,101,261,396,1.4267676767676767,0.03246630964792358,683,Let us welcome the newest member of our endangered species group.
2060,243,26,90,217,333,1.4264264264264264,0.03474273285491835,683,"Everyone, I just want to say how proud I am of the way we've brought employee diversity to a whole new level"
3772,244,39,90,265,394,1.4263959390862944,0.03355721199315789,683,Welcome to the first meeting of the Diversity Committee. This white man will take your lunch orders.
3311,245,40,84,261,385,1.425974025974026,0.0343205008492902,683,"No Frank, even if everyone thought Phil here looked delicious, it is completely inappropriate to say ""you look tasty"" or ""I'd love to eat you"" and does create a hostile work environment."
1737,246,23,63,170,256,1.42578125,0.0407853817116675,683,"When Earth sends its people, they're not sending their best..."
5567,247,33,100,257,390,1.4256410256410257,0.03261134819763639,683,Who brought their attorney?”
119,248,37,94,264,395,1.4253164556962026,0.03310359605820914,683,"Mr. Busby from HR will now say a few words about work place safety, how to enter and leave little Billy's bedroom without any more Workmans Comp injuries."
4409,249,41,83,264,388,1.425257731958763,0.03431702779640709,683,"This is Bill - fresh out of college, he’s going teach us old dinosaurs how to perform simple maneuvers on an iPhone."
2276,249,33,99,256,388,1.425257731958763,0.03272770306934536,683,"I am glad to announce that we've all received our green cards except for Ignatio, here."
129,249,30,105,253,388,1.425257731958763,0.03211143262104925,683,Mr. Henderson merely wishes to know which one of you ate his secretary?
5336,252,40,84,262,386,1.4248704663212435,0.034249255909239246,683,He usually works from home planet.
4078,253,29,77,212,318,1.4245283018867925,0.03668838683237831,683,What?  Too anthropomorphic?
2862,254,35,68,223,326,1.4233128834355828,0.03757425520151975,683,The Republicans decide to conduct their own impeachment inquiry.
409,255,30,94,240,364,1.4230769230769231,0.03356331154312156,683,"...AND, he says we would all own the swamp together and each get four weekends there every year!"
151,256,32,98,253,383,1.422976501305483,0.03280791343711316,683,Let's all welcome tonight's dinner guest.
2437,256,38,86,259,383,1.422976501305483,0.03403496819812084,683,"Oh, good, dinner is here."
4657,256,29,104,250,383,1.422976501305483,0.032176843319724764,683,"So, you're the diversity hire."
797,259,44,73,264,381,1.4225721784776904,0.035354448133127214,683,I've brought in Ted here to help us better understand what 'selling our soul to become a Trump cabinet member' really meant
1690,259,42,77,262,381,1.4225721784776904,0.03496153425360925,683,"Now, now, there's room for everyone at the table of Welikum, Raw, Bones & All."""
3578,261,37,92,264,393,1.4223918575063612,0.033207454812668666,683,Have you met Mr. Sendak?
5048,262,34,92,253,379,1.4221635883905013,0.03346644130124428,683,"'Boot-edge-edge.' It's pronounced ""Boot-edge-edge.'"
1786,262,36,88,255,379,1.4221635883905013,0.03388102072868641,683,Who's the weirdo?
4004,264,32,94,249,375,1.4213333333333333,0.03329009673613354,683,He's a part of our diversity policy.
2249,264,34,90,251,375,1.4213333333333333,0.03371573875521436,683,Guess who didn't get the 'Business Casual Friday' memo.
3235,266,30,79,221,330,1.4212121212121211,0.0359673379345503,683,The Supreme Court declared corporations are human beings but wait until you hear this.
4583,267,43,74,263,380,1.4210526315789473,0.035218245394807106,683,Our ride is here.  Put your human costumes on and let’s head back to the White House.
2945,268,30,96,245,371,1.4204851752021563,0.033101092495354,683,"Imagine, ears!"
3031,269,24,83,205,312,1.419871794871795,0.0357476698401487,683,This is not what we meant by Human Resources.
1437,270,32,93,249,374,1.4197860962566844,0.0333431554728478,683,"Stop drooling, Doug, we're not going to eat him right now. First, we have to pick his brain."
2301,271,34,99,265,398,1.4195979899497488,0.03230794008889402,683,"Let’s eat, I mean MEET our new cartoonist!"
3015,272,35,94,262,391,1.4194373401534526,0.03291550140738293,683,"Todd from marketing is rebranding us from scary monsters to diverse, under the bed companions."
3396,273,34,88,250,372,1.4193548387096775,0.03389742163882996,683,Good News!  Bill says our efforts are working - earth will soon be warm enough for all of us.
5407,274,32,89,244,365,1.4191780821917808,0.03392016659047161,683,"This is Rex, our new species conflict resolution manager."
2076,275,30,95,245,370,1.4189189189189189,0.03315349946796852,683,"He’s not extinct yet, but he’d like to join the waiting list."
4849,276,31,90,242,363,1.418732782369146,0.03382578609582422,683,"Let’s all welcome Joe, who brings our first opposable thumbs to our team."
2402,277,30,91,240,361,1.4182825484764543,0.03372796582239867,683,What do you mean you’re only human..? We’re sick and tired of that excuse!
3577,278,24,67,184,275,1.4181818181818182,0.03905130630774026,683,Don’t look at us... We all got vaccinated.
3917,279,29,95,242,366,1.4180327868852458,0.03317662658540459,683,Let's take a break - I see our lunch just arrived.
1324,280,37,77,248,362,1.4171270718232045,0.035210171002776756,683,"All in favor, raise your ... never mind just say ""aye""."
336,281,29,92,239,360,1.4166666666666667,0.033553128646497794,683,"So guys, this is my idea for this year’s Halloween costume trend"
4287,282,28,93,237,358,1.4162011173184357,0.03344807959747235,683,Find an open seat.  There’s no reason to feel alienated.
1700,283,32,84,240,356,1.4157303370786516,0.034505517207754535,683,"Deplorables, I'd like you to meet human scum"
4852,283,26,96,234,356,1.4157303370786516,0.03310104205165631,683,Mr. Brooks left his last company due to feelings of alienation.
4437,285,31,73,221,325,1.4153846153846155,0.03658279411800461,683,OK who ordered the human tartare?
5505,286,30,87,237,354,1.4152542372881356,0.03417625043567068,683,"Of course, we couldn't drain the entire swamp."
4378,287,20,73,180,273,1.413919413919414,0.03782264529528541,683,"He is not ""just"" a diversity hire."
4751,288,27,90,231,348,1.4137931034482758,0.033855975033597434,683,"If this is their leader, I don’t think we have much to worry about."
5001,289,33,77,236,346,1.4132947976878614,0.03543655907080833,683,"Jeff, the costume party is tomorrow."
4597,290,29,87,235,351,1.413105413105413,0.034129647606509605,683,Try not to judge him by his appearance.
694,291,24,73,196,293,1.4129692832764504,0.03729960978641307,683,"So we're agreed: no collusion, no obstruction, no quid pro quo."
2668,292,22,100,227,349,1.4126074498567336,0.032538087352865945,683,"Who, him? He's just my emotional support human."
2236,293,34,78,242,354,1.4124293785310735,0.03508071557827424,683,He is joining us from human resources
854,294,36,78,250,364,1.4120879120879122,0.0348184453902966,683,Don't give me that 'Darwin' crap! I didn't evolve from something that looks like that.
234,295,32,78,235,345,1.4115942028985506,0.035260313575146245,683,Lunch is here.
3411,295,25,92,228,345,1.4115942028985506,0.03354587068091284,683,"Relax guys, he's a lawyer."
4053,295,26,90,229,345,1.4115942028985506,0.03379611632772704,683,Welcome our lunch guest.
5066,295,29,84,232,345,1.4115942028985506,0.03453597538983734,683,He puts the ‘human’ in Human Resources!
4588,299,34,73,236,343,1.4110787172011663,0.0358825135510037,683,He's from the Space Force and wants to know what we have on the Bidens.
4764,299,23,95,225,343,1.4110787172011663,0.033166415084888275,683,"Friends, I’d like to address the human in the room."
4083,299,27,87,229,343,1.4110787172011663,0.034179069541611665,683,"Auditors, always the scariest person in the room."
1744,299,19,103,221,343,1.4110787172011663,0.032121852132713055,683,He's part of our affirmative action commitment.
1414,299,34,73,236,343,1.4110787172011663,0.0358825135510037,683,We’re here to address the ridiculous claim that our fracking is causing health issues!
4716,299,32,77,234,343,1.4110787172011663,0.03540417950135765,683,"Great . . .now that we're all here, who's under the bed tonight?"
562,305,28,84,229,341,1.4105571847507332,0.03456549013022785,683,I'd like to introduce Monster.com's new Chief Diversity Officer.
2801,305,26,88,227,341,1.4105571847507332,0.034062772996077594,683,Let's all welcome Bob to the diversity and inclusion committee.
1049,307,26,87,226,339,1.4100294985250736,0.03419824034574092,683,I am thrilled to present the captain of our new diversity initiative”
1446,307,29,81,229,339,1.4100294985250736,0.03495545577500175,683,I think we all agree that Johnson here has the best Halloween costume.
2440,307,31,77,231,339,1.4100294985250736,0.0354512818607,683,He has to guess which one of us is illegal.
3956,307,24,91,224,339,1.4100294985250736,0.03368397461132472,683,"I'd like to introduce Bob, our new director of diversity."
4473,307,31,77,231,339,1.4100294985250736,0.0354512818607,683,Just remember: we’re all ‘acting’ Cabinet members.
4856,312,30,78,229,337,1.4094955489614243,0.03534904555898626,683,And now here's Tim with an update from Area 51.
4334,312,30,78,229,337,1.4094955489614243,0.03534904555898626,683,Whoever doesn't have a seat at the table is on the menu.
1568,312,36,66,235,337,1.4094955489614243,0.036817551940287324,683,"Our press secretary will, once again, deny any rumors about Area 51"
3167,315,32,73,231,336,1.4077380952380953,0.0359088369536091,683,Bob here is the genius lawyer who got us the Ark exemptions.
4812,315,27,83,226,336,1.4077380952380953,0.0346497195458914,683,"I know, he freaks me out too."
5284,315,27,83,226,336,1.4077380952380953,0.0346497195458914,683,Today's brownbag will be Bob from Human Resources.
2043,318,24,86,219,329,1.4072948328267476,0.03436277092957339,683,"I know, I know, but my daughter intends to marry him in June."
4908,319,24,84,217,325,1.406153846153846,0.03464481180318879,683,"Yes, his membership in The Extinction Club is provisional, for now, but I'm confident he'll be full-fledged well before the next millennium."
163,320,26,80,220,326,1.4049079754601228,0.035102781363519645,683,"Hey, great costume, Ned!"
605,320,29,74,223,326,1.4049079754601228,0.03590035857109788,683,"It had been years since Simon, the accountant had checked on his imaginary friends and he was pleased to find them in the middle of a finance meeting."
1566,320,24,84,218,326,1.4049079754601228,0.03456083914012365,683,Please give a warm welcome to our very first Director of Human Resources.
4033,323,22,87,215,324,1.404320987654321,0.03414810193911883,683,I told you he was real.
2447,323,26,79,219,324,1.404320987654321,0.03524963402559284,683,I’ve decided to shake things up around here by bringing in some warm blood.
1733,323,33,65,226,324,1.404320987654321,0.03709869817800013,683,And this was our original form before genetic engineering.
106,323,28,75,221,324,1.404320987654321,0.03578768804191078,683,Our research indicates that this is what we will look like 100 million years from now.
993,323,32,67,225,324,1.404320987654321,0.03684022866757079,683,Carl is here for lunch.
57,328,26,78,218,322,1.4037267080745341,0.03539814207823347,683,Strange.. He has a tail on his neck!
1754,328,28,74,220,322,1.4037267080745341,0.03594060940182777,683,"I’ve got to hand it to you Bill, that is one scary costume."
4245,328,26,78,218,322,1.4037267080745341,0.03539814207823347,683,"Meet our new writer. He specializes in human interest stories, whatever those are."
4800,328,35,60,227,322,1.4037267080745341,0.03777795256123031,683,"It’s Okay, Rudy Sent Him."
1599,332,23,83,214,320,1.403125,0.03471176588464957,683,"This is Jeff, our new diversity consultant"
2828,332,21,87,212,320,1.403125,0.03414266740974795,683,Our commitment to diversity is evident.
11,334,26,76,216,318,1.4025157232704402,0.03570024292652687,683,"Before we take over their planet, Dan here needs to explain the intricacies of property law."
1349,334,27,74,217,318,1.4025157232704402,0.03597704037155683,683,Is it already “take your human to work” day again?
1579,334,30,68,220,318,1.4025157232704402,0.036794941235819695,683,He’s from ICE.  Anyone here undocumented?
3093,334,32,64,222,318,1.4025157232704402,0.03733025419568718,683,"Thanks everyone for taking the time to come along during your lunch break, and I'm sorry for the secrecy around the purpose of the meeting. You may not remember this man but he sure as sure remembers you. Greg, it's time to face your inner demons."
4669,334,28,72,218,318,1.4025157232704402,0.03625172441112599,683,"Okay, it looks like lunch has arrived."
5403,334,32,64,222,318,1.4025157232704402,0.03733025419568718,683,I motion to admit this honest congressman to The Society of Imaginary Beings.
4174,340,18,58,158,234,1.4017094017094016,0.04113127273913247,683,"Jeremy, here, is a legacy. And his father was delicious!"
2563,341,25,77,215,317,1.4006309148264984,0.03548285784804425,683,"This is Ted from the IRS.  I know he doesn't look it but, trust me, come April no one is scarier."
5396,342,32,62,221,315,1.4,0.03756839212081511,683,"We 're calling it the ""corporate lobbyist"". Sure, it's not as flashy and instantaneous as the gamma pulse death ray, but the R&D guys downstairs assure us it will be far more destructive."
5484,342,24,72,204,300,1.4,0.03657584779797275,683,"I know it looks uncomfortable, but it's just for the congressional hearing."
3084,342,27,72,216,315,1.4,0.0361978186444057,683,"I'm all for diversity in the boardroom, but bringing in a middle-aged white guy is a bit over the top..."
178,342,28,70,217,315,1.4,0.03647605347346794,683,He didn't quite catch on when I said he was invited for lunch. Who wants to break it to him?
333,342,24,78,213,315,1.4,0.035349976908836345,683,"I know, but unfortunately we are still required to have one human on the board."
949,347,27,71,215,313,1.3993610223642172,0.03635630997686463,683,"Our new intern Bob is a ""vegetarian.""  
That means that he doesn't taste like meat."
5212,348,25,73,210,308,1.3993506493506493,0.03619560371344658,683,"By my count, the predators have it. You vegans can eat his clothes."
4547,349,25,74,212,311,1.3987138263665595,0.0359440791127067,683,"It calls itself a 'human,' and our studies show it alone can destroy a world in just over 200,000 years!"
4654,349,23,78,210,311,1.3987138263665595,0.03536223057464065,683,We'd like to discuss your feeling alienated.
4537,351,23,72,201,296,1.3986486486486487,0.03659829156819637,683,"He can’t slash, or ooze, or teleport, or even feed on blood. Still, his parents are huge donors, so I say we give him a chance."
299,352,24,95,240,359,1.3983286908077994,0.03229437228345042,683,"On a lighter note, the suit here is concerned about the claw marks on the table."
3133,353,24,75,210,309,1.3980582524271845,0.035809184318849115,683,"Now that we’ve all had a good laugh, Dave can change out of his costume and we’ll get back to work."
2418,353,26,71,212,309,1.3980582524271845,0.03639130184294139,683,This is Ed. He's part of our diversity initiative.
3623,355,30,62,215,307,1.3973941368078175,0.03769987154553574,683,"Now that we're a majority of this zoo's board, do I hear a motion to open all cages and gates?"
3825,355,27,68,212,307,1.3973941368078175,0.03684306065819005,683,The business lunch special okay with everyone?
1917,357,17,87,201,305,1.3967213114754098,0.033970232825220555,683,"Hey everyone, meet my new friend John, a creationist."
2025,357,21,79,205,305,1.3967213114754098,0.0352172968179358,683,Fred is not on our menu this evening. He is on our endangered species list.
2812,357,30,61,214,305,1.3967213114754098,0.0378733530114395,683,He was previously a lawyer at the White House... he should fit right in.
2897,357,27,67,211,305,1.3967213114754098,0.037009186840660784,683,"I know some of you wanted me to order Indian for lunch, but I went with American."
5591,361,22,76,205,303,1.396039603960396,0.03567730452222583,683,"He's not a monster, but he thinks like one."
1921,361,25,70,208,303,1.396039603960396,0.03658468981453862,683,This model is called charmless bureaucrat.
2680,361,20,80,203,303,1.396039603960396,0.03505933652255923,683,"I know what you're thinking,but let's give him a chance."
3927,361,26,68,209,303,1.396039603960396,0.03688219108337784,683,I’d like to introduce our new Human Resources Director.
4275,365,24,71,206,301,1.3953488372093024,0.03644706539008598,683,"Yes, he's scary-looking. But let's not prejudge."
2953,365,22,75,204,301,1.3953488372093024,0.035834226475066656,683,"Get used to it,  guys - it's all about diversity"
4585,365,25,69,207,301,1.3953488372093024,0.03674965264857099,683,So we're all decided on lunch.
2709,365,26,67,208,301,1.3953488372093024,0.03704976874464992,683,I blame myself. I should have insisted on free vaccinations for all.
4625,365,24,71,206,301,1.3953488372093024,0.03644706539008598,683,All those in favor of tagging and releasing the species raise your right claw.
128,370,30,58,211,299,1.394648829431438,0.03840660366792469,683,"I'd like to introduce Stan.  Stan is from Roswell, New Mexico."
2424,370,25,68,206,299,1.394648829431438,0.036916612506444575,683,Please welcome the winner of this year’s Halloween costume contest.
3039,370,27,64,208,299,1.394648829431438,0.03751971014670298,683,"Yes, an Equal Opportunity hire."
4456,370,24,70,205,299,1.394648829431438,0.03661133832134749,683,"Everyone, say hi to Phil.  Phil is providing lunch for us today!"
5623,374,18,81,198,297,1.393939393939394,0.034872512458712146,683,Ronald will present the third quarter results. Let's not eat the messenger.
2946,374,19,79,199,297,1.393939393939394,0.035197189489120526,683,"After a rigorous hiring process, I decided to go with The Devil You Know."
1447,374,27,63,207,297,1.393939393939394,0.037694062263614395,683,He's with ICE and wants to see our papers.
517,377,28,58,205,291,1.3917525773195876,0.03853893499351655,683,"Polish, charm, a can-do attitude... from now on, we only eat MBAs."
5206,377,22,70,199,291,1.3917525773195876,0.03664768161383151,683,"Humans are good, they taste like chicken."
5320,377,32,50,209,291,1.3917525773195876,0.03974981097160482,683,"We regret that your ancestors were not chosen for the ark, but we cannot offer you reparations."
3824,380,18,79,197,294,1.3911564625850341,0.03508167281878014,683,Don’t laugh. He was born that way.
214,380,18,79,197,294,1.3911564625850341,0.03508167281878014,683,Say hi to Kevin; he’s our new inter-species intern.
770,380,22,71,201,294,1.3911564625850341,0.03638122703035241,683,Tech sent him over
1916,383,22,69,199,290,1.389655172413793,0.03671399594320487,683,"He’s my great, great, great, great, great nephew.  He’ll start in the mailroom, and no snide remarks on his looks."
5437,384,19,74,195,288,1.3888888888888888,0.03588593842187303,683,"As usual, we’ll wrap up with Bob’s always amusing update on human affairs."
4476,384,23,66,199,288,1.3888888888888888,0.03721004244247779,683,Meet our new head of Human Resources.
3191,384,23,66,199,288,1.3888888888888888,0.03721004244247779,683,"Ed is our new accountant. We need an accountant, so please don't eat this one."
2270,384,20,72,196,288,1.3888888888888888,0.036221502549681685,683,"This is Phil, our diversity hire."
1071,384,20,72,196,288,1.3888888888888888,0.036221502549681685,683,After he is here a while he won’t seem so scary
2382,389,21,69,196,286,1.3881118881118881,0.03672248688551815,683,"He’s white, he’s human-we think he’s electable."
4732,389,24,63,199,286,1.3881118881118881,0.03771142589432866,683,"Now I know none of us enjoy these diversity training exercises, but let's hear what Bill from HR has to say before we devour him."
659,391,22,66,196,284,1.3873239436619718,0.03722881610237961,683,"Nice costume, Fred. Where'd you find the tie?"
977,391,25,60,199,284,1.3873239436619718,0.03821828898009898,683,You'll trust me when I say he's loathsome where it counts.
3010,391,28,54,202,284,1.3873239436619718,0.03918278291224235,683,"The winner of this years ""Scariest Costume"" contest is Bill, who came cleverly disguised as a staunch Republican!"
5276,394,28,53,201,282,1.3865248226950355,0.039377041580435986,683,We finally hired the scariest monster of all: a white man with no relevant experience but lots of ideas for our company.
5610,395,16,75,187,278,1.3848920863309353,0.03564050761366396,683,"Don’t worry. As a lawyer, he’s barely human."
2009,395,23,61,194,278,1.3848920863309353,0.03810577119323497,683,I’m happy to report that our diversity initiative has been wildly successful.
1585,395,21,65,192,278,1.3848920863309353,0.03741798757105839,683,Did someone order a human from Grubhub?
803,395,26,55,197,278,1.3848920863309353,0.03911477731978185,683,"Monsters, I present to you one of the scariest creatures of all: a lawyer."
3331,399,22,68,201,291,1.3848797250859106,0.03657538608204072,683,"Trust me, he's a monster in the courtroom."
3293,400,26,63,210,299,1.3846153846153846,0.0371194079923251,683,And we're now live to the President's Cabinet meeting!
2872,401,16,74,186,276,1.3840579710144927,0.03580246181988714,683,So we bought the whole planet and this guy was part of the deal.
176,401,21,64,191,276,1.3840579710144927,0.0375974544089068,683,He won our last Caption Contest
769,401,26,54,196,276,1.3840579710144927,0.03931056961804515,683,Ah!  Lunch!
801,401,19,68,189,276,1.3840579710144927,0.036889939763622356,683,"Late again, Earth -- go get the coffee."
1211,401,17,72,187,276,1.3840579710144927,0.036168587662466806,683,He followed me here. Can I keep him?
1804,401,18,70,188,276,1.3840579710144927,0.0365310442586934,683,Jeff will add some much needed diversity to the board
2590,401,19,68,189,276,1.3840579710144927,0.036889939763622356,683,. . . and because he will be my acting Secretary he doesn't need senate confirmation.
4762,401,22,62,192,276,1.3840579710144927,0.037946265154332325,683,Finally will have some diversity on the board.
4863,401,20,66,190,276,1.3840579710144927,0.03724537712115097,683,He's from Human Resources.
5330,401,23,60,193,276,1.3840579710144927,0.03829189862485229,683,Meet Billy. He is not to be eaten.
1562,411,15,46,137,198,1.3838383838383839,0.04438077226035788,683,He's an illegal alien but aren't we all.
2173,412,24,72,217,313,1.3833865814696487,0.03534427487850866,683,"First things first:  you can’t eat Joe, our new diversity hire."
2695,413,19,67,188,274,1.3832116788321167,0.03706476953595275,683,"Sorry, I’m late. Took me light years to get here."
4074,413,29,47,198,274,1.3832116788321167,0.04051135237065709,683,"I'd like to introduce our new legal council, Rudy Giuliani.  Rudy here specializes in representing monsters"
2599,413,20,65,189,274,1.3832116788321167,0.03742371432351306,683,Rudy here says he has no problem representing slimeballs.
5292,413,24,57,193,274,1.3832116788321167,0.038826323619761086,683,"Hey everybody, I finally found the guy who's been hiding on top of our beds."
4919,413,23,59,192,274,1.3832116788321167,0.03848046456075852,683,"Yeah, he looks harmless at first. But then the entitlement comes out!"
1966,413,19,67,188,274,1.3832116788321167,0.03706476953595275,683,This is our new hire in marketing. He’s got some great ideas that will give the firm a human face.
1565,413,26,53,195,274,1.3832116788321167,0.03950895989336682,683,Shall we get this presidential cabinet meeting started?
915,413,22,61,191,274,1.3832116788321167,0.03813146862890501,683,"We're phasing out hiding in closets at night, but here's Hank to tell us how to annoy people on buses."
809,413,18,69,187,274,1.3832116788321167,0.03670231447386753,683,"And for Bring an Alien to Work Day, I've brought Sid..."
798,413,30,45,199,274,1.3832116788321167,0.0408400162085444,683,"Interplanetary Impeachment council
gathered to vote on the impeachment of Trump from the galaxy."
736,413,18,69,187,274,1.3832116788321167,0.03670231447386753,683,Our company is evolving Jake.  Don't be left behind.
2203,424,14,62,159,235,1.3829787234042554,0.03897484160009669,683,"Its called a human. 
We're told they do not feel pain the same way we do."
4199,425,20,64,188,272,1.3823529411764706,0.037604368567348945,683,"This is Allen, our new assistant manager -- or if he doesn't work out, lunch."
4024,425,23,58,191,272,1.3823529411764706,0.038671519341128544,683,We finally have a species on the team who knows how to wreak havoc at scale.
3504,425,16,72,184,272,1.3823529411764706,0.03613250667030098,683,"His preferred pronouns are he, him, his."
3273,425,21,62,189,272,1.3823529411764706,0.03796341870296247,683,Oh thank goodness. We're finally getting some diversity in this office!
3002,425,22,60,190,272,1.3823529411764706,0.038319104685311474,683,Again with the clothes!
1927,425,22,60,190,272,1.3823529411764706,0.038319104685311474,683,"Don't worry, he's more afraid of us than we are of him."
1635,425,16,72,184,272,1.3823529411764706,0.03613250667030098,683,I guess SOMEONE decided to dress up for Halloween.
4343,425,20,64,188,272,1.3823529411764706,0.037604368567348945,683,"Oh boy, look what corporate brought in"
1501,425,23,58,191,272,1.3823529411764706,0.038671519341128544,683,"Ok, so you guys wanna split this one or get a few more?"
984,425,20,64,188,272,1.3823529411764706,0.037604368567348945,683,"Oh great, another affirmative action hire..."
300,425,25,54,193,272,1.3823529411764706,0.03936688528047548,683,"Please welcome our newest monster: ""Creature of Habit."""
1880,425,24,56,192,272,1.3823529411764706,0.03902075130515426,683,I’d like to convene the meeting of the survivors of the Trump cabinet.
4917,425,21,62,189,272,1.3823529411764706,0.03796341870296247,683,Let's show the new guy we're not a bunch of monsters.
1799,438,28,47,195,270,1.3814814814814815,0.04059779913164041,683,"And it's fair to say, that none of us would even be here without the Administration's de-regulation of pesticides."
1923,438,16,71,183,270,1.3814814814814815,0.036300679445477664,683,Welcome to human sensitivity training.
4806,438,22,59,189,270,1.3814814814814815,0.038509223716769125,683,HR has advised that we may no longer use Monster.com as our sole recruiting channel.
1664,438,22,59,189,270,1.3814814814814815,0.038509223716769125,683,Let's give a warm welcome to our newest White House hire.
4835,442,18,66,184,268,1.3805970149253732,0.03722948799869577,683,"We're pretty informal here, George.  Once you take off those clothes, I'm sure you'll fit in nicely with the other Directors."
5218,442,16,70,182,268,1.3805970149253732,0.03647100907205188,683,"Diverse teams are high-performing teams, so let’s welcome Alan!"
4584,442,18,66,184,268,1.3805970149253732,0.03722948799869577,683,"Don't worry, he won't eat you."
692,442,23,56,189,268,1.3805970149253732,0.03906130388790661,683,Let's all give a big Trump White House welcome to our newest cabinet member.
1780,442,24,54,190,268,1.3805970149253732,0.03941745296666261,683,"Don't worry, he's our lawyer, he's just as slimy as the rest of us."
2089,442,19,64,185,268,1.3805970149253732,0.03760299075340555,683,And this is our candidate for a new species.
2760,442,22,58,188,268,1.3805970149253732,0.038701877531558036,683,"HR needs our pronouns.  Everyone still using 'it'?"""
3377,442,25,52,191,268,1.3805970149253732,0.03977041281323001,683,"I know he's no monster, but he is an attorney which is the best we could do on short notice."
3571,442,18,66,184,268,1.3805970149253732,0.03722948799869577,683,It will have to lose the suit.
3024,451,23,57,191,271,1.3800738007380073,0.03874701442011238,683,It's tradition for new employees to lick the reactor.
3505,452,17,64,177,258,1.37984496124031,0.037806887581852265,683,This meeting looks like a New Yorker cartoon.
558,453,17,67,182,266,1.3796992481203008,0.03702866192097629,683,Tim is here to humansplain the pitfalls of corporate diversity initiatives.
4529,453,23,55,188,266,1.3796992481203008,0.03926014157762641,683,Rudy here says his boss will give us the Earth if we just eat all the Democrats.
3404,455,22,56,186,264,1.378787878787879,0.03909500412191422,683,"Look at him, wearing a suit on casual Friday."
3633,455,18,64,182,264,1.378787878787879,0.03759253515995496,683,"This might be a good time to remind everyone of the new company policy, no eating the interns."
386,457,18,68,189,275,1.3781818181818182,0.03655160443060067,683,"As part of the out-of-court settlement, Timmy is now going to explain the effect having us all in his closet has had on his self-esteem and difficulty forming relationships."
554,458,19,61,182,262,1.3778625954198473,0.03816282028208329,683,Bob here would like to join our Rare Species Board. He's a white middle aged male whose only had one job.
4112,458,24,51,187,262,1.3778625954198473,0.04003296349004912,683,Our new employee comes from the White House .... and they call us monsters?!
3998,460,25,50,190,265,1.3773584905660377,0.0400585889783298,683,I call to order this meeting of the Comcast board of directors.
5167,461,17,64,179,260,1.376923076923077,0.03757213405995332,683,"That's correct.  He doesn't speak our language and what's more, he has no idea it's 'eat a lawyer' day."
3098,461,17,64,179,260,1.376923076923077,0.03757213405995332,683,"He’s scary looking, but I think he’ll fit in here."
4900,461,17,64,179,260,1.376923076923077,0.03757213405995332,683,Who's game for a little white meat?
1894,461,19,60,181,260,1.376923076923077,0.03835446932521898,683,Two arms?  Sorry -- they meet across the hall.
4276,465,18,63,182,263,1.376425855513308,0.03766118337460172,683,"Yes, we ARE feeling alienated."
3365,466,16,65,177,258,1.375968992248062,0.037356590471111895,683,That's not his skin. It's the wrapper.
4522,466,16,65,177,258,1.375968992248062,0.037356590471111895,683,"He's our affirmative action hire."""
5367,466,22,53,183,258,1.375968992248062,0.03970508718716879,683,The massaged and beer fed human comes fully dressed.
900,469,19,58,179,256,1.375,0.03874565124237917,683,Ted here is our new VP of Human Resources
3366,469,21,54,181,256,1.375,0.03952847075210474,683,He’s what they call a ‘Human Resource’.
4049,469,17,62,177,256,1.375,0.03794668602647874,683,"Ok everyone, introduce yourselves to the newcomer by saying your name, your planet of origin, and uh a fun fact."
4893,469,22,52,182,256,1.375,0.03991412350161232,683,Maybe we just need to think inside the box?
2927,473,16,63,175,254,1.374015748031496,0.03772755570382397,683,"And now, our guest speaker, discussing ""Are we alone in the universe?"""
5645,474,18,67,191,276,1.3731884057971016,0.036399480624886786,683,Meet our new head of Diversity and Inclusion.
3539,475,16,65,179,260,1.373076923076923,0.03712482625422738,683,He's here to drain the swamp.
3108,476,18,58,176,252,1.373015873015873,0.038741773286921535,683,"Congratulations. The job is yours, you’re also the only applicant we decided not to eat!"
4661,477,14,57,157,228,1.3728070175438596,0.03963650715405488,683,But does he “spark joy”?
4236,478,15,65,175,255,1.3725490196078431,0.037195128502709875,683,So we’re all in agreement. We stay out of Dave’s nightmares until next Tuesday.
5205,479,11,71,168,250,1.372,0.03593926156849016,683,Who ordered out?
4084,479,24,45,181,250,1.372,0.04134369607109743,683,"I know we're all monsters, but who invited the lawyer?"
5068,481,29,37,190,256,1.37109375,0.04247008999242244,683,"And winner of the ""Despicable Monster of the Year"" award goes once again to. . . Homo Sapiens."
5188,482,9,74,165,248,1.3709677419354838,0.03519358387996372,683,Legal says that we have to start wearing clothes.
1631,482,18,56,174,248,1.3709677419354838,0.03914635503020972,683,"I assure you, what he's done in the corporate world, more than qualifies him for our club."
4682,484,23,47,181,251,1.3705179282868525,0.040816728206743265,683,"All in favor of striking evolution from the textbooks, say “I”."
4860,484,15,63,173,251,1.3705179282868525,0.0375636156649207,683,Then it's unanimous!  Tom had this Halloween's scariest costume.
108,486,16,59,171,246,1.3699186991869918,0.03850047208784529,683,Bob is our most recent diversity hire so please don’t eat him.
372,486,16,59,171,246,1.3699186991869918,0.03850047208784529,683,Would the owner of the white Subaru parked out front please move your vehicle?
389,486,18,55,173,246,1.3699186991869918,0.03935294603464696,683,"Jerry is our new diversity hire, and, as usual, he'll stay for lunch."
1738,486,17,57,172,246,1.3699186991869918,0.03892904258129649,683,Please welcome our new Chief Diversity Officer.
2998,486,19,53,174,246,1.3699186991869918,0.03977233167561686,683,"Jim is our new diversity inclusion team member--welcome him but please do not sniff, bite or probe him."
3911,486,19,53,174,246,1.3699186991869918,0.03977233167561686,683,I would like to introduce Fred from our non-GMO product line.
5438,486,14,63,169,246,1.3699186991869918,0.037628690388692404,683,Ron is our new head of diversity.
5011,493,24,42,178,244,1.3688524590163935,0.04204258246842911,683,"You can all sleep soundly, now - the gentleman here has assured me that there are no children hiding in your closets"
4133,493,16,58,170,244,1.3688524590163935,0.03870048879847626,683,"When they said corporate was a room full of monsters, I didn't expect this."
1105,493,14,62,168,244,1.3688524590163935,0.037818845915727886,683,I'd like you to join me in welcoming our new Diversity Program Manager.
654,493,16,58,170,244,1.3688524590163935,0.03870048879847626,683,"Say hi to Ted, our diversity hire."
5214,493,17,56,171,244,1.3688524590163935,0.0391338625318623,683,He's our diversity candidate
3358,493,16,58,170,244,1.3688524590163935,0.03870048879847626,683,I've brought us a Republican. Who's eaten one before?
5439,499,18,53,171,242,1.3677685950413223,0.039775051404061214,683,he's  ugly but he's a darn good accountant
1026,499,17,55,170,242,1.3677685950413223,0.03934161076253838,683,"Ted is so creepy looking... wait, he's right behind me, isn't he.  This is so embarrassing."
1500,501,17,61,181,259,1.3667953667953667,0.037537095707252936,683,We found him in Area 51.
3501,502,16,56,168,240,1.3666666666666667,0.03910909297020471,683,There were some unforeseen side effects from our new medication.
4406,502,21,46,173,240,1.3666666666666667,0.041277822985059026,683,"Believe me, when you see what this guy's managed to do with his innocent demeanor, you'll agree that he's the perfect addition to our board."
5398,502,15,58,167,240,1.3666666666666667,0.03866075076179154,683,"Now a warm welcome to Paul, our Human Relations consultant."
5520,502,19,50,171,240,1.3666666666666667,0.04042429545969066,683,Lunch is here. Who ordered the suit?
3741,502,19,50,171,240,1.3666666666666667,0.04042429545969066,683,I’d say we have some very fine creatures on both sides!
3762,502,15,58,167,240,1.3666666666666667,0.03866075076179154,683,"Guys,I thought you should meet Fred. He's the man behind the dream we're in right now."
4066,502,16,56,168,240,1.3666666666666667,0.03910909297020471,683,OK. Let's vote. Who is for evolution?
2461,502,24,40,176,240,1.3666666666666667,0.04252600593573441,683,This was not what Brad had pictured when he decided he must meet his demons.
1015,502,20,48,172,240,1.3666666666666667,0.04085328832418655,683,"We're all monster's here Mr. Lauer, you'll fit right in"
33,502,17,54,169,240,1.3666666666666667,0.03955235336157465,683,Lunch has arrived.
2176,502,20,48,172,240,1.3666666666666667,0.04085328832418655,683,"As the only carnivore at the table, I know why I am smiling , but why is he?"
1012,502,15,58,167,240,1.3666666666666667,0.03866075076179154,683,"Stop treating him like a monster, he's just an accountant!"
320,514,15,62,174,251,1.3665338645418326,0.037507796684767274,683,"Gentlemen, lunch is here."
3718,515,21,45,172,238,1.365546218487395,0.04151115801766219,683,"Cabinet meeting at 1600 Pennsylvania Ave, 2019."
167,515,17,53,168,238,1.365546218487395,0.03976615843295911,683,You can dress these “humans” up but I’m not convinced that they will ever be civilised!
5262,515,18,51,169,238,1.365546218487395,0.04020950854435097,683,Your seats are safe. He's unaware of our grass ceiling.
1487,518,19,54,179,252,1.3650793650793651,0.03904181398587703,683,"all those in favor of telling ralph he is tripping, raise your claws."
902,519,11,44,126,181,1.3646408839779005,0.044298537161430986,683,"T'nod llet siht yug, tub ew tae elpoep."
4195,520,17,52,167,236,1.3644067796610169,0.039983096173379,683,This is Bob. He also hides under children's beds...
1643,520,19,48,169,236,1.3644067796610169,0.040875078385019324,683,"For the last time Scott, the Halloween party is tomorrow."
4065,522,17,56,174,247,1.3643724696356276,0.03874331806378886,683,It's probably better if Bob speaks to the media.
1021,523,14,57,163,234,1.3632478632478633,0.0388104767033239,683,Can we take a minute a talk about the human in the room?
1171,523,21,43,170,234,1.3632478632478633,0.04198845296924695,683,Tell the judge we have a unanimous verdict.  We just ate those who disagreed.
1403,523,14,57,163,234,1.3632478632478633,0.0388104767033239,683,"Please welcome Simon, our token male board member."
1974,523,21,43,170,234,1.3632478632478633,0.04198845296924695,683,We're all about diversity as long as the reptiles are in charge.
2257,523,10,65,159,234,1.3632478632478633,0.03687171465331632,683,"Please welcome Carl, our new Human Resources Director."
3217,523,16,53,165,234,1.3632478632478633,0.039744408187455504,683,The Thanksgiving special this year is a farm raised stuffed human.
3145,529,22,42,173,237,1.3628691983122363,0.04202749058285429,683,"Everyone, meet our newest member of the Astronomical Legion of Intergalactic Entities and Nations (ALIEN). Don’t worry, he may not seem qualified, but he’s part of the greediest and most brutal species I‘ve ever come across."
2584,530,13,66,175,254,1.3622047244094488,0.036299950824198964,683,...and his parents worked at our Chernobyl plant!
1711,531,16,52,164,232,1.3620689655172413,0.03996243171977776,683,HR says we may have to expand the list of accepted pronouns.
2550,531,10,64,158,232,1.3620689655172413,0.03705512018521103,683,"Let's all welcome Charlie from Marketing, who uses the pronouns he and him."
3500,531,18,48,166,232,1.3620689655172413,0.04088562038945218,683,"Ok, Dave, we can stay out from under Susie's bed. But the closet is fair game."
722,531,14,56,162,232,1.3620689655172413,0.03901740564524262,683,So we all agree this Noah character is a crackpot.
272,531,19,46,167,232,1.3620689655172413,0.04133948424287163,683,You’d be surprised how many want to leave their planet.
2126,536,14,57,164,235,1.3617021276595744,0.03867587394115996,683,"And please welcome Ralph, our new head of corporate diversity"
3291,536,14,57,164,235,1.3617021276595744,0.03867587394115996,683,I’m here for diversity training.
1756,538,15,53,162,230,1.3608695652173912,0.039708407957994324,683,"So it's agreed, we keep the Endangered Species Act."
1781,538,18,47,165,230,1.3608695652173912,0.041117812481512084,683,"Let's give a big Galactic Extinction Club welcome to our newest member, Homo Sapiens."
5015,538,17,49,164,230,1.3608695652173912,0.04065344048207191,683,"Well, it looks like our lunch has arrived."
616,541,15,54,164,233,1.3605150214592274,0.039353575483198996,683,Don't let his looks fool you. His entitlement is terrifying.
3958,542,19,44,165,228,1.3596491228070176,0.04181816616917272,683,The defendant thinks we are not a jury of his peers.
2909,542,13,56,159,228,1.3596491228070176,0.03894742412243646,683,"As you all know, Best Costume gets to park closest to the building for all of November. Pete, tell 'em who the winner is!"
2430,542,12,58,158,228,1.3596491228070176,0.038448133675247215,683,I'd be willing to bet only one of us has already had coffee.
1720,542,20,42,166,228,1.3596491228070176,0.04227767595807281,683,I knew dropping acid before Thanksgiving dinner would be a good idea.
1375,542,18,46,164,228,1.3596491228070176,0.041353550743428016,683,"And now, it's time for lunch. Everyone, meet Frank."
3974,542,17,48,163,228,1.3596491228070176,0.04088365561475649,683,Please stop your drooling.  That's not what 'Human Resources' means.
340,542,18,46,164,228,1.3596491228070176,0.041353550743428016,683,Can someone explain why Bob is the only one of you dressed for Halloween?
4952,542,18,46,164,228,1.3596491228070176,0.041353550743428016,683,Lunch has arrived. He's a stand-up comedian so he might taste a little funny.
3584,550,14,53,159,226,1.3584070796460177,0.039656595372179075,683,This is Bob from Accounting.
2893,550,17,47,162,226,1.3584070796460177,0.04111738874013913,683,"Gentlemen, meet your worst nightmare!"
5487,550,13,55,158,226,1.3584070796460177,0.03915755597260559,683,No worries.  He's housebroken.
4299,550,14,53,159,226,1.3584070796460177,0.039656595372179075,683,"Yes, Karen, HR has advised our new hire 
about your preferred pronoun, ""it""."
2304,550,15,51,160,226,1.3584070796460177,0.040149432415387015,683,I see our lunch has arrived.
4194,550,21,39,166,226,1.3584070796460177,0.04298796487236515,683,Ted here is going to help us rebrand our childhood terror company as a market leader in soul-crushing tedium for adults.
1852,550,17,47,162,226,1.3584070796460177,0.04111738874013913,683,"And now, offering the Democratic Response..."
5405,550,17,47,162,226,1.3584070796460177,0.04111738874013913,683,With the addition of Bob to the Board we achieve diversity !
1335,550,11,59,156,226,1.3584070796460177,0.03813989323815353,683,"Oh, come on guys. He won't bite."
775,550,8,65,153,226,1.3584070796460177,0.036560324888090974,683,This baker wants to use our likenesses in crackers.  Are we okay with that?
494,550,14,53,159,226,1.3584070796460177,0.039656595372179075,683,"In light of recent events, Bob will be the new face of the company."
361,550,13,55,158,226,1.3584070796460177,0.03915755597260559,683,Lunch is here. Hope you don't mind white meat.
280,550,13,55,158,226,1.3584070796460177,0.03915755597260559,683,"Try to remember, you all started out just like him."
1340,550,13,55,158,226,1.3584070796460177,0.03915755597260559,683,So Harry's the only one who got dressed up for Hallowe'en!
938,564,11,60,158,229,1.3580786026200873,0.03780885594076937,683,Please welcome our diversity hire.
2351,565,13,47,144,204,1.357843137254902,0.04195014674179659,683,"Now here' s the deal; he'll fund our little project if we promise to dig up some dirt on his good buddy, the hunter."
147,566,17,46,161,224,1.3571428571428572,0.041354724437183396,683,Our guest speaker today is a recruiter with Amazon.
3223,566,14,52,158,224,1.3571428571428572,0.03987603193118772,683,It’s unanimous. No more GMO food.
3702,566,12,56,156,224,1.3571428571428572,0.038858989291774636,683,Branding says we needed to retool the Republican predator look.”
4618,566,21,38,165,224,1.3571428571428572,0.04324773960420437,683,This time we’ll be cutting back on the GMO‘s. Right?
4809,566,15,50,159,224,1.3571428571428572,0.040374947176145336,683,"Our presentation topic:  ""How to Dress for Success""."
5630,571,18,43,161,222,1.3558558558558558,0.04208290825070935,683,Bob comes to us from Wall Street and is going to show us how the pros execute a hostile takeover.
4963,571,17,45,160,222,1.3558558558558558,0.041595750025579796,683,Say hello to Brian.  This is his first meat and greet.
5123,571,19,41,162,222,1.3558558558558558,0.042564491227838265,683,Let's all welcome Rudy
5060,571,17,45,160,222,1.3558558558558558,0.041595750025579796,683,Sam's pronouns are it and it.
5178,571,18,43,161,222,1.3558558558558558,0.04208290825070935,683,Mr. Darwin will set a new course in the evolution of our company.
4417,571,17,45,160,222,1.3558558558558558,0.041595750025579796,683,10 minutes late Carl! And I don’’t want to hear the “millions of light years commute” excuse again.
1352,571,14,51,157,222,1.3558558558558558,0.04009878028380942,683,Who's the suit?
861,571,16,47,159,222,1.3558558558558558,0.04110281831630797,683,Welcome to our annual diversity training session.
572,571,19,41,162,222,1.3558558558558558,0.042564491227838265,683,"Everybody, say hi to Ted. Fun fact, Ted joins us from the Earth office, which was recently destroyed by climate change."""
1488,571,16,47,159,222,1.3558558558558558,0.04110281831630797,683,"So, what does Dr. Seuss want us to rhyme with this time?"
3321,581,14,52,159,225,1.3555555555555556,0.03973013019296453,683,HR says we have to install a gender neutral bathroom
21,582,15,48,157,220,1.3545454545454545,0.04083638204462148,683,Our guest will discuss the pros and cons of clothing.
2460,582,20,38,162,220,1.3545454545454545,0.04330317656442577,683,"Guys, it's cool—he's a Trump appointee."
3883,582,15,48,157,220,1.3545454545454545,0.04083638204462148,683,No one said that speed dating would be easy.
4831,582,12,54,154,220,1.3545454545454545,0.03928202002505667,683,"Say hello to Matt, our new diversity hire."
5387,582,15,48,157,220,1.3545454545454545,0.04083638204462148,683,"With the hiring of Sam here, we’ve met our minority quota."
5535,582,12,54,154,220,1.3545454545454545,0.03928202002505667,683,"Meet Clarence, our new Diversity Coordinator."
5579,582,18,42,160,220,1.3545454545454545,0.04233371115009424,683,"As she gets older, we'll be casting him progressively more in her nightmares."
2565,589,8,61,149,218,1.353211009174312,0.03729614252086265,683,Did we get rid of  your hiccups?
3787,589,15,47,156,218,1.353211009174312,0.04107247001284475,683,"Mr. Sendak, you're late again!"
4048,589,13,51,154,218,1.353211009174312,0.04002988786725159,683,"Everybody say ‘Hello’ to Steve, our new intern. He’s a failed experiment."
5523,589,22,33,163,218,1.353211009174312,0.044529690533121426,683,I’ve gathered a representative from each planet to discuss Earth’s threat to the solar system.
1120,589,12,53,153,218,1.353211009174312,0.039498278285503646,683,Looks like Steve is the only one who remembered the company costume party.
5593,589,18,41,159,218,1.353211009174312,0.04258851486484324,683,I expected him to look more like Sigourney Weaver.
451,589,13,51,154,218,1.353211009174312,0.04002988786725159,683,Welcome to the monthly meeting of the Odd Fellows
118,589,16,45,157,218,1.353211009174312,0.04158395998581278,683,We can't be scarier than the last administration!
481,589,8,61,149,218,1.353211009174312,0.03729614252086265,683,This is Jim.  He’s one of the survivors of the “hostile takeover”.
1299,598,15,48,158,221,1.3529411764705883,0.04068282576876586,683,And Mark here will be helping us with new our diversity initiative.
1975,598,10,58,153,221,1.3529411764705883,0.0380711916843543,683,Jim here is new to the planet.... so let's give him a big warm welcome.
2028,598,14,50,157,221,1.3529411764705883,0.0401740834030943,683,"Not to belabor the obvious, but we found Jeff on Monster.com."
4912,601,15,46,155,216,1.3518518518518519,0.04131225478914882,683,Smith here says that the last batch of LSD we produced somehow got into the ventilation system.
4864,601,15,46,155,216,1.3518518518518519,0.04131225478914882,683,"Ok, lunch is here. Who ordered an “Ed”?"
4679,601,10,56,150,216,1.3518518518518519,0.03861827009438799,683,After working here a while you'll fit right in.
4589,601,13,50,153,216,1.3518518518518519,0.04025630076759873,683,"No, Barney is not the appetizer, he is here to take your lunch orders."
3853,601,17,42,157,216,1.3518518518518519,0.04234188281165268,683,"... all in favor of putting a white man on the board for the ""sake"" of diversity..."
3754,601,9,58,149,216,1.3518518518518519,0.038056595524915415,683,HR said we have to include one of the humans.
853,601,15,46,155,216,1.3518518518518519,0.04131225478914882,683,"Everyone, welcome Joe. He’s our diversity hire."
2910,601,16,44,156,216,1.3518518518518519,0.04183023688553101,683,Lunch break.
3443,601,12,52,152,216,1.3518518518518519,0.03971779738801336,683,He's not our waiter.  He's our dinner.
1391,610,15,47,157,219,1.3515981735159817,0.040916294014724804,683,Don't treat him any differently.
1848,611,13,49,152,214,1.3504672897196262,0.04048620559486315,683,Congratulations on hitting our diversity goal.
5644,612,14,54,166,234,1.3504273504273505,0.0386069742947716,683,You must admit “no nudity” is a pretty flexible dress code.
3630,613,19,38,160,217,1.3502304147465438,0.04317729806373516,683,"My pronouns are ytr, zfff, and glorg."
4644,613,15,46,156,217,1.3502304147465438,0.041153389630165335,683,"Oh, good. Here’s Ned from accounting. Let’s pick his brain."
5274,613,12,52,153,217,1.3502304147465438,0.03956757871702384,683,I've decided to bring someone in who can think outside the box.
2754,613,14,48,155,217,1.3502304147465438,0.040631663521742405,683,"Remember, don't judge a life form by its cover."
4510,613,14,48,155,217,1.3502304147465438,0.040631663521742405,683,"I want to introduce Ed, who will be starting up our diversity initiative."
2007,613,14,48,155,217,1.3502304147465438,0.040631663521742405,683,Please don’t eat the Intern.
2469,619,11,52,149,212,1.349056603773585,0.039606457181028974,683,This is what they look like on planet Earth
3427,619,19,36,157,212,1.349056603773585,0.04389028620869382,683,And they think global warming is not a real thing....
4796,619,15,44,153,212,1.349056603773585,0.04180328141374634,683,"Now that we're all here, let's discuss climate change."
1617,622,21,33,161,215,1.3488372093023255,0.0444330141592871,683,Our guest requests his species' admission to the extinction society.
4300,622,17,41,157,215,1.3488372093023255,0.04243132690321321,683,Who ordered the Millennial hold the mayo ?
4215,622,15,45,155,215,1.3488372093023255,0.04139420104931745,683,Shall we address the elephant in the room?
3186,622,14,47,154,215,1.3488372093023255,0.040865768919516224,683,"«That’s the most utterly horrifying Halloween costume we’ve ever seen, Joe.»"
2528,622,17,41,157,215,1.3488372093023255,0.04243132690321321,683,I'd like to introduce to you the biggest monster of them all... Bill from Telemarketing.
2354,622,18,39,158,215,1.3488372093023255,0.04294049736432219,683,White House Cabinet Meeting
642,622,15,45,155,215,1.3488372093023255,0.04139420104931745,683,This creature can destroy worlds with baseless lawsuits!
126,622,10,55,150,215,1.3488372093023255,0.038679915005998086,683,Please welcome our newest diversity hire.
4386,622,15,45,155,215,1.3488372093023255,0.04139420104931745,683,This is the creature I told you about who came here to dig up dirt on something called Biden.
79,622,12,51,152,215,1.3488372093023255,0.039787855523102364,683,It was a diversity hire
134,622,16,43,156,215,1.3488372093023255,0.04191597179643256,683,The Committee on Climate Change has come to order.
5091,622,10,55,150,215,1.3488372093023255,0.038679915005998086,683,Do I really need to remind you that monsters come in all shapes?
4966,634,15,46,157,218,1.348623853211009,0.0409956691588349,683,"Yes David is deaf but he can read lips so I don't want anyone to say,a-d-o-p-t-e-d."
4259,635,18,37,155,210,1.3476190476190477,0.04364979251391001,683,Here's our new undocumented alien.
3749,635,14,45,151,210,1.3476190476190477,0.04150940279048834,683,We can use a little warm blood on this committee.
3239,635,16,41,153,210,1.3476190476190477,0.04259304465831479,683,All those in favor say urgzwkpx.
2938,635,17,39,154,210,1.3476190476190477,0.04312465559150932,683,He can stay. He’s a VP at Monsanto.
2534,635,18,37,155,210,1.3476190476190477,0.04364979251391001,683,All in favor of eating the IT guy...
5210,635,8,57,145,210,1.3476190476190477,0.03807387188475073,683,I'd like you all to meet Bob our new director of human resources.
4495,635,14,45,151,210,1.3476190476190477,0.04150940279048834,683,"Apparently, in the remote future, one of us will evolve into that monster."
5385,635,16,41,153,210,1.3476190476190477,0.04259304465831479,683,I suppose I should address the 180-pound homosapien in the room.
4493,635,13,47,150,210,1.3476190476190477,0.040956831584021525,683,Is it housebroken?
2314,635,21,31,158,210,1.3476190476190477,0.04518860239452742,683,"We really wish we could support you, Mayor Pete, but sorry, it’s just that whole g-a-y thing."
5075,635,17,39,154,210,1.3476190476190477,0.04312465559150932,683,I guess Carl didn’t get the naked Friday memo.
1899,635,9,55,146,210,1.3476190476190477,0.03866766332373228,683,It tastes better than it looks.
1513,635,12,49,149,210,1.3476190476190477,0.040396702672134084,683,Humans deserve a seat at the table?  You're kidding me.
1347,635,10,53,147,210,1.3476190476190477,0.03925247321556451,683,He doesn't bite.
1294,635,12,49,149,210,1.3476190476190477,0.040396702672134084,683,Guess who didn't get the memo?
1141,635,12,49,149,210,1.3476190476190477,0.040396702672134084,683,This is Mark.  He is going to talk to us today about what makes each of us unique and how that benefits the company.
2036,635,11,51,148,210,1.3476190476190477,0.03982869719385392,683,So together I think we've got a pretty good case against Hieronymus Bosch
3317,652,21,32,160,213,1.3474178403755868,0.04471617954386897,683,I thought we ordered collared greens not white collar
3213,652,14,46,153,213,1.3474178403755868,0.04110353262749267,683,"This is Non-Human Resources, pal. Try next door."
2917,652,9,56,148,213,1.3474178403755868,0.038315086861657695,683,Finally someone to take our Starbucks order.
2865,652,10,54,149,213,1.3474178403755868,0.03888877452254018,683,"Listen, I'm sure you've all heard about diversity in the work place."
3677,652,17,40,156,213,1.3474178403755868,0.042689262144070164,683,Welcome to 2020's first meeting of the Trump cabinet!
619,652,12,50,151,213,1.3474178403755868,0.04001148071694126,683,"On the advice of our lawyers, we've decided to add a diversity hire. Everyone, meet Steve."
779,652,15,44,154,213,1.3474178403755868,0.04163881959311467,683,"Hey, everyone, dinner is here!"
1188,652,13,48,152,213,1.3474178403755868,0.04056118208103356,683,We’ll  break a little early since lunch has arrived.
1702,652,12,50,151,213,1.3474178403755868,0.04001148071694126,683,"Per our new non-discriminating policy, I would like you all to give a warm welcome to our newest recruit, Max."
1620,661,18,39,159,216,1.3472222222222223,0.04277173688008595,683,¡Ω≈∂ß´œ§ªº;ñÇx!
4815,662,15,42,151,208,1.3461538461538463,0.04231022593001441,683,Let's go around the table and introduce ourselves and which famous person's bed is the worst to hide under.
5142,662,9,54,145,208,1.3461538461538463,0.03887735096174807,683,Can I have a show of talons for ice water with lemon?
5539,662,11,50,147,208,1.3461538461538463,0.04005434663826441,683,"Remember he's our front man, so no one eats him."
4412,662,19,34,155,208,1.3461538461538463,0.04445176882734234,683,What a find for the museum!  A pre-Climate -Change Humanoid dating all the way back to 2070!
3128,662,13,46,149,208,1.3461538461538463,0.04119772993058664,683,"I don't care how advanced their civilization is, they're just weird looking!"
2817,662,13,46,149,208,1.3461538461538463,0.04119772993058664,683,Fred knew he was going to have to get more cold-blooded to fit in at the board room.
237,662,14,44,150,208,1.3461538461538463,0.04175768294387524,683,"Marvin, please tell the board what makes you unique to handle our campaign."
3559,669,15,43,153,211,1.3459715639810426,0.04188733958541898,683,All in favor of letting Chuck go extinct say 'Aye.'
630,669,14,45,152,211,1.3459715639810426,0.041345044195364875,683,I thought we agreed on a vegetarian lunch.
544,671,15,41,150,206,1.3446601941747574,0.04256992025679583,683,Let me present to you tonight's entree.
252,671,12,47,147,206,1.3446601941747574,0.04086708969300525,683,"This is Noah, who wants to take each of  you, with your partner, on a cruise."
2081,671,15,41,150,206,1.3446601941747574,0.04256992025679583,683,"He says that the Russians will provide financing, but we’ll have to pay a franchise fee for the Trump name."
2602,671,12,47,147,206,1.3446601941747574,0.04086708969300525,683,Don't be put off by the non-threatening appearance; he's one of the most efficient world-destroyers ever
3556,675,16,40,153,209,1.3444976076555024,0.042682248033828855,683,"And now I'd like to introduce Harold, the guy who's having this dream...."
3006,676,19,41,170,230,1.3434782608695652,0.04130609651250211,683,Bob will be our public face.
2410,677,18,34,152,204,1.3431372549019607,0.044493020841741615,683,I see one of us is in the Halloween spirit.
1843,677,8,54,142,204,1.3431372549019607,0.03868691125191354,683,"Ned, why don't you tell the gang a little about yourself - where ya' from, where'd you go to school, how many planets you've visited -that sort of thing."
2609,679,15,41,151,207,1.3429951690821256,0.04239647696141136,683,"I realize this human does not bring much to the party, but we are under pressure to diversify."
3722,679,16,39,152,207,1.3429951690821256,0.042946051902647386,683,We’ll open our meeting by going around the table and telling our Supreme Leader how perfect he is.
3160,679,12,47,148,207,1.3429951690821256,0.04070325432791936,683,He's right. We need to outsource past just closets and under beds.
3949,682,19,31,152,202,1.3415841584158417,0.0453303646059165,683,"To revive the species, we will need to find a mate for him."
3939,682,13,43,146,202,1.3415841584158417,0.04194389123640415,683,I know he's not a slimy forked-tongued monster that's slithered from mud but let's see if we can give Bob some support for his senate race anyway.
3934,682,10,49,143,202,1.3415841584158417,0.04014366750091834,683,"- A democrat walks in a room...
""oh boy, here we go..."""
3661,682,15,39,148,202,1.3415841584158417,0.04310228910938849,683,"Well.....It's not an Elephant, but it's in the room."
4277,682,14,41,147,202,1.3415841584158417,0.04252703456932196,683,Look at it as an opportunity to practice tolerance.
4832,682,9,51,142,202,1.3415841584158417,0.03952537644621849,683,Guess who didn't get the memo about not doing Halloween costumes this year!
4315,682,11,47,144,202,1.3415841584158417,0.040752579030452686,683,All for giving the funny looking animal a seat at the table say 'aye'
4304,682,13,43,146,202,1.3415841584158417,0.04194389123640415,683,The good news is you're all off the endangered list.
4925,682,15,39,148,202,1.3415841584158417,0.04310228910938849,683,Jim hails from Harvard and tastes delicious on rye bread.
3537,682,15,39,148,202,1.3415841584158417,0.04310228910938849,683,"Okay, can we address the human in the room?"
4079,682,15,39,148,202,1.3415841584158417,0.04310228910938849,683,"It's casual Friday, Bob. Didn't you get the memo?"
3373,682,11,47,144,202,1.3415841584158417,0.040752579030452686,683,"Here's Phil the Product Manager to demonstrate our new offering: 
 'pants.'"""
420,682,12,45,145,202,1.3415841584158417,0.04135252537442299,683,"I'd like to introduce a true monster, our Legal Counsel."
1221,682,17,35,150,202,1.3415841584158417,0.04423035881481541,683,"Guys, please welcome Harvey Weinstein. Trust me, he's scarier than all of us combined."
3467,682,12,45,145,202,1.3415841584158417,0.04135252537442299,683,Who invited accounting?
1881,682,10,49,143,202,1.3415841584158417,0.04014366750091834,683,"And now, what you've all been waiting for: 
the results of our gene-transformation program."
3364,682,11,47,144,202,1.3415841584158417,0.040752579030452686,683,Steve found time to put together a Halloween costume.  What are your excuses?
1776,682,15,39,148,202,1.3415841584158417,0.04310228910938849,683,I guess you've all heard by now immigration is a huge problem ?
5608,700,14,42,149,205,1.3414634146341464,0.042093006088187224,683,"Trust me. He may look respectable, but he’s a slimy, coldblooded, ruthless scumbag just like us."
5415,701,15,38,147,200,1.34,0.04337518916588006,683,"We’ve received reports of elevated radiation levels, but so far the tests have been inconclu...oh."
3892,701,12,44,144,200,1.34,0.041601120974460025,683,"Hey, anybody wanna listen to the white guy?"
3435,701,13,42,145,200,1.34,0.04220076447901229,683,Why the long faces?
3029,701,13,42,145,200,1.34,0.04220076447901229,683,"Before we slither back to our desks,  Henry from Legal will provide a refresher on our whistleblower policy."
1633,701,10,48,142,200,1.34,0.04037512543347505,683,"Come on guys, tobacco executives are monsters too."
2063,701,10,48,142,200,1.34,0.04037512543347505,683,Let me introduce the average white guy.
73,701,12,44,144,200,1.34,0.041601120974460025,683,Meet our new dermatologist.
302,701,14,40,146,200,1.34,0.04279200601624645,683,"Thompson, here, may look human but underneath he's all monster."
719,701,14,40,146,200,1.34,0.04279200601624645,683,I assure you our expansionist policies will not take us beyond Mars.
2232,710,11,44,140,195,1.3384615384615384,0.041661735408389536,683,Bob is our human resource
2108,711,11,45,142,198,1.3383838383838385,0.04123667773890108,683,"Let's be clear. Mr. Brown is our dinner guest, not the dinner."
3490,711,10,47,141,198,1.3383838383838385,0.04061021334581597,683,Our general counsel is here to advise us that our diversity policy has gone too far.
3347,711,11,45,142,198,1.3383838383838385,0.04123667773890108,683,He didn't drink the kool aid...
3828,711,18,31,149,198,1.3383838383838385,0.04538042233812956,683,We got him as the result of a quid pro bro.
5366,711,9,49,140,198,1.3383838383838385,0.039973932318992586,683,The investors say our Board needs more white men.
5540,711,9,49,140,198,1.3383838383838385,0.039973932318992586,683,Separate checks I presume?
3339,711,8,51,139,198,1.3383838383838385,0.03932735818859576,683,"Let's give a warm welcome to William, our new Chief Diversity Officer."
5648,711,11,45,142,198,1.3383838383838385,0.04123667773890108,683,"Just a reminder, team. Tomorrow is bring your pet to work day."
3231,711,12,43,143,198,1.3383838383838385,0.04185376630473379,683,"Nothing to fear, folks: He's OUR accountant."""
2432,711,11,45,142,198,1.3383838383838385,0.04123667773890108,683,"Don't get excited, my butler is a robot!"""
2297,711,11,45,142,198,1.3383838383838385,0.04123667773890108,683,"I agree, I couldn’t eat him either.  It’s salads for lunch."
2258,711,13,41,144,198,1.3383838383838385,0.042461887815316915,683,"So, you say you were the little boy! So, tell us... which one of us is Puff the Magic Dragon?"
1897,711,14,39,145,198,1.3383838383838385,0.04306142217565334,683,"OK, Who wants the vegetarian option?"
1470,711,12,43,143,198,1.3383838383838385,0.04185376630473379,683,"The motion carries: Bob can join the board in 5,000 years provided he evolves."
772,711,14,39,145,198,1.3383838383838385,0.04306142217565334,683,His wife swears he's a monster between the sheets.
762,711,11,45,142,198,1.3383838383838385,0.04123667773890108,683,Still. . .the gift wrapping is a nice touch.
193,711,13,41,144,198,1.3383838383838385,0.042461887815316915,683,I told you that humans were not a legend !
1801,711,16,35,147,198,1.3383838383838385,0.0442361210515618,683,Which one of you invited the freak?
4820,729,11,49,150,210,1.338095238095238,0.03964850062838178,683,"No, he’s no monster, but he’s a lawyer and that’s scary enough..."
4960,730,8,57,151,216,1.337962962962963,0.037218279623733024,683,Don't let his looks frighten you: he's a genius with accounts.
1575,731,8,50,138,196,1.336734693877551,0.03954725137960772,683,"In the interests of diversity, I vote to include the uptight guy in the funny clothes."
4723,731,13,40,143,196,1.336734693877551,0.04272737074133933,683,"Great, another diversity hire."
4237,731,10,46,140,196,1.336734693877551,0.04084901882782835,683,"As part of a diversity outreach program, please welcome, Ken. He’s white, middle aged, and boring."
3906,731,17,32,147,196,1.336734693877551,0.045110339230564886,683,I find that vegans are healthier and taste better too.
3512,731,10,46,140,196,1.336734693877551,0.04084901882782835,683,"Ladies and gentlemen, I'm proud to introduce our new human resources officer."
1672,731,12,42,142,196,1.336734693877551,0.04211056383748222,683,...and that’s why my planet is the best.
5551,731,12,42,142,196,1.336734693877551,0.04211056383748222,683,Raise your hand if you are undocumented.
5418,731,13,40,143,196,1.336734693877551,0.04272737074133933,683,"Everyone, this is Steve. He'll be our working lunch today"""
1175,731,15,36,145,196,1.336734693877551,0.04393501403188863,683,Let's ask an end user.
2088,740,9,49,141,199,1.3366834170854272,0.039808884030270886,683,Mr. Williams is here because the home office thinks we need diversity training.
95,741,9,47,138,194,1.3350515463917525,0.040436447469745763,683,Bob is our new director of nonhuman resources.
526,741,9,47,138,194,1.3350515463917525,0.040436447469745763,683,Pete from maintenance is here to buff the claw marks out of the table.
4268,741,13,39,142,194,1.3350515463917525,0.0429973264748425,683,Should we put him on the board or on the menu?
123,741,14,37,143,194,1.3350515463917525,0.04361405775649478,683,"We’re sorry Ted, but we just don’t think this company needs a director of human resources."
4294,741,12,41,141,194,1.3350515463917525,0.042371619440157354,683,There is always somebody that doesn’t read the memo!!
1818,741,14,37,143,194,1.3350515463917525,0.04361405775649478,683,"Another winner, Brad. But the costume party is tomorrow night."
5599,741,9,47,138,194,1.3350515463917525,0.040436447469745763,683,"Meet Ed, our new warm-blooded, opposable-thumbed representative!"
5442,741,12,41,141,194,1.3350515463917525,0.042371619440157354,683,Psst! Check out the illegal alien!
4844,741,12,41,141,194,1.3350515463917525,0.042371619440157354,683,These ones are in stock and are just peel and eat.
42,741,15,35,144,194,1.3350515463917525,0.04422218881952286,683,"Everybody, this is lunch. Lunch, everybody."
3977,741,11,43,140,194,1.3350515463917525,0.041736532965483006,683,Let’s table that discussion for now. I see lunch has arrived.
2160,752,10,46,141,197,1.3350253807106598,0.04067706429102749,683,"Remember: If you do not make eye contact, it can't hurt you."
2166,753,6,52,134,192,1.3333333333333333,0.03860948410615677,683,"Exqelbub, could you explain Casual Fridays to our new intern, Gene?"
4289,753,14,36,142,192,1.3333333333333333,0.043897521996846725,683,"Whatever you do, don't mention his oupee-tay!"
4870,753,9,49,143,201,1.3333333333333333,0.03948255697318706,683,We had thought them extinct.
4165,753,9,46,137,192,1.3333333333333333,0.04067314628091363,683,I present you with the future of evolution!
258,753,11,42,139,192,1.3333333333333333,0.04199261687509622,683,Bob is from Human Resources.
510,753,15,34,143,192,1.3333333333333333,0.04451437924175346,683,"I am so proud to introduce 2019's ""monster-of-the-year,"" a straight white male human."
4062,753,9,46,137,192,1.3333333333333333,0.04067314628091363,683,"And the scariest monster this week is Bob, our auditor."
1731,753,11,42,139,192,1.3333333333333333,0.04199261687509622,683,This is our new manicurist.
3659,753,12,40,140,192,1.3333333333333333,0.042637042508054245,683,He is on loan from the Smithsonian.
2197,753,13,38,141,192,1.3333333333333333,0.04327187210704701,683,"Nice costume, Steve."
2509,753,18,28,146,192,1.3333333333333333,0.04631568335589659,683,Any ideas on how we can spin the side effects of our new cbd product?
1185,764,14,35,141,190,1.331578947368421,0.04418592093535342,683,Hi everybody. This is Stephen Miller and I think he'll really fit in here.
4452,764,15,33,142,190,1.331578947368421,0.0448117216969199,683,"Trust me, he can be a real monster."
2811,764,14,35,141,190,1.331578947368421,0.04418592093535342,683,And the Republican senators continued to act as if there was nothing sordid about themselves and their colleagues.
3419,764,8,47,135,190,1.331578947368421,0.040227190477137686,683,"They're called humans.  Give it a chance, it's an acquired taste."
4399,764,9,45,136,190,1.331578947368421,0.04091358755011365,683,He's from Corporate.  Anyone hungry?
4421,764,7,49,134,190,1.331578947368421,0.03952887629502032,683,I promised diversity
1018,764,12,39,139,190,1.331578947368421,0.04290694610236795,683,Harry here is willing to join our Board as a representative from the human race if we pass an amendment to not eat him.
896,764,14,35,141,190,1.331578947368421,0.04418592093535342,683,"Now, Jordan might not have what it takes ""looks-wise"" to hide out under anyone's bed, but when you hear what he's done in the private equity sector you're sure to agree he's a greater monster than any of us!"
838,764,9,45,136,190,1.331578947368421,0.04091358755011365,683,You said “dress up” for Halloween
460,764,12,39,139,190,1.331578947368421,0.04290694610236795,683,"In light of recent events, Bill will handle all future walk-in customers."
412,764,9,45,136,190,1.331578947368421,0.04091358755011365,683,"Under pressure from the P.C. crowd, I'm introducing our first human board member. Please don't eat him."
822,764,11,41,138,190,1.331578947368421,0.04225294346308444,683,Be nice. It's the hors d'oeuvre.
472,776,11,40,136,187,1.3315508021390374,0.04270881192368788,683,He's not imaginary. He's real.
4108,776,12,38,137,187,1.3315508021390374,0.04337676362063627,683,HR is here to talk about workplace hygiene again.
3257,776,13,36,138,187,1.3315508021390374,0.04403458445890189,683,"I want you all to meet my son, and I know what you’re thinking. A chip off the old block."
1740,776,9,44,134,187,1.3315508021390374,0.04134054430456528,683,Who wants a snack?
1564,776,11,40,136,187,1.3315508021390374,0.04270881192368788,683,"Good Morning, Mr. President."
1443,776,10,42,135,187,1.3315508021390374,0.042030246366935975,683,"He's an accomplished attorney who's successfully defended many ""under the bed"" cases"
469,776,10,42,135,187,1.3315508021390374,0.042030246366935975,683,"All in favor, raise an appendage."
500,776,11,40,136,187,1.3315508021390374,0.04270881192368788,683,We abducted him from a Charles Addams cartoon.
816,776,10,42,135,187,1.3315508021390374,0.042030246366935975,683,"""As part of our relentless quest for diversity, I now present Morty from Accounting."""
1036,776,11,40,136,187,1.3315508021390374,0.04270881192368788,683,Charles is going to lead us in a team-building exercise.
4097,786,13,40,147,200,1.33,0.042003828492652925,683,These side effects are unacceptable.
2433,787,13,36,139,188,1.3297872340425532,0.04383522175777939,683,This is George. Isn't he cute? He's on the endangered species list.
4982,788,14,33,138,185,1.3297297297297297,0.04498546784756551,683,"Well, he’s who we invited  for lunch and we can’t work on empty stomachs."
4560,788,9,43,133,185,1.3297297297297297,0.041592310401826475,683,"No, he’s the new intern, not lunch."
2728,788,9,43,133,185,1.3297297297297297,0.041592310401826475,683,And now Stan Zelinski will tell us how we can boost sales by practicing our people skills.
1588,788,11,39,135,185,1.3297297297297297,0.042981729813059755,683,We always look this way before coffee.
1223,788,11,39,135,185,1.3297297297297297,0.042981729813059755,683,"Now, let's put our fins, claws, and vestigial limbs together to welcome George, our new director of diversity."
1112,788,11,39,135,185,1.3297297297297297,0.042981729813059755,683,Welcome to Star Wars 10:  Return of the Rabbi
728,788,12,37,136,185,1.3297297297297297,0.04365986147828877,683,"Personally I’m glad they drained the swamp, this is much nicer meeting place."
820,788,16,29,140,185,1.3297297297297297,0.04627311455505602,683,He used to work for the Donald. He said he thought this would be a more pleasant work environment.
392,796,13,34,135,182,1.3296703296703296,0.044835176739627544,683,"We're sorry we have to let you go, Bob. It just feels like your conservative ways are a little too alien for us."
1668,797,14,35,143,192,1.328125,0.04379224618237891,683,"OK, we all agree, he's a perfect fit for us."
3819,798,10,41,135,186,1.3279569892473118,0.04210206929315114,683,Who invited Dr. Suess ?
4991,798,11,39,136,186,1.3279569892473118,0.042786760540301484,683,Please welcome our new Diversity Training Manager.
3258,800,11,38,134,183,1.3278688524590163,0.0432593410659146,683,Today team we will hear from a former Trump adviser on being scary.
3212,800,7,46,130,183,1.3278688524590163,0.040387790580182624,683,I’d like to introduce you to our 2020 nominee and new face of our party.
3910,800,9,42,132,183,1.3278688524590163,0.04184820317173614,683,"No, he’ll GET lunch."
4226,800,13,34,136,183,1.3278688524590163,0.04462587892928657,683,"Alright, let's break for now--lunch is here."
5127,800,13,34,136,183,1.3278688524590163,0.04462587892928657,683,Really guys... how are there no women in the diversity discussion meeting?
877,800,11,38,134,183,1.3278688524590163,0.0432593410659146,683,We have our fall guy. Now all we need is a murky scam.
1284,800,11,38,134,183,1.3278688524590163,0.0432593410659146,683,"Gentlemen, this is Norm - I’m thinking he should be the ‘face’ for our Corporate Diversity Campaign..."
1370,800,15,30,138,183,1.3278688524590163,0.0459517959492941,683,We’ve nearly met our annual diversity quotas.
2578,800,12,36,135,183,1.3278688524590163,0.04394792179198277,683,"Don't worry, he's harmless."
2603,800,8,44,131,183,1.3278688524590163,0.04112448015873024,683,"Chris stood awkwardly, cursing himself as he realised the members of the galactic alliance never dress up for Halloween."
3218,800,12,36,135,183,1.3278688524590163,0.04394792179198277,683,So HOW much are we suing Disney for?
1637,811,12,39,142,193,1.3264248704663213,0.04234186302767138,683,"So, I see, the President's cabinet has changed once again."
26,812,8,30,103,141,1.326241134751773,0.04879132197815311,683,"Bob's our new P.R. guy, he's going to help us with changing the name of our planet, from Uranus, so we're no longer a laughing stock."
530,813,11,39,137,187,1.3262032085561497,0.04259346043167783,683,"And now, I've asked Jeffrey from HR to talk to us about improving diversity in our workforce."
3981,814,7,46,131,184,1.326086956521739,0.040207196283129416,683,Here he comes....be prepared for some biting remarks!
5473,814,12,36,136,184,1.326086956521739,0.0437447287014444,683,We're bringing in a new terror: IRS auditor.
5575,814,15,30,139,184,1.326086956521739,0.04573610043380064,683,He says they’ll pay us if we dig up some dirt on Biden and his son.
4784,817,11,37,133,181,1.3259668508287292,0.043541769493690194,683,"Quick, quick - let’s delete the fossil record before the extinction event!"
5625,817,16,27,138,181,1.3259668508287292,0.0469342354967759,683,...so Roger's audit shows we can cut costs by hiding in kids' dressers and under nightstands instead.
5036,817,8,43,130,181,1.3259668508287292,0.04137298186046721,683,The purpose of today's meeting is how to make us more relevant in the 21st century.
4941,817,9,41,131,181,1.3259668508287292,0.04210832438166571,683,We need more diversity on this board. A few humans in our ranks might help us getting government contracts.
4822,817,13,33,135,181,1.3259668508287292,0.04492950477193931,683,He would like a lease/option on our planet.
881,817,9,41,131,181,1.3259668508287292,0.04210832438166571,683,Han Solo is waiting at the bar.  Let's wrap this up!
978,817,12,35,134,181,1.3259668508287292,0.044241078703470646,683,"And...We also have a Gluten free, Plant based menu!!"
1110,817,11,37,133,181,1.3259668508287292,0.043541769493690194,683,Be sure to use the appropriate pronouns.
3499,825,8,47,139,194,1.324742268041237,0.039541344152317214,683,Please welcome Ted to our team and let's make him feel comfortable.
2358,826,11,37,134,182,1.3241758241758241,0.043338891984275485,683,"Ladies and gentlemen, mutation is the  key to our evolution."
4877,826,9,41,132,182,1.3241758241758241,0.041914603930307166,683,"Sorry, no illegal aliens allowed!"
3496,828,9,40,130,179,1.324022346368715,0.042372778828154385,683,Maybe we can hire him for voiceovers.
2984,828,11,36,132,179,1.324022346368715,0.04382914307735711,683,"Yes Mr. Jones, it is in fact a scales meeting."
4914,828,8,42,129,179,1.324022346368715,0.04162549323409649,683,Mr. Perkins here will now serve as breakfast.
2468,828,13,32,134,179,1.324022346368715,0.0452386469754699,683,"I know he's ugly but, he taste like chicken!"
5423,828,11,36,132,179,1.324022346368715,0.04382914307735711,683,I didn't expect our lunch to be delivered so quickly.
3967,828,13,32,134,179,1.324022346368715,0.0452386469754699,683,"Well, my ex considers me a monster."
2151,828,11,36,132,179,1.324022346368715,0.04382914307735711,683,None of you have been selected for juror service
4254,828,11,36,132,179,1.324022346368715,0.04382914307735711,683,"And finally, if Mort has everyone's coffee orders, I'll ask those with claws to stop scratching the table."
1510,828,9,40,130,179,1.324022346368715,0.042372778828154385,683,"For some reason, George had a gnawing feeling that his coworkers' Halloween costumes looked a bit too real."
1309,828,16,26,137,179,1.324022346368715,0.0472741713421274,683,So I'm guessing I may not be the only one here who experimented with the Crispr DIY gene editing kit over the weekend.
1732,828,14,30,135,179,1.324022346368715,0.04592718017480572,683,"Can you believe it?I found him on the street with no name tag or anything. House trained, too!"
1218,828,9,40,130,179,1.324022346368715,0.042372778828154385,683,"Well, once he looses the suit he will fit right in."
166,828,10,38,131,179,1.324022346368715,0.043107111759633866,683,"This is little Johnny, all grown up now. Do you remember hiding under his bed at night?"
5614,841,7,44,129,180,1.3222222222222222,0.04067673621063481,683,Dave here has concerns that we’ve alienated him...
4915,841,10,38,132,180,1.3222222222222222,0.04290473875974465,683,"I see lunch has arrived, let’s take a quick break"
2014,841,11,36,133,180,1.3222222222222222,0.04362212574454302,683,This gentleman is recruiting for the White House staff.
5444,841,11,36,133,180,1.3222222222222222,0.04362212574454302,683,Roger here would like us to do him a favor though before he takes us to his leader.
5343,845,12,33,132,177,1.3220338983050848,0.04484324256041679,683,"Everyone welcome Edwin, the marginalized minority representative for our new corporate diversity training program"
1706,845,11,35,131,177,1.3220338983050848,0.04412159412288499,683,"I'll have the waiter, with some fava beans and a nice Chianti!"
5508,845,9,39,129,177,1.3220338983050848,0.04264167441798044,683,He says they’ll change us back if we find some emails.
4055,845,10,37,130,177,1.3220338983050848,0.043387944553260685,683,"Okay, who ordered the appetizer?"
3533,845,14,29,134,177,1.3220338983050848,0.04625277369096828,683,This year we've got to go easier on Herbie from 14th st. He's been peeing his bed since last Halloween.
3320,845,15,27,135,177,1.3220338983050848,0.04694167028872858,683,"Gentlemen, as you know, I will stepping down as Chairman of the Frights and Seizures Committee.  I would like to introduce my replacement, Steve Mnuchin."
3046,845,11,35,131,177,1.3220338983050848,0.04412159412288499,683,Stan is here from Nonhuman Resources to review our policy on office romances.
2834,845,10,37,130,177,1.3220338983050848,0.043387944553260685,683,"I'd like to introduce Frank, head of our Diversity Hiring Initiative."
2239,845,13,31,133,177,1.3220338983050848,0.04555346022773848,683,Don’t give me that look.  I told you yesterday we were going to have Bob for dinner this evening.
2215,845,10,37,130,177,1.3220338983050848,0.043387944553260685,683,Don't let his looks fool you. He's very good with computers.
5202,845,8,41,128,177,1.3220338983050848,0.04188210908945813,683,Legal says we have to start wearing clothes.
1693,845,12,33,132,177,1.3220338983050848,0.04484324256041679,683,The swamp got drained and this is all that was left.
2326,845,10,37,130,177,1.3220338983050848,0.043387944553260685,683,Welcome to your nightmare board meeting.
1597,845,13,31,133,177,1.3220338983050848,0.04555346022773848,683,"Though technically a mammal, Dave is a lawyer with a wonderful reptilian disposition!"
1521,845,10,37,130,177,1.3220338983050848,0.043387944553260685,683,"First, we have a presentation from corporate by Ted, and then we'll break for lunch, which is Ted."
1353,845,11,35,131,177,1.3220338983050848,0.04412159412288499,683,"He may not look like much, but his greed is terrifying."
1677,845,11,35,131,177,1.3220338983050848,0.04412159412288499,683,"No, this is Gary from Accounts Receivable. Lunch will be here at Noon."
533,845,12,33,132,177,1.3220338983050848,0.04484324256041679,683,"Fortunately for us, Vinnie here is just about the best dang immigration attorney in the tri-star area."
328,845,11,35,131,177,1.3220338983050848,0.04412159412288499,683,"United Nations, Circa 2049"
322,845,10,37,130,177,1.3220338983050848,0.043387944553260685,683,I've hired him to figure out why our sales numbers are so low.
200,845,10,37,130,177,1.3220338983050848,0.043387944553260685,683,It looks like our lunch has arrived.
53,845,10,37,130,177,1.3220338983050848,0.043387944553260685,683,"Here to present his excuses is Timmy, who as a child, used to scare us all by hiding under our beds."
4081,867,9,39,130,178,1.3202247191011236,0.042440017085156864,683,"Well, gentlemen, I see lunch is here. I took the liberty of ordering us a Thirty-Two-Year-Old Architect from Poughkeepsie."
3965,867,7,43,128,178,1.3202247191011236,0.04091692933311079,683,"This is Ned, try not to stare."
3442,867,9,39,130,178,1.3202247191011236,0.042440017085156864,683,"Oh good, lunch has arrived."
3622,870,6,44,125,175,1.32,0.04055444960290321,683,"Yes, I'm sure he's prepared to answer questions about pre-existing conditions."
4255,870,7,42,126,175,1.32,0.041356315449834334,683,Do you believe in the effects of global warming now?
3287,870,11,34,130,175,1.32,0.04441925942148704,683,"Obviously, he didn't realize we operate a nudist camp."
3982,870,6,44,125,175,1.32,0.04055444960290321,683,Fred is our new Indigenous Peoples intern.
4230,870,8,40,127,175,1.32,0.042142926720601596,683,It finally happened. One of them finally made it to our galaxy.
3856,870,10,36,129,175,1.32,0.043673666694720926,683,"So, which one of you is in Human Resources?"
4344,870,10,36,129,175,1.32,0.043673666694720926,683,Steve brings new blood into the Kitchen Cabinet.
4973,870,9,38,128,175,1.32,0.04291512224810488,683,What's he doing here?  I heard they were all extinct!
4683,870,15,26,134,175,1.32,0.047284208648559665,683,Did you hear the one about the Ukrainian comedian and the reality game show host?
4769,870,5,46,124,175,1.32,0.03973640569556621,683,Dave hopes our team will help scare up new business.
4853,870,10,36,129,175,1.32,0.043673666694720926,683,Who's in favor of having Alfred for dinner?
5477,870,12,32,131,175,1.32,0.04515254203857359,683,Community bathrooms it is.
5412,870,10,36,129,175,1.32,0.043673666694720926,683,Let’s give him some slack. He’s only human.
5271,870,11,34,130,175,1.32,0.04441925942148704,683,He responded to our Monster.com ad.
3280,870,10,36,129,175,1.32,0.043673666694720926,683,Yes he's strange but the organization requires diversity.
4498,870,12,32,131,175,1.32,0.04515254203857359,683,"He doesn't have the dessert menu, he is the dessert menu."
3206,870,12,32,131,175,1.32,0.04515254203857359,683,You can tell that kangaroo on the bench that we have reached a verdict.
2689,870,10,36,129,175,1.32,0.043673666694720926,683,... and this is our new meat lovers option
501,870,12,32,131,175,1.32,0.04515254203857359,683,Bob's company helps organizations like ours think 'outside the closet'.
203,870,14,28,133,175,1.32,0.04658449251122883,683,We picked Jim to represent us in our ad campaign for more nuclear reactors.
295,870,12,32,131,175,1.32,0.04515254203857359,683,...next: the U.K.'s referendum to leave the planetary system.
868,870,7,42,126,175,1.32,0.041356315449834334,683,"I want to introduce you to a delicious new member of our team, Gary."
959,870,9,38,128,175,1.32,0.04291512224810488,683,"It's casual Friday, bonehead."
1100,870,9,38,128,175,1.32,0.04291512224810488,683,This meeting of the Dr. Seuss rejects will come to order.
3182,870,8,40,127,175,1.32,0.042142926720601596,683,I think it's fair to say that this species cannot be regarded as intelligent. So we continue to use it for our medical tests.
1471,870,8,40,127,175,1.32,0.042142926720601596,683,Anybody order vanilla?
1810,870,9,38,128,175,1.32,0.04291512224810488,683,We just captured the last earthling. Shall we break for lunch?
1902,870,11,34,130,175,1.32,0.04441925942148704,683,"Naturally, the board is always glad to see the stockholders."
2283,870,10,36,129,175,1.32,0.043673666694720926,683,"This is Mr. Smith from the NAACP.  We’ll use their charter and bylaws for our new non-profit, the Universal Association for the Advancement of Multi-colored People."
2819,870,10,36,129,175,1.32,0.043673666694720926,683,Seriously? Those are your pronouns?
1412,870,7,42,126,175,1.32,0.041356315449834334,683,Say hello to the new guy from a galaxy far far away.
934,901,7,41,124,172,1.319767441860465,0.04180933986029598,683,Great Costume....
4064,902,11,32,126,169,1.319526627218935,0.04548723502977865,683,"Ladies and gentlemen, this is Thomas. He is the sole surviving member of the human race. He was found clinging to the top of the Empire State Building at low tide. He is going to help us with our global cooling problem."
2878,903,12,32,132,176,1.3181818181818181,0.044932062057158946,683,"Stay out of Trump’s nightmares, you can’t compete!"
5643,903,8,40,128,176,1.3181818181818181,0.04194222145962375,683,Chuck gives our corporate culture humanity.
5353,903,10,36,130,176,1.3181818181818181,0.04346285852125068,683,Who ordered the accountant special for lunch?
4724,903,7,42,127,176,1.3181818181818181,0.04116084153698826,683,I realize that for some of you it’ll be harder to see eye to eye on this...
4486,903,12,32,132,176,1.3181818181818181,0.044932062057158946,683,"Welcome to the White House! Rule #1, everything is beautiful."
3453,903,10,36,130,176,1.3181818181818181,0.04346285852125068,683,"Diversity can be challenging, I admit it."
1723,903,8,40,128,176,1.3181818181818181,0.04194222145962375,683,"OK, OK, next time we order pizza."
1220,903,10,36,130,176,1.3181818181818181,0.04346285852125068,683,"Oh good, I see our snack’s arrived."
226,903,10,36,130,176,1.3181818181818181,0.04346285852125068,683,"Meet our new diversity hire, Kevin."
1469,903,8,40,128,176,1.3181818181818181,0.04194222145962375,683,"As you can see, lunch has arrived, so this would be a good time to break."
3723,913,12,31,130,173,1.3179190751445087,0.045467523581122674,683,And here is Max in his wolf of Wall Street suit to lead us on a wild rumpus through the derivatives market.
4098,913,9,37,127,173,1.3179190751445087,0.04319323668380132,683,"Yes, he looks harmless, but he’s a demon on Twitter."
4346,913,6,43,124,173,1.3179190751445087,0.04079234842278406,683,... and Francis here is the new head of sales for our Planet Earth division.
3221,913,9,37,127,173,1.3179190751445087,0.04319323668380132,683,"Oh for crying out loud, Bob!  We said no costumes for the October board meeting!"
3109,913,6,43,124,173,1.3179190751445087,0.04079234842278406,683,He's going to teach us how to make people think we aren't monsters.
3026,913,7,41,125,173,1.3179190751445087,0.04160804038850546,683,He will provide the diversity we need
4205,913,9,37,127,173,1.3179190751445087,0.04319323668380132,683,"And for kids who don't scare easy, Fred here offers low introductory rates on student loans."
4514,913,9,37,127,173,1.3179190751445087,0.04319323668380132,683,It’s unanimous. We’ll refill the swamp.
5277,913,16,23,134,173,1.3179190751445087,0.048333725710964,683,"Phil will be overseeing Human Resources, so we never run out again."
4903,913,12,31,130,173,1.3179190751445087,0.045467523581122674,683,"Welcome to your Intervention, Mark."
4916,913,12,31,130,173,1.3179190751445087,0.045467523581122674,683,You're here to represent the most screwed up species in your galaxy.
4930,913,10,35,128,173,1.3179190751445087,0.04396440640277733,683,The results are in. The side effects are worse than the cure.
5270,913,12,31,130,173,1.3179190751445087,0.045467523581122674,683,Lets give a cold welcome to our newest associate on the earth account.
2539,913,8,39,126,173,1.3179190751445087,0.04240804593585032,683,Dave realizes having that last mushroom omelet at Burning Man was a bad idea.
5426,913,8,39,126,173,1.3179190751445087,0.04240804593585032,683,Legal has OK'd franchising Area 51.
5576,913,10,35,128,173,1.3179190751445087,0.04396440640277733,683,Fensterwald here has just informed me that we're no longer on the endangered species list but we won't survive climate change.
4789,913,11,33,129,173,1.3179190751445087,0.04472228041451216,683,He says he’s here to find a unicorn.
2475,913,9,37,127,173,1.3179190751445087,0.04319323668380132,683,The Corporate Board for Where the Wild Things Are
12,913,11,33,129,173,1.3179190751445087,0.04472228041451216,683,Who’s ready for lunch?
2252,913,9,37,127,173,1.3179190751445087,0.04319323668380132,683,The stockholders want a more diverse board. All those in favor of Osborn say or grunt 'aye'
354,913,12,31,130,173,1.3179190751445087,0.045467523581122674,683,"Although Frank doesn't seem to mind, for legal reasons, HR needs you to stop referring to him as human scum."
2273,913,8,39,126,173,1.3179190751445087,0.04240804593585032,683,"Charles, here, will help with our diversity initiative."
528,913,9,37,127,173,1.3179190751445087,0.04319323668380132,683,This is Stanley.  He gets it.
635,913,6,43,124,173,1.3179190751445087,0.04079234842278406,683,"Please, join us on...er...I mean, at the table."
717,913,10,35,128,173,1.3179190751445087,0.04396440640277733,683,"All in favor of hiring the aberration,​ signify with a guttural sound."
439,913,12,31,130,173,1.3179190751445087,0.045467523581122674,683,"Yes, he's a man, a myth, AND a legend."
1168,913,11,33,129,173,1.3179190751445087,0.04472228041451216,683,"Everybody, this is Joe.  He'll be lunch."
1224,913,7,41,125,173,1.3179190751445087,0.04160804038850546,683,"Guys, this is Neil. Neil  is a reality- based life form from our office in Scranton."
1231,913,12,31,130,173,1.3179190751445087,0.045467523581122674,683,Don't stare. He's only a lawyer.
4986,942,10,34,127,171,1.3157894736842106,0.0442602959987142,683,Do we have any more criticisms for our genetic engineer?
4058,942,10,34,127,171,1.3157894736842106,0.0442602959987142,683,Arthur has agreed to stay for lunch.
3941,942,8,38,125,171,1.3157894736842106,0.042677569081251455,683,Somebody forgot it's dress-down Friday!
3606,942,11,32,128,171,1.3157894736842106,0.045030803362789334,683,Of course he's a monster. He charges 2% fees and under performs the market...
3062,942,9,36,126,171,1.3157894736842106,0.04347613543415966,683,"In keeping with our policy for diversity, please welcome our new member."
1954,942,12,30,129,171,1.3157894736842106,0.04578834678280712,683,We wasted no time in implementing our company’s new diversity mandate.
1824,942,7,40,124,171,1.3157894736842106,0.04186377256149506,683,Look at the new guy. Striped tie. Really?
4192,942,12,30,129,171,1.3157894736842106,0.04578834678280712,683,"Lewis, everyone feels awkward when you ignore Casual Friday!"
1271,942,11,32,128,171,1.3157894736842106,0.045030803362789334,683,"This is Norm, from HR.  He's about to be your worst nightmare."
2148,942,15,24,132,171,1.3157894736842106,0.04798928057301768,683,The White House has asked us to come up with a better plan to stop aliens at our borders.
847,942,14,26,131,171,1.3157894736842106,0.04726702444951881,683,"Rick, welcome to the Trump Cabinet."
2988,953,9,37,129,175,1.3142857142857143,0.04277496225831017,683,Say hello to Sam. He cast the bar scene for Star Wars. Let' hear what he's working  on now.
1027,954,6,42,124,172,1.313953488372093,0.04083586725911914,683,He’ll be able to market our products to a whole new demographic.
2589,955,7,39,123,169,1.3136094674556213,0.042123599741049296,683,"I found him, but you can name him."
2705,955,8,37,124,169,1.3136094674556213,0.0429516010560586,683,Our newest Cabinet member reminds me of how most of you looked on your first day!
3185,955,7,39,123,169,1.3136094674556213,0.042123599741049296,683,We need to bring diversity to the board room.
3205,955,9,35,125,169,1.3136094674556213,0.04376393962400437,683,"Introducing our latest member, Warren.  I agree these humans don’t look scary at first but you should see what they’re capable of doing to each other!"
3296,955,13,27,129,169,1.3136094674556213,0.046872720466730355,683,Bob will be joining the board -his scare tactics on Fox News has really opened up a new demographic for us.
3385,955,9,35,125,169,1.3136094674556213,0.04376393962400437,683,I guess no one told him it was casual Friday.
3495,955,9,35,125,169,1.3136094674556213,0.04376393962400437,683,Meet Bob. Bob is our diversity hire.
3701,955,8,37,124,169,1.3136094674556213,0.0429516010560586,683,I hope you've all registered your dietary restrictions with Mr. Tillis.
3775,955,14,25,130,169,1.3136094674556213,0.04761821397413944,683,And the best monster award goes to Ed the Juul marketing executive.
3937,955,8,37,124,169,1.3136094674556213,0.0429516010560586,683,"Here to explain 'veganism', let's all welcome Phil from Earth."
4349,955,7,39,123,169,1.3136094674556213,0.042123599741049296,683,I'm sure we will all help Jim adapt and thrive in our corporate culture.
4384,955,11,31,127,169,1.3136094674556213,0.045344979520150534,683,POTUS will be here shortly and then we can started. Mitch you look great.
4400,955,8,37,124,169,1.3136094674556213,0.0429516010560586,683,Remember the kid from ‘E.T.’?
4451,955,9,35,125,169,1.3136094674556213,0.04376393962400437,683,This is either the new guy or lunch.
4482,955,12,29,128,169,1.3136094674556213,0.04611517695745683,683,Meet John from Central Casting
5283,955,7,39,123,169,1.3136094674556213,0.042123599741049296,683,Tom has joined us today to discuss the difference between diversity and inclusion.
5172,955,11,31,127,169,1.3136094674556213,0.045344979520150534,683,"When I said your personalities should reflect your appearances, I was just joking."
5107,955,6,41,122,169,1.3136094674556213,0.04127899316855296,683,It even smells like plants when you cook it!
5095,955,12,29,128,169,1.3136094674556213,0.04611517695745683,683,Bob is an architect who specializes in monstrosities.
2182,955,7,39,123,169,1.3136094674556213,0.042123599741049296,683,...And just when they think they can't get more terrified... BAM... we hit'em with Reginald from Legal.....
4904,955,12,29,128,169,1.3136094674556213,0.04611517695745683,683,Here comes lunch
4745,955,10,33,126,169,1.3136094674556213,0.044561472030759774,683,I’d like to address the man in the room.
4662,955,5,43,121,169,1.3136094674556213,0.04041674032965494,683,Stop drooling.he's our attorney.
2165,955,12,29,128,169,1.3136094674556213,0.04611517695745683,683,First order of business: stop scratching the table.
597,955,7,39,123,169,1.3136094674556213,0.042123599741049296,683,"Steg, quit drooling.  Mr. Smith is not here for lunch."
1908,955,8,37,124,169,1.3136094674556213,0.0429516010560586,683,"Meet Walter, our new director of Diversity."
18,955,9,35,125,169,1.3136094674556213,0.04376393962400437,683,We’re getting married!
83,955,8,37,124,169,1.3136094674556213,0.0429516010560586,683,"Our new CEO is a loner, lives with his mother, and best of all, he's from Florida."
132,955,11,31,127,169,1.3136094674556213,0.045344979520150534,683,"So...you forgot to fight climate change, huh?"
1912,955,8,37,124,169,1.3136094674556213,0.0429516010560586,683,Please welcome our first HUMAN resources director.
497,955,10,33,126,169,1.3136094674556213,0.044561472030759774,683,"Welcome Joe, everyone, he's an Earthling and was hired through our alien guest worker program"""
596,955,12,29,128,169,1.3136094674556213,0.04611517695745683,683,Let’s give a warm welcome to our latest candidate for extinction!
5362,955,13,27,129,169,1.3136094674556213,0.046872720466730355,683,I think we've clearly met the organization's demand for diversity!
388,955,9,35,125,169,1.3136094674556213,0.04376393962400437,683,Everyone welcome our foreign exchange intern!
1048,955,10,33,126,169,1.3136094674556213,0.044561472030759774,683,"Credentials, what d'ya mean credentials, he worked for Trump. All in favor say Covfefe . .. ."
1265,955,13,27,129,169,1.3136094674556213,0.046872720466730355,683,We're all different. No jokes about the guy in the tie.
1398,955,7,39,123,169,1.3136094674556213,0.042123599741049296,683,Are there not limits to our Diversity and Inclusion initiative?
1405,955,7,39,123,169,1.3136094674556213,0.042123599741049296,683,We finally found our chameleon.
1439,955,10,33,126,169,1.3136094674556213,0.044561472030759774,683,Ah! Here comes the freak...
1826,955,10,33,126,169,1.3136094674556213,0.044561472030759774,683,"The question is ""How diverse do we want to be?"""
936,955,8,37,124,169,1.3136094674556213,0.0429516010560586,683,He guarantees things are finally heating up on earth.
5550,955,8,37,124,169,1.3136094674556213,0.0429516010560586,683,Clothes make the man.
1326,997,10,32,124,166,1.3132530120481927,0.04509972049915211,683,All those in favour of a hostile takeover hiss now.
1696,997,8,36,122,166,1.3132530120481927,0.043450501594873146,683,"Alright, let's begin the annual meeting of citizens for clean air and water"
3225,997,10,32,124,166,1.3132530120481927,0.04509972049915211,683,"Night terrors, say hello to Benjamin. He’s an Ivy League legacy who doesn’t believe in climate change and he man-splains!"
3368,997,9,34,123,166,1.3132530120481927,0.04428278942178166,683,"All those in favor of adding the Reagan Democrat to the Mythical Creatures Club say ""aye""."
3521,997,9,34,123,166,1.3132530120481927,0.04428278942178166,683,"I think we can all agree that we're not monsters, we're merely representing our client's desires."
4022,997,11,30,125,166,1.3132530120481927,0.04590211475770398,683,"Everyone, meet our new Director of Human Resources."
5187,997,9,34,123,166,1.3132530120481927,0.04428278942178166,683,Please welcome Bob from Accounting.
5390,997,9,34,123,166,1.3132530120481927,0.04428278942178166,683,Now let’s all welcome our new diversity intern Glen!
1356,997,12,28,126,166,1.3132530120481927,0.046690721662416064,683,Welcome to the first meeting of our Employee Diversification Committee...
675,997,8,36,122,166,1.3132530120481927,0.043450501594873146,683,Lunch has arrived. I call dibs on a leg.
3080,1007,9,37,130,176,1.3125,0.042568699250084635,683,Marvin is our new diversity hire.
3757,1007,7,41,128,176,1.3125,0.0410149244297003,683,He’s our affirmative action candidate.
1598,1009,10,34,129,173,1.3121387283236994,0.043822785237046,683,Fred from H.R. is here to talk to us about workplace diversity.
5196,1010,8,35,121,164,1.3109756097560976,0.04373867990289973,683,"Don’t worry Bill, we’re a family here at the Chernobyl branch.  Give it some time, and you’ll fit right in."
5139,1010,12,27,125,164,1.3109756097560976,0.04703550697076911,683,I gathered you here to see what ancient man looks like.
4188,1010,11,29,124,164,1.3109756097560976,0.04623334529222424,683,"Guys, meet our newest member. He goes by The Wolf of Wall Street."
3879,1010,8,35,121,164,1.3109756097560976,0.04373867990289973,683,I think I liked the swamp better.
3619,1010,8,35,121,164,1.3109756097560976,0.04373867990289973,683,I told him we were wearing our birthday suits
3147,1010,7,37,120,164,1.3109756097560976,0.042874880997631794,683,Steve is our new diversity hire.
3036,1010,5,41,118,164,1.3109756097560976,0.04109284636511099,683,"After seeing us individually under your bed, you get to see us all together now..."
2394,1010,5,41,118,164,1.3109756097560976,0.04109284636511099,683,"Say, ""Hello,"" to our new Director of Diversity, Jimmy."
2121,1010,9,33,122,164,1.3109756097560976,0.04458574681145939,683,And if each of you would introduce yourself and please ... your pronouns.
2814,1010,7,37,120,164,1.3109756097560976,0.042874880997631794,683,Lunch?
691,1010,9,33,122,164,1.3109756097560976,0.04458574681145939,683,I asked our auditor to join today's meeting to discuss our plan to obliterate the galaxy and to provide a written evaluation on whether it meets best practices.
638,1010,12,27,125,164,1.3109756097560976,0.04703550697076911,683,Musical chairs is an excellent way to determine which species goes extinct next. We’ll play again next Thursday.
537,1010,7,37,120,164,1.3109756097560976,0.042874880997631794,683,Tom from HR is here to remind everyone to ask first then scare.
210,1010,11,29,124,164,1.3109756097560976,0.04623334529222424,683,"Gentleman, this is my new assistant, out of Washington. He's gotten used to dealing with monsters and pretending he didn't hear anything scary."
1909,1010,7,37,120,164,1.3109756097560976,0.042874880997631794,683,Say hello to our diversity hire.
4426,1025,8,34,119,161,1.31055900621118,0.04426419206451489,683,"Honestly, guys, alien privilege is a thing now."
306,1026,9,33,123,165,1.309090909090909,0.044354766297294866,683,Stuart here is a politician. Ya'll need to up your game.
1506,1026,7,37,121,165,1.309090909090909,0.04265589798929173,683,"Gentlemen meet Larry, our new VP of  Diversity"
5227,1026,12,27,126,165,1.309090909090909,0.04678754944758079,683,"To begin with, may I introduce our amuse-bouche"
2141,1029,10,30,122,162,1.308641975308642,0.045740212713391765,683,Who brought the snack?
2400,1029,12,26,124,162,1.308641975308642,0.04738701859443552,683,"I saw him using plastic straws.
What a monster."
3511,1029,6,38,118,162,1.308641975308642,0.04225449224236663,683,Any guesses on how many there used to be?
2737,1029,8,34,120,162,1.308641975308642,0.0440318587713859,683,Please welcome Ned to our creative team for his much-needed out of the box perspective.
2752,1029,9,32,121,162,1.308641975308642,0.044894162459776434,683,Mr. Smythe: We have considered your request for membership and have decided that you just don't fit in.
3461,1029,6,38,118,162,1.308641975308642,0.04225449224236663,683,Only one? For all of us to split?
3455,1029,10,30,122,162,1.308641975308642,0.045740212713391765,683,Who wants to hear a racist joke?
2931,1029,11,28,123,162,1.308641975308642,0.046570895365752325,683,Another rookie! We'll eat this guy for lunch!
1246,1029,10,30,122,162,1.308641975308642,0.045740212713391765,683,It’s about this wall you want to build on Saturn and get Jupiter to pay for.
2742,1029,8,34,120,162,1.308641975308642,0.0440318587713859,683,"We will have a Vegan platter, Thank you"
1204,1029,14,22,126,162,1.308641975308642,0.048978485107978066,683,"Fellow Demons, our newest board member... Martin Shkreli"
2485,1029,11,28,123,162,1.308641975308642,0.046570895365752325,683,You'll remember Max as a boy when he was our king. Now he's joing Wild Things Inc. as an intern.
696,1029,12,26,124,162,1.308641975308642,0.04738701859443552,683,Trump’s cabinet 2023
503,1029,8,34,120,162,1.308641975308642,0.0440318587713859,683,I would like to introduce our new workplace therapy pet.
292,1029,5,40,117,162,1.308641975308642,0.041337160988131436,683,Gentlemen! we have decided to outsource
263,1029,5,40,117,162,1.308641975308642,0.041337160988131436,683,Joe is part of our diversity initiative.
181,1029,12,26,124,162,1.308641975308642,0.04738701859443552,683,"Now I'd like to introduce to you someone we'd all like to eat-- woops, I mean meet."
51,1029,12,26,124,162,1.308641975308642,0.04738701859443552,683,This is Charles. I'm pleased to announce that he has decided to join us instead of the Trump Administration.
3580,1029,8,34,120,162,1.308641975308642,0.0440318587713859,683,The law says we must have at least one male on the board.
4206,1029,9,32,121,162,1.308641975308642,0.044894162459776434,683,"This is our management consultant Irving. If we don’t like the direction he’s taking us, he’ll pair nicely with a bold Cabernet."
4470,1029,8,34,120,162,1.308641975308642,0.0440318587713859,683,"His last name is Monster.
Close enough."
4779,1029,9,32,121,162,1.308641975308642,0.044894162459776434,683,Will the the post climate change society please come to order
5021,1029,10,30,122,162,1.308641975308642,0.045740212713391765,683,Bill quickly realized he was the diversity hire.
987,1029,8,34,120,162,1.308641975308642,0.0440318587713859,683,Attention: The StarWars bar scene alumni association meeting will come to order.
3817,1029,10,30,122,162,1.308641975308642,0.045740212713391765,683,"In light of recent events, Tom will be leading a mandatory Human Sensitivity Training this afternoon."
1728,1054,11,30,128,169,1.3076923076923077,0.04519766549176948,683,Any dietary restrictions?
3735,1055,8,34,121,163,1.3067484662576687,0.04380183729084483,683,"Up next is Paul, who wants to offer a contrarian view regarding our global annihilation strategy."
5345,1055,10,30,123,163,1.3067484662576687,0.04549815022758075,683,The OSHA inspector is here to check on that hissing noise.
1319,1055,11,28,124,163,1.3067484662576687,0.046323018426808464,683,"I've asked John here, from marketing, to fill us in on this year's United Way campaign."
1505,1055,10,30,123,163,1.3067484662576687,0.04549815022758075,683,"Don’t panic, it’s only his Halloween costume."
3075,1055,11,28,124,163,1.3067484662576687,0.046323018426808464,683,"Be nice to him, most of his kind died from the asteroid."
4918,1055,9,32,122,163,1.3067484662576687,0.04465804868209733,683,Must be a legacy.
4013,1055,11,28,124,163,1.3067484662576687,0.046323018426808464,683,Looks like lunch has arrived.
4125,1055,11,28,124,163,1.3067484662576687,0.046323018426808464,683,"Barney, didn't you get the memo?  No white-face on Halloween."
2581,1063,8,33,119,160,1.30625,0.04433016048843966,683,I remind you of our commitment to diversity and inclusion.
2579,1063,9,31,120,160,1.30625,0.045208179360952755,683,"Please welcome Bob, the honest politician, to our group of rare and unusual beings."
2444,1063,9,31,120,160,1.30625,0.045208179360952755,683,This is the type of monster we're marketing to.
5073,1063,9,31,120,160,1.30625,0.045208179360952755,683,"Let's just hit him with the budget deficit, the 'boo' is redundant."
2434,1063,8,33,119,160,1.30625,0.04433016048843966,683,You call this a diversity hire?
2417,1063,10,29,121,160,1.30625,0.04606946747394995,683,I think I used to hide under your bed.
2401,1063,11,27,122,160,1.30625,0.04691494629150278,683,I've hired Simpson here to advise you on your wardrobes.
2305,1063,8,33,119,160,1.30625,0.04433016048843966,683,See? Just a few taps on the phone and food comes right to you.
2956,1063,9,31,120,160,1.30625,0.045208179360952755,683,First how about if we get all your pronouns straight?
2978,1063,7,35,118,160,1.30625,0.04343439623995663,683,"I know! , I know! He's my brother in law"
3912,1063,14,21,125,160,1.30625,0.04936457476914355,683,"Look, I know he is unbelievably ugly, but give him a chance."
3164,1063,6,37,117,160,1.30625,0.04251976510434061,683,That adjourns the area 51 tenant's meeting.
5624,1063,10,29,121,160,1.30625,0.04606946747394995,683,"With the new Secretary for Housing and Urban Development,I think this will be the best Cabinet ever."
2072,1063,7,35,118,160,1.30625,0.04343439623995663,683,The Area 51 subcommittee welcomes the new Director of NASA who will explain why we are a hoax
4640,1063,9,31,120,160,1.30625,0.045208179360952755,683,"OK, we're diversified. Now what?"
4888,1063,10,29,121,160,1.30625,0.04606946747394995,683,The new  hire will let us break into the human market and meet affirmative action.
4913,1063,8,33,119,160,1.30625,0.04433016048843966,683,He's the new guy from human resources
4969,1063,8,33,119,160,1.30625,0.04433016048843966,683,"Through the gig economy, we can staff a position under every child's bed."
5448,1063,9,31,120,160,1.30625,0.045208179360952755,683,"Shrague,here,is going to talk to us about genetic mutations."
3123,1063,7,35,118,160,1.30625,0.04343439623995663,683,Whoa boy!  There’s one in every crowd.
1997,1063,10,29,121,160,1.30625,0.04606946747394995,683,OK... Everyone take a turn and tell President Trump how much you like him!
2490,1063,11,27,122,160,1.30625,0.04691494629150278,683,They told him he'd never work on that planet again! But let me just say the MIT Media Lab's loss is our gain! Please welcome...
1860,1063,9,31,120,160,1.30625,0.045208179360952755,683,Okay . . . now Dennis here is going to talk to us about our homo sapien harassment policy.
239,1063,9,31,120,160,1.30625,0.045208179360952755,683,Three humans come into a bar...
366,1063,11,27,122,160,1.30625,0.04691494629150278,683,"Let me introduce Larry, the newest member of our nightmare squad. He majored in Realizing Your Homework Is Past Due and wrote a thesis on showing up to class naked. Welcome, Larry."
395,1063,12,25,123,160,1.30625,0.04774545567628241,683,Why is Blorg the only one of you dressed for Casual Friday?
493,1063,8,33,119,160,1.30625,0.04433016048843966,683,And next on the menu - I mean agenda - is...
890,1063,8,33,119,160,1.30625,0.04433016048843966,683,You must be the special.
177,1063,10,29,121,160,1.30625,0.04606946747394995,683,And now Dan from HR will present on the importance of not eating humans.
967,1063,10,29,121,160,1.30625,0.04606946747394995,683,"To keep our finger on the pulse of the market, I've invited one of our customers to join the board."
1034,1063,9,31,120,160,1.30625,0.045208179360952755,683,"OK, now before we get started with the meeting, do you want thighs, legs or arms?"
1148,1063,12,25,123,160,1.30625,0.04774545567628241,683,Ok. Who order the business man lunch?
1162,1063,13,23,124,160,1.30625,0.04856176366172368,683,"I'm sorry you're being replaced, Klorg. The human has some excellent ideas about how to destroy a planet."
1727,1063,8,33,119,160,1.30625,0.04433016048843966,683,"Let's eat--oops, meet--our new diversity officer."
1987,1063,7,35,118,160,1.30625,0.04343439623995663,683,We're grooming him for the Earth presidency.
153,1063,6,37,117,160,1.30625,0.04251976510434061,683,I'd like introduce our new head of human resources.
3279,1099,14,38,164,216,1.3055555555555556,0.03987311197859162,683,"Team, our bottom line needs help.  I’d like you to welcome Smedley; he's more reptilian that all of us put together!"
1847,1100,8,30,113,151,1.304635761589404,0.04602847519024936,683,I think Steve can bring a more human touch to our business.
4979,1101,4,41,116,161,1.3043478260869565,0.04042042087832035,683,This is Benny...he’s weirder than he looks.
5368,1101,5,39,117,161,1.3043478260869565,0.041369677005426944,683,This is Roger. He'll be reviewing our immigration compliance policies.
1789,1103,11,30,130,171,1.304093567251462,0.04473948383619634,683,"""This is John from the Pentagon; he's here 
to pick our reptilian brains."""
84,1104,9,27,112,148,1.304054054054054,0.0476114380507279,683,"Everyone, this is Richard. Richard, would you like to wake up?"
2157,1105,9,30,119,158,1.3037974683544304,0.045527944607497005,683,I know it’s nepotism but I promised my wife we’d hire her nephew.
2238,1105,5,38,115,158,1.3037974683544304,0.04183648072973545,683,"Please welcome Marc, our new diversity  manager!"
2306,1105,10,28,120,158,1.3037974683544304,0.04640495011598184,683,Meet our new diversity officer.
2477,1105,9,30,119,158,1.3037974683544304,0.045527944607497005,683,Please welcome Steve to the corporate world.
2914,1105,12,24,122,158,1.3037974683544304,0.04811102478053921,683,"Look, I know it’s scary, but somebody has to hide under Trump’s bed."
3033,1105,10,28,120,158,1.3037974683544304,0.04640495011598184,683,And now the new guy wants to talk to us about something called diversity.
3367,1105,8,32,118,158,1.3037974683544304,0.04463371018747902,683,Great costume boss!
3423,1105,9,30,119,158,1.3037974683544304,0.045527944607497005,683,Would you help us with our inclusivity statement?
3526,1105,12,24,122,158,1.3037974683544304,0.04811102478053921,683,I am pleased to introduce you all to the newest member of the Evolutionary Dead End Society.
3642,1105,11,26,121,158,1.3037974683544304,0.047265685759864,683,Here's our latest candidate for extinct species membership.
3693,1105,6,36,116,158,1.3037974683544304,0.04278921330116941,683,"Look, diversity is important, but enough is enough."
5100,1105,10,28,120,158,1.3037974683544304,0.04640495011598184,683,"I'd would now like to introduce Kevin, who is here to talk about the new dress code."
3805,1105,7,34,117,158,1.3037974683544304,0.043721189714101105,683,Sorry I’m only human.
5085,1105,11,26,121,158,1.3037974683544304,0.047265685759864,683,We just voted you onto the diversity committee.
3930,1105,12,24,122,158,1.3037974683544304,0.04811102478053921,683,"We've been asked to limit our dining to U.S.Senate Republicans and their base...of course,  junk food, I know, I know..."
3970,1105,11,26,121,158,1.3037974683544304,0.047265685759864,683,You were a lot scarier under the bed.
4104,1105,8,32,118,158,1.3037974683544304,0.04463371018747902,683,"Andrew, no need to stare at the human.  It's not polite.  We are in charge now."
4233,1105,5,38,115,158,1.3037974683544304,0.04183648072973545,683,"Yes, I agree he is weird looking, but let's be tolerant."
5049,1105,4,40,114,158,1.3037974683544304,0.04086154016634808,683,Meet our new VP of Human Resources
1645,1105,6,36,116,158,1.3037974683544304,0.04278921330116941,683,"I know, I know. But HR says we have GOT to start walking the talk on diversity."
1354,1105,9,30,119,158,1.3037974683544304,0.045527944607497005,683,Looks like no one told Gary we do a casual Friday.
1578,1105,9,30,119,158,1.3037974683544304,0.045527944607497005,683,It appears that nudity is not universal in our galaxy.
1630,1105,7,34,117,158,1.3037974683544304,0.043721189714101105,683,"Clearly, he will only last a couple of days."
342,1105,8,32,118,158,1.3037974683544304,0.04463371018747902,683,"Whose turn is it to eat the new guy for lunch """
345,1105,11,26,121,158,1.3037974683544304,0.047265685759864,683,"Good evening Distinguished Creatures, George has hired us to terrify his son. Lizzy you lurk in the closet and Blobby you slither under the bed."""
529,1105,8,32,118,158,1.3037974683544304,0.04463371018747902,683,I'll give him a week...
1008,1105,8,32,118,158,1.3037974683544304,0.04463371018747902,683,"Look, I know his kind might represent the values most damaging to life in our galaxy, but let's try to understand why he won't vote to impeach."
30,1105,13,22,123,158,1.3037974683544304,0.048941764991846236,683,"Waiter, seven monster drinks."
1194,1105,7,34,117,158,1.3037974683544304,0.043721189714101105,683,"Don't worry about whether he'll fit in, he's from HR"
1261,1105,6,36,116,158,1.3037974683544304,0.04278921330116941,683,"So we're accepting humans now? What is this, a zoo?"
1382,1105,5,38,115,158,1.3037974683544304,0.04183648072973545,683,Did we drain the swamp or what?!
3508,1136,8,30,114,152,1.3026315789473684,0.045768555696054404,683,"I know he smells, but we have hot sauce."
525,1137,7,34,118,159,1.3018867924528301,0.04348733785309519,683,It's Halloween somewhere.
457,1137,5,38,116,159,1.3018867924528301,0.04161640976525041,683,And you wear that every day?
976,1137,6,36,117,159,1.3018867924528301,0.04256215522796323,683,"Trust me guys. Jerry used to work for the IRS, he'll fit right in."
944,1137,8,32,119,159,1.3018867924528301,0.04439324328599178,683,Time for a vote. All those in favor of medium rare raise your hands.
1247,1137,10,28,121,159,1.3018867924528301,0.04615173930903655,683,Let's give a warm welcome to our new diversity hire.
5074,1137,5,38,116,159,1.3018867924528301,0.04161640976525041,683,Our campaign should stress there is no conclusive scientific evidence of any side effects
1387,1137,6,36,117,159,1.3018867924528301,0.04256215522796323,683,"No but, where are you really from?"
2056,1137,8,32,119,159,1.3018867924528301,0.04439324328599178,683,"Hey Frank, it’s casual Friday."
848,1137,10,28,121,159,1.3018867924528301,0.04615173930903655,683,"It’s, “Bring a Human to Work” day.  Didn't you hear?"
3176,1137,10,28,121,159,1.3018867924528301,0.04615173930903655,683,"Ben is a humanoid, he has feelings, but no brains, look at him."
5122,1137,9,30,120,159,1.3018867924528301,0.04528102853678637,683,...and now luncheon is serving
4012,1137,5,38,116,159,1.3018867924528301,0.04161640976525041,683,He's come to talk about diversity.
4150,1137,6,36,117,159,1.3018867924528301,0.04256215522796323,683,"It says they are ""clothes"" and it will not take them off."
932,1137,10,28,121,159,1.3018867924528301,0.04615173930903655,683,We're here to decide if we are going to deport this illegal alien.
4816,1151,6,35,115,156,1.3012820512820513,0.04306291374859299,683,"And now my fellow reptilians, Mr. Homo Sapien will present an update on earthly climate change."
5181,1151,8,31,117,156,1.3012820512820513,0.04494263579716196,683,Please welcome Mr. Armstrong - he joins us from a place called Area 51
4301,1151,7,33,116,156,1.3012820512820513,0.04401281093565317,683,"I know he looks like the dog's breakfast, but his beauty is on the inside."
3759,1151,7,33,116,156,1.3012820512820513,0.04401281093565317,683,"Due to recent incidents, Phil from HR will now review our dorsal fin discrimination policy."
2886,1151,9,29,118,156,1.3012820512820513,0.04585360943628251,683,"C'mon in, Leonard.  We are fully committed to a policy of diversity in the boardroom."
2415,1151,6,35,115,156,1.3012820512820513,0.04306291374859299,683,It was so much easier when it was just bulls and bears.
2208,1151,8,31,117,156,1.3012820512820513,0.04494263579716196,683,"As your Christmas bonus this year, you’ll all be receiving subscriptions to the Insect of the Month Club."
5606,1151,7,33,116,156,1.3012820512820513,0.04401281093565317,683,"Dave, why are you the only one wearing clothes?"
2099,1151,6,35,115,156,1.3012820512820513,0.04306291374859299,683,We sure will be sad when animals like this go extinct. NOT!
3706,1151,8,31,117,156,1.3012820512820513,0.04494263579716196,683,Fred here will be leading us in today's Diversity Workshop
2092,1151,7,33,116,156,1.3012820512820513,0.04401281093565317,683,If we're really serious about diversity then we have to take him seriously.
2331,1162,7,32,114,153,1.3006535947712419,0.044556607896158625,683,"Remember, beauty is only skin deep."
5155,1162,9,28,116,153,1.3006535947712419,0.04644663530572514,683,No one is scarier than our accountant
1775,1162,5,36,112,153,1.3006535947712419,0.04258277448923469,683,"To improve diversity, I nominate this rich, white male for the vacant seat on the Board."
1777,1162,3,40,110,153,1.3006535947712419,0.04051288756914285,683,"Team, meet Larry. He's our new Human Resource member."
1825,1162,7,32,114,153,1.3006535947712419,0.044556607896158625,683,We're now going to hear from the company's diversity champion.
1896,1162,10,26,117,153,1.3006535947712419,0.04736337449156824,683,"No, this is Steve, our new accountant. Lunch is named Trevor, and should be here any minute."
2323,1162,7,32,114,153,1.3006535947712419,0.044556607896158625,683,I know he’s not much to look at but let’s make him welcome anyway.
2491,1162,8,30,115,153,1.3006535947712419,0.04551143393936879,683,We decided to go with an outside hire! This is Dave.
2559,1162,4,38,111,153,1.3006535947712419,0.04156071908900895,683,"oh good,Delivery Dudes just sent us lunch."
2576,1162,9,28,116,153,1.3006535947712419,0.04644663530572514,683,This is Dane from HR. He’s here to help us resolve the ‘scales in the breakroom’ problem.
2789,1162,8,30,115,153,1.3006535947712419,0.04551143393936879,683,"This is Steven, our newest member. I know someone you are hesitant to identify Steven as a monster but he just cheated on his wife with her sister."
2824,1162,7,32,114,153,1.3006535947712419,0.044556607896158625,683,It's time we discussed the human in the room.
3222,1162,5,36,112,153,1.3006535947712419,0.04258277448923469,683,Who invited the extraterrestrial?
1601,1162,9,28,116,153,1.3006535947712419,0.04644663530572514,683,It appears lunch has arrived.
3312,1162,8,30,115,153,1.3006535947712419,0.04551143393936879,683,"Didn't you get the memo that today is Casual Friday, Frank?"
3959,1162,9,28,116,153,1.3006535947712419,0.04644663530572514,683,"'This is Melvin, our new head of Human Resources. Hungry? He's your guy.'"
3973,1162,6,34,113,153,1.3006535947712419,0.04358086730672671,683,"According to Bert here from our analytics unit, either we strategically evolve or we lose market share."
4122,1162,9,28,116,153,1.3006535947712419,0.04644663530572514,683,"Bob, you're fired...and you are also going to be lunch."
4151,1162,10,26,117,153,1.3006535947712419,0.04736337449156824,683,"OK, So the Doc's vaccine still needs work, what's next on our agenda?"
4166,1162,7,32,114,153,1.3006535947712419,0.044556607896158625,683,Their appearance is terrifying but are we sure they plan to harm us?
4848,1162,8,30,115,153,1.3006535947712419,0.04551143393936879,683,I’ve asked Bob here to take all of our ideas and bring them down to Earth.
4984,1162,10,26,117,153,1.3006535947712419,0.04736337449156824,683,This is my partner Simon. He’s in real estate and is an Aquarius.
5040,1162,6,34,113,153,1.3006535947712419,0.04358086730672671,683,I told you lunch would be here soon.
5047,1162,9,28,116,153,1.3006535947712419,0.04644663530572514,683,I think it's fair to say that we have met our strategic Plan goal for diversity.
5050,1162,8,30,115,153,1.3006535947712419,0.04551143393936879,683,I finally have my fantasy board of directors team!
5079,1162,8,30,115,153,1.3006535947712419,0.04551143393936879,683,So if we added 10 pounds you would be more likely to buy him for roasting?
5082,1162,4,38,111,153,1.3006535947712419,0.04156071908900895,683,This place has the weirdest waiters.
5150,1162,8,30,115,153,1.3006535947712419,0.04551143393936879,683,"He's at the table, but don't worry he's still on the menu."
3796,1162,10,26,117,153,1.3006535947712419,0.04736337449156824,683,It’s the new HR Director’s idea of diversity.
1502,1162,8,30,115,153,1.3006535947712419,0.04551143393936879,683,"I believe I made it very clear that Bring Your Human to Work Day is on Wednesday, Gargablat!"
1753,1162,10,26,117,153,1.3006535947712419,0.04736337449156824,683,Welcome to the Inhuman Resources Department.
1377,1162,7,32,114,153,1.3006535947712419,0.044556607896158625,683,Who ordered the human?
141,1162,5,36,112,153,1.3006535947712419,0.04258277448923469,683,Are there any dietary restrictions?
148,1162,6,34,113,153,1.3006535947712419,0.04358086730672671,683,"If we aren’t careful, we’ll end up like him."
184,1162,8,30,115,153,1.3006535947712419,0.04551143393936879,683,"Noah, the board has voted you out. We've decided to rule the planet ourselves without you humans and the other animals. Take some time off. Maybe get a boat."
244,1162,6,34,113,153,1.3006535947712419,0.04358086730672671,683,Lunch will be served shortly.
274,1162,4,38,111,153,1.3006535947712419,0.04156071908900895,683,"Meet, Victor, the scientist who modified our genes."""
1444,1162,4,38,111,153,1.3006535947712419,0.04156071908900895,683,The meeting will commence after we eat the caterer.
313,1162,11,24,118,153,1.3006535947712419,0.04826270356324893,683,"Sorry, I was using the phrase 'fresh blood' metaphorically."
352,1162,7,32,114,153,1.3006535947712419,0.044556607896158625,683,"So, all in favor, say 'ervzpfosjf.'"
384,1162,9,28,116,153,1.3006535947712419,0.04644663530572514,683,It’s okay. Diverse groups make better decisions.
518,1162,10,26,117,153,1.3006535947712419,0.04736337449156824,683,I see our lunch is here.
633,1162,7,32,114,153,1.3006535947712419,0.044556607896158625,683,Remember when we told this guy he was the new head of marketing?! He looked at us like we were from outer space.
5201,1162,8,30,115,153,1.3006535947712419,0.04551143393936879,683,So no one told the new guy about casual Friday?
752,1162,4,38,111,153,1.3006535947712419,0.04156071908900895,683,I’d like to thank everyone for attending our “Diversity in the Workplace” meetin
995,1162,7,32,114,153,1.3006535947712419,0.044556607896158625,683,"This is Ken, and he'll be crunching numbers until The Count comes back."
1098,1162,7,32,114,153,1.3006535947712419,0.044556607896158625,683,"While it’s true he resembles a sick pickle, it’s still harassment to post on break room bulletin board."
1184,1162,5,36,112,153,1.3006535947712419,0.04258277448923469,683,Meet our new diversity hire
1210,1162,6,34,113,153,1.3006535947712419,0.04358086730672671,683,I finally have the Cabinet I've always wanted!
1295,1162,7,32,114,153,1.3006535947712419,0.044556607896158625,683,I say we pick up where we left off “bar scene in Star Wars”
1298,1162,5,36,112,153,1.3006535947712419,0.04258277448923469,683,"I’ll just come out and say it, it’s the elephant in the room... Bob from accounting just looks funny."
1346,1162,10,26,117,153,1.3006535947712419,0.04736337449156824,683,"This is Dustin, our diversity hire."
1365,1162,9,28,116,153,1.3006535947712419,0.04644663530572514,683,Derrick here will outline our new marketing plan and then we will eat him.
751,1162,7,32,114,153,1.3006535947712419,0.044556607896158625,683,"I know, I know - but remember your diversity training."
1140,1216,13,25,132,170,1.3,0.046341999588510076,683,The Earthling bears a request from his nation's leader – that we abduct a human named Pelosi.
2459,1217,8,25,104,137,1.2992700729927007,0.04899698501915311,683,The vote is unanimous -- Student Loan Collector wins monster of the millennium.
5586,1218,7,32,115,154,1.2987012987012987,0.04430936428303814,683,The consultants insisted we boost our HR.
2670,1218,5,36,113,154,1.2987012987012987,0.04235038237749155,683,He's the exception that proves the rule.
2616,1218,6,34,114,154,1.2987012987012987,0.04334094282942356,683,"This is Roger. Don't worry, he's a monster on the inside."
1828,1218,2,42,110,154,1.2987012987012987,0.03922891247599026,683,This is Ted. He is here to walk us through some rebranding concepts.
2523,1218,10,26,118,154,1.2987012987012987,0.047095297818761254,683,"Eddie comes to us from a long line of Munsters"""
2352,1218,10,26,118,154,1.2987012987012987,0.047095297818761254,683,"Everyone, this is Larry, our lunch..."
1390,1218,7,32,115,154,1.2987012987012987,0.04430936428303814,683,This is Jim from Human Resources.
2122,1218,8,30,116,154,1.2987012987012987,0.04525706796723126,683,"Sorry Morris, you are not a good fit for this organization......"
823,1226,9,27,115,151,1.2980132450331126,0.046790786046770054,683,I'd like you to meet my son-in-law.
892,1226,12,21,118,151,1.2980132450331126,0.049540673402026614,683,I think we need to address the elephant in the room.
1885,1226,7,31,113,151,1.2980132450331126,0.044863985749969956,683,"Yes, accounting."
1919,1226,5,35,111,151,1.2980132450331126,0.042850633319385184,683,Here comes Norm!
2042,1226,9,27,115,151,1.2980132450331126,0.046790786046770054,683,"Gentlemen, we may have an image problem."
3161,1226,6,33,112,151,1.2980132450331126,0.04386886135544158,683,Show of hands.  Should he join us in the swamp?
2746,1226,6,33,112,151,1.2980132450331126,0.04386886135544158,683,I took the liberty of ordering lunch.
2874,1226,8,29,114,151,1.2980132450331126,0.04583751125578329,683,"Sure, an audit can be scary, but that doesn't make Todd a monster."
3097,1226,10,25,116,151,1.2980132450331126,0.047725023621001623,683,"Jeffords here is the second of our non monster hires. 
I  assured him he will not be eaten."
5012,1226,10,25,116,151,1.2980132450331126,0.047725023621001623,683,Our company's diversity-in-hiring initiative appears to be working.
4949,1226,4,37,110,151,1.2980132450331126,0.04180761360233148,683,Who forgot to send him the “clothing optional” memo?
4799,1226,7,31,113,151,1.2980132450331126,0.044863985749969956,683,"I'd like to introduce you all to Bob. This is his first day here at Nuclear Solutions, LLC"
3829,1226,9,27,115,151,1.2980132450331126,0.046790786046770054,683,"Folks, lunch has arrived!"
2389,1226,8,29,114,151,1.2980132450331126,0.04583751125578329,683,I move that we eat the mammal. Seconder?
3582,1226,9,27,115,151,1.2980132450331126,0.046790786046770054,683,Here is the latest model of scary monsters- the corporate CEO
2653,1226,9,27,115,151,1.2980132450331126,0.046790786046770054,683,Is there something on my face?
2506,1226,8,29,114,151,1.2980132450331126,0.04583751125578329,683,Norm is here to help us think differently.
32,1243,8,31,119,158,1.2974683544303798,0.04445327865274734,683,"I know, but HR said we needed more diversity."
2851,1243,8,31,119,158,1.2974683544303798,0.04445327865274734,683,Forget intelligent life. He should try searching for a better tie.
4034,1245,5,35,112,152,1.2960526315789473,0.04261291541603195,683,Can everyone please stop scratching the table.
3428,1245,3,39,110,152,1.2960526315789473,0.04051646342874143,683,Let's give a  global -warming  welcome for our new species
3433,1245,7,31,114,152,1.2960526315789473,0.04461095506414591,683,Our ideas are getting stale and tame so I invited him in hopes of shaking things up.
4773,1245,9,27,116,152,1.2960526315789473,0.04652326367761186,683,Perhaps we should break for lunch.
2899,1249,9,24,109,142,1.295774647887324,0.048746890712609126,683,"This is Henry, our new diversity hire."
5143,1250,9,29,121,159,1.2955974842767295,0.0451037593324863,683,Who brought the weirdo?
475,1251,7,30,112,149,1.2953020134228188,0.045176715019635424,683,"If we eat him, he can't testify."
1994,1251,9,26,114,149,1.2953020134228188,0.047141542434457555,683,Twelve angry men?
2350,1251,9,26,114,149,1.2953020134228188,0.047141542434457555,683,So I understand you are all applying for the President's Cabinet?
2465,1251,9,26,114,149,1.2953020134228188,0.047141542434457555,683,Umm...sure.  This IS a costume party.
3001,1251,5,34,110,149,1.2953020134228188,0.04312245513454612,683,"Everybody, I'd like to introduce Phil, our new chief of diversity."
3056,1251,8,28,113,149,1.2953020134228188,0.04616958199434513,683,"Everybody, shh shh shh.  It's here."
3114,1251,8,28,113,149,1.2953020134228188,0.04616958199434513,683,One-size-fits-all MAGA hats will not work for us.
3363,1251,4,36,109,149,1.2953020134228188,0.04205771528820531,683,You have nothing to worry about. Bill is just here to observe.
4002,1251,9,26,114,149,1.2953020134228188,0.047141542434457555,683,Who invited Picasso?
4442,1251,5,34,110,149,1.2953020134228188,0.04312245513454612,683,The Ark leaves in 5 minutes.  All aboard!
4650,1251,8,28,113,149,1.2953020134228188,0.04616958199434513,683,He's our new Human Resources manager.
4653,1251,8,28,113,149,1.2953020134228188,0.04616958199434513,683,I think it's time we talk about the elephant in the room.
4667,1251,6,32,111,149,1.2953020134228188,0.04416153143175798,683,"He’s our new temp, try not to stare!"
4686,1251,8,28,113,149,1.2953020134228188,0.04616958199434513,683,Meet Jim. His wife sent him to Monsters Anonymous.
1891,1251,9,26,114,149,1.2953020134228188,0.047141542434457555,683,"The ayes have it, 4-3. Mankind is now officially a member of the Extinction Club!"
1522,1251,9,26,114,149,1.2953020134228188,0.047141542434457555,683,I know he looks human but he's not that bad.
4733,1251,12,20,117,149,1.2953020134228188,0.04994406058583319,683,"Let's try not to eat the job applicant this time, please."
4713,1251,8,28,113,149,1.2953020134228188,0.04616958199434513,683,"And this is Doctor Seuss
Who'll put us to good use."
955,1251,6,32,111,149,1.2953020134228188,0.04416153143175798,683,I say we table the earnings discussion and move on to Item 2... pronouns.
5087,1251,4,36,109,149,1.2953020134228188,0.04205771528820531,683,"Memo from HR, it's a diversity issue."
4957,1251,10,24,115,149,1.2953020134228188,0.04809386389828714,683,"Gentlemen, my lawyer has given me very good news. We are no longer considered alien invaders. We are now undocumented citizens. And wait until you see the goodies that go with that!"
28,1251,5,34,110,149,1.2953020134228188,0.04312245513454612,683,Diversity is good.
5582,1251,11,22,116,149,1.2953020134228188,0.049027690810746656,683,"Everyone say hi to Ralph, this is his first day in cartoons."
56,1251,7,30,112,149,1.2953020134228188,0.045176715019635424,683,Allow me to introduce the appetizer . . .
341,1251,10,24,115,149,1.2953020134228188,0.04809386389828714,683,"Who knew Bigfoot could clean up so well, right?"
431,1251,8,28,113,149,1.2953020134228188,0.04616958199434513,683,"Everyone, this is Harold, an IRS auditor. He'll be working with our 35-55 demographic."
38,1251,9,26,114,149,1.2953020134228188,0.047141542434457555,683,"Fear not, he's one of OUR lawyers."
5129,1278,9,38,143,190,1.2947368421052632,0.04001348173044048,683,"Everyone, this is Malcom, our diversity candidate."
1202,1279,5,28,96,129,1.2945736434108528,0.04721289812046446,683,"Sorry, Man, your species is still too destructive. We’ll check back in a few millennia when you’ve had more time to mature."
4690,1280,7,29,110,146,1.2945205479452055,0.04576315380847012,683,"Aliens say hi to bob, the feast will begin shortly, so start saying by to bob"
2171,1281,6,33,114,153,1.2941176470588236,0.04338049444165882,683,Bob works in Human Resources.
4591,1281,8,29,116,153,1.2941176470588236,0.04531959754911555,683,Someone didn’t get the memo about casual Friday’s
5207,1283,9,29,122,160,1.29375,0.04485903409851324,683,"Of course it's over the top, but the market's ready for something bizarre."
4311,1284,7,30,113,150,1.2933333333333332,0.04491768924221895,683,"So, as promised, Lenny here is going to explain to us what white privilege is and why we should care."
1228,1284,9,26,115,150,1.2933333333333332,0.046867576469095375,683,"So, we need to get our stories coordinated on Ukraine..."
3558,1286,6,31,110,147,1.2925170068027212,0.04445895911030836,683,What I actually said was 'Fred  IS lunch'...
5588,1286,5,33,109,147,1.2925170068027212,0.043398284356141514,683,Todd's here to help us imagine more realistic nightmares.
5521,1286,10,23,114,147,1.2925170068027212,0.04847010300829041,683,"Hideous creatures of the universe, I have found the vilest of us all. He's a lawyer."
4678,1286,9,25,113,147,1.2925170068027212,0.04749908341766955,683,"Bob here is our new Head of Sales! Or lunch, if that doesn't work out.
Peter Dolch, Chappaqua, NY"
4613,1286,10,23,114,147,1.2925170068027212,0.04847010300829041,683,This is Jerry from Human Resources
4501,1286,6,31,110,147,1.2925170068027212,0.04445895911030836,683,"Meet Bob Smith, our new diversity consultant."
4481,1286,6,31,110,147,1.2925170068027212,0.04445895911030836,683,"I know, but he was much easier to train than the monkey"
4376,1286,8,27,112,147,1.2925170068027212,0.04650779467361549,683,"And now, we have a representative from the “Human” race. Please, don’t eat him."
3968,1286,9,25,113,147,1.2925170068027212,0.04749908341766955,683,Bob has been elected to join the Foreign Intelligence Committee. Let’s do our best to make sure he doesn’t feel alienated.
3871,1286,5,33,109,147,1.2925170068027212,0.043398284356141514,683,Give Bob your lunch orders.
3359,1286,7,29,111,147,1.2925170068027212,0.04549491186152165,683,"Despite this year’s efforts, 68% of Americans still think evolution is a hoax."
3329,1286,8,27,112,147,1.2925170068027212,0.04650779467361549,683,"Dave, our apologies but the condo board decided you would just be too evolved for the building."
3316,1286,6,31,110,147,1.2925170068027212,0.04445895911030836,683,"Everybody, Dinner. Dinner, everybody."
3076,1286,7,29,111,147,1.2925170068027212,0.04549491186152165,683,"Meet Jason, our new diversity consultant."
2666,1286,7,29,111,147,1.2925170068027212,0.04549491186152165,683,"So Robert, got any rules of disorder?”"
3025,1286,10,23,114,147,1.2925170068027212,0.04847010300829041,683,Faculty meeting after long day at school
1962,1286,7,29,111,147,1.2925170068027212,0.04549491186152165,683,"One of these things is not like the other, one of these things doesn't belong..."
6,1286,11,21,115,147,1.2925170068027212,0.04942204817437088,683,"One of these things is not like the others, one of these things just doesn't belong."
2496,1286,7,29,111,147,1.2925170068027212,0.04549491186152165,683,"All those opposed to draining the swamp, signify by raising whatever."""
199,1286,10,23,114,147,1.2925170068027212,0.04847010300829041,683,"Alright, that's lunch.  Great work everyone."
471,1286,10,23,114,147,1.2925170068027212,0.04847010300829041,683,I’m happy that a candidate is finally seeking the support of actual deplorables!
112,1286,7,29,111,147,1.2925170068027212,0.04549491186152165,683,"Him? This year we've cut out the middle man for our ""magic"" meat."
1074,1286,6,31,110,147,1.2925170068027212,0.04445895911030836,683,I think its time to address the intern in the room.
1627,1286,6,31,110,147,1.2925170068027212,0.04445895911030836,683,People like him used to sit in all your seats.
1638,1286,7,29,111,147,1.2925170068027212,0.04549491186152165,683,Who ordered lame-ass for dessert?
478,1286,9,25,113,147,1.2925170068027212,0.04749908341766955,683,"Do I have a consensual tweet, grunt, growl and/or galactic hiss on his 'out of cage' privileges?"
1241,1312,8,27,113,148,1.2905405405405406,0.046234748759610964,683,Let's face it. We're aren't FAKE NEWS anymore!
5657,1313,3,36,106,145,1.289655172413793,0.04142717538147149,683,"Don't worry, guys. He's a monster alright."
4087,1313,7,28,110,145,1.289655172413793,0.04581869293791896,683,I see the diversity training is coming along nicely.
3190,1313,5,32,108,145,1.289655172413793,0.04367816091954022,683,Well. This is embarrassing.
2880,1313,7,28,110,145,1.289655172413793,0.04581869293791896,683,"Ted's here to join us for lunch"""
4216,1313,10,22,113,145,1.289655172413793,0.04885395525828369,683,Look intimidating. His worst nightmare is a pointless meeting.
2143,1313,8,26,111,145,1.289655172413793,0.046852300510778884,683,"We're getting a lot of criticism for a lack of diversity on our board, so we hired a white, middle-aged man."
2059,1313,5,32,108,145,1.289655172413793,0.04367816091954022,683,"Hey, who’s the freak in the suit?"
4308,1313,6,30,109,145,1.289655172413793,0.04476122408878334,683,Gary from HR is here to talk about appropriate workplace conduct.
4754,1313,7,28,110,145,1.289655172413793,0.04581869293791896,683,"Just remember, four legs good, two legs . . ."
5545,1313,7,28,110,145,1.289655172413793,0.04581869293791896,683,"This is our new hire, hu-man."
4534,1313,4,34,107,145,1.289655172413793,0.04256754985549702,683,"This is Barry, our new immigration lawyer."
5488,1313,9,24,112,145,1.289655172413793,0.04786359267507359,683,Is anybody going to eat this last one?
4440,1313,9,24,112,145,1.289655172413793,0.04786359267507359,683,He's probably harmless. Just don't make eye contact.
2044,1313,5,32,108,145,1.289655172413793,0.04367816091954022,683,Who let this weirdo in?
5156,1313,6,30,109,145,1.289655172413793,0.04476122408878334,683,Another one from HR?
4786,1313,7,28,110,145,1.289655172413793,0.04581869293791896,683,"This is Noah to my left, who will be detailing the travel arrangements."
4402,1313,5,32,108,145,1.289655172413793,0.04367816091954022,683,"He’s a Rhodes Scholar, got his law degree from Harvard and has a PhD in Public Policy. I also understand he’ll be quite delicious."
2015,1313,9,24,112,145,1.289655172413793,0.04786359267507359,683,"I'd like you to welcome, Brad.  His species went extinct on a planet he calls ""Earth""."
4214,1313,3,36,106,145,1.289655172413793,0.04142717538147149,683,"Everyone, welcome our new diversity hire, Reggie."
1342,1313,9,24,112,145,1.289655172413793,0.04786359267507359,683,"It's that time of year again. 
Max is here will be explaining your new insurance options."
275,1313,6,30,109,145,1.289655172413793,0.04476122408878334,683,"This is our latest prototype, just in time for the 2020 elections."
393,1313,7,28,110,145,1.289655172413793,0.04581869293791896,683,He’s the only one qualified for Human Resources.
784,1313,8,26,111,145,1.289655172413793,0.046852300510778884,683,It's ok! He's here legally.
966,1313,4,34,107,145,1.289655172413793,0.04256754985549702,683,This is our year to win!
1751,1313,10,22,113,145,1.289655172413793,0.04885395525828369,683,Who ordered the human with dressing?
791,1313,5,32,108,145,1.289655172413793,0.04367816091954022,683,Kid's imaginary friends just aren't what they used to be.
1147,1313,4,34,107,145,1.289655172413793,0.04256754985549702,683,We've agreed not to eat or drink any part of the intern until he's read the minutes from our last meeting.
1198,1313,7,28,110,145,1.289655172413793,0.04581869293791896,683,"So, Deke is going to inherit the earth."
1208,1313,9,24,112,145,1.289655172413793,0.04786359267507359,683,"Grezelzip has informed me that he has decided to identify as 'human'."""
1339,1313,9,24,112,145,1.289655172413793,0.04786359267507359,683,"You'll be happy to know, tech support has arrived."
1083,1313,4,34,107,145,1.289655172413793,0.04256754985549702,683,You have a problem with the appetizer?
2416,1344,8,26,112,146,1.2876712328767124,0.04657256375606114,683,And to expand our diversity training . . .
1981,1344,6,30,110,146,1.2876712328767124,0.044497832219482995,683,We're sorry but you're a little too creepy for this group.
2125,1344,4,34,108,146,1.2876712328767124,0.042321512846945075,683,Are we all going to just ignore the 167 pound human in the room?
2408,1344,8,26,112,146,1.2876712328767124,0.04657256375606114,683,No worries!  Area 52 is three doors down on the left.
3384,1344,7,28,111,146,1.2876712328767124,0.04554701289352375,683,Who invited this monster?
5251,1344,9,24,113,146,1.2876712328767124,0.04757601292775532,683,It’s time our company branches out and opens its doors to the white man.
4420,1344,5,32,109,146,1.2876712328767124,0.0434233089589416,683,"Now, when we bring in the cable news cameras, it is essential that you express your adulation effusively."
4518,1344,9,24,113,146,1.2876712328767124,0.04757601292775532,683,"I promise, we're just PRETENDING to drain the swamp."
4874,1344,4,34,108,146,1.2876712328767124,0.042321512846945075,683,Allow me to introduce our new employee who helps us meet our Homo sapiens quota.
5184,1344,6,30,110,146,1.2876712328767124,0.044497832219482995,683,Pat's preferred pronoun is They.
1376,1344,8,26,112,146,1.2876712328767124,0.04657256375606114,683,Who invited the weird-o?
4352,1344,6,30,110,146,1.2876712328767124,0.044497832219482995,683,"Look, here comes lunch."
1334,1344,5,32,109,146,1.2876712328767124,0.0434233089589416,683,"He may be a white male, but he's Our White Male."
2681,1344,5,32,109,146,1.2876712328767124,0.0434233089589416,683,"This is Bert, our new affirmative action hire."
862,1344,9,24,113,146,1.2876712328767124,0.04757601292775532,683,"And now for the scariest one of all, please welcome our attorney."
712,1344,6,30,110,146,1.2876712328767124,0.044497832219482995,683,"He didn't get the ""clothing optional Fridays"" memo."
330,1344,6,30,110,146,1.2876712328767124,0.044497832219482995,683,Jim will be joining us because the company feels he'll be delicious.
228,1344,6,30,110,146,1.2876712328767124,0.044497832219482995,683,"Gentlemen please meet Irwin, our lunch."
212,1344,5,32,109,146,1.2876712328767124,0.0434233089589416,683,"Sorry House committees, Trump is running late."
874,1344,5,32,109,146,1.2876712328767124,0.0434233089589416,683,This is Bob; he'll be leading our transition management team.
217,1364,8,30,122,160,1.2875,0.043786485235837044,683,This meeting of 'Where the Wild Things Are' will now begin.
2900,1364,5,36,119,160,1.2875,0.04100496595175274,683,Can I keep him? He followed me home!
4964,1366,5,31,107,143,1.2867132867132867,0.043962119406532656,683,I thought a middle-aged white guy might help diversify the board.
1415,1366,10,21,112,143,1.2867132867132867,0.04924564167428332,683,Please offer a biped-friendly seat to our guest and state your pronouns.
916,1366,2,37,104,143,1.2867132867132867,0.04046218943650516,683,"To my left is our first office pet, Fred."
856,1366,8,25,110,143,1.2867132867132867,0.047203253186966256,683,Wow! Who dressed YOU today?
37,1366,4,33,106,143,1.2867132867132867,0.04282726802487756,683,Which one of you guy's seahorse is double parked?
36,1366,9,23,111,143,1.2867132867132867,0.04823525855297528,683,Our test group is not satisfied with new design of your chairs.
4883,1366,5,31,107,143,1.2867132867132867,0.043962119406532656,683,"Here at MONSTER, Inc. we are committed to diversity."
3357,1373,7,29,114,150,1.2866666666666666,0.04470801785532241,683,Shall we find Funny Face a seat?
5589,1374,5,30,105,140,1.2857142857142858,0.0445206446398571,683,Upper management here has long-been committed to diversity.
2658,1374,5,30,105,140,1.2857142857142858,0.0445206446398571,683,"Gentlemen, we have achieved Diversity.”"
2721,1374,9,22,109,140,1.2857142857142858,0.0489202155639534,683,"This is our new colleague. I expect that you will make him feel welcome, even though he is a monster."
2977,1374,6,28,106,140,1.2857142857142858,0.04566029699933242,683,"But guys, think how he'll up our diversity profile!"
3472,1374,7,26,107,140,1.2857142857142858,0.046772188798323865,683,It's time we all addressed the elephant in the room.
3631,1374,7,26,107,140,1.2857142857142858,0.046772188798323865,683,"All in favor, say ‘Grvbbzzztklks.’"
4018,1374,7,26,107,140,1.2857142857142858,0.046772188798323865,683,"He might not be much to look at, but his work is out of this world."
4340,1374,8,24,108,140,1.2857142857142858,0.04785825496092456,683,Now Cosgrove here will walk us through the empathy phase.
4379,1374,6,28,106,140,1.2857142857142858,0.04566029699933242,683,"Uh oh, here comes Doug. Be nice. He’s sensitive about his appearance."
4416,1374,6,28,106,140,1.2857142857142858,0.04566029699933242,683,I see you all got the message to come as you are.
4459,1374,8,24,108,140,1.2857142857142858,0.04785825496092456,683,Does anyone have questions for Phil about our health care plan?
4581,1374,10,20,110,140,1.2857142857142858,0.04995960782214444,683,Harold recommends against investing in the planet earth until after 2020.
5639,1374,2,36,102,140,1.2857142857142858,0.04091164907935164,683,We heard that you help aliens get citizenship.
4923,1374,6,28,106,140,1.2857142857142858,0.04566029699933242,683,Everyone meet Greg...he’ll be leading our new Human Resources department
4939,1374,6,28,106,140,1.2857142857142858,0.04566029699933242,683,Dave here has just been hired to address the lack of diversity on our team. I'm sure we will benefit by his views as a male.
4993,1374,8,24,108,140,1.2857142857142858,0.04785825496092456,683,I get it! Dino's dressed up as a human being for Halloween!
5110,1374,9,22,109,140,1.2857142857142858,0.0489202155639534,683,"All those in favor of eating Alfred, say aye"""
2608,1374,8,24,108,140,1.2857142857142858,0.04785825496092456,683,"Remember, we’re government contractors."
5136,1374,6,28,106,140,1.2857142857142858,0.04566029699933242,683,Stop drooling. He's not organic.
5493,1374,6,28,106,140,1.2857142857142858,0.04566029699933242,683,Is he the new diversity hire?
5557,1374,5,30,105,140,1.2857142857142858,0.0445206446398571,683,"Bad news, team. They drained our swamp."
4817,1374,5,30,105,140,1.2857142857142858,0.0445206446398571,683,Please meet today's menu option.
2396,1374,4,32,104,140,1.2857142857142858,0.04335104238919324,683,The guy from planet Omega was even uglier.
261,1374,6,28,106,140,1.2857142857142858,0.04566029699933242,683,"Mr. Dershowitz, here, believes that we may be able to use Lawrence v. Texas to finally come out of the closet..."
1949,1374,7,26,107,140,1.2857142857142858,0.046772188798323865,683,"Ah, I see lunch has just arrived."
2338,1374,3,34,103,140,1.2857142857142858,0.042148997061743014,683,There's one in every crowd!
186,1374,1,38,101,140,1.2857142857142858,0.03963569234254911,683,"I'd like to introduce Bob, who is either a new intern or brunch."
236,1374,7,26,107,140,1.2857142857142858,0.046772188798323865,683,"Gentleman, this is our new image consultant James, who made Bernie Madoff  almost seem human."
403,1374,4,32,104,140,1.2857142857142858,0.04335104238919324,683,Let's take a break....I see lunch has arrived.
592,1374,9,22,109,140,1.2857142857142858,0.0489202155639534,683,We have one year to run those Facebook ads and win this thing!
652,1374,6,28,106,140,1.2857142857142858,0.04566029699933242,683,"So, that's the final decision.  We will all get behind the mammal."
1177,1374,7,26,107,140,1.2857142857142858,0.046772188798323865,683,"Please welcome Ned, he's here to liven up the meeting."
609,1374,8,24,108,140,1.2857142857142858,0.04785825496092456,683,"Meet our inclusion and diversity officer."""
1348,1374,7,26,107,140,1.2857142857142858,0.046772188798323865,683,Meet Bob. Our new Head of Diversity.
1440,1374,6,28,106,140,1.2857142857142858,0.04566029699933242,683,"Welcome to the Committee, Frank. Ork will show you where the wild things are."
1772,1374,5,30,105,140,1.2857142857142858,0.0445206446398571,683,"No it's cool guys, he's a politician"
1815,1374,10,20,110,140,1.2857142857142858,0.04995960782214444,683,Jim’s a debt collector. He’s here to help with your scare tactics.
1823,1374,8,24,108,140,1.2857142857142858,0.04785825496092456,683,You guys remember Mikey? He was that scary monster over our beds all those years ago.
1310,1374,6,28,106,140,1.2857142857142858,0.04566029699933242,683,"C'mon guys, act dumb. The human is coming."
2719,1413,7,26,108,141,1.2836879432624113,0.046483474348555785,683,Ok boomer.
5546,1413,6,28,107,141,1.2836879432624113,0.045380571447692516,683,I think we all know what a great job Ed has done as Vice President for Diversity.
5045,1413,8,24,109,141,1.2836879432624113,0.04756080855185876,683,"And now, your final test for inherent bias."
4896,1413,8,24,109,141,1.2836879432624113,0.04756080855185876,683,"Welcome to the meeting for nightmares. This is Ben, the IRS agent."
4647,1413,6,28,107,141,1.2836879432624113,0.045380571447692516,683,Well I say it’s time we relaxed the no coat rule
4163,1413,8,24,109,141,1.2836879432624113,0.04756080855185876,683,"Take your ""Human to Work Day"""
3995,1419,5,20,81,106,1.2830188679245282,0.053207483448312415,683,"Well, I just don't see him fitting into the work group."
4164,1420,7,25,106,138,1.2826086956521738,0.04712077169601795,683,Jim is here to talk to us today about open enrollment. Please give him your full attention and try not to eat him.
3681,1420,7,25,106,138,1.2826086956521738,0.04712077169601795,683,So this is the White House Zoo
3627,1420,6,27,105,138,1.2826086956521738,0.045984569177401784,683,Each of us would like a slice of Impeachment Pie... and a box of wine.
4252,1420,11,17,110,138,1.2826086956521738,0.051415106889086876,683,"The human here will call the meeting to order, as well  as phylum, class, and species."
3241,1420,7,25,106,138,1.2826086956521738,0.04712077169601795,683,Seems Mr. Butterworth was the only chap who didn't take those funny little candies my teenage son offered us.
4028,1420,3,33,102,138,1.2826086956521738,0.042393643792911495,683,He looks harmless enough
3978,1420,8,23,107,138,1.2826086956521738,0.04823021509412167,683,All in favor of Dennis Kucinich as 2024 US President say 'aye'.
3502,1420,5,29,104,138,1.2826086956521738,0.04481957250615243,683,Now you're complaining? We all agreed we needed an attorney.
3903,1420,6,27,105,138,1.2826086956521738,0.045984569177401784,683,And now for a real scare; Gary from accounting has some news.
3932,1420,8,23,107,138,1.2826086956521738,0.04823021509412167,683,"And for you, Gwendoline, there’s Tofu a la Grecque."
3943,1420,3,33,102,138,1.2826086956521738,0.042393643792911495,683,So is the Board serious about our diversity mission statement?
3434,1420,7,25,106,138,1.2826086956521738,0.04712077169601795,683,"Don't worry, he doesn't understand a word we're saying"
4262,1420,6,27,105,138,1.2826086956521738,0.045984569177401784,683,"I'll let Bob explain the science, but the good news is devolution is happening.  And it's happening now."
5603,1420,7,25,106,138,1.2826086956521738,0.04712077169601795,683,"If our new board member would kindly remove his clothes, we can begin."
4461,1420,7,25,106,138,1.2826086956521738,0.04712077169601795,683,"This is our new Diversity Hire, Chad."
4731,1420,5,29,104,138,1.2826086956521738,0.04481957250615243,683,"He may look harmless, but he’s got a sharp tongue"
4785,1420,8,23,107,138,1.2826086956521738,0.04823021509412167,683,"I know $50,000 a month sounds like a lot for a board member, but it's worth it if you consider he knows nothing about our planet or our business."
4867,1420,6,27,105,138,1.2826086956521738,0.045984569177401784,683,I don't care what the law says. We shouldn't have to admit anyone to our club that doesn't look like us!
4931,1420,7,25,106,138,1.2826086956521738,0.04712077169601795,683,I've called you all here today to discuss the climate crisis.
4936,1420,5,29,104,138,1.2826086956521738,0.04481957250615243,683,"Hi Everyone, this is Benny from accounting who is going to tutor us on how to use macros in Excel."
5028,1420,5,29,104,138,1.2826086956521738,0.04481957250615243,683,"Once again, scaremonger of the month goes to algebra guy."
5152,1420,5,29,104,138,1.2826086956521738,0.04481957250615243,683,"Good news, everyone! My son Jerry's brought over one his Democrat friends again!"
5199,1420,7,25,106,138,1.2826086956521738,0.04712077169601795,683,I suggest we adjourn for lunch.
5359,1420,9,21,108,138,1.2826086956521738,0.04931470542163095,683,And the NEW float for the Macy's Thanksgiving Day Parade is Leonard the Accountant!!
2798,1420,8,23,107,138,1.2826086956521738,0.04823021509412167,683,Time for a break. Our lunch as arrived.
3043,1420,7,25,106,138,1.2826086956521738,0.04712077169601795,683,Hard to remember that far back but  before B school I’m pretty sure I looked like him too
4398,1420,3,33,102,138,1.2826086956521738,0.042393643792911495,683,When they are properly dressed they taste good.
2701,1420,4,31,103,138,1.2826086956521738,0.04362347483680385,683,"This is Arnold.  He's part of our diversity initiative.""  --Gerard Black Laurelton, New Yor"
1431,1420,6,27,105,138,1.2826086956521738,0.045984569177401784,683,Our appetizer this evening is Neil.
1955,1420,7,25,106,138,1.2826086956521738,0.04712077169601795,683,"Bob, recognizing his inexcusable omission, tried to explain the absence of donuts."
116,1420,8,23,107,138,1.2826086956521738,0.04823021509412167,683,The test results on the new drug we slipped into the last meeting's water are in
310,1420,7,25,106,138,1.2826086956521738,0.04712077169601795,683,This is Ted. He'll be our lunch today.
334,1420,5,29,104,138,1.2826086956521738,0.04481957250615243,683,Bob has a different take on our complete world domination strategy.
427,1420,8,23,107,138,1.2826086956521738,0.04823021509412167,683,I hired them on Monster.com
683,1420,5,29,104,138,1.2826086956521738,0.04481957250615243,683,He always hits Reply All.
702,1420,5,29,104,138,1.2826086956521738,0.04481957250615243,683,Let's everyone welcome my new lead attorney to our White House anti-impeachment war room.
849,1420,8,23,107,138,1.2826086956521738,0.04823021509412167,683,"Yes, at this morning's meeting, we have one very weird looking guest."
851,1420,7,25,106,138,1.2826086956521738,0.04712077169601795,683,Thank you all for agreeing to serve. This is by far the most competent Cabinet assembled over the last 3 years.
870,1420,6,27,105,138,1.2826086956521738,0.045984569177401784,683,I hear that new guy's a real monster.
835,1420,3,33,102,138,1.2826086956521738,0.042393643792911495,683,This is our new intern Raj.  Please don't eat him.
1320,1420,9,21,108,138,1.2826086956521738,0.04931470542163095,683,Yes he’s edible.  More importantly he’s my new assistant.
2458,1420,6,27,105,138,1.2826086956521738,0.045984569177401784,683,Forget about where the wild things are - let's focus on where the wild things lunch.
1571,1420,8,23,107,138,1.2826086956521738,0.04823021509412167,683,"Everyone, meet Dan, our new affirmative action policy hire."
1639,1420,4,31,103,138,1.2826086956521738,0.04362347483680385,683,I'd like to call the diversity committee to order.
1659,1420,5,29,104,138,1.2826086956521738,0.04481957250615243,683,"Greetings, fellow mutants!"
1131,1420,6,27,105,138,1.2826086956521738,0.045984569177401784,683,This earthling is a fine specific for the prehistoric alien doll
3157,1466,7,21,96,124,1.282258064516129,0.050645562196792546,683,You may he wondering why we abducted you: we need you to teach us how you make thin crust pizza.
5054,1467,8,24,110,142,1.2816901408450705,0.04726692437588792,683,And this is Steve from The Diversity & Inclusion program.
3793,1468,9,27,124,160,1.28125,0.04448506480343754,683,"Dr. Seuss wasn't available, but he did send his attorney, Mel."
3923,1469,8,23,108,139,1.2805755395683454,0.04792512425674259,683,"He may not look like a monster, but you should see him when the wifi is slow"
4246,1469,5,29,105,139,1.2805755395683454,0.04454238758035183,683,He says we should wear suits so we blend in.
4729,1469,2,35,102,139,1.2805755395683454,0.040880692847508636,683,We need to reach the Human market.
3271,1469,4,31,104,139,1.2805755395683454,0.04335619767464587,683,We’re going to build a wall.
2294,1469,4,31,104,139,1.2805755395683454,0.04335619767464587,683,Did anyone invite a cis white male?
2021,1469,4,31,104,139,1.2805755395683454,0.04335619767464587,683,"Gross, he's wearing a tie!"
1961,1469,7,25,107,139,1.2805755395683454,0.046824706304139325,683,I think we can assure Human Resources that we will not again celebrate our success by eating our Diversity Officer.
1596,1469,0,39,100,139,1.2805755395683454,0.038245290149006836,683,"Watch it!  Here comes one, now."
5659,1477,3,29,93,125,1.28,0.04486539006635795,683,I want to introduce our new CEO.  Mr Al Lien.
4628,1478,5,28,103,136,1.2794117647058822,0.0451228973832111,683,Is there room at the table for an immigrant
3255,1478,5,28,103,136,1.2794117647058822,0.0451228973832111,683,He's fast too.
3188,1478,4,30,102,136,1.2794117647058822,0.043899241523996296,683,Are you lunch?
2795,1478,9,20,107,136,1.2794117647058822,0.049717257725566,683,We love you Mr. President
2755,1478,5,28,103,136,1.2794117647058822,0.0451228973832111,683,We could use some more diversity around this place.”
2478,1478,9,20,107,136,1.2794117647058822,0.049717257725566,683,we are having budget problems and corporate wants to know which one of you is going extinct first
3318,1478,8,22,106,136,1.2794117647058822,0.048609394707985344,683,"I would like to introduce Tim,our new affirmative action hire."
2387,1478,5,28,103,136,1.2794117647058822,0.0451228973832111,683,I think we should incorporate.
2198,1478,4,30,102,136,1.2794117647058822,0.043899241523996296,683,Dude. It's casual Friday.
1992,1478,8,22,106,136,1.2794117647058822,0.048609394707985344,683,"I don't know why he's dressed like that, either, but be nice."
1806,1478,8,22,106,136,1.2794117647058822,0.048609394707985344,683,"How many times do we have to tell you that it’s not yet Halloween,
Jeff?"
1717,1478,8,22,106,136,1.2794117647058822,0.048609394707985344,683,We are gathered here as a result of Bill’s weird imagination...
1712,1478,6,26,104,136,1.2794117647058822,0.04631423463827765,683,"I'm from a long time ago in a galaxy far, far away."
1611,1478,9,20,107,136,1.2794117647058822,0.049717257725566,683,"This meeting of the top ranking GOP Senators 
is hereby called to order.
Self-serve lunch is currently in the corner."
2359,1478,7,24,105,136,1.2794117647058822,0.04747568632471863,683,Fred decided on a trickle-down or treat approach to Halloween.
3438,1478,6,26,104,136,1.2794117647058822,0.04631423463827765,683,This is Jim.  He’ll be in charge of our costume department.
3469,1478,10,18,108,136,1.2794117647058822,0.050800966306006334,683,I guess they weren't kidding when they said the upper management are real monsters.
3510,1478,6,26,104,136,1.2794117647058822,0.04631423463827765,683,"In conclusion, though we are all different, we are exactly alike underneath."
4772,1478,6,26,104,136,1.2794117647058822,0.04631423463827765,683,Would you all please get your hands off my abdomen.
5131,1478,8,22,106,136,1.2794117647058822,0.048609394707985344,683,John will be leading our diversity workshop today.
1577,1478,5,28,103,136,1.2794117647058822,0.0451228973832111,683,This is the management consultant who will lead or diversity training.
5151,1478,6,26,104,136,1.2794117647058822,0.04631423463827765,683,"No, it's more about what he does."
5209,1478,7,24,105,136,1.2794117647058822,0.04747568632471863,683,Next up is the role of the bumbling lab assistant who triggers the disaster.
5273,1478,4,30,102,136,1.2794117647058822,0.043899241523996296,683,"We  always strive to be ""all inclusive"""
4556,1478,8,22,106,136,1.2794117647058822,0.048609394707985344,683,I'm pleased to say we're making good on our diversity initiative!
5351,1478,4,30,102,136,1.2794117647058822,0.043899241523996296,683,I'm delighted to introduce today's Director of HR. Lunch!
5604,1478,5,28,103,136,1.2794117647058822,0.0451228973832111,683,"Everyone welcome our diversity hire, Rick."
5638,1478,7,24,105,136,1.2794117647058822,0.04747568632471863,683,"With the success he's had with GEICO and AFLAC, Mr. Quigley is here to give us some tips on becoming corporate spokesmen."
4471,1478,3,32,101,136,1.2794117647058822,0.04264048480620878,683,"All those in favor raise your hand.....
or foot....or whatever."
4200,1478,2,34,100,136,1.2794117647058822,0.04134342127394495,683,Here comes the diversity hire!
4008,1478,7,24,105,136,1.2794117647058822,0.04747568632471863,683,Do we have room at the table for one more monster?
3629,1478,7,24,105,136,1.2794117647058822,0.04747568632471863,683,Management felt like we needed to add some diversity to the board.
5453,1478,7,24,105,136,1.2794117647058822,0.04747568632471863,683,"So, how is Area 51 this time of year?"
1540,1478,5,28,103,136,1.2794117647058822,0.0451228973832111,683,"Our numbers are falling, folks, particularly in the under-the-bed and in-the-closet demographics."
1970,1478,5,28,103,136,1.2794117647058822,0.0451228973832111,683,"This is Beasley, human resource."
1428,1478,3,32,101,136,1.2794117647058822,0.04264048480620878,683,And now a word from our Diversity Officer.
45,1478,9,20,107,136,1.2794117647058822,0.049717257725566,683,We can't eat him. He's the new accountant.
93,1478,8,22,106,136,1.2794117647058822,0.048609394707985344,683,"See, I told you lunch would be served with a smile today."
192,1478,5,28,103,136,1.2794117647058822,0.0451228973832111,683,You are all fired!
221,1478,3,32,101,136,1.2794117647058822,0.04264048480620878,683,"Funny looking, isn't he?"
242,1478,5,28,103,136,1.2794117647058822,0.0451228973832111,683,This is Dave from Affirmative Action.
294,1478,7,24,105,136,1.2794117647058822,0.04747568632471863,683,Human on our Board? Show of paws.
309,1478,6,26,104,136,1.2794117647058822,0.04631423463827765,683,Dave from Adult Nightmares is here to tell us about audits.
316,1478,9,20,107,136,1.2794117647058822,0.049717257725566,683,"Here at Nightmares International, we're adding the 'guy next door' category, who in today's world of is as scary and dangerous as any one of us."
356,1478,4,30,102,136,1.2794117647058822,0.043899241523996296,683,Why is Zorg the only one of you dressed for Halloween?
377,1478,8,22,106,136,1.2794117647058822,0.048609394707985344,683,"Please welcome Gary, our new Human Resources representative."
429,1478,5,28,103,136,1.2794117647058822,0.0451228973832111,683,'The judge wants to know if you've reached a decision'.
483,1478,6,26,104,136,1.2794117647058822,0.04631423463827765,683,I had breakfast delivered!
574,1478,3,32,101,136,1.2794117647058822,0.04264048480620878,683,Now let's all welcome Mr. Jones to the diversity committee.
670,1478,8,22,106,136,1.2794117647058822,0.048609394707985344,683,He's here to talk about the new dress code.
827,1478,7,24,105,136,1.2794117647058822,0.04747568632471863,683,Neil will be our first course today.
1011,1478,5,28,103,136,1.2794117647058822,0.0451228973832111,683,Who's up for a monster mash?
1193,1478,4,30,102,136,1.2794117647058822,0.043899241523996296,683,"Looks may be deceiving, but he’s infamous in hostile takeovers."
1301,1478,8,22,106,136,1.2794117647058822,0.048609394707985344,683,He’s our diversity hire.
1450,1478,9,20,107,136,1.2794117647058822,0.049717257725566,683,This is Donald three sticks; you might know his grandfather from the recently incinerated planet Earth.
1417,1478,6,26,104,136,1.2794117647058822,0.04631423463827765,683,Let’s break for lunch
5310,1534,6,27,107,140,1.2785714285714285,0.04541445222616682,683,Voting to decide Herb's admission to the Odd Fellow's Club.
1563,1534,5,29,106,140,1.2785714285714285,0.04426847126436581,683,Wow. the new guy is really creepy.
1906,1534,5,29,106,140,1.2785714285714285,0.04426847126436581,683,He said we should wait for the purple people eater
5220,1534,6,27,107,140,1.2785714285714285,0.04541445222616682,683,"George here is in marketing, obviously."
788,1534,8,23,109,140,1.2785714285714285,0.04762375790338688,683,I call the first meeting of ex-cabinet members to order!
2840,1534,5,29,106,140,1.2785714285714285,0.04426847126436581,683,Introducing Non-GMO.
2583,1540,5,28,104,137,1.2773722627737227,0.04483872992273619,683,"I know you're all anxious to hear about lunch.  Matt, could you please introduce yourself to the board?"
5457,1540,7,24,106,137,1.2773722627737227,0.04717198442927356,683,"Meet Phil,our new head of human resources."
4090,1542,8,26,118,152,1.2763157894736843,0.04495977096993022,683,Please welcome our newest member with open mouths.
4190,1543,3,31,100,134,1.2761194029850746,0.04288940119027477,683,They're called clothes. It's a human thing.
3962,1543,4,29,101,134,1.2761194029850746,0.04417829314374187,683,And now I'm pleased to introduce our new diversity hire!
3961,1543,6,25,103,134,1.2761194029850746,0.04664936533718852,683,Did every president before me have such a problem finding advisors who fit in?
3818,1543,5,27,102,134,1.2761194029850746,0.045430633230546524,683,"Even with all us monsters gathered 'round the table, it's hard to ignore the Republican."
3812,1543,4,29,101,134,1.2761194029850746,0.04417829314374187,683,"We need gender diversity, too."
3750,1543,7,23,104,134,1.2761194029850746,0.04783705819755782,683,"So, shall we let this gentleman in our ark?"
3552,1543,3,31,100,134,1.2761194029850746,0.04288940119027477,683,I hired him to make us look good.
3543,1543,10,17,107,134,1.2761194029850746,0.05123520946476824,683,"Due to some recent negative posts on the invasion,Glen will now be managing our corporate Twitter Earth account."
3481,1543,8,21,105,134,1.2761194029850746,0.0489959690957387,683,How would Darwin explain this?
3440,1543,3,31,100,134,1.2761194029850746,0.04288940119027477,683,"I’d like everyone to say hello to our newest diversity hire, Norm."
5344,1543,5,27,102,134,1.2761194029850746,0.045430633230546524,683,Meet our new Human Resource Manager.
3324,1543,5,27,102,134,1.2761194029850746,0.045430633230546524,683,Maurice Sendak is sorry but he can’t make today’s meeting
3315,1543,4,29,101,134,1.2761194029850746,0.04417829314374187,683,"Fred, your human costume, just might be too scary for the Monster's Ball."
3275,1543,6,25,103,134,1.2761194029850746,0.04664936533718852,683,Relax.  You've got this. Just imagine them naked!
3215,1543,8,21,105,134,1.2761194029850746,0.0489959690957387,683,I think Monsters & Steve Inc. has a nice ring to it.
3113,1543,10,17,107,134,1.2761194029850746,0.05123520946476824,683,"Good question Dave, if one foot is dangling off the bed, that means they don't want it anymore."
2911,1543,7,23,104,134,1.2761194029850746,0.04783705819755782,683,He's casting the next version of Star Wars.
2898,1543,8,21,105,134,1.2761194029850746,0.0489959690957387,683,"Diversity, schmaversity. We just can’t have a middle-aged white male human."
2887,1543,9,19,106,134,1.2761194029850746,0.05012809430114643,683,Darren here is a billionaire so he’s more of a monster than any of you.
2860,1543,5,27,102,134,1.2761194029850746,0.045430633230546524,683,"All in favor of expanding to G8, say “Aye.”"
2844,1543,5,27,102,134,1.2761194029850746,0.045430633230546524,683,"I’ve invited Jeremy for lunch, shall we give our thanks..."
4258,1543,6,25,103,134,1.2761194029850746,0.04664936533718852,683,The boss is sensitive so don’t mention his scar.
4269,1543,6,25,103,134,1.2761194029850746,0.04664936533718852,683,Who wants to chase our new intern first?
4523,1543,5,27,102,134,1.2761194029850746,0.045430633230546524,683,I’d like to meet Bob he’s the last holdover from the 21st-century
5316,1543,7,23,104,134,1.2761194029850746,0.04783705819755782,683,"We've chosen Tim to represent Earth, since he's the only one who answered our email."
5433,1543,7,23,104,134,1.2761194029850746,0.04783705819755782,683,Putting aside for the moment the entire issue of table manners...
5298,1543,5,27,102,134,1.2761194029850746,0.045430633230546524,683,"Yes, ugly, but loaded!"
2843,1543,5,27,102,134,1.2761194029850746,0.045430633230546524,683,Everybody welcome Todd. Don't let appearances fool you. He's an ANIMAL!
5455,1543,9,19,106,134,1.2761194029850746,0.05012809430114643,683,So we are agreed. We call him Gecko?
5474,1543,8,21,105,134,1.2761194029850746,0.0489959690957387,683,As I said before:  He works here...He is not desert
5573,1543,6,25,103,134,1.2761194029850746,0.04664936533718852,683,"I called this meeting to address problems, both real and imagined."
5164,1543,2,33,99,134,1.2761194029850746,0.0415605568276737,683,This year's best costume contest prize goes to Bob in HR.
5267,1543,5,27,102,134,1.2761194029850746,0.045430633230546524,683,"Bob here is going to talk about ""Diversity in the Workplace."""
5141,1543,7,23,104,134,1.2761194029850746,0.04783705819755782,683,Great job tricking the new guy to dress for Halloween guys!
4431,1543,5,27,102,134,1.2761194029850746,0.045430633230546524,683,I want to introduce Wilfred Wagner our new diversity officer.
5221,1543,7,23,104,134,1.2761194029850746,0.04783705819755782,683,"All in favor of keeping Phil as Chairman raise you tentacle, claw, flipper, whatever..."
5056,1543,6,25,103,134,1.2761194029850746,0.04664936533718852,683,Welcome the next endangered species.
5026,1543,6,25,103,134,1.2761194029850746,0.04664936533718852,683,Bob's here because we have an issue with diversity.
5008,1543,6,25,103,134,1.2761194029850746,0.04664936533718852,683,"As we've had challengess with the Earth market, we've brought in Joe."
4854,1543,7,23,104,134,1.2761194029850746,0.04783705819755782,683,"And for our special treat today, Elmer from accounting."
4846,1543,6,25,103,134,1.2761194029850746,0.04664936533718852,683,"I’d like to introduce Carl, who will be leading today’s diversity training."
4834,1543,4,29,101,134,1.2761194029850746,0.04417829314374187,683,"I’d like to introduce our newest board member, Chuck Darwin."
4767,1543,8,21,105,134,1.2761194029850746,0.0489959690957387,683,"After traveling so many light-years, he confirmed the answer is still 42"
4744,1543,8,21,105,134,1.2761194029850746,0.0489959690957387,683,"I worry that, despite our efforts at diversity, our board does not look enough like America."
4528,1543,6,25,103,134,1.2761194029850746,0.04664936533718852,683,Who sprang for the hors d'oeuvre?
5101,1543,7,23,104,134,1.2761194029850746,0.04783705819755782,683,Mr.George Orwell will be recording the minutes of all our meetings..
2790,1543,7,23,104,134,1.2761194029850746,0.04783705819755782,683,"I think Jim is right, no one is going to scare anybody if we're always in a meeting."
4615,1543,4,29,101,134,1.2761194029850746,0.04417829314374187,683,"We brought Steve in to offer the white, male, human perspective."
2735,1543,7,23,104,134,1.2761194029850746,0.04783705819755782,683,"This is our new intern, and, coincidentally, lunch."
1159,1543,6,25,103,134,1.2761194029850746,0.04664936533718852,683,"Whoa, check out Bob's crazy Halloween costume!"
1067,1543,7,23,104,134,1.2761194029850746,0.04783705819755782,683,"We said we need a new perspective, but hiring him may be going too far"
1010,1543,2,33,99,134,1.2761194029850746,0.0415605568276737,683,The chair will recognize Mr. Hobbes.  Mr. Hobbes?
1004,1543,2,33,99,134,1.2761194029850746,0.0415605568276737,683,Kangaroo court jury duty.
831,1543,9,19,106,134,1.2761194029850746,0.05012809430114643,683,Let's welcome Sam-I-Ain't to our little group os Seuss rejects!
759,1543,7,23,104,134,1.2761194029850746,0.04783705819755782,683,Careful.  He’s got a power tie.
1161,1543,6,25,103,134,1.2761194029850746,0.04664936533718852,683,Somebody forget their deodorant this morning?
636,1543,8,21,105,134,1.2761194029850746,0.0489959690957387,683,"Our next item of business - ""Lunch Presentation"" - was a little misleading."
491,1543,5,27,102,134,1.2761194029850746,0.045430633230546524,683,Hal must have missed the message about casual Friday.
448,1543,5,27,102,134,1.2761194029850746,0.045430633230546524,683,"To top off our diversity recruitment, I'm delighted to introduce...."
373,1543,10,17,107,134,1.2761194029850746,0.05123520946476824,683,This is Bob. He too joins us in costume as an endangered species: the honest Boeing executive.
323,1543,4,29,101,134,1.2761194029850746,0.04417829314374187,683,"He may not seem scary yet, but wait 'til he starts his PowerPoint."
35,1543,5,27,102,134,1.2761194029850746,0.045430633230546524,683,"And most monstrous of all: Patrick, our lawyer."
2766,1543,9,19,106,134,1.2761194029850746,0.05012809430114643,683,And the next we're going to hear from the cartoonist who created all of us!
504,1543,4,29,101,134,1.2761194029850746,0.04417829314374187,683,Chad has some interesting ideas how to expand beyond our current targeted demographic.
1281,1543,6,25,103,134,1.2761194029850746,0.04664936533718852,683,"Meet Josh Davidson, homo sapien!"
565,1543,5,27,102,134,1.2761194029850746,0.045430633230546524,683,Who should we eat next? Show of hands?
1407,1543,4,29,101,134,1.2761194029850746,0.04417829314374187,683,I thought we said no partners.
2422,1543,7,23,104,134,1.2761194029850746,0.04783705819755782,683,And now a word from our Diversity Department. . . .
2362,1543,7,23,104,134,1.2761194029850746,0.04783705819755782,683,"Live human up for grabs,boys ..."
2114,1543,7,23,104,134,1.2761194029850746,0.04783705819755782,683,Keep up the good work-- our profits are monstrous!
2096,1543,8,21,105,134,1.2761194029850746,0.0489959690957387,683,"Clearly, our strength is we are not carbon   copies."
2046,1543,5,27,102,134,1.2761194029850746,0.045430633230546524,683,"If it works with him, we can hire a female specimen next time."
1384,1543,3,31,100,134,1.2761194029850746,0.04288940119027477,683,As you know we are an equal opportunity employer.
2031,1543,7,23,104,134,1.2761194029850746,0.04783705819755782,683,Hey!  Take off your clothes.  Let's see what ya got!
1957,1543,6,25,103,134,1.2761194029850746,0.04664936533718852,683,So you're THE Hieronimus Bosch?
1956,1543,5,27,102,134,1.2761194029850746,0.045430633230546524,683,"Please welcome our new pink, fleshy, and delicious intern."
1681,1543,7,23,104,134,1.2761194029850746,0.04783705819755782,683,Glad to have you. The last guy was a monster.
1636,1543,6,25,103,134,1.2761194029850746,0.04664936533718852,683,"Bob may look a little different, but he's one heck of an accountant."
2568,1543,6,25,103,134,1.2761194029850746,0.04664936533718852,683,"No, Xanor, Kevin is in *charge* of lunch, he is not on the menu."
1519,1543,3,31,100,134,1.2761194029850746,0.04288940119027477,683,"He wanted to do a lunch, so I say let's!"
2448,1543,6,25,103,134,1.2761194029850746,0.04664936533718852,683,"Hi, my name is Mike and I've been a human for 34 years"
3303,1624,9,22,114,145,1.2758620689655173,0.04742685295581093,683,Nightmares are up 20% this quarter.
1251,1625,4,30,104,138,1.2753623188405796,0.04335466759371027,683,I second the motion to eat the pizza looking dude.
3574,1625,5,28,105,138,1.2753623188405796,0.044557981607767055,683,All in favor of this affirmative action admission please raise your appendage.
1030,1627,4,36,120,160,1.275,0.03960298254443841,683,We are here to celebrate the success of our diversity program!
2519,1628,3,30,98,131,1.2748091603053435,0.04342018428504746,683,"If we are going to take diversity seriously, we should hire him."
3719,1628,4,28,99,131,1.2748091603053435,0.04475211967542748,683,"Let's take a break, guys. Lunch has arrived."
3686,1628,9,18,104,131,1.2748091603053435,0.05089156389742101,683,"This is Steve, He’s a sex offender"
3639,1628,9,18,104,131,1.2748091603053435,0.05089156389742101,683,"All in favor of impeaching the human scum, say 'Aye!'"
3583,1628,5,26,100,131,1.2748091603053435,0.04604554297149816,683,Sorry guys...the lunch cart was all out of bagels.
3441,1628,2,32,97,131,1.2748091603053435,0.04204607700191757,683,Get a chair for the freak.
3402,1628,6,24,101,131,1.2748091603053435,0.047303613388792874,683,"I would ask for your coffee orders, but this seems more like a Monster Energy kind of meeting."
2277,1628,5,26,100,131,1.2748091603053435,0.04604554297149816,683,I usually don’t introduce people at staff  meetings.
3309,1628,8,20,103,131,1.2748091603053435,0.04972435483572397,683,"Everyone, this is our new head of HR, Ted. Don't worry, he doesn't bite."
2526,1628,10,16,105,131,1.2748091603053435,0.05203259639900345,683,"Everybody, this is Ted. Ted's joining us from Newton-Mackie, has years of experience in supply chain management, and doesn't mind the occasional bite. I refer you to the recent email from HR for your guidelines vis-à-vis biting protocols."
3094,1628,6,24,101,131,1.2748091603053435,0.047303613388792874,683,Gomez Addams has agreed to be our facilitator.
2482,1628,6,24,101,131,1.2748091603053435,0.047303613388792874,683,Think of this as the one upside of climate change.
3060,1628,4,28,99,131,1.2748091603053435,0.04475211967542748,683,"Sorry folks, didn't think the human would actually show up!"
2967,1628,4,28,99,131,1.2748091603053435,0.04475211967542748,683,He's new. Try not to stare
3720,1628,6,24,101,131,1.2748091603053435,0.047303613388792874,683,George is here today to pitch the merits of clothing.
2922,1628,4,28,99,131,1.2748091603053435,0.04475211967542748,683,"Yes, I know.  He's hideous.  but scooch over and make room anyway. It's the least we can do."
2833,1628,2,32,97,131,1.2748091603053435,0.04204607700191757,683,"Just bring us the usual, Bob."
2787,1628,6,24,101,131,1.2748091603053435,0.047303613388792874,683,"Order!..Order!
James is now taking our lunch orders."
2617,1628,6,24,101,131,1.2748091603053435,0.047303613388792874,683,Token white man
2445,1628,6,24,101,131,1.2748091603053435,0.047303613388792874,683,I don't know what you guys are looking at. I heard there was food.
3753,1628,4,28,99,131,1.2748091603053435,0.04475211967542748,683,He says his name is Noah. What a joke.
5200,1628,7,22,102,131,1.2748091603053435,0.048529080474831635,683,Shall the representative of earth be given a chance to explain - yes or no?
3809,1628,8,20,103,131,1.2748091603053435,0.04972435483572397,683,"Ahh, the main course has arrived!"
5542,1628,6,24,101,131,1.2748091603053435,0.047303613388792874,683,...and he says any unsavory activity could result in a DNA test.
5471,1628,7,22,102,131,1.2748091603053435,0.048529080474831635,683,Anyone have any adverse experiences during our LSD clinical trial they would like to report?
5431,1628,7,22,102,131,1.2748091603053435,0.048529080474831635,683,"All in favor, say ""Arrrrg."""
5342,1628,6,24,101,131,1.2748091603053435,0.047303613388792874,683,"We think that this costume, which we are   planning to market for next year’s Halloween, will scare the bejesus out of everyone."
5328,1628,5,26,100,131,1.2748091603053435,0.04604554297149816,683,"I warned you that the new board member is weird looking and is always wearing a costume, so don't stare"
5324,1628,5,26,100,131,1.2748091603053435,0.04604554297149816,683,"I know ""Monsters and a human Inc."" isn't as catchy, but we need to diversify."
5297,1628,4,28,99,131,1.2748091603053435,0.04475211967542748,683,"To complete our diversity initiative, I've hired Bob here to be our official mansplainer."
5257,1628,4,28,99,131,1.2748091603053435,0.04475211967542748,683,"Meet Phil, our diversity hire."
2272,1628,6,24,101,131,1.2748091603053435,0.047303613388792874,683,"Well, then if no one wants to eat Bob, we're adjourned."
5130,1628,7,22,102,131,1.2748091603053435,0.048529080474831635,683,"Well, you’ve got the Seven Deadly Sins. How may we hinder you?"
4838,1628,7,22,102,131,1.2748091603053435,0.048529080474831635,683,"Hey human guy, what are you doing on our planet ?"
4702,1628,6,24,101,131,1.2748091603053435,0.047303613388792874,683,"Now Hal is going to show us how we can not just wear the suit, but really rock it."
4610,1628,7,22,102,131,1.2748091603053435,0.048529080474831635,683,Let's check his ID to make sure he's not an illegal alien.
4550,1628,7,22,102,131,1.2748091603053435,0.048529080474831635,683,He’s either our new diversity hire or tonight’s dinner
4531,1628,5,26,100,131,1.2748091603053435,0.04604554297149816,683,Chairman Schiff Will See You Now.
4480,1628,7,22,102,131,1.2748091603053435,0.048529080474831635,683,Please welcome our new Director of Outreach Services
4448,1628,5,26,100,131,1.2748091603053435,0.04604554297149816,683,"Ejkwivnok bvrpit jabebebnok!"" (Order lunch? This stupid human doesn't realize he's lunch!) ""El-el-el-ha-ha-ha!"
4375,1628,3,30,98,131,1.2748091603053435,0.04342018428504746,683,You asked for diversity...
4336,1628,5,26,100,131,1.2748091603053435,0.04604554297149816,683,So it settled. We  Pickett Area 51 for equal rights.
4145,1628,6,24,101,131,1.2748091603053435,0.047303613388792874,683,Professor Walters will describe his research on the dangers of radiation.
3894,1628,3,30,98,131,1.2748091603053435,0.04342018428504746,683,It’s not Fred’s fault that the rest of you forgot to wear a Halloween costume.
3800,1628,7,22,102,131,1.2748091603053435,0.048529080474831635,683,"Mr. President, you've officially drained the Swamp."
2251,1628,5,26,100,131,1.2748091603053435,0.04604554297149816,683,Look what I found on top of my bed.
3340,1628,5,26,100,131,1.2748091603053435,0.04604554297149816,683,"You all know Elmer, our EVP -HR (Diversity)."
2067,1628,5,26,100,131,1.2748091603053435,0.04604554297149816,683,"Hey everyone, this is Tim. I think he’ll fit right in."
61,1628,4,28,99,131,1.2748091603053435,0.04475211967542748,683,So please give your attention to Ted Davis from HR who’s here to talk about diversity.
137,1628,4,28,99,131,1.2748091603053435,0.04475211967542748,683,I brought lunch.
155,1628,4,28,99,131,1.2748091603053435,0.04475211967542748,683,Please welcome our new intern. I believe he represents the future.
188,1628,5,26,100,131,1.2748091603053435,0.04604554297149816,683,Okay. We finally have the food.
224,1628,3,30,98,131,1.2748091603053435,0.04342018428504746,683,This is George. He's our new diversity hire.
335,1628,5,26,100,131,1.2748091603053435,0.04604554297149816,683,Dave is here from human resources to update us on workplace bullying.
343,1628,5,26,100,131,1.2748091603053435,0.04604554297149816,683,"Finally, a board room with some diversity."
359,1628,5,26,100,131,1.2748091603053435,0.04604554297149816,683,The new guy would like permission to telecommute.
397,1628,8,20,103,131,1.2748091603053435,0.04972435483572397,683,"Before we vote, Bob wants to share his views on our elimination of all mankind proposal."
407,1628,6,24,101,131,1.2748091603053435,0.047303613388792874,683,Can sales begin by explaining why our volumes are under water again this quarter?
485,1628,5,26,100,131,1.2748091603053435,0.04604554297149816,683,I thought we were all going to the party as humans this year.
641,1628,2,32,97,131,1.2748091603053435,0.04204607700191757,683,John is our diversity hire.
648,1628,8,20,103,131,1.2748091603053435,0.04972435483572397,683,"As you know, I'm filling in for our esteemed leader while he's being impeached."
707,1628,6,24,101,131,1.2748091603053435,0.047303613388792874,683,Jim's our new intern.  Don't eat him before the end of the semester.
757,1628,5,26,100,131,1.2748091603053435,0.04604554297149816,683,He's our new diversity consultant.
631,1628,6,24,101,131,1.2748091603053435,0.047303613388792874,683,"Our final applicant is Marvin.  He's 5'7"", 140 pounds.  Anyone opposed to eating Marvin, aaah, I mean having him join our club, please raise an appendage."
857,1628,4,28,99,131,1.2748091603053435,0.04475211967542748,683,I want to make it perfectly clear that John was not selected to meet a quota.
1901,1628,6,24,101,131,1.2748091603053435,0.047303613388792874,683,"Yeah, so I ate his brain, so sue me."
807,1628,4,28,99,131,1.2748091603053435,0.04475211967542748,683,"Actually, we're all diversity hires."
1559,1628,4,28,99,131,1.2748091603053435,0.04475211967542748,683,I must say - they’ve perfected lumbar.
1491,1628,7,22,102,131,1.2748091603053435,0.048529080474831635,683,"Everyone, meet our new Diversity Officer, Bob."
1483,1628,8,20,103,131,1.2748091603053435,0.04972435483572397,683,"And now, with “How to Annihilate a planet”, here’s Bob."
1432,1628,7,22,102,131,1.2748091603053435,0.048529080474831635,683,"None of us want to, but we have to address the white male in the room."
1420,1628,7,22,102,131,1.2748091603053435,0.048529080474831635,683,There is always one who doesn't dress up for Halloween.
1647,1628,6,24,101,131,1.2748091603053435,0.047303613388792874,683,I guess it's not a myth! Humans do live under the bed!
1117,1628,6,24,101,131,1.2748091603053435,0.047303613388792874,683,We're having Steve for lunch today.
1089,1628,6,24,101,131,1.2748091603053435,0.047303613388792874,683,We need a translator
1045,1628,5,26,100,131,1.2748091603053435,0.04604554297149816,683,This is Bob from HR. He will be reviewing the dress code policy with us today.
1133,1628,4,28,99,131,1.2748091603053435,0.04475211967542748,683,"I'm all for diversity but this is getting 
out of hand."
519,1705,6,25,104,135,1.2740740740740741,0.046347677402674696,683,"Now that Fred's back from vacation, he has a few questions about the last two weeks."
1020,1705,6,25,104,135,1.2740740740740741,0.046347677402674696,683,This is Bill. He's from VERY FAR AWAY!
1042,1705,6,25,104,135,1.2740740740740741,0.046347677402674696,683,"OK, anyone opposed to eating Kevin?"
1085,1705,4,29,102,135,1.2740740740740741,0.043897500630392564,683,"Hey look, a human costume."
1573,1705,4,29,102,135,1.2740740740740741,0.043897500630392564,683,"Jerry, this is our board--they've promised not to eat you."
2262,1705,3,31,101,135,1.2740740740740741,0.04261962273509436,683,"This is Cal, our new Chief Diversity Officer."
2309,1705,6,25,104,135,1.2740740740740741,0.046347677402674696,683,Don't be alarmed it's only the human monster here to give us an update.
3343,1705,5,27,103,135,1.2740740740740741,0.04513921666476789,683,Just act normal.
3393,1705,5,27,103,135,1.2740740740740741,0.04513921666476789,683,"Alright, which one of us is the tasting menu?"
5327,1705,3,31,101,135,1.2740740740740741,0.04261962273509436,683,Meet Eugene. He is not from these parts.
3439,1705,7,23,105,135,1.2740740740740741,0.04752541972603657,683,We’ve come a long way since the Star Wars bar.
3873,1705,6,25,104,135,1.2740740740740741,0.046347677402674696,683,GOOD NEWS1  We're all going to be in the next STAR WARS movie.
415,1705,8,21,106,135,1.2740740740740741,0.04867467349299314,683,"For the first order of business of the Imaginary Friends Club, I present our newest member: Husband Material."
4998,1705,4,29,102,135,1.2740740740740741,0.043897500630392564,683,I'm not sure you will fit in
3000,1705,4,29,102,135,1.2740740740740741,0.043897500630392564,683,This is the future!
253,1705,7,23,105,135,1.2740740740740741,0.04752541972603657,683,I see nobody else dressed up for Szelqxaart
2591,1705,5,27,103,135,1.2740740740740741,0.04513921666476789,683,This is Bob...our token human.
1306,1722,6,24,102,132,1.2727272727272727,0.04699002641840444,683,Then it's setled. Capitalism wins. We'll eat the humans.
3516,1722,5,26,101,132,1.2727272727272727,0.04574278261975778,683,"I'd like you all to meet our new intern, Charles Darwin."
4115,1722,5,26,101,132,1.2727272727272727,0.04574278261975778,683,He doesn’t fit in this cabinet
5039,1722,7,22,103,132,1.2727272727272727,0.04820501015253788,683,I see that Jenkins didn't get the memo about come-as-you-are Fridays.
5109,1722,6,27,110,143,1.2727272727272727,0.04458440257755946,683,Pull out another chair and restart the music.
1943,1722,6,24,102,132,1.2727272727272727,0.04699002641840444,683,"You know, it's nice to meet out from under the bed sometimes."
2268,1722,4,28,100,132,1.2727272727272727,0.04446056388300178,683,"Hey, if he doesn’t work out we can always eat him."
1807,1729,3,31,102,136,1.2720588235294117,0.04235305464763304,683,"Now, presenting our guest for dinner tonight..."
3560,1730,6,26,108,140,1.2714285714285714,0.04515914207938474,683,"Folks, meet the new star of our latest horror film!"
1701,1731,6,23,100,129,1.2713178294573644,0.047658265997511384,683,"I'd like to welcome Brian to the team.  Once you get to know him, you'll realize he's really one of us."
1234,1731,4,27,98,129,1.2713178294573644,0.04504511356267232,683,"This is my new assistant, Jeffery. He's participating in our new diversity program."
1748,1731,7,21,101,129,1.2713178294573644,0.048912517302806054,683,"I'm afraid we need to cut costs... from now on, some of you will have to sleep under kids' beds together."
507,1731,5,25,99,129,1.2713178294573644,0.04637010121707519,683,"This is Netflix, we'll option anything"
250,1731,6,23,100,129,1.2713178294573644,0.047658265997511384,683,"Digby here is joining us from accounting, and...Leonard! Leonard, you're staring again."
208,1731,6,23,100,129,1.2713178294573644,0.047658265997511384,683,I'd like you all to welcome Bob to the Species Extinction Club.
2225,1731,5,25,99,129,1.2713178294573644,0.04637010121707519,683,"I know what you're thinking, and no, he's not a dentist."
2324,1731,6,23,100,129,1.2713178294573644,0.047658265997511384,683,Ok.  Back to the drawing board for this one.
2979,1731,7,21,101,129,1.2713178294573644,0.048912517302806054,683,"You are right, Gilmok. The new manager IS a monster!"
1705,1731,5,25,99,129,1.2713178294573644,0.04637010121707519,683,"In conclusion, Bill says if we play are cards right, a lucky few of us will have cameos on Sesame Street"
553,1731,6,23,100,129,1.2713178294573644,0.047658265997511384,683,"I don't know why he's smiling, either."
2341,1731,8,19,102,129,1.2713178294573644,0.0501354004661881,683,"As you know, today we begin phase five of Exposure therapy."
3038,1731,5,25,99,129,1.2713178294573644,0.04637010121707519,683,"Fine, eat the intern, but he’s on our health plan. Don’t come crying to me when premiums go up."
3057,1731,9,17,103,129,1.2713178294573644,0.051329157512205535,683,Is this the Trump Cabinet meeting?
663,1731,3,29,97,129,1.2713178294573644,0.04367995220769242,683,"Well, I see we've met our diversity requirements."
4006,1731,5,25,99,129,1.2713178294573644,0.04637010121707519,683,Any other comments on Alan’s nightmare forecasts?
4149,1731,4,27,98,129,1.2713178294573644,0.04504511356267232,683,He's the new diversity manager.
4380,1731,8,19,102,129,1.2713178294573644,0.0501354004661881,683,Jonathan here will take over for me on nights when I'm out going bump.
4557,1731,4,27,98,129,1.2713178294573644,0.04504511356267232,683,"Hank, here, is our minority hire."
4698,1731,7,21,101,129,1.2713178294573644,0.048912517302806054,683,"Thank you Gryx, for that excellent report on the West Wing."
4717,1731,4,27,98,129,1.2713178294573644,0.04504511356267232,683,"Due to inappropriate workplace probing, Carl is here to conduct a full-day sensitivity workshop."
5052,1731,7,21,101,129,1.2713178294573644,0.048912517302806054,683,He’s a Corporate Tax Attorney
5559,1731,4,27,98,129,1.2713178294573644,0.04504511356267232,683,"Everyone, meet Brian.  He's taking over Human Resources."
2456,1731,4,27,98,129,1.2713178294573644,0.04504511356267232,683,"This is my husband, John. He'll be joining us for dinner."
2699,1731,6,23,100,129,1.2713178294573644,0.047658265997511384,683,"Congratulations on an existentially frightening Halloween, everyone.  But special kudos to this season’s most chilling monstrosity, Presidential Apologist Phil"
2794,1756,3,31,103,137,1.27007299270073,0.04208964450609779,683,"So we've hired Marv, here, to be the new fresh face of the company."
1695,1757,5,25,100,130,1.2692307692307692,0.04605933475683601,683,"Please welcome our new recruit from the Diversity and Equity program, Dave!"
1537,1758,4,28,102,134,1.2686567164179106,0.043888253320673705,683,Have you all met our host?
687,1758,4,28,102,134,1.2686567164179106,0.043888253320673705,683,Which of you ordered lunch?
4788,1760,4,26,97,127,1.2677165354330708,0.04534143118089715,683,"Please meet Jeff, our new diversity hire."
2312,1760,6,22,99,127,1.2677165354330708,0.04801889352575499,683,The new guy must be living on another planet. Who wears a suit on casual Friday?
2403,1760,5,24,98,127,1.2677165354330708,0.04669935501144436,683,It's time to diversify the board.
2517,1760,6,22,99,127,1.2677165354330708,0.04801889352575499,683,Everybody thought that Tim was a little overdressed
2567,1760,3,28,96,127,1.2677165354330708,0.04394156351996537,683,"This is Dave, he's going to be in charge of diversity"
2662,1760,8,18,101,127,1.2677165354330708,0.05055475140225255,683,George is here today to discuss our action against the Suess estate
2892,1760,7,20,100,127,1.2677165354330708,0.049303128829625766,683,"Everyone, this is George, the new emissary from earth."
2951,1760,6,22,99,127,1.2677165354330708,0.04801889352575499,683,And this is Phil. He'll be leading us through diversity training.
3082,1760,2,30,95,127,1.2677165354330708,0.04249560715681411,683,This is Clyde from Human Resources.
3635,1760,2,30,95,127,1.2677165354330708,0.04249560715681411,683,Meet Bob-our new head of diversity and inclusion.
3773,1760,5,24,98,127,1.2677165354330708,0.04669935501144436,683,"Relax ladies, Mr. Bryznick is already spoken for."
3868,1760,6,22,99,127,1.2677165354330708,0.04801889352575499,683,"Let me introduce our diversity hire, Bob."
3914,1760,6,22,99,127,1.2677165354330708,0.04801889352575499,683,"Yes, we come from vastly different regions of the galaxy but we all hate millennials."
3938,1760,2,30,95,127,1.2677165354330708,0.04249560715681411,683,"Folks, this is John, our Diversity Officer"
4219,1760,6,22,99,127,1.2677165354330708,0.04801889352575499,683,Any thoughts on how to avoid impeachment?
4265,1760,3,28,96,127,1.2677165354330708,0.04394156351996537,683,You’ve been chosen to provide some diversity.
4333,1760,2,30,95,127,1.2677165354330708,0.04249560715681411,683,"Chet, our diversity officer, says we need to hire more white males."
4369,1760,4,26,97,127,1.2677165354330708,0.04534143118089715,683,"Ladies and gentlemen, meet Norman, our new Director of Diversity"
4403,1760,5,24,98,127,1.2677165354330708,0.04669935501144436,683,"Yes, but wait 'til you see his truck collection!"
2068,1760,3,28,96,127,1.2677165354330708,0.04394156351996537,683,"Okay, here's the deal. He's the boss's nephew. So we have to pretend that the only guy with pants is not the guy that keeps shitting his pants."
4885,1760,2,30,95,127,1.2677165354330708,0.04249560715681411,683,"Welcome to the 1st Jurassic & Extraterrestrial
Clone orientation"
5105,1760,6,22,99,127,1.2677165354330708,0.04801889352575499,683,"Our board needs diversity to conquer new markets. This is John, he’s human."
5452,1760,4,26,97,127,1.2677165354330708,0.04534143118089715,683,"He's here from Adorable Adoptions, Inc."
5631,1760,5,24,98,127,1.2677165354330708,0.04669935501144436,683,"Timmy’s nightmares:  I want fresh ideas, and I want ‘em quick."
5651,1760,6,22,99,127,1.2677165354330708,0.04801889352575499,683,"See, I told you guys humans existed."
4696,1760,7,20,100,127,1.2677165354330708,0.049303128829625766,683,Why wait for coffee?  Let's eat him now!
4826,1760,9,16,102,127,1.2677165354330708,0.05177612641262802,683,Welcome to the Amphibian Support Group. Anyone need water before we begin?
4561,1760,5,24,98,127,1.2677165354330708,0.04669935501144436,683,"Everyone, Carlo with Amicus Consulting is here to coach us toward a more diverse, inclusive culture."
2023,1760,5,24,98,127,1.2677165354330708,0.04669935501144436,683,"And here's Max, all grown up and ready to join the firm."
1076,1760,3,28,96,127,1.2677165354330708,0.04394156351996537,683,"Didn't you get the memo ?
It's casual Friday !"
1649,1760,7,20,100,127,1.2677165354330708,0.049303128829625766,683,"Hello class let me introduce you to our newest monster. And get this, he's a human."
67,1760,4,26,97,127,1.2677165354330708,0.04534143118089715,683,"Bob, your Halloween costume would scare anyone"
85,1760,5,24,98,127,1.2677165354330708,0.04669935501144436,683,"So, ham and swiss on rye for everyone?"
94,1760,5,24,98,127,1.2677165354330708,0.04669935501144436,683,"Our new board member isn't a monster, but he can be very hurtful."""
249,1760,6,22,99,127,1.2677165354330708,0.04801889352575499,683,I would like to introduce Morty; he is terrible on the inside.
317,1760,8,18,101,127,1.2677165354330708,0.05055475140225255,683,His last job was CEO of WeWork
349,1760,5,24,98,127,1.2677165354330708,0.04669935501144436,683,Earth is withdrawing from the United Federation of Planets.
476,1760,4,26,97,127,1.2677165354330708,0.04534143118089715,683,I see the representative from Earth is here.
626,1760,4,26,97,127,1.2677165354330708,0.04534143118089715,683,"There’s something you don’t see often, a man in a suit on casual Friday."
1019,1760,4,26,97,127,1.2677165354330708,0.04534143118089715,683,So glad I am not the only one in the Oval Office!
1003,1760,5,24,98,127,1.2677165354330708,0.04669935501144436,683,The secret to success is diversification
1084,1760,8,18,101,127,1.2677165354330708,0.05055475140225255,683,pay no attention to the elephant in the room!
1146,1760,5,24,98,127,1.2677165354330708,0.04669935501144436,683,He wants to sell us artificial skins.  He calls them 'clothes.'
1155,1760,6,22,99,127,1.2677165354330708,0.04801889352575499,683,I'll entertain a motion to seat the new species at the table.
1191,1760,2,30,95,127,1.2677165354330708,0.04249560715681411,683,Who invited the weird-looking guy?
1312,1760,6,22,99,127,1.2677165354330708,0.04801889352575499,683,Our new lawyer puts you all to shame.
1509,1760,3,28,96,127,1.2677165354330708,0.04394156351996537,683,Remember that blue dwarf planet in sector f478?
1517,1760,3,28,96,127,1.2677165354330708,0.04394156351996537,683,This is NOT a lunch break!
1106,1808,6,23,102,131,1.2671755725190839,0.04701847749746068,683,I vote we let him go and capture someone with better antidotes.
1687,1809,7,19,98,124,1.2661290322580645,0.05005749509386557,683,He’s uglier than a dog!
3105,1809,9,15,100,124,1.2661290322580645,0.05261191407082027,683,Dino has invited Mr. Addams for dinner.
3655,1811,4,26,98,128,1.265625,0.04503440149389559,683,Is anyone else creeped out by the new accountant?
5408,1811,5,24,99,128,1.265625,0.04638026319434138,683,Our goal this year is to eat the competition for lunch!
5500,1811,9,16,103,128,1.265625,0.051412593770673996,683,"Please welcome our newest member, Martin Shkreli."
3261,1814,5,20,88,113,1.2654867256637168,0.050311449579213414,683,I vote we eat him.
1341,1815,8,20,108,136,1.2647058823529411,0.04809587161956923,683,Gorgle boc Andy Kaufman loogle.
5261,1816,6,21,98,125,1.264,0.0483855483623218,683,"Shall we skip straight to dessert, then?"
3900,1816,6,21,98,125,1.264,0.0483855483623218,683,Look what I brought for dinner.
3795,1816,4,25,96,125,1.264,0.04564095500965716,683,Bob proposes that we promote more diversity in our workplace.
3780,1816,3,27,95,125,1.264,0.04420480195780808,683,"Ah, here’s the diversity coach now."
3717,1816,5,23,97,125,1.264,0.04703327579765272,683,You folks should know that the beauty pageant doesn't start until  next Saturday
3708,1816,6,21,98,125,1.264,0.0483855483623218,683,"We need the diversity, and in a pinch we can eat him."
3660,1816,9,15,101,125,1.264,0.05223272982064148,683,Might I suggest a rare psilocybe azurescens '15 for dessert?
3323,1816,5,23,97,125,1.264,0.04703327579765272,683,"Everyone, this is Jake. He loaded the toilet paper the wrong way."
3193,1816,5,23,97,125,1.264,0.04703327579765272,683,Check out this mutant they sent to serve us!
3125,1816,5,23,97,125,1.264,0.04703327579765272,683,"This is Dave, he doesn't clap during the Friends theme song"
5538,1816,4,25,96,125,1.264,0.04564095500965716,683,"This is Roger, he's the new intern"
3081,1816,6,21,98,125,1.264,0.0483855483623218,683,"Look, I know we have some differences but..."
2675,1816,4,25,96,125,1.264,0.04564095500965716,683,"If you can get past the looks, Smith is quite talented."
2507,1816,5,23,97,125,1.264,0.04703327579765272,683,Maybe just weird enough to become a new advertising icon.
2471,1816,2,29,94,125,1.264,0.042720396277007036,683,"Before we start our haunted house orientation, did everyone complete their I-9 forms?"
5635,1816,5,23,97,125,1.264,0.04703327579765272,683,And you're suggesting a PR nightmare would be a bad thing?
2411,1816,3,27,95,125,1.264,0.04420480195780808,683,"Since this is about inclusivity, how many of you are female?"
3902,1816,8,17,100,125,1.264,0.050982602978384826,683,"all In favor of this defenseless, toothless, clawless, furless species to take care of our planet say aye!"
3913,1816,3,27,95,125,1.264,0.04420480195780808,683,"Yes,  climate change can be confusing... just look at Newt and explain how he got here."
3925,1816,7,19,99,125,1.264,0.049701041723359256,683,We’ve never had a lookalike contest—what a great idea!
3953,1816,5,23,97,125,1.264,0.04703327579765272,683,"Hey, it just a matter of eight degrees of separation."
5237,1816,6,21,98,125,1.264,0.0483855483623218,683,Please give a warm welcome to our new Chief Uniformity Officer!
4887,1816,3,27,95,125,1.264,0.04420480195780808,683,I'd like to introduce lunch.
4735,1816,4,25,96,125,1.264,0.04564095500965716,683,We'll start with the usual.
4562,1816,6,21,98,125,1.264,0.0483855483623218,683,This is Norman from Nonhuman Resources.
5485,1816,3,27,95,125,1.264,0.04420480195780808,683,"Gentlemen, I suggest we break for lunch."
5536,1816,6,21,98,125,1.264,0.0483855483623218,683,"Meet Stanley, our diversity hire."
2284,1816,6,21,98,125,1.264,0.0483855483623218,683,"Ah, I see that lunch has arrived"
5346,1816,2,29,94,125,1.264,0.042720396277007036,683,Typical of HR to send a human to teach us about diversity and inclusion
4450,1816,8,17,100,125,1.264,0.050982602978384826,683,"Climate change is the perfect gift for all of us, well maybe not the guy on my left"
4328,1816,8,17,100,125,1.264,0.050982602978384826,683,I think you all know Bernie from Human Resources.
4221,1816,5,23,97,125,1.264,0.04703327579765272,683,"Let's all welcome Jared, the new Secretary of the Swamp."
4213,1816,8,17,100,125,1.264,0.050982602978384826,683,Why do you have to take the minutes?  Opposable thumbs.  Duh.
4179,1816,3,27,95,125,1.264,0.04420480195780808,683,"There
There's always someone who didn't get the memo --- it said  ""casual dress"""
4169,1816,4,25,96,125,1.264,0.04564095500965716,683,Let me begin by promising you all that this is not going to be another beauty contest.
4061,1816,3,27,95,125,1.264,0.04420480195780808,683,I urge you all to weigh in on our latest EEO allegation.
3988,1816,3,27,95,125,1.264,0.04420480195780808,683,"Members of the jury









;Guilty or not guilty? I'll flip the coin."
4441,1816,6,21,98,125,1.264,0.0483855483623218,683,Which of you weren’t evoked?”
2253,1816,4,25,96,125,1.264,0.04564095500965716,683,Guess who missed the memo about casual Fridays...
3189,1816,4,25,96,125,1.264,0.04564095500965716,683,"Great, then it's settled. Only blurry, terrible photos of us."
215,1816,6,21,98,125,1.264,0.0483855483623218,683,Brian's expertise is to scare kids with real estate bubble burst and financial recessions.
348,1816,5,23,97,125,1.264,0.04703327579765272,683,I know he's not much to look at. But Bob has a knack for putting people at ease.
405,1816,4,25,96,125,1.264,0.04564095500965716,683,"I know he looks odd, but one of our priorities is to add diversity to the staff."
540,1816,8,17,100,125,1.264,0.050982602978384826,683,"Meet Bernie Shimmelman, a partner in the company’s law firm.  And you think we’re monsters."
556,1816,4,25,96,125,1.264,0.04564095500965716,683,Ok I get it. He is too weird to stay with us
585,1816,4,25,96,125,1.264,0.04564095500965716,683,when the teacher interrupts the conversation
617,1816,6,21,98,125,1.264,0.0483855483623218,683,"Casual Friday"" got scrapped for 'True Inner Self Monday"" - check your memos and lose the skinsuit"
1,1816,4,25,96,125,1.264,0.04564095500965716,683,Let's all welcome Jerry to the book club
695,1816,5,23,97,125,1.264,0.04703327579765272,683,I suggest we recommend Howard here to be head of Trump's Space Force.
701,1816,4,25,96,125,1.264,0.04564095500965716,683,You may be the odd man out on this one
780,1816,7,19,99,125,1.264,0.049701041723359256,683,As part of our Diversity initiative I'm inviting a human to join the Board.
812,1816,6,21,98,125,1.264,0.0483855483623218,683,We've invited a very special guest for supper tonight.
867,1816,6,21,98,125,1.264,0.0483855483623218,683,"This is Bill, he's our new Director of Diversity​ and Inclusion."
885,1816,6,21,98,125,1.264,0.0483855483623218,683,"Yes, this is a dream!  Now sit down and shut up."
919,1816,2,29,94,125,1.264,0.042720396277007036,683,We all need to be more broad minded now.  He's not nearly as bad as he looks.
1124,1816,3,27,95,125,1.264,0.04420480195780808,683,"Ernie, here, has a new slant on evolution."
1238,1816,4,25,96,125,1.264,0.04564095500965716,683,Everybody be quiet!  Here comes the weird guy!
1239,1816,4,25,96,125,1.264,0.04564095500965716,683,Look who came to the Board Meeting as an executive!
1971,1816,5,23,97,125,1.264,0.04703327579765272,683,"Let's give Stu, our new Ad Manager, a big FaceBook welcome!"
1529,1816,4,25,96,125,1.264,0.04564095500965716,683,"He's our new head of HR and I'm telling you, he's a monster."
1572,1816,5,23,97,125,1.264,0.04703327579765272,683,Rodney is here from the Census - he's confused which box to check.
1587,1816,3,27,95,125,1.264,0.04420480195780808,683,Just give it a chance.
1625,1816,4,25,96,125,1.264,0.04564095500965716,683,We have a special guest to talk of his personal experience in overcoming alienation
1660,1816,4,25,96,125,1.264,0.04564095500965716,683,What's this one supposed to be?
1699,1816,6,21,98,125,1.264,0.0483855483623218,683,Someone forgot to tell Pete that it's Casual Friday.
1770,1816,4,25,96,125,1.264,0.04564095500965716,683,Let's pick this up after lunch.
1900,1816,6,21,98,125,1.264,0.0483855483623218,683,Who let that spoon in?
15,1816,3,27,95,125,1.264,0.04420480195780808,683,Who let this guy into the cabinet meeting?
172,1816,7,19,99,125,1.264,0.049701041723359256,683,"Kids, before you go out, keep in mind, Halloween is sometimes scary. Just remember, people are NOT real, o.k.?! ...there’s a human behind me isn’t there?"
1802,1885,7,20,102,129,1.2635658914728682,0.04862371817943557,683,"Yeah, he's a monster just like us! You ever heard of the #MeToo movement?"
5598,1886,4,22,88,114,1.263157894736842,0.04834255127173404,683,The applicant's request for membership is denied!
2462,1887,4,24,94,122,1.2622950819672132,0.0462717576639643,683,And now Jim will explain why his species should be spared.
3592,1887,5,22,95,122,1.2622950819672132,0.04771329536090051,683,I thought we should have a board member who isn’t part of ”The Base”.
3566,1887,3,26,93,122,1.2622950819672132,0.044783842626875466,683,Who's the nerd with the tie?
3548,1887,5,22,95,122,1.2622950819672132,0.04771329536090051,683,Can one of you hide under my ex-wife's bed tonight?
3546,1887,3,26,93,122,1.2622950819672132,0.044783842626875466,683,Although not exactly one of us he is a descendant of Hieronymus Bosch.
3369,1887,3,26,93,122,1.2622950819672132,0.044783842626875466,683,"This is Ted, our new CPA. Oh wait, no, he's our lunch."
3355,1887,5,22,95,122,1.2622950819672132,0.04771329536090051,683,Ménage à sept.
3326,1887,6,20,96,122,1.2622950819672132,0.0491125396521135,683,Motion to assent that the tie is awesome.
3288,1887,4,24,94,122,1.2622950819672132,0.0462717576639643,683,"As they say , there's the human in the room."
3201,1887,9,14,99,122,1.2622950819672132,0.05308945791522168,683,"Look at those vacuous eyes, the unsettling smile... Dave's grotesque mug is the gold standard we strive for at this corporation. Take notes."
3068,1887,6,20,96,122,1.2622950819672132,0.0491125396521135,683,"Keep your mouth shut, he's flammable."
3066,1887,6,20,96,122,1.2622950819672132,0.0491125396521135,683,"So, it's unanimous, if he gets the lobster claw prosthetics by the end of the month and he's hired."
3609,1887,4,24,94,122,1.2622950819672132,0.0462717576639643,683,He claims  we still haven't met our diversity goals.
3045,1887,5,22,95,122,1.2622950819672132,0.04771329536090051,683,He creeps me out too but H.R. says we have no choice.
2399,1887,2,28,92,122,1.2622950819672132,0.04324476342338869,683,"When I said equal employment opportunity, I meant humans also."
2995,1887,5,22,95,122,1.2622950819672132,0.04771329536090051,683,Mark has a plan to replace Obamacare.
2941,1887,7,18,97,122,1.2622950819672132,0.05047300811289448,683,Isn't human face a good costume?
2923,1887,3,26,93,122,1.2622950819672132,0.044783842626875466,683,"No, it's not lunch, it's the new head of Human Resources."
2894,1887,5,22,95,122,1.2622950819672132,0.04771329536090051,683,The first item on today's agenda is the need for diversification.
2882,1887,4,24,94,122,1.2622950819672132,0.0462717576639643,683,"I’d like to introduce our newest member, Larry, from Earth. He’s going to explain Halloween to us."
2783,1887,6,20,96,122,1.2622950819672132,0.0491125396521135,683,The motion on the table is to come out the closet for once and for all
2739,1887,4,24,94,122,1.2622950819672132,0.0462717576639643,683,"Under new galactic regulations, we have to have at least one male on our board, everybody say hi to Adam"
2696,1887,5,22,95,122,1.2622950819672132,0.04771329536090051,683,Is there anything scarier than a white man?
2688,1887,2,28,92,122,1.2622950819672132,0.04324476342338869,683,I’m glad to see we value diversity at this company.
2640,1887,6,20,96,122,1.2622950819672132,0.0491125396521135,683,"Oh no, am I thousand of years early?"
2356,1887,7,18,97,122,1.2622950819672132,0.05047300811289448,683,He says Donald will provide the funds if we can dig up some dirt on Hunter Biden.
3656,1887,6,20,96,122,1.2622950819672132,0.0491125396521135,683,"Ok, so that's three children on rye, four children on whole wheat and one tuna melt."
4700,1887,4,24,94,122,1.2622950819672132,0.0462717576639643,683,I'm putting the band back together.
3752,1887,5,22,95,122,1.2622950819672132,0.04771329536090051,683,"Well, it all started with microdosing, then I just kept increasing the dosage..."
4704,1887,1,30,91,122,1.2622950819672132,0.04164884832334461,683,"May I introduce a new Member , he us called a Human"
2325,1887,6,20,96,122,1.2622950819672132,0.0491125396521135,683,I want you all to meet an ET who has come to visit us.
4841,1887,2,28,92,122,1.2622950819672132,0.04324476342338869,683,"I understand,  but HR is directing us to focus on diversity."
4909,1887,5,22,95,122,1.2622950819672132,0.04771329536090051,683,Meet our new head of Diversity.
4921,1887,3,26,93,122,1.2622950819672132,0.044783842626875466,683,"We said business casual, Representative Earth"
5010,1887,5,22,95,122,1.2622950819672132,0.04771329536090051,683,Thank you leaders of the free world for coming together today.
5126,1887,3,26,93,122,1.2622950819672132,0.044783842626875466,683,Who wants to play odd man out?
5128,1887,4,24,94,122,1.2622950819672132,0.0462717576639643,683,Well we finally have a diverse Board
5179,1887,3,26,93,122,1.2622950819672132,0.044783842626875466,683,I would like to officially inaugurate 'Take Your Human to Work' Day.
5224,1887,6,20,96,122,1.2622950819672132,0.0491125396521135,683,"With our new partner here coming on board, we'll be changing the firm's name to Smith, McCloud, Schaeffer, Klein and X-Gezornenplat 17, LLC."
5286,1887,2,28,92,122,1.2622950819672132,0.04324476342338869,683,We needed someone more human.
5305,1887,6,20,96,122,1.2622950819672132,0.0491125396521135,683,"It's not because he's my stepson, I just think he deserves the promotion."
3710,1887,4,24,94,122,1.2622950819672132,0.0462717576639643,683,"This is all that’s left of my amazing, huge cabinet?"
5339,1887,3,26,93,122,1.2622950819672132,0.044783842626875466,683,I know Joe here would be an odd choice for membership on the board but maybe it’s time to diversify.
4357,1887,6,20,96,122,1.2622950819672132,0.0491125396521135,683,". . . and he'll be with us 'til lunch. And that thing is called a suit. Kinda like peeling a banana, though  . . ."
4257,1887,7,18,97,122,1.2622950819672132,0.05047300811289448,683,"As he walked in to the meeting, Bill suddenly realized that his coworkers were a bunch of monsters."
4129,1887,5,22,95,122,1.2622950819672132,0.04771329536090051,683,Who let the Democrat in?
4117,1887,5,22,95,122,1.2622950819672132,0.04771329536090051,683,"So, we are all agreed.  We will eat Ted here, for lunch."
4089,1887,4,24,94,122,1.2622950819672132,0.0462717576639643,683,I met Joe at the bar during that 'Star Wars' scene.
4042,1887,5,22,95,122,1.2622950819672132,0.04771329536090051,683,Oh sorry. Wrong room.
3889,1887,7,18,97,122,1.2622950819672132,0.05047300811289448,683,Whats with the funny looking guy in the costume?
3854,1887,5,22,95,122,1.2622950819672132,0.04771329536090051,683,I think we’ve taken casual Friday as far as we can
3849,1887,4,24,94,122,1.2622950819672132,0.0462717576639643,683,This is Steve.  He'll be working with us on a visitors visa.
3847,1887,6,20,96,122,1.2622950819672132,0.0491125396521135,683,Shall we break for lunch?
3764,1887,5,22,95,122,1.2622950819672132,0.04771329536090051,683,"Once again, we’ve lost track of Bigfoot."
3763,1887,6,20,96,122,1.2622950819672132,0.0491125396521135,683,"So we agree: Trump's our swamp's leader, right or wrong!"
4474,1887,5,22,95,122,1.2622950819672132,0.04771329536090051,683,It looks like Morris here is the only one who cares to wear a costume for Halloween.
2303,1887,4,24,94,122,1.2622950819672132,0.0462717576639643,683,"Franklin says we should start the invasion in America. Apparently, their leader isn't very brave."
2508,1887,3,26,93,122,1.2622950819672132,0.044783842626875466,683,Please don't laugh. Everyone is welcome here.
2255,1887,6,20,96,122,1.2622950819672132,0.0491125396521135,683,"Straight white guy, on behalf of the monster’s hall of fame, welcome."
845,1887,6,20,96,122,1.2622950819672132,0.0491125396521135,683,Great more mansplaining !
843,1887,9,14,99,122,1.2622950819672132,0.05308945791522168,683,"Paralyzed, Billy remembered he forgot to lock his front door this morning."
748,1887,5,22,95,122,1.2622950819672132,0.04771329536090051,683,You're right--it's going to be difficult reducing our differences.
731,1887,6,20,96,122,1.2622950819672132,0.0491125396521135,683,I'd like you all to meet our new 'diversity' hire.
715,1887,5,22,95,122,1.2622950819672132,0.04771329536090051,683,Ughh... who's gonna tell the new guy we're a nudist company?
650,1887,7,18,97,122,1.2622950819672132,0.05047300811289448,683,"Pronouns, please."
521,1887,7,18,97,122,1.2622950819672132,0.05047300811289448,683,So it's settled. A giant meteorite for the next mass extinction.
394,1887,4,24,94,122,1.2622950819672132,0.0462717576639643,683,Please welcome the new member of the diversity committee.
850,1887,4,24,94,122,1.2622950819672132,0.0462717576639643,683,"I'd like to introduce our new spokesperson"""
374,1887,5,22,95,122,1.2622950819672132,0.04771329536090051,683,Our guest speaker is here to give us some corporate tips on how to be a soulless monster on the inside.
246,1887,5,22,95,122,1.2622950819672132,0.04771329536090051,683,Dinner is served.
232,1887,2,28,92,122,1.2622950819672132,0.04324476342338869,683,"Let's give a warm welcome to Jerry, our Halloween costume judge."
197,1887,8,16,98,122,1.2622950819672132,0.05179775617580556,683,"Ah, dinner time. Who ordered the Happy Meal?"""
152,1887,4,24,94,122,1.2622950819672132,0.0462717576639643,683,They're called 'normies'.
50,1887,8,16,98,122,1.2622950819672132,0.05179775617580556,683,"Okay, so we've done our own countries... Now Let's Make Earth Great Again!"
17,1887,3,26,93,122,1.2622950819672132,0.044783842626875466,683,How did he get past security?
4,1887,7,18,97,122,1.2622950819672132,0.05047300811289448,683,Today for lunch we are having a buffet. Please meet Mr. Buffet.
2298,1887,5,22,95,122,1.2622950819672132,0.04771329536090051,683,"This is Henry, our new intern from, uh, was it Earth, Henry?"
337,1887,6,20,96,122,1.2622950819672132,0.0491125396521135,683,"All those in favor of Bob being lunch, raise your appendage."
864,1887,9,14,99,122,1.2622950819672132,0.05308945791522168,683,"It's OK to strongly disagree with  the human, but eating him is against the rules."
312,1887,6,20,96,122,1.2622950819672132,0.0491125396521135,683,Keep an open mind. Our boardroom needs some diversity.
889,1887,6,20,96,122,1.2622950819672132,0.0491125396521135,683,The polls show I lead Trump by double digits!
875,1887,7,18,97,122,1.2622950819672132,0.05047300811289448,683,"Now, we're all monsters...and we've done some terrible things, but Paul and his fellow humans have found a way to destroy an entire planet. So, let's give it up for Paul from Ohio! We need more Pauls in the galaxy."
2075,1887,5,22,95,122,1.2622950819672132,0.04771329536090051,683,"Welcome to our newest salesman. I know, he's hideous but his species is a niche market we're trying to develop and if he doesn't work out I hear they are delicious."
2065,1887,5,22,95,122,1.2622950819672132,0.04771329536090051,683,Are we really ready to invoke the 25th amendment?
2016,1887,6,20,96,122,1.2622950819672132,0.0491125396521135,683,"Hi, and welcome to Animal’s Anonymous."
2012,1887,4,24,94,122,1.2622950819672132,0.0462717576639643,683,"Remember folks, we welcome diversity here!"
1967,1887,6,20,96,122,1.2622950819672132,0.0491125396521135,683,"It's agreed! No more Mr. Nice Guy! Tomorrow, we're breaking out of this zoo!"
1783,1887,5,22,95,122,1.2622950819672132,0.04771329536090051,683,"Though he might seem like a strange fit for us, Ted’s last gig was with the  Department of Motor Vehicles."
1771,1887,8,16,98,122,1.2622950819672132,0.05179775617580556,683,Welcome to Trump's Huuuuge New Swamp!
1686,1887,7,18,97,122,1.2622950819672132,0.05047300811289448,683,We tried to find a black woman candidate. Would you settle for a gay white guy?
1996,1887,2,28,92,122,1.2622950819672132,0.04324476342338869,683,"You know, sometimes this ""diversity"" policy can go too far!"
1515,1887,6,20,96,122,1.2622950819672132,0.0491125396521135,683,"Gentlemen, this is Jenkins - lets all try to make him feel at home."
914,1887,3,26,93,122,1.2622950819672132,0.044783842626875466,683,For diversity’s sake.
1553,1887,6,20,96,122,1.2622950819672132,0.0491125396521135,683,Next topic: Extinction
1172,1887,9,14,99,122,1.2622950819672132,0.05308945791522168,683,Forget about Russia. We'll show them what real foreign interference looks like in the 2020 election.
1176,1887,4,24,94,122,1.2622950819672132,0.0462717576639643,683,Anyone else think that guy's vacant stare is kinda creepy?
1093,1887,4,24,94,122,1.2622950819672132,0.0462717576639643,683,"I'd like to introduce our new intern, and please, no jokes about his looks."
2205,1887,3,26,93,122,1.2622950819672132,0.044783842626875466,683,Who invited him?
1252,1887,4,24,94,122,1.2622950819672132,0.0462717576639643,683,He will be the face of our new campaign.
1374,1887,6,20,96,122,1.2622950819672132,0.0491125396521135,683,Say hello to our new diversity hire!
1993,1987,3,21,79,103,1.2621359223300972,0.049672763253145714,683,"Meet Ted, our new head of Human Resources"
3751,1988,5,23,98,126,1.2619047619047619,0.04670552318186373,683,Who do you think you are?
1676,1988,2,29,95,126,1.2619047619047619,0.042431751257038984,683,I ordered in for lunch.
1101,1990,4,26,100,130,1.2615384615384615,0.04443221090596759,683,They thought that this board could use some diversity.
1422,1991,8,16,99,123,1.2601626016260163,0.05141914894582732,683,Who brought in Dick from Finance? I can't digest him.
2480,1991,4,24,95,123,1.2601626016260163,0.04594353918685369,683,"Don't let the opposable thumbs fool you, Henry is a cold blooded litigator."
5384,1991,5,22,96,123,1.2601626016260163,0.04737181455611305,683,Dan from Accounting is here to add a white male POV.
2476,1994,5,21,94,120,1.2583333333333333,0.04806600464972997,683,We have voted you off the island
2727,1994,5,21,94,120,1.2583333333333333,0.04806600464972997,683,Herbert claims to have a lizard brain.
2404,1994,5,21,94,120,1.2583333333333333,0.04806600464972997,683,"Alien Union members, we should never have let the UK join in the first place."
2522,1994,5,21,94,120,1.2583333333333333,0.04806600464972997,683,"I would argue that being the creator of the song ""Baby Shark"" makes him more than qualified."
2381,1994,7,17,96,120,1.2583333333333333,0.050896491507821925,683,That ‘Take me to your leader’ stuff is so old. I said ‘Take me to a casino.’
2980,1994,4,23,93,120,1.2583333333333333,0.046586315378863125,683,This is a tasty new species we are now advertising
2776,1994,3,25,92,120,1.2583333333333333,0.04505805985803134,683,"I'll admit he may look ugly, but his resume is beautiful."
5022,1994,4,23,93,120,1.2583333333333333,0.046586315378863125,683,"We agreed business casual, Herb."
3610,1994,4,23,93,120,1.2583333333333333,0.046586315378863125,683,"Let's all welcome our special guest, Dinner."
3807,1994,3,25,92,120,1.2583333333333333,0.04505805985803134,683,They weren't joking about the US Space Force.
3821,1994,9,13,98,120,1.2583333333333333,0.053577652921938605,683,And I stress again that our new hire diversity policy recommends conversation over consumption.
4088,1994,4,23,93,120,1.2583333333333333,0.046586315378863125,683,It was at this exact moment that Bob knew he had found his people.
4253,1994,5,21,94,120,1.2583333333333333,0.04806600464972997,683,Here is the latest addition to our Halloween costumes line - human suit.
4433,1994,4,23,93,120,1.2583333333333333,0.046586315378863125,683,Meet Steve. He is our new image consultant for the coming election.
4694,1994,4,23,93,120,1.2583333333333333,0.046586315378863125,683,"This is Bob, he's a sales monster."
4996,1994,1,29,90,120,1.2583333333333333,0.041834396294819505,683,Bill understands social media.
5046,1994,5,21,94,120,1.2583333333333333,0.04806600464972997,683,Welcome fellow cabinet members.  The President will join us shortly.
5096,1994,4,23,93,120,1.2583333333333333,0.046586315378863125,683,I think we need to discuss the elephant in the room.
5203,1994,3,25,92,120,1.2583333333333333,0.04505805985803134,683,This company is not creature  binary.
2378,1994,7,17,96,120,1.2583333333333333,0.050896491507821925,683,"Good costume Kraken, but you’re a day early... we’re not celebrating Halloween until TOMORROW!"
5511,1994,5,21,94,120,1.2583333333333333,0.04806600464972997,683,We need to think outside Pandora's box.
3156,1994,5,21,94,120,1.2583333333333333,0.04806600464972997,683,"This is Bob, a white heterosexual male who hasn’t sexually assaulted anyone. This makes him as rare as each of us!"
2078,1994,4,23,93,120,1.2583333333333333,0.046586315378863125,683,"I’d like to introduce Bill, the new head of our diversity hiring program."
3035,1994,4,23,93,120,1.2583333333333333,0.046586315378863125,683,Where’s the elephant in this room?
1759,1994,7,17,96,120,1.2583333333333333,0.050896491507821925,683,Albert here has been an actor's agent for years and comes highly recommended by R2D2.
380,1994,4,23,93,120,1.2583333333333333,0.046586315378863125,683,We decided we needed a token homo erectus.
413,1994,4,23,93,120,1.2583333333333333,0.046586315378863125,683,"So guys, apparently ""Monsters, Inc."" is taken."
486,1994,2,27,91,120,1.2583333333333333,0.043476116843170015,683,It's what's inside that counts.
1838,1994,2,27,91,120,1.2583333333333333,0.043476116843170015,683,This is the new company psychologist.
873,1994,8,15,97,120,1.2583333333333333,0.052254271310724,683,"Ah, just in time for lunch."
973,1994,3,25,92,120,1.2583333333333333,0.04505805985803134,683,"Guys, Ikzorp here, is dressed as a CPA."
1468,1994,5,21,94,120,1.2583333333333333,0.04806600464972997,683,"Let's give Stan our full attention, then we'll break for...lunch."
656,1994,2,27,91,120,1.2583333333333333,0.043476116843170015,683,"Okay, everybody!  Get out your voting pads!  It's time again to play ""Dinner or Guest?"""
248,2027,8,16,100,124,1.2580645161290323,0.051045928602577964,683,The Eyes have it.
142,2028,5,24,103,132,1.2575757575757576,0.04514506409940063,683,He’s from a relatively new species.
749,2029,3,24,90,117,1.2564102564102564,0.04566992597752418,683,"Should we order lunch, or should we just eat what's here?"
1861,2029,4,22,91,117,1.2564102564102564,0.047255733568745614,683,Kevin is here to help us think inside the box.
5636,2031,2,27,92,121,1.256198347107438,0.043168140768252934,683,"Please welcome John, our new head of sentient resources."
4524,2031,2,27,92,121,1.256198347107438,0.043168140768252934,683,"Welcome, Tom! We think you’ll bring a much-needed human element to this board’s decisions."
4101,2031,5,21,95,121,1.256198347107438,0.04771489828013436,683,The public already thinks we've infested EVERY candidate.
2991,2031,4,23,94,121,1.256198347107438,0.04624900508174865,683,And this is E.F. Hutton!
2831,2031,6,19,96,121,1.256198347107438,0.049137079326263634,683,"Tried and true, this ""look"" is planetary!"
1291,2031,4,23,94,121,1.256198347107438,0.04624900508174865,683,I know what you're all thinking but this board has to diversify.
400,2031,7,17,97,121,1.256198347107438,0.05051924001355801,683,This is Tom. Tom is our new Steve.
2796,2031,3,25,93,121,1.256198347107438,0.0447351028189235,683,"Oh, I didn't get the memo we weren't doing costumes this year"
4568,2039,5,22,98,125,1.256,0.0467029045169846,683,Listen up you animals.
2986,2040,2,26,90,118,1.2542372881355932,0.04370638187492265,683,It’s come to our attention that there’s not enough white males here.
3281,2040,7,16,95,118,1.2542372881355932,0.05132806809940961,683,"All in favor of agreeing with the EPA that out product does not do genetic raise your right hand, if you have one."
3286,2040,4,22,92,118,1.2542372881355932,0.04690391156273635,683,"With Gork here under cover at the IRS, we’ll pay less in taxes than Jeff Bezos!"
3354,2040,6,18,94,118,1.2542372881355932,0.04989695404704999,683,Now to address the elephant in the room...
3517,2040,6,18,94,118,1.2542372881355932,0.04989695404704999,683,Say hello to my son-in-law. No biting.
3553,2040,3,24,91,118,1.2542372881355932,0.04533334719873197,683,Meet the latest employee from our diversity hiring program.
3251,2040,7,16,95,118,1.2542372881355932,0.05132806809940961,683,I see lunch has arrived so we’ll take a break.
2371,2040,5,20,93,118,1.2542372881355932,0.04842356318497437,683,"I’d like you all to welcome Todd, our new dinner...I mean intern."
3596,2040,4,22,92,118,1.2542372881355932,0.04690391156273635,683,"Let’s welcome Jim, our newest hire.  He has yet to drink the Kool-Aid."
3604,2040,5,20,93,118,1.2542372881355932,0.04842356318497437,683,Our attorney will fight to return dignity to ALL monsters!
3713,2040,5,20,93,118,1.2542372881355932,0.04842356318497437,683,We just find Monsters Inc. a little offensive.
3789,2040,5,20,93,118,1.2542372881355932,0.04842356318497437,683,"Well, let's just say he's the odd man out..."
3901,2040,4,22,92,118,1.2542372881355932,0.04690391156273635,683,I think Ted's hallucinating again.
2368,2040,6,18,94,118,1.2542372881355932,0.04989695404704999,683,May I introduce you to Carlos. He knows all about being an alien on Earth.
3561,2040,5,20,93,118,1.2542372881355932,0.04842356318497437,683,Apparently ‘business as usual’ is no more.
3238,2040,5,20,93,118,1.2542372881355932,0.04842356318497437,683,"You can put your human costumes back on, the president's cabinet meeting is adjoined."
3149,2040,5,20,93,118,1.2542372881355932,0.04842356318497437,683,So who shall be the devil's advocate?
3090,2040,1,28,89,118,1.2542372881355932,0.042016464212881535,683,You all remember  Human. He's evolved a bit.
3069,2040,5,20,93,118,1.2542372881355932,0.04842356318497437,683,Please welcome Jeff to species bias training.
3064,2040,4,22,92,118,1.2542372881355932,0.04690391156273635,683,"No Xarglebog, Jonathan wasn’t a diversity hire."
2376,2040,3,24,91,118,1.2542372881355932,0.04533334719873197,683,Today we want to welcome a new member of the the team who brings in new perspectives
2474,2040,6,18,94,118,1.2542372881355932,0.04989695404704999,683,He may look different on the outside but he’s just like us on the inside
2483,2040,2,26,90,118,1.2542372881355932,0.04370638187492265,683,"Allow me to introduce Nick, our new diversity hire"
2497,2040,4,22,92,118,1.2542372881355932,0.04690391156273635,683,"This is Ted, he will be leading the diversity initiative"
2525,2040,5,20,93,118,1.2542372881355932,0.04842356318497437,683,In a bit we'll be ordering lunch. I hope none of you are vegans.
3942,2040,4,22,92,118,1.2542372881355932,0.04690391156273635,683,He wants to know if we have any dirt on Binden.
2574,2040,4,22,92,118,1.2542372881355932,0.04690391156273635,683,"So, if everyone could go around the table and say your name and what animal kingdom you're from."
2652,2040,6,18,94,118,1.2542372881355932,0.04989695404704999,683,Obviously George didn’t get the Halloween costume memo.
2672,2040,4,22,92,118,1.2542372881355932,0.04690391156273635,683,Any ideas why that Noah guy didn't choose Us for his Ark?!
3020,2040,5,20,93,118,1.2542372881355932,0.04842356318497437,683,I don't feel like deli today.  What say we just eat Bryan?
3014,2040,3,24,91,118,1.2542372881355932,0.04533334719873197,683,"I know he looks like a super freak, but welcome our newest board member. We are committed to diversity."
2906,2040,4,22,92,118,1.2542372881355932,0.04690391156273635,683,"Look fellas, he said the call was perfect!"
3948,2040,7,16,95,118,1.2542372881355932,0.05132806809940961,683,"Don't worry, you will blend in after we alienate you."
4604,2040,7,16,95,118,1.2542372881355932,0.05132806809940961,683,"""Okay everybody lets just go about our business and no staring"
3999,2040,4,22,92,118,1.2542372881355932,0.04690391156273635,683,He wants us to be less exclusive.
5303,2040,6,18,94,118,1.2542372881355932,0.04989695404704999,683,What did I say about using coasters?
5081,2040,5,20,93,118,1.2542372881355932,0.04842356318497437,683,Ignore the freak who just came in
5308,2040,8,14,96,118,1.2542372881355932,0.05272034831506563,683,"Get lost, Sapiens! We're talking Global you-know-what."
5333,2040,8,14,96,118,1.2542372881355932,0.05272034831506563,683,I wants to reminds you once again of our new policy - Do not eats the IT guy!
5357,2040,4,22,92,118,1.2542372881355932,0.04690391156273635,683,Please welcome our new scales manager.
5584,2040,4,22,92,118,1.2542372881355932,0.04690391156273635,683,"So this really weird creature came into the bar--you've got to see to believe!  And by invitation, here he is!"
5176,2040,2,26,90,118,1.2542372881355932,0.04370638187492265,683,"Glenn is our new head of HR, pardon the anachronism."
5543,2040,5,20,93,118,1.2542372881355932,0.04842356318497437,683,So we're not gonna build that wall after all.
5406,2040,4,22,92,118,1.2542372881355932,0.04690391156273635,683,"Bill, here, is going to tell us how we can succeed as a team."
5490,2040,5,20,93,118,1.2542372881355932,0.04842356318497437,683,"Hey guys, knock it off. Mick here wants to know how many of you will be going by Ark to Mar-a-Lago."
5461,2040,4,22,92,118,1.2542372881355932,0.04690391156273635,683,Our diversity VP did a great job. Let's eat him.
2289,2040,7,16,95,118,1.2542372881355932,0.05132806809940961,683,"I'd like to introduce the newest blood-curdling monster to our group. This is Andy, aka the Wolf of Wall Street."
5420,2040,3,24,91,118,1.2542372881355932,0.04533334719873197,683,Please welcome our new Director of Diversity.
4876,2040,2,26,90,118,1.2542372881355932,0.04370638187492265,683,Bob’s scary specialty is corporate litigation.
5524,2040,0,30,88,118,1.2542372881355932,0.04025566684714268,683,"And this is Jeremy, our terrestrial intern"
5609,2040,6,18,94,118,1.2542372881355932,0.04989695404704999,683,The Assimilation Department assures me things will be much easier if we stick to the white male skinsuit.
4802,2040,6,18,94,118,1.2542372881355932,0.04989695404704999,683,"This is Bertram, our new head of Human Resources."
4792,2040,5,20,93,118,1.2542372881355932,0.04842356318497437,683,Here's our newest Halloween costume: Human.
4014,2040,5,20,93,118,1.2542372881355932,0.04842356318497437,683,"This year I’m thankful for nail files, without which we would have even more scratches in the table."
4035,2040,3,24,91,118,1.2542372881355932,0.04533334719873197,683,I know he’s scary but he’s joining the board!
4106,2040,3,24,91,118,1.2542372881355932,0.04533334719873197,683,Corporate has been pushing us on affirmative action.  Meet Bill.
4261,2040,4,22,92,118,1.2542372881355932,0.04690391156273635,683,"What's for dinner, you may ask..."
4266,2040,3,24,91,118,1.2542372881355932,0.04533334719873197,683,Since you asked: she/her/hers
4388,2040,5,20,93,118,1.2542372881355932,0.04842356318497437,683,Now that we finally have diversity on the board...
4453,2040,3,24,91,118,1.2542372881355932,0.04533334719873197,683,This is our new recruit. I thought you would all like to have him in for lunch.
4638,2040,5,20,93,118,1.2542372881355932,0.04842356318497437,683,Say hello to Harold. I have hired him as part of our new diversity policy.
4660,2040,5,20,93,118,1.2542372881355932,0.04842356318497437,683,A suit as a halloween costume - great idea!
4665,2040,6,18,94,118,1.2542372881355932,0.04989695404704999,683,"Welcome to the annual ""Mythic Creatures"" luncheon, it's my pleasure to introduce our newest member, Doug, who is a lawyer - and a good person. Welcome, Doug!"
4687,2040,8,14,96,118,1.2542372881355932,0.05272034831506563,683,Mr. Smith is here to observe our diversity training workshop.
4692,2040,4,22,92,118,1.2542372881355932,0.04690391156273635,683,"Meet Hal, from Human resources"
4725,2040,4,22,92,118,1.2542372881355932,0.04690391156273635,683,It's time we got real.
4747,2040,4,22,92,118,1.2542372881355932,0.04690391156273635,683,Let's start with an economic report from the galaxy Centaurus A
4781,2040,3,24,91,118,1.2542372881355932,0.04533334719873197,683,Today’s special includes filet of sweet maidens
3983,2040,5,20,93,118,1.2542372881355932,0.04842356318497437,683,He's today's lunch.
2240,2040,6,18,94,118,1.2542372881355932,0.04989695404704999,683,I guess no one told the new guy about casual Friday
4818,2040,4,22,92,118,1.2542372881355932,0.04690391156273635,683,Should our next topic be diversity? or lunch?
2214,2040,3,24,91,118,1.2542372881355932,0.04533334719873197,683,"""Alright, all those in favor of clothed bipeds as prey, please raise your paw."""
882,2040,4,22,92,118,1.2542372881355932,0.04690391156273635,683,"Have you met George, our Republican strategist!"
833,2040,3,24,91,118,1.2542372881355932,0.04533334719873197,683,Are you guys still figuring out the meaning of the end of Game of Thrones.
826,2040,5,20,93,118,1.2542372881355932,0.04842356318497437,683,Next on Agenda:  Community Gentrification
738,2040,3,24,91,118,1.2542372881355932,0.04533334719873197,683,"Mr.President, they are waiting for you"
688,2040,5,20,93,118,1.2542372881355932,0.04842356318497437,683,"Everyone, this is the guy we're thinking of casting as ""Han Solo""."
658,2040,5,20,93,118,1.2542372881355932,0.04842356318497437,683,So then I got this great deal on a little cottage in Area 51....
622,2040,4,22,92,118,1.2542372881355932,0.04690391156273635,683,He’s our new diversity recruit.
549,2040,2,26,90,118,1.2542372881355932,0.04370638187492265,683,"Stop making excuses, no pinsching!"
502,2040,5,20,93,118,1.2542372881355932,0.04842356318497437,683,"As we've not been tearing them to pieces enough, I've invited a banker to join us."
498,2040,6,18,94,118,1.2542372881355932,0.04989695404704999,683,"HR Nightmare: ...'Monstrosity' is our word, Kevin."
463,2040,4,22,92,118,1.2542372881355932,0.04690391156273635,683,"Please welcome Bob Whiteman, our diversity trainer."
891,2040,4,22,92,118,1.2542372881355932,0.04690391156273635,683,"Good morning everyone, I'd like to introduce Jeff, who's joining us as CFO. And please, for the sake of our fiscal year, let's try not to eat this one."
418,2040,3,24,91,118,1.2542372881355932,0.04533334719873197,683,"This is John, our diversity hire."
378,2040,4,22,92,118,1.2542372881355932,0.04690391156273635,683,Bob is here to represent our minority shareholders.
376,2040,6,18,94,118,1.2542372881355932,0.04989695404704999,683,Joe here is going to teach us how to assume the form of human politicians.
314,2040,5,20,93,118,1.2542372881355932,0.04842356318497437,683,Everyone meet Tom. He’s horrifying on the inside.
291,2040,5,20,93,118,1.2542372881355932,0.04842356318497437,683,I see being a nudist is alien to you.
288,2040,5,20,93,118,1.2542372881355932,0.04842356318497437,683,"Mr Dubrow from the truck dealership is here to talk about big tires, big noise, and big fun."
238,2040,4,22,92,118,1.2542372881355932,0.04690391156273635,683,We're being sued by George Lucas.
161,2040,3,24,91,118,1.2542372881355932,0.04533334719873197,683,"Before her description of him changes, let's welcome Bob to the Karen's ex's society."
82,2040,4,22,92,118,1.2542372881355932,0.04690391156273635,683,I suggest the tartare.
58,2040,7,16,95,118,1.2542372881355932,0.05132806809940961,683,"After the meeting, we'll have a snack."" David McNair"
47,2040,4,22,92,118,1.2542372881355932,0.04690391156273635,683,I want to thank you for helping me organize this meeting here today. And also the heads of the other Families.
14,2040,5,20,93,118,1.2542372881355932,0.04842356318497437,683,What Gus brings to The League of Monsters are puns and dad jokes.
382,2040,7,16,95,118,1.2542372881355932,0.05132806809940961,683,"Please welcome Mike, our new Internet troll."
917,2040,3,24,91,118,1.2542372881355932,0.04533334719873197,683,Did we forget to tell Bob about casual Friday?
114,2040,4,22,92,118,1.2542372881355932,0.04690391156273635,683,I'd like to welcome our newest associate Mr. Mann.......
1157,2040,4,22,92,118,1.2542372881355932,0.04690391156273635,683,"Listen, you're gonna have to bring your own chair to the meeting next time."
1104,2040,5,20,93,118,1.2542372881355932,0.04842356318497437,683,Break for lunch?
2191,2040,4,22,92,118,1.2542372881355932,0.04690391156273635,683,We're out of chairs. Whose lap do you want to sit on?
2154,2040,4,22,92,118,1.2542372881355932,0.04690391156273635,683,The diversity and inclusiveness committee will be starting shortly
2134,2040,6,18,94,118,1.2542372881355932,0.04989695404704999,683,"Malcolm here thinks we should have a costume party on Halloween to boost morale around the office.  What do you say, are we in?"
2111,2040,5,20,93,118,1.2542372881355932,0.04842356318497437,683,I come in peace
2057,2040,4,22,92,118,1.2542372881355932,0.04690391156273635,683,"The CPA says all of us are overdrawn, literally."
2051,2040,3,24,91,118,1.2542372881355932,0.04533334719873197,683,Henry here is our new hire... please refrain from eating him until after his 90 day probationary period
2228,2040,3,24,91,118,1.2542372881355932,0.04533334719873197,683,"Did I misread the flyer? Repp ties only, right?"
2013,2040,7,16,95,118,1.2542372881355932,0.05132806809940961,683,"He is one of those 23 and Me surprises you've read so much about.  Meet our new Excutive Vice President, Todd."
1978,2040,5,20,93,118,1.2542372881355932,0.04842356318497437,683,"Barry, Barry, you trying time get us in a lawsuit?  Humans are no different than anyone else."
1945,2040,6,18,94,118,1.2542372881355932,0.04989695404704999,683,He's part of the company's new diversity hiring policy. He'll just be getting us our morning lattes.
1878,2040,4,22,92,118,1.2542372881355932,0.04690391156273635,683,"Phil, we told you it was business casual."
1846,2040,4,22,92,118,1.2542372881355932,0.04690391156273635,683,You say you want a r-evolution...
2037,2040,6,18,94,118,1.2542372881355932,0.04989695404704999,683,"You’re creepy, Fred"
1180,2040,4,22,92,118,1.2542372881355932,0.04690391156273635,683,You should have specified whose dream team you were assembling.
1808,2040,6,18,94,118,1.2542372881355932,0.04989695404704999,683,Am I the only one who dressed in costume?
1269,2040,5,20,93,118,1.2542372881355932,0.04842356318497437,683,This species has cloth covering most of its trunk and a striped thing around its neck?  What evolutionary purpose might they serve?
1369,2040,4,22,92,118,1.2542372881355932,0.04690391156273635,683,Bob here's come all the way from planet Earth to pitch us on ESG and what it can do for our bottom line
1423,2040,3,24,91,118,1.2542372881355932,0.04533334719873197,683,He is from Earth. Let’s not judge.
1536,2040,7,16,95,118,1.2542372881355932,0.05132806809940961,683,Monster.com has decided to go a different direction with its new CEO.
1607,2040,5,20,93,118,1.2542372881355932,0.04842356318497437,683,"Oh, sorry Kevin, when you were hired, I completely forgot to mention the Casual Fridays dress code."
1174,2040,4,22,92,118,1.2542372881355932,0.04690391156273635,683,Mr. Meyer is our newest diversity and inclusion employee. Let's hope he tastes better than the last one.
1674,2040,4,22,92,118,1.2542372881355932,0.04690391156273635,683,Stay away from the water cooler. Someone spiked it with LSD.
1703,2040,4,22,92,118,1.2542372881355932,0.04690391156273635,683,"And please stop referring to Henderson as our 'diversity' hire"""
1749,2040,3,24,91,118,1.2542372881355932,0.04533334719873197,683,"Well, well! Look who the cat dragged in!"
1779,2040,2,26,90,118,1.2542372881355932,0.04370638187492265,683,"Creatures, meet our new VP of marketing Mr. Hal O. Ween."
241,2166,5,21,96,122,1.2540983606557377,0.04736874836158813,683,"So, who’s the odd man out?"
4422,2166,6,19,97,122,1.2540983606557377,0.04877787734442069,683,Let's  come up with a name for our new shoe company.
357,2168,5,19,91,115,1.2521739130434784,0.04916306133343397,683,"We will break for lunch.  This is Irwin, and he comes in pieces"
971,2168,4,21,90,115,1.2521739130434784,0.04758625114860667,683,The Universal Council is adding a new member....
1122,2168,8,13,94,115,1.2521739130434784,0.05361597246684191,683,"Great News, the Arc Park will fit you into its narrative."
433,2168,8,13,94,115,1.2521739130434784,0.05361597246684191,683,"Everyone please welcome Gary, the newest member of the Republican National Committee."
1442,2168,5,19,91,115,1.2521739130434784,0.04916306133343397,683,"Everybody meet Brad, our lunch."
2510,2168,2,25,88,115,1.2521739130434784,0.04426444053396394,683,"In light of the recent allegations, Greg from HR is going to walk us through the do's and don'ts of hiding under beds."
1556,2168,3,23,89,115,1.2521739130434784,0.045955369621857575,683,'tell me about your greatest boss again'
1857,2168,4,21,90,115,1.2521739130434784,0.04758625114860667,683,"As the administration's former acting deputy communications chief, he'll be able to take us to their leader."
2066,2168,3,23,89,115,1.2521739130434784,0.045955369621857575,683,"Yes, he's a little odd, but he made the smart move to quit the Trump administration and join us!"
2079,2168,4,21,90,115,1.2521739130434784,0.04758625114860667,683,"All departments have exceeded projections except yours, Blrrrfpt."
179,2168,4,21,90,115,1.2521739130434784,0.04758625114860667,683,I'm sorry that Bigfoot couldn't be here.
2288,2168,5,19,91,115,1.2521739130434784,0.04916306133343397,683,Paul is the new lead for our rebranding; he has shown promise on how to truly be a monster.
1508,2168,3,23,89,115,1.2521739130434784,0.045955369621857575,683,Isn't this better? Meeting in a damp cave was a little overkill.
64,2168,2,25,88,115,1.2521739130434784,0.04426444053396394,683,Who will be taking notes?
3830,2168,5,19,91,115,1.2521739130434784,0.04916306133343397,683,We’re here for the Star Wars tryouts!
4551,2168,4,21,90,115,1.2521739130434784,0.04758625114860667,683,Unanimous vote.  The Creator goes.
4590,2168,4,21,90,115,1.2521739130434784,0.04758625114860667,683,I really believe we are what we eat.
4718,2168,4,21,90,115,1.2521739130434784,0.04758625114860667,683,"Join me in welcoming Harris, V.P. of our new Office of Inclusion and Diversity!"
5137,2168,5,19,91,115,1.2521739130434784,0.04916306133343397,683,I’m building a mythical kingdom and would appreciate your input.
5259,2168,4,21,90,115,1.2521739130434784,0.04758625114860667,683,How would you like your lizard cooked?
5356,2168,3,23,89,115,1.2521739130434784,0.045955369621857575,683,We definitely need to rewrite our “Inclusion Policy”!
5364,2168,2,25,88,115,1.2521739130434784,0.04426444053396394,683,Ron here will tell us how a human organization works.
3022,2168,4,21,90,115,1.2521739130434784,0.04758625114860667,683,Look at the nose on this guy!
4109,2168,2,25,88,115,1.2521739130434784,0.04426444053396394,683,"Meet Fred, our new head if sales. He’s an animal!"
2570,2192,3,24,92,119,1.2521008403361344,0.04500152301614558,683,"Gentlemen, Todbot has a traffic update for us."
2548,2192,4,22,93,119,1.2521008403361344,0.04655713615623207,683,Who is the ugly strange dude?
2349,2192,7,16,96,119,1.2521008403361344,0.05093973387211289,683,"And now, let the wild Trumpus start!"
1774,2192,3,24,92,119,1.2521008403361344,0.04500152301614558,683,"C'mon, fellas. This is the diversity meeting after all."
1371,2192,6,18,95,119,1.2521008403361344,0.04952198131804132,683,Guys! Your attention please! I'm delighted to tell you it's dessert time!
1344,2192,6,18,95,119,1.2521008403361344,0.04952198131804132,683,He became part of the family now that we are all Vegan.
1935,2192,5,20,94,119,1.2521008403361344,0.0480624258685221,683,Enough pie-in-the-sky. Let's get down to earth.
3401,2192,3,24,92,119,1.2521008403361344,0.04500152301614558,683,"OK, so we have agreed: Things will be looking up."
2724,2192,5,20,94,119,1.2521008403361344,0.0480624258685221,683,"I know that he is unusual, but I think he will fit in."
2806,2192,6,18,95,119,1.2521008403361344,0.04952198131804132,683,"Yet Only One was a true ""Internet Troll"""
2959,2192,6,18,95,119,1.2521008403361344,0.04952198131804132,683,"Look, it's a marketing crisis when some politicians
 are way more horrifying than we are."
2993,2192,6,18,95,119,1.2521008403361344,0.04952198131804132,683,I thought it was just a movie.
3672,2192,4,22,93,119,1.2521008403361344,0.04655713615623207,683,Time to break for lunch guys. Will one human be enough?
3692,2192,5,20,94,119,1.2521008403361344,0.0480624258685221,683,Do we an agenda or a menu?
3852,2192,2,26,91,119,1.2521008403361344,0.04339017423882312,683,Apparently the chef is not allowed to serve live lobsters.
3933,2192,4,22,93,119,1.2521008403361344,0.04655713615623207,683,"Just wait, you haven't heard his stance on vaccines yet."
3993,2192,5,20,94,119,1.2521008403361344,0.0480624258685221,683,"The Alien Conference invite clearly said, ""Birthday Suit Required""...not ""Business Suit Attire."""
4046,2192,3,24,92,119,1.2521008403361344,0.04500152301614558,683,Mission Accomplished! Our attorney here confirms the swamp has been fully drained.
4134,2192,4,22,93,119,1.2521008403361344,0.04655713615623207,683,Who ordered the 'Monday Special ' on white?
1325,2192,4,22,93,119,1.2521008403361344,0.04655713615623207,683,"All those in favor of letting Earth join the federation, say “Aye.”"
4183,2192,2,26,91,119,1.2521008403361344,0.04339017423882312,683,Roger here represents the new normal....
4306,2192,4,22,93,119,1.2521008403361344,0.04655713615623207,683,Here's our new minority Board member .
2621,2192,3,24,92,119,1.2521008403361344,0.04500152301614558,683,And gluten free!
1287,2192,2,26,91,119,1.2521008403361344,0.04339017423882312,683,"You all know Ted, our Chief Diversity Officer."
4564,2192,5,20,94,119,1.2521008403361344,0.0480624258685221,683,Frederick here would like to join the club. What’s ya think?
869,2192,4,22,93,119,1.2521008403361344,0.04655713615623207,683,Bill here is from Disney Pixar to talk to us about our company name.
5481,2192,4,22,93,119,1.2521008403361344,0.04655713615623207,683,Everyone deserves a seat at the table.
4318,2192,4,22,93,119,1.2521008403361344,0.04655713615623207,683,I dare any of you to call him ‘normal’ to his face.
5435,2192,5,20,94,119,1.2521008403361344,0.0480624258685221,683,"After presenting the annual report, Fred here will read his poem on the beauty of unlimited profit."
879,2192,3,24,92,119,1.2521008403361344,0.04500152301614558,683,"So, does he satisfy the diversity goal?"
5365,2192,7,16,96,119,1.2521008403361344,0.05093973387211289,683,"Easy folks! It's his first week and I forgot to tell him about ""Be Yourself Fridays""."
5335,2192,6,18,95,119,1.2521008403361344,0.04952198131804132,683,Thanks for coming.  I love the diversity of this focus group!
5301,2192,3,24,92,119,1.2521008403361344,0.04500152301614558,683,Today we will hear from Dr.Bernanke on freakonomics.
5430,2192,3,24,92,119,1.2521008403361344,0.04500152301614558,683,"No, he says on his planet he's normal-looking."
4658,2192,4,22,93,119,1.2521008403361344,0.04655713615623207,683,Can we please stop calling him a diversity hire?
105,2192,4,22,93,119,1.2521008403361344,0.04655713615623207,683,We will get started as soon as the elephant leaves the room.
164,2192,4,22,93,119,1.2521008403361344,0.04655713615623207,683,And they're gluten-free and Non-GMO!
267,2192,4,22,93,119,1.2521008403361344,0.04655713615623207,683,"Let me introduce Bob, our lunch."
271,2192,5,20,94,119,1.2521008403361344,0.0480624258685221,683,I'm providing lunch.
706,2192,2,26,91,119,1.2521008403361344,0.04339017423882312,683,"Please don't stare, he's very self-conscious."
829,2192,6,18,95,119,1.2521008403361344,0.04952198131804132,683,Meet Norman. He has some wild and crazy ideas to add.
4684,2192,4,22,93,119,1.2521008403361344,0.04655713615623207,683,This is Chip from marketing.  He'll be lunch.
4766,2234,7,18,102,127,1.2519685039370079,0.048690519059619776,683,Zuglak doesn't seem to know that Halloween is over.
2242,2234,4,24,99,127,1.2519685039370079,0.04467452870973071,683,Jack has joined us as a human resources manager.
351,2236,6,17,93,116,1.25,0.05029895632611329,683,I'd like to introduce you to the newest member of the Trump team.
746,2236,3,23,90,116,1.25,0.04560931807265346,683,I say we kill him and eat him here. All in favor?
3178,2236,2,25,89,116,1.25,0.04393500719894347,683,He calls himself the Terminator.
4341,2236,4,22,94,120,1.25,0.04621530419392146,683,Who invited  the oddball ?
4418,2236,4,21,91,116,1.25,0.047224304468501524,683,"Don't worry, he's been probed, and he still wants to join the board."
4563,2236,4,21,91,116,1.25,0.047224304468501524,683,At our next intergalactic conference we can discuss climate change and the impact on space ships...
3416,2236,4,20,88,112,1.25,0.048297927830185765,683,Your meal has been served.
2626,2236,2,26,92,120,1.25,0.043078327461947355,683,Please welcome Dave. He merges without signaling.
2170,2236,5,22,101,128,1.25,0.045733307698775365,683,Who wants to be on the dress-code committee?
1410,2245,4,23,98,125,1.248,0.04494584555059639,683,"He may not look it but trust me, Harold's the biggest monster here."
2064,2245,4,23,98,125,1.248,0.04494584555059639,683,It’ll be tough to reach a consensus.
3387,2247,4,20,89,113,1.247787610619469,0.047919703189289425,683,"As an outside director, Brent brings a new level of edibility to the swamp."
3334,2247,2,24,87,113,1.247787610619469,0.04449991379721377,683,I'm afraid Noah has some bad news for us.
3277,2247,4,20,89,113,1.247787610619469,0.047919703189289425,683,"And before you assume that Jaworski here is just another diversity hire, I want to you know that I vetted him personally and he comes from an absolutely delicious family."
3253,2247,5,18,90,113,1.247787610619469,0.04954115225390569,683,"J.B. Goode is here to propose a merger of  Goode Incorporated with our company, Bad and Ugly Limited."
3121,2247,6,16,91,113,1.247787610619469,0.05111118839882061,683,"When he promised to drain the swamp, we just knew he would put us in a better place. Hail to the Chief."
3048,2247,3,22,88,113,1.247787610619469,0.04624143316177091,683,"Everyone, meet Keith.  He’s our diversity hire."
3016,2247,5,18,90,113,1.247787610619469,0.04954115225390569,683,Great Halloween costume - a human!
3447,2247,1,26,86,113,1.247787610619469,0.04268740464193609,683,We need to diversify the board
3394,2247,2,24,87,113,1.247787610619469,0.04449991379721377,683,Meet our latest...er....Board Membe
2870,2247,7,14,92,113,1.247787610619469,0.052634412625532395,683,Who's in favor of just eating the human resources?
2841,2247,3,22,88,113,1.247787610619469,0.04624143316177091,683,"Ladies and Gentlemen of the Board, let me introduce our newest member, who comes to us from the Cenozoic Era."
2645,2247,6,16,91,113,1.247787610619469,0.05111118839882061,683,meeting my girlfriends family
2610,2247,2,24,87,113,1.247787610619469,0.04449991379721377,683,Dinner's here!
2413,2247,6,16,91,113,1.247787610619469,0.05111118839882061,683,Please welcome Carl from Human Resources.
2391,2247,5,18,90,113,1.247787610619469,0.04954115225390569,683,Why not? It's time we had someone like Fred on this board.
2975,2247,3,22,88,113,1.247787610619469,0.04624143316177091,683,"Since we've completed recovery, we can now look and not eat."
3479,2247,5,18,90,113,1.247787610619469,0.04954115225390569,683,"His sales figures are a joke, but let's not forget he's only human."
3649,2247,5,18,90,113,1.247787610619469,0.04954115225390569,683,"Remember earthlings are ""bitter"" and do not taste good!"
3613,2247,4,20,89,113,1.247787610619469,0.047919703189289425,683,The new guy will us that long-needed human touch.
5632,2247,1,26,86,113,1.247787610619469,0.04268740464193609,683,Brian will be heading our diversity taskforce.
5531,2247,3,22,88,113,1.247787610619469,0.04624143316177091,683,"And, remember, for promotion to this board, we may not consider Mr. Aubrey's personal appearance."
5432,2247,5,18,90,113,1.247787610619469,0.04954115225390569,683,"No, Jeremy is not lunch. He is here to take your deli lunch order."
5369,2247,5,18,90,113,1.247787610619469,0.04954115225390569,683,"Welcome to the Inner Demon Gathering. I'd like to introduce Greg, head of middle school memories."
5338,2247,4,20,89,113,1.247787610619469,0.047919703189289425,683,"Everyone, meet Harald, he will be heading up the new diversity initiative."
5334,2247,3,22,88,113,1.247787610619469,0.04624143316177091,683,Bob here says before we invade Earth we need to file an environmental impact statement.  I figure that won’t delay us more than a couple of weeks.
5153,2247,6,16,91,113,1.247787610619469,0.05111118839882061,683,We need to stop acting like a bunch of humans
4783,2247,4,20,89,113,1.247787610619469,0.047919703189289425,683,whoo blu the wistil on me?
4739,2247,5,18,90,113,1.247787610619469,0.04954115225390569,683,He wants to know if we're vegan or vegetarian
4410,2247,2,24,87,113,1.247787610619469,0.04449991379721377,683,"Yes, I have a cold and I'm not hungry."
4362,2247,4,20,89,113,1.247787610619469,0.047919703189289425,683,"I know he seems a little odd, but he has excellent references."
4232,2247,3,22,88,113,1.247787610619469,0.04624143316177091,683,"I’d like to introduce you all to Dave. 
“Hi Dave!”
He’ll be our dinner tonight."
3733,2247,4,20,89,113,1.247787610619469,0.047919703189289425,683,Much to his embarrassment Fred remembered it was casual Friday
3650,2247,5,18,90,113,1.247787610619469,0.04954115225390569,683,H R says we need more diversity on the board.
1950,2247,4,20,89,113,1.247787610619469,0.047919703189289425,683,We have changed the recipe for Coca Cola!
3530,2247,5,18,90,113,1.247787610619469,0.04954115225390569,683,I've invited Mr. Oswald here to share an idea that many of you might find alien!
1914,2247,4,20,89,113,1.247787610619469,0.047919703189289425,683,"So what's it going to be guys, pizza or people?"
2879,2247,3,22,88,113,1.247787610619469,0.04624143316177091,683,"I'm proud to say, you are our most diverse cohort yet."
121,2247,3,22,88,113,1.247787610619469,0.04624143316177091,683,"And because of his long experience in D.C., I think Bob here would make a great addition to the League of Swamp Things."
43,2247,5,18,90,113,1.247787610619469,0.04954115225390569,683,"So please be in touch, and keep up the bad work."
1913,2247,4,20,89,113,1.247787610619469,0.047919703189289425,683,Given the make-up of our company do we really need a director of Human Resources?
276,2247,6,16,91,113,1.247787610619469,0.05111118839882061,683,It's Bring a Guy in a Suit to Work Day
304,2247,3,22,88,113,1.247787610619469,0.04624143316177091,683,A consultant is here today to tell us about diversity.
347,2247,6,16,91,113,1.247787610619469,0.05111118839882061,683,Harold here from Legal says we CAN eat the competition alive
487,2247,3,22,88,113,1.247787610619469,0.04624143316177091,683,I vote we completely recast the new 'Star Wars' movie.
490,2247,3,22,88,113,1.247787610619469,0.04624143316177091,683,"Please welcome Adam, our newest Misfits Anonymous member."
492,2247,5,18,90,113,1.247787610619469,0.04954115225390569,683,This is our new intern Norm. Anybody hungry?
535,2247,4,20,89,113,1.247787610619469,0.047919703189289425,683,So are we all agreed on fuchsia for the drapes then?
600,2247,4,20,89,113,1.247787610619469,0.047919703189289425,683,Why aren't you sitting Richard?
681,2247,5,18,90,113,1.247787610619469,0.04954115225390569,683,Ignore the human in the room.
795,2247,2,24,87,113,1.247787610619469,0.04449991379721377,683,"And now, Jerry from HR with a few questions about his predecessor."
981,2247,4,20,89,113,1.247787610619469,0.047919703189289425,683,"What can the suit bring to the table? Hear him out, he says he's got a Planet B."
607,2247,5,18,90,113,1.247787610619469,0.04954115225390569,683,"This is a working lunch, so who wants the head?"
1145,2247,6,16,91,113,1.247787610619469,0.05111118839882061,683,"Al, Sarah, Bill, Chris, Jose, Heather- I’d like to introduce you to our new intern, Xengorf."
1800,2247,6,16,91,113,1.247787610619469,0.05111118839882061,683,Now Todd from Human Resources will present our extinction benefits package.
1768,2247,5,18,90,113,1.247787610619469,0.04954115225390569,683,HR seems to think our dress code is a little TOO casual
1725,2247,6,16,91,113,1.247787610619469,0.05111118839882061,683,Hahahaha!  You thought I meant drain the swamp?  Make swAmps Great Again is how it is supposed to read.
1685,2247,8,12,93,113,1.247787610619469,0.05411477806782426,683,"He might look dumb, but he is capable to shit 
a planet  entirely"
1059,2247,4,20,89,113,1.247787610619469,0.047919703189289425,683,We are sorry to inform you that your monstrously ugly looks preclude your employment here at Handsome R Us.
1416,2247,4,20,89,113,1.247787610619469,0.047919703189289425,683,"Sorry, bud, humans don't get a chair until they stop destroying their planet."
1396,2247,4,20,89,113,1.247787610619469,0.047919703189289425,683,Hello
1518,2247,3,22,88,113,1.247787610619469,0.04624143316177091,683,Why don’t we all go around the table and introduce ourselves.
1181,2247,5,18,90,113,1.247787610619469,0.04954115225390569,683,"Not to sound like a character from an old Twilight Zone episode, but this guy is hideous."
1170,2247,4,20,89,113,1.247787610619469,0.047919703189289425,683,He’s a diversity candidate.
1156,2247,5,18,90,113,1.247787610619469,0.04954115225390569,683,"Personally, I thin it's disgusting when the food gets displayed at the table before the chef kills and cooks it!"
4606,2311,4,17,80,101,1.2475247524752475,0.05152321517329776,683,"My apologies, I’m taking him to the vet at lunch."
1366,2311,3,19,79,101,1.2475247524752475,0.04956432083478743,683,"Everybody, please welcome Sam. Sam's here today to talk about workplace diversity."
790,2313,3,24,95,122,1.2459016393442623,0.04403364143873072,683,"As part of our new diversity hiring program, I'd like to welcome Bob to the team!"
4139,2314,4,21,93,118,1.2457627118644068,0.046516242130829305,683,Shhh!! Here comes the new guy...what a freak!
301,2314,3,23,92,118,1.2457627118644068,0.04493212915420019,683,"In an effort to increase our diversity, I would like to introduce our newest board member ... a straight white male."
2084,2316,3,22,89,114,1.2456140350877194,0.04588552124803296,683,"Everybody,meet Thomas,our new token diversity hire!"
2179,2316,2,24,88,114,1.2456140350877194,0.04416135941157953,683,"Let's order quickly, before he wakes up!"
353,2316,6,16,92,114,1.2456140350877194,0.05070746735519953,683,I thought it important that at least one member of the executive team wear clothing.
4436,2319,2,23,85,110,1.2454545454545454,0.045086079539041465,683,"Let’s all congratulate Ted, who’s been promoted to head of our Hiding Under Beds and Scaring Children Division."
1037,2319,3,21,86,110,1.2454545454545454,0.046899469502261974,683,Jared’s our diversity hire.
113,2321,4,25,106,135,1.2444444444444445,0.04266763404099585,683,He's my nephew.
379,2322,6,26,124,156,1.2435897435897436,0.0410488974611832,683,All in favor
5376,2323,6,16,93,115,1.2434782608695651,0.05030995362438918,683,Now that everybody is here...
3709,2324,5,17,89,111,1.2432432432432432,0.04992412952305652,683,Please tell George Lucas that we're out of work and could use a job.
3663,2324,3,21,87,111,1.2432432432432432,0.04652760880417772,683,Trust me. He’s as dumb as he looks.
3593,2324,4,19,88,111,1.2432432432432432,0.04825576177861831,683,Jim understands our target market.
3465,2324,3,21,87,111,1.2432432432432432,0.04652760880417772,683,"I have to agree with Blorag, the third child was the tastiest and the one I'd most likely recommend to a friend."
3390,2324,2,23,86,111,1.2432432432432432,0.04473274211619977,683,Simon is here from HR to discuss our dress code.
3294,2324,2,23,86,111,1.2432432432432432,0.04473274211619977,683,"Everyone, meet Bob.  He's a dentist."
3180,2324,5,17,89,111,1.2432432432432432,0.04992412952305652,683,"Great quarter guys, but the boss says we need to focus more on our human relations"
3071,2324,6,15,90,111,1.2432432432432432,0.05153851833759958,683,I say impeach him and then have him for lunch with yams fries and and apple pie.
3059,2324,5,17,89,111,1.2432432432432432,0.04992412952305652,683,Any further questions as to when the swamp will be drained?
2875,2324,6,15,90,111,1.2432432432432432,0.05153851833759958,683,"Since the deli can't deliver today, we're going to just have some spotted Dick."
2837,2324,2,23,86,111,1.2432432432432432,0.04473274211619977,683,"This is Dan everyone. He recently dropped out of the presidential race. Naturally, we were able to hire him immediately! Welcome Dan!”"
2830,2324,4,19,88,111,1.2432432432432432,0.04825576177861831,683,The first meeting of the new normal club is now in session.
3736,2324,2,23,86,111,1.2432432432432432,0.04473274211619977,683,But he should help settle the lack of diversity issue!
2802,2324,5,17,89,111,1.2432432432432432,0.04992412952305652,683,I'd like to introduce our new Vice President for Diversity...
2829,2324,5,17,89,111,1.2432432432432432,0.04992412952305652,683,"Unlike us, this species wears clothes."
2511,2324,5,17,89,111,1.2432432432432432,0.04992412952305652,683,Peter here is from the Trump administration!
2470,2324,2,23,86,111,1.2432432432432432,0.04473274211619977,683,I’ve brought in Carl to show us how to put our best body part forward.
2762,2324,2,23,86,111,1.2432432432432432,0.04473274211619977,683,This is Bob. He fits in anywhere.
2707,2324,4,19,88,111,1.2432432432432432,0.04825576177861831,683,We are agreed then. We will not eat the earthling.
3946,2324,3,21,87,111,1.2432432432432432,0.04652760880417772,683,"In the interest of maintaining diversity, we're happy to welcome Malcolm to our board."
5561,2324,4,19,88,111,1.2432432432432432,0.04825576177861831,683,I called this meeting to drain the swamp.
5288,2324,4,19,88,111,1.2432432432432432,0.04825576177861831,683,"Okay folks, this is our new hire, Mr. Smith.  Please note: he's wearing a tie."
5285,2324,2,23,86,111,1.2432432432432432,0.04473274211619977,683,You could all take a lesson from Steve. At least he's dressed up.
5260,2324,3,21,87,111,1.2432432432432432,0.04652760880417772,683,"He's both non-partisan and non-biological"""
5204,2324,3,21,87,111,1.2432432432432432,0.04652760880417772,683,I'd like to introduce you all to our new director of diversity.
2467,2324,0,27,84,111,1.2432432432432432,0.040907430738609155,683,"Welcome to the 80th annual 'How to Trick not Treat', conference!"
5197,2324,1,25,85,111,1.2432432432432432,0.04286278168101399,683,Finally! Lunch is here!
5189,2324,3,21,87,111,1.2432432432432432,0.04652760880417772,683,Bob here will be implementing our new corporate dress code.
3766,2324,3,21,87,111,1.2432432432432432,0.04652760880417772,683,"Ok Grimsley, who drew you so chump looking."
5149,2324,2,23,86,111,1.2432432432432432,0.04473274211619977,683,"Well, we agree; ""I'm the chosen one."""
5031,2324,4,19,88,111,1.2432432432432432,0.04825576177861831,683,We're happy to report that our diversity goal has been met for this year.
4872,2324,4,19,88,111,1.2432432432432432,0.04825576177861831,683,"For next year's meeting, someone said to me, ""Why not Doral""?"
4506,2324,5,17,89,111,1.2432432432432432,0.04992412952305652,683,We have two resolutions pending: One to welcome the human onto our council and one to have him prepared for dinner.
4348,2324,5,17,89,111,1.2432432432432432,0.04992412952305652,683,"I know he is strange looking but Chas Addams created him, so I think he will fit right in."
4339,2324,5,17,89,111,1.2432432432432432,0.04992412952305652,683,"(thought) I remember Nate said, if you look around the table and can't tell who the mark is, you are the mark!"
4250,2324,3,21,87,111,1.2432432432432432,0.04652760880417772,683,Simmons here is our diversity hire.
4073,2324,3,21,87,111,1.2432432432432432,0.04652760880417772,683,I thought this was a human resources meeting?
4057,2324,4,19,88,111,1.2432432432432432,0.04825576177861831,683,"Let's give a warm White House welcome to our newest hire, Bob."
5044,2324,5,17,89,111,1.2432432432432432,0.04992412952305652,683,"Excuse me, but we agreed Amphibians-only at the Board meetings."
2438,2324,2,23,86,111,1.2432432432432432,0.04473274211619977,683,Please ignore the human in the room.
2332,2324,6,15,90,111,1.2432432432432432,0.05153851833759958,683,"Now, it is time for me to introduce you a real Monster. Beware."
2395,2324,3,21,87,111,1.2432432432432432,0.04652760880417772,683,"I know he's the stuff of nightmares, but we must be 'Inclusive'!"
1082,2324,4,19,88,111,1.2432432432432432,0.04825576177861831,683,"I have a 'monster' personality, does that count?"
709,2324,4,19,88,111,1.2432432432432432,0.04825576177861831,683,Ralph suggests yellow chiffon
651,2324,5,17,89,111,1.2432432432432432,0.04992412952305652,683,How many more years of evolution do I need before I can get a seat at this table?
598,2324,3,21,87,111,1.2432432432432432,0.04652760880417772,683,"In our effort to add some diversity to the board, please welcome Mr. Simon Sneed."
595,2324,4,19,88,111,1.2432432432432432,0.04825576177861831,683,The 6th Mass Extinction Board Meeting
567,2324,4,19,88,111,1.2432432432432432,0.04825576177861831,683,We have a new member in our council of freaks!
1095,2324,3,21,87,111,1.2432432432432432,0.04652760880417772,683,"The accountant lost Duck, Duck, Goose, so we can eat him."
542,2324,2,23,86,111,1.2432432432432432,0.04473274211619977,683,I know not all of us were fans of the board diversity initiative.
251,2324,3,21,87,111,1.2432432432432432,0.04652760880417772,683,I'd like you to meet Fred - he's our token response to the need for more diversity around here.......
227,2324,5,17,89,111,1.2432432432432432,0.04992412952305652,683,"This is Max, our insurance agent.  He'll fit nicely here."
170,2324,3,21,87,111,1.2432432432432432,0.04652760880417772,683,Robert's rules of Mordor
100,2324,1,25,85,111,1.2432432432432432,0.04286278168101399,683,I'd like everyone to meet our new chief diversity officer...
24,2324,3,21,87,111,1.2432432432432432,0.04652760880417772,683,Welcome to Unlovables Anonymous.
2405,2324,9,9,93,111,1.2432432432432432,0.05610364840039887,683,"Welcome, gentlemen, to the inaugural meeting of the Figments of President Trump's Imagination."
512,2324,3,21,87,111,1.2432432432432432,0.04652760880417772,683,Please welcome Dave. Our company decided to expand its definition of 'diversity.'
1288,2324,5,17,89,111,1.2432432432432432,0.04992412952305652,683,What qualifies you for Monsters Inc.?
41,2324,3,21,87,111,1.2432432432432432,0.04652760880417772,683,"Taxidermy Joe is exhibit A: ignore climate change, go extinct."
1421,2324,4,19,88,111,1.2432432432432432,0.04825576177861831,683,Why is Craig the only one in costume?
1343,2324,5,17,89,111,1.2432432432432432,0.04992412952305652,683,I'd like you all to meet our new committee member. He represents Earth.
2195,2324,6,15,90,111,1.2432432432432432,0.05153851833759958,683,Mr. Henderson is here from Monster dot com and he says we are compromising their brand.
2107,2324,5,17,89,111,1.2432432432432432,0.04992412952305652,683,Welcome brother to the leadership table. We believe and value diversity and inclusion.
2094,2324,5,17,89,111,1.2432432432432432,0.04992412952305652,683,"... and the newest member of our Nightmare Monsters team, Ted from the IRS"
1976,2324,5,17,89,111,1.2432432432432432,0.04992412952305652,683,My mentor told me to imagine you all naked when I give my speech.
1832,2324,2,23,86,111,1.2432432432432432,0.04473274211619977,683,I chosen Melvin here to be our new Director of Diversity.
1822,2324,6,15,90,111,1.2432432432432432,0.05153851833759958,683,I now call the future Democrats of America meeting to order.
2271,2324,3,21,87,111,1.2432432432432432,0.04652760880417772,683,"For some reason, he's refusing to take us to their leader...."
1764,2324,2,23,86,111,1.2432432432432432,0.04473274211619977,683,Everyone...Ben here is going to help us with our public facing social media problem.
1730,2324,3,21,87,111,1.2432432432432432,0.04652760880417772,683,We were discussing singularity.
1534,2324,7,13,91,111,1.2432432432432432,0.05310385142562874,683,We've run the numbers and doing the mash is not going to keep this company afloat
1530,2324,4,19,88,111,1.2432432432432432,0.04825576177861831,683,"OK, I get it, he's not green. But Larry here can step foot into places we can't. Trader Joe's for example."
1524,2324,4,19,88,111,1.2432432432432432,0.04825576177861831,683,Alienation Summit to decide if humans can exist with other beings. Not looking good for humans!
1788,2324,5,17,89,111,1.2432432432432432,0.04992412952305652,683,The first Intergalactic United Nations meeting was rather uneventful.
4063,2398,5,17,90,112,1.2410714285714286,0.04952401448452785,683,"Hi everyone, as you know you've been randomly selected for additional screening."
3979,2398,4,19,89,112,1.2410714285714286,0.04787225553270457,683,"I know it doesn’t look much, but trust me, it really is edible!"
3922,2398,3,21,88,112,1.2410714285714286,0.04616143075028548,683,"On the bright side, this benighted species has the strange ability to replicate itself. Could be useful as a source of slave labor."
5605,2398,3,21,88,112,1.2410714285714286,0.04616143075028548,683,"Everyone welcome Bob, we're having him for lunch."
3855,2398,5,17,90,112,1.2410714285714286,0.04952401448452785,683,Think outside of the box.
3707,2398,3,21,88,112,1.2410714285714286,0.04616143075028548,683,There's something going around.
3637,2398,5,17,90,112,1.2410714285714286,0.04952401448452785,683,Who’s dinner?
3547,2398,2,23,87,112,1.2410714285714286,0.044384710521059405,683,Bill will be handling Human Relations.
3614,2398,5,17,90,112,1.2410714285714286,0.04952401448452785,683,Is it Okay with you guys I sit someone who fails our dress code?
3450,2398,2,23,87,112,1.2410714285714286,0.044384710521059405,683,Kudos on reaching our diversity goals
3268,2398,4,19,89,112,1.2410714285714286,0.04787225553270457,683,I think  I am speaking for the board. We feel you just  can’t fit in.
3254,2398,2,23,87,112,1.2410714285714286,0.044384710521059405,683,"Everyone, this is Kevin, our new hire. He may look odd but I know he’ll fit right in."
4207,2398,5,17,90,112,1.2410714285714286,0.04952401448452785,683,"He comes with a message of peace, and I say we hear him out before we eat him."
2694,2398,3,21,88,112,1.2410714285714286,0.04616143075028548,683,Our guest today will talk to us about our evolution since last we met.
3153,2398,3,21,88,112,1.2410714285714286,0.04616143075028548,683,What is it with these earthlings and their insistence on wearing clothes
3173,2398,1,25,86,112,1.2410714285714286,0.04253383790775388,683,The new acquisition for our zoo is a scary earthling.
3624,2398,4,19,89,112,1.2410714285714286,0.04787225553270457,683,"Interestingly, the only known function of that striped piece of fabric under the chin is to enable the wearer to hang himself."
4211,2398,2,23,87,112,1.2410714285714286,0.044384710521059405,683,It’s settled then. We will work on our public image before launching our new marketing campaign.
4840,2398,4,19,89,112,1.2410714285714286,0.04787225553270457,683,"Now before Moe gives his little talk, let's all put on our thinking caps."
4355,2398,4,19,89,112,1.2410714285714286,0.04787225553270457,683,This is Jim.  He's just transferred over from human resources.
5529,2398,3,21,88,112,1.2410714285714286,0.04616143075028548,683,Let’s welcome our new team leader. Looks like he’s ready to shake things up around here.
5510,2398,4,19,89,112,1.2410714285714286,0.04787225553270457,683,This is James. He'll be with us for two weeks. He's from the Earth branch.
5486,2398,4,19,89,112,1.2410714285714286,0.04787225553270457,683,All those in favor of a facial recognition system?
2692,2398,4,19,89,112,1.2410714285714286,0.04787225553270457,683,"Here to explain race relations, a member of the human race."
5555,2398,3,21,88,112,1.2410714285714286,0.04616143075028548,683,Human Resources has a bone to pick with our department.
5465,2398,1,25,86,112,1.2410714285714286,0.04253383790775388,683,And I know you'll all want to join me in welcoming our new Chief Diversity Officer.
5382,2398,6,15,91,112,1.2410714285714286,0.05112243315354703,683,"Wow Yog Sothoth, your Stephen Miller costume is perfect!"
4322,2398,5,17,90,112,1.2410714285714286,0.04952401448452785,683,"Anyone in favor of Stan's suggestion, ""It was a graveyard smash?"""
5350,2398,7,13,92,112,1.2410714285714286,0.05267236782615763,683,"Please welcome Ted—and, remember, it’s illegal to mock a co-worker’s physical appearance."
4990,2398,3,21,88,112,1.2410714285714286,0.04616143075028548,683,And I’ve asked Bob to handle community outreach.
4868,2398,5,17,90,112,1.2410714285714286,0.04952401448452785,683,"Human Resources would like a word, apparently."
4862,2398,4,19,89,112,1.2410714285714286,0.04787225553270457,683,Today's guest will speak to us about evasion and survival.
4697,2398,4,19,89,112,1.2410714285714286,0.04787225553270457,683,Do any of you need to phone home before we vote?
4515,2398,4,19,89,112,1.2410714285714286,0.04787225553270457,683,I’ve just learned we can congratulate ourselves. We’ve now outlasted Barney’s!
4475,2398,5,17,90,112,1.2410714285714286,0.04952401448452785,683,Let’s put are differences aside and focus on the matter at hand: are carbs OK?
4382,2398,2,23,87,112,1.2410714285714286,0.044384710521059405,683,"C'mon guys, we have to diversify. All in favor of Joe joining the board, say, ""Aye."""
5266,2398,4,19,89,112,1.2410714285714286,0.04787225553270457,683,"Please join me in welcoming Walter, our new therapy human."
2677,2398,5,17,90,112,1.2410714285714286,0.04952401448452785,683,We want to welcome Luke Skywalker back from college!  He's graduated now and ready to get to work...
1558,2398,5,17,90,112,1.2410714285714286,0.04952401448452785,683,"OK, so, sesame street, cartoons, adorable critters, hiding under the bed or in the closet, monsters, so we need to be out and proud!"
2625,2398,3,21,88,112,1.2410714285714286,0.04616143075028548,683,"Well, Dibbins, how's that for diversity in the boardroom?"
80,2398,2,23,87,112,1.2410714285714286,0.044384710521059405,683,Just remember to grunt on cue.
191,2398,6,15,91,112,1.2410714285714286,0.05112243315354703,683,"I know the side effects were listed in the commercial, doc, but who really thinks it's going to happen to them?"
344,2398,3,21,88,112,1.2410714285714286,0.04616143075028548,683,"Now that the cabinet is assembled, what do we do with the weird guy?"""
411,2398,6,15,91,112,1.2410714285714286,0.05112243315354703,683,"And to fullfil our diversity requirement, I've invited a Republican."
426,2398,3,21,88,112,1.2410714285714286,0.04616143075028548,683,The reason you are all gathered here today is to revisit the corporate dress code.
434,2398,5,17,90,112,1.2410714285714286,0.04952401448452785,683,"He is like Bigfoot in character, but he looks like Trump"
2634,2398,7,13,92,112,1.2410714285714286,0.05267236782615763,683,"For the third year in a row, Kenneth here has overcome his hideous looks to be our top salesman!"
479,2398,5,17,90,112,1.2410714285714286,0.04952401448452785,683,It's called a Trump Republican - all in favor of it joining our board say aye.
482,2398,4,19,89,112,1.2410714285714286,0.04787225553270457,683,Congratulations on another year of convincing everyone we don't exist.
588,2398,2,23,87,112,1.2410714285714286,0.044384710521059405,683,He’s not an illegal . . . DACA Trumps deportation!
594,2398,5,17,90,112,1.2410714285714286,0.04952401448452785,683,"For the last time, Steve. No human suits on casual Friday!"
903,2398,4,19,89,112,1.2410714285714286,0.04787225553270457,683,"Stan here is a human, and would like to join the team."
1114,2398,3,21,88,112,1.2410714285714286,0.04616143075028548,683,He’s a good lawyer.   He might become our consigliere.
437,2398,7,13,92,112,1.2410714285714286,0.05267236782615763,683,"Trust me! When you get to a certain age, “middle-management” gets pretty scary."
1747,2398,4,19,89,112,1.2410714285714286,0.04787225553270457,683,Listen up... this is Jim of planet Earth and he’s here to explain the Earthly phenomenon of eating ass. Please give him a warm round of applause
1266,2398,3,21,88,112,1.2410714285714286,0.04616143075028548,683,I'm glad to see our diversity program is working.
2571,2398,2,23,87,112,1.2410714285714286,0.044384710521059405,683,"No, this person is not lunch.  He's our new accountant."
2536,2398,3,21,88,112,1.2410714285714286,0.04616143075028548,683,Next agenda item. Our diversity program.
2364,2398,4,19,89,112,1.2410714285714286,0.04787225553270457,683,I just thought that it was time we got a little diversity on the board.
2250,2398,5,17,90,112,1.2410714285714286,0.04952401448452785,683,"Look at that weirdo standing there. Well, I guess it takes all kinds."
2339,2398,1,25,86,112,1.2410714285714286,0.04253383790775388,683,"James wins the costume contest for something completely 
bizarre."
2137,2398,5,17,90,112,1.2410714285714286,0.04952401448452785,683,"Meet Jerome, our diversity consultant"
2085,2398,2,23,87,112,1.2410714285714286,0.044384710521059405,683,Alien Resources has advised us that we need more diversity. Meet Dave.
2029,2398,4,19,89,112,1.2410714285714286,0.04787225553270457,683,How do you assume to win 'Best Alien Costume' with that?
1972,2398,5,17,90,112,1.2410714285714286,0.04952401448452785,683,"Ok, what's everybody dressing up for Halloween ?"
1762,2398,4,19,89,112,1.2410714285714286,0.04787225553270457,683,Welcoming a unique species like Steve can only enhance the biodiversity that make our tropical island so wonderful.
2156,2398,4,19,89,112,1.2410714285714286,0.04787225553270457,683,Jim will oversee the next phase of our diversity outreach.
4596,2465,4,18,86,108,1.2407407407407407,0.048995394649344264,683,Wyatt has been hired to be the company's new public face.
4172,2465,2,22,84,108,1.2407407407407407,0.0453255795747674,683,Who invited the suit?
3899,2465,2,22,84,108,1.2407407407407407,0.0453255795747674,683,"I want you all to meet the new man in accounting. And by man, I mean man."
3563,2465,6,14,88,108,1.2407407407407407,0.052408865947484624,683,"Welcome to ""lunch*"
3588,2465,2,22,84,108,1.2407407407407407,0.0453255795747674,683,Can you believe this was their leader?!
5569,2465,4,18,86,108,1.2407407407407407,0.048995394649344264,683,Let’s continue with our agenda - Who is scheduled to hide under little Jimmy’s bed?”
3721,2465,3,20,85,108,1.2407407407407407,0.04719616965725907,683,I propose we allow him to join. He will add diversity and rarity as his species will soon be extinct.
3471,2465,4,18,86,108,1.2407407407407407,0.048995394649344264,683,This is the new prototype to repopulate Earth since they self-destructed by re-electing trump in 2020
3459,2465,4,18,86,108,1.2407407407407407,0.048995394649344264,683,What happened to our last waiter?
3432,2465,1,24,83,108,1.2407407407407407,0.043374392183180635,683,"Gentlemen, there's no need to resort to scare tactics."
3408,2465,1,24,83,108,1.2407407407407407,0.043374392183180635,683,"Before we vote on whether to admit this candidate, I would like to remind you all not get hung up on his appearance."
3646,2465,3,20,85,108,1.2407407407407407,0.04719616965725907,683,He says that buying life insurance doesn't have to be everyone's worst nightmare.
4673,2465,2,22,84,108,1.2407407407407407,0.0453255795747674,683,In our boardroom diversity rules
5428,2465,4,18,86,108,1.2407407407407407,0.048995394649344264,683,"Kevin's taking lunch orders, I'll do a small mound of garbage and some toxic waste."
4759,2465,4,18,86,108,1.2407407407407407,0.048995394649344264,683,"Its unanimous then, we'll eat Greg."
4829,2465,3,20,85,108,1.2407407407407407,0.04719616965725907,683,"Come on guys, humans can be monsters too."
4897,2465,6,14,88,108,1.2407407407407407,0.052408865947484624,683,Why are you wearing that stupid human suit?
4898,2465,4,18,86,108,1.2407407407407407,0.048995394649344264,683,"Guys, this is Henry. Don't let his bizarre appearance frighten you. We can't all be monsters."
4970,2465,3,20,85,108,1.2407407407407407,0.04719616965725907,683,Dave here would like to ask whoever’s been taking his pepperoni pizza from the break room to please stop..
5020,2465,6,14,88,108,1.2407407407407407,0.052408865947484624,683,We're thrilled to welcome Mr. Sapiens as our new Monstrosity Consultant.
5023,2465,6,14,88,108,1.2407407407407407,0.052408865947484624,683,All in favor say mnpxqw
5033,2465,3,20,85,108,1.2407407407407407,0.04719616965725907,683,The board will now vote to amend our diversity policy.
3127,2465,4,18,86,108,1.2407407407407407,0.048995394649344264,683,"We need to think outside the box, so I invited him here today to offer us an earthly perspective."
5309,2465,6,14,88,108,1.2407407407407407,0.052408865947484624,683,"Not quite the borschst belt, but Myerson here has booked us a gig playing the cantina in Mos Eisley. All in favor?"
5553,2465,4,18,86,108,1.2407407407407407,0.048995394649344264,683,Here's Richard from 23 and Me to go over the geneology results.
5475,2465,3,20,85,108,1.2407407407407407,0.04719616965725907,683,And please meet our newest director of human resources.
5467,2465,5,16,87,108,1.2407407407407407,0.05073084824220075,683,Every intern's 1st experience.
4695,2465,6,14,88,108,1.2407407407407407,0.052408865947484624,683,What is pepperoni pizza slice doing here?
3091,2465,3,20,85,108,1.2407407407407407,0.04719616965725907,683,"""I'd like to introduce James, our newest hire. He says he went to ""Eton"" - who wants to be first?"
3371,2465,6,14,88,108,1.2407407407407407,0.052408865947484624,683,"No, I'm sorry to disappoint you,but this is our new diversity candidate, not today's lunch order."
2535,2465,4,18,86,108,1.2407407407407407,0.048995394649344264,683,Everybody welcome Brian from accounts. Please don't eat him or at least please wait till December's payroll is completed.
77,2465,1,24,83,108,1.2407407407407407,0.043374392183180635,683,Corporate rules require diversity.
332,2465,5,16,87,108,1.2407407407407407,0.05073084824220075,683,"It's survival of the fittest, and we're getting our butts kicked by this?"
661,2465,6,14,88,108,1.2407407407407407,0.052408865947484624,683,Bob here is interviewing for the position of mascot.
735,2465,4,18,86,108,1.2407407407407407,0.048995394649344264,683,Raise your fore-limb if you want to let him have a seat at the table.
935,2465,5,16,87,108,1.2407407407407407,0.05073084824220075,683,"Bad news, guys. They chose an Earth bird called turkey to honor at the new ""Thanksgiving"" bash. I hear on Earth, one turkey gets to meet the president. Maybe the other birds get better prizes."
1031,2465,5,16,87,108,1.2407407407407407,0.05073084824220075,683,"Let's vote. The cafeteria, take-out or this guy."
1380,2465,3,20,85,108,1.2407407407407407,0.04719616965725907,683,"I realize most of us look and feel like hell so early in the morning, but we have some important business to discuss."
1460,2465,3,20,85,108,1.2407407407407407,0.04719616965725907,683,Meet our new Chief Diversity Officer
1476,2465,4,18,86,108,1.2407407407407407,0.048995394649344264,683,"Gentlemen, please welcome Carl, our newest board member.  Or, perhaps, lunch."
837,2465,1,24,83,108,1.2407407407407407,0.043374392183180635,683,OK.  Our next candidate doesn't claim he's much of a people person.  I'll let him explain how he'll fit in.
1514,2465,3,20,85,108,1.2407407407407407,0.04719616965725907,683,I brought you here today to talk about inclusivityness.
1542,2465,5,16,87,108,1.2407407407407407,0.05073084824220075,683,Mr. Steven's work speaks for itself. We're lucky to have him.
1644,2465,4,18,86,108,1.2407407407407407,0.048995394649344264,683,I'd like to start the meeting by welcoming our new Director of Human Resources.
1998,2465,4,18,86,108,1.2407407407407407,0.048995394649344264,683,"Irwin here doesn't speak our language, so I brought him along for lunch. I hope no one's a vegetarian."""
2069,2465,5,16,87,108,1.2407407407407407,0.05073084824220075,683,Are you ready for the brontosaurus which the Diversity Office is bringing in next week?
2375,2465,2,22,84,108,1.2407407407407407,0.0453255795747674,683,"I know we said no earthlings on the Board, but his opposable thumb might come in handy."
2454,2465,3,20,85,108,1.2407407407407407,0.04719616965725907,683,"Coffee, anyone...?"
2913,2465,1,24,83,108,1.2407407407407407,0.043374392183180635,683,Ah... another day at the white house.
2489,2465,5,16,87,108,1.2407407407407407,0.05073084824220075,683,Please meet out new Human Resources Manager.
1486,2465,4,18,86,108,1.2407407407407407,0.048995394649344264,683,I took the liberty of ordering for the table. Raw is ok  for everyone?
621,2516,6,18,101,125,1.24,0.04738313297284785,683,They say my management style is a little cold blooded.
4130,2517,4,21,96,121,1.2396694214876034,0.04549209568437318,683,Wow! Your costume is so inventive Larry.
1946,2518,5,16,88,109,1.238532110091743,0.05031177443120517,683,"And meet your new friends, Les; like you, they are from out of town...."
1952,2518,2,22,85,109,1.238532110091743,0.0449621023807155,683,I guess you’re not familiar with the concept of casual Fridays.
2321,2518,4,18,87,109,1.238532110091743,0.048594032361072494,683,"Welcome, Fred. We feel you'll fit right in."
4204,2518,6,14,89,109,1.238532110091743,0.05197277471642225,683,We'll make him an odor he can't refuse.
2481,2518,3,20,86,109,1.238532110091743,0.046813302765362025,683,We want to make the Board more diverse
2904,2518,4,18,87,109,1.238532110091743,0.048594032361072494,683,"Everyone, Tod is here to give some pointers on getting the customer to believe you exist."
3005,2518,4,18,87,109,1.238532110091743,0.048594032361072494,683,I know what you're all thinking: what even is fibromyalgia?
4715,2518,3,20,86,109,1.238532110091743,0.046813302765362025,683,This diversity thing may have gone too far
1606,2518,4,18,87,109,1.238532110091743,0.048594032361072494,683,Paul will be joining the board as our token human.
2425,2518,5,16,88,109,1.238532110091743,0.05031177443120517,683,In this world Amazon rules guys!
1173,2518,3,20,86,109,1.238532110091743,0.046813302765362025,683,"As you can see, our new diversity officer is uniquely qualified for the job."
1029,2518,1,24,84,109,1.238532110091743,0.043031337246086515,683,I motion that we eat the human for lunch.
828,2518,4,18,87,109,1.238532110091743,0.048594032361072494,683,It’s clear we’ve met this year’s goal for diversity.
365,2518,3,20,86,109,1.238532110091743,0.046813302765362025,683,Bob has a very different view of our complete world domination and elimination of all mankind strategy.
930,2518,3,20,86,109,1.238532110091743,0.046813302765362025,683,Our new agent here says he's got contacts at Disney and Marvel.
3712,2533,4,18,88,110,1.2363636363636363,0.04819904644226626,683,"Oh, I thought they said to show up in-person."
1358,2533,2,22,86,110,1.2363636363636363,0.04460422328836234,683,"...and by eliminating only one species, we've been able to rescue the others and the planet. To celebrate, and complete the process, I've invited Billy for lunch."
194,2533,2,22,86,110,1.2363636363636363,0.04460422328836234,683,"We're letting you go."""
5115,2533,5,16,89,110,1.2363636363636363,0.04989943636291464,683,"Council, meet Whistleblower Tim, he'll be joining us from now on."
5269,2533,1,24,85,110,1.2363636363636363,0.042693454577549216,683,"Team, meet our new office human, Manny."
785,2538,3,19,84,106,1.2358490566037736,0.04749216002345262,683,"Everyone, meet Bob.  We think he’ll fit right in."
532,2538,2,21,83,106,1.2358490566037736,0.04556106610227718,683,"He’s joining us from the firm of Mammal, Mammal  and  Mammal."
417,2538,6,13,87,106,1.2358490566037736,0.05286387066461095,683,"Okay, show of hands - who wants to eat Bob from Accouting?"
416,2538,5,15,86,106,1.2358490566037736,0.05113603721767608,683,"And now Phil, from the chemical plant, will explain how we can all qualify for valuable prizes just by signing some paperwork."
1249,2538,3,19,84,106,1.2358490566037736,0.04749216002345262,683,This is Fred - he's new so let's give him the usual welcome....
1544,2538,3,19,84,106,1.2358490566037736,0.04749216002345262,683,"Just want to say I really like
working here but I feel
very alien-ated."
1989,2538,4,17,85,106,1.2358490566037736,0.049347743443954886,683,"In the interest of diversity, I' thought it would be a good idea to interview a white male."
742,2538,4,17,85,106,1.2358490566037736,0.049347743443954886,683,It was a perfict conversation.
680,2538,1,23,82,106,1.2358490566037736,0.04354441669214217,683,I've asked Marketing to send Jim down to give us a out-of-the-box perspective.
130,2538,4,17,85,106,1.2358490566037736,0.049347743443954886,683,"While there's no wrong answers, there are inquisitive idiots."
5424,2538,4,17,85,106,1.2358490566037736,0.049347743443954886,683,"No, really.  Jim is scary, too, guys.  He’s a tax attorney who just asked you to read his screenplay."
3203,2538,4,17,85,106,1.2358490566037736,0.049347743443954886,683,Will the Trump cabinet Please come to Order!!
4497,2538,0,25,81,106,1.2358490566037736,0.04142972007800377,683,"Gentlemen, we're going to have to get more serious about presenting an appearance of diversity."
1272,2551,5,22,109,136,1.2352941176470589,0.04332993214109077,683,This is James. He's our first course tonight.
4845,2552,4,18,89,111,1.2342342342342343,0.0478102908111374,683,"Well, with our friend from Earth, we have a quorum."
3835,2552,6,14,91,111,1.2342342342342343,0.051121661113913905,683,And here’s the prototype for the year 2000
2346,2552,4,18,89,111,1.2342342342342343,0.0478102908111374,683,James is our diversity hire.
3992,2555,6,13,88,107,1.233644859813084,0.05241385313120308,683,We had too little lack of diversity so I brought Howard on board.
3928,2555,3,19,85,107,1.233644859813084,0.04709782129030868,683,"Guys, meet Norm. Our new director of human resources."
3405,2555,4,17,86,107,1.233644859813084,0.04893404248117062,683,Bob here is our new diversity officer. He'd like a seat at the table.
3267,2555,4,17,86,107,1.233644859813084,0.04893404248117062,683,Meet our accountant.
3085,2555,5,15,87,107,1.233644859813084,0.05070380909561104,683,Let's decide who gets this guy for today's dinner
4573,2555,7,11,89,107,1.233644859813084,0.05406984134722872,683,But what will the scareholders think?
4381,2555,5,15,87,107,1.233644859813084,0.05070380909561104,683,"As chairman of the board of Mutants of Omaha, 
I request a reading of the minutes."
4176,2555,1,23,83,107,1.233644859813084,0.043191819639644004,683,"Let him get the coffee and tea first, then we eat him."
4093,2555,1,23,83,107,1.233644859813084,0.043191819639644004,683,Jeff is here to remind us all of our unique place in the organization.
5058,2555,6,13,88,107,1.233644859813084,0.05241385313120308,683,"Well, this seems like as good a time as any to get the committee on women's health started"
2230,2555,5,15,87,107,1.233644859813084,0.05070380909561104,683,"Everyone, this is Larry. I promised his dad I’d give him a job just before I ate him."
1485,2555,3,19,85,107,1.233644859813084,0.04709782129030868,683,"Steve says: out of the human consuming industry, into the human consumer industry."
1714,2555,4,17,86,107,1.233644859813084,0.04893404248117062,683,"As the human ambassador, I just want to commend you all on another smash of a monster mash this year."
2164,2555,5,15,87,107,1.233644859813084,0.05070380909561104,683,"So, what’s going on with Chile?"
970,2555,2,21,84,107,1.233644859813084,0.04518704490270077,683,And now let’s hear from Senor Mucho Feo. Haha! Just kidding!
747,2555,1,23,83,107,1.233644859813084,0.043191819639644004,683,"I 'd like you all to meet our new intern, David.  I thought it would be good to add some fresh blood to our company."
202,2555,7,11,89,107,1.233644859813084,0.05406984134722872,683,"Good morning fellas, Ted is up for induction to the monster association. He's a lawyer for a pharmaceutical company that has convinced the public that they neither caused nor profited from human misery."
87,2555,2,21,84,107,1.233644859813084,0.04518704490270077,683,And now a few tips from the congressman.
1773,2573,1,22,80,103,1.233009708737864,0.04407365271593289,683,I think it's time to our review our reptiles only policy.
3509,2574,2,20,82,104,1.2307692307692308,0.04579145756610733,683,"Bob, over to you for our mandated asexual harassment training."
3527,2574,4,16,84,104,1.2307692307692308,0.049701816675055514,683,Only one slice. We’re all hungry.
3598,2574,1,22,81,104,1.2307692307692308,0.043705275295351925,683,Let’s vote on who is lunch.
3682,2574,5,14,85,104,1.2307692307692308,0.05154587353209697,683,"I don’t know what he is, but he calls himself a poet."
3688,2574,3,18,83,104,1.2307692307692308,0.04778665172843477,683,And now for our midmorning snack.
3826,2574,2,20,82,104,1.2307692307692308,0.04579145756610733,683,"As monsters... I mean, as monsters and humans..."" (Eve, age 7"
3778,2574,4,16,84,104,1.2307692307692308,0.049701816675055514,683,Do we think Monsters Inc or LLC?
3483,2574,2,20,82,104,1.2307692307692308,0.04579145756610733,683,"And now please meet Bob, our new Head of Diversity."
3876,2574,3,18,83,104,1.2307692307692308,0.04778665172843477,683,"OK, who here agrees with Fred that casual Friday has gone too far?"
4072,2574,5,14,85,104,1.2307692307692308,0.05154587353209697,683,I'm sure we'll treat him like the animal he is.
4135,2574,2,20,82,104,1.2307692307692308,0.04579145756610733,683,"First, let's thank Mr. Addams for hosting."
3765,2574,4,16,84,104,1.2307692307692308,0.049701816675055514,683,"I’d like to introduce our new intern, Kevin. This one is not for eating."
3463,2574,5,14,85,104,1.2307692307692308,0.05154587353209697,683,Lets welcome our speaker today on managing inclusiveness.
3337,2574,4,16,84,104,1.2307692307692308,0.049701816675055514,683,This is a board meeting not a Star Wars cafe.
3418,2574,4,16,84,104,1.2307692307692308,0.049701816675055514,683,"Let's give Seth a big, warm welcome to Monsters, Inc."""
4167,2574,3,18,83,104,1.2307692307692308,0.04778665172843477,683,Steve here will be talking about his diversity and inclusion initiatives.
3270,2574,3,18,83,104,1.2307692307692308,0.04778665172843477,683,"Alright, who ordered the appetizer ?"
3139,2574,4,16,84,104,1.2307692307692308,0.049701816675055514,683,So The first step in our new on boarding policy is for each of us to share our Myers Briggs type.
3018,2574,1,22,81,104,1.2307692307692308,0.043705275295351925,683,We’re embracing diversity.
2971,2574,4,16,84,104,1.2307692307692308,0.049701816675055514,683,Get a load of this guy!
2929,2574,4,16,84,104,1.2307692307692308,0.049701816675055514,683,"He's here, finally!  I'm ordering from KFC and McDonalds.  Good, no objections."
2921,2574,3,18,83,104,1.2307692307692308,0.04778665172843477,683,"We take casual Friday very seriously here, Bob."
2903,2574,4,16,84,104,1.2307692307692308,0.049701816675055514,683,"As you can see, the delicious 1981 vintage comes in a handsome wool wrapping."
2804,2574,4,16,84,104,1.2307692307692308,0.049701816675055514,683,Motion to adjourn the Earth has been made. Do I hear a second?
2803,2574,5,14,85,104,1.2307692307692308,0.05154587353209697,683,"Guys, calm down! He'll fit in perfectly. He worked for ICE."
2772,2574,4,16,84,104,1.2307692307692308,0.049701816675055514,683,"Greg, you’re making us loo bad."
2767,2574,4,16,84,104,1.2307692307692308,0.049701816675055514,683,Coffee pot broken again?
3444,2574,4,16,84,104,1.2307692307692308,0.049701816675055514,683,"First order of business is to eliminate the Human Resources
Department."
4173,2574,4,16,84,104,1.2307692307692308,0.049701816675055514,683,Ok team- let’s show this guy a real hostile takeover!
4327,2574,2,20,82,104,1.2307692307692308,0.04579145756610733,683,So exactly how far do we want to take this diversity thing?
4295,2574,1,22,81,104,1.2307692307692308,0.043705275295351925,683,"Yes, but what was she wearing?"
2732,2574,1,22,81,104,1.2307692307692308,0.043705275295351925,683,The new guy may look strange but I hear he thinks outside the box.
5388,2574,5,14,85,104,1.2307692307692308,0.05154587353209697,683,"I’d like to welcome once again, Don Junior. While we fulfill our roles here in the White House, Don and his father’s loyal associates will continue to oversee the swamp."
5425,2574,3,18,83,104,1.2307692307692308,0.04778665172843477,683,I’m pleased to announce that the board has reached the ultimate in diversity.
5441,2574,2,20,82,104,1.2307692307692308,0.04579145756610733,683,Let's talk about the real elephant in the room.
5470,2574,4,16,84,104,1.2307692307692308,0.049701816675055514,683,"Please welcome Simon who was on the board of the N.R.A before joining us here. But don't let that scare you!"""
5480,2574,2,20,82,104,1.2307692307692308,0.04579145756610733,683,Let’s all welcome our new diversity hire!
5509,2574,5,14,85,104,1.2307692307692308,0.05154587353209697,683,"In the interest of diversity, we have hired Bob. Please do not eat him."
5311,2574,4,16,84,104,1.2307692307692308,0.049701816675055514,683,Looks like the whole family's here.
5281,2574,1,22,81,104,1.2307692307692308,0.043705275295351925,683,"And finally, it's Brad's last day; he's the new SCOTUS nominee!"
5264,2574,3,18,83,104,1.2307692307692308,0.04778665172843477,683,Let’s see what’s left over at Barney’s
5208,2574,4,16,84,104,1.2307692307692308,0.049701816675055514,683,"Meet our new lobbyist, Dave."
5162,2574,4,16,84,104,1.2307692307692308,0.049701816675055514,683,"Let's all welcome Bill, our new general counsel, who comes to us straight from the Department of Justice."
5119,2574,5,14,85,104,1.2307692307692308,0.05154587353209697,683,"And now we will hear from Jeff, who will discuss the value of having a pet in your life."
5116,2574,3,18,83,104,1.2307692307692308,0.04778665172843477,683,"Phil, here, is our new Head of Inhuman Resources."
5097,2574,5,14,85,104,1.2307692307692308,0.05154587353209697,683,Thought this was a a kangaroo court......where’s the stupid kangaroo?
5035,2574,5,14,85,104,1.2307692307692308,0.05154587353209697,683,"Hey, let's give him a chance. He's a Trump supporter."
5005,2574,5,14,85,104,1.2307692307692308,0.05154587353209697,683,"Thanks to 23andMe, Bob finally is reunited with his long lost family."
4989,2574,4,16,84,104,1.2307692307692308,0.049701816675055514,683,"Well, I think including a dental plan for everyone is a great idea."
4910,2574,4,16,84,104,1.2307692307692308,0.049701816675055514,683,Gnarly?  Sure.  But our focus groups eat these up.
4847,2574,3,18,83,104,1.2307692307692308,0.04778665172843477,683,Maybe this one will stop the complaints about our board's diversity.
4763,2574,2,20,82,104,1.2307692307692308,0.04579145756610733,683,"Everybody, meet George.  He is our new Director of Diversity."
4726,2574,5,14,85,104,1.2307692307692308,0.05154587353209697,683,This human species looks pretty appetizing.
4565,2574,3,18,83,104,1.2307692307692308,0.04778665172843477,683,I really feel our diversity initiative is going to work out great
4543,2574,3,18,83,104,1.2307692307692308,0.04778665172843477,683,"He says ""Eat the monster to your right."""
4536,2574,3,18,83,104,1.2307692307692308,0.04778665172843477,683,"I'd like to introduce you to Trevor, our new diversity officer."
4517,2574,2,20,82,104,1.2307692307692308,0.04579145756610733,683,Please welcome the newest member to our diversity group.
4462,2574,3,18,83,104,1.2307692307692308,0.04778665172843477,683,"I propose that our new company mascot be named “Maurice,” which has all kinds of cute nicknames, like Moe, Morry, or Morris, highly relatable to eels, our target customers."
4264,2574,1,22,81,104,1.2307692307692308,0.043705275295351925,683,Here comes that creepy guy
2711,2574,4,16,84,104,1.2307692307692308,0.049701816675055514,683,"No introductions.  Just make your pitch, and it better be great!"
5363,2574,5,14,85,104,1.2307692307692308,0.05154587353209697,683,Creatues ... the IRS has dropped tax exemption on Area 51
2635,2574,4,16,84,104,1.2307692307692308,0.049701816675055514,683,Next item:  Herschel will head up Human Resources.  Objections?
960,2574,2,20,82,104,1.2307692307692308,0.04579145756610733,683,The token human
958,2574,4,16,84,104,1.2307692307692308,0.049701816675055514,683,"Well, for starters, he puts ketchup on his steak."
950,2574,1,22,81,104,1.2307692307692308,0.043705275295351925,683,Whose happy with their emoji?
817,2574,1,22,81,104,1.2307692307692308,0.043705275295351925,683,"Our company is trying to expand its market to Earth, so please welcome our human"
721,2574,5,14,85,104,1.2307692307692308,0.05154587353209697,683,The President's cabinet meets his latest appointee.
673,2574,5,14,85,104,1.2307692307692308,0.05154587353209697,683,I told you I would bring some food.
614,2574,1,22,81,104,1.2307692307692308,0.043705275295351925,683,Who ordered lunch?
601,2574,5,14,85,104,1.2307692307692308,0.05154587353209697,683,"Sorry, Wilson - we've decided to let you go. You're just not fitting in."
590,2574,3,18,83,104,1.2307692307692308,0.04778665172843477,683,C'mon guys--remember our break-out session on inclusivity?
581,2574,1,22,81,104,1.2307692307692308,0.043705275295351925,683,Which one of you invited the human?
480,2574,5,14,85,104,1.2307692307692308,0.05154587353209697,683,Any dietary restrictions? Jeff's putting in the lunch order.
1107,2574,3,18,83,104,1.2307692307692308,0.04778665172843477,683,This company has always valued diversity.
462,2574,3,18,83,104,1.2307692307692308,0.04778665172843477,683,Enough of these scare tactics!
325,2574,3,18,83,104,1.2307692307692308,0.04778665172843477,683,Gary is going to be the new face of Philip Morris.
282,2574,3,18,83,104,1.2307692307692308,0.04778665172843477,683,"Eddie, stop drooling. He's our new image consultant, not lunch."
196,2574,3,18,83,104,1.2307692307692308,0.04778665172843477,683,I know what you're thinking: he's not a little green.
182,2574,3,18,83,104,1.2307692307692308,0.04778665172843477,683,I'd like to introduce today's lunch special.
169,2574,3,18,83,104,1.2307692307692308,0.04778665172843477,683,Did everyone get a chance to read the enchanted scroll I sent out before the meeting?
162,2574,4,16,84,104,1.2307692307692308,0.049701816675055514,683,"And just to show we take this issue seriously, we've hired Jake here as our Chief Diversity Officer."
135,2574,4,16,84,104,1.2307692307692308,0.049701816675055514,683,"And as we begin our diversity scheme, this is Gerald, not lunch."
102,2574,3,18,83,104,1.2307692307692308,0.04778665172843477,683,Top of the list?.....What's for lunch?
44,2574,3,18,83,104,1.2307692307692308,0.04778665172843477,683,I guess you didn't get the memo.
34,2574,3,18,83,104,1.2307692307692308,0.04778665172843477,683,Nice suit weirdo!
9,2574,2,20,82,104,1.2307692307692308,0.04579145756610733,683,"This is Jenkins, our new Human Resource."
430,2574,4,16,84,104,1.2307692307692308,0.049701816675055514,683,"This is Mike from HR, he's here to walk us through their department's name change to Sentient Being Resources."
1116,2574,3,18,83,104,1.2307692307692308,0.04778665172843477,683,"As part of our minority outreach program I'd like you all to welcome our new intern, Phil."
19,2574,5,14,85,104,1.2307692307692308,0.05154587353209697,683,Voters actually still think we have a white supremacy agenda.
2619,2574,4,16,84,104,1.2307692307692308,0.049701816675055514,683,"Let the microbe summit begin."""
2601,2574,4,16,84,104,1.2307692307692308,0.049701816675055514,683,"And now, a spokesman from Tokyo Electric Power Company will explain why the survivors of Fukushima have nothing to fear."
2557,2574,4,16,84,104,1.2307692307692308,0.049701816675055514,683,"This is John. As you can see, he's possessed Dave."
2553,2574,2,20,82,104,1.2307692307692308,0.04579145756610733,683,"I do realize that we have focused   a lot on diversity, but..."
2533,2574,4,16,84,104,1.2307692307692308,0.049701816675055514,683,The board met to discuss the alien and alienating nature of global capitalism
2463,2574,2,20,82,104,1.2307692307692308,0.04579145756610733,683,I suggest a mixed grill  ...
2379,2574,3,18,83,104,1.2307692307692308,0.04778665172843477,683,"For all the new cabinet members,the agenda has changed from yesterday!"
2369,2574,4,16,84,104,1.2307692307692308,0.049701816675055514,683,Your ideas are alien to us.
2330,2574,5,14,85,104,1.2307692307692308,0.05154587353209697,683,Earth's representative is a weird looking dude!
2263,2574,5,14,85,104,1.2307692307692308,0.05154587353209697,683,Whoever is having this nightmare should step up and chair the meeting.
1134,2574,6,12,86,104,1.2307692307692308,0.05332619971058358,683,"Let’s move along to our perennially awkward topic, the Christmas party menu."
2104,2574,5,14,85,104,1.2307692307692308,0.05154587353209697,683,I’d like to introduce our latest addition to Mythical Creatures Inc; Josh the honest lawyer.
2055,2574,5,14,85,104,1.2307692307692308,0.05154587353209697,683,You clearly didn't get the memo on the company dress code.
2220,2574,5,14,85,104,1.2307692307692308,0.05154587353209697,683,"Please welcome our external relations officer, Mr. Cronenberg."
1969,2574,4,16,84,104,1.2307692307692308,0.049701816675055514,683,Diversity in the workplace begins at the top.
1205,2574,2,20,82,104,1.2307692307692308,0.04579145756610733,683,"So, could you describe what diversity means to you?"
1262,2574,3,18,83,104,1.2307692307692308,0.04778665172843477,683,Let me introduce the next real weirdo to join the group.
2020,2574,5,14,85,104,1.2307692307692308,0.05154587353209697,683,You mean to tell us that the hackers stole ALL of our identities?
1429,2574,4,16,84,104,1.2307692307692308,0.049701816675055514,683,I’d like to introduce our new VP of Diversity.
1658,2574,3,18,83,104,1.2307692307692308,0.04778665172843477,683,"Oh, good. Lunch is here."
1316,2574,2,20,82,104,1.2307692307692308,0.04579145756610733,683,Looks like somebody thought that Halloween was today
1691,2574,4,16,84,104,1.2307692307692308,0.049701816675055514,683,I know you guys have better shot at the winning caption than I do
1722,2574,4,16,84,104,1.2307692307692308,0.049701816675055514,683,This white man will be good for diversity.
1866,2574,3,18,83,104,1.2307692307692308,0.04778665172843477,683,Agreed. The human costume is the scariest
1678,2574,5,14,85,104,1.2307692307692308,0.05154587353209697,683,You said we were having pizza for lunch.
986,2688,3,18,84,105,1.2285714285714286,0.047380354147934275,683,I hate to sound elitist but who invited  the suit ?
4460,2688,2,20,83,105,1.2285714285714286,0.04540647284290523,683,We won’t have to break for lunch.
2744,2688,2,20,83,105,1.2285714285714286,0.04540647284290523,683,Being cold blooded is an advantage when making personnel decisions. And none of you are likely to survive on your good looks.
2199,2688,3,18,84,105,1.2285714285714286,0.047380354147934275,683,"President Trump is definitely one of us, even if he does file down his claws and his horns."
1979,2688,4,16,85,105,1.2285714285714286,0.049275228485861494,683,"Hey, everyone, let’s give a warm “No Photographic Evidence Society” welcome to our newest member."
1953,2688,1,22,82,105,1.2285714285714286,0.04334279170615694,683,"Now remember, judge him by what he say, not by how he looks."
909,2688,2,20,83,105,1.2285714285714286,0.04540647284290523,683,He is joining us as part of the Human Resources Inclusion Program.
3353,2688,4,16,85,105,1.2285714285714286,0.049275228485861494,683,I'd  like to introduce  the new director of our workplace diversity program.
3140,2696,2,19,80,101,1.2277227722772277,0.04641864621675659,683,"Okay, so, raise your hand if you've ever felt overdressed."
4016,2696,3,17,81,101,1.2277227722772277,0.0485047473818451,683,Please welcome John. He has no experience with interplanetary relations so he'll oversee our new Department of Interplanetary Relations.
3896,2696,3,17,81,101,1.2277227722772277,0.0485047473818451,683,I know he looks weird but he is quite good with numbers.
3858,2696,3,17,81,101,1.2277227722772277,0.0485047473818451,683,Let's have a cold-blooded welcome for Mr. Savage- the new face of  Human Resources.
3850,2696,5,13,83,101,1.2277227722772277,0.05242852394009396,683,"Look, we've all known for a while now that one of us just doesn't fit here anymore, so I'll say it; Bob, those moles are disgusting."
3815,2696,2,19,80,101,1.2277227722772277,0.04641864621675659,683,"Three skinny lattes and four half calfs, please."
3783,2696,3,17,81,101,1.2277227722772277,0.0485047473818451,683,Let’s welcome our new director of Human Resources.
3746,2696,3,17,81,101,1.2277227722772277,0.0485047473818451,683,"Can you believe it, we invested in e-cigarettes and now everyone treats us like monsters"
3730,2696,4,15,82,101,1.2277227722772277,0.05050475542517563,683,I'm sorry sir. You don't meet the minimum height for this meeting.
3711,2696,3,17,81,101,1.2277227722772277,0.0485047473818451,683,"Whether you’re a reptile or amphibian, I think you’d agree that this gentleman would be a great addition to our organization."
3132,2696,3,17,81,101,1.2277227722772277,0.0485047473818451,683,"Due to a change in our diversity policy, please welcome our new hire, Keith."
3599,2696,2,19,80,101,1.2277227722772277,0.04641864621675659,683,Good--lunch has arrived!
3410,2696,1,21,79,101,1.2277227722772277,0.04423427307661123,683,The work environment here is much less predatory than my last gig.
2952,2696,2,19,80,101,1.2277227722772277,0.04641864621675659,683,Should we clarify that he IS the snack on this break?
2972,2696,5,13,83,101,1.2277227722772277,0.05242852394009396,683,"Little do they know, they think it’s  the wolf on Wall Street that makes all the money"
3030,2696,3,17,81,101,1.2277227722772277,0.0485047473818451,683,"And here is the new hire, Doug. He's an Affirmative Action hire."
4030,2696,4,15,82,101,1.2277227722772277,0.05050475542517563,683,"No, you've got the wrong room... this is the cabinet meeting. You're looking for Monsters, Inc. Down the hall and to the left."
3058,2696,1,21,79,101,1.2277227722772277,0.04423427307661123,683,"Trust me, he's a monster between the spreadsheets."
3092,2696,3,17,81,101,1.2277227722772277,0.0485047473818451,683,He’s kind of sexy.  Let’s let him stick around.
3102,2696,3,17,81,101,1.2277227722772277,0.0485047473818451,683,"Professors,your department chairman requests that you put your costumes back on before leaving the faculty meeting."
3112,2696,4,15,82,101,1.2277227722772277,0.05050475542517563,683,This is the architect who nixed the gargoyle idea.
3549,2696,3,17,81,101,1.2277227722772277,0.0485047473818451,683,H.R. calls it a homo sapien. But I call it a boy. A very talented boy.
4067,2696,5,13,83,101,1.2277227722772277,0.05242852394009396,683,"Okay, I  thought we agreed not to make fun of people just because they look a little freaky!"
5501,2696,5,13,83,101,1.2277227722772277,0.05242852394009396,683,Good suggestion! Seven Impossible Burgers it is.
4148,2696,2,19,80,101,1.2277227722772277,0.04641864621675659,683,Simpson from HR is here to give us the Diversity Award
5348,2696,1,21,79,101,1.2277227722772277,0.04423427307661123,683,"Due to the complaints about species discrimination in our business, we are proud to introduce our first Human in the office."
5532,2696,4,15,82,101,1.2277227722772277,0.05050475542517563,683,"usually we order out for lunch, but..."
2785,2696,2,19,80,101,1.2277227722772277,0.04641864621675659,683,Anyone here from out of town?
5326,2696,3,17,81,101,1.2277227722772277,0.0485047473818451,683,"...so, I suggest we begin the meeting after lunch."
5258,2696,2,19,80,101,1.2277227722772277,0.04641864621675659,683,Congratulations! We're ready to go public. And Herb here will help us all dress for success.
5240,2696,6,11,84,101,1.2277227722772277,0.054284159056921966,683,"Well, Horace. Maybe if you didn't take so much time tying the perfect Windsor knot, there would be place for you to sit."
5170,2696,3,17,81,101,1.2277227722772277,0.0485047473818451,683,Um...is that one of those humans that is ruining the earth ?
5083,2696,3,17,81,101,1.2277227722772277,0.0485047473818451,683,"So, you seven think our system is antiquated?"
4997,2696,3,17,81,101,1.2277227722772277,0.0485047473818451,683,Why Lou?  Because the most heinous monster is man.
4971,2696,2,19,80,101,1.2277227722772277,0.04641864621675659,683,"Let's all welcome today's speaker, who's here to chat with us about how to stand out in a crowd."
4107,2696,1,21,79,101,1.2277227722772277,0.04423427307661123,683,Ted here will be joining us for lunch. Who would like a leg?
4926,2696,4,15,82,101,1.2277227722772277,0.05050475542517563,683,We are here today to discuss mom’s proposed clean out of my supposed “junk drawer”
4757,2696,2,19,80,101,1.2277227722772277,0.04641864621675659,683,He's so cute!  Who gets to eat him?
4602,2696,4,15,82,101,1.2277227722772277,0.05050475542517563,683,"OK people, time to vote.  Do we seat him or eat him?"
4570,2696,3,17,81,101,1.2277227722772277,0.0485047473818451,683,All in favor of continuing Casual Friday say 'aye.'
4467,2696,4,15,82,101,1.2277227722772277,0.05050475542517563,683,This Thanks giving dinner is going to be a bit different
4367,2696,3,17,81,101,1.2277227722772277,0.0485047473818451,683,We need to put a human face on our corporate image.
4364,2696,1,21,79,101,1.2277227722772277,0.04423427307661123,683,"Everyone, this is Bob. I think he's going to fit right in."
4324,2696,3,17,81,101,1.2277227722772277,0.0485047473818451,683,I need three volunteers for an impeachment dream.
4312,2696,3,17,81,101,1.2277227722772277,0.0485047473818451,683,"If we put him on the board we fulfill our diversity quota, otherwise we can just eat him."
4286,2696,4,15,82,101,1.2277227722772277,0.05050475542517563,683,"Well fellows ... this is what my mother would have called a ""motley crew!"""
4279,2696,2,19,80,101,1.2277227722772277,0.04641864621675659,683,"Bob, The Meeting Memo said, ""casual dress"". Feel free to lose the tie."
4791,2696,3,17,81,101,1.2277227722772277,0.0485047473818451,683,"Hi, I’m Doug! I have an outie."
2749,2696,5,13,83,101,1.2277227722772277,0.05242852394009396,683,Welcome to the cabinet. I promised the base I would drain the swamp.
3605,2696,3,17,81,101,1.2277227722772277,0.0485047473818451,683,double or nothing for the fleshy and medium-aged filet wearing the tie
2628,2696,2,19,80,101,1.2277227722772277,0.04641864621675659,683,"Bob, we have a strict casual Friday policy."""
1166,2696,3,17,81,101,1.2277227722772277,0.0485047473818451,683,"If you are not Dr. Seuss or Maurice Sendak, go home !"
1153,2696,2,19,80,101,1.2277227722772277,0.04641864621675659,683,"Ogra, please show our new intern the kitchen."
1152,2696,2,19,80,101,1.2277227722772277,0.04641864621675659,683,"So we’re clear! We put all humans, except Dick here, in terrariums."
1062,2696,6,11,84,101,1.2277227722772277,0.054284159056921966,683,"His name is ""President.""  Strange that there was a huge cheer when we beamed him up from a place called earth."
1056,2696,4,15,82,101,1.2277227722772277,0.05050475542517563,683,"Everyone welcome Dan, he’s a former Cabinet member."
947,2696,4,15,82,101,1.2277227722772277,0.05050475542517563,683,"This is Ed. He's taking over for Thurber who was eaten by ""one of you"" at our last meeting."
789,2696,5,13,83,101,1.2277227722772277,0.05242852394009396,683,"There's a diversity of opinion whether it's your ark, Noah!"
560,2696,4,15,82,101,1.2277227722772277,0.05050475542517563,683,"This is Jerome from the marketing department, he's here to work on our image with the larger urban markets."
524,2696,2,19,80,101,1.2277227722772277,0.04641864621675659,683,This is James. Please don't let his hideous appearance affect your opinion of his ideas.
508,2696,4,15,82,101,1.2277227722772277,0.05050475542517563,683,"Meet Bruce, our new accountant.  And no, you can't eat him."
499,2696,2,19,80,101,1.2277227722772277,0.04641864621675659,683,Our guest speaker today claims to be opposed to genetic modification.
364,2696,3,17,81,101,1.2277227722772277,0.0485047473818451,683,Next on the agenda: Whatever happened to Drac's Transylvania Twist?
235,2696,2,19,80,101,1.2277227722772277,0.04641864621675659,683,This is Jason's dream job.
225,2696,4,15,82,101,1.2277227722772277,0.05050475542517563,683,"Lets get this meeting of the Interplanetary Peace Committee started.  Oh good, lunch has arrived."
219,2696,4,15,82,101,1.2277227722772277,0.05050475542517563,683,Our employees have filed a complaint about inhuman treatment.
185,2696,3,17,81,101,1.2277227722772277,0.0485047473818451,683,His client agrees to repeal the law of gravity if we annihilate his tax returns.
158,2696,3,17,81,101,1.2277227722772277,0.0485047473818451,683,"Rodney is here take orders for lunch, unless of course, you just prefer to eat Rodney."
1276,2696,6,11,84,101,1.2277227722772277,0.054284159056921966,683,"CARL, The word in the galaxy is 
Earth have best pizza!"
1314,2696,4,15,82,101,1.2277227722772277,0.05050475542517563,683,"SAY WELCOME TO OUR NEW BOOGY-MAN INDUCTEE, “WHITE MIDDLE AGED MAN”"
2725,2696,4,15,82,101,1.2277227722772277,0.05050475542517563,683,"Once again, Tom forgot about casual Friday."
1427,2696,2,19,80,101,1.2277227722772277,0.04641864621675659,683,"Dan will lead us in our diversity training. He's not from AR, but from HR."
2566,2696,5,13,83,101,1.2277227722772277,0.05242852394009396,683,We call this model: Secretary of Energy.
2532,2696,5,13,83,101,1.2277227722772277,0.05242852394009396,683,"Isn't he kind of cute?""
""Forget the menu, I want a piece of that!"
2420,2696,4,15,82,101,1.2277227722772277,0.05050475542517563,683,"Basically, what he's trying to tell us is we are being replaced by animation. No more movie roles."
2407,2696,3,17,81,101,1.2277227722772277,0.0485047473818451,683,"But other than that, I think you'll find we pretty much think alike."
2333,2696,4,15,82,101,1.2277227722772277,0.05050475542517563,683,"The suit is weird, but we can get used to it."
2279,2696,4,15,82,101,1.2277227722772277,0.05050475542517563,683,The motion to terminate Human Resources carries.
2245,2696,3,17,81,101,1.2277227722772277,0.0485047473818451,683,"Raise your hands for the count - meat, chicken, or vegetarian!"
2185,2696,5,13,83,101,1.2277227722772277,0.05242852394009396,683,Should he join us for lunch or as lunch?
2513,2696,4,15,82,101,1.2277227722772277,0.05050475542517563,683,Ark Force One will now be boarding
1964,2696,5,13,83,101,1.2277227722772277,0.05242852394009396,683,He says he comes from a parallel universe where humans are in charge: Hah!
1924,2696,3,17,81,101,1.2277227722772277,0.0485047473818451,683,Hold your thoughts for a minute. I see lunch just walked in.
1688,2696,2,19,80,101,1.2277227722772277,0.04641864621675659,683,I know he looks weird but you have to admit it's a nice suit.
1613,2696,3,17,81,101,1.2277227722772277,0.0485047473818451,683,"Sure, nice suit. But now that we've had more experience with humans, do you honestly think we should make any more room for them at our rule-the-world table?"
1576,2696,2,19,80,101,1.2277227722772277,0.04641864621675659,683,Meet Mr. Johnson.  He doesn't celebrate Halloween
1523,2696,2,19,80,101,1.2277227722772277,0.04641864621675659,683,"Now, should we talk about the elephant in the room"""
2022,2696,2,19,80,101,1.2277227722772277,0.04641864621675659,683,...And Darren here will provide invaluable demographic research from the warm-blooded market.
3228,2784,4,15,83,102,1.2254901960784315,0.05005697151276056,683,"Please welcome Bob, even though he's so odd looking."
2781,2784,3,17,82,102,1.2254901960784315,0.04807872020202308,683,"I’d like to introduce everyone to our new team member, Chuck. His interests include golf, line dancing, and not being eaten."
3944,2784,5,13,84,102,1.2254901960784315,0.0519599601404218,683,Who sent in HR?
2397,2784,3,17,82,102,1.2254901960784315,0.04807872020202308,683,We must show that we subscribe to modern values. That's why we took him on
1002,2784,5,13,84,102,1.2254901960784315,0.0519599601404218,683,"It’s going to a monster of a deal, and I hope I have your collective support!"
509,2784,3,17,82,102,1.2254901960784315,0.04807872020202308,683,Let me introduce to you our new Director for Diversity and Inclusion.
5166,2790,2,21,88,111,1.2252252252252251,0.04374875158566946,683,"James, your new skin is a bit outdated."
3931,2790,3,19,89,111,1.2252252252252251,0.04558238068711177,683,Try not to stare at his odd shaped proboscis.
4881,2792,5,12,81,98,1.2244897959183674,0.053354962259045804,683,Meet our new Director of Diversity.
4880,2792,2,18,78,98,1.2244897959183674,0.04706985968207029,683,Steven is here to help us think through our dress code
3282,2794,4,16,87,107,1.2242990654205608,0.04844325116189109,683,"This guy has represented the ugliest people, we'll be fine."
1835,2795,3,19,90,112,1.2232142857142858,0.045218299028335816,683,"Welcome to our support group: ""People don't believe in us."" George is new this week."
3473,2796,2,18,79,99,1.2222222222222223,0.04664712806708402,683,I see you've all dressed up as Mark from accounting.
3492,2796,3,16,80,99,1.2222222222222223,0.048806737446717936,683,The night Max wore his business suit...
3503,2796,5,12,82,99,1.2222222222222223,0.05286193097839597,683,"Although its not mandatory, the suggested costume for the Halloween board meeting is like  the one my assistant, Harriet on my left,  is wearing."
3506,2796,4,14,81,99,1.2222222222222223,0.050874754873893785,683,"Meet our new employee, he’ll be head of Human Resources."
3507,2796,4,14,81,99,1.2222222222222223,0.050874754873893785,683,"Come on Steve, it was business casual today."
3446,2796,5,12,82,99,1.2222222222222223,0.05286193097839597,683,"Everyone, please welcome our newest monster: crippling depression"
3460,2796,1,20,78,99,1.2222222222222223,0.044382558439335355,683,"Okay, team, this is Bill from HR. He thinks we should also post jobs on Linkedin and Indeed."
3779,2796,5,12,82,99,1.2222222222222223,0.05286193097839597,683,It's called a suit.
3555,2796,5,12,82,99,1.2222222222222223,0.05286193097839597,683,Mel will be joining the firm.  Which one of you wants to run for his house seat ?
3594,2796,3,16,80,99,1.2222222222222223,0.048806737446717936,683,"Hey, you know the rules.  If you're late bring worms and flies snacks."
3634,2796,1,20,78,99,1.2222222222222223,0.044382558439335355,683,Who forgot to tell him today is business casual?
3670,2796,1,20,78,99,1.2222222222222223,0.044382558439335355,683,"Members, I'd like you to meet Ralph, our diversity hire."
3698,2796,3,16,80,99,1.2222222222222223,0.048806737446717936,683,I think he can be a real disrupter in our space
3790,2796,2,18,79,99,1.2222222222222223,0.04664712806708402,683,This is our human resource manager for workforce diversity.
3429,2796,5,12,82,99,1.2222222222222223,0.05286193097839597,683,And we all know what happens when a player is eliminated in musical chairs?
3808,2796,2,18,79,99,1.2222222222222223,0.04664712806708402,683,Would someone mind getting up and letting this alien sit down?
3792,2796,3,16,80,99,1.2222222222222223,0.048806737446717936,683,"Ahh, I see lunch has arrived!"
3531,2796,5,12,82,99,1.2222222222222223,0.05286193097839597,683,This is Jim. He's from Human Resources.
3784,2796,3,16,80,99,1.2222222222222223,0.048806737446717936,683,"Who, among you have ""aged in place"" and how many of you are more than 3 million years old?"
2937,2796,6,10,83,99,1.2222222222222223,0.054777064635215894,683,"Mr. White, here, has given us nicknames; starting with me: I am Happy, you are Dopey, Grumpy, Sneezy, Bashful, Sleepy, and Doc."
3407,2796,1,20,78,99,1.2222222222222223,0.044382558439335355,683,"Ah, here is our dinner now."
2759,2796,3,16,80,99,1.2222222222222223,0.048806737446717936,683,This is David from the mailroom. He’ll be joining us for lunch today.
2764,2796,2,18,79,99,1.2222222222222223,0.04664712806708402,683,So - who has a unique idea for what to do?
2779,2796,3,16,80,99,1.2222222222222223,0.048806737446717936,683,"I know he’s small, but they assured me he’s very tasty."
2861,2796,2,18,79,99,1.2222222222222223,0.04664712806708402,683,Everybody this is Teds first day. Lets see what he has to vomit.
2881,2796,4,14,81,99,1.2222222222222223,0.050874754873893785,683,"Annual reviews are never fun. Unfortunately, this year management has decided to eat you."
2920,2796,3,16,80,99,1.2222222222222223,0.048806737446717936,683,"Alright. All those in favor say ""Orragunthaaa"""
3832,2796,2,18,79,99,1.2222222222222223,0.04664712806708402,683,I thought we had eaten the last one”
2950,2796,2,18,79,99,1.2222222222222223,0.04664712806708402,683,"Thank you, Mr. Lizard, for the privilege of serving under your excellent cold blooded new swamp administration"
2957,2796,3,16,80,99,1.2222222222222223,0.048806737446717936,683,"So, I went to a different stylist that you all...."
2963,2796,0,22,77,99,1.2222222222222223,0.04199605255658081,683,"Hey, everyone. Meet Brandon, our new diversity hire."
3074,2796,3,16,80,99,1.2222222222222223,0.048806737446717936,683,"Now that Giuliani is finally looking for a lawyer, I want to make our firm’s position absolutely clear ....."
3086,2796,3,16,80,99,1.2222222222222223,0.048806737446717936,683,I’d like to introduce our new Manager of Diversity.
3089,2796,6,10,83,99,1.2222222222222223,0.054777064635215894,683,Welcome the new monster under the bed -the mattress salesman!
3117,2796,4,14,81,99,1.2222222222222223,0.050874754873893785,683,"Our guest will help us to overcome our fears that humans find us disgusting, creepy and unlovable."
3118,2796,4,14,81,99,1.2222222222222223,0.050874754873893785,683,"Climate change summit is so last season, welcome to extinction club!"
3119,2796,1,20,78,99,1.2222222222222223,0.044382558439335355,683,"I know he looks repulsive, but we have to show diversity in hiring..."
3196,2796,5,12,82,99,1.2222222222222223,0.05286193097839597,683,"Now, get out there and have a ghoul day."
3246,2796,2,18,79,99,1.2222222222222223,0.04664712806708402,683,"For the millionth consecutive year, we are going to continue our strategy of survival."
3259,2796,3,16,80,99,1.2222222222222223,0.048806737446717936,683,"By a show of claws, we vote to allow the alien to monitor the meeting."
3299,2796,3,16,80,99,1.2222222222222223,0.048806737446717936,683,post climate change oil company board meeting
3388,2796,4,14,81,99,1.2222222222222223,0.050874754873893785,683,"Dan, for the last time, Halloween is over already."
3421,2796,3,16,80,99,1.2222222222222223,0.048806737446717936,683,Who is the guy in the funny suit?
3860,2796,2,18,79,99,1.2222222222222223,0.04664712806708402,683,Okay. Who told Slagthorn that this was going to be a costume party?
4968,2796,5,12,82,99,1.2222222222222223,0.05286193097839597,683,"Our debts are growing, our sales are falling, and our product stinks. On the bright side, we've nailed the diversity thing."
4069,2796,1,20,78,99,1.2222222222222223,0.044382558439335355,683,"Now George, you know we’ve been working on diversity for some time!"
5158,2796,5,12,82,99,1.2222222222222223,0.05286193097839597,683,"Looks like the “eyes” have it. 
We’ll let you go."
5185,2796,3,16,80,99,1.2222222222222223,0.048806737446717936,683,With a seat at the table he might look less ominous to us
5225,2796,3,16,80,99,1.2222222222222223,0.048806737446717936,683,Let me introduce you to Max.
5236,2796,2,18,79,99,1.2222222222222223,0.04664712806708402,683,Martin is our replacement attorney.  You’re fired if you eat him.
5289,2796,2,18,79,99,1.2222222222222223,0.04664712806708402,683,"Our climate change strategy was a success. Steven, methane all around!"
5300,2796,3,16,80,99,1.2222222222222223,0.048806737446717936,683,I see we're going to start from scratch at our first annual intreglacial  peace treaty.
5360,2796,2,18,79,99,1.2222222222222223,0.04664712806708402,683,Can you tell me if the souls of the damned are gluten-free?
5372,2796,1,20,78,99,1.2222222222222223,0.044382558439335355,683,"If we let Earth join our group, can you guarantee the whole planet will get naked?"
5373,2796,4,14,81,99,1.2222222222222223,0.050874754873893785,683,And now the report on what weird things happen after wearing shoes.
5596,2796,1,20,78,99,1.2222222222222223,0.044382558439335355,683,Now Bob from HR will report on how our employees see us.
5496,2796,4,14,81,99,1.2222222222222223,0.050874754873893785,683,"And to the left of me, here today to add much-needed levity, is my nephew, aspiring standup comedian Stanley Silberman."
5612,2796,1,20,78,99,1.2222222222222223,0.044382558439335355,683,"I can assure you, Bill is extremely qualified and Felicity Huffman had nothing to do with my selecting him."
5618,2796,5,12,82,99,1.2222222222222223,0.05286193097839597,683,"Not all humans are alike! Trust me, this kind is actually a monster."
5661,2796,3,16,80,99,1.2222222222222223,0.048806737446717936,683,"Believe me, accountants are the worst monsters."
2685,2796,2,18,79,99,1.2222222222222223,0.04664712806708402,683,Our new recruit. Wait till his mustache grows back.
5446,2796,2,18,79,99,1.2222222222222223,0.04664712806708402,683,This meeting of the High Council of Unruly Monsters will come to order.  The unfortunate Mr. Smythe will serve as Parliamentarian.
5399,2796,1,20,78,99,1.2222222222222223,0.044382558439335355,683,Go easy on him. He's obviously new here.
5397,2796,3,16,80,99,1.2222222222222223,0.048806737446717936,683,Rumors of a company scale-down had tongues wagging.
5583,2796,3,16,80,99,1.2222222222222223,0.048806737446717936,683,Please welcome Michael to his new role as our snack.
5148,2796,1,20,78,99,1.2222222222222223,0.044382558439335355,683,Our CEO thinks we should diversify our committee.
5118,2796,5,12,82,99,1.2222222222222223,0.05286193097839597,683,"He may not look like he’ll fit in, but I’ve been assured that there’s a beast in him."
5029,2796,3,16,80,99,1.2222222222222223,0.048806737446717936,683,The next agenda item is branding.
4977,2796,1,20,78,99,1.2222222222222223,0.044382558439335355,683,Give us some pizza with everything on it.
4238,2796,5,12,82,99,1.2222222222222223,0.05286193097839597,683,"Just to let you know, no one told Frank it was alien dress up day."
4274,2796,2,18,79,99,1.2222222222222223,0.04664712806708402,683,"Oh good, someone finally beamed up dinner."
4331,2796,5,12,82,99,1.2222222222222223,0.05286193097839597,683,He is too alien for this space
4391,2796,3,16,80,99,1.2222222222222223,0.048806737446717936,683,"Everyone, let’s welcome our new Human Resources officer!"
4415,2796,2,18,79,99,1.2222222222222223,0.04664712806708402,683,"It's OK,he's just my personal attorney."
4511,2796,2,18,79,99,1.2222222222222223,0.04664712806708402,683,Okay. Can I laugh now?
4558,2796,2,18,79,99,1.2222222222222223,0.04664712806708402,683,He's my mentor.
4609,2796,3,16,80,99,1.2222222222222223,0.048806737446717936,683,"and what are you supposed to be, Carl?"
4619,2796,2,18,79,99,1.2222222222222223,0.04664712806708402,683,"Don't look so worried, he says that the dinosaurs destroyed the Earth"
3863,2796,3,16,80,99,1.2222222222222223,0.048806737446717936,683,After all those silly movies we are going to get serious.
4626,2796,4,14,81,99,1.2222222222222223,0.050874754873893785,683,"So it's decided, at midnight we kill all the lawyers."
4656,2796,4,14,81,99,1.2222222222222223,0.050874754873893785,683,This is not how I imagined they would look naked...
4663,2796,1,20,78,99,1.2222222222222223,0.044382558439335355,683,Hor d'ourvres anyone?
4668,2796,3,16,80,99,1.2222222222222223,0.048806737446717936,683,Well I’m glad at least one person decided to dress up for Halloween.
4689,2796,1,20,78,99,1.2222222222222223,0.044382558439335355,683,"Can he, with mentoring, earn a place at our table?"
4720,2796,5,12,82,99,1.2222222222222223,0.05286193097839597,683,Welcome to this months Charles Addams rejects support group meeting
4748,2796,4,14,81,99,1.2222222222222223,0.050874754873893785,683,He says he’s quitting because he thinks he doesn’t fit in
4752,2796,2,18,79,99,1.2222222222222223,0.04664712806708402,683,"Okay, the odd one's out!"
4821,2796,3,16,80,99,1.2222222222222223,0.048806737446717936,683,Darwin here feels there's been a bit of a mix up.
4924,2796,3,16,80,99,1.2222222222222223,0.048806737446717936,683,It’s official.  The human wins the Ugly Contest again!
4648,2796,1,20,78,99,1.2222222222222223,0.044382558439335355,683,"Get a load of this guy, he shows up late and he's still wearing his Halloween costume!"
2674,2796,3,16,80,99,1.2222222222222223,0.048806737446717936,683,We all agreed we needed to diversify our board.  Let me introduce Gary....
941,2796,4,14,81,99,1.2222222222222223,0.050874754873893785,683,"Time for lunch break. The Uber Eats delivery came."""
2650,2796,3,16,80,99,1.2222222222222223,0.048806737446717936,683,Do doubt he wins the “most original Halloween costume”  Award!
606,2796,2,18,79,99,1.2222222222222223,0.04664712806708402,683,Meet our newest member. He talks at the movies.
612,2796,2,18,79,99,1.2222222222222223,0.04664712806708402,683,The temp agency called him a magical candidate.
704,2796,2,18,79,99,1.2222222222222223,0.04664712806708402,683,We all understand the value of diversity.
786,2796,3,16,80,99,1.2222222222222223,0.048806737446717936,683,Who invited the freak?
818,2796,3,16,80,99,1.2222222222222223,0.048806737446717936,683,So how high are we going to build the wall?
897,2796,4,14,81,99,1.2222222222222223,0.050874754873893785,683,"You weren't here.  So we chose your planet to be destroyed next.  We sent the Trump monster that no one else wants.  He's not the sharpest tool in the shed, but we know his heart's in it.  He'll get it done eventually."
963,2796,3,16,80,99,1.2222222222222223,0.048806737446717936,683,John's our new diversity hire.
982,2796,2,18,79,99,1.2222222222222223,0.04664712806708402,683,"In response to more diversity on our board, let me introduce Harold."
1014,2796,3,16,80,99,1.2222222222222223,0.048806737446717936,683,"I'd like you all to welcome Philip, our diversity hire."
1025,2796,2,18,79,99,1.2222222222222223,0.04664712806708402,683,What planet are you from?
1032,2796,3,16,80,99,1.2222222222222223,0.048806737446717936,683,Shut up egghead.
1035,2796,5,12,82,99,1.2222222222222223,0.05286193097839597,683,I just want you to know that I'm getting help and I'm OK with you calling me Mr. Ugly.
1065,2796,5,12,82,99,1.2222222222222223,0.05286193097839597,683,"And, here's our first volunteer from our ‘How to Serve Man’ marketing campaign."
1078,2796,3,16,80,99,1.2222222222222223,0.048806737446717936,683,I know you're all aware of the companies' call for more diversity on the Board.
1097,2796,4,14,81,99,1.2222222222222223,0.050874754873893785,683,"Uh... friends, Romans, and countrymen?"
1150,2796,4,14,81,99,1.2222222222222223,0.050874754873893785,683,"This is James.  He's joining the team as 
part of our diversity initiative."
1183,2796,5,12,82,99,1.2222222222222223,0.05286193097839597,683,"Now that the scariest monster is here, we can finally begin."
505,2796,4,14,81,99,1.2222222222222223,0.050874754873893785,683,"Everyone meet Al, he's a Republican."
465,2796,3,16,80,99,1.2222222222222223,0.048806737446717936,683,Here's lunch!
458,2796,2,18,79,99,1.2222222222222223,0.04664712806708402,683,Steve is going to give us a talk about thinking outside the box.
435,2796,3,16,80,99,1.2222222222222223,0.048806737446717936,683,"Let's welcome another cold-blooded member to the board."""
2,2796,1,20,78,99,1.2222222222222223,0.044382558439335355,683,"This is Ted, he's an investment banker. Yes, they exist."
23,2796,4,14,81,99,1.2222222222222223,0.050874754873893785,683,“Who wants serve as White House staff and who wants to be in the cabinet?”
69,2796,1,20,78,99,1.2222222222222223,0.044382558439335355,683,The challenge we face is how our brand of terror and fear can compete with current events.
86,2796,2,18,79,99,1.2222222222222223,0.04664712806708402,683,"Everyone, I'd like to introduce Norm."
90,2796,3,16,80,99,1.2222222222222223,0.048806737446717936,683,"Gentlemen, I would like to introduce our new member, Adam."
91,2796,5,12,82,99,1.2222222222222223,0.05286193097839597,683,Bob is here for diversity training. His pronoun is Earthling.
99,2796,3,16,80,99,1.2222222222222223,0.048806737446717936,683,"If televangelism isn't monstrous, I don't know what is."
109,2796,2,18,79,99,1.2222222222222223,0.04664712806708402,683,I've hired a consultant to tweak our dress code.
1187,2796,2,18,79,99,1.2222222222222223,0.04664712806708402,683,"To think, some people actually say we're greedy monsters."
168,2796,3,16,80,99,1.2222222222222223,0.048806737446717936,683,"Well it seems that all of the company’s budget has gone to total radical face and body transformation. The company is going to have to make some budget cuts this year.”

“Thank you Frank, that’ll be all."
260,2796,3,16,80,99,1.2222222222222223,0.048806737446717936,683,Today we introduce full diversity.
264,2796,3,16,80,99,1.2222222222222223,0.048806737446717936,683,Diversity hire.
296,2796,4,14,81,99,1.2222222222222223,0.050874754873893785,683,"I’m the team, Mulvaney. This is just the team in my head."
298,2796,5,12,82,99,1.2222222222222223,0.05286193097839597,683,What did you exactly mean by “let’s have each other for lunch?”
368,2796,3,16,80,99,1.2222222222222223,0.048806737446717936,683,Bob is here to talk with us about how wearing a tie will improve our foreign affairs initiative.
398,2796,5,12,82,99,1.2222222222222223,0.05286193097839597,683,Jim's a scary dude. He wants to bundle secured car loans in a way that will make your skin crawl.
399,2796,1,20,78,99,1.2222222222222223,0.044382558439335355,683,"So we're all agreed, no more Men in Black movies."
410,2796,3,16,80,99,1.2222222222222223,0.048806737446717936,683,People for the Ethical Treatment of Humans” have been harassing us again.
209,2796,4,14,81,99,1.2222222222222223,0.050874754873893785,683,"Board meeting of Monsters, Inc."
1189,2796,3,16,80,99,1.2222222222222223,0.048806737446717936,683,"Before we order, does anyone have any food allergies?"
283,2796,1,20,78,99,1.2222222222222223,0.044382558439335355,683,Let's welcome Jason by not eating him.
1289,2796,3,16,80,99,1.2222222222222223,0.048806737446717936,683,We’re changing our motto to “Some Evil Is Ok.”
2206,2796,1,20,78,99,1.2222222222222223,0.044382558439335355,683,Wow! Your costumes are out of this world.
2233,2796,2,18,79,99,1.2222222222222223,0.04664712806708402,683,I totally disagree. I think we should run another story about conspiracy theories.
2286,2796,3,16,80,99,1.2222222222222223,0.048806737446717936,683,"Thanks you, Bill!  Now the rest of you... Does anyone else have a monster idea?!"
2334,2796,4,14,81,99,1.2222222222222223,0.050874754873893785,683,"I know it seems a bit unorthodox, but wait until he starts talking about taxes."
2669,2796,3,16,80,99,1.2222222222222223,0.048806737446717936,683,This is Archibald.  He comes from the land down under.
2361,2796,3,16,80,99,1.2222222222222223,0.048806737446717936,683,Just treat him like you would any normal employee.
2365,2796,3,16,80,99,1.2222222222222223,0.048806737446717936,683,"Fellas, this is Max. Max, welcome to Where the Wild Things Are Claims Adjusters."
2426,2796,4,14,81,99,1.2222222222222223,0.050874754873893785,683,"Due to recent shifting in our political landscape,President Trump had to ditch you."
2189,2796,4,14,81,99,1.2222222222222223,0.050874754873893785,683,Oh my Gosh an immigrant!  I guess the wall wasn’t high enough.
2435,2796,3,16,80,99,1.2222222222222223,0.048806737446717936,683,Bob will bring so much needed diversity to our team.
2488,2796,1,20,78,99,1.2222222222222223,0.044382558439335355,683,I’d like to introduce our new Human Resources VP.
2499,2796,3,16,80,99,1.2222222222222223,0.048806737446717936,683,The next extinction event is going to be BIG!
2544,2796,5,12,82,99,1.2222222222222223,0.05286193097839597,683,Introducing Norm - he's still in his larval stage
2549,2796,4,14,81,99,1.2222222222222223,0.050874754873893785,683,"I present to you Pete, he's a horrible monster too. He uses mayonnaise on his fries."
2624,2796,2,18,79,99,1.2222222222222223,0.04664712806708402,683,We braten John here to add a little diversity to the board
2632,2796,1,20,78,99,1.2222222222222223,0.044382558439335355,683,"I know he looks totally unbelievable, but we could market the film as sci-fi."
2637,2796,0,22,77,99,1.2222222222222223,0.04199605255658081,683,This is Fred with our new hiring policies.  Anyone hungry?
1242,2796,3,16,80,99,1.2222222222222223,0.048806737446717936,683,I invited him! We need new blood!
2487,2796,3,16,80,99,1.2222222222222223,0.048806737446717936,683,He has some good ideas despite the way he looks.
2145,2796,3,16,80,99,1.2222222222222223,0.048806737446717936,683,"Great costume, Hank"
2207,2796,3,16,80,99,1.2222222222222223,0.048806737446717936,683,"All in favor of making No-Pants Friday official say ""Aye."""
2091,2796,2,18,79,99,1.2222222222222223,0.04664712806708402,683,"Yes,I know he's strange but we have been told we need diversity."
1307,2796,2,18,79,99,1.2222222222222223,0.04664712806708402,683,This is Ted and he’s going to be walking us through the energy drink litigation.
1332,2796,3,16,80,99,1.2222222222222223,0.048806737446717936,683,"OK, OK,  I know I look Stupid!"
1402,2796,3,16,80,99,1.2222222222222223,0.048806737446717936,683,"Do not worry, he comes in peas."
1430,2796,1,20,78,99,1.2222222222222223,0.044382558439335355,683,Good news! Steve is feeling back to his old self again and will be rejoining the team.
1626,2796,4,14,81,99,1.2222222222222223,0.050874754873893785,683,Whoever makes the best presentation gets the lunch.
1671,2796,1,20,78,99,1.2222222222222223,0.044382558439335355,683,Everybody welcome our new Diversity Compliance Director...
1694,2796,2,18,79,99,1.2222222222222223,0.04664712806708402,683,"Everyone, I'd like to introduce you to Norm."
1743,2796,3,16,80,99,1.2222222222222223,0.048806737446717936,683,What say we hit the beach in Cancun now that Halloween is over?
1782,2796,4,14,81,99,1.2222222222222223,0.050874754873893785,683,"I like the League of Lizards, but I'm open to Super Weirds and The Things Under Your Kids' Beds."""
1689,2796,4,14,81,99,1.2222222222222223,0.050874754873893785,683,"Welcome to phase-2 trials. No newcomers, I see.."
1830,2796,2,18,79,99,1.2222222222222223,0.04664712806708402,683,Thank you all for your time today.  This session is about image awareness.
1875,2796,5,12,82,99,1.2222222222222223,0.05286193097839597,683,I’ll have a George Lucas with a twist!
1904,2796,3,16,80,99,1.2222222222222223,0.048806737446717936,683,"The new guy is called Greg, Derek, and he's more of a monster than you'll ever be. He puts mayonnaise on hot dogs."
1948,2796,4,14,81,99,1.2222222222222223,0.050874754873893785,683,This committee is convened
2050,2796,2,18,79,99,1.2222222222222223,0.04664712806708402,683,Don't let the suit fool you:  George can eat a bucket of uranium in three minutes.
1803,2796,3,16,80,99,1.2222222222222223,0.048806737446717936,683,"Please greet the new Board member, who is replacing the one we just ate."
2259,2970,4,15,85,104,1.2211538461538463,0.04918440626354967,683,"So, angry men...where’s Henry Fonda when we need him?"
2646,2970,4,15,85,104,1.2211538461538463,0.04918440626354967,683,"This is John Smith, he's our new diversity hire. Don't look so concerned. Ron Smith will be here at noon, and he's our lunch."
1862,2970,3,17,84,104,1.2211538461538463,0.04724827321830709,683,What are you crocing about?
1109,2970,5,13,86,104,1.2211538461538463,0.051047157774787154,683,I am happy to announce Ben as our new Director of  Human Resources.
1160,2974,3,16,81,100,1.22,0.048367281703584904,683,And we will now hear a report from the chair of the Diversity Committee.
401,2974,4,14,82,100,1.22,0.05041244034376972,683,I'm afraid I have to tell you that this is Mr. Lovely.  He's here to facilitate our sensitivity training today.  He is not lunch.
1795,2974,0,22,78,100,1.22,0.041633319989322654,683,"Say hello to Jim, our new diversity hire."
1990,2974,1,20,79,100,1.22,0.04399265319747759,683,I so appreciate all your hard work on blocking this impeachment inquiry.
1986,2974,3,16,81,100,1.22,0.048367281703584904,683,"I
You are a special kind of moron — oxymorons, spineless fellow reptilians!"
1292,2974,4,14,82,100,1.22,0.05041244034376972,683,On the way to extinct? We're all here now.
1792,2974,3,16,81,100,1.22,0.048367281703584904,683,"Keep in mind that if we do ultimately hire him, our clients will never see him."
5171,2974,2,18,80,100,1.22,0.046231739501923746,683,Now Sheldon will tally our Halloween numbers and declare a winner!
3050,2974,3,16,81,100,1.22,0.048367281703584904,683,"No, we'll be substituting the pork for beef."
3126,2974,1,20,79,100,1.22,0.04399265319747759,683,Is there an elephant in the room?
3782,2974,4,14,82,100,1.22,0.05041244034376972,683,"This is Mr. Jenkins, our new marketing director. It was his idea to storm Area 51."
4040,2974,2,18,80,100,1.22,0.046231739501923746,683,"It seems to me this guy, looking for a job. is just to ugly to join our firm."
4631,2974,4,14,82,100,1.22,0.05041244034376972,683,"¨I´d like to introduce you to my butler. Don´t worry, he won´t bite.¨"
2138,2974,4,14,82,100,1.22,0.05041244034376972,683,"So, this is Carl.  I hired him because I thought we could use a bit of the human touch around here."
5243,2974,3,16,81,100,1.22,0.048367281703584904,683,I want to thank Frank from Human Resources for joining us – now let's have lunch.
5503,2974,3,16,81,100,1.22,0.048367281703584904,683,The latest thing in the scare world is a deputy assistant undersecretary from the Deep State.
5526,2974,1,20,79,100,1.22,0.04399265319747759,683,"Everyone, this is Michael. He’ll be our lunch today."
2846,2974,4,14,82,100,1.22,0.05041244034376972,683,There's an opening for each of you on the President's cabinet
2691,2974,3,16,81,100,1.22,0.048367281703584904,683,"The President requested total deniability - hence, this meeting."
154,2993,4,21,107,132,1.2196969696969697,0.04208644972494561,683,"Before you say anything, just give Steve a chance; he gets real weird."
4623,2994,4,13,79,96,1.21875,0.05173126620824946,683,I’m Jerry with Human Resources
3362,2994,2,17,77,96,1.21875,0.04730250957698441,683,Larry here is our new intern from earth.  Don't eat him.
3304,2994,3,15,78,96,1.21875,0.04956637628367376,683,We said it was a casual dinner...you did not have to dress up
3172,2994,1,19,76,96,1.21875,0.044924705526766306,683,The next agenda item is our diversity policy.
3151,2994,1,19,76,96,1.21875,0.044924705526766306,683,"We are glad to announce, John here has accepted the position as Director of Community Life, Diversity and Inclusion."
3124,2994,1,19,76,96,1.21875,0.044924705526766306,683,"like it or not, our corporate culture is one of affirmative action."
3049,2994,1,19,76,96,1.21875,0.044924705526766306,683,Let’s break for lunch.  Sandwiches or something a little more lively?
2936,2994,2,17,77,96,1.21875,0.04730250957698441,683,"This is Gene from Accounting, guys.  His work is just out of the world."
2750,2994,2,17,77,96,1.21875,0.04730250957698441,683,"Hats off to our diversity inclusion 
manager! 
Good job, Fred!"
2743,2994,2,17,77,96,1.21875,0.04730250957698441,683,Welcome diversity committee
2636,2994,4,13,79,96,1.21875,0.05173126620824946,683,"Hello, my demons. I have gathered you here today to discuss future strategies for damaging my emotional wellbeing."
2587,2994,3,15,78,96,1.21875,0.04956637628367376,683,"Gerald, we've all gathered here today to tell you that you are loved, and it breaks our heart to watch alcohol destroy your life."
2493,2994,2,17,77,96,1.21875,0.04730250957698441,683,WHERE DID YOU DIG HIM UP?
2466,2994,3,15,78,96,1.21875,0.04956637628367376,683,I would like to thank everything for making it to this weeks' diversity meeting.
2342,2994,4,13,79,96,1.21875,0.05173126620824946,683,Maybe naked musical chairs just isn't your game.
2318,2994,3,15,78,96,1.21875,0.04956637628367376,683,"Say hello to our dessert everyone, Mr Rocky Road"
2264,2994,2,17,77,96,1.21875,0.04730250957698441,683,"His torture techniques include : centuries of oppression, mansplaining, and not asking for directions."
2152,2994,1,19,76,96,1.21875,0.044924705526766306,683,"Everyone, this is Sheldon. He's our new head of Human Resources."
3381,2994,1,19,76,96,1.21875,0.044924705526766306,683,I suppose you all wonder who called this meeting.
4439,2994,1,19,76,96,1.21875,0.044924705526766306,683,All right then. Where is the turtle?
3567,2994,2,17,77,96,1.21875,0.04730250957698441,683,Now I don't care if you're a Democrat or Republican; we're all going to get along.
3640,2994,2,17,77,96,1.21875,0.04730250957698441,683,Best Costume Award goes to . . . MARK!
4774,2994,6,9,81,96,1.21875,0.05580968011677582,683,We here at Nightmare Alley need to extend a big welcome to the president's latest child snatcher.
4794,2994,2,17,77,96,1.21875,0.04730250957698441,683,I gotta idea that has legs.
4827,2994,5,11,80,96,1.21875,0.053809127005767406,683,"I’ve finally made it to the Where the Wild Things Are council meeting! Now, which one of you is the current US president?"
5617,2994,2,17,77,96,1.21875,0.04730250957698441,683,Our new social media manager will finally get us trolls.
2112,2994,1,19,76,96,1.21875,0.044924705526766306,683,"Ok, shall we vote on the new inclusivity policy?"
5296,2994,4,13,79,96,1.21875,0.05173126620824946,683,I'd like to welcome the new Acting Secretary of Trump's Department of Space.
4859,2994,3,15,78,96,1.21875,0.04956637628367376,683,"And now let me introduce you to the worst monster of them all — Barry Schwarz, our lawyer."
5272,2994,4,13,79,96,1.21875,0.05173126620824946,683,"Meet Glen, our new ET Director."
4374,2994,2,17,77,96,1.21875,0.04730250957698441,683,Some of you won’t be at the next meeting
4305,2994,2,17,77,96,1.21875,0.04730250957698441,683,Just your regular White House Cabinet meeting
4071,2994,3,15,78,96,1.21875,0.04956637628367376,683,The Republicans win because they have a better image than us.
3884,2994,1,19,76,96,1.21875,0.044924705526766306,683,"So, what shall we call ourselves?"
3874,2994,3,15,78,96,1.21875,0.04956637628367376,683,"This here is Raymond, and I'd like to know if he is a yeah or a nay to have as our afternoon lunch?"
3865,2994,2,17,77,96,1.21875,0.04730250957698441,683,We’ll all have Lattes.
3840,2994,2,17,77,96,1.21875,0.04730250957698441,683,"And let’s all welcome Wart.  Finally, some true diversity on the board."
3725,2994,4,13,79,96,1.21875,0.05173126620824946,683,"Those of us seated here, with the possible exception of the thing to my right, can be thankful that we are not the species responsible for global warming, the deforestation of the Amazon, Chernobyl or the Electoral College."
3643,2994,4,13,79,96,1.21875,0.05173126620824946,683,Greet our new member of the diversity committee
3602,2994,2,17,77,96,1.21875,0.04730250957698441,683,"I know it looks disgusting, but it tastes delicious!"
2070,2994,2,17,77,96,1.21875,0.04730250957698441,683,"Hmm, another diversity hire."
925,2994,4,13,79,96,1.21875,0.05173126620824946,683,The meeting of the Female Woman  Haters Club will come to order.
1960,2994,2,17,77,96,1.21875,0.04730250957698441,683,You asked for a diversified board
2024,2994,4,13,79,96,1.21875,0.05173126620824946,683,"Now, Grumpus, let's remember our sensitivity training."
144,2994,2,17,77,96,1.21875,0.04730250957698441,683,We need to talk about the elephant in the room.
165,2994,3,15,78,96,1.21875,0.04956637628367376,683,WHO asked Ron from accounting to come?
180,2994,2,17,77,96,1.21875,0.04730250957698441,683,I told you boardroom diversity was a priority.
370,2994,3,15,78,96,1.21875,0.04956637628367376,683,"I called this meeting today to let you all know that Dale is in after cooking fish in the office microwave.  Sorry Erglenorf, you're out."
444,2994,3,15,78,96,1.21875,0.04956637628367376,683,"Howard is our screenwriter.  He'll work for a piece of the back-end gross, with no points on the merchandising."
473,2994,3,15,78,96,1.21875,0.04956637628367376,683,Welcome to BBDO NY.
527,2994,3,15,78,96,1.21875,0.04956637628367376,683,Isn't it nice for Sam to come visit us from Corporate.
582,2994,2,17,77,96,1.21875,0.04730250957698441,683,When the edibles hit at the wrong time
583,2994,5,11,80,96,1.21875,0.053809127005767406,683,This feels all alien to me.
644,2994,2,17,77,96,1.21875,0.04730250957698441,683,Looks like there's an elephant in the room.
666,2994,1,19,76,96,1.21875,0.044924705526766306,683,What's that thing with the jacket and tie?
698,2994,2,17,77,96,1.21875,0.04730250957698441,683,"De gustibus non est disputandum, dudes and dudettes!"
699,2994,3,15,78,96,1.21875,0.04956637628367376,683,"We've decided, you are banned, too odd!"
777,2994,2,17,77,96,1.21875,0.04730250957698441,683,Let me introduce our new Human Resources manager.
22,2994,4,13,79,96,1.21875,0.05173126620824946,683,"This is our new head of PR, the fact that he has an actual camera will do wonders for our image."
830,2994,1,19,76,96,1.21875,0.044924705526766306,683,Do you have extra copies of your resume’ ?
808,2994,3,15,78,96,1.21875,0.04956637628367376,683,"So the ayes have it, Humans are the new acting dominant species until Cockroaches are available."
1840,2994,4,13,79,96,1.21875,0.05173126620824946,683,Let's all be Humans here...
1741,2994,3,15,78,96,1.21875,0.04956637628367376,683,"He might look normal, but just wait and see what’s in his head."
1435,2994,2,17,77,96,1.21875,0.04730250957698441,683,We'll try the nature platter.
1408,2994,4,13,79,96,1.21875,0.05173126620824946,683,"Ah, here’s our lunch."
1372,2994,2,17,77,96,1.21875,0.04730250957698441,683,"Area 51 humor; ""A priest, a rabbi, and an imam walk into a spaceship."""
1311,2994,3,15,78,96,1.21875,0.04956637628367376,683,"Houston, we have a problem!"
1589,2994,3,15,78,96,1.21875,0.04956637628367376,683,Then it's settled. We'll do the Monster Mash.
1277,2994,3,15,78,96,1.21875,0.04956637628367376,683,"You are certainly welcome under our diversity policy, but I must remind you that our bylaws clearly state “ sans clothing”"
1245,2994,1,19,76,96,1.21875,0.044924705526766306,683,I want to introduce our new Chief Diversity Officer.
1235,2994,2,17,77,96,1.21875,0.04730250957698441,683,"I'd like to introduce Ed, who has a lot of ideas to save us a few bucks."
1055,2994,2,17,77,96,1.21875,0.04730250957698441,683,We've brought you together as a think tank model.
929,2994,5,11,80,96,1.21875,0.053809127005767406,683,"This is Horace - he represents planet Trump.  Whatever you do, don’t laugh..."
1303,2994,3,15,78,96,1.21875,0.04956637628367376,683,Greg comes from one of the top hedge funds.
1368,3068,2,18,81,101,1.2178217821782178,0.04582351075408372,683,"Please welcome our newest diversity outreach hire, Bill."
424,3068,4,14,83,101,1.2178217821782178,0.04995832004571433,683,Erwin will now present a slideshow on how we plan to refill the swamp.
1201,3070,2,17,78,97,1.2164948453608246,0.04686660376971086,683,What does this weirdo want?
4102,3070,1,19,77,97,1.2164948453608246,0.04451631068052103,683,Are you here for the intergalactic kegger?
3616,3070,1,19,77,97,1.2164948453608246,0.04451631068052103,683,And Ben here now has the monstrous task of presenting our annual budget.
2778,3070,1,19,77,97,1.2164948453608246,0.04451631068052103,683,Larry is here to lead today's diversity sensitivity training session.
2761,3070,1,19,77,97,1.2164948453608246,0.04451631068052103,683,"Remember, we're just ordinary guys doing an ordinary job."
2052,3070,1,19,77,97,1.2164948453608246,0.04451631068052103,683,Looks aren't everything. Let's give the kid a chance.
1453,3070,2,17,78,97,1.2164948453608246,0.04686660376971086,683,I see lunch order will be a problem!
4185,3070,4,13,80,97,1.2164948453608246,0.051244822309301524,683,"Ah, let’s break for lunch, everyone!"
5522,3070,4,13,80,97,1.2164948453608246,0.051244822309301524,683,Meet the new monster. He’s called appall-itician.
4248,3070,2,17,78,97,1.2164948453608246,0.04686660376971086,683,"Please join me in welcoming Dave, our new Diversity Manager."
3864,3080,2,17,79,98,1.2142857142857142,0.04643848313822551,683,"So, do we agree that humans are the weirdest?"
2446,3080,2,17,79,98,1.2142857142857142,0.04643848313822551,683,These lame contests and winning captions suck
1898,3082,2,18,83,103,1.2135922330097086,0.045027828265129306,683,Is there a motion to accept the minutes?
3170,3083,2,16,76,94,1.2127659574468086,0.04752472998434697,683,The food committee will come to order
3100,3083,1,18,75,94,1.2127659574468086,0.04505351662944766,683,True ghouls carring cabinet gruel--not welcommed--that's the rule!
3095,3083,1,18,75,94,1.2127659574468086,0.04505351662944766,683,I thought we were dressing up for Hallowe2.c0baa884-6617-46c9-8a46-84407c7d0722.1572487164.1
3065,3083,4,12,78,94,1.2127659574468086,0.05211680303793997,683,"I tell you, he is just the agent to get us out of these quirky side-kick roles."
3137,3083,2,16,76,94,1.2127659574468086,0.04752472998434697,683,Does anyone know this freak standing here?
3210,3083,2,16,76,94,1.2127659574468086,0.04752472998434697,683,Let's welcome our new Diversity Officer.
3244,3083,4,12,78,94,1.2127659574468086,0.05211680303793997,683,Who is the weird looking freak in the suit?
3262,3083,3,14,77,94,1.2127659574468086,0.049873645941421386,683,We have to be careful - The public is becoming more and more aware of the Washington Swamp....
3397,3083,2,16,76,94,1.2127659574468086,0.04752472998434697,683,He is our new head of Human Resources.
3425,3083,3,14,77,94,1.2127659574468086,0.049873645941421386,683,"You guys think you have it hard finding a mate, I live in New York"
3437,3083,1,18,75,94,1.2127659574468086,0.04505351662944766,683,Can I tell you about our specials?
3477,3083,1,18,75,94,1.2127659574468086,0.04505351662944766,683,Welcome to this meeting of the university's diversity committee. The chancellor is here to take your coffee orders.
3055,3083,3,14,77,94,1.2127659574468086,0.049873645941421386,683,There's a seat for everyone at the table.
3572,3083,2,16,76,94,1.2127659574468086,0.04752472998434697,683,No no you’re welcome here. We’re all about the diversity thing.
3184,3083,3,14,77,94,1.2127659574468086,0.049873645941421386,683,Let's tell the shareholders it's going to be a monster year
3047,3083,1,18,75,94,1.2127659574468086,0.04505351662944766,683,"Everyone, this is Fred. He's going to bring some much-needed diversity to the board."
2832,3083,3,14,77,94,1.2127659574468086,0.049873645941421386,683,We've taken a vote.  You should be the next species to go extinct.
2964,3083,3,14,77,94,1.2127659574468086,0.049873645941421386,683,His name is salt.
2541,3083,3,14,77,94,1.2127659574468086,0.049873645941421386,683,"Steve walked into his meeting, greeting the others as he calmly walks towards his seat.
He takes off his realistic human-like mask. Halloween is now over. He doesn't need to look scary anymore.
The fresh air feels great on his scaly, red skin."
2683,3083,2,16,76,94,1.2127659574468086,0.04752472998434697,683,"This is Dave, from Unhuman Resources."
2720,3083,2,16,76,94,1.2127659574468086,0.04752472998434697,683,"Hello fellow Halloween costumes that didn't sell this year. Please welcome Josh, the guy responsible for mandating Christmas music in stores before Halloween."
2729,3083,0,20,74,94,1.2127659574468086,0.04243864702455471,683,Welcome to our first “Workplace Diversity” meeting.
2730,3083,1,18,75,94,1.2127659574468086,0.04505351662944766,683,I don't want anyone to think of Paul as just a diversity hire.
2738,3083,1,18,75,94,1.2127659574468086,0.04505351662944766,683,Everyone please welcome our diversity hire.
3021,3083,3,14,77,94,1.2127659574468086,0.049873645941421386,683,"He isn’t a very physical specimen, but on his planet money seems to be very important."
2763,3083,0,20,74,94,1.2127659574468086,0.04243864702455471,683,"Okay, let's break for lunch."
3690,3083,1,18,75,94,1.2127659574468086,0.04505351662944766,683,Who wants a new appetizer...er...assistant?
2859,3083,1,18,75,94,1.2127659574468086,0.04505351662944766,683,Meet our newest board member. Diversity runs both ways.
2883,3083,0,20,74,94,1.2127659574468086,0.04243864702455471,683,"Sorry I'm late. I was getting my body suit on, but now I see this is a imformal meeting."
2908,3083,3,14,77,94,1.2127659574468086,0.049873645941421386,683,"Motion carried, now let's eat the guy in the suit for lunch!"
2916,3083,4,12,78,94,1.2127659574468086,0.05211680303793997,683,I guess I ‘m the odd man out.
2942,3083,3,14,77,94,1.2127659574468086,0.049873645941421386,683,"More diversity? Okay then, let’s vote:  do we stop eating all the remaining worthy white males or not?"
2768,3083,2,16,76,94,1.2127659574468086,0.04752472998434697,683,"Hey, people are monsters too."
3714,3083,3,14,77,94,1.2127659574468086,0.049873645941421386,683,Minority representation is everything...seriously!
5375,3083,1,18,75,94,1.2127659574468086,0.04505351662944766,683,Let's welcome Joe. He's from Earth.
3797,3083,3,14,77,94,1.2127659574468086,0.049873645941421386,683,I'm afraid no one will take us seriously as monsters these days unless we eat someone.
5253,3083,1,18,75,94,1.2127659574468086,0.04505351662944766,683,"And now, the representative from planet Earth."
5287,3083,1,18,75,94,1.2127659574468086,0.04505351662944766,683,We're most proud of our transformative training program.
5377,3083,5,10,79,94,1.2127659574468086,0.054267317588955866,683,"This is Mark, our new Director of Diversity. Let's try not to eat this one."
5389,3083,2,16,76,94,1.2127659574468086,0.04752472998434697,683,Why did you think they called it the dragon's den?
5400,3083,1,18,75,94,1.2127659574468086,0.04505351662944766,683,"He thought it was Murder, Not Monsters Inc."
5619,3083,1,18,75,94,1.2127659574468086,0.04505351662944766,683,"He's 'Suitsie,'on every box of our new ""People Crackers.'"""
5198,3083,5,10,79,94,1.2127659574468086,0.054267317588955866,683,Anyone who needs to phone home can use my office
5558,3083,4,12,78,94,1.2127659574468086,0.05211680303793997,683,"All in favor of admitting Bob to the Diversity Club, signify by grunting ‘aye’."
5544,3083,2,16,76,94,1.2127659574468086,0.04752472998434697,683,"You all, this is Bob from the Human Resources."
5502,3083,2,16,76,94,1.2127659574468086,0.04752472998434697,683,"Sir, let me introduce you to the members of The Ought To  Be Extinct Society."
5489,3083,5,10,79,94,1.2127659574468086,0.054267317588955866,683,"Listen team. You don't eat this guy, my boss sees I can manage you.  I get  a big raise. You all get HUGE year-end bonuses. Deal? I hear humans call this a 'squid fro toe'. Or something like that."
5458,3083,6,8,80,94,1.2127659574468086,0.05633579996508232,683,Hello Steve. I’m Donald Trump. Big guy’s Judge Kavanaugh. And flat face to my left here is Mike Pence. I don’t remember the other names. Your membership fee is $5 billion.
5456,3083,2,16,76,94,1.2127659574468086,0.04752472998434697,683,Welcome to the presidential cabinet
2419,3083,3,14,77,94,1.2127659574468086,0.049873645941421386,683,That was a PERFECT phone call!
5547,3083,3,14,77,94,1.2127659574468086,0.049873645941421386,683,"It's called posthumanism, a complete cyborg is joining our team."
5182,3083,2,16,76,94,1.2127659574468086,0.04752472998434697,683,Who’s that guy dressed as a waiter? Great costume!
5177,3083,3,14,77,94,1.2127659574468086,0.049873645941421386,683,The suit wants to know if we'd come back to work at the CDC lab.  I say he's lunch.
5140,3083,2,16,76,94,1.2127659574468086,0.04752472998434697,683,Introducing: The really weird guy!
3822,3083,2,16,76,94,1.2127659574468086,0.04752472998434697,683,I would like to introduce you to Jim. He will be leading the earth trasition team.
3844,3083,2,16,76,94,1.2127659574468086,0.04752472998434697,683,"I can't believe I have to say this again, but the front parking lot is for monster trucks only."
3848,3083,2,16,76,94,1.2127659574468086,0.04752472998434697,683,"Mr. President, we’re really scraping the bottom off the barrel now."
4111,3083,1,18,75,94,1.2127659574468086,0.04505351662944766,683,"I know you guys liked Zonkoid, but I think Bill will be a better fit."
4132,3083,0,20,74,94,1.2127659574468086,0.04243864702455471,683,"is it a little warm in here, or am I in the wrong century?"
4186,3083,2,16,76,94,1.2127659574468086,0.04752472998434697,683,"When I said we needed a minority board member, I didn't mean a white male!"
4212,3083,2,16,76,94,1.2127659574468086,0.04752472998434697,683,"He uses the pronouns ""He"", ""His"" and ""Him"""
4229,3083,2,16,76,94,1.2127659574468086,0.04752472998434697,683,"Board Members, he wants to know what happened to the previous  board."
4298,3083,1,18,75,94,1.2127659574468086,0.04505351662944766,683,I’ve invited you all here to discuss another Star War’s bar scene.
4427,3083,2,16,76,94,1.2127659574468086,0.04752472998434697,683,"Yeah, we've been waiting 20 minutes for menus.  Maybe some crackers in a barrel to snack on?"
4711,3083,5,10,79,94,1.2127659574468086,0.054267317588955866,683,Our guest speaker’s topic is diversity .
4807,3083,4,12,78,94,1.2127659574468086,0.05211680303793997,683,I agree.  Humans are just plain ugly.
4819,3083,3,14,77,94,1.2127659574468086,0.049873645941421386,683,HR is here to congratulate the Board on achieving our Diversity hiring goals.
5009,3083,2,16,76,94,1.2127659574468086,0.04752472998434697,683,"Jim is joining the board, and he will soon be just like one of us."
5132,3083,2,16,76,94,1.2127659574468086,0.04752472998434697,683,We want to emphasize Mike wasn't a diversity hire
3767,3083,3,14,77,94,1.2127659574468086,0.049873645941421386,683,"And when we adjourn, as a special treat, Fred will provide our lunch."
2392,3083,1,18,75,94,1.2127659574468086,0.04505351662944766,683,Anyone from last time extinct?
5213,3083,2,16,76,94,1.2127659574468086,0.04752472998434697,683,"This is Hubert, our token human."
2363,3083,0,20,74,94,1.2127659574468086,0.04243864702455471,683,the earth is not for us
1504,3083,3,14,77,94,1.2127659574468086,0.049873645941421386,683,I'd like to present... our lunch!
1496,3083,3,14,77,94,1.2127659574468086,0.049873645941421386,683,Is there no common denominator?
1481,3083,3,14,77,94,1.2127659574468086,0.049873645941421386,683,"So, the takeaway from this meeting is to make sure you share with all our stakeholders that 'perception is reality.'"
1438,3083,4,12,78,94,1.2127659574468086,0.05211680303793997,683,"No, you can't eat Giles. Do you know how hard it is to find and keep a decent human servant?"
1293,3083,1,18,75,94,1.2127659574468086,0.04505351662944766,683,Here comes the main course
1244,3083,1,18,75,94,1.2127659574468086,0.04505351662944766,683,And the winner is !
1197,3083,3,14,77,94,1.2127659574468086,0.049873645941421386,683,"So, we’re here today to discuss the value of diversity in our company ."
1121,3083,3,14,77,94,1.2127659574468086,0.049873645941421386,683,"Webley, control yourself, this is our new intern, not our lunch order."
1043,3083,2,16,76,94,1.2127659574468086,0.04752472998434697,683,"This is Larry from HR. He’s here to clarify the proper procedures of invading, abducting and most importantly, probing."
1039,3083,1,18,75,94,1.2127659574468086,0.04505351662944766,683,Please give a warm welcome to our new Non-Alien Director
954,3083,2,16,76,94,1.2127659574468086,0.04752472998434697,683,Try not to stare. He’s a bit unusual looking!
834,3083,1,18,75,94,1.2127659574468086,0.04505351662944766,683,I’m sorry I called your friends ordinary.
825,3083,4,12,78,94,1.2127659574468086,0.05211680303793997,683,"Gentlemen, lunch has arrived."
1535,3083,1,18,75,94,1.2127659574468086,0.04505351662944766,683,Who invited that guy?
628,3083,4,12,78,94,1.2127659574468086,0.05211680303793997,683,"I can assure you all that despite Philip's relation to Felicity Huffman, he's actually a real diversity/affirmative action hire."
569,3083,1,18,75,94,1.2127659574468086,0.04505351662944766,683,I decided we needed more diversity
566,3083,1,18,75,94,1.2127659574468086,0.04505351662944766,683,Ahhh. Lunch is here.
534,3083,2,16,76,94,1.2127659574468086,0.04752472998434697,683,Earthlings still wear clothes??
477,3083,2,16,76,94,1.2127659574468086,0.04752472998434697,683,Maybe not the boardroom but Karl is a freak in the bedroom.
396,3083,4,12,78,94,1.2127659574468086,0.05211680303793997,683,Nobody laugh. I told him we were having him for lunch.
339,3083,2,16,76,94,1.2127659574468086,0.04752472998434697,683,"The best Halloween costume goes to,.....ET!"" 
 ""Yes, you can phone home!"
324,3083,0,20,74,94,1.2127659574468086,0.04243864702455471,683,This is our attorney.  Don't let his appearance spook you.
277,3083,2,16,76,94,1.2127659574468086,0.04752472998434697,683,He's provided by Behemoth's deli.
220,3083,4,12,78,94,1.2127659574468086,0.05211680303793997,683,Let's change voters' perceptions about the Swamp.
218,3083,2,16,76,94,1.2127659574468086,0.04752472998434697,683,He's the new diversity hire.
173,3083,4,12,78,94,1.2127659574468086,0.05211680303793997,683,Todd is the new head of human resources.
120,3083,3,14,77,94,1.2127659574468086,0.049873645941421386,683,But if we accept it we'll be like a damned menagerie.
70,3083,3,14,77,94,1.2127659574468086,0.049873645941421386,683,Our consultant is quite the outsider.
578,3083,0,20,74,94,1.2127659574468086,0.04243864702455471,683,Anyone want to address the human in the room?
1541,3083,2,16,76,94,1.2127659574468086,0.04752472998434697,683,Welcome our new Secretary of State...
1400,3083,1,18,75,94,1.2127659574468086,0.04505351662944766,683,"So I said, ""Chew with your mouth open, not like a man!"""
1594,3083,3,14,77,94,1.2127659574468086,0.049873645941421386,683,Corey is barbecuing hot dogs tonight!
2348,3083,6,8,80,94,1.2127659574468086,0.05633579996508232,683,"Okay, how many in favor of a wall?  How many in favor of a moat?"
2329,3083,2,16,76,94,1.2127659574468086,0.04752472998434697,683,"Obviously, he hasn't received the email on the dress code!"
2316,3083,4,12,78,94,1.2127659574468086,0.05211680303793997,683,"I thought about going vegan, but I just love being a humanitarian."
2265,3083,4,12,78,94,1.2127659574468086,0.05211680303793997,683,Your presentation is spotty at best.
2254,3083,1,18,75,94,1.2127659574468086,0.04505351662944766,683,".. And lastly I'd like to introduce Dave, who will be joining our lunch meeting.. """
2244,3083,3,14,77,94,1.2127659574468086,0.049873645941421386,683,Our new consultant is going to help improve our image.
2237,3083,3,14,77,94,1.2127659574468086,0.049873645941421386,683,Kendrick here has been brought in to solve the dress code problem
2231,3083,3,14,77,94,1.2127659574468086,0.049873645941421386,683,I think we’d better see the menu
1582,3083,3,14,77,94,1.2127659574468086,0.049873645941421386,683,What? We ARE all alike!!
2178,3083,1,18,75,94,1.2127659574468086,0.04505351662944766,683,"If you’re looking for the cultural sensitivity training, you’re in the right place."
2172,3083,2,16,76,94,1.2127659574468086,0.04752472998434697,683,"Steve, we have the conference room until 3. And it's a closed door meeting."
2162,3083,6,8,80,94,1.2127659574468086,0.05633579996508232,683,Let's call this meeting to order.  I'll have the guy in the suit.
2158,3083,2,16,76,94,1.2127659574468086,0.04752472998434697,683,Who invited the alien?
2150,3083,2,16,76,94,1.2127659574468086,0.04752472998434697,683,Shall we convene to the bar?
2217,3083,1,18,75,94,1.2127659574468086,0.04505351662944766,683,It's a good diversity effort but we still need a non-binary slurf.
2128,3083,0,20,74,94,1.2127659574468086,0.04243864702455471,683,Please welcome the caucasoid.
1608,3083,3,14,77,94,1.2127659574468086,0.049873645941421386,683,"We'll all have the vegetarian prixe-fixe, please."
2130,3083,0,20,74,94,1.2127659574468086,0.04243864702455471,683,I felt like I was in a cartoon.
1707,3083,2,16,76,94,1.2127659574468086,0.04752472998434697,683,"I know, I know, but we've got to change our image if we want to flip the House back next year."
1837,3083,2,16,76,94,1.2127659574468086,0.04752472998434697,683,"OK we agree. Now, let's have the Uber guy take us to lunch."
1879,3083,2,16,76,94,1.2127659574468086,0.04752472998434697,683,We've hired Larry as part of our new equal-opportunity program.
1905,3083,2,16,76,94,1.2127659574468086,0.04752472998434697,683,I thought we could use some new species on the board -
1657,3083,4,12,78,94,1.2127659574468086,0.05211680303793997,683,"When you said you were going to diversify this meeting, I didn't think you would bring an Homosapien"
2006,3083,2,16,76,94,1.2127659574468086,0.04752472998434697,683,Monsters of Mergers and Acquisitions​
2053,3083,3,14,77,94,1.2127659574468086,0.049873645941421386,683,Lunch break! The watch is mine.
2383,3083,1,18,75,94,1.2127659574468086,0.04505351662944766,683,Let me introduce our new diversity chief.
2124,3083,3,14,77,94,1.2127659574468086,0.049873645941421386,683,"And now to explain why his division had a .3% drop in revenue this quarter, we'll hear from Bill.  Then I suggest we break for lunch."
1958,3083,2,16,76,94,1.2127659574468086,0.04752472998434697,683,What PAC voted him on the board?
2777,3216,2,17,80,99,1.2121212121212122,0.046017947241275524,683,Welcome our newest member to the Extinct Species Board of Directors.
3333,3216,3,15,81,99,1.2121212121212122,0.048205752059134375,683,"Well, I'm all for diversity, but who needs stupidity?"
3770,3216,3,15,81,99,1.2121212121212122,0.048205752059134375,683,All in favor say 'hi'.
4830,3219,3,13,74,90,1.211111111111111,0.05118921460128822,683,Slide down boys and make room for the freshman senator from the great state of Utah.
5114,3220,3,14,78,95,1.2105263157894737,0.049396666362498,683,"Meet Henry, the first step in our long-overdue diversity program."
2515,3220,2,16,77,95,1.2105263157894737,0.04707511531578504,683,I invited dinner...I meant Ron over...
2835,3220,4,12,79,95,1.2105263157894737,0.05161390135865942,683,Dressing like a human. That’s some Halloween costume.
3227,3220,4,12,79,95,1.2105263157894737,0.05161390135865942,683,"Alright...you're under the bed, you've got the closet, and I'll hide under the stairs."
4828,3220,4,12,79,95,1.2105263157894737,0.05161390135865942,683,"He calls himself ""Jared"" and he's here to negotiate inter-planetary peace."
4824,3220,2,16,77,95,1.2105263157894737,0.04707511531578504,683,They’re saying our diversity and inclusion initiative has gone too far.
5072,3220,4,12,79,95,1.2105263157894737,0.05161390135865942,683,All in favor of including Earthlings in the next Star Wars trilogy...?
5102,3220,0,20,75,95,1.2105263157894737,0.042049234838787426,683,"Before we end your interview,what can you bring to the table?"
2213,3220,3,14,78,95,1.2105263157894737,0.049396666362498,683,And here now is our special guest with our lunch presentation
3307,3220,3,14,78,95,1.2105263157894737,0.049396666362498,683,He's from ICE and thinks one of us maybe illegal.
1798,3220,4,12,79,95,1.2105263157894737,0.05161390135865942,683,"I propose that no human be permitted to attend these meetings, whose specie  has done nothing but destroy the natural environment we need to survive"
4593,3220,1,18,76,95,1.2105263157894737,0.04463297341944604,683,I'm assuming we're all vegetarians.
964,3220,4,12,79,95,1.2105263157894737,0.05161390135865942,683,"Now that we have every department together, let's see if we can solve this company-wide problem in 30 minutes"
927,3220,2,16,77,95,1.2105263157894737,0.04707511531578504,683,Please join me in welcoming our new Chief Diversity Officer.
912,3220,2,16,77,95,1.2105263157894737,0.04707511531578504,683,Let me introduce Harold who will be heading up the diversity committee.
143,3220,1,18,76,95,1.2105263157894737,0.04463297341944604,683,"I'd like to welcome Fred Matthews to the board.  As you may have noticed, he's a HUMAN."
1404,3220,3,14,78,95,1.2105263157894737,0.049396666362498,683,You should have seen him crying and whimpering
5611,3237,2,15,74,91,1.2087912087912087,0.048207132238423746,683,"Ah, the first course on the GOP luncheon menu is served: filet of whistleblower."
3760,3237,4,11,76,91,1.2087912087912087,0.053031387753417904,683,Our rebranding guy.
3776,3237,1,17,73,91,1.2087912087912087,0.045604027831460565,683,"Hey man, welcome to our diversity training!"
3806,3237,2,15,74,91,1.2087912087912087,0.048207132238423746,683,"Okay, our clueless lunch has arrived so let's take a break."
3867,3237,2,15,74,91,1.2087912087912087,0.048207132238423746,683,Just let him get a little closer; I'm hoping he tastes like chicken.
3888,3237,3,13,75,91,1.2087912087912087,0.05067669921031872,683,He's the new non-fiction editor
3893,3237,1,17,73,91,1.2087912087912087,0.045604027831460565,683,"No Jeff, you can’t have an extra vacation day.”"
3904,3237,2,15,74,91,1.2087912087912087,0.048207132238423746,683,I had a dream last night that I walked into my office and all of you turned into humans. Coffee anyone?
4003,3237,1,17,73,91,1.2087912087912087,0.045604027831460565,683,Somebody find a seat for the weirdo
3996,3237,1,17,73,91,1.2087912087912087,0.045604027831460565,683,"I know, I know. His tie is hideous. Try not to mention it though, okay?"
4025,3237,3,13,75,91,1.2087912087912087,0.05067669921031872,683,"Listen we've held productive meetings for millions of years now, he'll adapt eventually."
4050,3237,1,17,73,91,1.2087912087912087,0.045604027831460565,683,I'd like to introduce our guest speaker who will be discussing our need for more diversity in our organization.
4142,3237,2,15,74,91,1.2087912087912087,0.048207132238423746,683,"Dave, if you would, espresso all around."
4168,3237,2,15,74,91,1.2087912087912087,0.048207132238423746,683,"Friends, let me introduce Dave from HR, who successfully stopped the Area 51 raid this fall."
4203,3237,2,15,74,91,1.2087912087912087,0.048207132238423746,683,Your application for membership in the Society of Non-Protected Classes has been blackballed.
4244,3237,1,17,73,91,1.2087912087912087,0.045604027831460565,683,"From now on, all company bathroom's are gender neutral."
4288,3237,1,17,73,91,1.2087912087912087,0.045604027831460565,683,"Everyone this is Larry, he’s from earth.  Please don’t be frightened by his grotesque appearance."
3915,3237,3,13,75,91,1.2087912087912087,0.05067669921031872,683,"Everyone, this is Larry from Accounting."
3568,3237,1,17,73,91,1.2087912087912087,0.045604027831460565,683,We are all waiting for a chance to be in the next “men in black” movie.
3470,3237,3,13,75,91,1.2087912087912087,0.05067669921031872,683,And Bentley here will be our snack.
3487,3237,1,17,73,91,1.2087912087912087,0.045604027831460565,683,Do you think you all can behave together in a bar?
3072,3237,3,13,75,91,1.2087912087912087,0.05067669921031872,683,"As Jared notes, a drained swamp is rife with opportunity."
3099,3237,1,17,73,91,1.2087912087912087,0.045604027831460565,683,I’d like to introduce our token human
3111,3237,2,15,74,91,1.2087912087912087,0.048207132238423746,683,Who let the freak with the tie in here?
3120,3237,2,15,74,91,1.2087912087912087,0.048207132238423746,683,A board meeting of the Eat What You Kill Company“
3148,3237,4,11,76,91,1.2087912087912087,0.053031387753417904,683,Take your clothes off and get involved
3166,3237,2,15,74,91,1.2087912087912087,0.048207132238423746,683,"You know, Brian, we all worked really hard on our costumes this year. You really could've made an effort."
3187,3237,1,17,73,91,1.2087912087912087,0.045604027831460565,683,"Very funny
Tell the new guy to come in costume."
3199,3237,1,17,73,91,1.2087912087912087,0.045604027831460565,683,What did you do with the spoon?
3497,3237,1,17,73,91,1.2087912087912087,0.045604027831460565,683,We can program him any way you like.
3216,3237,1,17,73,91,1.2087912087912087,0.045604027831460565,683,The election ended a long time ago in one of the biggest Electoral College victories in history.
3269,3237,3,13,75,91,1.2087912087912087,0.05067669921031872,683,The Never Noah impeachment inquiry will come to order!
3289,3237,1,17,73,91,1.2087912087912087,0.045604027831460565,683,"Gentlemen, this is Rodney. He's had thirty years experience hiding under rocks"""
3310,3237,2,15,74,91,1.2087912087912087,0.048207132238423746,683,"Good one Stuart, but we weren't supposed to dress up for Halloween."
3313,3237,2,15,74,91,1.2087912087912087,0.048207132238423746,683,"The suit and the tie are a bit off-putting, but I think we all know who he is masquerading as."
3342,3237,1,17,73,91,1.2087912087912087,0.045604027831460565,683,Finally we have found the perfect candidate to initiate our Human Resources Department.
3389,3237,4,11,76,91,1.2087912087912087,0.053031387753417904,683,"He's a bit scary looking, yes, but he speaks Ukrainian."
3399,3237,2,15,74,91,1.2087912087912087,0.048207132238423746,683,When everyone's having a good time and that one person walks in.
3456,3237,3,13,75,91,1.2087912087912087,0.05067669921031872,683,Don't let his appearence fool you- this guy's policy record makes us look like amateurs!
3266,3237,2,15,74,91,1.2087912087912087,0.048207132238423746,683,Stay with me here: Tom is leading our new Human Resources department.
4302,3237,1,17,73,91,1.2087912087912087,0.045604027831460565,683,"In keeping with the firm's commitment to inclusion and diversity, we abducted our new CEO from Earth."
4392,3237,3,13,75,91,1.2087912087912087,0.05067669921031872,683,"And this is Stan, our new Monster Resources Director."
4393,3237,2,15,74,91,1.2087912087912087,0.048207132238423746,683,"OH! OH! Human, Good to EAT?"
5053,3237,1,17,73,91,1.2087912087912087,0.045604027831460565,683,"Just because he looks funny, doesn't mean he shouldn't get a seat at the table"
5086,3237,1,17,73,91,1.2087912087912087,0.045604027831460565,683,this is George's nephew...pull up a chair...we were just ordering lunch...
5090,3237,2,15,74,91,1.2087912087912087,0.048207132238423746,683,"To start things off this morning, it looks like we could all use a cup of coffee."
5193,3237,1,17,73,91,1.2087912087912087,0.045604027831460565,683,"The newest member of our team, my nephew Harold, who's just completed his PhD in biodiversity ..."
5195,3237,6,7,78,91,1.2087912087912087,0.05745196755076235,683,why did I agree to sign the NDA?
5255,3237,4,11,76,91,1.2087912087912087,0.053031387753417904,683,"Ladies and gentlemen, we have conclusively proved that our insecticide is safe for use to grow food, for human consumption."
5256,3237,4,11,76,91,1.2087912087912087,0.053031387753417904,683,I trust you’ve all had lunch?
5278,3237,2,15,74,91,1.2087912087912087,0.048207132238423746,683,«The gentleman has offered to talk to us about ‘Advanced Genetics’ »
5293,3237,3,13,75,91,1.2087912087912087,0.05067669921031872,683,The Coalition of Aquatic Biodiversity Centenary Summit is pleased to have a representative today who will humanplain just why all the seas have been desalinized for their now arid habitats.
5299,3237,3,13,75,91,1.2087912087912087,0.05067669921031872,683,"It's complicated. We have to fix his illegal immigration status."""
5419,3237,1,17,73,91,1.2087912087912087,0.045604027831460565,683,Say hello to the new extinct species.
5417,3237,5,9,77,91,1.2087912087912087,0.05528587822630302,683,"And so we're agreed.  Michael Corleone will have the Milky Way, and Zotar will control the Lesser Magellanic Cloud."
5414,3237,1,17,73,91,1.2087912087912087,0.045604027831460565,683,"Let's welcome Ed, our new head of diversity."
5411,3237,3,13,75,91,1.2087912087912087,0.05067669921031872,683,Apparently not all the earthlings chose him as their leader.
5354,3237,3,13,75,91,1.2087912087912087,0.05067669921031872,683,"He was reluctant to tell them the house specialty is ""monster Mash"""
3052,3237,1,17,73,91,1.2087912087912087,0.045604027831460565,683,Members of the Board meet Bob; he is the one that will bring balance to the business
5337,3237,2,15,74,91,1.2087912087912087,0.048207132238423746,683,"Remember, equal opportunity !"
4959,3237,2,15,74,91,1.2087912087912087,0.048207132238423746,683,I feel alienated ...
4955,3237,1,17,73,91,1.2087912087912087,0.045604027831460565,683,"This is dinner, who's hungry?"
4948,3237,1,17,73,91,1.2087912087912087,0.045604027831460565,683,Turns out we have a huge untapped customer base.
4911,3237,2,15,74,91,1.2087912087912087,0.048207132238423746,683,Gentlemen is this not taking casual Friday a bit far
4404,3237,1,17,73,91,1.2087912087912087,0.045604027831460565,683,"Hey folks, make some noise for the new kid!"
4424,3237,4,11,76,91,1.2087912087912087,0.053031387753417904,683,I’d like to introduce our new V.P. for reality shows.
4454,3237,4,11,76,91,1.2087912087912087,0.053031387753417904,683,"Thanks to the Star Wars checks, we now have a butler."
4513,3237,3,13,75,91,1.2087912087912087,0.05067669921031872,683,Let’s face it . . .
4532,3237,4,11,76,91,1.2087912087912087,0.053031387753417904,683,"Robert, here, suggests his rules of order."
4566,3237,4,11,76,91,1.2087912087912087,0.053031387753417904,683,Don't mind him. He just like to linger around when elders talk.
4608,3237,3,13,75,91,1.2087912087912087,0.05067669921031872,683,I’ll have what I’m having.
4635,3237,2,15,74,91,1.2087912087912087,0.048207132238423746,683,"This is Bob, our new Non-Human Resources director."
4383,3237,1,17,73,91,1.2087912087912087,0.045604027831460565,683,"Lets take our brake now, I see lunch has arrived."
4652,3237,1,17,73,91,1.2087912087912087,0.045604027831460565,683,See. We are a very diverse and inclusive panel here.
4705,3237,1,17,73,91,1.2087912087912087,0.045604027831460565,683,"This is Ted, our diversity hire. He’s from an underserved planet."
4756,3237,4,11,76,91,1.2087912087912087,0.053031387753417904,683,"Look, he has fired just about everyone in his cabinet, which one of us is next?"
4793,3237,2,15,74,91,1.2087912087912087,0.048207132238423746,683,I'd like to introduce Carl. We're having him for lunch.
4805,3237,1,17,73,91,1.2087912087912087,0.045604027831460565,683,"Let’s not forget the guy who started it all, Norm."
4808,3237,4,11,76,91,1.2087912087912087,0.053031387753417904,683,"Before this meeting turns into a zoo, does anyone want coffee?"
5534,3237,3,13,75,91,1.2087912087912087,0.05067669921031872,683,They told me this place was a fuckin' zoo.
4851,3237,2,15,74,91,1.2087912087912087,0.048207132238423746,683,Todd's here with our lunch order.  I've got dibs on his hamstrings.
4873,3237,2,15,74,91,1.2087912087912087,0.048207132238423746,683,I’d like you to meet Pembroke - he was recently transferred from a regional office.
4666,3237,3,13,75,91,1.2087912087912087,0.05067669921031872,683,"Everybody, this is Chad the new best Secretary of Homeland Security."
3042,3237,2,15,74,91,1.2087912087912087,0.048207132238423746,683,Hank says he’s tired of being marginalized.
3747,3237,2,15,74,91,1.2087912087912087,0.048207132238423746,683,"We are delighted to have you join the Board Michael, to increase our diversity"
2961,3237,4,11,76,91,1.2087912087912087,0.053031387753417904,683,Our PR guy tells me we have to start dressing for success.
883,3237,1,17,73,91,1.2087912087912087,0.045604027831460565,683,We need to think outside the box.
951,3237,5,9,77,91,1.2087912087912087,0.05528587822630302,683,Let's all thank Nick for the shine he brought to our table.
979,3237,3,13,75,91,1.2087912087912087,0.05067669921031872,683,"And before we commence with the new business,
I’d like to introduce our new accountant,
Mr. Bialystok..."
1044,3237,2,15,74,91,1.2087912087912087,0.048207132238423746,683,"Friends, today we're welcoming Ted.  I know he's kind of  weird and different, so let's all try extra hard to make him feel welcome!"
1073,3237,2,15,74,91,1.2087912087912087,0.048207132238423746,683,I'd like to preface this introduction by reminding you all of our superb  reputation for nondescrimination.
1077,3237,6,7,78,91,1.2087912087912087,0.05745196755076235,683,I gathered you all here today to tell you I'm draining the swamp and you're all fired.
1200,3237,1,17,73,91,1.2087912087912087,0.045604027831460565,683,All those in favor of eating the CEO say aye.
1258,3237,3,13,75,91,1.2087912087912087,0.05067669921031872,683,"Listen, you asked for a shark, and this is the best I could do with a day's notice."
1263,3237,2,15,74,91,1.2087912087912087,0.048207132238423746,683,"I would like you to meet Bert, our token humanoid."
1282,3237,2,15,74,91,1.2087912087912087,0.048207132238423746,683,I'm starting a podcast.
1304,3237,3,13,75,91,1.2087912087912087,0.05067669921031872,683,"After recusing himself from the “Earth-invasion” vote, Bob awkwardly exits the conference room."
1308,3237,1,17,73,91,1.2087912087912087,0.045604027831460565,683,"No claws on the table, Jeremy!"
1337,3237,5,9,77,91,1.2087912087912087,0.05528587822630302,683,Who’s the goofy nerd in the suit?
1385,3237,2,15,74,91,1.2087912087912087,0.048207132238423746,683,"The topic for today is ""what is reality?"""
1441,3237,3,13,75,91,1.2087912087912087,0.05067669921031872,683,"Well, looks like lunch is here!"
858,3237,1,17,73,91,1.2087912087912087,0.045604027831460565,683,This is Gary. He's part of our new diversity program.  Please don't eat him.
781,3237,2,15,74,91,1.2087912087912087,0.048207132238423746,683,"It's one of those ""pick six guests, alive or not, you'd most like at your next dinner party."""
720,3237,4,11,76,91,1.2087912087912087,0.053031387753417904,683,"I'd like to introduce, Marvin. He'll take your lunch orders. Just don't eat him."
682,3237,1,17,73,91,1.2087912087912087,0.045604027831460565,683,"We met while i was under his bed, and now we cant imagine not being together."
3007,3237,2,15,74,91,1.2087912087912087,0.048207132238423746,683,And Patrick from human resources will not talk on diversity...
63,3237,0,19,72,91,1.2087912087912087,0.04284305206509435,683,Finally found the right rabbit hole!
72,3237,2,15,74,91,1.2087912087912087,0.048207132238423746,683,Nice of Noah to give the Ark a five-star dining room.
97,3237,3,13,75,91,1.2087912087912087,0.05067669921031872,683,"Alright then, the municipal council of Roswell New Mexico will come to order and vote on Mr. Bellamy's petition."
122,3237,2,15,74,91,1.2087912087912087,0.048207132238423746,683,"In accordance with our new inclusion policy, I would like to introduce you to our newest board member, Jared Smithers.  In related business, please note that humans have been removed as options on our lunch menu."
190,3237,3,13,75,91,1.2087912087912087,0.05067669921031872,683,Get a load of this one.  What a dinosaur.
211,3237,2,15,74,91,1.2087912087912087,0.048207132238423746,683,Larry here will highlight 'drain the swamp' on the Sunday shows. And infrastructure.
1452,3237,5,9,77,91,1.2087912087912087,0.05528587822630302,683,"So then I thought, if you want to battle lawyers, you have to become one."
245,3237,1,17,73,91,1.2087912087912087,0.045604027831460565,683,Fellas ... who's the freak?
329,3237,3,13,75,91,1.2087912087912087,0.05067669921031872,683,"""All right, the meeting shall come to order. Who wants to volunteer to be secretary?"""
355,3237,4,11,76,91,1.2087912087912087,0.053031387753417904,683,"Eep op ork, ah-ah."
406,3237,3,13,75,91,1.2087912087912087,0.05067669921031872,683,And he never tips waiters. Michael's earned his spot.
455,3237,3,13,75,91,1.2087912087912087,0.05067669921031872,683,I’d like to introduce our new diversity consultant.
557,3237,4,11,76,91,1.2087912087912087,0.053031387753417904,683,"And now for the final part of his initiation into the Illuminate, Mr. Gates will shapeshift into the species of his choosing."
657,3237,3,13,75,91,1.2087912087912087,0.05067669921031872,683,Here's one! What do you do with an elephant who has 3 balls on him?....Walk him and pitch to the crocodile!
679,3237,3,13,75,91,1.2087912087912087,0.05067669921031872,683,"Oh good, our business man appetizer has arrived. Lets dig in!"
262,3237,2,15,74,91,1.2087912087912087,0.048207132238423746,683,"I'd like you all to meet Chet, he was in upper management at Amazon."
1457,3237,3,13,75,91,1.2087912087912087,0.05067669921031872,683,"I know it's hideous, but we have to get serious about meeting our diversity quota"
593,3237,2,15,74,91,1.2087912087912087,0.048207132238423746,683,I think my resume speaks for itself.
1526,3237,1,17,73,91,1.2087912087912087,0.045604027831460565,683,"Hold on a minute, everybody - the weird dude wants to talk."
2412,3237,0,19,72,91,1.2087912087912087,0.04284305206509435,683,"He moved so fast, he even broke his planet."
2428,3237,2,15,74,91,1.2087912087912087,0.048207132238423746,683,"Hey, I was told they didn't serve GM food here!"
2436,3237,0,19,72,91,1.2087912087912087,0.04284305206509435,683,The Board does not feel You would fit in
2484,3237,3,13,75,91,1.2087912087912087,0.05067669921031872,683,"We haven't worked all the kinks out yet, but we are planning to call it a HUMAN"
2495,3237,3,13,75,91,1.2087912087912087,0.05067669921031872,683,"Ok guys,so this is Jared and he'll be our new public relations officer."
2500,3237,0,19,72,91,1.2087912087912087,0.04284305206509435,683,Tom here is our next entree...er intern...
2546,3237,4,11,76,91,1.2087912087912087,0.053031387753417904,683,"All in favor of dissolving the firm and joining the circus, say ""Aye"""
2377,3237,2,15,74,91,1.2087912087912087,0.048207132238423746,683,"I want to introduce you all to the newest member of the team, Charles, let’s make him feel at home and that he’s one of us."
2693,3237,2,15,74,91,1.2087912087912087,0.048207132238423746,683,"Great, human resources messed up our order again—looks like we're sharing."
2713,3237,3,13,75,91,1.2087912087912087,0.05067669921031872,683,"I'd like to introduce Melvin, our new token monster, who's here to go over this years health insurance plan options."
2775,3237,2,15,74,91,1.2087912087912087,0.048207132238423746,683,Today's task is to think-tank how to distract the public from all these impeachment points. ...And go!
2791,3237,4,11,76,91,1.2087912087912087,0.053031387753417904,683,Okay let's welcome the Earthling to our annual Pan Galactic board eating
2845,3237,3,13,75,91,1.2087912087912087,0.05067669921031872,683,"And now Professor Lorenz will explain how chaos theory drives change in our company's DNA."""
2915,3237,3,13,75,91,1.2087912087912087,0.05067669921031872,683,Let the impeachment hearings begin.
1465,3237,3,13,75,91,1.2087912087912087,0.05067669921031872,683,"Just because we don't agree, it doesn't mean you have to leave with your tail between your legs."
2940,3237,1,17,73,91,1.2087912087912087,0.045604027831460565,683,And for lunch our “guest” is Bob from planet earth.
2700,3237,3,13,75,91,1.2087912087912087,0.05067669921031872,683,Good news! They deliver.
2295,3237,3,13,75,91,1.2087912087912087,0.05067669921031872,683,"Why yes, the inmates ARE now running the asylum!"
2836,3237,4,11,76,91,1.2087912087912087,0.053031387753417904,683,"No, he IS our human resource."
2211,3237,2,15,74,91,1.2087912087912087,0.048207132238423746,683,Meet Jim. He chews with his mouth open.
2260,3237,2,15,74,91,1.2087912087912087,0.048207132238423746,683,Wow...when you said your coworkers were monsters you weren’t kidding.
1533,3237,4,11,76,91,1.2087912087912087,0.053031387753417904,683,This meeting for Star Wars bar scene cast members will now come to order.
1551,3237,1,17,73,91,1.2087912087912087,0.045604027831460565,683,"Who's a cube rat now, Harold?"
1531,3237,1,17,73,91,1.2087912087912087,0.045604027831460565,683,"Now that there's no elephant in the room, let's get started...."
1656,3237,4,11,76,91,1.2087912087912087,0.053031387753417904,683,"Hello fellow monster men and women, this is the new taste tester for our new product, donut pizza. Since the last one, well you know."
1661,3237,4,11,76,91,1.2087912087912087,0.053031387753417904,683,I care about diversity too but we can't lower our standards.
1760,3237,5,9,77,91,1.2087912087912087,0.05528587822630302,683,"Meet Jim, our new affirmative action hire. Please note that he is not a snack."
1834,3237,1,17,73,91,1.2087912087912087,0.045604027831460565,683,And here’s lunch!
1655,3237,5,9,77,91,1.2087912087912087,0.05528587822630302,683,All my personalities coming together to make a decision
1867,3237,2,15,74,91,1.2087912087912087,0.048207132238423746,683,We can disagree without being disagreeable.
2001,3237,3,13,75,91,1.2087912087912087,0.05067669921031872,683,"I'd like to introduce my nephew, who'll be in charge of public relations."
2030,3237,2,15,74,91,1.2087912087912087,0.048207132238423746,683,"So,lust,gluttony,greed,sloth,wrath,envy,and pride were all here so who is he?"
2048,3237,2,15,74,91,1.2087912087912087,0.048207132238423746,683,The diversity seminar Ted took over the summer was about to pay off.
2086,3237,0,19,72,91,1.2087912087912087,0.04284305206509435,683,"Institutional knowledge, is that still relevant?"
1836,3237,3,13,75,91,1.2087912087912087,0.05067669921031872,683,"I swear, Larry, if you're ever late to another board meeting, one of us will have you for lunch."
2186,3237,3,13,75,91,1.2087912087912087,0.05067669921031872,683,"As  you know, the management's top priority is diversity."
2110,3237,0,19,72,91,1.2087912087912087,0.04284305206509435,683,"Everyone, this is Paul. He's going to help with our image problem."
1426,3399,2,16,78,96,1.2083333333333333,0.046633760328105456,683,'There's no way that we are going to reach a clear majority.'
1528,3400,2,17,82,101,1.2079207920792079,0.04519886023965674,683,"Say hello to our new hire, Steve, who helps reach our goal with under-represented classes in management, but has the makings of a real monster."
3728,3401,2,15,75,92,1.2065217391304348,0.047734242698569566,683,"Now, let’s hear what our token human has to add to the deliberations."
2747,3401,4,11,77,92,1.2065217391304348,0.052500866778413105,683,"Everyone, this is Johnson. He’s going to help us do things more effectively."
859,3401,4,11,77,92,1.2065217391304348,0.052500866778413105,683,"Where are the ""men in black"" when you need them?"
765,3401,2,15,75,92,1.2065217391304348,0.047734242698569566,683,The Star Wars bar is more fun than this conference table.
4443,3401,1,17,74,92,1.2065217391304348,0.04516266580668786,683,"So I'm the only normal one, then."
4394,3401,3,13,76,92,1.2065217391304348,0.050174191266479935,683,Now that we have a Queerum
4685,3401,1,17,74,92,1.2065217391304348,0.04516266580668786,683,"1913:  Now that we're all disguised, let's get to work on The Federal Reserve."
5228,3401,1,17,74,92,1.2065217391304348,0.04516266580668786,683,"Everyone, meet Doug, our newest Human Resources Manager. Milton, could you please stop drooling?"
3758,3401,3,13,76,92,1.2065217391304348,0.050174191266479935,683,A little diversity is a good idea.
4095,3401,0,19,73,92,1.2065217391304348,0.042435537460095915,683,"In keeping with the longstanding policy of not revealing ourselves to humans, this is the new face of the company, Bob."""
3916,3401,1,17,74,92,1.2065217391304348,0.04516266580668786,683,psst...that dude is really ugly....
2328,3412,1,17,75,93,1.2043010752688172,0.04472956446887328,683,"Let's all welcome Al. He's a little funny looking for sure, but he's a good guy."
1038,3412,2,15,76,93,1.2043010752688172,0.04727037156900375,683,It's good that we meet on our terms rather than in his nightmares.
4795,3412,5,9,79,93,1.2043010752688172,0.05418256454212406,683,Shhh.....not a word to him on why he’s being let go
4630,3412,1,17,75,93,1.2043010752688172,0.04472956446887328,683,"If you ever expect to get ahead here, you better start drinking the primordial soup."
2745,3412,1,17,75,93,1.2043010752688172,0.04472956446887328,683,"We may be a product of Little Mikey's imagination, but the trade war with China is very real, and must be attended to."
4283,3412,2,15,76,93,1.2043010752688172,0.04727037156900375,683,"Andrews, we think you just don’t embody the company’s image well."
4021,3412,1,17,75,93,1.2043010752688172,0.04472956446887328,683,ITEM 1-all delegates must be an identifialbe species.
4075,3419,1,19,83,103,1.203883495145631,0.04221008281193103,683,This morning I thought we should hear from human resources.
3788,3420,2,14,73,89,1.202247191011236,0.04841664403947964,683,I met him in the Star Wars bar.
3801,3420,3,12,74,89,1.202247191011236,0.050985625768042275,683,I think we can at least say this board has attained a whole new level of diversity.
3870,3420,3,12,74,89,1.202247191011236,0.050985625768042275,683,What do you mean equal pay?
3625,3420,2,14,73,89,1.202247191011236,0.04841664403947964,683,Did you check out that poser in the suit?
3494,3420,2,14,73,89,1.202247191011236,0.04841664403947964,683,This has turned into a real zoo!
3233,3420,3,12,74,89,1.202247191011236,0.050985625768042275,683,"Work has been scarce since Episode IV, so I think it's time we unionize."
3207,3420,2,14,73,89,1.202247191011236,0.04841664403947964,683,Aha! A fine preservative from the humanestic period 65 million years ago
2990,3420,2,14,73,89,1.202247191011236,0.04841664403947964,683,Ted here is the new HR rep. Don't worry. He's a real creep.
4113,3420,1,16,72,89,1.202247191011236,0.0457034878880431,683,Meet Al. We’ve now achieved full organizational diversity.
2661,3420,1,16,72,89,1.202247191011236,0.0457034878880431,683,I love Halloween. Everyone seems happy to see me.
2970,3420,2,14,73,89,1.202247191011236,0.04841664403947964,683,"On Earth, all the males look the same, so we only brought one in."
3689,3420,4,10,75,89,1.202247191011236,0.05343123290615736,683,Let's welcome our new recruit and try not to mention how weird it looks.
4228,3420,1,16,72,89,1.202247191011236,0.0457034878880431,683,Bruce is coming on board to lead  our extraterrestrial markets research team.
5381,3420,2,14,73,89,1.202247191011236,0.04841664403947964,683,Mitchell is here from HR to talk snot out lack of board diversity.
4447,3420,3,12,74,89,1.202247191011236,0.050985625768042275,683,"Aw, c'mon, let him sit in. Diversity's good."
4508,3420,3,12,74,89,1.202247191011236,0.050985625768042275,683,We wouldlike to hear the dinner specials !
4778,3420,1,16,72,89,1.202247191011236,0.0457034878880431,683,"I call this meeting of Diversified Goblins to order. Please welcome our lunch for today, Mr Peters."
4932,3420,2,14,73,89,1.202247191011236,0.04841664403947964,683,"I want you all to say something nice about me and all the ""perfect"" phone calls I make."
4987,3420,1,16,72,89,1.202247191011236,0.0457034878880431,683,This is Bob. He'll be joining us for our lunch today.
5006,3420,4,10,75,89,1.202247191011236,0.05343123290615736,683,A liberal's view of the cabinet.
5089,3420,3,12,74,89,1.202247191011236,0.050985625768042275,683,"You guys won't believe this, but humans actually are real. Todd's here to prove it."
5098,3420,2,14,73,89,1.202247191011236,0.04841664403947964,683,Let’s praise Mike here for helping us reach our diversity goal.
5416,3420,3,12,74,89,1.202247191011236,0.050985625768042275,683,Accounting here seems to believe our numbers indicate something unusual.
5642,3420,0,18,71,89,1.202247191011236,0.042818759793101506,683,"Watkins, here, will be heading up our new Diversity division."
516,3420,1,16,72,89,1.202247191011236,0.0457034878880431,683,"Anyone, you know, bring treats?"
2572,3420,3,12,74,89,1.202247191011236,0.050985625768042275,683,"Please welcome Harold, our new Human Resources attorney.  Don't eat him before the current lawsuits are settled."
3586,3420,2,14,73,89,1.202247191011236,0.04841664403947964,683,Noah's voyage planning committee
4423,3420,1,16,72,89,1.202247191011236,0.0457034878880431,683,Honest we’ve tried but we can’t get him to stop begging.
2336,3420,3,12,74,89,1.202247191011236,0.050985625768042275,683,"I would like to start the meeting of things found in the closet, under the bed, and in our dreams."
204,3420,2,14,73,89,1.202247191011236,0.04841664403947964,683,We hired a consultant to help us think outside the box!
1932,3420,1,16,72,89,1.202247191011236,0.0457034878880431,683,... and Bill is here from Human Resources.
2285,3420,1,16,72,89,1.202247191011236,0.0457034878880431,683,Welcome to New York! Now Jim here is going to walk you through the new anti-sexual harassment training course.
107,3420,3,12,74,89,1.202247191011236,0.050985625768042275,683,"We should not build an electric wall around Venus. Remember, at some point we all came from another planet"
311,3420,2,14,73,89,1.202247191011236,0.04841664403947964,683,"Come on, let's give the Doc a warm cold-blooded welcome!"
484,3420,0,18,71,89,1.202247191011236,0.042818759793101506,683,"As some of you may know, we've been struggling with an image problem for a few millennia now.  Reggie is here to help us."
615,3420,2,14,73,89,1.202247191011236,0.04841664403947964,683,It's time to address the 150-pound human in the room.
665,3420,2,14,73,89,1.202247191011236,0.04841664403947964,683,Adding Joel to the team addresses the diversity question.
674,3420,1,16,72,89,1.202247191011236,0.0457034878880431,683,welcome to Animal House.
697,3420,2,14,73,89,1.202247191011236,0.04841664403947964,683,"We have Roy here who is going to come up with a dumb play on words, which the editors will choose as the winning caption."
716,3420,2,14,73,89,1.202247191011236,0.04841664403947964,683,"Meet Brad, out new diversity hire."
741,3420,4,10,75,89,1.202247191011236,0.05343123290615736,683,"This is Gary, from HR. He'll be our lunch today."
445,3420,4,10,75,89,1.202247191011236,0.05343123290615736,683,"Our scare, scream and terrify metrics are way down this quarter. Norman will present the analytics and a few recommendations."
1230,3420,2,14,73,89,1.202247191011236,0.04841664403947964,683,Affirmative action at work.
744,3420,1,16,72,89,1.202247191011236,0.0457034878880431,683,Now for an outside perspective...
1872,3420,3,12,74,89,1.202247191011236,0.050985625768042275,683,We're taking 'Casual Friday' in a new direction.
1778,3420,1,16,72,89,1.202247191011236,0.0457034878880431,683,"Yes, indeed, frightening! I call him 'Human.' As President, you must agree with me--he and his kind are due for extinction."""
1742,3420,1,16,72,89,1.202247191011236,0.0457034878880431,683,Our new non-chair member just has been boarded”
1850,3420,1,16,72,89,1.202247191011236,0.0457034878880431,683,"The human, I think they call them 'suits', is definitely the one involved in the company's cover up."
1480,3420,3,12,74,89,1.202247191011236,0.050985625768042275,683,"In an effort to boost our scare impact on adults, please welcome our newest monster, Mr. Jones, CPA."
1479,3420,1,16,72,89,1.202247191011236,0.0457034878880431,683,"Mr. Slogworth is our attempt, at last, to bring some diversity to this board of directors."
1445,3420,3,12,74,89,1.202247191011236,0.050985625768042275,683,"Larry here has called yet another vote from his irrational fears, to hopefully continue to bolster his waning support, for our glorious president."
1648,3420,5,8,76,89,1.202247191011236,0.05576969844624596,683,"None of you guys are the females of your species, right? Sorry sorry, it's hard for me to tell, but I really do have to ask. What about you over there? No? OK, we're good? Good. Where was I? Right. So, this chick is sucking on my xörgöy, right..."
4857,3472,3,13,78,94,1.202127659574468,0.04919806972822639,683,"Everyone this is Jim, Jim this is everyone who will be feasting on you tonight."
4432,3473,4,13,87,104,1.2019230769230769,0.04807692307692308,683,"We need to put a stop to this! First that Geico gecko and now that insurance turkey! We need to unionize, get agents, and demand equal pay!"
3587,3474,1,16,73,90,1.2,0.045248654113974406,683,What happened to the guy in the black suit?
3673,3474,2,14,74,90,1.2,0.04792836935744237,683,Tell me: Who exactly is the odd man out?
3694,3474,2,14,74,90,1.2,0.04792836935744237,683,"I agree, Simmons. Every board of directors needs one weirdo, and he's it."
3716,3474,1,16,73,90,1.2,0.045248654113974406,683,Adam is writing our millenium report.
3769,3474,2,14,74,90,1.2,0.04792836935744237,683,He’a with the IRS.
3947,3474,2,14,74,90,1.2,0.04792836935744237,683,"I see Herb didn't get the ""naked Friday"" memo."
3803,3474,2,14,74,90,1.2,0.04792836935744237,683,I propose duck for lunch as well as currency.
3966,3474,2,14,74,90,1.2,0.04792836935744237,683,"And please give a warm welcome to our newest and worst monster, Mr. Lawyer."
3975,3474,4,10,76,90,1.2,0.0528819853025402,683,"Folks, Bob here is going to find ways to help us accelerate our demise."
3986,3474,2,14,74,90,1.2,0.04792836935744237,683,Please welcome George. He'll bring some diversity to our panel.
5548,3474,3,12,75,90,1.2,0.05046599329648382,683,Trump rolls out his new immigration platform to the Democrats
3774,3474,1,16,73,90,1.2,0.045248654113974406,683,The emphasis of the meeting is to be on diversity.
3581,3474,3,12,75,90,1.2,0.05046599329648382,683,I guess diversity can be overdone!
3245,3474,1,16,73,90,1.2,0.045248654113974406,683,Please help me welcome the newest member of Monster Club. He votes republican.
3534,3474,0,18,72,90,1.2,0.04239991520025441,683,They`re asking for representation at the table.
3520,3474,4,10,76,90,1.2,0.0528819853025402,683,This is Bob.  He'll be instituting the company's drug testing program.
3488,3474,4,10,76,90,1.2,0.0528819853025402,683,Our new therapist has a black belt in screaming arts.
3468,3474,1,16,73,90,1.2,0.045248654113974406,683,Great!  Harold makes a quorum.
3403,3474,1,16,73,90,1.2,0.045248654113974406,683,When your family's full of politicians
3395,3474,3,12,75,90,1.2,0.05046599329648382,683,"Here is our latest monster, we call it: MAN"
3352,3474,2,14,74,90,1.2,0.04792836935744237,683,"Let's look at the bright side, guys!-We maybe unemployed today, but at the current speed prequels, sequels, reboots, spin-offs, and Marvel and DC' universes are generally expanding, Hollywood will have jobs for all of you before the end of this week."
3330,3474,1,16,73,90,1.2,0.045248654113974406,683,"""'Looks tasty' means to have good taste. Right Spotty?"""
3997,3474,4,10,76,90,1.2,0.0528819853025402,683,"OK guys, we have to find a way to get rid of the Teletubbies."
3183,3474,3,12,75,90,1.2,0.05046599329648382,683,Are you almost done? Because we’re gonna need this room back by 3:00 p.m.
3181,3474,3,12,75,90,1.2,0.05046599329648382,683,Please dress more professionally next time.
3162,3474,3,12,75,90,1.2,0.05046599329648382,683,Let's Return to our Star Wars Bar After We Get Off  Work Today
3011,3474,0,18,72,90,1.2,0.04239991520025441,683,Mmm Dinner
2949,3474,4,10,76,90,1.2,0.0528819853025402,683,"Sorry, no shoes, no shirts...no service."
3550,3474,2,14,74,90,1.2,0.04792836935744237,683,Time to take a break- looks like lunch just arrived.
4128,3474,4,10,76,90,1.2,0.0528819853025402,683,We have to hire him.  It's galactic affirmative action.
4567,3474,1,16,73,90,1.2,0.045248654113974406,683,"And now, I'd like to present our newest acquisition: lunch !"
4180,3474,3,12,75,90,1.2,0.05046599329648382,683,Here we have a perfect example of what not to wear.
5314,3474,1,16,73,90,1.2,0.045248654113974406,683,"I promised he'd be welcome at our table, not eaten at our table"
5564,3474,3,13,79,95,1.2,0.04872391770757884,683,Let's get MORE animated.
5565,3474,4,10,76,90,1.2,0.0528819853025402,683,Steve is here from HR for our diversity training.
2825,3474,3,12,75,90,1.2,0.05046599329648382,683,The shareholders have requested to vote on our board diversity policy.
5580,3474,1,16,73,90,1.2,0.045248654113974406,683,"Let’s hear what the union rep has to say, shall we?"
5592,3474,0,18,72,90,1.2,0.04239991520025441,683,Jeff is here to advise us on the takeover.
5247,3474,2,14,74,90,1.2,0.04792836935744237,683,He's only a temp … we'll keep him on 'til Christmas and then eat him.
5242,3474,1,16,73,90,1.2,0.045248654113974406,683,"He says in exchange for sovereignty, we could access all of Netflix."
5161,3474,2,14,74,90,1.2,0.04792836935744237,683,Anyone want takeout?
5071,3474,2,14,74,90,1.2,0.04792836935744237,683,"We'll be starting our meeting with an appetizer."""
4995,3474,2,14,74,90,1.2,0.04792836935744237,683,I had to get a human lawyer again! Only they can lie as much as we need.
5601,3474,2,14,74,90,1.2,0.04792836935744237,683,"And this is Jerry, from HR."
4940,3474,1,16,73,90,1.2,0.045248654113974406,683,Let me introduce the newest member to our diversity program.
4177,3474,2,14,74,90,1.2,0.04792836935744237,683,This is Jim Spanfeller. He wants us to stick to sports.
4927,3474,3,12,75,90,1.2,0.05046599329648382,683,"Per shareholder request, please welcome, our first white male human."
4771,3474,2,14,74,90,1.2,0.04792836935744237,683,Let's sit a moment before hitting the buffet.
4743,3474,3,12,75,90,1.2,0.05046599329648382,683,"Meet our new intern, Mark. As a politician, I think he will fit right in"
4730,3474,3,12,75,90,1.2,0.05046599329648382,683,Lunch is standing to my left.
4620,3474,0,18,72,90,1.2,0.04239991520025441,683,Great! lunch is here!
4548,3474,4,10,76,90,1.2,0.0528819853025402,683,Introducing Jeff. He’s from the Tulsa office.
4488,3474,1,16,73,90,1.2,0.045248654113974406,683,Remember Lincoln also assembled a team of rivals.
4468,3474,3,12,75,90,1.2,0.05046599329648382,683,Meet Mr. John Smith
4465,3474,2,14,74,90,1.2,0.04792836935744237,683,Dear Friends
4446,3474,1,16,73,90,1.2,0.045248654113974406,683,We need more diversity.
4434,3474,2,14,74,90,1.2,0.04792836935744237,683,Main course or desert and dressed or not?
4414,3474,3,12,75,90,1.2,0.05046599329648382,683,"So, I get it, you're all monsters, but why does the tall guy look like pizza?"
4411,3474,3,12,75,90,1.2,0.05046599329648382,683,Anyone who doesn't eat kosher?
4191,3474,1,16,73,90,1.2,0.045248654113974406,683,We will now hear from our weird looking guest speaker.
4837,3474,1,16,73,90,1.2,0.045248654113974406,683,"Team, this is Jeff our new diversity hire."
2793,3474,3,12,75,90,1.2,0.05046599329648382,683,"Oops, looks like someone thought Today was Halloween costume day!"
4124,3474,3,12,75,90,1.2,0.05046599329648382,683,"I move that we eat the human, second?"
2733,3474,1,16,73,90,1.2,0.045248654113974406,683,This is Robert everyone.  He'll be heading our new Human Resources Department.
2756,3474,0,18,72,90,1.2,0.04239991520025441,683,"Of course he has hair, he's a mammal."
1381,3474,1,16,73,90,1.2,0.045248654113974406,683,We are here today because they scientifically don't need us anymore to procreate.
1300,3474,1,16,73,90,1.2,0.045248654113974406,683,"I don't know, I think Disney already came up with something like that."
1219,3474,3,12,75,90,1.2,0.05046599329648382,683,Welcome to the casting call for Toy Story 5. Hope you brought some ideas.
1215,3474,2,14,74,90,1.2,0.04792836935744237,683,Now let’s vote on endangering the human species.
1132,3474,0,18,72,90,1.2,0.04239991520025441,683,"We've asked Randy to join the board because we need more diversity and because, as you know, he owns the nearest live bait shop."
1108,3474,3,12,75,90,1.2,0.05046599329648382,683,"Stockholders have complained that we're not diverse enough, so Mr. Jones here is our new Board member."
1053,3474,4,10,76,90,1.2,0.0528819853025402,683,"Hey, Polka Dot Guy....you think you're better than us?"
1007,3474,1,16,73,90,1.2,0.045248654113974406,683,So we’re agreed there is now no need to send out for lunch.
994,3474,2,14,74,90,1.2,0.04792836935744237,683,"Meet Harvey.  Central casting sent him over for our new film, ""Whatever Happened to Homo Sapiens?"""
946,3474,2,14,74,90,1.2,0.04792836935744237,683,I say we kick trump out of our group. He is too gross.
943,3474,2,14,74,90,1.2,0.04792836935744237,683,This is quite the family dinner
865,3474,2,14,74,90,1.2,0.04792836935744237,683,Who votes for more another round of LSD for his anxieties?
840,3474,1,16,73,90,1.2,0.045248654113974406,683,"Everyone meet Todd, he's very excited to be our first diversity hire."
753,3474,3,12,75,90,1.2,0.05046599329648382,683,"Team, let's give a loud scream as we welcome Greg from compliance"
727,3474,0,18,72,90,1.2,0.04239991520025441,683,halloween is the worst. it‘s the time when they take the human suits out and try to be scary-funny in those meatsacks.
684,3474,0,18,72,90,1.2,0.04239991520025441,683,Don't Pay Attention to His Looks
640,3474,2,14,74,90,1.2,0.04792836935744237,683,Our Human Resources chief is here to talk about our new veterinarian health plan.
625,3474,2,14,74,90,1.2,0.04792836935744237,683,"That's 3 nominations, wow, okay then, everyone who thinks that Joe here has the best Halloween costume raise your hand or say aye!"
618,3474,2,14,74,90,1.2,0.04792836935744237,683,I thought we needed a little diversity
438,3474,3,12,75,90,1.2,0.05046599329648382,683,"As you are all aware, several positions have opened up in the presidents cabinet."
402,3474,1,16,73,90,1.2,0.045248654113974406,683,"Let me assure you, I'm more of a monster than all of you."
287,3474,1,16,73,90,1.2,0.045248654113974406,683,Jim will tell us about a cantina he thinks is right for us
104,3474,2,14,74,90,1.2,0.04792836935744237,683,"As you can see, we take Halloween very seriously around here."
16,3474,1,16,73,90,1.2,0.045248654113974406,683,This earthling here is our mandated government handicap person.
1433,3474,4,10,76,90,1.2,0.0528819853025402,683,"Hey, how do you creeps like role reversal day?"
1449,3474,2,14,74,90,1.2,0.04792836935744237,683,Where's Phil?
905,3474,1,16,73,90,1.2,0.045248654113974406,683,"Bob may look alien to you, but he'll be great for the atmosphere"
1554,3474,3,12,75,90,1.2,0.05046599329648382,683,Next on the agenda: Clarification of company policies regarding dress codes.
1539,3474,2,14,74,90,1.2,0.04792836935744237,683,He’s leading today’s training: ‘How to Increase Diversity in the Workplace.’
2678,3474,1,16,73,90,1.2,0.045248654113974406,683,"I was about to serve dinner, but I see you have already eaten"
2657,3474,1,16,73,90,1.2,0.045248654113974406,683,"Meet our new pet, Stevie!"
2648,3474,2,14,74,90,1.2,0.04792836935744237,683,Dinner sure looks appetizing!
2593,3474,3,12,75,90,1.2,0.05046599329648382,683,And for the entree we'll be having Kevin.
2585,3474,0,18,72,90,1.2,0.04239991520025441,683,We'll now hear from Human Resources.
2492,3474,1,16,73,90,1.2,0.045248654113974406,683,He needs a better costume.
2431,3474,3,12,75,90,1.2,0.05046599329648382,683,Get back in your cages the raiders are coming.
2367,3474,2,14,74,90,1.2,0.04792836935744237,683,So we are all in favor of having a dog park?
2235,3474,2,14,74,90,1.2,0.04792836935744237,683,This isn’t the diversity of opinion I had in mind . . . . .
2153,3474,2,14,74,90,1.2,0.04792836935744237,683,"Everyone, meet my new human assistant, Chad. Remember not to eat Chad."
2123,3474,2,15,78,95,1.2,0.04636869624047491,683,It’s time we opened up membership to admit humans to our club
2115,3474,2,14,74,90,1.2,0.04792836935744237,683,"Halloween is probably not your thing, I guess."
2452,3474,0,18,72,90,1.2,0.04239991520025441,683,Do you think she's ever going to address the human in the room?
2100,3474,3,12,75,90,1.2,0.05046599329648382,683,Who's the weird looking kid in the suit?
1988,3474,2,14,74,90,1.2,0.04792836935744237,683,"Everyone welcome our new VP of  Human Extermination, Bob."
1890,3474,1,16,73,90,1.2,0.045248654113974406,683,"Please welcome Barry, our new VP-Human Relations!"
1888,3474,1,16,73,90,1.2,0.045248654113974406,683,Welcome Carl. Have a seat and we’ll begin the diversity sensitivity training.
1870,3474,1,16,73,90,1.2,0.045248654113974406,683,"Patience, ladies! He just dropped his first tab of acid."
1864,3474,2,14,74,90,1.2,0.04792836935744237,683,I think I'll start with the one on the end.
1820,3474,2,14,74,90,1.2,0.04792836935744237,683,Your Mr. Universe can’t even survive on Mars.
1809,3474,3,12,75,90,1.2,0.05046599329648382,683,"Behold the newest exhibit for Anthropocene Park, Shareholdus Valueus Maximus"
1736,3474,2,14,74,90,1.2,0.04792836935744237,683,Clothing is not an option at this firm.
1697,3474,1,16,73,90,1.2,0.045248654113974406,683,"Ladies and gentlemen, in the interest of workplace diversity ..."
1640,3474,0,18,72,90,1.2,0.04239991520025441,683,"Finally, we have diversity! Now does everyone speak Inclusion?"
1593,3474,4,10,76,90,1.2,0.0528819853025402,683,Bob from Legal wants to explain why our invasion of the planet strategy may be ill-advised.
5106,3593,2,14,75,91,1.1978021978021978,0.047449684731754656,683,We'd like to have a Baby Chair for our Barney first.
4313,3593,3,12,76,91,1.1978021978021978,0.049956709512768704,683,He's from the wrong side of the galaxy.
713,3593,1,16,74,91,1.1978021978021978,0.044802592971196056,683,"Bob's right, we have not evolved and need a bit of disruption."
1280,3593,2,14,75,91,1.1978021978021978,0.047449684731754656,683,He's from a new group called human resources.
3823,3597,2,13,71,86,1.197674418604651,0.04912299937443237,683,Congratulations! Our company is one of the top ten for diversity & inclusion.
3667,3597,3,11,72,86,1.197674418604651,0.051833067425708014,683,I recommend the cream chipped beef on toast.
3654,3597,1,15,70,86,1.197674418604651,0.046254418776187994,683,"But, do you have funds to cover medical insurance until the asylum hearings?"
3885,3597,2,13,71,86,1.197674418604651,0.04912299937443237,683,"Around lunch break, NASA's Board of Directors invite an intern into the board room."
3940,3597,2,13,71,86,1.197674418604651,0.04912299937443237,683,What did we tell you about the dress code?
3615,3597,2,13,71,86,1.197674418604651,0.04912299937443237,683,"Welcome Greg, our new HR director, we had to move heaven and go to earth to find him."
3652,3597,2,13,71,86,1.197674418604651,0.04912299937443237,683,"A gentle reminder now, looks aren't everything."
3647,3597,1,15,70,86,1.197674418604651,0.046254418776187994,683,"Yes, he is ugly."
3645,3597,1,15,70,86,1.197674418604651,0.046254418776187994,683,We have to move to a new civilization.
3872,3597,0,17,69,86,1.197674418604651,0.04319575725815513,683,"Meet Harvey, new in HR. He’s here to help us with our animal magnetism."
3601,3597,2,13,71,86,1.197674418604651,0.04912299937443237,683,Do you think our campaign will antagonize our Creationist clients?
3013,3597,3,11,72,86,1.197674418604651,0.051833067425708014,683,Whose DNA should we change today?
3457,3597,4,9,73,86,1.197674418604651,0.05440831452981707,683,"Gentlemen, please! Can't you see who this candidate really is?
History repeating itself!!"
3386,3597,2,13,71,86,1.197674418604651,0.04912299937443237,683,Seems accounting now requires invoices for all intergalactic travel.
3370,3597,1,15,70,86,1.197674418604651,0.046254418776187994,683,"Adding a Human, carries our Diversity Policy too far"
3350,3597,3,11,72,86,1.197674418604651,0.051833067425708014,683,Please welcome our new member to the Republican caucus.
3306,3597,1,15,70,86,1.197674418604651,0.046254418776187994,683,How are we to eat this human? Cooked or raw.
3278,3597,2,13,71,86,1.197674418604651,0.04912299937443237,683,"Do we want burgers, burritos or just eat him?"
3224,3597,1,15,70,86,1.197674418604651,0.046254418776187994,683,Let's give Tom a try.
3202,3597,2,13,71,86,1.197674418604651,0.04912299937443237,683,Strength in diversity...
3175,3597,1,15,70,86,1.197674418604651,0.046254418776187994,683,"The ayes have it.  Now, let’s eat him."
3051,3597,4,9,73,86,1.197674418604651,0.05440831452981707,683,So I guess AA stood for Aliens Anonymous...
4019,3597,2,13,71,86,1.197674418604651,0.04912299937443237,683,"Billy, you know the dress code: snortles are for Friday only."
3576,3597,2,13,71,86,1.197674418604651,0.04912299937443237,683,he's the new hire to put a more human spin on things
4157,3597,0,17,69,86,1.197674418604651,0.04319575725815513,683,We survived the asteroid
5656,3597,2,13,71,86,1.197674418604651,0.04912299937443237,683,Tapas!  Really?  Not exactly talon cuisine.
4292,3597,2,13,71,86,1.197674418604651,0.04912299937443237,683,As you know eating all the children on the school bus last week was a bit of a fiasco.  By way of introduction this is Malcolm who's our new V.P. of Social Media to help us put a better spin on it.
2935,3597,1,15,70,86,1.197674418604651,0.046254418776187994,683,The security officer will be escorting one of you out of this meeting.
5514,3597,3,11,72,86,1.197674418604651,0.051833067425708014,683,We will now hear your case to occupy Earth Male #343AR28 - Caucasian Businessman
5491,3597,2,13,71,86,1.197674418604651,0.04912299937443237,683,Let’s hear from our consultant. He thinks outside the box.
5445,3597,2,13,71,86,1.197674418604651,0.04912299937443237,683,‘’Let’s put on a welcome face for our new defector from reality.’’
5410,3597,1,15,70,86,1.197674418604651,0.046254418776187994,683,I didn't realize that you guys took Halloween so seriously
5392,3597,2,13,71,86,1.197674418604651,0.04912299937443237,683,Looks like another diversity hire.”
5321,3597,3,11,72,86,1.197674418604651,0.051833067425708014,683,"Today we will be studying a primitive life form from Gloobong 7t, quaintly known as earth."
5268,3597,2,13,71,86,1.197674418604651,0.04912299937443237,683,"Everyone give a warm welcome to Stan, our new lead on the Monster Health Care Initiative."
5234,3597,2,13,71,86,1.197674418604651,0.04912299937443237,683,"It is my pleasure to introduce our new Ambassador from Roswell, Al Leon."
5190,3597,2,13,71,86,1.197674418604651,0.04912299937443237,683,"So here’s the concept: A wookie, two droids, and three humans walk into a bar ...."
5014,3597,2,13,71,86,1.197674418604651,0.04912299937443237,683,He IS the dinner!
4208,3597,1,15,70,86,1.197674418604651,0.046254418776187994,683,"Gentlemen, your lunch has arrived."
5007,3597,2,13,71,86,1.197674418604651,0.04912299937443237,683,"Suit or not, we are all QAnon."
4801,3597,3,11,72,86,1.197674418604651,0.051833067425708014,683,We could learn a thing or two from this guy.  He invented overdraft fees.
4559,3597,2,13,71,86,1.197674418604651,0.04912299937443237,683,Mr. Williams from HR has just a few questions about how you reproduce.
4553,3597,3,11,72,86,1.197674418604651,0.051833067425708014,683,Ah! diversity is difficult but better than a two party system
4526,3597,2,13,71,86,1.197674418604651,0.04912299937443237,683,Lunchtime!  He tastes better with the suit on.
4519,3597,2,13,71,86,1.197674418604651,0.04912299937443237,683,Do you think he'll fit in?
4507,3597,2,13,71,86,1.197674418604651,0.04912299937443237,683,How many of you vote to put man on the endangered species list?
4405,3597,2,13,71,86,1.197674418604651,0.04912299937443237,683,"Welcome our diversity training leader, Bob"
4370,3597,1,15,70,86,1.197674418604651,0.046254418776187994,683,"Let me introduce you to ""Human Resource"""
4353,3597,2,13,71,86,1.197674418604651,0.04912299937443237,683,Mr. Quigley and I would like to thank whoever had the boss for dinner last night.
4335,3597,2,13,71,86,1.197674418604651,0.04912299937443237,683,This is a whole lot worse than stepping into a hornet's nest.
4309,3597,3,11,72,86,1.197674418604651,0.051833067425708014,683,We should do less LSD micro-dosing?
4855,3597,0,17,69,86,1.197674418604651,0.04319575725815513,683,"No, we won’t eat him. He knows a great tax haven for us!"
2877,3597,2,13,71,86,1.197674418604651,0.04912299937443237,683,"You didn't read the memo, did you..you..you IDIOT!!!"
2192,3597,2,13,71,86,1.197674418604651,0.04912299937443237,683,Hmmm... This sales pitch might be a bit tough!
2839,3597,1,15,70,86,1.197674418604651,0.046254418776187994,683,"I’d like to introduce Brian, our new Compliance Officer"
1654,3597,1,15,70,86,1.197674418604651,0.046254418776187994,683,"That moment when your teacher walks over to your group, so you act like nothing happened even though y'all were acting up."
1590,3597,2,13,71,86,1.197674418604651,0.04912299937443237,683,"Give us that all you can eat special – we just did a double shift at the nuclear plant."""
1560,3597,1,15,70,86,1.197674418604651,0.046254418776187994,683,Ted's from HR. He's going to talk to us about diversity and creating a welcoming environment.
1497,3597,1,15,70,86,1.197674418604651,0.046254418776187994,683,"Madhouse  Jury ...
Impeachment Fury!"
1389,3597,5,7,74,86,1.197674418604651,0.05686705989580447,683,"The problem we've been tasked with is to advise ""The New Yorker"" as to what is really a truly unique and offfbeat funny illustration submission, because lately many people are saying they aren't too funny, original or thoughtful anymore."
1386,3597,1,15,70,86,1.197674418604651,0.046254418776187994,683,Maybe in accepting him onto the board we will be pushing the limits of diversity just too far.
1383,3597,2,13,71,86,1.197674418604651,0.04912299937443237,683,My delicious new assistant Arthur will be providing lunch for us today.
1203,3597,2,13,71,86,1.197674418604651,0.04912299937443237,683,Let's all welcome Fred to our board of extinct dinosaurs.
1199,3597,2,13,71,86,1.197674418604651,0.04912299937443237,683,Fellow ghouls the main corpse has arrived.
1058,3597,0,17,69,86,1.197674418604651,0.04319575725815513,683,"I’m against it.  Next thing you know, he’ll be asking for a separate water fountain."
1052,3597,2,13,71,86,1.197674418604651,0.04912299937443237,683,"Good to hear your fire breathing is selling well Tommy, keep it up!"
974,3597,1,15,70,86,1.197674418604651,0.046254418776187994,683,Is it just med or does the guy in the polka dots look a little strange?
945,3597,3,11,72,86,1.197674418604651,0.051833067425708014,683,"Marvin is here to talk about ""Social Ineptitude Liability Coverage."
913,3597,2,13,71,86,1.197674418604651,0.04912299937443237,683,"Waiter, everyone will have the eye of newt."
768,3597,4,9,73,86,1.197674418604651,0.05440831452981707,683,"Let me introduce our mascot, Maurice Sendak."
734,3597,4,9,73,86,1.197674418604651,0.05440831452981707,683,"You're not a galactic wartime consigliere, Tom.  You're out."
602,3597,2,13,71,86,1.197674418604651,0.04912299937443237,683,Guess who we're having for dinner.
2854,3597,2,13,71,86,1.197674418604651,0.04912299937443237,683,Let’s toast our fellow reps with some scrumptious butterfly larvae and a taste of nectar before we slither back home.
573,3597,1,15,70,86,1.197674418604651,0.046254418776187994,683,who's the new guy he looks a little odd
449,3597,3,11,72,86,1.197674418604651,0.051833067425708014,683,I like the fact that my cabinet is filled animals!
285,3597,2,13,71,86,1.197674418604651,0.04912299937443237,683,"Phil is here from our newest acquisition, Earth.  He'll bring us up to speed on something called ""Human Resources."""
1682,3597,1,15,70,86,1.197674418604651,0.046254418776187994,683,We need to scare people of all ages so we've brought in The Tax Examiner.
1718,3597,1,15,70,86,1.197674418604651,0.046254418776187994,683,I think we've brought in too much diversity to the table.
577,3597,1,15,70,86,1.197674418604651,0.046254418776187994,683,"And that's why, Chad, it's offensive when you says you're a ""monster"" on the squash court."
1869,3597,2,13,71,86,1.197674418604651,0.04912299937443237,683,"'""Tell marketing to downplay the side effects of this medication""."
1726,3597,2,13,71,86,1.197674418604651,0.04912299937443237,683,Thank god the dog destroyed ISIS for us in Syria.
2799,3597,2,13,71,86,1.197674418604651,0.04912299937443237,683,How do we propose to increase hacking into the 2020 election to advance our agenda?
2736,3597,2,13,71,86,1.197674418604651,0.04912299937443237,683,We’re Gonna Need A Bigger Wall
2698,3597,2,13,71,86,1.197674418604651,0.04912299937443237,683,"Let's all welcome our new COO, Marlin Perkins !"
2686,3597,1,15,70,86,1.197674418604651,0.046254418776187994,683,"The board has good news and bad news.  Today, we eat.  Jones, you eat Perkins.  Barnes, you eat Jones."
2639,3597,4,9,73,86,1.197674418604651,0.05440831452981707,683,I'm hoping that at least one of you is a woman.
2633,3597,1,15,70,86,1.197674418604651,0.046254418776187994,683,And this years costume contest winner is ....!
2577,3597,2,13,71,86,1.197674418604651,0.04912299937443237,683,Mr. Jones brings a new perspective to the table.
2486,3597,1,15,70,86,1.197674418604651,0.046254418776187994,683,"Mr Johnson is here to welcome us to New York City, He says we will
fit right in."
2406,3597,2,13,71,86,1.197674418604651,0.04912299937443237,683,"I know Dan doesn't look like he's one of us, but trust me, he always leaves the espresso machine with an empty water tank and a full capsule container."
2414,3597,3,11,72,86,1.197674418604651,0.051833067425708014,683,I thought to no Halloween costumes.
2180,3597,2,13,71,86,1.197674418604651,0.04912299937443237,683,It’s not our fault you didn’t read your email
2146,3597,3,11,72,86,1.197674418604651,0.051833067425708014,683,Let's all welcome back hinkcdz  from his mission on Earth!
2129,3597,2,13,71,86,1.197674418604651,0.04912299937443237,683,"And to prove we’re not Humanphobic, Walter here, has been promoted to Vice President of Multi-Species Relations."
2102,3597,2,13,71,86,1.197674418604651,0.04912299937443237,683,"He claims he created us. I think we could all use a good laugh, so let's hear him out."
2083,3597,1,15,70,86,1.197674418604651,0.046254418776187994,683,Welcome to my world . . .
2074,3597,2,13,71,86,1.197674418604651,0.04912299937443237,683,"Dear God, I need to find a new recruiter!"
2038,3597,3,11,72,86,1.197674418604651,0.051833067425708014,683,"I know he doesn’t look like us, but it is important to have diversity"
2002,3597,1,15,70,86,1.197674418604651,0.046254418776187994,683,Thank you for interviewing with us as part of our diversity initiative.
1903,3597,2,13,71,86,1.197674418604651,0.04912299937443237,683,Let’s all welcome Tom. We really think he’s going to being us some of the diversity we need to be successful.
2247,3597,1,15,70,86,1.197674418604651,0.046254418776187994,683,I want you all to meet Bill. He's our imagining friend.
5386,3698,2,14,76,92,1.1956521739130435,0.046980316386280786,683,Guys he regrettably belongs here.
265,3698,2,14,76,92,1.1956521739130435,0.046980316386280786,683,"Bob suffers from Marilyn Munster Syndrome... please excuse his ugly as he teaches us how to create a more inclusive work environment."""
4545,3698,1,16,75,92,1.1956521739130435,0.044365060402479714,683,I told him we preferred the Space Bar but he insisted we meet here.
2449,3698,0,18,74,92,1.1956521739130435,0.041585659081903516,683,"We're all here.  You can bring our last supper now, waiter."
2109,3698,3,12,77,92,1.1956521739130435,0.0494574733583754,683,Guess what? He want's to join our Only Weirdos club.
1455,3698,3,12,77,92,1.1956521739130435,0.0494574733583754,683,Ok! Let's vote.  Is he big enough for Thanksgiving dinner?
5633,3704,2,13,72,87,1.1954022988505748,0.04860821683203345,683,"All in favor of starting a clothing line, raise a limb."
3513,3704,3,11,73,87,1.1954022988505748,0.051284178358943375,683,Nobody told me this was a costume party.
3528,3704,2,13,72,87,1.1954022988505748,0.04860821683203345,683,HR is working on a diversity initiative.
3648,3704,1,15,71,87,1.1954022988505748,0.04577609132754833,683,Shall we accept Earth's representative to the council or just eat him?
3740,3704,3,11,73,87,1.1954022988505748,0.051284178358943375,683,"Sorry Garg, only vertebrates are allowed to vote."
3777,3704,1,15,71,87,1.1954022988505748,0.04577609132754833,683,I think Wilkins here is an ideal fit for our VP Human Resources
3831,3704,1,15,71,87,1.1954022988505748,0.04577609132754833,683,Our next speaker will explain how the humans destroyed Earth
3887,3704,1,15,71,87,1.1954022988505748,0.04577609132754833,683,Just because he's wearing a suit and looks like lunch doesn't mean you can be rude.
3908,3704,2,13,72,87,1.1954022988505748,0.04860821683203345,683,"Listen to this: ""Game of Thrones"" meets Maurice Sendak, but contemporary."
3963,3704,1,15,71,87,1.1954022988505748,0.04577609132754833,683,"It’s called a suit, and he’s assured me that underneath it he’s very well scaled"
4086,3704,2,13,72,87,1.1954022988505748,0.04860821683203345,683,This meeting was out of this world!
4100,3704,1,15,71,87,1.1954022988505748,0.04577609132754833,683,"He's here because corporate, for some reason, thinks we need soft-skills training."
4146,3704,2,13,72,87,1.1954022988505748,0.04860821683203345,683,"And with that, I'll turn it over to Doug from Human Resources."
4247,3704,3,11,73,87,1.1954022988505748,0.051284178358943375,683,It has to do with inclusiveness.
4310,3704,4,9,74,87,1.1954022988505748,0.05382727149237504,683,I have no idea why one or more of us is not used as a Animal Cracker!
4371,3704,3,11,73,87,1.1954022988505748,0.051284178358943375,683,"We don't care if Elon Musk founded PayPal and Tesla, we're not going to let him use SpaceX to take over the entire galaxy."
4449,3704,2,13,72,87,1.1954022988505748,0.04860821683203345,683,"And for lunch, bring us a dog and pony show."
4671,3704,2,13,72,87,1.1954022988505748,0.04860821683203345,683,"No, he's not lunch.  He's our diversity hire."
5370,3704,2,13,72,87,1.1954022988505748,0.04860821683203345,683,"Quick, act busy - it’s that monster from corporate."
5469,3704,1,15,71,87,1.1954022988505748,0.04577609132754833,683,That's the appetizer? I prefer mine cooked.
5464,3704,2,13,72,87,1.1954022988505748,0.04860821683203345,683,"As by the rules, any species drawing an ice age card will become extinct."
5451,3704,2,13,72,87,1.1954022988505748,0.04860821683203345,683,"So, does anyone have any special dietary restrictions? Other than Bill, of course."
3375,3704,1,15,71,87,1.1954022988505748,0.04577609132754833,683,"... and I said “creature? I hardly know her!” 
And then that’s when she left me for the creature of the black lagoon."
5275,3704,1,15,71,87,1.1954022988505748,0.04577609132754833,683,"If any of you think you have a good argument against NOT going extinct, look at this dude"
5494,3704,4,9,74,87,1.1954022988505748,0.05382727149237504,683,"You're late.  We voted to take over the world, and you're the 8th vice president."
5252,3704,4,9,74,87,1.1954022988505748,0.05382727149237504,683,Say hello to our new intern - and our lunch.
5163,3704,1,15,71,87,1.1954022988505748,0.04577609132754833,683,I'd like to introduce our rep from Ohio.
5069,3704,4,9,74,87,1.1954022988505748,0.05382727149237504,683,It seems that Bob didn't get the memo about the staff costume party being cancelled.
4934,3704,2,13,72,87,1.1954022988505748,0.04860821683203345,683,"Ahh, that’s what maximizing shareholder value feels like."
4760,3704,5,7,75,87,1.1954022988505748,0.056255518508638656,683,I guess someone didn't get the memo about offensive costumes...
4753,3704,1,15,71,87,1.1954022988505748,0.04577609132754833,683,I’ll let HR know that our diversity strategy is really working.
4688,3704,1,15,71,87,1.1954022988505748,0.04577609132754833,683,Perhaps you’re wondering why I brought you all together here today.
5174,3704,1,15,71,87,1.1954022988505748,0.04577609132754833,683,"Last on our agenda is a salute to John Smith, the last remaining employee from our take over of General Motors."
3003,3704,4,9,74,87,1.1954022988505748,0.05382727149237504,683,Since our business is professional dress retail we decided to bring someone on board who actually wears clothes.
293,3704,1,15,71,87,1.1954022988505748,0.04577609132754833,683,Is it just me or is the Venus cappuccino too hot?
2706,3704,3,11,73,87,1.1954022988505748,0.051284178358943375,683,Bill’s our new diversity manager. We’ll be having him for lunch later.
110,3704,2,13,72,87,1.1954022988505748,0.04860821683203345,683,This is the headhunter from monster.com
551,3704,1,15,71,87,1.1954022988505748,0.04577609132754833,683,Meet the new intern Gary.
671,3704,1,15,71,87,1.1954022988505748,0.04577609132754833,683,"This is our waiter. He will not only bring us our dinner,he will also be our dessert."
732,3704,3,11,73,87,1.1954022988505748,0.051284178358943375,683,I'd like to introduce our first course!
783,3704,4,9,74,87,1.1954022988505748,0.05382727149237504,683,We have finally achieved ultimate diversity.
876,3704,3,11,73,87,1.1954022988505748,0.051284178358943375,683,May we see the menu?
1016,3704,4,9,74,87,1.1954022988505748,0.05382727149237504,683,"How much board diversity can we tolerate, bringing Frank on board?"
1290,3704,3,11,73,87,1.1954022988505748,0.051284178358943375,683,Don't blame me. I found him at monster.com.
1584,3704,2,13,72,87,1.1954022988505748,0.04860821683203345,683,"Don't let his looks fool you, he's a total killer in sales!"
1641,3704,2,13,72,87,1.1954022988505748,0.04860821683203345,683,Why am I always the odd man out?
1750,3704,0,17,70,87,1.1954022988505748,0.04275678110973872,683,"this is Carl, the new hire in human resources."
1755,3704,4,9,74,87,1.1954022988505748,0.05382727149237504,683,I hereby declare this year's Ticketmaster Board of Directors meeting adjourned.
1766,3704,1,15,71,87,1.1954022988505748,0.04577609132754833,683,"And next on the menu, err schedule, is Bob"
1409,3704,3,11,73,87,1.1954022988505748,0.051284178358943375,683,Under the kids bed was taken. So we went for the conference room.
1887,3704,1,15,71,87,1.1954022988505748,0.04577609132754833,683,Diver
2643,3704,2,13,72,87,1.1954022988505748,0.04860821683203345,683,We will reconvene after lunch.
1817,3704,1,15,71,87,1.1954022988505748,0.04577609132754833,683,The main course just arrived.
2623,3704,2,13,72,87,1.1954022988505748,0.04860821683203345,683,"Before we begin today’s Board meeting, I want to introduce ‘Earth Guy’ - he’s part of our new staff diversification initiative."
2538,3704,1,15,71,87,1.1954022988505748,0.04577609132754833,683,"This diversity plan looks really successful, don't you think?"
2322,3704,1,15,71,87,1.1954022988505748,0.04577609132754833,683,I put on the wrong suit.  I didn’t the memo!
2290,3704,3,11,73,87,1.1954022988505748,0.051284178358943375,683,I'm glad we finally got the family together for the holidays.
2896,3704,1,15,71,87,1.1954022988505748,0.04577609132754833,683,The board says we have to diversify.
2212,3704,2,13,72,87,1.1954022988505748,0.04860821683203345,683,"Time for Wednsday, I think?"
2135,3704,1,15,71,87,1.1954022988505748,0.04577609132754833,683,"Beak time, lunch has arrived."
2087,3704,4,9,74,87,1.1954022988505748,0.05382727149237504,683,Our consultant says to let our freak flag fly!!!
1968,3704,1,15,71,87,1.1954022988505748,0.04577609132754833,683,"It appears that our chef has surprised us with a a classic 
appetizer from the 1950's, ""Valet a la Brooks Bros."""
2267,3704,1,15,71,87,1.1954022988505748,0.04577609132754833,683,"I see lunch is here early. Bob, stop drooling, you have to wait your turn."
2343,3767,2,15,81,98,1.1938775510204083,0.0450778676534157,683,Before we decide who's next for dinner I'd like you to meet my new intern.
3846,3768,4,10,79,93,1.1935483870967742,0.05129930441995542,683,"I don't care what you say, we're not getting pineapple on a pizza."
1940,3769,3,11,74,88,1.1931818181818181,0.05074665738242957,683,He's our new HR hire
5104,3769,1,15,72,88,1.1931818181818181,0.045307363593374915,683,"I assure you, Elmer will prove to be a delecta...er...dependable addition to our table."
3171,3769,3,11,74,88,1.1931818181818181,0.05074665738242957,683,"Everyone, meet Dave, who will be guiding us through today's diversity training program."
2757,3769,3,11,74,88,1.1931818181818181,0.05074665738242957,683,"Wow, I forgot it's casual Friday."
2345,3769,1,15,72,88,1.1931818181818181,0.045307363593374915,683,"Everyone please give a monstrous welcome to our new intern, Bob."
2275,3769,0,17,71,88,1.1931818181818181,0.042326400460334035,683,I think it only fair that we allow him to speak before we devour him.
2200,3769,1,15,72,88,1.1931818181818181,0.045307363593374915,683,we've reached critical mass in diversity!
2116,3769,2,13,73,88,1.1931818181818181,0.04810395218312092,683,"'Well, it looks like meat before grace'"
1195,3769,1,15,72,88,1.1931818181818181,0.045307363593374915,683,Everybody meet Dale our new Director of Diversity
3341,3769,1,15,72,88,1.1931818181818181,0.045307363593374915,683,"Just FYI, I’m going to be delegating more things to my personal attorney here."
611,3769,1,15,72,88,1.1931818181818181,0.045307363593374915,683,"Say hello to the newest member of our Cryptic Club,  The Average Man."
531,3769,3,11,74,88,1.1931818181818181,0.05074665738242957,683,"So that we become more diverse I've hired Todd. He's a straight white single male with no tattoos or piercings."""
66,3769,0,17,71,88,1.1931818181818181,0.042326400460334035,683,Henry is our new Director of Diversity
632,3769,3,11,74,88,1.1931818181818181,0.05074665738242957,683,"Fred is here to talk about what I think is a great idea, a “dress code”."
940,3783,2,14,78,94,1.1914893617021276,0.046068483097531414,683,"Now I know the idea of an outside management consultant can be scary, but John assures me that he's going to respect our unique corporate culture."
2973,3784,2,13,74,89,1.1910112359550562,0.047609892487932244,683,"Sorry, didn't know the dress code was ""boorish casual"""
2813,3784,2,13,74,89,1.1910112359550562,0.047609892487932244,683,"Lunch, anyone?"
2133,3784,4,9,76,89,1.1910112359550562,0.052701300672173365,683,Corporate called... they say we've gone too far with diversity. The suit & tie policy is being reinstituted.
4116,3784,3,11,75,89,1.1910112359550562,0.0502201600716848,683,Allow me to introduce you to every CEO’s worst nightmare.
3895,3788,2,12,70,84,1.1904761904761905,0.049310188462709244,683,I brought Mr. Smork to lead us in a discussion on possibly bringing back our old dress code and if clothes actually DO make the man.
3491,3788,2,12,70,84,1.1904761904761905,0.049310188462709244,683,"And now, we welcome Dave. He's here from Earth to talk about joining us, as they have destroyed their world and will no longer survive unless they move."
4001,3788,0,16,68,84,1.1904761904761905,0.04310187027192874,683,I'd like to introduce you all to our new head of  human resources.
3498,3788,3,10,71,84,1.1904761904761905,0.052137859745800555,683,"Please welcome our new employee, John. He'll manage the human resources department"
3515,3788,1,14,69,84,1.1904761904761905,0.04631018196447773,683,"Dear members of the Cabinet, dear Mr. President, I would like thank you for reading my application and inviting me to this interview..."
3522,3788,1,14,69,84,1.1904761904761905,0.04631018196447773,683,Send the weirdo out for some snacks
3617,3788,1,14,69,84,1.1904761904761905,0.04631018196447773,683,"Today's seminar will be led by Burt, from Human Resources."
3665,3788,1,14,69,84,1.1904761904761905,0.04631018196447773,683,No.  John didn’t bring our snack.  He IS our snack.
3739,3788,2,12,70,84,1.1904761904761905,0.049310188462709244,683,So. . .  . your first 12-Step Program?  Introduce yourself.
3743,3788,2,12,70,84,1.1904761904761905,0.049310188462709244,683,Where exactly is Jerry Garcia?
3781,3788,1,14,69,84,1.1904761904761905,0.04631018196447773,683,Mr. Hackett is here to complete our diversity training.
3811,3788,4,8,72,84,1.1904761904761905,0.05481987004287437,683,"I agree Phil. Since that bar scene in Star Wars, we’ve all been type cast. I think at this point we’re going to have to go with it. Everybody in?"
3842,3788,2,12,70,84,1.1904761904761905,0.049310188462709244,683,"Whatever you do, don't look at the human--if you do, you'll go extinct."
3851,3788,1,14,69,84,1.1904761904761905,0.04631018196447773,683,"Well, I'm glad to see that nothing's changed within the American government!"
2716,3788,1,14,69,84,1.1904761904761905,0.04631018196447773,683,I welcome you all to the first annual Area 51 Summit.
3985,3788,1,14,69,84,1.1904761904761905,0.04631018196447773,683,Corporate said we needed more diversity.
3954,3788,1,14,69,84,1.1904761904761905,0.04631018196447773,683,Introducing our human prototype!
3929,3788,0,16,68,84,1.1904761904761905,0.04310187027192874,683,Alan soon regretted eating three servings of tiramisu.
3921,3788,2,12,70,84,1.1904761904761905,0.049310188462709244,683,"Let's face it, looks alone won't cut it, so on recommendation of Dr. Utterson, we got Wall St. banker Howard Jekyde to talk about his self-help book: ""Drinking the CDO-GFC Kool-Aid to reach monster-dom. My inner journey."""
3875,3788,2,12,70,84,1.1904761904761905,0.049310188462709244,683,"Welcome to our first meeting of ""Aliens Are Innocent,"" Jerrard over here will take you orders."
3898,3788,3,10,71,84,1.1904761904761905,0.052137859745800555,683,Finally we have a diverse candidate for the Board.
3485,3788,5,6,73,84,1.1904761904761905,0.05737664929361508,683,Remember that there’s always an extra place at the table.
3392,3788,1,14,69,84,1.1904761904761905,0.04631018196447773,683,"Everyone, say hello to Frank.  He’ll be heading up Non-Human Relations."
3449,3788,1,14,69,84,1.1904761904761905,0.04631018196447773,683,"Someone forgot it is ""Casual Friday!!"""
2902,3788,3,10,71,84,1.1904761904761905,0.052137859745800555,683,"Well, the stockholders demanded diversity on the board, and we listened!"
2863,3788,2,12,70,84,1.1904761904761905,0.049310188462709244,683,Things are not looking good folks. It's Q4 and we haven't come close to hitting our nightmare quota.
2848,3788,2,12,70,84,1.1904761904761905,0.049310188462709244,683,"We are gathered here for our annual board meeting and we have a new member, please welcome are very first human board member!"
2774,3788,2,12,70,84,1.1904761904761905,0.049310188462709244,683,I call to order our weekly meeting of the kennel executive committee
4026,3788,1,14,69,84,1.1904761904761905,0.04631018196447773,683,Bob's a diversity hire. But let's make him feel welcome anyway.
2919,3788,0,16,68,84,1.1904761904761905,0.04310187027192874,683,"Yes, Ted is a diversity hire."
2962,3788,1,14,69,84,1.1904761904761905,0.04631018196447773,683,"So a Priest,  a Politician and a Clown walk into a bar.."
2726,3788,2,12,70,84,1.1904761904761905,0.049310188462709244,683,"I know it’s Halloween, but let’s not act as goofy as we look!"
2974,3788,1,14,69,84,1.1904761904761905,0.04631018196447773,683,He's like to immigrate. Can we let him in?
2987,3788,2,12,70,84,1.1904761904761905,0.049310188462709244,683,Is this the social committee meeting/
2999,3788,3,10,71,84,1.1904761904761905,0.052137859745800555,683,"Hey Steve, your suit is really out of this world!"
3004,3788,1,14,69,84,1.1904761904761905,0.04631018196447773,683,"Going forward, my son-in-law Chaz will be responsible for leading all bedroom closet initiatives."
3067,3788,1,14,69,84,1.1904761904761905,0.04631018196447773,683,The Committee on Galactic Diversity will now consider the odd-looking applicant by my side.
3073,3788,4,8,72,84,1.1904761904761905,0.05481987004287437,683,Halloween was last week Jerry.
3077,3788,1,14,69,84,1.1904761904761905,0.04631018196447773,683,We pride ourselves on having a diverse board
3130,3788,1,14,69,84,1.1904761904761905,0.04631018196447773,683,"All right, who of you here can actually blow a whistle??"
3298,3788,1,14,69,84,1.1904761904761905,0.04631018196447773,683,Let me introduce the new VP of Human Resources.
3335,3788,2,12,70,84,1.1904761904761905,0.049310188462709244,683,"OK, whose turn is it to have lunch with the new guy?"
3391,3788,1,14,69,84,1.1904761904761905,0.04631018196447773,683,"Dang! Didn't order enough snacks, did we?"
3409,3788,2,12,70,84,1.1904761904761905,0.049310188462709244,683,Trump’s lawyer? That is one scary costume Jim.
3417,3788,1,14,69,84,1.1904761904761905,0.04631018196447773,683,Medusa regrets she couldn't be with us today.
3462,3788,1,14,69,84,1.1904761904761905,0.04631018196447773,683,"A warm welcome to the new guy, even though he wasn't told about  our office dress code."
4123,3788,1,14,69,84,1.1904761904761905,0.04631018196447773,683,"As a reminder, please don’t eat the diversity hire."
4842,3788,1,14,69,84,1.1904761904761905,0.04631018196447773,683,"Okay, everybody, let's welcome new employee, Jack Beanstalk, to the Fee, Fi, Fo, Fum Company."
4152,3788,1,14,69,84,1.1904761904761905,0.04631018196447773,683,"All right Shoggoth, Dagon, and the rest of you quiet down. Now this is our new accountant Norm, and I know you're all going to make him feel right at home."
5032,3788,0,16,68,84,1.1904761904761905,0.04310187027192874,683,This is Pete. We'll have him leading in the polls for a month and then it'll be Elizabeth's turn.
5041,3788,0,16,68,84,1.1904761904761905,0.04310187027192874,683,Well hurry up feed us you human
5061,3788,1,14,69,84,1.1904761904761905,0.04631018196447773,683,Today's snack is John.  Please take a bite and pass him along.
5062,3788,1,14,69,84,1.1904761904761905,0.04631018196447773,683,"Told you, you would love Halloween."
5147,3788,1,14,69,84,1.1904761904761905,0.04631018196447773,683,"Our lunch is here! You prefer him rare, medium, or well-done?"
5194,3788,0,16,68,84,1.1904761904761905,0.04310187027192874,683,"Yeah, I don't know where he came from. Apparently a lot changed since we last went extinct."
5238,3788,2,12,70,84,1.1904761904761905,0.049310188462709244,683,And now George will give us an update on our diversity hiring program.
5304,3788,1,14,69,84,1.1904761904761905,0.04631018196447773,683,I’d like to introduce you to our new diversity officer.
5315,3788,0,16,68,84,1.1904761904761905,0.04310187027192874,683,Our diversity consultant has a few words
5317,3788,2,12,70,84,1.1904761904761905,0.049310188462709244,683,"And now, Martin has prepared something exotic for us."
5349,3788,2,12,70,84,1.1904761904761905,0.049310188462709244,683,He’s here for the munch-n-learn.
5393,3788,1,14,69,84,1.1904761904761905,0.04631018196447773,683,Highlighting our corporate our corporate diversity.
5459,3788,0,16,68,84,1.1904761904761905,0.04310187027192874,683,Look everyone - Barry the intern is here with our lunch.
5472,3788,2,12,70,84,1.1904761904761905,0.049310188462709244,683,This is Doug. He’s going to run our new HR department.
5658,3788,1,14,69,84,1.1904761904761905,0.04631018196447773,683,Igor's modeling our stylish pullover sweater coat.
5647,3788,2,12,70,84,1.1904761904761905,0.049310188462709244,683,"With his face and our fear mongering, our party is sure to win this election."
5560,3788,2,12,70,84,1.1904761904761905,0.049310188462709244,683,Our first order of business is to approve the mutants.
5549,3788,1,14,69,84,1.1904761904761905,0.04631018196447773,683,"I'm hungry,  let's crash another Halloween party."
5530,3788,1,14,69,84,1.1904761904761905,0.04631018196447773,683,Please welcome our new Diversity Trainer
2684,3788,1,14,69,84,1.1904761904761905,0.04631018196447773,683,"Everyone, say hi to Rick, our new diversity consultant!"
5498,3788,1,14,69,84,1.1904761904761905,0.04631018196447773,683,"""You guys ready to get really, really rich?"""
4992,3788,3,10,71,84,1.1904761904761905,0.052137859745800555,683,Did everyone have a nice Halloween?
4961,3788,4,8,72,84,1.1904761904761905,0.05481987004287437,683,"The company wanted more diversity, so let's welcome Stanley."
4958,3788,1,14,69,84,1.1904761904761905,0.04631018196447773,683,What about Thomas Jefferson
4907,3788,1,14,69,84,1.1904761904761905,0.04631018196447773,683,This is Steve. He's a diversity hire.
4158,3788,2,12,70,84,1.1904761904761905,0.049310188462709244,683,Smith is here from HR for our diversity training.
4224,3788,2,12,70,84,1.1904761904761905,0.049310188462709244,683,This is Bob. He's our new head of diversity and inclusion.
4227,3788,0,16,68,84,1.1904761904761905,0.04310187027192874,683,"And now, congratulations to our own Nobel Laureate, for winning the very first Prize for Diversity!"
4297,3788,2,12,70,84,1.1904761904761905,0.049310188462709244,683,"Please be mindful of your diversity training, and let's make Bob from Accounting feel welcomed."
4319,3788,3,10,71,84,1.1904761904761905,0.052137859745800555,683,Welcome  Mr Smith .I
4329,3788,3,10,71,84,1.1904761904761905,0.052137859745800555,683,He's from H.R. We need to work on our diversity statement.
4330,3788,1,14,69,84,1.1904761904761905,0.04631018196447773,683,"That was delicious, Jeeves. Now please bring out the next human, I mean the next course."
4377,3788,2,12,70,84,1.1904761904761905,0.049310188462709244,683,Welcome. Every one is well dressed. Only one is too nervous to sit down.
4464,3788,1,14,69,84,1.1904761904761905,0.04631018196447773,683,Welcome to the inaugural meeting of the Ain't Evolution Crazy Society.
4505,3788,2,12,70,84,1.1904761904761905,0.049310188462709244,683,I can't speak for the group but the side effects don't seem that bad.
4144,3788,1,14,69,84,1.1904761904761905,0.04631018196447773,683,This is Chip.  He'll be providing lunch.
4512,3788,0,16,68,84,1.1904761904761905,0.04310187027192874,683,Jamison wants to know who we'd like to eat for a snack.
4541,3788,2,12,70,84,1.1904761904761905,0.049310188462709244,683,Let the minutes note that the absence of a micro-aggression from this white male in no way invalidates our eating the rest of the board.
4544,3788,1,14,69,84,1.1904761904761905,0.04631018196447773,683,Jeff here will be taking the minutes.
4616,3788,1,14,69,84,1.1904761904761905,0.04631018196447773,683,You wouldn't know a good caption if it jumped up and bit you on the ass.
4621,3788,2,12,70,84,1.1904761904761905,0.049310188462709244,683,Someone didn't get the memo.
4624,3788,2,12,70,84,1.1904761904761905,0.049310188462709244,683,"All right we’re ready to order. We’ll have 7 Republicans: 2 poached, 2 stir fried , 2 steamed & 1 over easy."
4672,3788,0,16,68,84,1.1904761904761905,0.04310187027192874,683,Next on the agenda is the motion to increase diversity on the board.
4693,3788,1,14,69,84,1.1904761904761905,0.04631018196447773,683,Nice job with the diversity hires.
4761,3788,2,12,70,84,1.1904761904761905,0.049310188462709244,683,Please welcome one of the few members of the species Homo sapiens that survived Global Warming.
4787,3788,2,12,70,84,1.1904761904761905,0.049310188462709244,683,"This is  Mr. Jenkins, everyone.  We couldn't have a Human Resources Department without Jenkins."
4902,3788,1,14,69,84,1.1904761904761905,0.04631018196447773,683,Isn't he just dweebolicious!
4525,3788,1,14,69,84,1.1904761904761905,0.04631018196447773,683,He says he's from the FBI and he's here to arrest a Dr. Seuss character.
2671,3788,1,14,69,84,1.1904761904761905,0.04631018196447773,683,"Just like Tinder, but without the monsters."
2823,3788,1,14,69,84,1.1904761904761905,0.04631018196447773,683,"This is James, our new diversity officer."
2647,3788,0,16,68,84,1.1904761904761905,0.04310187027192874,683,"This is Mr. Smith from the EEOC.  Evidently, there's a problem with our ""No-Beard"" policy."
778,3788,3,10,71,84,1.1904761904761905,0.052137859745800555,683,Everyone please welcome our newest member Richard the Petroleum Lobbyer
796,3788,2,12,70,84,1.1904761904761905,0.049310188462709244,683,Let’s take a break. Lunch just arrived
815,3788,0,16,68,84,1.1904761904761905,0.04310187027192874,683,I'd like to introduce our new dealer for tonight's strip poker game.
832,3788,1,14,69,84,1.1904761904761905,0.04631018196447773,683,Who invited the human? The least he could do for wearing that ugly outfit is bring donuts.
880,3788,2,12,70,84,1.1904761904761905,0.049310188462709244,683,Is this the post asteroid conference?
898,3788,2,12,70,84,1.1904761904761905,0.049310188462709244,683,We were really looking for someone with more of a Halston style.
901,3788,3,10,71,84,1.1904761904761905,0.052137859745800555,683,"Let's welcome the new Secretary of the Treasury to my Cabinet, my daughter's boyfriend Rufus."
957,3788,1,14,69,84,1.1904761904761905,0.04631018196447773,683,We're big on diversity here.
992,3788,2,12,70,84,1.1904761904761905,0.049310188462709244,683,He should be delicious - a real salt of the Earth guy.
1024,3788,2,12,70,84,1.1904761904761905,0.049310188462709244,683,"Slarvbrt doesn't get to appoint the next president, 
after his last little joke."
1068,3788,2,12,70,84,1.1904761904761905,0.049310188462709244,683,"Sydney, they might look like a dog, hideous, or a monster, but HR says you cannot call them that. Only the President of the United States is allowed to do that."
1115,3788,2,12,70,84,1.1904761904761905,0.049310188462709244,683,Jennifer Aniston has agreed to join us.
1119,3788,2,12,70,84,1.1904761904761905,0.049310188462709244,683,"‘One of us, one of us, we accept you, one of us."
1143,3788,1,14,69,84,1.1904761904761905,0.04631018196447773,683,"Say hello to George our new board member. I know he looks a little different, but he's very smart."
1163,3788,1,14,69,84,1.1904761904761905,0.04631018196447773,683,Let's all try to agree where we're going for lunch.
1267,3788,3,10,71,84,1.1904761904761905,0.052137859745800555,683,"It's weird, I know, but Bob here happens to be the new head of HR."
1270,3788,3,10,71,84,1.1904761904761905,0.052137859745800555,683,"You all know my brother-in-law, Steve. He will be overseeing each of your departments starting Monday."
1275,3788,0,16,68,84,1.1904761904761905,0.04310187027192874,683,...and so we brought in Kevin to Accounting to account for budget overages in the Boogeyman division.
1315,3788,3,10,71,84,1.1904761904761905,0.052137859745800555,683,"Brian, ‘Snarflaxes don’t pay gratuities’ isn’t even a real thing."
754,3788,0,16,68,84,1.1904761904761905,0.04310187027192874,683,We’re here to discuss assignments and responsibilities
1424,3788,2,12,70,84,1.1904761904761905,0.049310188462709244,683,This is Carl! Says he works with insurance.
750,3788,2,12,70,84,1.1904761904761905,0.049310188462709244,683,"All in favor of letting this weird creature covered in some kind of fabric join our group say ""Aye"".

Michael Rogness, St. Paul, Minnesota"
686,3788,0,16,68,84,1.1904761904761905,0.04310187027192874,683,He’s looking for a little more cowbell.
2667,3788,1,14,69,84,1.1904761904761905,0.04631018196447773,683,"Let me introduce Guy, our new Diversity Officer."
3,3788,2,12,70,84,1.1904761904761905,0.049310188462709244,683,The zootopia  dinner awaits.
10,3788,3,10,71,84,1.1904761904761905,0.052137859745800555,683,"It's was fun fixing the 2016 Federal Election, when Zorto got his pet elected. But, for the 2020 Election, why don't we work together as a team in getting the crayon-chewwing bed-wetting candidate with the other party elected this time?"
75,3788,3,10,71,84,1.1904761904761905,0.052137859745800555,683,Jeremy here will be heading up our HR department.
81,3788,0,16,68,84,1.1904761904761905,0.04310187027192874,683,"Gary here just successfully stormed Area 51!  You know what to do,  boys..."
195,3788,2,12,70,84,1.1904761904761905,0.049310188462709244,683,"Skdizqee ate your chair, Bob, but have a seat on the table. You still could win the committee’s entree for best dressed."
233,3788,2,12,70,84,1.1904761904761905,0.049310188462709244,683,I hope you all wouldn't boo me at a baseball game.
254,3788,3,10,71,84,1.1904761904761905,0.052137859745800555,683,No one mentioned this was business formal.
270,3788,1,14,69,84,1.1904761904761905,0.04631018196447773,683,I feel like we are not doing enough to handle the different people that are not here. How can they be heard?
303,3788,4,8,72,84,1.1904761904761905,0.05481987004287437,683,"Everyone, this is Bob's first day so lay off the abducting and brainwashing for a bit."
338,3788,3,10,71,84,1.1904761904761905,0.052137859745800555,683,"I know, I know...but it's a rotation and only fair that Ron gets to choose the order-in restaurant for this week's meeting."
350,3788,1,14,69,84,1.1904761904761905,0.04631018196447773,683,Whose turn is it to eat an intern?
385,3788,3,10,71,84,1.1904761904761905,0.052137859745800555,683,let's just address the Human in the room.
461,3788,3,10,71,84,1.1904761904761905,0.052137859745800555,683,Looks like someone forgot today was Casual Friday.
506,3788,1,14,69,84,1.1904761904761905,0.04631018196447773,683,This is Ed.  He's the first new hire from HR's new diversity and inclusion campaign.
541,3788,2,12,70,84,1.1904761904761905,0.049310188462709244,683,"Ha, Ha very funny.  Halloween's over"
546,3788,3,10,71,84,1.1904761904761905,0.052137859745800555,683,"No, it was not a dream. 
Clark's co-workers had all become their spirit animals."
591,3788,3,10,71,84,1.1904761904761905,0.052137859745800555,683,If we drop the trademark suit they'll cast us as extras in the next sequel.
655,3788,2,12,70,84,1.1904761904761905,0.049310188462709244,683,"Ok. Why is Bob here? Bob, take it out slowly and they will all understand."
743,3788,1,14,69,84,1.1904761904761905,0.04631018196447773,683,Any objections to declaring next week National Biped
1461,3788,3,10,71,84,1.1904761904761905,0.052137859745800555,683,I'd like to introduce Jim from accounting. He'll be doing the monster math.
269,3788,1,14,69,84,1.1904761904761905,0.04631018196447773,683,"On to new business, the main course at our holiday party."
1516,3788,1,14,69,84,1.1904761904761905,0.04631018196447773,683,"Everyone, this is Tom, our new diversity manager."
2119,3788,1,14,69,84,1.1904761904761905,0.04631018196447773,683,"My word, we're the most interesting characters in a corporate diversity ice breaker parable yet!"
2163,3788,0,16,68,84,1.1904761904761905,0.04310187027192874,683,Overly confident speakers just picture everyone looking dreadful.
2181,3788,3,10,71,84,1.1904761904761905,0.052137859745800555,683,Let’s get going!
2190,3788,2,12,70,84,1.1904761904761905,0.049310188462709244,683,"Ladies and gentlemen, I believe we need less diversity on this board."
2223,3788,1,14,69,84,1.1904761904761905,0.04631018196447773,683,Harold will  provide a level of diversity that has been lacking on our board.
2278,3788,2,12,70,84,1.1904761904761905,0.049310188462709244,683,"Before we start terrorizing the city, our beloved spiritual advisor and fundamentalist megachurch leader Reverend Bob will lead us in prayer."
2307,3788,1,14,69,84,1.1904761904761905,0.04631018196447773,683,I think you've all had enough to drink.
2337,3788,1,14,69,84,1.1904761904761905,0.04631018196447773,683,"No question, it's a position that requires you to be comfortable with a lot of different things..."
2366,3788,2,12,70,84,1.1904761904761905,0.049310188462709244,683,"First of all, I would like to start by acknowledging Jeff  who really went the extra light year on that project last week."
2439,3788,1,14,69,84,1.1904761904761905,0.04631018196447773,683,You look a little thin-skinned for this group
2450,3788,2,12,70,84,1.1904761904761905,0.049310188462709244,683,"Hearing no objections to our revised policy of Diversity, meet Norman."
1482,3788,1,14,69,84,1.1904761904761905,0.04631018196447773,683,"Shocking, yes, which is why we’ll kick off the first show of the Animalis Horribilis season with him."
2451,3788,1,14,69,84,1.1904761904761905,0.04631018196447773,683,Even diversity has its limits.
2580,3788,2,12,70,84,1.1904761904761905,0.049310188462709244,683,I know he's weird looking but the Board voted him in.
2582,3788,2,12,70,84,1.1904761904761905,0.049310188462709244,683,It's been brought to my attention that we're not doing enough promote diversity.
2592,3788,0,16,68,84,1.1904761904761905,0.04310187027192874,683,Bob here has some findings to share from the focus groups.
2594,3788,1,14,69,84,1.1904761904761905,0.04631018196447773,683,Tell the other workers to relax; we have the conference room until 1:00
2604,3788,2,12,70,84,1.1904761904761905,0.049310188462709244,683,The prototype's principal limitation is that it requires 8 consecutive hours of daily recharge.
2630,3788,2,12,70,84,1.1904761904761905,0.049310188462709244,683,"Everyone, it is my pleasure to welcome ""Adulthood"" to our team."
2047,3788,2,12,70,84,1.1904761904761905,0.049310188462709244,683,"Now, just pose as if you are watching the final moments of al-Baghdadi."
2027,3788,1,14,69,84,1.1904761904761905,0.04631018196447773,683,"As part of our duty to enhance affirmative action in our company, let me introduce you to Mr. Weird"
2097,3788,2,12,70,84,1.1904761904761905,0.049310188462709244,683,The committee was designed by a camel and a horse.
1991,3788,1,14,69,84,1.1904761904761905,0.04631018196447773,683,"Well, football mascots are getting stranger every week!"
1525,3788,1,14,69,84,1.1904761904761905,0.04631018196447773,683,James has come over from Human Resources.
1545,3788,3,10,71,84,1.1904761904761905,0.052137859745800555,683,"To prove that we never offer plant-based meat, Whatahuman will deliver dozens like him, LIVE to each store."
1550,3788,2,12,70,84,1.1904761904761905,0.049310188462709244,683,Stan from HR is here to talk about tamping down our diversity hiring initiatives.
1574,3788,2,12,70,84,1.1904761904761905,0.049310188462709244,683,"Please forgive him, he thinks it's Halloween."
1612,3788,1,14,69,84,1.1904761904761905,0.04631018196447773,683,Suck it up--it's the price you have to pay for your extravagant bonuses--yet another corporate homogeneous sapient for lunch.
1650,3788,1,14,69,84,1.1904761904761905,0.04631018196447773,683,The stockholders are challenging our Board of Directors as being dinosaurs.
1666,3788,3,10,71,84,1.1904761904761905,0.052137859745800555,683,Mr. Lycanthrope will show you how easy it is to work with only taking twelve days off a year for rest and recreation.
1683,3788,1,14,69,84,1.1904761904761905,0.04631018196447773,683,"So in today's focus group, we will be asking for your thoughts on diversity."
1999,3788,1,14,69,84,1.1904761904761905,0.04631018196447773,683,You're so tall you stand out from the crowd.
1791,3788,1,14,69,84,1.1904761904761905,0.04631018196447773,683,I asked you here today to resolve our differences.
1784,3788,3,10,71,84,1.1904761904761905,0.052137859745800555,683,Accounting reports we had another monster quarter.
1845,3788,3,10,71,84,1.1904761904761905,0.052137859745800555,683,"Sorry, you can't sit with us"
1856,3788,1,14,69,84,1.1904761904761905,0.04631018196447773,683,after all these years you guys look great; you haven't changed at all.
1863,3788,1,14,69,84,1.1904761904761905,0.04631018196447773,683,"That’s very creative, Mr. Glorp, but we said no Halloween costumes this year."
1876,3788,2,12,70,84,1.1904761904761905,0.049310188462709244,683,"Sorry,we are out of Mountain Oysters."
1889,3788,1,14,69,84,1.1904761904761905,0.04631018196447773,683,Something you didn't know about George -- he's from Ohio.
1915,3788,3,10,71,84,1.1904761904761905,0.052137859745800555,683,All in favor of Mr. Bones as Zookeeper say I
1931,3788,2,12,70,84,1.1904761904761905,0.049310188462709244,683,I know he is not much to look at but let's welcome him as a junior member of our galactic ruling council.
2638,3788,3,10,71,84,1.1904761904761905,0.052137859745800555,683,I'm happy to announce our new head of PR who is joining us after a decade at Big Oil
1985,3788,2,12,70,84,1.1904761904761905,0.049310188462709244,683,My name is Maurice; I'll be your waiter.  This evening's specials are ....
1844,3788,0,16,68,84,1.1904761904761905,0.04310187027192874,683,The first course has arrived
2202,3978,1,15,74,90,1.1888888888888889,0.044397603281480034,683,"This is Miles, the new head of telemarketing."
1922,3979,1,14,70,85,1.188235294117647,0.045816946845285964,683,We welcome our new member to the Birds of a Feather!
5478,3979,0,16,69,85,1.188235294117647,0.04265068080823368,683,This is  Howard. He's from the Diversity office.
4307,3979,1,14,70,85,1.188235294117647,0.045816946845285964,683,"I'd like you all to welcome Kenneth, our new diversity hire."
3798,3979,1,14,70,85,1.188235294117647,0.045816946845285964,683,"Before we eat them, let's say grace"
2174,3979,2,12,71,85,1.188235294117647,0.048778116640986524,683,If we don’t move the auditor can’t see us.
467,3984,3,11,77,91,1.1868131868131868,0.04919892568609763,683,"G8 or ""Gee, Ate""?"
5447,3985,0,16,70,86,1.186046511627907,0.04220861455688511,683,"After reviewing several candidates, it became clear Howie best understood the team's mission for global domination..."
4579,3986,0,15,66,81,1.1851851851851851,0.043429775553920656,683,This is my nephew. Be nice.
2723,3986,2,11,68,81,1.1851851851851851,0.0500342818003937,683,And now Steve from HR is going to talk about our dress code.
2715,3986,2,11,68,81,1.1851851851851851,0.0500342818003937,683,This is Ryan from our Un-Human Resources department.
2355,3986,2,11,68,81,1.1851851851851851,0.0500342818003937,683,"Gentlemen, who's got an idea about how to attract prettier women to our pageant?"
1790,3986,2,11,68,81,1.1851851851851851,0.0500342818003937,683,"Well folks, this is my new discovery.  I call it a human being."
1254,3986,2,11,68,81,1.1851851851851851,0.0500342818003937,683,"...and lastly allow me to introduce Bob who was recently transferred here from our branch office in Cleveland, Earth."
1192,3986,2,11,68,81,1.1851851851851851,0.0500342818003937,683,We're adding a new board member to make us be perceived as more human.
315,3986,2,11,68,81,1.1851851851851851,0.0500342818003937,683,If your name is Rex pull a chair.
4823,3986,2,11,68,81,1.1851851851851851,0.0500342818003937,683,Lunch time”-are there condiments
5211,3986,2,11,68,81,1.1851851851851851,0.0500342818003937,683,"Everyone this is Larry from accounting. I know he looks a bit odd, but wait til you see him after a night of drinking!"
5616,3986,3,9,69,81,1.1851851851851851,0.05302896690102354,683,I'm beginning to wonder why we have a Human Resources department at all.
3524,3986,1,13,67,81,1.1851851851851851,0.046848557928420444,683,"Now that lunch is here, we can begin our meeting."
3664,3986,1,13,67,81,1.1851851851851851,0.046848557928420444,683,Star Wars?  No.  Diversity.
3412,3999,3,10,74,87,1.1839080459770115,0.050468893694394994,683,"Everyone, this is Matt...he gets monsters like us."
969,4000,2,11,69,82,1.1829268292682926,0.04947191399330266,683,Can we get some water and a dam menu on this planet?
2514,4000,2,11,69,82,1.1829268292682926,0.04947191399330266,683,Frights at the rectangular table.
5468,4000,2,11,69,82,1.1829268292682926,0.04947191399330266,683,Let me remind you of our policy of welcoming all species.
1973,4003,3,11,79,93,1.1827956989247312,0.04821797883295062,683,Dave is from Human Resources
3715,4004,2,12,74,88,1.1818181818181819,0.04724780309106128,683,I'd like you all to meet Dave from Human Resources.
2560,4005,2,17,97,116,1.1810344827586208,0.03986321802839532,683,Oh hi Mark.
452,4006,0,18,82,100,1.18,0.0386122919665369,683,"Arnold here will tell us about the newest trends"""
4576,4007,1,13,70,84,1.1785714285714286,0.04532256509703348,683,"Remember, whatever you do, we can't mess it up more than humans did..."
5361,4008,0,14,65,79,1.1772151898734178,0.04323607918126412,683,It's better than an angry toddler.
3732,4008,3,8,68,79,1.1772151898734178,0.05332043114452347,683,"Hey, everybody! Welcome Burt from accounting, who I'm told is a total monster!"
3744,4008,2,10,67,79,1.1772151898734178,0.05018464339431694,683,Don't be alarmed he is very tame.
3969,4008,1,12,66,79,1.1772151898734178,0.04683939034393648,683,I asked Bob from Human Resources to stop by and say a few words.
4419,4008,2,10,67,79,1.1772151898734178,0.05018464339431694,683,"Since we each have so much in common, let’s forget about our differences"
4552,4008,1,12,66,79,1.1772151898734178,0.04683939034393648,683,"I know he looks creepy, but the ""diversity"" initiative was not my idea."
4886,4008,1,12,66,79,1.1772151898734178,0.04683939034393648,683,"So,who ordered the fish?"
3523,4008,1,12,66,79,1.1772151898734178,0.04683939034393648,683,He certainly is weird-looking.
4891,4008,1,12,66,79,1.1772151898734178,0.04683939034393648,683,"Now that Giuliani has made him look like a Boy Scout by comparison, Mr. Cohen has some interesting ideas of how to revamp our own public image. Please welcome our new In-House Counsel, Michael."
4988,4008,1,12,66,79,1.1772151898734178,0.04683939034393648,683,"This is really weird. He calls them ""coat and tie""."
5154,4008,2,10,67,79,1.1772151898734178,0.05018464339431694,683,"Ok everyone, I have a plan of attack against the rats.”"
5662,4008,3,8,68,79,1.1772151898734178,0.05332043114452347,683,The report finds that social media will replace beds and closets within the next year.
5463,4008,1,12,66,79,1.1772151898734178,0.04683939034393648,683,"So, all in favor of eating my assistant say ""Aye"""
4740,4008,2,10,67,79,1.1772151898734178,0.05018464339431694,683,So I have two peanut allergies and one lactose intolerant. Anything else I should be aware of?
3519,4008,2,10,67,79,1.1772151898734178,0.05018464339431694,683,"Nice costume, but Halloween is next week."
3198,4008,2,10,67,79,1.1772151898734178,0.05018464339431694,683,Where’s the boat builder?
3422,4008,0,14,65,79,1.1772151898734178,0.04323607918126412,683,"As you may have guessed, you've been selected to serve on the diversity committee."
3466,4008,3,8,68,79,1.1772151898734178,0.05332043114452347,683,That's just a crock.
48,4008,2,10,67,79,1.1772151898734178,0.05018464339431694,683,"I'm sure polygamy was just as alien to each one of us at some point, too."
136,4008,0,14,65,79,1.1772151898734178,0.04323607918126412,683,"Fellow nightmares, this is Doug. He stumbled his way to the top, schedules Monday morning meetings and took an improv class in college."
563,4008,2,10,67,79,1.1772151898734178,0.05018464339431694,683,"All in favor, say Igor."
1548,4008,1,12,66,79,1.1772151898734178,0.04683939034393648,683,"I’ve reviewed our earnings forecast and, frankly, it’s a bit scary."
88,4008,0,14,65,79,1.1772151898734178,0.04323607918126412,683,"As visitors, we don’t want to destroy them. We want to go on a cruise!"
2629,4008,1,12,66,79,1.1772151898734178,0.04683939034393648,683,Please welcome the face of our aberrant species collection.
2788,4008,1,12,66,79,1.1772151898734178,0.04683939034393648,683,Meet my latest recruit. Tom here is living proof that I do not hire in my own image
2944,4008,1,12,66,79,1.1772151898734178,0.04683939034393648,683,We found him on Halloween night but he insists it’s not a costume !
3378,4008,0,14,65,79,1.1772151898734178,0.04323607918126412,683,It has come to my attention that our shareholders are concerned about the lack of diversity amongst the board members.
2041,4008,2,10,67,79,1.1772151898734178,0.05018464339431694,683,"The newcomer, called human, has quite different appearance from us, but he'll soon buddy up to each of you, as he is the being of the matching nature with us."
3155,4036,2,11,72,85,1.1764705882352942,0.0478573703400451,683,"Be kind to Archibald, our new diversity hire intern."
3878,4037,2,10,68,80,1.175,0.04960285312333035,683,"Everyone, please say 'hello' the the new Chief Conformity Officer, Kevin."
3208,4037,1,12,67,80,1.175,0.04630321092291712,683,"Their ancient weapon is called spanking, the pain is worse than death."
3229,4037,2,10,68,80,1.175,0.04960285312333035,683,I emphasise: Jake is NOT a token human. We take diversity seriously here but he was hired on his merits.
3297,4037,3,8,69,80,1.175,0.05269628766978955,683,Don’t let his appearance fool you; he’s with the White House.
3372,4037,1,12,67,80,1.175,0.04630321092291712,683,At least he’s wearing a monkey suit.
3611,4037,2,10,68,80,1.175,0.04960285312333035,683,"Thank you, Mr. Smith, for you assurances that our Swamp is not to be drained as part of the current Administration's plans;  however, I am still concerned about the potential sale of the mineral and drilling rights to our swampland."
3909,4037,3,8,69,80,1.175,0.05269628766978955,683,"Our newest member. Class: sex monster, scare tactic of choice: inability to remember the definition of consent."
4937,4037,3,8,69,80,1.175,0.05269628766978955,683,I'll only vote in case of a tie.
4110,4037,2,10,68,80,1.175,0.04960285312333035,683,"Don't blame me, I voted for Kodos"
4284,4037,1,12,67,80,1.175,0.04630321092291712,683,"Just a little cabinet turnover, Mick."
5250,4037,1,12,67,80,1.175,0.04630321092291712,683,Please welcome the famous scientist Dr. Jones who's here to tell us about asteroids.
4356,4037,2,10,68,80,1.175,0.04960285312333035,683,"Mr Jackson is our new field manager. 
The word for all of you from the Main Office:
Don't eat this one."
4455,4037,1,12,67,80,1.175,0.04630321092291712,683,"Micky here is still a little ""green behind the ears"" ... something we all had to deal with one time or another."
5577,4037,0,14,66,80,1.175,0.0427496391279461,683,Who's up for a little show and tell?
2710,4037,3,8,69,80,1.175,0.05269628766978955,683,"Kevin here is taking orders for Chipotle, so just let him know what you’d like to regurgitate."
3926,4037,1,12,67,80,1.175,0.04630321092291712,683,"Ladies and gentlemen, Mr. Marshall is here to discuss regime change"
2631,4037,3,8,69,80,1.175,0.05269628766978955,683,Who's for Trump ?
4314,4037,1,12,67,80,1.175,0.04630321092291712,683,"Gentlemen, our new COO. I think he'll fit right in with us!"
2521,4037,1,12,67,80,1.175,0.04630321092291712,683,I'm sure we all can agree that diversity is welcomed here on the job.
2554,4037,1,12,67,80,1.175,0.04630321092291712,683,"Since our core product is Human Capital Management software, I think it's about time we added a human to the sales team."
52,4037,1,12,67,80,1.175,0.04630321092291712,683,Chauncey heaved a desperate sigh of relief and gave himself a mental pat on the back as he narrowly made his deadline for the children’s vitamin pill and breakfast cereal focus group.
520,4037,0,14,66,80,1.175,0.0427496391279461,683,Anybody need anything from the aquarium?
538,4037,1,12,67,80,1.175,0.04630321092291712,683,"Stanley here has joined our team as a computer programmer.  Give him a warm welcome, and I don't want to hear any nerd jokes."
589,4037,0,14,66,80,1.175,0.0427496391279461,683,Why don’t we have more diversity in the boardroom?
627,4037,1,12,67,80,1.175,0.04630321092291712,683,Now you all know why we call it Human Resources.
1090,4037,1,12,67,80,1.175,0.04630321092291712,683,"We accept you, one of us! Gooble Gobble!"
138,4037,1,12,67,80,1.175,0.04630321092291712,683,Mr. Bentley will represent the Dark Money on our Board
1619,4037,1,12,67,80,1.175,0.04630321092291712,683,"I'd like to congratulate Jim on his promotion to Head of Marketing. He has doubled our customer base by rebranding beds as furniture to sleep on, not just under."
1642,4037,0,14,66,80,1.175,0.0427496391279461,683,"Sorry.  This is Animals Alliance, not Alcoholics Anonymous."
1794,4037,1,12,67,80,1.175,0.04630321092291712,683,You're all behaving like animals for God sake!
2177,4037,2,10,68,80,1.175,0.04960285312333035,683,Any Mars Hotel jokes and you're outta here.
2229,4037,0,14,66,80,1.175,0.0427496391279461,683,And now I would like to introduce the human gentleman who is going to speak to you frankly about the Alien Exclusion Act.
2512,4037,1,12,67,80,1.175,0.04630321092291712,683,Who's the new guy?
1248,4037,3,8,69,80,1.175,0.05269628766978955,683,This is Aaron. He's our new compliance guy.
2300,4071,1,11,63,75,1.1733333333333333,0.04792386354100322,683,Our stockholders are accusing me of nepotism.
3464,4072,1,12,68,81,1.1728395061728396,0.04577900300676336,683,Let's bump heads on this.
3907,4072,1,12,68,81,1.1728395061728396,0.04577900300676336,683,We are here to affirm that Mr. Smith's pants are an entirely appropriate choice for the office.
4217,4072,1,12,68,81,1.1728395061728396,0.04577900300676336,683,We take a vote. Should we keep him?
4477,4072,1,12,68,81,1.1728395061728396,0.04577900300676336,683,Democrats blame us but we're not bad. We're just drawn that way.
5002,4072,2,10,69,81,1.1728395061728396,0.04903426446477902,683,"We ate the other jurors, but they voted guilty."
4636,4072,4,6,71,81,1.1728395061728396,0.05496947373060047,683,"Well, if it ain’t one thing it’s another."
4875,4072,2,10,69,81,1.1728395061728396,0.04903426446477902,683,Meet our newest employee Bob. Please forgive his bizarre appearance.
2933,4072,0,14,67,81,1.1728395061728396,0.04227381152657762,683,Thought this was a potluck...
4600,4072,1,12,68,81,1.1728395061728396,0.04577900300676336,683,"I know you all are hungry, but it is a little early for lunch to arrive."
2822,4072,2,10,69,81,1.1728395061728396,0.04903426446477902,683,He wasn’t hired first his head.  He was hired for his face.
3836,4072,0,14,67,81,1.1728395061728396,0.04227381152657762,683,OK guys I’m thinking anything with alien in it is a little alienating so we should probably stick to earthly terms for our superior service
2561,4072,2,10,69,81,1.1728395061728396,0.04903426446477902,683,The President will join us shortly and he wanted me to let you know how pleased he is that you've  accepted your cabinet positions.
2219,4072,2,10,69,81,1.1728395061728396,0.04903426446477902,683,Look at this guy's stupid haircut
2167,4072,2,10,69,81,1.1728395061728396,0.04903426446477902,683,when all your friends are busy so you have to call your backup
1401,4072,2,10,69,81,1.1728395061728396,0.04903426446477902,683,"Please welcome our new staff member. He's a diversity hire, owing to his big ears."
1000,4072,3,8,70,81,1.1728395061728396,0.05208647681414566,683,"Roger here has called this meeting to ask us, formerly his worst nightmares, to back off until the election is over."
846,4072,2,10,69,81,1.1728395061728396,0.04903426446477902,683,We did a thorough background check and he's actually a real monster.
814,4072,0,14,67,81,1.1728395061728396,0.04227381152657762,683,Do we have a quorum?
764,4072,1,12,68,81,1.1728395061728396,0.04577900300676336,683,Nobody said choosing our next presidential candidate would be pretty..
149,4072,0,14,67,81,1.1728395061728396,0.04227381152657762,683,"As we meet our new employee, try not to react to his strange look."
2773,4072,2,10,69,81,1.1728395061728396,0.04903426446477902,683,"I asked are you all in, not are you ail-e-in!"
3737,4093,0,15,72,87,1.1724137931034482,0.04073271884266332,683,"Sorry, corporate said we needed a diversity hire."
4037,4094,1,11,64,76,1.1710526315789473,0.047344048310574156,683,Let's give a warm welcome to our new Director of Diversity & Inclusion.
4038,4094,1,11,64,76,1.1710526315789473,0.047344048310574156,683,"Everyone, this is Paul. He will be heading Human Resources."
4041,4094,0,13,63,76,1.1710526315789473,0.04348082011015344,683,He adds diversity.
4260,4094,0,13,63,76,1.1710526315789473,0.04348082011015344,683,That's a strange proposal.
4182,4094,1,11,64,76,1.1710526315789473,0.047344048310574156,683,"Sorry about my cough, but I picked up a little something down on Earth."
4197,4094,1,11,64,76,1.1710526315789473,0.047344048310574156,683,Wait till the clowns up in Congress hear about this!
3264,4094,1,11,64,76,1.1710526315789473,0.047344048310574156,683,"I know, I know...times are changing and so should we"
4280,4094,0,13,63,76,1.1710526315789473,0.04348082011015344,683,"He carries no food for the imagination.

Robert Karsh
314 727 7235"
4161,4094,1,11,64,76,1.1710526315789473,0.047344048310574156,683,I think we will take the last 5 minutes of this meeting tying up some odds and ends
4000,4094,1,11,64,76,1.1710526315789473,0.047344048310574156,683,Please welcome our first white male to the Club of Undesirables.
3565,4094,2,9,65,76,1.1710526315789473,0.050914988985724385,683,Is he buying lunch? _Or is he lunch.
3984,4094,1,11,64,76,1.1710526315789473,0.047344048310574156,683,"Sorry guys, I know you were hoping for one from Venus, not Mars."
3834,4094,2,9,65,76,1.1710526315789473,0.050914988985724385,683,"As many of our more health-aware clients choose the vegetarian option, please meet our new menu item—the “Impossible Sapien.”"
3700,4094,1,11,64,76,1.1710526315789473,0.047344048310574156,683,"Ugh,There must be something in the mashed potatoes."
3575,4094,1,11,64,76,1.1710526315789473,0.047344048310574156,683,Look at this weirdo
3544,4094,2,9,65,76,1.1710526315789473,0.050914988985724385,683,He says they don't serve minors.
3480,4094,2,9,65,76,1.1710526315789473,0.050914988985724385,683,"Hiding in closets and under beds is no longer enough to scare kids. Ted, is here to help us."
3346,4094,1,11,64,76,1.1710526315789473,0.047344048310574156,683,All in favor say “Aieeeee!”
3338,4094,0,13,63,76,1.1710526315789473,0.04348082011015344,683,Please welcome Joel as our new Diversity Coordinator.
3300,4094,2,9,65,76,1.1710526315789473,0.050914988985724385,683,I brought in a human consultant so he could teach us how to be real monsters.
4316,4094,3,7,66,76,1.1710526315789473,0.05425138981075869,683,"Welp, now I really have seen everything."
3990,4094,0,13,63,76,1.1710526315789473,0.04348082011015344,683,"Everyone, this is Dave, our new Human-Monster Public Relations Manager. He's going to fix everything you guys started"
4345,4094,1,11,64,76,1.1710526315789473,0.047344048310574156,683,Can you guess which thing is not like the other? Can you guess which thing just doesn't belong.....
4967,4094,0,13,63,76,1.1710526315789473,0.04348082011015344,683,"Everyone, welcome Gary, he will be leading our rebranding efforts for the next quarter."
4361,4094,0,13,63,76,1.1710526315789473,0.04348082011015344,683,Stop drooling Drag-on. He’s not a steak tip. He’s giving us fashion tips .
5597,4094,1,11,64,76,1.1710526315789473,0.047344048310574156,683,So let's review the new dress code
5466,4094,1,11,64,76,1.1710526315789473,0.047344048310574156,683,So...can we agree that supper has arrived?
5319,4094,1,11,64,76,1.1710526315789473,0.047344048310574156,683,Here comes the extraterrestrial !
5135,4094,2,9,65,76,1.1710526315789473,0.050914988985724385,683,I’m developing a second Noah’s ark of mythical creatures and would appreciate your input.
5018,4094,1,11,64,76,1.1710526315789473,0.047344048310574156,683,"Now that we don't have to wear those stuffy costumes anymore, let's get down to business."
5013,4094,2,9,65,76,1.1710526315789473,0.050914988985724385,683,"Today Jason will be presenting on, ""Why We Need H.R.""
Jason,..."
5000,4094,1,11,64,76,1.1710526315789473,0.047344048310574156,683,He swears he has a reptilian brain.
3242,4094,0,13,63,76,1.1710526315789473,0.04348082011015344,683,The only excuse I can think of for us still not having menus is that we're eating you which is fine I guess
4935,4094,1,11,64,76,1.1710526315789473,0.047344048310574156,683,"This is Dave, our new team member.  Give him a big welcoming grunt, hiss, howl, cluck, growl, or snarl."
4929,4094,2,9,65,76,1.1710526315789473,0.050914988985724385,683,We need the dues....
4920,4094,1,11,64,76,1.1710526315789473,0.047344048310574156,683,SORRY. I THOUGHT THIS COMPANY OFFERED BETTER MID-MORNING SNACKS .
4861,4094,1,11,64,76,1.1710526315789473,0.047344048310574156,683,So - A linear budget and 30 day detail reports - How's that work for you guys?
4804,4094,1,11,64,76,1.1710526315789473,0.047344048310574156,683,So do we agree to move the dental floss account to Mr. Wilson's company?
4780,4094,1,11,64,76,1.1710526315789473,0.047344048310574156,683,I vote we make the weirdo do the dirty work
4709,4094,1,11,64,76,1.1710526315789473,0.047344048310574156,683,"OK! We'll have three vegetarian medleys, three meat lovers delights and a plate of worms and parsley for the table"
4676,4094,1,11,64,76,1.1710526315789473,0.047344048310574156,683,You’re just too demonstrative with  others.
4645,4094,4,5,67,76,1.1710526315789473,0.05739416772966874,683,Our HR director would like to pitch his plan to hire more humans—he thinks it could lower labor costs.
4605,4094,1,11,64,76,1.1710526315789473,0.047344048310574156,683,"Before we begin, I’ll take your lunch orders. Are there any vegetarians, Celiacs, or Apex-Predators with us today?"
4592,4094,1,11,64,76,1.1710526315789473,0.047344048310574156,683,"A lotta nerve bringing an investment banker in here, Flork..."
4555,4094,2,9,65,76,1.1710526315789473,0.050914988985724385,683,Uh hi there fellow...monsters. Heh. I mean...
4540,4094,0,13,63,76,1.1710526315789473,0.04348082011015344,683,"May the Annual Meeting of the 'Too Often Overlooked' convene! Welcome, All! ""  JK Fuller, Genoa, N"
4484,4094,0,13,63,76,1.1710526315789473,0.04348082011015344,683,"Members of the Board: Profits are down for the 2nd quarter in a row.  Do we fire our CEO, or, do we eat him?"
4457,4094,1,11,64,76,1.1710526315789473,0.047344048310574156,683,He was hoping for a better deal from corporate America after the devil offered to buy his soul
4347,4094,1,11,64,76,1.1710526315789473,0.047344048310574156,683,Do we accept this guy or eat him?
3237,4094,1,11,64,76,1.1710526315789473,0.047344048310574156,683,"Yes, I may be stepping down, but I can’t think of anyone more fitting to take my place than Greg."
3398,4094,1,11,64,76,1.1710526315789473,0.047344048310574156,683,Look who we're having for lunch.
3211,4094,0,13,63,76,1.1710526315789473,0.04348082011015344,683,"This is Jerry, he's the new head of Human Resources!"
1302,4094,2,9,65,76,1.1710526315789473,0.050914988985724385,683,"Meet Smith, our HR temp."
1296,4094,1,11,64,76,1.1710526315789473,0.047344048310574156,683,Stop acting like a bunch of animals!
1286,4094,1,11,64,76,1.1710526315789473,0.047344048310574156,683,Let me remind you of this companies commitment to hire more minorities.
1149,4094,2,9,65,76,1.1710526315789473,0.050914988985724385,683,And now onto item 27 in the Global Emissions Standards Repeal and Toddler Barbecue Act.
1127,4094,1,11,64,76,1.1710526315789473,0.047344048310574156,683,"This genetic engineering thing is cool: 
That scientist over there calls me a pigagator."
1061,4094,1,11,64,76,1.1710526315789473,0.047344048310574156,683,Shuffle the deck. He gets the joker. We take the wild card.
1041,4094,3,7,66,76,1.1710526315789473,0.05425138981075869,683,The two-eyes have it!  We'll eat the human for lunch.
878,4094,1,11,64,76,1.1710526315789473,0.047344048310574156,683,What or Who is for Lunch ?
863,4094,1,11,64,76,1.1710526315789473,0.047344048310574156,683,Personnel is here today to talk about the increasing of amount of PDA occurring in our workplace.
813,4094,2,9,65,76,1.1710526315789473,0.050914988985724385,683,"Please welcome our affirmative-action hire, 
who says he'd rather not take his clothes off..."
1379,4094,2,9,65,76,1.1710526315789473,0.050914988985724385,683,"He says ""Amazon welcomes you to the first inter-galactic delivery conference"""
760,4094,2,9,65,76,1.1710526315789473,0.050914988985724385,683,"You won't find a ""yes-man"" in this boardroom."
755,4094,2,9,65,76,1.1710526315789473,0.050914988985724385,683,"Are you sure you're not looking for Cryptology 101?"""
637,4094,3,7,66,76,1.1710526315789473,0.05425138981075869,683,"We all see it, he’s touching you."
576,4094,2,9,65,76,1.1710526315789473,0.050914988985724385,683,Mr. Jones will take your orders for the deli.
515,4094,2,9,65,76,1.1710526315789473,0.050914988985724385,683,"We have two guesses: either the baby was conceived at Chernobyl, or one of you is the father."
454,4094,2,9,65,76,1.1710526315789473,0.050914988985724385,683,"For what is that thing that ties your neck, Mr President?"
441,4094,2,9,65,76,1.1710526315789473,0.050914988985724385,683,"Please pull up a chair and join us,  Mr. Sapians"
375,4094,0,13,63,76,1.1710526315789473,0.04348082011015344,683,This company has never had a problem with biodiversity...
331,4094,1,11,64,76,1.1710526315789473,0.047344048310574156,683,Let's welcome Myron who finally came out from under my bed.
268,4094,1,11,64,76,1.1710526315789473,0.047344048310574156,683,Please welcome our new management  diversity guru.
3236,4094,1,11,64,76,1.1710526315789473,0.047344048310574156,683,"Hi John, thanks for joining us. We wanted to talk to you today about your recreational drug use habit."
758,4094,1,11,64,76,1.1710526315789473,0.047344048310574156,683,"Scratching the table won't make your orders show up any faster, so just relax, maybe sing a bit, chat, have fun guys!"
1392,4094,1,11,64,76,1.1710526315789473,0.047344048310574156,683,We needed more diversity on the Board.
230,4094,3,7,66,76,1.1710526315789473,0.05425138981075869,683,"Stan, strutting around sporting that phallic necktie is seen as a middle finder to the Corporate Casual Policy put in place to level the playing field for all genders."
1527,4094,2,9,65,76,1.1710526315789473,0.050914988985724385,683,"I'd like you to all to welcome our new agent, code name Denzel."
1418,4094,1,11,64,76,1.1710526315789473,0.047344048310574156,683,All in favor of ousting the human say ‘aye’
3209,4094,0,13,63,76,1.1710526315789473,0.04348082011015344,683,We can’t use “Breakfast of Champions.”  That’s been done already.  Think of something else.
3200,4094,1,11,64,76,1.1710526315789473,0.047344048310574156,683,No one can accuse me of breaking my promise to clear the D.C. swamp.
3158,4094,1,11,64,76,1.1710526315789473,0.047344048310574156,683,I believe our diversity program a rousing success.
3146,4094,0,13,63,76,1.1710526315789473,0.04348082011015344,683,Let's try an app instead human translators aren't working out.
3129,4094,1,11,64,76,1.1710526315789473,0.047344048310574156,683,I declare that our board room is now sufficiently diverse.
3040,4094,1,11,64,76,1.1710526315789473,0.047344048310574156,683,"Thanks to da Boss, the swamp welcomes you to the table."
2981,4094,1,11,64,76,1.1710526315789473,0.047344048310574156,683,"I know it's Halloween, but I find that costume totally unbelievable."
2958,4094,3,7,66,76,1.1710526315789473,0.05425138981075869,683,Bob the consultant has informed me that we are all naked!
2924,4094,2,9,65,76,1.1710526315789473,0.050914988985724385,683,"Meet Marvin, our newest Oddfellow Club member"
2627,4094,0,13,63,76,1.1710526315789473,0.04348082011015344,683,"Yup, I used to work in accounting. But I’ve had up to here with all those freaks."
3054,4094,3,7,66,76,1.1710526315789473,0.05425138981075869,683,"Not to worry, you're all scarier than a recession"
2082,4094,0,13,63,76,1.1710526315789473,0.04348082011015344,683,"Hey, hey, way to get your freak on, Derrick."
1532,4094,1,11,64,76,1.1710526315789473,0.047344048310574156,683,I want to introduce the most recently evolved member of the board of directors.
2556,4094,2,9,65,76,1.1710526315789473,0.050914988985724385,683,"Buttshit , do you have to always bring your trophy to these board meetings?"
2360,4094,0,13,63,76,1.1710526315789473,0.04348082011015344,683,"Our newest member of Monsters Incorporated, Jared Kushner."
2282,4094,0,13,63,76,1.1710526315789473,0.04348082011015344,683,I guess I didn-7d09-4f47-af67-accf159608ec.dd12757f-efa3-45d5-8db4-4a40e720a80b.15724
2269,4094,1,11,64,76,1.1710526315789473,0.047344048310574156,683,Dr. Seuss's Brain
2204,4094,1,11,64,76,1.1710526315789473,0.047344048310574156,683,Your outstanding differences may break or take you to the 2020 Election.
2136,4094,2,9,65,76,1.1710526315789473,0.050914988985724385,683,All in favor of a diversity higher say are
2000,4094,2,9,65,76,1.1710526315789473,0.050914988985724385,683,"Not only does our new board member appear to be
 highly qualified, he also looks absolutely delicious!"
2615,4094,2,9,65,76,1.1710526315789473,0.050914988985724385,683,Oliver here will be the new head of QA/QC in Transmogrification.
4803,4194,0,14,68,82,1.170731707317073,0.04180826184428594,683,Don from accounting will be assisting us today
4790,4194,2,10,70,82,1.170731707317073,0.048478438536580806,683,"No, Jim is lunch, he’s here to take your orde"
4611,4194,1,12,69,82,1.170731707317073,0.045266376933577414,683,...and in our continuing effort to integrate Fred will become our new CFO. Sorry Dot.
711,4194,1,12,69,82,1.170731707317073,0.045266376933577414,683,Please welcome our newest distrustee.
3960,4198,1,11,65,77,1.1688311688311688,0.0467779231605511,683,"One of us, one of us, higgle piggle, one of us...!"
5499,4198,2,9,66,77,1.1688311688311688,0.05029848501568073,683,"This is Bob from security. Apparently 300,000 thousand people signed a Facebook petition and will be barging in next week."
2120,4200,0,13,65,78,1.1666666666666667,0.042470599286468784,683,Ralph is here today to pitch a show about freaks of nature
1273,4200,2,8,62,72,1.1666666666666667,0.05233215213522994,683,"I motion we break for lunch and eat Dave, obviously."
3697,4202,2,8,63,73,1.1643835616438356,0.051660769401756894,683,Look who woke up from his 300 year nap!
3695,4202,1,10,62,73,1.1643835616438356,0.04783636264784695,683,Do you recommend the garçon?
4010,4202,2,8,63,73,1.1643835616438356,0.051660769401756894,683,Let's discuss his idea of the Holiday theme for next year's Board Meeting.
4119,4202,2,8,63,73,1.1643835616438356,0.051660769401756894,683,"We should take a break, the hot lunch I ordered has arrived."
3535,4202,1,10,62,73,1.1643835616438356,0.04783636264784695,683,Remember sophistication is not a perquisite for admittance to the Milky Way Advanced Plant council.
4070,4202,0,12,61,73,1.1643835616438356,0.043678370935408654,683,"Welcome, welcome, to these special auditions, for roles in the new Dr. Seuss extended editions!"
4198,4202,1,10,62,73,1.1643835616438356,0.04783636264784695,683,Elmer here will help us get back on track with our diversity program in
4031,4202,1,10,62,73,1.1643835616438356,0.04783636264784695,683,Jim is here today to give a talk on diversification in the workplace. Whatever that is?
3493,4202,2,8,63,73,1.1643835616438356,0.051660769401756894,683,This is Matthews from HR. Apparently certain departments are eating too many interns.
2873,4202,1,10,62,73,1.1643835616438356,0.04783636264784695,683,Why didn’t anyone get dressed for Halloween ?
3247,4202,1,10,62,73,1.1643835616438356,0.04783636264784695,683,"In the grand scheme of things, we're all God's children."
3214,4202,2,8,63,73,1.1643835616438356,0.051660769401756894,683,"Oh, ladies! No makeup today?"
3096,4202,2,8,63,73,1.1643835616438356,0.051660769401756894,683,"We'll call this meeting to order, but first  give this nice man your   your drink orders.  serena carroll"
3041,4202,0,12,61,73,1.1643835616438356,0.043678370935408654,683,"I know he's a little freaky looking, but hiring him will help with our diversity goals."
3017,4202,1,10,62,73,1.1643835616438356,0.04783636264784695,683,"'This is the best Board of Directors  our company. Trophy LLC, has ever had!""."
2928,4202,0,12,61,73,1.1643835616438356,0.043678370935408654,683,Which one of you is the odd man out?
2847,4202,3,6,64,73,1.1643835616438356,0.05522094348149691,683,This is Stan. He's going to be the new head of Human Resources.
2827,4202,1,10,62,73,1.1643835616438356,0.04783636264784695,683,It is important that we tolerate differences among us because we celebrate diversity in our firm - but I must acknowledge that he is the only one who wears clothes
2741,4202,0,12,61,73,1.1643835616438356,0.043678370935408654,683,"Cheer up, he prefers to stay at the bottom of the food chain."""
3248,4202,1,10,62,73,1.1643835616438356,0.04783636264784695,683,"And, briefly, before we put the motion to a vote, Melvin from Corporate Social Responsibility is here to provide us with a non-monstrous veiwpoint."
4225,4202,0,12,61,73,1.1643835616438356,0.043678370935408654,683,"Ha-ha, Jim forgot again it’s casual Friday."
5223,4202,1,10,62,73,1.1643835616438356,0.04783636264784695,683,The new guy didn’t get memo about “Casual Fright-day”.
4323,4202,1,10,62,73,1.1643835616438356,0.04783636264784695,683,Our potential investors took one look and ran for the hills even though we have literally ate up our competition.
5504,4202,3,6,64,73,1.1643835616438356,0.05522094348149691,683,Mr. Jones here is the new Acting Director of the Deep Swamp.
5525,4202,2,8,63,73,1.1643835616438356,0.051660769401756894,683,The human wants to know which one of us gave him genital warts.
5572,4202,1,10,62,73,1.1643835616438356,0.04783636264784695,683,I think we can finally say we've achieved diversity in the boardroom.
5649,4202,2,8,63,73,1.1643835616438356,0.051660769401756894,683,"Dude, what the heck is he wearing?"
5495,4202,1,10,62,73,1.1643835616438356,0.04783636264784695,683,"And due to the success of our galactic inclusion program, please welcome our newest team member, Jooooohn Doooooe!"
5482,4202,2,8,63,73,1.1643835616438356,0.051660769401756894,683,I am proud to announce that we met our divirsity goal by hiring an immigrant to be our server.
5460,4202,2,8,63,73,1.1643835616438356,0.051660769401756894,683,I can vouch for his bonafides personally
5230,4202,1,10,62,73,1.1643835616438356,0.04783636264784695,683,"?hcnul ruo yug siht is

(Is this guy our lunch?)"
5192,4202,0,12,61,73,1.1643835616438356,0.043678370935408654,683,"So, who still needs a costume for Halloween?"
4296,4202,1,10,62,73,1.1643835616438356,0.04783636264784695,683,And now Ned is going to tell us about our new health insurance plan.
5175,4202,1,10,62,73,1.1643835616438356,0.04783636264784695,683,"All in favor of the vegetarian selection, say ""Aye."""
5067,4202,1,10,62,73,1.1643835616438356,0.04783636264784695,683,I'm here to boost diversity!
4944,4202,1,10,62,73,1.1643835616438356,0.04783636264784695,683,"Sorry guys, but we are all older monster actors who
have been retired from any movies in this digital world."
4892,4202,2,8,63,73,1.1643835616438356,0.051660769401756894,683,Good news. Noah here has agreed to build it. It will feature a mammoth all-you-can-eat-that-don't-eat-you-first buffet table.
4770,4202,1,10,62,73,1.1643835616438356,0.04783636264784695,683,Every focus group liked him for the role of monster.
2703,4202,1,10,62,73,1.1643835616438356,0.04783636264784695,683,"In the spirit of diversity, please welcome a new member to our team."
4699,4202,1,10,62,73,1.1643835616438356,0.04783636264784695,683,No one told me it was going to be a costume meeting.
4575,4202,2,8,63,73,1.1643835616438356,0.051660769401756894,683,"What, your name isn’t Bruce? Now that’s going to be confusing!"
4496,4202,1,10,62,73,1.1643835616438356,0.04783636264784695,683,"Let's do all we can to help our new office manager fit in!"""
4337,4202,1,10,62,73,1.1643835616438356,0.04783636264784695,683,"Don't blame me, blame #humantoo."
5076,4202,1,10,62,73,1.1643835616438356,0.04783636264784695,683,"Now, I want everyone's undivided attention.  Russell has a few ideas on how we can re-brand our organization."
2654,4202,1,10,62,73,1.1643835616438356,0.04783636264784695,683,"Except for the guy standing at my left, 
there's more that holds us together than separates us."
4750,4202,0,12,61,73,1.1643835616438356,0.043678370935408654,683,I think we can all agree on diversity
2552,4202,2,8,63,73,1.1643835616438356,0.051660769401756894,683,"I mean, I thought they tasted pretty good, but I’m just not sure I’d buy a snack food called Area 51."
1305,4202,2,8,63,73,1.1643835616438356,0.051660769401756894,683,He's replacing the elephant in the room.
1196,4202,2,8,63,73,1.1643835616438356,0.051660769401756894,683,"Yes, we do have a quorum so we can indeed eat him."
1138,4202,0,12,61,73,1.1643835616438356,0.043678370935408654,683,"This is Ken from HR, who wants to thank the Board for its pledge to diversity."
997,4202,0,12,61,73,1.1643835616438356,0.043678370935408654,683,"That'll be two ham and cheese, 3 turkey clubs, and a burger no cheese. Thanks."
983,4202,1,10,62,73,1.1643835616438356,0.04783636264784695,683,"Welcome to the ""who should replace Trump?"" workshop"
904,4202,0,12,61,73,1.1643835616438356,0.043678370935408654,683,"And I’ve asked Dan to lead our Diversity, Equity, and Inclusion committee."
855,4202,2,8,63,73,1.1643835616438356,0.051660769401756894,683,I've long yearned for a seat at the table.
767,4202,3,6,64,73,1.1643835616438356,0.05522094348149691,683,"Pierre will take your order, but we only serve vegan here."
1338,4202,2,8,63,73,1.1643835616438356,0.051660769401756894,683,This is a clean freak from Earth. His job will be to remove the claw marks from our table top.
710,4202,1,10,62,73,1.1643835616438356,0.04783636264784695,683,I don’t know about the new guy..he looks like a weirdo to me.
422,4202,0,12,61,73,1.1643835616438356,0.043678370935408654,683,This Hooman first day. All say welcome Hooman.
414,4202,2,8,63,73,1.1643835616438356,0.051660769401756894,683,We have a facilitator today because some of us have never been on a committee before.
390,4202,1,10,62,73,1.1643835616438356,0.04783636264784695,683,"Our newest board member, Jerry is a white-male. Now he may not appear all that scary on the surface, but just give him a chance."
360,4202,2,8,63,73,1.1643835616438356,0.051660769401756894,683,"Once the human brings us donuts and coffee, the meeting will begin."
284,4202,3,6,64,73,1.1643835616438356,0.05522094348149691,683,And here to represent us in our slander suit against Toho Productions...
157,4202,1,10,62,73,1.1643835616438356,0.04783636264784695,683,Steve comes fully qualified with creature features; comfort and habit.
139,4202,0,12,61,73,1.1643835616438356,0.043678370935408654,683,I know he looks strange but lets give him a chance.
2555,4202,1,10,62,73,1.1643835616438356,0.04783636264784695,683,"A round of applause for our newest member, please."
555,4202,1,10,62,73,1.1643835616438356,0.04783636264784695,683,What really brings in the block buster bucks is less plot and more special effects.
1507,4202,1,10,62,73,1.1643835616438356,0.04783636264784695,683,"You are right, Slither. Without further ado, let's address the elephant in the room."
559,4202,0,12,61,73,1.1643835616438356,0.043678370935408654,683,I'm sure you'll all agree that Milton here brings some much-needed diversity to the Board of Directors.
1628,4202,2,8,63,73,1.1643835616438356,0.051660769401756894,683,"OK, some of you aren't looking 18–24."""
1543,4202,0,12,61,73,1.1643835616438356,0.043678370935408654,683,Everyone this is Dan... he's going to help us navigate the government's immigration ban on monsters.
2547,4202,0,12,61,73,1.1643835616438356,0.043678370935408654,683,"This is Stanley from Earth, we've brought him in for his expertise on beer, babes, baseball and buffalo wings."
2537,4202,0,12,61,73,1.1643835616438356,0.043678370935408654,683,"As we try and take our company universal, we need more diversity on our board so we are bringing in a white man."
2498,4202,1,10,62,73,1.1643835616438356,0.04783636264784695,683,"This new clown craze is bad for the bottom line. I need ideas, people!"
2472,4202,1,10,62,73,1.1643835616438356,0.04783636264784695,683,"If we're going to fit in, we're all going to need a sports coat and tie."
2423,4202,1,10,62,73,1.1643835616438356,0.04783636264784695,683,"Its taken a long time for us to recognize our monstrous privilege, but we are ready to make room for you at the table."
2210,4202,1,10,62,73,1.1643835616438356,0.04783636264784695,683,Area 51 residents discuss racial profiling by the staff
2188,4202,1,10,62,73,1.1643835616438356,0.04783636264784695,683,Who said focus groups had to be non-threatening?
2140,4202,1,10,62,73,1.1643835616438356,0.04783636264784695,683,"Sorry Andy, Jim here says everyone really loved the board game, just not the part where they had to yell ""Non humans rule!"" before winning."
2335,4202,3,6,64,73,1.1643835616438356,0.05522094348149691,683,"It's true we left you out of the loop, but John, it's not called ""ghosting"" if none of us are ghosts."
2131,4202,2,8,63,73,1.1643835616438356,0.051660769401756894,683,He’s fired everyone else.
2127,4202,3,6,64,73,1.1643835616438356,0.05522094348149691,683,"Remember, we are an equal opportunity employer."
2098,4202,1,10,62,73,1.1643835616438356,0.04783636264784695,683,"Eat him, hell!  We’re going to take him back to our home planet and star him in a sci-fi movie.”"
2095,4202,3,6,64,73,1.1643835616438356,0.05522094348149691,683,Did someone forget to tell Bob it's casual  Friday?
2011,4202,2,8,63,73,1.1643835616438356,0.051660769401756894,683,It is our guest. Please show some respect.
1944,4202,1,10,62,73,1.1643835616438356,0.04783636264784695,683,"'So I said to him, don't wear that, you'll look silly. What can I say? There's no telling these humans.'"
1739,4202,0,12,61,73,1.1643835616438356,0.043678370935408654,683,"If you become an employee of this firm, you will make your first million within three years. Okay? I'm gonna repeat that. You will make a million dollars within three years of your first day of employment at J.T. Marlin."
1684,4202,1,10,62,73,1.1643835616438356,0.04783636264784695,683,Meet Ralph.  He is first in line in our attempt to diversify our staff here at Creature Monthly.
1652,4202,1,10,62,73,1.1643835616438356,0.04783636264784695,683,So who's the scariest one of all?
3628,4290,0,12,62,74,1.162162162162162,0.043141308959040406,683,"I was looking for more interesting ideas not more interesting looks, but I guess this is okay."
3669,4290,1,10,63,74,1.162162162162162,0.047237758050578095,683,"For a different perspective on Climate Change, I invited Mr. Smith from the automotive industry."
3704,4290,1,10,63,74,1.162162162162162,0.047237758050578095,683,"Bob here says enough with energy drinks and job placement, let's just hide under children's beds."
3827,4290,0,12,62,74,1.162162162162162,0.043141308959040406,683,I brought the lawyer because things are starting to get scary.
4181,4290,2,8,64,74,1.162162162162162,0.05100626464063538,683,And these are the diversity hires.
4059,4290,0,12,62,74,1.162162162162162,0.043141308959040406,683,Trump's Cabinet
4241,4290,2,8,64,74,1.162162162162162,0.05100626464063538,683,"Our new spokes person is the bad guy from Shazam"""
3573,4290,2,8,64,74,1.162162162162162,0.05100626464063538,683,"Is he animal, vegetable or mineral? Oh, who cares! Let's eat!"
3952,4290,2,8,64,74,1.162162162162162,0.05100626464063538,683,"I've asked Bob to join us today as an inedible Human Resource, and I'm specifically asking everyone to respect the all boundaries we've previously spoken about regarding this role."
3426,4290,1,10,63,74,1.162162162162162,0.047237758050578095,683,We will not tolerate minority homeowners organizing.
2697,4290,1,10,63,74,1.162162162162162,0.047237758050578095,683,"Well it took a while, but our board diversity is finally starting to- wait, are any of you women?"
3348,4290,0,12,62,74,1.162162162162162,0.043141308959040406,683,"So please join me in welcoming our new committee member, and don't be distracted by the polymer coating referred to as ""clothing."""
3336,4290,1,10,63,74,1.162162162162162,0.047237758050578095,683,''Really an ODIOUS work to GREET among the FUNNIEST''
3106,4290,2,8,64,74,1.162162162162162,0.05100626464063538,683,"Leonard here, is an attorney who's going to help us unionize."
3037,4290,3,6,65,74,1.162162162162162,0.05451488126682573,683,"Progressive...I dare say we have the most
diverse corporate board in the United States..."
3012,4290,1,10,63,74,1.162162162162162,0.047237758050578095,683,Thank you for being part of Halloween 365 24/7.
2994,4290,2,8,64,74,1.162162162162162,0.05100626464063538,683,I’d like you to meet John Smith. Don’t let the costume scare you. He’s just like us underneath.
2842,4290,1,10,63,74,1.162162162162162,0.047237758050578095,683,"Thanks for coming down Bob, we wanted to get an outsider's perspective on the new campaign."
2821,4290,1,10,63,74,1.162162162162162,0.047237758050578095,683,"Believe me, a vote for him portends extinction for us!"
2665,4290,2,8,64,74,1.162162162162162,0.05100626464063538,683,"Thanks to Citizen's United, all of us are equal to one of him.”"
4263,4290,1,10,63,74,1.162162162162162,0.047237758050578095,683,So it's unanimous; we've agreed to start the meeting after we eat pepperoni slice monster.  Well almost unanimous.
3349,4290,0,12,62,74,1.162162162162162,0.043141308959040406,683,The administration would like our assistance at their border facilities.  You guys up for that?
4430,4290,1,10,63,74,1.162162162162162,0.047237758050578095,683,"Dam, is today casual Friday?"
5409,4290,1,10,63,74,1.162162162162162,0.047237758050578095,683,"Attention everybody: May I present our new
First Vice-president from the Planet Earth! """
4500,4290,2,8,64,74,1.162162162162162,0.05100626464063538,683,How the turntables..
5660,4290,3,6,65,74,1.162162162162162,0.05451488126682573,683,"Let me introduce you to our cousin. He comes from the most vile of swamps, the White House!"
5615,4290,1,10,63,74,1.162162162162162,0.047237758050578095,683,This legislative panel stands by its resolution that Earth's humans are too hideous to remain in this galaxy
5528,4290,1,10,63,74,1.162162162162162,0.047237758050578095,683,"Meet the lawyer we hired for this year's ""Vilest Creature in the Universe"" competition. He's also the winner!"
2649,4290,1,10,63,74,1.162162162162162,0.047237758050578095,683,"Now tell us, where did our funding for human survival go?"
5291,4290,1,10,63,74,1.162162162162162,0.047237758050578095,683,"The 'Skinks 'N' Grubs Platter to Share'  -- dressing on the side, please."
5231,4290,2,8,64,74,1.162162162162162,0.05100626464063538,683,"For your DMV appointment, you only need bring a birth certificate, social security card and two proofs of residence."
5145,4290,1,10,63,74,1.162162162162162,0.047237758050578095,683,"Well,I was going to eat him,but I decided to send him to HR instead"
5144,4290,1,10,63,74,1.162162162162162,0.047237758050578095,683,"Okay, he's here, so let's begin the meating."
5084,4290,0,12,62,74,1.162162162162162,0.043141308959040406,683,"When you get to know Lawson, you'll find he's not really different."
5080,4290,2,8,64,74,1.162162162162162,0.05100626464063538,683,"We need to improve our diversity - I want to see more middle-aged  white men around the table"""
4444,4290,0,12,62,74,1.162162162162162,0.043141308959040406,683,Mr. Harris from HR is hear to tell us about our health plan options.
5057,4290,1,10,63,74,1.162162162162162,0.047237758050578095,683,"Now listen, they didn’t yank us out from under the beds to make just another inflammatory, divisive decision for people to scream about online."
4951,4290,1,10,63,74,1.162162162162162,0.047237758050578095,683,We were serious about our commitment to equity and inclusion.
4942,4290,1,10,63,74,1.162162162162162,0.047237758050578095,683,And of course separate checks.
4858,4290,2,8,64,74,1.162162162162162,0.05100626464063538,683,Let me welcome you all to our annual diversity conference.
4850,4290,1,10,63,74,1.162162162162162,0.047237758050578095,683,"My doctor says I need to cut back on spicy foods, so I'm afraid our lunch today is rather bland."
4814,4290,0,12,62,74,1.162162162162162,0.043141308959040406,683,"And our newest member, a non alien, please help yourself!"
4728,4290,2,8,64,74,1.162162162162162,0.05100626464063538,683,I believe everyone here knows Jenkins.  He's been tapped to run our Earth office beginning next quarter.
4643,4290,1,10,63,74,1.162162162162162,0.047237758050578095,683,You're right! Of course the cartoonist was on drugs.
4639,4290,1,10,63,74,1.162162162162162,0.047237758050578095,683,"George, here, is employee-of-the-month. In the spirit of Thanksgiving, who wants the first bite?"
4601,4290,1,10,63,74,1.162162162162162,0.047237758050578095,683,Shall we start with water?
4539,4290,1,10,63,74,1.162162162162162,0.047237758050578095,683,"Joe’s comb over is pretty scary, so do we let him in?"
5003,4290,1,10,63,74,1.162162162162162,0.047237758050578095,683,With our CPA you can write off your UFOs and all your ET expenses!
2620,4290,1,10,63,74,1.162162162162162,0.047237758050578095,683,"This is Professor Rossum, this year's Hallowe'en dining table humane techniques monitor?"
3079,4290,0,12,62,74,1.162162162162162,0.043141308959040406,683,"We're bringing in Harvey, since he writes monsters 
with such authenticity."
2606,4290,1,10,63,74,1.162162162162162,0.047237758050578095,683,What do you mean they won't take us seriously??
990,4290,1,10,63,74,1.162162162162162,0.047237758050578095,683,"Hi, I’m Charles Addams filling in for Dr. Seuss this week!"
972,4290,2,8,64,74,1.162162162162162,0.05100626464063538,683,I’ve heard the new hire has a Diploma in being late
931,4290,1,10,63,74,1.162162162162162,0.047237758050578095,683,"Rick from Accounting has joined us to help review the offers in hand from Netflix, Amazon, Hulu, Disney+ and HBO."
819,4290,1,10,63,74,1.162162162162162,0.047237758050578095,683,The first point in the agenda is how to decrease diversity in the workplace
761,4290,1,10,63,74,1.162162162162162,0.047237758050578095,683,Who called this meeting?
740,4290,1,10,63,74,1.162162162162162,0.047237758050578095,683,Allow me to introduce our new head of diversity and inclusion.
737,4290,1,10,63,74,1.162162162162162,0.047237758050578095,683,"Sorry, I'm not delicious!"
724,4290,1,10,63,74,1.162162162162162,0.047237758050578095,683,"We apparently have an image problem, and Ted's expertise might help.  We can hire him-- or we can eat him."
718,4290,2,8,64,74,1.162162162162162,0.05100626464063538,683,"The Chair recognizes, er, recognizes, er, recognizes, er.........."
646,4290,1,10,63,74,1.162162162162162,0.047237758050578095,683,We'll break for lunch.
624,4290,1,10,63,74,1.162162162162162,0.047237758050578095,683,None of us believe in you anymore.
571,4290,0,12,62,74,1.162162162162162,0.043141308959040406,683,Kind people are kinda people
552,4290,1,10,63,74,1.162162162162162,0.047237758050578095,683,This is Javier Garcia Nunez from Public Relations. He's going to help us convince the public we aren't the monsters they think we are.
381,4290,2,8,64,74,1.162162162162162,0.05100626464063538,683,Please welcome our lunch...I mean visitor...to the Roswell City Council Meeting
318,4290,2,8,64,74,1.162162162162162,0.05100626464063538,683,"So we're all agreed, even though we all come from different galaxies, humans do the best tables and chairs."
281,4290,0,12,62,74,1.162162162162162,0.043141308959040406,683,Today's lunch and learn is being provided by Behemoth's deli.
279,4290,0,12,62,74,1.162162162162162,0.043141308959040406,683,I guess we can always order some Chinese takeout!
183,4290,1,10,63,74,1.162162162162162,0.047237758050578095,683,"First that Sonora, now this Annabelle.  Will we let a couple girls out scare us?"
103,4290,2,8,64,74,1.162162162162162,0.05100626464063538,683,"Let’s go around the room to hear your loyalty  to me, the greatest President this country has ever known"
68,4290,1,10,63,74,1.162162162162162,0.047237758050578095,683,I would recommend today's special. It's out of this world.
2618,4290,1,10,63,74,1.162162162162162,0.047237758050578095,683,Levenger here is our new intern in charge of social media.
1066,4290,2,8,64,74,1.162162162162162,0.05100626464063538,683,Tell this freak to go get me a coffee.
1069,4290,2,8,64,74,1.162162162162162,0.05100626464063538,683,"This is Clifford, our new intern."
547,4290,1,10,63,74,1.162162162162162,0.047237758050578095,683,"We'll be braking for lunch shortly, so I've arranged for you to view the featured main course."
1129,4290,2,8,64,74,1.162162162162162,0.05100626464063538,683,OK!  The President needs to fill these cabinet posts NOW!
2429,4290,2,8,64,74,1.162162162162162,0.05100626464063538,683,"Okay Team, Now Let's Show Our Competitors What a Really Diverse Workforce Can Do!"
2373,4290,1,10,63,74,1.162162162162162,0.047237758050578095,683,"Where is my piggy bank?""
F. D. Herawat"
2274,4290,2,8,64,74,1.162162162162162,0.05100626464063538,683,Don't look so alarmed: just because Bob's in therapy doesn't mean we'll *all* be out of work!
2183,4290,1,10,63,74,1.162162162162162,0.047237758050578095,683,"As our new public relations chief, Paul here will be the face of the company from now on."
2569,4290,2,8,64,74,1.162162162162162,0.05100626464063538,683,"Creepy, yes. Kooky, definitely. Not good enough, team. Who’s going to get us to the “Altogether Ooky” level?"
1125,4290,0,12,62,74,1.162162162162162,0.043141308959040406,683,Do we eat this guy for lunch or grab his keys and take over his apartment?
1918,4290,2,8,64,74,1.162162162162162,0.05100626464063538,683,Our PR team said we need more diversity on our Board of Directors so here we are
1911,4290,1,10,63,74,1.162162162162162,0.047237758050578095,683,I see lunch has arrived - let's take a break.
2540,4290,1,10,63,74,1.162162162162162,0.047237758050578095,683,"Shush, here comes that funny looking alien."
1819,4290,1,10,63,74,1.162162162162162,0.047237758050578095,683,"My mistake, I thought this was the support group for coming out of the closet."
1805,4290,1,10,63,74,1.162162162162162,0.047237758050578095,683,Please join me in welcoming Carl as the newest Director of Human Outreach.
1434,4290,2,8,64,74,1.162162162162162,0.05100626464063538,683,"Bill joins our company as our spokesman, after serving in the Trump Administration. We feel his background is uniquely qualified to represent Monsters, Inc as a our spin-guy."
1419,4290,0,12,62,74,1.162162162162162,0.043141308959040406,683,"Sorry, Luke had to pay for a walker, no extra money to pay for our salaries."
1378,4290,2,8,64,74,1.162162162162162,0.05100626464063538,683,...and for the herbivores I recommend the Caesar salad.
1336,4290,2,8,64,74,1.162162162162162,0.05100626464063538,683,Bob here is no stranger to probing for details.
1257,4290,1,10,63,74,1.162162162162162,0.047237758050578095,683,This is Jeff. He’s from Creature Resources.
1225,4290,0,12,62,74,1.162162162162162,0.043141308959040406,683,Phil from the diversity office says we have to interview him.
1206,4290,3,6,65,74,1.162162162162162,0.05451488126682573,683,"All those in favor of the proposition, raise ... something."""
1813,4290,1,10,63,74,1.162162162162162,0.047237758050578095,683,Me and da' boss tanks youse guys for scaring the crap outta' dem pesky trick or treaters.”
2520,4290,2,8,64,74,1.162162162162162,0.05100626464063538,683,"Now turn to the person on your right
smile, and say ‘Please don’t eat me’."
140,4386,0,12,63,75,1.16,0.04261708831227464,683,I'd like you to meet our new Human Resources figurehead.
643,4387,2,8,66,76,1.1578947368421053,0.049745427644764306,683,We've hired Bob to help us with our too much diversity issue.
206,4387,1,10,65,76,1.1578947368421053,0.0460839492511007,683,Introducing  John Token
4153,4389,1,9,60,70,1.1571428571428573,0.048307650572300034,683,"Well, it looks like you've nailed this job!"
3540,4389,0,11,59,70,1.1571428571428573,0.043812674294856725,683,Smithers is here to present the staff request that on Fridays we allow business casual.
4321,4391,2,7,62,71,1.1549295774647887,0.05172239521306923,683,I asked Jeeves to invite her because her species is ABOUT to become extinct
3880,4391,1,9,61,71,1.1549295774647887,0.0476738049630549,683,"I'm eager to introduce the stranger among us, and please make note  that our policies continue to encourage socializing by eating together and not eating each other, meeting over bone appetite"
3980,4391,1,9,61,71,1.1549295774647887,0.0476738049630549,683,Headquarters wants to know if anyone else is in favor of scaling down?
3991,4391,0,11,60,71,1.1549295774647887,0.04324785766640781,683,I think Cryptocurrency is giving us a bad name.
4015,4391,1,9,61,71,1.1549295774647887,0.0476738049630549,683,"I know we come from different planets, but let us try to agree on a health-care bill."
4054,4391,0,11,60,71,1.1549295774647887,0.04324785766640781,683,"Let's give a warm welcome to our latest White House hire, Bob!"
3837,4391,0,11,60,71,1.1549295774647887,0.04324785766640781,683,Nobody?  But he said such nice things about us at the press conference!
4080,4391,1,9,61,71,1.1549295774647887,0.0476738049630549,683,"Look, corporate said she had to go, but this wasn't a witch hunt."
4085,4391,2,7,62,71,1.1549295774647887,0.05172239521306923,683,Didn’t anybody tell you it’s dress down Friday around here!
4138,4391,1,9,61,71,1.1549295774647887,0.0476738049630549,683,"The straighter they look, the freakier they are in their private lives, my mama told me so. Oh, hey Carl.."
4210,4391,1,9,61,71,1.1549295774647887,0.0476738049630549,683,Anyone 13 or older can render an Aye.
4045,4391,0,11,60,71,1.1549295774647887,0.04324785766640781,683,Morton here will be our new HR officer.
3738,4391,2,7,62,71,1.1549295774647887,0.05172239521306923,683,The Diversity Committee will come to order.
3657,4391,0,11,60,71,1.1549295774647887,0.04324785766640781,683,HR wants some cultural diversity!
3195,4391,2,7,62,71,1.1549295774647887,0.05172239521306923,683,Thank you all for coming on such short notice.
3632,4391,0,11,60,71,1.1549295774647887,0.04324785766640781,683,We dug up this specimen in the Antarctic desert
3589,4391,1,9,61,71,1.1549295774647887,0.0476738049630549,683,Who votes to visit Disney World instead of the zoo?
3514,4391,2,7,62,71,1.1549295774647887,0.05172239521306923,683,"So I told him, ""I""m sorry, but we have a very strict dress code policy in our office."""
3420,4391,1,9,61,71,1.1549295774647887,0.0476738049630549,683,"Hey guys, check out my carnivore costume! Scary, right?"
3414,4391,2,7,62,71,1.1549295774647887,0.05172239521306923,683,"So,are we agreed? Will we support kicking Trump out of the White House?"
3174,4391,1,9,61,71,1.1549295774647887,0.0476738049630549,683,"Please welcome Monster, Inc.’s newest board member."
3290,4391,1,9,61,71,1.1549295774647887,0.0476738049630549,683,"This is Bob. We weren't able to get an intern from one of the top planets, so here we are. Please make him feel welcome, and don't eat him yet."
3272,4391,2,7,62,71,1.1549295774647887,0.05172239521306923,683,"Mole, what is a mole?"
3192,4391,0,11,60,71,1.1549295774647887,0.04324785766640781,683,I’m afraid we only do regular mash.
3240,4391,0,11,60,71,1.1549295774647887,0.04324785766640781,683,George is our new hire.  We just don't hire for good looks.
3232,4391,1,9,61,71,1.1549295774647887,0.0476738049630549,683,the human is coming! the human is coming! act serious!
3705,4391,1,9,61,71,1.1549295774647887,0.0476738049630549,683,The next season of “Succession” will be a little different...
4366,4391,0,11,60,71,1.1549295774647887,0.04324785766640781,683,Did you catch that flabberball game last night?
5244,4391,0,11,60,71,1.1549295774647887,0.04324785766640781,683,"He's from the government, and he's here to help."
4425,4391,2,7,62,71,1.1549295774647887,0.05172239521306923,683,I give up.
5518,4391,1,9,61,71,1.1549295774647887,0.0476738049630549,683,"Remember, you are not to eat the owner's son."
3107,4391,0,11,60,71,1.1549295774647887,0.04324785766640781,683,"No need to be frightened , Grunwald.
He can't help the way he looks.
I think he must have been born that way."
5413,4391,2,7,62,71,1.1549295774647887,0.05172239521306923,683,And he thinks we are the anomaly.
5607,4391,0,11,60,71,1.1549295774647887,0.04324785766640781,683,"Yup, we hired a troll."
5641,4391,1,9,61,71,1.1549295774647887,0.0476738049630549,683,"I say we find a nice dine-in movie theater, eat everyone and catch a flick."
5395,4391,1,9,61,71,1.1549295774647887,0.0476738049630549,683,I thought our legal team could use another slimy creature.
5378,4391,0,11,60,71,1.1549295774647887,0.04324785766640781,683,I’d like you all to meet dinner...I mean Daniel.
5222,4391,1,9,61,71,1.1549295774647887,0.0476738049630549,683,Who’s the elephant in the room?
5169,4391,1,9,61,71,1.1549295774647887,0.0476738049630549,683,"I’d like you all to meet our new diversity consultant, John."
5157,4391,1,9,61,71,1.1549295774647887,0.0476738049630549,683,Sam is our new National Security Advisor. He's pledged his fealty but he's not converted yet.
5133,4391,0,11,60,71,1.1549295774647887,0.04324785766640781,683,"Todd, here, is modeling attire for my new Formal Friday policy."
5111,4391,0,11,60,71,1.1549295774647887,0.04324785766640781,683,"Rule number one,no eating the accountant."
5064,4391,0,11,60,71,1.1549295774647887,0.04324785766640781,683,Arm on the table if think he looks tasty.
4956,4391,1,9,61,71,1.1549295774647887,0.0476738049630549,683,"Sure, he looks harmless, but you should see him manage a supply chain!"
4946,4391,0,11,60,71,1.1549295774647887,0.04324785766640781,683,lunch break... mcdonald's or pizza
4928,4391,2,7,62,71,1.1549295774647887,0.05172239521306923,683,"And now let's welcome our newest member ,the one that made us extinct , Mr Not to Worry!"
4901,4391,0,11,60,71,1.1549295774647887,0.04324785766640781,683,"This is my stepson, Michael, who finally returned home. If some unlucky accident should befall him, then, I will blame some of you in this room."
4810,4391,1,9,61,71,1.1549295774647887,0.0476738049630549,683,How about fish ? Fish is nice.
4776,4391,0,11,60,71,1.1549295774647887,0.04324785766640781,683,The regular troughs will be fine and please keep everything on the rare side.
4721,4391,2,7,62,71,1.1549295774647887,0.05172239521306923,683,"And as always, after the lake of fire and the pitchforking, we'll hand it over to legal."
4691,4391,2,7,62,71,1.1549295774647887,0.05172239521306923,683,OK now that we are diversified lets disagree and fight.
4664,4391,2,7,62,71,1.1549295774647887,0.05172239521306923,683,We are here to decide who gets the drumsticks.
4603,4391,1,9,61,71,1.1549295774647887,0.0476738049630549,683,"Seriously, Beth, what planet are you from? I'm thinking deep fried."
4595,4391,0,11,60,71,1.1549295774647887,0.04324785766640781,683,"He claims ""Monsters"" is a tired brand"
4594,4391,1,9,61,71,1.1549295774647887,0.0476738049630549,683,Please all welcome our diversity hire
4578,4391,1,9,61,71,1.1549295774647887,0.0476738049630549,683,Well it’s clear that the human harassment seminar was ten hours well spent.
4491,4391,0,11,60,71,1.1549295774647887,0.04324785766640781,683,"If  you would like to know why they are angry, it's 'cause they thought you were bringing lunch. But don't worry, they will improvise by using you."
4485,4391,0,11,60,71,1.1549295774647887,0.04324785766640781,683,I've decided our board needs more diversity.
4479,4391,0,11,60,71,1.1549295774647887,0.04324785766640781,683,"All in favor of ending the Board meeting and retiring to the Mos Eisley Cantina for a drink, say Aye!"
4401,4391,2,7,62,71,1.1549295774647887,0.05172239521306923,683,You knew that you would be our token human when you interviewed.
3063,4391,1,9,61,71,1.1549295774647887,0.0476738049630549,683,His resume says he's delicious
2118,4391,0,11,60,71,1.1549295774647887,0.04324785766640781,683,"Let's welcome Mr. Samson, our first diversity hire."
3009,4391,1,9,61,71,1.1549295774647887,0.0476738049630549,683,May I call the meeting to order?
1363,4391,1,9,61,71,1.1549295774647887,0.0476738049630549,683,I guess we all know who's the winner of this year's costume contest.
1323,4391,1,9,61,71,1.1549295774647887,0.0476738049630549,683,"Boris wants to know if he can count on us to support Brexit, deal or no deal. Your thoughts?"
1317,4391,1,9,61,71,1.1549295774647887,0.0476738049630549,683,I think we've just scratched the surface here guys.
1260,4391,0,11,60,71,1.1549295774647887,0.04324785766640781,683,I used the diversity card
1164,4391,0,11,60,71,1.1549295774647887,0.04324785766640781,683,"Diversity is on the table, should we really let this dude in"
1137,4391,0,11,60,71,1.1549295774647887,0.04324785766640781,683,Nigel wants to sponsor us for Odd Fellows.
1135,4391,1,9,61,71,1.1549295774647887,0.0476738049630549,683,Meet the newest member of the 5 families
1088,4391,1,9,61,71,1.1549295774647887,0.0476738049630549,683,"His name is Bob, but he's OK with us calling him Neeeeeeeeeeeerd!"
988,4391,0,11,60,71,1.1549295774647887,0.04324785766640781,683,The waiter recommends the Monster Mash for those of you who were wishing for what Mom used to make.
842,4391,3,5,63,71,1.1549295774647887,0.055476307136456515,683,"Who's the new guy?""
""Former member of US Congress. He'll do well."
805,4391,2,7,62,71,1.1549295774647887,0.05172239521306923,683,"I'm as excited as you are, but this time we'll eat the accountant AFTER the presentation."
793,4391,1,9,61,71,1.1549295774647887,0.0476738049630549,683,"Nice costume, bro, but Halloween was two weeks ago."
1458,4391,0,11,60,71,1.1549295774647887,0.04324785766640781,683,I'd like to introduce Bill.  I'm sure he's gonna fit right in.
792,4391,0,11,60,71,1.1549295774647887,0.04324785766640781,683,This is our new hire. Please be nice to him.
629,4391,0,11,60,71,1.1549295774647887,0.04324785766640781,683,Melvin from HR wants to discuss what you're not wearing on casual Fridays.
468,4391,1,9,61,71,1.1549295774647887,0.0476738049630549,683,"In light of recent events, Bob will be our new VP in Nevada."
440,4391,0,11,60,71,1.1549295774647887,0.04324785766640781,683,"What do you mean you're a more qualified monster?
This is a human we're talking about!"
362,4391,0,11,60,71,1.1549295774647887,0.04324785766640781,683,"I'd like to welcome the newest member of to the Monster Worker Union, the American Businessman."
266,4391,0,11,60,71,1.1549295774647887,0.04324785766640781,683,Let’s break! I see lunch has arrived.
223,4391,1,9,61,71,1.1549295774647887,0.0476738049630549,683,Say hi to Ted.  He's a great dancer.
133,4391,0,11,60,71,1.1549295774647887,0.04324785766640781,683,"This is Henry from Human Resources, whatever that is."""
127,4391,0,11,60,71,1.1549295774647887,0.04324785766640781,683,"Guys, this is Peter. He's a new hire in human resources and, as you can see, he has no idea what that really means."
117,4391,0,11,60,71,1.1549295774647887,0.04324785766640781,683,"Hard to believe, but he claims to have a great understanding 
of the demographics of our target market."
92,4391,0,11,60,71,1.1549295774647887,0.04324785766640781,683,"From now on when we order lunch we will no longer use the phrase, ‘I feel like...’"
89,4391,0,11,60,71,1.1549295774647887,0.04324785766640781,683,"Oh, look. we have an adult in the room."
3019,4391,3,5,63,71,1.1549295774647887,0.055476307136456515,683,"Guys, this is Bob from the new Eighth Gate. He’s here to talk to us about our personal savior."
763,4391,1,9,61,71,1.1549295774647887,0.0476738049630549,683,I guess it's because alligator is no longer on the menu.
1475,4391,1,9,61,71,1.1549295774647887,0.0476738049630549,683,"Everyone welcome this sick freak, Dave"
1139,4391,1,9,61,71,1.1549295774647887,0.0476738049630549,683,"Hey guys, let's welcome Phil, our monster of mediocrity."
1498,4391,0,11,60,71,1.1549295774647887,0.04324785766640781,683,I'd like to thank you for all accepting my invitation to ruin my perfect night's sleep.
2934,4391,0,11,60,71,1.1549295774647887,0.04324785766640781,683,"OK, so who volunteers to vaporize the INS?"
2918,4391,0,11,60,71,1.1549295774647887,0.04324785766640781,683,Bernstein is now in charge of M.R. monster resources department.
2876,4391,0,11,60,71,1.1549295774647887,0.04324785766640781,683,"Now, now, let's give our expert on diversity hiring a chance to explain"
2856,4391,0,11,60,71,1.1549295774647887,0.04324785766640781,683,"Joking aside, we're happy to include a consumer perspective."
2815,4391,2,7,62,71,1.1549295774647887,0.05172239521306923,683,"Dinner for Schmucks, alien style"
2782,4391,0,11,60,71,1.1549295774647887,0.04324785766640781,683,Peter came today to give the human perspective on our takeover of the planet.
1490,4391,2,7,62,71,1.1549295774647887,0.05172239521306923,683,Everyone please welcome Roger to our team. He worked in a bursar's office and studies show more people are having nightmares about student loans.
2751,4391,1,9,61,71,1.1549295774647887,0.0476738049630549,683,"c'mon staff, let's get serious about diversity!"
2714,4391,1,9,61,71,1.1549295774647887,0.0476738049630549,683,8 planets....8 representatives.
2702,4391,2,7,62,71,1.1549295774647887,0.05172239521306923,683,"OK, what's the theme for the halloween party?"
2679,4391,1,9,61,71,1.1549295774647887,0.0476738049630549,683,"I'd like you all to give a nice warm welcome to  ""Lunch"""
2663,4391,2,7,62,71,1.1549295774647887,0.05172239521306923,683,John comes to us from the Big White House. He's here to up our deplorable game.”
2651,4391,1,9,61,71,1.1549295774647887,0.0476738049630549,683,Hello do you have a moment to talk about our lord and savior Matthew McConaughey?
2622,4391,1,9,61,71,1.1549295774647887,0.0476738049630549,683,"Outside of work, Ed is regionally ranked Bocce Ball player!"
2765,4391,2,7,62,71,1.1549295774647887,0.05172239521306923,683,"As you can see, John is a regular guy."
2531,4391,1,9,61,71,1.1549295774647887,0.0476738049630549,683,Is that scary guy in the suit still here? Is he looking at us? Creepy or what? Just ignore him and maybe he'll go away.
2562,4391,2,7,62,71,1.1549295774647887,0.05172239521306923,683,"In the name of diversity, we are electing Jonathan to the Board."
1512,4391,2,7,62,71,1.1549295774647887,0.05172239521306923,683,What's truly scary is failing to properly manage risk.
1622,4391,1,9,61,71,1.1549295774647887,0.0476738049630549,683,"You guys won't believe it, no one showed up to see you guys despite our attempts to organize something on Facebook, I'm sorry.""
-Toby, 35, Human Interaction Mgr, Area-51"
1734,4391,1,9,61,71,1.1549295774647887,0.0476738049630549,683,Who says you have to be good looking to be on our board?
1877,4391,1,9,61,71,1.1549295774647887,0.0476738049630549,683,"Whoa, Ralph ! 
Today's NOT dress-down day........"
1892,4391,1,9,61,71,1.1549295774647887,0.0476738049630549,683,Everyone please welcome Tom—our first affirmative action hire.
1859,4391,0,11,60,71,1.1549295774647887,0.04324785766640781,683,"Meet, Greg, our new affirmative action hire."
2061,4391,2,7,62,71,1.1549295774647887,0.05172239521306923,683,Welcome our newest guest to our diversity meeting.
2340,4391,0,11,60,71,1.1549295774647887,0.04324785766640781,683,Somebody was spotted taking the doughnuts intended for this meeting. I won't say who.
2516,4391,1,9,61,71,1.1549295774647887,0.0476738049630549,683,Who ordered pre-packaged lunch again?!
2524,4391,1,9,61,71,1.1549295774647887,0.0476738049630549,683,When are we going to finally see the “whistleblower “ unmasked?
1227,4511,0,12,66,78,1.1538461538461537,0.041117114140372994,683,Should we break for 5 light years?
1884,4512,0,11,61,72,1.1527777777777777,0.0426972190266123,683,This is Doug from Human Resources.
4811,4512,1,9,62,72,1.1527777777777777,0.04705623039870244,683,Okay then. So you'll have those reports to me by Monday ?
4742,4512,2,7,63,72,1.1527777777777777,0.051044344702082634,683,Jim is here from HR to discuss work-appropriate clothing for interns
4572,4512,2,7,63,72,1.1527777777777777,0.051044344702082634,683,We got the numbers back...
3285,4512,0,11,61,72,1.1527777777777777,0.0426972190266123,683,We knew the demographics had  changed...
5117,4512,2,7,63,72,1.1527777777777777,0.051044344702082634,683,"There's No Menu card obviously to keep the table 'Dry' for ever, especially while browsing our Mouth-watering dishes."
1462,4512,1,9,62,72,1.1527777777777777,0.04705623039870244,683,He's in need image consulting and fresh talking points.
5051,4512,1,9,62,72,1.1527777777777777,0.04705623039870244,683,"Diversity has worked for us , so far.  I say, lets make room at the table for him."
550,4512,1,9,62,72,1.1527777777777777,0.04705623039870244,683,"Casual Fridays means no skin-suit and tie"""
207,4512,0,11,61,72,1.1527777777777777,0.0426972190266123,683,We needed some diversity on our board.
5329,4512,0,11,61,72,1.1527777777777777,0.0426972190266123,683,"And Williams here is our new HR Manager.   Don't worry, he doesn't bite."
4839,4512,0,11,61,72,1.1527777777777777,0.0426972190266123,683,With the addition of Mordo the president finally has the cabinet he wanted.
1060,4512,1,9,62,72,1.1527777777777777,0.04705623039870244,683,"Meet Rob, our first affirmative action intern."
907,4525,0,11,62,73,1.1506849315068493,0.0421602404397703,683,"In the true spirit of Festivus, I've got a real problem with YOU PEOPLE!"
4749,4526,0,10,57,67,1.1492537313432836,0.043862224898899904,683,I am ready for picnic
579,4527,0,11,63,74,1.1486486486486487,0.04163642831779319,683,"Human. Human. Human.
Alert. Alert. Alert."
5183,4527,1,9,64,74,1.1486486486486487,0.04586747660388901,683,Now I know we've been trying to avoid this for some time now but I feel it is time to acknowledge the human in the room.
2313,4529,1,8,59,68,1.1470588235294117,0.04807399313332187,683,"Okay. We have a motion for gooble gobble, is there a second?"
3143,4529,0,10,58,68,1.1470588235294117,0.04326808584867506,683,Legal needs that release from Darwin.
3144,4529,1,8,59,68,1.1470588235294117,0.04807399313332187,683,"Best Beasties Unite and Listen Up to our esteemed Guest Speaker -
 and give a beastie  hearty welcome to  --Where's Waldo! - His talk tonite -- How to get lost in a Crowd for fun and profit!"
3243,4529,1,8,59,68,1.1470588235294117,0.04807399313332187,683,As you know we have a non-discriminatory policy here and I want you all to welcome Fred to the board of Monsters Inc.
3302,4529,1,8,59,68,1.1470588235294117,0.04807399313332187,683,Do I hear a motion to retire to Chalmun's Cantina for drinks?
3314,4529,1,8,59,68,1.1470588235294117,0.04807399313332187,683,"Well, it seems we had the idea of human resources all wrong."
3356,4529,1,8,59,68,1.1470588235294117,0.04807399313332187,683,"Mr. Renfield has a wealth of experience--from real estate agent to slavishly loyal aide de camp.  He'd meet our diversity goals, and at least he eats flies."
3436,4529,2,6,60,68,1.1470588235294117,0.052441304127157654,683,"We vote that monsters is politically incorrect. We officially want to be called ""funsters."""
3452,4529,0,10,58,68,1.1470588235294117,0.04326808584867506,683,He's the ghost of Christmas present.
3518,4529,1,8,59,68,1.1470588235294117,0.04807399313332187,683,"Meet our latest tasty morsel, I mean our new taste tester, Monty."
3551,4529,0,10,58,68,1.1470588235294117,0.04326808584867506,683,"And so, without further ado, allow me to introduce...lunch."
3603,4529,0,10,58,68,1.1470588235294117,0.04326808584867506,683,"Everybody, please welcome Sedge Battleman, our outstanding diversity hire!"
3607,4529,1,8,59,68,1.1470588235294117,0.04807399313332187,683,Our luncheon guest this week will be talking about something he calls “evolution.”  He’s requested that we don’t take anything he says personally.
3644,4529,1,8,59,68,1.1470588235294117,0.04807399313332187,683,This might be a good time to remind everyone where to find the company’s diversity policy.
3653,4529,1,8,59,68,1.1470588235294117,0.04807399313332187,683,John is here to pitch a Stars War movie that you can all be actors in a few special scenes.
3674,4529,1,8,59,68,1.1470588235294117,0.04807399313332187,683,I would like everyone to meet our new Director of Information Technology.
3675,4529,1,8,59,68,1.1470588235294117,0.04807399313332187,683,"So the guy says you're no Godzilla, pal... So I ate him...serve the drinks, George."
3756,4529,0,10,58,68,1.1470588235294117,0.04326808584867506,683,No donkey or elephant here? Is this a political focus group or a circus?
3087,4529,1,8,59,68,1.1470588235294117,0.04807399313332187,683,"Like I said, if we don’t like your concepts, this group really will eat you alive."
2327,4529,0,10,58,68,1.1470588235294117,0.04326808584867506,683,We all agree that Norman adds a much needed human face to our team.
2976,4529,0,10,58,68,1.1470588235294117,0.04326808584867506,683,"We don’t discriminate around here, no matter what you look like."
2912,4529,1,8,59,68,1.1470588235294117,0.04807399313332187,683,"""Making you only acting heads of your departments avoided the confirmation process. But don't think you can get away with anything unless I approve it."
2302,4529,0,10,58,68,1.1470588235294117,0.04326808584867506,683,"I'd like to introduce Mike, our most recent diversity hire."
2281,4529,1,8,59,68,1.1470588235294117,0.04807399313332187,683,My sister's husband.  What can I say?  You'll be seeing a lot of him from now on.
2353,4529,0,10,58,68,1.1470588235294117,0.04326808584867506,683,"Most importantly, as a CFO, how do you taste?"
3771,4529,1,8,59,68,1.1470588235294117,0.04807399313332187,683,"Melvin, here, wants to know how he can fit into our executive committee.  Any ideas?"
2357,4529,1,8,59,68,1.1470588235294117,0.04807399313332187,683,What say we eat the waiter and then see who they have for desert?
2501,4529,0,10,58,68,1.1470588235294117,0.04326808584867506,683,Seems that we have several new board members.
2545,4529,3,4,61,68,1.1470588235294117,0.05647186858367098,683,Earth is cutting a lot of jobs...
2551,4529,0,10,58,68,1.1470588235294117,0.04326808584867506,683,"Believe me, his kind can manipulate and destroy like the best of us."
5646,4529,1,8,59,68,1.1470588235294117,0.04807399313332187,683,"Cancel casual Fridays? Howard, you're truly a monster."
2595,4529,1,8,59,68,1.1470588235294117,0.04807399313332187,683,And here's the prototype of our next line of  scary costumes.....
2642,4529,1,8,59,68,1.1470588235294117,0.04807399313332187,683,It's Halloween yet you're the only one who feels you must come in costume.
2734,4529,2,6,60,68,1.1470588235294117,0.052441304127157654,683,Those in favor of Arnie living one more day say aye.
2740,4529,1,8,59,68,1.1470588235294117,0.04807399313332187,683,"I said, “Meet Mr Burns”, not “Meeting’s adjourned”."
2784,4529,0,10,58,68,1.1470588235294117,0.04326808584867506,683,In the spirit of cultural diversity we are inviting a new member to serve on our board.
2786,4529,0,10,58,68,1.1470588235294117,0.04326808584867506,683,Welcome to our diversity panel.
2797,4529,0,10,58,68,1.1470588235294117,0.04326808584867506,683,"Kevin, our new marketing guy, is convinced that our designs for formal wear are profitable only in the last two weeks of October."""
2261,4529,1,8,59,68,1.1470588235294117,0.04807399313332187,683,"And in recognition of our diversity initiative, let me introduce our newest member of the board."
2932,4529,1,8,59,68,1.1470588235294117,0.04807399313332187,683,And now for the report from our diversity chair.....
3799,4529,0,10,58,68,1.1470588235294117,0.04326808584867506,683,Guess no one told Bob Fridays are clothing-optional.
5265,4529,2,6,60,68,1.1470588235294117,0.052441304127157654,683,OK.  John says he'll place the order.  Does everyone want worms?
3845,4529,0,10,58,68,1.1470588235294117,0.04326808584867506,683,Meet Bob from the home office. He'll be leading our mandated diversity training.
4782,4529,1,8,59,68,1.1470588235294117,0.04807399313332187,683,The diversity desk said we should hire this guy>
4878,4529,1,8,59,68,1.1470588235294117,0.04807399313332187,683,I'd like to introduce you to Steve. He's our new diversity hire.
4894,4529,0,10,58,68,1.1470588235294117,0.04326808584867506,683,"Please make welcome our new IT guy, Bob Cummings.  Bob's from Earth!"
4945,4529,0,10,58,68,1.1470588235294117,0.04326808584867506,683,"Now, guys, let's give our new diversity strategy a chance."
4981,4529,0,10,58,68,1.1470588235294117,0.04326808584867506,683,"Would you describe your Primordial Soup experience as ""chunky"" or ""not chunky enough""?"
4985,4529,2,6,60,68,1.1470588235294117,0.052441304127157654,683,He's dessert.
5088,4529,1,8,59,68,1.1470588235294117,0.04807399313332187,683,"Is it Mouth-watering Alien Delights like Dine-o-sure Soup, Monster BBQ or Barney Ice-cream you are craving for?"
5125,4529,2,6,60,68,1.1470588235294117,0.052441304127157654,683,I'd like you all to meet our diversity hire...
4727,4529,1,8,59,68,1.1470588235294117,0.04807399313332187,683,Sal here comes from our Humanoid Diversity Program.
5160,4529,1,8,59,68,1.1470588235294117,0.04807399313332187,683,The company is expanding from our  galaxy to the whole universe so I'm giving Earth a token seat on our board of directors
5241,4529,1,8,59,68,1.1470588235294117,0.04807399313332187,683,The Everglades Board of Direction
5254,4529,2,6,60,68,1.1470588235294117,0.052441304127157654,683,And once Dave finishes his presentation we'll take a few minutes to pick his brain and then have him for lunch.
5332,4529,1,8,59,68,1.1470588235294117,0.04807399313332187,683,Lower back butterfly tattoo is next.
5443,4529,0,10,58,68,1.1470588235294117,0.04326808584867506,683,The Galapagos City council will come to order.
5562,4529,0,10,58,68,1.1470588235294117,0.04326808584867506,683,Jim here will be leading our diversity training.
5516,4529,1,8,59,68,1.1470588235294117,0.04807399313332187,683,"And as we discussed, young Henry here will be the new face of our company."
5497,4529,1,8,59,68,1.1470588235294117,0.04807399313332187,683,"Meet Jeeves, this is what we ordered for lunch"
2234,4529,0,10,58,68,1.1470588235294117,0.04326808584867506,683,"Binky, don't take this personally, he speaks their language."
5173,4529,1,8,59,68,1.1470588235294117,0.04807399313332187,683,We've decided that you're not a scary enough boss.
3810,4529,0,10,58,68,1.1470588235294117,0.04326808584867506,683,I’ve had lunch sent in.
4655,4529,1,8,59,68,1.1470588235294117,0.04807399313332187,683,May I introduce you to our nod towards diversity?
4598,4529,3,4,61,68,1.1470588235294117,0.05647186858367098,683,"Jeeves, a double monster mash for everybody."
3882,4529,1,8,59,68,1.1470588235294117,0.04807399313332187,683,Mark is here to talk to us about diversity.
3920,4529,0,10,58,68,1.1470588235294117,0.04326808584867506,683,"Everybody, this is Fred, our new satellite branch manager.  He just scared the hell out of Eileen in accounting."
3945,4529,1,8,59,68,1.1470588235294117,0.04807399313332187,683,"Gentlemen, Mr. Dunwiddie from Accounting has a few observations to share..."
4009,4529,1,8,59,68,1.1470588235294117,0.04807399313332187,683,"I know each of you wants this assignment, 
but trust me:  Yankiri here- I  mean, “Fred”, is our guy. He has studied their ways 
and he’s going undercover.  Then Jerry,
 your team can roll in as reinforcements 
when it all goes down. Got it?"
4092,4529,1,8,59,68,1.1470588235294117,0.04807399313332187,683,"Jim, a convicted sex offender, then realized that he did fit in!"
4143,4529,0,10,58,68,1.1470588235294117,0.04326808584867506,683,HR said we needed a diversity hire.
4155,4529,0,10,58,68,1.1470588235294117,0.04326808584867506,683,James will be the new head of Human Resources.
4178,4529,2,6,60,68,1.1470588235294117,0.052441304127157654,683,Robinson here has some thoughts on improving our company’s image.
4617,4529,0,10,58,68,1.1470588235294117,0.04326808584867506,683,"So, we're all agreed on sausage and pepperoni.  Oh, wait, Bob reminded me that he's vegan."
4184,4529,1,8,59,68,1.1470588235294117,0.04807399313332187,683,"Ah, lunch is here. Lets take a break."
4234,4529,1,8,59,68,1.1470588235294117,0.04807399313332187,683,"The way  I see it, he  blends."
4273,4529,0,10,58,68,1.1470588235294117,0.04326808584867506,683,"Let’s welcome our newest member, Alan. He invented socks that are just a little too big so they keep rolling under your heel."
4373,4529,1,8,59,68,1.1470588235294117,0.04807399313332187,683,"Sorry Charles, you've  been voted off, the Board needs more diversity."
4413,4529,1,8,59,68,1.1470588235294117,0.04807399313332187,683,This meeting really is my worst nightmare.
4445,4529,0,10,58,68,1.1470588235294117,0.04326808584867506,683,"Monsters and ghouls, may I introduce Chester, our token human?"
4463,4529,1,8,59,68,1.1470588235294117,0.04807399313332187,683,"Let's welcome our newest
 member of the Monsters Unite Club!"
4489,4529,1,8,59,68,1.1470588235294117,0.04807399313332187,683,I can order lunch unless you all would rather just devour one another.
4503,4529,1,8,59,68,1.1470588235294117,0.04807399313332187,683,"We finally did it, we've taken all of their jobs."
4220,4529,1,8,59,68,1.1470588235294117,0.04807399313332187,683,So that motion passes. Everyday is casual Friday.
2224,4529,1,8,59,68,1.1470588235294117,0.04807399313332187,683,This is Jim. He's the diversity hire.
1882,4529,0,10,58,68,1.1470588235294117,0.04326808584867506,683,Who invited the weird looking guy to our meeting?
2184,4529,0,10,58,68,1.1470588235294117,0.04326808584867506,683,Jenkins is from bookkeeping.  He wants to know why we ordered a man-sized vat of dipping sauce when we aren’t exactly enjoying monster numbers this quarter.
645,4529,1,8,59,68,1.1470588235294117,0.04807399313332187,683,"I’ve invited Bill to come speak to us today about some of the challenges brought about by climate change, and the adverse effect that it may have upon the environment of our children and grandchildren in years to come."
647,4529,0,10,58,68,1.1470588235294117,0.04326808584867506,683,I decided it would help us think outside the box.
653,4529,1,8,59,68,1.1470588235294117,0.04807399313332187,683,"So much for your creativity, Dr. Seuss."
678,4529,2,6,60,68,1.1470588235294117,0.052441304127157654,683,"All those in favor of chanting ""One of us!"" to welcome Mr. Howard to the Board, say arrgth."
774,4529,0,10,58,68,1.1470588235294117,0.04326808584867506,683,"I told you we would drain the swamp"""
794,4529,0,10,58,68,1.1470588235294117,0.04326808584867506,683,"No Clint,  HR is not here to walk you out… It’s your 5 year anniversary!"
802,4529,1,8,59,68,1.1470588235294117,0.04807399313332187,683,I am sorry but we can no  longer offer health insurance to illegal aliens.
824,4529,0,10,58,68,1.1470588235294117,0.04326808584867506,683,"Monsters, I’d like you to meet our newest member. This is Carl Fitzgerald and he is that guy who never mutes his phone on conference calls."
871,4529,1,8,59,68,1.1470588235294117,0.04807399313332187,683,"All in favor of a strike for cultural  sensitivity, say aye."
888,4529,2,6,60,68,1.1470588235294117,0.052441304127157654,683,"Let me introduce you to Bob. He's the newest acquirement to the planet and has only been in around for 6,000 years."
911,4529,1,8,59,68,1.1470588235294117,0.04807399313332187,683,You can mow the table when we’re done.
918,4529,1,8,59,68,1.1470588235294117,0.04807399313332187,683,"To quote a well-known political figure,'If you don't have a seat at the table,you're probably on the menu,' and standing to my left is a perfect example."""
952,4529,0,10,58,68,1.1470588235294117,0.04326808584867506,683,Will the meeting please come to order ?
1023,4529,1,8,59,68,1.1470588235294117,0.04807399313332187,683,Joe is here from HR for some diversity training.
1072,4529,0,10,58,68,1.1470588235294117,0.04326808584867506,683,I'd like to remind all of you about our commitment to diversity . . .
1075,4529,0,10,58,68,1.1470588235294117,0.04326808584867506,683,Forget about the tie. I think he’d be a good fit.
1092,4529,1,8,59,68,1.1470588235294117,0.04807399313332187,683,So where's Harrison?
639,4529,1,8,59,68,1.1470588235294117,0.04807399313332187,683,"Jim, it is mine and the rest of the boards opinion that you are not cut out for the corporate world, because you are just simply not a disgusting monster ."
1154,4529,1,8,59,68,1.1470588235294117,0.04807399313332187,683,"Welcome to Life After the Swamp. Everyone, say hello to our newest member ..."
610,4529,0,10,58,68,1.1470588235294117,0.04326808584867506,683,What’s with the Marilyn?
570,4529,0,10,58,68,1.1470588235294117,0.04326808584867506,683,"Going forward, our attorney will discuss the issue of royalties."
2216,4529,1,8,59,68,1.1470588235294117,0.04807399313332187,683,It's him again. Claims to be an attorney.  Give him something  to chew on.
27,4529,0,10,58,68,1.1470588235294117,0.04326808584867506,683,"'Hi, my name is Abe, the Alligator, and I'm misunderstood.'
Everyone: 'Hi, Abe.'"
31,4529,1,8,59,68,1.1470588235294117,0.04807399313332187,683,Anyone want to pen the caption competition this week.
55,4529,0,10,58,68,1.1470588235294117,0.04326808584867506,683,"In an effort to add some diversity to the board, I brought in Sam.”"
98,4529,0,10,58,68,1.1470588235294117,0.04326808584867506,683,...but chief among Mr. Smith’s qualifications to join our organization is the fact that he was the first to mention BTS on Twitter!
124,4529,0,10,58,68,1.1470588235294117,0.04326808584867506,683,It's a nice specimen of what is called a human.
146,4529,2,6,60,68,1.1470588235294117,0.052441304127157654,683,"Somewhat unorthodox, but this one has a Delaware law license, contacts in Nevis, Cyprus and the Caymans. Pretty scary huh?"
150,4529,0,10,58,68,1.1470588235294117,0.04326808584867506,683,Haha! So they still think it's the visual effect and that animation thing!
286,4529,2,6,60,68,1.1470588235294117,0.052441304127157654,683,"Listen, you jokers, my new hire really brings something extra to the table. And unlike my last new hire, I am not talking about the dining table."
307,4529,1,8,59,68,1.1470588235294117,0.04807399313332187,683,"We started a new department Human Resources."""
363,4529,1,8,59,68,1.1470588235294117,0.04807399313332187,683,We're addressing the diversity issue
421,4529,0,10,58,68,1.1470588235294117,0.04326808584867506,683,"In keeping with our new diversity policy, I'd like to introduce you to our newest employee Bob."
446,4529,0,10,58,68,1.1470588235294117,0.04326808584867506,683,I approve of the expanded nasal cavity as a nice finishing touch.
450,4529,0,10,58,68,1.1470588235294117,0.04326808584867506,683,"He may not look like much, but he'll surprise you."
459,4529,1,8,59,68,1.1470588235294117,0.04807399313332187,683,Stanley has an intergalactic visa as an alien of extraordinary ability.
511,4529,0,10,58,68,1.1470588235294117,0.04326808584867506,683,This guy nominates that orange guy for The most ‘Beautiful’ pageant in our galaxy. A vote
548,4529,2,6,60,68,1.1470588235294117,0.052441304127157654,683,"This is Jerry from HR. He's here to address any questions about last week's incident with the ""Creature from the Lagoon of Color""."
580,4529,0,10,58,68,1.1470588235294117,0.04326808584867506,683,"Colman, here, will be our new Diversity Manager"
1165,4529,0,10,58,68,1.1470588235294117,0.04326808584867506,683,"I know the diversity consultant was not a popular idea, but try to keep an open mind."
956,4529,1,8,59,68,1.1470588235294117,0.04807399313332187,683,"I would not, should not speak out of turn."
1214,4529,1,8,59,68,1.1470588235294117,0.04807399313332187,683,This is Jerry from accounting. He says there’s no accounting for us.
1713,4529,1,8,59,68,1.1470588235294117,0.04807399313332187,683,Gary-the-temp shined on his first day by teaching the boss how to smile.
1719,4529,1,8,59,68,1.1470588235294117,0.04807399313332187,683,"At his new job, Donald strove to break down the silos."
1757,4529,1,8,59,68,1.1470588235294117,0.04807399313332187,683,And I'd like to formally introduce Jeff to the Executive Board of Nightmares & Monsters.....he's a lawyer
1207,4529,1,8,59,68,1.1470588235294117,0.04807399313332187,683,Looks like our new attorney is sure to fit right in
1785,4529,1,8,59,68,1.1470588235294117,0.04807399313332187,683,We have a guest today so let's speak English.
1797,4529,3,4,61,68,1.1470588235294117,0.05647186858367098,683,Our newest member is a politician
1893,4529,2,6,60,68,1.1470588235294117,0.052441304127157654,683,"Um, I'm applying for the job of Crisis Manager?"
1936,4529,0,10,58,68,1.1470588235294117,0.04326808584867506,683,Meet our replacement PR guy...
1947,4529,1,8,59,68,1.1470588235294117,0.04807399313332187,683,"Start by applying a cold milk compress to the area for ten minutes. The anti-flammatory molecules in the dairy fat will help settle things down. Breathe. 
See you all next week."
2003,4529,1,8,59,68,1.1470588235294117,0.04807399313332187,683,Welcome. We’ve been discussing the flavor of the week.
2004,4529,1,8,59,68,1.1470588235294117,0.04807399313332187,683,Look at how he gets when he drinks.
2008,4529,0,10,58,68,1.1470588235294117,0.04326808584867506,683,What's he doing here?
2026,4529,0,10,58,68,1.1470588235294117,0.04326808584867506,683,Everyone say hi to the diversity trainer.
2049,4529,1,8,59,68,1.1470588235294117,0.04807399313332187,683,"Everybody say hello to Fred , our new human relations director"
2142,4529,3,4,61,68,1.1470588235294117,0.05647186858367098,683,Welcome Robert. He’s from Corporate and he’s here to help  us organize.
2144,4529,0,10,58,68,1.1470588235294117,0.04326808584867506,683,Ted welcome to the firm!  So...do you have any questions for us?
2155,4529,0,10,58,68,1.1470588235294117,0.04326808584867506,683,"He’ll help us destroy the competition, and won’t even ask for a bite.”"
1710,4529,0,10,58,68,1.1470588235294117,0.04326808584867506,683,John's here to tell us about our new diversity program...
1709,4529,2,6,60,68,1.1470588235294117,0.052441304127157654,683,"Okay, first we’ll draw straws for who is the refreshments."
1765,4529,0,10,58,68,1.1470588235294117,0.04326808584867506,683,Look at this cast of characters!
1669,4529,1,8,59,68,1.1470588235294117,0.04807399313332187,683,"We wanted ""Virgin Galactic"", but it was already taken."
1285,4529,1,8,59,68,1.1470588235294117,0.04807399313332187,683,Not what I meant by “serve with dressing.”
1328,4529,1,8,59,68,1.1470588235294117,0.04807399313332187,683,The strange creature on my left wants to join our chess club.
1359,4529,1,8,59,68,1.1470588235294117,0.04807399313332187,683,"What we're looking for here is a message of ""unity."" 
Ted is here to help us get there."
1675,4529,2,6,60,68,1.1470588235294117,0.052441304127157654,683,"Oh jeez, new guy, that's my bad. I forgot to tell you we're more of a business casual office. You can lose the jacket and tie."
1436,4529,0,10,58,68,1.1470588235294117,0.04326808584867506,683,"As soon as Gumpo gets here with the donuts, we can start."
1459,4529,1,8,59,68,1.1470588235294117,0.04807399313332187,683,"‘The suit looks bad, but not as bad as having a spoon for a head.’"
1466,4529,0,10,58,68,1.1470588235294117,0.04326808584867506,683,"Now I'd like to introduce Ted, our latest hire into ""Human Resources."""
1474,4529,0,10,58,68,1.1470588235294117,0.04326808584867506,683,This is our new boss. Who wants first taste?
1411,4529,1,8,59,68,1.1470588235294117,0.04807399313332187,683,What's with the funky outfit? This is an office!
1520,4529,0,10,58,68,1.1470588235294117,0.04326808584867506,683,"Noe, we fill that on an attached raft, we will not survive the flood!"
1583,4529,0,10,58,68,1.1470588235294117,0.04326808584867506,683,"Oh, and since you guys are all locavore..."
1600,4529,2,6,60,68,1.1470588235294117,0.052441304127157654,683,Mr. Clarkson will be our new head of marketing. Not lunch!
1602,4529,2,6,60,68,1.1470588235294117,0.052441304127157654,683,Please welcome our newest member. His name is gop.
1603,4529,0,10,58,68,1.1470588235294117,0.04326808584867506,683,Let's eat some room for the newest member of our team.
1605,4529,0,10,58,68,1.1470588235294117,0.04326808584867506,683,Carl's here to help the company come across as a little more human.
1615,4529,1,8,59,68,1.1470588235294117,0.04807399313332187,683,He's obviously not one of us but it could add some diversity to our board.
1662,4529,0,10,58,68,1.1470588235294117,0.04326808584867506,683,"As you can see, our company hiring policy puts a premium on diversity."
1478,4529,1,8,59,68,1.1470588235294117,0.04807399313332187,683,"I’m all for diversity, but he’s too diverse."
4701,4697,1,9,65,75,1.1466666666666667,0.045295161459604626,683,Welcome to The Benefits of Devolving
2673,4698,1,8,60,69,1.144927536231884,0.04742006474057418,683,"Well then, with there being nothing else on the table, who wants lunch?"
3135,4698,1,8,60,69,1.144927536231884,0.04742006474057418,683,I'd like you to meet our new diversity hire.
3150,4698,1,8,60,69,1.144927536231884,0.04742006474057418,683,I see that our diversity and inclusion goals are being met.
3234,4698,0,10,59,69,1.144927536231884,0.04268963668731212,683,Everyone-this is Bobby. He's your lunch-er-um new intern
3794,4698,1,8,60,69,1.144927536231884,0.04742006474057418,683,And Roy here has yet to try the new ingredients.
4882,4698,3,4,62,69,1.144927536231884,0.055688216518499936,683,I'm proud to announce that we finally have a sufficiently diverse board.
3862,4698,0,10,59,69,1.144927536231884,0.04268963668731212,683,Can we at least decide on a lunch menu?
4546,4698,2,6,61,69,1.144927536231884,0.05171962876419153,683,"I'd like to introduce Erza, he is our new diversity director."
5347,4698,0,10,59,69,1.144927536231884,0.04268963668731212,683,I'd like to introduce Bruce from Match.com
2588,4698,1,8,60,69,1.144927536231884,0.04742006474057418,683,Meeting adjourned. Now let’s eat this guy!
3820,4698,1,8,60,69,1.144927536231884,0.04742006474057418,683,"Welcome to our Board meeting.  As you can see, we believe in diversity."
2505,4698,1,8,60,69,1.144927536231884,0.04742006474057418,683,Welcome to the first meeting of the company's diversity committee.
470,4698,0,10,59,69,1.144927536231884,0.04268963668731212,683,"Now then, who shall we eat for the first course?"
2291,4698,0,10,59,69,1.144927536231884,0.04268963668731212,683,"Don't look now, but here comes that strange looking one !"
2103,4698,2,6,61,69,1.144927536231884,0.05171962876419153,683,"This is Dave, he’ll be joining our recruiting department."
1930,4698,0,10,59,69,1.144927536231884,0.04268963668731212,683,"Everyone, meet Paul. He's here for the lunch and learn."
1858,4698,0,10,59,69,1.144927536231884,0.04268963668731212,683,"And this is my translator, make sure not to eat him."
1698,4698,1,8,60,69,1.144927536231884,0.04742006474057418,683,"Now that all my advisors are here, let’s begin"
1126,4698,0,10,59,69,1.144927536231884,0.04268963668731212,683,"Our income structure is eat what you kill, as is our lunch structure."
2308,4698,0,10,59,69,1.144927536231884,0.04268963668731212,683,My galaxy brain is telling me pizza and wings.
404,4698,0,10,59,69,1.144927536231884,0.04268963668731212,683,"‘Gentlemen, I’d like you to meet Joe, the new head of our diversity team.’"
1364,4719,1,9,66,76,1.144736842105263,0.044736842105263165,683,"He's joined us guys, end of the world now."
489,4720,2,6,62,70,1.1428571428571428,0.051017450372708696,683,"Mr. Elliot, you’ll need to show us a whole lot more than humanity to secure a seat on this Board."
1561,4720,0,10,60,70,1.1428571428571428,0.04212627318711346,683,"S'cuse me, Anyone seen Mr. Sendak"
2010,4720,1,8,61,70,1.1428571428571428,0.04678356086900135,683,This young man is here to discuss Halloween costume ideas
2792,4720,2,6,62,70,1.1428571428571428,0.051017450372708696,683,And I say our audience could never swallow these preposterous 'humans'.
3179,4720,1,8,61,70,1.1428571428571428,0.04678356086900135,683,This is Homer from human resources. He'll be joining us for dinner.
3869,4720,1,8,61,70,1.1428571428571428,0.04678356086900135,683,Everyone....say hello to Todd.
4365,4720,1,8,61,70,1.1428571428571428,0.04678356086900135,683,Are we all present or should we wait for  zombe?
5454,4720,1,8,61,70,1.1428571428571428,0.04678356086900135,683,"Here, here.  As your chair, I'm the only one who gets to tap, tap, tap on the table."
5613,4720,0,10,60,70,1.1428571428571428,0.04212627318711346,683,Welcome to diversity training.
1787,4729,1,8,62,71,1.1408450704225352,0.046163800079517044,683,"I can assure you, this is a monster of a deal!"
256,4729,0,10,61,71,1.1408450704225352,0.04157742116654289,683,I'm afraid Alice opted for the Mad Hatter's
4127,4729,0,10,61,71,1.1408450704225352,0.04157742116654289,683,This is Harry. He's no stranger to us.
2983,4732,1,7,56,64,1.140625,0.04913531839612815,683,who's hungry?
4884,4733,1,8,63,72,1.1388888888888888,0.04556013565281042,683,I'm happy to announce the new version of Animal Crackers goes into production next week.
1555,4733,0,10,62,72,1.1388888888888888,0.04104253469235572,683,Any questions for the new head of Human Resources?
4775,4733,0,10,62,72,1.1388888888888888,0.04104253469235572,683,"'Next, Bob here  from HR will update us about 
the status of the company's diversity program!"""
2771,4736,0,9,56,65,1.1384615384615384,0.043172969847391635,683,You will never find a more wretched hive of scum and villany
3742,4736,1,7,57,65,1.1384615384615384,0.04842183966159297,683,Welcome to your photo shoot for the 2019 Most Beautiful Beings Issue of Alien Magazine. Who wants to go first?
3691,4736,1,7,57,65,1.1384615384615384,0.04842183966159297,683,"As usual, Xortoth is the only one who dressed up as something scary for Halloween."
3597,4736,2,5,58,65,1.1384615384615384,0.053154903696481744,683,He’s from U-kraine! That means he can do things that none of you can!
3585,4736,0,9,56,65,1.1384615384615384,0.043172969847391635,683,"Well, no one can complain about our company's diversity."
3562,4736,2,5,58,65,1.1384615384615384,0.053154903696481744,683,"Not quite team. It’s the spirit of the holidays that is supposed to last all year, not the spirit of Halloween."
3406,4736,0,9,56,65,1.1384615384615384,0.043172969847391635,683,"Supporting our Inclusion policy, I have asked a Human to attend. So clawing or devouring until the meeting is over!"
3400,4736,2,5,58,65,1.1384615384615384,0.053154903696481744,683,Where's the raid?
3379,4736,1,7,57,65,1.1384615384615384,0.04842183966159297,683,I know he looks creepy but I think he'll be an asset to our organization.
2558,4736,1,7,57,65,1.1384615384615384,0.04842183966159297,683,I hope we can agree that the Roomba won’t be invited to the office party this year.
3328,4736,0,9,56,65,1.1384615384615384,0.043172969847391635,683,Who wants first bite?
3816,4736,2,5,58,65,1.1384615384615384,0.053154903696481744,683,"I told him, unlike on his planet, I did not enter an executive order excluding aliens"
3250,4736,2,5,58,65,1.1384615384615384,0.053154903696481744,683,He doesn't get lunch.  He is lunch.
3034,4736,1,7,57,65,1.1384615384615384,0.04842183966159297,683,"I know he looks a little scary, but once you get to know him you’ll see he’s a really nice guy."
2985,4736,0,9,56,65,1.1384615384615384,0.043172969847391635,683,"Chill, what goes around comes around.....a little diversity won’t
hurt."
2676,4736,0,9,56,65,1.1384615384615384,0.043172969847391635,683,Don't you just Love having our civilized tea time?!
2930,4736,0,9,56,65,1.1384615384615384,0.043172969847391635,683,"OK, group, in your vote on his membership application, just remember we don't judge on little differences."
2871,4736,1,7,57,65,1.1384615384615384,0.04842183966159297,683,Chicken or Fish?
2869,4736,0,9,56,65,1.1384615384615384,0.043172969847391635,683,They wanted biodiversity and now they have biodiversity.
2868,4736,0,9,56,65,1.1384615384615384,0.043172969847391635,683,Maybe now we will stop presenting in the nude!
2852,4736,0,9,56,65,1.1384615384615384,0.043172969847391635,683,This explains the decisions board members make.
2748,4736,0,9,56,65,1.1384615384615384,0.043172969847391635,683,"Did you see the monster that just came in?
By Eder"
2820,4736,1,7,57,65,1.1384615384615384,0.04842183966159297,683,Shareholders ARE impressed with the diversity of the Board of Directors but now want profits too.
3194,4736,0,9,56,65,1.1384615384615384,0.043172969847391635,683,Of course not. It wouldn't be off the rack. It would be tailored.
3839,4736,1,7,57,65,1.1384615384615384,0.04842183966159297,683,Looks like Smith didn't get the memo about our Halloween party.
4492,4736,0,9,56,65,1.1384615384615384,0.043172969847391635,683,Kyle will be fulfilling our diversity mandate.
3891,4736,0,9,56,65,1.1384615384615384,0.043172969847391635,683,Let's give him a warm welcome by not eating him.
2473,4736,3,3,59,65,1.1384615384615384,0.05749967841433098,683,"I know I look strange, but may I join you?"
5483,4736,1,7,57,65,1.1384615384615384,0.04842183966159297,683,"Mac, when do  we  get paid for  dressing up
in these animal costumes!"
5634,4736,0,9,56,65,1.1384615384615384,0.043172969847391635,683,"Please welcome Carl, our new director of special projects."
5650,4736,0,9,56,65,1.1384615384615384,0.043172969847391635,683,Since I'm speaking for all of us......
5249,4736,1,7,57,65,1.1384615384615384,0.04842183966159297,683,"He deserves a place at our table, he's an animal too."
5108,4736,0,9,56,65,1.1384615384615384,0.043172969847391635,683,Bob here beamed up to take your reservations and insure your inclusion in the new edition of 'Who's Who in the Galaxy'
5094,4736,0,9,56,65,1.1384615384615384,0.043172969847391635,683,"Our next guest, and please don't laugh . . ."
5078,4736,1,7,57,65,1.1384615384615384,0.04842183966159297,683,Ok jokers this is suit you have to wear in the real world
5019,4736,1,7,57,65,1.1384615384615384,0.04842183966159297,683,Let's skip the veggies and just have ice cream
4980,4736,1,7,57,65,1.1384615384615384,0.04842183966159297,683,“We agreed the board lacked diversity.”
4943,4736,0,9,56,65,1.1384615384615384,0.043172969847391635,683,"In line with the company's diversity and inclusion policy, this is our new hire -- let's all say 'Hi' to Bob."
4865,4736,0,9,56,65,1.1384615384615384,0.043172969847391635,683,Are we all decided then on having Earthling for lunch?
3881,4736,1,7,57,65,1.1384615384615384,0.04842183966159297,683,"Please welcome Herb, who just joined our extinct life-form support group."
4670,4736,0,9,56,65,1.1384615384615384,0.043172969847391635,683,"``Fellow creatures, this shouldn't take long. I asked you here today because this young man thinks one of you might be his father.''"
4612,4736,1,7,57,65,1.1384615384615384,0.04842183966159297,683,He says he can help us clean up the swamp AND tackle climate change.
4577,4736,1,7,57,65,1.1384615384615384,0.04842183966159297,683,"Well, look who just arrived for dinner!"
4509,4736,1,7,57,65,1.1384615384615384,0.04842183966159297,683,It’s our goal to address what brought you here to diversity training.
4435,4736,1,7,57,65,1.1384615384615384,0.04842183966159297,683,I think we should go for separate checks rather than dividing the bill in seven. Some of us don't care for the local cuisine.
4326,4736,0,9,56,65,1.1384615384615384,0.043172969847391635,683,"Meet Gregor, our new sales manager. If sales don't improve we can always eat him."
4271,4736,1,7,57,65,1.1384615384615384,0.04842183966159297,683,"Well it's decided, we'll name the firm Anxiety, Nightmares and  Daitch attorneys of law."
4094,4736,0,9,56,65,1.1384615384615384,0.043172969847391635,683,"It seems to me that our new employee, Mr. Stuffedshirt, has not read our orientation package."
4077,4736,0,9,56,65,1.1384615384615384,0.043172969847391635,683,Marty comes to us from parking enforcement so he should fit right in.
4076,4736,0,9,56,65,1.1384615384615384,0.043172969847391635,683,"In light of our longstanding policy of not revealing ourselves to humans, this is our new hire, Bob."""
4039,4736,0,9,56,65,1.1384615384615384,0.043172969847391635,683,"This is Jim, our new head of human resources."
3950,4736,0,9,56,65,1.1384615384615384,0.043172969847391635,683,He may look weird but Nigel comes as a very well recommended accountant.
3919,4736,1,7,57,65,1.1384615384615384,0.04842183966159297,683,"Mr. clothes, I think it's warm enough to remove your clothes."
4634,4736,1,7,57,65,1.1384615384615384,0.04842183966159297,683,Let’s eat Amazon for lunch.
2457,4736,1,7,57,65,1.1384615384615384,0.04842183966159297,683,It's come our attention that you think your different than us.
2147,4736,1,7,57,65,1.1384615384615384,0.04842183966159297,683,"And now for the scariest of them all,  Mr. Wall Street!"
2393,4736,2,5,58,65,1.1384615384615384,0.053154903696481744,683,EVERYBODY HERE THINKS THEY ARE NORMAL
1250,4736,2,5,58,65,1.1384615384615384,0.053154903696481744,683,This is Dan.  He's our 'Diversity and Inclusion' hire.
1233,4736,1,7,57,65,1.1384615384615384,0.04842183966159297,683,We all love a whistleblower Mortimer. (As an appetizer...)
1123,4736,2,5,58,65,1.1384615384615384,0.053154903696481744,683,Nigel is new to venture capital. Please make him feel welcome.
1102,4736,0,9,56,65,1.1384615384615384,0.043172969847391635,683,"Anyway, look: times change. And if we don’t, we risk becoming irrelevant. Which is why I’m excited to introduce Gerald as the first human board member of Monsters, Inc."
1046,4736,2,5,58,65,1.1384615384615384,0.053154903696481744,683,"I know it might seem unorthodox to get input on being an awful monster from a human, but don’t forget he’s a member of the one percent."
961,4736,0,9,56,65,1.1384615384615384,0.043172969847391635,683,Herb from H.R. is joining us today to remind all department heads about our need to push for diversification.
948,4736,1,7,57,65,1.1384615384615384,0.04842183966159297,683,"Swamp toxicity levels are at an all-time high! Pass around the thank you card, Tod."
926,4736,1,7,57,65,1.1384615384615384,0.04842183966159297,683,"I know what you're thinking.  He's only here because of our diversity mandate.  But, I think Todd will be a real asset to the company."
920,4736,0,9,56,65,1.1384615384615384,0.043172969847391635,683,"Oh, is it Halloween yet ?"
884,4736,0,9,56,65,1.1384615384615384,0.043172969847391635,683,"I know we've done a lot to be more diverse, but Ed here will take us that extra mile."
1318,4736,0,9,56,65,1.1384615384615384,0.043172969847391635,683,How would humans like it if we dressed as them once a year its demoralizing.
806,4736,1,7,57,65,1.1384615384615384,0.04842183966159297,683,but still no Women in the Directors board!
603,4736,1,7,57,65,1.1384615384615384,0.04842183966159297,683,Enough already. I agree he looks weird but we’re better than that.
514,4736,1,7,57,65,1.1384615384615384,0.04842183966159297,683,"Let’s welcome our new hire, Jim, whose expertise we believe will help the company in its mission to destroy and eat humankind."
391,4736,1,7,57,65,1.1384615384615384,0.04842183966159297,683,"Look gentlemen, I know it's not ideal but HR said we need a human on the board to hit our diversity quota."
305,4736,0,9,56,65,1.1384615384615384,0.043172969847391635,683,I'm sure you're all wondering why I've doodled you here...
216,4736,1,7,57,65,1.1384615384615384,0.04842183966159297,683,Edward here is a human film critic.  He AGREES with Scorsese!
145,4736,0,9,56,65,1.1384615384615384,0.043172969847391635,683,He could be our token human to avoid criticism that we discriminate in our hiring policy
125,4736,0,9,56,65,1.1384615384615384,0.043172969847391635,683,"Yep, you were a diversity hire."
59,4736,1,7,57,65,1.1384615384615384,0.04842183966159297,683,Ted here is part of our diversity outreach program.
8,4736,0,9,56,65,1.1384615384615384,0.043172969847391635,683,"FritzbutaaH John. NeezbutaaHlaaH. NezbuutaaH!

Translation: Everyone, This Is John. 
No, We Are NOT Going To Eat Him. Not Yet!"
2455,4736,1,7,57,65,1.1384615384615384,0.04842183966159297,683,Death is not the end.
690,4736,1,7,57,65,1.1384615384615384,0.04842183966159297,683,"OK, on to a new topic. Peter here says one of you is actually wearing a costume."
1393,4736,0,9,56,65,1.1384615384615384,0.043172969847391635,683,I know that interns can look strange on their first day
257,4736,2,5,58,65,1.1384615384615384,0.053154903696481744,683,Let's talk about the elephant in the room.
1570,4736,0,9,56,65,1.1384615384615384,0.043172969847391635,683,Giving him a seat at this table is carrying diversity too far.
1473,4736,2,5,58,65,1.1384615384615384,0.053154903696481744,683,This is Abernathy. He will be our catered lunch.
2243,4736,1,7,57,65,1.1384615384615384,0.04842183966159297,683,"I wasn't sure what everyone wanted for lunch, so I just ordered a Mexican."
2227,4736,0,9,56,65,1.1384615384615384,0.043172969847391635,683,This meeting will come to order.
2193,4736,2,5,58,65,1.1384615384615384,0.053154903696481744,683,"What say you to inviting this plump being to joining us on the plate , er, at the table."
1984,4736,0,9,56,65,1.1384615384615384,0.043172969847391635,683,"Now that we are together, we can plan the launch of the space ark....(whisper) I think he's a spy."
1977,4736,0,9,56,65,1.1384615384615384,0.043172969847391635,683,"Okay humanoid, you get a seat at the table when one of us dies in a suspicious manner."
2248,4736,2,5,58,65,1.1384615384615384,0.053154903696481744,683,"I see the irony in all of this, Johnson, but if we don't accept the offer, we'll go the way of the dinasour."
1937,4736,2,5,58,65,1.1384615384615384,0.053154903696481744,683,"So he said monster, I 'ardly know her and well, we've been together ever since."
1934,4736,0,9,56,65,1.1384615384615384,0.043172969847391635,683,The SciFi channel presents Space Apprentice
1933,4736,0,9,56,65,1.1384615384615384,0.043172969847391635,683,"And this is Mr. Johnson, our new representative from the planet Earth, whom we've promised not to eat."
1865,4736,2,5,58,65,1.1384615384615384,0.053154903696481744,683,Let's bring us back to order in our new world.
1910,4736,1,7,57,65,1.1384615384615384,0.04842183966159297,683,I feel Steven will bring diversity to this department.
1853,4736,1,7,57,65,1.1384615384615384,0.04842183966159297,683,"You all remember Steve, Chairman of the Board Görlok's son and our new summer intern. Steve studies business administration. He can help you with any special projects for the next 8 weeks."
1841,4736,1,7,57,65,1.1384615384615384,0.04842183966159297,683,This is John from Human Resources. He will be leading us in a discussion on diversity.
1831,4736,0,9,56,65,1.1384615384615384,0.043172969847391635,683,"We take over, you fools"
1812,4736,2,5,58,65,1.1384615384615384,0.053154903696481744,683,"Look closely, he's more frightening than all of you put together."
1793,4736,1,7,57,65,1.1384615384615384,0.04842183966159297,683,I know he looks scary but the consultant is here to help us.
1763,4736,0,9,56,65,1.1384615384615384,0.043172969847391635,683,Who wants to volunteer  for trick or treating....
1673,4736,1,7,57,65,1.1384615384615384,0.04842183966159297,683,"Him? He may look strange, but he's okay."
1632,4736,1,7,57,65,1.1384615384615384,0.04842183966159297,683,Sean here says we're all made in the image of a deity. So there's that.
1616,4736,0,9,56,65,1.1384615384615384,0.043172969847391635,683,Loosen your tie it's casual Friday.
1604,4736,0,9,56,65,1.1384615384615384,0.043172969847391635,683,Let's take a break.  Lunch is here.
1581,4736,1,7,57,65,1.1384615384615384,0.04842183966159297,683,"Mr. Kincaide here was a Rhodes Scholar,summa cum laude at Columbia and he will be our lunch for today"
1854,4736,2,5,58,65,1.1384615384615384,0.053154903696481744,683,His presentation should be brief-I told him what happened to the last guy who went over his allotted time.
1006,4843,0,9,57,66,1.1363636363636365,0.042565532289603344,683,"I’d like to introduce you to Norm.
He’ll be joining us f"
5322,4843,0,9,57,66,1.1363636363636365,0.042565532289603344,683,Didn't anybody tell Bob about casual dress Friday?
4637,4843,0,9,57,66,1.1363636363636365,0.042565532289603344,683,"Yes, he is the first Democrat to join us."
369,4843,1,7,58,66,1.1363636363636365,0.04772866020849245,683,(&^$%^#_++#)  We will be having fresh earthling for lunch.
4282,4843,0,9,57,66,1.1363636363636365,0.042565532289603344,683,I’m happy to say that our diversity program has been a great success!
2656,4848,1,8,65,74,1.135135135135135,0.044398669826762854,683,"I want you all to welcome Smith, our diversity coordinator."
4332,4849,1,8,66,75,1.1333333333333333,0.043839729948095284,683,I'd like to present a truly original partner.
3726,4850,0,10,66,76,1.131578947368421,0.03903262361629298,683,It would be great to see some three-spirited folks come out.
4360,4851,2,4,56,62,1.1290322580645162,0.053851505523430855,683,You'll see. It was a perfect letter and Mick is a perfect Chief of Staff.
4044,4851,0,8,54,62,1.1290322580645162,0.042922525410265526,683,"I want you to meet Henry; he may seemed a little odd at first, but you'll get used to him"
4036,4851,0,8,54,62,1.1290322580645162,0.042922525410265526,683,"Sorry, my friend doesn't care much about theme parties."
3924,4851,1,6,55,62,1.1290322580645162,0.048694598441382554,683,"Well, my pretties, I make a motion to bring a new life form onto our board.  We need to bring the most lethal available to ensure profits over customers."
3786,4851,0,8,54,62,1.1290322580645162,0.042922525410265526,683,"Please welcome John, our token human, to the board."
3731,4851,0,8,54,62,1.1290322580645162,0.042922525410265526,683,"I know he looks different, but he'll  bring diversity to our board."
5476,4851,1,6,55,62,1.1290322580645162,0.048694598441382554,683,"He was just transferred from earth.
Yayo Chinea  Antioch, Calif."
3564,4851,1,6,55,62,1.1290322580645162,0.048694598441382554,683,I'd like to welcome our Diversity Trainer.
3454,4851,0,8,54,62,1.1290322580645162,0.042922525410265526,683,"Around here, Hadley, we like to think outside the box."
3249,4851,0,8,54,62,1.1290322580645162,0.042922525410265526,683,"Let's hear what he has to say first, and then eat him!"
3220,4851,1,6,55,62,1.1290322580645162,0.048694598441382554,683,It's called affirmative action and I don't like it any more than you do!
3168,4851,2,4,56,62,1.1290322580645162,0.053851505523430855,683,"Well, I thought we could just add another 15 or 20 feet in height to that wall along our southern border. History certainly won't repeat itself as all of you know."
4408,4851,0,8,54,62,1.1290322580645162,0.042922525410265526,683,"Mr. Dunham is here to talk through the acquisition of our company by Humans, Inc."
3138,4851,0,8,54,62,1.1290322580645162,0.042922525410265526,683,"The Committee  findings are: We need to have two eyes, able to look forward."
4569,4851,1,6,55,62,1.1290322580645162,0.048694598441382554,683,"...and so Fellows of the Self-Annihilating-Moronic-Species Society,I have found a new race that is absolutely on the fast track for full membership!"
4582,4851,1,6,55,62,1.1290322580645162,0.048694598441382554,683,"Hey, lighten up, gals! It's time we diversified our workforce. Besides, he's covered his privates."
4677,4851,0,8,54,62,1.1290322580645162,0.042922525410265526,683,I think we're ready to market eight designs.
4950,4851,0,8,54,62,1.1290322580645162,0.042922525410265526,683,So it's agreed that this will be the cute animal mascot for our new universal ad campaign.
4962,4851,0,8,54,62,1.1290322580645162,0.042922525410265526,683,Now try not to be afraid. I've decided to bring in some fresh talent.
4972,4851,1,6,55,62,1.1290322580645162,0.048694598441382554,683,Do we agree that we want to have this human for diner?
5027,4851,0,8,54,62,1.1290322580645162,0.042922525410265526,683,"Our shareholders requested we add a white, male human to the board."
5059,4851,1,6,55,62,1.1290322580645162,0.048694598441382554,683,"Bob Anderson, our new public relations consultant, is here today to talk to us about combating  the recent libelous claims that we’re all a little “slimy.”"
5099,4851,0,8,54,62,1.1290322580645162,0.042922525410265526,683,"Haven't you read about our restaurant's 'New' dress code?"""
5217,4851,0,8,54,62,1.1290322580645162,0.042922525410265526,683,"Earth will be making closing remarks at our millennial Intergalactic Summit, as it is ‘not long for this Universe.’"
5232,4851,0,8,54,62,1.1290322580645162,0.042922525410265526,683,Marv here was hired as part of our push for diversity.
5429,4851,0,8,54,62,1.1290322580645162,0.042922525410265526,683,"Garcon, we would prefer a clean table near a window."
5655,4851,2,4,56,62,1.1290322580645162,0.053851505523430855,683,He says this asteroid is no big deal. Unless you happen to live near the Yucatan.
5513,4851,0,8,54,62,1.1290322580645162,0.042922525410265526,683,"Well, let's take a little break, it looks like our lunch just arrived."
4533,4851,1,6,55,62,1.1290322580645162,0.048694598441382554,683,We’ve hired Jones here to lead the diversity work
3083,4851,0,8,54,62,1.1290322580645162,0.042922525410265526,683,Thank you all for showing up on time for your first day as interns. I can already tell we have selected a fine batch of future lobbyists.
2530,4851,1,6,55,62,1.1290322580645162,0.048694598441382554,683,Here we pride ourself on our diversity and inclusion.
2954,4851,0,8,54,62,1.1290322580645162,0.042922525410265526,683,This is Gary. He’s new.
3053,4851,0,8,54,62,1.1290322580645162,0.042922525410265526,683,"This is Larry. He's a bit hard on the eyes, but he's a great salesman."
321,4851,1,6,55,62,1.1290322580645162,0.048694598441382554,683,It seems that lunch has arrived”.
442,4851,0,8,54,62,1.1290322580645162,0.042922525410265526,683,"I'd like to start the ""Rejected Halloween Monsters"" meeting to order by first reciting the minutes from the last meeting"
649,4851,0,8,54,62,1.1290322580645162,0.042922525410265526,683,You don't deserve a seat at the table any longer.
700,4851,1,6,55,62,1.1290322580645162,0.048694598441382554,683,"New introductions aside,I know having an internal auditor will seem alien to many of you."
985,4851,0,8,54,62,1.1290322580645162,0.042922525410265526,683,Next we'll hear from the monkey in the middle.
1142,4851,0,8,54,62,1.1290322580645162,0.042922525410265526,683,This is Toby from HR; he's here to do some team building for this Professional Development.
1169,4851,0,8,54,62,1.1290322580645162,0.042922525410265526,683,"Aw, come on, one token white guy and we get the shareholder diversity nuts off our asses."
1388,4851,1,6,55,62,1.1290322580645162,0.048694598441382554,683,"Yeah haha i told that human boy I wanted to raid HIS area 51 ahahah.....oh...hey Benjamin, how long you been there pal?"
1394,4851,1,6,55,62,1.1290322580645162,0.048694598441382554,683,We have invited you here today to conduct marketing feedback our our new meat-like chicken substitute. Any questions before we get started?
1397,4851,1,6,55,62,1.1290322580645162,0.048694598441382554,683,Leonard here is to talk to us about the challenges of diversity in the workplace.
1484,4851,1,6,55,62,1.1290322580645162,0.048694598441382554,683,"As I'm sure you've all heard, white men are the real monsters."
432,4851,0,8,54,62,1.1290322580645162,0.042922525410265526,683,I want you all to meet Mark. He's the new head of human resources.
1842,4851,0,8,54,62,1.1290322580645162,0.042922525410265526,683,"Higgins, here, tells me we’re taking Casual Friday a bit too far."
1752,4851,1,6,55,62,1.1290322580645162,0.048694598441382554,683,"Austin and Portland are weird, but our city can easily top them."
2800,4851,0,8,54,62,1.1290322580645162,0.042922525410265526,683,"I'd like you all to welcome our new board member to this meeting of Extincts and Aliens, Inc."
2731,4851,0,8,54,62,1.1290322580645162,0.042922525410265526,683,"Everyone, please welcome Jeff, who’s here to update us on the human race."
2598,4851,0,8,54,62,1.1290322580645162,0.042922525410265526,683,This is the new Halloween monster we've come up with. Scary or what!
2320,4851,1,6,55,62,1.1290322580645162,0.048694598441382554,683,"And the scariest costume award goes to...Bob, who is sporting business casual."
2884,4851,0,8,54,62,1.1290322580645162,0.042922525410265526,683,And I’d like to thank Roger for offering himself as our mid-meeting snack.
2246,4851,1,6,55,62,1.1290322580645162,0.048694598441382554,683,I'd like to introduce our new Diversity Chair.
2132,4851,0,8,54,62,1.1290322580645162,0.042922525410265526,683,What say we start with something slow moving?
2080,4851,1,6,55,62,1.1290322580645162,0.048694598441382554,683,"I'm sorry the best we could do was a human caterer, but Yelp says they have a quite eclectic and interesting menu"
2054,4851,2,4,56,62,1.1290322580645162,0.053851505523430855,683,"Please welcome Rei, specifically in charge of creating new trends from iconic moments in history, like large green polka dots circa Bob Dylan at Newport Festival 1965."
2319,4851,0,8,54,62,1.1290322580645162,0.042922525410265526,683,I'd like to introduce the winner of the scariest intergalactic costume contest...
2939,4851,1,6,55,62,1.1290322580645162,0.048694598441382554,683,"This is Kevin from HR, there have been some complaints about attire that is too revealing."
3964,4909,0,8,55,63,1.126984126984127,0.0422853514020739,683,Han Solo's Pivotal Moment
3525,4909,0,8,55,63,1.126984126984127,0.0422853514020739,683,"Jan, here, is our new ergonomic director.  Send a completed 2345 form to his team and you'll be able to get proper seating."
3955,4909,0,8,55,63,1.126984126984127,0.0422853514020739,683,"Larry, over there doesn't like humans, and you'll have a hard time trying to get him to change his spots."
3859,4909,1,6,56,63,1.126984126984127,0.04795918799660978,683,"Time for lunch orders, we have chair to table specials today!"
3833,4909,0,8,55,63,1.126984126984127,0.0422853514020739,683,"Congratulations to the Employee of the month, Mr Anonymous Insider."
3802,4909,1,6,56,63,1.126984126984127,0.04795918799660978,683,So he’s different than us. Who are we to reject him just for being a Libertarian?
3745,4909,0,8,55,63,1.126984126984127,0.0422853514020739,683,But I am in costume
3636,4909,1,6,56,63,1.126984126984127,0.04795918799660978,683,"1. It's NEXT week...
2. Who forgot to bathe?
3. Have you all eaten?
4. The lion can't make it..."
3590,4909,1,6,56,63,1.126984126984127,0.04795918799660978,683,If he doesn't work out as a member of the Executive Board we can always eat him!
3529,4909,0,8,55,63,1.126984126984127,0.0422853514020739,683,"Should we let him sit at the table and if so, where?"
3122,4909,1,6,56,63,1.126984126984127,0.04795918799660978,683,Nobody told me there would be costumes at this meeting.
3351,4909,0,8,55,63,1.126984126984127,0.0422853514020739,683,Bob here is an ‘image specialist.’
3322,4909,1,6,56,63,1.126984126984127,0.04795918799660978,683,"I ordered human milk for the children, and it is taking time."
3154,4909,1,6,56,63,1.126984126984127,0.04795918799660978,683,"Listen fellas, for next year I want the option for dental insurance. You see,  I have three cavities, and two teeth that will need to be pulled !"
3116,4909,0,8,55,63,1.126984126984127,0.0422853514020739,683,Don't you like you ark?
3008,4909,1,6,56,63,1.126984126984127,0.04795918799660978,683,Please welcome Fred.  He's a little late but already dressed for dinner.
2955,4909,0,8,55,63,1.126984126984127,0.0422853514020739,683,Joe here is the winner of our annual costume contest.
2849,4909,0,8,55,63,1.126984126984127,0.0422853514020739,683,Thank goodness there is no Quid Pro Quo here today!
2808,4909,0,8,55,63,1.126984126984127,0.0422853514020739,683,"I'd like to introduce Bob, who's going to be the face of our brand moving forward."
3971,4909,0,8,55,63,1.126984126984127,0.0422853514020739,683,"If we're serious about our commitment to diversity, we should vote to bring Kent onto our board."
3448,4909,0,8,55,63,1.126984126984127,0.0422853514020739,683,"Now, I know what you all must be thinking...."
3972,4909,0,8,55,63,1.126984126984127,0.0422853514020739,683,"As the abductee's absence will soon be noticed, maybe we should move on from the grooming questions."
4965,4909,1,6,56,63,1.126984126984127,0.04795918799660978,683,Stop scratching.
4141,4909,0,8,55,63,1.126984126984127,0.0422853514020739,683,"Does anyone understand what Robert is saying?

We forgot to hire a translator...

Robert from HR is here to brief us on some diversity concerns."
5574,4909,0,8,55,63,1.126984126984127,0.0422853514020739,683,"Please welcome our token human member."""
5570,4909,0,8,55,63,1.126984126984127,0.0422853514020739,683,Tim wants to offer a few words of thanks for the good work we’ve done on the diversity initiative.
5527,4909,0,8,55,63,1.126984126984127,0.0422853514020739,683,Now we need someone to head the Human Resources Department. Any volunteers?
5402,4909,0,8,55,63,1.126984126984127,0.0422853514020739,683,Diversity initiative meeting
5380,4909,1,6,56,63,1.126984126984127,0.04795918799660978,683,Bernie here has requested it be a vegan potluck dinner.
5358,4909,0,8,55,63,1.126984126984127,0.0422853514020739,683,"I know, he's scary looking."
5313,4909,0,8,55,63,1.126984126984127,0.0422853514020739,683,"Team, I’d like you to meet my brother-in-law. He will be the new head of Human Resources."
5219,4909,0,8,55,63,1.126984126984127,0.0422853514020739,683,Great job on the presentation everyone. Lunch is me.
5037,4909,2,4,57,63,1.126984126984127,0.0530293926364563,683,Mr. Robinson wants to talk to us about increasing diversity on the Board.
4105,4909,0,8,55,63,1.126984126984127,0.0422853514020739,683,This guy says we're the best looking board he's consulted.
5024,4909,0,8,55,63,1.126984126984127,0.0422853514020739,683,"This is Paul, who is wearing the new peacetime Stormtrooper uniform"
4836,4909,0,8,55,63,1.126984126984127,0.0422853514020739,683,"So, as head of this new corporation, there will be no more shenanigans."
4483,4909,1,6,56,63,1.126984126984127,0.04795918799660978,683,I object to the motion to allow an earthling to join us on obvious grounds.
4438,4909,1,6,56,63,1.126984126984127,0.04795918799660978,683,Hi everyone. This is Fred Walker and he's here to apply for his species to no longer be dinner.
4387,4909,1,6,56,63,1.126984126984127,0.04795918799660978,683,We’ve decided to employ someone from left field
4368,4909,2,4,57,63,1.126984126984127,0.0530293926364563,683,How do you guys feel about killing teeny-boppers?
4351,4909,0,8,55,63,1.126984126984127,0.0422853514020739,683,"Well,  it certainly looks like the diversity hiring program is working."
4293,4909,0,8,55,63,1.126984126984127,0.0422853514020739,683,"Please welcome Fred from HR.  His talk is called ""Diversity and Inclusion: Is Too Much a Good Thing?"""
4218,4909,1,6,56,63,1.126984126984127,0.04795918799660978,683,I’m sorry. Freaks and geeks  doth not diversity make.
4201,4909,1,6,56,63,1.126984126984127,0.04795918799660978,683,Let Claude know if you'd like extrasolar candidates for liquid water.
4938,4909,1,6,56,63,1.126984126984127,0.04795918799660978,683,Wakajawaka? No. This is for Jabbapalooza II.
2611,4909,0,8,55,63,1.126984126984127,0.0422853514020739,683,"The raid on Area 51: September 20th, 2019"
2769,4909,1,6,56,63,1.126984126984127,0.04795918799660978,683,EEEEEK!  What's that THING that just walked in the room?
2296,4909,1,6,56,63,1.126984126984127,0.04795918799660978,683,We think the movie would benefit from a more nuisanced examination into the monster's motives.
1209,4909,1,6,56,63,1.126984126984127,0.04795918799660978,683,We have a new prospect for the Mr. Universe pageant.
1128,4909,0,8,55,63,1.126984126984127,0.0422853514020739,683,"I'd like to introduce John Smith, our director of a new department we call ""Human Resources."""
1047,4909,0,8,55,63,1.126984126984127,0.0422853514020739,683,Charles will take our lunch orders - and afterwards Tirzah from  Strategic Planning will update us on the giant asteroid heading our way. I hear it's a doozy.
1005,4909,0,8,55,63,1.126984126984127,0.0422853514020739,683,You can join us if you can understand
975,4909,0,8,55,63,1.126984126984127,0.0422853514020739,683,"This is the creator of the Little orphan Annie.""You all remember  
the ,"" leaping lizards  phrase"".Well some of you have issues with it , but it did put on the world stage."
965,4909,1,6,56,63,1.126984126984127,0.04795918799660978,683,"So, do we accept this WEIRDO into our private meeting, orchophim up a share him?"
860,4909,0,8,55,63,1.126984126984127,0.0422853514020739,683,"Yes, he's impossibly ugly, but he's extremely competent."
773,4909,1,6,56,63,1.126984126984127,0.04795918799660978,683,"Demons of Hell, I'm proud to introduce our newest member: Bill the Paralegal."""
705,4909,0,8,55,63,1.126984126984127,0.0422853514020739,683,We needed some diversity in here so I asked Bob from Accounting to join us.
693,4909,1,6,56,63,1.126984126984127,0.04795918799660978,683,"Don't forget, you're all acting Department directors"
660,4909,0,8,55,63,1.126984126984127,0.0422853514020739,683,This happy earthling left his planet in 1967 and hasn't heard from it since.
634,4909,0,8,55,63,1.126984126984127,0.0422853514020739,683,"Nelson, of course, is from HR."
599,4909,0,8,55,63,1.126984126984127,0.0422853514020739,683,I brought you all here to discuss the elephant in the room.
453,4909,0,8,55,63,1.126984126984127,0.0422853514020739,683,Bring us some of the snacks we left in the Pyramids.
327,4909,1,6,56,63,1.126984126984127,0.04795918799660978,683,This is Mr. Jones our Director of Personnel.
247,4909,0,8,55,63,1.126984126984127,0.0422853514020739,683,We are all in this together!
49,4909,0,8,55,63,1.126984126984127,0.0422853514020739,683,Dan’s here from corporate. He’ll just be observing today.
20,4909,0,8,55,63,1.126984126984127,0.0422853514020739,683,Who invited you? You're not one of us.
2311,4909,1,6,56,63,1.126984126984127,0.04795918799660978,683,I think he could help us meet the diversity quota.
1229,4909,0,8,55,63,1.126984126984127,0.0422853514020739,683,You didn't tell him this is casual Friday?
1232,4909,1,6,56,63,1.126984126984127,0.04795918799660978,683,"I know he looks a little grotesque, but he does represent the newest member of our federation."
198,4909,0,8,55,63,1.126984126984127,0.0422853514020739,683,You're facing extinction.
1243,4909,0,8,55,63,1.126984126984127,0.0422853514020739,683,"The board of Nightmares, Inc welcomes it's newest member, The Man from the IRS."
2196,4909,1,6,56,63,1.126984126984127,0.04795918799660978,683,And Larry will  be head our new Human Resources Department.
2168,4909,0,8,55,63,1.126984126984127,0.0422853514020739,683,"Apparently, he didn’t get the memo."
1237,4909,0,8,55,63,1.126984126984127,0.0422853514020739,683,"Don't be scared, its just my lawyer"
2073,4909,0,8,55,63,1.126984126984127,0.0422853514020739,683,Hast seen the White Whale?
1965,4909,1,6,56,63,1.126984126984127,0.04795918799660978,683,Tom is here to discuss the company's new diversity initiative.
1883,4909,0,8,55,63,1.126984126984127,0.0422853514020739,683,He's still doing his hair.
1839,4909,0,8,55,63,1.126984126984127,0.0422853514020739,683,Who's the new weirdo?
1827,4909,0,8,55,63,1.126984126984127,0.0422853514020739,683,Because of our heavy schedule we're having cold meats for lunch.
1758,4909,1,6,56,63,1.126984126984127,0.04795918799660978,683,Brought in a new marketing guru. We have to separate ourselves from all the other monsters running companies!
1811,4909,1,6,56,63,1.126984126984127,0.04795918799660978,683,I think they're scared enough.
1663,4909,2,4,57,63,1.126984126984127,0.0530293926364563,683,"John here, feels we need more diversity in the company"
1618,4909,2,4,57,63,1.126984126984127,0.0530293926364563,683,"Greetings, fellow Pond Scum Brethren! I  know you’ll keep our banner high.”
William Hunter, Plymouth M"
1614,4909,0,8,55,63,1.126984126984127,0.0422853514020739,683,Joe is the firm's spokes species on our commitment to equality.
1567,4909,0,8,55,63,1.126984126984127,0.0422853514020739,683,Reptilians run this galaxy
1357,4909,1,6,56,63,1.126984126984127,0.04795918799660978,683,"What's with the weird-looking guy, always showing up?"
1351,4909,1,6,56,63,1.126984126984127,0.04795918799660978,683,"It hasn't been easy, but I think we've finally managed to comply with the new workplace diversity rules."""
1279,4909,1,6,56,63,1.126984126984127,0.04795918799660978,683,...and now a word from our breakfast.
1268,4909,0,8,55,63,1.126984126984127,0.0422853514020739,683,"Hideous, terrifying, simply disgusting. The face of the creature in the corner, the one wearing the suit and tie, may not be as revoltingly terrible as he appears once you get to know him."
1716,4909,0,8,55,63,1.126984126984127,0.0422853514020739,683,"In keeping with our company's policy of diverse hiring, I'd like to introduce Larry."
2241,4909,1,6,56,63,1.126984126984127,0.04795918799660978,683,In our pledge to honor diversity the BOD has selected a new member...
5440,5000,0,9,62,71,1.1267605633802817,0.03976580062454876,683,"My stepson, Fred, will now explain the company's new benefit plan."
4777,5001,0,8,56,64,1.125,0.041666666666666664,683,"Let's all welcome Stan, our new diversity hire."
2573,5001,0,9,63,72,1.125,0.039249114101422455,683,I'm afraid this month's financials are looking a little scary.
4396,5001,0,8,56,64,1.125,0.041666666666666664,683,"Monsters, Gary here thinks we're better off forming an LLC."
3027,5004,1,5,52,58,1.1206896551724137,0.049666682137193066,683,Which one of you is dinner?
3380,5005,0,7,52,59,1.11864406779661,0.042460458882410665,683,Boy can we teach them a thing or two...
3482,5005,0,7,52,59,1.11864406779661,0.042460458882410665,683,I'm very glad we've at last undressed the elephant. Now if that's all... .
3484,5005,0,7,52,59,1.11864406779661,0.042460458882410665,683,We ordered out lunch today.
3486,5005,1,5,53,59,1.11864406779661,0.048860455426129414,683,"Since this will be a long meeting, I brought refreshments."
3591,5005,2,3,54,59,1.11864406779661,0.05451419668666752,683,"Welllll Spotty, if you'd been here on time this morning when Lucretia took lunch orders, you could've told her you were a vegan now."
3600,5005,0,7,52,59,1.11864406779661,0.042460458882410665,683,I’ve asked Hank from AR to come to the meeting to discuss healthcare options.
3666,5005,0,7,52,59,1.11864406779661,0.042460458882410665,683,Wow. So this is where all the important decisions are made!
3685,5005,0,7,52,59,1.11864406779661,0.042460458882410665,683,"When we said 'clothing optional' we hoped you'd take the hint, Ralph!"
3791,5005,0,7,52,59,1.11864406779661,0.042460458882410665,683,Who invited the nerd?
3890,5005,0,7,52,59,1.11864406779661,0.042460458882410665,683,"Sorry,  that woman already holds the homo sapiens chair."
3814,5005,0,7,52,59,1.11864406779661,0.042460458882410665,683,All in favor of letting this freak on the board raise your claw.
3843,5005,0,7,52,59,1.11864406779661,0.042460458882410665,683,"OOH, the potato salad was THAT bad!"
3886,5005,0,7,52,59,1.11864406779661,0.042460458882410665,683,He said he was the pizza delivery guy.
3699,5005,0,7,52,59,1.11864406779661,0.042460458882410665,683,"Let's all welcome Howard,our new diversity hire."
3376,5005,0,7,52,59,1.11864406779661,0.042460458882410665,683,"(around the Rick and Morty writing table) 
This season is going to be off the hook. Not only am I going to direct, but I'm going to star in three episodes, two of which will show full penetration of two sexes and three species, a first for cable."
2969,5005,0,7,52,59,1.11864406779661,0.042460458882410665,683,"Translation: ""What are the odds! Halloween! I can't believe it!"""
3305,5005,0,7,52,59,1.11864406779661,0.042460458882410665,683,little did he know...he just walked into an acronym nightmare.
3263,5005,1,5,53,59,1.11864406779661,0.048860455426129414,683,"In the interests of diversity, I've decided to add a human to the board.  So please let's give a warm welcome to Kevin!"
3256,5005,0,7,52,59,1.11864406779661,0.042460458882410665,683,Now I'd like to introduce our new Chief Diversity and Inclusion Officer.
3226,5005,0,7,52,59,1.11864406779661,0.042460458882410665,683,Apparently you didn't get the memo.
3169,5005,1,5,53,59,1.11864406779661,0.048860455426129414,683,First on the agenda is Maurice who wants us to kick around his ideas for a book sequel.
3141,5005,1,5,53,59,1.11864406779661,0.048860455426129414,683,"Don't be frightened, mates. It's only a paralegal."
3131,5005,0,7,52,59,1.11864406779661,0.042460458882410665,683,Frank from accounting is here to tell us about our monster year.
3103,5005,0,7,52,59,1.11864406779661,0.042460458882410665,683,He’s assured me that this reorganization will maximize shareholder value
3044,5005,0,7,52,59,1.11864406779661,0.042460458882410665,683,He's the new attraction to the zoo.
3023,5005,0,7,52,59,1.11864406779661,0.042460458882410665,683,"Our new HR Director, Brandon, will facilitate a Cultural Sensitivity exercise I believe you all will enjoy."
2943,5005,2,3,54,59,1.11864406779661,0.05451419668666752,683,"Mr. Smiley, from our Public Relations Department, will now go through the strategy of how we can improve our corporate image."
2866,5005,0,7,52,59,1.11864406779661,0.042460458882410665,683,"Bob, I'm glad you could join us.  Before we begin, any good take-out suggestions?"
2853,5005,0,7,52,59,1.11864406779661,0.042460458882410665,683,"Everyone, Dave here will address those questions you have about our  new diversity program."
3905,5005,0,7,52,59,1.11864406779661,0.042460458882410665,683,"Everyone, please welcome our newest staff member, Mr Smith. ...and I better not hear any cracks about affirmative action."
3374,5005,0,7,52,59,1.11864406779661,0.042460458882410665,683,Please welcome our new hire. I think he'll bring a diverse perspective.
4020,5005,1,5,53,59,1.11864406779661,0.048860455426129414,683,"Do you guys happen to know where Snow White is? My daughter's obsessed with her. By the way, good job saving Snow White from the evil witch. You are the seven dwarves, are you not?"
5295,5005,0,7,52,59,1.11864406779661,0.042460458882410665,683,"I vote that we give him a seat at the table.""

John David Smith, Charlotte, N"
4091,5005,0,7,52,59,1.11864406779661,0.042460458882410665,683,And now Bill would like to give a little talk about not eating human resources.
5186,5005,1,5,53,59,1.11864406779661,0.048860455426129414,683,"If the movie casting is closed, we’d all like to be considered for the next wave of Cabinet members. We have no ties to Mexico."
5282,5005,1,5,53,59,1.11864406779661,0.048860455426129414,683,"Listen up animals, Mr. Lyons has something he wants to roar about.  (No pun intended - ha, ha, ha)"
5290,5005,0,7,52,59,1.11864406779661,0.042460458882410665,683,"Gentlemen,this is what our low-IQ ancestors looked like before they destroyed themselves."
2818,5005,0,7,52,59,1.11864406779661,0.042460458882410665,683,I assigned Sid to scare that  bed wetter Timmy Gordon. This is gonna  be fun.
5306,5005,1,5,53,59,1.11864406779661,0.048860455426129414,683,Little Adam Schitt stole our human projection devices!
5331,5005,0,7,52,59,1.11864406779661,0.042460458882410665,683,"All those in favor of admitting the funny-looking guy, say 'Aye.'"""
5120,5005,1,5,53,59,1.11864406779661,0.048860455426129414,683,I move we make Jason the face of the company.
5371,5005,0,7,52,59,1.11864406779661,0.042460458882410665,683,I think it’s time to bring some diversity to our board.
5449,5005,1,5,53,59,1.11864406779661,0.048860455426129414,683,Now don't let my size influence you in listing my accomplishments to-date.
5515,5005,0,7,52,59,1.11864406779661,0.042460458882410665,683,"Yes, appearances do count but for once let’s try to think outside of  the box."
5554,5005,1,5,53,59,1.11864406779661,0.048860455426129414,683,"Meet Carl, our company’s latest example of human error"
5622,5005,0,7,52,59,1.11864406779661,0.042460458882410665,683,I told you it was a bad sign that Unhuman Resources is here
5652,5005,1,5,53,59,1.11864406779661,0.048860455426129414,683,"Where did you find him, Gary?"
5653,5005,1,5,53,59,1.11864406779661,0.048860455426129414,683,He claims he’s an alien too.
5436,5005,0,7,52,59,1.11864406779661,0.042460458882410665,683,"To help our efforts to become more inclusive, I'd like to introduce Todd Beakman, who will head our human interface program.  And remember, this time don't eat him!"
4056,5005,0,7,52,59,1.11864406779661,0.042460458882410665,683,Melvin here is our new diversity officer.  He's also lunch
5103,5005,0,7,52,59,1.11864406779661,0.042460458882410665,683,"Let's welcome Rigby from HR

My wife and I share this account. The caption is being submitted under the name:.
Ron Taffel"
4738,5005,1,5,53,59,1.11864406779661,0.048860455426129414,683,Of course he’s a token. But doesn’t he look tasty
4120,5005,1,5,53,59,1.11864406779661,0.048860455426129414,683,not to worry he's from the department of human resources.
4140,5005,0,7,52,59,1.11864406779661,0.042460458882410665,683,"Thank you, Brad, for your informative presentation on image enhancement. All those in favor of eating Brad?"
4171,5005,0,7,52,59,1.11864406779661,0.042460458882410665,683,He wants to join us. He says everyone seems to think he is a monster.
4193,5005,0,7,52,59,1.11864406779661,0.042460458882410665,683,"Relax. Yes, he's our new Human Resources guy, but he's not cold-blooded."
4196,5005,0,7,52,59,1.11864406779661,0.042460458882410665,683,Bob is here to train us on diversity.
4256,5005,0,7,52,59,1.11864406779661,0.042460458882410665,683,I’d like to introduce our new Humanities Professor.
5004,5005,0,7,52,59,1.11864406779661,0.042460458882410665,683,Whose turn was to cook today?
4291,5005,0,7,52,59,1.11864406779661,0.042460458882410665,683,"Our corporate image may be inconsistent, sure, but he really understands the scale of the problem"
4395,5005,0,7,52,59,1.11864406779661,0.042460458882410665,683,"Okay everyone, let's take a quick break... lunch is here."
4478,5005,0,7,52,59,1.11864406779661,0.042460458882410665,683,"Before we begin, let me introduce our new Director of Diversity."
4535,5005,0,7,52,59,1.11864406779661,0.042460458882410665,683,"Ignore the new guy, he's a diversity hire."
4571,5005,0,7,52,59,1.11864406779661,0.042460458882410665,683,"Sorry Gordox, we're going with Jim as our new head of Flesh Eating."
4622,5005,1,5,53,59,1.11864406779661,0.048860455426129414,683,He's our independent director!
4649,5005,0,7,52,59,1.11864406779661,0.042460458882410665,683,Let's be mindful that our goal here is octapartisanship.
4338,5005,0,7,52,59,1.11864406779661,0.042460458882410665,683,"Mr Mooney will take your lunch orders. Remember, just sandwiches ... and nothing too exotic."
2805,5005,0,7,52,59,1.11864406779661,0.042460458882410665,683,"Who agrees that since the takeover, human resources are no longer a priority?"
4947,5005,1,5,53,59,1.11864406779661,0.048860455426129414,683,He comes to us from Monster.com
2753,5005,1,5,53,59,1.11864406779661,0.048860455426129414,683,"This is our newest board member; please excuse his unorthodox appearance, he is not a dumb as he looks."
1413,5005,1,5,53,59,1.11864406779661,0.048860455426129414,683,"Meat, meat, I say . It’s because we eat too much meat."
1333,5005,0,7,52,59,1.11864406779661,0.042460458882410665,683,"Ok for the last time, eating clients is bad business."
1283,5005,1,5,53,59,1.11864406779661,0.048860455426129414,683,"Yes, we'll all have the soup after the board meeting."""
1240,5005,1,5,53,59,1.11864406779661,0.048860455426129414,683,Nick from HR is back to continue his presentation on progress for human women in the workplace.
1222,5005,1,5,53,59,1.11864406779661,0.048860455426129414,683,"OK, so we're all in agreement, no more humans at the table!"
1130,5005,0,7,52,59,1.11864406779661,0.042460458882410665,683,Who is ready to break for lunch?!
1091,5005,2,3,54,59,1.11864406779661,0.05451419668666752,683,Welcome to the first meeting in of the mutants society!
1086,5005,0,7,52,59,1.11864406779661,0.042460458882410665,683,"'""Allow me to introduce our new employee Lou, or as I like to call him: dinner."""
1022,5005,1,5,53,59,1.11864406779661,0.048860455426129414,683,Tell this grotesquerie your lunch orders so we can move on.
998,5005,0,7,52,59,1.11864406779661,0.042460458882410665,683,Meet my new assistant.  He is part of our diversification program.
928,5005,0,7,52,59,1.11864406779661,0.042460458882410665,683,I'd like you to meet our new intern Ryan.  He comes to us highly rated.  Of course we are not paying him anything.
922,5005,1,5,53,59,1.11864406779661,0.048860455426129414,683,"As I've said, I wanted to focus on diversity and inclusion going forward, so we've hired a human.  Please don't eat him."
921,5005,1,5,53,59,1.11864406779661,0.048860455426129414,683,He thinks outside the ox.
908,5005,0,7,52,59,1.11864406779661,0.042460458882410665,683,Your Doctor Who?
672,5005,0,7,52,59,1.11864406779661,0.042460458882410665,683,He can either be our new Chief Financial Officer or lunch.
623,5005,1,5,53,59,1.11864406779661,0.048860455426129414,683,We're adding Fred to increase diversity of our board.
608,5005,0,7,52,59,1.11864406779661,0.042460458882410665,683,I've decided to go outside the galaxy for the new CEO.
2770,5005,0,7,52,59,1.11864406779661,0.042460458882410665,683,"You’re kind’a outnumbered, Buddy, so better luck next time."
46,5005,1,5,53,59,1.11864406779661,0.048860455426129414,683,I'm the new acting kangaroo.
60,5005,0,7,52,59,1.11864406779661,0.042460458882410665,683,You all know John from Human Resources?
65,5005,2,3,54,59,1.11864406779661,0.05451419668666752,683,"Glad we could all make it to our monthly Characters From Fictional Worlds Created By Sociopaths meeting. I am, of course, Ybbsyylmath from H.P. Lovecraft’s Shylnm mythos. And I’d like to introduce Greg, from the Friendzone, created by a Reddit man."
71,5005,2,3,54,59,1.11864406779661,0.05451419668666752,683,"I said costume inventory, not invention."
101,5005,0,7,52,59,1.11864406779661,0.042460458882410665,683,In the spirit of diversity I'd like to introduce our new Board Member  John Smith.
1425,5005,1,5,53,59,1.11864406779661,0.048860455426129414,683,Did you forget to bring Catan?
255,5005,1,5,53,59,1.11864406779661,0.048860455426129414,683,Looks like Steve dressed up as a human again this year.
308,5005,1,5,53,59,1.11864406779661,0.048860455426129414,683,Make a fortitude save.
319,5005,1,5,53,59,1.11864406779661,0.048860455426129414,683,"We're sorry Jason but your penis is just not weird looking enough to keep you as part of the Goldstein, Krist & Monster Penis family. We are however happy to offer all the glowing references we can! Your nipples, for example, are truly haunting."
474,5005,0,7,52,59,1.11864406779661,0.042460458882410665,683,Who ordered the human with extra imposter syndrome?
536,5005,0,7,52,59,1.11864406779661,0.042460458882410665,683,"Everyone, Steve's blood test indicates he's 1/1000 beast."
561,5005,2,3,54,59,1.11864406779661,0.05451419668666752,683,I would like to induct into membership the great white shark.
564,5005,1,5,53,59,1.11864406779661,0.048860455426129414,683,"Here's our new PR guy. He will be able to kill this ""Drain the Swamp"" mania."
278,5005,1,5,53,59,1.11864406779661,0.048860455426129414,683,"At first glance Bob may seem different, but he's well suited for the job."
1454,5005,0,7,52,59,1.11864406779661,0.042460458882410665,683,Everyone here? Hu-man can you leave this is a private meeting.
213,5005,1,5,53,59,1.11864406779661,0.048860455426129414,683,This gentleman would like to know if we are interested in his line of suits.
1503,5005,0,7,52,59,1.11864406779661,0.042460458882410665,683,"I thought we agreed to all strip naked for charity, Ned."
2032,5005,0,7,52,59,1.11864406779661,0.042460458882410665,683,Theses early Monday morning team meetings are just not productive.
2139,5005,1,5,53,59,1.11864406779661,0.048860455426129414,683,"So is there an end to this diversity thing..... or is more limitless like the universe?

Tim we get it you live in a different spacetime zone, but you cant keep showing up late"
2187,5005,0,7,52,59,1.11864406779661,0.042460458882410665,683,"John is here because, in the interest of diversity, I've asked him to join our board."
2218,5005,0,7,52,59,1.11864406779661,0.042460458882410665,683,"I'd like you to meet the newest member of our team. His name is Ted, but you can call him ‘lunch.’"
2226,5005,0,7,52,59,1.11864406779661,0.042460458882410665,683,"All those in favor of Count Dracula, here, joining our Monsters Guild, say Aye"
2292,5005,2,3,54,59,1.11864406779661,0.05451419668666752,683,it’s a little hard to conduct a meeting if we shouldn’t stare
2005,5005,0,7,52,59,1.11864406779661,0.042460458882410665,683,"As we try to diversify the board, I would like everyone to welcome Bob."
2315,5005,0,7,52,59,1.11864406779661,0.042460458882410665,683,"Each of you belong under a child's bed,
but whose?"
2384,5005,0,7,52,59,1.11864406779661,0.042460458882410665,683,"'Tyś Nas
W Ekologiczne Szambo Wpakował
Jak Nas z Tego Będziesz Ewakuovał¿?"
2386,5005,0,7,52,59,1.11864406779661,0.042460458882410665,683,I've asked Roger here to present a point of view from the fringe.
2503,5005,1,5,53,59,1.11864406779661,0.048860455426129414,683,The stock holders demanded we get down to Earth--that's why.
2612,5005,0,7,52,59,1.11864406779661,0.042460458882410665,683,We'll go around the table and say nice things about me. The new Board member can just watch.
2660,5005,1,5,53,59,1.11864406779661,0.048860455426129414,683,"This is Bob, and I think the fact that he wants to join ""NNA"", Not Normal Anonymous, qualifies him for membership. Shall we vote?_"
1489,5005,0,7,52,59,1.11864406779661,0.042460458882410665,683,"Good morning, Bob. As you can see, we've decided to take your suggestion and make transparency a priority."
2372,5005,0,7,52,59,1.11864406779661,0.042460458882410665,683,"Sorry to break it to you like this, Mr. Whiteman, but the vote was ""Men in Black""  - four and ""Man in White""  - one, with two abstentions.  ""Men in Black"" it is.  And, may I say, it's about time!"
1951,5005,0,7,52,59,1.11864406779661,0.042460458882410665,683,PR says we've been too aggressive. Who's hungry?
2062,5005,1,5,53,59,1.11864406779661,0.048860455426129414,683,This is Gary. He’s a sapiosexcual.
2708,5005,2,3,54,59,1.11864406779661,0.05451419668666752,683,"And for the final section of our sensitivity training, let's see how long we can last without eating Jenkins here."
1549,5005,0,7,52,59,1.11864406779661,0.042460458882410665,683,"Kezo umbo jatzi monto kleba emadolet kreso, 'Fred""."
1569,5005,2,3,54,59,1.11864406779661,0.05451419668666752,683,"Our latest Halloween concept is our scariest yet...say hello to ""Ralph Wall-Street!"""
1580,5005,0,7,52,59,1.11864406779661,0.042460458882410665,683,"Lets welcome Bob to the team everyone, he'll give us a new perspective."
1591,5005,1,5,53,59,1.11864406779661,0.048860455426129414,683,And then they sent their K-9's in there.  I call them dogs....they were delicious.
1595,5005,0,7,52,59,1.11864406779661,0.042460458882410665,683,"We've invited Brad here today to try to explain this whole 'Trump' thing to the group. Brad, the floor is yours."
1610,5005,0,7,52,59,1.11864406779661,0.042460458882410665,683,"I will now turn it over to Bob, who will talk about the new company-wide dress code."
1634,5005,0,7,52,59,1.11864406779661,0.042460458882410665,683,The board said we needed someone more personable.
1609,5005,1,5,53,59,1.11864406779661,0.048860455426129414,683,"Here's our ""family style"" catered lunch for today's meeting. Dig in!"
1724,5005,0,7,52,59,1.11864406779661,0.042460458882410665,683,"As requested, Derek from HR is attending to hear our perspective on the corporation's use of preferred pronouns."
1767,5005,0,7,52,59,1.11864406779661,0.042460458882410665,683,The sign said Star Wars Bar.
1814,5005,1,5,53,59,1.11864406779661,0.048860455426129414,683,"Gentleman, I present you Lunch!"
1816,5005,0,7,52,59,1.11864406779661,0.042460458882410665,683,"Next, I'd like to introduce Ben, who wrote and implemented our Diversity Plan."
1833,5005,0,7,52,59,1.11864406779661,0.042460458882410665,683,"This is Harold, our diversity hire."
1907,5005,1,5,53,59,1.11864406779661,0.048860455426129414,683,"We take fiduciary duties very seriously at this firm, or else we would have eaten you."
1653,5005,0,7,52,59,1.11864406779661,0.042460458882410665,683,They said we had to hire someone who hadn't been accused of sexual harassment.
5229,5143,0,7,53,60,1.1166666666666667,0.04179359199028118,683,We have hired a consultant to settle the carnivore vs vegetarian debate.
5587,5143,1,5,54,60,1.1166666666666667,0.04807989270851719,683,Looks like someone didn’t get the memo for 'Dress Up Like an Alien Day.'
3292,5143,1,5,54,60,1.1166666666666667,0.04807989270851719,683,HR is using Monster.com. Why do you ask?
5168,5143,0,7,53,60,1.1166666666666667,0.04179359199028118,683,Let's welcome diversity!
4983,5143,0,7,53,60,1.1166666666666667,0.04179359199028118,683,Our new P. R. Consultant is here to tell us if we need to improve our image.
4240,5143,0,7,53,60,1.1166666666666667,0.04179359199028118,683,Is this Chalmun's Cantina?
4043,5143,0,7,53,60,1.1166666666666667,0.04179359199028118,683,Let's bring this animal meeting to order.
3866,5143,2,3,55,60,1.1166666666666667,0.053634390406482234,683,I present to you the scariest being in the galaxy. This costume will sell out this Halloween.
2948,5143,0,7,53,60,1.1166666666666667,0.04179359199028118,683,I know everyone’s pretty hungry so let’s break for lunch.
3545,5143,0,7,53,60,1.1166666666666667,0.04179359199028118,683,I'm ordering lunch. Any dietary restrictions?
2040,5143,0,7,53,60,1.1166666666666667,0.04179359199028118,683,"If we’re serious about diversity, we’re going to have to add him to the Board."
2034,5143,0,7,53,60,1.1166666666666667,0.04179359199028118,683,"We've brought you to this interview not only because of your outstanding qualifications, but also because our stockholders have made it clear that they are enthusiastic about diversity among staff."
1938,5143,0,7,53,60,1.1166666666666667,0.04179359199028118,683,"We'll forgive him, he's from earth. Sad."
1920,5143,1,5,54,60,1.1166666666666667,0.04807989270851719,683,"OK, I’ll try to define ‘quid, pro quo’; it’s really not that hard for anyone to understand, regardless of one’s creed or background."
1297,5143,1,5,54,60,1.1166666666666667,0.04807989270851719,683,"The public wants diversity? You're our new spokesperson Mr. Smith!
Greg Stroupe Madison, WI"
522,5143,0,7,53,60,1.1166666666666667,0.04179359199028118,683,This is Mr. Smith from employee resources.
78,5143,1,5,54,60,1.1166666666666667,0.04807989270851719,683,We hired a human resource to insure this company never evolves into something sustainable.
13,5143,1,5,54,60,1.1166666666666667,0.04807989270851719,683,No need to change places.
2864,5143,0,7,53,60,1.1166666666666667,0.04179359199028118,683,"You know that we committed to increasing diversity in the workforce, right?."
714,5162,0,7,54,61,1.1147540983606556,0.04114721441970865,683,Dan's brought some fresh ideas that are going to take this company to mythical heights.
968,5162,0,7,54,61,1.1147540983606556,0.04114721441970865,683,May I introduce our newest member Vente Pharma
1321,5162,0,7,54,61,1.1147540983606556,0.04114721441970865,683,Welcome aboard Kevin - we want you to feel like part of the family here. We're all on the same team and feeling the love. You're one of us now. Here's to Kevin!!
4797,5162,0,7,54,61,1.1147540983606556,0.04114721441970865,683,"The meeting will now come to disorder, our diversity hire will mis-take notes, and... hang on there Bubba, you'll get your lick in."
5654,5162,1,5,55,61,1.1147540983606556,0.04732379255652672,683,Out of this world Solutions that we we need!
5279,5167,0,7,55,62,1.1129032258064515,0.04052040316035677,683,Now we got rid of the donkeys we can get some work done
4027,5167,1,5,56,62,1.1129032258064515,0.046591027055115,683,Let's take a vote. Should we let the new guy sit with us?
2175,5167,0,7,55,62,1.1129032258064515,0.04052040316035677,683,"Hello. My name is Snerg. My preferred vowels are he, him, and his."
708,5170,0,8,66,74,1.1081081081081081,0.03634325417788381,683,"Why does HE get to decide, Solo? Show of “Hans!”"
1511,5171,0,7,59,66,1.106060606060606,0.038192176787049927,683,Beyonce's Illuminati parties are getting out of hand.
4137,5172,1,4,52,57,1.105263157894737,0.04804583837764614,683,"Goodmorning. I'd like you to meet Bob. He's here to tell us
about our new planet"
4099,5172,0,6,51,57,1.105263157894737,0.04101019591968312,683,Don't shake your finger at me.
4051,5172,0,6,51,57,1.105263157894737,0.04101019591968312,683,"Despite evidence to the contrary from the U.S. White House, we have concluded that human intelligence is nearly as high as ours."
3935,5172,0,6,51,57,1.105263157894737,0.04101019591968312,683,Please welcome our newest member to the Mascot Rejection Club.
3897,5172,0,6,51,57,1.105263157894737,0.04101019591968312,683,"Please welcome our first non-monster to our board....and to the suggestion that we take on a female non-monster -- well, that will take a little longer...."
3729,5172,0,6,51,57,1.105263157894737,0.04101019591968312,683,I am pleased to announce our D&I initiative has been fully realized!
2960,5172,0,6,51,57,1.105263157894737,0.04101019591968312,683,"Don’t be afraid - it’s just Marv in Halloween costume. Scary, right?"
3641,5172,0,6,51,57,1.105263157894737,0.04101019591968312,683,"If he can’t say anything nice about me, he should just leave the cabinet meeting."
3325,5172,0,6,51,57,1.105263157894737,0.04101019591968312,683,This is Jack from HR. He’s here to provide some input for our new diversity initiative.
3276,5172,0,6,51,57,1.105263157894737,0.04101019591968312,683,"Dave, when we asked you to join the board, we were thinking more charcuterie than member."
3230,5172,0,6,51,57,1.105263157894737,0.04101019591968312,683,"Everybody meet John, he’s part of our diversity and inclusion team"
3159,5172,1,4,52,57,1.105263157894737,0.04804583837764614,683,"Listen up, fellas. Ned will be joining our group. He eats pizza with a fork."
3696,5172,0,6,51,57,1.105263157894737,0.04101019591968312,683,The President reminds you that Secretaries who resign must find their own replacements for the rest of the shift.
4154,5172,0,6,51,57,1.105263157894737,0.04101019591968312,683,"Sorry! The board voted, seven to none, to reject your proposal to build a zoo!"
4736,5172,0,6,51,57,1.105263157894737,0.04101019591968312,683,"Now, let's not be so quick to judge... that's what we said about Jlarf on his first day."
5637,5172,1,4,52,57,1.105263157894737,0.04804583837764614,683,Wild King Max? How you’ve grown!
4407,5172,1,4,52,57,1.105263157894737,0.04804583837764614,683,"Now class, here is someone all of us should fear. This is a polotician."
4504,5172,2,2,53,57,1.105263157894737,0.05417535418851449,683,"Although Doug, our newest Board Member is metrosexual, he completely adheres to our acknowledged values and more importantly
he brings us all new blood"
4520,5172,0,6,51,57,1.105263157894737,0.04101019591968312,683,We could all get out of here sooner if you would just scale things down a bit.
4641,5172,0,6,51,57,1.105263157894737,0.04101019591968312,683,Do we need the human to reach quorum?
4642,5172,0,6,51,57,1.105263157894737,0.04101019591968312,683,"WE ARE DAMN HUNGRY 
GET US OUR FAVORITE DISHES QUICKLY"
4651,5172,1,4,52,57,1.105263157894737,0.04804583837764614,683,Finally!!!  Lunch has arrived!
4675,5172,1,4,52,57,1.105263157894737,0.04804583837764614,683,Join us.  We're all about diversity.
5065,5172,0,6,51,57,1.105263157894737,0.04101019591968312,683,Let's take a 10 minute break now that the refreshments have arrived.
5112,5172,0,6,51,57,1.105263157894737,0.04101019591968312,683,I'm pleased to introduce our new diversity officer.
5318,5172,0,6,51,57,1.105263157894737,0.04101019591968312,683,This is our new Director for Foreign Affairs
5340,5172,0,6,51,57,1.105263157894737,0.04101019591968312,683,"To get to a quorum, we'd have to vote the boring human in. All in favor, raise a claw. Anyone? Anyone?"
5566,5172,0,6,51,57,1.105263157894737,0.04101019591968312,683,"Take a seat, token human."
2907,5172,0,6,51,57,1.105263157894737,0.04101019591968312,683,Harold is here from Personnel to tell us about the new casual Friday policy.
4270,5172,0,6,51,57,1.105263157894737,0.04101019591968312,683,This is Bart; he's going to present on Expanding Beyond the Ghoulies and Ghosties Market.
2807,5172,1,4,52,57,1.105263157894737,0.04804583837764614,683,"He's our merch guy, so don't touch him..."
1256,5172,1,4,52,57,1.105263157894737,0.04804583837764614,683,"Let’s all welcome the latest member to the Cabinet!  Igor, say hi to the boys!"
2655,5172,0,6,51,57,1.105263157894737,0.04101019591968312,683,How many of you think this button down specimen will taste like chicken once we take him off the rotisserie?
76,5172,0,6,51,57,1.105263157894737,0.04101019591968312,683,Beam me home ASAP Scotty.  Please!
131,5172,0,6,51,57,1.105263157894737,0.04101019591968312,683,I'd like you to meet our MIB plant.
175,5172,0,6,51,57,1.105263157894737,0.04101019591968312,683,Good... I see my next six meals are ready... Who wants to be first?
290,5172,0,6,51,57,1.105263157894737,0.04101019591968312,683,"'""My deplorables, you may wonder why I have asked you here today...."""
821,5172,0,6,51,57,1.105263157894737,0.04101019591968312,683,If anyone objects to the interloper joining our board raise your left appendage.
839,5172,1,4,52,57,1.105263157894737,0.04804583837764614,683,George Orwell's agent called and asked if we had permission to move forward with the agricultural project. .
894,5172,0,6,51,57,1.105263157894737,0.04101019591968312,683,"Sorry Larry, you clearly didn't get the memo"
924,5172,0,6,51,57,1.105263157894737,0.04101019591968312,683,"Since he seems to act and look like one, I make a motion that we turn him into a 'weasel 'and then to dispose of him during lunch."
1079,5172,0,6,51,57,1.105263157894737,0.04101019591968312,683,"If you guys are serious about this dinosaur band stuff, i volunteerto be the manager."
1087,5172,0,6,51,57,1.105263157894737,0.04101019591968312,683,"I, for one, respect our alien overlords in their commitment to workplace diversity."
1144,5172,0,6,51,57,1.105263157894737,0.04101019591968312,683,.....We were told there would be SNACKS
1278,5172,0,6,51,57,1.105263157894737,0.04101019591968312,683,Can we have a moment of silence before lunch is served up
1322,5172,1,4,52,57,1.105263157894737,0.04804583837764614,683,"Stripey tie's not so bad. If it were polka dots, then definitely we'd eat him, cuz polka dots are so UGLY."
1350,5172,0,6,51,57,1.105263157894737,0.04101019591968312,683,"But first, Mr. Gordon Keeble from HR would like to speak to us about our lack of diversity in hiring."
1064,5172,1,4,52,57,1.105263157894737,0.04804583837764614,683,This will be our final review as to which of you aptly fits the role of 'seasonal depression' for our holiday ad campaign and brand rollout here at Quint Pharmaceuticals.
1855,5172,0,6,51,57,1.105263157894737,0.04101019591968312,683,"Hi dave, this is a intervention......we feel like you don’t include us enough in your “Non imaginary “ plans."
1367,5172,1,4,52,57,1.105263157894737,0.04804583837764614,683,"You ever get the feeling that your whole existence is some kind of allegory for the soulless greed of corporate America?  Anyway, this is Bob, he's the new guy in charge of our child concentration camp division."
2518,5172,0,6,51,57,1.105263157894737,0.04101019591968312,683,"I know he is an unorthodox hire, but we have to give Chad a chance."
2504,5172,1,4,52,57,1.105263157894737,0.04804583837764614,683,"Please overlook his strange appearance and welcome to the board of interplanetary coexistence,  Joe from earth."
2222,5172,0,6,51,57,1.105263157894737,0.04101019591968312,683,"Thanks for meeting, Senators."
2221,5172,1,4,52,57,1.105263157894737,0.04804583837764614,683,"Let's make the intern feel at home, shall we?"
2113,5172,0,6,51,57,1.105263157894737,0.04101019591968312,683,"So we're all in agreement then, no more eating people in lab coats until we receive our final direct deposit for the very important clinical research study we're presently taking part in?"
2529,5172,1,4,52,57,1.105263157894737,0.04804583837764614,683,You can't fire me. I wouldn't taste good charred.
2101,5172,0,6,51,57,1.105263157894737,0.04101019591968312,683,"We do not think you have the lung capacity for this ocean work"""
2093,5172,1,4,52,57,1.105263157894737,0.04804583837764614,683,We really are having trouble getting a Cabinet
2090,5172,0,6,51,57,1.105263157894737,0.04101019591968312,683,Who feels that diversity in the boardroom is out of control?
2019,5172,0,6,51,57,1.105263157894737,0.04101019591968312,683,"Please join me in welcoming Bob, our new director of diversity and inclusion."
1995,5172,1,4,52,57,1.105263157894737,0.04804583837764614,683,"This is our latest extinct species from one planet earth, but the place is way out!"
2780,5172,1,4,52,57,1.105263157894737,0.04804583837764614,683,"Break time, lunch is here"
4096,5234,0,6,52,58,1.103448275862069,0.04033776909417944,683,Arthur here likes to think out of the box - so let's use him.
3542,5234,0,6,52,58,1.103448275862069,0.04033776909417944,683,"Don't worry, he's not as bad as he looks."
1538,5234,0,6,52,58,1.103448275862069,0.04033776909417944,683,"Please welcome Bill, the insurance agent, to the monster council!"
991,5234,0,6,52,58,1.103448275862069,0.04033776909417944,683,"Everybody is saying I’m the greatest in history. Right, everybody?"
620,5234,0,6,52,58,1.103448275862069,0.04033776909417944,683,"Looks like someone didn't get the memo about casual Friday."""
187,5234,0,6,52,58,1.103448275862069,0.04033776909417944,683,"I would like to start the meeting by reminding you all not to eat Bob, our diversity hire."
4879,5240,1,4,54,59,1.1016949152542372,0.0464704883270233,683,"This is George Zlotty, the hominid addition to our Species Resources team.  And I might add he is officially inedible, especially for those with stripe or button allergies."
5092,5240,0,6,53,59,1.1016949152542372,0.03968693424047915,683,"By just seeing the body language, I can guess the dishes you are craving for."
575,5240,0,6,53,59,1.1016949152542372,0.03968693424047915,683,My name is Jeff.
613,5240,0,6,53,59,1.1016949152542372,0.03968693424047915,683,"The meat here appreciates the claw marks, but asks for a show of paws."
2287,5240,1,4,54,59,1.1016949152542372,0.0464704883270233,683,Herschel will be in charge of Human Resources.
1721,5245,0,6,54,60,1.1,0.03905667329424718,683,"Well actually, we decided to produce our next film without you."
1557,5245,0,6,54,60,1.1,0.03905667329424718,683,We've hired Bob to bring some variety to the company.
4156,5245,0,6,54,60,1.1,0.03905667329424718,683,"Yes, we come in all different shapes and sizes, but consolidation is inevitable."
962,5245,0,6,54,60,1.1,0.03905667329424718,683,"Compared to this jerk, Pizza Grinch is basically Mother Theresa!"
1313,5245,0,6,54,60,1.1,0.03905667329424718,683,"My name is Gary, and I've been a vegan for three days."
5191,5250,0,6,55,61,1.098360655737705,0.038446030818224834,683,"Jerry here wants to join our crew, he's a state auditor."
273,5250,0,6,55,61,1.098360655737705,0.038446030818224834,683,"My fellow sentient beings, are we so evolved that we fail to recognize the intrinsic worth of this lowly human's lustrous suit of woolen clothing?"
703,5250,0,6,55,61,1.098360655737705,0.038446030818224834,683,One of you ate Harold's tuna salad and you are not all Spartacus.
899,5250,0,6,55,61,1.098360655737705,0.038446030818224834,683,"From this point forward, our company shall be named, ""Monsters Inc."""
1448,5250,0,6,55,61,1.098360655737705,0.038446030818224834,683,"I think we all can agree, thick is better than thin."""
2380,5250,0,6,55,61,1.098360655737705,0.038446030818224834,683,"Despite his hideous appearance, I call for a vote to allow my favorite human, Fred, to join our fraternity."
2464,5250,0,6,55,61,1.098360655737705,0.038446030818224834,683,"To meet with our company's new diversity program, I would like to introduce to you Mr. Harold Schnek. He will be in charge of our new Human Resources Department."
2613,5250,0,6,55,61,1.098360655737705,0.038446030818224834,683,"The monsters were all wondering why the annoying human in front of them called them to this stupid meeting for. They soon found out, and were happy to oblige. ""Why, we'd be happy to do this for you"" they said."
3110,5250,0,6,55,61,1.098360655737705,0.038446030818224834,683,"Meet Jon, he’s here to take our lunch order"
782,5259,0,6,57,63,1.0952380952380953,0.03728006482184823,683,This Intergallactic Board Meeting is now in Session.  Can I get a motion to Waive the Reading of Last Months Minutes?
1670,5260,0,5,48,53,1.0943396226415094,0.04053480419091131,683,"I'd like to introduce Ted, our first Chief Diversity Officer. He's raised some concerns about our board structure."
5216,5260,0,5,48,53,1.0943396226415094,0.04053480419091131,683,"Here's Buddy, our new mascot. I think you'll agree that he symbolizes the spirit of our company."
4527,5260,0,5,48,53,1.0943396226415094,0.04053480419091131,683,Are you out of your mind? We are not using chopsticks.
4487,5260,0,5,48,53,1.0943396226415094,0.04053480419091131,683,"Now that you're all here, if you could take your gaze off my awesomeness for a moment -- Actually, no. Let's just leave it there."
3994,5260,0,5,48,53,1.0943396226415094,0.04053480419091131,683,"I say it’s about time we hire our own, much needed, PR guy and Todd here is one of the best."
3976,5260,1,3,49,53,1.0943396226415094,0.04866990605836638,683,Only candidates with successful experience as corporate mascots will be considered for this position.
3785,5260,0,5,48,53,1.0943396226415094,0.04053480419091131,683,Home Office suggests we adopt a new corporate dress code.
3489,5260,1,3,49,53,1.0943396226415094,0.04866990605836638,683,"Sure, I understand the difference, but 'Monsters LLC' just doesn't have the same effect."
3101,5260,0,5,48,53,1.0943396226415094,0.04053480419091131,683,Stan enjoys being“that guy”
3070,5260,0,5,48,53,1.0943396226415094,0.04053480419091131,683,"Well, the National Science Foundation has completed its fact-finding, and our conclusion is unanimous: climate change is real."
3028,5260,0,5,48,53,1.0943396226415094,0.04053480419091131,683,Everyone ready to order? Or shall we just eat the waiter?
5427,5260,0,5,48,53,1.0943396226415094,0.04053480419091131,683,"As our new Chief Marketing Officer, Brandon will drive a rebranding exercise to make our products more appealing to a broader customer base."
2388,5260,1,3,49,53,1.0943396226415094,0.04866990605836638,683,What a croc. Very tasty.
1331,5260,0,5,48,53,1.0943396226415094,0.04053480419091131,683,He wants to know if we want mushrooms and pepperoni or just plain cheese.
1665,5260,0,5,48,53,1.0943396226415094,0.04053480419091131,683,"It's not much to look at and ain't exactly what you'd call intelligent 
but come on guys, today's the day we finally met ET!"
156,5260,1,3,49,53,1.0943396226415094,0.04866990605836638,683,Do you realize we have been sitting here naked?
243,5260,1,3,49,53,1.0943396226415094,0.04866990605836638,683,I hired Bob from Breaking News to boost our ratings for children’s nightmares.
326,5260,1,3,49,53,1.0943396226415094,0.04866990605836638,683,"If he seems scary now, wait until he discusses our Q3 earnings."
159,5260,0,5,48,53,1.0943396226415094,0.04053480419091131,683,"Tom may seem outlandish, but give him some time"
933,5260,0,5,48,53,1.0943396226415094,0.04053480419091131,683,But he's related to the shark and the snake.
1017,5260,0,5,48,53,1.0943396226415094,0.04053480419091131,683,"First of all, I'd like to thank Dr. Seuess for arranging this meeting of The Seven Deformities...I mean, Otherwise Evolved..."
1167,5260,0,5,48,53,1.0943396226415094,0.04053480419091131,683,Wilberforce is representing Charles Addams.
1186,5260,0,5,48,53,1.0943396226415094,0.04053480419091131,683,"Bob, we've been meaning to talk to you about all those midnight meals you've been having."
667,5260,0,5,48,53,1.0943396226415094,0.04053480419091131,683,"Stop drooling Ollie. He's here as a quest, not your lunch."
4632,5284,0,5,49,54,1.0925925925925926,0.03981542423923758,683,Is that a costume ?
4320,5284,1,3,50,54,1.0925925925925926,0.04779204982962338,683,I don’t think this is a good culture fit.
4542,5284,0,5,49,54,1.0925925925925926,0.03981542423923758,683,The Earthlings assure me Jared here is their most qualified ambassador for our intergalactic council.
4586,5284,1,3,50,54,1.0925925925925926,0.04779204982962338,683,"This is Don, your new union rep. Today’s seminar will be about ergonomic positions for under the bed - carpeted or hardwood."
4627,5284,1,3,50,54,1.0925925925925926,0.04779204982962338,683,"Let’s break here, John will take our orders, moving, fresh or desiccated?"
4281,5284,1,3,50,54,1.0925925925925926,0.04779204982962338,683,"So, do you guys know what a Cabinet does? Have any of you heard anything about the President?"
5621,5284,0,5,49,54,1.0925925925925926,0.03981542423923758,683,"No, Fred’s not our diversity hire. He’s lunch."
4895,5284,0,5,49,54,1.0925925925925926,0.03981542423923758,683,We adore the script guys... but we are absolutely flat out with Marvel and DC until 2150.
5226,5284,0,5,49,54,1.0925925925925926,0.03981542423923758,683,"Sorry dude, white males don't get a seat at this year's diversity conference."
5245,5284,1,3,50,54,1.0925925925925926,0.04779204982962338,683,"Following this meal standing beside me, we will be a meat-free office."
5479,5284,0,5,49,54,1.0925925925925926,0.03981542423923758,683,"The point, ladies and gentlemen, is that qur, for lack of a better word, is good."""
5594,5284,0,5,49,54,1.0925925925925926,0.03981542423923758,683,Let's welcome Steve who like us is on the spectrum disorder.
4708,5284,1,3,50,54,1.0925925925925926,0.04779204982962338,683,"Well guys, you heard the news. Now everybody back in the swamp."
3724,5284,0,5,49,54,1.0925925925925926,0.03981542423923758,683,"“When we listen and celebrate what is both common and different, we become a wiser, more inclusive, and better organization.”"
5248,5284,0,5,49,54,1.0925925925925926,0.03981542423923758,683,"No need to be scared of Phill, he's here to help us negotiate irregularity allowance."
3557,5284,0,5,49,54,1.0925925925925926,0.03981542423923758,683,Who’s the meathead who just walked into the room?
3579,5284,0,5,49,54,1.0925925925925926,0.03981542423923758,683,"As you know, HR has been working on new nondiscriminatory hiring practices. I'd like you to meet Frank."
495,5284,0,5,49,54,1.0925925925925926,0.03981542423923758,683,"Don't blame me, fellas. HR sent him here."
953,5284,0,5,49,54,1.0925925925925926,0.03981542423923758,683,"Okay, this guy is going to fix our genetic codes so we can all get high paying jobs."
1216,5284,0,5,49,54,1.0925925925925926,0.03981542423923758,683,Frank here is going to give us a new perspective on reality.
1406,5284,0,5,49,54,1.0925925925925926,0.03981542423923758,683,"“And now, how many of you folks want the raw red meat cubes?”
Don Dechman, Austin, TX"
1651,5284,0,5,49,54,1.0925925925925926,0.03981542423923758,683,is that an angry pizza?
1113,5284,0,5,49,54,1.0925925925925926,0.03981542423923758,683,"I want you all to meet our newest member, Glen. He might not look as evil and scary as all of you but Glen was once one of Trump's personal lawyers. I think we can all learn a thing or two from Glen."
1983,5284,0,5,49,54,1.0925925925925926,0.03981542423923758,683,shall we let this new guy join the Board of Directors?
2816,5284,1,3,50,54,1.0925925925925926,0.04779204982962338,683,This is why you should invest in the world. Don’t worry it won’t go down as they say.
3345,5284,0,5,49,54,1.0925925925925926,0.03981542423923758,683,"Show of hands for our HR rep, how many of you are amphibians?"
3413,5284,0,5,49,54,1.0925925925925926,0.03981542423923758,683,The president will be joining us shortly and glad to see everyone is onboard about scaring those Democrates to drop it.
3538,5284,0,5,49,54,1.0925925925925926,0.03981542423923758,683,What’s everyone looking for in their next scare?
1708,5284,0,5,49,54,1.0925925925925926,0.03981542423923758,683,"Everyone, this is Walter Parkes, we'll be having him for dinner"
3620,5313,0,5,52,57,1.087719298245614,0.037802263481198896,683,Zach from Human Resources is back. Where did you hide the humans this time?
4242,5314,0,4,46,50,1.08,0.03875617133214439,683,"Say hello to Fred Smith,  our new HR in charge of diversity"
3595,5314,0,4,46,50,1.08,0.03875617133214439,683,The consultant will now explain our new diversity program...
3734,5314,1,2,47,50,1.08,0.04814942727529348,683,"Good Morning everyone, this is Walter our new head of personnel.  He is also filling in as lunch."
3755,5314,0,4,46,50,1.08,0.03875617133214439,683,What shall we all do this evening
4052,5314,0,4,46,50,1.08,0.03875617133214439,683,"Yes, he's funny looking. But try not to stare."
4103,5314,0,4,46,50,1.08,0.03875617133214439,683,"For the last time, Bob from HR is not to be viewed as a snack."
4354,5314,1,2,47,50,1.08,0.04814942727529348,683,Is everyone ready to give the human our breakfast order?
5590,5314,0,4,46,50,1.08,0.03875617133214439,683,"Our newest member, Bill, just finished working as an intern at the White House."
4554,5314,1,2,47,50,1.08,0.04814942727529348,683,"So, let's all give a big welcome to Frank, our new Director of Diversity."
4580,5314,0,4,46,50,1.08,0.03875617133214439,683,I guess I’m the odd man out when I say this meeting is pointless
5063,5314,0,4,46,50,1.08,0.03875617133214439,683,"I've already told you, repeatedly, ""there was NO quid pro quo!"""
5352,5314,0,4,46,50,1.08,0.03875617133214439,683,Meet our new subcontractor.
5492,5314,0,4,46,50,1.08,0.03875617133214439,683,"Guys this is Petrie from accounting, he's here to discuss last week's depreciating assets."
5585,5314,0,4,46,50,1.08,0.03875617133214439,683,"Word has come down from corporate,  effective immediately, no more rodents in the vending machine."
3134,5314,0,4,46,50,1.08,0.03875617133214439,683,"My apologies that dinner is taking awhile:
Our new butler used to be a politician."
4358,5314,0,4,46,50,1.08,0.03875617133214439,683,"She's smiling...is it because she's the Chair, or we look good enough to eat?"
2838,5314,0,4,46,50,1.08,0.03875617133214439,683,I've called you all together because the CEO has just informed me that we need to address the diversity issue vis a vis the human in the room.
5394,5314,0,4,46,50,1.08,0.03875617133214439,683,"Our first in-service will cover acceptance, tolerance and non-discriminatory office protocol."
2596,5314,0,4,46,50,1.08,0.03875617133214439,683,Our scary Halloween costume is jumping off the shelves!
62,5314,0,4,46,50,1.08,0.03875617133214439,683,"Next item on the agenda, I thought we could address that Patrick is just a naked man with a spoon head and maybe we need to set higher standards for membership, no offense intended to Patrick."
189,5314,0,4,46,50,1.08,0.03875617133214439,683,He dressed up for Halloween.
436,5314,0,4,46,50,1.08,0.03875617133214439,683,OK. Any more suggestions for Halloween costumes.
893,5314,0,4,46,50,1.08,0.03875617133214439,683,"Hey, Gang! This is our new intern, Bruce.”
(“Try not to stare.”)"
923,5314,0,4,46,50,1.08,0.03875617133214439,683,"There always seems to be at least one odd ball that 
shows up for these meetings!"
1103,5314,0,4,46,50,1.08,0.03875617133214439,683,In an effort to increase employee retention our newest hire Bob is gluten free and his previous employer assured me that he does not taste very good.
1179,5314,0,4,46,50,1.08,0.03875617133214439,683,"This may be difficult to believe, but someone in this room is a killer. Before the night is over, one of you will be murdered and eaten. And due to the terrible storm, no one is leaving before the weekend. So, shall I serve the pudding?"
96,5314,0,4,46,50,1.08,0.03875617133214439,683,"...and finally, I am happy to announce that Spottius deplorium is our new UNKNOWN SPECIES of the MONTH. May you never be found, Spotty!"
1851,5314,0,4,46,50,1.08,0.03875617133214439,683,Ed is here to give our required diversity training.
1492,5314,0,4,46,50,1.08,0.03875617133214439,683,"This ladies, gentlemen and whatever is affirmative action."
2390,5314,0,4,46,50,1.08,0.03875617133214439,683,PETA’s wet dream
2347,5314,0,4,46,50,1.08,0.03875617133214439,683,"Please welcome George Lucas III, casting director for the next Star Wars movie."
2664,5314,0,4,46,50,1.08,0.03875617133214439,683,All in favor of Sanders as the face of our company say 'Aye' .
2209,5314,0,4,46,50,1.08,0.03875617133214439,683,"Of course, M.I. is prepared for the future."
1874,5314,0,4,46,50,1.08,0.03875617133214439,683,We thought we would finally bring you to the table.
2194,5314,0,4,46,50,1.08,0.03875617133214439,683,"Don't worry my fellow brothers, monsters, and aliens, George here assures me there will be plenty of candy treats this Halloween for us too!"
1373,5349,0,4,47,51,1.0784313725490196,0.03802101848953984,683,"The Rump sent his son-in-law, Einstein 2.0, to negotiate with us: Too skinny to eat?"
4466,5349,1,2,48,51,1.0784313725490196,0.04722193952467567,683,"To enhance our DEI (Diversity, Equity, and Inclusion), we'd like to welcome Fred Mertz to the Board of Directors!"
545,5349,0,4,47,51,1.0784313725490196,0.03802101848953984,683,"I know we said no earthlings, but Pat is less harmless than the breakfast you ate."
3219,5352,0,4,48,52,1.0769230769230769,0.03731317308251277,683,"Okay, so here's the new lawyer, but don't be scared anyone, he's on our side."
5312,5352,1,2,49,52,1.0769230769230769,0.04632947979911816,683,"Grub Hub, Door Dash? Why don't we stick to the place we always order lunch from, 'El Ouija Board' ?"
5294,5352,0,4,48,52,1.0769230769230769,0.03731317308251277,683,"I know, I know he may look harmless but he’s actually got quite a reputation as the most lethal parasite: the legal kind."
5383,5352,0,4,48,52,1.0769230769230769,0.03731317308251277,683,"Mr. Phil will tell us about life before the meteor, and then we've invited him for dinner."
4429,5352,1,2,49,52,1.0769230769230769,0.04632947979911816,683,Welcome to the cabinet meeting where we can finally reveal our true identities and a warm welcome to Jared over here too.
4350,5352,0,4,48,52,1.0769230769230769,0.03731317308251277,683,"So, let's take a vote, those in favor of taking over the planet, please say 'aye.'  What, Glork?  We don't have a quorum?  Okay, then let's just eat this nice guy over there."
4032,5352,0,4,48,52,1.0769230769230769,0.03731317308251277,683,This isn't exactly the diversity I had in mind for the Board of Directors
3841,5352,0,4,48,52,1.0769230769230769,0.03731317308251277,683,"Let's settle down now, class. I'm sure Professor Doyle didn't mean to imply that YOU are the scoundrels among us!"
3638,5352,2,0,50,52,1.0769230769230769,0.05385692630876961,683,Say hello to Dan. He was hired to put out fires.
3319,5352,0,4,48,52,1.0769230769230769,0.03731317308251277,683,"Everyone, I’d like to introduce Ken, the newest member of our Intergalactic Endangered Species working group."
4905,5352,0,4,48,52,1.0769230769230769,0.03731317308251277,683,It's time for our next diversity lesson.
3165,5352,0,4,48,52,1.0769230769230769,0.03731317308251277,683,"Boys, this is our intern Mr. Capone.  Says we need a different image!"
3078,5352,0,4,48,52,1.0769230769230769,0.03731317308251277,683,I thought it was time the board has some new blood.
3197,5352,0,4,48,52,1.0769230769230769,0.03731317308251277,683,and then someone said: diversity is for the meek
425,5352,1,2,49,52,1.0769230769230769,0.04632947979911816,683,I want to thank you all for not eating Bill on his first day.
852,5352,0,4,48,52,1.0769230769230769,0.03731317308251277,683,"Oh yes, the token human has finally arrived."
1477,5352,0,4,48,52,1.0769230769230769,0.03731317308251277,683,. . . and now welcome our very own Man in Black.
297,5352,0,4,48,52,1.0769230769230769,0.03731317308251277,683,The CEO was happy with the monsters he had created.
1623,5352,0,4,48,52,1.0769230769230769,0.03731317308251277,683,"It’s agreed: blonds will be kept with the light bulbs, red heads with travel trailers, and brunettes with foreign films."
1941,5352,0,4,48,52,1.0769230769230769,0.03731317308251277,683,I'd like you to welcome our most recent hire under our new diversity guidelines.  He'll be focusing on our human customers.
2071,5352,0,4,48,52,1.0769230769230769,0.03731317308251277,683,"We grew up and got jobs too!"""
2992,5352,0,4,48,52,1.0769230769230769,0.03731317308251277,683,"Jake comes highly recommended to the board, hanging juries on both K and Wall Streets."
1552,5352,0,4,48,52,1.0769230769230769,0.03731317308251277,683,"I’d like you all to meet Dave…my new partner,” I introduced to the family, immediately noting the distaste on everyone’s faces. My love’s blissful smile remains, though, completely unaware of the table’s bigotry to humans"
4278,5375,0,4,49,53,1.0754716981132075,0.03663114503374153,683,"So we're agreed -- the new slogan is ""Trick AND Treat!"
3612,5375,0,4,49,53,1.0754716981132075,0.03663114503374153,683,"Fellow board members, if we don’t bring aboard at least one human, we’re going to hear it from the PC police."
3658,5375,0,4,49,53,1.0754716981132075,0.03663114503374153,683,"Good morning, and thank you all for coming in this morning.  I'm happy to see that we have a good cross section of the general population being represented at the table."
3768,5375,0,4,49,53,1.0754716981132075,0.03663114503374153,683,But he’s the closest thing to a Martian I could get.
3861,5375,1,2,50,53,1.0754716981132075,0.045470102170741766,683,We're doing vegetarian for lunch today.
4023,5375,1,2,50,53,1.0754716981132075,0.045470102170741766,683,"I think Ted here is going to be a real asset to our team. He's a career politician, so he's had a lot of experience working in the swamp."
4029,5375,0,4,49,53,1.0754716981132075,0.03663114503374153,683,George could add diversity to our board - or we could eat him.
4303,5375,0,4,49,53,1.0754716981132075,0.03663114503374153,683,Join me in welcoming the newest member of the Under-Bed Scary Monsters -- the retirement financial advisor.
4899,5375,0,4,49,53,1.0754716981132075,0.03663114503374153,683,Lets take a break lunch has arrived.
4499,5375,0,4,49,53,1.0754716981132075,0.03663114503374153,683,he is straight don't be afraid
4646,5375,0,4,49,53,1.0754716981132075,0.03663114503374153,683,"So, who wants to be Chief Diversity Officer?"
4734,5375,0,4,49,53,1.0754716981132075,0.03663114503374153,683,"Let's all welcome Mr. Snodgrass, who will talk to us about trade tariffs and their effect on our third quarter profit statement.  Then we'll have him for lunch."
5113,5375,1,2,50,53,1.0754716981132075,0.045470102170741766,683,"I'm curious to know first if you're at least aware of the 'Bare' necessity to pay the bill."""
5280,5375,0,4,49,53,1.0754716981132075,0.03663114503374153,683,Now to bring us down to earth
5421,5375,0,4,49,53,1.0754716981132075,0.03663114503374153,683,"Ok, let’s take a break, the snack just arrived !"
3361,5375,0,4,49,53,1.0754716981132075,0.03663114503374153,683,"i’ll tell y’all same i told that softboy from CNN what asked me at the state fair. why’d i vote for Trump after votin for Obama? 
Economic Anxiety. now where’s that little fella promised me Chik-fil-A and twenty minutes behind the BlackedRAW paywall?"
4372,5375,1,2,50,53,1.0754716981132075,0.045470102170741766,683,"Controversy struck at Intergalactic Show and Tell, when a banned substance was introduced to the table as ‘Andrew’."
3360,5375,0,4,49,53,1.0754716981132075,0.03663114503374153,683,"Great job not being seen this week guys, I know it's hard but at least you have each other."
222,5375,0,4,49,53,1.0754716981132075,0.03663114503374153,683,"Haha, Zwort, great scary costume!"
3252,5375,0,4,49,53,1.0754716981132075,0.03663114503374153,683,"Meet Bob, our new diversity hire! Ha, just kidding--he's a whiz at spreadsheets, like all humans."
3260,5375,0,4,49,53,1.0754716981132075,0.03663114503374153,683,Carl from Finance is our lunch today.
419,5375,1,2,50,53,1.0754716981132075,0.045470102170741766,683,"Everybody, this is Theodor Geisel from P.R. I've asked him to draw up a few things for the annual report."""
523,5375,0,4,49,53,1.0754716981132075,0.03663114503374153,683,Please join me in congratulating George as the new WH Chief of Staff.  Hope he lasts more than the usual y days...
745,5375,1,2,50,53,1.0754716981132075,0.045470102170741766,683,o
939,5375,0,4,49,53,1.0754716981132075,0.03663114503374153,683,Motion for new uniform denied.
1070,5375,0,4,49,53,1.0754716981132075,0.03663114503374153,683,". . . and now, our special guest . . ."
1094,5375,0,4,49,53,1.0754716981132075,0.03663114503374153,683,"Here we have a male type of the “prey” Purple People Eater devoured decades ago, way ahead of his time!"
906,5375,0,4,49,53,1.0754716981132075,0.03663114503374153,683,Right! It's all agreed then that we disband our membership to the Vegan Club.
1586,5375,0,4,49,53,1.0754716981132075,0.03663114503374153,683,"He wants to deliver something to us called ""Trump."""
1680,5375,0,4,49,53,1.0754716981132075,0.03663114503374153,683,This is the last known of this species and therefore cannot procreate.  We am looking for volunteers For a study to attempt a cross species insemination.
1980,5375,0,4,49,53,1.0754716981132075,0.03663114503374153,683,"Why yes, it is rather like looking at the fish tanks at Chinese restaurants."
3136,5375,0,4,49,53,1.0754716981132075,0.03663114503374153,683,"This is my new assistant, Herman. Let’s see if he can last the week without being eaten, okay guys?"
2427,5375,0,4,49,53,1.0754716981132075,0.03663114503374153,683,"Everyone, meet Bob our new manager of Personnel. He has been tasked with promoting diversity in our hiring practices."
2607,5375,0,4,49,53,1.0754716981132075,0.03663114503374153,683,"Good morning everyone I would like to introduce our new hire ""Bob"" from accounting"
2888,5375,0,4,49,53,1.0754716981132075,0.03663114503374153,683,"As part of our continuing efforts at diversity, it gives me great pleasure to introduce Ted as our newest board member."
1494,5375,1,2,50,53,1.0754716981132075,0.045470102170741766,683,Let’s all give a warm welcome to Steve from the Cleveland Office
1982,5411,0,4,53,57,1.0701754385964912,0.034134933513474304,683,Talk about your motley crew!
3727,5412,0,3,44,47,1.0638297872340425,0.03604210867489022,683,"This is Roger, our latest hire in the loan department."
3570,5412,0,3,44,47,1.0638297872340425,0.03604210867489022,683,This is our new Diversity Director
3475,5412,0,3,44,47,1.0638297872340425,0.03604210867489022,683,"Don’t be shy, we value diversity."
3451,5412,0,3,44,47,1.0638297872340425,0.03604210867489022,683,"Well, so what if the Cabinet doesn't reflect the overall population?"
3431,5412,0,3,44,47,1.0638297872340425,0.03604210867489022,683,I've brought in a Cambrian era paleontologist to help us work through our business plan.
3383,5412,0,3,44,47,1.0638297872340425,0.03604210867489022,683,Dress down day?  Which one of  you creeps didn't send me the memo.
3813,5412,0,3,44,47,1.0638297872340425,0.03604210867489022,683,"No Smith, Johnson is here from HR to talk about body shaming, we’ll be him eating later"
3284,5412,0,3,44,47,1.0638297872340425,0.03604210867489022,683,"And before we adjourn, here is Tom again from public relations with a few friendly reminders."
2687,5412,0,3,44,47,1.0638297872340425,0.03604210867489022,683,Please join me in welcoming John to our Management Committee. This is only the first step in Hydra’s commitment to Title CM.
2997,5412,0,3,44,47,1.0638297872340425,0.03604210867489022,683,"This is John, he litigates hostile takeovers."
2966,5412,0,3,44,47,1.0638297872340425,0.03604210867489022,683,Johnson is taking lunch orders...
2925,5412,0,3,44,47,1.0638297872340425,0.03604210867489022,683,"Next, our corporate lawyer with some advice about crawling up from the slime."
2858,5412,0,3,44,47,1.0638297872340425,0.03604210867489022,683,"Yes, he looks really weird, but having his positive spirit in the group wouldn't hurt us."
2717,5412,0,3,44,47,1.0638297872340425,0.03604210867489022,683,"And let's all give a hearty ""Hi"" to Sheldon who's come a long way to join us."
2704,5412,0,3,44,47,1.0638297872340425,0.03604210867489022,683,"I know, I know.  But let's bring in a different perspective."
4160,5412,0,3,44,47,1.0638297872340425,0.03604210867489022,683,"This is John, he will help us reach our ""Diversity Hire"" quota."
2641,5412,0,3,44,47,1.0638297872340425,0.03604210867489022,683,"As an equal opportunity employer, I asked Herb from Human Resources to review our hiring protocols.”"
3142,5412,0,3,44,47,1.0638297872340425,0.03604210867489022,683,"I know its weird looking, but we've gotta be inclusive."
4187,5412,0,3,44,47,1.0638297872340425,0.03604210867489022,683,"This is Mr. Kale, he will be your first course this evening."
5628,5412,0,3,44,47,1.0638297872340425,0.03604210867489022,683,The rest of our group looks so interesting.
4325,5412,0,3,44,47,1.0638297872340425,0.03604210867489022,683,"We'll take a break, since lunch has arrived"
2600,5412,0,3,44,47,1.0638297872340425,0.03604210867489022,683,We're expecting our latest costume to sell like crazy among the four-legged demographic.
5552,5412,0,3,44,47,1.0638297872340425,0.03604210867489022,683,Who brought the freak?
5537,5412,0,3,44,47,1.0638297872340425,0.03604210867489022,683,"Looks like your wondering WHY he's here, well he would like share proper etiquette."
5517,5412,0,3,44,47,1.0638297872340425,0.03604210867489022,683,"Everyone, please make our special guest, Joe feel at home."
5379,5412,0,3,44,47,1.0638297872340425,0.03604210867489022,683,"Welcome! We have each put a personal touch to your furniture, and we are excited to hear your thoughts."
5159,5412,0,3,44,47,1.0638297872340425,0.03604210867489022,683,"To demonstrate our commitment to diversity, I’d like you all to offer a warm welcome to the newest member of our Board, Irwin."
5017,5412,0,3,44,47,1.0638297872340425,0.03604210867489022,683,"For this evening's entertainment, we have an impressionist who will lead us in ""Name That Planet."
4953,5412,0,3,44,47,1.0638297872340425,0.03604210867489022,683,"Meet Larry—he switched the labels on decaf and regular.”

Samatha McAlevy, New York, New Yor"
4906,5412,0,3,44,47,1.0638297872340425,0.03604210867489022,683,Johnson is here to clear up a few misunderstandings we've had recently about how the Human Resources Department works.
4833,5412,0,3,44,47,1.0638297872340425,0.03604210867489022,683,"For Pete's sake, Glyxx. You know the snack is for after the meeting."
4813,5412,0,3,44,47,1.0638297872340425,0.03604210867489022,683,"How rude, didn't he know this is a Black Tie Gala."
4746,5412,0,3,44,47,1.0638297872340425,0.03604210867489022,683,"You thought it was an asteroid, but it was a ruthless game of rock, paper, scissors that secured humans a top spot on the food chain."
4674,5412,0,3,44,47,1.0638297872340425,0.03604210867489022,683,The final test to see if  the ‘sensitivity training’ has seeped into our feeble brains has arrived.”
4659,5412,0,3,44,47,1.0638297872340425,0.03604210867489022,683,Art here says the studio applauds your performances.  However we're looking for more diversity.
4574,5412,0,3,44,47,1.0638297872340425,0.03604210867489022,683,"Please welcome Harry, who has been a real transformer for our company."
4521,5412,0,3,44,47,1.0638297872340425,0.03604210867489022,683,Who's up for some lunch before we review sales figures?
4390,5412,0,3,44,47,1.0638297872340425,0.03604210867489022,683,"And this is Steven, our token human."
4189,5412,0,3,44,47,1.0638297872340425,0.03604210867489022,683,"Reports of our brains’ differences seem greatly exaggerated, I vote we keep him."
2479,5412,1,1,45,47,1.0638297872340425,0.0471603962868858,683,"If we want to innovate in the lab, we have to welcome change in the C-suite! Everyone welcome our new CFO, Jay Bunning!"
4798,5412,1,1,45,47,1.0638297872340425,0.0471603962868858,683,ZooChat insists this is not a habitat—but a turkey farm.
2421,5412,0,3,44,47,1.0638297872340425,0.03604210867489022,683,Some of you may have heard that we are taking this diversity thing quite seriously.
1013,5412,0,3,44,47,1.0638297872340425,0.03604210867489022,683,"Everyone, this is Ned, our new marketing rep."
1001,5412,0,3,44,47,1.0638297872340425,0.03604210867489022,683,"Here is our new board member, John.  You will all remember his father, Uflak.  His son mutated into a sapiens of the genus Homo."
942,5412,0,3,44,47,1.0638297872340425,0.03604210867489022,683,And for dessert we’ll eat the server
886,5412,0,3,44,47,1.0638297872340425,0.03604210867489022,683,My handler here says we can work together despite our diversity.
776,5412,0,3,44,47,1.0638297872340425,0.03604210867489022,683,"Say hi to John, he is the one that our shareholders chose to be the new face of the company."
766,5412,0,3,44,47,1.0638297872340425,0.03604210867489022,683,We are going to build a wall and make The Galaxy Great Again!
733,5412,0,3,44,47,1.0638297872340425,0.03604210867489022,683,Josh is here to address the issue of appropriate attire in a workplace setting.
726,5412,0,3,44,47,1.0638297872340425,0.03604210867489022,683,Can someone get that odd-looking fellow a chair?
723,5412,0,3,44,47,1.0638297872340425,0.03604210867489022,683,"As you will come to know him, you'll notice our new board member's ideas are out of this world."
543,5412,1,1,45,47,1.0638297872340425,0.0471603962868858,683,The Academy's Science Fiction Advisory Council being briefed by a Hollywood executive on the #metoo movement
456,5412,0,3,44,47,1.0638297872340425,0.03604210867489022,683,"Please welcome Bill Jones, our new demographic consultant."
367,5412,0,3,44,47,1.0638297872340425,0.03604210867489022,683,"Bob,that 'Subway's late' excuse is starting to get old."
259,5412,0,3,44,47,1.0638297872340425,0.03604210867489022,683,I am disappointed that most of you didn't see the need to wear a costume for this year's Halloween office party.
160,5412,0,3,44,47,1.0638297872340425,0.03604210867489022,683,"Listen up, guys.  The man is here to take our orders."
25,5412,0,3,44,47,1.0638297872340425,0.03604210867489022,683,Of course the board looks alien to him after a hostile takeover.
0,5412,0,3,44,47,1.0638297872340425,0.03604210867489022,683,"I'd like you all to meet Bob, who is our new head of preservation"
2443,5412,0,3,44,47,1.0638297872340425,0.03604210867489022,683,He is from corporate’s evolution department. He has some exciting ideas on how to trim our bottom line.
1054,5412,0,3,44,47,1.0638297872340425,0.03604210867489022,683,"Does anyone second the motion to eat him, rather than accept his offer?"
1063,5412,1,1,45,47,1.0638297872340425,0.0471603962868858,683,As Chairman of the Board I am happy to report the complete success of our diversity initiative.
1040,5412,0,3,44,47,1.0638297872340425,0.03604210867489022,683,Should we boost there spirits and let them know we are not extinct?  All in favor raise your hand.
1213,5412,0,3,44,47,1.0638297872340425,0.03604210867489022,683,We’ve asked a proFLESHYional human to join us today so we can obSERVE his MEATing etiquette and learn to be on our beast behavior in the boardroom.
2409,5412,1,1,45,47,1.0638297872340425,0.0471603962868858,683,"Steve is our new marketing intern. I know he’s hideous, but try not to stare, he’s very self conscious about his looks."
2374,5412,0,3,44,47,1.0638297872340425,0.03604210867489022,683,All of those with hands or claws showing can vote on how well done we cook the chap standing to my left.
2266,5412,0,3,44,47,1.0638297872340425,0.03604210867489022,683,"Folks,  I invited Jim here to provide a warm-blooded perspective on the new diversity initiative.."
2077,5412,0,3,44,47,1.0638297872340425,0.03604210867489022,683,"Let me take a moment to comment on the success of our diversity program, as we  welcome our new board member."
2045,5412,1,1,45,47,1.0638297872340425,0.0471603962868858,683,"And here to discuss his proposal to take us public, I’m pleased to introduce Dr. Seuss!"
2018,5412,0,3,44,47,1.0638297872340425,0.03604210867489022,683,"Our attorney here says that despite our progress, we still need to do the mandated diversity training. So take it away, Steve!"
1928,5412,0,3,44,47,1.0638297872340425,0.03604210867489022,683,I want to complement you all on your costumes.  You're fired.
1212,5412,0,3,44,47,1.0638297872340425,0.03604210867489022,683,I've brought you here to discuss our future international alliance!
1796,5412,0,3,44,47,1.0638297872340425,0.03604210867489022,683,I want you to meet Ned here. HR thought we could benefit from a little more diversity.
1868,5412,0,3,44,47,1.0638297872340425,0.03604210867489022,683,Nothing irregular. We're just waiting for your security clearance.
1745,5412,1,1,45,47,1.0638297872340425,0.0471603962868858,683,"I'm sure you're wondering why I've gathered you here."" Dave addressed his inner demons"
1692,5412,0,3,44,47,1.0638297872340425,0.03604210867489022,683,Hi. My name is Finnard.  I'm excited about Reptile Recovery Group. I have self esteem issues due to my prominent head fin and suffering dry scaly skin in childhood.
1646,5412,0,3,44,47,1.0638297872340425,0.03604210867489022,683,Welcome to the Universal Politicians Meeting. You must be Greg.
1395,5412,0,3,44,47,1.0638297872340425,0.03604210867489022,683,As you know we have a diverse workforce...
1345,5412,0,3,44,47,1.0638297872340425,0.03604210867489022,683,Don’t mind how he looks....he’s good.
1255,5412,0,3,44,47,1.0638297872340425,0.03604210867489022,683,"Smiggens here, thinks the term “alien” needs to be more inclusive."
1236,5412,0,3,44,47,1.0638297872340425,0.03604210867489022,683,"We've got this, guys..  No need to call in the goon with the jacket and tie!!"
1761,5412,0,3,44,47,1.0638297872340425,0.03604210867489022,683,Lets all welcome Joe to our Casual Friday Board Meeting
4363,5493,0,3,45,48,1.0625,0.035308292679127,683,"McKronkle, here, says he can help our company by draining the swamp."
5563,5493,0,3,45,48,1.0625,0.035308292679127,683,"Hold it, guys! It was just a darn typo. This is the Save, not Savor, the Species Dinner."
5233,5493,0,3,45,48,1.0625,0.035308292679127,683,"Chuck deserves our Heavy Metal Baby Food Company promotion. Changing our name to 'Adorbs', we've gone from zero to a billion likes on Facebook."""
4710,5493,0,3,45,48,1.0625,0.035308292679127,683,"The table is solid oak, so chew it slowly."
1735,5493,0,3,45,48,1.0625,0.035308292679127,683,"Our Diversity Department has sent us Fred. Say hello and be nice to him. As a human, he is slow; but our government contracts depend on his minority presence."
2885,5493,0,3,45,48,1.0625,0.035308292679127,683,I am sorry Greta is delaying. The negotiations with the Gamma Quadrant are taking longer than expected.
1274,5493,0,3,45,48,1.0625,0.035308292679127,683,"I ordered pizza, but we got him instead."
787,5493,0,3,45,48,1.0625,0.035308292679127,683,Now I want everyone to welcome Gary from marketing...I'm sure he'll fit right in.
730,5493,0,3,45,48,1.0625,0.035308292679127,683,Say hi to Joe.... He's our diversity hire
729,5493,1,1,46,48,1.0625,0.04618658197582853,683,I’d like you all to meet our new diversity officer.
171,5493,1,1,46,48,1.0625,0.04618658197582853,683,"Ignore the unconscious human in the corner.  To get this space, I agreed to allow one in."
1629,5493,0,3,45,48,1.0625,0.035308292679127,683,Lunch is for chimps.
2597,5505,0,3,46,49,1.0612244897959184,0.03460372440370034,683,Welcome to the summit of foreign affairs.
4223,5506,0,3,48,51,1.0588235294117647,0.0332756132323081,683,"As Chairman of Kid's Science Kits, Inc., I'd like to thank you all for participating in our new CRSPR gene editing fun kit roll-out!"
4317,5507,0,2,42,44,1.0454545454545454,0.031765283723713976,683,"Gentlemen. May I introduce Mr. Steadworthy.  He's been sent to us from Human Resources (snicker, snicker)"
4267,5507,1,0,43,44,1.0454545454545454,0.04545454545454544,683,Today Jim from accounting will share the details of our most recent earnings report with the board.
4235,5507,0,2,42,44,1.0454545454545454,0.031765283723713976,683,"I would now like to introduce our new accountant, he belongs to
an up and coming species with great promise."
4159,5507,0,2,42,44,1.0454545454545454,0.031765283723713976,683,"This is Fred, our new diversity hire."
4131,5507,0,2,42,44,1.0454545454545454,0.031765283723713976,683,"We will continue this discussion of the takeover of Earth after lunch, which I see has now arrived."
4060,5507,0,2,42,44,1.0454545454545454,0.031765283723713976,683,"And now, a few words from our Diversity Officer"
4047,5507,0,2,42,44,1.0454545454545454,0.031765283723713976,683,"Ours is an inclusive club so typo or not, welcome to our newest member - George Martin"
4017,5507,0,2,42,44,1.0454545454545454,0.031765283723713976,683,Don't look now...but we may have a special treat tonight!
3804,5507,0,2,42,44,1.0454545454545454,0.031765283723713976,683,'Let's give a hand to our new Director of  Animal Resources'
3877,5507,0,2,42,44,1.0454545454545454,0.031765283723713976,683,"Lunch will be served at 12.30, are there any special dietary requests?"""
5663,5507,0,2,42,44,1.0454545454545454,0.031765283723713976,683,Soooo...we all agree on sushi takeout?
4490,5507,0,2,42,44,1.0454545454545454,0.031765283723713976,683,As part of our new inclusive program let me introduce an earthling.
3748,5507,0,2,42,44,1.0454545454545454,0.031765283723713976,683,"And for providing us with our latest tax exemptions, I'd like to thank the weasels."
3684,5507,0,2,42,44,1.0454545454545454,0.031765283723713976,683,Please welcome our new token human!
3679,5507,0,2,42,44,1.0454545454545454,0.031765283723713976,683,He says that everyone wears them on his planet.
3651,5507,0,2,42,44,1.0454545454545454,0.031765283723713976,683,Please welcome our new C.E.O..
3626,5507,0,2,42,44,1.0454545454545454,0.031765283723713976,683,This is not STAR WARS! Get real!
3621,5507,0,2,42,44,1.0454545454545454,0.031765283723713976,683,"Please tell my new assistant your meal restrictions, so we can decide if we'll order lunch or send him hunting."
4005,5507,0,2,42,44,1.0454545454545454,0.031765283723713976,683,I've invited Jerry to offer us a different perspective and then he will stay for lunch.
4516,5507,0,2,42,44,1.0454545454545454,0.031765283723713976,683,The good news is we're only laying off Earth people.
4954,5507,0,2,42,44,1.0454545454545454,0.031765283723713976,683,"Guys, this is Bob. Bob is going to bring us up to speed on gender relations in the workplace."
4755,5507,0,2,42,44,1.0454545454545454,0.031765283723713976,683,"Is there an elephant in the room.”
Janet Hillel, New York, N"
3295,5507,0,2,42,44,1.0454545454545454,0.031765283723713976,683,"Allright, everyone. I've had a little lunch sent in, so if you want to take a few minutes with that, then we'll continue our agenda."
5629,5507,0,2,42,44,1.0454545454545454,0.031765283723713976,683,"Our first diversity candidate is Mr. William Fox of Stamford, Connecticut."
5627,5507,0,2,42,44,1.0454545454545454,0.031765283723713976,683,That’s two votes for a finance briefing and five for lunch.
5595,5507,0,2,42,44,1.0454545454545454,0.031765283723713976,683,He's going to help us think outside the box.
5556,5507,1,0,43,44,1.0454545454545454,0.04545454545454544,683,"It's lunch time!  Tell the waiter to bring in some more humans,preferably lightly seasoned!"
5533,5507,0,2,42,44,1.0454545454545454,0.031765283723713976,683,Congratulations to everyone on meeting our organization's diversity goals.
5512,5507,0,2,42,44,1.0454545454545454,0.031765283723713976,683,We're here to consider Wallace as a diversity presence on our board.
5506,5507,0,2,42,44,1.0454545454545454,0.031765283723713976,683,UGH the weird guy from accounting wants to say something”.
4629,5507,0,2,42,44,1.0454545454545454,0.031765283723713976,683,"Everyone, lets all welcome Pete to the Federal Department of Genetic Splicing."
5422,5507,0,2,42,44,1.0454545454545454,0.031765283723713976,683,Mr. Smith here apparently didn't get the memo that Casual Friday is still a thing!
5355,5507,0,2,42,44,1.0454545454545454,0.031765283723713976,683,"So, do we let the human join?"
5302,5507,0,2,42,44,1.0454545454545454,0.031765283723713976,683,"Everyone, meet our new diversity employee and give it a warm ooga-booga."
5246,5507,0,2,42,44,1.0454545454545454,0.031765283723713976,683,"Let's hear Mr. Ryan's ideas for improving our brand, then we'll—have him for lunch."
5239,5507,0,2,42,44,1.0454545454545454,0.031765283723713976,683,Another meeting that could have been an intergalactic radio wave.
5215,5507,0,2,42,44,1.0454545454545454,0.031765283723713976,683,He looks a little strange.  Don't you think?
5077,5507,0,2,42,44,1.0454545454545454,0.031765283723713976,683,Smithers from HR will discuss sensitivity training for you oddballs
5042,5507,0,2,42,44,1.0454545454545454,0.031765283723713976,683,"Please join me in giving a warm welcome to Felix, he’ll be leading our diversity training today."
4825,5507,0,2,42,44,1.0454545454545454,0.031765283723713976,683,"Okay, lets talk about what we practiced last week."
5391,5507,0,2,42,44,1.0454545454545454,0.031765283723713976,683,Why are we still dressed as the Trump administration if Halloween is over?
3061,5507,0,2,42,44,1.0454545454545454,0.031765283723713976,683,"Thank you everyone for your continued support of Libra. I know that there have been mixed reviews of the hearings, but rest assured that if Alexandra Ocasio-Cortez visits on Halloween she will most certainly not be getting a treat!"
3857,5507,0,2,42,44,1.0454545454545454,0.031765283723713976,683,You just had to call this Aliens Anonymous... geeze! Now we have to eat another human!
2926,5507,0,2,42,44,1.0454545454545454,0.031765283723713976,683,"Hey everyone, this is Norm. Do your best to make him feel part of the team. That does not include predation."
1451,5507,0,2,42,44,1.0454545454545454,0.031765283723713976,683,"Yes, we can use Webex next time."
1151,5507,0,2,42,44,1.0454545454545454,0.031765283723713976,683,New manager or dinner?  You make the call.
1099,5507,0,2,42,44,1.0454545454545454,0.031765283723713976,683,Here’s the latest species to evolve.  It appears harmless; so let’s welcome it!
1057,5507,0,2,42,44,1.0454545454545454,0.031765283723713976,683,I'm here to make sure this meeting is not a zoo!
996,5507,0,2,42,44,1.0454545454545454,0.031765283723713976,683,Who the Hell this alien is?
989,5507,0,2,42,44,1.0454545454545454,0.031765283723713976,683,Gerald's imagination created us 35 years ago. And now we finally get to eat him!
895,5507,0,2,42,44,1.0454545454545454,0.031765283723713976,683,"'Everyone, this is Doug. He'll be joining us as lunch today.'"
841,5507,0,2,42,44,1.0454545454545454,0.031765283723713976,683,"Team, this is Todd. At his last company, he was described as an ""HR nightmare"", so he's sure to fit in quickly."
1463,5507,0,2,42,44,1.0454545454545454,0.031765283723713976,683,I say the only thing this meeting in this meeting is an ice cold pitcher of white wine sangria.
810,5507,0,2,42,44,1.0454545454545454,0.031765283723713976,683,"Everyone say, ""Hello"" to Larry Winsmore. Larry's the consultant who'll be handling our ""infestation"" problem."
669,5507,0,2,42,44,1.0454545454545454,0.031765283723713976,683,Chuck has an idea how we can break into the meatless meat market.
568,5507,0,2,42,44,1.0454545454545454,0.031765283723713976,683,"Hey, is this meeting about the 'Monster Mash'?"
447,5507,0,2,42,44,1.0454545454545454,0.031765283723713976,683,Marketing wants to know if they got the packaging right.
346,5507,0,2,42,44,1.0454545454545454,0.031765283723713976,683,Isn't that the best human suit you've ever seen at a monster-reveal party?
201,5507,0,2,42,44,1.0454545454545454,0.031765283723713976,683,I know he looks a little strange but please welcome our new head of personnel.
39,5507,0,2,42,44,1.0454545454545454,0.031765283723713976,683,Cthulhu decided to cosplay as Victim No. 1.
7,5507,0,2,42,44,1.0454545454545454,0.031765283723713976,683,"Halloween party planning? Nah, we’re venting our ire at the gutting of EPA  protections."
2968,5507,0,2,42,44,1.0454545454545454,0.031765283723713976,683,"Arthur here, on my left, has questions."
756,5507,0,2,42,44,1.0454545454545454,0.031765283723713976,683,"Let's welcome Tim, the newest member of the Diversity Committee."
1499,5507,0,2,42,44,1.0454545454545454,0.031765283723713976,683,At least we won’t have to worry about any sexual harassment suits with this one.
1050,5507,0,2,42,44,1.0454545454545454,0.031765283723713976,683,"Even though Stingray did kill that cocksucker Steve Irwin, you don't fuck my family. Any of you motherfuckers try and fuck my wife, or my sister, or my mom, or my girlfriend again, and I'll shove Aquaman's trident straight up your pooper."
1624,5507,0,2,42,44,1.0454545454545454,0.031765283723713976,683,Please welcome the last nerdy white guy from the Milky Way!
2905,5507,0,2,42,44,1.0454545454545454,0.031765283723713976,683,"I keep telling them, our board of directors will take care of our sustainability agenda, they’re no monsters."
2889,5507,0,2,42,44,1.0454545454545454,0.031765283723713976,683,"I would like to convene this meeting of the Inter-galactic Species Society. A tasty snack, to my left, will be forthcoming."
2867,5507,0,2,42,44,1.0454545454545454,0.031765283723713976,683,This is an example of our latest discovered mammal. Notice his unusual hide!
1546,5507,0,2,42,44,1.0454545454545454,0.031765283723713976,683,"Please let me show you proof that human's were right, they can't evolve."
2614,5507,0,2,42,44,1.0454545454545454,0.031765283723713976,683,Meet the firm's new partner...a little seasoning and he'll fit right in.
2586,5507,0,2,42,44,1.0454545454545454,0.031765283723713976,683,I forgot it was casual Friday!
2543,5507,0,2,42,44,1.0454545454545454,0.031765283723713976,683,Greg advises that we need liability insurance for the Monster Mash.
2441,5507,0,2,42,44,1.0454545454545454,0.031765283723713976,683,"And here you have our recommendation for the entree, all dressed and ready for consumption."
2370,5507,0,2,42,44,1.0454545454545454,0.031765283723713976,683,"I'd like to extend a warm welcome to our newest associate, Steve."
2644,5507,0,2,42,44,1.0454545454545454,0.031765283723713976,683,May I sit down?
2117,5507,0,2,42,44,1.0454545454545454,0.031765283723713976,683,"Ok. So that’s one X-Large with pepperoni and two Medium, cheese only. Anything to slurp?"
2105,5507,0,2,42,44,1.0454545454545454,0.031765283723713976,683,Diversity remains our top priority.
1939,5507,0,2,42,44,1.0454545454545454,0.031765283723713976,683,You forgot to tell us it was a costume party.
1929,5507,0,2,42,44,1.0454545454545454,0.031765283723713976,683,So how do you think this candidate will fit in on our team?
1704,5507,0,2,42,44,1.0454545454545454,0.031765283723713976,683,Rick will now introduce our new dress code policy.
1873,5507,0,2,42,44,1.0454545454545454,0.031765283723713976,683,I'm pleased to introduce our new Foreign Ambassador to planet Earth.
1871,5507,0,2,42,44,1.0454545454545454,0.031765283723713976,683,"Thanks to all of you for attending this initial meeting of Diversity, Inc."
1715,5507,0,2,42,44,1.0454545454545454,0.031765283723713976,683,The aye's have it. We'll reconvene after a quick break for lunch.
2293,5507,0,2,42,44,1.0454545454545454,0.031765283723713976,683,I propose that we stop using the offensive term ‘aliens’ and start referring to ourselves as ‘beamers’.
1942,5592,0,2,43,45,1.0444444444444445,0.031067790907534747,683,"Now, now, let's not forget that we concluded that diversity needs to be more than a mere concept. . . ."
1925,5592,0,2,43,45,1.0444444444444445,0.031067790907534747,683,"Guys, meet Larry from accounting."
1009,5592,0,2,43,45,1.0444444444444445,0.031067790907534747,683,One of us seems uninvited.  Guess who?
513,5592,0,2,43,45,1.0444444444444445,0.031067790907534747,683,"Marco here will be starting his position on the Board, in the seat set aside for nebbishes."
604,5596,0,2,44,46,1.0434782608695652,0.030400256468700027,683,I wanted to congratulate our Monster of the Month: the guy who invented asking people about their weekend plans.
800,5596,0,2,44,46,1.0434782608695652,0.030400256468700027,683,"Here comes the guy from CAA again. I don't care how ""Special"" you are, if there isn't a back-end, don't sign."
999,5596,0,2,44,46,1.0434782608695652,0.030400256468700027,683,"Edgar, here, is our new rep from the Spacearium."
1592,5596,0,2,44,46,1.0434782608695652,0.030400256468700027,683,It's unanimous. The universe has spoken.
2850,5596,0,2,44,46,1.0434782608695652,0.030400256468700027,683,"See, nothing to be afraid of!"
4170,5596,0,2,44,46,1.0434782608695652,0.030400256468700027,683,"And lastly, Ted from Human Resources is here to talk to us all about harassment in the workplace."
5134,5602,0,2,45,47,1.0425531914893618,0.029760791752350448,683,"Why yes, Harold, it is a  lunch meeting."
4680,5602,0,2,45,47,1.0425531914893618,0.029760791752350448,683,"Everyone, meet our new team member Joe. He is the latest example of our company's policy of leveraging diversity to help achieve a more well-rounded predation business model."
3703,5602,0,2,45,47,1.0425531914893618,0.029760791752350448,683,Clean up your act! This pace looks like a zoo.
4975,5602,0,2,45,47,1.0425531914893618,0.029760791752350448,683,"This is Jeff, he's temporary head of P.R. in till Casper gets back."
2605,5602,0,2,45,47,1.0425531914893618,0.029760791752350448,683,"CEO decided to install AI board members to help make more informed decisions.""
""But...""
""Yeah, I know, please don't tell him A doesn't stand for Animal."""
1886,5602,0,2,45,47,1.0425531914893618,0.029760791752350448,683,"Let's call this board meeting to order. I would like to introduce Bob Smithers, our new VP of Human Resources and I would appreciate it if you all refrain from eating him."
2855,5602,0,2,45,47,1.0425531914893618,0.029760791752350448,683,"I would like to introduce Bob, our new Diversity, Equity, and Inclusion Officer."
3430,5609,0,2,46,48,1.0416666666666667,0.029147663515556005,683,"So basically is this simple,you have to build a wall and you have to pay for it!"
4126,5609,0,2,46,48,1.0416666666666667,0.029147663515556005,683,"As you know, this firm has an unwavering commitment to diversity."
4737,5611,0,2,47,49,1.0408163265306123,0.028559278271677983,683,This group is lacking focus
3115,5612,0,2,48,50,1.04,0.02799416848895062,683,"All in favor of the montion to abandon our No Eating Humans Policy, say ""I."""
3662,5613,0,1,39,40,1.025,0.025318484177091666,683,We hired Larry here to help with our DEI issues.
3680,5613,0,1,39,40,1.025,0.025318484177091666,683,He wants to know how many want cheese on their burger.
3987,5613,0,1,39,40,1.025,0.025318484177091666,683,"Should we order an appetizer, or just eat the waiter?"
4068,5613,0,1,39,40,1.025,0.025318484177091666,683,I call the meeting for The Swamp Board of Trustees to order.  Is there an Agenda?
4249,5613,0,1,39,40,1.025,0.025318484177091666,683,"Edgar is from earth; let's all say ""Hi Edgar!"" to welcome him."
4251,5613,0,1,39,40,1.025,0.025318484177091666,683,"Thag, did you PostMate enough for everybody?"
4599,5613,0,1,39,40,1.025,0.025318484177091666,683,"My plan is we add 19 more creepos, and we name each other with a different letter of the alphabet.”"
4549,5613,0,1,39,40,1.025,0.025318484177091666,683,"Please welcome the new member of our team, who comes uniquely qualified to head our new affirmative action program."
3541,5613,0,1,39,40,1.025,0.025318484177091666,683,This is Mr. Ginsburg from HR.  He wants to present our new diversity program to the Board.
5070,5613,0,1,39,40,1.025,0.025318484177091666,683,"Bob, did you invite this cheesehead? I told you that there aren’t  any unaccompanied humans allowed!"
5180,5613,0,1,39,40,1.025,0.025318484177091666,683,We’ve hired Dave here.  Our diversity department felt we were a little light on omnivores.
5235,5613,0,1,39,40,1.025,0.025318484177091666,683,Now everyone remember your non-diversity training and say hi to our new colleague Bob!
5263,5613,0,1,39,40,1.025,0.025318484177091666,683,Mike here from marketing is going to take us through our over-65 campaign.
5602,5613,0,1,39,40,1.025,0.025318484177091666,683,Let's be patient as Joe adjusts to our corporate climate.
4472,5613,0,1,39,40,1.025,0.025318484177091666,683,"Say 'hi' to Larry, our new Chief of Staff."
3474,5613,0,1,39,40,1.025,0.025318484177091666,683,Say hi to Herb.  He is taking the delectable board seat.
4011,5613,0,1,39,40,1.025,0.025318484177091666,683,"A core principle of our committee is ""Assume positive intentions""."
3204,5613,0,1,39,40,1.025,0.025318484177091666,683,"So Wallace, tell us about this 'elephant in the room' of yours."
5,5613,0,1,39,40,1.025,0.025318484177091666,683,Today we're taking diversity to a new level.
54,5613,0,1,39,40,1.025,0.025318484177091666,683,"one of you has to be let go to make room for the human.  something about ""equal opportunity"" and labor laws"
664,5613,0,1,39,40,1.025,0.025318484177091666,683,what is that strange thing standing in the corner?
668,5613,0,1,39,40,1.025,0.025318484177091666,683,This is Todd from HR. He has a few items for today’s staff meeting.
1028,5613,0,1,39,40,1.025,0.025318484177091666,683,I suggest we don't eat our prototype until he's in production.
1051,5613,0,1,39,40,1.025,0.025318484177091666,683,May THE FORCE be with you!
1081,5613,0,1,39,40,1.025,0.025318484177091666,683,"Oh good, lunch arrived."
1158,5613,0,1,39,40,1.025,0.025318484177091666,683,"Everyone, I am pleased to announce that the Board of the San Francisco zoo has now embraced ""participatory democracy."""
1362,5613,0,1,39,40,1.025,0.025318484177091666,683,"I'd like you all to welcome Timothy.
Tim is going to discuss the new Office Dress Code."
1464,5613,0,1,39,40,1.025,0.025318484177091666,683,"Gentlemen, it's not a diversity issue, just please stop eating the clients."
1926,5613,0,1,39,40,1.025,0.025318484177091666,683,"Don't you just love our ""Casual Friday"" cabinet meetings?"
2310,5613,0,1,39,40,1.025,0.025318484177091666,683,"This is Edgar, our new dance master, who will help us prepare for our debut in Dancing with the Stars"
2344,5613,0,1,39,40,1.025,0.025318484177091666,683,"Yes, some of our diversity directives freak me out."
2690,5613,0,1,39,40,1.025,0.025318484177091666,683,"The Board identified the need for a Diversity consultant, and I'm excited to introduce Bryan."
2996,5613,0,1,39,40,1.025,0.025318484177091666,683,This quarter we made more money than we could ever possibly want given the smaller brains we have.
3301,5613,0,1,39,40,1.025,0.025318484177091666,683,"Guys, this is Paul. Paul this is our Halloween product testing staff."
5165,5647,0,1,40,41,1.024390243902439,0.02469323991623974,683,"Welcome to the Nightmare Club’s annual symposium on scare tactics, Mr. Divorce Attorney."
4385,5647,0,1,40,41,1.024390243902439,0.02469323991623974,683,"Given that all of us are monsters, can we come up with a program that will attract normal people?"
2564,5649,0,1,41,42,1.0238095238095237,0.024098134635593994,683,Our primary objective should be inclusivity.
3332,5649,0,1,41,42,1.0238095238095237,0.024098134635593994,683,I'm not giving my seat to that weirdo.
3671,5651,0,1,42,43,1.0232558139534884,0.023531040266750583,683,"Please allow me to introduce our new consultant, Brad, sent down by corporate. Now I know what you’re all thinking but he’s not as scary as he may seem."
5341,5651,0,1,42,43,1.0232558139534884,0.023531040266750583,683,Charles here will answer questions on the new Human Resources policy.
1080,5653,0,1,44,45,1.0222222222222221,0.022473328748774737,683,"It is time for you to sacrifice, the needs of the many outweigh the needs of the few."
1621,5653,0,1,44,45,1.0222222222222221,0.022473328748774737,683,"Hey,which of you yahoos neglected to notify Herb that Friday meetings would not only be casual,but also zany?"
2527,5653,0,1,44,45,1.0222222222222221,0.022473328748774737,683,This is John from H.R. He's here because of complaints that managers are behaving like monsters.
2982,5653,0,1,44,45,1.0222222222222221,0.022473328748774737,683,Pay no attention to the lone voice in this wilderness.
2169,5657,0,1,45,46,1.0217391304347827,0.021979349113192898,683,"Here comes Freak, hiding his pink underbelly under fake skin & necktie!"
4397,5657,0,1,45,46,1.0217391304347827,0.021979349113192898,683,And now I’d like to introduce our new intern Larry Kowalski.  Larry is the winner of this year’s NIH Mental Health Essay Contest.
5434,5657,0,1,45,46,1.0217391304347827,0.021979349113192898,683,"Due to our disappointing earnings report, they'll be no Seuss for you this quarter."
1033,5660,0,1,46,47,1.0212765957446808,0.021506619680967013,683,Here comes that weird lookin' guy from personnel
5323,5660,0,1,46,47,1.0212765957446808,0.021506619680967013,683,This is the kind of Board of Directors I want for running our company.
1547,5662,0,0,38,38,1.0,0.02666903735313325,683,"This is Victor, he is here to present the Sexual Harassment and Workplace Diversity Training."
2502,5662,0,0,37,37,1.0,0.02739983121755955,683,"he is tame, he just looks frightening"
5450,5662,0,0,38,38,1.0,0.02666903735313325,683,"Brian has never been on an intergalactic panel before but he’s white and middle aged, so he should be perfect."
